Scenarios/Global_Grid/data/country_data_population_distribution/processed/density_grids/arg.asc
ncols 489
nrows 821
xllcorner -73
yllcorner -55
[rows 35 to 69 of 821, columns 156 to 233 of 489]
0 0 0 0 0 0 0 0 0 0 0 0 0 0 0.4644265 0.4032926 0.4032926 0.4032926 0.4032926 0.4032926 0.4032926 0.4032926 0.4032926 0.4032926 0.4032926 0.4032926 0.4032926 0.4032926 0.4032926 0.4032926 0.4032926 0.4032926 0.4032926 0.4032926 1.443963 1.792645 1.792645 1.792645 1.792645 1.792645 1.792645 1.792645 1.792645 1.792645 1.792645 1.792645 3.031229 4.821591 4.821591 4.821591 4.821591 4.821591 4.821591 4.821591 4.821591 4.821591 4.821591 4.821591 4.821591 4.821591 4.237182 2.375461 2.322342 6.92818 13.46215 13.46215 13.46215 13.46215 13.46215 13.46215 13.46215 13.46215 13.46215 13.46215 13.46215 13.46215 13.46215 13.46215
0 0 0 0 0 0 0 0 0 0 0 0 0 0 0.4034502 0.4032926 0.4032926 0.4032926 0.4032926 0.4032926 0.4032926 0.4032926 0.4032926 0.4032926 0.4032926 0.4032926 0.4032926 0.4032926 0.4032926 0.4032926 0.4032926 0.4032926 0.4032926 0.4032926 1.684446 1.792645 1.792645 1.792645 1.792645 1.792645 1.792645 1.792645 1.792645 1.792645 1.792645 1.792645 3.256243 4.821591 4.821591 4.821591 4.821591 6.267312 6.232766 5.802831 4.899384 4.821591 4.821591 4.821591 4.821591 4.687616 2.611228 2.322342 2.322342 3.060018 6.954373 12.98621 13.46215 13.46215 13.46215 13.46215 13.46215 13.46215 13.46215 13.46215 13.46215 13.46215 13.46215 13.46215
0 0 0 0 0 0 0 0 0 0 0 0 0 0 0.4032926 0.4032926 0.4032926 0.4032926 0.4032926 0.4032926 0.4032926 0.4032926 0.4032926 0.4032926 0.4032926 0.4032926 0.4032926 0.4032926 0.4032926 0.4032926 0.4032926 0.4032926 0.4032926 0.4032926 1.762322 1.792645 1.792645 1.792645 1.792645 1.792645 1.792645 1.792645 1.792645 1.792645 1.792645 1.792645 3.248291 3.840105 3.41856 4.650623 4.821591 5.903868 7.408142 7.408142 6.761011 5.807301 5.128191 5.033462 6.329008 6.973154 3.417196 2.322342 2.322342 2.322342 2.322342 5.714258 13.46215 13.46215 13.46215 13.46215 13.46215 13.46215 13.46215 13.46215 13.46215 13.46215 13.46215 13.46215
0 0 0 0 0 0 0 0 0 0 0 0 0 0.4815415 0.4032926 0.4032926 0.4032926 0.4032926 0.4032926 0.4032926 0.4032926 0.4032926 0.4032926 0.4032926 0.4032926 0.4032926 0.4032926 0.4032926 0.4032926 0.4032926 0.4032926 0.4032926 0.4032926 0.4035917 1.051329 1.101199 1.35539 1.73318 1.792645 1.792645 1.792645 1.792645 1.792645 1.744718 1.71029 1.604959 1.971792 1.312081 1.312081 2.047622 4.707292 5.866262 7.408143 7.408143 7.408143 7.408143 7.408143 7.408143 7.408143 7.408143 6.33732 2.322342 2.322342 2.322342 2.322342 2.583027 10.25979 13.46215 13.46215 13.46215 13.46215 13.46215 13.46215 13.46215 13.46215 13.46215 13.46215 13.46215
0 0 0 0 0 0 0 0 0 0 0 0 0 0.4051741 0.4032926 0.4032926 0.4032926 0.4032926 0.4032926 0.4032926 0.4032926 0.4032926 0.4032926 0.4032926 0.4032926 0.4032926 0.4032926 0.4032926 0.4032926 0.4032926 0.4032926 0.4032926 0.4032926 0.407497 0.4151659 0.4151659 0.4151659 0.5593649 1.368003 1.791042 1.792645 1.792645 1.792645 1.544238 1.312081 1.312081 1.312081 1.312081 1.312081 1.312081 2.145576 5.40763 7.408142 7.408142 7.408142 7.408142 7.408142 7.408142 7.408142 7.408142 5.106093 2.322342 2.322342 2.322342 2.322342 2.322342 4.073781 11.84483 13.46214 13.46215 13.91966 16.73235 13.50705 13.46215 13.46215 13.46215 13.46214 13.46215
0 0 0 0 0 0 0 0 0 0 0 0 0 0.4032926 0.4032926 0.4032926 0.4032926 0.4032926 0.4032926 0.4032926 0.4032926 0.4032926 0.4032926 0.4032926 0.4032926 0.4032926 0.4032926 0.4032926 0.4032926 0.4032926 0.4032926 0.4032926 0.4032926 0.4115902 0.4151659 0.415166 0.4151659 0.415166 0.4151659 0.9666753 1.792645 1.792645 1.792645 1.569498 1.312081 1.312081 1.312081 1.312081 1.312081 1.312081 2.285683 7.224971 7.408143 7.408143 7.408142 7.408143 7.408143 7.408143 7.408143 7.408142 4.09609 2.322342 2.322342 2.322342 2.322342 2.322342 2.322342 19.61933 20.5834 22.25356 28.62361 30.89294 24.16262 17.02049 13.46215 13.46215 13.46215 13.46215
0 0 0 0 0 0 0 0 0 0 0 0 0.4922049 0.4032926 0.4032926 0.4032926 0.4032926 0.4032926 0.4032926 0.4032926 0.4032926 0.4032926 0.4032926 0.4032926 0.4032926 0.4032926 0.4032926 0.4032926 0.4032926 0.4032926 0.4032926 0.4032926 0.4046917 0.4146278 0.4151659 0.415166 0.4151659 0.415166 0.4151659 0.4493677 1.792645 1.792645 1.792645 1.502942 1.312081 1.312081 1.312081 1.312081 1.312081 1.312081 3.157553 7.368127 7.408142 7.408142 7.408142 7.408143 7.408142 7.408143 7.408142 7.408142 6.628881 2.567923 2.322342 2.322342 2.322342 2.322342 2.757469 28.08004 30.89295 30.89294 30.89294 30.89294 30.89295 30.76185 27.88755 16.70919 13.46215 13.46215
0 0 0 0 0 0 0 0 0 0 0 0 0.4068538 0.4032926 0.4032926 0.4032926 0.4032926 0.4032926 0.4032926 0.4032926 0.4032926 0.4032926 0.4032926 0.4032926 0.4032926 0.4032926 0.4032926 0.4032926 0.4032926 0.4032926 0.4032926 0.4032926 0.4072641 0.4151659 0.415166 0.4151659 0.415166 0.4151659 0.415166 0.451874 1.792645 1.792645 1.71751 1.322616 1.312081 1.312081 1.312081 1.312081 1.312081 1.312081 1.312081 3.363154 7.403396 7.408142 7.408142 7.408142 7.408142 7.408142 7.408142 7.408142 7.408142 5.205917 2.322342 2.322342 2.322342 2.322342 6.043451 27.13435 30.89294 30.89294 30.89294 30.89294 30.89294 30.89294 30.89294 29.04445 15.28719 13.46215
0 0 0 0 0 0 0 0 0 0 0 0 0.4032926 0.4032926 0.4032926 0.4032926 0.4032926 0.4032926 0.4032926 0.4032926 0.4032926 0.4032926 0.4032926 0.4032926 0.4032926 0.4032926 0.4032926 0.4032926 0.4032926 0.4032926 0.4032926 0.4032926 0.4101504 0.4151659 0.415166 0.4151659 0.415166 0.415166 0.415166 0.4584907 1.792645 1.762435 1.427973 1.312081 1.312081 1.312081 1.312081 1.312081 1.312081 1.312081 1.312081 1.383476 7.348986 7.408143 7.408142 7.408143 7.408142 7.408143 7.408143 7.408142 7.408143 7.299616 3.562734 2.322342 2.322342 2.322342 14.46468 30.89294 30.89294 30.89294 30.89294 30.89294 30.89294 30.89294 30.89294 30.89294 25.51119 13.46458
0 0 0 0 0 0 0 0 0 0 0 0.4923978 0.4032926 0.4032926 0.4032926 0.4032926 0.4032926 0.4032926 0.4032926 0.4032926 0.4032926 0.4032926 0.4032926 0.4032926 0.4032926 0.4032926 0.4032926 0.4032926 0.4032926 0.4032926 0.4032926 0.4032926 0.413794 0.415166 0.4151659 0.415166 0.415166 0.415166 0.415166 0.464044 1.642479 1.363104 1.312081 1.312081 1.312081 1.312081 1.312081 1.312081 1.312081 1.312081 1.312081 1.89646 7.408142 7.408142 7.408142 7.408142 7.408142 7.408142 7.408142 7.408142 7.408142 7.408142 6.779543 2.560332 2.322342 2.322342 16.84941 30.89294 30.89294 30.89294 30.89294 30.89294 30.89294 30.89294 30.89294 30.89294 30.89294 13.51636
0 0 0 0 0 0 0 0 0 0 0 0.4068871 0.4032926 0.4032926 0.4032926 0.4032926 0.4032926 0.4032926 0.4032926 0.4032926 0.4032926 0.4032926 0.4032926 0.4032926 0.4032926 0.4032926 0.4032926 0.4032926 0.4032926 0.4032926 0.4032926 0.4034926 0.414157 0.415166 0.415166 0.415166 0.4151659 0.4151659 0.4151659 0.4542474 1.312081 1.312081 1.312081 1.312081 1.312081 1.312081 1.312081 1.312081 1.312081 1.312081 1.312081 1.594808 4.110146 5.724255 3.308979 5.841821 7.408142 7.408142 7.408142 7.408142 7.408142 7.408142 7.408142 12.33402 5.446704 13.67742 30.61846 30.89294 30.89294 30.89294 30.89294 30.89294 30.89294 30.89294 30.89294 27.95292 12.0587 4.104293
0 0 0 0 0 0 0 0 0 0 0 0.3062499 0.3964488 0.4032926 0.4032926 0.4032926 0.4032926 0.4032926 0.4032926 0.4032926 0.4032926 0.4032926 0.4032926 0.4032926 0.4032926 0.4032926 0.4032926 0.4032926 0.4032926 0.4032926 0.4032926 0.4054649 0.4151659 0.4151659 0.415166 0.4151659 0.4151659 0.4151659 0.4151659 0.4710446 1.312081 1.312081 1.312081 1.312081 1.312081 1.312081 1.312081 1.312081 1.312081 1.312081 1.312081 1.312081 1.312081 1.312081 1.312081 5.723748 7.408143 7.408143 7.408142 7.408143 7.408143 7.408143 11.56569 30.50278 30.11343 28.31772 30.89294 30.89294 30.89294 30.89294 30.89294 30.89294 30.89294 30.89294 21.25629 4.510041 4.104293 4.104293
0 0 0 0 0 0 0 0 0 0 0.4011979 0.2554878 0.2801986 0.3805424 0.4032926 0.4032926 0.4032926 0.4032926 0.4032926 0.4032926 0.4032926 0.4032926 0.4032926 0.4032926 0.4032926 0.4032926 0.4032926 0.4032926 0.4032926 0.4032926 0.4032926 0.4076007 0.415166 0.4151659 0.415166 0.4151659 0.415166 0.4151659 0.415166 0.8075978 1.312081 1.312081 1.312081 1.312081 1.312081 1.312081 1.312081 1.312081 1.312081 1.312081 1.312081 1.312081 1.312081 1.312081 1.312081 5.192426 7.36774 7.408142 7.408142 7.408142 8.476386 9.379501 27.86474 30.89294 30.89294 30.89294 30.89294 30.89294 30.89294 30.89294 30.89294 30.89294 30.89294 30.89294 11.05633 4.104293 4.104293 4.104293
0 0 0 0 0 0 0 0 0 0 0.2706375 0.2554878 0.2554878 0.2634243 0.355359 0.4032926 0.4032926 0.4032926 0.4032926 0.4032926 0.4032926 0.4032926 0.4032926 0.4032926 0.4032926 0.4032926 0.4032926 0.4032926 0.4032926 0.4032926 0.4032926 0.4070946 0.415166 0.4151659 0.415166 0.4151659 0.415166 0.4151659 0.6465855 1.309803 1.312081 1.312081 1.312081 1.312081 1.312081 1.312081 1.312081 1.312081 1.312081 1.312081 1.312081 1.312081 1.312081 1.312081 1.312081 1.312081 2.473188 4.912248 5.448987 17.85168 29.93833 27.28368 30.89294 30.89294 30.89294 30.89294 30.89294 30.89294 30.89294 30.89294 30.89294 30.89294 30.89294 22.46494 4.147986 4.104293 4.104293 4.104293
0 0 0 0 0 0 0 0 0 0 0.2554878 0.2554878 0.2554878 0.2554878 0.2559278 0.3248437 0.4032926 0.4032926 0.4032926 0.4032926 0.4032926 0.4032926 0.4032926 0.4032926 0.4032926 0.4032926 0.4032926 0.4032926 0.4032926 0.4032926 0.4032926 0.4071939 0.4151659 0.415166 0.4151659 0.415166 0.4151659 0.415166 0.9269038 1.312081 1.312081 1.312081 1.312081 1.312081 1.312081 1.312081 1.312081 1.312081 1.312081 1.312081 1.312081 1.312081 1.312081 1.312081 1.312081 1.312081 1.312081 1.312081 1.312081 17.27901 35.90676 30.89294 30.89295 30.89294 30.89295 30.89294 30.89295 30.89294 30.89295 30.89294 30.89295 30.89294 29.00353 7.834247 4.104293 4.104293 4.104293 4.104293
0 0 0 0 0 0 0 0 0 0.4329059 0.2554878 0.2554878 0.2554878 0.2554878 0.2554878 0.255505 0.3831426 0.4032926 0.4032926 0.4032926 0.4032926 0.4032926 0.4032926 0.4032926 0.4032926 0.4032926 0.4032926 0.4032926 0.4032926 0.4032926 0.4032926 0.3861196 0.4131296 0.415166 0.415166 0.415166 0.415166 0.415166 0.5689452 1.268255 1.312081 1.312081 1.312081 1.312081 1.312081 1.312081 1.312081 1.312081 45.14269 49.8521 6.301456 1.312081 1.312081 1.312081 1.312081 1.312081 1.312081 1.312081 20.22179 116.5 95.94788 30.89294 30.89294 30.89294 30.89294 30.89294 30.89294 30.89294 30.89294 30.89294 30.89294 30.89294 16.10748 4.104293 4.104293 4.104293 4.104293 4.104293
0 0 0 0 0 0 0 0 0 0.2846612 0.2554878 0.2554878 0.2554878 0.2554878 0.2554878 0.2554878 0.355018 0.4032926 0.4032926 0.4032926 0.4032926 0.4032926 0.4032926 0.4032926 0.4032926 0.4032926 0.4032926 0.4032926 0.4032926 0.4032926 0.4032926 0.2943524 0.2847416 0.3758356 0.415166 0.415166 0.415166 0.415166 0.415166 0.9898127 1.312081 1.312081 1.312081 1.312081 1.312081 1.312081 1.312081 3.400246 127.0795 146.1084 81.79522 3.413435 1.312081 1.312081 88.10323 132.4282 80.94415 94.89449 136.3737 146.1084 134.1043 40.56343 30.89294 30.89294 30.89294 30.89294 30.89294 30.89294 30.89294 30.89294 30.89294 30.89172 10.24951 4.104293 4.104293 4.104293 4.104293 4.104293
0 0 0 0 0 0 0 0 0 0.2554878 0.2554878 0.2554878 0.2554878 0.2554878 0.2554878 0.2554878 0.2582884 0.3283706 0.3828089 0.4032926 0.4032926 0.4032926 0.4032926 0.4032926 0.4032926 0.4032926 0.4032926 0.4032926 0.4032926 0.4032926 0.4032926 0.3265916 0.2554878 0.2558057 0.3099127 0.3967664 0.415166 0.415166 0.4151659 0.4571714 5.586111 5.629755 4.532647 3.855528 1.348529 1.312081 1.312081 83.40009 146.1084 146.1084 146.1084 136.8991 81.1136 1.322204 131.2708 146.1084 146.1084 146.1084 146.1084 146.1084 146.1084 111.2556 31.4013 30.89294 30.89294 30.89294 30.89294 30.89294 30.89294 30.89294 30.89294 26.32218 4.692692 4.104293 4.104292 4.104293 4.104292 4.104293
0 0 0 0 0 0 0 0 0.2802285 0.2554878 0.2554878 0.2554878 0.2554878 0.2554878 0.2554878 0.2554878 0.2554878 0.2554878 0.2647486 0.3771488 0.4032926 0.4032926 0.4032926 0.4032926 0.4032926 0.4032926 0.4032926 0.4032926 0.4032926 0.4032926 0.4032926 0.3288765 0.2554878 0.2554878 0.2554878 0.2719758 0.415166 0.415166 0.415166 2.828065 9.080647 9.080647 9.080647 9.080647 5.277884 1.312081 51.58881 146.0953 146.1084 146.1083 146.1084 146.1083 146.1084 99.23608 143.3576 146.1083 146.1084 146.1083 146.1084 146.1084 146.1084 137.3789 89.73851 36.25563 36.81654 37.54776 35.45512 31.12991 30.89294 30.89294 30.89294 14.99023 4.104292 4.104293 4.104292 4.104292 4.104292 4.104293
0 0 0 0 0 0 0.4518034 0.2802821 0.2554878 0.2554878 0.2554878 0.2554878 0.2554878 0.2554878 0.2554878 0.2554878 0.2554878 0.2554878 0.2554878 0.2825388 0.3799232 0.3785045 0.393387 0.4032926 0.4032926 0.4032926 0.4032926 0.4032926 0.4032926 0.4032926 0.4032926 0.2974004 0.2554878 0.2554878 0.2554878 0.2827694 0.4151659 0.415166 0.4151659 5.529627 9.080647 9.080647 9.080647 9.080648 9.046309 10.62805 134.1439 146.1084 146.1084 146.1084 146.1084 146.1084 146.1084 146.1084 146.1084 146.1084 146.1084 146.1084 146.1084 145.772 145.2147 120.4915 102.5015 39.20568 39.20568 39.20568 39.20568 36.18242 31.05681 31.52028 32.39001 4.367376 4.104293 4.104293 4.104293 4.104293 4.104293 4.104293
0 0 0 0 0.3423495 0.2554878 0.2554878 0.2554878 0.2554878 0.2554878 0.2554878 0.2554878 0.2554878 0.2554878 0.2554878 0.2554878 0.2554878 0.2554878 0.2554878 0.2554878 0.2554878 0.2554878 0.297928 0.3928311 0.4032926 0.4032926 0.4032926 0.4032926 0.4032926 0.4032926 0.3840745 0.2672895 0.2554878 0.2554878 0.2554878 0.2990837 0.415166 0.415166 3.845131 9.035405 9.080647 9.080647 9.080647 9.080647 9.080647 22.00235 140.1181 146.1084 146.1084 146.1084 146.1084 146.1084 146.1084 146.1084 146.1084 146.1084 146.1084 146.1084 141.4654 122.7119 120.8587 118.6575 105.7575 39.20568 39.20568 39.20568 39.20568 39.20568 38.93309 38.65309 33.59148 4.104293 4.104293 4.104293 4.104293 4.104293 4.104293 4.104293
0 0.4615649 0.2800262 0.2554878 0.2554878 0.2554878 0.2554878 0.2554878 0.2554878 0.2554878 0.2554878 0.2554878 0.2554878 0.2554878 0.2554878 0.2554878 0.2554878 0.2554878 0.2554878 0.2554878 0.2554878 0.2554878 0.2554878 0.2580205 0.3542747 0.4025514 0.4032926 0.4032926 0.4004082 0.3538635 0.255887 0.2554878 0.2554878 0.2554878 0.2554878 0.315398 0.415166 2.772528 8.973529 9.080647 9.080647 9.080647 9.080647 9.080647 9.080647 9.080647 116.0387 146.1084 146.1084 146.1084 146.1084 146.1084 146.1084 146.1084 146.1084 146.1084 146.1084 146.1084 143.513 118.6991 118.6575 118.6575 108.8084 39.20568 39.20568 39.20568 39.20568 39.20568 39.20568 39.20568 39.1167 10.57004 4.104293 4.104293 4.104293 4.104293 4.104293 4.104293
0.2556844 0.2554878 0.2554878 0.2554878 0.2554878 0.2554878 0.2554878 0.2554878 0.2554878 0.2554878 0.2554878 0.2554878 0.2554878 0.2554878 0.2554878 0.2554878 0.2554878 0.2554878 0.2554878 0.2554878 0.2554878 0.2554878 0.2554878 0.2554878 0.2554878 0.2649775 0.2849678 0.3066231 0.2712516 0.2554878 0.2554878 0.2554878 0.2554878 0.2554878 0.2554878 0.3317122 0.4151659 3.313272 9.080647 9.080647 9.080647 9.080647 9.080647 9.080647 9.080647 9.080647 35.33246 134.135 146.1084 146.1084 146.1084 146.1084 146.1084 146.1084 146.1084 146.1084 146.1084 146.1084 142.535 118.6575 118.6575 118.6575 63.69986 39.20568 39.20568 39.20568 39.20568 39.20568 39.20568 39.20568 39.20568 17.20905 4.104293 4.104293 4.104293 4.104293 4.104293 4.104293
0.2554878 0.2554878 0.2554878 0.2554878 0.2554878 0.2554878 0.2554878 0.2554878 0.2554878 0.2554878 0.2554878 0.2554878 0.2554878 0.2554878 0.2554878 0.2554878 0.2554878 0.2554878 0.2554878 0.2554878 0.2554878 0.2554878 0.2554878 0.2554878 0.2554878 0.2554878 0.2557304 0.2754896 0.2554878 0.2554878 0.2554878 0.2554878 0.2554878 0.2554878 0.2554878 0.3480266 0.4151659 4.177328 9.080648 9.080647 9.080647 9.080648 9.080648 9.080647 9.080648 9.080647 9.080647 41.66163 128.3236 146.1084 146.1084 146.1084 146.1084 146.1084 146.1084 146.1084 146.1084 145.9633 130.9228 119.1158 118.6576 118.6576 56.83357 39.20568 39.20568 39.20568 39.20568 39.20568 39.20568 39.20568 38.61608 7.955411 4.104293 4.104293 4.104293 4.104293 4.104293 4.104293
0.2554878 0.2554878 0.2554878 0.2554878 0.2554878 0.2554878 0.2554878 0.2554878 0.2554878 0.2554878 0.2554878 0.2554878 0.2554878 0.2554878 0.2554878 0.2554878 0.2554878 0.2554878 0.2554878 0.2554878 0.2554878 0.2554878 0.2554878 0.2554878 0.2554878 0.2554878 0.3140553 0.4130065 0.3500287 0.2688345 0.2554878 0.2554878 0.2554878 0.2554878 0.2554878 0.3643728 0.4151759 7.076326 9.080648 9.080647 9.080648 9.080648 9.080648 9.080647 9.080648 9.080647 9.080648 8.856386 17.4008 69.83448 65.04779 47.7015 38.91577 40.76225 76.82471 42.31626 32.91033 53.71625 77.66645 87.0974 117.0224 118.6576 96.59525 39.20568 39.20568 39.20568 39.20569 39.20568 39.20568 39.20568 30.32645 4.104292 4.104293 4.104293 4.104293 4.104293 4.104293 4.104292
0.2554878 0.2554878 0.2554878 0.2554878 0.2554878 0.2554878 0.2554878 0.2554878 0.2554878 0.2554878 0.2554878 0.2554878 0.2554878 0.2554878 0.2554878 0.2554878 0.2554878 0.2554878 0.2554878 0.2554878 0.2554878 0.2554878 0.2554878 0.2554878 0.2554878 0.2554878 0.3533212 0.4151659 0.4151659 0.4056773 0.3283358 0.2596602 0.2554878 0.2554878 0.2554878 0.3809839 0.4955724 9.080647 9.080647 9.080647 9.080647 9.080647 9.080647 9.080647 9.080647 9.080647 9.080647 8.788448 7.392219 7.383475 7.383475 7.383476 7.383475 7.383475 7.383475 7.383475 7.383475 33.51572 49.76336 29.96891 76.98829 118.6576 118.4466 54.45044 39.20568 39.20568 39.20568 39.20569 39.20568 39.20568 21.06825 4.56859 4.109438 7.054598 11.95751 6.204503 4.104292 4.104293
0.2554878 0.2554878 0.2554878 0.2554878 0.2554878 0.2554878 0.2554878 0.2554878 0.2554878 0.2554878 0.2554878 0.2554878 0.2554878 0.2554878 0.2554878 0.2554878 0.2554878 0.2554878 0.2554878 0.2554878 0.2554878 0.2554878 0.2554878 0.2554878 0.2554878 0.2554878 0.2558663 0.2973802 0.4105795 0.415166 0.415166 0.3931586 0.3066439 0.2556744 0.2554878 0.3976712 3.559129 9.080647 9.080647 9.080647 9.080647 9.080647 9.080647 9.080647 9.080647 9.080647 9.080647 9.080647 8.378482 7.383475 7.383476 7.383475 7.383476 7.383475 7.383476 12.4919 28.50624 83.37819 121.1028 121.1028 121.0813 120.5512 119.9438 86.54806 64.91792 42.32597 39.20568 39.20568 39.20568 39.20568 39.20568 37.69691 37.49588 39.07602 39.20568 14.26544 4.104293 4.104293
0.2554878 0.2554878 0.2554878 0.2554878 0.2554878 0.2554878 0.2554878 0.2554878 0.2554878 0.2554878 0.2554878 0.2554878 0.2554878 0.2554878 0.2554878 0.2554878 0.2554878 0.2554878 0.2554878 0.2554878 0.2554878 0.2554878 0.2554878 0.2554878 0.2554878 0.2554878 0.2554878 0.2554878 0.2579852 0.3337485 0.4148345 0.4151659 0.4151659 0.3754508 0.2880437 0.4934002 7.590004 9.080647 9.080647 9.080647 9.080647 9.080647 9.080647 9.080647 9.080647 9.080647 9.080647 9.273499 10.34608 9.243387 7.479029 7.383475 7.383475 7.383475 7.383475 94.81429 121.1028 121.1028 121.1028 121.1028 121.1028 121.1028 121.1028 121.1028 121.1028 108.4751 41.32188 39.20568 39.20568 39.20568 39.20568 39.20568 39.20568 39.20568 38.4619 6.878038 4.104293 4.104293
0.2554878 0.2554878 0.2554878 0.2554878 0.2554878 0.2554878 0.2554878 0.2554878 0.2554878 0.2554878 0.2554878 0.2554878 0.2554878 0.2554878 0.2554878 0.2554878 0.2554878 0.2554878 0.2554878 0.2554878 0.2554878 0.2554878 0.2554878 0.2554878 0.2554878 0.2554878 0.2554878 0.2554878 0.2554878 0.2554878 0.3712736 0.4151659 0.415166 0.4151659 0.4144662 0.8320927 5.697328 9.080647 9.080647 9.080647 9.080647 9.080647 9.080647 9.080647 9.080647 9.080647 9.080647 9.263371 10.24008 10.36312 9.628255 7.660605 9.641562 8.046872 7.383475 66.17675 121.1028 121.1028 121.1028 121.1028 121.1028 121.1028 121.1028 121.1028 121.1028 91.04234 45.72066 39.20568 39.20568 39.20568 39.20568 39.20568 39.20568 39.20568 36.73428 10.0863 4.104293 3.708333
0.2554878 0.2554878 0.2554878 0.2554878 0.2554878 0.2554878 0.2554878 0.2554878 0.2554878 0.2554878 0.2554878 0.2554878 0.2554878 0.2554878 0.2554878 0.2554878 0.2554878 0.2554878 0.2554878 0.2554878 0.2554878 0.2554878 0.2554878 0.2554878 0.2554878 0.2554878 0.2554878 0.2554878 0.2554878 0.2554878 0.3021288 0.4146641 0.4151659 0.4151659 0.415166 0.415166 1.872649 9.078101 9.080647 9.080647 9.080647 9.080647 9.080647 9.080647 9.080647 9.080647 9.080647 9.080647 9.942813 10.36312 10.36312 10.04587 10.36312 10.16856 10.07644 47.07748 117.008 120.4734 78.91245 39.69131 98.43741 121.1028 121.1028 121.1028 121.1028 121.1028 118.3079 50.12675 28.81989 38.54827 39.20569 39.20568 39.20569 39.20568 39.20569 17.65728 3.31284 2.956964
0.2554878 0.2554878 0.2554878 0.2554878 0.2554878 0.2554878 0.2554878 0.2554878 0.2554878 0.2554878 0.2554878 0.2554878 0.2554878 0.2554878 0.2554878 0.2554878 0.2554878 0.2554878 0.2554878 0.2554878 0.2554878 0.2554878 0.2554878 0.2554878 0.2554878 0.2554878 0.2554878 0.2554878 0.2554878 0.2554878 0.2554878 0.3721473 0.415166 0.415166 0.415166 0.415166 1.726274 9.080648 9.080648 9.080647 9.080648 9.080648 9.080648 9.080647 9.080648 9.080648 9.080648 9.080648 10.02883 10.36312 10.36312 10.36312 10.36312 10.36312 10.36312 10.36312 12.1092 16.49997 13.41151 23.41226 29.44798 84.54677 121.1028 121.1028 121.1028 121.1028 104.9392 23.41327 23.41226 28.00467 36.08314 39.20569 39.20569 39.20568 37.60872 4.537569 2.955677 2.955677
0.2554878 0.2554878 0.2554878 0.2554878 0.2554878 0.2554878 0.2554878 0.2554878 0.2554878 0.2554878 0.2554878 0.2554878 0.2554878 0.2554878 0.2554878 0.2554878 0.2554878 0.2554878 0.2554878 0.2554878 0.2554878 0.2554878 0.2554878 0.2554878 0.2554878 0.2554878 0.2554878 0.2554878 0.2554878 0.2554878 0.2826243 0.4100713 0.415166 0.415166 0.415166 0.415166 0.5834317 8.940289 9.080647 9.080647 9.080647 9.080647 9.080647 9.080647 9.080647 9.080647 9.080647 9.080647 9.164475 9.724298 10.34173 10.36312 10.36312 10.36312 10.36312 10.36312 10.36312 10.36312 12.6513 23.41226 23.41226 29.31536 80.54144 107.4462 121.1028 121.1028 84.87804 23.41226 23.41226 23.41226 24.72957 36.48076 39.20568 34.53704 21.37958 2.955677 2.955676 2.955676
0.2554878 0.2554878 0.2554878 0.2554878 0.2554878 0.2554878 0.2554878 0.2554878 0.2554878 0.2554878 0.2554878 0.2554878 0.2554878 0.2554878 0.2554878 0.2554878 0.2554878 0.2554878 0.2554878 0.2554878 0.2554878 0.2554878 0.2554878 0.2554878 0.2554878 0.2554878 0.2554878 0.2554878 0.2554878 0.2554878 0.3247107 0.415166 0.415166 0.415166 0.415166 0.415166 0.4542431 7.886217 9.080647 9.080647 9.080647 9.080647 9.080647 9.080647 9.080647 9.080647 9.080647 9.080647 9.080647 9.080647 10.29469 10.36312 10.36312 10.36312 10.36312 10.36312 10.36312 16.31631 20.66718 23.41226 23.41226 23.41226 23.41226 23.43579 36.82661 55.46043 36.36679 23.41226 23.41226 23.41226 23.41226 23.96456 21.7552 3.886441 2.955677 2.955677 2.955676 2.955677
0.2554878 0.2554878 0.2554878 0.2554878 0.2554878 0.2554878 0.2554878 0.2554878 0.2554878 0.2554878 0.2554878 0.2554878 0.2554878 0.2554878 0.2554878 0.2554878 0.2554878 0.2554878 0.2554878 0.2554878 0.2554878 0.2554878 0.2554878 0.2554878 0.2554878 0.2554878 0.2554878 0.2554878 0.2554878 0.2554878 0.3392678 0.415166 0.415166 0.415166 0.415166 0.415166 0.415166 8.198227 9.080647 9.080647 9.080647 9.080647 9.080647 9.080647 9.080647 9.080647 9.080647 9.080647 9.080647 9.080647 60.36149 17.37671 10.36312 10.36312 10.36312 10.36312 10.36312 19.2277 23.41226 23.41226 23.41226 23.41226 23.41226 23.41226 23.41226 23.41226 23.41226 23.41226 23.41226 23.41226 22.43836 6.754386 2.955676 2.955677 2.955677 2.955677 2.955677 2.955677
0.2554878 0.2554878 0.2554878 0.2554878 0.2554878 0.2554878 0.2554878 0.2554878 0.2554878 0.2554878 0.2554878 0.2554878 0.2554878 0.2554878 0.2554878 0.2554878 0.2554878 0.2554878 0.2554878 0.2554878 0.2554878 0.2554878 0.2554878 0.2554878 0.2554878 0.2554878 0.2554878 0.2554878 0.2554878 0.2554878 0.3916048 0.4151659 0.4151659 0.4151659 0.415166 0.4151659 0.4151659 8.756159 9.080647 9.080647 9.080647 9.080647 9.080647 9.080647 9.080647 9.080647 9.080647 9.080647 9.080647 33.76929 336.8971 307.29 125.8436 10.41323 10.36312 10.36312 10.36312 15.49858 22.98704 28.39455 40.55161 26.02237 23.41226 23.41226 23.41226 23.41226 23.41226 23.41226 23.41226 23.41226 16.87411 2.955677 2.955677 2.955677 2.955676 2.955677 2.955677 2.955677
