Scenarios/Global_Grid/data/country_data_population_distribution/processed/density_grids/arg.asc
ncols 489
nrows 821
xllcorner -73
yllcorner -55
[rows 630 to 664 of 821, columns 0 to 77 of 489]
0 0 0 0 0 0 0 0 0 0 0 0 0 0 0 0 0 0 0 0 0 0 0 0 0 0 0 0 0 0 0 0 0 0 0 0 0 0 0 0 0 0 0 0.2620358 0.2948541 0.2952381 0.2952381 0.2952381 0.2952381 0.2952381 0.2952381 0.2952381 0.2952381 0.2952381 0.2952381 0.2952381 0.2952381 0.2952381 0.2952381 0.2952381 0.2952381 0.2952381 0.2952381 0.2952381 0.2952381 0.2952381 0.2952381 0.2952381 0.2952381 0.2952381 0.2952381 0.2952382 0.2952381 0.2952381 0.2952381 0.2952381 0.2952381 0.2952381
0 0 0 0 0 0 0 0 0 0 0 0 0 0 0 0 0 0 0 0 0 0 0 0 0 0 0 0 0 0 0 0 0 0 0 0 0 0 0 0 0 0 0 0 0.2907742 0.2952381 0.2952381 0.2952381 0.2952381 0.2952381 0.2952381 0.2952381 0.2952381 0.2952381 0.2952381 0.2952381 0.2952381 0.2952381 0.2952381 0.2952381 0.2952381 0.2952381 0.2952381 0.2952381 0.2952381 0.2952381 0.2952381 0.2952381 0.2952381 0.2952381 0.2952381 0.2952381 0.2952381 0.2952381 0.2952381 0.2952381 0.2952381 0.2952381
0 0 0 0 0 0 0 0 0 0 0 0 0 0 0 0 0 0 0 0 0 0 0 0 0 0 0 0 0 0 0 0 0 0 0 0 0 0 0 0 0 0 0 0 0.2753545 0.2952381 0.2952381 0.2952381 0.2952381 0.2952381 0.2952381 0.2952381 0.2952381 0.2952381 0.2952381 0.2952381 0.2952381 0.2952381 0.2952381 0.2952381 0.2952381 0.2952381 0.2952381 0.2952381 0.2952381 0.2952381 0.2952381 0.2952381 0.2952381 0.2952381 0.2952381 0.2952381 0.2952381 0.2952381 0.2952381 0.2952381 0.2952381 0.2952381
0 0 0 0 0 0 0 0 0 0 0 0 0 0 0 0 0 0 0 0 0 0 0 0 0 0 0 0 0 0 0 0 0 0 0 0 0 0 0 0 0 0 0 0 0 0.2952381 0.2952381 0.2952381 0.2952381 0.2952381 0.2952381 0.2952381 0.2952381 0.2952381 0.2952381 0.2952381 0.2952381 0.2952381 0.2952381 0.2952381 0.2952381 0.2952381 0.2952381 0.2952381 0.2952381 0.2952381 0.2952381 0.2952381 0.2952381 0.2952381 0.2952381 0.2952381 0.2952381 0.2952381 0.2952381 0.2952381 0.2952381 0.2952381
0 0 0 0 0 0 0 0 0 0 0 0 0 0 0 0 0 0 0 0 0 0 0 0 0 0 0 0 0 0 0 0 0 0 0 0 0 0 0 0 0 0 0 0 0 0.2952381 0.2952381 0.2952381 0.2952381 0.2952381 0.2952381 0.2952381 0.2952381 0.2952381 0.2952381 0.2952381 0.2952381 0.2952381 0.2952381 0.2952381 0.2952381 0.2952381 0.2952381 0.2952381 0.2952381 0.2952381 0.2952381 0.2952381 0.2952381 0.2952381 0.2952381 0.2952381 0.2952381 0.2952381 0.2952381 0.2952381 0.2952381 0.2952381
0 0 0 0 0 0 0 0 0 0 0 0 0 0 0 0 0 0 0 0 0 0 0 0 0 0 0 0 0 0 0 0 0 0 0 0 0 0 0 0 0 0 0 0 0.2570589 0.2952381 0.2952381 0.2952381 0.2952381 0.2952381 0.2952381 0.2952381 0.2952381 0.2952381 0.2952381 0.2952381 0.2952381 0.2952381 0.2952381 0.2952381 0.2952381 0.2952381 0.2952381 0.2952381 0.2952381 0.2952381 0.2952381 0.2952381 0.2952381 0.2952381 0.2952381 0.2952381 0.2952381 0.2952381 0.2952381 0.2952381 0.2952381 0.2952381
0 0 0 0 0 0 0 0 0 0 0 0 0 0 0 0 0 0 0 0 0 0 0 0 0 0 0 0 0 0 0 0 0 0 0 0 0 0 0 0 0 0 0 0 0.2524104 0.2952381 0.2952381 0.2952381 0.2952381 0.2952381 0.2952381 0.2952381 0.2952381 0.2952381 0.2952381 0.2952381 0.2952381 0.2952381 0.2952381 0.2952381 0.2952381 0.2952381 0.2952381 0.2952381 0.2952381 0.2952381 0.2952381 0.2952381 0.2952381 0.2952381 0.2952381 0.2952381 0.2952381 0.2952381 0.2952381 0.2952381 0.2952381 0.2952381
0 0 0 0 0 0 0 0 0 0 0 0 0 0 0 0 0 0 0 0 0 0 0 0 0 0 0 0 0 0 0 0 0 0 0 0 0 0 0 0 0 0 0 0 0 0.2952381 0.2952381 0.2952381 0.2952381 0.2952381 0.2952381 0.2952381 0.2952381 0.2952381 0.2952381 0.2952381 0.2952381 0.2952381 0.2952381 0.2952381 0.2952381 0.2952381 0.2952381 0.2952381 0.2952381 0.2952381 0.2952381 0.2952381 0.2952381 0.2952381 0.2952381 0.2952381 0.2952381 0.2952381 0.2952381 0.2952381 0.2952381 0.2952381
0 0 0 0 0 0 0 0 0 0 0 0 0 0 0 0 0 0 0 0 0 0 0 0 0 0 0 0 0 0 0 0 0 0 0 0 0 0 0 0 0 0 0 0.2952381 0.2952381 0.2952381 0.2952381 0.2952381 0.2952381 0.2952381 0.2952381 0.2952381 0.2952381 0.2952381 0.2952381 0.2952381 0.2952381 0.2952381 0.2952381 0.2952381 0.2952381 0.2952381 0.2952381 0.2952381 0.2952381 0.2952381 0.2952381 0.2952381 0.2952381 0.2952381 0.2952381 0.2952381 0.2952381 0.2952381 0.2952381 0.2952381 0.2952381 0.2952381
0 0 0 0 0 0 0 0 0 0 0 0 0 0 0 0 0 0 0 0 0 0 0 0 0 0 0 0 0 0 0 0 0 0 0 0 0 0 0 0.2410787 0.2914754 0.2952381 0 0.2952381 0.2952381 0.2952381 0.2952381 0.2952381 0.2952381 0.2952381 0.2952381 0.2952381 0.2952381 0.2952381 0.2952381 0.2952381 0.2952381 0.2952381 0.2952381 0.2952381 0.2952381 0.2952381 0.2952381 0.2952381 0.2952381 0.2952381 0.2952381 0.2952381 0.2952381 0.2952381 0.2952381 0 0.2952381 0.2952381 0.2952381 0.2952381 0.2952381 0.2952381
0 0 0 0 0 0 0 0 0 0 0 0 0 0 0 0 0 0 0 0 0 0 0 0 0 0 0 0 0 0 0 0 0 0 0 0 0 0 0.3065023 0.2952381 0.2952381 0.2952381 0 0 0.2952381 0.2952381 0.2952381 0.2952381 0.2952381 0.2952381 0.2952381 0.2952381 0.2952381 0.2952381 0.2952381 0.2952381 0.2952381 0.2952381 0.2952381 0.2952381 0.2952381 0.2952381 0.2952381 0.2952381 0.2952381 0.2952381 0.2952381 0.2952381 0.2952382 0.2952381 0.2952381 0.2952381 0.2952381 0.2952381 0.2952381 0.2952381 0.2952381 0.2952381
0 0 0 0 0 0 0 0 0 0 0 0 0 0 0 0 0 0 0 0 0 0 0 0 0 0 0 0 0 0 0 0 0 0 0 0 0 0 0.9905909 0.9168935 0.2952381 0.2952381 0.2952381 0.2952381 0.2952381 0.2952381 0.2952381 0.2952381 0.2952381 0.2952381 0.2952381 0.2952381 0.2952381 0.2952381 0.2952381 0.2952381 0.2952382 0.2952381 0.2952381 0.2952381 0.2952381 0.2952381 0.2952381 0.2952381 0.2952381 0.2952381 0.2952381 0.2952381 0.2952381 0.2952381 0.2952381 0.2952381 0.2952381 0.2952381 0.2952382 0.2952381 0.2952381 0.2952381
0 0 0 0 0 0 0 0 0 0 0 0 0 0 0 0 0 0 0 0 0 0 0 0 0 0 0 0 0 0 0 0 0 0 0 0 0 0 1.244143 1.658573 1.28243 0.5230086 0.2952381 0.2952381 0.2952381 0.2952381 0.2952381 0.2952381 0.2952381 0.2952381 0.2952381 0.2952381 0.2952381 0.2952381 0.2952381 0.2952381 0.2952381 0.2952381 0.2952381 0.2952381 0.2952381 0.2952381 0.2952381 0.2952381 0.2952381 0.2952381 0.2952381 0.2952381 0.2952381 0.2952381 0.2952381 0.2952381 0.2952381 0.2952381 0.2952381 0.2952381 0.2952381 0.2952381
0 0 0 0 0 0 0 0 0 0 0 0 0 0 0 0 0 0 0 0 0 0 0 0 0 0 0 0 0 0 0 0 0 0 0 0 0 0 0 1.658573 1.658573 1.605043 0.9484082 0.3302552 0.2952381 0.2952381 0.2952381 0.2952381 0.2952381 0.2952381 0.2952381 0.2952381 0.2952381 0.2952381 0.2952381 0.2952382 0.2952381 0.2952381 0.2952381 0.2952381 0.2952381 0.2952382 0.2952381 0.2952381 0.2952381 0.2952381 0.2952381 0.2952381 0.2952381 0.2952381 0.2952381 0.2952381 0.2952381 0.2952381 0.2952381 0.2952381 0.2952381 0.2952381
0 0 0 0 0 0 0 0 0 0 0 0 0 0 0 0 0 0 0 0 0 0 0 0 0 0 0 0 0 0 0 0 0 0 0 0 0 0 0 1.658573 1.658573 1.658573 1.658573 1.451189 0.6619563 0.2952381 0.2952381 0.2952381 0.2952381 0.2952381 0.2952381 0.2952381 0.2952381 0.2952381 0.2952381 0.2952381 0.2952381 0.2952381 0.2952381 0.2952381 0.2952381 0.2952381 0.2952381 0.2952381 0.2952381 0.2952381 0.2952381 0.2952381 0.2952381 0.2952381 0.2952381 0.2952381 0.2952381 0.2952381 0.2952381 0.2952381 0.2952381 0.2952381
0 0 0 0 0 0 0 0 0 0 0 0 0 0 0 0 0 0 0 0 0 0 0 0 0 0 0 0 0 0 0 0 0 0 0 0 0 0 0 1.658573 1.658573 1.658573 1.658573 1.658573 1.657215 1.176486 0.4401979 0.2952381 0.2952381 0.2952381 0.2952381 0.2952381 0.2952381 0.2952381 0.2952381 0.2952381 0.2952381 0.2952381 0.2952381 0.2952381 0.2952381 0.2952381 0.2952381 0.2952381 0.2952381 0.2952381 0.2952381 0.2952381 0.2952381 0.2952381 0.2952381 0.2952381 0.2952381 0.2952381 0.2952381 0.2952381 0.2952381 0.2952381
0 0 0 0 0 0 0 0 0 0 0 0 0 0 0 0 0 0 0 0 0 0 0 0 0 0 0 0 0 0 0 0 0 0 0 0 0 0 0 1.658573 1.658573 1.658573 1.658573 1.658573 1.658573 1.658573 1.590511 0.9104804 0.3200811 0.2952381 0.2952381 0.2952381 0.2952381 0.2952381 0.2952381 0.2952381 0.2952381 0.2952381 0.2952381 0.2952381 0.2952381 0.2952381 0.2952381 0.2952381 0.2952381 0.2952381 0.2952381 0.2952381 0.2952381 0.2952381 0.2952381 0.2952381 0.2952381 0.2952381 0.2952381 0.2952381 0.2952381 0.2952381
0 0 0 0 0 0 0 0 0 0 0 0 0 0 0 0 0 0 0 0 0 0 0 0 0 0 0 0 0 0 0 0 0 0 0 0 0 0 0 1.658573 1.658573 1.658573 1.658573 1.658573 1.658573 1.658573 1.658573 1.658573 1.423431 0.6270801 0.2952381 0.2952381 0.2952381 0.2952381 0.2952381 0.2952381 0.2952381 0.2952381 0.2952381 0.2952381 0.2952381 0.2952381 0.2952381 0.2952381 0.2952381 0.2952381 0.2952381 0.2952381 0.2952381 0.2952381 0.2952381 0.2952381 0.2952381 0.2952381 0.2952381 0.2952381 0.2952381 0.2952381
0 0 0 0 0 0 0 0 0 0 0 0 0 0 0 0 0 0 0 0 0 0 0 0 0 0 0 0 0 0 0 0 0 0 0 0 0 0 0.3623309 1.658573 1.658573 1.658573 1.658573 1.658573 1.658573 1.658573 1.658573 1.658573 1.658573 1.654168 1.160427 0.421094 0.2952381 0.2952381 0.2952381 0.2952381 0.2952381 0.2952381 0.2952381 0.2952381 0.2952381 0.2952381 0.2952381 0.2952381 0.2952381 0.2952381 0.2952381 0.2952381 0.2952381 0.2952381 0.2952381 0.2952381 0.2952381 0.2952381 0.2952381 0.2952381 0.2952381 0.2952381
0 0 0 0 0 0 0 0 0 0 0 0 0 0 0 0 0 0 0 0 0 0 0 0 0 0 0 0 0 0 0 0 0 0 0 0 0 1.539366 1.658573 1.658573 1.658573 1.658573 1.658573 1.658573 1.658573 1.658573 1.658573 1.658573 1.658573 1.658573 1.658573 1.577984 0.8880311 0.3166756 0.2952381 0.2952381 0.2952381 0.2952381 0.2952381 0.2952381 0.2952381 0.2952381 0.2952381 0.2952381 0.2952381 0.2952381 0.2952381 0.2952381 0.2952381 0.2952381 0.2952381 0.2952381 0.2952381 0.2952381 0.2952381 0.2952381 0.2952381 0.2952381
0 0 0 0 0 0 0 0 0 0 0 0 0 0 0 0 0 0 0 0 0 0 0 0 0 0 0 0 0 0 0 0 0 0 0 1.551328 1.658573 1.658573 1.658573 1.658573 1.658573 1.658573 1.658573 1.658573 1.658573 1.658573 1.658573 1.658573 1.658573 1.658573 1.658573 1.658573 1.658573 1.419075 0.6366391 0.2952381 0.2952381 0.2952381 0.2952381 0.2952381 0.2952381 0.2952381 0.2952381 0.2952381 0.2952381 0.2952381 0.2952381 0.2952381 0 0 0 0 0 0 0.2952381 0.2952381 0.2952381 0.2952381
0 0 0 0 0 0 0 0 0 0 0 0 0 0 0 0 0 0 0 0 0 0 0 0 0 0 0 0 0 0 0 0 0 1.153669 1.605702 1.658573 1.658573 1.658573 1.658573 1.658573 0 1.658573 1.658573 1.658573 1.658573 1.658573 1.658573 1.658573 1.658573 1.658573 1.658573 1.658573 1.658573 1.658573 1.655881 1.187128 0.4459593 0.2952381 0.2952381 0.2952381 0.2952381 0.2952381 0.2952381 0.2952381 0.2952381 0.2952381 0.2952381 0.2952381 0.2952381 0 0 0 0 0.2952381 0.2952381 0.2952381 0.2952381 0.2952381
0 0 0 0 0 0 0 0 0 0 0 0 0 0 0 0 0 0 0 0 0 0 0 0 0 0 0 0 0 1.508181 1.658573 1.658573 1.658573 1.658573 1.658573 1.658573 1.658573 1.658573 1.658573 1.658573 1.658573 1.658573 0 1.658573 1.658573 1.658573 1.658573 1.658573 1.658573 1.658573 1.658573 1.658573 1.658573 1.658573 1.658573 1.658573 1.597742 0.9422498 0.332168 0.2952381 0.2952381 0.2952381 0.2952381 0.2952381 0.2952381 0.2952381 0.2952381 0.2952381 0.2952381 0.2952381 0 0 0.2952381 0.2952381 0.2952381 0.2952381 0.2952381 0.2952381
0 0 0 0 0 0 0 0 0 0 0 0 0 0 0 0 0 0 0 0 0 0 0 0 0 0 0 0 1.63504 1.658573 1.658573 1.658573 1.658573 1.658573 1.658573 1.658573 1.658573 1.658573 1.658573 1.658573 1.658573 1.658573 1.658573 1.658573 1.658573 1.658573 1.658573 1.658573 1.658573 1.658573 1.658573 1.658573 1.658573 1.658573 1.658573 1.658573 1.658573 1.658573 1.458422 0.6933086 0.2952381 0.2952381 0.2952381 0.2952381 0.2952382 0.2952381 0.2952381 0.2952381 0.2952381 0.2952381 0.2952381 0.2952381 0.2952381 0.2952381 0.2952381 0.2952381 0.2952381 0.2952381
0 0 0 0 0 0 0 0 0 0 0 0 0 0 0 0 0 0 0 0 0 0 0 0 0 0 0 1.473275 1.658573 1.658573 1.658573 1.658573 1.658573 1.658573 1.658573 1.658573 1.658573 1.658573 1.658573 1.658573 1.658573 1.658573 1.658573 1.658573 1.658573 1.658573 1.658573 1.658573 1.658573 1.658573 1.658573 1.658573 1.658573 1.658573 1.658573 1.658573 1.658573 1.658573 1.658573 1.658558 1.250469 0.4843405 0.2952381 0.2952381 0.2952381 0.2952381 0.2952381 0.2952381 0.2952381 0.2952381 0.2952381 0.2952381 0.2952381 0.2952381 0.2952381 0.2952381 0.2952381 0.2952381
0 0 0 0 0 0 0 0 0 0 0 0 0 0 0 0 0 0 0 0 0 0 0 0 0 0 1.658573 1.658573 1.658573 1.658573 1.658573 1.658573 1.658573 1.658573 1.658573 1.658573 1.658573 1.658573 1.658573 1.658573 1.658573 1.658573 1.658573 1.658573 1.658573 1.658573 1.658573 1.658573 1.658573 1.658573 1.658573 1.658573 1.658573 1.658573 1.658573 1.658573 1.658573 1.658573 1.658573 1.658573 1.658573 1.618574 1.004003 0.3522635 0.2952381 0.2952381 0.2952381 0.2952381 0.2952381 0.2952381 0.2952381 0.2952381 0.2952381 0.2952381 0.2952381 0.2952381 0.2952381 0.2952381
0 0 0 0 0 0 0 0 0 0 0 0 0 0 0 0 0 0 0 0 0 0 0 0 0 0.1959828 1.658573 1.658573 1.658573 1.658573 1.658573 1.658573 1.658573 1.658573 1.658573 1.658573 1.658573 1.658573 1.658573 1.658573 1.658573 1.658573 1.658573 1.658573 0 0 1.658573 1.658573 1.658573 1.658573 1.658573 1.658573 1.658573 1.658573 1.658573 1.658573 1.658573 1.658573 1.658573 1.658573 1.658573 1.658573 1.658573 1.501673 0.7525004 0.2970658 0.2952381 0.2952381 0.2952381 0.2952381 0.2952381 0.2952381 0.2952381 0.2952381 0.2952381 0.2952381 0.2952381 0.2952381
0 0 0 0 0 0 0 0 0 0 0 0 0 0 0 0 0 0 0 0 0 0 0 0 0 1.658573 1.658573 1.658573 1.658573 1.658573 1.658573 1.658573 1.658573 1.658573 1.658573 1.658573 1.658573 1.658573 1.658573 1.658573 1.658573 1.658573 1.658573 1.658573 1.658573 1.658573 1.658573 1.658573 1.658573 1.658573 1.658573 1.658573 1.658573 1.658573 1.658573 1.658573 1.658573 1.658573 1.658573 1.658573 1.658573 1.658573 1.658573 1.658573 1.658573 1.307867 0.8198361 0.7931644 0.7705203 0.7478765 0.725233 0.7025899 0.679947 0.6573045 0.6346622 0.6120201 0.5904949 0.5740669
0 0 0 0 0 0 0 0 0 0 0 0 0 0 0 0 0 0 0 0 0 0 0 0 0 1.658573 1.658573 1.658573 1.658573 1.658573 1.658573 1.658573 1.658573 1.658573 1.658573 1.658573 1.658573 1.658573 1.658573 1.658573 1.658573 1.658573 1.658573 1.658573 1.658573 1.658573 1.658573 1.658573 1.658573 1.658573 1.658573 1.658573 1.658573 1.658573 1.658573 1.658573 1.658573 1.658573 1.658573 1.658573 1.658573 1.658573 1.658573 1.658573 1.658573 1.658573 1.658573 1.658573 1.658573 1.658573 1.658573 1.658573 1.658573 1.658573 1.658573 1.658573 1.658573 1.658573
0 0 0 0 0 0 0 0 0 0 0 0 0 0 0 0 0 0 0 0 0 0 0 0 0 0.5538561 1.658573 1.658573 1.658573 1.658573 1.658573 1.658573 1.658573 1.658573 1.658573 1.658573 1.658573 1.658573 1.658573 1.658573 1.658573 1.658573 1.658573 1.658573 1.658573 1.658573 1.658573 1.658573 1.658573 1.658573 1.658573 1.658573 1.658573 1.658573 1.658573 1.658573 1.658573 1.658573 1.658573 1.658573 1.658573 1.658573 1.658573 1.658573 1.658573 1.658573 1.658573 1.658573 1.658573 1.658573 1.658573 1.658573 1.658573 1.658573 1.658573 1.658573 1.658573 1.658573
0 0 0 0 0 0 0 0 0 0 0 0 0 0 0 0 0 0 0 0 0 0 0 0 1.658573 1.658573 1.658573 1.658573 1.658573 1.658573 1.658573 1.658573 1.658573 1.658573 1.658573 1.658573 1.658573 1.658573 1.658573 1.658573 1.658573 1.658573 1.658573 1.658573 1.658573 1.658573 1.658573 1.658573 1.658573 1.658573 1.658573 1.658573 1.658573 1.658573 1.658573 1.658573 1.658573 1.658573 1.658573 1.658573 1.658573 1.658573 1.658573 1.658573 1.658573 1.658573 1.658573 1.658573 1.658573 1.658573 1.658573 1.658573 1.658573 1.658573 1.658573 1.658573 1.658573 1.658573
0 0 0 0 0 0 0 0 0 0 0 0 0 0 0 0 0 0 0 0 0 0 0 0 1.658573 1.658573 1.658573 1.658573 1.658573 1.658573 1.658573 1.658573 1.658573 1.658573 1.658573 1.658573 1.658573 1.658573 1.658573 1.658573 1.658573 1.658573 1.658573 1.658573 1.658573 1.658573 1.658573 1.658573 1.658573 1.658573 1.658573 1.658573 1.658573 1.658573 1.658573 1.658573 1.658573 1.658573 1.658573 1.658573 1.658573 1.658573 1.658573 1.658573 1.658573 1.658573 1.658573 1.658573 1.658573 1.658573 1.658573 1.658573 1.658573 1.658573 1.658573 1.658573 1.658573 1.658573
0 0 0 0 0 0 0 0 0 0 0 0 0 0 0 0 0 0 0 0 0 0 0 0 1.658573 1.658573 1.658573 1.658573 1.658573 1.658573 1.658573 1.658573 1.658573 1.658573 1.658573 1.658573 1.658573 1.658573 1.658573 1.658573 1.658573 1.658573 1.658573 1.658573 1.658573 1.658573 1.658573 1.658573 1.658573 1.658573 1.658573 1.658573 1.658573 1.658573 1.658573 1.658573 1.658573 1.658573 1.658573 1.658573 1.658573 1.658573 1.658573 1.658573 1.658573 1.658573 1.658573 1.658573 1.658573 1.658573 1.658573 1.658573 1.658573 1.658573 1.658573 1.658573 1.658573 1.658573
0 0 0 0 0 0 0 0 0 0 0 0 0 0 0 0 0 0 0 0 0 0 0 0 1.658573 1.658573 1.658573 1.658573 1.658573 1.658573 1.658573 1.658573 1.658573 1.658573 1.658573 1.658573 1.658573 1.658573 1.658573 1.658573 1.658573 1.658573 1.658573 1.658573 1.658573 1.658573 1.658573 1.658573 1.658573 1.658573 1.658573 1.658573 1.658573 1.658573 1.658573 1.658573 1.658573 1.658573 1.658573 1.658573 1.658573 1.658573 1.658573 1.658573 1.658573 1.658573 1.658573 1.658573 1.658573 1.658573 1.658573 1.658573 1.658573 1.658573 1.658573 1.658573 1.658573 1.658573
0 0 0 0 0 0 0 0 0 0 0 0 0 0 0 0 1.658573 1.658573 0 0 0 0 1.658573 1.658573 0 1.658573 1.658573 1.658573 1.658573 1.658573 1.658573 0 1.658573 1.658573 1.658573 1.658573 1.658573 1.658573 1.658573 1.658573 1.658573 1.658573 1.658573 1.658573 1.658573 1.658573 1.658573 1.658573 1.658573 1.658573 1.658573 1.658573 1.658573 1.658573 1.658573 1.658573 1.658573 1.658573 1.658573 1.658573 1.658573 1.658573 1.658573 1.658573 1.658573 1.658573 1.658573 1.658573 1.658573 1.658573 1.658573 1.658573 1.658573 1.658573 1.658573 1.658573 1.658573 1.658573
