Scenarios/Global_Grid/data/country_data_population_distribution/processed/density_grids/arg.asc
ncols 489
nrows 821
xllcorner -73
yllcorner -55
[rows 385 to 419 of 821, columns 312 to 389 of 489]
4.191795 4.191794 4.191795 4.191794 3.997668 3.27882 3.139165 3.139165 3.139165 3.147256 3.202408 3.221857 3.221857 3.221857 3.221857 3.221857 3.221857 3.221857 3.221857 3.221857 3.221857 3.221857 3.221857 3.221857 3.221857 3.348973 3.295574 3.573282 3.267662 3.221857 3.23231 3.586156 3.944716 3.962202 3.962202 3.962202 3.962202 3.962202 3.962202 4.868612 15.83365 21.37418 21.37418 21.37419 21.37418 21.37419 21.37418 21.37419 17.54805 5.626885 3.832798 3.832798 3.832798 3.832798 3.832798 3.832798 3.832798 3.832798 3.832798 3.832798 3.832798 3.867891 7.553958 11.11787 11.1376 11.1376 11.1376 11.1376 11.1376 11.1376 11.1376 11.1376 11.1376 11.1376 11.1376 11.1376 11.1376 122.4295
4.191795 4.191795 4.191795 4.191795 4.191795 4.117965 3.429431 3.139164 3.158412 3.213556 3.221857 3.221857 3.221857 3.221857 3.221857 3.221857 3.221857 3.221857 3.221857 3.221857 3.221857 3.221857 3.221857 3.221857 3.221857 3.221857 3.221857 3.221857 3.221857 3.221857 3.221857 3.221857 3.368967 3.817731 3.962202 3.962202 3.962202 3.962202 6.738696 18.59646 21.37419 21.37418 21.37418 21.37418 21.37418 21.37418 21.37419 20.99335 4.186035 3.832798 3.832798 3.832798 3.832798 3.832798 3.832798 3.832798 3.832798 3.832798 3.832798 3.832798 3.832798 4.034749 8.131307 11.12418 11.1376 11.1376 11.1376 11.1376 11.1376 11.1376 11.1376 11.1376 11.1376 11.1376 11.1376 11.1376 224.6229 467.8186
4.191794 4.191794 4.191794 4.191794 4.191794 4.191794 4.179231 3.742046 3.284179 3.221857 3.221857 3.221857 3.221857 3.221857 3.221857 3.221857 3.221857 3.221857 3.221857 3.221857 3.221857 3.221857 3.221857 3.221857 3.221857 3.221857 3.221857 3.221857 3.221857 3.221857 3.221857 3.221857 3.221857 3.231408 3.73256 3.962202 3.962202 9.666126 20.47946 21.37418 21.37418 21.37418 21.37418 21.37418 21.37418 21.37418 21.37418 20.88185 5.742958 3.832798 3.832798 3.832798 3.832798 3.832798 3.832798 3.832798 3.832798 3.832798 3.832798 3.832798 3.832798 3.832798 3.832798 6.540411 10.80698 11.1376 11.1376 11.1376 11.1376 11.1376 11.1376 11.1376 11.1376 11.1376 15.34185 279.4505 477.386 477.8295
4.191795 4.191794 4.191795 4.191795 4.191795 4.191795 4.191795 4.191794 4.052731 3.382209 3.221857 3.221857 3.221857 3.221857 3.221857 3.221857 3.221857 3.221857 3.221857 3.221857 3.221857 3.221857 3.221857 3.221857 3.221857 3.221857 3.221857 3.221857 3.221857 3.221857 3.221857 3.221857 3.221857 3.221857 3.228678 3.872837 13.57976 21.33466 21.37418 21.37419 21.37419 21.37419 21.37418 21.37418 21.37419 21.37419 21.37418 21.37418 18.72733 3.948546 3.832798 3.832798 3.832798 3.832798 3.832798 3.832798 3.832798 3.832798 3.832798 3.832798 3.832798 3.832798 3.832798 3.832798 4.905883 9.628683 11.1376 11.1376 11.1376 11.1376 11.1376 11.1376 11.1376 12.12869 23.49583 217.0549 465.3983 417.2348
4.191795 4.191794 4.191794 4.191795 4.191794 4.191795 4.191795 4.191794 4.191795 4.097967 3.24556 3.221857 3.221857 3.221857 3.221857 3.221857 3.221857 3.221857 4.408371 4.982093 3.221857 3.221857 3.221857 3.221857 3.221857 3.221857 3.221857 3.221857 3.221857 3.221857 3.221857 3.221857 3.221857 3.221857 3.221857 3.537734 13.9189 21.37418 21.37419 21.37419 21.37419 21.37418 21.37419 21.37418 21.37419 21.37418 21.37419 21.37419 21.37419 17.81768 6.055045 3.832798 3.832798 3.832798 3.832798 3.832798 3.832798 3.832798 3.832798 3.832798 3.832798 3.832798 3.832798 3.832798 3.832798 4.177873 8.426626 11.13743 11.1376 11.1376 11.1376 11.1376 13.54173 25.16352 27.8716 27.8716 101.3426 41.23335
4.191795 4.191795 4.191795 4.191795 4.191795 4.191795 4.191795 4.191795 4.191795 4.191795 3.935599 3.301178 3.221857 3.221857 3.221857 3.221857 3.221857 5.502631 9.390205 9.580488 6.191236 3.243192 3.221857 3.221857 3.221857 3.221857 3.221857 3.221857 3.221857 3.221857 3.221857 3.221857 3.221857 3.221857 3.219918 3.061851 2.956233 5.006328 9.672928 15.53748 21.29995 21.37419 21.37418 21.37419 21.37418 21.37419 21.37418 21.37419 21.37418 21.37419 18.3224 4.046716 3.832798 3.832798 3.832798 3.832798 3.832798 3.832798 3.832798 3.832798 3.832798 3.832798 3.832798 3.832798 3.832798 3.832798 3.832798 6.332134 11.56755 11.1376 11.1376 15.63465 26.73367 27.8716 27.8716 27.8716 27.8716 27.8716
4.191794 4.191795 4.191795 4.191795 4.191795 4.191795 4.191795 4.191795 4.191794 4.191795 4.666835 7.196592 4.533761 3.221857 3.221857 3.221857 3.430773 8.961301 9.652175 9.652175 9.652175 7.422082 3.42891 3.221857 3.221857 3.221857 3.221857 3.221857 3.221857 3.221857 3.221857 3.221857 3.221857 3.207673 3.015194 2.914366 2.914366 2.914366 2.914366 2.914366 5.424521 11.73319 16.49328 18.14697 21.37418 21.37418 21.37419 21.37418 21.37418 21.37418 21.37418 14.29529 4.395948 3.832798 3.832798 3.832798 3.832798 3.832798 3.832798 3.832798 3.832798 3.832798 3.832798 3.832798 3.832798 3.832798 3.832798 4.33568 25.07642 14.17823 17.74214 27.57046 27.87161 27.8716 27.8716 27.8716 27.8716 27.8716
4.191794 4.191794 4.191794 4.191794 4.191794 4.191794 4.191795 4.191794 4.191794 4.191794 6.555619 9.652174 9.456692 5.778584 3.222293 3.737908 8.023493 9.652174 9.652175 9.652174 9.652174 9.652175 8.349294 3.984987 3.221857 3.221857 3.221857 3.221857 3.221857 3.221857 3.625954 3.221857 3.221857 3.026437 2.914366 2.914366 2.914366 2.914366 2.914366 2.914366 2.914366 2.914366 2.914366 2.914366 6.342074 12.71154 21.10974 21.37418 21.37418 21.37418 21.37418 21.37419 15.93736 4.422421 3.832798 3.832798 3.832798 3.832798 3.832798 3.832798 3.832798 3.832798 3.832798 3.832798 3.832798 3.832798 3.832798 5.469226 27.86691 27.50351 27.86362 27.8716 27.8716 27.8716 27.8716 27.8716 27.8716 27.8716
4.191794 4.191795 4.191794 4.191795 4.191794 4.191795 4.191794 4.191795 4.191794 4.191795 5.786485 9.652174 9.652174 9.652175 7.469901 8.886958 9.652175 9.652175 9.652175 9.652175 9.652175 9.652176 9.652175 9.132887 4.987732 3.221857 3.221857 3.221857 3.221857 4.984708 9.117214 4.907142 3.179404 3.028402 2.914366 2.914366 2.914366 2.914366 2.914366 2.914366 2.914366 2.914366 2.914366 2.914366 5.104541 17.4373 21.37419 21.37418 21.37419 21.37418 21.37418 21.37418 21.37419 14.16144 3.989553 3.832798 3.832798 3.832798 3.832798 3.832798 3.832798 3.832798 3.832798 3.832798 3.832798 3.832798 3.832798 5.184636 27.32781 27.8716 27.8716 27.8716 27.8716 27.8716 27.8716 27.8716 27.8716 27.8716
4.191794 4.191794 4.191794 4.191795 4.191794 4.191795 4.191795 4.191795 4.191795 4.191795 7.807244 9.652174 9.652174 9.652175 9.652175 9.652176 9.652175 9.652174 9.652175 9.652174 9.652175 9.652176 9.652175 9.652176 9.595073 6.434451 3.277153 3.223731 6.01058 9.559045 9.652175 8.565187 2.933959 2.914366 2.914366 2.914366 2.914366 2.914366 2.914366 2.914366 2.914366 2.914366 2.914366 2.914366 14.54515 21.37418 21.37418 21.37418 21.37419 21.37418 21.37419 21.37418 21.37419 21.37418 7.998727 3.832798 3.832798 3.832798 3.832798 3.832798 3.832798 3.832798 3.832798 3.832798 3.832798 3.832798 3.832798 4.30148 25.66969 27.8716 27.8716 27.8716 27.8716 27.8716 27.8716 27.8716 27.8716 27.8716
4.191795 4.191795 4.191795 4.191795 4.191795 4.191795 4.191795 4.191795 4.191795 4.191795 8.654411 9.652175 9.652175 9.652176 9.652175 9.652175 9.652175 9.652175 9.652175 9.652175 9.652175 9.652175 9.652175 9.652175 9.652175 9.652175 7.890409 7.184822 9.652175 9.652175 8.98258 4.362806 2.914366 2.914366 2.914366 2.914366 2.914366 2.914366 2.914366 2.914366 2.914366 2.914366 2.914366 4.476412 20.18195 21.37418 21.37419 21.37418 21.37418 21.37418 21.37419 21.37418 21.37419 21.37418 17.65684 4.451473 3.832798 3.832798 3.832798 3.832798 3.832798 3.832798 3.832798 3.832798 3.832798 3.832798 3.832798 4.856152 26.49002 27.8716 27.8716 27.8716 27.8716 27.8716 27.8716 27.8716 27.8716 27.8716
3.017497 2.82134 2.757224 3.049933 3.680916 4.191795 4.191795 4.191795 4.191795 4.191795 7.848301 9.652175 9.652175 9.652175 9.652175 9.652175 9.652175 9.652175 9.652175 9.652175 9.652175 9.652175 9.652175 9.652175 9.652175 9.652174 9.652175 9.652175 9.652175 8.282384 3.633503 2.914366 2.914366 2.914366 2.914366 2.914366 2.914366 2.914366 2.914366 2.914366 2.914366 2.914366 2.914366 7.433434 21.37418 21.37419 21.37418 21.37418 21.37419 21.37418 21.37419 21.37419 21.37418 21.37419 21.37419 19.12585 7.67572 3.832798 3.832798 3.832798 3.832798 3.832798 3.832798 3.832798 3.832798 3.832798 3.832798 3.832798 7.141959 25.55923 27.8716 27.8716 27.8716 27.8716 27.87161 27.8716 27.8716 27.8716
2.605306 2.605306 2.605306 2.605306 2.605541 3.163111 3.887123 4.191795 4.173991 3.382096 7.940907 9.652175 9.652174 9.652175 9.652175 9.652175 9.652175 9.652174 9.652175 9.652175 9.652175 9.652175 9.652175 9.652175 9.652175 9.652175 9.652175 9.652175 7.405427 3.150206 2.914366 2.914366 2.914366 2.914366 2.914366 2.914366 2.914366 2.914366 2.914366 2.914366 2.914366 2.914366 2.914366 3.605306 19.56199 21.37418 21.37418 21.37419 21.37418 21.37418 21.37419 21.37418 21.37418 21.37418 21.37418 21.37418 17.90049 4.115801 3.832798 3.832798 3.832798 3.832798 3.832798 3.832798 3.832798 3.832798 3.832798 3.832798 3.832798 17.65312 27.8716 27.8716 27.8716 27.8716 27.8716 27.8716 27.8716 0
2.605306 2.605306 2.605306 2.605306 2.605306 2.605306 2.616487 3.307836 3.012871 2.605306 4.173534 8.917428 9.652175 9.652175 9.652175 9.652176 9.652175 9.652176 9.652175 9.652176 9.652176 9.652176 9.652175 9.652176 9.652175 9.652176 9.652176 9.652176 8.627913 5.552792 3.260204 2.914366 2.914366 2.914366 2.914366 2.914366 2.914366 2.914366 2.914366 2.914366 2.914366 2.914366 2.914366 5.443788 18.80403 21.37418 21.37419 21.37418 21.37418 21.37418 21.37418 21.37418 21.37419 21.37418 21.37418 21.37418 21.37418 7.351489 3.832798 3.832798 3.832798 3.832798 3.832798 3.832798 3.832798 3.832798 3.832798 3.832798 3.832798 18.25878 27.8716 27.8716 27.8716 27.8716 27.8716 0 0 0
2.605306 2.605306 2.605306 2.605306 2.605306 2.605306 2.605306 2.605306 2.605306 2.605306 2.605306 3.790344 8.13371 9.652175 9.652175 9.652174 9.652174 9.652175 9.652175 9.652174 9.652175 9.652174 9.652175 9.652174 9.652175 9.652175 9.652175 9.652174 9.652175 9.652174 7.437166 2.914366 2.914366 2.914366 2.914366 2.914366 2.914366 2.914366 2.914366 2.914366 2.914366 2.914366 7.815747 20.10626 21.37418 21.37418 21.37418 21.37418 21.37418 21.37418 21.37418 21.37418 21.37418 21.37418 21.37418 21.37418 21.37418 13.76568 3.832798 3.832798 3.832798 3.832798 3.832798 3.832798 3.832798 3.832798 3.832798 3.832798 3.832798 6.159729 26.40162 27.8716 27.8716 0 0 0 0 0
2.605306 2.605306 2.605306 2.605306 2.605306 2.605306 2.605306 2.605306 2.605306 2.605306 2.605306 2.605306 2.785327 8.791081 9.652174 9.652175 9.652174 9.652175 9.652175 9.652175 9.652175 9.652175 9.652174 9.652175 9.652175 9.652175 9.652175 9.652175 9.652175 8.389802 3.402473 3.571118 5.531827 2.935881 3.286234 2.914366 2.914366 2.914366 2.914366 2.914366 2.914366 2.914366 6.614365 18.81043 21.37418 21.37418 21.37418 21.37418 21.37418 21.37418 21.37418 21.37418 21.37418 21.37418 21.37418 21.37418 21.37418 20.04709 5.0157 3.981277 3.832798 3.832798 3.832798 3.832798 3.832798 3.832798 3.832798 3.832798 3.832798 3.832798 0 0 0 0 0 0 0 0
2.605306 2.605306 2.605306 2.605306 2.605306 2.605306 2.605306 2.605306 2.605306 2.605306 2.605306 2.605306 2.605306 6.122219 9.652176 9.652174 9.652174 9.652174 9.652176 9.652174 9.652174 9.652174 9.652176 9.652174 9.652176 9.652176 9.652174 9.652176 9.652174 9.568089 6.666488 8.929237 9.652174 8.564346 5.797426 2.914366 2.914366 2.914366 2.914366 2.914366 2.914366 2.914366 2.914366 4.675891 21.37418 21.37418 21.37418 21.37418 21.37418 21.37418 21.37418 21.37418 21.37418 21.37419 21.37418 21.37418 21.37418 21.37418 18.96649 16.52285 5.272539 3.832798 3.832798 3.832798 3.832798 3.832798 3.832798 0 0 0 0 0 0 0 0 0 0 0
2.605306 2.605306 2.605306 2.605306 2.605306 2.605306 2.605306 2.605306 2.605306 2.605306 2.605306 2.605306 2.605306 4.817695 9.652175 9.652175 9.652175 9.652175 9.652175 9.652175 9.652175 9.652175 9.652175 9.652175 9.652175 9.652174 9.652175 9.652174 9.652175 9.652175 9.652175 9.652175 9.652175 9.652175 7.770328 2.914366 2.914366 2.914366 2.914366 2.914366 2.914366 3.19748 7.529353 15.31745 21.37419 21.37419 21.37418 21.37419 21.37419 21.37419 21.37419 21.37419 21.37419 21.37418 21.37418 21.37419 21.37419 21.37419 21.37418 21.37418 18.32336 4.2151 3.832798 3.832798 0 0 0 0 0 0 0 0 0 0 0 0 0 0
2.605306 2.605306 2.605306 2.605306 2.605306 2.605306 2.605306 2.605306 2.605306 2.605306 2.605306 2.605306 2.605306 7.135527 9.652175 9.652175 9.652175 9.652175 9.652175 9.652175 9.652176 9.652175 9.652175 9.652175 9.652175 9.652175 9.652176 9.652175 9.652175 9.652175 9.652175 9.652175 9.652175 9.652175 9.337701 3.511665 2.914366 2.914366 2.914366 2.914366 2.914366 7.190817 18.45851 21.37419 21.37419 21.37419 21.37419 21.37419 21.37418 21.37418 21.37419 21.37419 21.37419 21.37419 21.37419 21.37419 21.37418 21.37418 21.37418 0 0 0 0 0 0 0 0 0 0 0 0 0 0 0 0 0 0 0
2.605306 2.605306 2.605306 2.605306 2.605306 2.605306 2.605306 2.605306 2.605306 2.605306 2.605306 2.605306 2.605306 5.059999 9.652175 9.652175 9.652175 9.652175 9.652175 9.652175 9.652175 9.652175 9.652175 9.652175 9.652175 9.652175 9.652175 9.652175 9.652175 9.652175 9.652175 9.652176 9.652175 9.652175 9.652175 4.831239 2.914366 2.914366 2.914366 2.914366 2.914366 2.914366 9.883725 21.17938 21.37418 21.37419 21.37418 21.37418 21.37418 21.37418 21.37419 21.37419 21.37418 21.37418 21.37418 21.37418 0 0 0 0 0 0 0 0 0 0 0 0 0 0 0 0 0 0 0 0 0 0
2.605306 2.605306 2.605306 2.605306 2.605306 2.605306 2.605306 2.605306 2.605306 2.605306 2.605306 2.605306 2.605306 3.02737 9.308965 9.652175 9.652174 9.652175 9.652174 9.652174 9.652175 9.652175 9.652174 9.652175 9.652174 9.652175 9.652175 9.652175 9.652174 9.652175 9.652174 9.652175 9.652174 9.652175 9.652175 8.063665 3.528623 2.914366 2.914366 2.914366 2.914366 2.914365 2.914366 15.53249 21.37418 21.37418 21.37418 21.37418 21.37418 21.37418 21.37418 21.37418 21.37418 0 0 0 0 0 0 0 0 0 0 0 0 0 0 0 0 0 0 0 0 0 0 0 0 0
2.605306 2.605306 2.605306 2.605306 2.605306 2.605306 2.605306 2.605306 2.605306 2.605306 2.605306 2.605306 2.605306 2.605306 7.797915 9.652175 9.652175 9.652175 9.652175 9.652176 9.652176 9.652175 9.652175 9.652175 9.652175 9.652176 9.652175 9.652175 9.652175 9.652175 9.652175 9.652176 9.652175 9.652175 9.652175 9.652175 6.564742 2.962935 2.914366 2.914366 2.914366 2.914366 2.914366 4.396173 20.94494 21.37418 21.37418 21.37418 21.37418 0 0 0 0 0 0 0 0 0 0 0 0 0 0 0 0 0 0 0 0 0 0 0 0 0 0 0 0 0
2.605306 2.605306 2.605306 2.605306 2.605306 2.605306 2.605306 2.605306 2.605306 2.605306 2.605306 2.605306 2.605306 2.605306 5.660181 9.652176 9.652174 9.652175 9.652175 9.652175 9.652175 9.652175 9.652175 9.652175 9.652175 9.652175 9.652175 9.652175 9.652175 9.652174 9.652174 9.652175 9.652175 9.652175 9.652176 9.652175 8.93323 2.914366 2.914366 2.914366 2.914366 2.914366 2.914366 0 0 0 0 0 0 0 0 0 0 0 0 0 0 0 0 0 0 0 0 0 0 0 0 0 0 0 0 0 0 0 0 0 0 0
2.605306 2.605306 2.605306 2.605306 2.605306 2.605306 2.605306 2.605306 2.605306 2.605306 2.605306 2.605306 2.605306 2.605306 2.938308 9.332626 9.652176 9.652174 9.652174 9.652174 9.652175 9.652175 9.652175 9.652174 9.652174 9.652174 9.652174 9.652174 9.652175 9.652174 9.652175 9.652174 9.652174 9.652175 9.652175 9.652175 9.652174 0 0 0 0 0 0 0 0 0 0 0 0 0 0 0 0 0 0 0 0 0 0 0 0 0 0 0 0 0 0 0 0 0 0 0 0 0 0 0 0 0
2.605306 2.605306 2.605306 2.605306 2.605306 2.605306 2.605306 2.605306 2.605306 2.605306 2.605306 2.605306 2.605306 2.605306 2.605306 8.226538 9.652174 9.652174 9.652174 9.652174 9.652174 9.652175 9.652175 9.652174 9.652175 9.652174 9.652175 9.652174 9.652175 9.652175 9.652175 9.652174 0 0 0 0 0 0 0 0 0 0 0 0 0 0 0 0 0 0 0 0 0 0 0 0 0 0 0 0 0 0 0 0 0 0 0 0 0 0 0 0 0 0 0 0 0 0
2.605306 2.605306 2.605306 2.605306 2.605306 2.605306 2.605306 2.605306 2.605306 2.605306 2.605306 2.605306 2.605306 2.605306 2.605306 6.944335 9.652175 9.652175 9.652175 9.652175 9.652174 9.652174 9.652174 9.652174 0 0 0 0 0 0 0 0 0 0 0 0 0 0 0 0 0 0 0 0 0 0 0 0 0 0 0 0 0 0 0 0 0 0 0 0 0 0 0 0 0 0 0 0 0 0 0 0 0 0 0 0 0 0
19.50306 18.37341 2.605306 2.605306 2.605306 2.605306 2.605306 2.605306 2.605306 2.605306 2.605306 2.605306 2.605306 2.605306 2.605306 4.837134 9.652175 9.652175 9.652175 0 0 0 0 0 0 0 0 0 0 0 0 0 0 0 0 0 0 0 0 0 0 0 0 0 0 0 0 0 0 0 0 0 0 0 0 0 0 0 0 0 0 0 0 0 0 0 0 0 0 0 0 0 0 0 0 0 0 0
36.46059 36.4537 5.484152 2.605306 2.605306 2.605306 2.605306 2.605306 2.605306 2.605306 2.605306 0 0 0 0 0 0 0 0 0 0 0 0 0 0 0 0 0 0 0 0 0 0 0 0 0 0 0 0 0 0 0 0 0 0 0 0 0 0 0 0 0 0 0 0 0 0 0 0 0 0 0 0 0 0 0 0 0 0 0 0 0 0 0 0 0 0 0
0 0 0 0 0 0 0 0 0 0 0 0 0 0 0 0 0 0 0 0 0 0 0 0 0 0 0 0 0 0 0 0 0 0 0 0 0 0 0 0 0 0 0 0 0 0 0 0 0 0 0 0 0 0 0 0 0 0 0 0 0 0 0 0 0 0 0 0 0 0 0 0 0 0 0 0 0 0
0 0 0 0 0 0 0 0 0 0 0 0 0 0 0 0 0 0 0 0 0 0 0 0 0 0 0 0 0 0 0 0 0 0 0 0 0 0 0 0 0 0 0 0 0 0 0 0 0 0 0 0 0 0 0 0 0 0 0 0 0 0 0 0 0 0 0 0 0 0 0 0 0 0 0 0 0 0
0 0 0 0 0 0 0 0 0 0 0 0 0 0 0 0 0 0 0 0 0 0 0 0 0 0 0 0 0 0 0 0 0 0 0 0 0 0 0 0 0 0 0 0 0 0 0 0 0 0 0 0 0 0 0 0 0 0 0 0 0 0 0 0 0 0 0 0 0 0 0 0 0 0 0 0 0 0
0 0 0 0 0 0 0 0 0 0 0 0 0 0 0 0 0 0 0 0 0 0 0 0 0 0 0 0 0 0 0 0 0 0 0 0 0 0 0 0 0 0 0 0 0 0 0 0 0 0 0 0 0 0 0 0 0 0 0 0 0 0 0 0 0 0 0 0 0 0 0 0 0 0 0 0 0 0
0 0 0 0 0 0 0 0 0 0 0 0 0 0 0 0 0 0 0 0 0 0 0 0 0 0 0 0 0 0 0 0 0 0 0 0 0 0 0 0 0 0 0 0 0 0 0 0 0 0 0 0 0 0 0 0 0 0 0 0 0 0 0 0 0 0 0 0 0 0 0 0 0 0 0 0 0 0
0 0 0 0 0 0 0 0 0 0 0 0 0 0 0 0 0 0 0 0 0 0 0 0 0 0 0 0 0 0 0 0 0 0 0 0 0 0 0 0 0 0 0 0 0 0 0 0 0 0 0 0 0 0 0 0 0 0 0 0 0 0 0 0 0 0 0 0 0 0 0 0 0 0 0 0 0 0
0 0 0 0 0 0 0 0 0 0 0 0 0 0 0 0 0 0 0 0 0 0 0 0 0 0 0 0 0 0 0 0 0 0 0 0 0 0 0 0 0 0 0 0 0 0 0 0 0 0 0 0 0 0 0 0 0 0 0 0 0 0 0 0 0 0 0 0 0 0 0 0 0 0 0 0 0 0
