Scenarios/Global_Grid/data/country_data_population_distribution/processed/density_grids/arg.asc
ncols 489
nrows 821
xllcorner -73
yllcorner -55
[rows 210 to 244 of 821, columns 156 to 233 of 489]
1.321701 1.321701 1.321701 1.321701 1.321701 1.321701 1.321701 1.238292 0.7916133 0.7296866 0.7300752 0.7300752 0.7300752 0.7300752 0.7300752 0.7300752 0.7300752 0.7300752 0.7300752 0.7300752 0.7300752 0.7300752 0.7300752 0.7300752 0.7300752 0.7300752 0.7300752 0.7300752 0.7300752 0.7300752 1.522964 2.577094 2.577094 2.578383 2.577234 2.577094 2.577094 2.577094 2.577094 2.577094 2.577094 2.577094 2.577094 2.577094 2.577094 2.577094 2.577094 2.577094 2.577094 2.577094 5.428099 10.18328 10.18328 10.18328 10.18328 10.18328 10.18328 10.18328 10.18328 10.18328 10.18328 10.18328 10.18328 10.18328 9.994899 7.500068 6.533804 6.533804 6.533804 6.533804 6.533804 6.533804 6.533804 6.533804 6.533804 6.533804 6.533804 6.533804
1.321701 1.321701 1.321701 1.321701 1.321701 1.321701 1.321701 1.321701 1.282778 0.8158496 0.7511697 0.7708973 0.7677304 0.7646545 0.7692326 0.7550852 0.7300867 0.7300751 0.7300752 0.7300751 0.7300752 0.7300751 0.7300752 0.7300751 0.7300752 0.7300751 0.7300752 0.7300751 0.7300752 0.8230077 2.504433 2.577093 2.577094 2.577093 2.577094 2.577093 2.577094 2.577093 2.577094 2.577093 2.577094 2.577094 2.577094 2.577093 2.577094 2.577093 2.577094 2.577094 2.577094 2.589722 8.779865 10.18328 10.18328 10.18328 10.18328 10.18328 10.18328 10.18328 10.18328 10.18328 10.18328 10.18328 10.18328 10.18328 10.18328 10.02863 7.615649 6.533804 6.533803 6.533804 6.533803 6.533804 6.533803 6.533804 6.533803 6.533804 6.533803 6.533804
1.321701 1.321701 1.321701 1.321701 1.321701 1.321701 1.321701 1.321701 1.321701 1.226991 1.08112 1.08112 1.08112 1.08112 1.08112 1.08051 1.075336 1.051491 0.9842374 0.9175181 0.8538141 0.7901177 0.7363164 0.7300751 0.7300751 0.7300751 0.7300752 0.7300751 0.7300752 0.7768735 2.276407 2.577094 2.577093 2.577094 2.577094 2.577094 2.577094 2.577094 2.577094 2.577094 2.577094 2.577094 2.577094 2.577094 2.577094 2.577094 2.577094 2.577094 2.577094 3.749818 9.341884 10.17824 10.18328 10.18328 10.18328 10.18328 10.18328 10.18328 10.18328 10.18328 10.18328 10.18328 10.18328 10.18328 10.18328 10.18328 10.07856 9.363976 9.377481 9.382419 8.935732 6.533804 6.533803 6.533804 6.533803 6.533804 6.533804 6.533804
1.321701 1.321701 1.321701 1.321701 1.321701 1.321701 1.321701 1.321701 1.321701 1.312737 1.132418 1.08112 1.08112 1.08112 1.08112 1.08112 1.08112 1.08112 1.08112 1.08112 1.08112 1.08112 1.071225 1.010888 0.9436364 0.7484131 0.7300751 0.7300752 0.746674 0.8488618 1.185761 2.461047 2.577093 2.577094 2.577094 2.577094 2.577093 2.577093 2.577093 2.577094 2.577093 2.577093 2.577093 2.577094 2.577093 2.577093 2.577093 2.577093 2.577093 1.660464 1.273357 1.877295 3.310724 4.745459 6.177136 10.00502 10.18328 10.18328 10.18328 10.18328 10.18328 10.18328 10.18328 10.18328 10.18328 10.18328 10.18328 10.18328 10.18328 10.18328 9.870033 8.144962 8.148936 39.70302 38.17488 12.51722 6.533804 6.533804
1.321701 1.321701 1.321701 1.321701 1.321701 1.321701 1.321701 1.321701 1.321701 1.321701 1.289448 1.117222 1.08112 1.08112 1.08112 1.08112 1.08112 1.08112 1.08112 1.08112 1.08112 1.08112 1.08112 1.08112 1.08112 0.9233704 0.8628035 0.9712518 1.068957 1.08112 1.08112 1.902638 2.577094 2.577094 2.577093 2.577094 2.577094 2.577094 2.577094 2.577094 2.577094 2.577094 2.577094 2.577094 2.577094 2.577094 2.577094 2.577094 2.377193 1.281606 1.273357 1.273357 1.273357 1.273357 1.273357 5.896939 10.18328 10.18328 10.18328 10.18328 10.18328 10.18328 10.18328 10.18328 10.18328 10.18328 10.18328 10.18328 10.18328 10.18328 10.18328 10.18328 10.18328 81.85573 84.6908 57.19271 6.533804 6.533804
1.322685 1.321701 1.321701 1.321701 1.321701 1.321701 1.321701 1.321701 1.321701 1.321701 1.321701 1.319157 1.219878 1.081648 1.08112 1.08112 1.08112 1.08112 1.08112 1.08112 1.08112 1.08112 1.08112 1.08112 1.08112 1.08112 1.08112 1.08112 1.08112 1.08112 1.08112 1.633363 2.425856 2.408413 2.387676 2.379255 2.389643 2.401943 2.414243 2.426435 2.437864 2.448822 2.459778 2.470736 2.481692 2.492649 2.503606 2.514563 1.795119 1.273357 1.273357 1.273357 1.273357 1.273357 1.273357 4.06346 10.18328 10.18328 10.18328 10.18328 10.18328 10.18328 10.18328 10.18328 10.18328 10.18328 10.18328 10.18328 10.18328 10.18328 10.18328 10.18328 13.15315 81.46463 84.6908 66.35329 9.767388 6.602142
1.530892 1.334405 1.321701 1.321701 1.321701 1.321701 1.321701 1.321701 1.321701 1.321701 1.321701 1.321701 1.321701 1.15655 1.08112 1.08112 1.08112 1.08112 1.08112 1.08112 1.08112 1.08112 1.08112 1.08112 1.08112 1.08112 1.08112 1.08112 1.08112 1.08112 1.08112 1.383326 1.95969 1.95969 1.95969 1.95969 1.95969 1.95969 1.95969 1.95969 1.95969 1.95969 1.95969 1.95969 1.95969 1.95969 1.95969 1.908452 1.300355 1.273357 1.273357 1.273357 1.273357 1.273357 1.273357 4.126327 10.18328 10.18328 10.18328 10.18328 10.18328 10.18328 10.18328 10.18328 10.18328 10.18328 10.18328 10.18328 10.18328 10.18328 10.18328 10.9018 59.06083 84.6908 84.6908 84.6908 79.94694 32.2775
1.569788 1.519616 1.339085 1.321701 1.321701 1.321701 1.321701 1.321701 1.321701 1.321701 1.321701 1.321701 1.321701 1.258892 1.08112 1.08112 1.08112 1.08112 1.08112 1.08112 1.08112 1.08112 1.08112 1.08112 1.08112 1.08112 1.08112 1.08112 1.08112 1.08112 1.361216 1.950799 1.95969 1.95969 1.95969 1.95969 1.95969 1.95969 1.95969 1.95969 1.95969 1.95969 1.95969 1.95969 1.95969 1.95969 1.95969 1.63079 1.273357 1.273357 1.273357 1.273357 1.273357 1.273357 1.273357 3.786881 10.18328 10.18328 10.18272 9.610058 10.12471 10.18328 10.18328 10.18328 10.18328 10.18328 10.18328 10.18328 10.18328 10.18328 10.18328 11.32211 59.95076 84.6908 84.6908 84.6908 84.6908 33.67133
1.569787 1.569787 1.490386 1.321738 1.321701 1.321701 1.321701 1.321701 1.321701 1.321701 1.321701 1.321701 1.321701 1.265842 1.08112 1.08112 1.08112 1.08112 1.08112 1.08112 1.08112 1.08112 1.08112 1.08112 1.08112 1.08112 1.08112 1.08112 1.08112 1.08112 1.650865 1.95969 1.95969 1.95969 1.95969 1.95969 1.95969 1.95969 1.95969 1.95969 1.95969 1.95969 1.95969 1.95969 1.95969 1.95969 1.942644 1.341916 1.273357 1.273357 1.273357 1.273357 1.273357 1.273357 1.273357 1.402127 2.985452 3.133464 2.108865 1.273357 7.718761 10.18328 10.18328 10.18328 10.18328 10.18328 10.18328 10.18328 10.18328 10.18328 10.18328 10.18328 54.1563 84.6908 84.6908 84.6908 84.6908 48.03807
4.468596 4.504344 4.540094 3.424256 1.341309 1.321701 1.321701 1.321701 1.321701 1.321701 1.321701 1.321701 1.321701 1.218356 1.08112 1.08112 1.08112 1.08112 1.08112 1.08112 1.08112 1.08112 1.08112 1.08112 1.08112 1.08112 1.08112 1.08112 1.08112 1.20486 1.879854 1.95969 1.95969 1.95969 1.95969 1.95969 1.95969 1.95969 1.95969 1.95969 1.95969 1.95969 1.95969 1.95969 1.95969 1.95969 1.702342 1.273357 1.273357 1.273357 1.273357 1.273357 1.273357 1.273357 1.273357 1.273357 1.273357 1.273357 1.273357 1.273357 6.988285 10.18328 10.18328 10.18328 10.18328 10.18328 10.18328 10.18328 10.18328 10.18328 10.18328 36.33665 80.33971 84.6908 84.69081 84.6908 84.69081 106.5826
5.919223 5.919224 5.919224 5.919224 3.560102 1.321701 1.321701 1.321701 1.321701 1.321701 1.321701 1.321701 1.321701 1.170115 1.08112 1.08112 1.08112 1.08112 1.08112 1.08112 1.08112 1.08112 1.08112 1.08112 1.08112 1.08112 1.08112 1.08112 1.454272 1.931897 1.95969 1.95969 1.95969 1.95969 1.95969 1.95969 1.95969 1.95969 1.95969 1.95969 1.95969 1.95969 1.95969 1.95969 1.95969 1.95814 1.395994 1.273357 1.273357 1.273357 1.273357 1.273357 1.273357 1.273357 1.273357 1.273357 1.273357 1.273357 1.273357 1.273357 2.403281 9.741356 10.18328 10.18328 10.18328 10.18328 10.18328 10.18328 10.18328 10.18328 10.18328 30.81503 84.6908 84.6908 84.6908 84.6908 84.6908 102.9467
5.919224 5.919224 5.919224 5.917482 1.833217 1.321701 1.321701 1.321701 1.321701 1.321701 1.321701 1.321701 1.321701 1.189918 1.08112 1.08112 1.08112 1.08112 1.08112 1.08112 1.08112 1.08112 1.08112 1.08112 1.08112 1.08112 1.08112 1.08112 1.561197 1.95969 1.95969 1.95969 1.95969 1.95969 1.95969 1.95969 1.95969 1.95969 1.95969 1.95969 1.95969 1.95969 1.95969 1.95969 1.95969 1.777689 1.273357 1.273357 1.273357 1.273357 1.273357 1.273357 1.273357 1.273357 1.273357 1.273357 1.273357 1.273357 1.273357 1.273357 1.273357 7.541985 10.18328 10.18328 10.18328 10.18328 10.18328 10.18328 10.18328 10.18328 10.18328 26.14032 54.71569 84.6908 84.6908 84.6908 84.6908 112.1964
5.919224 5.919224 5.919224 5.919224 4.534028 1.367917 1.321701 1.321701 1.321701 1.321701 1.321701 1.321701 1.321701 1.315033 1.118698 1.08112 1.08112 1.08112 1.08112 1.08112 1.08112 1.08112 1.08112 1.08112 1.08112 1.08112 1.08112 1.08112 1.315105 1.95969 1.95969 1.95969 1.95969 1.95969 1.95969 1.95969 1.95969 1.95969 1.95969 1.95969 1.95969 1.95969 1.95969 1.95969 1.95969 1.616 1.273357 1.273357 1.273357 1.273357 1.273357 1.273357 1.273357 1.273357 1.273357 1.273357 1.273357 1.273357 1.273357 1.273357 1.273357 5.861926 8.857599 10.18328 10.18328 10.18328 10.18328 10.18328 10.18328 10.18328 10.18328 17.49944 73.42007 84.6908 84.6908 84.6908 84.6908 118.613
5.919224 5.919224 5.919224 5.919224 5.685152 2.142856 1.321701 1.321701 1.321701 1.321701 1.321701 1.321701 1.321701 1.321701 1.963966 2.10171 2.121678 2.141646 2.161614 2.181582 2.201355 2.207002 2.204591 2.203315 2.202087 2.20086 2.200376 2.201009 2.2274 2.141531 1.95969 1.95969 1.95969 1.95969 1.95969 1.95969 1.95969 1.95969 1.95969 1.95969 1.95969 1.95969 1.95969 1.95969 1.95969 1.618601 1.273357 1.273357 1.273357 1.273357 1.273357 1.273357 1.273357 1.273357 1.273357 1.273357 1.273357 1.273357 1.273357 1.273357 1.273357 1.28252 1.649958 6.636233 10.18328 10.18328 10.18328 10.18328 10.18328 10.18328 10.18328 24.15071 84.6908 84.6908 84.6908 84.6908 84.6908 107.6056
5.919224 5.919224 5.919224 5.919224 5.919224 1.740679 1.321701 1.321701 1.321701 1.321701 1.321701 1.321701 1.321701 1.322406 2.986121 3.095162 3.095162 3.095162 3.095162 3.095162 3.095162 3.095162 3.095162 3.095162 3.095162 3.095162 3.095162 3.095162 3.095163 2.811067 1.95969 1.95969 1.95969 1.95969 1.95969 1.95969 1.95969 1.95969 1.95969 1.95969 1.95969 1.95969 1.95969 1.95969 1.95969 1.620347 1.273357 1.273357 1.273357 1.273357 1.273357 1.273357 1.273357 1.273357 1.273357 1.273357 1.273357 1.273357 1.273357 1.273357 1.273357 1.273357 1.273357 1.285683 4.782536 9.628364 10.18328 10.18328 10.18328 10.18328 10.18328 43.69854 84.6908 84.69081 84.6908 84.6908 84.6908 97.41676
5.919224 5.919224 5.919224 5.919224 5.919224 3.664678 1.321701 1.321701 1.321701 1.321701 1.321701 1.321701 1.321701 1.467904 3.095163 3.095163 3.095162 3.095163 3.095162 3.095162 3.095163 3.095163 3.095162 3.095163 3.095163 3.095162 3.095162 3.095162 3.095162 3.024932 1.959691 1.95969 1.95969 1.95969 1.95969 1.95969 1.95969 1.95969 1.95969 1.95969 1.95969 1.95969 1.95969 1.95969 1.95969 1.621807 1.273357 1.273357 1.273357 1.273357 1.273357 1.273357 1.273357 1.273357 1.273357 1.273357 1.273357 1.273357 1.273357 1.273357 1.273357 1.273357 1.273357 1.273357 1.273357 4.118031 10.18328 10.18328 10.18328 10.18328 10.18328 68.87373 84.6908 84.6908 84.6908 84.6908 84.6908 84.95796
5.919224 5.919224 5.919224 5.919224 5.919224 4.563267 1.329351 1.321701 1.321701 1.321701 1.321701 1.321701 1.321701 1.722445 3.095162 3.095162 3.095162 3.095162 3.095162 3.095162 3.095162 3.095162 3.095162 3.095162 3.095162 3.095162 3.095162 3.095162 3.095162 3.095162 3.057888 2.954105 1.479258 1.434661 1.65651 1.876367 1.95969 1.95969 1.95969 1.95969 1.95969 1.95969 1.95969 1.95969 1.95969 1.620973 1.273357 1.273357 1.273357 1.273357 1.273357 1.273357 1.273357 1.273357 1.273357 1.273357 1.273357 1.273357 1.273357 1.273357 1.273357 1.273357 1.273357 1.273357 1.273357 1.353225 6.991066 10.18328 10.18328 10.18328 10.21048 74.04409 84.6908 84.6908 84.6908 84.6908 84.6908 86.11856
5.919224 5.919224 5.919224 5.919224 5.919224 5.919224 4.030142 1.321701 1.321701 1.321701 1.321701 1.321701 1.321701 1.976985 3.095162 3.095162 3.095162 3.095162 3.095162 3.095162 3.095162 3.095162 3.095162 3.095162 3.095162 3.095162 3.095162 3.095162 3.095162 3.095162 3.095162 2.212228 1.02777 1.02777 1.02777 1.02974 1.16828 1.390158 1.612012 1.833842 1.959187 1.95969 1.95969 1.95969 1.95969 1.828088 1.685926 1.680627 1.675006 1.668083 1.661864 1.656015 1.651621 1.643562 1.633695 1.624071 1.614675 1.605451 1.596257 1.587116 1.575207 1.562446 1.549884 1.534745 1.506657 1.76608 5.723591 10.18328 10.18328 10.18328 14.24845 80.20957 84.6908 84.6908 84.6908 84.6908 84.6908 96.7842
5.919224 5.919224 5.919224 5.919224 5.919224 5.919224 5.776967 1.354668 1.321701 1.321701 1.321701 1.321701 1.321701 2.227765 3.095162 3.095162 3.095162 3.095162 3.095162 3.095162 3.095162 3.095162 3.095162 3.095162 3.095162 3.095162 3.095162 3.095162 3.095162 3.095162 3.095162 1.700447 1.02777 1.02777 1.02777 1.02777 1.02777 1.02777 1.02777 1.02777 1.124275 1.345654 1.567513 1.788836 1.951226 1.909391 1.856344 1.856344 1.856344 1.856344 1.856344 1.856344 1.856344 1.856344 1.856344 1.856344 1.856344 1.856344 1.856344 1.856344 1.856344 1.856344 1.856344 1.856344 1.856344 1.856344 9.178746 10.18328 10.18328 10.18328 49.47366 84.6908 84.6908 84.6908 84.6908 84.6908 84.6908 103.4295
5.919224 5.919224 5.919224 5.919224 5.919224 5.919224 5.919224 1.627995 1.321701 1.321701 1.321701 1.321701 1.321701 2.44481 3.095162 3.095162 3.095162 3.095162 3.095162 3.095162 3.095162 3.095162 3.095162 3.095162 3.095162 3.095162 3.095162 3.095162 3.095162 3.095162 3.095162 1.690193 1.02777 1.02777 1.02777 1.02777 1.02777 1.02777 1.02777 1.02777 1.02777 1.02777 1.02777 1.02777 1.085057 1.539002 1.856344 1.856344 1.856344 1.856344 1.856344 1.856344 1.856344 1.856344 1.856344 1.856344 1.856344 1.856344 1.856344 1.856344 1.856344 1.856344 1.856344 1.856344 1.856344 2.594664 9.855282 10.18328 10.18328 10.51747 78.67306 84.6908 84.6908 84.6908 84.6908 84.6908 84.6908 94.3487
5.919224 5.919224 5.919224 5.919224 5.919224 5.919224 5.919224 3.103135 1.321701 1.321701 1.321701 1.321701 1.321701 2.266785 3.095162 3.095162 3.095162 3.095162 3.095162 3.095162 3.095162 3.095162 3.095162 3.095162 3.095162 3.095162 3.095162 3.095162 3.095162 3.095162 3.095162 1.692242 1.02777 1.02777 1.02777 1.02777 1.02777 1.02777 1.02777 1.02777 1.02777 1.02777 1.02777 1.02777 1.02777 1.42677 1.856344 1.856344 1.856344 1.856344 1.856344 1.856344 1.856344 1.856344 1.856344 1.856344 1.856344 1.856344 1.856344 1.856344 1.856344 1.856344 2.427957 4.161225 5.500423 5.83423 10.45879 10.47658 10.2016 24.84665 84.6908 84.6908 84.6908 84.6908 84.6908 84.6908 84.6908 68.15144
5.919224 5.919224 5.919224 5.919224 5.919224 5.919224 5.919224 5.856122 3.243915 1.446937 2.03363 2.642789 3.211843 3.701127 3.47376 3.095163 3.095163 3.095163 3.095163 3.095163 3.095163 3.095163 3.095162 3.095163 3.095162 3.095162 3.095163 3.095163 3.095162 3.095163 3.095162 1.988019 1.02777 1.02777 1.02777 1.02777 1.02777 1.02777 1.02777 1.02777 1.02777 1.02777 1.02777 1.02777 1.02777 1.425903 1.856344 1.856344 1.856344 1.856344 1.856344 1.856344 1.856344 1.856344 1.856344 1.856344 1.856344 1.856344 1.856344 2.042668 4.039466 8.943263 12.37621 12.64615 12.64615 12.64615 12.64615 12.64615 14.87934 73.81467 84.6908 84.6908 84.6908 84.6908 84.6908 84.39984 48.61271 42.99836
5.919224 5.919224 5.919224 5.919224 5.919224 5.919224 5.919224 5.919224 5.91893 5.667142 5.919224 5.919224 5.919224 5.919224 4.214809 3.095163 3.095162 3.095163 3.095163 3.095163 3.095163 3.095163 3.095162 3.095163 3.095162 3.095163 3.095163 3.095163 3.095162 3.095163 3.095163 3.054157 1.498646 1.02777 1.02777 1.02777 1.02777 1.02777 1.02777 1.02777 1.02777 1.02777 1.02777 1.02777 1.02777 1.425036 1.856344 1.856344 1.856344 1.856344 1.856344 1.856344 1.856344 1.856344 1.856343 1.856344 1.856344 1.856344 1.856344 4.040005 12.63597 12.64615 12.64615 12.64615 12.64615 12.64615 12.64615 12.64615 12.79771 77.27994 84.6908 84.6908 84.6908 84.6908 84.6908 74.7762 35.16962 35.16962
5.919224 5.919224 5.919224 5.919224 5.919224 5.919224 5.919224 5.919224 5.919224 5.919224 5.919224 5.919224 5.919224 5.919224 4.495375 3.095162 3.095162 3.095162 3.095162 3.095162 3.095162 3.095162 3.095162 3.095162 3.095162 3.095162 3.095162 3.095162 3.095162 3.095162 3.095162 3.095162 2.546637 1.02777 1.02777 1.02777 1.02777 1.02777 1.02777 1.02777 1.02777 1.02777 1.02777 1.02777 1.02777 1.424225 1.856344 1.856344 1.856344 1.856344 1.856344 1.856344 1.856344 1.856344 1.856344 1.856344 1.856344 1.856344 1.856344 1.856344 12.60286 12.64615 12.64615 12.64615 12.64615 12.64615 12.64615 12.64615 12.64615 34.02374 84.6908 84.6908 84.6908 84.6908 84.62748 52.17364 35.16962 35.16962
5.919224 5.919224 5.919224 5.919224 5.919224 5.919224 5.919224 5.919224 5.919224 5.919224 5.919224 5.919224 5.919224 5.919224 5.163257 3.104519 3.095162 3.095162 3.095162 3.095162 3.095162 3.095162 3.095162 3.095162 3.095162 3.095162 3.095162 3.095162 3.095162 3.095162 3.095162 3.095162 2.458198 1.02777 1.02777 1.02777 1.02777 1.02777 1.02777 1.02777 1.02777 1.02777 1.02777 1.02777 1.02777 1.423476 1.856343 1.856343 1.856343 1.856344 1.856343 1.856343 1.856343 1.856343 1.856343 1.856343 1.856343 1.948553 6.135771 6.650736 12.62911 12.64615 12.64615 12.64615 12.64615 12.64615 12.64615 12.64615 12.64615 43.16019 84.6908 84.6908 84.6908 84.6908 74.70641 35.16962 35.16962 35.16962
5.919224 5.919224 5.919224 5.919224 5.919224 5.919224 5.919224 5.919224 5.919224 5.919224 5.919224 5.919224 5.919224 5.919224 5.919224 4.800889 3.135658 3.095162 3.095162 3.095162 3.095162 3.095162 3.095162 3.095162 3.095162 3.095162 3.095162 3.095162 3.095162 3.095162 3.095162 3.095162 2.51597 1.02777 1.02777 1.02777 1.02777 1.02777 1.02777 1.02777 1.02777 1.02777 1.02777 1.02777 1.02777 1.422737 1.856344 1.856344 1.856344 1.856344 1.856344 1.856344 2.205697 3.158084 2.390031 1.856344 1.856344 2.218559 12.27917 12.64615 12.64615 12.64615 12.64615 12.64615 12.64615 12.64615 12.64615 12.64615 12.64615 22.57639 84.37129 84.6908 84.6908 84.6908 71.26704 35.16962 35.16962 35.16962
5.919224 5.919223 5.919224 5.919224 5.919224 5.919224 5.919224 5.919223 5.919224 5.919223 5.919224 5.919224 5.919224 5.919224 5.919224 5.919225 4.851375 3.368972 3.331746 3.095163 3.095163 3.095163 3.095163 3.095163 3.095162 3.095162 3.095162 3.095163 3.095162 3.095162 3.095163 3.095162 2.817834 1.02777 1.02777 1.02777 1.02777 1.02777 1.02777 1.02777 1.02777 1.02777 1.02777 1.02777 1.02777 1.422 1.856344 1.856344 1.856344 1.856344 1.856344 1.856344 4.705291 12.64615 8.995178 6.359002 6.323353 3.990724 9.046659 12.64615 12.64615 12.64615 12.64615 12.64615 12.64615 12.64615 12.64615 12.64615 12.64615 12.64615 66.66994 84.69081 84.6908 84.6908 72.0396 35.16962 35.16962 35.16962
5.919224 5.919224 5.919223 5.919224 5.919224 5.919223 5.919224 5.919223 5.919223 5.919223 5.919224 5.919223 5.919224 5.919223 5.919223 5.919223 5.919223 5.919224 5.918906 3.494979 3.095162 3.083589 2.913769 3.091527 3.095162 3.095162 3.095162 3.095162 3.095162 3.095162 3.095162 3.095162 2.736192 1.02777 1.02777 1.02777 1.02777 1.02777 1.02777 1.02777 1.02777 1.02777 1.02777 1.02777 1.02777 1.42248 1.856344 1.856344 1.856344 1.856344 1.856344 1.856344 6.651922 12.64615 12.64615 12.64615 12.64615 11.98611 11.95685 12.64615 12.64615 12.64615 12.64615 12.64615 12.64615 12.64615 12.64615 12.64615 12.64615 12.64615 22.75372 47.69714 61.74851 70.1692 68.40639 35.16962 35.16962 35.16962
5.919223 5.919224 5.919224 5.919224 5.919224 5.919224 5.919224 5.919224 5.919224 5.919224 5.919224 5.919224 5.919223 5.919224 5.919224 5.919224 5.919224 5.919223 5.919224 4.381167 1.592907 1.133547 1.02777 1.208433 1.68193 2.312589 2.960353 3.095162 3.095162 3.095162 3.095162 3.095162 2.719001 1.02777 1.02777 1.02777 1.02777 1.02777 1.02777 1.02777 1.02777 1.02777 1.02777 1.02777 1.02777 2.206822 3.393427 3.256481 3.119091 2.209816 1.856344 1.859901 11.31968 12.64615 12.64615 12.64615 12.64615 12.64615 12.64615 12.64615 12.64615 12.64615 12.64615 12.64615 12.64615 12.64615 12.64615 12.64615 12.64615 12.71287 25.02951 35.16962 35.16962 35.26688 35.16962 35.16962 35.16962 35.16962
5.919224 5.919224 5.919224 5.919224 5.919224 5.919224 5.919224 5.919224 5.919224 5.919224 5.919224 5.919224 5.919224 5.919224 5.919224 5.919224 5.919224 5.919224 5.919224 5.919224 3.007523 1.02777 1.02777 1.02777 1.02777 1.02777 1.07772 1.640749 2.338541 2.976002 3.095162 3.095162 2.899174 1.02777 1.02777 1.02777 1.02777 1.02777 1.02777 1.02777 1.02777 1.02777 1.02777 1.02777 1.02777 6.548329 12.64615 12.64615 12.64615 10.99531 10.33606 10.33853 12.64615 12.64615 12.64615 12.64615 12.64615 12.64615 12.64615 12.64615 12.64615 12.64615 12.64615 12.64615 12.64615 12.64615 12.64615 12.64615 12.64615 18.28037 35.16962 35.16962 35.16962 35.16962 35.16962 35.16962 35.16962 35.16962
5.351604 5.581736 5.811722 5.919224 5.919224 5.919224 5.919224 5.919224 5.919224 5.919224 5.919224 5.919224 5.919224 5.919224 5.919224 5.919224 5.919224 5.919224 5.919224 5.919224 5.185129 2.531563 1.02777 1.02777 1.02777 1.02777 1.02777 1.02777 1.02777 1.088425 1.72703 2.534185 2.779668 1.02777 1.02777 1.02777 1.02777 1.02777 1.02777 1.02777 1.02777 1.02777 1.02777 1.02777 1.02777 6.556012 12.64615 12.64615 12.64615 12.64615 12.64615 12.64615 12.64615 12.64615 12.64615 12.64615 12.64615 12.64615 12.64615 12.64615 12.64615 12.64615 12.64615 12.64615 12.64615 12.64615 13.54971 15.15486 14.99866 27.31966 35.16962 35.16962 35.16962 35.16962 35.16962 28.75961 34.52268 35.16962
4.574895 4.574895 4.575023 4.697428 4.924533 5.150816 5.377081 5.60463 5.849927 5.919224 5.919224 5.919224 5.919224 5.919224 5.919224 5.919224 5.919224 5.919224 5.919224 5.919224 5.919224 5.900817 1.752082 1.02777 1.02777 1.02777 1.02777 1.02777 1.02777 1.02777 1.02777 1.02777 1.179434 1.02777 1.02777 1.02777 1.02777 1.02777 1.02777 1.02777 1.02777 1.04245 1.105258 1.02777 1.02777 6.540204 12.64615 12.64615 12.64615 12.64615 12.64615 12.64615 12.64615 12.64615 12.64615 12.64615 12.64615 12.64615 12.64615 12.64615 12.64615 12.64615 12.78831 16.70331 15.08767 12.64615 21.84933 34.14699 30.45503 31.41047 35.03136 35.16962 35.16962 35.16962 35.00987 14.37912 19.73954 21.62802
4.574895 4.574895 4.574895 4.574895 4.574895 4.574895 4.574895 4.188358 3.0858 2.868009 3.02714 2.711847 2.665027 3.574325 4.153606 4.335602 4.458062 4.377355 4.275024 4.583924 4.46876 4.128693 2.874407 1.284798 1.02777 1.02777 1.02777 1.02777 1.02777 1.02777 1.02777 1.02777 1.02777 1.02777 1.02777 1.02777 1.02777 1.02777 1.02777 1.02777 1.358087 2.099076 2.209227 1.417618 1.373495 3.715363 8.105961 15.61671 15.22176 19.51938 23.82821 18.45822 18.22766 19.61874 20.92077 16.81149 12.64615 12.64615 12.64615 12.64615 12.64615 16.6225 32.20204 38.06676 36.12251 20.50814 26.62908 16.70654 14.37912 14.37912 17.86551 20.13067 22.87735 21.30412 16.32741 14.37912 14.37912 14.37912
4.574895 4.574895 4.574895 4.574895 4.574895 4.574895 4.574895 4.036971 2.343179 2.343179 2.343179 2.343179 2.343179 2.343179 2.343179 2.343179 2.343179 2.343179 2.343179 2.343179 2.343179 2.343179 2.343179 2.260777 1.581114 1.191 1.028107 1.02777 1.02777 1.02777 1.02777 1.02777 1.02777 1.02777 1.02777 1.141145 1.462967 1.636303 1.621375 1.483288 2.340379 2.343179 2.343179 2.343179 2.343179 2.343179 5.323058 18.15196 18.15196 18.19412 23.53669 32.53357 38.01606 38.07238 38.07238 36.45132 28.31127 21.52628 22.06054 27.64509 34.37242 38.07238 38.07239 38.07238 38.07239 28.27366 14.37912 14.37912 14.37912 14.37912 14.37912 14.37912 14.37912 14.37912 14.37912 14.37912 14.37912 14.37912
4.574895 4.574895 4.574895 4.574895 4.574895 4.574895 4.574895 4.264395 2.343179 2.343179 2.343179 2.343179 2.343179 2.343179 2.343179 2.343179 2.343179 2.343179 2.343179 2.343179 2.343179 2.343179 2.343179 2.343179 2.343179 2.343179 2.210192 1.937235 1.599349 1.364936 1.105323 1.02777 1.02777 1.084777 2.010945 2.338096 2.343179 2.343179 2.343179 2.343179 2.343179 2.343179 2.343179 2.343179 2.343179 2.343179 5.298234 18.15196 18.15196 18.15196 18.15196 18.15196 21.7698 30.7846 37.66613 38.07238 38.07238 38.07238 38.07238 38.07238 38.07238 38.07238 38.07238 38.07238 38.07238 26.05873 14.37912 14.37912 14.37912 14.37912 14.37912 14.37912 14.37912 14.37912 14.37912 14.37912 14.37912 14.37912
