Scenarios/Global_Grid/data/country_data_population_distribution/processed/density_grids/ben.asc
ncols 92
nrows 154
xllcorner 0
yllcorner 6
[rows 42 to 83 of 154, columns 0 to 91 of 92]
28.36299 28.36299 28.36299 28.36299 0 0 0 0 0 0 0 0 0 0 0 0 0 0 0 0 0 0 0 85.30538 90.86247 90.85619 87.08681 80.78114 80.58769 80.58769 80.58769 79.54134 42.05511 16.78687 16.78687 16.78687 16.78687 16.83735 65.95038 121.2355 121.2355 121.2355 121.2355 64.5526 42.20694 42.20694 42.20693 42.20694 42.20693 41.77445 36.08463 34.81362 34.81362 34.81362 34.81362 34.81362 34.81362 34.81362 31.66984 30.08867 30.08867 30.08867 30.08867 30.08867 30.08867 30.08867 30.08867 30.08867 30.08867 30.08867 30.08867 30.08867 30.08867 30.08867 30.08867 30.08867 30.08867 30.08867 30.08867 30.08867 29.57517 28.39536 28.36299 28.36299 28.36299 28.36299 28.36299 28.36299 29.04621 29.77772 34.87891 36.86455
38.39529 41.55051 43.61734 48.02666 0 0 0 0 0 0 0 0 0 0 0 0 0 0 0 0 0 0 0 83.90928 90.86247 90.86248 90.86247 87.89338 81.83951 80.15073 55.59555 20.1423 16.78687 16.78687 16.78687 16.78687 30.68225 92.1373 121.2355 121.2355 121.2355 121.2355 119.649 45.50968 42.20693 42.20693 42.20693 42.20693 40.44347 35.51744 34.81362 34.81362 34.81362 34.81362 34.81362 34.81362 34.81362 34.81362 31.78836 30.08868 30.08867 30.08868 30.25208 30.23471 30.08868 30.08868 30.08868 30.08867 30.08868 30.10601 31.58336 30.98265 30.08868 30.08868 30.08868 30.08867 30.08868 30.08868 30.08868 30.05693 28.68426 28.36299 28.36299 28.36299 32.04298 41.78979 50.19067 58.45547 65.69309 66.05638 66.05638 66.05637
66.05638 66.05637 66.05638 66.05637 0 0 0 0 0 0 0 0 0 0 0 0 0 0 0 0 0 0 0 86.54441 90.86247 90.86246 90.86247 90.86247 88.96828 71.5608 16.88227 16.78687 16.78687 16.78687 16.78687 39.27466 114.9951 121.2355 121.2355 121.2355 121.2355 121.2355 121.2355 86.2329 42.20694 42.20694 42.20693 42.20694 36.10901 34.84176 37.6936 39.66758 38.34092 35.56618 34.84253 39.25444 41.32774 40.28 35.23391 37.52346 41.18641 40.47221 49.367 53.59553 41.72113 30.54115 30.3214 31.93979 34.30129 46.07891 48.07105 48.05899 41.22556 30.85646 30.08868 30.1843 31.58601 32.3416 33.25464 35.96748 34.55204 37.76574 43.19573 56.1036 65.71091 66.05638 66.05638 66.05638 66.05638 66.05638 66.05638 66.05638
66.05638 66.05638 66.05638 61.82567 0 0 0 0 0 0 0 0 0 0 0 0 0 0 0 0 0 0 0 90.75679 90.86247 90.86247 90.86247 90.86247 90.86247 90.86247 20.8939 16.78687 16.78687 16.78713 59.28106 118.033 121.2355 121.2355 121.2355 121.2355 121.2355 121.2355 121.2355 115.1191 42.20693 42.20693 42.20693 42.20693 39.34229 40.37796 42.20693 43.20979 45.53672 46.132 44.5876 46.67663 46.67663 47.56203 52.8513 54.43786 54.43786 54.43786 54.43786 54.43786 54.17341 47.65972 48.00999 48.07105 48.07105 48.07105 48.07105 48.07105 48.07105 46.86173 45.35144 47.49506 48.07105 48.07105 51.5718 66.05638 66.05638 66.05638 66.05638 66.05638 66.05638 66.05638 66.05638 66.05638 66.05638 66.05638 66.05638 66.05638
66.05638 66.05638 66.05638 0 0 0 0 0 0 0 0 0 0 0 0 0 0 0 0 0 0 0 0 90.86247 90.86246 90.86247 90.86246 90.86247 90.86246 90.83881 34.82343 16.79527 21.30197 78.79135 121.2355 121.2355 121.2355 121.2355 121.2355 121.2355 121.1828 117.9534 111.9546 96.05965 42.20693 42.20693 42.20693 42.20693 42.20693 42.20693 43.91308 46.54456 46.67662 46.67663 46.67662 46.67662 47.22454 53.40234 54.43785 54.43786 54.43785 54.43786 54.43785 54.43785 52.68487 48.07105 48.07105 48.07105 48.07105 48.07105 48.07105 48.07105 48.07105 48.07105 48.07105 48.07105 48.07105 48.07105 55.90593 66.05638 66.05638 66.05638 66.05638 66.05638 66.05638 66.05638 66.05638 66.05638 66.05638 66.05638 66.05638 66.05638
66.05638 66.05638 66.05638 0 0 0 0 0 0 0 0 0 0 0 0 0 0 0 0 0 0 0 0 90.86246 90.86246 90.86247 90.86246 90.86246 85.99763 84.24919 84.22009 75.63367 71.49046 102.2488 110.4016 111.0242 112.9684 107.1075 102.0865 120.4118 96.35078 90.94007 90.85783 62.0436 42.20693 42.20693 42.20693 42.20693 42.20693 42.70034 46.5116 46.67663 46.67662 46.67662 46.67662 46.67663 50.66523 54.43786 54.43786 54.43786 54.43786 54.43786 54.43786 54.43786 53.52374 48.09915 48.07105 48.07105 48.07105 48.07105 48.07105 48.07105 48.07105 48.07105 48.07105 48.07105 53.85882 63.66267 66.05491 66.05638 66.05638 66.05638 66.05638 66.05638 66.05638 66.05638 66.05638 66.05638 66.05638 66.05638 66.05638 52.25098
0 48.70351 64.68937 0 0 0 0 0 0 0 0 0 0 0 0 0 0 0 0 0 0 0 0 90.86247 90.86248 90.86248 90.86246 89.87438 84.22367 84.22009 84.22009 84.22009 84.25908 88.94884 90.94007 90.94008 90.94007 90.94008 90.94008 105.031 91.23315 90.62779 58.83149 42.20693 42.20693 42.20693 42.20693 42.20693 42.20693 44.71637 46.67663 46.67663 46.67662 46.67663 46.67663 46.67662 51.06232 54.43786 54.43785 54.43785 54.43785 54.43785 54.43786 54.43785 53.55681 48.09041 48.07105 48.07105 48.07105 48.07105 48.07105 48.07105 48.07105 48.07105 48.07105 48.07105 56.58798 65.9985 66.05638 66.05637 66.05638 66.05637 66.05638 66.05638 66.05638 66.05637 66.05638 66.05637 66.05638 66.05638 66.05638 0
0 0 0 0 0 0 0 0 0 0 0 0 0 0 0 0 0 0 0 0 0 0 0 0 90.44128 90.86247 90.73925 86.21343 84.22009 84.22009 84.22009 84.22009 84.22009 86.26763 90.94008 90.94007 90.94008 90.94008 90.94008 90.94007 90.94008 72.94607 42.20693 42.20693 42.20693 42.20693 42.20693 42.20694 43.22878 46.48254 46.67663 46.67663 46.67662 46.67662 46.67663 46.67663 47.01554 52.49787 54.43786 54.43786 54.43786 54.43785 54.43786 54.43786 49.79364 48.07105 48.07105 48.07105 48.07105 48.07105 48.07105 48.07105 48.07105 48.07105 48.07105 48.07105 48.07105 60.49269 66.05639 66.05638 66.05639 66.05638 66.05639 66.05639 66.05638 66.05638 66.05638 66.05638 66.05638 66.05639 56.62481 0
0 0 0 0 0 0 0 0 0 0 0 0 0 0 0 0 0 0 0 0 0 0 0 0 0 87.67574 85.86442 84.22009 84.22009 84.22009 84.22009 84.22009 84.22009 89.79113 90.94008 90.94009 90.94008 90.94008 90.94009 90.94008 90.94008 59.37569 42.20694 42.20693 42.20694 42.20693 42.20694 42.20693 45.14262 46.67663 46.67663 46.67662 46.67663 46.67663 46.67663 46.67662 46.67663 48.42849 54.43786 54.43786 54.43787 54.43786 54.43786 54.02481 48.08052 48.07106 48.07106 48.07106 48.07106 48.07106 48.07105 48.07106 48.07106 48.07106 48.07106 48.07106 48.07105 58.45705 66.05638 66.05638 66.05638 66.05638 66.05638 66.05638 66.05638 66.05638 66.05638 66.05638 66.05638 66.05638 0 0
0 0 0 0 0 0 0 0 0 0 0 0 0 0 0 0 0 0 0 0 0 0 0 0 0 0 77.43044 84.2199 84.22009 84.22009 84.22009 84.22009 84.22009 90.11439 90.94007 90.94008 90.94007 90.94008 90.94008 90.94008 90.94007 49.06475 42.20693 42.20693 42.20693 42.20693 42.20693 42.20693 45.56067 46.67662 46.67662 46.67663 46.67662 46.67662 46.67662 46.67662 46.67662 46.78191 53.86595 54.43786 54.43786 54.43786 54.43786 51.2606 48.07105 48.07105 48.07105 48.07105 48.07105 48.07105 48.07105 48.07105 48.07105 48.07105 48.07105 48.07105 48.87009 63.87447 66.05638 66.05638 66.05638 66.05638 66.05638 66.05638 66.05638 66.05638 66.05638 66.05638 66.05638 66.05638 0 0
0 0 0 0 0 0 0 0 0 0 0 0 0 0 0 0 0 0 0 0 0 0 0 0 0 0 0 0 83.26748 84.22009 84.22009 84.22009 84.22009 86.49528 89.46268 90.94007 90.94008 90.94007 90.94007 90.94007 90.94008 51.36506 42.20693 42.20693 42.20693 42.20694 42.20693 42.20693 45.84418 46.67662 46.67663 46.67663 46.67663 46.67662 46.67662 46.67662 46.67663 46.67663 51.6913 54.43785 54.43786 54.43785 54.43786 51.58965 48.07105 48.07105 48.07105 48.07105 48.07105 48.07106 48.07105 48.07105 48.07105 48.07105 48.07105 49.70448 58.06119 64.32889 66.05638 66.05638 66.05638 66.05638 66.05638 66.05638 66.05638 66.05638 66.05638 66.05638 66.05638 66.05638 50.50305 0
0 0 0 0 0 0 0 0 0 0 0 0 0 0 0 0 0 0 0 0 0 0 0 0 0 0 0 0 0 79.72327 84.22009 84.22009 84.22009 84.22009 84.27985 89.21648 90.94008 90.94007 90.94007 90.94007 90.94008 74.63913 42.40843 42.20694 42.20693 42.20693 42.20693 42.20693 46.32283 46.67662 46.67663 46.67662 46.67663 46.67662 46.67663 46.67663 46.67663 46.67662 49.99639 54.43785 54.43786 54.43785 54.43786 51.36802 48.07105 48.07105 48.07105 48.07105 48.07105 48.07105 48.07105 48.07105 48.07105 49.84664 50.97965 58.97727 60.0438 63.45695 66.05638 66.05638 66.05638 66.05638 66.05638 66.05639 66.05638 65.05801 64.31852 64.81197 66.05638 66.05639 66.05638 51.77075
0 0 0 0 0 0 0 0 0 0 0 0 0 0 0 0 0 0 0 0 0 0 0 0 0 0 0 0 0 0 0 83.35696 84.22009 84.22009 84.22009 88.68954 90.94007 90.94008 90.94008 90.94008 90.94007 88.88953 44.29364 42.20693 42.20693 42.20693 42.20693 42.69538 46.67651 46.67663 46.67662 46.67663 46.67662 46.67663 46.67662 46.67663 46.67662 46.67663 50.46072 54.43786 54.43785 54.43786 54.43786 52.07428 48.27026 48.07105 48.07105 48.07105 48.07105 48.07105 48.07105 49.08309 57.83437 60.0058 60.04381 60.04381 60.04381 63.40417 66.05638 66.05637 65.43401 64.78473 63.65981 62.32881 63.47229 60.54816 60.04381 60.56744 63.05543 65.23904 66.05638 66.05637
0 0 0 0 0 0 0 0 0 0 0 0 0 0 0 0 0 0 0 0 0 0 0 0 0 0 0 0 0 0 0 0 77.14187 84.08526 84.22009 85.48443 88.5454 90.94008 90.94008 90.94008 89.95002 53.41711 42.20693 42.20693 42.20693 42.20693 42.20693 44.13443 46.67663 46.67663 46.67663 46.67662 46.67663 46.67663 47.02861 48.41755 48.90683 51.12747 54.25504 54.43786 54.43786 54.43786 54.43786 54.43786 52.42393 48.17138 48.07105 48.07105 48.07105 48.07105 48.07105 49.46812 60.04381 60.04381 60.04381 60.04381 60.04381 60.78548 62.92583 62.63255 60.14244 60.04381 60.04381 60.04381 60.04381 60.04381 60.04381 60.04381 60.04381 60.38921 61.52029 51.13902
0 0 0 0 0 0 0 0 0 0 0 0 0 0 0 0 0 0 0 0 0 0 0 0 0 0 0 0 0 0 0 0 0 0 80.25806 84.22009 84.23057 84.44052 63.96035 58.07039 48.05873 42.20693 42.20693 42.20693 42.20693 49.19433 61.18921 69.61854 64.64595 63.6504 66.74829 71.4242 62.90846 54.69149 54.4787 54.43786 54.43786 54.43786 54.43786 54.43786 54.43786 54.43786 54.43786 54.43786 54.43786 50.76041 48.07105 48.07105 48.07105 48.07105 48.07105 48.40726 55.33493 60.04381 60.04381 60.04381 60.04381 60.04381 60.04381 60.04381 60.04381 60.04381 60.04381 60.04381 60.04381 60.04381 60.04381 60.04381 60.04381 60.04381 51.44868 0
0 0 0 0 0 0 0 0 0 0 0 0 0 0 0 0 0 0 0 0 0 0 0 0 0 0 0 0 0 0 0 0 0 0 0 0 89.0105 66.79144 52.12878 52.10106 42.20693 42.20693 42.20693 42.20693 48.43972 91.25655 81.04246 81.0304 81.0304 81.0304 81.0304 81.0304 81.0304 81.0304 63.12326 52.4206 54.4126 54.43786 54.43786 54.43785 54.43785 54.28271 49.25055 48.76525 51.62328 49.49163 48.07105 48.07105 48.07105 48.07105 48.07105 48.07105 50.85567 60.04381 60.04381 60.04381 60.04381 60.04381 60.04381 60.04382 60.04381 60.04382 60.04381 60.04381 60.04381 60.04381 60.04381 60.04381 60.04381 60.04381 50.15366 0
0 0 0 0 0 0 0 0 0 0 0 0 0 0 0 0 0 0 0 0 0 0 0 0 0 0 0 0 0 0 0 0 0 0 0 0 0 99.48515 99.48515 99.42601 70.85401 49.47776 50.03332 50.96041 87.29812 95.22065 81.0304 81.0304 81.0304 81.0304 81.0304 81.0304 81.0304 81.0304 49.10651 40.52879 42.93789 43.40685 43.89194 49.36074 52.7276 48.28933 40.52879 40.52879 40.54608 43.26829 47.49891 48.05741 48.07105 48.07105 48.07105 48.07105 52.45688 60.04381 60.04381 60.04381 60.04381 60.04381 60.04381 60.04381 60.04381 60.04381 60.04381 60.04381 60.04381 60.04381 60.04381 60.0438 60.04381 60.04381 47.51075 0
0 0 0 0 0 0 0 0 0 0 0 0 0 0 0 0 0 0 0 0 0 0 0 0 0 0 0 0 0 0 0 0 0 0 0 0 0 99.48515 99.48515 99.48515 99.48515 99.48515 99.48515 99.48515 99.48515 95.31475 81.0304 81.0304 81.03041 81.0304 81.0304 81.03041 81.0304 81.0304 52.88154 40.5288 40.52879 40.5288 40.5288 40.5288 40.67818 41.03839 40.5288 40.52879 40.5288 40.52879 40.52879 43.28728 45.81881 46.4163 46.32363 56.9987 59.24994 60.04381 60.04381 60.04381 60.04381 60.04381 60.04381 60.04381 60.04381 60.04381 60.04381 60.04381 60.04381 60.04381 60.04381 60.04381 60.04381 56.58812 0 0
0 0 0 0 0 0 0 0 0 0 0 0 0 0 0 0 0 0 0 0 0 0 0 0 0 0 0 0 0 0 0 0 0 0 0 0 0 99.48515 99.48515 99.48515 99.48515 99.48515 99.48515 99.48515 99.48515 90.01862 81.0304 81.0304 81.0304 81.0304 81.0304 81.0304 81.0304 81.01378 47.13757 40.52879 40.52879 40.52879 40.52879 40.52879 40.52879 40.52879 40.52879 40.52879 40.52879 40.52879 40.52879 40.52879 40.52879 40.52879 40.52879 54.86142 60.04381 60.04381 60.04253 59.93945 60.04381 60.04381 60.04381 60.04381 60.04381 60.04381 60.04381 60.04381 60.04381 60.04381 60.04381 60.04381 60.04381 0 0 0
0 0 0 0 0 0 0 0 0 0 0 0 0 0 0 0 0 0 0 0 0 0 0 0 0 0 0 0 0 0 0 0 0 0 0 0 0 109.0719 99.48515 99.48515 99.48515 99.48515 99.48515 99.48515 94.09745 81.75583 81.0304 81.03041 81.0304 81.03041 81.0304 81.03041 81.0304 74.80141 40.52879 40.5288 40.52879 40.5288 40.52879 40.52879 40.52879 40.52879 40.52879 40.52879 40.5288 40.52879 40.52879 40.52879 40.5288 40.52879 40.66777 56.79356 59.46925 57.56656 55.0591 54.53815 58.05316 59.95247 60.04168 60.04381 60.04381 60.04381 60.04381 60.04381 60.04381 54.95262 0 0 0 0 0 0
0 0 0 0 0 0 0 0 0 0 0 0 0 0 0 0 0 0 0 0 0 0 0 0 0 0 0 0 0 0 0 0 0 0 0 0 0 155.5545 99.48515 99.48515 99.48516 99.48515 97.36295 87.40691 81.44312 81.0304 81.03041 81.0304 81.03041 81.0304 81.03041 81.03041 81.03041 76.47188 40.70265 40.52879 40.5288 40.52879 40.5288 40.52879 40.5288 40.52879 40.52879 40.5288 40.5288 40.5288 40.52879 40.5288 40.52879 40.5288 45.02937 57.46458 54.424 54.29292 54.29291 54.29292 54.29291 54.29291 54.45615 58.27776 60.04381 60.04381 60.04381 59.33581 0 0 0 0 0 0 0 0
0 0 0 0 0 0 0 0 0 0 0 0 0 0 0 0 0 0 0 0 0 0 0 0 0 0 0 0 0 0 0 0 0 0 0 0 0 168.721 106.4265 89.141 91.91556 94.69964 81.8124 81.03041 81.03041 81.03041 81.0304 81.03041 81.0304 81.03041 81.0304 81.03041 81.0304 81.03041 49.7363 40.52879 40.52879 40.5288 40.52879 40.52879 40.52879 40.52879 40.52879 40.52879 40.5288 40.52879 40.52879 40.52879 40.52879 40.52879 45.52296 54.29292 54.29292 54.29292 54.29292 54.29292 54.29292 54.29292 54.29292 56.80066 60.04381 60.04381 60.04381 53.92549 0 0 0 0 0 0 0 0
0 0 0 0 0 0 0 0 0 0 0 0 0 0 0 0 0 0 0 0 0 0 0 0 0 0 0 0 0 0 0 0 0 0 0 0 0 169.2354 140.0569 83.14132 81.0304 81.0304 81.0304 81.0304 81.0304 81.0304 81.0304 81.0304 81.0304 81.0304 81.0304 81.03041 81.0304 81.0304 68.67362 40.7739 40.52879 40.5288 40.52879 40.52879 40.52879 40.52879 40.52879 40.52879 40.5288 40.52879 40.52879 40.52879 40.5288 40.52879 47.79081 54.29291 54.29291 54.29291 54.29291 54.29291 54.29291 54.29291 54.29291 55.17843 60.00351 60.04381 60.04381 59.26651 0 0 0 0 0 0 0 0
0 0 0 0 0 0 0 0 0 0 0 0 0 0 0 0 0 0 0 0 0 0 0 0 0 0 0 0 0 0 0 0 0 0 0 0 0 169.2354 169.2354 102.9489 81.0304 81.0304 81.0304 81.03041 81.0304 81.0304 81.0304 81.0304 81.0304 81.0304 81.0304 81.03041 81.0304 81.0304 81.0304 65.45532 42.25344 40.52879 40.52879 40.52879 40.52879 40.52879 40.52879 40.52879 40.52879 40.52879 40.52879 40.52879 40.52879 40.52879 47.76774 54.29291 54.29291 54.29291 54.29291 54.29291 54.29291 54.29291 54.29291 54.29291 55.9033 59.36301 60.04381 59.59024 0 0 0 0 0 0 0 0
0 0 0 0 0 0 0 0 0 0 0 0 0 0 0 0 0 0 0 0 0 0 0 0 0 0 0 0 0 0 0 0 0 0 0 0 0 169.2354 169.2354 132.3846 81.0304 81.0304 81.0304 81.0304 81.0304 81.0304 81.0304 81.0304 81.0304 81.0304 81.0304 81.0304 81.0304 81.0304 81.0304 75.6103 47.45325 41.84903 40.52879 40.52879 40.52879 40.52879 40.52879 40.52879 40.52879 40.5288 40.52879 40.5288 40.52879 40.52879 43.12206 54.1264 54.29291 54.29291 54.29291 54.29291 54.29291 54.29291 54.29291 54.29291 54.29291 54.42234 0 0 0 0 0 0 0 0 0 0
0 0 0 0 0 0 0 0 0 0 0 0 0 0 0 0 0 0 0 0 0 0 0 0 0 0 0 0 0 0 0 0 0 0 0 0 0 169.2354 169.2354 168.8439 134.2899 92.34782 81.0304 81.0304 81.0304 81.0304 81.0304 81.0304 81.0304 81.0304 81.0304 81.0304 81.0304 81.0304 81.0304 71.07022 48.45105 47.87707 42.02008 40.5288 40.52879 40.5288 40.5288 40.52879 40.5288 40.52879 40.5288 40.52879 40.5288 40.52879 40.5288 48.66187 54.29291 54.29291 54.29291 54.29291 54.29291 54.29291 54.29291 54.29291 54.29291 52.3929 0 0 0 0 0 0 0 0 0 0
0 0 0 0 0 0 0 0 0 0 0 0 0 0 0 0 0 0 0 0 0 0 0 0 0 0 0 0 0 0 0 0 0 0 0 0 159.0437 169.2354 169.2354 169.2354 160.7166 93.31762 81.0304 81.0304 81.0304 81.0304 81.0304 81.0304 81.0304 81.0304 81.0304 81.0304 81.0304 81.0304 81.0304 66.49714 48.45105 48.45105 46.96362 41.09286 40.52879 40.52879 40.52879 40.5288 40.5288 40.5288 40.5288 40.5288 40.52879 40.5288 40.5288 42.16354 54.26439 54.29292 54.29291 54.29292 54.29291 54.29291 54.29291 54.29291 54.24941 0 0 0 0 0 0 0 0 0 0 0
0 0 0 0 0 0 0 0 0 0 0 0 0 0 0 0 0 0 0 0 0 0 0 0 0 0 0 0 0 0 0 0 0 0 0 0 156.3218 169.2354 169.2354 169.2354 128.0703 81.0304 81.0304 81.0304 81.0304 81.0304 81.0304 81.0304 81.0304 81.0304 81.0304 81.0304 81.0304 81.0304 81.0304 61.74791 48.45105 48.45105 48.45105 46.84102 46.17992 45.13477 43.12659 41.61919 40.52879 40.52879 40.52879 40.5288 40.5288 40.5288 40.52879 44.12073 53.2951 54.29291 54.29292 54.29291 54.29292 54.29292 54.29292 54.29291 46.2921 0 0 0 0 0 0 0 0 0 0 0
0 0 0 0 0 0 0 0 0 0 0 0 0 0 0 0 0 0 0 0 0 0 0 0 0 0 0 0 0 0 0 0 0 0 0 0 0 194.3861 169.2354 169.2354 127.1156 81.0304 81.0304 81.0304 81.0304 81.0304 81.0304 81.0304 81.0304 81.0304 81.0304 81.03041 81.0304 81.0304 81.0304 57.21245 48.45105 48.45105 48.45105 48.45105 48.45105 48.45105 48.45105 48.23821 43.03976 40.5288 40.5288 40.5288 40.5288 40.5288 40.5288 46.47874 51.69361 54.29292 54.29292 54.29292 54.29292 54.29292 54.29292 0 0 0 0 0 0 0 0 0 0 0 0 0
0 0 0 0 0 0 0 0 0 0 0 0 0 0 0 0 0 0 0 0 0 0 0 0 0 0 0 0 0 0 0 0 0 0 0 0 0 0 169.2354 96.05859 38.35367 65.01874 81.0304 81.0304 81.0304 75.35364 57.34903 74.67267 81.0304 81.0304 81.0304 81.0304 81.0304 81.0304 81.0304 52.57161 48.45105 48.45105 48.45105 48.45105 48.45105 48.45105 48.45105 48.45105 252.5998 610.0604 475.1042 176.9646 40.52879 43.20593 89.97101 47.86835 49.9004 54.29291 54.29291 54.29291 54.29291 54.29291 54.29291 0 0 0 0 0 0 0 0 0 0 0 0 0
0 0 0 0 0 0 0 0 0 0 0 0 0 0 0 0 0 0 0 0 0 0 0 0 0 0 0 0 0 0 0 0 0 0 0 0 0 0 67.33173 36.0938 35.93856 36.11985 50.57346 56.18782 51.45129 37.44937 35.93856 46.93814 53.717 45.58134 70.52953 81.0304 81.0304 81.0304 77.827 48.85098 48.45105 48.45105 48.45105 48.45105 48.45105 48.45105 48.45105 286.3143 756.2822 757.747 757.747 652.7728 312.6508 518.609 262.3108 48.45105 48.486 51.95648 54.18622 54.29292 54.29291 54.29292 54.29291 0 0 0 0 0 0 0 0 0 0 0 0 0
0 0 0 0 0 0 0 0 0 0 0 0 0 0 0 0 0 0 0 0 0 0 0 0 0 0 0 0 0 0 0 0 0 0 0 0 0 0 35.93856 35.93856 35.93856 35.93856 35.93856 35.93856 35.93856 35.93856 35.93856 35.93856 35.93856 35.93856 35.97522 53.98044 56.23559 54.39705 51.24286 48.45105 48.45105 48.45104 48.45105 48.45105 48.45105 48.45105 48.45105 406.4666 757.7469 757.747 757.747 757.747 757.747 757.747 237.8441 48.45105 48.45105 48.45105 50.22462 52.30861 51.91525 51.11683 50.76948 43.68023 0 0 0 0 0 0 0 0 0 0 0 0
0 0 0 0 0 0 0 0 0 0 0 0 0 0 0 0 0 0 0 0 0 0 0 0 0 0 0 0 0 0 0 0 0 0 0 0 0 0 39.48089 35.93856 35.93856 35.93856 35.93856 35.93856 35.93856 35.93856 35.93856 35.93856 35.93857 35.93856 35.93856 43.46862 48.45104 48.45105 48.45105 48.45105 48.45104 48.45105 48.45104 48.45105 48.45105 48.45105 48.45105 61.74311 446.076 757.7299 757.747 757.7471 757.747 750.7432 103.0979 48.45104 48.45105 48.45105 48.45105 48.45105 48.45105 48.45105 48.45105 42.64198 0 0 0 0 0 0 0 0 0 0 0 0
0 0 0 0 0 0 0 0 0 0 0 0 0 0 0 0 0 0 0 0 0 0 0 0 0 0 0 0 0 0 0 0 0 0 0 0 0 0 0 36.96362 35.93856 35.93856 35.93856 35.93856 35.93856 35.93856 35.93856 35.93856 35.93856 35.93856 35.93856 44.74844 48.45105 48.45105 48.45105 48.45105 48.45105 48.45105 48.45105 48.45105 48.45105 48.45105 48.45105 48.45105 48.45104 324.4825 727.1813 491.6888 249.4902 128.2496 48.45104 48.45105 48.45105 48.45105 48.45105 48.45105 48.45105 48.45105 48.45105 0 0 0 0 0 0 0 0 0 0 0 0 0
0 0 0 0 0 0 0 0 0 0 0 0 0 0 0 0 0 0 0 0 0 0 0 0 0 0 0 0 0 0 0 0 0 0 0 0 0 0 0 0 36.70007 35.93856 35.93856 35.93856 35.93856 35.93856 35.93856 35.93856 35.93856 35.93856 35.93856 44.95564 48.45105 48.45105 48.45105 48.45105 48.45105 48.45105 48.45105 48.45105 48.45105 48.45105 48.45105 48.45105 48.45105 48.45105 81.31089 49.07128 48.45105 48.45105 48.45105 48.45105 48.45105 48.45105 48.45105 48.45105 48.45105 48.45105 47.36913 0 0 0 0 0 0 0 0 0 0 0 0 0
0 0 0 0 0 0 0 0 0 0 0 0 0 0 0 0 0 0 0 0 0 0 0 0 0 0 0 0 0 0 0 0 0 0 0 0 0 0 0 0 0 39.59949 35.93856 35.93856 35.93856 35.93856 35.93856 35.93856 35.93856 35.93856 35.93856 44.01613 48.45105 48.45105 48.45105 48.45105 48.45105 48.45105 48.45105 48.45105 48.45105 48.45105 48.45105 48.45105 48.45105 48.45105 48.45105 48.45105 48.45105 48.45105 48.45105 48.45105 48.45105 48.45105 48.45105 48.45105 48.45105 48.45105 45.68473 0 0 0 0 0 0 0 0 0 0 0 0 0
0 0 0 0 0 0 0 0 0 0 0 0 0 0 0 0 0 0 0 0 0 0 0 0 0 0 0 0 0 0 0 0 0 0 0 0 0 0 0 0 0 0 35.96148 35.93856 35.93856 35.93856 35.93856 35.93856 35.93856 35.93856 35.93856 39.45538 48.17422 48.45105 48.45105 48.45105 48.45105 48.45105 48.45105 48.45105 48.45105 48.45105 48.45105 48.45105 48.45105 48.45105 48.45105 48.45105 48.45105 48.45105 48.45105 48.45105 48.45105 48.45105 48.45105 48.45105 48.45105 48.45105 0 0 0 0 0 0 0 0 0 0 0 0 0 0
0 0 0 0 0 0 0 0 0 0 0 0 0 0 0 0 0 0 0 0 0 0 0 0 0 0 0 0 0 0 0 0 0 0 0 0 0 0 0 0 0 0 50.69879 35.93856 35.93856 35.93856 35.93856 35.93856 35.93856 35.93856 35.93856 35.93856 37.4478 46.86718 48.45105 48.45105 48.45105 48.45105 48.45105 48.45105 48.45105 48.45105 48.45105 48.45105 48.45105 48.45105 48.45105 48.45105 48.45105 48.45105 48.45105 48.45105 48.45105 47.84912 45.21292 48.34205 48.45059 44.95893 0 0 0 0 0 0 0 0 0 0 0 0 0 0
0 0 0 0 0 0 0 0 0 0 0 0 0 0 0 0 0 0 0 0 0 0 0 0 0 0 0 0 0 0 0 0 0 0 0 0 0 0 0 0 0 0 0 35.93856 35.93856 35.93856 35.93856 35.93856 35.93856 35.93856 35.93856 35.93856 36.39647 47.73233 48.45105 48.45105 48.45105 48.45105 48.45105 48.45105 48.45105 48.45105 48.45105 48.45105 48.45105 48.45105 48.45105 48.45105 48.45105 48.45105 45.79333 0 0 0 0 0 0 0 0 0 0 0 0 0 0 0 0 0 0 0 0 0
0 0 0 0 0 0 0 0 0 0 0 0 0 0 0 0 0 0 0 0 0 0 0 0 0 0 0 0 0 0 0 0 0 0 0 0 0 0 0 0 0 0 0 37.87366 35.93856 35.93856 35.93856 35.93856 35.93856 35.93856 35.93856 35.93856 38.83015 48.45105 48.45105 48.45105 48.45105 48.45105 48.45105 48.45105 48.45105 48.45105 48.45105 48.45105 48.45105 48.45105 48.45105 48.45105 48.45105 48.45105 43.06149 0 0 0 0 0 0 0 0 0 0 0 0 0 0 0 0 0 0 0 0 0
0 0 0 0 0 0 0 0 0 0 0 0 0 0 0 0 0 0 0 0 0 0 0 0 0 0 0 0 0 0 0 0 0 0 0 0 0 0 0 0 0 0 0 37.05019 35.93856 35.93856 35.93856 35.93856 35.93856 35.93856 35.93856 35.93856 40.63594 48.45105 48.45105 48.45105 48.45105 48.45105 48.45105 48.45105 48.45105 48.45105 48.45105 48.45105 48.45105 48.45105 48.45105 48.45105 48.45105 48.45105 44.97989 0 0 0 0 0 0 0 0 0 0 0 0 0 0 0 0 0 0 0 0 0
0 0 0 0 0 0 0 0 0 0 0 0 0 0 0 0 0 0 0 0 0 0 0 0 0 0 0 0 0 0 0 0 0 0 0 0 0 0 0 0 0 0 0 37.12273 35.93856 35.93856 35.93856 35.93856 35.93856 35.93856 35.93856 35.93856 41.24766 48.45105 48.45105 48.45105 48.45105 48.45105 48.45105 48.45105 48.45105 48.45105 48.45105 48.45105 48.45105 48.45105 48.45105 48.45105 48.45105 48.45105 41.30885 0 0 0 0 0 0 0 0 0 0 0 0 0 0 0 0 0 0 0 0 0
