Scenarios/Global_Grid/data/country_data_population_distribution/processed/density_grids/blr.asc
ncols 234
nrows 124
xllcorner 23
yllcorner 51
[rows 0 to 28 of 124, columns 66 to 131 of 234]
0 0 0 0 0 0 0 0 0 0 0 0 0 0 0 0 0 0 0 0 0 0 0 0 0 0 0 0 0 0 0 0 0 0 0 0 0 0 0 0 0 0 0 0 0 0 0 0 0 0 0 0 0 0 0 0 0 0 0 0 0 9.685612 7.969047 0 0 0
0 0 0 0 0 0 0 0 0 0 0 0 0 0 0 0 0 0 0 0 0 0 0 0 0 0 0 0 0 0 0 0 0 0 0 0 0 0 0 0 0 0 0 0 0 0 0 0 0 0 0 0 0 0 0 0 0 0 9.825669 9.692266 9.500164 9.500163 9.500163 9.437949 0 0
0 0 0 0 0 0 0 0 0 0 0 0 0 0 0 0 0 0 0 0 0 0 0 0 0 0 0 0 0 0 0 0 0 0 0 0 0 0 0 0 0 0 0 0 0 0 0 0 0 0 0 0 0 0 0 0 0 9.500163 9.500163 9.500163 9.500163 9.500163 9.500162 9.500162 9.308658 8.425809
0 0 0 0 0 0 0 0 0 0 0 0 0 0 0 0 0 0 0 0 0 0 0 0 0 0 0 0 0 0 0 0 0 0 0 0 0 0 0 0 0 0 0 0 0 0 0 0 0 0 0 0 0 0 9.812534 9.505318 9.500162 9.500163 9.500163 9.500163 9.500163 9.500163 9.500162 9.500162 9.500163 9.500163
0 0 0 0 0 0 0 0 0 0 0 0 0 0 0 0 0 0 0 0 0 0 0 0 0 0 0 0 0 0 0 0 0 0 0 0 0 0 0 0 0 0 0 0 0 0 0 0 0 0 0 0 0 9.918109 9.500162 9.500163 9.500163 9.500163 9.500164 9.500163 9.500163 9.500163 9.500163 9.500164 9.500162 9.500163
0 0 0 0 0 0 0 0 0 0 0 0 0 0 0 0 0 0 0 0 0 0 0 0 0 0 0 0 0 0 0 0 0 0 0 0 0 0 0 0 0 0 0 0 0 0 0 0 0 0 14.05979 9.881705 9.500163 9.500163 9.500163 9.500163 9.500163 9.500163 9.500163 9.500163 9.500163 9.500163 9.500163 9.500163 9.500163 9.500163
0 0 0 0 0 0 0 0 0 0 0 0 0 0 0 0 0 0 0 0 0 0 0 0 0 0 0 0 0 0 0 0 0 0 0 0 0 0 0 0 0 0 0 0 0 0 0 0 0 13.46746 9.500163 9.500163 9.500163 9.500163 9.500163 9.500163 9.500163 9.500163 9.500163 9.500163 9.500163 9.500163 9.500163 9.500163 9.230433 8.78644
0 0 0 0 0 0 0 0 0 0 0 0 0 0 0 0 0 0 0 0 0 0 0 0 0 0 0 0 0 0 0 0 0 0 0 0 0 0 0 0 0 0 0 0 0 0 0 0 0 10.81208 9.500163 9.500163 9.500163 9.500163 9.500163 9.500162 9.500163 9.500163 9.500163 9.500163 9.500163 9.500163 9.500163 9.500163 8.969543 7.321744
0 0 0 0 0 0 0 0 0 0 0 0 0 0 0 0 0 0 0 0 0 0 0 0 0 0 0 0 0 0 0 0 0 0 15.78909 14.52901 13.65743 11.28742 12.00562 0 0 0 0 0 0 0 0 0 0 9.500163 9.515856 9.598544 9.695142 9.892889 10.01296 9.729726 9.500163 9.500163 9.500164 9.500163 9.500163 9.500164 9.500163 9.500164 9.500163 9.500164
0 0 0 0 0 0 0 0 0 0 0 0 0 0 0 0 0 0 0 0 0 0 0 0 0 0 0 0 0 0 0 0 13.28237 11.55487 11.28742 11.28742 11.28742 11.28742 11.28742 11.28742 11.31582 11.36164 11.28742 11.28742 11.2941 11.3535 11.62861 12.11848 10.73173 10.19213 10.24947 10.25436 10.25436 10.25436 10.25436 10.02282 9.500162 9.500163 9.500163 9.500163 9.500163 9.500163 9.500163 9.500163 9.500163 9.500163
0 0 0 0 0 0 0 0 0 0 0 0 0 0 0 0 0 0 0 0 0 0 0 0 0 0 0 0 0 0 0 13.28072 11.28742 11.28742 11.28742 11.28742 11.28742 11.28742 11.28742 11.28742 11.28742 11.28742 11.28742 11.28742 10.61392 10.40213 10.25436 10.25436 10.25436 10.25436 10.25436 10.25436 10.25436 10.25436 10.25436 10.09277 9.500163 9.500162 9.500163 9.500162 9.500162 9.500163 9.500163 9.500163 9.500163 9.500163
0 0 0 0 0 0 0 0 0 0 0 0 0 0 0 0 0 0 0 0 0 0 0 0 0 0 11.86602 13.314 0 13.71103 12.14041 11.28742 11.28742 11.28742 11.28742 11.28742 11.28742 11.28742 11.28742 11.28742 11.28742 11.05347 10.44587 10.38541 10.25861 10.25436 10.25436 10.25436 10.25436 10.25436 10.25436 10.25436 10.25436 10.25436 10.25436 10.24894 10.0937 9.671502 9.543684 9.500163 9.500163 9.500162 9.500163 9.500162 9.500163 9.500162
0 0 0 0 0 0 0 0 0 0 0 0 0 0 0 0 0 0 0 0 0 0 0 0 0 11.70385 11.28742 11.28742 11.28742 11.28742 11.28742 11.28742 11.28742 11.28742 11.28742 11.28742 11.28742 11.28742 11.28742 11.28742 11.28663 10.47648 10.25436 10.25436 10.25436 10.25436 10.25436 10.25436 10.25436 10.25436 10.25436 10.25436 10.25436 10.25436 10.25436 10.25436 10.25436 10.25436 10.23677 10.06806 9.557841 9.500163 9.500163 9.500163 9.500163 9.500163
0 0 0 0 0 0 0 0 0 0 0 0 0 0 0 0 0 0 0 0 0 0 0 0 0 11.2815 11.28742 11.28742 11.28742 11.28742 11.28742 11.28742 11.28742 11.28742 11.28742 11.28742 11.28742 11.28742 11.28742 11.28742 11.28742 11.05861 10.25527 10.25436 10.25436 10.25436 10.25436 10.25436 10.25436 10.25436 10.25436 10.25436 10.25436 10.25436 10.25436 10.25436 10.25436 10.25436 10.25436 10.25436 10.07614 9.51417 9.500163 9.500163 9.500163 9.803174
0 0 0 0 0 0 0 0 0 0 0 0 0 0 0 0 0 0 0 0 0 0 0 0 0 11.28721 11.28742 11.28742 11.28742 11.28742 11.28742 11.28742 11.28742 11.28742 11.28742 11.28742 11.28742 11.28742 11.28742 11.28742 11.28742 11.27584 10.42248 10.25436 10.25436 10.25436 10.25436 10.25436 10.25436 10.25436 10.25436 10.25436 10.25436 10.25436 10.25436 10.25436 10.25436 10.25436 10.25436 10.25436 10.25436 10.18622 10.02864 9.862122 9.604992 12.30123
0 0 0 0 0 0 0 0 0 0 0 0 0 0 0 0 0 0 0 0 0 0 0 11.27296 11.28742 11.28742 11.28742 11.28742 11.28742 11.28742 11.28742 11.28742 11.28742 11.28742 11.28742 11.28742 11.28742 11.28742 11.28742 11.28742 11.28742 11.28742 11.17226 11.08563 10.38453 10.25436 10.25436 10.25436 10.25436 10.25436 10.25436 10.25436 10.25436 10.25436 10.25436 10.25436 10.25436 10.25436 10.25436 10.25436 10.25436 10.25436 10.25436 10.25436 10.25354 19.8557
0 0 0 0 0 0 0 0 0 0 0 0 0 0 0 0 0 0 0 0 0 0 0 11.28399 11.28742 11.28742 11.28742 11.28742 11.28742 11.28742 11.28742 11.28742 11.28742 11.28742 11.28742 11.28742 11.28742 11.28788 11.54711 11.77073 11.28771 11.45808 12.17335 12.18442 12.00342 11.47861 11.46617 10.50799 10.31357 10.55351 11.31559 11.13858 11.09452 11.40571 11.41133 11.57305 11.25315 10.77967 10.7665 10.33662 10.25436 10.25436 10.25436 10.25436 16.26448 33.5107
0 0 0 0 0 0 0 0 0 0 0 0 0 0 0 0 0 0 0 0 0 0 0 11.25711 11.28742 11.28742 11.28742 11.28742 11.28742 11.28742 11.28742 11.28742 11.28742 11.28742 11.28742 11.28742 11.29251 11.88581 12.18442 12.15506 11.90253 12.12792 12.18442 12.18442 12.18442 12.18442 12.18442 12.18442 12.09703 12.06878 12.18442 12.18442 12.18442 12.18442 12.18442 12.18442 11.95267 11.60376 11.14291 10.25449 10.25436 10.25436 10.25436 10.25436 17.61753 33.73963
0 0 0 0 0 0 0 0 0 0 0 0 0 0 0 0 0 0 0 0 0 0 0 11.25623 11.28742 11.28742 11.28742 11.28742 11.28742 11.28742 11.28742 11.28742 11.28742 11.28742 11.36438 11.62694 12.1225 12.18442 12.18442 12.18442 12.18442 12.18442 12.18442 12.18442 12.18442 12.18442 12.18442 12.18442 12.18442 12.18442 12.18442 12.18442 12.18442 12.18442 12.18442 12.18442 12.18442 12.18442 11.47905 10.39819 10.25436 10.25436 10.25436 10.25436 19.44213 33.73963
0 0 0 0 0 0 0 0 0 0 0 0 0 0 0 0 0 0 0 0 0 0 11.27944 11.28742 11.28707 11.27308 11.26486 11.28742 11.28742 11.28742 11.28742 11.28742 11.28742 11.28742 11.49417 12.16749 12.18442 12.18442 12.18442 12.18442 12.18442 12.18442 12.18442 12.18442 12.18442 12.18442 12.48798 12.9849 12.81846 12.94721 13.3289 15.64438 12.54533 12.18442 12.18442 12.18442 12.65692 12.4274 12.29928 11.57384 13.24937 13.2915 12.43963 13.03684 25.46252 28.86497
0 0 0 0 0 0 0 0 0 0 0 0 0 0 0 0 0 0 0 0 0 0 0 0 0 0 0 0 0 0 11.26161 11.28742 11.28742 11.28742 11.56091 12.14191 12.30213 12.76988 13.20754 13.33375 13.07519 12.34834 12.18442 12.18442 12.18442 12.18442 16.3007 18.68365 18.4163 19.05387 19.05387 19.02292 14.52881 12.30621 13.29728 12.79645 18.53765 18.63968 18.17835 17.93595 19.05387 19.05387 19.05387 19.0469 19.05387 19.05387
0 0 0 0 0 0 0 0 0 0 0 0 0 0 0 0 0 0 0 0 0 0 0 0 0 0 0 0 0 13.35843 14.15868 14.24689 13.96117 13.75285 14.04081 14.99353 15.29013 15.33865 15.33865 15.33865 15.33865 14.28981 14.34972 12.85916 12.95433 16.10277 18.6579 19.05387 19.05387 19.05387 19.05387 19.05387 19.05368 17.66954 18.58068 15.83068 18.95567 19.05387 19.05387 19.05387 19.05387 19.05387 19.05387 19.05387 19.13903 22.39011
0 0 0 0 0 0 0 0 0 0 0 0 0 0 0 0 0 0 0 0 0 0 0 0 0 0 0 0 15.33771 15.33865 15.33865 15.33865 15.33865 15.33865 15.33865 15.33865 15.33865 15.33865 15.33865 15.33865 15.33866 15.33865 15.37956 16.814 16.61763 19.05387 19.05387 19.05387 19.05387 19.05387 19.05387 19.05387 19.05387 19.05387 19.05387 19.05387 19.05387 19.05387 19.05387 19.05387 19.05387 19.05387 19.05387 19.05387 19.93193 33.50343
0 0 0 0 0 0 0 0 0 0 0 0 0 0 0 0 0 0 0 0 0 0 0 0 0 0 0 15.25955 15.33865 15.33865 15.33865 15.33865 15.33865 15.33866 15.33865 15.33865 15.33866 15.33865 15.33865 15.33865 15.33865 15.33865 15.33865 15.55055 18.40227 19.05387 19.05387 19.05387 19.05387 19.05387 19.05387 19.05387 19.05387 19.05387 19.05387 19.05387 19.05387 19.05387 19.05387 19.05387 19.05387 19.05387 19.05387 19.05387 19.05387 13.96512
0 0 0 0 0 0 0 0 0 0 0 0 0 0 0 0 0 0 0 0 0 0 15.04933 14.83175 14.9679 15.03768 15.25155 15.33865 15.33865 15.33865 15.33865 15.33866 15.33865 15.33866 15.33865 15.33865 15.33865 15.33866 15.33865 15.33865 15.33865 15.33865 15.33865 15.33865 16.54883 19.05387 19.05387 19.05387 19.05387 19.05387 19.05387 19.05387 19.05387 19.05387 19.05387 19.05387 19.05387 19.05387 19.05387 19.05387 19.05387 19.05387 19.05387 18.70307 13.83407 8.791503
0 0 0 0 0 0 0 0 0 0 0 0 0 0 0 0 14.83792 15.2711 15.33865 15.33865 15.33865 15.33865 15.33865 15.33865 15.33865 15.33865 15.33865 15.33865 15.33865 15.33865 15.33865 15.33865 15.33865 15.33865 15.33865 15.33865 15.33865 15.33865 15.33865 15.33865 15.33865 15.33865 15.33865 15.79483 18.35398 19.04584 19.05387 19.05387 19.05387 19.05387 19.05387 19.05387 19.05387 19.05387 19.05387 19.05387 19.05387 19.05387 19.05387 19.05387 19.05387 19.05387 19.05387 15.46494 8.849542 8.192359
0 0 0 0 0 0 0 0 0 0 0 0 0 0 0 0 14.84363 15.33865 15.33865 15.33866 15.33865 15.33865 15.33865 15.33866 15.33865 15.33865 15.33865 15.33865 15.33865 15.33865 15.33865 15.33866 15.33865 15.33865 15.33865 15.33865 15.33866 15.33865 15.33865 15.33865 15.33865 15.33865 15.33865 15.33865 15.40941 17.66286 19.05387 19.05387 19.05387 17.96395 16.71236 16.40004 16.25339 18.47998 19.00173 19.05387 19.05387 19.05387 19.01996 18.54003 18.31839 19.00352 19.05387 15.80148 9.743372 8.192359
0 0 0 0 0 0 0 0 0 0 0 0 0 0 0 0 15.31616 15.33866 15.33865 15.33865 15.33865 15.33865 15.33865 15.33865 15.33865 15.33865 15.33865 15.33865 15.33865 14.75757 15.09719 14.39645 15.13449 15.33865 15.33865 15.32712 15.32728 15.33865 15.31666 15.33865 15.33865 15.33865 15.33865 15.33865 15.33865 17.76637 18.50929 12.83655 9.98959 9.099067 9.092715 9.092716 9.092715 9.092716 9.408336 13.50859 13.79977 13.86899 10.00861 9.092715 9.092716 10.69002 16.49707 9.764298 8.192359 8.192359
0 0 0 0 0 0 0 0 0 0 0 0 0 13.23741 13.01997 13.00538 14.5255 15.21101 14.21315 13.57994 14.68721 15.26675 15.29956 15.33865 14.96552 13.78176 14.16176 15.24528 14.49212 13.81937 12.55785 12.52986 12.77316 14.53067 14.194 13.73154 12.74632 12.94304 12.71033 13.15373 12.26808 11.44892 10.80098 10.56289 11.93775 11.35061 9.671359 9.092715 9.092715 9.092715 9.092715 9.092715 9.092715 9.092715 9.092715 9.092715 9.092715 9.092715 9.092715 9.092716 9.092715 9.092715 8.826279 8.447062 8.222731 8.192359
