Scenarios/Global_Grid/data/country_data_population_distribution/processed/density_grids/blr.asc
ncols 234
nrows 124
xllcorner 23
yllcorner 51
[rows 29 to 57 of 124, columns 132 to 197 of 234]
8.296362 8.95046 13.77906 15.67878 15.67878 15.67878 15.67878 15.67878 15.67878 15.67878 15.67878 15.67878 15.67878 15.67878 15.67878 15.67878 17.38946 20.35839 20.45342 20.45342 20.45342 20.45342 20.45342 20.40959 13.16278 11.71608 11.71608 11.71608 11.71608 11.71608 11.59214 10.71098 10.13883 10.13014 10.13014 10.13014 10.13014 10.13014 10.13014 10.13014 10.13014 10.13014 10.13014 11.16504 13.78254 14.22085 14.98485 14.99274 12.60011 10.468 9.982527 9.982528 9.982527 9.982528 9.982528 9.982528 9.982528 9.982528 9.982528 9.98603 0 0 0 0 0 0
9.092715 10.38477 15.02556 15.67878 15.67878 15.67878 15.67878 15.67878 15.67878 15.67878 15.67878 15.67878 15.67878 15.67878 15.8208 17.13352 19.39399 20.45342 20.45342 20.45342 20.45342 20.45342 20.45342 20.28059 16.72218 12.21016 11.71608 11.53017 11.02545 10.69578 10.28756 10.13014 10.13014 10.13014 10.13014 10.13014 10.13014 10.13014 10.13014 10.13014 10.13014 10.13014 10.13014 10.13014 10.28517 10.13014 10.51956 11.89287 11.99137 10.25537 10.02683 9.985539 9.982527 9.982527 9.982527 9.982527 9.982527 9.982528 9.982527 10.10607 0 0 0 0 0 0
9.092715 9.520399 15.3371 15.67878 15.67878 15.67878 15.67878 15.67878 15.67878 15.67878 15.67878 15.67878 15.67878 15.67878 17.91951 20.32607 20.45342 20.45342 20.45342 20.45342 20.45342 20.45342 20.45342 20.45342 20.06525 18.98396 12.40732 10.13729 10.13014 10.13014 10.13014 10.13014 10.13014 10.13014 10.13014 10.13014 10.13014 10.13014 10.13014 10.13014 10.13014 10.13014 10.13014 10.13014 10.13014 10.13014 10.13014 10.13014 10.13014 10.13014 10.11602 9.983065 9.982528 9.982528 9.982528 9.982528 9.982527 9.982528 10.12978 0 0 0 0 0 0 0
9.9264 9.291144 13.33974 15.67878 15.67878 15.67878 15.67878 15.67878 15.67878 15.67878 15.67878 15.67878 15.67878 15.67878 16.66372 18.60759 18.49843 20.45342 20.45342 20.45342 20.45342 20.45342 20.45342 20.45342 20.45342 20.06141 10.21659 10.13014 10.13014 10.13014 10.13014 10.13014 10.13014 10.13014 10.13014 10.13014 10.13014 10.13014 10.13014 10.13014 10.13014 10.13014 10.13014 10.13014 10.13014 10.13014 10.13014 10.24714 51.96263 12.30136 10.12949 10.01727 10.33025 9.982528 9.982528 9.982528 10.79372 10.06155 0 0 0 0 0 0 0 0
13.79396 13.68056 15.61147 15.67878 15.67878 15.67878 15.67878 15.67878 15.67878 15.67878 15.67878 15.67878 15.67878 15.67878 15.67878 15.67878 17.40603 20.45342 20.45342 20.45342 20.45342 20.45342 20.45342 20.45342 20.45342 17.5248 10.13014 10.13014 10.13014 10.13014 10.13014 10.13014 10.13014 10.13014 10.13014 10.13014 10.13014 10.13014 10.13014 10.13014 10.13014 10.13014 10.13014 10.13014 10.13014 10.13014 14.59903 56.7545 84.79871 76.2905 68.38849 62.67205 55.70383 69.40118 58.95026 56.09739 17.34181 10.20733 10.20733 10.20908 10.55443 0 0 0 0 0
15.67878 15.67878 15.67878 15.67878 15.67878 15.67878 15.67878 15.67878 15.67878 15.67878 15.67878 15.67878 15.67878 16.05681 17.60706 18.78794 20.26063 20.45342 20.45342 20.45342 20.45342 20.45342 20.45342 20.45342 20.45342 20.21773 18.9361 14.18835 12.48147 10.13014 10.13014 10.13014 10.13014 10.13014 10.13014 10.13014 10.13014 10.13014 10.13014 10.13014 10.13014 10.13014 10.13014 10.13014 21.65049 64.32773 61.21943 84.79872 84.79872 84.79872 84.79871 84.79872 84.79872 84.79872 66.27705 10.88512 10.20733 10.20733 10.20733 10.20733 10.20733 10.20733 10.38127 0 0 0
15.67878 15.67878 15.67878 15.67878 15.67878 15.67878 15.68566 17.02194 16.12509 15.69524 16.56483 16.93174 17.92797 19.98154 20.45342 20.45342 20.45342 20.45342 20.45342 20.45342 20.45342 20.45342 20.45342 20.45342 20.45342 20.45342 20.45342 20.45342 19.12785 10.49774 10.13014 10.13014 10.13014 10.13014 10.13014 10.13014 10.13014 10.13014 10.13014 10.13014 10.13014 10.13014 10.13014 10.13014 28.32339 69.39535 84.79871 84.79871 84.79871 84.79871 84.79871 84.79871 84.79871 84.79871 73.00349 10.20733 10.20733 10.20733 10.20733 10.20733 10.20733 10.20733 10.20733 10.15804 0 0
15.67878 15.67878 15.67878 40.99321 47.04381 47.54858 53.24536 47.834 21.62624 18.58086 20.06618 20.45342 20.45342 20.45342 20.45342 20.45342 20.45342 20.45342 19.63606 20.44158 19.93175 20.43878 20.45342 20.45342 20.45342 20.45342 20.45342 20.45342 20.19765 12.89782 10.60169 10.71195 10.34879 10.53493 10.34069 10.68291 10.61451 15.76267 54.43688 48.29816 59.20171 43.37119 59.9354 62.76619 81.59836 83.01585 84.79871 84.79872 84.79871 84.79871 84.79871 84.79871 84.79871 67.06873 21.79929 10.20733 10.20733 10.20733 10.20733 10.20733 10.20733 10.20733 10.20733 10.20733 10.20733 10.20733
20.82199 15.67878 18.5932 58.77171 59.93319 59.93318 59.93319 59.93318 38.50012 20.45342 20.45342 20.45342 20.45342 16.54508 16.68052 19.21421 19.51745 12.66278 10.30181 10.93223 10.20103 14.42393 20.45342 20.45342 20.32026 18.92295 16.13524 14.91242 15.87731 14.49496 14.63685 14.55637 14.5228 14.50615 14.57528 14.65183 14.66236 23.98897 84.64964 84.79871 84.79871 84.79871 84.79871 84.79871 84.79871 84.79871 84.79871 84.79871 84.79871 84.79871 84.79871 84.79871 75.6312 18.56126 10.20733 10.20733 10.20733 10.20733 10.20733 10.20733 10.20733 10.20733 10.20733 10.20733 10.20733 10.20733
49.41412 23.64792 46.99876 59.93318 59.93318 59.93318 59.93318 59.93318 53.44547 45.59771 52.7052 45.37267 38.23939 16.73135 9.595036 9.731792 11.00584 9.595036 9.595036 9.595036 9.595036 12.40323 15.47021 14.17237 11.37679 11.04691 9.764899 12.50182 14.93152 14.66266 14.66266 14.66266 14.66266 14.66266 14.66266 14.66266 14.66266 16.49359 43.63717 46.42485 39.57692 57.27196 84.7806 84.79871 84.79871 84.79871 84.79871 84.79872 84.79871 84.79872 84.79871 84.79871 84.79871 59.93669 40.07681 10.20733 10.20733 10.20733 10.20733 10.20733 10.20733 10.20733 10.20733 10.20733 10.20733 10.20733
59.93319 59.93319 59.93318 59.93318 59.93319 59.93318 59.93319 59.93318 59.93319 59.93319 59.93319 59.93318 50.46603 16.91921 9.595036 9.595037 9.595037 9.595036 9.595037 9.595036 9.595036 9.595036 9.595036 9.595036 9.595037 9.595036 10.24184 14.29787 14.66266 14.66266 14.66266 14.66266 14.66266 14.66266 14.66266 14.66266 14.66266 14.66266 14.66266 14.66266 14.66266 14.66266 34.08258 83.44728 84.79872 84.79871 84.79872 84.79872 84.79872 84.79871 84.79872 84.79872 84.79872 84.79872 84.04012 39.71658 10.20733 10.20733 10.20733 10.20733 10.20733 10.20733 10.20733 10.20733 10.20733 10.20733
59.93318 59.93319 59.93318 59.93318 59.93318 59.93318 59.93318 59.93318 59.93319 59.93318 52.1851 44.7091 47.98632 13.07168 9.595036 9.595036 9.595036 9.595036 9.595036 9.595036 9.595036 9.595036 9.595036 9.595036 9.595036 9.595036 11.2464 14.65479 14.66265 14.66266 14.66265 14.66265 14.66265 14.66266 14.66265 14.66266 14.66265 14.66265 14.66266 14.66265 14.66266 14.66265 29.08012 78.06378 84.79871 84.79871 84.79871 84.79872 84.79871 84.79871 84.79871 84.79871 84.79871 84.79872 84.79871 70.46274 37.97927 11.09344 10.20733 10.20733 10.20733 10.20733 10.20733 10.20733 10.20733 10.20733
59.93318 59.93318 59.93318 59.93319 59.93318 59.93318 59.93318 59.93318 59.93318 59.93318 51.94949 14.62286 10.4226 9.595037 9.595036 9.595036 9.595036 9.595037 9.595036 9.595036 9.595036 9.595037 9.595037 9.595036 9.595036 9.610041 12.51241 14.66265 14.66266 14.66266 14.66266 14.66266 14.66266 14.66266 14.66266 14.66266 14.66266 14.66266 14.66266 14.66266 14.66266 14.66266 18.51126 70.21237 84.79871 84.79871 84.79872 84.79871 84.79872 84.79871 84.79871 84.79871 84.79871 84.79871 84.79871 84.79871 76.85595 52.467 25.16896 10.20733 10.20733 13.37099 16.85939 13.90922 11.87971 13.65675
59.93318 59.93318 59.93318 59.93318 59.93319 59.93318 59.93319 59.93318 59.93319 59.93319 58.75599 54.67756 36.15984 9.595037 9.595037 9.595037 9.595037 9.595037 9.595036 9.595037 9.595037 9.595037 9.595037 9.595036 9.595037 9.59842 12.15821 14.66266 14.66265 14.66266 14.66266 14.66266 14.66266 14.66266 14.66265 14.66266 14.66266 14.66266 14.66266 14.66266 14.66266 14.66265 41.02292 78.25006 84.79871 84.79872 84.79871 84.79871 84.79871 84.79872 84.79871 84.79872 84.79871 82.28662 72.85601 70.73947 45.08009 24.93581 24.45567 21.01254 18.93267 22.52417 24.93581 24.93581 22.99386 23.97629
59.93319 59.93319 59.93319 59.93318 59.93319 59.93319 59.93318 59.93319 59.93319 59.93318 59.93319 59.93319 48.54818 9.595037 9.595036 9.595036 9.595036 9.595037 9.595036 9.595037 9.595036 9.595037 9.595036 9.595036 10.1188 12.49956 14.66266 14.66265 14.66266 14.66265 14.67307 14.66426 14.66266 14.66265 14.66266 14.66265 14.66266 14.68158 14.66265 14.66266 14.66265 14.81239 15.65999 36.47973 63.95742 39.1684 50.17071 82.92676 84.79871 84.79467 82.07302 84.79871 84.79871 84.09438 59.19162 24.93581 24.93581 24.93581 24.93581 24.93581 24.93581 24.93581 24.93581 24.93581 24.93581 24.93581
59.93319 59.93318 59.93319 59.93318 59.93319 59.93318 59.93319 59.93318 59.93319 59.93319 59.93319 59.93318 52.7621 19.68405 9.595037 9.595037 9.595037 9.595037 9.595037 9.595037 9.595036 9.595037 9.595036 9.595037 9.595036 11.94095 14.61287 14.66265 14.67824 14.78879 15.12502 15.0543 14.87494 14.89602 14.94404 14.96117 15.00489 15.01886 14.66789 14.67826 14.76154 14.98481 15.20765 15.21824 16.12809 15.21824 37.92104 82.40332 67.57879 37.88211 20.74213 69.22978 84.79872 71.16485 25.01568 24.93581 24.93581 24.93581 24.93581 24.93581 24.93581 24.93581 24.93581 24.93581 24.93581 24.93581
59.93318 59.93318 59.93318 59.93318 59.93318 59.93318 59.93318 59.93318 59.93318 59.93318 59.93318 59.93318 58.43911 18.88535 9.595036 9.595037 9.595036 9.595036 9.595036 9.595037 9.595037 9.595037 9.595037 9.595037 10.31267 13.3456 14.66266 14.67575 14.94335 15.12976 15.12976 15.12976 15.12976 15.12976 15.12976 15.12976 15.12976 15.12976 15.08242 15.08503 14.96207 15.21747 15.21824 15.21824 15.21824 15.21824 15.21824 15.21824 15.48461 15.21824 15.21824 28.56209 48.2262 27.57022 22.84448 23.89849 24.93581 24.93581 24.93581 24.93581 24.93581 24.93581 24.93581 24.93581 24.93581 24.93581
59.93318 59.93318 59.93319 59.93319 59.93318 59.93319 59.93318 59.93319 59.93318 59.93318 59.93318 59.93319 59.93318 42.85674 28.38644 9.838225 9.595036 9.595037 9.595036 9.595037 9.595036 9.595037 9.595037 9.595037 11.03359 12.06155 13.74064 15.1 15.12976 15.12976 15.12976 15.12976 15.12976 15.12976 15.12976 15.12976 15.12976 15.12976 15.12976 15.13192 15.14675 15.2085 15.21824 15.21824 15.21824 15.21824 15.21824 15.21824 15.21824 15.21824 15.21824 15.21824 15.29455 15.55089 15.28522 15.62834 18.87956 23.74196 24.93581 24.93582 24.93581 24.93581 24.93581 24.93582 24.93581 24.93582
63.9912 59.93319 59.93318 59.93319 59.93319 59.93319 59.93319 59.93319 59.93319 59.93319 59.93319 59.93319 59.93319 59.93319 57.93624 24.83114 9.595037 9.595036 9.595037 9.595036 9.595037 9.595036 9.595037 9.595036 9.595037 9.595036 10.51135 14.89175 15.12976 15.12976 15.12976 15.12976 15.12976 15.12976 15.12976 15.12976 15.12976 15.12976 15.12976 15.19367 15.21824 15.21824 15.21824 15.21824 15.21824 15.21824 15.21824 15.21824 15.21824 15.21824 15.21824 15.21824 15.21824 15.21824 15.21824 15.21824 15.21824 18.53184 16.98253 20.47253 20.99636 24.89823 24.93582 24.92508 20.58133 18.01163
72.13636 63.11227 59.93318 59.93319 59.93318 59.93319 59.93318 59.93319 59.93318 59.93319 59.93319 59.93319 59.93318 59.93319 59.93318 33.49426 9.595036 9.595036 9.595036 9.595036 9.595036 9.595036 9.595036 9.595037 9.595036 9.595036 11.30972 15.12976 15.12976 15.12976 15.12976 15.12976 15.12976 15.12976 14.94709 15.10839 15.12976 15.12976 15.16367 15.21271 15.21824 15.21824 15.21824 15.21824 15.21824 15.21824 15.21824 15.21824 15.21824 15.21824 15.21824 15.21824 15.21824 15.21824 15.21824 15.21824 15.21824 15.21824 15.21824 15.21824 15.53401 22.77208 24.89787 21.93446 15.20661 15.20661
3540.071 1615.329 61.25556 59.93318 59.93318 59.93319 59.93318 59.93318 59.93318 59.93318 59.93318 59.93318 59.93318 59.93318 59.93318 54.47277 9.64649 9.595037 9.595036 9.595037 9.595037 9.595037 9.595036 9.595037 9.595036 9.595037 11.73517 15.12976 15.12976 15.12976 15.12976 15.12976 15.12976 14.18 12.38715 13.38279 14.03411 14.05646 13.31939 13.22111 15.15947 15.21824 15.21824 15.21824 15.21824 15.21824 15.21824 15.21824 15.21824 15.21824 15.21824 15.21824 15.21824 15.21824 15.21824 15.21824 15.21824 15.21824 15.21824 15.21732 15.20967 15.20661 15.92454 15.6525 15.20661 15.20661
1519.564 345.0977 64.52081 59.93319 59.93318 59.93319 59.93318 59.93319 59.93319 59.93319 59.93319 53.15529 56.69007 51.8329 51.73591 44.66094 13.14939 9.478103 9.492503 9.540044 9.503797 9.570796 9.595036 9.595037 9.595037 9.595037 11.35444 12.73436 12.59033 12.62309 12.62962 12.5839 12.97152 11.92813 11.9211 11.9211 11.9211 11.9211 11.9211 12.40716 14.177 15.19932 14.33171 19.20312 17.21976 18.48228 15.39213 15.21824 15.21824 15.21824 15.21824 15.21824 15.21824 15.21824 15.21824 15.21824 15.21824 15.21824 15.21824 15.20956 15.20661 15.20661 15.20661 15.20661 15.20661 15.20661
75.51303 75.51302 73.49841 65.91145 60.30417 59.93319 59.93319 59.93319 59.93319 59.93319 48.19077 11.23212 9.390434 9.280887 9.280887 9.280887 9.280887 9.280887 9.280887 9.280887 9.280887 9.359678 9.410954 9.552972 10.42732 11.47089 11.8408 11.9211 11.9211 11.9211 11.9211 11.9211 11.9211 11.9211 11.9211 11.92111 11.9211 11.9211 11.9211 11.9211 11.92111 12.02381 16.94801 22.06838 22.4687 22.49813 22.38616 21.66023 20.7996 19.80619 17.17574 16.00895 18.85906 21.13717 20.05724 20.37239 19.41486 19.80597 14.67176 14.4875 15.01683 15.20661 15.20661 15.20661 14.55635 13.38587
75.51302 75.51302 75.51303 75.37009 47.20295 32.7417 51.07472 51.79157 51.65232 32.32475 11.48429 9.280887 9.280887 9.280887 9.280887 9.280887 9.280887 9.280887 9.280887 9.280887 9.280887 9.280888 9.280888 9.280887 9.547128 11.78094 11.9211 11.9211 11.9211 11.9211 11.9211 11.9211 11.9211 11.9211 11.9211 11.9211 11.9211 11.9211 11.9211 11.9211 11.9211 12.14236 20.59706 22.49813 22.49813 22.49813 22.49813 22.49813 22.49813 22.49813 22.45889 22.11812 22.49813 22.49813 22.49813 22.49813 22.49813 22.30566 15.79994 12.71113 11.37545 12.39122 13.08554 13.19919 12.54862 10.99581
65.5311 75.51302 75.51302 73.26353 35.84888 17.18214 21.43991 20.46182 14.30302 9.510916 9.280887 9.280887 9.280887 9.280887 9.280887 9.280888 9.280887 9.280887 9.280887 9.280887 9.280887 9.280887 9.280887 9.280887 9.346796 11.29882 11.9211 11.9211 11.9211 11.9211 11.9211 11.9211 11.9211 11.9211 11.9211 11.9211 11.9211 11.9211 11.9211 11.9211 13.3402 17.92143 22.46405 22.49813 22.49813 22.49813 717.3911 1337.842 2560.13 1517.201 27.19055 22.49813 22.49813 22.49813 22.49813 22.49813 22.49813 22.26196 19.37812 16.417 10.90767 10.90767 10.90767 10.90767 10.90767 10.90767
18.41344 27.48646 35.19014 37.3587 20.13095 17.18214 17.18214 16.78953 14.12793 11.48271 9.280888 9.280888 9.280887 9.280888 9.280887 9.280887 9.280887 9.280888 9.280887 9.280888 9.280887 9.280888 9.280887 9.280888 9.280887 10.30355 11.9211 11.9211 11.9211 11.9211 11.9211 11.9211 11.9211 11.9211 11.9211 11.9211 11.9211 11.92111 13.77958 17.75027 21.13593 22.49813 22.49813 22.49813 22.49813 22.49813 615.483 2930.019 3051.034 2934.063 1741.198 89.23518 22.49813 22.49813 18.73731 13.78979 17.6014 14.79341 10.90767 10.90767 10.90767 10.90767 10.90767 10.90767 10.90767 10.90767
17.18214 17.18214 17.18214 17.18214 17.18214 17.18214 17.18214 17.18214 14.90223 9.625834 9.295402 9.280888 9.280887 9.280887 9.280887 9.280887 9.280887 9.280888 9.280887 9.280888 9.280887 9.280887 9.280887 9.280887 9.282192 10.51591 11.78725 11.9211 11.9211 11.9211 11.9211 11.9211 11.9211 11.9211 11.9211 11.98574 16.31321 20.06024 21.48424 22.49813 22.49813 22.49813 22.49813 22.49813 22.49813 22.49813 492.0228 2387.871 2437.978 2452.482 2148.822 713.2656 22.49813 22.49813 18.14581 12.37922 10.90767 10.90767 10.90767 10.90767 10.90767 10.90767 10.90767 10.90767 10.90767 10.90767
17.18214 17.18213 17.18213 17.18213 17.18213 17.18213 17.18213 17.18213 17.18213 15.78684 10.28437 9.280887 9.280887 9.280887 9.280887 9.280887 9.280887 9.280887 9.280887 9.280887 9.280887 9.280887 9.280887 9.280887 9.309357 9.991461 10.70546 11.24194 11.90187 11.9211 11.9211 11.9211 11.9211 11.9211 12.95779 15.59528 22.49813 22.49813 22.49813 22.49813 22.49813 22.49813 22.49813 22.49813 22.49813 22.49813 22.49813 165.3804 29.36357 103.2358 43.58704 22.49813 22.49813 22.49813 22.49813 15.96435 11.98712 10.90767 10.90767 10.90767 10.90767 10.90767 10.90767 10.90767 10.90767 10.90767
17.18214 17.18214 17.18214 17.18214 17.18214 17.18214 17.18214 17.18214 17.18214 17.18214 12.51801 9.280888 9.280887 9.280887 9.280887 9.280888 9.280888 9.280888 9.280887 9.280887 9.280888 9.280888 9.280888 9.280888 9.280887 9.989272 10.60663 10.86007 11.39112 11.88629 11.88853 11.9211 11.84636 11.92111 15.96578 21.97564 22.49813 22.49813 22.49813 22.49813 22.49813 22.49813 22.49813 22.49813 22.49813 22.49813 22.49813 22.49813 22.49813 22.49813 22.49813 22.49813 22.49813 20.9035 19.11987 13.44699 10.90767 10.90767 10.90767 10.90767 10.90767 10.90767 10.90767 10.90767 10.90767 10.90767
