Scenarios/Global_Grid/data/country_data_population_distribution/processed/density_grids/blr.asc
ncols 234
nrows 124
xllcorner 23
yllcorner 51
[rows 58 to 86 of 124, columns 66 to 131 of 234]
24.63803 24.63803 24.63803 24.63803 24.63803 24.63803 24.63803 24.63803 24.63803 24.63803 24.63803 24.63803 24.63803 24.63803 24.63803 24.63803 24.21517 20.2497 19.53079 19.53079 19.53079 19.53079 19.53079 19.53079 19.53079 19.53079 19.53079 19.53079 19.53079 19.53079 19.86019 42.53976 50.25901 50.25901 50.25901 50.25901 50.25901 50.25901 50.25901 50.25901 50.25901 50.25901 50.25901 51.69687 60.76463 61.22609 61.22609 61.22609 61.22609 61.22609 61.22609 42.8402 28.17075 25.30883 25.31455 24.37962 20.65899 18.50525 17.18214 17.18214 17.18214 17.18213 17.18214 17.18213 17.18214 17.18214
24.63803 24.63803 24.63803 24.63803 24.63803 24.63803 24.63803 24.63803 24.63803 24.63803 24.63803 24.63803 24.63803 24.63803 24.63803 24.63803 24.63803 24.59965 22.938 19.52403 19.53079 19.53079 19.53079 19.53079 19.53079 19.53079 19.53079 19.53079 19.53079 19.53079 19.53079 34.27397 50.25901 50.25901 50.25901 50.25901 50.25901 50.25901 50.25901 50.25901 50.25901 50.25901 50.25901 50.25924 51.06705 58.03386 61.22609 61.22609 61.22609 60.42134 51.77117 31.97872 25.30803 25.30803 25.30803 25.30803 25.30803 25.07859 21.83513 17.44639 17.18214 17.18214 17.18214 17.18214 17.18214 17.18214
24.63803 24.63803 24.63803 24.63803 24.63803 24.63803 24.63803 24.63803 24.63803 24.63803 23.40041 24.45654 24.21578 23.45312 24.43311 23.10993 20.46652 17.64954 16.38406 16.7752 18.99914 19.53079 19.53079 19.53079 19.53079 19.53079 19.53079 19.53079 19.53079 19.53079 19.53079 29.89161 50.25901 50.25901 50.259 50.25901 50.25901 50.259 50.259 50.25901 50.259 50.25901 50.25901 49.86608 26.58699 25.55127 38.30536 56.00528 49.53456 29.54642 25.30803 25.30803 25.30803 25.30803 25.30803 25.30803 25.30803 25.30803 25.26505 21.18442 21.23732 21.23078 18.01849 18.02326 17.37288 17.18316
24.51174 24.34582 24.63803 24.63803 24.63803 24.63803 24.63803 24.63803 24.63803 24.41206 17.40237 16.563 17.42458 16.26319 16.67635 16.26318 16.26319 16.26319 16.26319 16.26318 16.49433 18.86582 19.53079 19.53079 19.53079 19.53079 19.53079 19.53079 19.53079 19.53079 19.53079 27.38996 50.25901 50.25901 50.25901 50.25901 50.259 50.25901 50.25901 50.25901 50.25901 50.25901 50.25901 41.58484 20.03936 18.62605 21.13656 24.068 24.91499 25.30803 25.30803 25.30803 25.30803 25.30803 25.30803 25.30803 25.30803 25.30803 25.30803 25.30803 25.30803 25.11993 23.85269 24.74094 22.58659 23.68513
15.00628 20.54625 24.63803 24.63803 24.63803 24.63803 24.63803 23.40308 24.23499 22.07476 16.26318 16.26319 16.26319 16.26319 16.26319 16.26319 16.26319 16.26318 16.26319 16.26319 16.26319 16.33369 17.40409 19.49522 19.53079 19.53079 19.53079 19.53079 19.53079 19.53079 19.53079 20.62939 37.57234 44.48122 48.88152 50.23446 49.65476 48.42318 46.47812 49.57598 49.35078 47.24644 48.87218 30.0744 17.65037 17.65037 17.65037 18.16616 23.49871 25.30803 25.30803 25.30803 25.30803 25.30803 25.30803 25.30803 25.30803 25.30803 25.30803 25.30803 25.30803 25.30803 25.30803 25.30803 25.30803 25.30803
15.23912 17.73543 19.36934 21.15859 22.81934 24.63803 24.63803 19.35106 17.81357 16.65622 16.26319 16.26318 16.26319 16.26318 16.26319 16.26319 16.26319 16.26319 16.26318 16.26319 16.26318 16.35693 17.80226 19.48071 19.53079 19.53079 19.53079 19.53079 19.53079 19.53079 19.53079 19.53079 19.05719 20.5645 21.02626 41.11638 28.77093 17.71767 19.39874 32.47471 28.44665 24.178 19.50776 17.65037 17.65037 17.65037 17.65037 20.75794 25.30803 25.30803 25.30803 25.30803 25.30803 25.30803 25.30803 25.30803 25.30803 25.30803 25.30803 25.30803 25.30803 25.30803 25.30803 25.30803 25.30803 25.30803
14.89083 14.89083 14.89083 14.89083 20.0088 24.63803 24.63803 23.74917 16.26318 16.26319 16.26319 16.26319 16.26318 16.26319 16.26319 16.26319 16.26319 16.26319 16.26318 16.26318 16.26318 16.26318 16.26318 18.93266 19.53079 19.53079 19.53079 19.53079 19.53079 19.53079 19.53079 19.53079 18.69884 17.65037 17.65037 17.65037 17.65037 17.65037 17.65037 17.65037 17.65037 17.65037 17.65037 17.65037 17.65037 17.65037 17.82302 20.56171 20.48269 21.64449 24.2223 24.441 25.30803 25.30803 25.30803 25.30803 25.30803 25.30803 25.30803 25.30803 25.30803 25.30803 25.30803 25.30803 25.30803 25.30803
14.89083 14.89083 15.06223 20.86714 24.55459 24.63803 24.63803 24.3408 18.0615 16.26318 16.26319 16.26318 16.26318 16.26318 16.26318 16.26318 16.26318 16.26318 16.26318 16.26318 16.26318 16.26319 16.26318 18.76479 19.53079 19.53079 19.53079 19.53079 19.53079 19.53079 19.51849 18.64835 18.19347 17.65037 17.65037 17.65037 17.65037 17.65037 17.65037 17.65037 17.65037 17.65037 17.65037 17.65037 17.65037 17.65037 17.65037 17.65037 17.65567 22.12684 22.44139 23.68178 25.30803 25.30803 25.30803 25.30803 25.30803 25.30803 25.30803 25.30803 25.30803 25.30803 25.30803 25.30803 25.30803 25.30802
14.89083 14.89083 16.6332 20.62647 22.60249 22.14563 22.11418 20.06111 19.66095 16.95181 16.64118 16.51716 16.62973 16.58368 16.37161 16.41606 16.26469 16.26318 16.33914 21.73438 26.84281 28.81329 19.86357 18.58764 19.53079 19.53079 19.53079 19.53079 19.53079 19.53079 19.25534 17.66465 17.65037 17.65037 17.65037 17.65037 17.65037 17.65037 17.65037 17.65037 17.65037 17.65037 17.65037 17.65037 17.65037 19.63445 22.21995 17.65037 18.7697 22.99514 25.30803 25.30802 25.30802 25.30802 25.30803 25.30803 25.30803 25.30803 25.30802 25.30803 25.30802 25.30803 25.30803 25.30802 25.30802 25.30803
14.89083 15.63689 18.74989 18.86058 18.86057 18.86058 18.86057 18.86058 18.86057 18.86058 18.80732 18.82871 18.80565 18.86057 18.86057 18.86058 18.83274 18.42761 20.47766 43.45368 43.45369 38.09963 30.78118 29.28596 29.7148 25.55124 20.6006 21.14755 20.43297 23.30302 19.60277 16.33719 16.08923 17.05993 17.41337 17.15989 16.64291 16.90534 17.65037 17.65037 17.64208 17.55759 17.65037 17.65037 24.04511 41.8559 40.33271 37.92561 28.88853 29.93721 28.1565 25.30803 25.30803 25.30803 25.30803 25.30803 25.30803 25.30803 25.30803 25.30803 25.30803 25.30803 25.30803 25.30803 25.30803 25.30803
15.20687 16.65141 18.86058 18.86057 18.86057 18.86057 18.86058 18.86057 18.86058 18.86057 18.86058 18.86057 18.86058 18.86058 18.86058 18.86057 18.86057 18.86057 18.86136 33.37994 43.45368 43.45368 43.45368 43.45368 43.45368 43.29465 43.23093 43.39741 42.3749 42.07938 41.83604 24.01187 15.45179 15.45179 15.50047 15.45329 15.45179 15.48566 16.27995 16.69809 16.10405 15.52288 15.778 16.54559 42.99033 47.16033 47.16033 47.16033 44.92414 45.98447 43.27723 38.96524 36.77702 28.70066 25.30803 25.30803 25.30803 23.54602 19.52872 24.57318 25.30803 25.30803 25.30803 25.30803 25.30803 25.30803
16.46615 18.86057 18.86057 18.86057 18.86057 18.86057 18.86057 18.86057 18.86057 18.86057 18.86057 18.86057 18.86058 18.86057 18.86057 18.86057 18.86057 18.86057 28.44464 39.22555 43.45368 43.45368 43.45368 43.45369 43.45368 43.45369 43.45368 43.45368 43.45368 43.45369 42.33939 19.926 15.45179 15.45179 15.45179 15.45179 15.45179 15.45179 15.45179 15.45179 15.45179 15.45179 15.45179 16.31134 29.89799 45.21167 46.75888 47.16033 47.16033 47.16033 47.16033 47.16032 46.52597 27.91777 25.30803 25.24908 23.47871 15.71518 12.70988 13.45191 22.04622 24.32555 24.63746 24.85892 25.07593 25.02861
22.9081 18.86058 18.86057 18.86057 18.86058 18.86057 18.86057 18.86057 18.86057 18.86057 18.86057 18.86057 18.86057 18.86057 18.86057 18.86057 21.65308 35.92589 43.43508 43.45369 43.45369 43.45369 43.45369 43.45368 43.45368 43.45368 43.45369 43.45369 43.45369 43.45369 36.17207 15.58722 15.45179 15.45179 15.45179 15.45179 15.45179 15.45179 15.45179 15.45179 15.45179 15.45179 15.45179 15.45179 15.46083 20.4513 39.34832 47.16033 47.16033 47.16033 47.16033 47.16033 47.15252 31.17469 25.629 18.63207 14.61138 12.70988 12.70988 12.70988 15.64906 21.83899 23.62599 23.74393 23.74393 23.7435
25.19563 18.86057 18.86057 18.86057 18.86057 18.86057 18.86057 18.86057 18.86057 18.86057 252.3611 18.86057 18.86057 18.86057 18.85371 18.85597 21.3075 27.56202 41.88016 43.45368 42.71609 43.32831 43.45369 43.45368 43.45368 43.45369 43.45369 43.45368 43.45368 43.45368 26.3217 15.45179 15.45179 15.45179 15.45179 15.45179 15.45179 15.45179 15.45179 15.45179 15.45179 15.45179 15.45179 15.45179 19.68476 46.61981 47.16033 47.16033 47.16033 47.16033 47.16033 47.16033 47.16033 47.01502 41.83897 32.78463 32.42525 31.63799 20.70528 12.70988 12.70988 12.70988 15.32131 17.27103 17.54888 15.40029
35.46447 18.86057 18.86057 18.86057 18.86058 18.86057 18.86058 18.86057 163.3058 2048.698 3050.988 2193.264 25.67947 18.82432 18.7826 18.76235 18.78239 18.77603 23.41803 35.49903 36.08122 28.32613 35.89887 35.44574 37.17978 42.61045 43.45369 43.45369 43.45369 42.61137 16.91107 15.45179 15.45179 15.45179 15.45179 15.45179 15.45179 15.45179 15.45179 15.45179 15.45179 15.45179 18.26242 28.47557 37.61319 47.16033 47.16033 47.16033 47.16033 47.16033 47.16033 47.16033 47.16033 47.16033 47.16033 47.16033 47.16033 28.98167 16.67974 12.70988 12.70988 12.70988 12.70988 12.70988 12.70988 12.70988
29.98765 18.86058 18.86058 18.86057 18.86057 18.86057 18.86058 18.86057 240.3369 1779.628 1479.899 1519.44 21.86653 18.76157 18.76155 18.76155 18.76155 18.76155 18.76155 18.76155 18.76155 22.04651 25.24495 26.0997 26.0997 27.22467 31.16418 30.54614 31.99045 28.3455 15.45179 15.45179 15.45179 15.45179 15.45179 15.45179 15.45179 15.45179 16.14652 19.48678 23.80603 41.29105 46.12494 47.16033 47.16033 47.16033 47.16033 47.16033 47.16033 47.16033 47.16033 47.16033 47.16033 47.16033 47.16033 47.16033 34.97859 13.81157 12.70988 12.70988 12.70988 12.70988 12.70988 12.70988 12.70988 12.70988
22.66405 18.86057 18.86057 18.86058 18.86057 18.86057 18.86057 18.86057 18.86057 18.86058 18.86057 18.86057 18.85028 18.76641 18.76155 18.76155 18.76155 18.76155 18.76155 18.76155 18.76528 21.83426 22.63015 26.0997 26.0997 26.0997 26.0997 26.0997 26.0997 20.39352 15.45179 15.45179 15.45179 15.45179 15.45179 15.45179 15.45179 15.45624 22.77152 46.81678 47.16033 47.16033 47.16033 47.16033 47.16033 47.16033 47.16033 47.16033 47.16033 47.16033 47.16033 47.16033 47.16033 47.16033 47.16033 47.16033 41.79835 19.19153 12.70988 12.70988 12.70988 12.70988 12.70988 12.70988 12.70988 12.70988
18.86058 18.86058 18.86057 18.86057 18.86058 18.86057 18.86057 18.86057 18.86058 18.86057 18.86057 18.86055 18.81056 18.76155 18.76155 18.76155 18.76155 18.76155 18.76155 19.27484 21.52623 25.65358 26.0997 26.0997 26.0997 26.0997 26.0997 26.0997 26.0997 21.43182 17.12234 15.45575 15.45179 15.45179 15.45179 15.45179 15.45179 30.51945 46.3372 47.16032 47.16033 47.16033 47.16033 47.16032 47.16033 47.16033 47.16033 47.16033 47.16033 47.16033 47.16033 47.16032 47.16033 47.16032 47.16033 45.76319 34.75317 17.82154 12.70988 12.70988 12.70988 12.70988 12.70988 12.70988 12.70988 12.70988
18.82094 18.86058 18.86057 18.86057 18.86057 18.86057 18.86057 18.86057 18.86057 18.85527 18.8341 18.78009 18.76525 18.76155 18.76155 18.76155 18.76155 18.76155 18.76155 21.383 26.05363 26.0997 26.0997 26.0997 26.0997 26.0997 26.0997 26.0997 26.0997 26.0997 26.09678 20.27443 15.45179 15.45179 15.45179 15.45179 15.45179 17.49021 46.29713 47.16033 47.16033 47.16033 47.16033 47.16033 47.16033 47.16033 47.16033 47.16033 47.16033 47.16033 47.16033 47.16033 47.16033 47.16033 35.16673 19.14607 13.26352 12.70988 13.08749 12.70988 12.70988 12.70988 12.70988 12.70988 12.70988 12.70988
17.74529 18.65208 18.86057 18.86057 18.86058 18.86057 18.86057 18.86057 18.80991 18.79626 18.78076 18.76155 18.76155 18.76155 18.76155 18.76155 18.76155 18.76155 18.76155 18.76155 21.20692 25.76016 26.0997 26.0997 26.0997 26.0997 26.0997 26.0997 26.0997 26.0997 25.60995 16.7459 15.45179 15.45179 15.45179 15.45179 15.45179 16.18783 38.22656 51.95542 49.70233 47.16033 47.16033 47.16033 47.1894 47.16033 49.10711 47.55302 47.16033 47.16033 47.16033 47.16033 37.94115 21.81741 16.28164 15.42953 15.15851 14.78214 14.64373 12.70988 12.70988 12.70988 12.70988 12.70988 12.70988 12.70988
17.4361 17.43963 17.94261 18.37819 18.56712 18.86058 18.84258 18.80042 18.7706 18.76156 18.76156 18.76156 18.76156 18.76156 18.76156 18.76156 18.76156 18.76156 18.76156 19.01941 23.32802 26.04461 26.0997 25.34763 20.72923 24.53547 26.0997 26.0997 26.0997 26.0997 26.0997 21.32085 15.45179 15.45179 15.45179 15.45179 15.47062 25.76097 50.97087 52.39245 51.7344 49.37931 48.61448 50.18079 52.27393 51.40226 52.34436 50.00632 47.51836 49.08913 50.01657 37.46053 16.34025 15.42953 15.42953 15.42953 15.42953 15.42953 14.78945 14.43069 14.15975 13.99325 14.33158 13.84119 12.72079 12.70988
17.4361 17.4361 17.4361 17.4361 17.43912 17.85525 18.54564 18.76155 18.76155 18.76155 18.76155 18.76155 18.76155 18.76155 18.76155 18.76155 18.76155 18.71585 18.76155 20.83076 24.8919 24.66407 19.81768 19.34894 16.07553 16.08075 19.3492 19.78106 25.52034 26.0997 26.0997 26.0657 19.57823 15.57311 16.14205 17.12054 15.56041 39.81588 52.39245 52.39244 52.39245 52.39245 52.39245 52.39245 52.39245 52.39245 52.39245 52.3024 51.57371 52.39244 52.39245 52.3636 25.30499 15.42953 15.42953 15.42953 15.42953 15.42954 15.42953 15.42954 15.42953 15.42953 15.42953 15.42953 14.51087 14.92415
17.4361 17.4361 17.4361 17.4361 17.4361 17.4361 18.02328 18.76156 18.76155 18.76156 18.76155 18.76156 18.76156 18.76156 18.76155 18.42119 17.311 16.29095 16.44393 16.46796 17.47823 16.99884 16.07553 16.07553 16.07553 16.07553 16.07553 16.07553 21.65441 26.05009 26.0997 26.0997 26.0997 26.0997 39.37287 52.38554 42.73571 52.24741 52.39245 52.39246 52.39246 52.39245 52.39246 52.39245 52.39246 52.39246 52.39245 52.39245 52.39245 52.39245 52.39245 52.03978 24.84807 15.42953 15.42954 15.42954 15.42954 15.42954 15.42954 15.42953 15.42954 15.42954 15.42954 15.42954 15.42954 15.39033
17.4361 17.4361 17.4361 17.4361 17.4361 17.4361 17.62002 18.34016 18.76155 18.76156 18.76155 18.76155 18.76155 18.76156 18.42806 16.23239 16.07553 16.07553 16.07553 16.07553 16.07553 16.07553 16.07553 16.07553 16.07553 16.07553 16.07553 16.07553 16.07553 18.13977 18.3037 20.78325 23.54798 21.2874 23.98129 51.9973 52.39245 52.39245 52.39245 52.39245 52.39245 52.39245 52.39245 52.39245 52.39245 52.39245 52.39245 52.39245 52.39245 52.39245 52.39245 40.34305 16.66619 15.42953 15.42953 15.42953 15.42953 15.42953 15.42953 15.42953 15.42953 15.42953 15.42953 15.42953 15.42953 15.42953
17.4361 17.4361 17.4361 17.4361 17.4361 17.4361 17.4361 17.44192 18.05398 18.5929 18.76155 18.76155 18.36612 17.03243 16.48421 16.07553 16.07553 16.07553 16.07553 16.07553 16.07553 16.07553 16.07553 16.07553 16.07553 16.07553 16.07553 16.07553 16.07553 16.07553 16.07553 16.19552 16.07553 16.07553 19.99874 45.50576 52.39245 52.39245 52.39245 52.39245 52.39245 52.39245 52.39245 52.39245 52.39245 52.39245 52.39245 52.39245 52.39245 52.39245 52.39245 39.55311 19.35213 15.42953 15.42953 15.42953 15.42953 15.42953 15.42953 15.42953 15.42953 15.42953 15.42954 15.42953 15.42953 15.42953
17.4361 17.4361 17.4361 17.4361 17.4361 17.4361 17.4361 17.4361 17.4361 17.43938 18.05934 17.86021 16.21527 16.07553 16.07553 16.07553 16.07553 16.07553 16.07553 16.07553 16.07553 16.07553 16.07553 16.07553 16.07553 16.07553 16.07553 16.07553 17.32205 20.13026 22.50204 24.7371 22.67354 19.81052 25.16558 41.1042 52.39245 52.39245 52.39245 52.39245 52.39245 52.39245 52.39245 52.39245 52.39245 52.39245 52.39245 52.39245 52.39245 52.39245 52.39245 52.39245 51.7649 21.87749 15.42953 15.42953 15.42953 15.42953 15.42953 15.42953 15.42953 15.42953 15.42953 15.42953 15.42953 15.42953
17.4361 17.4361 17.4361 17.4361 17.4361 17.4361 17.4361 17.4361 17.4361 17.4361 17.46001 16.76888 16.09658 16.07553 16.07553 16.07553 16.07553 16.07553 16.07553 16.07553 16.07553 16.07553 16.07553 16.07553 16.07553 16.07553 16.07553 20.35195 24.85606 25.05627 25.05627 25.05627 25.05627 25.05627 27.44642 41.13971 52.39245 52.39245 52.39244 52.39245 52.39245 52.39245 52.39245 52.39245 52.39245 52.39245 52.39245 52.39245 52.39245 52.39245 52.39245 52.39245 52.39245 45.96886 37.32405 23.18729 15.42953 15.42953 15.42953 15.42953 15.42953 15.42953 15.42953 15.42953 15.42953 15.42953
17.4361 17.4361 17.4361 17.4361 17.4361 17.4361 17.4361 17.4361 17.4361 17.4361 17.4361 17.4361 16.82412 16.0758 16.07553 16.07553 16.07553 16.07553 16.07553 16.07553 16.07553 16.07553 16.07553 16.07553 16.07553 16.12948 22.7119 25.0528 25.05627 25.05627 25.05627 25.05627 25.05627 25.05627 25.05627 43.92883 52.39245 52.39245 52.39245 52.39245 52.39245 52.39245 52.39245 52.39245 52.39245 52.39245 52.39245 52.39245 52.39245 52.39245 52.39245 52.39245 52.39245 52.39245 52.39245 30.71179 15.42953 15.42953 15.42953 15.42953 15.42953 15.42953 15.42953 15.42953 15.42953 15.42953
17.4361 17.4361 17.4361 17.4361 17.4361 17.4361 17.4361 17.4361 17.4361 17.4361 17.4361 17.4361 17.4361 17.00914 16.11701 16.0284 16.00095 15.96133 15.84006 15.65574 15.88592 16.07553 16.07553 16.07553 16.07553 16.07553 16.36756 21.74194 25.05627 25.05627 25.05627 25.05627 25.05627 25.05627 25.05627 36.48212 52.39245 52.39245 52.39245 52.39245 52.39245 52.39245 52.39245 52.39245 52.23893 50.22822 51.32806 43.47078 45.22708 47.64083 52.39245 52.39245 52.39245 52.39245 52.39245 45.04121 37.72087 18.47072 15.42954 15.42954 15.42954 15.42954 15.42954 15.42954 15.42954 15.42954
