Scenarios/Global_Grid/data/country_data_population_distribution/processed/density_grids/blr.asc
ncols 234
nrows 124
xllcorner 23
yllcorner 51
[rows 58 to 86 of 124, columns 132 to 197 of 234]
17.18214 17.18213 17.18214 17.18214 17.18214 17.18214 17.18214 17.18214 17.18214 16.62708 10.88298 9.280887 9.280888 9.280887 9.280888 9.280888 9.280888 9.280887 9.280888 9.280887 9.280888 9.280887 9.280888 9.220663 8.427861 10.11151 11.66262 9.465203 7.682011 7.720328 7.619876 8.133545 7.83659 9.832642 14.86061 22.38305 22.49813 22.49813 22.49813 22.49813 22.49813 22.49813 22.49813 22.49813 22.49813 22.49813 22.49813 22.49813 22.49813 22.49813 22.49813 22.49813 22.49813 17.10227 10.9601 10.90767 10.90767 10.90767 10.90767 10.90767 10.90767 10.90767 10.90767 10.90767 10.90767 10.90767
17.18214 17.18214 17.18214 17.18214 17.18214 17.18214 17.18214 17.18214 17.18214 17.18214 14.60937 9.280888 9.280888 9.280888 9.280888 9.280888 9.280888 9.280887 8.983899 9.097149 9.276533 9.280888 8.948023 8.368756 7.429745 7.433635 8.737018 7.697299 7.428627 7.428627 7.428627 7.428627 7.428627 9.324388 9.155862 12.08505 18.55431 17.88834 14.69221 14.6616 20.19997 22.49813 21.50448 20.06794 21.36309 20.01966 21.81499 21.82573 22.49813 22.49813 22.49813 20.82975 21.98336 22.06354 15.63666 15.68041 11.3328 10.90767 10.90767 10.90767 10.90767 10.90767 10.90767 10.90767 10.90767 10.68531
19.66536 18.70268 17.18214 17.18214 17.18214 17.18214 17.18214 17.18214 17.18214 17.18214 17.03891 13.17816 9.483478 9.280887 9.280888 9.280887 9.280888 9.244134 8.164126 7.492433 7.840573 7.734548 7.430285 7.428627 7.428627 7.428627 7.428627 7.428627 7.428627 7.428627 7.428627 7.428627 7.428627 7.428627 7.428627 8.156503 11.82257 11.82352 11.82352 11.82352 11.89487 13.21582 12.44972 11.82352 11.93272 11.88414 11.89514 16.61953 20.33273 21.63162 19.07657 12.67081 12.43353 18.47771 16.98464 13.75854 10.94449 10.90767 10.90767 10.90767 10.70296 10.90715 10.90767 10.41607 10.49767 9.95164
25.30803 24.63247 18.93692 17.38052 17.18214 17.18214 17.47282 20.58839 18.56679 17.18214 17.75365 18.84995 11.14407 9.280888 9.280887 9.27697 9.28019 9.187442 7.526082 7.428627 7.428627 7.428627 7.428627 7.428627 7.428627 7.428627 7.428627 7.428627 7.428627 7.428627 7.428627 7.428627 7.428627 7.428627 7.777777 7.911034 11.58485 11.82352 11.82352 11.82352 11.82352 11.82352 11.82352 11.82352 11.82352 11.82352 11.82352 11.82352 11.82352 11.82352 11.82352 11.82352 11.82352 11.82352 11.82352 11.79163 11.32808 10.90767 10.90767 10.87488 9.88532 10.01294 10.17552 9.848288 9.847416 9.847416
25.30803 25.30803 25.29928 24.36213 21.53419 18.87846 21.67919 23.74393 23.67953 22.479 22.82167 23.73199 22.07553 15.67717 9.152864 7.761807 7.554636 7.632642 7.442765 7.428627 7.428627 7.428627 7.428627 7.428627 7.428627 7.428627 7.428627 7.428627 7.428627 7.428627 7.428627 7.506016 8.005976 11.84911 11.9677 10.99201 11.56172 11.82352 11.82352 11.82352 11.82352 11.82352 11.82352 11.82352 11.82352 11.82352 11.82352 11.82352 11.82352 11.82352 11.82352 11.82352 11.82352 11.82352 11.82352 11.82352 11.22176 10.3385 10.14125 10.20762 9.847416 9.847416 9.847416 9.847416 9.847416 9.847416
25.30803 25.30803 25.26507 24.72249 24.2245 24.03833 23.74393 23.74393 23.74393 23.74393 23.74393 23.74393 23.74393 23.68349 19.39509 8.684552 7.428627 7.428627 7.428627 7.428627 7.428627 7.428627 7.428627 7.428627 7.428627 7.428627 7.428627 7.428627 7.428627 7.428627 8.833998 13.39572 13.82618 14.01021 13.55389 12.20384 11.82352 11.82352 11.82352 11.82352 11.82352 11.82352 11.82352 11.82352 11.82352 11.82352 11.82352 11.82352 11.82352 11.82352 11.82352 11.82352 11.82352 11.82352 11.82352 11.82352 11.80661 10.4157 9.847416 9.847416 9.847416 9.847416 9.847416 9.847416 9.847415 9.847416
24.81628 24.23954 23.97056 23.74393 23.74393 23.74393 23.74393 23.74393 23.74393 23.74393 23.74393 23.74393 23.74393 23.74393 23.10678 9.056149 7.428627 7.428627 7.428627 7.428627 7.428627 7.428627 7.428627 7.428627 7.428627 7.428627 7.428627 7.428627 7.428627 9.040771 13.74208 14.01021 14.01021 14.01021 14.01021 13.30282 11.89003 11.82352 11.82352 11.82352 11.82352 11.82352 11.82352 11.82352 11.82352 11.82352 11.82352 11.82352 11.82352 11.82352 11.82352 11.82352 11.82352 11.82352 11.82352 11.80327 10.49692 9.847415 9.847416 9.847415 9.847415 9.847415 9.847415 9.847415 9.847416 9.847415
25.30803 25.13091 23.7597 23.74393 23.74393 23.74393 23.74393 23.74393 23.74393 23.74393 23.74393 23.74393 23.74393 23.74393 23.69797 16.96046 8.036945 7.428627 7.428627 7.428627 7.428627 7.428627 7.428627 7.428627 7.428627 7.428627 7.428627 7.428634 9.125603 12.59175 14.01021 14.01021 14.01021 14.01021 14.01021 14.01021 12.83589 11.82352 11.82352 11.82352 11.82352 11.82352 11.82352 11.82352 11.82352 11.82352 11.82352 11.82352 11.82352 11.82352 11.82352 11.82352 11.82352 11.65301 11.68573 11.69973 10.19862 9.847416 9.847416 9.847416 9.847416 9.847416 9.847416 9.847416 9.847416 9.847416
25.07479 24.5247 23.74393 23.74393 23.74393 23.74393 23.74393 23.74393 23.74393 23.74393 23.74393 23.74393 23.74393 23.74393 23.74393 23.68726 15.09295 7.428627 7.428627 7.428627 7.428627 7.428627 7.428627 7.428627 8.000461 7.561861 8.145834 11.43748 14.01021 14.01021 14.01021 14.01021 14.01021 14.01021 14.01021 14.01021 13.93691 11.95345 11.82352 11.82352 11.82352 11.82352 11.82352 11.82352 11.82352 11.82352 11.82352 11.82352 11.82352 11.82352 11.82352 11.82352 11.82352 11.37119 9.847416 9.933465 9.847416 9.847415 9.847415 9.847415 9.847415 9.847415 9.847415 9.847415 9.847416 9.847415
24.92189 24.08247 23.76607 23.74393 23.74393 23.74393 23.74393 23.74393 23.74393 23.74393 23.74393 23.74393 23.74393 23.74393 23.74393 23.74393 18.68034 7.562599 7.428627 7.428627 7.428627 7.428627 7.606586 8.683225 13.07303 13.12609 13.29021 14.01021 14.01021 14.01021 14.01021 14.01021 14.01021 14.01021 14.01021 14.54808 16.256 14.46015 12.17848 11.82352 11.82352 11.82352 11.82352 11.82352 11.82352 11.82352 11.82352 11.82352 11.82352 11.82352 11.82352 11.82352 11.82352 11.08837 11.33198 9.847415 9.847416 9.847416 9.847416 9.847415 9.847416 9.847415 9.847416 9.847415 9.847416 9.847415
25.30803 25.30803 24.29857 23.74393 23.74393 23.74393 23.74393 23.74393 23.74393 23.74393 23.74393 23.74393 23.74393 23.74393 23.74393 23.74393 23.74393 17.85839 7.429942 7.437337 10.76793 12.11522 12.92683 14.01021 14.01021 14.01021 14.01021 14.01021 14.01021 14.01021 14.01021 14.01021 14.01021 14.01021 17.262 22.64584 23.8627 22.30016 16.19465 22.16655 20.73446 18.91521 15.57769 11.8245 11.82352 11.82352 11.82352 11.82352 11.82352 11.82352 11.82352 11.82352 12.33397 16.53245 17.34195 10.26377 10.04735 9.847415 9.847415 9.847416 9.905615 10.81458 10.73769 10.65525 11.06796 9.632241
24.4121 24.52731 24.06684 23.74393 23.74393 23.74393 23.74393 23.74393 23.74393 23.74393 23.74393 23.74393 23.74393 23.74393 23.74393 19.53506 16.8962 18.49111 10.60926 12.8222 14.01021 14.01021 14.01021 14.01021 14.01021 14.01021 14.01021 14.01021 14.01021 14.01021 14.01021 14.01021 14.01021 14.01021 17.87128 24.85455 24.85454 24.85455 24.85455 24.85455 24.85455 24.85454 24.85455 19.03323 11.82352 11.82352 11.82352 11.82352 12.58245 14.52637 21.62782 21.29632 24.33525 24.85455 24.85455 24.84366 17.32907 10.6609 12.17863 12.66054 12.89616 13.67823 13.67823 13.67823 11.16957 7.65665
23.74393 23.74393 23.74393 23.74393 23.74393 23.74393 23.74393 23.74393 23.74393 23.74393 23.74393 23.74393 23.74393 23.74154 23.23192 18.3557 12.38841 12.24014 12.24014 12.41712 13.08406 103.1805 14.01021 14.01021 14.01021 14.01021 14.01021 14.01021 14.01021 14.01021 14.01021 14.01021 14.01021 14.01021 14.05142 23.20435 24.85454 24.85454 24.85454 24.85454 24.85454 24.85454 24.85454 24.05211 17.26568 16.29985 18.93214 21.10967 23.71381 24.85454 24.85454 24.85454 24.85454 24.85454 24.85454 24.85454 24.47261 15.09513 13.67823 13.67823 13.67823 13.67823 13.67823 13.67823 13.67823 10.63946
19.69725 23.52579 23.74393 23.74393 23.74393 23.74393 22.87584 23.73364 23.74393 23.74393 23.74393 23.74393 23.74145 16.16912 12.55621 12.24014 12.24014 12.24014 12.24014 284.935 1212.912 1711.011 466.3258 13.67456 12.91173 12.86709 13.08391 13.76878 14.01021 13.98103 13.50585 13.7403 14.01021 14.01021 17.96512 24.35266 24.85454 24.85454 24.85454 24.85454 24.85454 24.85454 24.85454 24.85454 24.85454 24.85454 24.85454 24.85454 24.85454 24.85454 24.85454 24.85454 24.85454 24.85454 24.68428 24.7199 17.74319 13.67823 13.67823 13.67823 13.67823 13.67823 13.67823 13.67823 13.67823 13.67823
15.78952 14.78676 17.5084 15.02687 19.97343 18.82807 9.30115 14.09547 15.91715 20.52341 22.97337 21.36305 14.70093 12.24014 12.24014 12.24014 12.24014 12.24014 12.24014 805.4389 1677.341 1980.048 1453.9 1084.024 360.1273 12.24014 12.24014 12.70707 13.27028 12.52285 12.24014 12.419 17.91801 14.14206 18.6846 24.85454 24.85454 24.85454 24.85454 24.85454 24.85454 24.85454 24.85454 24.85454 24.85454 24.85454 24.85454 24.85454 24.85454 24.85454 24.85454 24.85454 24.85454 19.56297 14.77896 14.91344 14.60992 13.67823 13.67823 13.67823 13.67823 13.67823 13.67823 13.67823 13.67823 13.6279
12.70988 12.70988 12.70988 12.70988 13.5696 13.91071 9.272611 9.076359 9.07636 10.50171 12.66279 12.24014 12.24014 12.24014 12.24014 12.24014 12.24014 12.24014 12.24014 35.20335 928.5324 1825.529 1143.579 212.9031 34.28071 12.24014 12.24014 12.24014 12.24014 12.24014 12.24014 15.22145 24.81781 24.47947 24.85455 24.85454 24.85454 24.85454 24.85454 24.85454 24.85454 24.85455 24.85454 24.85454 24.85454 24.85454 24.85454 24.85455 24.85454 24.85454 24.85454 24.85454 24.85454 21.30178 14.89816 13.67823 13.67823 13.67823 13.67823 13.67823 13.67823 13.67823 13.67823 13.67823 13.67823 13.13413
12.70988 12.70988 12.70988 12.70988 12.31141 9.114756 9.07636 9.07636 9.07636 9.210825 9.256894 10.24576 12.24014 12.24014 12.24014 12.24014 12.24014 12.24014 12.24014 12.24014 12.24014 388.4576 208.5047 12.24014 12.24014 12.24014 12.24014 12.24014 12.24014 12.24014 12.24014 14.38811 19.65282 24.85454 24.85455 24.85454 24.85454 24.85454 24.85454 24.85454 24.85454 24.85455 24.85454 24.85454 24.85454 24.85454 24.85454 24.85455 24.85454 24.85454 24.85454 24.85454 24.85454 23.97453 14.43922 13.67823 13.67823 13.67823 13.67823 13.67823 13.67823 13.60662 12.60656 12.21634 12.20276 12.12511
12.70988 12.70988 12.70988 12.70988 12.48606 9.784571 9.076359 9.076359 9.076359 9.076359 9.076359 9.57218 10.26809 11.60673 12.23594 12.24014 12.24014 12.24014 12.24014 12.24014 12.24014 12.24014 12.24014 12.24014 12.24014 12.24014 12.24014 12.24014 12.24014 12.24014 12.24014 12.24014 20.5993 24.85454 24.85454 24.85454 31.15908 35.19905 25.9862 26.0995 24.85454 24.85454 24.85454 24.85454 24.8811 25.18914 24.85454 24.85454 24.85454 24.85454 24.85454 24.85454 23.66723 16.52223 12.84536 13.51435 13.35998 13.67823 13.67823 13.67823 13.67824 13.51718 13.01199 12.39671 12.12009 12.12009
12.70988 12.70988 12.60389 10.90249 10.54117 10.5478 9.076359 9.07636 9.076359 9.076359 9.076359 9.07636 9.07636 9.19853 11.08431 11.84279 12.24014 12.24014 12.24014 12.24014 15.3476 24.25827 14.91342 12.24014 12.24014 12.24014 12.24014 12.24014 12.30252 15.41364 13.86293 16.87136 12.6035 21.01173 41.00159 44.01077 37.44519 43.01434 47.45455 45.95698 42.91855 40.98452 38.55856 40.27674 46.75069 48.47313 33.4688 24.85455 24.85454 24.85454 23.97832 21.40721 18.34308 15.57447 13.74337 12.31686 12.13077 13.17816 13.66953 13.41508 13.46733 12.52386 12.12009 12.12009 12.12009 12.12009
12.70988 12.70988 12.45056 9.610111 9.076359 9.076359 9.076359 9.076359 9.076359 9.076359 9.076359 9.076359 9.076359 9.076359 9.09473 11.59966 12.24014 12.24014 12.24014 17.13615 38.21155 44.17495 42.34906 39.60328 37.2815 30.75233 22.77068 26.29246 44.2654 48.87217 47.7216 48.87217 42.585 44.31205 48.87217 48.87217 48.87217 48.87217 48.87217 48.87217 48.87217 48.87217 48.87217 48.87217 48.87217 47.89271 39.44118 37.95801 35.40407 26.51987 23.29808 19.27336 18.23232 18.23232 18.23232 17.5754 15.15444 13.05062 12.47178 12.3007 12.12009 12.12009 12.12009 12.12009 12.12009 12.12009
12.70988 12.70988 12.70988 11.46614 9.076359 9.07636 9.076359 9.07636 9.076359 9.076359 9.076359 9.07636 9.07636 9.07636 10.10801 12.12067 12.24014 12.24014 12.82097 29.50678 44.17495 44.17496 44.17495 44.17496 44.17495 46.08948 48.87217 48.87217 48.87217 48.87217 48.87217 48.87217 48.87217 48.87217 48.87217 48.87217 48.87217 48.87217 48.87217 48.87217 48.87217 48.87217 48.87217 48.87217 48.87217 48.87217 48.87217 48.87217 48.87217 31.03536 24.63006 24.38347 18.35611 18.23232 18.23232 18.23232 17.0973 15.27527 12.12009 12.12009 12.12009 12.12009 12.12009 12.12009 12.12009 12.12009
13.10801 12.70988 11.20471 9.20388 9.076359 9.076359 9.076359 9.076359 9.07636 9.07636 9.076358 9.076359 9.076358 9.076359 9.773916 10.06201 9.445606 9.126379 29.35286 43.37112 44.17495 44.17495 44.17495 44.17495 44.17495 44.47072 47.63326 48.87217 48.87217 48.87217 48.87217 48.87217 48.87217 48.87217 48.87217 48.87217 48.87217 48.87217 48.87217 48.87217 48.87217 48.87217 48.87217 48.87217 48.87217 48.87217 48.87217 48.87217 48.23858 29.61624 18.29481 18.49269 18.23232 18.23232 18.23232 18.23232 17.01427 15.12113 12.67145 12.12009 12.12009 12.12009 12.12009 12.12009 12.12009 11.75721
13.93921 13.50961 13.02188 9.683887 9.07636 9.07636 9.07636 9.07636 9.076359 9.07636 9.07636 9.076359 9.076359 9.07636 9.066898 8.948806 8.898773 8.898774 18.76818 30.15905 37.16089 38.82328 44.17496 44.17496 44.17495 44.17496 44.25622 47.03366 48.50784 48.87217 48.87217 48.87217 48.87217 48.87217 48.87217 48.87217 48.87217 48.87217 48.87217 48.87217 48.87217 48.87217 48.87217 48.87217 48.87217 48.87217 48.87217 48.87217 48.35105 37.03611 18.33139 18.23232 18.23232 18.23232 18.23232 18.23232 18.23232 18.23232 16.36696 12.12009 12.12009 12.12009 12.06345 11.1972 10.95936 10.34585
15.42953 13.98557 11.16444 9.076411 9.076359 9.07636 9.076359 9.076359 9.076359 9.076359 9.076359 9.049191 9.010032 8.977872 8.91918 8.898773 8.898773 8.898773 8.898773 8.898773 8.915097 20.98231 43.81144 44.17496 44.17495 44.17495 44.17495 44.17495 45.13697 47.31737 47.54627 47.16754 45.27093 48.85835 48.87217 48.87217 48.87217 48.87217 48.87217 48.87217 48.87217 48.87217 48.87217 48.87217 48.87217 48.87217 48.87217 47.8131 42.79343 35.40575 18.74092 18.23232 18.23232 18.23232 18.23232 18.23232 18.23232 17.91468 12.60898 12.12009 12.12649 12.73805 12.14297 11.00919 10.29681 10.29682
15.42953 12.87476 10.62067 9.07974 9.076359 9.076359 9.07636 9.076359 9.07636 9.07636 9.07636 9.035764 8.926032 8.898773 8.898773 8.898773 8.898773 8.898773 8.898773 8.898773 15.32818 42.57031 44.17496 44.17495 44.17495 44.17495 44.17495 44.17495 44.17496 44.17495 44.17495 44.17495 44.17495 46.24563 48.87151 48.87217 48.87217 48.87217 48.87217 48.87217 48.87217 48.87217 48.87217 48.87217 48.69326 48.49314 33.60878 22.38363 18.23232 18.23232 18.23232 18.23232 18.23232 18.23232 18.23232 18.23232 18.23232 18.23232 17.34157 17.58993 17.96738 18.23232 16.98929 11.09757 10.29682 10.29682
15.42953 15.42953 15.42953 12.94239 9.05269 8.964054 8.986173 8.943402 8.940494 8.926394 8.950023 8.899222 8.898773 8.898773 8.898774 8.898773 8.898773 8.898773 8.898774 8.898773 29.68674 44.17496 44.17496 44.17496 44.17496 44.17496 44.17496 44.17496 44.17496 44.17495 44.17496 44.17495 44.17496 44.17496 46.84338 48.87217 48.87217 48.87217 48.87217 48.87217 48.87217 48.87217 48.87217 48.87217 46.57208 30.68543 18.23232 18.23232 18.23232 18.23232 18.23232 18.23232 18.23232 18.23232 18.23232 18.23232 18.23232 18.23232 18.23232 18.23232 18.23232 17.97614 12.79448 10.29682 10.29682 10.29682
15.42953 15.42953 14.33073 8.914533 8.898773 8.898774 8.898773 8.898774 8.898773 8.898773 8.898773 8.898773 8.898773 8.898774 8.898773 8.898773 8.898773 8.898774 8.898773 8.898774 12.33699 24.375 28.03796 29.25206 36.28175 44.17496 44.17495 44.17496 44.17495 44.17496 44.17495 44.17496 44.17495 44.17495 44.79446 47.26101 48.69215 48.87217 48.87217 48.87217 48.87217 48.87217 48.87217 48.87217 48.87217 48.2628 22.43468 18.23232 18.23232 18.23232 18.23232 18.23232 18.23232 18.23232 18.23232 18.23232 18.23232 18.23232 18.23232 18.23232 18.23232 15.04577 10.29682 10.29682 10.29682 10.29682
15.42953 15.42953 15.1554 8.944377 8.898774 8.898774 8.898773 8.898773 8.898774 8.898774 8.898773 8.899686 8.91449 8.898773 8.898773 8.898774 8.898773 8.898773 8.898773 8.898773 8.898773 8.965292 14.73855 21.7383 43.85625 44.17495 44.17495 44.17495 44.17495 44.17495 44.17495 44.17495 44.17495 44.17495 44.17495 44.18981 44.25164 44.94825 45.82525 46.88736 47.18476 48.48546 48.87217 48.87217 45.2762 46.99083 47.73857 23.13386 18.23232 18.23232 18.23232 18.23232 18.23232 18.23232 18.23232 18.23232 18.23232 19.50173 23.97276 18.67063 18.6473 19.76928 11.62609 10.29682 10.29682 10.29682
15.42954 15.42954 15.14438 9.326035 8.898774 8.898774 8.898774 8.898774 8.898774 8.898774 8.914209 9.024965 9.044958 8.908121 8.898774 8.898774 8.898774 8.898773 8.898773 8.898774 8.898774 20.4821 44.17495 44.17495 44.17495 44.17495 44.17495 44.17495 44.17496 44.17495 44.17495 44.17495 44.17495 44.17495 44.17496 44.17495 44.17495 43.64855 42.20464 37.34869 35.42887 35.42189 36.71329 36.95916 35.96234 35.78991 27.49531 18.23232 18.23232 18.23232 18.23232 18.23232 18.23232 18.23232 19.12247 27.50371 26.50446 30.93827 36.7031 33.9141 36.27438 36.7031 36.50308 35.19051 25.85131 11.13997
