Scenarios/Global_Grid/data/country_data_population_distribution/processed/density_grids/bol.asc
ncols 300
nrows 320
xllcorner -69
yllcorner -22
[rows 116 to 144 of 320, columns 0 to 66 of 300]
0 0 0 0 0 0 0 0 0 0 0 0 0 0 0 0 0 0 0 0 0 0 0 0 0 3.327159 3.307022 3.307571 3.075547 2.194071 1.981903 1.981903 1.981903 1.981903 1.981903 1.981903 1.981903 1.981903 1.981903 1.981903 1.981903 1.981903 1.981903 1.981903 1.981903 1.981903 1.981903 1.981903 1.981903 1.981903 1.981903 1.981903 1.981903 1.981903 1.981903 1.981903 2.026462 3.025042 3.925766 3.995795 3.995795 3.995795 3.995795 3.995795 8.878807 9.73616 9.73616
0 0 0 0 0 0 0 0 0 0 0 0 0 0 0 0 0 0 0 0 0 0 0 0 3.580019 3.307571 3.307571 3.307571 3.307571 3.213063 2.065085 1.981903 1.981903 1.981903 1.981903 1.981903 1.981903 1.981903 1.981903 1.981903 1.981903 1.981903 1.981903 1.981903 1.981903 1.981903 1.981903 1.981903 1.981903 1.981903 1.981903 1.981903 1.981903 1.981903 1.981903 1.981903 1.981903 1.981903 2.218711 2.755378 3.451402 3.82349 3.995795 5.159038 9.695874 9.73616 9.736159
0 0 0 0 0 0 0 0 0 0 0 0 0 0 0 0 0 0 0 0 0 0 0 3.368886 3.321034 3.307571 3.307571 3.307571 3.307571 2.945047 1.986478 1.981903 1.981903 2.14926 2.673468 2.473672 1.981903 1.981903 1.981903 1.981903 1.981903 1.981903 1.981903 1.981903 1.981903 1.981903 1.981903 1.981903 1.981903 1.981903 1.981903 1.981903 1.981903 1.981903 1.981903 1.981903 1.981903 1.981903 1.981903 1.981903 1.981903 2.102343 2.445846 8.177933 9.73616 9.736159 9.73616
0 0 0 0 0 0 0 0 0 0 0 0 0 0 0 0 0 0 0 0 0 0 0 3.307571 3.307571 3.307571 3.307571 3.307571 3.307571 2.738884 2.745486 2.801157 3.066353 3.269999 2.848009 2.093258 1.981903 1.981903 1.981903 1.981903 1.981903 1.981903 1.981903 1.981903 1.981903 1.981903 1.981903 1.981903 1.981903 1.981903 1.981903 1.981903 1.981903 1.981903 1.981903 1.981903 1.981903 1.981903 1.981903 1.981903 1.981903 1.981903 1.981903 5.333305 9.73616 9.73616 9.73616
0 0 0 0 0 0 0 0 0 0 0 0 0 0 0 0 0 0 0 0 0 0 3.452871 3.307571 3.307571 3.307571 3.307571 3.307571 3.307571 3.307571 3.307571 3.307571 3.307571 2.99659 1.983739 1.981903 1.981903 1.981903 1.981903 1.981903 1.981903 1.981903 1.981903 1.981903 1.981903 1.981903 1.981903 1.981903 1.981903 1.981903 1.981903 1.981903 1.981903 1.981903 1.981903 1.981903 1.981903 1.981903 1.981903 1.981903 1.981903 1.981903 1.981903 1.997751 6.13163 9.736161 9.73616
0 0 0 0 0 0 0 0 0 0 0 0 0 0 0 0 0 0 0 0 0 0 21.63499 3.307571 3.307571 3.307571 3.307571 3.307571 3.307571 3.307571 3.307571 3.307571 3.0565 2.215015 1.981903 1.981903 1.981903 1.981903 1.981903 1.981903 1.981903 1.981903 1.981903 1.981903 1.981903 1.981903 1.981903 1.981903 1.981903 1.981903 1.981903 1.981903 1.981903 1.981903 1.981903 1.981903 1.981903 1.981903 1.981903 1.981903 1.981903 1.981903 1.981903 1.981903 2.007304 5.810698 9.724736
0 0 0 0 0 0 0 0 0 0 0 0 0 0 0 0 0 0 0 0 0 17.62741 5.051819 3.307571 3.307571 3.307571 3.307571 3.307571 3.307571 3.307571 3.307571 3.99912 3.910875 2.495838 2.26707 1.981903 1.981903 1.981903 1.981903 1.981903 1.981903 1.981903 1.981903 1.981903 1.981903 1.981903 1.981903 1.981903 1.981903 1.981903 1.981903 1.981903 1.981903 1.981903 1.981903 1.981903 1.981903 1.981903 1.981903 1.981903 1.981903 1.981903 1.981903 1.981903 1.981903 2.242597 8.434643
0 0 0 0 0 0 0 0 0 0 0 0 0 0 0 0 0 0 0 0 3.307571 3.307571 3.307571 3.307571 3.307571 3.307571 3.307571 3.307571 3.307571 3.307571 4.178798 6.802639 7.339797 6.627127 6.367546 4.090425 1.981903 1.981903 1.981903 1.981903 1.981903 1.981903 1.981903 1.981903 1.981903 1.981903 1.981903 1.981903 1.981903 1.981903 1.981903 1.981903 1.981903 1.981903 1.981903 1.981903 1.981903 1.981903 1.981903 1.981903 1.981903 1.981903 1.981903 1.981903 1.981903 1.981903 6.073426
0 0 0 0 0 0 0 0 0 0 0 0 0 0 0 0 0 0 0 4.003615 3.307571 3.307571 3.307571 3.307571 3.307571 3.307571 3.307571 3.307571 3.307571 3.757118 7.115033 7.34313 7.290679 6.501756 6.493209 6.490332 4.956604 2.30731 1.981903 1.981903 1.981903 1.981903 1.981903 1.981903 1.981903 1.981903 1.981903 1.981903 1.981903 1.981903 1.981903 1.981903 1.981903 1.981903 1.981903 1.981903 1.981903 1.981903 1.981903 1.981903 1.981903 1.981903 1.981903 1.981903 1.981903 2.01432 7.997048
0 0 0 0 0 0 0 0 0 0 0 0 0 0 0 0 0 0 0 0 3.307571 3.307571 3.307571 3.307571 3.307571 3.307571 3.307571 3.307571 3.307571 6.034252 7.34313 7.34313 6.931261 6.493208 6.493209 6.493208 6.493209 5.161327 2.203811 1.981903 1.981903 1.981903 1.981903 1.981903 1.981903 1.981903 1.981903 1.981903 1.981903 1.981903 1.981903 1.981903 1.981903 1.981903 1.981903 1.981903 1.981903 1.981903 1.981903 1.981903 1.981903 1.981903 1.981903 1.981903 1.981903 3.472644 9.716687
0 0 0 0 0 0 0 0 0 0 0 0 0 0 0 0 0 0 0 3.858483 3.307571 3.307571 3.307571 3.307571 3.307571 3.307571 3.307571 3.307571 4.114779 7.333148 7.34313 6.953756 6.49756 6.493209 6.493209 6.493209 6.493209 6.493209 5.422966 2.224562 1.981903 1.981903 1.981903 1.981903 1.981903 1.981903 1.981903 1.981903 1.981903 1.981903 1.981903 1.981903 1.981903 1.981903 1.981903 1.981903 1.981903 1.981903 1.981903 1.981903 1.981903 1.981903 1.981903 1.981903 4.189097 7.500849 9.729911
0 0 0 0 0 0 0 0 0 0 0 0 0 0 0 0 0 0 0 0 3.322077 3.307571 3.307571 3.307571 3.307571 3.307571 3.307571 3.307763 6.205212 7.343131 7.215163 6.518685 6.493209 6.493209 6.493209 6.493209 6.493209 6.493209 6.493209 5.034648 1.981903 1.981903 1.981903 1.981903 1.981903 1.981903 1.981903 1.981903 1.981903 1.981903 1.981903 1.981903 1.981903 1.981903 1.981903 1.981903 1.981903 1.981903 1.981903 1.981903 1.981903 1.981903 1.981903 1.981903 6.024648 9.11919 9.616925
0 0 0 0 0 0 0 0 0 0 0 0 0 0 0 0 0 0 0 0 3.730841 3.307571 3.307571 3.900596 3.54905 6.165236 6.853778 4.937049 7.34313 7.326968 6.687157 6.493208 6.493209 6.493209 6.493209 6.493208 6.493209 6.493208 6.493209 6.213703 3.714811 2.061714 1.981903 1.981903 1.981903 1.981903 1.981903 1.981903 1.981903 1.981903 1.981903 1.981903 1.981903 1.981903 1.981903 1.981903 1.981903 1.981903 1.981903 1.981903 1.981903 1.981903 1.981903 2.600804 8.09112 9.112568 9.203955
0 0 0 0 0 0 0 0 0 0 0 0 0 0 0 0 0 0 0 0 0 3.321236 3.435847 6.325128 7.044971 7.328481 7.34313 7.343131 7.34313 7.07513 6.493209 6.493209 6.493208 6.493209 6.493208 6.493209 6.493208 6.493209 6.493208 6.493209 6.493208 4.009242 1.981903 1.981903 1.981903 1.981903 1.981903 1.981903 1.981903 1.981903 1.981903 1.981903 1.981903 1.981903 1.981903 1.981903 1.981903 1.981903 1.981903 1.981903 1.981903 2.070646 4.961855 8.194106 9.112567 9.112568 9.112567
0 0 0 0 0 0 0 0 0 0 0 0 0 0 0 0 0 0 0 0 0 0 3.397761 4.220063 6.671933 6.510133 7.129471 7.34313 7.285265 6.710669 6.493209 6.493209 6.493209 6.493209 6.493209 6.493209 6.493209 6.493209 6.493209 6.493209 6.493209 6.445557 5.611743 2.602432 1.981903 1.981903 1.981903 1.981903 1.981903 1.981903 1.981903 1.981903 1.981903 1.981903 1.981903 1.981903 1.981903 1.981903 1.981903 1.981903 4.290064 6.066511 7.724797 9.082598 9.112568 9.112568 9.112568
0 0 0 0 0 0 0 0 0 0 0 0 0 0 0 0 0 0 0 0 0 0 0 6.044245 6.493209 6.493209 6.559352 6.648541 6.604229 6.493209 6.493209 6.493209 6.493209 6.493209 6.493209 6.493209 6.493209 6.493209 6.493209 8.035548 8.501627 6.493209 6.493209 5.648425 8.394039 10.15377 6.237831 5.236793 2.613385 2.151897 1.981903 1.981903 1.981903 1.981903 1.981903 1.981903 1.981903 1.981903 1.981903 2.481848 7.195649 7.201285 7.201285 7.924423 9.100045 9.112568 9.112568
0 0 0 0 0 0 0 0 0 0 0 0 0 0 0 0 0 0 0 0 0 0 0 0 6.396702 6.493209 6.493209 6.493209 6.493209 6.493209 6.493209 6.493209 6.493209 6.493209 6.493209 6.612222 6.673245 8.304139 11.23119 12.85533 12.62255 8.140051 6.935386 11.74578 13.14708 13.14708 13.14708 12.09423 4.502168 4.471767 4.194936 3.728551 3.218811 2.637053 2.093436 1.981903 1.981903 1.981903 1.981903 3.095083 7.201285 7.201285 7.201286 7.201285 7.844276 9.084339 9.112568
0 0 0 0 0 0 0 0 0 0 0 0 0 0 0 0 0 0 0 0 0 0 0 0 0 6.493208 6.493209 6.493208 6.493209 6.493208 6.493209 6.493209 6.748129 9.938335 10.63233 12.45364 12.17704 12.85782 12.85782 12.46487 12.04335 11.83883 11.52512 12.66392 13.00991 13.14708 13.14708 13.14708 9.677025 5.194168 4.474121 4.474121 4.474121 4.47412 4.43366 3.876217 5.336835 4.967059 4.479538 4.374911 7.201285 7.201285 7.201286 7.201285 7.963531 9.087255 9.112568
0 0 0 0 0 0 0 0 0 0 0 0 0 0 0 0 0 0 0 0 0 0 0 0 20.81265 16.19302 6.493209 6.493209 6.493208 6.493209 6.493208 6.493208 7.497138 12.85782 12.85782 12.85782 12.85782 12.85782 12.68626 12.06446 12.03497 12.03497 12.03497 12.03497 12.10189 13.04389 13.14708 13.14708 13.14708 12.32586 5.486236 4.47412 4.474121 4.47412 4.474121 5.674831 7.201286 7.201285 7.201286 7.201285 7.201286 7.201285 7.201285 7.66159 10.66036 9.112568 9.112568
0 0 0 0 0 0 0 0 0 0 0 0 0 0 0 0 0 0 0 0 0 0 0 11.0397 22.54755 27.23379 20.76533 16.80478 9.93931 6.493208 6.493209 6.493208 9.424832 12.85782 12.85782 12.85782 12.85775 12.58146 12.07861 12.03497 12.03497 12.03512 12.43139 12.85437 12.89354 13.04977 13.14708 13.14708 13.14708 13.14708 8.507728 4.474121 4.474121 4.474121 4.474121 4.677369 7.054677 7.201285 7.201286 7.201285 7.201286 7.201285 7.218727 10.53527 10.51301 9.112568 9.112568
0 0 0 0 0 0 0 0 0 0 0 0 0 0 0 0 0 0 0 0 0 0 11.03954 11.13595 14.43505 27.73267 27.73307 27.73307 26.2184 22.54102 7.325924 8.700331 12.38326 12.85782 12.85782 15.06216 18.50359 12.03497 12.03497 12.03497 12.03497 12.36151 13.14708 13.14708 13.14708 13.14708 13.14708 13.14708 13.14708 13.14708 10.54013 4.474121 4.474121 4.474121 4.474121 4.474121 5.571033 7.200412 7.201285 7.201285 7.201285 7.86169 12.65392 14.00231 9.568112 9.112569 9.112568
0 0 0 0 0 0 0 0 0 0 0 0 0 0 0 0 0 0 0 0 0 0 11.13595 11.13595 11.13595 14.19361 27.00455 27.73307 27.73308 23.98514 17.07829 13.7555 14.88471 23.91074 26.58368 26.43896 27.27582 13.57539 12.03497 12.03497 12.03497 12.7863 13.14708 13.14719 13.14793 13.14708 13.14708 13.14708 13.14708 13.14708 9.486982 4.47412 4.47412 4.47412 4.474121 4.47412 4.887822 7.051005 7.201285 7.201285 7.201285 7.988479 13.97308 13.18785 9.487333 9.112567 9.112568
0 0 0 0 0 0 0 0 0 0 0 0 0 0 0 0 0 0 0 0 0 0 14.76088 11.13595 11.13595 11.13595 21.11443 27.73307 27.73308 22.08911 17.67883 14.96465 13.03654 23.50471 27.81801 27.818 27.818 20.25783 12.03497 12.03497 12.37797 13.13569 13.14708 13.17515 13.15242 13.14708 13.14708 13.14708 13.14708 13.14708 8.513444 4.47412 4.47412 4.47412 4.474121 4.652837 6.93973 7.201285 7.201285 7.201285 7.201285 7.201285 8.477197 14.30588 12.1998 9.112568 9.112568
0 0 0 0 0 0 0 0 0 0 0 0 0 0 0 0 0 0 0 0 0 39.33227 34.84374 14.18194 11.13595 11.13595 15.52086 27.54427 27.27822 19.03471 17.67883 17.00411 13.30786 15.45022 27.6819 27.41822 17.15458 12.30407 12.03497 12.57118 13.08112 13.19864 13.19258 13.19688 13.14708 13.14708 13.14708 12.59974 10.74006 12.0614 8.65174 4.474121 4.474121 4.47412 4.47412 5.402721 7.201285 7.201285 7.201285 7.201285 7.201285 7.201285 8.595771 14.31521 14.1505 10.37513 9.112568
0 0 0 0 0 0 0 0 0 0 0 0 0 0 0 0 0 0 0 0 41.59591 39.9777 39.9777 17.56293 11.13595 11.13595 11.50471 26.27644 28.21939 22.50737 17.67883 17.67883 16.97514 13.98508 18.63839 16.35325 12.03497 12.52189 12.22161 13.13553 13.21767 13.21767 13.21767 13.19069 13.14708 13.14708 13.11188 7.180743 4.474121 4.806544 11.59753 28.03386 20.91774 17.09951 4.474121 4.600729 7.123414 7.201285 7.201285 7.201285 7.201285 7.201285 10.03785 14.31521 14.31521 13.57989 10.57332
0 0 0 0 0 0 0 0 0 0 0 0 0 0 0 0 0 0 0 0 39.9777 39.9777 39.9777 44.49152 28.70959 12.99633 21.46704 25.91546 34.33241 29.15201 17.67883 17.67883 17.67883 18.39898 19.6483 16.15525 12.12547 12.99794 13.21627 13.21767 13.21766 13.21767 13.21766 13.2081 13.14713 13.14708 10.06504 6.784984 16.6173 28.60128 34.91431 34.9159 34.9159 20.28803 4.47412 4.47412 5.265506 7.169802 7.201285 7.201285 9.047184 15.82609 18.88472 14.31521 14.31521 14.31521 13.93204
0 0 0 0 0 0 0 0 0 0 0 0 0 0 0 0 0 0 0 0 39.9777 39.9777 39.9777 51.56527 57.42902 28.69094 27.73308 30.40536 35.05441 30.58136 17.95593 17.67883 17.67883 19.48488 20.72684 19.58481 13.2326 12.20317 13.19089 13.21767 13.21767 13.21767 13.21767 13.21767 13.17892 13.16686 13.21321 19.1627 32.57049 34.9159 34.9159 33.69526 19.36021 4.86769 4.474121 4.474121 4.474121 5.805733 7.201285 7.201286 10.72724 26.16169 24.02234 14.39474 14.31521 14.31521 14.31521
0 0 0 0 0 0 0 0 0 0 0 0 0 0 0 0 0 0 0 0 0 39.97769 39.9777 45.14368 58.56721 50.3774 31.72765 29.56276 34.76739 34.61225 18.0524 17.67883 17.67883 17.09064 15.88661 19.57462 19.44252 12.39144 12.62986 13.21767 13.21767 13.21767 13.21767 13.21767 13.21767 13.21767 12.79257 22.97529 30.85049 31.87121 27.07622 9.177247 4.474121 4.474121 4.474121 4.474121 4.474121 4.525025 5.908593 7.183874 7.527196 25.86905 27.13791 23.97214 17.2654 14.31521 14.31521
0 0 0 0 0 0 0 0 0 0 0 0 0 0 0 0 0 0 0 0 11.13595 39.9777 39.9777 55.7956 57.24078 41.85271 35.05441 35.05441 35.05441 24.41811 17.67883 17.67883 16.9522 13.22976 13.21767 13.25108 14.09821 13.13597 13.06222 13.21767 13.21767 13.21767 13.21767 13.21767 13.21767 11.4667 6.149477 4.47412 4.474121 4.47412 4.474121 4.474121 4.47412 4.47412 4.474121 4.47412 4.474121 4.47412 4.480148 6.127886 13.61203 27.13791 27.13791 27.13791 25.5565 21.22242 18.7823
