Scenarios/Global_Grid/data/country_data_population_distribution/processed/density_grids/bol.asc
ncols 300
nrows 320
xllcorner -69
yllcorner -22
[rows 116 to 144 of 320, columns 134 to 200 of 300]
1.068444 1.068444 1.068444 1.068444 1.068444 1.068444 1.068444 1.068444 1.068444 1.068444 1.068444 1.068444 1.068444 1.068444 1.068444 1.068444 1.068444 1.068444 1.94116 4.369567 4.369567 4.369567 4.369567 4.369567 4.369567 4.369567 4.369567 3.269177 0.7624142 0.7624142 0.7624142 0.7624142 0.7624142 0.7624142 0.7624142 0.7624142 0.7624142 0.7624142 0.7624142 0.7360883 0.6505507 0.6420559 0.6420559 0.6420559 0.6420559 0.6420559 0.6420559 0.6420559 0.6420559 0.6420559 0.6420559 0.6420559 0.6420559 0.6420559 0.6420559 0.6420559 0.6420559 0.6420559 0.6420559 0.6420559 0.6420559 0.6420559 0.6420559 0.6420559 0.6420559 0.6420559 0.6420559
1.068444 1.068444 1.068444 1.068444 1.068444 1.068444 1.068444 1.068444 1.068444 1.068444 1.068444 1.068444 1.068444 1.068444 1.068444 1.068444 1.068444 1.068444 2.877455 4.369567 4.369567 4.369567 4.369567 4.369567 4.369567 4.110324 3.507666 0.8278779 0.7624142 0.7624142 0.7624142 0.7624142 0.7624142 0.7624142 0.7624142 0.7624142 0.7624142 0.7624142 0.7624142 0.7624142 0.6938722 0.6420559 0.6420559 0.6420559 0.6420559 0.6420559 0.6420559 0.6420559 0.6420559 0.6420559 0.6420559 0.6420559 0.6420559 0.6420559 0.6420559 0.6420559 0.6420559 0.6420559 0.6420559 0.6420559 0.6420559 0.6420559 0.6420559 0.6420559 0.6420559 0.6420559 0.6420559
1.068444 1.068444 1.068444 1.068444 1.068444 1.068444 1.068444 1.068444 1.068444 1.068444 1.068444 1.068444 1.068444 1.068444 1.068444 1.068444 1.068444 1.068444 3.81375 4.369567 4.369567 4.369567 4.369567 4.369567 3.361902 1.111776 0.774519 0.7624142 0.7624142 0.7624142 0.7624142 0.7624142 0.7624142 0.7624142 0.7624142 0.7624142 0.7624142 0.7624142 0.7624142 0.7624142 0.7043395 0.6420559 0.6420559 0.6420559 0.6420559 0.6420559 0.6420559 0.6420559 0.6420559 0.6420559 0.6420559 0.6420559 0.6420559 0.6420559 0.6420559 0.6420559 0.6420559 0.6420559 0.6420559 0.6420559 0.6420559 0.6420559 0.6420559 0.6420559 0.6420559 0.6420559 0.6420559
1.068444 1.068444 1.068444 1.068444 1.068444 1.068444 1.068444 1.068444 1.068444 1.068444 1.068444 1.068444 1.068444 1.068444 1.068444 1.068444 1.068444 1.453026 4.365464 4.369567 4.369567 4.369567 4.369567 4.369567 1.952381 0.7624143 0.7624142 0.7624142 0.7624142 0.7624142 0.7624142 0.7624142 0.7624143 0.7624142 0.7624142 0.7624142 0.7624142 0.7624142 0.7624142 0.7624142 0.7538735 0.6438441 0.6420559 0.6420559 0.6420559 0.6420559 0.6420559 0.6420559 0.6420559 0.6420559 0.6420559 0.6420559 0.6420559 0.6420559 0.6420559 0.6420559 0.6420559 0.6420559 0.6420559 0.6420559 0.6420559 0.6420559 0.6420559 0.6420559 0.6420559 0.6420559 0.6420559
1.068444 1.068444 1.068444 1.068444 1.068444 1.068444 1.068444 1.068444 1.068444 1.068444 1.068444 1.068444 1.068444 1.068444 1.068444 1.068444 1.068444 2.385217 4.369567 4.369567 4.369567 4.369567 4.369567 4.369567 3.87312 1.130924 0.7624142 0.7624142 0.7624142 0.7624142 0.7624142 0.7624142 0.7624142 0.7624142 0.7624143 0.7624142 0.7624142 0.7624142 0.7624142 0.7624142 0.7624142 0.6793168 0.6420559 0.6420559 0.6420559 0.6420559 0.6420559 0.6420559 0.6420559 0.6420559 0.6420559 0.6420559 0.6420559 0.6420559 0.6420559 0.6420559 0.6420559 0.6420559 0.6420559 0.6420559 0.6420559 0.6420559 0.6420559 0.6420559 0.6420559 0.6420559 0.6420559
7.812649 7.453244 7.142694 6.835061 6.527431 6.219801 5.912173 5.604643 5.323127 5.061898 4.800669 4.539441 4.278215 4.01699 3.755765 3.494541 3.233316 3.685562 4.369567 4.369567 4.369567 4.369567 4.369567 4.144907 1.947265 0.8341392 0.7624142 0.7624142 0.7624142 0.7624142 0.7624142 0.7624142 0.7624142 0.7624142 0.7624142 0.7624142 0.7624142 0.7624142 0.7624142 0.7624142 0.7624142 0.7429654 0.6425744 0.6420559 0.6420559 0.6420559 0.6420559 0.6420559 0.6420559 0.6420559 0.6420559 0.6420559 0.6420559 0.6420559 0.6420559 0.6420559 0.6420559 0.6420559 0.6420559 0.6420559 0.6420559 0.6420559 0.6420559 0.6420559 0.6420559 0.6420559 0.6420559
52.20015 52.20015 52.20015 52.20015 52.20015 52.20015 52.20015 52.20015 52.20015 52.20015 52.20015 52.20015 52.20015 52.20015 52.20015 52.20014 51.12222 6.910251 4.369567 4.369567 4.369567 4.369567 3.952272 2.04433 0.7624142 0.7624142 0.7624142 0.7624142 0.7624142 0.7624142 0.7624142 0.7624142 0.7624142 0.7624142 0.7624142 0.7624142 0.7624142 0.7624142 0.7624142 0.7624142 0.7624143 0.7624142 0.6591585 0.6420559 0.6420559 0.6420559 0.6420559 0.6420559 0.6420559 0.6420559 0.6420559 0.6420559 0.6420559 0.6420559 0.6420559 0.6420559 0.6420559 0.6420559 0.6420559 0.6420559 0.6420559 0.6420559 0.6420559 0.6420559 0.6420559 0.6420559 0.6420559
52.20015 52.20015 52.20015 52.20015 52.20015 52.20015 52.20014 52.20015 52.20015 52.20015 52.20015 52.20015 52.20015 52.20015 52.20015 52.20015 39.8062 4.369567 4.369567 4.369567 4.369567 4.369567 3.749085 0.7624378 0.7624142 0.7624142 0.7624142 0.7624142 0.7624142 0.7624142 0.7624142 0.7624142 0.7624142 0.7624142 0.7624143 0.7624142 0.7624142 0.7624142 0.7624142 0.7624142 0.7624142 0.7624142 0.6954831 0.6420559 0.6420559 0.6420559 0.6420559 0.6420559 0.6420559 0.6420559 0.6420559 0.6420559 0.6420559 0.6420559 0.6420559 0.6420559 0.6420559 0.6420559 0.6420559 0.6420559 0.6420559 0.6420559 0.6420559 0.6420559 0.6420559 0.6420559 0.6420559
52.20015 52.20015 52.20015 52.20015 52.20015 52.20015 52.20015 52.20015 52.20015 52.20015 52.15556 47.40781 39.50222 31.59638 23.6903 15.78399 7.724314 4.369567 4.369567 4.369567 4.369567 4.369567 4.365568 1.956619 0.7624142 0.7624142 0.7624142 0.7624142 0.7624142 0.7624142 0.7624142 0.7624142 0.7624142 0.7624142 0.7624142 0.7624142 0.7624142 0.7624142 0.7624142 0.7624142 0.7624142 0.7624142 0.7281509 0.6420559 0.6420559 0.6420559 0.6420559 0.6420559 0.6420559 0.6420559 0.6420559 0.6420559 0.6420559 0.6420559 0.6420559 0.6420559 0.6420559 0.6420559 0.6420559 0.6420559 0.6420559 0.6420559 0.6420559 0.6420559 0.6420559 0.6420559 0.6420559
52.20014 52.20014 52.20015 52.20015 51.1611 44.63363 36.28852 28.38258 20.47641 12.57 4.707946 1.549719 1.549719 1.549719 1.549719 1.549719 3.901932 4.369567 4.369567 4.369567 4.369567 4.369567 4.369567 3.158906 0.7624142 0.7624142 0.7624142 0.7624142 0.7624142 0.7624142 0.7624142 0.7624142 0.7624142 0.7624142 0.7624142 0.7624142 0.7624142 0.7624142 0.7624142 0.7624142 0.7624142 0.754568 0.6728826 0.6420558 0.6420559 0.6420559 0.6420559 0.6420559 0.6420559 0.6420559 0.6420559 0.6420559 0.6420559 0.6420559 0.6420559 0.6420559 0.6420559 0.6420559 0.6420559 0.6420559 0.6420559 0.6420559 0.6420559 0.6420559 0.6420559 0.6420559 0.6420559
33.07477 29.72841 26.53797 9.355968 2.627477 1.549719 1.549719 1.549719 1.549719 1.549719 1.549719 1.549719 1.549719 1.549719 1.549719 1.892547 4.367064 4.369567 4.369567 4.369567 4.369567 4.369567 4.369567 4.108017 1.337481 0.7624142 0.7624142 0.7624142 0.7624142 0.7624142 0.7624142 0.7624142 0.7624142 0.7624142 0.7624142 0.7624142 0.7624142 0.7624142 0.7624142 0.7624142 0.7624142 0.6840616 0.6420559 0.6420559 0.6420559 0.6420559 0.6420559 0.6420559 0.6420559 0.6420559 0.6420559 0.6420559 0.6420559 0.6420559 0.6420559 0.6420559 0.6420559 0.6420559 0.6420559 0.6420559 0.6420559 0.6420559 0.6420559 0.6420559 0.6420559 0.6420559 0.6420559
1.549719 1.549719 1.549719 1.549719 1.549719 1.549719 1.549719 1.549719 1.549719 1.549719 1.549719 1.549719 1.549719 1.549719 1.549719 2.000391 4.369567 4.369567 4.369567 4.369567 4.369567 4.369567 4.369567 4.369567 3.74744 0.8213537 0.7624142 0.7624142 0.7624142 0.7624143 0.7624142 0.7624142 0.7624142 0.7624142 0.7624142 0.7624142 0.7624142 0.7624143 0.7624142 0.7624142 0.7606869 0.6642785 0.6420559 0.6420559 0.6420559 0.6420559 0.6420559 0.6420559 0.6420559 0.6420559 0.6420559 0.6420559 0.6420559 0.6420559 0.6420559 0.6420559 0.6420559 0.6420559 0.6420559 0.6420559 0.6420559 0.6420559 0.6420559 0.6420559 0.6420559 0.6420559 0.6420559
1.549719 1.549719 1.549719 1.549719 1.549719 1.549719 1.549719 1.549719 1.549719 1.549719 1.549719 1.549719 1.549719 1.549719 1.549719 2.445547 4.369567 4.369567 4.369567 4.369567 4.369567 4.369567 4.369567 4.369567 4.369567 1.960315 0.7624142 0.7624142 0.7624142 0.7624142 0.7624142 0.7624142 0.7624142 0.7624142 0.7624142 0.7624142 0.7624142 0.7624142 0.7624142 0.7624142 0.7576033 0.6423674 0.6420559 0.6420559 0.6420559 0.6420559 0.6420559 0.6420559 0.6420559 0.6420559 0.6420559 0.6420559 0.6420559 0.6420559 0.6420559 0.6420559 0.6420559 0.6420559 0.6420559 0.6420559 0.6420559 0.6420559 0.6420559 0.6420559 0.6420559 0.6420559 0.6420559
1.549719 1.549719 1.549719 1.549719 1.549719 1.549719 1.549719 1.549719 1.549719 1.549719 1.549719 1.549719 1.549719 1.549719 1.591283 3.863427 4.369567 4.369567 4.369567 4.369567 4.369567 4.369567 4.369567 4.369567 4.369567 3.860809 0.9491805 0.7624142 0.7624142 0.7624142 0.7624142 0.7624142 0.7624142 0.7624142 0.7624142 0.7624142 0.7624142 0.7624142 0.7624142 0.7624142 0.7624142 0.653203 0.6420559 0.6420559 0.6420559 0.6420559 0.6420559 0.6420559 0.6420559 0.6420559 0.6420559 0.6420559 0.6420559 0.6420559 0.6420559 0.6420559 0.6420559 0.6420559 0.6420559 0.6420559 0.6420559 0.6420559 0.6420559 0.6420559 0.6420559 0.6420559 0.6420559
1.549719 1.549719 1.549719 1.549719 1.549719 1.549719 1.549719 1.549719 1.549719 1.549719 1.549719 1.549719 1.549719 1.549719 1.549719 3.440805 4.369567 4.369567 4.369567 4.369567 4.369567 4.369567 4.369567 4.369567 4.369567 4.369567 3.716218 2.496687 1.416537 2.560131 0.8057443 0.7624142 0.7624142 0.7624142 0.7624142 0.7624142 0.7624142 0.7624142 0.7624142 0.7624142 0.7624142 0.6691867 0.6420559 0.6420559 0.6420559 0.6420559 0.6420559 0.6420559 0.6420559 0.6420559 0.6420559 0.6420559 0.6420559 0.6420559 0.6420559 0.6420559 0.6420559 0.6420559 0.6420559 0.6420559 0.6420559 0.6420559 0.6420559 0.6420559 0.6420559 0.6420559 0.6420559
1.549719 1.549719 1.549719 1.549719 1.549719 1.549719 1.549719 1.549719 1.549719 1.549719 1.549719 1.549719 1.549719 1.549719 1.549719 2.913727 4.282067 4.369567 4.369567 4.369567 4.369567 4.369567 4.369567 4.369567 4.369567 4.369567 4.369567 4.369567 4.369567 4.366211 1.700446 0.7624142 0.7624142 0.7624142 0.7624142 0.7624142 0.7624142 0.7624142 0.7624142 0.7624142 0.7624142 0.6851704 0.6420559 0.6420559 0.6420559 0.6420559 0.6420559 0.6420559 0.6420559 0.6420559 0.6420559 0.6420559 0.6420559 0.6420559 0.6420559 0.6420559 0.6420559 0.6420559 0.6420559 0.6420559 0.6420559 0.6420559 0.6420559 0.6420559 0.6420559 0.6420559 0.6420559
1.549719 1.549719 1.549719 1.549719 1.549719 1.549719 1.549719 1.549719 1.549719 1.549719 1.549719 1.549719 1.549719 1.549719 1.549719 1.549815 2.592503 4.369567 4.369567 4.369567 4.369567 4.369567 4.369567 4.369567 4.369567 4.369567 4.369567 4.369567 4.369567 4.03068 0.8327169 0.7624142 0.7624142 0.7624142 0.7624143 0.7624142 0.7624142 0.7624142 0.7624142 0.7624142 0.7624143 0.7011111 0.6420559 0.6420559 0.6420559 0.6420559 0.6420559 0.6420559 0.6420559 0.6420559 0.6420559 0.6420559 0.6420559 0.6420559 0.6420559 0.6420559 0.6420559 0.6420559 0.6420559 0.6420559 0.6420559 0.6420559 0.6420559 0.6420559 0.6420559 0.6420559 0.6420559
1.526022 1.549719 1.549719 1.549719 1.549719 1.549719 1.549719 1.549719 1.549719 1.549719 1.549719 1.549719 1.549719 1.549719 1.549719 1.549719 1.663973 3.746156 4.369567 4.369567 4.369567 4.369567 4.369567 4.369567 4.369567 4.369567 4.369567 4.369567 4.369567 4.369403 1.599421 0.7624142 0.7624142 0.7624142 0.7624142 0.7624142 0.7624142 0.7624142 0.7624142 0.7624142 0.7624142 0.7169287 0.6420559 0.6420559 0.6420559 0.6420559 0.6420559 0.6420559 0.6420559 0.6420559 0.6420559 0.6420559 0.6420559 0.6420559 0.6420559 0.6420559 0.6420559 0.6420559 0.6420559 0.6420559 0.6420559 0.6420559 0.6420559 0.6420559 0.6420559 0.6420559 0.6420559
1.307438 1.549719 1.549719 1.549719 1.549719 1.549719 1.549719 1.549719 1.549719 1.549719 1.549719 1.549719 1.549719 1.549719 1.549719 1.549719 1.549719 3.210706 4.369567 4.369567 4.369567 4.369567 4.369567 4.369567 4.369567 4.369567 4.369567 4.369567 4.369567 4.369567 2.036674 0.7624142 0.7624142 0.7624143 0.7624142 0.7624143 0.7624142 0.7624142 0.7624142 0.7624143 0.7624142 0.7327876 0.6420559 0.6420559 0.6420559 0.6420559 0.6420559 0.6420559 0.6420559 0.6420559 0.6420559 0.6420559 0.6420559 0.6420559 0.6420559 0.6420559 0.6420559 0.6420559 0.6420559 0.6420559 0.6420559 0.6420559 0.6420559 0.6420559 0.6420559 0.6420559 0.6420559
1.141506 1.538661 1.549719 1.549719 1.549719 1.549719 1.549719 1.549719 1.549719 1.549719 1.549719 1.549719 1.549719 1.549719 1.549719 1.549719 1.549719 2.325099 4.357856 4.369567 4.369567 4.369567 4.369567 4.369567 4.369567 4.369567 4.369567 4.369567 4.369567 4.369567 2.860504 0.7624142 0.7624142 0.7624142 0.7624142 0.7624142 0.7624142 0.7624142 0.7624142 0.7624142 0.7624142 0.7486645 0.6420559 0.6420559 0.6420559 0.6420559 0.6420559 0.6420559 0.6420559 0.6420559 0.6420559 0.6420559 0.6420559 0.6420559 0.6420559 0.6420559 0.6420559 0.6420559 0.6420559 0.6420559 0.6420559 0.6420559 0.6420559 0.6420559 0.6420559 0.6420559 0.6420559
1.218371 1.549506 1.549719 1.549719 1.549719 1.549719 1.549719 1.549719 1.549719 1.549719 1.549719 1.549719 1.549719 1.549719 1.549719 1.549719 1.549719 1.571391 3.37289 4.369567 4.369567 4.369567 4.369567 4.369567 4.369567 4.369567 4.369567 4.369567 4.369567 4.369567 3.596377 0.8838328 0.7624142 0.7624142 0.7624142 0.7624142 0.7624142 0.7624142 0.7624142 0.7624142 0.7624142 0.7613662 0.645301 0.6420559 0.6420559 0.6420559 0.6420559 0.6420559 0.6420559 0.6420559 0.6420559 0.6420559 0.6420559 0.6420559 0.6420559 0.6420559 0.6420559 0.6420559 0.6420559 0.6420559 0.6420559 0.6420559 0.6420559 0.6420559 0.6420559 0.6420559 0.6420559
1.34037 1.549719 1.549719 1.549719 1.549719 1.549719 1.549719 1.549719 1.549719 1.549719 1.549719 1.549719 1.549719 1.549719 1.549719 1.549719 1.549719 1.549719 1.559261 3.841961 4.369567 4.369567 4.369567 4.369567 4.369567 4.369567 4.369567 4.369567 4.369567 4.369567 3.663922 1.039628 0.7624143 0.7624142 0.7624142 0.7624142 0.7624142 0.7624142 0.7624142 0.7624142 0.7624142 0.7624142 0.6602158 0.6420559 0.6420559 0.6420559 0.6420559 0.6420559 0.6420559 0.6420559 0.6420559 0.6420559 0.6420559 0.6420559 0.6420559 0.6420559 0.6420559 0.6420559 0.6420559 0.6420559 0.6420559 0.6420559 0.6420559 0.6420559 0.6420559 0.6420559 0.6420559
1.095405 1.549719 1.549719 1.549719 1.549719 1.549719 1.549719 1.549719 1.549719 1.549719 1.549719 1.549719 1.549719 1.549719 1.549719 1.549719 1.549719 1.549719 1.589996 3.16166 4.232662 4.369567 4.369567 4.369567 4.369567 4.369567 4.369567 4.369567 4.369567 4.369567 2.22674 0.7624142 0.7624142 0.7624142 0.7624142 0.7624142 0.7624142 0.7624142 0.7624142 0.7624142 0.7624142 0.7624142 0.6761786 0.6420559 0.6420559 0.6420559 0.6420559 0.6420559 0.6420559 0.6420559 0.6420559 0.6420559 0.6420559 0.6420559 0.6420559 0.6420559 0.6420559 0.6420559 0.6420559 0.6420559 0.6420559 0.6420559 0.6420559 0.6420559 0.6420559 0.6420559 0.6420559
0.8081424 1.503811 1.549719 1.549719 1.549719 1.549719 1.549719 1.549719 1.549719 1.549719 1.549719 1.549719 1.549719 1.549719 1.549719 1.549719 1.549719 1.549719 1.549719 1.59822 2.054371 3.782318 4.369567 4.369567 4.369567 4.369567 4.369567 4.369567 4.369567 4.369567 2.781457 0.7624142 0.7624142 0.7624142 0.7624142 0.7624142 0.7624142 0.7624142 0.7624142 0.7624142 0.7624142 0.7624142 0.6921416 0.6420559 0.6420559 0.6420559 0.6420559 0.6420559 0.6420559 0.6420559 0.6420559 0.6420559 0.6420559 0.6420559 0.6420559 0.6420559 0.6420559 0.6420559 0.6420559 0.6420559 0.6420559 0.6420559 0.6420559 0.6420559 0.6420559 0.6420559 0.6420559
0.7475569 1.020026 1.489127 1.549719 1.549719 1.549719 1.549719 1.549719 1.549719 1.549719 1.549719 1.549719 1.549719 1.549719 1.549719 1.549719 1.549719 1.549719 1.549719 1.549719 1.549719 2.847111 4.369567 4.369567 4.369567 4.369567 4.369567 4.369567 4.369567 4.369567 2.064701 0.7624142 0.7624142 0.7624142 0.7624142 0.7624142 0.7624142 0.7624142 0.7624142 0.7624142 0.7624142 0.7624142 0.7081044 0.6420559 0.6420559 0.6420559 0.6420559 0.6420559 0.6420559 0.6420559 0.6420559 0.6420559 0.6420559 0.6420559 0.6420559 0.6420559 0.6420559 0.6420559 0.6420559 0.6420559 0.6420559 0.6420559 0.6420559 0.6420559 0.6420559 0.6420559 0.6420559
0.7475569 0.7475569 1.22957 1.549719 1.549719 1.549719 1.549719 1.549719 1.549719 1.549719 1.549719 1.549719 1.549719 1.549719 1.549719 1.549719 1.549719 1.549719 1.549719 1.549719 1.549719 2.769597 4.248263 4.369567 4.369567 4.369567 4.369567 4.369567 4.369567 3.946105 2.122965 0.7624142 0.7624142 0.7624142 0.7624142 0.7624142 0.7624142 0.7624142 0.7624142 0.7624142 0.7624142 0.7624142 0.7242151 0.6420559 0.6420559 0.6420559 0.6420559 0.6420559 0.6420559 0.6420559 0.6420559 0.6420559 0.6420559 0.6420559 0.6420559 0.6420559 0.6420559 0.6420559 0.6420559 0.6420559 0.6420559 0.6420559 0.6420559 0.6420559 0.6420559 0.6420559 0.6420559
0.7475569 0.7475569 1.221988 1.549719 1.549719 1.549719 1.549719 1.549719 1.549719 1.549719 1.549719 1.549719 1.549719 1.549719 1.549719 1.549719 1.549719 1.549719 1.549719 1.549719 1.549719 1.549719 2.710733 4.369567 4.369567 4.369567 4.369567 4.369567 4.360816 2.053885 0.7969481 0.7624142 0.7624142 0.7624142 0.7624142 0.7624142 0.7624142 0.7624142 0.7624142 0.7624142 0.7624142 0.7624142 0.7404777 0.6420559 0.6420559 0.6420559 0.6420559 0.6420559 0.6420559 0.6420559 0.6420559 0.6420559 0.6420559 0.6420559 0.6420559 0.6420559 0.6420559 0.6420559 0.6420559 0.6420559 0.6420559 0.6420559 0.6420559 0.6420559 0.6420559 0.6420559 0.6420559
0.7475569 0.7475569 1.27168 1.549719 1.549719 1.549719 1.549719 1.549719 1.549719 1.549719 1.549719 1.549719 1.549719 1.549719 1.549719 1.549719 1.549719 1.549719 1.549719 1.549719 1.549719 1.549719 1.620256 1.970445 3.530544 3.964502 4.369567 4.369567 4.369567 4.338337 3.528211 2.702814 1.915076 1.13396 0.7624142 0.7624142 0.7624142 0.7624142 0.7624142 0.7624142 0.7624142 0.7624142 0.7565544 0.6422415 0.6420559 0.6420559 0.6420559 0.6420559 0.6420559 0.6420559 0.6420559 0.6420559 0.6420559 0.6420559 0.6420559 0.6420559 0.6420559 0.6420559 0.6420559 0.6420559 0.6420559 0.6420559 0.6420559 0.6420559 0.6420559 0.6420559 0.6420559
0.7475569 0.7475568 1.280755 1.549719 1.549719 1.549719 1.549719 1.549719 1.549719 1.549719 1.549719 1.549719 1.549719 1.549719 1.549719 1.549719 1.549719 1.549719 1.549719 1.549719 1.549719 1.549719 1.549719 1.549719 1.549719 1.801258 3.873928 4.369567 4.369567 4.369567 4.369567 4.369567 4.369567 4.369304 3.950819 3.147145 1.692131 0.7624142 0.7624142 0.7624142 0.7624142 0.7624142 0.7624142 0.6526443 0.6420559 0.6420559 0.6420559 0.6420559 0.6420559 0.6420559 0.6420559 0.6420559 0.6420559 0.6420559 0.6420559 0.6420559 0.6420559 0.6420559 0.6420559 0.6420559 0.6420559 0.6420559 0.6420559 0.6420559 0.6420559 0.6420559 0.6420559
