Scenarios/Global_Grid/data/country_data_population_distribution/processed/density_grids/bol.asc
ncols 300
nrows 320
xllcorner -69
yllcorner -22
[rows 261 to 289 of 320, columns 134 to 200 of 300]
16.81486 16.81486 16.81486 16.81486 16.81486 16.81486 11.62705 4.54806 3.219235 2.457068 2.457068 2.457068 2.457068 2.457068 2.457068 2.457068 2.457068 2.457068 2.402861 2.368228 2.368228 2.362558 2.260076 2.257804 2.257803 2.257804 2.257803 2.251546 1.010053 0.9399658 0.9399658 0.9399658 0.9399658 0.9399658 0.9399657 0.9399658 0.9399658 0.9399658 0.9399658 0.9399658 0.9399657 0.9399658 0.9399658 0.9399658 0.9399658 0.9399658 0.9399658 0.9399658 0.9399658 0.9399658 0.9399658 0.9399658 0.9399658 0.9399658 0.9399658 0.7516453 0 0 0 0 0 0 0 0 0 0 0
16.81486 16.81485 16.15649 13.87269 13.07582 7.610777 5.215814 4.548059 2.946243 2.457068 2.457068 2.457068 2.457068 2.457068 2.457068 2.457068 2.457068 2.457068 2.389848 2.368228 2.368228 2.328324 2.257803 2.257803 2.257803 2.246025 2.205296 2.236803 1.260659 0.9399658 0.9399658 0.9399658 0.9399658 0.9399658 0.9399658 0.9399658 0.9399658 0.9399658 0.9399658 0.9399658 0.9399658 0.9399658 0.9399658 0.9399658 0.9399657 0.9399658 0.9399657 0.9399657 0.9399657 0.9399658 0.9399657 0.9399658 0.9399658 0.9399658 0.9399657 0.7075236 0 0 0 0 0 0 0 0 0 0 0
16.61848 11.32276 5.732783 4.548059 4.548059 4.548059 4.548059 4.548059 2.965578 2.457068 2.457068 2.457068 2.457068 2.457068 2.457068 2.457068 2.457068 2.457068 2.382386 2.368228 2.368228 2.332036 2.257803 2.257803 2.257803 1.751664 0.9399657 0.9918731 0.9857018 0.9399657 0.9399657 0.9399657 0.9399657 0.9399657 0.9399658 0.9399657 0.9399657 0.9399657 0.9399657 0.9399657 0.9399658 0.9399657 0.9399657 0.9399657 0.9399657 0.9399657 0.9399657 0.9399657 0.9399657 0.9399657 0.9399657 0.9399657 0.9399657 0.9399657 0.9399657 0.7266665 0 0 0 0 0 0 0 0 0 0 0
6.838599 4.548059 4.548059 4.548059 4.548059 4.548059 4.548059 4.548059 3.436016 2.457068 2.457068 2.457068 2.457068 2.457068 2.457068 2.457068 2.457068 2.457068 2.382049 2.368228 2.36104 2.280394 2.257803 2.257803 2.257803 1.553269 0.9399657 0.9399658 0.9399658 0.9399657 0.9399657 0.9399657 0.9399657 0.9399657 0.9399658 0.9399657 0.9399657 0.9399657 0.9399657 0.9399657 0.9399658 0.9399657 0.9399657 0.9399657 0.9399658 0.9399657 0.9399657 0.9399657 0.9399657 0.9399657 0.9399657 0.9399657 0.9399657 0.9399657 0.9399658 0.742035 0 0 0 0 0 0 0 0 0 0 0
4.548059 4.548059 4.548059 4.548059 4.548059 4.548059 4.548059 4.548059 4.310537 3.263771 2.457068 2.457068 2.457068 2.457068 2.457068 2.457068 2.457068 2.457068 2.384473 2.368228 2.345241 2.257803 2.257803 2.257803 2.257803 1.421118 0.9399657 0.9399657 0.9399657 0.9399657 0.9399657 0.9399657 0.9399657 0.9399657 0.9399657 0.9399657 0.9399657 0.9399657 0.9399657 0.9399657 0.9399657 0.9399657 0.9399657 0.9399657 0.9399657 0.9399657 0.9399657 0.9399657 0.9399657 0.9399657 0.9399657 0.9399657 0.9399657 0.9399657 0.9399657 0.7564101 0 0 0 0 0 0 0 0 0 0 0
4.548059 4.548059 4.548059 4.548059 4.548059 4.548059 4.548059 4.54806 4.548059 3.585789 2.457068 2.457068 2.457068 2.457068 2.457068 2.457068 2.457068 2.457068 2.37733 2.368228 2.342385 2.257803 2.257803 2.257803 2.245543 0.9978468 0.9399658 0.9399657 0.9399657 0.9399658 0.9399657 0.9399658 0.9399658 0.9399658 0.9399657 0.9399658 0.9399657 0.9399658 0.9399658 0.9399658 0.9399657 0.9399658 0.9399657 0.9399658 0.9399658 0.9399657 0.9399657 0.9399658 0.9399657 0.9399658 0.9399657 0.9399658 0.9399657 0.9399658 0.9399657 0.7735137 0 0 0 0 0 0 0 0 0 0 0
4.548059 4.548059 4.548059 4.548059 4.548059 4.548059 4.54806 4.548059 4.548059 3.587575 2.457068 2.457068 2.457068 2.457068 2.457068 2.457068 2.457068 2.451754 2.369806 2.368228 2.334875 2.257803 2.257803 2.257803 2.252286 1.003987 0.9399658 0.9399657 0.9399658 0.9399657 0.9399657 0.9399657 0.9399658 0.9399657 0.9399658 0.9399657 0.9399657 0.9399657 0.9399657 0.9399658 0.9399658 0.9399657 0.9399657 0.9399658 0.9399657 0.9399658 0.9399657 0.9399657 0.9399657 0.9399658 0.9399657 0.9399657 0.9399657 0.9399657 0.9399657 0.7832264 0 0 0 0 0 0 0 0 0 0 0
4.54806 4.548059 4.548059 4.548059 4.548059 4.548059 4.54806 4.548059 4.548059 3.978668 2.457068 2.457068 2.457068 2.457068 2.457068 2.457068 2.456512 2.410498 2.368228 2.368228 2.349079 2.258723 2.257803 2.257803 2.106699 1.054929 0.9399658 0.9399657 0.9399658 0.9399658 0.9399657 0.9399657 0.9399657 0.9399658 0.9399658 0.9399657 0.9399657 0.9399658 0.9399657 0.9399657 0.9399658 0.9399657 0.9399657 0.9399657 0.9399657 0.9399658 0.9399657 0.9399657 0.9399657 0.9399657 0.9399657 0.9399657 0.9399657 0.9399657 0.9399657 0.7940653 0 0 0 0 0 0 0 0 0 0 0
4.548059 4.548059 4.54806 4.548059 4.548059 4.548059 4.548059 4.548059 4.54806 4.582697 2.954531 2.561651 2.457068 2.457068 2.457068 2.457068 2.454425 2.369112 2.368228 2.368228 2.354562 2.258358 2.257803 2.257804 1.363528 0.9399657 0.9399657 0.9399658 0.9399657 0.9399657 0.9399657 0.9399657 0.9399657 0.9399657 0.9399657 0.9399657 0.9399658 0.9399657 0.9399657 0.9399657 0.9399657 0.9399657 0.9399657 0.9399657 0.9399658 0.9399657 0.9399657 0.9399658 0.9399658 0.9399657 0.9399657 0.9399657 0.9399658 0.9399658 0.9399658 0.8036202 0 0 0 0 0 0 0 0 0 0 0
4.548059 4.548059 4.548059 4.548059 4.548059 4.548059 4.548059 4.548059 4.548059 4.648484 4.639714 4.72046 3.384573 2.622119 2.457068 2.457068 2.456863 2.369801 2.368228 2.368228 2.322928 2.257803 2.257803 2.241172 1.144141 0.9399658 0.9399658 0.9399658 0.9399658 0.9399658 0.9399658 0.9399658 0.9399658 0.9399658 0.9399658 0.9399658 0.9399658 0.9399658 0.9399658 0.9399658 0.9399658 0.9399658 0.9399658 0.9399658 0.9399658 0.9399658 0.9399658 0.9399658 0.9399658 0.9399658 0.9399658 0.9399658 0.9399658 0.9399658 0.9399658 0.8162667 0 0 0 0 0 0 0 0 0 0 0
4.548059 4.548059 4.548059 4.548059 4.548059 4.548059 4.548059 4.548059 4.548059 4.65428 4.771909 4.771909 4.771909 4.372369 2.457068 2.457068 2.455717 2.374102 2.368228 2.368228 2.344888 2.257803 2.257803 1.534274 0.9399658 0.9399658 0.9399658 0.9399658 0.9399658 0.9399658 0.9399658 0.9399658 0.9399658 0.9399658 0.9399658 0.9399658 0.9399658 0.9399658 0.9399658 0.9399658 0.9399658 0.9399658 0.9399658 0.9399658 0.9399658 0.9399658 0.9399658 0.9399658 0.9399658 0.9399658 0.9399658 0.9399658 0.9399658 0.9399658 0.9399658 0.8269125 0 0 0 0 0 0 0 0 0 0 0
5.717636 4.548059 4.548059 4.54806 4.548059 4.548059 4.548059 4.548059 4.548059 4.66285 4.771909 4.771909 4.771909 4.770001 4.872817 4.946653 4.945925 4.944984 4.945683 4.946607 4.946296 4.944393 4.943715 4.933641 4.93133 4.932855 4.933759 4.933713 4.933668 4.933622 4.933576 4.933556 4.933669 4.933654 4.933638 4.933621 4.933605 4.933589 4.933569 4.93355 4.933529 4.93351 4.93349 4.933472 4.933563 4.933555 4.933546 4.933537 4.933529 4.933524 4.933633 4.933498 4.933361 4.933225 4.933089 4.05794 0 0 0 0 0 0 0 0 0 0 0
10.76215 4.648126 4.561725 4.572806 4.54806 4.54806 4.54806 4.54806 4.54806 4.698931 4.771909 4.771909 4.771909 4.771909 4.825709 4.971438 4.971437 4.971437 4.971437 4.971437 4.971437 4.971438 4.971437 4.971437 4.971437 4.971437 4.971437 4.971437 4.971438 4.971437 4.971437 4.971437 4.971437 4.971437 4.971438 4.971437 4.971437 4.971437 4.971437 4.971437 4.971438 4.971437 4.971437 4.971437 4.971437 4.971437 4.971437 4.971437 4.971437 4.971437 4.971437 4.971437 4.971437 4.971437 4.971437 3.862831 0 0 0 0 0 0 0 0 0 0 0
13.06142 11.11523 12.15425 11.24188 6.491742 4.548059 4.548059 4.548059 4.548059 4.695894 4.771909 4.771909 4.771909 4.771909 4.779158 4.923442 4.969596 4.971437 4.971437 4.971437 4.971437 4.971437 4.971437 4.971437 4.971437 4.971437 4.971437 4.971437 4.971437 4.971437 4.971437 4.971437 4.971437 4.971437 4.971437 4.971437 4.971437 4.971437 4.971437 4.971437 4.971437 4.971437 4.971437 4.971437 4.971437 4.971437 4.971437 4.971437 4.971437 4.971437 4.971437 4.971437 4.971437 4.971437 4.971437 0 0 0 0 0 0 0 0 0 0 0 0
13.06141 13.06141 13.06141 13.06141 8.739201 4.688762 4.723558 4.717255 4.665169 4.761011 4.771909 4.771909 4.771909 4.771909 4.771909 4.776318 4.937598 4.971437 4.971437 4.971437 4.971437 4.971437 4.971437 4.971437 4.971437 4.971437 4.971437 4.971437 4.971437 4.971437 4.971437 4.971437 4.971437 4.971437 4.971437 4.971437 4.971437 4.971437 4.971437 4.971437 4.971437 4.971437 4.971437 4.971437 4.971437 4.971437 4.971437 4.971437 4.971437 4.971437 4.971437 4.971437 4.971437 4.971437 4.949594 0 0 0 0 0 0 0 0 0 0 0 0
13.06141 13.06141 13.06141 12.34183 4.919414 4.771909 4.771909 4.771909 4.771909 4.771909 4.771909 4.771909 4.771909 4.771909 4.771909 4.771909 4.790853 4.840813 4.917628 4.874318 4.841278 4.874011 4.968466 4.971437 4.971437 4.971437 4.971437 4.971437 4.971437 4.971437 4.971437 4.971437 4.971437 4.971437 4.971437 4.971437 4.971437 4.971437 4.971437 4.971437 4.971437 4.971437 4.971437 4.971437 4.971437 4.971437 4.971437 4.971437 4.971437 4.971437 4.971437 4.971437 4.971437 4.971437 3.912015 0 0 0 0 0 0 0 0 0 0 0 0
14.68107 13.06142 13.06142 11.19277 4.771909 4.771909 4.771909 4.771909 4.771909 4.771909 4.771909 4.771909 4.771909 4.771909 4.771909 4.771909 4.771909 4.771909 4.771909 4.771909 4.771909 4.771909 4.900345 4.971437 4.971437 4.971437 4.971437 4.971437 4.971437 4.971437 4.971437 4.971437 4.971437 4.971437 4.971437 4.971437 4.971437 4.971437 4.971437 4.971437 4.971437 4.971437 4.971437 4.971437 4.971437 4.971437 4.971437 4.971437 4.971437 4.971437 4.971437 4.971437 4.971437 4.971437 0 0 0 0 0 0 0 0 0 0 0 0 0
58.10686 13.06284 13.06142 9.731476 4.771909 4.771909 4.771909 4.771909 4.771909 4.771909 4.771909 4.771909 4.771909 4.771909 4.771909 4.771909 4.771909 4.771909 4.771909 4.771909 4.771909 4.771909 4.934016 4.971437 4.971437 4.971437 4.971437 4.971437 4.971437 4.971437 4.971437 4.971437 4.971437 4.971437 4.971437 4.971437 4.971437 4.971437 4.971437 4.971437 4.971437 4.971437 4.971437 4.971437 4.971437 4.971437 4.971437 4.971437 4.971437 4.971437 4.971437 4.971437 4.971437 4.914989 0 0 0 0 0 0 0 0 0 0 0 0 0
118.7092 40.06448 15.66966 45.45184 35.7648 34.51356 4.771909 4.771909 4.771909 4.771909 4.771909 4.771909 4.771909 4.771909 4.771909 4.771909 4.771909 4.771909 4.771909 4.771909 4.771909 4.792665 4.970654 6.084382 4.976416 4.971437 4.971437 4.971437 4.971437 4.971437 4.971437 4.971437 4.971437 4.971437 4.971437 4.971437 4.971437 4.971437 4.971437 4.971437 4.971437 4.971437 4.971437 4.971437 4.971437 4.971437 4.971437 4.971437 4.971437 4.971437 4.971437 4.971437 4.971437 3.781707 0 0 0 0 0 0 0 0 0 0 0 0 0
118.7216 117.9472 107.6333 118.7216 118.7216 45.7115 4.771909 4.771909 4.771909 4.771909 4.771909 4.771909 4.771909 4.771909 4.771909 4.771909 4.771909 4.771909 4.771909 4.771909 4.771909 4.864192 5.276333 6.848843 4.971437 4.971437 4.971437 4.971437 4.971437 4.971437 4.971437 4.971437 4.971437 4.971437 4.971437 4.971437 4.971437 4.971437 4.971437 4.971437 4.971437 4.971437 4.971437 4.971437 4.971437 4.971437 4.971437 4.971437 4.971437 4.971437 4.971437 4.971437 4.971437 0 0 0 0 0 0 0 0 0 0 0 0 0 0
118.7216 118.7216 118.7216 118.7216 110.9892 25.26097 4.771909 4.771909 4.771909 4.771909 4.771909 4.771909 4.771909 4.771909 4.771909 4.771909 4.771909 4.771909 4.771909 5.556839 5.057305 6.058815 6.61317 6.696109 4.971437 4.971437 4.971437 4.971437 4.971437 4.971437 4.971437 4.971437 4.971437 4.971437 4.971437 4.971437 4.971437 4.971437 4.971437 4.971437 4.971437 4.971437 4.971437 4.971437 4.971437 4.971437 4.971437 4.971437 4.971437 4.971437 4.971437 4.971437 4.886118 0 0 0 0 0 0 0 0 0 0 0 0 0 0
118.7216 118.7216 118.7216 104.8274 10.06484 5.041983 4.771909 4.771909 4.771909 4.771909 4.771909 4.771909 4.771909 4.771909 4.771909 4.771909 4.771909 4.771909 4.771909 6.602806 7.071846 7.140428 7.150322 6.375488 4.971438 4.971437 4.971437 4.971437 4.971437 4.971438 4.971437 4.971437 4.971437 4.971437 4.971437 4.971437 4.971437 4.971437 4.971437 4.971437 4.971437 4.971438 4.971437 4.971438 4.971437 4.971437 4.971437 4.971437 4.971437 4.971437 4.971437 4.971437 3.663911 0 0 0 0 0 0 0 0 0 0 0 0 0 0
118.7216 118.7216 118.7216 118.6501 106.5494 25.85455 4.771909 4.771909 4.771909 4.771909 4.771909 4.771909 4.771909 4.771909 4.771909 4.771909 4.771909 4.771909 4.771909 6.51071 7.150322 7.150322 7.150322 5.80914 4.971437 4.971437 4.971437 4.971437 4.971437 4.971437 4.971437 4.971437 4.971437 4.971437 4.971437 4.971437 4.971437 4.971437 4.971437 4.971437 4.971437 4.971437 4.971437 4.971437 4.971437 4.971437 4.971437 4.971437 4.971437 4.971437 4.971437 4.971437 0 0 0 0 0 0 0 0 0 0 0 0 0 0 0
118.7216 118.7216 118.7216 118.7216 118.7216 42.42208 4.771909 4.771909 4.771909 4.771909 4.771909 4.771909 4.771909 4.771909 4.771909 5.822822 6.132652 5.975891 5.472536 6.080144 7.150322 7.150322 7.150322 5.446343 4.971438 4.971438 4.971437 4.971437 4.971437 4.971438 4.971437 4.971437 4.971437 4.971438 4.971437 4.971437 9.570806 10.3845 4.971437 4.971437 4.971437 4.971437 4.971437 4.971438 4.971437 4.971438 4.971437 4.971438 4.971437 4.971438 4.971437 4.83022 0 0 0 0 0 0 0 0 0 0 0 0 0 0 0
118.7216 118.7216 118.7216 118.7216 118.7216 116.5246 8.551713 4.771909 4.771909 4.771909 4.771909 4.771909 4.771909 4.771909 4.771909 6.707107 7.150322 7.150322 7.150322 7.150322 7.150322 7.150322 7.150322 12.26212 7.841873 4.973648 5.967933 6.04992 4.971437 4.971437 4.971437 4.971437 4.971437 4.971437 4.971437 4.971437 14.27397 26.89092 8.170803 4.971437 4.971437 4.971437 4.971437 4.971437 4.971437 4.971437 4.971437 4.971437 4.971437 4.971437 4.971437 3.449386 0 0 0 0 0 0 0 0 0 0 0 0 0 0 0
111.3492 118.7216 118.7216 118.7216 118.7216 90.55734 4.771909 4.771909 4.771909 4.771909 4.771909 4.771909 4.771909 4.771909 4.866372 7.135564 7.150321 7.150322 7.150322 7.150322 7.150321 7.150322 8.435272 27.22613 27.31343 21.12186 24.49927 27.13796 23.29537 18.22554 12.98661 7.606205 4.971437 4.971437 7.889768 14.47994 25.50744 27.31343 16.62181 4.971437 4.971438 4.971437 4.971437 4.971437 4.971437 4.971437 4.971437 4.971437 4.971437 4.971437 4.971437 0 0 0 0 0 0 0 0 0 0 0 0 0 0 0 0
22.07737 88.4359 118.7216 118.7216 118.7216 90.2178 4.771909 4.771909 4.771909 4.771909 4.771909 4.771909 4.771909 4.771909 5.406513 7.150322 7.150321 7.150322 7.150321 7.150321 7.150321 7.150322 13.21905 27.31343 27.31343 27.31343 27.31343 27.31343 27.31343 27.31343 27.31343 27.28496 23.77524 23.04457 27.25657 27.31343 27.31343 27.31343 26.19692 5.842514 4.971437 4.971437 4.971437 4.971437 4.971437 4.971437 4.971437 4.971437 4.971437 4.971437 4.698335 0 0 0 0 0 0 0 0 0 0 0 0 0 0 0 0
20.93458 44.02014 103.7207 118.7216 118.7216 78.34553 4.771909 4.771909 4.771909 4.771909 4.771909 4.771909 4.771909 4.771909 6.367686 7.150322 7.150322 7.150322 7.150322 7.150322 7.150322 7.150322 15.53849 27.31344 27.31343 27.31344 27.31344 27.31344 27.31344 27.31343 27.31344 27.31344 27.31344 27.31344 27.31344 27.31343 27.31344 27.31344 27.31343 9.33475 4.971437 4.971437 4.971437 4.971437 4.971437 4.971438 4.971437 4.971437 4.971437 4.971437 3.223901 0 0 0 0 0 0 0 0 0 0 0 0 0 0 0 0
20.93458 20.94374 110.3196 118.7216 118.7216 56.3536 4.771909 4.771909 4.771909 4.771909 4.771909 4.771909 4.771909 5.221334 7.122034 7.150322 7.150321 7.150322 7.150321 7.150322 7.150321 7.150322 19.77751 27.31343 27.31343 27.31343 27.31343 27.31343 27.31343 27.31343 27.31343 27.31343 27.31343 27.31343 27.31343 27.31343 27.31343 27.31343 27.31343 18.02947 4.971437 4.971437 4.971437 4.971437 4.971437 4.971437 4.971437 4.971437 4.971437 4.971437 0 0 0 0 0 0 0 0 0 0 0 0 0 0 0 0 0
