Scenarios/Global_Grid/data/country_data_population_distribution/processed/density_grids/bol.asc
ncols 300
nrows 320
xllcorner -69
yllcorner -22
[rows 116 to 144 of 320, columns 201 to 267 of 300]
0.6420559 0.9925753 1.262283 1.262283 1.262283 1.262283 1.262283 1.262283 1.262283 1.262283 1.262283 1.262283 1.262283 1.262283 1.262283 1.262283 1.262282 1.262283 1.262283 1.262283 1.262283 1.262283 1.262283 1.262283 1.262283 1.262283 1.262283 1.262283 1.262283 1.262283 1.262283 1.262283 1.262283 1.262283 1.234211 0 0 0 0 0 0 0 0 0 0 0 0 0 0 0 0 0 0 0 0 0 0 0 0 0 0 0 0 0 0 0 0
0.6420559 0.7186986 1.25457 1.262283 1.262283 1.262282 1.262283 1.262283 1.262283 1.262282 1.262283 1.262282 1.262283 1.262282 1.262283 1.262282 1.262283 1.262283 1.262283 1.262283 1.262283 1.262282 1.262283 1.262282 1.262283 1.262283 1.262283 1.262282 1.262283 1.262282 1.262282 1.262282 1.262283 1.262283 1.260847 0 0 0 0 0 0 0 0 0 0 0 0 0 0 0 0 0 0 0 0 0 0 0 0 0 0 0 0 0 0 0 0
0.6420559 0.6420559 0.9178878 1.262283 1.262283 1.262283 1.262282 1.262283 1.262283 1.262283 1.262283 1.262283 1.262282 1.262283 1.262282 1.262283 1.262283 1.262283 1.262283 1.262283 1.262282 1.262283 1.262283 1.262283 1.262283 1.262283 1.262283 1.262283 1.262283 1.262283 1.262283 1.262283 1.262283 1.262283 1.262283 0 0 0 0 0 0 0 0 0 0 0 0 0 0 0 0 0 0 0 0 0 0 0 0 0 0 0 0 0 0 0 0
0.6420559 0.6420559 0.6537445 1.084231 1.262283 1.262283 1.262283 1.262283 1.262283 1.262283 1.262282 1.262283 1.262283 1.262283 1.262283 1.262283 1.262283 1.262283 1.262282 1.262283 1.262282 1.262283 1.262283 1.262283 1.262282 1.262283 1.262283 1.262283 1.262283 1.262283 1.262282 1.262283 1.262282 1.262283 1.262282 1.262159 0.7895623 0 0 0 0 0 0 0 0 0 0 0 0 0 0 0 0 0 0 0 0 0 0 0 0 0 0 0 0 0 0
0.6420559 0.6420559 0.6420559 0.7715971 1.098826 1.262283 1.262283 1.262283 1.262283 1.262283 1.262283 1.262283 1.262283 1.262283 1.262283 1.262283 1.262283 1.262283 1.262283 1.262283 1.262283 1.262283 1.262283 1.262283 1.262283 1.262283 1.262283 1.262283 1.262283 1.262283 1.262283 1.262283 1.262283 1.262283 1.262283 1.262283 0.845441 0 0 0 0 0 0 0 0 0 0 0 0 0 0 0 0 0 0 0 0 0 0 0 0 0 0 0 0 0 0
0.6420559 0.6420559 0.6420559 0.6420559 0.6425386 1.037833 1.262283 1.262283 1.262283 1.262283 1.262283 1.262283 1.262283 1.262283 1.262283 1.262283 1.262283 1.262283 1.262283 1.262283 1.262283 1.262283 1.262283 1.262283 1.262283 1.262283 1.262283 1.262283 1.262283 1.262283 1.262283 1.262283 1.262283 1.262283 1.262283 1.262283 0.9881361 0 0 0 0 0 0 0 0 0 0 0 0 0 0 0 0 0 0 0 0 0 0 0 0 0 0 0 0 0 0
0.6420559 0.6420559 0.6420559 0.6420559 0.6420559 0.780019 1.262282 1.262283 1.262283 1.262283 1.262283 1.262283 1.262283 1.262283 1.262283 1.262283 1.262283 1.262283 1.262283 1.262283 1.262283 1.262283 1.262283 1.262283 1.262283 1.262283 1.262283 1.262283 1.262283 1.262283 1.262283 1.262283 1.262283 1.262283 1.262283 1.262283 0.9794362 0 0 0 0 0 0 0 0 0 0 0 0 0 0 0 0 0 0 0 0 0 0 0 0 0 0 0 0 0 0
0.6420559 0.6420559 0.6420559 0.6420559 0.6420559 0.6562195 1.150139 1.262283 1.262283 1.262283 1.262283 1.262283 1.262283 1.262283 1.262283 1.262283 1.262283 1.262283 1.262283 1.262283 1.262283 1.262283 1.262283 1.262283 1.262283 1.262283 1.262283 1.262283 1.262283 1.262283 1.262283 1.262283 1.262283 1.262283 1.262283 1.262283 1.01636 0 0 0 0 0 0 0 0 0 0 0 0 0 0 0 0 0 0 0 0 0 0 0 0 0 0 0 0 0 0
0.6420559 0.6420559 0.6420559 0.6420559 0.6420559 0.6420559 0.9533176 1.262283 1.262283 1.262283 1.262283 1.262283 1.262283 1.262283 1.262283 1.262283 1.262283 1.262283 1.262283 1.262283 1.262283 1.262283 1.262283 1.262283 1.262283 1.262283 1.262283 1.262283 1.262283 1.262283 1.262283 1.262283 1.262283 1.262283 1.262283 1.262283 1.178601 0 0 0 0 0 0 0 0 0 0 0 0 0 0 0 0 0 0 0 0 0 0 0 0 0 0 0 0 0 0
0.6420558 0.6420559 0.6420558 0.6420559 0.6420559 0.6420559 0.7703179 1.262283 1.262282 1.262283 1.262282 1.262283 1.262283 1.262283 1.262282 1.262283 1.262282 1.262283 1.262282 1.262282 1.262282 1.262283 1.262282 1.262283 1.262282 1.262282 1.262282 1.262282 1.262282 1.262283 1.262282 1.262282 1.262282 1.262283 1.262282 1.262283 1.204324 0 0 0 0 0 0 0 0 0 0 0 0 0 0 0 0 0 0 0 0 0 0 0 0 0 0 0 0 0 0
0.6420559 0.6420559 0.6420559 0.6420559 0.6420559 0.6420559 0.6439431 1.207427 1.262283 1.262283 1.262283 1.262283 1.262283 1.262283 1.262283 1.262283 1.262283 1.262283 1.262283 1.262283 1.262283 1.262283 1.262283 1.262283 1.262283 1.262283 1.262283 1.262283 1.262283 1.262283 1.262283 1.262283 1.262283 1.262283 1.262283 1.262283 1.227887 0 0 0 0 0 0 0 0 0 0 0 0 0 0 0 0 0 0 0 0 0 0 0 0 0 0 0 0 0 0
0.6420559 0.6420559 0.6420559 0.6420559 0.6420559 0.6420559 0.6420559 1.147691 1.262282 1.262283 1.262282 1.262283 1.262283 1.262283 1.262282 1.262283 1.262282 1.262283 1.262282 1.262282 1.262282 1.262283 1.262282 1.262283 1.262282 1.262282 1.262282 1.262283 1.262282 1.262283 1.262282 1.262282 1.262282 1.262283 1.262282 1.262282 1.25143 0 0 0 0 0 0 0 0 0 0 0 0 0 0 0 0 0 0 0 0 0 0 0 0 0 0 0 0 0 0
0.6420559 0.6420559 0.6420559 0.6420559 0.6420559 0.6420559 0.6420559 1.147486 1.262282 1.262283 1.262283 1.262283 1.262283 1.262283 1.262283 1.262283 1.262282 1.262283 1.262283 1.262283 1.262283 1.262283 1.262283 1.262283 1.262283 1.262283 1.262283 1.262283 1.262283 1.262283 1.262283 1.262283 1.262283 1.262283 1.262282 1.262283 1.262283 0 0 0 0 0 0 0 0 0 0 0 0 0 0 0 0 0 0 0 0 0 0 0 0 0 0 0 0 0 0
0.6420559 0.6420559 0.6420559 0.6420559 0.6420559 0.6420559 0.6420559 1.146158 1.262283 1.262282 1.262282 1.262282 1.262283 1.262282 1.262282 1.262282 1.262282 1.262282 1.262283 1.262283 1.262283 1.262282 1.262283 1.262282 1.262283 1.262282 1.262283 1.262282 1.262282 1.262282 1.262283 1.262283 1.262282 1.262282 1.262283 1.262282 1.262283 0 0 0 0 0 0 0 0 0 0 0 0 0 0 0 0 0 0 0 0 0 0 0 0 0 0 0 0 0 0
0.6420559 0.6420559 0.6420559 0.6420559 0.6420559 0.6420559 0.6420559 1.012987 1.262283 1.262283 1.262283 1.262283 1.262283 1.262283 1.262283 1.262283 1.262283 1.262283 1.262283 1.262283 1.262283 1.262283 1.262283 1.262282 1.262283 1.262283 1.262283 1.262283 1.262283 1.217869 1.12026 1.120642 1.120973 1.108171 0 0 0 0 0 0 0 0 0 0 0 0 0 0 0 0 0 0 0 0 0 0 0 0 0 0 0 0 0 0 0 0 0
0.6420559 0.6420559 0.6420559 0.6420559 0.6420559 0.6420559 0.6420559 1.038096 1.262282 1.262282 1.262282 1.262282 1.262283 1.262282 1.262282 1.262282 1.262282 1.262282 1.262282 1.262282 1.262282 1.262282 1.262282 1.262282 1.262282 1.262282 1.262282 1.262282 1.262283 1.259206 0 0 0 0 0 0 0 0 0 0 0 0 0 0 0 0 0 0 0 0 0 0 0 0 0 0 0 0 0 0 0 0 0 0 0 0 0
0.6420559 0.6420559 0.6420559 0.6420559 0.6420559 0.6420559 0.6420559 1.145274 1.262283 1.262282 1.262283 1.262282 1.262282 1.262282 1.262283 1.262283 1.262283 1.262282 1.262283 1.262283 1.262283 1.262283 1.262283 1.262282 1.262283 1.262283 1.262283 1.262282 1.262283 1.262282 1.252571 0 0 0 0 0 0 0 0 0 0 0 0 0 0 0 0 0 0 0 0 0 0 0 0 0 0 0 0 0 0 0 0 0 0 0 0
0.6420559 0.6420559 0.6420559 0.6420559 0.6420559 0.6420559 0.6839117 1.231154 1.262283 1.262283 1.262283 1.262283 1.262282 1.262283 1.262283 1.262283 1.262283 1.262283 1.262282 1.262283 1.262283 1.262283 1.262283 1.262283 1.262283 1.262283 1.262283 1.262283 1.262283 1.262283 1.262283 1.242225 0 0 0 0 0 0 0 0 0 0 0 0 0 0 0 0 0 0 0 0 0 0 0 0 0 0 0 0 0 0 0 0 0 0 0
0.6420559 0.6420559 0.6420559 0.6420559 0.6420559 0.6420559 0.6662882 1.250298 1.262282 1.262283 1.262282 1.262283 1.262282 1.262283 1.262282 1.262283 1.262282 1.262283 1.262283 1.262283 1.262282 1.262283 1.262282 1.262283 1.262283 1.262283 1.262282 1.262283 1.262282 1.262283 1.262283 1.262283 1.228302 0 0 0 0 0 0 0 0 0 0 0 0 0 0 0 0 0 0 0 0 0 0 0 0 0 0 0 0 0 0 0 0 0 0
0.6420559 0.6420559 0.6420559 0.6420559 0.6420559 0.6420559 0.6420559 1.178248 1.262282 1.262283 1.262282 1.262283 1.262282 1.262283 1.262282 1.262283 1.262282 1.262283 1.262282 1.262282 1.262282 1.262283 1.262282 1.262283 1.262282 1.262282 1.262282 1.262283 1.262282 1.262283 1.262282 1.262283 1.262282 1.210766 0 0 0 0 0 0 0 0 0 0 0 0 0 0 0 0 0 0 0 0 0 0 0 0 0 0 0 0 0 0 0 0 0
0.6420559 0.6420559 0.6420559 0.6420559 0.6420559 0.6420559 0.6434416 1.231011 1.262283 1.262283 1.262283 1.262283 1.262283 1.262283 1.262283 1.262283 1.262283 1.262283 1.262283 1.262283 1.262283 1.262283 1.262283 1.262283 1.262283 1.262283 1.262283 1.262283 1.262283 1.262283 1.262282 1.262283 1.262283 1.262283 1.189737 0 0 0 0 0 0 0 0 0 0 0 0 0 0 0 0 0 0 0 0 0 0 0 0 0 0 0 0 0 0 0 0
0.6420559 0.6420559 0.6420559 0.6420559 0.6420559 0.6420559 0.6515281 1.091458 1.262282 1.262283 1.262282 1.262283 1.262282 1.262283 1.262282 1.262283 1.262282 1.262283 1.262282 1.262282 1.262282 1.262282 1.262283 1.262283 1.262282 1.262282 1.262282 1.262283 1.262282 1.262283 1.262282 1.262282 1.262282 1.262283 1.262282 1.165183 0 0 0 0 0 0 0 0 0 0 0 0 0 0 0 0 0 0 0 0 0 0 0 0 0 0 0 0 0 0 0
0.6420559 0.6420559 0.6420559 0.6420559 0.6420559 0.6420559 0.6420559 0.716598 1.252927 1.262283 1.262282 1.262283 1.262283 1.262282 1.262282 1.262282 1.262282 1.262282 1.262282 1.262282 1.262282 1.262282 1.262282 1.262283 1.262283 1.262282 1.262282 1.262282 1.262282 1.262282 1.262282 1.262283 1.262282 1.262282 1.262282 1.262282 1.137208 0 0 0 0 0 0 0 0 0 0 0 0 0 0 0 0 0 0 0 0 0 0 0 0 0 0 0 0 0 0
0.6420559 0.6420559 0.6420559 0.6420559 0.6420559 0.6420559 0.6420559 0.6420559 1.180134 1.262282 1.262282 1.262282 1.262283 1.262282 1.262282 1.262282 1.262282 1.262282 1.262282 1.262282 1.262282 1.262282 1.262282 1.262282 1.262282 1.262282 1.262282 1.262282 1.262282 1.262282 1.262282 1.262282 1.262282 1.262282 1.262282 1.262282 1.262282 0 0 0 0 0 0 0 0 0 0 0 0 0 0 0 0 0 0 0 0 0 0 0 0 0 0 0 0 0 0
0.6420559 0.6420559 0.6420559 0.6420559 0.6420559 0.6420559 0.6420559 0.6420559 1.090012 1.262283 1.262283 1.262283 1.262282 1.262283 1.262283 1.262283 1.262283 1.262283 1.262283 1.262283 1.262283 1.262283 1.262283 1.262283 1.262283 1.262283 1.262283 1.262283 1.262283 1.262283 1.262283 1.262283 1.262282 1.262283 1.262283 1.262282 1.262282 0 0 0 0 0 0 0 0 0 0 0 0 0 0 0 0 0 0 0 0 0 0 0 0 0 0 0 0 0 0
0.6420559 0.6420559 0.6420559 0.6420559 0.6420559 0.6420559 0.6420559 0.6420559 0.6427631 0.8974287 1.262282 1.262282 1.262283 1.262282 1.262282 1.262282 1.262282 1.262282 1.262283 1.262282 1.262283 1.262283 1.262282 1.262282 1.262283 1.262283 1.262282 1.262282 1.262282 1.262282 1.262282 1.262282 1.262283 1.262282 1.262282 1.262282 1.262283 0.9282976 0 0 0 0 0 0 0 0 0 0 0 0 0 0 0 0 0 0 0 0 0 0 0 0 0 0 0 0 0
0.6420559 0.6420559 0.6420559 0.6420559 0.6420559 0.6420559 0.6420559 0.6420559 0.6420559 0.6621085 1.244491 1.262282 1.262283 1.262282 1.262283 1.262282 1.262283 1.262282 1.262283 1.262283 1.262283 1.262282 1.262283 1.262282 1.262283 1.262283 1.262283 1.262282 1.262283 1.262282 1.262283 1.262283 1.262283 1.262282 1.262283 1.262282 1.262283 1.009237 0 0 0 0 0 0 0 0 0 0 0 0 0 0 0 0 0 0 0 0 0 0 0 0 0 0 0 0 0
0.6420559 0.6420559 0.6420559 0.6420559 0.6420559 0.6420559 0.6420559 0.6420559 0.6420559 0.7018137 1.260261 1.262282 1.262282 1.262282 1.262282 1.262282 1.262282 1.262282 1.262282 1.262282 1.262282 1.262282 1.262282 1.262282 1.262282 1.262282 1.262282 1.262282 1.262282 1.262282 1.262282 1.262282 1.262282 1.262282 1.262282 1.262282 1.262282 1.050798 0 0 0 0 0 0 0 0 0 0 0 0 0 0 0 0 0 0 0 0 0 0 0 0 0 0 0 0 0
0.6420559 0.6420559 0.6420559 0.6420559 0.6420559 0.6420559 0.6420559 0.6420559 0.6420953 0.988275 1.262282 1.262283 1.262282 1.262283 1.262282 1.262283 1.262282 1.262283 1.262282 1.262283 1.262282 1.262283 1.262282 1.262283 1.262282 1.262282 1.262283 1.262283 1.262282 1.262283 1.262282 1.262282 1.262282 1.262283 1.262282 1.262283 1.262283 1.093271 0 0 0 0 0 0 0 0 0 0 0 0 0 0 0 0 0 0 0 0 0 0 0 0 0 0 0 0 0
