Scenarios/Global_Grid/data/country_data_population_distribution/processed/density_grids/btn.asc
ncols 99
nrows 56
xllcorner 88
yllcorner 26
[rows 0 to 39 of 56, columns 0 to 91 of 99]
square_width 0.041666666666667 NODATA_value -9999 0 0 0 0 0 0 0 0 0 0 0 0 0 0 0 0 0 0 0 0 0 0 0 0 0 0 0 0 0 0 0 0 0 0 0 0 0 0 0 0 0 0 0 0 0 0 0 1.244191 1.059675 0 0 0 0 0.5363097 0 0 0 0 0 0 0 0 0 0 0 0 0 0 0 0 0 0 0 0 0 0 0 0 0 0 0 0 0 0 0 0 0 0
0 0 0 0 0 0 0 0 0 0 0 0 0 0 0 0 0 0 0 0 0 0 0 0 0 0 0 0 0 0 0 0 0 0 0 0 0 0 0 0 0 0 0 0 0 0 0 0 0 1.481772 0.399084 0.3663629 0.366363 0.3663629 0.404535 0.4234772 0.3737006 0.366363 0.366363 1.56188 0 0 0 0 0 0 0 0 0 0 0 0 0 0 0 0 0 0 0 0 0 0 0 0 0 0 0 0 0 0 0 0
0 0 0 0 0 0 0 0 0 0 0 0 0 0 0 0 0 0 0 0 0 0 0 0 0 0 0 0 0 0 0 0 0 0 0 0 0 0 0 0 0 0 0 0 0 0 0 0 1.768885 0.7050431 0.3663629 0.3663629 0.3663629 0.3663629 0.366363 0.3663629 0.366363 0.3663629 0.3663629 0.3663629 0.3663629 0.4389093 1.28971 4.143168 0 0 0 0 0 0 0 0 0 0 0 0 0 0 0 0 0 0 0 0 0 0 0 0 0 0 0 0
0 0 0 0 0 0 0 0 0 0 0 0 0 0 0 0 0 0 0 0 0 0 0 0 0 0 0 0 0 0 0 0 0 0 0 0 0 0 0 0 0 0 0 0 0 0 0 1.983376 1.677308 0.4710088 0.3663629 0.3663629 0.3663629 0.3663629 0.3663629 0.366363 0.3663629 0.3663629 0.3663629 0.3663629 0.3663629 0.3663629 0.3663629 0.3663629 0.3663629 1.277824 0 0 0 0 0 0 0 0 0 0 0 0 0 0 0 0 0 0 0 0 0 0 0 0 0 0
0 0 0 0 0 0 0 0 0 0 0 0 0 0 0 0 0 0 0 0 0 0 0 0 0 0 0 0 0 0 0 0 0 0 0 0 0 0 0 0 0 0 2.006135 2.11802 2.093717 1.857434 1.712936 1.712936 1.712936 1.073855 0.3663629 0.3663629 0.3663629 0.3663629 0.3663629 0.3663629 0.366363 0.3663629 0.3663629 0.3663629 0.366363 0.3663629 0.3663629 0.3663629 2.045094 0 0 0 0 0 0 0 0 0 0 0 0 0 0 0 0 0 0 0 0 0 0 0 0 0 0 0
0 0 0 0 0 0 0 0 0 0 0 0 0 0 0 0 0 0 0 0 0 0 0 0 0 0 0 0 0 0 0 0 0 0 0 0 0 0 0 0 0 1.967038 1.712936 1.712936 1.712936 1.712936 1.712936 1.712936 1.712936 0.8754732 0.3663629 0.3663629 0.3663629 0.3663629 0.3663629 0.366363 0.3663629 0.3663629 0.3663629 0.366363 0.3663629 0.3663629 0.3663629 0.9457197 0 0 0 0 0 0 0 0 0 0 0 0 0 0 0 0 0 0 0 0 0 0 0 0 0 0 0 0
0 0 0 0 0 0 0 0 0 0 0 0 0 0 0 0 0 0 0 0 0 0 0 0 0 0 0 0 0 0 0 0 0 0 0 0 0 0 0 2.215733 1.779099 1.712936 1.712936 1.712936 1.712936 1.712936 1.712936 1.712936 1.677235 0.4088122 0.366363 0.366363 0.3663629 0.3663629 0.366363 0.366363 0.3663629 0.3663629 0.366363 0.3663629 0.3663629 0.3663629 0.5748796 0 0 0 5.469376 5.227167 6.663587 7.033884 0 0 0 0 0 0 0 0 0 0 0 0 1.763379 1.268055 0 0 0 0 0 0 0 0
0 0 0 0 0 0 0 0 0 0 0 0 0 0 0 0 0 0 0 0 0 0 0 0 0 0 0 0 0 0 0 0 0 0 0 0 0 0 0 1.738657 1.712936 1.712936 1.712936 1.712936 1.712936 1.712936 1.712936 1.712936 1.712936 0.6340769 0.3663629 0.3663629 0.366363 0.3663629 0.3663629 0.3663629 0.3663629 0.3663629 0.3663629 0.3663629 0.3663629 0.3663629 0.3663629 5.080938 7.233432 7.233432 7.233433 7.233432 7.233432 7.233433 7.233432 3.944511 1.130242 1.163426 1.315358 0 0 0 0 0 1.710791 1.119054 1.590742 3.0272 3.388298 3.301526 0 0 0 0 0 0
0 0 0 0 0 0 0 0 0 0 0 0 0 0 0 0 0 0 0 0 0 0 0 0 0 0 0 0 0 0 0 0 0 0 0 0 0 1.904073 1.764274 1.648582 1.712936 1.712936 1.712936 1.712936 1.712936 1.712936 1.712936 1.712936 1.712936 1.363714 0.3663629 0.3663629 0.3663629 0.3663629 0.3663629 0.3663629 0.3663629 0.366363 0.3663629 0.3663629 0.366363 0.601671 1.68079 2.921999 6.623721 7.233433 7.233432 7.233432 7.233432 7.233432 7.233433 4.087097 1.119054 1.119054 1.119054 1.119054 2.179145 0 0 1.809838 1.119054 1.135877 2.946956 3.388298 3.388298 3.388298 3.385388 3.047015 2.53372 0 0 0
0 0 0 0 0 0 0 0 0 0 0 0 0 0 0 0 0 0 0 0 0 0 0 0 0 0 0 0 0 0 0 0 0 0 0 0 1.876533 1.448628 1.448628 1.448698 1.516811 1.262681 1.37999 1.681059 1.712936 1.712936 1.626321 1.668368 1.124989 1.245377 0.3663629 0.3663629 0.3663629 0.3663629 0.3663629 0.3663629 0.8836077 1.747382 1.229716 0.3663629 0.3663629 1.761734 2.552555 2.780411 7.072699 7.233433 7.233432 7.233433 7.233433 7.233433 6.868107 2.076816 1.119054 1.119054 1.119054 1.119054 1.119054 1.119054 1.119054 1.119054 1.119054 1.394429 3.388298 3.388298 3.388298 3.181442 2.616945 2.577981 2.577981 2.577981 2.577981 2.291171
0 0 0 0 0 0 0 0 0 0 0 0 0 0 0 0 0 0 0 0 0 0 0 0 0 0 0 0 0 0 0 0 0 0 0 0 0 1.576499 1.448628 1.448628 1.447757 0.8049628 0.6717698 0.8413569 1.581977 1.157552 0.7804838 0.6692039 0.3663629 0.3663629 0.3663629 0.3663629 0.3663629 0.3663629 0.3663629 0.3741815 2.216762 2.779637 2.382653 0.4418695 0.3663629 1.436081 2.552556 2.552555 4.902624 7.233432 7.233432 7.233432 7.233432 7.233432 6.668027 2.408945 1.119054 1.119054 1.119054 1.119054 1.119054 1.119054 1.119054 1.119054 1.119054 1.294321 3.205728 3.388298 3.218528 2.58322 2.577981 2.577981 2.577981 2.577981 2.577981 2.572436
0 0 0 0 0 0 0 0 0 0 0 0 0 0 0 0 0 0 0 0 0 0 0 0 0 0 0 0 0 0 0 0 0 0 0 0 3.739547 1.448628 1.448628 1.448628 1.448628 1.318433 0.7764677 0.6717698 0.7107148 0.6681588 0.4709911 0.3663629 0.3663629 0.3663629 0.3663629 0.3663629 0.366363 0.3663629 0.3663629 1.456786 2.940495 2.813977 2.552555 2.204877 2.304054 2.420088 2.552555 2.552556 2.995834 7.233433 7.233433 7.233432 7.233432 7.233433 7.233432 7.03811 1.565754 1.119054 1.119054 1.119054 1.119054 1.119054 1.119054 1.119054 1.119054 1.17388 3.066428 3.388298 3.218698 2.577981 2.577981 2.577981 2.577981 4.651258 0 0
0 0 0 0 0 0 0 0 0 0 0 0 0 0 0 0 0 0 0 0 0 0 0 0 0 0 0 0 0 0 0 0 0 0 3.473404 1.357145 1.3836 1.445033 1.448628 1.448628 1.372965 0.7415872 0.6717698 0.6717698 2.051127 4.885596 0.3663629 0.3663629 0.6126732 2.042966 2.628579 0.6392831 0.3663629 1.208935 1.490096 2.759906 2.940495 2.719254 2.552555 2.552555 2.552556 2.552555 2.552555 2.557106 3.83582 7.233433 7.233432 7.233433 7.233432 7.233432 7.233432 7.140694 3.960476 1.519036 1.240336 1.119851 1.119054 1.119054 1.119054 1.119054 1.633782 3.994611 3.388298 3.388298 3.192571 2.577981 2.577981 2.577981 2.577981 3.717155 4.463842 0
0 0 0 0 0 0 0 0 0 0 0 0 0 0 0 0 0 0 0 0 0 0 0 0 0 0 0 0 0 0 0 0 0 0 1.357145 1.357145 1.357145 1.371235 1.439409 1.448628 1.321428 0.6717698 0.6717698 2.922914 7.536868 8.182178 0.6208946 0.3962084 3.122 4.546183 4.546183 4.427598 3.03525 2.853788 2.940495 2.940495 2.940495 2.759653 2.552555 2.552555 2.552555 2.552555 2.552555 2.642276 6.860325 7.233432 7.233433 7.233432 7.233433 7.233432 7.233433 6.205629 4.904486 6.910945 9.158578 8.741665 6.859779 6.095865 1.119054 2.924651 7.52657 6.78741 3.388298 3.388298 3.067712 2.577981 2.577981 2.577981 2.577981 2.577981 2.577981 0
0 0 0 0 0 0 0 0 0 0 0 0 0 0 0 0 0 0 0 0 0 0 0 0 0 0 0 0 0 0 0 0 0 8.585038 5.042224 1.407903 2.398368 2.646599 2.231722 1.433176 1.004347 0.9072488 5.431952 8.291297 8.386034 7.127568 3.932984 5.072544 4.996126 4.546183 4.546183 4.546183 4.304297 3.064566 2.940495 2.940495 2.940495 2.890066 2.553742 2.552555 2.552555 2.552556 2.552555 2.552555 10.42864 8.615501 7.233432 7.233433 7.233432 7.233432 7.233433 6.561707 4.836572 4.836572 7.918022 9.346459 9.346458 9.330013 7.939834 9.179024 7.814088 3.704485 3.388298 3.388298 2.902627 2.577981 2.577981 2.577981 2.577981 2.577981 2.614364 0
0 0 0 0 0 0 0 0 0 0 0 0 0 0 0 0 0 0 0 0 0 0 0 0 0 0 0 0 0 0 0 0 9.047841 11.20914 11.20914 9.887611 10.7734 11.12002 3.009111 1.287109 1.017215 1.017215 2.021383 8.071082 13.57473 10.9842 10.22635 10.80309 13.54859 4.76129 4.546183 4.509806 3.047444 2.940494 2.940495 2.940494 2.940495 2.900722 2.553246 2.552555 2.552555 2.552555 2.552555 3.753855 12.93461 11.03953 7.233432 7.233432 7.233433 7.233432 7.233432 5.707372 4.836572 4.836573 6.342167 8.67867 9.346457 9.346457 9.346458 9.346458 6.088511 3.388298 3.388298 3.388298 2.876826 2.577981 2.577981 2.577981 2.577981 2.577981 0 0
0 0 0 0 0 0 0 0 0 0 0 0 0 0 0 0 0 0 0 0 0 0 0 0 0 0 0 0 0 0 0 0 11.18217 11.20914 11.20914 11.20914 11.20914 11.17899 4.49469 1.040227 1.017215 1.017215 1.154401 4.439491 15.01856 15.45096 13.61192 24.00019 30.45223 19.38388 4.546183 4.520868 4.105143 3.535076 2.940494 6.374825 7.354755 4.972442 5.218598 2.552555 6.775438 9.508061 9.325481 12.2748 12.94048 9.594072 7.233432 7.233432 7.233432 7.233432 7.233432 5.732913 4.836572 4.836572 4.836572 5.821844 9.346458 9.346458 9.346458 9.346457 7.778289 3.72373 3.388297 3.388297 2.835898 2.577981 2.577981 2.577981 2.577981 11.30715 0 0
0 0 0 0 0 0 0 0 0 0 0 0 0 0 0 0 0 0 0 0 0 0 0 0 0 0 0 0 0 0 4.595973 8.328307 11.20914 11.20914 11.20914 11.20914 11.20914 9.77421 6.125341 1.618208 1.029112 7.258773 11.33733 12.61771 15.47399 15.54255 15.86907 23.90624 47.58992 11.72369 12.77302 14.51715 10.43201 3.599797 3.761728 12.45788 10.72472 10.72472 4.306469 3.375798 11.76399 12.94049 12.94048 12.94048 12.94048 9.148049 7.233432 7.233432 7.233432 7.233432 7.211524 5.657575 4.836572 4.836572 4.836572 5.427882 9.346458 9.346458 11.56837 20.2138 27.97229 16.50456 9.482741 4.216572 9.129398 6.453998 2.907597 7.997396 15.83846 18.68876 0 0
0 0 0 0 0 0 0 0 0 0 0 0 0 0 0 0 0 0 0 0 0 0 0 0 0 0 0 0 0 4.351332 4.203712 4.293759 7.538409 9.776714 11.17791 11.20915 11.20858 8.64945 8.1851 6.128434 7.00125 12.50676 12.50676 12.50676 13.99987 15.54255 16.5589 160.4798 176.9584 68.2991 26.06382 21.7401 6.466533 3.213265 14.35857 31.82354 19.84244 9.186173 2.933841 2.559555 11.35077 12.94048 12.94048 12.94048 12.94048 11.34092 8.283533 7.233433 7.233433 7.233433 6.936002 4.836572 4.836572 4.836572 4.836572 5.9914 7.656679 7.840611 12.96581 36.12704 36.93834 14.83749 13.11037 12.74921 16.63779 21.21663 19.31784 18.93491 21.21663 21.75975 0 0
0 0 0 0 0 0 0 0 0 0 0 0 0 0 0 0 0 0 0 0 0 0 0 0 0 0 0 0 4.322103 4.203712 4.203713 4.203713 4.203713 4.203712 9.81038 11.20914 11.20914 9.356634 8.185099 8.185099 25.90174 13.15703 12.50676 12.50676 12.57356 22.56307 32.78801 52.76355 114.9424 122.8813 94.40766 35.76668 16.8973 29.26829 29.11191 17.45097 10.89005 3.436934 2.552555 2.552555 5.79468 11.86103 12.94048 12.94048 12.94048 12.89231 11.98479 11.13256 9.517047 7.25993 7.193663 4.9276 5.799664 6.987792 6.833354 7.646857 7.283077 7.283077 7.283077 14.70313 28.8782 14.57496 13.01147 11.21114 9.972877 18.55925 21.21663 21.21663 38.50978 50.04801 44.92315 0
0 0 0 0 0 0 0 0 0 0 0 0 0 0 0 0 0 0 0 0 0 0 0 0 0 0 0 6.207166 4.203712 4.203712 4.203713 4.203713 4.203712 4.203712 7.843236 11.20914 11.20914 11.40808 8.185099 8.185099 36.50737 22.8169 12.50676 12.50676 46.29544 459.9962 72.50541 34.50824 139.7208 302.2627 169.3765 32.52927 29.45788 29.54001 23.0851 19.73075 20.04488 9.398303 2.889987 3.285203 5.2219 8.012419 12.16726 12.02434 12.82012 12.94048 12.36559 12.09802 12.09802 12.04281 11.12985 8.399174 9.208875 9.938719 9.938718 9.418045 7.576247 7.334522 8.193655 10.18043 18.61604 21.54789 19.20526 10.17976 9.762626 10.69786 19.85042 22.24457 46.59844 78.71095 49.51339 42.56085
0 0 0 0 0 0 0 0 0 0 0 0 0 0 0 0 0 0 0 0 0 0 0 0 0 0 0 5.47636 4.203712 4.203713 4.203713 4.203712 4.203713 4.203712 4.585202 11.67828 60.54374 127.6788 98.58092 78.957 39.15038 46.11291 411.7524 549.4176 566.8988 623.3477 326.0356 23.12383 57.54505 205.7726 15.17696 19.89137 24.15083 24.16685 23.18282 22.4881 21.54719 19.68735 15.81139 7.105956 6.900608 6.900608 6.900608 16.75628 36.90229 35.17716 17.4975 11.51183 12.09802 12.09802 12.09802 11.84524 10.14214 9.938719 9.938718 10.15711 13.32218 13.23737 13.74338 13.68629 19.80409 21.54789 20.47493 10.07023 9.762626 9.762626 16.98294 25.40853 25.24591 71.63509 37.20797 24.77813
5.705555 9.206662 0 0 0 0 0 0 0 0 0 0 0 0 0 0 0 0 0 0 0 0 0 0 0 0 0 4.404724 4.203712 4.203712 4.203712 4.203712 4.203712 4.203712 19.91649 110.2536 151.5041 152.8671 331.0127 188.4025 51.55238 39.32518 84.97324 522.5621 623.3477 623.3477 296.0367 13.93801 42.78415 80.51077 14.84813 14.75159 19.26263 15.83598 12.65869 11.75223 10.21122 19.22703 19.68735 8.465801 6.900607 6.900607 6.900608 21.17816 42.37706 26.28705 7.192598 7.458479 9.0177 11.90779 12.09802 12.09802 11.91498 10.25913 9.938719 10.69355 13.96104 13.34739 11.91359 11.68466 17.46345 23.79223 25.08222 11.63257 9.762627 9.762626 35.00689 44.37572 38.1455 60.37568 65.36324 47.62185
5.705554 5.705555 0 0 0 0 0 0 0 0 0 0 0 0 0 0 0 0 0 0 0 0 0 0 0 0 0 6.888334 4.203713 4.203713 4.203713 4.203713 7.249704 9.397631 60.7769 81.40808 61.03526 45.8776 79.90652 75.28262 59.19162 39.27021 39.32519 119.178 589.4094 298.8381 19.85882 7.168146 7.168146 7.187412 14.05248 14.72791 9.804232 3.41008 1.449708 1.449709 6.934039 19.68736 11.82927 5.797287 6.900608 6.900608 6.900608 6.900608 16.87215 12.1253 7.192598 7.192598 7.192598 8.21627 7.788377 9.778154 12.09802 11.66545 9.054831 13.47885 15.10243 14.35795 13.02981 11.87873 12.51994 25.23715 28.79156 21.64165 9.762627 18.76393 53.18735 45.1124 42.64266 60.27474 66.06438 54.6018
5.705555 5.705555 0 0 0 0 0 0 0 0 0 0 0 0 0 0 0 0 0 0 0 0 0 0 0 0 0 0 4.194093 4.203712 4.198753 3.785079 11.56848 13.36395 16.89334 45.39643 48.39466 47.98264 59.75521 57.09504 34.68304 28.77284 25.08592 20.08273 13.51545 8.858585 7.168145 7.111516 6.39713 6.328382 9.312015 11.97024 1.751669 1.449708 1.449708 1.449708 1.608732 4.251028 1.640558 1.562555 4.541761 6.928155 7.073521 7.109723 7.192378 7.192598 7.192598 7.192598 7.192598 9.211094 7.149314 6.728794 7.9102 6.725561 6.552215 10.45837 15.10461 15.10461 15.10461 13.44895 11.71872 82.53922 79.05325 35.58233 31.24656 57.2176 68.15417 61.59397 71.13686 72.37794 73.11475 60.43556
5.480082 5.476847 8.921493 0 0 0 0 0 0 0 0 0 0 0 0 0 0 0 0 0 0 0 0 0 0 88.03854 4.384583 3.237565 2.413857 3.045415 2.706739 2.029323 4.200148 11.76223 13.36395 13.4444 21.73986 29.00884 30.72071 24.26773 24.09391 33.62159 10.75936 9.491006 10.84292 9.41658 6.722413 5.919161 5.503594 5.518023 5.518023 4.941588 2.911097 1.555238 1.449708 1.449708 1.449708 1.449708 1.449708 1.449708 1.887437 5.923458 6.272355 6.799528 7.192598 7.190993 7.144881 7.192597 7.192597 12.64864 7.16335 6.682994 6.682994 6.593258 6.552215 7.898021 14.51916 15.10461 15.10461 15.10461 31.19389 131.5195 124.6574 73.25178 41.09804 56.50858 61.00154 83.64967 133.6791 106.37 75.11566 65.04707
4.611461 4.715954 0 0 0 0 0 0 0 0 0 0 0 0 0 0 0 0 0 0 0 0 0 51.20887 20.52023 20.52023 20.70111 13.8309 2.029323 2.029323 2.029323 2.029324 2.029324 2.835662 7.534973 7.932636 23.06179 29.7082 29.7082 27.53365 27.04551 39.52496 35.36107 21.79352 19.91087 7.162937 5.364354 5.364354 5.372556 5.470444 5.518023 5.518023 5.518023 3.637966 1.449708 1.449708 1.449708 1.449708 1.449708 1.449708 1.739629 4.336621 4.81259 4.851895 5.157691 5.005946 5.651678 9.72633 14.81345 17.16826 6.756748 6.682993 6.682994 6.591672 6.552216 6.674979 11.02773 15.10461 15.10461 15.10461 39.54149 89.76764 74.0507 50.34194 41.80006 42.64302 40.49944 43.68522 64.08719 71.78803 61.43299 42.79455
4.966594 4.611461 11.12962 0 0 0 0 0 0 0 0 0 0 0 0 0 0 0 0 0 0 0 0 21.15608 20.52023 25.02036 38.04333 44.16236 7.325712 2.029324 2.029323 2.029324 2.237673 3.409861 3.953697 3.953698 6.138992 8.00868 9.155164 20.98229 38.56134 34.16034 22.97829 19.36324 5.520274 5.364354 5.364354 5.364354 5.364354 5.365314 5.489915 5.518023 5.518023 5.276727 3.966203 1.498836 1.449708 1.449709 1.449708 1.53765 7.902638 7.904255 5.43469 4.812591 4.812591 4.812591 4.812683 15.17804 22.73188 9.130867 6.682994 6.682994 6.679098 6.564031 7.32337 11.18107 13.21334 15.10461 15.10461 15.10461 15.10564 23.4848 28.94074 35.3326 37.7631 39.62112 39.94484 42.96095 47.82717 41.32956 37.33571 25.11831
10.78284 9.30504 0 0 0 0 0 0 0 0 0 0 0 0 0 0 0 0 0 0 0 0 75.69306 33.04779 22.17119 42.96607 44.38512 43.4516 4.068995 2.029323 2.029324 2.549001 3.801428 3.953698 3.953697 3.953697 4.564673 6.332326 6.687449 15.44753 54.49577 40.45273 32.6588 24.45505 5.364354 5.364354 5.364354 5.364354 5.364354 5.364354 5.523057 7.328431 6.039538 6.281021 13.02853 10.943 10.49858 10.12417 5.782269 9.064373 10.62822 9.703478 9.309317 6.705149 5.94643 14.18398 19.82072 18.19103 21.43189 7.366645 6.682994 6.682994 6.65661 6.552216 8.931643 12.24891 13.314 13.86475 14.00895 14.39393 14.73766 17.6564 27.69935 27.95774 36.83617 66.47467 48.14725 47.43256 69.34673 65.24127 37.93524 42.12556
13.90537 15.91935 0 0 0 0 0 0 0 0 0 0 0 0 0 0 0 0 0 0 0 0 0 0 0 54.63478 140.1032 51.59126 21.58973 2.13604 2.029323 2.516128 4.314099 3.953698 3.953698 4.208168 5.670368 6.759149 7.682749 38.07232 54.83219 51.1702 58.76033 58.66293 7.586002 5.364355 5.364354 5.364355 5.364355 5.364355 11.83331 11.29949 10.85783 10.39594 13.02853 12.94759 12.42675 11.45977 11.49603 13.13931 12.23813 10.89253 9.851381 9.703478 9.863057 17.84449 22.63916 22.73188 22.73188 19.10491 8.970094 6.682994 6.672025 6.554364 8.46618 12.24891 12.9196 13.69594 13.64685 10.49135 10.01822 25.76546 33.39533 27.52299 48.00989 60.20998 37.58626 37.42708 65.82021 68.54671 46.58448 16.70459
13.90537 16.45671 0 0 0 0 0 0 0 0 0 0 0 0 0 0 0 0 0 0 0 0 0 0 0 193.1404 169.035 32.09922 31.99508 27.96105 6.847292 7.035782 20.54427 6.081883 14.48799 7.365604 6.319309 6.56393 20.61228 54.62918 55.65389 61.11003 58.21126 40.2153 21.66668 5.364354 5.851425 6.494173 6.01451 10.59221 16.95657 12.86195 13.20138 37.70187 100.5156 45.76225 12.49749 11.17346 12.27175 13.30465 13.30465 12.98759 10.01747 9.703478 9.703479 9.768514 12.19901 12.88958 19.68062 22.73188 21.49909 8.332952 6.682994 6.595267 9.166859 12.24891 12.05749 12.04813 13.05693 9.7476 9.708353 27.28168 30.48423 26.91935 51.76231 62.93711 41.19684 36.9718 40.54419 57.10535 38.71719 14.14796
10.16381 9.893764 0 0 0 0 0 0 0 0 0 0 0 0 0 0 0 0 0 0 0 0 0 0 0 159.8122 84.00991 65.6763 60.09207 45.76778 41.57916 36.92565 38.95523 26.89776 24.58468 24.58469 15.63184 5.975543 49.65216 54.62918 57.76746 61.19119 45.85025 27.55796 16.34458 5.146585 10.27925 14.04157 13.52571 14.04157 16.24293 22.00615 55.41924 69.68076 158.5145 163.6994 64.5408 28.08353 14.49812 13.49406 15.25737 15.88464 9.904098 9.703478 9.703479 9.703478 9.703479 9.703478 16.01534 22.73188 19.20067 20.75276 9.391971 11.19247 14.49134 13.04588 7.639014 6.199602 9.278498 9.602844 9.602844 13.03183 17.43106 32.50001 52.26583 50.20385 53.62258 33.29729 37.67658 45.73988 43.61099 27.92025
8.475817 8.475817 9.225704 0 0 0 0 0 0 0 0 0 0 0 0 0 0 0 0 0 0 0 0 0 0 168.6376 0 119.1057 82.715 45.80636 45.93996 51.59984 55.8266 49.99949 26.9011 27.32724 45.4693 42.09583 151.9533 139.741 46.75209 28.90158 28.13271 27.55796 10.58379 5.097536 6.928576 14.04157 14.04157 14.04157 18.16138 18.53584 62.66336 70.47106 99.86623 121.3874 22.09371 42.04397 52.22568 43.14074 46.37301 35.50061 19.25921 48.4976 9.703479 13.22891 14.40349 13.62864 11.59212 7.574699 3.775339 6.041575 10.85879 19.4683 19.70354 15.46559 9.196727 6.199602 7.558082 9.287355 11.4246 14.59868 14.60587 18.49314 32.00219 19.58119 20.78134 23.69225 29.9175 43.46524 34.10913 30.72271
8.814034 8.477178 9.726939 8.034965 0 0 0 0 0 0 0 0 0 0 0 0 0 0 0 0 0 0 0 0 0 0 0 147.0741 121.731 47.26821 42.82469 43.74419 54.01186 54.79851 72.88771 185.0136 110.9681 98.41513 236.7932 131.8837 33.97149 27.55796 27.55796 27.55796 10.34195 5.097535 5.376305 11.07456 26.44688 40.96498 126.6738 34.18432 60.89108 55.16428 75.80354 29.82442 18.50768 53.09221 53.09221 49.87989 47.04766 39.15241 99.08337 297.1359 92.93386 34.42074 27.20024 17.73095 8.44273 3.268851 3.268851 3.268851 5.769617 18.75064 18.58165 14.52103 14.15336 6.46391 6.199602 7.027762 16.236 17.25724 17.46971 15.09249 17.81311 19.40109 21.70196 23.71462 23.71462 30.78381 31.31453 20.25537
11.24557 10.76777 11.21586 9.42526 0 0 0 0 0 0 0 0 0 0 0 0 0 0 0 0 0 0 0 0 0 0 0 0 0 0 60.00544 60.47999 68.0687 63.14745 48.91204 73.19502 208.6849 226.6506 204.0353 54.62918 57.13371 47.80398 32.07534 27.55796 18.4894 5.097536 5.170071 7.487837 10.93444 42.97997 54.57555 49.71357 29.05885 15.25873 9.384252 7.570459 10.0854 52.41598 61.86304 47.93933 117.6431 0 66.07137 261.365 136.3996 34.83636 21.94543 10.96126 3.268851 3.268851 3.268851 3.268851 3.268851 8.185007 15.13876 14.52103 14.52103 9.16136 6.47497 9.729603 17.96748 17.97062 17.96443 13.6871 17.94782 20.05288 24.35336 43.87399 53.65966 73.6237 56.09728 21.81622
13.74654 11.24557 11.24557 126.7602 0 0 0 0 0 0 0 0 0 0 0 0 0 0 0 0 0 0 0 0 0 0 0 0 0 0 258.6583 104.174 104.7536 101.3738 68.27145 270.0682 0 448.4534 195.2629 102.8341 118.5943 89.62049 43.07474 27.55796 27.30073 12.30296 5.95508 10.36164 9.975265 22.17415 25.04485 17.85599 10.10613 9.258235 8.181458 5.609139 18.74609 0 163.3948 0 0 0 0 0 126.7614 28.87899 17.06168 3.039183 3.115536 3.268851 3.268851 3.268851 3.268851 4.053518 12.16821 14.52744 17.46035 18.54798 18.55825 19.2669 19.32122 19.2912 15.1973 10.16521 9.253832 27.13453 74.42656 77.56229 78.531 78.531 60.08037 34.96362
0 200.0997 217.9852 0 0 0 0 0 0 0 0 0 0 0 0 0 0 0 0 0 0 0 0 0 0 0 0 0 0 0 0 356.6439 0 0 0 0 0 0 0 216.8628 0 208.1024 79.86449 54.74229 33.82186 23.0503 16.25995 19.80204 16.41007 18.14981 19.63582 8.128035 5.309458 6.09471 4.707108 4.707108 0 0 0 0 0 0 0 0 0 46.34801 19.16859 1.396366 1.074878 2.016127 2.593415 3.268851 3.268851 3.268851 7.687258 14.6367 19.11902 47.51245 0 160.9784 181.8332 166.7051 82.40003 9.168661 18.01102 0 0 131.7835 143.1411 291.1015 560.2184 0
0 0 0 0 0 0 0 0 0 0 0 0 0 0 0 0 0 0 0 0 0 0 0 0 0 0 0 0 0 0 0 0 0 0 0 0 0 0 0 0 0 0 0 228.9588 71.93291 47.2826 32.84699 30.92149 20.25571 18.41145 7.78095 4.840512 4.806262 4.707192 4.707108 41.52778 0 0 0 0 0 0 0 0 0 0 0 0 0 154.2215 0 0 0 0 0 0 0 0 0 0 0 0 0 0 0 0 0 0 0 0 0 0
0 0 0 0 0 0 0 0 0 0 0 0 0 0 0 0 0 0 0 0 0 0 0 0 0 0 0 0 0 0 0 0 0 0 0 0 0 0 0 0 0 0 0 182.7051 0 210.0534 78.07062 71.78749 95.17677 127.4215 111.8893 139.1337 0 0 0 0 0 0 0 0 0 0 0 0 0 0 0 0 0 0 0 0 0 0 0 0 0 0 0 0 0 0 0 0 0 0 0 0 0 0 0 0
0 0 0 0 0 0 0 0 0 0 0 0 0 0 0 0 0 0 0 0 0 0 0 0 0 0 0 0 0 0 0 0 0 0 0 0 0 0 0 0 0 0 0 0 0 0 0 0 0 0 0 0 0 0 0 0 0 0 0 0 0 0 0 0 0 0 0 0 0 0 0 0 0 0 0 0 0 0 0 0 0 0 0 0 0 0 0 0 0 0 0 0
