Scenarios/Global_Grid/data/country_data_population_distribution/processed/density_grids/caf.asc
ncols 322
nrows 216
xllcorner 14
yllcorner 2
[rows 29 to 57 of 216, columns 195 to 259 of 322]
1.856942 1.856942 1.856942 1.856942 1.856942 1.856942 1.856942 1.856942 1.856942 1.856942 1.856942 1.856942 1.856942 1.856942 1.832913 1.73972 1.64283 1.628457 1.628457 1.628457 1.628457 1.628457 1.628457 1.628457 1.628457 1.628457 1.628457 1.628457 1.628457 1.667083 1.802318 1.856872 1.856942 1.856942 1.856942 1.856942 1.856942 1.856942 1.856942 1.856942 1.856942 0 0 0 0 0 0 0 0 0 0 0 0 0 0 0 0 0 0 0 0 0 0 0 0
1.856942 1.856942 1.856942 1.856942 1.856942 1.856942 1.856942 1.856942 1.856942 1.856942 1.856942 1.856942 1.856942 1.856942 1.856942 1.856942 1.834209 1.760468 1.694511 1.650186 1.635066 1.628457 1.658148 1.800293 1.77719 1.640325 1.628457 1.628457 1.628457 1.796987 1.856942 1.856942 1.856942 1.856942 1.856942 1.856942 1.856942 1.856942 1.856942 1.856942 1.856942 10.59328 0 0 0 0 0 0 0 0 0 0 0 0 0 0 0 0 0 0 0 0 0 0 0
1.856942 1.856942 1.856942 1.856942 1.856942 1.856942 1.856942 1.856942 1.856942 1.856942 1.856942 1.856942 1.856942 1.856942 1.856942 1.856942 1.856942 1.856942 1.856942 1.856942 1.826971 1.723901 1.829702 1.856942 1.856942 1.819125 1.675082 1.628493 1.741578 1.856316 1.856942 1.856942 1.856942 1.856942 1.856942 1.856942 1.856942 1.856942 1.856942 1.856942 1.856942 7.842094 0 0 0 0 0 0 0 0 0 0 0 0 0 0 0 0 0 0 0 0 0 0 0
1.856942 1.856942 1.856942 1.856942 1.856942 1.856942 1.856942 1.856942 1.856942 1.856942 1.856942 1.856942 1.856942 1.856942 1.856942 1.856942 1.856942 1.856942 1.856942 1.856942 1.856942 1.856942 1.856942 1.856942 1.856942 1.856942 1.855476 1.836533 1.856942 1.856942 1.856942 1.856942 1.856942 1.856942 1.856942 1.856942 1.856942 1.856942 1.856942 1.856942 1.856942 0 0 0 0 0 0 0 0 0 0 0 0 0 0 0 0 0 0 0 0 0 0 0 0
1.856942 1.856942 1.856942 1.856942 1.856942 1.856942 1.856942 1.856942 1.856942 1.856942 1.856942 1.856942 1.856942 1.856942 1.856942 1.856942 1.856942 1.856942 1.856942 1.856942 1.856942 1.856942 1.856942 1.856942 1.856942 1.856942 1.856942 1.856942 1.856942 1.856942 1.856942 1.856942 1.856942 1.856942 1.856942 1.856942 1.856942 1.856942 1.856942 1.856942 3.68227 0 0 0 0 0 0 0 0 0 0 0 0 0 0 0 0 0 0 0 0 0 0 0 0
1.856942 1.856942 1.856942 1.856942 1.856942 1.856942 1.856942 1.856942 1.856942 1.856942 1.856942 1.856942 1.856942 1.856942 1.856942 1.856942 1.856942 1.856942 1.856942 1.856942 1.856942 1.856942 1.856942 1.856942 1.856942 1.856942 1.856942 1.856942 1.856942 1.856942 1.856942 1.856942 1.856942 1.856942 1.856942 1.856942 1.856942 1.856942 1.856942 1.856942 0 0 0 0 0 0 0 0 0 0 0 0 0 0 0 0 0 0 0 0 0 0 0 0 0
1.856942 1.856942 1.632545 0.9236445 1.11509 1.856942 1.856942 1.856942 1.856942 1.856942 1.856942 1.856942 1.856942 1.856942 1.856942 1.856942 1.856942 1.856942 1.856942 1.856942 1.856942 1.856942 1.856942 1.856942 1.856942 1.856942 1.856942 1.856942 1.856942 1.856942 1.856942 1.856942 1.856942 1.856942 1.856942 1.856942 1.856942 1.856942 1.856942 1.856942 0 0 0 0 0 0 0 0 0 0 0 0 0 0 0 0 0 0 0 0 0 0 0 0 0
1.025599 1.242604 0.6558696 0.6026229 0.6966686 1.684211 1.844459 1.856942 1.856942 1.856942 1.856942 1.856942 1.856942 1.856942 1.856942 1.856942 1.856942 1.856942 1.856942 1.856942 1.856942 1.856942 1.856942 1.856942 1.856942 1.856942 1.856942 1.856942 1.856942 1.856942 1.856942 1.856942 1.856942 1.856942 1.856942 1.856942 1.856942 1.856942 1.856942 1.856942 0 0 0 0 0 0 0 0 0 0 0 0 0 0 0 0 0 0 0 0 0 0 0 0 0
0.6026228 0.6026228 0.6026228 0.6026228 0.6026228 0.6778795 0.9455688 1.853067 1.688762 1.711826 1.856942 1.856942 1.856942 1.856942 1.856942 1.856942 1.856942 1.856942 1.856942 1.856942 1.856942 1.856942 1.856942 1.856942 1.856942 1.856942 1.856942 1.856942 1.856942 1.856942 1.856942 1.856942 1.856942 1.856942 1.856942 1.856942 1.856942 1.856942 1.856942 1.856942 3.659127 0 0 0 0 0 0 0 0 0 0 0 0 0 0 0 0 0 0 0 0 0 0 0 0
0.6026229 0.6026229 0.6026229 0.6026229 0.6026229 0.6026229 0.6028132 0.8128102 0.6592029 0.6171106 1.378695 1.856942 1.856942 1.856942 1.856942 1.856942 1.856942 1.856942 1.856942 1.856942 1.856942 1.856942 1.856942 1.856942 1.856942 1.856942 1.856942 1.856942 1.856942 1.856942 1.856942 1.856942 1.856942 1.856942 1.856942 1.856942 1.856942 1.856942 1.856942 1.856942 7.319696 0 0 0 0 0 0 0 0 0 0 0 0 0 0 0 0 0 0 0 0 0 0 0 0
0.6026229 0.6026228 0.6026229 0.6026229 0.6026229 0.6026229 0.6026229 0.6026229 0.6026229 0.6026229 0.9148369 1.337339 1.846397 1.856942 1.856942 1.856942 1.856942 1.856942 1.856942 1.856942 1.856942 1.856942 1.856942 1.856942 1.856942 1.856942 1.856942 1.856942 1.856942 1.856942 1.856942 1.856942 1.856942 1.856942 1.856942 1.856942 1.856942 1.856942 1.856942 1.856942 0 0 0 0 0 0 0 0 0 0 0 0 0 0 0 0 0 0 0 0 0 0 0 0 0
0.6026229 0.6026229 0.6026229 0.6026229 0.6026229 0.6026229 0.6026229 0.6026229 0.6026229 0.6026229 0.6026229 0.6026229 1.672433 1.856942 1.856942 1.856942 1.856942 1.856942 1.856942 1.856942 1.856942 1.856942 1.856942 1.856942 1.856942 1.856942 1.856942 1.856942 1.856942 1.856942 1.856942 1.856942 1.856942 1.856942 1.856942 1.856942 1.856942 1.856942 1.856942 1.856942 0 0 0 0 0 0 0 0 0 0 0 0 0 0 0 0 0 0 0 0 0 0 0 0 0
0.6026229 0.6026229 0.6026229 0.6026229 0.6026229 0.6026229 0.6026229 0.6026229 0.6026229 0.6026229 0.6026229 0.6026229 1.095763 1.367383 1.757288 1.511739 1.07264 1.306664 1.853884 1.856942 1.856942 1.856942 1.856942 1.856942 1.856942 1.856942 1.856942 1.856942 1.856942 1.856942 1.856942 1.856942 1.856942 1.856942 1.856942 1.856942 1.856942 1.856942 1.856942 2.802781 0 0 0 0 0 0 0 0 0 0 0 0 0 0 0 0 0 0 0 0 0 0 0 0 0
0.6026228 0.6026229 0.6026229 0.6026228 0.6026228 0.6026229 0.6026228 0.6026229 0.6026229 0.6026229 0.6026228 0.6026229 0.6026228 0.6026229 0.6026229 0.6026228 0.6026229 0.6026228 1.055697 1.447879 1.856942 1.856942 1.856942 1.856942 1.856942 1.856942 1.856942 1.856942 1.856942 1.856942 1.856942 1.856942 1.856942 1.863069 1.980445 0.8399577 1.758429 1.856942 1.860129 0 0 0 0 0 0 0 0 0 0 0 0 0 0 0 0 0 0 0 0 0 0 0 0 0 0
0.6026229 0.6026229 0.6026229 0.6026229 0.6026229 0.6026229 0.6026229 0.6026229 0.6026229 0.6026229 0.6026229 0.6026229 0.6026229 0.6026229 0.6026229 0.6026229 0.6026229 0.6026229 0.6026229 0.603456 0.9066406 1.316865 1.304124 1.001647 1.850776 1.856942 1.856942 1.856942 1.856942 1.856942 1.856942 1.856942 1.856942 2.000731 1.780193 0.4785757 2.468436 6.390421 0 0 0 0 0 0 0 0 0 0 0 0 0 0 0 0 0 0 0 0 0 0 0 0 0 0 0
0.6026229 0.6026229 0.6026229 0.6026229 0.6026229 0.6026229 0.6026229 0.6026229 0.6026229 0.6026229 0.6026229 0.6026229 0.6026229 0.6026229 0.6026229 0.6026229 0.6026229 0.6026229 0.6026229 0.6026229 0.6026229 0.6026229 0.6026229 0.6026229 1.619783 1.856942 1.856942 1.856942 1.856942 1.856942 1.856942 1.856942 1.856942 2.105897 1.802877 0.2242432 10.04093 0 0 0 0 0 0 0 0 0 0 0 0 0 0 0 0 0 0 0 0 0 0 0 0 0 0 0 0
0.6782624 0.6026229 0.6026229 0.6026229 0.6026229 0.6026229 0.6026229 0.6026229 0.6026229 0.6026229 0.6026229 0.6026229 0.6026229 0.6026229 0.6026229 0.6026229 0.6026229 0.6026229 0.6026229 0.6026229 0.6026229 0.6026229 0.6026229 0.6026229 0.6056567 1.077239 1.777579 1.856942 1.856942 1.856942 1.856942 1.856942 1.857911 2.14777 2.15805 0.3718272 0 0 0 0 0 0 0 0 0 0 0 0 0 0 0 0 0 0 0 0 0 0 0 0 0 0 0 0 0
1.36078 0.6834249 0.6026229 0.6026229 0.6026228 0.6026229 0.6026228 0.6026229 0.6026229 0.6026229 0.6026228 0.6026229 0.6026228 0.6026229 0.6026229 0.6026229 0.6026229 0.6026228 0.6026229 0.6026228 0.6026229 0.6026229 0.6026229 0.6026229 0.6026229 0.6026228 0.9136455 1.768734 1.856942 1.856942 1.856942 1.856942 1.895947 2.15852 1.891858 0.2463704 0 0 0 0 0 0 0 0 0 0 0 0 0 0 0 0 0 0 0 0 0 0 0 0 0 0 0 0 0
1.40891 0.8970361 0.6026228 0.6026228 0.6026228 0.6026228 0.6026228 0.6026228 0.6026228 0.6026228 0.6026228 0.6026228 0.6026228 0.6026228 0.6026228 0.6026228 0.6026228 0.6026228 0.6026229 0.6026228 0.6026228 0.6026228 0.6026228 0.6026228 0.6026228 0.6026228 0.6026228 0.6389918 1.166635 1.806667 1.856942 1.857843 2.019834 2.149955 0.5171551 2.578475 0 0 0 0 0 0 0 0 0 0 0 0 0 0 0 0 0 0 0 0 0 0 0 0 0 0 0 0 0
1.40891 1.401645 1.163644 0.6450752 0.6026229 0.6026229 0.6026229 0.6026229 0.6026229 0.6026229 0.6026229 0.6026229 0.6026229 0.6026229 0.6026229 0.6026229 0.6026229 0.6026229 0.6026229 0.6026229 0.6026229 0.6026229 0.6026229 0.6026229 0.6026229 0.6026229 0.6026229 0.6026229 0.6026229 1.340768 2.069422 2.110855 2.15852 1.579688 0.1632423 0.1632423 12.07622 0 3.846828 0 0 0 0 0 0 0 0 0 0 0 0 0 0 0 0 0 0 0 0 0 0 0 0 0 0
1.40891 1.40891 1.405414 0.6362991 0.6026229 0.6026229 0.6026229 0.6026229 0.6026229 0.6026229 0.6026229 0.6026229 0.6026229 0.6026229 0.6026229 0.6026229 0.6026229 0.6026229 0.6026229 0.6026229 0.6026229 0.6026229 0.6026229 0.6026229 0.6026229 0.6026229 0.6026229 0.6715546 1.503174 2.152308 2.15852 2.15852 2.15852 0.9632228 0.1632423 0.1632423 0.1632423 0.1632423 0.1632423 0 0 0 0 0 0 0 0 0 0 0 0 0 0 0 0 0 0 0 0 0 0 0 0 0 0
1.40891 1.40891 1.40891 0.7816196 0.6026229 0.6026229 0.6026229 0.6026229 0.6026229 0.6026229 0.6026229 0.6026229 0.6026229 0.6026229 0.6026229 0.6026229 0.6026229 0.6026229 0.6026229 0.6026229 0.6026229 0.6026229 0.6026229 0.6026229 0.6026229 0.6026229 0.629036 1.899226 2.15852 2.15852 2.15852 2.15852 2.15852 0.5807964 0.1632423 0.1632423 0.1632423 0.1632423 3.747435 0 0 0 0 0 0 0 0 0 0 0 0 0 0 0 0 0 0 0 0 0 0 0 0 0 0
1.40891 1.40891 1.408911 0.9811779 0.6026228 0.6026229 0.6026229 0.6026229 0.6026229 0.6026229 0.6026228 0.6026229 0.6026228 0.6026229 0.6026229 0.6026229 0.6026229 0.6026229 0.6026229 0.6026228 0.6026229 0.6026229 0.6026229 0.6026228 0.6026229 0.6026228 0.7923872 2.158521 2.158521 2.15852 2.158521 2.15852 1.587896 0.169295 0.1632423 0.1632423 0.1632423 0.7968953 0 0 0 0 0 0 0 0 0 0 0 0 0 0 0 0 0 0 0 0 0 0 0 0 0 0 0
1.40891 1.408911 1.408911 1.155805 0.6026228 0.6026228 0.6026228 0.6026228 0.6026228 0.6026228 0.6026228 0.6026228 0.6026228 0.6026228 0.6026228 0.6026229 0.6026228 0.6026228 0.6026229 0.6026228 0.6026228 0.6026229 0.6026228 0.6026228 0.6026228 0.6026228 0.7902747 2.15852 2.15852 2.15852 2.15852 1.971637 0.3395595 0.1632423 0.1632423 0.1632423 0.1632423 0 0 0 0 0 0 0 0 0 0 0 0 0 0 0 0 0 0 0 0 0 0 0 0 0 0 0 0
1.40891 1.40891 1.40891 1.323866 0.6269536 0.6026228 0.6026229 0.6026229 0.6026229 0.6026228 0.6026229 0.6026229 0.6026229 0.6026229 0.6026228 0.6026229 0.6026229 0.6026229 0.6026229 0.6026229 0.6026229 0.6026229 0.6026229 0.6428075 0.863067 0.8797511 1.057153 2.158521 2.158521 2.15852 2.158521 1.82204 0.1632423 0.1632423 0.1632423 0.1632423 0.1632423 0 0 0 0 0 0 0 0 0 0 0 0 0 0 0 0 0 0 0 0 0 0 0 0 0 0 0 0
1.40891 1.40891 1.408911 1.40891 1.31671 0.90465 0.6026229 0.6026228 0.6026229 0.6026229 0.6026229 0.6026228 0.6026229 0.6026228 0.6026229 0.6026228 0.6026228 0.6026229 0.6026228 0.6026229 0.6156366 1.06828 1.676119 2.128068 2.15852 2.158521 2.15852 2.15852 2.15852 2.158521 2.15852 1.317147 0.1632423 0.1632423 0.1632423 0.1632423 0.1632423 7.700547 0 3.712243 6.330132 0 0 0 8.505644 0 0 0 0 0 0 0 0 0 0 0 0 0 0 0 0 0 0 0 0
1.40891 1.40891 1.408911 1.40891 1.40891 1.404245 1.196883 0.9666414 0.8692003 0.7905534 0.6065234 0.6026229 0.6026229 0.6026229 0.6026229 0.5974127 0.4778557 0.4010819 0.3988452 0.3988303 0.803804 2.15852 2.15852 2.15852 2.15852 2.15852 2.15852 2.15852 2.15852 2.15852 2.15852 1.068339 0.1632423 0.1632423 0.1632423 0.1632423 0.1632422 0.1632423 0.1632422 0.1632423 0.1632423 0.1632423 0.1632423 0.1632423 0.1632423 0.1632423 0.1632423 0.1632423 0.1977286 0.2393003 2.347571 5.512667 5.231836 5.403345 3.008814 0 0 0 0 0 0 0 0 0 0
1.408911 1.40891 1.408911 1.40891 1.408911 1.40891 1.408911 1.40891 1.408911 1.40891 0.9256406 0.6026228 0.6026229 0.6026228 0.5648631 0.3995798 0.3560749 0.3560749 0.3560749 0.3560749 0.6578822 2.15852 2.15852 2.15852 2.15852 2.15852 2.15852 2.15852 2.15852 2.15852 2.15852 0.7161187 0.1632423 0.1632423 0.1632423 0.1632423 0.1632423 0.1632423 0.1632423 0.1632423 0.1632423 0.1632423 0.1632423 0.1632423 0.1632423 0.1632423 0.1632423 0.1632423 0.1632423 0.1632423 0.1632423 0.1632423 0.1632423 0.1632423 0.4548509 0 0 0 0 0 0 0 0 0 0
1.275755 0.732059 0.4845035 0.708838 1.295394 1.408911 1.408911 1.408911 1.408911 1.408911 0.8896197 0.5164722 0.5824603 0.5758129 0.3903334 0.3560749 0.3560749 0.3560749 0.3560749 0.3560749 0.3893245 2.065162 2.15852 2.15852 2.15852 2.15852 2.15852 2.15852 2.15852 2.15852 2.15852 1.101018 0.1632423 0.1632423 0.1632423 0.1632423 0.1632423 0.1632423 0.1632423 0.1632423 0.1632423 0.1632423 0.1632423 0.1632423 0.1632423 0.1632423 0.1632423 0.1632423 0.1632423 0.1632423 0.1632423 0.1632423 0.1632423 0.1632423 0.2716939 0 0 0 0 0 0 0 0 0 0
