Scenarios/Global_Grid/data/country_data_population_distribution/processed/density_grids/caf.asc
ncols 322
nrows 216
xllcorner 14
yllcorner 2
[rows 58 to 86 of 216, columns 65 to 129 of 322]
0 0 0 0 0 0 0 0 0 0 0 0 0 0 0 0 0 0 0 0 0 0 0 0 0 0 0 0 0 0 0 0 0 0 0 0 0 0 0 0 0 0 0 0 0 0 0 0 0 0 0 0 0 0 0 0 0 0 0 0 4.997987 0.6561834 0.4149879 0.4149879 0.4149879
0 0 0 0 0 0 0 0 0 0 0 0 0 0 0 0 0 0 0 0 0 0 0 0 0 0 0 0 0 0 0 0 0 0 0 0 0 0 0 0 0 0 0 0 0 0 0 0 0 0 0 0 0 0 0 0 0 0 0 12.14451 4.954897 1.30492 0.4149879 0.4149879 0.4149879
0 0 0 0 0 0 0 0 0 0 0 0 0 0 0 0 0 0 0 0 0 0 0 0 0 0 0 0 0 0 0 0 0 0 0 0 0 0 0 0 0 0 0 0 0 0 0 0 0 0 0 0 0 0 0 0 0 0 15.60973 5.889513 4.785723 1.793547 0.4150254 0.4149879 0.4149879
0 0 0 0 0 0 0 0 0 0 0 0 0 0 0 0 0 0 0 0 0 0 0 0 0 0 0 0 0 0 0 0 0 0 0 0 0 0 0 0 0 0 0 0 0 0 0 0 0 0 0 0 0 0 0 0 0 15.69465 5.889513 5.889513 4.524859 3.118612 1.068424 0.4149879 0.4149879
0 0 0 0 0 0 0 0 0 0 0 0 0 0 0 0 0 0 0 0 0 0 0 0 0 0 0 0 0 0 0 0 0 0 0 0 0 0 0 0 0 0 0 0 0 0 0 0 0 0 0 0 0 0 0 0 0 7.983173 5.889513 5.889513 4.442842 3.118612 2.338799 0.5453281 0.4149879
0 0 0 0 0 0 0 0 0 0 0 0 0 0 0 0 0 0 0 0 0 0 0 0 0 0 0 0 0 0 0 0 0 0 0 0 0 0 0 0 0 0 0 0 0 0 0 0 0 0 0 0 0 0 0 0 10.3123 5.889513 5.889513 5.862979 3.639791 3.118612 3.118612 2.797106 0.7577173
0 0 0 0 0 0 0 0 0 0 0 0 0 0 0 0 0 0 0 0 0 0 0 0 0 0 0 0 0 0 0 0 0 0 0 0 0 0 0 0 0 0 0 0 0 0 0 0 0 0 0 0 0 0 0 15.0502 5.889513 5.889513 5.889513 5.430392 3.236416 3.118612 3.118612 3.118612 2.132527
0 0 0 0 0 0 0 0 0 0 0 0 0 0 0 0 0 0 0 0 0 0 0 0 0 0 0 0 0 0 0 0 0 0 0 0 0 0 0 0 0 0 0 0 0 0 0 0 0 0 0 0 0 0 0 6.097117 5.889513 5.889513 5.889513 4.292661 3.118612 3.118612 3.118612 3.118612 2.624842
0 0 0 0 0 0 0 0 0 0 0 0 0 0 0 0 0 0 0 0 0 0 0 0 0 0 0 0 0 0 0 0 0 0 0 0 0 0 0 0 0 0 0 0 0 0 0 0 0 0 0 0 13.01707 7.669436 5.889513 5.889513 5.889513 5.889513 5.889513 5.701054 3.968498 3.118612 3.118612 3.118612 3.118612
0 0 0 0 0 0 0 0 0 0 0 0 0 0 0 0 0 0 0 0 0 0 0 0 0 0 0 0 0 0 0 0 0 0 0 0 0 0 0 0 0 0 0 0 0 0 0 0 0 0 0 5.930196 5.889513 5.889513 5.889513 5.889513 5.889513 5.889513 5.889513 5.889513 4.487295 3.118612 3.118612 3.118612 3.118612
0 0 0 0 0 0 0 0 0 0 0 0 0 0 0 0 0 0 0 0 0 0 0 0 0 0 0 0 0 0 0 0 0 0 0 0 0 0 0 0 0 0 0 0 0 0 0 0 0 0 9.793612 5.889513 5.889513 5.889513 5.889513 5.889513 5.889513 5.889513 5.889513 5.889513 4.065212 3.118613 3.118613 3.118612 3.118612
0 0 0 0 0 0 0 0 0 0 0 0 0 0 0 0 0 0 0 0 0 0 0 0 0 0 0 0 0 0 0 0 0 0 0 0 0 0 0 0 0 0 0 0 0 0 0 0 0 0 10.48432 5.889513 5.889513 5.889513 5.889513 5.889513 5.889513 5.889513 5.889513 5.88363 3.900026 3.118612 3.118612 3.118612 3.118612
0 0 0 0 0 0 0 0 0 0 0 0 0 0 0 0 0 0 0 0 0 0 0 0 0 0 0 0 0 0 0 0 0 0 0 0 0 0 0 0 0 0 0 0 0 0 0 0 0 0 6.366138 5.889513 5.889513 5.889513 5.889512 5.889512 5.889513 5.889513 5.889512 5.889513 3.765968 3.118612 3.118612 3.118612 3.118612
0 0 0 0 0 0 0 0 0 0 0 0 0 0 0 0 0 0 0 0 0 0 0 0 0 0 0 0 0 0 0 0 0 0 0 0 0 0 0 0 0 15.42734 13.45022 12.10205 10.51353 8.888823 7.413505 5.940598 5.889513 5.889513 5.889513 5.889513 5.889513 5.889513 5.889513 5.889513 5.889513 5.889513 5.889513 5.235687 3.185964 3.118612 3.118612 3.118612 3.118612
0 0 0 0 0 0 0 0 0 0 0 0 0 0 0 0 0 0 0 0 0 0 0 0 0 0 0 20.16644 0 0 0 0 0 0 18.39498 8.083623 5.889513 5.889513 5.889513 5.889513 5.889513 5.889513 5.889513 5.889513 5.889513 5.889513 5.889513 5.889513 5.889513 5.889513 5.889513 5.889513 5.889513 5.889513 5.889513 5.889513 5.889513 5.889513 5.889513 4.805069 3.118612 3.118612 3.118612 3.118612 3.118612
0 0 0 0 0 0 0 0 0 0 0 0 0 0 0 0 0 0 0 0 0 0 0 0 0 0 12.71727 4.850171 3.862025 3.72805 3.72805 3.72805 3.72805 5.460622 5.889513 5.889513 5.889513 5.889513 5.889513 5.889513 5.889513 5.889513 5.889513 5.889513 5.889513 5.889513 5.889513 5.889513 5.889513 5.889513 5.889513 5.889513 5.889513 5.889513 5.889513 5.889513 5.889513 5.889513 5.889513 4.710276 3.118612 3.118612 3.118612 3.118612 3.118612
0 0 0 0 0 0 0 0 0 0 0 0 0 0 0 0 0 0 0 0 0 0 0 0 7.498324 5.642001 5.61417 3.750581 3.72805 3.72805 3.72805 3.72805 3.793278 5.846942 5.889513 5.889513 5.889513 5.889513 5.889513 5.889513 5.889513 5.889513 5.889513 5.889513 5.889513 5.889513 5.889513 5.889513 5.889513 5.889513 5.889513 5.889513 5.889513 5.889513 5.889513 5.889513 5.889513 5.889513 5.565025 3.292999 3.118612 3.118612 3.118612 3.118612 3.118612
32.52172 0 0 0 0 0 0 0 0 0 0 0 0 0 0 0 0 0 0 0 22.10567 8.532701 5.642 6.678792 5.642 5.642 5.166246 3.72805 3.72805 3.72805 3.72805 3.72805 3.766219 5.687881 5.889513 5.889513 5.889513 5.889513 5.889513 5.889513 5.889513 5.889513 5.889513 5.889513 5.889513 5.889513 5.889513 5.889513 5.889513 5.889513 5.889513 5.889513 5.889513 5.889513 5.889513 5.889513 5.889513 5.889513 4.819124 3.127252 3.118612 3.118612 3.118612 3.118612 3.118612
31.82942 0 0 0 0 0 0 0 0 0 0 0 0 0 0 0 0 0 15.90621 6.532886 5.642001 5.642001 5.642001 5.642001 5.642001 4.699562 3.782291 3.72805 3.72805 3.72805 3.72805 3.72805 3.72805 5.208704 5.889513 5.889513 5.889513 5.889513 5.889513 5.889513 5.889513 5.889513 5.889513 5.889513 5.889513 5.889513 5.889513 5.889513 5.889513 5.889513 5.889513 5.889513 5.889513 5.889513 5.889513 5.889513 5.889513 5.889513 4.824766 3.118612 3.118612 3.118612 3.118612 3.118612 3.118612
31.82942 33.00629 0 0 0 0 0 0 0 0 0 0 0 0 0 0 0 17.77055 5.642 5.642001 5.642 5.642001 5.642001 5.642001 5.58786 3.74848 3.72805 3.72805 3.72805 3.72805 3.72805 3.72805 3.72805 4.27781 5.20954 5.33104 5.889513 5.889513 5.889513 5.889513 5.889513 5.889513 5.889513 5.889513 5.889513 5.889513 5.889513 5.889513 5.889513 5.889513 5.889513 5.889513 5.889513 5.889513 5.889513 5.889513 5.889513 5.889513 5.036974 3.47063 3.118612 3.118612 3.118612 3.118612 3.118612
31.82942 31.82942 31.98564 0 0 0 0 0 0 0 0 0 0 0 0 0 10.21414 6.325109 5.642 5.642 5.642 5.642001 5.642 5.642 5.566284 3.72805 3.72805 3.72805 3.72805 3.72805 3.72805 3.72805 3.72805 3.72805 3.72805 3.728061 4.840507 5.889513 5.889513 5.889513 5.889513 5.889513 5.889513 5.889513 5.889513 5.889513 5.889513 5.889513 5.889513 5.889513 5.889513 5.889513 5.889513 5.889513 5.889513 5.889513 5.886281 5.133521 3.806774 3.118844 3.118612 3.118612 3.118612 3.118612 3.118612
31.82942 31.82942 31.85687 0 0 0 0 0 0 0 0 0 0 0 0 6.718728 5.642001 5.642 5.642 5.642001 5.642 5.642 5.642001 5.642001 5.551463 3.72805 3.72805 3.72805 3.72805 3.72805 3.72805 3.72805 3.72805 3.72805 3.72805 3.72805 3.774734 5.17511 5.889513 5.889513 5.889513 5.889513 5.889513 5.889513 5.889513 5.889513 5.889513 5.889513 5.889513 5.889513 5.889513 5.889513 5.889513 5.889513 5.859207 4.976229 3.691266 3.118612 3.118612 3.118612 3.118612 3.118612 3.118612 3.118612 3.118612
31.82942 31.82942 31.82942 32.40189 0 0 0 0 0 0 0 0 14.62551 6.631858 7.193818 5.642001 5.642001 5.642001 5.642 5.642 5.642 5.642 5.642001 5.642 5.536643 3.72805 3.72805 3.72805 3.72805 3.72805 3.72805 3.72805 3.72805 3.72805 3.72805 3.72805 3.72805 3.818152 5.160437 5.87993 5.889513 5.889513 5.889513 5.889513 5.889513 5.889513 6.383036 6.236283 5.916373 5.889519 5.889513 5.889513 5.819348 4.753555 3.506986 3.118612 3.118613 3.118612 3.118612 3.118612 3.118612 3.118613 3.118613 3.118612 3.118613
31.82942 31.82942 31.82942 31.82942 31.82942 32.77195 0 0 0 8.692756 5.642 5.642 5.642 5.642 5.642 5.642 5.642 5.642 5.642 5.642 5.642 5.642 5.642 5.642 5.521822 3.72805 3.72805 3.72805 3.72805 3.72805 3.72805 3.72805 3.72805 3.72805 3.72805 3.72805 3.72805 3.72805 3.72805 4.500381 5.760824 5.889513 5.889513 5.889513 5.889513 5.889513 7.867841 8.515656 8.508033 6.586583 5.889786 6.827351 4.41673 3.118612 3.118612 3.118612 3.118612 3.118612 3.118612 3.118612 3.118612 3.118612 3.118612 3.118612 3.118612
31.82942 31.82942 31.82942 31.82942 31.82942 31.82942 0 0 19.15455 5.642001 5.642001 5.642001 5.642001 5.642001 5.642 5.642001 5.642001 5.642001 5.642001 5.642001 5.642 5.642001 5.642001 5.642001 5.507001 3.72805 3.72805 3.72805 3.72805 3.72805 3.72805 3.72805 3.72805 3.72805 3.72805 3.72805 3.72805 3.72805 3.72805 3.72805 3.983317 5.544091 5.889513 5.889513 5.947486 6.342628 8.420738 8.538583 8.538583 8.206749 7.843619 8.538583 5.838047 3.118612 3.118612 3.118612 3.118612 3.118612 3.118612 3.118612 3.118612 3.118612 3.118612 3.118612 3.118612
28.85705 30.64061 31.81755 31.82942 31.32991 28.05985 23.05586 9.947591 5.642001 5.642001 5.642001 5.642 5.642001 5.642001 5.642 5.642001 5.642001 5.642001 5.642001 5.642001 5.642 5.642001 5.642001 5.642001 5.519053 3.72805 3.72805 3.72805 3.72805 6.042125 7.198077 6.684553 6.70313 6.59418 3.856387 3.72805 3.72805 3.72805 3.72805 3.72805 3.72805 3.96793 6.04518 7.625529 9.101506 9.093451 8.538583 8.538583 8.538583 8.538583 8.538583 8.538583 7.895259 3.168998 3.118612 3.118612 3.118612 3.118612 3.118612 3.118612 3.118612 3.118612 3.118612 3.118612 3.118612
18.68392 26.12482 27.39647 28.57641 26.76187 26.1563 17.626 5.642001 5.642001 5.642 5.642 5.642001 5.642 5.642 5.642001 5.642001 5.642001 5.642001 5.642001 5.642 5.642001 5.642001 5.642001 5.642 5.306225 3.777397 3.72805 3.72805 4.713935 8.625401 8.643225 8.643225 8.643225 8.643224 7.761889 5.453215 5.101604 3.918055 6.143842 7.751427 4.098583 3.72805 6.434541 9.504724 9.504725 9.086706 8.538583 8.538583 8.538583 8.538583 8.538583 8.538583 8.538583 4.633273 3.118612 3.118612 3.118612 3.118612 3.118612 3.118612 3.118612 3.118612 3.118612 3.118612 3.118612
22.41068 26.1563 26.1563 26.1563 26.1563 26.1563 25.50843 8.579361 5.642 5.642 5.642 5.642001 5.642 5.642 5.642001 5.642 5.642 5.642 5.642001 5.642 5.642001 5.642 5.642 5.541195 4.761045 4.369667 4.17256 4.325306 5.747493 6.605958 7.629471 8.489991 8.083057 8.643224 8.643225 8.643224 8.643225 8.05144 8.247008 8.643224 7.707504 3.72805 5.531107 9.504724 9.504725 9.455494 9.086626 8.695788 8.538582 8.538582 8.538583 8.538582 8.538583 6.74087 3.118612 3.118612 3.118612 3.118612 3.118612 3.118612 3.118612 3.118612 3.118612 3.118613 3.118612
25.87115 26.1563 26.1563 26.1563 26.1563 26.13921 14.90882 6.242146 5.642001 5.642001 5.642001 5.642001 5.642001 5.642001 5.642 5.642001 5.642001 5.642001 5.642 5.642001 5.642001 5.642001 5.64054 4.919626 4.729699 4.729699 4.729699 4.729699 4.729699 4.729699 4.729699 4.729699 4.788149 6.098618 6.21395 6.318901 6.417759 7.368996 8.491148 8.022694 8.174313 6.365494 8.418296 9.504725 9.504724 9.504725 9.407963 8.579186 8.538583 8.538583 8.538583 8.538583 8.538583 8.407293 3.541798 3.118612 3.118612 3.118612 3.118612 3.118612 3.118612 3.118612 3.118612 3.118612 3.118612
