Scenarios/Global_Grid/data/country_data_population_distribution/processed/density_grids/caf.asc
ncols 322
nrows 216
xllcorner 14
yllcorner 2
[rows 87 to 115 of 216, columns 0 to 64 of 322]
0 0 0 0 0 0 0 0 0 0 0 0 0 0 0 0 0 0 0 0 0 0 0 0 0 0 0 0 0 0 0 0 0 0 0 0 20.31182 20.37401 20.3746 20.3746 20.3746 20.3746 25.51708 50.9575 67.57647 71.98438 70.57906 60.04824 16.40743 14.13442 14.13442 14.13442 14.13442 14.13442 14.13442 15.56842 20.46748 22.72251 18.21898 18.21898 18.21898 18.21898 18.21898 18.21898 22.91366
0 0 0 0 0 0 0 0 0 0 0 0 0 0 0 0 0 0 0 0 0 0 0 0 0 0 0 0 0 0 0 0 0 0 0 20.33988 20.3746 20.3746 20.3746 20.3746 20.3746 20.3746 20.3746 20.3746 36.47168 71.87892 70.38487 70.3223 22.21678 14.13442 14.13442 14.13442 14.13442 14.13442 24.06164 34.88122 43.30777 39.07542 19.23332 18.21898 18.21898 18.21898 18.21898 18.46754 24.27684
0 0 0 0 0 0 0 0 0 0 0 0 0 0 0 0 0 0 0 0 0 0 0 0 0 0 0 0 0 0 0 0 0 0 20.35059 20.3746 20.3746 20.3746 20.3746 20.3746 20.3746 20.3746 20.3746 20.3746 20.45129 51.8773 70.3223 64.10979 24.65017 14.13442 14.13442 14.13442 14.13442 24.24042 43.42996 43.86149 43.8615 43.8615 43.33632 38.58589 40.04313 35.68399 39.55491 41.3668 34.59713
0 0 0 0 0 0 0 0 0 0 0 0 0 0 0 0 0 0 0 0 0 0 0 0 0 0 0 0 0 0 0 0 0 19.46192 20.3746 20.3746 20.3746 20.3746 20.3746 20.3746 20.3746 20.3746 20.3746 22.94116 54.35359 70.3223 60.0321 17.37529 14.13442 14.13442 14.13442 14.13442 14.13442 32.45358 43.86149 43.83682 40.1694 40.84119 41.36345 43.8615 43.86149 43.8615 43.86149 43.8615 43.86149
0 0 0 0 0 0 0 0 0 0 0 0 0 0 0 0 0 0 0 0 0 0 0 0 0 0 0 0 0 0 0 0 0 19.04215 20.3746 20.3746 20.3746 20.3746 20.3746 20.3746 20.3746 20.3746 20.724 53.02311 70.3223 70.3223 42.99471 14.13442 14.13442 14.13514 14.13442 14.13442 14.13442 23.37956 43.86149 38.70257 29.20835 29.20835 29.91245 36.26815 40.28291 41.8062 42.96044 32.35995 35.98264
0 0 0 0 0 0 0 0 0 0 0 0 0 0 0 0 0 0 0 0 0 0 0 0 0 0 0 0 0 0 0 0 0 19.37254 20.3746 20.3746 20.3746 20.3746 20.3746 20.3746 20.3746 20.3746 23.38799 66.71038 70.3223 58.27668 32.53608 17.31354 16.97748 26.51243 22.81046 23.53518 24.6333 28.04518 43.21788 30.23073 29.20835 29.20835 29.20835 29.20835 29.20835 30.04606 31.4611 29.20835 31.68166
0 0 0 0 0 0 0 0 0 0 0 0 0 0 0 0 0 0 0 0 0 0 0 0 0 0 0 0 0 0 0 0 0 20.09501 20.3746 20.3746 20.3746 20.3746 20.3746 20.3746 20.3746 20.3746 20.3746 26.45621 51.77802 34.70404 28.12024 28.03922 28.04347 28.12024 28.12024 28.31728 29.20835 29.27392 31.06069 29.20835 25.09523 27.27882 29.20835 29.20835 29.20835 29.20835 29.20835 29.20835 29.20835
0 0 0 0 0 0 0 0 0 0 0 0 0 0 0 0 0 0 0 0 0 0 0 0 0 0 0 0 0 0 0 0 19.30913 20.3746 20.3746 20.3746 20.3746 20.37455 20.3746 20.20568 20.25102 20.2438 24.54391 33.31072 33.33932 32.75734 28.25363 28.12024 28.12024 28.12024 28.12024 28.12718 28.9864 29.20835 26.08002 19.259 11.29773 22.99045 29.20835 29.20835 29.20835 29.20835 29.20835 29.20835 29.20835
0 0 0 0 0 0 0 0 0 0 0 0 0 0 0 0 0 0 0 0 0 0 0 0 0 0 0 0 0 0 0 0 20.3746 20.3746 20.3746 20.3746 20.20679 17.42356 16.82908 16.47628 16.67841 17.03827 27.99751 33.33932 33.33932 33.33932 30.03387 28.12024 28.12024 28.12024 23.17955 19.23594 15.17666 14.8107 12.68518 11.13891 11.13891 17.48786 29.20835 29.20835 29.20835 29.20835 29.20835 27.82416 27.37804
0 0 0 0 0 0 0 0 0 0 0 0 0 0 0 0 0 0 0 0 0 0 0 0 0 0 0 0 0 0 0 17.83407 19.931 20.13457 20.3746 20.09753 17.05439 16.42359 16.42359 16.42359 20.46904 24.45584 33.06994 33.33932 33.33932 33.33932 31.93054 25.32405 18.48408 13.91191 9.899096 9.46099 9.670387 11.13288 11.13891 11.13891 11.13891 11.25315 16.26321 26.39759 29.20835 26.84421 21.9437 20.30325 20.01956
0 0 0 0 0 0 0 0 0 0 0 0 0 0 0 0 0 0 0 0 0 0 0 0 0 0 0 0 0 0 0 16.33065 16.42359 16.48183 16.81546 16.68227 16.42359 16.42359 16.42359 16.54251 29.69445 33.33932 33.33932 30.69922 15.35052 27.4262 24.29735 10.65279 9.460991 9.460991 9.46099 9.460991 9.460991 11.00227 11.13891 11.13891 11.13891 13.19131 26.45384 29.20835 29.19918 23.48244 19.72347 20.01956 20.01956
0 0 0 0 0 0 0 0 0 0 0 0 0 0 0 0 0 0 0 0 0 0 0 0 0 0 0 0 0 0 0 16.42359 16.42359 16.42359 16.42359 16.42359 16.42359 16.42359 16.42359 19.62089 33.33932 33.33932 33.33932 24.46333 9.460991 9.460991 9.460991 9.460991 9.460991 9.46099 9.460991 9.460991 9.460991 10.82393 11.13891 11.13891 12.22896 19.64587 29.17661 29.08918 21.92249 19.09057 19.782 20.01956 20.01956
0 0 0 0 0 0 0 0 0 0 0 0 0 0 0 0 0 0 0 0 0 0 0 0 0 0 0 0 0 0 16.31271 16.42359 16.42359 16.42359 16.42359 16.42359 16.42359 16.42359 16.42359 17.04679 33.33932 33.33932 33.1739 12.99299 9.46099 9.460991 9.46099 9.460991 9.460991 9.46099 9.46099 9.460991 9.46099 10.64559 11.13891 11.13891 11.15727 16.30339 25.03921 27.38139 19.09057 19.09057 19.54453 20.01956 20.01956
0 0 0 0 0 0 0 0 0 0 0 0 0 0 0 0 0 0 0 0 0 0 0 0 0 0 0 0 0 0 16.42092 16.42359 16.42359 16.42359 16.42359 16.42359 16.42359 16.42359 16.42359 19.50116 33.33932 33.33932 33.33932 25.10534 9.46099 9.460991 9.46099 9.460991 9.46099 9.460991 9.46099 9.460991 9.46099 10.34901 11.13891 11.13891 11.13891 11.48556 18.94663 22.77039 19.09057 19.09057 19.09664 19.39897 19.67568
0 0 0 0 0 0 0 0 0 0 0 0 0 0 0 0 0 0 0 0 0 0 0 0 0 0 0 0 0 16.27624 16.42359 16.4194 16.27753 16.42359 16.42359 16.42359 16.42359 16.42359 16.42359 26.23827 33.33932 33.33932 33.33932 33.28924 12.65158 9.460991 9.460991 9.460991 9.460991 9.460992 9.460991 9.460991 9.460991 9.712917 11.13341 11.13891 11.13891 11.13891 16.80072 19.09057 19.09057 19.09057 19.09057 19.09057 19.09057
0 0 0 0 0 0 0 0 0 0 0 0 0 0 0 0 0 0 0 0 0 0 0 0 0 0 0 16.34933 16.14458 15.7816 15.34771 14.82161 15.32188 16.42359 16.42359 16.42359 16.42359 16.42359 16.42359 30.48004 33.33932 33.33932 33.33932 33.33932 29.40978 18.84924 23.21796 18.3873 10.25128 9.46099 9.460991 9.46099 9.460991 9.46099 10.72215 11.13891 11.13891 11.13891 14.19387 19.09057 19.09057 19.09057 19.09057 19.09057 19.09057
0 0 0 0 0 0 0 0 0 0 0 0 0 0 0 0 0 0 0 0 0 0 0 0 0 0 0 14.64736 14.51906 14.51906 14.51906 14.51906 15.15656 16.40443 16.42359 16.42359 16.42359 16.42359 16.42359 29.18454 33.33932 33.33932 33.33932 33.33932 33.33932 33.33932 33.33932 33.33932 19.81406 9.460991 9.460991 9.460991 9.46099 9.460991 10.06868 11.13891 11.13891 11.13891 11.14394 17.28576 19.09057 19.09057 19.09057 19.09057 19.09057
0 0 0 0 0 0 0 0 0 0 0 0 0 0 0 0 0 0 0 0 0 0 0 0 0 0 14.81606 14.51906 14.51906 14.51906 14.51906 14.51906 14.51906 14.94629 16.08894 16.42359 16.42359 16.42359 16.42359 30.90894 33.33932 33.33932 33.33932 33.33932 33.33932 33.33932 33.33932 33.33932 30.71187 15.14725 9.46099 9.460991 9.46099 9.460991 9.543161 11.12028 11.13891 11.13891 11.03988 15.62673 19.09057 19.09057 19.09057 19.09057 19.09057
0 0 0 0 0 0 0 0 0 0 0 0 0 0 0 0 0 0 0 0 0 0 0 0 0 0 9.476982 14.51906 14.51906 14.51906 14.51906 14.51906 14.51906 14.51906 14.64822 16.23467 16.42359 16.42359 16.42359 31.82462 33.33932 33.33932 33.33932 33.33932 33.33932 33.33932 33.33932 33.33932 33.33932 30.61744 18.22049 11.2349 9.46099 9.46099 9.460991 10.85102 11.13884 11.13891 11.10691 12.13441 15.03656 17.10468 17.49747 18.8775 19.08469
0 0 0 0 0 0 0 0 0 0 0 0 0 0 0 0 0 0 0 0 0 0 0 0 0 8.418391 5.977106 14.10357 14.51906 14.51906 14.51906 14.51906 14.51906 14.51906 14.51906 15.44656 16.42359 16.42359 16.42359 20.93023 32.83217 33.33932 33.33932 33.33932 33.33932 33.33932 33.33932 33.33932 33.33932 33.33932 33.33932 28.34257 10.05654 10.70752 10.70494 10.87202 10.93757 10.93529 10.93081 10.93062 10.93062 10.93062 10.93062 13.46434 10.40544
0 0 0 0 0 0 0 0 0 0 0 0 0 0 0 0 0 0 0 0 0 0 0 0 0 5.618087 5.566403 9.968419 14.51906 14.51906 14.51906 14.51906 14.51906 14.51906 14.51906 15.3042 16.42359 16.42359 16.42359 16.42359 26.91625 33.33932 33.33932 33.33932 33.33932 33.33932 33.33932 33.33932 33.33932 33.33932 33.33932 29.05555 10.93062 10.84204 10.82138 10.93062 10.93062 10.93062 10.93062 10.93062 10.93062 10.93062 8.538013 4.253139 3.977561
0 0 0 0 0 0 0 0 0 0 0 0 0 0 0 0 0 0 0 0 0 0 0 0 9.419293 5.566403 5.566402 5.922536 11.2732 13.99145 14.51906 14.51906 14.51906 14.51906 14.51906 15.095 16.42359 16.42359 16.42359 16.42359 19.44484 33.33637 33.33932 33.33932 33.33932 33.33932 33.33932 31.87361 18.04395 11.38381 21.49538 20.10229 9.162448 8.968344 9.767984 10.93062 10.93062 10.93062 10.93062 10.93062 10.93062 10.93062 6.616664 3.977561 3.977562
0 0 0 0 0 0 0 0 0 0 0 0 0 0 0 0 0 0 0 0 0 0 0 0 5.71777 5.566402 5.566402 5.566402 5.566402 10.5742 14.51906 14.51906 14.51906 14.51906 14.51906 14.61862 16.32555 16.42359 16.42359 16.42359 16.42359 29.68883 33.33932 33.33932 33.33932 33.51632 33.2926 11.22725 4.952336 4.952335 7.009832 8.670017 8.670017 8.670017 9.109689 10.48618 10.93053 10.93062 10.73664 10.69366 10.93062 10.76712 5.348933 3.977561 3.977561
0 0 0 0 0 0 0 0 0 0 0 0 0 0 0 0 0 0 0 0 0 0 0 10.57852 5.566403 5.566402 5.566403 5.566402 6.410517 13.71225 14.51906 14.51906 14.51906 14.51906 14.51906 14.51906 15.74807 16.42359 16.42359 16.42359 16.42359 20.6335 33.33932 33.42951 35.3912 43.78737 43.23029 5.761397 4.952336 5.294244 8.639508 8.670018 8.670017 8.670018 8.670017 8.670018 9.804972 9.536631 8.743987 9.584489 10.84064 6.503955 3.977561 3.977561 3.977561
0 0 0 0 0 0 0 0 0 0 0 0 0 0 0 0 0 0 0 0 0 0 0 10.23751 5.566402 5.566402 5.566402 5.566402 5.750635 13.74767 14.51906 14.51906 14.51906 14.51906 14.51906 14.51906 14.95892 16.38349 16.42359 16.42359 16.42359 19.09906 37.61283 46.59764 48.83099 48.83099 32.11021 4.976736 4.952335 5.097847 8.455184 7.723042 6.858734 7.841389 8.670017 8.670018 8.670017 8.670017 8.670017 9.368209 82.7251 277.132 3.977561 3.977561 3.977561
0 0 0 0 0 0 0 0 0 0 0 0 0 0 0 0 0 0 0 0 0 0 0 5.746969 5.566402 5.566402 5.566402 5.566402 5.566402 6.510041 10.15247 14.51906 14.51906 14.51906 14.51906 14.51906 14.51906 15.24207 17.19173 33.40664 30.51341 44.31834 48.83099 48.83099 48.83099 27.60022 5.076384 4.952335 4.952335 4.952335 5.290265 4.952335 4.952335 5.642496 8.670017 8.670017 8.670017 8.670017 8.670017 8.77185 333.0731 635.9638 3.996318 3.977561 3.977561
0 0 0 0 0 0 0 0 0 0 0 0 0 0 0 0 0 0 0 0 0 0 7.73105 5.566402 5.566402 5.566402 5.566402 5.566403 5.566402 5.566402 6.033768 14.27036 14.51906 14.51906 14.51906 14.51906 14.51906 14.51906 27.45282 48.83099 48.83099 48.83099 48.83099 48.83099 46.25859 6.653968 4.952336 4.952335 4.952335 4.952335 4.952336 4.952335 4.952335 4.994812 7.255507 8.305408 8.661922 8.480496 8.611329 7.613833 6.724518 6.724519 5.872081 4.763862 5.184584
0 0 0 0 0 0 0 0 0 0 0 0 0 0 0 0 0 0 0 0 12.8462 10.71061 6.595049 5.566402 5.566402 5.566402 5.566402 5.566402 5.566402 5.566402 5.566402 12.87363 14.51906 14.51906 14.51906 14.51906 14.51906 14.51906 23.9598 48.83099 48.83099 48.83099 48.83099 48.83099 48.83099 38.59904 6.455893 4.952335 4.952336 4.952335 4.952336 4.952335 4.952336 4.952335 4.952336 5.271577 5.08994 5.065536 6.337037 6.724518 6.724519 6.724518 6.724519 6.724518 6.097011
0 0 0 0 0 0 0 0 0 0 0 0 0 0 0 0 0 0 11.20382 10.13662 10.13553 10.00951 7.196027 6.093057 6.026476 5.770916 5.570738 5.566402 5.566402 5.566402 6.880968 12.47572 14.08268 14.50374 14.51906 14.51906 14.51906 14.51906 17.9088 48.83099 48.83099 48.83099 48.83099 48.83099 48.83099 48.57996 22.34783 4.952335 4.952335 4.952335 4.952335 4.952335 4.952335 4.952335 4.952335 4.952335 4.952335 5.077354 6.546032 6.724518 6.724518 6.724518 6.724518 6.724518 6.279353
