Scenarios/Global_Grid/data/country_data_population_distribution/processed/density_grids/caf.asc
ncols 322
nrows 216
xllcorner 14
yllcorner 2
[rows 87 to 115 of 216, columns 130 to 194 of 322]
3.118612 3.118612 3.118612 3.118612 3.435448 3.638304 4.114246 4.135874 4.135874 6.297952 8.276445 8.276446 8.276445 8.26543 6.782713 1.647928 0.4149879 0.4149879 0.4149879 0.4149879 0.4149879 0.4149879 0.4149879 0.4149879 0.4149879 0.4149879 0.4149879 0.4149879 0.4149879 0.4149879 0.4149879 0.4149879 0.4149879 0.4149879 0.4149879 0.4149879 0.4149879 0.4149879 0.4149879 0.4239087 1.286044 1.780241 1.786027 1.786027 1.786027 1.786027 1.786027 1.786027 1.786027 1.786027 1.786027 2.497114 7.828191 7.828191 7.828192 7.828191 7.828191 7.828191 7.828191 7.828191 7.828192 7.828191 7.828191 7.828191 7.828191
3.332376 3.701774 3.693197 3.599357 4.06231 4.135874 4.135874 4.135874 4.135875 4.973647 8.263963 8.276446 8.276446 8.276446 8.276446 3.699851 0.4149879 0.4149879 0.4149879 0.4149879 0.4149879 0.4149879 0.4149879 0.4149879 0.4149879 0.4149879 0.4149879 0.4149879 0.4149879 0.4149879 0.4149879 0.4149879 0.4149879 0.4149879 0.4149879 0.4149879 0.4149879 0.4149879 0.4149879 0.5544938 1.448298 1.786027 1.786027 1.786028 1.786027 1.786028 1.786027 1.786027 1.786027 1.786027 1.786027 2.046793 5.598029 6.191933 5.652664 5.882394 7.828192 7.828192 7.828192 7.828192 7.828192 7.828192 7.828192 7.828192 7.828192
4.114224 4.135874 4.135874 4.135874 4.135874 4.135874 4.135874 4.135874 4.135874 4.135874 6.740159 8.276446 8.276446 8.276446 8.276446 6.020711 0.4185565 0.4149879 0.4149879 0.4149879 0.4149879 0.4149879 0.4149879 0.4149879 0.4149879 0.4149879 0.4149879 0.4149879 0.4149879 0.4149879 0.4149879 0.4149879 0.4149879 0.4149879 0.4149879 0.4149879 0.4149879 0.4151884 0.5385101 0.8859197 1.131109 1.786027 1.786027 1.786027 1.786027 1.786027 1.786027 1.786027 1.786027 1.786027 1.786027 1.786027 1.786027 1.786027 1.786027 1.946732 7.828192 7.828192 7.828192 7.828192 7.828191 7.828192 7.828192 7.828192 7.828192
4.135874 4.135874 4.135874 4.135874 4.135874 4.135874 4.135874 4.135874 4.135874 4.135874 5.488019 8.276446 8.276446 8.276446 8.276446 8.276445 5.290935 2.048253 0.4175529 0.4149879 0.4149879 0.4149879 0.4149879 0.4149879 0.4149879 0.4149879 0.4149879 0.4149879 0.4149879 0.4149879 0.4149879 0.4149879 0.4149879 0.4149879 0.8277308 0.8978025 0.7189215 0.8093523 0.9761621 0.976162 0.9761657 1.641605 1.786027 1.786027 1.786027 1.786027 1.786027 1.786027 1.786027 1.786027 1.786027 1.786027 1.786027 1.786027 1.786028 2.285163 7.828192 7.828191 7.828192 7.828191 7.828192 7.828191 7.828192 7.828191 7.828192
4.135874 4.135874 4.135874 4.135874 4.135874 4.135874 4.135874 4.135874 4.135874 4.135874 4.713144 7.641715 8.276446 8.276446 8.276446 8.276446 8.276446 8.276446 4.7536 0.4149879 0.4149879 0.4149879 0.4149879 0.4149879 0.4149879 0.4149879 0.4149879 0.4149879 0.4149879 0.4149879 0.4149879 0.4149879 0.414988 0.4775154 0.9745497 0.9761621 0.976162 0.9761621 0.9761621 0.976162 0.9761621 1.362516 1.786027 1.786027 1.786027 1.786028 1.786027 1.786027 1.786027 1.786027 1.786027 1.786027 1.786027 1.786027 1.786027 2.697818 7.828191 7.828191 7.828191 7.828191 7.828191 7.828191 7.828191 7.828191 7.828191
4.135874 4.135874 4.135874 4.135874 4.135874 4.135874 4.135874 4.135874 4.135874 4.135874 4.135874 4.380507 6.97516 8.276447 8.276446 8.276446 8.276446 8.276446 8.23595 4.744083 0.605217 0.4149879 0.4149879 0.4149879 0.4149879 0.4149879 0.4149879 0.4149879 0.4149879 0.4149879 0.4149879 0.4149879 0.4149879 0.6882718 0.9761621 0.9761621 0.976162 0.9761621 0.976162 0.9761621 0.9761621 1.1008 1.785846 1.786028 1.786027 1.786028 1.786027 1.786028 1.786027 1.786028 1.786027 1.786028 1.786027 1.786028 1.786028 2.037518 7.657688 7.828192 7.828191 7.828192 7.828191 7.828192 7.828192 7.828192 7.828191
4.135874 4.135874 4.135874 4.135874 4.135874 4.135874 4.135874 4.135874 4.135874 4.135875 4.135874 4.135874 4.931983 8.276446 8.276446 8.276446 8.276446 8.276446 8.276446 8.276446 7.614578 2.464474 0.4149879 0.4149879 0.4149879 0.4149879 0.4149879 0.4149879 0.4149879 0.4149879 0.4149879 0.4149879 0.6249273 0.9666451 0.976162 0.976162 0.976162 0.976162 0.976162 0.976162 0.976162 0.976162 1.642364 1.786028 1.786028 1.786028 1.786028 1.786028 1.786028 1.786028 1.786028 1.786028 1.786028 1.786028 1.786028 1.786028 6.372564 7.828191 7.828192 7.828191 7.828192 7.828191 7.828192 7.828191 7.828192
4.135875 4.135874 4.135874 4.135874 4.135875 4.135874 4.135875 4.135874 4.135875 4.135874 4.135874 4.135874 6.622237 8.276445 8.276446 8.276446 8.276446 8.276445 8.276445 8.276445 8.276446 5.063638 0.7524073 0.4787616 0.4149879 0.4149879 0.4149879 0.4149879 0.4149879 0.4235488 0.729733 0.7721556 0.9740551 0.9761621 0.9761621 0.9761621 0.9761621 0.9761621 0.9761621 0.9761621 0.9761621 0.9761621 1.367699 1.786028 1.786027 1.786027 1.786027 1.786027 1.786027 1.786027 1.786027 1.786028 1.786027 1.786027 1.786027 1.786027 5.518492 7.828192 7.828191 7.828192 7.828192 7.828192 7.828191 7.828192 7.828191
6.585473 4.135874 4.135874 4.135874 4.135874 4.135874 4.135874 4.135874 4.135874 4.135874 4.135874 4.688419 8.162289 8.276446 8.276446 8.276446 8.276446 8.276446 8.276446 8.276446 8.276446 5.65317 0.9761621 0.9101086 0.850185 0.8311287 0.7359164 0.8452827 0.7012958 0.8983548 0.9761621 0.9761621 0.9761621 0.9761621 0.9761621 0.9761621 0.9761621 0.9761621 0.9761621 0.9761621 0.9761621 0.9761621 1.099501 1.785042 1.786027 1.786027 1.786027 1.786027 1.786027 1.786027 1.786027 1.786027 1.786027 1.786027 1.786027 1.786027 5.141966 7.828191 7.828191 7.828191 7.828191 7.828191 7.828191 7.828191 7.828191
20.04104 4.135874 4.135874 4.135874 4.135874 4.135874 4.135874 4.135874 4.135874 4.135874 4.135874 4.42304 7.991741 8.276446 8.276446 8.276446 8.276447 8.276446 8.276446 8.276446 8.276446 4.230012 0.976162 0.976162 0.976162 0.976162 0.976162 0.976162 0.976162 0.976162 0.9761621 0.976162 0.976162 0.976162 0.976162 0.976162 0.976162 0.976162 0.976162 1.053365 1.561013 1.560679 1.481611 1.786133 1.786027 1.786027 1.786027 1.786027 1.786027 1.786027 1.786027 1.786027 1.786027 1.786027 1.786027 1.786027 2.588407 6.799287 7.828191 7.828191 7.828192 7.828191 7.828191 7.828191 7.828192
4.135874 4.135874 4.135874 4.135874 4.135874 4.135874 4.135874 4.135874 4.135874 4.135874 4.135874 4.135874 7.470686 8.276446 8.276446 8.276446 8.276446 8.276446 8.276446 8.276446 7.783353 1.220029 0.9761621 0.9761621 0.976162 0.9761621 0.976162 0.9761621 0.9761621 0.9761621 0.976162 0.9761621 0.976162 0.9761621 0.9761621 0.9761621 1.000497 1.378747 1.634542 1.756643 1.88843 1.88843 1.88843 1.887364 1.853534 1.798771 1.786028 1.786028 1.786028 1.786027 1.786028 1.786027 1.786028 1.786027 1.786028 1.786027 1.786028 6.622013 7.828191 7.828191 7.828192 7.828191 7.828191 7.828191 7.828191
4.135874 4.135874 4.135874 4.135874 4.135874 4.135874 4.135874 4.135874 4.135874 4.135874 4.135874 4.178876 8.083325 8.276446 8.276446 8.276446 8.276446 8.276446 8.276446 8.276446 6.003945 0.9761621 0.9761621 0.9761621 0.9761621 0.9761621 0.9761621 0.9761621 0.9761621 0.9761621 0.9761621 0.9761621 0.9761621 0.976162 0.9761621 0.9761621 1.642794 1.88843 1.88843 1.88843 1.88843 1.88843 1.888429 1.88843 1.88843 1.881362 1.838093 1.824067 1.799276 1.786027 1.786028 1.786027 1.786028 1.786027 1.786027 1.786027 1.786027 4.489862 7.828192 7.828191 7.828191 7.828191 7.828192 7.828191 7.828191
4.256326 4.135875 4.135875 4.135875 4.135874 4.135875 4.135874 4.135875 4.135874 4.135874 4.135874 4.135875 7.111114 8.276446 8.276446 8.276446 8.276446 8.276446 8.276446 6.316594 1.714522 0.9761621 0.9761621 0.9761621 0.9761621 0.9761621 0.9761621 0.9761621 0.9761621 0.9761621 0.9761621 0.9761621 0.9761621 0.9761621 0.9761621 0.9761621 1.409414 1.88843 1.88843 1.88843 1.88843 1.88843 1.88843 1.888429 1.88843 1.88843 1.88843 1.88843 1.887992 1.843739 1.786027 1.786027 1.786028 1.786027 1.786027 1.786027 1.786028 5.017628 7.828191 7.828191 7.828191 7.828191 7.828191 7.828191 7.828192
10.72948 4.553229 4.135874 4.135874 4.135874 4.135874 4.135874 4.135875 4.135874 4.135875 4.135874 4.592866 7.730775 8.276446 8.276446 8.276447 8.276446 8.276446 8.1205 1.505231 0.976162 0.9761621 0.9761621 0.9761621 0.976162 0.9761621 0.976162 0.9761621 0.9761621 0.9761621 0.976162 0.9761621 0.976162 0.9761621 0.9761621 0.9761621 1.669039 1.88843 1.88843 1.88843 1.88843 1.88843 1.88843 1.88843 1.88843 1.88843 1.88843 1.88843 1.88843 1.852293 1.786028 1.786028 1.786028 1.786028 1.786028 1.786027 1.905722 5.756955 7.828191 7.828191 7.828192 7.828191 7.828191 7.828191 7.828191
12.279 7.208715 4.135875 4.135875 4.135875 4.135875 4.135875 4.135875 4.135875 4.135875 4.136693 7.864834 8.276446 8.276446 8.276446 8.276447 8.276446 7.878011 2.406313 0.9761621 0.9761621 0.9761621 0.9761621 0.9761621 0.9761621 0.9761621 0.9761621 0.9761621 0.9761621 0.9761621 0.9761621 0.9761621 0.9761621 0.9761621 0.9761621 0.9791618 1.590178 1.88843 1.88843 1.88843 1.88843 1.88843 1.88843 1.88843 1.88843 1.88843 1.88843 1.88843 1.869603 1.793305 1.786028 1.786028 1.786028 1.786028 1.786028 1.786028 3.56954 7.713885 7.828192 7.828192 7.828192 7.828192 7.828192 7.828191 7.828192
12.279 11.75087 6.527533 5.410352 6.490138 4.363913 4.135874 4.20256 5.958619 6.473814 6.561043 8.234303 8.276446 8.276446 8.276446 8.276446 7.720506 2.607242 0.9761621 0.9761621 0.9761621 0.976162 0.9761621 0.976162 0.9761621 0.9761621 0.9761621 0.976162 0.9761621 0.976162 0.9761621 0.976162 0.9761621 0.976162 0.9761621 0.9895794 1.838063 1.88843 1.88843 1.88843 1.888429 1.88843 1.88843 1.88843 1.888429 1.88843 1.88843 1.879436 1.80544 1.786028 1.786027 1.786028 1.786027 1.786028 1.786027 1.786028 1.786027 6.367087 7.828191 7.828192 7.828191 7.828192 7.828192 7.828192 7.828191
12.279 12.279 12.279 12.279 12.279 11.89284 10.60285 9.578895 8.276446 8.276447 8.276446 8.276446 8.276446 8.276446 8.276446 7.708972 1.72872 0.9761621 0.976162 0.9761621 0.976162 0.9761621 0.9761621 0.9761621 0.976162 0.9761621 0.976162 0.9761621 0.9761621 0.9761621 0.976162 0.9761621 0.976162 0.9761621 0.9761621 0.9761621 1.738962 1.888429 1.88843 1.888429 1.88843 1.888429 1.88843 1.888429 1.88843 1.888429 1.88843 1.831671 1.786027 1.786027 1.786027 1.786027 1.786027 1.786027 1.786027 1.786027 1.786027 5.417392 7.828192 7.828192 7.828192 7.828192 7.828192 7.828192 7.828192
12.279 12.279 12.279 12.279 12.279 12.279 12.279 10.95949 8.976405 8.276446 8.276446 8.276446 8.276446 8.276446 7.973995 2.784555 0.976162 0.9761621 0.976162 0.9761621 0.9761621 0.9761621 0.9761621 0.9761621 0.976162 0.9761621 0.976162 0.9761621 0.976162 0.9761621 0.976162 0.9761621 0.976162 0.9761621 0.9761621 0.9761621 1.740837 1.888429 1.888429 1.888429 1.888429 1.888429 1.888429 1.888429 1.888429 1.888429 1.888429 1.852326 1.786027 1.786027 1.786027 1.786027 1.786027 1.786027 1.786027 1.786027 1.786027 2.3282 7.207099 7.828191 7.828192 7.828191 7.828191 7.828191 7.828191
12.279 12.279 12.279 12.279 12.279 12.279 12.279 12.279 12.11272 8.318914 8.276446 8.276445 8.276446 8.276445 5.635582 0.9761621 0.9761621 0.9761621 0.976162 0.9761621 0.9761621 0.9761621 0.9761621 0.9761621 0.9761621 0.9761621 0.9761621 0.9761621 0.9761621 0.9761621 0.9761621 0.9761621 0.9761621 0.9761621 0.9761621 0.9761621 1.742712 1.88843 1.888429 1.88843 1.888429 1.888429 1.888429 1.88843 1.888429 1.88843 1.888429 1.888423 1.811663 1.786027 1.786027 1.786027 1.786027 1.786027 1.786027 1.786027 1.786027 1.786027 3.248119 7.322172 7.602297 7.828191 7.828191 7.828191 7.828191
12.279 12.279 12.279 12.279 12.279 12.279 12.279 12.279 12.279 12.08366 10.6395 8.447332 8.276447 8.276446 5.73195 0.9761621 0.9761621 0.9761621 0.9761621 0.9761622 0.9761621 0.9761621 0.9761622 0.976162 0.9761621 0.9761621 0.9761621 0.9761621 0.9761621 0.9761621 0.9761621 0.976162 0.9761621 0.9761621 0.9761621 0.9761621 1.744587 1.88843 1.88843 1.88843 1.88843 1.88843 1.88843 1.88843 1.88843 1.88843 1.88843 1.88843 1.865711 1.786028 1.786027 1.786028 1.786027 1.786028 1.786027 1.786028 1.786027 1.786028 1.786027 1.786028 2.151826 7.570079 7.828192 7.828191 7.828192
12.279 12.279 12.279 12.279 12.279 12.29773 12.33842 12.16301 12.279 12.279 12.17577 8.66381 8.276446 8.276446 7.14167 0.976162 0.976162 0.9761621 0.9761621 0.9761621 0.9761621 0.9761621 0.9761621 0.9761621 0.976162 0.9761621 0.976162 0.9761621 0.9761621 0.9761621 0.976162 0.9761621 0.9761621 0.9761621 0.9761621 0.9761621 1.746462 1.88843 1.88843 1.88843 1.88843 1.88843 1.88843 1.88843 1.88843 1.88843 1.88843 1.88843 1.870413 1.786027 1.786028 1.786027 1.786028 1.786027 1.786027 1.786027 1.786028 1.786027 1.786028 1.786028 2.261244 7.745453 7.828192 7.828192 7.826765
12.279 12.28125 12.35381 12.50915 12.66381 12.74959 12.2377 9.248618 9.569615 9.995733 9.589253 7.762077 4.146875 4.75297 7.841299 1.414636 0.9761621 0.976162 0.9761621 0.976162 0.9761621 0.976162 0.976162 0.976162 0.9761621 0.976162 0.9761621 0.976162 0.9761621 0.976162 0.9761621 0.976162 0.9761621 0.976162 0.976162 0.976162 1.748338 1.88843 1.888429 1.88843 1.888429 1.888429 1.888429 1.88843 1.888429 1.88843 1.888429 1.888429 1.827238 1.786028 1.786027 1.786028 1.786027 1.786028 1.786027 1.786028 1.786027 1.786028 1.786027 1.786028 3.62307 7.828192 7.613917 5.117167 4.353157
12.70294 12.73522 12.75434 12.75434 12.75434 12.75434 12.2553 9.231372 9.231371 9.231372 9.231371 7.675277 1.077382 0.976162 1.972124 1.157636 0.976162 0.976162 0.976162 0.976162 0.9761621 0.976162 0.976162 0.976162 0.976162 0.976162 0.976162 0.976162 0.976162 0.976162 0.976162 0.976162 0.9761621 0.976162 0.976162 0.976162 1.750213 1.88843 1.888429 1.888429 1.888429 1.888429 1.888429 1.888429 1.888429 1.888429 1.888429 1.881685 1.786325 1.786027 1.786027 1.786027 1.786027 1.786028 1.786027 1.786027 1.786027 1.786028 1.786027 1.786028 3.726312 6.918049 4.588959 2.581095 2.581094
12.75434 12.75434 12.75434 12.75434 12.75434 12.75434 12.64616 9.307552 9.231372 9.231372 9.231372 9.231372 6.935749 3.416796 1.095722 0.9761621 0.976162 0.9761621 0.9761621 0.9761621 0.9761621 0.9761621 0.9761621 0.9761621 0.9761621 0.9761621 0.9761621 0.9761621 0.9761621 0.9761621 0.9761621 0.9761621 0.9761621 0.9761621 0.9761621 0.9761621 1.754061 1.88843 1.88843 1.88843 1.88843 1.88843 1.88843 1.88843 3.796029 20.89796 4.881175 7.340607 1.879909 1.792998 1.786028 1.786027 1.786028 1.786027 1.786028 1.786027 1.786028 1.786027 1.786028 1.786027 1.842836 2.515898 2.581095 2.581095 2.581095
12.75434 12.75434 12.75434 12.75434 12.75434 12.75434 12.75434 9.988731 9.231371 9.231372 9.231371 9.231372 9.231371 9.231372 6.82686 0.9836611 0.9761621 0.9761621 0.9761621 0.9761621 0.9761621 0.9761621 0.9761621 0.9761621 0.9761621 0.9761621 0.9761621 0.9761621 0.9761621 0.9761621 0.9761621 0.9761621 0.9761621 1.13032 1.4357 1.622683 1.885966 1.88843 1.88843 1.88843 1.88843 1.88843 1.88843 10.43538 35.82244 47.60289 48.68537 48.90471 39.43037 20.48956 1.786028 1.786028 1.786028 1.786028 1.786028 1.786028 1.786028 1.786028 1.786028 1.786028 1.786027 2.217979 2.581095 2.581094 2.581095
12.75434 12.75434 12.75434 12.75434 12.75434 12.75434 12.75434 10.55279 9.231371 9.231372 9.231371 9.231372 9.231371 9.231372 8.334715 1.000015 0.976162 0.976162 0.976162 0.976162 0.976162 0.976162 0.976162 0.976162 0.976162 0.976162 0.976162 0.976162 0.976162 0.976162 0.976162 0.976162 0.976162 0.9851474 1.647846 1.888429 1.888429 1.888429 1.888429 1.888429 1.888429 1.888429 1.888429 7.180043 49.45369 49.45369 49.45369 49.45369 49.39501 9.06975 1.786027 1.786027 1.786027 1.786027 1.786027 1.786027 1.786027 1.786027 1.786027 1.786027 1.814484 3.286247 3.174338 2.88474 2.596421
12.75434 12.75434 12.75434 12.75434 12.75434 12.75434 12.75434 10.41345 9.231373 9.231372 9.231373 9.231372 9.231373 9.231372 4.980802 0.9761621 0.9761622 0.9761621 0.9761621 0.9761621 0.9761621 0.9761621 0.9761621 0.9761621 0.976162 0.9761621 0.976162 0.9761621 0.9761621 0.9761621 0.9761622 0.9761621 0.9761622 0.9819314 1.811473 1.76622 1.88843 1.88843 1.88843 1.88843 1.88843 1.88843 1.88843 2.458546 33.72433 49.4537 49.4537 49.4537 48.68423 2.60184 1.786028 1.786028 1.786028 1.786028 1.786028 1.786028 1.786028 1.786027 1.786028 1.786028 2.793761 3.818331 3.818331 3.818331 3.744359
12.75434 12.75434 12.75434 12.75434 12.34814 10.09311 10.09521 9.251931 9.231372 9.231371 9.231372 9.231371 9.231372 9.231371 3.29046 0.976162 0.9761621 0.976162 0.9761621 0.976162 0.9761621 0.976162 0.976162 0.976162 0.9761621 0.976162 0.9761621 0.976162 0.976162 0.976162 0.9761621 0.976162 0.9761621 0.976162 3.67256 5.304197 2.067216 1.88843 1.888429 1.88843 1.888429 1.888429 1.888429 3.147597 47.81277 49.4537 49.4537 49.4537 49.4537 14.83546 1.786027 1.786028 1.786027 1.786028 1.786027 1.786028 1.786027 1.786028 1.786027 2.161376 3.8044 3.818331 3.818331 3.818331 3.818331
10.63855 12.73528 12.75434 12.75434 10.45811 9.231372 9.231372 9.231372 9.231372 9.231372 9.231372 9.231372 9.231372 9.20698 5.162072 0.9761621 0.976162 0.976162 0.976162 0.9761621 0.976162 0.976162 0.976162 0.976162 0.976162 0.976162 0.976162 0.976162 0.976162 0.976162 0.976162 0.9761621 0.976162 0.976162 0.9761621 4.185297 12.82958 6.140034 1.88843 1.88843 1.88843 1.88843 1.88843 3.905432 29.99214 21.73896 49.40737 49.45369 37.03696 29.9264 3.57704 1.786027 1.786027 1.786027 1.786028 1.786027 1.786027 1.786027 1.786027 1.814047 2.554568 3.795799 3.818331 3.818331 3.818331
