Scenarios/Global_Grid/data/country_data_population_distribution/processed/density_grids/civ.asc
ncols 156
nrows 162
xllcorner -8
yllcorner 4
[rows 30 to 59 of 162, columns 68 to 135 of 156]
28.90228 29.27963 29.27963 29.28476 37.44025 40.58263 40.58263 40.58264 40.58263 40.58263 363.7029 553.8212 553.8212 553.8212 553.8212 553.8212 553.8212 553.8211 476.5205 117.5608 137.9022 125.0644 113.8927 131.5865 91.42066 63.68854 63.68855 52.68808 23.78485 17.34672 12.28188 12.28188 12.28188 12.28188 12.28188 12.2833 12.63117 12.69774 12.69774 12.69774 12.69774 12.69774 12.69774 12.69774 12.69774 12.69774 12.69774 12.69774 12.69774 12.69774 6.945818 0.08998279 0 0 0 0 0 0 0 0 0 0 0 0 0 0 0 0
22.68999 29.26612 28.19767 27.67556 37.97058 39.69918 40.58263 40.58263 40.58263 41.31396 368.6868 431.3279 367.5211 336.4788 451.1434 524.515 553.8212 553.8212 285.3335 97.51899 92.24248 65.29093 94.10567 102.9824 73.46162 63.68854 62.93475 25.56614 22.2917 21.55591 15.70879 14.65484 12.63448 12.28188 12.28188 12.4376 12.69774 12.69774 12.69774 12.69774 12.69774 12.69774 12.69774 12.69774 12.69774 12.69774 12.69774 12.69774 12.69774 12.69774 12.69774 4.541825 0 0 0 0 0 0 0 0 0 0 0 0 0 0 0 0
18.80879 23.10258 26.35223 26.35223 26.8091 26.72651 38.15995 40.58263 40.64465 42.84526 44.12893 48.58031 58.59245 58.59245 89.32912 235.486 417.2371 343.3844 106.4424 97.51899 76.53365 51.48267 95.01769 91.33411 52.28876 47.30425 40.63393 29.2992 22.29171 22.2917 22.29171 22.2917 21.16375 14.64874 12.61331 12.64683 12.69774 12.69774 12.69774 12.69774 12.70192 12.73959 12.8569 12.74007 12.69774 12.69774 12.69774 12.69774 12.69774 12.69774 12.69774 7.107264 0 0 0 0 0 0 0 0 0 0 0 0 0 0 0 0
18.7993 22.75221 26.35223 26.35223 26.35223 30.81637 51.23737 48.84488 45.81058 44.12893 44.12879 44.19143 55.20465 58.55001 82.98345 97.11196 96.95427 92.07138 92.4954 97.51898 68.10416 48.45622 52.45256 50.00682 34.79708 34.69575 34.69575 34.29296 25.32689 22.29171 22.2917 22.29171 22.29171 22.16827 23.44768 22.74743 18.8581 14.96863 13.19728 14.44701 15.49983 15.85442 15.85442 15.66535 14.62534 13.46783 12.82654 12.75804 12.69774 12.69774 12.6966 3.566331 0 0 0 0 0 0 0 0 0 0 0 0 0 0 0 0
18.7993 22.94182 26.35223 30.34324 30.05831 48.67595 54.92396 54.92396 50.12385 44.03774 41.44304 39.13251 39.14827 42.73783 80.91375 97.11197 94.80467 86.00147 86.00706 87.4111 78.03118 48.45621 47.66257 39.43856 34.69575 34.69575 34.69575 34.69575 34.47934 31.48602 28.5123 25.28256 22.2917 22.70436 24.79385 24.86896 24.86896 24.86895 18.2262 15.85441 15.85441 15.85441 15.85441 15.85441 15.85441 15.85399 15.81919 15.56347 15.07285 13.61864 12.69774 6.739505 0 0 0 0 0 0 0 0 0 0 0 0 0 0 0 0
18.7993 23.83049 28.95616 54.82505 54.92396 54.92396 54.92396 54.92396 54.91127 46.98171 39.13251 39.13251 39.13251 39.13251 40.00179 63.77345 87.05827 86.00147 86.00147 86.00147 72.00095 48.45621 45.62502 34.69695 34.69575 34.69575 34.69575 34.69575 34.69575 34.69575 34.69575 32.55064 22.32089 24.29322 24.86895 24.86896 24.86895 24.86895 18.37251 15.85442 15.85441 15.85441 15.85441 15.85441 15.85442 15.85441 15.85441 15.85441 15.85441 15.85116 14.86462 7.043981 0.4189335 1.670056 0.4994604 0 0 0 0 0 0 0 0 0 0 0 0 0
20.52888 26.77174 42.40559 54.92396 54.92396 54.92396 54.92396 54.92396 54.92396 50.61361 39.13251 39.13251 39.13251 39.13251 39.13251 39.36215 68.25276 85.14434 86.00148 86.00147 61.9434 48.45621 37.76224 31.11107 33.52295 34.64184 34.69575 34.69575 34.62362 28.62033 27.09694 27.95093 23.47639 24.86896 24.86895 24.86896 24.86896 24.86895 18.75993 15.85441 15.85441 15.85441 15.85441 15.85441 15.85441 15.85441 15.85441 15.85441 15.85441 15.85441 15.85441 11.02661 6.82703 7.983247 6.661726 1.375672 0 0 0 0 0 0 0 0 0 0 0 0
43.15248 42.31307 54.14839 54.92396 52.31813 42.50813 54.11121 54.92396 52.57586 54.00422 40.57121 38.71852 38.91954 39.12729 39.13251 39.13251 39.12889 66.33214 86.00147 86.00147 51.88695 41.23048 21.90229 20.63543 20.63543 21.56726 34.26722 34.57974 32.25618 20.63543 20.63543 20.63543 23.07103 24.86895 24.86895 24.86895 24.86895 24.86895 19.03676 15.85442 15.85442 15.85441 15.85442 15.85441 15.85442 15.85442 15.85442 15.85441 15.85441 15.85441 13.5803 8.07373 7.983247 7.983247 7.983247 7.952599 7.418495 2.547262 0.7062169 0 0 0 0 0 0 0 0 0
46.18937 46.18938 41.40535 35.81735 28.04167 24.03707 36.31822 49.2273 25.91864 36.34684 38.60241 38.45232 38.45232 38.46856 38.69879 38.8546 36.1337 30.39564 41.83095 45.63355 45.98015 31.39693 20.63543 20.63543 20.63543 20.63543 24.48245 20.85472 21.82359 20.63543 20.63543 20.63543 21.08906 24.23639 24.86895 24.86895 24.86895 24.86895 17.91745 15.85441 15.85442 15.85441 15.85441 15.85441 15.85441 15.85442 15.85442 15.85441 15.85442 15.60502 8.541553 7.983246 7.983246 7.983246 7.983246 7.983246 7.983246 7.983246 2.733289 0 0 0 0 0 0 0 0 0
46.18938 45.16289 27.5862 24.03707 24.03707 24.03707 24.03707 27.28728 24.03707 27.03593 38.45232 38.45232 38.45232 38.45232 38.45232 34.2728 30.30092 30.30092 30.30092 30.30092 29.09216 21.22252 20.63544 20.63543 20.63544 20.63543 20.63544 20.63543 20.63544 20.63543 20.63544 20.63543 20.63544 20.64779 22.22479 24.86896 24.86895 24.35114 15.98199 15.85442 15.85441 15.85442 15.85441 15.85442 15.85441 15.85442 15.85441 15.85442 15.85441 13.22031 7.983246 7.983247 7.983247 7.983247 7.983246 7.983247 7.983246 7.983247 4.912973 3.71913 0 0 0 0 0 0 0 0
46.18938 38.81625 24.03707 24.03707 24.03707 24.03707 24.03707 24.03707 24.94592 34.24849 38.45232 38.45232 38.45232 38.45232 36.84884 30.89684 30.30092 30.30092 30.30092 30.08656 21.46913 20.63543 20.63543 20.63975 20.63574 20.63543 20.63543 20.63543 20.63543 20.63543 20.63543 20.63543 20.63543 20.63543 22.51186 24.86896 24.86896 23.95647 15.85442 15.85442 15.85442 15.85442 15.85442 15.85442 15.85442 15.85442 15.85442 15.85442 15.85442 9.728688 7.983247 7.983247 7.983247 7.983247 7.983247 7.983247 7.983247 7.983247 5.492791 0.4415978 0 0 0 0 0 0 0 0
46.18938 45.72747 25.34448 24.03707 24.03707 24.03707 24.03707 24.03707 32.58754 38.45232 38.45232 38.45232 38.45232 38.45232 36.34234 30.30092 30.30092 30.30092 30.30092 30.30092 29.79449 25.14289 20.6789 20.72963 20.1439 19.20675 19.6767 19.51842 19.27485 20.36394 20.63543 20.63543 20.63543 20.63543 23.75104 24.86895 24.86895 24.23733 15.85442 15.85442 15.85442 15.85442 15.85442 15.85442 15.85442 15.85442 15.85442 15.85442 14.56944 8.007968 7.983247 7.983247 7.983247 7.983247 7.983247 7.983247 7.983247 7.983247 7.983247 6.043247 2.899004 0 0 0 0 0 0 0
46.18938 46.18938 39.45893 28.57772 24.03707 24.03707 24.03707 27.35355 38.31021 38.45232 38.45232 38.45232 38.45232 38.45232 37.75547 30.30092 30.30092 30.30092 30.30092 30.30092 29.24742 24.71985 20.78276 20.74565 20.0297 17.87574 17.87574 17.87574 17.87574 18.35152 18.4126 19.58948 20.55279 20.66442 24.39606 24.86896 24.86895 21.08025 15.85442 15.85442 15.85442 15.85441 15.85442 15.85441 15.85442 15.00536 13.93409 12.47851 8.833915 7.983247 7.983247 7.983247 7.983246 7.983247 7.983247 7.983247 7.983247 7.983247 7.950509 6.675552 2.530415 0 0 0 0 0 0 0
46.18938 46.18938 46.18938 46.15856 38.02243 24.03707 24.03707 27.84523 38.4262 38.45232 38.45232 38.45232 38.45232 38.45232 37.37163 30.30092 30.30092 30.30092 30.30092 30.30092 27.24121 20.80138 20.74565 20.74565 20.50709 17.87574 17.87574 17.87574 17.87574 17.87574 17.87574 17.87574 19.07592 19.65734 21.01278 21.36246 21.71214 17.21331 14.87593 15.01516 15.1544 15.25866 15.08215 15.8496 15.01007 8.193774 7.983247 7.983247 7.983247 7.983247 7.983247 7.983247 7.983247 7.983247 7.983247 7.983247 7.983247 7.983247 4.233248 0.3669316 0 0 0 0 0 0 0 0
46.18937 46.18937 46.18937 46.18937 45.0306 26.64261 24.03707 24.03707 34.37249 38.45232 38.45232 38.45232 38.45232 38.45232 37.25089 30.30092 30.30092 30.30092 30.30092 30.30092 27.41605 21.07014 20.74565 20.74565 20.50993 17.94394 17.87574 17.87574 17.87574 17.87574 17.87574 17.87574 17.16396 10.12872 9.890317 9.890318 9.890318 9.890317 9.890318 9.890318 9.890318 9.890317 9.890406 10.32738 10.92479 7.983247 7.983247 7.983247 7.983247 7.983247 7.983247 7.983247 7.983247 7.983247 7.983247 7.983247 7.983247 7.983247 7.983247 3.751937 0 0 0 0 0 0 0 0
45.55714 43.35522 40.89495 39.91049 38.95926 34.57027 24.03716 24.03707 26.69571 38.08385 38.45232 38.45232 38.45232 38.45232 37.891 31.78023 30.40748 33.20427 38.80628 39.49871 27.33456 21.19769 20.74565 20.74565 20.7433 17.0027 15.5878 16.76686 16.12788 16.65042 17.87574 17.87574 13.86703 9.890319 9.890318 9.890318 9.890318 9.890318 9.890318 9.890318 9.890318 9.890318 9.890318 9.809981 8.194095 7.983247 7.983247 7.983247 7.983247 7.983247 7.983247 7.983247 7.983247 7.983247 7.983247 7.983247 7.983247 7.983247 7.983247 7.930787 1.093968 0 0 0 0 0 0 0
39.88073 38.86686 38.86686 38.86686 38.86686 38.86686 30.71239 31.47054 29.77515 31.13344 37.5059 38.47992 38.45232 38.45232 38.7104 40.37117 40.22982 40.46441 40.46441 39.59726 30.75291 22.96312 20.74565 20.74565 20.74565 17.20566 14.59958 14.59958 14.59958 14.60616 15.27602 15.62366 11.40499 9.890317 9.890317 9.890318 9.890318 9.890318 9.890318 9.890318 9.890318 9.890318 9.890318 9.825947 8.168125 7.983247 7.983247 7.983247 7.983247 7.983247 7.983247 7.983247 7.983248 7.983247 7.983247 7.983247 7.983247 7.983247 7.983248 7.983247 4.581583 0 0 0 0 0 0 0
38.86686 38.86686 38.86686 38.86686 38.86686 38.86686 39.14342 40.68864 40.73152 40.73152 40.72673 39.53959 39.22112 38.58628 39.21489 40.50603 40.46441 40.46441 40.46441 34.40856 27.92315 20.74565 20.74565 20.74565 20.74565 19.5428 16.79183 14.59958 14.59958 14.59958 14.59958 14.59958 13.83415 10.3445 9.890318 9.890317 9.890317 9.890318 9.890318 9.890318 9.890317 9.890317 9.890318 9.890318 9.530922 8.317121 8.363299 8.848187 7.983247 7.983247 7.983247 7.983247 7.983247 7.983247 7.983247 7.983247 7.983247 7.983247 7.983247 7.764685 2.129834 0 0 0 0 0 0 0
38.86686 38.86686 38.86686 38.86686 38.86686 38.86686 38.86686 39.89072 40.73152 40.73152 40.73152 40.73152 40.73152 40.51218 40.70598 40.57637 40.46441 40.46441 40.46441 29.10038 20.74565 20.74565 20.74565 20.74565 20.74565 20.74565 20.73618 16.27597 14.59958 14.59958 14.59958 14.59958 13.91805 10.04777 9.890317 9.890317 9.890317 9.890317 9.890317 9.890317 9.890317 9.890318 9.890317 9.890317 9.890317 16.42702 34.63498 27.85392 26.06829 26.97338 8.075279 7.983247 7.983247 7.983247 7.983246 7.983247 7.983247 7.983247 7.983247 2.916152 0 0 0 0 0 0 0 0
38.86686 38.86686 38.86686 38.86686 38.86686 38.86686 38.86686 38.97234 40.62242 40.73152 40.73152 40.73152 40.73152 40.73152 40.73152 40.59739 40.46441 40.46442 40.46441 32.8045 22.35909 20.74565 20.74565 20.74565 20.74565 20.74565 20.74565 19.03061 14.63092 14.59958 14.59958 14.59958 13.54477 10.11166 9.890318 9.890318 9.890318 9.890318 9.890318 9.890318 9.890318 9.890318 9.890318 9.890318 9.890318 10.17721 33.83319 35.8758 35.8758 33.68449 11.64808 8.071458 7.98728 7.983247 7.984359 7.983247 7.983246 6.321838 3.534525 0.3985735 0 0 0 0 0 0 0 0
38.86686 38.86686 38.86686 38.86686 38.86686 38.84808 38.81059 38.78638 39.18601 40.88037 40.89225 40.73893 40.73152 40.73152 40.72489 40.49705 40.46441 40.46441 37.29083 32.43074 20.74565 20.74565 20.74565 20.74565 20.74565 20.74565 20.74565 20.74565 19.33505 18.70221 19.00307 18.15638 13.54501 9.890317 9.890318 9.890317 9.890317 9.890318 9.890317 9.890317 9.890317 9.890318 9.890317 9.890318 9.890317 10.91562 35.71546 35.8758 32.97082 12.9915 8.478263 8.46838 8.425131 8.325064 8.377036 8.337344 8.160532 5.459591 4.059318 9.18838 13.64078 12.34514 4.271815 1.011466 0.008635295 0 0 0
38.86686 38.86686 38.86686 38.86686 38.83042 38.77869 38.77769 38.77769 38.95463 41.16485 41.17315 41.10398 40.86765 40.73194 40.73151 40.64167 40.58686 39.66153 27.8326 25.27561 20.74565 20.74565 20.74565 20.74565 20.74565 20.74565 20.74565 20.74565 20.74565 20.74565 20.74565 20.74565 17.21233 9.890318 9.890317 9.890318 9.890318 9.890318 9.890318 9.890318 9.890318 9.890317 9.890318 11.17158 13.89317 28.18227 35.8758 35.8758 29.8989 8.486239 8.486239 8.486239 8.486239 8.486239 8.486239 8.486239 8.486239 9.65931 17.47468 18.1514 18.1514 18.1514 18.1514 18.1514 8.310764 0.4337111 0 0
38.86686 38.86686 38.86686 38.84184 38.77884 38.77768 38.77768 38.77769 39.48379 41.17314 41.17314 41.17314 41.17314 41.06511 40.82383 40.73223 40.62601 38.43892 29.08904 20.74565 20.74565 20.74565 20.74565 20.74565 20.74565 20.74565 20.74565 20.74565 20.74565 20.74565 20.74565 20.74565 20.17325 13.4001 11.66442 16.05742 12.00494 9.937377 9.890318 9.890318 9.890318 9.890318 19.05684 45.57887 54.03244 42.07491 35.8758 35.8758 31.60409 8.486239 8.486239 8.486239 8.486239 8.486239 8.486239 8.486239 8.77346 11.55169 17.20926 18.1514 18.1514 18.1514 18.1514 18.15801 18.40238 16.98889 4.318933 0.06623472
38.86094 38.83302 38.80711 38.77777 38.77768 38.77768 38.77768 38.77769 39.6907 41.17315 41.17315 41.17315 41.17315 41.17315 41.17109 41.16004 41.17235 34.0871 20.74565 20.74565 20.74565 20.74565 20.74565 20.74565 20.74565 20.74565 20.74565 20.74565 20.74565 20.74565 20.74565 20.74565 20.74565 16.39056 25.82817 31.65091 30.17452 28.12475 20.69963 24.20752 23.68989 23.28774 47.81069 55.27752 55.27752 51.59044 35.8758 35.8758 30.56866 8.486239 8.486239 8.486239 8.486239 8.486239 8.486239 8.486239 12.70083 17.68855 18.13277 17.54009 16.70227 15.86863 15.77373 19.24046 19.35944 19.35944 16.74874 11.61549
38.82575 38.77769 38.77769 38.77769 38.77769 38.77769 38.77769 38.77769 39.52497 41.17314 41.17315 41.17314 41.17315 41.17314 41.17315 41.17314 41.17315 40.05928 32.92513 22.81561 20.74565 20.74565 20.74565 20.74565 20.74565 20.74565 20.74565 20.74565 20.74565 20.74565 20.74565 20.74565 20.74565 21.74152 31.17807 31.65091 31.65091 31.65091 31.65091 31.65091 31.65091 31.65091 46.70289 55.27752 55.27752 55.15627 36.93729 35.8758 24.22009 8.486239 8.486239 8.486239 8.486239 8.486239 8.486239 8.486239 8.486239 10.39126 13.60711 13.33217 13.33216 13.33217 13.51483 18.06244 19.35944 19.35944 19.35944 19.35944
38.77786 38.77768 38.77768 38.77768 38.77768 38.77769 38.77768 38.77769 39.90335 41.17314 41.17314 41.17314 41.17314 41.17315 40.83152 37.49981 35.48331 30.39358 31.11392 28.15434 27.29959 27.36992 27.44165 27.51792 27.59451 27.28253 25.69547 24.00879 22.29071 20.80191 20.74565 20.74565 20.74565 25.34329 31.02489 31.65091 31.65091 31.65091 31.65091 31.65091 31.65091 31.65091 44.63621 55.27752 55.27752 52.66764 36.8774 35.8758 35.1631 28.49477 10.6947 8.486239 8.486239 8.486239 8.486239 8.777751 10.9791 12.88784 13.33216 13.33216 13.33216 13.33216 13.33216 13.88594 19.34243 19.35944 19.35944 19.35944
38.77769 38.77769 38.77769 38.77769 38.77769 38.77769 38.77769 38.77769 40.22229 41.17314 41.17315 41.17314 41.17315 39.03627 34.3158 33.07868 33.07868 33.07335 30.94523 29.55434 29.15241 29.15241 29.15241 29.15241 29.15241 29.15241 29.15241 29.15241 29.15241 27.41635 21.6045 20.74565 20.74565 20.74565 26.97947 37.47349 40.03048 41.02412 40.66947 38.44315 33.63874 31.65091 45.87712 55.27752 54.48066 39.44025 35.8758 35.8758 35.8758 35.8758 29.4702 8.486239 8.486239 8.486239 8.486239 8.525796 11.20423 14.59585 14.14353 13.33217 13.33217 13.33216 13.33217 14.5743 19.35944 19.35944 19.35944 19.35944
38.77769 38.77769 38.77769 38.77769 38.72173 38.63259 38.67022 38.58962 40.58353 41.17314 41.17314 41.17315 40.1314 35.14668 33.07868 33.07868 33.07868 33.07868 33.07868 33.00495 31.34068 29.60448 29.15241 29.15241 29.15241 29.15241 29.15241 29.15241 29.15241 29.15241 28.31418 27.27656 23.44311 21.72289 40.48721 44.39841 44.39841 44.39841 44.39841 44.39841 43.49046 33.41485 42.24997 53.30237 42.7454 35.8758 35.8758 35.8758 35.31334 33.02184 33.0007 13.24397 9.796844 8.605917 8.497402 8.486239 11.16006 14.62661 14.62661 14.1645 13.33444 13.33217 13.33217 16.28094 19.35944 19.35944 19.35944 19.35944
38.77769 38.74021 38.61629 38.48893 38.41752 38.41727 38.41727 38.41727 41.54126 44.15008 44.58727 42.25833 43.23713 38.63559 33.17316 33.07868 33.07868 33.07868 33.07868 33.07868 33.07868 32.59635 30.02177 29.15241 29.15241 29.15241 29.15241 29.15241 29.15241 29.15241 29.15241 29.15241 29.15241 29.15241 36.4393 44.39841 44.39841 44.39841 44.39841 44.35226 38.32461 35.8758 35.8758 35.8758 35.8758 35.8758 35.8758 35.8758 29.21928 14.78266 14.78266 14.78266 14.78266 17.41026 17.31989 10.49459 10.84298 14.62661 14.62661 14.62659 13.60582 13.33217 13.33216 21.85036 25.901 19.5527 19.35944 19.35944
38.50826 38.42072 38.41727 38.41727 38.41727 38.41727 38.41727 39.88638 47.75778 47.82338 47.82338 47.82338 47.82338 47.81704 34.83424 33.07868 33.07868 33.07868 33.07868 33.07868 33.07868 33.07868 32.4712 30.30764 29.15241 29.15241 29.15241 29.15241 29.15241 29.15241 29.15241 29.15241 29.15241 29.10771 28.2183 40.18272 44.39841 44.39841 44.39841 41.72669 35.8758 35.8758 35.8758 35.8758 35.8758 35.8758 35.8758 35.8758 23.30815 14.78266 14.78266 14.79294 16.31087 19.27861 18.9257 15.0226 14.62661 14.62661 14.62661 14.62661 14.27674 14.27699 15.78013 30.78816 31.96246 25.47806 19.35944 19.35944
