Scenarios/Global_Grid/data/country_data_population_distribution/processed/density_grids/civ.asc
ncols 156
nrows 162
xllcorner -8
yllcorner 4
[rows 60 to 89 of 162, columns 0 to 67 of 156]
32.46843 32.46843 32.46843 32.45969 0 0 0 0 0 0 0 0 0 0 0 0 0 0 0 0 0 0 0 24.03545 23.50227 23.50227 23.50227 23.50227 26.54965 31.83643 31.83643 31.83643 31.81569 29.68935 38.62705 38.65049 38.65049 35.32478 38.46087 36.86322 37.79126 38.65049 33.99271 14.96661 14.96661 14.96661 14.96661 14.96661 15.27689 20.30153 21.0969 21.0969 21.0969 21.0969 21.0969 21.0969 21.0969 22.81539 30.02351 30.92365 30.92365 30.92365 30.92365 30.92365 30.92365 26.82739 20.49116 22.51536
32.46843 32.46843 32.46843 32.46843 0 0 0 0 0 0 0 0 0 0 0 0 0 0 0 0 0 0 0 0 0 25.37146 24.52597 0 29.21116 31.83643 31.83643 31.81611 29.53358 27.54564 30.03853 38.65049 38.6505 26.42332 26.5543 21.47262 22.9206 30.88066 35.34392 14.96661 14.96661 14.96661 14.96661 14.96661 14.96661 16.97494 21.0969 21.0969 21.0969 21.0969 21.0969 21.09689 21.0969 22.58039 30.74976 30.92365 30.92365 30.92365 30.92365 30.92365 30.33239 24.59986 20.49117 20.49117
32.46843 38.49559 37.43171 0 0 0 0 0 0 0 0 0 0 0 0 0 0 0 0 0 0 0 0 0 0 0 0 0 31.83643 31.83643 31.83643 31.01397 27.54564 27.54564 27.90529 37.721 38.51829 37.73304 21.89371 20.32306 17.792 16.53949 18.93008 14.96661 14.96661 14.96661 14.96661 14.96661 14.96661 17.68846 21.0969 21.0969 21.0969 21.0969 21.0969 21.0969 21.0969 21.0969 26.81107 30.92365 30.92365 29.82617 26.65689 22.18795 20.70834 20.49117 20.49117 20.49116
32.46843 0 0 0 0 0 0 0 0 0 0 0 0 0 0 0 0 0 0 0 0 0 0 0 0 0 0 0 31.76544 31.83643 31.67181 21.7161 18.73708 25.78362 28.49739 32.1067 33.25719 24.04709 20.32306 19.9189 12.91529 11.68731 12.75507 14.39274 14.96661 14.96661 14.96661 14.96661 14.96661 15.61391 21.00582 21.0969 21.0969 21.0969 21.0969 21.09689 21.0969 21.0969 25.56464 30.92365 30.92365 22.61699 20.49116 20.49116 20.49116 20.49116 20.49116 22.05657
84.10259 147.6034 0 0 0 0 0 0 0 0 0 0 0 0 0 0 0 0 0 0 0 0 0 0 0 0 0 0 0 27.4741 18.71524 15.04306 15.5224 22.94164 28.4162 31.66834 31.56153 21.18866 24.94546 20.20512 11.67451 11.67451 11.67451 11.68893 12.91725 14.90435 14.96661 14.96661 14.96661 29.2107 38.64963 38.21747 41.86656 39.78018 25.45864 21.0969 21.0969 21.0969 28.07557 48.73915 31.67148 24.94144 25.56474 26.28023 25.79326 25.58541 24.20446 27.99207
180.7991 170.6171 0 0 0 0 0 0 0 0 0 0 0 0 0 0 0 0 0 0 0 0 0 0 0 0 0 50.67642 0 32.05593 25.01341 21.70338 15.04306 18.62146 31.57399 31.66834 31.42131 28.98945 31.6602 25.96445 11.67451 11.67451 11.67451 11.67451 11.67451 13.01865 14.96661 14.96661 14.96661 17.06365 61.07447 64.13632 64.13633 64.13632 63.58586 53.79897 43.67171 56.96026 89.51525 90.79652 78.45648 64.5474 67.69832 58.01692 35.38623 29.09439 28.13215 28.13215
0 0 0 0 0 0 0 0 0 0 0 0 0 0 0 0 0 0 0 0 0 0 0 0 0 0 0 56.46088 56.46087 56.46088 46.12757 34.52845 15.04306 20.64791 31.66834 31.66834 31.66834 31.66834 31.66834 23.04706 11.67451 11.67451 11.67451 11.67451 11.67451 11.87682 13.45362 13.43498 13.41598 13.16703 50.29752 64.13633 64.13632 64.13633 64.13633 64.13633 79.07823 90.79652 90.79652 90.79652 90.79652 90.79652 90.79652 75.89475 32.36644 28.13215 28.13215 28.13215
0 0 0 0 0 0 0 0 0 0 0 0 0 0 0 0 0 0 0 0 0 0 0 0 0 0 52.19486 56.46087 56.46087 56.06855 44.58279 43.80242 33.42203 28.73909 31.66834 31.66834 31.66834 31.66834 31.66834 23.25174 11.67451 11.67451 11.67451 11.67451 11.67451 11.67451 11.67451 11.67451 11.67451 11.6915 34.35526 49.61619 63.16534 63.12027 64.13632 64.13632 82.88206 90.79651 90.79652 90.79652 90.79652 90.79652 90.67295 30.58096 28.13215 28.13215 28.13215 28.13215
0 0 0 0 0 0 0 0 0 0 0 0 0 0 0 0 0 0 0 0 0 0 0 0 0 0 56.44944 56.46087 56.46088 55.40282 44.18985 44.18985 44.11759 40.04535 42.93177 32.28886 31.66834 31.72662 31.66834 21.57471 11.67451 11.67451 11.67451 11.67451 11.67451 11.67451 11.67451 11.67451 11.67451 19.63875 29.63411 29.63411 30.83067 30.269 32.58472 43.2693 79.76088 90.79651 90.79651 90.79651 90.79651 90.79651 89.33893 28.27424 28.13215 28.13215 28.13215 28.13215
0 0 0 0 0 0 0 0 0 0 0 0 0 0 0 0 0 0 0 0 0 0 0 0 0 51.61346 56.46087 56.46087 56.31639 55.41302 45.43205 44.18985 44.18985 62.43501 84.35267 61.57944 45.65807 69.38096 40.48601 12.83581 11.67451 11.67451 11.67451 11.67451 11.67451 11.67451 11.67451 25.05439 36.28951 34.49698 30.35483 29.63411 29.63411 29.63411 29.63411 29.63411 79.58698 90.79652 90.79652 90.79652 90.79652 90.79652 84.46658 28.38492 28.13215 28.13215 28.13215 28.13215
0 0 0 0 0 0 0 0 0 0 0 0 0 0 0 0 0 0 0 0 0 0 0 0 0 0 53.69559 54.96734 45.09953 49.04196 44.30687 44.18985 44.18985 73.67494 84.35647 84.35648 84.35647 84.33689 46.71519 17.61551 11.70028 11.67451 11.67451 11.67451 11.67451 18.22483 34.55626 39.88652 39.88682 39.88682 33.33826 34.80394 36.0459 35.72131 35.42499 35.13498 76.41639 81.72603 81.86184 82.01623 82.17252 85.95338 80.51913 28.15166 28.13215 28.13215 28.13215 28.13215
0 0 0 0 0 0 0 0 0 0 0 0 0 0 0 0 0 0 0 0 0 0 0 0 0 0 55.21938 53.49238 44.81099 44.18985 44.18985 44.18985 54.28877 83.71517 84.35648 84.35647 84.35648 84.35647 56.01248 46.93997 43.30927 16.20705 11.67451 12.1089 23.36868 38.97592 39.88682 39.88682 39.88682 39.88682 52.87014 53.85901 53.85901 53.85901 53.85901 53.85901 53.59903 48.35787 48.35787 48.35787 48.35787 48.54337 60.38709 35.10964 28.15793 28.17438 30.31528 33.04654
0 0 0 0 0 0 0 0 0 0 0 0 0 0 0 0 0 0 0 0 0 0 0 0 0 0 50.70343 49.12407 54.14346 48.08951 44.71469 44.18985 63.84521 84.35647 84.35647 84.35647 84.35648 84.35647 67.21477 46.93997 46.91024 15.51831 22.42656 35.48354 39.88682 39.88682 39.88682 39.88682 46.69444 46.30266 53.16077 53.85901 53.85901 53.85901 53.85901 53.85901 52.239 48.35788 48.35787 48.35787 48.35786 48.35787 48.35787 42.60786 35.32671 35.63795 36.80597 36.80597
0 0 0 0 0 0 0 0 0 0 0 0 0 0 0 0 0 0 0 0 0 0 0 0 0 49.12177 49.12177 49.12177 57.90662 58.76498 58.43849 55.97393 57.72525 80.60297 86.10252 84.47219 84.35648 84.35647 76.50104 51.25259 49.85863 40.79674 39.88682 39.88682 39.88682 39.88682 39.88682 43.31562 64.75975 65.19421 56.30066 53.85901 53.85902 53.85901 53.85902 53.85901 50.0998 48.35787 48.35787 48.35787 48.35787 48.35787 48.35787 45.85727 36.80597 36.80597 36.80597 36.80597
0 0 0 0 0 0 0 0 0 0 0 0 0 0 0 0 0 0 0 0 0 0 0 0 44.96298 49.12177 49.12177 49.12177 52.10394 58.76498 58.76498 58.76498 58.76498 79.17529 88.60839 85.94879 84.35648 84.35647 75.57352 49.92497 48.60204 41.29734 39.88682 39.88682 39.88682 39.88682 56.88053 63.84871 65.19421 65.19421 58.95232 53.85901 53.85901 53.85901 53.85901 53.85901 48.83628 48.35787 48.35787 48.35787 48.35787 48.35787 48.35787 48.26746 39.43894 36.80597 36.80597 36.80597
0 0 0 0 0 0 0 0 0 0 0 0 0 0 0 0 0 0 0 0 0 0 0 0 49.12177 49.12177 49.12177 49.12177 52.28848 58.76498 58.76498 58.76498 59.20506 86.12796 88.60838 86.38663 87.97387 121.9389 49.54778 49.28334 48.49024 39.9454 39.88682 39.88682 39.88682 47.41776 62.98682 64.63359 65.19421 65.19421 64.88669 60.69613 54.14951 53.85901 53.85901 53.85901 51.94602 50.1119 49.88333 49.43287 48.52317 48.35787 48.35787 48.35787 44.07191 36.80597 36.80597 36.80597
0 0 0 0 0 0 0 0 0 0 0 0 0 0 0 0 0 61.08959 61.85928 56.74897 60.95465 52.31791 0 0 49.12177 49.12177 49.12177 49.12177 51.52544 58.76498 58.76498 59.39242 61.97258 86.96138 89.04578 201.2815 387.8734 451.5753 85.79445 49.28334 47.00774 40.0101 39.88682 39.88682 39.88682 59.04707 63.05267 64.64149 65.19421 65.19421 65.19421 62.73742 56.65292 53.85901 53.85901 53.85901 53.85901 53.85901 53.85901 53.85901 53.64689 51.05239 48.43695 48.35787 45.33041 37.19437 36.80597 36.80597
0 0 0 0 0 0 0 0 0 0 0 0 0 0 0 0 0 62.6749 62.37834 61.14325 61.11614 61.11614 54.86054 48.67025 49.12177 49.12177 49.12177 49.12177 51.20189 58.76498 61.68761 63.8772 63.90041 70.02551 195.5337 459.7468 441.5749 465.1169 153.8894 71.5558 63.73903 40.41705 39.88682 39.88682 39.92307 58.46131 63.05267 64.56851 65.19421 65.19421 65.19421 56.18017 53.85902 53.85901 53.85902 53.85901 53.85902 53.85901 53.85902 53.85901 53.85901 53.85901 51.0974 48.35787 60.78334 55.49946 36.80597 36.80597
0 0 0 0 0 0 0 0 0 0 0 0 0 0 0 0 0 0 62.48691 61.72813 61.11614 61.11614 60.52403 50.49983 49.12178 49.12177 49.12178 49.12177 51.19701 58.76498 63.3346 63.90041 63.90041 55.63898 229.6052 173.8324 200.1042 465.7819 411.6529 111.103 95.8772 58.82237 41.20392 106.9342 96.16924 51.19034 56.14793 79.17287 86.28565 72.57434 65.43167 62.15331 57.74897 53.85901 53.85901 53.85901 53.85901 53.85901 53.85901 53.85901 53.85901 53.85901 53.49527 135.4869 215.4645 183.3179 41.28879 37.49277
0 0 0 0 0 0 0 0 0 0 0 0 0 0 0 0 0 0 62.57543 62.37761 61.35241 61.11614 61.11614 56.81878 49.12177 49.12177 56.71519 126.7776 132.1019 58.76498 62.92939 63.90041 63.90041 53.70662 36.25512 36.25512 63.11717 413.2104 465.7819 431.5115 237.1892 86.44798 154.3905 176.8964 53.28038 49.34302 56.75334 98.99595 99.17184 98.98547 76.61336 63.78149 60.07304 54.04414 53.85901 53.85901 53.85901 53.85902 53.85901 53.85901 53.85901 53.85901 54.11565 213.5495 220.3962 220.3962 63.19356 44.67183
0 0 0 0 0 0 0 0 0 0 0 0 0 0 0 0 0 0 0 62.26708 61.35194 61.11614 61.11614 102.487 122.6752 120.5675 157.571 174.9283 170.895 61.02454 63.58002 63.9004 63.90041 54.89014 36.25512 36.25512 36.25512 400.5297 465.7819 465.7819 391.9989 163.6939 197.7807 179.0951 53.54699 51.37315 87.37125 99.17184 99.17184 99.17184 84.00141 60.1855 60.18551 56.1058 53.85901 53.85901 53.85902 53.85901 53.85901 53.85901 53.85901 53.85901 118.601 220.3962 220.3962 220.3962 110.5721 55.9542
0 0 0 0 0 0 0 0 0 0 0 0 0 0 0 0 0 0 0 62.19339 61.13031 61.11614 63.96922 107.3579 174.9283 174.9283 173.8863 168.5406 161.5475 84.82381 63.90041 63.90041 63.90041 61.18611 37.91638 36.25512 111.7209 464.7748 465.7819 465.6942 249.8519 136.5701 180.8648 122.2904 54.14356 91.33179 99.17184 99.17184 99.17184 99.17184 71.76044 60.18551 60.18551 60.11246 57.89067 56.08467 54.68972 53.86356 53.85902 53.85902 53.85901 101.8876 214.862 220.3962 220.3962 220.3962 166.3215 69.52744
0 0 0 0 0 0 0 0 0 0 0 0 0 0 0 0 0 0 0 62.81711 64.81654 61.11615 134.233 168.6527 174.9283 156.4207 108.1018 107.6338 107.6338 105.8212 73.96078 63.90041 63.90041 63.90041 58.88338 40.29049 43.14626 415.5991 454.1279 409 99.54799 100.6991 103.6614 87.09257 145.5816 170.4245 111.8834 99.17185 99.17184 99.17184 77.18896 60.18551 60.18551 60.18551 60.18551 60.18551 60.18551 59.37009 54.75183 56.34427 66.75154 105.8888 210.5911 220.3962 220.3962 219.2917 94.59696 69.76219
0 0 0 0 0 0 0 0 0 0 0 0 0 0 0 0 0 0 0 116.3548 152.7714 112.972 170.4021 174.9283 174.9283 174.5456 111.7704 107.6338 107.6338 107.6338 104.8516 72.02354 63.90041 63.90041 63.7392 62.242 73.15646 110.8759 109.4676 199.9566 96.69164 94.58078 90.16525 125.2017 179.6055 179.7776 179.4721 147.4852 109.4907 99.17185 75.65041 60.18551 60.18551 60.18551 60.18551 60.18551 60.18551 60.1855 59.36371 76.3205 80.92803 87.13302 207.1842 220.3962 220.3962 171.2974 69.7622 69.7622
0 0 0 0 0 0 0 0 0 0 0 0 0 0 0 0 0 0 0 0 173.9952 174.9283 174.9283 174.9283 174.9283 174.9283 129.8891 107.1078 102.3802 107.6338 107.6338 96.65248 63.90041 64.5535 77.03104 92.84149 87.33508 89.48125 111.0682 99.75149 95.75157 88.92186 113.8707 200.4303 187.821 208.8292 179.7776 179.7776 142.1432 99.17185 71.81166 60.18551 60.18551 60.18551 60.18551 60.18551 60.18551 60.18551 60.82974 80.01605 80.92802 90.63783 220.3962 220.3962 220.3962 134.5335 79.68945 79.46076
0 0 0 0 0 0 0 0 0 0 0 0 0 0 0 0 0 0 0 0 0 155.4522 168.5442 173.0325 174.4306 158.1629 107.9282 82.6429 81.86467 105.0998 107.6338 103.8109 94.27633 95.09141 99.93201 69.37853 68.36099 99.2266 158.1403 137.2888 121.901 90.25719 164.3815 247.8209 340.9113 357.2449 241.7974 167.2307 135.852 110.8384 69.72493 60.1855 60.1855 60.1855 60.1855 60.1855 60.18551 60.1855 68.77588 80.92803 80.92803 96.37186 219.9273 220.3962 220.3962 133.4582 80.95591 80.95591
0 0 0 0 0 0 0 0 0 0 0 0 0 0 0 0 0 0 0 0 0 125.0658 139.1195 139.659 142.9637 119.2288 81.57924 81.57924 89.07885 107.1958 107.6338 109.4511 110.919 110.919 108.2704 73.82343 68.36099 106.7856 165.2803 165.6561 170.7269 173.8783 205.8672 236.2184 355.9247 323.4185 155.3936 147.4618 147.4618 147.4618 109.5366 60.18551 60.1855 60.18551 60.1855 60.18551 60.18551 60.18551 62.153 73.53776 80.43791 81.03232 131.2077 190.2182 220.3962 131.0744 80.95591 80.95591
0 0 0 0 0 0 0 0 0 0 0 0 0 0 0 0 0 0 0 0 0 134.2988 137.6975 139.0065 169.9904 141.7708 81.57924 81.57924 85.50796 91.70656 124.4394 110.783 110.919 109.3525 88.82687 83.95467 75.4508 134.8984 163.9091 162.8687 167.431 178.4651 204.9579 231.4411 260.9673 173.0467 143.6309 145.2566 143.0154 143.5881 125.1586 60.18551 60.18551 60.18551 60.18551 60.18551 60.18551 60.18551 60.18551 60.18551 64.68109 80.29948 120.8726 226.0554 281.717 206.3915 80.95591 80.95591
0 0 0 0 0 0 0 0 0 0 0 0 0 0 0 0 0 0 0 0 0 133.616 134.6735 212.0718 255.8372 216.2146 167.6626 82.31532 81.57924 122.5216 227.8755 191.2823 127.2516 100.345 97.30505 193.9056 174.2165 176.2292 163.0216 160.6857 156.8718 153.3123 152.1958 149.5544 141.6759 135.4065 133.7534 133.7534 133.7534 133.7582 115.1713 45.36575 47.26414 50.0987 55.369 63.61042 61.51082 69.42471 98.94164 117.476 135.6484 151.0376 269.5577 329.5647 329.5647 326.8065 253.8579 103.7216
0 0 0 0 0 0 0 0 0 0 0 0 0 0 0 0 0 0 0 0 0 116.9017 152.324 255.0738 255.9367 252.2605 146.6931 86.96467 120.7614 224.8443 233.0838 233.0838 232.6403 183.801 164.52 233.0838 233.0838 208.8559 155.9905 155.9713 155.9713 155.1472 149.9239 144.8332 141.9577 135.7957 133.7534 133.7534 133.7534 133.7534 88.38398 25.79652 25.79652 25.79652 26.51535 74.5066 86.05124 127.4729 152.7669 152.7669 152.7669 150.4181 239.8257 329.5647 329.5647 329.5647 329.5647 165.718
