Scenarios/Global_Grid/data/country_data_population_distribution/processed/density_grids/civ.asc
ncols 156
nrows 162
xllcorner -8
yllcorner 4
[rows 60 to 89 of 162, columns 68 to 135 of 156]
37.63842 38.41727 38.41727 38.41727 38.41727 38.41727 38.41727 40.196 47.82338 47.82338 47.82338 47.82338 47.82338 47.82338 41.53905 34.7544 33.07868 33.07868 33.07868 33.07868 33.07868 33.07868 33.07868 30.67297 29.15241 29.15241 29.15241 29.15241 29.15241 29.15241 45.51466 48.18098 35.27312 25.76449 24.00997 33.72543 44.39841 44.39841 44.39841 39.75206 35.8758 35.8758 35.80419 35.47517 35.8758 35.8758 35.8758 35.8758 24.07185 14.78266 14.78266 16.57974 19.83938 19.83938 19.83938 17.92412 14.62661 14.62661 14.62661 14.62661 14.62661 14.62661 17.61106 31.96246 31.96247 29.1284 20.78775 26.38522
31.5795 38.41727 38.41727 38.41727 38.41727 38.41727 38.41727 40.40982 47.82338 47.82338 47.82338 47.82338 47.82338 47.82338 47.82338 39.22466 33.07868 33.07868 33.07868 33.07868 33.07868 33.07868 34.1874 31.01943 29.15241 29.15241 29.15241 29.15241 44.70575 71.11022 81.4687 84.10042 56.16063 24.00997 24.00997 29.67715 44.39841 44.39841 43.31808 36.68287 35.8758 33.77839 29.17372 28.86502 33.17051 35.8758 35.8758 35.8758 32.21855 14.79514 14.80243 18.81385 19.83938 19.83937 19.83938 16.45053 14.70062 14.62661 14.62661 14.62661 14.62661 14.62661 15.77395 30.77922 31.96246 31.95021 30.58842 31.89924
28.34966 38.41727 38.41727 38.41727 38.41727 38.41727 38.41727 40.8767 47.78175 47.82338 47.82338 47.82338 47.82338 47.82338 47.82338 43.84951 33.11806 33.07868 33.07868 33.08181 33.07868 33.07868 58.74424 82.79688 59.81264 51.96315 52.3273 52.92763 81.66165 84.10043 84.10043 84.10042 67.77695 24.00997 24.00997 25.23582 43.99123 43.69342 40.49479 35.8758 34.77782 29.37474 28.83804 28.83804 29.32619 34.32578 35.8758 35.8758 35.86876 19.96184 16.80603 19.83938 19.83937 19.83938 19.83937 19.83938 18.35047 14.7374 14.62661 14.62661 14.62661 14.62661 14.62661 21.62236 31.96247 31.96246 31.96246 31.93424
30.28971 38.41727 38.41727 38.41727 38.41727 38.41727 38.41727 38.41727 41.84977 47.06495 47.82338 47.82338 47.82338 47.82338 47.82338 44.98185 35.87401 33.15352 33.07868 50.42914 63.83723 60.53788 41.2809 59.45967 76.15118 84.10042 84.10042 84.10042 84.10042 84.10042 84.10042 84.10042 47.49552 24.00997 24.00997 24.00997 32.89274 37.64167 35.8758 35.8758 34.63459 28.96708 28.83803 28.83803 28.83803 30.02977 35.02197 35.86415 35.8758 20.98983 19.2968 19.83937 19.83937 19.83937 19.83937 19.52535 16.90128 16.00839 14.62661 14.53372 13.84004 14.54417 14.62661 14.88851 31.76391 31.96246 31.96246 31.96179
30.4698 38.41727 38.41727 38.41727 38.41727 38.41727 38.41727 38.41727 38.41727 38.95 42.49976 46.33815 47.82338 47.82338 47.82338 47.82338 47.82338 44.72691 35.9484 69.21353 77.17187 75.53719 63.27185 40.05992 41.83519 66.81586 82.25122 84.10042 84.10043 84.10042 84.10043 84.10043 31.98479 24.00997 24.00997 24.00996 24.00997 31.256 38.09355 55.60747 35.8758 29.28295 28.83803 28.83803 28.83804 32.53828 35.62335 35.66964 35.86829 24.92233 19.83937 19.83937 19.83937 19.83937 19.83938 18.27188 14.62661 14.62661 14.62661 14.02564 12.55969 12.69214 13.11222 13.63983 30.4027 31.96246 31.96246 31.96246
28.92434 37.66329 38.41727 38.41727 38.41727 38.41727 38.41727 38.41727 38.41727 38.41727 38.41727 40.50485 48.16929 60.17127 58.19004 62.97491 62.55681 62.13872 67.42403 74.48087 73.65996 73.61864 73.37006 43.29062 40.05992 40.05991 44.26767 75.79803 84.10043 84.10043 84.10043 84.10043 43.40491 24.00997 24.00997 28.01887 102.9342 153.4918 309.1678 369.8193 146.8513 28.87895 28.83804 28.83804 28.83804 33.71063 35.62335 35.62335 34.91055 20.80792 19.83938 19.83938 19.83937 20.01834 21.42316 22.32221 16.54437 14.62661 14.43841 13.03643 12.55969 12.55969 12.55969 12.74726 30.85932 31.96247 31.96247 31.96247
28.13215 29.0655 37.68357 38.41727 38.41727 38.41727 38.41727 38.41727 38.41727 38.41727 58.38607 80.53373 86.45509 85.83659 60.94148 72.41502 72.47056 73.12177 80.84583 79.62955 74.27385 73.61864 73.17414 43.05439 40.05992 40.05992 40.05992 59.60986 83.21819 80.95387 172.2166 276.6579 297.7296 167.6762 227.2518 338.7306 370.322 370.322 370.322 370.322 320.5426 54.33813 28.83804 28.83804 28.83804 32.63348 35.62335 35.62335 33.32973 20.52826 19.83938 19.83938 19.83938 20.11022 22.29533 19.56964 15.99218 16.5361 12.85103 12.55969 12.55969 12.55969 12.55969 12.55969 23.99181 31.96247 31.96247 32.06972
28.13215 29.58789 38.414 38.41727 43.34483 65.76778 49.16735 38.41727 38.98928 54.12591 78.27887 84.69292 86.45617 81.83237 47.43132 63.19236 72.47056 75.87233 81.7725 81.7725 81.51905 77.90034 75.12203 63.69123 48.37385 41.84067 45.94235 71.18552 72.66086 75.68813 366.9257 370.322 370.322 370.322 370.322 370.322 370.322 370.322 370.322 370.322 370.322 229.8217 28.83804 28.83804 28.83804 32.53276 35.62335 35.62335 29.59644 21.35039 20.24964 19.83937 19.83937 19.90888 22.12893 22.17683 22.67704 16.89605 12.55969 12.55969 12.55969 12.55969 14.80218 18.6528 21.04837 28.1464 31.96246 32.65854
28.13215 28.72063 38.24428 38.41727 38.4173 75.58784 72.54502 47.80481 56.12328 80.41046 84.94927 86.45616 86.45617 70.40375 47.2056 47.73915 69.31834 79.76031 81.7725 81.7725 81.7725 81.70007 75.92715 74.11403 74.11404 73.22753 71.03952 72.02492 72.02492 74.56701 370.3219 370.3219 370.322 370.322 370.3219 363.9604 242.031 313.5799 267.5285 199.7217 145.2113 71.84541 28.83803 28.83804 28.83803 33.35744 35.62335 35.62335 34.4984 38.78173 27.49663 20.60925 21.57364 22.65717 22.71877 22.71877 18.22725 15.35125 13.4657 12.55969 13.04765 18.39344 23.06556 23.5483 23.5483 24.06677 29.72067 32.46151
28.13215 29.60516 38.41727 38.41727 47.59869 80.14317 80.14317 77.0768 77.93549 84.29311 86.45616 86.45616 86.45616 67.73435 47.2056 53.03755 72.33295 77.9548 81.71727 81.7725 81.7725 81.6329 74.7324 74.11403 74.11403 74.11403 72.76582 72.02492 72.02492 100.8598 370.322 370.322 370.322 370.322 370.322 361.014 24.06311 21.18145 21.18145 21.18145 21.18145 22.78361 27.60957 28.83804 29.13324 35.35165 34.98489 33.66221 38.10016 41.75716 36.79662 22.71876 22.71877 22.71876 22.71877 22.71876 22.71877 22.71876 22.51679 13.78649 20.15861 23.5483 23.5483 23.5483 23.5483 23.5483 23.5483 24.44323
28.13215 29.89006 38.41727 38.41727 56.13667 80.14317 80.14318 80.14317 80.62634 86.14383 86.45617 86.45617 86.45617 71.64558 47.2056 59.6124 72.47056 72.47057 74.56886 77.32718 79.19969 78.87004 71.74286 74.11403 74.11403 75.11884 72.54137 72.02492 72.02492 228.3305 370.322 370.322 370.322 370.322 370.322 207.2737 32.98467 21.18145 21.18145 21.18145 21.18145 21.18145 22.31635 27.76667 28.61 28.8468 28.51736 28.73633 41.37325 41.75716 41.75558 32.50272 31.93916 34.43064 37.43192 38.75083 32.40322 23.92118 22.37015 16.25566 23.49455 23.5483 23.5483 23.5483 23.5483 23.5483 23.5483 23.5483
34.03315 35.17722 39.16511 70.11349 80.12202 80.14318 80.14318 79.80903 81.6597 86.4146 86.45616 86.341 85.65206 84.28086 51.06541 54.91181 72.47055 72.47056 72.47056 72.47056 71.64729 65.09037 65.6638 71.56268 85.71077 89.17098 72.02493 72.02493 91.04868 351.0897 370.322 370.322 370.322 370.322 370.322 67.60468 21.18145 21.18145 21.18145 21.18145 21.18145 21.18145 21.18145 26.84479 28.51735 28.51735 28.51735 29.56735 41.71083 41.75716 41.75716 43.27941 47.74274 47.74463 47.74463 47.74463 47.74463 44.15524 27.34228 23.8577 23.6029 23.5483 23.5483 23.5483 23.5483 23.5483 23.5483 23.5483
36.80597 36.80597 42.70539 80.14318 80.14318 80.14318 77.25581 60.87978 62.18092 72.07041 71.08724 71.45921 68.89391 86.45616 76.94749 55.81186 72.47055 72.47056 72.47056 72.47056 72.22823 66.35002 65.06542 82.13988 101.4387 99.54958 83.43556 75.85029 282.4792 370.322 370.322 370.322 370.322 370.322 370.322 41.89779 21.18145 21.18145 21.18145 21.18145 21.18145 21.18145 21.18145 23.74967 28.51735 28.51735 28.51735 31.2865 41.75716 41.75716 41.75716 41.75716 45.48102 47.74463 47.74463 47.74463 47.74463 47.74463 42.47897 25.31507 24.99533 24.77895 24.04887 23.5483 23.5483 23.5483 23.5483 23.5483
36.80597 36.80597 40.8717 71.71954 80.14318 80.14318 70.6016 59.98159 59.98159 59.98159 59.98159 64.81251 67.25889 85.23055 86.45616 77.5555 72.47056 72.47056 72.47056 72.47056 72.47056 70.57967 66.9386 100.986 101.4387 101.4387 101.4387 131.2453 370.322 370.322 370.322 370.322 370.322 370.322 345.7771 113.4882 71.05285 25.81281 22.69951 23.4512 23.91362 24.344 24.77439 25.8738 28.51735 28.51735 28.51735 30.69626 40.42422 41.75716 41.75716 41.75716 44.64215 47.74463 47.74463 47.74463 47.74463 47.74463 39.4593 25.45842 25.45842 25.45842 24.21696 23.5483 23.5483 23.54944 23.56501 23.56812
36.80597 36.80597 36.80597 38.18541 50.21858 80.2462 94.36387 61.00229 59.98159 59.98159 59.98159 66.01424 67.97847 85.5205 86.45617 78.65781 72.47056 72.47055 72.47056 72.47056 72.47056 72.40219 71.12887 74.91965 79.98883 94.61052 97.63785 176.2392 367.7325 370.322 370.322 370.322 370.322 370.322 227.1986 119.0318 119.0318 35.87164 26.5959 26.5959 26.5959 26.5959 26.5959 26.59782 30.8898 30.85132 29.40577 28.51735 34.35211 41.48436 41.75716 41.75716 46.08674 47.74463 47.74463 47.74463 47.74463 47.74463 40.65729 25.45842 25.45842 25.45842 25.13501 24.10378 23.61697 23.74773 23.79748 23.79748
36.80597 36.80597 36.80597 41.79136 53.68486 85.84879 103.1501 74.05106 59.98159 59.98159 65.56087 102.2685 101.9818 93.67281 86.05452 74.00473 72.47056 71.71043 71.03039 72.46772 72.47056 72.47056 68.09663 56.01373 56.01372 69.07667 81.36758 77.2778 220.532 301.6918 370.322 370.322 370.322 370.322 289.258 113.4776 119.0318 49.45385 26.5959 26.5959 26.5959 28.07153 34.23375 32.12674 35.72952 36.11083 36.09498 34.70029 35.68772 36.71169 37.34141 37.32058 44.80488 47.74463 47.74463 47.74463 47.74463 47.12368 44.05156 36.30786 26.02064 23.45319 23.46628 23.69645 23.76335 23.65305 23.79748 23.79748
36.80597 39.74485 51.23077 58.27636 58.32471 90.92105 103.1501 102.6596 100.9419 92.07816 91.06873 102.7945 102.7945 102.7945 91.8326 75.71908 65.25972 50.33311 46.88914 60.79093 72.47056 72.47056 62.44561 56.01373 56.01373 66.09736 76.93022 76.93023 76.93022 127.5394 186.3252 287.2121 370.322 370.322 196.3895 96.64942 92.93617 68.80044 29.00835 26.5959 30.05548 34.48578 36.11083 36.11083 36.11083 36.11083 36.11083 36.11083 36.11083 36.11083 36.11083 36.11083 39.85118 46.95925 47.72835 43.28215 39.69871 38.24877 38.05291 38.05291 25.61028 22.97473 22.97473 22.97473 23.06164 22.97523 23.71369 23.79748
48.23986 57.77954 58.3247 58.3247 58.3247 93.67016 103.1501 103.1501 103.1501 102.9851 102.7945 102.7945 102.7945 102.7945 98.62598 47.04192 46.92253 46.88914 46.88914 64.29182 72.47056 66.44218 56.23799 56.01372 56.01372 56.02909 61.81958 75.03898 84.89803 109.5626 112.2003 233.3675 370.322 311.6165 95.49421 95.49145 79.56389 77.78082 65.6638 52.65813 46.32306 36.11083 36.11083 36.11083 36.11083 36.11083 36.11083 36.11083 36.11083 36.11083 36.11083 36.11083 36.11083 38.95616 40.94902 37.99788 38.05291 38.05291 38.05291 38.05291 26.22393 22.97473 22.97473 22.97473 22.97473 23.3164 23.84841 26.28004
58.22283 58.32471 58.3247 58.32471 58.3247 95.02382 103.1501 103.1501 101.0349 101.3208 102.7945 102.7945 102.7945 89.79252 54.12471 47.02743 46.88914 46.88915 46.88914 52.26757 61.27335 59.63888 56.01372 56.01372 56.01372 56.01372 56.01372 60.09442 88.95476 112.2003 112.2003 113.1688 197.2224 176.3291 94.69315 95.4942 83.42476 77.78082 77.7479 62.71167 43.81858 36.10831 36.11083 36.11083 36.11083 36.11083 36.11083 36.11083 36.11083 36.11083 36.11083 36.11083 36.11083 36.11083 36.11083 36.54494 38.02545 38.05291 38.05291 38.03896 27.8668 22.97473 22.97473 22.97473 23.1156 26.71636 27.46425 29.56735
58.3247 58.3247 58.3247 58.3247 63.54219 101.1244 103.1501 103.1501 89.22757 86.69513 95.33575 93.43672 95.14648 42.47958 44.72027 81.86916 73.16084 69.01942 45.38184 42.2037 54.08193 56.01372 56.01372 56.01372 56.01372 56.01372 56.01372 58.63466 100.2835 112.2003 109.5981 88.72331 85.83923 85.83923 91.43192 95.49419 88.23096 77.21906 73.04274 38.50639 29.4358 32.72652 36.11083 36.11083 33.76614 30.84712 32.60284 36.11083 36.11083 35.9465 36.08685 36.11083 36.11083 36.11083 36.11083 36.11083 36.56469 32.4204 30.14964 29.68727 22.97473 22.97473 23.13793 26.54056 27.34591 28.12743 28.12743 28.75782
58.32925 61.72676 64.39507 68.21952 90.34839 103.1501 103.1501 103.1501 90.16679 86.18012 86.18012 86.18012 68.144 35.8406 57.33859 82.88567 82.88567 82.88567 39.93627 28.7369 38.64587 56.01373 56.01372 56.01372 56.01372 56.01372 56.01372 95.25957 112.2003 85.4708 83.96332 85.83923 85.83923 85.83923 90.1235 95.4942 90.13065 77.64081 72.01898 61.99733 31.92316 29.98271 34.64906 34.79079 24.33202 23.07027 23.07458 27.88779 29.44891 25.60663 25.53355 30.41547 38.80849 36.11083 36.11083 36.11083 36.11083 38.73771 31.92875 27.51885 24.91175 24.44167 25.44392 28.12743 28.12743 28.12063 28.10128 28.32397
67.74229 69.7622 69.7622 69.7622 85.76415 103.1501 103.1501 103.1501 102.786 90.99275 86.18012 85.5414 48.5552 35.8406 35.8406 75.34772 82.88567 82.88567 38.47949 28.7369 42.07301 56.01372 56.01372 56.01372 56.01372 56.01372 56.01372 93.49265 89.45892 64.02805 77.70158 85.83923 85.83923 85.83923 72.86657 74.57671 87.54042 77.78082 72.83774 71.77385 51.21605 29.4358 25.93575 23.54231 23.07027 23.07906 23.08803 24.12052 25.08087 25.20257 25.20257 33.4097 42.60527 40.01283 37.9583 38.87854 38.4338 42.48887 35.22213 28.11348 28.02654 27.85691 27.45716 27.26315 27.17247 27.13396 28.03983 46.40566
69.76219 69.76219 69.7622 69.76219 89.27801 103.1501 103.1501 103.1501 103.1501 99.81845 78.26485 53.20578 35.8406 35.8406 36.43021 81.63784 82.88567 70.65147 28.73858 28.74982 45.14724 53.8295 56.01372 56.01373 56.01372 56.01373 56.05171 65.21993 62.24039 62.24038 64.14997 76.88265 85.83923 85.82978 67.19301 61.9548 67.87553 77.78082 74.42593 71.77386 65.21233 29.4358 27.45876 23.07406 23.07027 23.85585 24.31474 25.20257 25.20257 25.20257 25.20257 34.88486 42.60897 42.60898 42.60897 42.60897 42.60897 42.60898 41.90056 33.09279 27.1291 27.1291 27.1291 27.1291 27.1291 27.1291 43.0031 72.72398
69.7622 69.7622 69.97172 74.98954 81.36002 100.3724 103.1501 103.1501 103.1501 103.0533 70.4958 35.8406 35.8406 35.8406 35.8406 35.8406 70.75878 49.86029 40.58267 43.25378 44.49819 45.9001 53.26857 56.01372 56.01372 57.7868 61.30913 62.24038 62.24038 62.24038 62.24038 63.77951 80.9658 85.31221 62.13633 61.95481 62.30621 64.28432 68.34509 71.77386 71.15366 31.53654 29.4358 25.7829 26.69859 26.5115 25.20257 25.20257 25.20257 25.20257 25.20257 37.38636 42.60898 42.60897 42.60898 42.60897 42.60898 42.60897 42.60898 33.29138 27.1291 27.1291 27.1291 27.1291 27.1291 37.77314 59.36228 71.24244
77.14973 75.84787 76.13509 80.95591 80.95591 86.44847 98.18431 103.1353 103.1501 76.91721 35.84938 35.8406 35.8406 35.8406 44.10095 65.5589 44.49819 44.49819 44.49819 44.49819 44.49819 44.49819 45.92349 50.55193 60.04926 61.73895 62.24038 62.24038 62.24038 62.24038 62.24038 62.24038 65.59921 77.92664 65.51092 61.95481 61.95481 61.95481 64.68187 71.38106 71.77386 52.51036 30.68097 49.03269 57.17989 52.40849 37.66989 27.17668 26.89865 25.20257 25.20257 33.52209 46.61898 42.65536 42.60897 42.60897 42.60897 42.60897 42.94437 41.24461 27.1291 27.1291 27.1291 27.1291 27.1291 28.48195 71.55396 72.98074
80.95591 80.95591 80.95591 80.95591 80.95591 80.95591 80.95591 84.60297 93.06722 79.3045 35.8406 35.8406 36.43505 70.00605 90.66078 91.56517 91.35902 44.49819 44.49819 44.49819 44.49819 44.49819 44.49819 44.49819 55.9633 62.24038 62.24038 62.24038 62.24038 62.24038 62.24038 62.24038 62.24038 69.25438 71.58477 67.76637 67.20362 64.71227 71.11142 71.77386 71.77386 66.81908 51.57176 57.24897 57.24897 57.24897 57.24897 57.23685 64.25143 57.93556 48.56128 70.43076 94.92104 80.12774 59.49413 42.86372 42.60897 60.42078 87.88233 80.93022 27.82293 27.1291 27.1291 27.1291 50.85563 52.50864 72.98074 72.98074
80.95591 80.95591 80.95592 80.95591 80.95592 80.95591 80.95592 83.13638 179.2311 124.6005 52.27989 45.26128 84.00867 91.56517 91.56518 110.8888 173.4341 186.9525 154.6982 162.3905 44.49819 44.49819 44.4982 44.49819 55.13357 62.24038 62.24038 62.24038 53.81595 53.59234 58.84278 57.02533 54.60271 59.73149 72.12354 72.12354 72.12354 70.41214 61.86249 69.6603 71.77385 65.79137 57.24897 57.24898 57.24897 57.24897 57.24897 60.29909 78.48165 79.61633 80.2552 92.2878 95.75318 96.16931 96.1693 86.95289 80.26655 95.26369 96.1693 96.16931 63.73556 52.01245 47.15472 42.81464 56.60434 72.98074 72.98074 72.98074
80.95591 80.95591 80.9559 80.95591 80.95591 80.95591 95.83144 157.4588 185.9501 191.6073 205.1194 167.4368 91.56517 91.56517 96.11842 204.6456 220.3569 169.4478 163.0305 163.0305 44.49819 44.49819 44.49819 44.49819 55.47351 62.24038 62.24038 60.91626 41.23195 39.67155 39.67155 39.67155 39.67155 41.57177 67.95058 72.12354 72.12354 67.05343 57.24897 57.41963 60.33692 58.69471 57.24897 57.24897 57.24897 57.24897 57.25446 72.73218 79.61633 79.61633 79.61633 79.61633 80.46603 95.85572 96.1693 96.1693 96.1693 96.1693 96.1693 96.1693 84.51885 65.48029 65.4803 65.4803 65.25829 68.27679 72.3428 72.98074
80.95591 80.9559 80.95591 80.9559 83.62058 132.1958 182.5177 185.9501 188.663 218.5513 220.8264 219.3723 128.1883 170.669 218.597 220.8264 203.2253 163.0305 163.0305 163.0305 104.3973 44.49819 57.33225 73.73881 80.34988 73.35294 67.94115 54.4752 40.32868 39.67155 39.67156 39.67155 39.67156 39.6473 56.46669 72.12354 70.7402 59.19201 57.24897 57.24897 57.24897 57.24898 57.24897 57.24898 57.24897 57.24897 61.62038 79.61633 79.61633 79.61633 79.61633 79.52803 75.10613 90.21672 96.1693 96.1693 96.1693 96.1693 96.1693 96.1693 96.00774 74.98433 65.48029 63.48584 59.97773 47.30477 66.39275 72.8171
80.95591 132.4489 144.1552 109.4795 169.3271 185.9501 185.9501 185.9501 186.041 201.8971 218.9693 220.8264 220.8265 220.8265 220.8265 220.8264 209.3755 180.3757 169.1003 163.0305 118.1644 82.98599 82.98599 84.57373 85.44781 85.4478 84.9942 80.79502 73.46386 41.05541 39.67156 39.67155 39.4027 39.13997 46.47615 72.12353 62.35295 21.1097 31.55287 47.96181 57.24897 57.24897 57.24897 57.24897 57.24897 57.24897 58.03613 75.85613 77.95165 74.49133 59.71564 52.16902 47.76376 70.69608 96.1461 95.90549 96.1693 96.16931 96.1693 96.16931 96.1693 95.99928 80.25362 46.65467 44.39934 44.39934 44.97703 49.39634
