Scenarios/Global_Grid/data/country_data_population_distribution/processed/density_grids/civ.asc
ncols 156
nrows 162
xllcorner -8
yllcorner 4
[rows 120 to 149 of 162, columns 68 to 135 of 156]
145.4647 145.4647 136.0418 161.655 164.5063 163.1739 105.5091 89.02931 80.54792 78.13686 78.13685 78.13686 78.13685 78.13686 75.14025 69.95523 71.24628 69.94928 69.94928 163.2037 225.6856 225.6856 225.6856 225.6856 225.6856 225.6856 223.1671 75.14487 65.14452 65.14452 65.14452 65.14452 69.20283 79.87326 79.87325 80.19611 66.89583 60.46917 60.46917 60.46917 104.0345 128.5144 110.7231 75.41042 72.3583 65.06466 54.62873 52.85277 50.59324 49.54845 49.54845 49.54845 49.60172 95.85596 116.4972 98.63452 74.94382 39.13596 28.25147 28.25146 28.25146 28.25146 28.25146 28.25146 28.25146 28.25146 28.25146 28.25146
145.4647 145.4647 152.0912 164.5063 164.5063 164.5063 135.7115 86.01708 78.13686 78.13685 78.13686 78.13685 78.13686 78.13686 77.92242 70.06014 69.94928 69.94928 69.94928 100.3221 159.9012 202.265 218.588 225.6855 225.6856 225.6855 225.4646 72.56153 65.14452 65.14452 65.14452 65.14452 65.18462 76.80679 79.87326 79.87325 74.44024 60.52963 60.46916 69.75587 140.5919 145.6257 145.6257 142.5312 85.78735 72.63082 67.93942 51.84367 49.55781 49.54845 49.54845 49.54845 55.56862 69.65395 74.83517 67.35205 67.35204 46.24969 28.25147 28.25147 28.25146 28.25147 28.25146 29.03986 67.05855 65.90906 41.43246 154.1435
145.4647 145.4647 144.3755 146.6211 153.1181 164.4583 164.4327 108.3631 78.13685 78.13685 78.13685 78.13685 78.13685 78.13686 76.73805 69.94927 69.94927 69.94927 71.36796 80.00536 80.07101 80.07101 80.09068 88.72213 92.25059 106.8794 119.9892 63.0602 63.16819 63.27949 64.12149 65.22166 70.39493 79.38402 79.87325 79.87326 72.81287 60.5424 60.46917 124.0041 145.6257 145.6257 145.6257 145.6257 91.14379 72.63083 72.00829 50.93983 49.54845 49.54845 49.54845 49.59543 66.82747 67.35204 67.35204 67.35204 67.35204 46.72326 28.25147 28.25146 28.25146 28.25146 28.25146 43.0886 84.54589 84.54562 84.33529 88.40101
99.76549 77.49784 63.36075 77.44697 86.40714 95.07408 115.0364 99.693 78.13686 78.13685 78.13686 78.13685 78.13686 75.42246 53.57269 67.20757 69.94928 69.94928 72.51288 79.57408 80.07101 80.07101 80.07101 80.07101 71.91615 61.65415 61.65415 61.65415 61.65415 61.65415 61.66736 68.24819 80.03619 81.18047 80.15509 82.46245 60.90857 60.69068 69.27711 129.0354 145.6257 145.6257 145.6257 141.1568 73.15518 72.63083 77.73111 50.89604 55.92094 80.98145 169.8145 166.6421 138.3508 67.38125 69.35837 71.31815 69.61126 47.65781 28.25146 28.25147 28.25146 28.25147 28.25146 44.7406 84.54589 84.52084 84.16393 84.1637
55.30059 55.30059 55.30059 80.23199 86.40714 86.40714 86.40714 83.38274 78.13686 78.13686 78.1358 78.13544 78.13685 59.35023 44.84716 46.4439 59.98056 59.25168 70.56734 80.07101 80.07101 80.07101 80.07101 80.07101 79.66515 61.98537 61.65416 61.65416 61.65416 61.65416 61.65415 72.71995 80.18587 84.03685 90.57191 92.55051 80.85429 89.62334 92.60474 119.044 134.5583 144.0473 145.5683 142.9154 86.67695 89.34843 115.9059 115.044 116.2373 162.0458 345.9501 345.9501 345.9501 312.8888 317.643 336.4023 128.5372 91.34293 37.90309 31.94441 51.61451 53.9571 73.46449 77.71428 84.5459 84.29876 86.56064 90.71181
55.30059 55.30059 55.30059 71.85789 86.40714 86.40714 86.40714 86.37614 77.77419 69.15912 67.06412 67.23296 63.26473 45.13703 44.84716 44.84716 44.84716 44.84716 56.1549 76.54326 80.07101 80.07101 80.07101 80.02041 75.23622 61.65415 61.65415 61.65415 61.65415 61.65415 61.65415 66.93501 80.18586 80.21695 90.19617 93.93001 93.93 93.93 74.77009 54.50801 70.14465 79.12811 87.33788 79.91972 83.33155 90.50245 148.9967 138.0374 116.2373 141.1176 343.7858 345.9501 345.9501 345.9501 345.9501 345.9501 218.7179 106.4939 89.87782 57.11271 84.54589 84.54589 84.54589 84.54589 84.54589 84.51042 91.68555 93.23228
55.30059 55.30058 55.30059 76.40386 86.40714 86.40714 86.40714 86.40714 79.5693 66.186 66.17616 66.17616 64.71055 48.73565 45.15062 44.84716 44.84716 44.84716 44.84716 47.51038 70.89169 80.07101 78.297 65.56149 61.65416 61.65415 61.65415 61.65415 61.65416 61.65415 61.65416 70.19865 80.18586 80.18586 81.3002 93.50909 93.93 88.93095 57.52024 54.50801 61.79165 78.83813 78.83813 78.83813 78.83813 83.65535 204.7836 214.7752 176.5399 116.2373 188.6874 345.9501 345.9501 345.9501 345.9501 1130.212 2649.5 169.2149 105.6675 102.9727 84.9086 84.5459 84.54589 73.62969 45.5782 32.77649 83.37867 93.23229
55.30059 55.30059 56.28046 80.39253 86.40714 86.40714 86.40714 86.40714 81.24764 66.23254 66.17616 66.17616 66.17616 59.44363 53.10016 46.58946 44.84716 44.84716 44.84716 44.84716 54.33613 65.89646 63.31641 52.84043 54.93671 58.12354 61.65415 61.65415 61.65415 61.65414 61.81425 76.85477 80.18586 80.18586 80.18586 83.62129 93.58154 81.08702 54.50801 54.50801 54.88384 76.95749 78.83813 78.83813 78.83813 101.3918 212.2176 214.8815 207.3613 123.7527 295.0944 305.1189 306.1821 2418.994 17712.99 21643.66 9718.464 2680 417.9674 299.7578 137.1884 84.47837 59.34042 27.1611 25.12726 25.12726 86.15881 93.23229
55.30059 55.30059 55.30058 55.59493 79.93805 88.38535 87.39212 86.40714 70.31713 66.17616 66.17616 66.17616 66.17616 63.6667 53.66536 53.48146 49.66504 50.23963 51.92212 51.22569 50.68359 52.25713 50.26136 46.91873 46.81635 47.71349 55.57323 61.96323 62.79451 62.85375 65.85519 80.18586 80.18586 80.18586 80.18586 88.30144 93.31698 89.88137 54.52912 54.50801 54.50801 58.65462 72.06433 79.51326 115.2005 191.7533 214.8815 214.8815 169.9864 116.2373 160.6135 121.3916 204.7774 1424.147 7228.974 16220.86 4056.657 3988.21 498.7294 447.7952 141.8269 44.1641 25.12726 25.12726 25.12726 27.94081 95.98318 113.5948
60.36356 55.30059 55.27647 75.39978 110.4415 111.1256 110.4177 99.76369 84.44586 66.17616 66.17616 66.17616 66.17616 65.75841 53.91224 53.66536 53.66536 53.66536 53.66536 53.66536 53.66536 52.43871 47.67868 46.81636 46.81635 46.81636 52.62821 63.52911 63.57886 63.57886 70.44689 80.18586 80.18586 80.18586 85.82674 93.88012 93.93001 79.25777 58.43169 54.50801 54.50801 54.50801 54.58404 131.4086 214.8815 214.8815 214.8815 214.8815 191.5007 116.2373 116.2373 116.2373 1623.957 10275.56 10223.15 14706.67 4042.413 3085.835 448.1426 448.1425 438.6715 199.5358 25.12726 25.12726 25.12726 40.21301 144.6874 151.286
156.9748 69.80663 54.74292 65.11467 111.1252 111.1933 111.1933 111.1933 111.06 76.47901 66.17616 66.17616 66.17616 66.17616 57.20313 53.66536 53.66536 53.66536 53.66536 53.66536 53.66536 48.7625 46.81635 46.81635 46.81635 46.81635 50.12337 63.57886 63.57886 63.57886 70.84333 80.18586 80.18586 80.18587 85.17262 91.35476 92.86289 85.10065 79.70377 54.50801 54.50801 54.50801 54.50801 96.36617 214.8815 214.8815 214.8815 214.8815 197.8643 116.2373 116.2373 116.2373 4708.425 11027.28 11027.28 10958.43 25710 19954.39 545.8092 448.1425 448.1425 448.1426 125.0514 25.12726 25.18744 114.2587 151.286 151.286
167.9243 150.4536 60.32722 54.53756 95.27289 111.1933 111.1933 111.1933 93.6796 68.2886 66.17616 66.17616 66.17616 66.17616 61.58766 53.66536 53.82925 56.70209 56.9742 54.52509 54.72506 65.39612 53.20938 46.81635 46.81635 46.81635 54.55066 63.57886 63.57886 63.57886 63.95765 78.01252 80.18586 80.18586 80.18586 80.18587 84.68015 94.19067 83.20239 73.62633 60.35675 55.64618 58.66485 85.64876 259.7927 331.6115 474.5362 423.177 245.7607 94.82098 104.1255 116.2373 2362.347 11027.28 9736.225 9624.121 17552.26 9488.566 5424.015 536.8341 683.6973 746.7366 466.8398 27.88979 43.41081 140.2931 151.286 151.286
167.9243 133.0666 54.53756 54.53756 56.52789 89.58576 111.1933 111.1175 69.45911 66.17616 66.17616 66.17616 66.17616 66.17616 65.59455 58.25994 65.55602 68.13113 68.13112 62.74538 54.51837 94.05475 72.89386 49.29741 46.81635 46.81635 58.61788 67.98798 73.28094 63.57886 71.24088 80.18586 80.18586 80.18586 80.18586 80.18586 84.32819 94.19065 94.19067 94.19066 94.1176 94.19066 486.534 444.3947 132.6125 94.19067 208.1122 294.0507 137.8658 94.19066 98.63879 116.2373 2325.52 11027.28 8386.779 7232.198 7232.197 7232.198 7232.198 2516.307 893.1153 893.1154 666.5381 110.5392 151.286 151.286 151.286 151.286
167.9243 167.612 113.9345 54.53756 54.53756 77.37154 111.1413 104.6219 66.17616 66.17616 66.17616 66.17616 66.17616 66.3936 68.12017 68.13113 68.13113 68.13113 68.13113 67.69147 72.21488 94.63541 94.63541 86.05669 52.29931 60.98393 56.97496 92.33212 84.35189 66.61374 78.34396 80.18586 80.18586 80.18585 80.18586 80.18587 86.24755 94.19066 94.19066 94.19066 94.19066 94.19066 115.1294 94.19066 94.19066 94.19067 94.19066 94.19066 0 0 0 0 0 0 0 0 0 0 0 0 893.1154 893.1154 849.1732 489.2836 405.4987 151.286 151.286 151.2588
167.9243 167.9243 142.8976 54.53756 54.53756 84.11825 111.1933 100.141 79.87012 77.92333 66.4519 66.17693 66.4087 66.56129 68.02392 68.13113 68.13112 68.13113 68.13112 69.0508 94.53384 94.63542 94.63541 94.63541 94.63541 94.63541 94.63541 94.63542 88.81755 80.18586 80.18587 80.18586 80.18586 102.8794 101.0317 96.20432 116.152 99.87545 94.19066 94.19066 0 0 0 0 0 0 0 0 0 0 0 0 0 0 0 0 0 0 0 0 0 0 0 0 0 0 0 151.046
167.9243 167.9243 150.7441 54.53756 54.53756 72.12165 111.5694 111.1933 111.4479 114.0328 107.0624 75.50298 68.13113 68.13113 68.13113 68.13112 68.13112 68.13112 68.13112 69.76068 92.1619 94.63541 94.63541 94.63541 94.63542 94.63541 94.63541 94.63541 0 0 0 0 0 0 0 0 0 0 0 0 0 0 0 0 0 0 0 0 0 0 0 0 0 0 0 0 0 0 0 0 0 0 0 0 0 0 0 0
156.585 148.6341 141.9231 64.60921 56.10189 94.61814 114.2512 113.8676 113.7011 114.2512 114.2512 81.37285 68.13112 68.13113 68.13112 68.13112 68.13112 68.13112 68.13112 0 0 0 0 0 0 0 0 0 0 0 0 0 0 0 0 0 0 0 0 0 0 0 0 0 0 0 0 0 0 0 0 0 0 0 0 0 0 0 0 0 0 0 0 0 0 0 0 0
119.8828 114.2512 114.2512 114.2512 108.0918 114.2512 114.2512 114.2512 114.2512 114.2512 114.2512 93.95841 68.13113 0 0 0 0 0 0 0 0 0 0 0 0 0 0 0 0 0 0 0 0 0 0 0 0 0 0 0 0 0 0 0 0 0 0 0 0 0 0 0 0 0 0 0 0 0 0 0 0 0 0 0 0 0 0 0
114.2512 114.2512 114.2512 114.2512 114.2512 114.2512 114.2512 114.2512 114.2512 114.2512 0 0 0 0 0 0 0 0 0 0 0 0 0 0 0 0 0 0 0 0 0 0 0 0 0 0 0 0 0 0 0 0 0 0 0 0 0 0 0 0 0 0 0 0 0 0 0 0 0 0 0 0 0 0 0 0 0 0
114.2512 114.2512 114.2512 114.2512 114.2512 114.2512 114.2512 0 0 0 0 0 0 0 0 0 0 0 0 0 0 0 0 0 0 0 0 0 0 0 0 0 0 0 0 0 0 0 0 0 0 0 0 0 0 0 0 0 0 0 0 0 0 0 0 0 0 0 0 0 0 0 0 0 0 0 0 0
192.2114 114.2512 114.2512 114.2512 114.2512 0 0 0 0 0 0 0 0 0 0 0 0 0 0 0 0 0 0 0 0 0 0 0 0 0 0 0 0 0 0 0 0 0 0 0 0 0 0 0 0 0 0 0 0 0 0 0 0 0 0 0 0 0 0 0 0 0 0 0 0 0 0 0
306.0104 114.2512 114.2512 0 0 0 0 0 0 0 0 0 0 0 0 0 0 0 0 0 0 0 0 0 0 0 0 0 0 0 0 0 0 0 0 0 0 0 0 0 0 0 0 0 0 0 0 0 0 0 0 0 0 0 0 0 0 0 0 0 0 0 0 0 0 0 0 0
0 0 0 0 0 0 0 0 0 0 0 0 0 0 0 0 0 0 0 0 0 0 0 0 0 0 0 0 0 0 0 0 0 0 0 0 0 0 0 0 0 0 0 0 0 0 0 0 0 0 0 0 0 0 0 0 0 0 0 0 0 0 0 0 0 0 0 0
0 0 0 0 0 0 0 0 0 0 0 0 0 0 0 0 0 0 0 0 0 0 0 0 0 0 0 0 0 0 0 0 0 0 0 0 0 0 0 0 0 0 0 0 0 0 0 0 0 0 0 0 0 0 0 0 0 0 0 0 0 0 0 0 0 0 0 0
0 0 0 0 0 0 0 0 0 0 0 0 0 0 0 0 0 0 0 0 0 0 0 0 0 0 0 0 0 0 0 0 0 0 0 0 0 0 0 0 0 0 0 0 0 0 0 0 0 0 0 0 0 0 0 0 0 0 0 0 0 0 0 0 0 0 0 0
0 0 0 0 0 0 0 0 0 0 0 0 0 0 0 0 0 0 0 0 0 0 0 0 0 0 0 0 0 0 0 0 0 0 0 0 0 0 0 0 0 0 0 0 0 0 0 0 0 0 0 0 0 0 0 0 0 0 0 0 0 0 0 0 0 0 0 0
0 0 0 0 0 0 0 0 0 0 0 0 0 0 0 0 0 0 0 0 0 0 0 0 0 0 0 0 0 0 0 0 0 0 0 0 0 0 0 0 0 0 0 0 0 0 0 0 0 0 0 0 0 0 0 0 0 0 0 0 0 0 0 0 0 0 0 0
0 0 0 0 0 0 0 0 0 0 0 0 0 0 0 0 0 0 0 0 0 0 0 0 0 0 0 0 0 0 0 0 0 0 0 0 0 0 0 0 0 0 0 0 0 0 0 0 0 0 0 0 0 0 0 0 0 0 0 0 0 0 0 0 0 0 0 0
0 0 0 0 0 0 0 0 0 0 0 0 0 0 0 0 0 0 0 0 0 0 0 0 0 0 0 0 0 0 0 0 0 0 0 0 0 0 0 0 0 0 0 0 0 0 0 0 0 0 0 0 0 0 0 0 0 0 0 0 0 0 0 0 0 0 0 0
0 0 0 0 0 0 0 0 0 0 0 0 0 0 0 0 0 0 0 0 0 0 0 0 0 0 0 0 0 0 0 0 0 0 0 0 0 0 0 0 0 0 0 0 0 0 0 0 0 0 0 0 0 0 0 0 0 0 0 0 0 0 0 0 0 0 0 0
