Scenarios/Global_Grid/data/country_data_population_distribution/processed/density_grids/cod.asc
ncols 463
nrows 465
xllcorner 12
yllcorner -13
[rows 330 to 362 of 465, columns 365 to 437 of 463]
179.2487 55.67931 28.81773 28.81773 28.81773 28.81773 28.81773 28.81773 28.81773 28.81773 28.81773 28.81773 28.81773 28.81773 28.81773 28.81773 28.81773 28.81773 28.81773 28.81773 28.83404 38.70557 56.77445 57.18581 50.64743 61.44769 61.83804 61.83804 61.83804 61.83804 61.83804 61.83804 61.83804 61.83804 61.83804 61.83804 61.83804 61.83804 61.83804 61.83804 61.83804 61.83804 61.83804 61.83804 61.83804 61.83804 61.83804 61.83804 61.83804 61.83804 61.83804 61.83804 61.83804 61.83804 61.78822 61.61796 61.43442 61.24917 0 0 0 0 0 0 0 0 0 0 0 0 0 0 0
84.17654 28.81773 28.81773 28.81773 28.81773 28.81773 28.81773 28.81773 28.81773 28.81773 28.81773 28.81773 28.81773 28.81773 28.81773 28.81773 28.81773 28.81773 29.23194 42.49363 54.4585 61.83804 61.83804 61.83804 61.83804 61.83804 61.83804 61.83804 61.83804 61.83804 61.83804 61.83804 61.83804 61.83804 61.83804 61.83804 61.83804 61.83804 61.83804 61.83804 61.83804 61.83804 61.83804 61.83804 61.83804 61.83804 61.83804 61.78361 61.60609 61.42342 61.24131 0 0 0 0 0 0 0 0 0 0 0 0 0 0 0 0 0 0 0 0 0 0
28.81773 28.81773 28.81773 28.81773 28.81773 28.81773 28.81773 28.81773 28.81773 28.81773 28.81773 28.81773 28.81773 28.81773 28.81773 28.81773 28.81773 28.84653 47.8185 61.83803 61.83804 61.83804 61.83804 61.83804 61.83804 61.83804 61.83804 61.83804 61.83804 61.83804 61.83804 61.83804 61.83804 61.83804 61.83804 61.83804 61.83804 61.83804 61.83804 61.83804 61.83803 61.83804 61.83803 61.83804 61.62748 0 0 0 0 0 0 0 0 0 0 0 0 0 0 0 0 0 0 0 0 0 0 0 0 0 0 0 0
28.83045 28.81773 28.81773 28.81773 28.81773 28.81773 28.81773 28.81773 28.81773 28.81773 28.81773 28.81773 28.81773 28.81773 28.81773 28.81773 32.42913 42.56535 61.83804 61.83804 61.83803 61.83804 61.83804 61.83804 61.83804 61.83804 61.83804 61.83804 61.83804 61.83804 61.83804 61.83804 61.83804 61.83803 61.83804 61.83804 61.83804 61.83804 61.83804 61.83804 61.83804 61.83804 61.83804 61.83804 0 0 0 0 0 0 0 0 0 0 0 0 0 0 0 0 0 0 0 0 0 0 0 0 0 0 0 0 0
138.6779 30.26306 28.81773 28.81773 28.81773 28.81773 28.81773 28.81773 28.81773 28.81773 28.81773 28.81773 28.81773 28.81773 28.81773 35.53411 57.19763 61.83804 61.83804 61.83804 61.83804 61.83804 61.83804 61.83804 61.83804 61.83804 61.83804 61.83804 61.83804 61.83804 61.83804 61.83804 61.83804 61.83804 61.83804 61.83804 61.83804 61.83803 61.83804 61.83804 61.83804 61.83804 61.83804 61.83803 0 0 0 0 0 0 0 0 0 0 0 0 0 0 0 0 0 0 0 0 0 0 0 0 0 0 0 0 0
38.24325 28.81773 28.81773 28.81773 28.81773 28.81773 28.81773 28.81773 28.81773 28.81773 28.81773 28.81773 28.81773 28.81773 37.96199 60.14764 61.83804 61.83804 61.83804 61.83804 61.83804 61.83804 61.83804 61.83804 61.83804 61.83804 61.83804 61.83804 61.83804 61.83804 61.83804 61.83804 61.83804 61.83804 61.83804 61.83804 61.83804 61.83804 61.83804 61.83804 61.83804 61.83804 61.83804 0 0 0 0 0 0 0 0 0 0 0 0 0 0 0 0 0 0 0 0 0 0 0 0 0 0 0 0 0 0
28.81773 28.81773 28.81773 28.81773 28.81773 28.81773 28.81773 28.81773 28.81773 28.81773 28.81773 28.81773 28.81773 28.81773 39.57788 61.83804 61.83804 61.83804 61.83804 61.83804 61.83804 61.83804 61.83804 61.83804 61.83804 61.83804 61.83804 61.83804 61.83804 61.83804 61.83804 61.83804 61.83804 61.83804 61.83804 61.83804 61.83804 61.83804 61.83804 61.83804 61.83804 61.83804 0 0 0 0 0 0 0 0 0 0 0 0 0 0 0 0 0 0 0 0 0 0 0 0 0 0 0 0 0 0 0
28.81773 28.81773 28.81773 28.81773 28.81773 28.81773 28.81773 28.81773 28.81773 28.81773 28.81773 28.81773 28.81773 28.81773 28.90398 54.43095 61.83804 61.83804 61.83804 61.83804 61.83804 61.83804 61.83804 61.83804 61.83804 61.83804 61.83804 61.83804 61.83804 61.83804 61.83804 61.83804 61.83804 61.83804 61.83804 61.83804 61.83804 61.83804 61.83804 61.83804 61.83804 61.83804 0 0 0 0 0 0 0 0 0 0 0 0 0 0 0 0 0 0 0 0 0 0 0 0 0 0 0 0 0 0 0
28.81773 28.81773 28.81773 28.81773 28.81773 28.81773 28.81773 28.81773 28.81773 28.81773 28.81773 28.81773 28.81773 28.81773 35.07878 57.90458 61.83804 61.83804 61.83804 61.83804 61.83804 61.83804 61.83804 61.83804 61.83804 61.83804 61.83804 61.83804 61.83804 61.83804 61.83804 61.83804 61.83804 61.83804 61.83804 61.83804 61.83804 61.83804 61.83804 61.83804 61.83804 0 0 0 0 0 0 0 0 0 0 0 0 0 0 0 0 0 0 0 0 0 0 0 0 0 0 0 0 0 0 0 0
28.81773 28.81773 28.81773 28.81773 28.81773 28.81773 28.81773 28.81773 28.81773 28.81773 28.81773 28.81773 28.81773 29.62886 55.82253 61.83803 61.83804 61.83803 61.83804 61.83803 61.83804 61.83803 61.83804 61.83803 61.83804 61.83804 61.83804 61.83804 61.83803 61.83804 61.83803 61.83804 61.83803 61.83804 61.83803 61.83804 61.83803 61.83804 61.83804 0 0 0 0 0 0 0 0 0 0 0 0 0 0 0 0 0 0 0 0 0 0 0 0 0 0 0 0 0 0 0 0 0 0
28.81773 28.81773 28.81773 28.81773 28.81773 28.81773 28.81773 28.81773 28.81773 28.81773 28.81773 28.81773 28.81773 37.16457 61.83804 61.83804 61.83804 61.83804 61.83804 61.83804 61.83804 61.83804 61.83804 61.83804 61.83804 61.83804 61.83804 61.83804 61.83804 61.83804 61.83804 61.83804 61.83804 61.83804 61.83804 61.83804 61.83804 61.83804 61.83803 0 0 0 0 0 0 0 0 0 0 0 0 0 0 0 0 0 0 0 0 0 0 0 0 0 0 0 0 0 0 0 0 0 0
28.81773 28.81773 28.81773 28.81773 28.81773 28.81773 28.81773 28.81773 28.81773 28.81773 28.81773 28.81773 28.81773 30.79936 50.18806 58.1604 56.7066 60.15915 61.83804 61.83804 61.83804 61.83804 61.83804 61.83804 61.83804 61.83804 61.83804 61.83804 61.83804 61.83804 61.83804 61.83804 61.83804 61.83804 61.83804 61.83804 61.83803 61.83804 0 0 0 0 0 0 0 0 0 0 0 0 0 0 0 0 0 0 0 0 0 0 0 0 0 0 0 0 0 0 0 0 0 0 0
28.81773 28.81773 28.81773 28.81773 28.81773 28.81773 28.81773 28.81773 28.81773 28.81773 28.81773 28.81773 28.81773 28.81773 28.81773 28.81773 28.81773 34.90947 61.83767 61.83804 61.83804 61.83804 61.83804 61.83804 61.83804 61.83804 61.83804 61.83804 61.83804 61.83804 61.83804 61.83804 61.83804 61.83804 61.83804 61.83803 61.83803 0 0 0 0 0 0 0 0 0 0 0 0 0 0 0 0 0 0 0 0 0 0 0 0 0 0 0 0 0 0 0 0 0 0 0 0
28.81773 28.81773 28.81773 28.81773 28.81773 28.81773 28.81773 28.81773 28.81773 28.81773 28.81773 28.81773 28.81773 28.81773 28.81773 28.81773 28.81773 28.81773 60.13549 61.83804 61.83804 61.83804 61.83804 61.83804 61.83804 61.83804 61.83804 61.83804 61.83804 61.83804 61.83804 61.83804 61.83804 61.83804 61.83804 61.83804 0 0 0 0 0 0 0 0 0 0 0 0 0 0 0 0 0 0 0 0 0 0 0 0 0 0 0 0 0 0 0 0 0 0 0 0 0
28.81773 28.81773 28.81773 28.81773 28.81773 28.81773 28.81773 28.81773 28.81773 28.81773 28.81773 28.81773 28.81773 28.81773 28.81773 28.81773 28.81773 30.30902 60.86243 61.83804 61.83804 61.83804 61.83804 61.83804 61.83804 61.83804 61.83804 61.83804 61.83804 61.83804 61.83804 61.83804 61.83804 61.83804 61.83804 0 0 0 0 0 0 0 0 0 0 0 0 0 0 0 0 0 0 0 0 0 0 0 0 0 0 0 0 0 0 0 0 0 0 0 0 0 0
28.81773 28.81773 28.81773 28.81773 28.81773 28.81773 28.81773 28.81773 28.81773 28.81773 28.81773 28.81773 28.81773 28.81773 28.81773 28.81773 31.80906 50.84813 61.83804 61.83804 61.83803 61.83804 61.83804 61.83804 61.83804 61.83804 61.83804 61.83804 61.83804 61.83804 61.83804 61.83804 61.83803 61.83803 0 0 0 0 0 0 0 0 0 0 0 0 0 0 0 0 0 0 0 0 0 0 0 0 0 0 0 0 0 0 0 0 0 0 0 0 0 0 0
28.81773 28.81773 28.81773 28.81773 28.81773 28.81773 28.81773 28.81773 28.81773 28.81773 28.81773 28.81773 28.81773 28.81773 28.81773 45.49264 61.139 61.83804 61.83804 61.83804 61.83804 61.83804 61.83804 61.83804 61.83804 61.83804 61.83804 61.83804 61.83804 61.83804 61.83804 61.83804 61.83804 0 0 0 0 0 0 0 0 0 0 0 0 0 0 0 0 0 0 0 0 0 0 0 0 0 0 0 0 0 0 0 0 0 0 0 0 0 0 0 0
28.81773 28.81773 28.81773 28.81773 28.81773 28.81773 28.81773 28.81773 28.81773 28.81773 28.81773 28.81773 28.81773 28.81773 38.2656 61.83332 61.83804 61.83804 61.83804 61.83804 61.83804 61.83804 61.83804 61.83804 61.83804 61.83804 61.83804 61.83804 61.83804 61.83804 61.83804 61.83804 0 0 0 0 0 0 0 0 0 0 0 0 0 0 0 0 0 0 0 0 0 0 0 0 0 0 0 0 0 0 0 0 0 0 0 0 0 0 0 0 0
28.81773 28.81773 28.81773 28.81773 28.81773 28.81773 28.81773 28.81773 28.81773 28.81773 28.81773 28.81773 28.81773 28.81773 48.7216 61.83804 61.83804 61.83803 61.83804 61.83804 61.83804 61.83803 61.83804 61.83804 61.83804 61.83804 61.83804 61.83804 61.83803 61.83804 61.83803 61.83804 0 0 0 0 0 0 0 0 0 0 0 0 0 0 0 0 0 0 0 0 0 0 0 0 0 0 0 0 0 0 0 0 0 0 0 0 0 0 0 0 0
28.81773 28.81773 28.81773 28.81773 28.81773 28.81773 28.81773 28.81773 28.81773 28.81773 28.81773 28.81773 28.81773 28.81773 32.63353 55.79636 61.83804 61.83804 61.83804 61.83804 61.83804 61.83804 61.83804 61.83804 61.83804 61.83804 61.83804 61.83804 61.83804 61.83804 61.83804 61.83803 0 0 0 0 0 0 0 0 0 0 0 0 0 0 0 0 0 0 0 0 0 0 0 0 0 0 0 0 0 0 0 0 0 0 0 0 0 0 0 0 0
28.81773 28.81773 28.81773 28.81773 28.81773 28.81773 28.81773 28.81773 28.81773 28.81773 28.81773 28.81773 28.81773 28.81773 28.81773 38.44821 59.61795 61.83804 61.83804 61.83804 61.83804 61.83804 61.83804 61.83804 61.83804 61.83804 61.83804 61.83804 61.83804 61.83804 61.83804 61.83804 78.16234 0 0 0 0 0 0 0 0 0 0 0 0 0 0 0 0 0 0 0 0 0 0 0 0 0 0 0 0 0 0 0 0 0 0 0 0 0 0 0 0
28.81773 28.81773 28.81773 28.81773 28.81773 28.81773 28.81773 28.81773 28.81773 28.81773 28.81773 28.81773 28.81773 28.81773 28.81773 28.81773 33.94656 54.51361 61.83804 61.83804 61.83804 61.83804 61.83804 61.83804 61.83804 61.83804 61.83804 61.83804 61.83804 61.83804 61.83804 61.83804 0 0 0 0 0 0 0 0 0 0 0 0 0 0 0 0 0 0 0 0 0 0 0 0 0 0 0 0 0 0 0 0 0 0 0 0 0 0 0 0 0
28.81773 28.81773 28.81773 28.81773 28.81773 28.81773 28.81773 28.81773 28.81773 28.81773 28.81773 28.81773 28.81773 28.81773 28.81773 28.81773 28.81773 31.74622 58.08311 61.83803 61.83804 61.83803 61.83804 61.83804 61.83804 61.83804 61.83804 61.83804 61.83804 61.83803 61.83804 61.83803 0 0 0 0 0 0 0 0 0 0 0 0 0 0 0 0 0 0 0 0 0 0 0 0 0 0 0 0 0 0 0 0 0 0 0 0 0 0 0 0 0
28.81773 28.81773 28.81773 28.81773 28.81773 28.81773 28.81773 28.81773 28.81773 28.81773 28.81773 28.81773 28.81773 28.81773 28.81773 28.81773 28.81773 32.90718 61.83803 61.83804 61.83803 61.83804 61.83803 61.83804 61.83803 61.83803 61.83803 61.83803 61.83804 61.83804 61.83804 61.83803 0 0 0 0 0 0 0 0 0 0 0 0 0 0 0 0 0 0 0 0 0 0 0 0 0 0 0 0 0 0 0 0 0 0 0 0 0 0 0 0 0
28.81773 28.81773 28.81773 28.81773 28.81773 28.81773 28.81773 28.81773 28.81773 28.81773 28.81773 28.81773 28.81773 28.81773 28.81773 28.81773 28.81773 43.41938 61.83804 61.83804 61.83804 61.83804 61.83804 61.83804 61.83804 61.83804 61.83804 61.83804 61.83804 61.83804 61.83804 61.83803 0 0 38.05742 44.0817 0 0 0 0 0 0 0 0 0 0 0 0 0 0 0 0 0 0 0 0 0 0 0 0 0 0 0 0 0 0 0 0 0 0 0 0 0
28.81773 28.81773 28.81773 28.81773 28.81773 28.81773 28.81773 28.81773 28.81773 28.81773 28.81773 28.81773 28.81773 28.81773 28.81773 28.81773 28.996 59.65914 61.83804 61.83804 61.83804 61.83804 61.83804 61.83804 61.83804 61.83804 61.83804 61.83804 61.83804 61.83804 61.83804 61.83803 61.83804 0 38.05742 0 0 0 0 0 0 0 0 0 0 0 0 0 0 0 0 0 0 0 0 0 0 0 0 0 0 0 0 0 0 0 0 0 0 0 0 0 0
28.81773 28.81773 28.81773 28.81773 28.81773 28.81773 28.81773 28.81773 28.81773 28.81773 28.81773 28.81773 28.81773 28.81773 28.81773 28.81773 32.32475 60.29269 61.83804 61.83804 61.83804 61.83804 61.83804 61.83804 61.83804 61.83804 61.83804 61.83804 61.83804 61.83804 61.83804 61.83803 0 0 38.05742 43.38925 0 0 0 0 0 0 0 0 0 0 0 0 0 0 0 0 0 0 0 0 0 0 0 0 0 0 0 0 0 0 0 0 0 0 0 0 0
28.81773 28.81773 28.81773 28.81773 28.81773 28.81773 28.81773 28.81773 28.81773 28.81773 28.81773 28.81773 28.81773 28.81773 28.81773 28.81773 47.05792 61.83804 61.83804 61.83804 61.83804 61.83804 61.83804 61.83804 61.83804 61.83804 61.83804 61.83804 61.83804 61.83804 61.83804 61.83804 61.83803 48.8711 38.05742 38.05742 50.0459 0 0 0 0 0 0 0 0 0 0 0 0 0 0 0 0 0 0 0 0 0 0 0 0 0 0 0 0 0 0 0 0 0 0 0 0
28.81773 28.81773 28.81773 28.81773 28.81773 28.81773 28.81773 28.81773 28.81773 28.81773 28.81773 28.81773 28.81773 28.81773 28.81773 28.81773 50.70654 61.83804 61.83804 61.83804 61.83804 61.83804 61.83804 61.83804 61.83804 61.83804 61.83804 61.83804 61.83804 61.83804 61.83804 61.83804 61.83804 45.05737 38.05742 38.05742 42.45297 0 0 0 0 0 0 0 0 0 0 0 0 0 0 0 0 0 0 0 0 0 0 0 0 0 0 0 0 0 0 0 0 0 0 0 0
28.81773 28.81773 28.81773 28.81773 28.81773 28.81773 28.81773 28.81773 28.81773 28.81773 28.81773 28.81773 28.81773 28.81773 28.81773 28.81773 52.87877 61.83804 61.83804 61.83804 61.83804 61.83804 61.83804 61.83804 61.83804 61.83804 61.83804 61.83804 61.83804 61.83804 61.83804 61.83804 61.55389 40.12463 38.05742 38.05742 38.05742 51.86465 0 0 0 0 0 0 0 0 0 0 0 0 0 0 0 0 0 0 0 0 0 0 0 0 0 0 0 0 0 0 0 0 0 0 0
28.81773 28.81773 28.81773 28.81773 28.81773 28.81773 28.81773 28.81773 28.81773 28.81773 28.81773 28.81773 28.81773 28.81773 28.81773 29.19057 59.75772 61.83804 60.09518 48.8951 61.80105 61.83804 61.83804 61.83804 61.83804 60.87142 46.86486 47.33559 46.34135 55.11512 57.16688 45.2068 39.33702 38.05742 38.05742 38.05742 38.05742 43.25076 0 0 0 0 0 0 0 0 0 0 0 0 0 0 0 0 0 0 0 0 0 0 0 0 0 0 0 0 0 0 0 0 0 0 0
28.81773 28.81773 28.81773 28.81773 28.81773 28.81773 28.81773 28.81773 28.81773 28.81773 28.81773 28.81773 28.81773 28.81773 28.81773 28.81773 46.70042 61.77238 41.95355 38.05742 53.08104 61.7909 55.3097 61.23895 61.83804 53.26613 47.24511 38.05742 38.05742 38.22645 38.05742 38.05742 38.05742 38.05742 38.05742 38.05742 38.05742 38.05742 0 0 0 0 0 0 0 0 0 0 0 0 0 0 0 0 0 0 0 0 0 0 0 0 0 0 0 0 0 0 0 0 0 0 0
28.81773 28.81773 28.81773 28.81773 28.81773 28.81773 28.81773 28.81773 28.81773 28.81773 28.81773 28.81773 28.81773 28.81773 28.81773 28.81773 32.57849 59.75696 38.05742 38.05742 39.40206 47.99959 38.05742 47.54095 61.38719 39.81605 38.05742 38.05742 38.05742 38.05742 38.05742 38.05742 38.05742 38.05742 38.05742 38.05742 38.05742 38.59967 0 0 0 0 0 0 0 0 0 0 0 0 0 0 0 0 0 0 0 0 0 0 0 0 0 0 0 0 0 0 0 0 0 0 0
