Scenarios/Global_Grid/data/country_data_population_distribution/processed/density_grids/cod.asc
ncols 463
nrows 465
xllcorner 12
yllcorner -13
[rows 264 to 296 of 465, columns 146 to 218 of 463]
50.09599 50.09599 50.09599 50.09599 50.09599 50.09599 50.09599 50.09599 50.09599 48.77395 45.75843 45.75843 45.75843 45.75843 45.75843 45.75843 45.75843 45.75843 45.75843 45.75843 45.75844 45.75843 45.75843 45.75843 45.75844 45.75843 45.75843 45.75843 45.75844 45.75844 45.75843 45.75843 45.75843 45.75843 45.75843 45.75843 50.21949 59.3081 59.19804 51.67233 58.50104 53.55765 45.75843 45.75843 45.75843 45.75843 45.75843 45.75843 45.75843 45.75844 45.75843 45.75843 45.75844 45.75843 52.37502 55.62102 55.62101 55.62101 55.62102 55.62102 55.62101 55.62102 55.62101 55.62102 55.62101 55.62102 55.62101 55.62102 55.62102 55.62101 64.28697 82.3663 82.3663
31.98416 47.86687 43.54322 50.09599 50.09599 50.09599 50.09599 50.09599 50.09599 49.16564 46.8049 45.75844 45.75844 46.48632 47.29333 46.44165 45.75844 45.75844 45.75844 45.75844 45.75844 45.75844 45.75844 45.75844 45.75844 45.75844 45.75844 45.75844 45.75844 45.75844 45.75844 45.75844 45.75844 45.75844 45.75844 45.75844 48.37292 59.30811 56.6853 45.75844 45.75844 45.75844 45.75844 45.75844 45.75844 45.75844 45.75844 45.75844 45.75844 45.75844 45.75843 45.75844 45.75844 45.75844 53.55656 55.62102 55.62102 55.62102 55.62102 55.62102 55.62102 55.62102 55.62102 55.62102 55.62102 55.62102 55.62102 55.62102 55.62102 55.62102 68.32322 82.3663 82.3663
17.63131 17.63131 19.49001 25.85611 44.59894 50.09599 50.09599 50.09599 50.09599 50.09599 49.09839 48.27861 48.91616 49.97953 50.09599 48.91341 45.75844 45.75843 45.75844 45.75843 45.75844 45.75843 45.75844 45.75844 45.75843 45.75844 45.75843 45.75844 45.75843 45.75844 45.75843 45.75844 45.75843 45.75844 45.75843 45.75844 45.80172 57.3561 53.04924 45.75844 45.75843 45.75844 45.75843 45.75844 45.75843 45.75843 45.75843 45.75843 45.75843 45.75844 45.75843 45.75844 45.75844 45.82753 55.19817 55.62102 55.62102 55.62102 55.62102 55.62102 55.62102 55.62102 55.62102 55.62102 55.62102 55.62102 55.62102 55.62102 55.62102 59.31919 88.44627 82.3663 82.3663
17.63131 17.63131 17.63131 17.63131 26.38842 50.09599 49.54046 42.40546 50.09599 50.09599 50.09599 48.41746 50.09599 50.09599 50.09599 49.04648 45.75844 45.75844 45.75844 45.75844 45.75843 45.75844 45.75844 45.75844 45.75844 45.75844 45.75843 45.75844 45.75844 45.75843 45.75844 45.75844 45.75844 45.75843 45.75844 45.75844 45.75844 46.32327 45.79773 45.75843 45.75844 45.75844 45.75844 45.75844 45.75844 45.75844 45.75844 45.75844 45.75844 45.75843 45.75844 45.75843 45.79714 51.63292 55.62101 55.62102 55.62102 55.62103 55.62103 55.62102 55.62103 55.62103 55.62102 55.62103 55.62102 55.62102 55.62102 58.29476 108.4264 117.6033 122.6364 91.96383 82.3663
17.63131 17.63131 17.63131 17.63131 28.23441 42.51028 38.21035 23.94504 50.09599 50.09599 35.30019 24.50733 37.83793 50.08568 50.09599 49.02746 45.75843 45.75844 45.75843 45.75844 45.75843 45.75844 45.75843 45.75843 45.75844 45.75843 45.75843 45.75843 45.75844 45.75843 45.75844 45.75843 45.75844 45.75843 45.75844 45.75843 45.75844 45.75843 45.75843 45.75843 45.75844 45.75843 45.75844 45.75843 45.75844 45.75843 45.75843 45.75843 45.75844 45.75843 45.75844 45.75844 62.13945 120.3329 99.69342 101.1589 71.16402 55.62102 55.62102 55.62102 55.62102 55.62102 55.62102 55.62102 55.62102 55.62102 56.39479 119.8185 124.235 124.2351 124.235 118.2886 97.92162
17.63131 17.63131 17.63131 17.63131 25.734 44.51598 28.10755 21.18447 39.19246 34.35257 17.81531 17.63131 17.63131 31.09191 46.3714 41.69867 45.75844 45.75844 45.75844 45.75844 45.75844 45.75844 45.75844 45.75844 45.75844 45.75844 45.75844 45.75844 45.75844 45.75844 45.75844 45.75844 45.75844 45.75844 45.75844 45.75844 45.75844 45.75844 45.75844 45.75844 45.75844 45.75844 45.75844 45.75844 45.75844 45.75844 45.75844 45.75844 45.75844 45.75844 45.75843 70.64201 111.5087 124.2351 124.2351 124.2351 121.0583 70.66801 55.62102 55.62102 59.3209 81.02654 101.0407 76.34251 55.83435 64.62907 106.6268 124.2351 124.2351 124.2351 124.2351 124.2351 124.2351
17.63131 17.63131 17.63131 17.63131 17.63131 19.09876 18.7491 17.63131 17.63131 17.63131 17.63131 17.63131 17.63131 17.63131 20.0305 37.19686 45.75844 45.75844 45.75844 45.75844 45.75844 45.75844 45.75844 45.75844 45.75844 45.75844 45.75844 45.75844 45.75844 45.75844 45.75844 45.75844 45.75844 45.75844 45.75844 45.75844 45.75844 45.75844 45.75844 45.75844 45.75844 45.75844 45.75844 45.75844 45.75844 45.75844 45.75844 45.75844 45.75844 45.75844 53.19872 122.9048 124.235 124.2351 124.2351 124.2351 124.2351 106.9479 79.66208 89.03209 118.0033 124.2351 124.2351 124.2351 103.5709 112.7404 124.2351 124.2351 124.2351 124.2351 124.2351 124.2351 124.2351
17.63131 17.63131 17.63131 17.63131 17.63131 17.63131 17.63131 17.63131 17.63131 17.63131 17.63131 17.63131 17.63131 17.63131 17.99016 43.85815 45.75843 45.75844 45.75843 45.75844 45.75844 45.75844 45.75843 45.75843 45.75844 45.75843 45.75843 45.75843 45.75843 45.75843 45.75844 45.75844 45.75844 45.75844 45.75844 45.75843 45.75843 45.75843 45.75844 45.75844 45.75843 45.75843 45.75844 45.75843 45.75844 45.75844 45.75844 45.75844 45.75844 45.75844 86.67673 124.235 124.235 124.235 124.235 124.235 124.2351 124.235 124.235 124.235 124.2351 124.235 124.2351 124.2351 124.235 124.2351 124.2351 124.235 124.235 124.2351 124.235 124.235 124.235
17.63131 17.63131 17.63131 17.63131 17.63131 17.63131 17.63131 17.63131 17.63131 17.63131 17.63131 17.63131 17.63131 17.63131 18.54949 37.27322 35.08131 29.21576 32.22874 45.75844 45.75844 45.75844 45.75844 45.75844 45.75844 45.75844 45.75844 45.75844 45.75844 45.75844 45.75844 45.75844 45.75844 45.75844 45.75844 45.75844 45.75844 45.75844 45.75844 45.75844 45.75844 45.75844 45.75843 45.75844 45.75844 45.75844 45.75844 47.51858 57.65308 93.33533 124.1909 124.2351 124.2351 124.235 124.2351 124.2351 124.235 124.2351 124.235 124.2351 124.235 124.2351 124.235 124.2351 124.2351 124.2351 124.235 124.2351 124.2351 124.235 124.2351 124.2351 124.2351
17.63131 17.63131 17.63131 17.63131 17.63131 17.63131 17.63131 17.63131 17.63131 17.63131 17.63131 17.63131 17.63131 17.63131 17.63131 17.63131 17.63131 17.63131 23.84373 45.75844 45.75844 45.75843 45.75844 45.75844 45.75843 45.75844 45.75844 45.75844 45.75843 45.75844 45.75843 45.75844 45.75843 45.75844 45.75843 45.75844 45.75843 45.75844 45.75843 45.75844 45.75844 45.75844 45.75843 45.75844 45.75844 46.10974 67.01273 111.2722 124.235 124.235 124.235 124.2351 124.2351 124.2351 124.2351 124.2351 124.235 124.2351 124.2351 124.2351 124.235 124.2351 124.2351 124.2351 124.235 124.2351 124.2351 124.2351 124.2351 124.2351 124.2351 124.2351 124.2351
17.63131 17.63131 17.63131 17.63131 17.63131 17.63131 17.63131 17.63131 17.63131 17.63131 17.63131 17.63131 17.63131 17.63131 17.63131 17.63131 17.63131 17.63131 18.05366 43.12063 45.75843 45.75844 45.75844 45.75843 45.75844 45.75843 45.75844 45.75843 45.75844 45.75843 45.75844 45.75843 45.75844 45.75844 45.75844 45.75844 45.75844 45.75843 45.75844 45.75843 45.75844 45.75843 45.75844 45.75843 47.2417 84.93119 124.2351 124.2351 124.235 124.235 124.235 124.2351 124.2351 124.235 124.235 124.235 124.235 124.2351 124.2351 124.235 124.2351 124.235 124.2351 124.235 124.235 124.235 124.2351 124.235 124.235 124.235 124.2351 124.2351 124.235
17.63131 17.63131 17.63131 17.63131 17.63131 17.63131 17.63131 17.63131 17.63131 17.63131 17.63131 17.63131 17.63131 17.63131 17.63131 17.63131 17.63131 17.63131 17.63131 33.29014 44.9032 34.58252 43.45789 45.75843 45.75844 45.75844 45.75844 45.75844 45.75844 45.75844 44.93391 31.77379 42.16711 45.50828 43.60677 45.20368 45.75844 45.75844 45.75844 45.75844 45.75844 45.75843 45.75844 53.69827 105.5344 124.2351 124.2351 124.235 124.235 124.2351 124.2351 124.2351 124.2351 124.235 124.235 124.2351 124.2351 124.2351 124.2351 124.235 124.2351 124.2351 124.2351 124.2351 124.2351 124.235 124.2351 124.2351 124.2351 124.2351 124.2351 124.2351 124.235
17.63131 17.63131 17.63131 17.63131 17.63131 17.63131 17.63131 17.63131 17.63131 17.63131 17.63131 17.63131 17.63131 17.63131 17.63131 17.63131 17.63131 17.63131 17.63131 19.72009 21.02807 18.22838 26.91164 45.75844 45.75844 45.75844 45.75844 45.75844 45.75844 45.75844 34.95089 17.63131 17.92191 21.60722 17.73635 37.80392 45.75844 45.75844 45.75844 45.75844 45.75844 45.75844 52.55397 112.3111 124.2351 124.235 124.235 124.235 124.2351 124.235 124.235 124.235 124.235 124.235 124.2351 124.235 124.2351 124.235 124.235 124.235 124.2351 124.235 124.2351 124.235 124.2351 124.235 124.2351 124.235 124.235 124.2351 124.235 124.235 124.235
17.63131 17.63131 17.63131 17.63131 17.63131 17.63131 17.63131 17.63131 17.63131 17.63131 17.63131 17.63131 17.63131 17.63131 17.63131 17.63131 17.63131 17.63131 17.63131 17.63131 17.63131 17.83284 29.54795 45.75844 45.75843 45.75844 45.75844 45.75844 33.22385 34.6497 21.87921 17.63131 17.63131 19.91061 39.79566 45.75844 45.75843 45.75844 45.75843 45.75844 45.75844 45.75843 76.55164 124.2351 124.235 124.235 124.235 124.235 124.2351 124.235 124.235 124.235 124.235 124.235 124.235 124.235 124.235 124.235 124.2351 124.235 124.235 124.235 124.235 124.235 124.235 124.2351 124.235 124.235 124.235 124.235 124.235 124.2351 124.235
17.63131 17.63131 17.63131 17.63131 17.63131 17.63131 17.63131 17.63131 17.63131 17.63131 17.63131 17.63131 17.63131 17.63131 17.63131 17.63131 17.63131 17.63131 17.63131 17.63131 17.63131 17.63131 30.86719 35.62218 42.42278 45.75844 45.75843 38.75409 18.80075 17.63131 17.63131 17.63131 17.63131 36.15093 45.75844 45.75844 45.75843 45.75844 45.75843 45.75843 45.75844 45.75843 84.63268 124.235 124.235 124.235 124.235 124.235 124.235 124.235 124.235 124.235 124.235 124.235 124.235 124.235 124.235 124.235 124.235 124.235 124.235 124.235 124.235 124.235 124.235 124.235 124.2351 124.235 124.235 124.235 124.235 124.235 124.235
17.63131 17.63131 17.63131 17.63131 17.63131 17.63131 17.63131 17.63131 17.63131 17.63131 17.63131 17.63131 17.63131 17.63131 17.63131 17.63131 17.63131 17.63131 17.63131 17.63131 17.63131 17.63131 17.63131 17.63131 34.94845 44.44186 34.88414 24.41276 17.63131 17.63131 17.63131 17.63131 17.63131 40.98952 45.75844 45.75844 43.22017 45.01977 45.75844 45.75844 45.75844 45.75844 74.97451 124.2351 124.235 124.2351 124.2351 124.2351 124.235 124.2351 124.235 124.2351 124.2351 124.2351 124.235 124.2351 124.235 124.2351 124.2351 124.2351 124.235 124.2351 124.235 124.2351 124.235 124.2351 124.235 124.2351 124.2351 124.235 124.2351 124.2351 124.2351
17.63131 17.63131 17.63131 17.63131 17.63131 17.63131 17.63131 17.63131 17.63131 17.63131 17.63131 17.63131 17.63131 17.63131 17.63131 17.63131 17.63131 17.63131 17.63131 17.63131 17.63131 17.63131 17.63131 17.63131 24.06736 23.03872 17.63131 17.63131 17.63131 17.63131 17.63131 17.63131 17.63131 31.04058 45.75843 45.49048 23.98774 26.3155 38.17924 45.75844 45.75844 45.75844 81.66527 124.2351 124.2351 124.235 124.235 124.235 124.235 124.235 124.2351 124.235 124.235 124.235 124.2351 124.235 124.235 124.235 124.235 124.235 124.2351 124.235 124.2351 124.235 124.235 124.235 124.235 124.2351 124.235 124.235 124.235 124.235 124.235
17.63131 17.63131 17.63131 17.63131 17.63131 17.63131 17.63131 17.63131 17.63131 17.63131 17.63131 17.63131 17.63131 17.63131 17.63131 17.63131 17.63131 17.63131 17.63131 17.63131 17.63131 17.63131 17.63131 17.63131 17.63131 17.63131 17.63131 17.63131 17.63131 17.63131 17.63131 17.63131 17.63131 21.99609 45.75844 38.48082 21.36469 21.36469 21.36751 25.91309 32.49941 32.25971 58.04349 124.2351 124.2351 124.2351 124.2351 124.2351 124.2351 124.2351 124.2351 124.2351 124.2351 124.2351 124.2351 124.2351 124.2351 124.2351 124.2351 124.2351 124.2351 124.2351 124.2351 124.2351 124.2351 124.2351 124.2351 124.2351 124.2351 124.2351 124.2351 124.2351 124.2351
17.63131 17.63131 17.63131 17.63131 17.63131 17.63131 17.63131 17.63131 17.63131 17.63131 17.63131 17.63131 17.63131 17.63131 17.63131 17.63131 17.63131 17.63131 17.63131 17.63131 17.63131 17.63131 17.63131 17.63131 17.63131 17.63131 17.63131 17.63131 17.63131 17.63131 17.63131 17.63131 17.63131 17.98433 28.4376 24.18052 21.36469 21.36469 21.36469 21.36469 21.36469 21.36469 29.39176 122.7321 124.235 124.235 124.2351 124.2351 124.2351 124.2351 124.235 124.2351 124.2351 124.2351 124.235 124.2351 124.235 124.2351 124.2351 124.2351 124.235 124.2351 124.235 124.2351 124.2351 124.2351 124.235 124.2351 124.2351 124.235 124.2351 124.2351 124.2351
17.63131 17.63131 17.63131 17.63131 17.63131 17.63131 17.63131 17.63131 17.63131 17.63131 17.63131 17.63131 17.63131 17.63131 17.63131 17.63131 17.63131 17.63131 17.63131 17.63131 17.63131 17.63131 17.63131 17.63131 17.63131 17.63131 17.63131 17.63131 17.63131 17.63131 17.63131 17.63131 17.63131 17.63131 20.60996 21.36469 21.36469 21.36469 21.36469 21.36469 21.36469 21.36469 22.47419 109.5284 124.2351 124.2351 124.235 124.235 124.2351 124.235 124.2351 124.235 124.235 124.235 124.2351 124.235 124.2351 124.235 124.235 124.235 124.2351 124.235 124.2351 124.235 124.2351 124.235 124.2351 124.235 124.235 124.235 124.235 124.235 124.235
17.63131 17.63131 17.63131 17.63131 17.63131 17.63131 17.63131 17.63131 17.63131 17.63131 17.63131 17.63131 17.63131 17.63131 17.63131 17.63131 17.63131 17.63131 17.63131 17.63131 17.63131 17.63131 17.63131 17.63131 17.63131 17.63131 17.63131 17.63131 17.63131 17.63131 17.63131 17.63131 17.63131 17.70426 21.07634 21.36469 21.36469 21.36469 21.36469 21.36469 21.36469 21.36469 22.04344 113.0981 124.235 124.2351 124.235 124.235 124.2351 124.235 124.235 124.235 124.235 124.235 124.2351 124.235 124.2351 124.235 124.235 124.235 124.2351 124.235 124.2351 124.235 124.2351 124.2351 124.2351 124.235 124.235 124.2351 124.235 124.235 124.235
19.32834 17.6482 17.63131 17.63131 17.63131 17.63131 17.63131 17.63131 17.63131 17.63131 17.63131 17.63131 17.63131 17.63131 17.63131 17.63131 17.63131 17.63131 17.63131 17.63131 17.63131 17.63131 17.63131 17.63131 17.63131 17.63131 17.63131 17.63131 17.63131 17.63131 17.63131 17.63131 17.63131 18.31861 21.36469 21.36469 21.36469 21.36469 21.36469 21.36469 21.36469 21.36469 29.17176 123.7575 124.2351 124.235 124.2351 124.2351 124.2351 124.2351 124.2351 124.2351 124.2351 124.2351 124.2351 124.2351 124.2351 124.235 124.2351 124.2351 124.2351 124.2351 124.2351 124.235 124.2351 124.2351 124.2351 124.235 124.2351 124.2351 124.2351 124.235 124.235
26.53612 21.5547 17.75651 17.63131 17.63131 17.63131 17.63131 17.63131 17.63131 17.63131 17.63131 17.63131 17.63131 17.63131 17.63131 17.63131 17.63131 17.63131 17.63131 17.63131 17.63131 17.63131 17.63131 17.63131 17.63131 17.63131 17.63131 17.63131 17.63131 17.63131 17.63131 17.63131 17.63131 18.74437 21.36469 21.36469 21.36469 21.36469 21.36469 21.36469 21.36469 21.36469 24.9216 122.2267 124.2351 124.235 124.235 124.235 124.2351 124.235 124.2351 124.235 124.235 124.2351 124.235 124.235 124.2351 124.235 124.235 124.235 124.2351 124.235 124.2351 124.235 124.2351 124.2351 124.235 124.235 124.235 124.2351 124.235 124.235 124.235
26.62835 26.62835 18.97624 19.24638 17.63131 17.63131 17.63131 17.63131 17.63131 17.63131 17.63131 17.63131 17.63131 17.63131 17.63131 17.63131 17.63131 17.63131 17.63131 17.63131 17.63131 17.63131 17.63131 17.63131 17.63131 17.63131 17.63131 17.63131 17.63131 17.63131 17.63131 17.63131 17.63131 19.89432 21.36469 21.36469 21.36469 21.36469 21.36469 21.36469 21.36469 21.36469 21.36469 86.23479 124.2351 124.235 124.235 124.235 124.235 124.235 124.235 124.235 124.2351 124.2351 124.235 124.235 124.2351 124.235 124.2351 124.235 124.2351 124.235 124.235 124.235 124.235 124.235 124.2351 124.235 124.235 124.235 124.235 124.235 124.235
26.62835 26.62835 25.89905 20.22687 17.63131 17.63131 17.63131 17.63131 17.63131 17.63131 17.63131 17.63131 17.63131 17.63131 17.63131 17.63131 17.63131 17.63131 17.63131 17.63131 17.63131 17.63131 17.63131 17.63131 17.63131 17.63131 17.63131 17.63131 17.63131 17.63131 17.63131 17.63131 17.69411 21.1592 21.36469 21.36469 21.36469 21.36469 21.36469 21.36469 21.36469 21.36469 21.36469 23.13887 94.0412 124.2351 124.2351 124.2351 124.2351 124.2351 124.2351 124.2351 124.235 124.2351 124.2351 124.2351 124.2351 124.2351 124.2351 124.2351 124.2351 124.2351 124.2351 124.2351 124.2351 124.2351 124.2351 124.2351 124.2351 124.2351 124.2351 124.2351 124.2351
26.62835 26.62835 26.62754 17.99628 17.63131 17.63131 17.63131 17.63131 17.63131 17.63131 17.63131 17.63131 17.63131 17.63131 17.63131 17.63131 17.63131 17.63131 17.63131 17.63131 17.63131 17.63131 17.63131 17.63131 17.63131 17.63131 17.63131 17.63131 17.63131 17.63131 17.63131 17.63131 18.76569 21.36469 21.36469 21.36469 21.36469 21.36469 21.36469 21.36469 21.36469 21.36469 21.36469 21.36469 28.94875 104.4256 124.2351 124.2351 124.2351 124.2351 124.2351 124.2351 124.2351 124.2351 124.235 124.2351 124.2351 124.2351 124.2351 124.2351 124.2351 124.2351 124.2351 124.2351 124.2351 124.2351 124.2351 124.2351 124.2351 124.2351 124.2351 124.2351 124.2351
26.62835 26.62835 26.62835 19.84597 17.63131 17.63131 17.63131 17.63131 17.63131 17.63131 17.63131 17.63131 17.63131 17.63131 17.63131 17.63131 18.33372 19.30352 20.22507 18.01955 17.63131 17.63131 17.63131 17.63131 17.63131 17.63131 17.63131 17.63131 17.63131 17.63131 17.63131 17.63131 18.94186 21.36469 21.36469 21.36469 21.36469 21.36469 21.36469 21.36469 21.36469 21.36469 21.36469 21.36469 21.36469 39.21835 120.6137 124.235 124.235 124.235 124.235 124.235 124.235 124.235 124.235 124.235 124.235 124.235 124.235 124.235 124.235 124.235 124.235 124.235 124.235 124.235 124.235 124.235 124.235 124.235 124.235 124.235 124.235
26.62835 26.62835 26.62835 24.67353 18.71778 17.63131 17.63131 17.63131 17.63131 17.63131 17.63131 17.63131 17.63131 17.63131 17.70092 19.46397 21.3591 21.36469 21.36469 19.29423 17.90091 17.63131 19.36382 18.09817 17.68711 17.63131 17.63131 17.63131 17.63131 17.63131 17.65312 19.79885 21.00449 21.36469 21.36469 21.36469 21.36469 21.36469 21.36469 21.36469 21.36469 21.36469 21.36469 21.36469 21.36469 21.36469 61.98611 123.9129 124.235 124.2351 124.235 124.2351 124.2351 124.2351 124.235 124.2351 124.235 124.2351 124.2351 124.2351 124.235 124.2351 124.235 124.2351 124.2351 124.235 124.2351 124.2351 124.2351 124.235 124.2351 124.2351 124.2351
26.62835 26.62835 26.62835 26.62835 22.32804 17.63131 17.63131 17.63131 17.63131 17.63131 17.63131 17.63131 19.81379 20.88638 20.36146 20.9744 21.36469 21.36469 21.36287 19.67052 21.06396 20.52515 21.26847 21.36469 19.37583 17.63131 17.63131 17.63131 17.63131 17.63131 19.04592 21.36469 21.36469 21.36469 21.36469 21.36469 21.36469 21.36469 21.36469 21.36469 21.36469 21.36469 21.36469 21.36469 21.36469 21.36469 21.36469 80.39977 124.2351 124.2351 124.2351 124.2351 124.2351 124.2351 124.2351 124.2351 124.2351 124.2351 124.2351 124.2351 124.2351 124.2351 124.2351 124.2351 124.2351 124.2351 124.2351 124.2351 124.2351 124.2351 124.2351 124.2351 124.2351
26.62835 26.62835 26.62835 26.62835 26.15588 19.38361 18.44856 19.80122 19.82078 18.30607 19.50914 18.69377 19.34908 21.36469 21.36469 21.36469 21.36469 21.36469 21.36469 21.36469 21.36469 21.36469 21.36469 21.36469 21.20044 17.96349 17.63131 17.63131 17.64916 19.64749 21.30223 21.36469 21.36469 21.36469 21.36469 21.36469 21.36469 21.36469 21.36469 21.36469 21.36469 21.36469 21.36469 21.36469 21.36469 21.36469 21.36469 28.78215 103.1403 124.2351 124.2351 124.2351 124.2351 124.2351 124.2351 124.2351 124.2351 124.2351 124.2351 124.2351 124.2351 124.2351 124.2351 124.2351 124.2351 124.235 124.2351 124.2351 124.2351 124.2351 124.2351 124.2351 124.2351
26.62835 26.62835 26.62835 26.62835 26.62835 26.57685 22.7291 26.60616 25.99849 26.39804 26.20775 24.36619 20.66541 21.36469 21.36469 21.36469 21.36469 21.36469 21.36469 21.36469 21.36469 21.36469 21.36469 21.36469 21.36469 19.43033 18.16278 19.19205 19.71939 21.36469 21.36469 21.36469 21.36469 21.36469 21.36469 21.36469 21.36469 21.36469 21.36469 21.36469 21.36469 21.36469 21.36469 21.36469 21.36469 21.36469 21.36469 21.36469 57.95736 124.235 124.2351 124.235 124.235 124.235 124.2351 124.235 124.2351 120.5019 115.6135 115.1134 112.0885 115.4771 116.3992 113.8116 115.121 123.9278 124.2351 124.235 124.235 124.2351 124.235 124.2351 124.235
26.62835 26.62835 26.62835 26.62835 26.62835 26.62835 25.95686 24.14919 26.62835 26.62835 26.62835 26.50189 21.73564 21.36469 21.36469 21.36469 21.36469 21.36469 21.36469 21.36469 21.36469 21.36469 21.36469 21.36469 21.36469 21.30497 21.36469 21.36469 21.36469 21.36469 21.36469 21.36469 21.36469 21.36469 21.36469 21.36469 21.36469 21.36469 21.36469 21.36469 21.36469 21.36469 21.36469 21.36469 21.36469 21.36469 21.36469 21.36469 30.04797 123.0157 124.2351 124.235 124.2351 124.235 124.2351 124.235 124.2351 0 0 0 0 0 0 0 0 124.1655 124.2351 124.2351 124.2351 124.2351 124.235 124.2351 124.235
26.62835 26.62835 26.62835 26.62835 26.62835 26.62835 26.62835 25.13945 26.62835 26.62835 26.62835 26.62835 22.99105 21.36469 21.36469 21.36469 21.36469 21.36469 21.36469 21.36469 21.36469 21.36469 21.36469 21.36469 21.36469 21.36469 21.36469 21.36469 21.36469 21.36469 21.36469 21.36469 21.36469 21.36469 21.36469 21.36469 21.36469 21.36469 21.36469 21.33961 21.35924 21.36469 21.35151 21.31812 21.32204 21.30877 21.30849 21.35893 21.62956 108.6453 121.3741 120.4764 119.5722 119.5405 120.2761 121.002 121.6256 0 0 0 0 0 0 0 0 124.235 124.2351 124.2351 124.2351 124.2351 124.2351 124.2351 124.2351
