Scenarios/Global_Grid/data/country_data_population_distribution/processed/density_grids/cod.asc
ncols 463
nrows 465
xllcorner 12
yllcorner -13
[rows 132 to 164 of 465, columns 146 to 218 of 463]
10.81514 10.81514 10.81514 10.81514 121.7578 603.6859 618.705 618.7051 618.7051 618.705 366.3659 29.47317 29.47317 29.47317 29.47317 24.36586 17.06803 17.06803 17.06803 17.06803 17.06803 17.06803 17.06803 17.06803 17.21901 18.18408 19.02915 19.78188 19.85907 19.85907 19.85907 19.76985 19.1466 18.18961 17.59612 17.22723 17.06803 17.17979 17.10757 18.63355 18.98441 19.2333 18.73446 18.92702 19.85907 19.93388 20.47427 20.48097 20.48097 20.48098 20.21878 20.03352 20.41972 20.48097 20.44595 19.86059 19.85907 19.85907 20.28844 20.48098 20.48097 20.48098 20.48098 20.48098 20.48097 20.48098 20.48097 20.48098 20.48098 20.48097 20.48098 20.48098 20.48098
10.81514 10.81514 10.81514 10.81514 292.8529 618.7051 618.7051 618.7051 618.7051 551.4185 87.18363 29.47317 29.47317 29.47317 29.47317 25.11723 17.06803 17.06803 17.06803 17.06803 17.06803 17.06803 17.06803 17.06803 17.06803 17.06803 17.06803 18.06569 19.79605 17.59646 17.37189 17.12825 17.06803 17.06803 17.06803 17.06803 17.06803 17.06803 17.06803 17.06803 17.06803 17.1475 17.12976 17.08381 17.38952 17.18761 18.57914 19.45431 20.46989 20.48098 20.48098 20.45485 20.47323 20.48098 20.25792 19.85907 19.85907 19.85907 20.43114 20.48098 20.48098 20.48098 20.48098 20.48098 20.48098 20.48098 20.48098 20.48098 20.48098 20.48098 20.48098 20.48098 20.48098
10.81514 10.81514 10.81514 19.89742 52.86177 268.2571 425.7413 527.5598 343.8815 58.20541 29.47317 29.47317 29.47317 29.47317 29.47317 25.92718 17.06803 17.06803 17.06803 17.06803 17.06803 17.06803 17.06803 17.06803 17.06803 17.06803 17.06803 17.23728 18.4215 17.59717 17.06803 17.06803 17.06803 17.06803 17.06803 17.06803 17.06803 17.06803 17.06803 17.06803 17.06803 17.06803 17.06803 17.06803 17.06803 17.06803 17.06803 17.06803 19.86982 20.48098 20.48098 20.48098 20.48098 20.48098 20.45163 19.99096 19.88277 19.90954 20.39179 20.48098 20.48098 20.48098 20.48098 20.48098 20.48098 20.48098 20.48098 20.48098 20.48098 20.48098 20.48098 20.48098 20.48097
10.81514 10.81514 20.34845 28.63997 29.47317 29.47317 29.47317 29.47317 29.47317 29.47317 29.47317 29.47317 29.47317 29.47317 29.47317 23.74028 17.06803 17.06803 17.06803 17.06803 17.06803 17.06803 17.06803 17.06803 17.06803 17.06803 17.06803 17.06803 17.06803 17.06803 17.06803 17.06803 17.06803 17.06803 17.06803 17.06803 17.06803 17.06803 17.06803 17.06803 17.06803 17.06803 17.06803 17.06803 17.06803 17.06803 17.06803 17.06803 18.15141 19.89421 20.48098 20.48098 20.48098 20.48098 20.48098 20.28124 20.4223 20.41776 20.48098 20.48098 20.48098 20.48098 20.48098 20.48098 20.48098 20.48097 20.48098 20.48098 20.48098 20.48097 20.48098 20.48098 20.48098
10.81514 17.20975 29.20898 29.47317 29.47317 29.47317 29.47317 29.47317 29.47317 29.47317 29.47317 29.47317 29.47317 29.47317 29.00303 19.08439 17.06803 17.06803 17.06803 17.06803 17.06803 17.06803 17.06803 17.06803 17.06803 17.06803 17.06803 17.06803 17.06803 17.06803 17.06803 17.06803 17.06803 17.06803 17.06803 17.06803 17.06803 17.06803 17.06803 17.06803 17.06803 17.06803 17.06803 17.06803 17.06803 17.06803 17.06803 17.06803 17.06803 17.25227 18.50254 19.77978 20.48098 20.48098 20.48097 20.48098 20.48098 20.48097 20.48098 20.48098 20.48098 20.48098 20.48097 20.48097 20.48097 20.48098 20.48098 20.48098 20.48097 20.48097 20.48098 20.48098 20.48098
15.2875 27.20747 29.47317 29.47317 29.47317 29.47317 29.47317 29.47317 29.47317 29.47317 29.47317 29.47317 29.47317 29.47317 26.64209 17.06803 17.06803 17.06803 17.06803 17.06803 17.06803 17.06803 17.06803 17.06803 17.06803 17.06803 17.06803 17.06803 17.06803 17.06803 17.06803 17.06803 17.06803 17.06803 17.06803 17.06803 17.06803 17.06803 17.06803 17.06803 17.06803 17.06803 17.06803 17.06803 17.06803 17.06803 17.06803 17.06803 17.06803 17.06803 17.06803 18.05202 20.46572 20.48098 20.48098 20.48098 20.48098 20.48098 20.48098 20.48097 20.48097 20.48097 20.48098 20.48098 20.48098 20.48097 20.48098 20.48097 20.48097 20.48098 20.48098 20.48098 20.48098
27.84265 29.47317 29.47317 29.47317 29.47317 29.47317 29.47317 29.47317 29.47317 29.47317 29.47317 29.47317 29.47317 29.47317 26.97256 17.06803 17.06803 17.06803 17.06803 17.06803 17.06803 17.06803 17.06803 17.06803 17.06803 17.06803 17.06803 17.06803 17.06803 17.06803 17.06803 17.06803 17.06803 17.06803 17.06803 17.06803 17.06803 17.06803 17.06803 17.06803 17.06803 17.06803 17.06803 17.06803 17.06803 17.06803 17.06803 17.06803 17.06803 17.06803 17.06803 17.06803 18.70574 20.48098 20.48098 20.48098 20.48098 20.48097 20.48098 20.48097 20.48098 20.48097 20.48098 20.48098 20.48098 20.48098 20.48098 20.48098 20.48098 20.48098 20.48098 20.48098 20.48098
29.47317 29.47317 29.47317 29.47317 29.47317 29.47317 29.47317 29.47317 29.47317 29.47317 29.47317 29.47317 29.47317 29.46348 20.71039 17.06803 17.06803 17.06803 17.06803 17.06803 17.06803 17.06803 17.06803 17.06803 17.06803 17.06803 17.06803 17.06803 17.06803 17.06803 17.06803 17.06803 17.06803 17.06803 17.06803 17.06803 17.06803 17.06803 17.06803 17.06803 17.06803 17.06803 17.06803 17.06803 17.06803 17.06803 17.06803 17.06803 17.06803 17.06803 17.06803 17.06803 19.17273 20.48098 20.48097 20.48098 20.48097 20.48098 20.48098 20.48098 20.48098 20.48098 20.48098 20.48098 20.48097 20.48098 20.48097 20.48098 20.48098 20.48098 20.48098 20.48097 20.48098
29.47317 29.47317 29.47317 29.47317 29.47317 29.47317 29.47317 29.47317 29.47317 29.47317 29.47317 29.47317 29.47317 27.21076 17.06803 17.06803 17.06803 17.06803 17.06803 17.06803 17.06803 17.06803 17.06803 17.06803 17.06803 17.06803 17.06803 17.06803 17.06803 17.06803 17.06803 17.06803 17.06803 17.06803 17.06803 17.06803 17.06803 17.06803 17.06803 17.06803 17.06803 17.06803 17.06803 17.06803 17.06803 17.06803 17.06803 17.06803 17.06803 17.06803 17.06803 17.06803 18.65516 20.48098 20.48098 20.48098 20.48098 20.48098 20.48098 20.48098 20.48098 20.48098 20.48098 20.48098 20.48098 20.48097 20.48098 20.48098 20.48098 20.48098 20.48097 20.48098 20.48098
29.47317 29.47317 29.47317 29.47317 29.47317 29.47317 29.47317 29.47317 29.47317 29.47317 29.47317 29.47317 29.47317 28.87551 17.06879 17.06803 17.06803 17.06803 17.06803 17.06803 17.06803 17.06803 17.06803 17.06803 17.06803 17.06803 17.06803 17.06803 17.06803 17.06803 17.06803 17.06803 17.06803 17.06803 17.06803 17.06803 17.06803 17.06803 17.06803 17.06803 17.06803 17.06803 17.06803 17.06803 17.06803 17.06803 17.06803 17.06803 17.06803 17.06803 17.06803 17.06803 17.14313 19.27625 20.48098 20.48098 20.48098 20.48098 20.48098 20.48098 20.48098 20.48098 20.48098 20.48098 20.48098 20.48098 20.48098 20.48098 20.48098 20.48098 20.48098 20.48098 20.48098
29.47317 29.47317 29.47317 29.47317 29.47317 29.47317 29.47317 29.47317 29.47317 29.47317 29.47317 29.47317 29.47317 29.47317 20.49186 17.06803 17.06803 17.06803 17.06803 17.06803 17.06803 17.06803 17.06803 17.06803 17.06803 17.06803 17.06803 17.06803 17.06803 17.06803 17.06803 17.06803 17.06803 17.06803 17.06803 17.06803 17.06803 17.06803 17.06803 17.06803 17.06803 17.06803 17.06803 17.06803 17.06803 17.06803 17.06803 17.06803 17.06803 17.06803 17.06803 17.06803 17.06803 17.43455 20.33145 20.48098 20.48097 20.48098 20.48098 20.48098 20.48097 20.48098 20.48097 20.48098 20.48097 20.48098 20.48097 20.48098 20.48098 20.48097 20.48098 20.48098 20.48098
29.47317 29.47317 29.47317 29.47317 29.47317 29.47317 29.47317 29.47317 29.47317 29.47317 29.47317 29.47317 29.47317 28.8448 18.24019 17.06803 17.06803 17.06803 17.06803 17.06803 17.06803 17.06803 17.06803 17.06803 17.06803 17.06803 17.06803 17.06803 17.06803 17.06803 17.06803 17.06803 17.06803 17.06803 17.06803 17.06803 17.06803 17.06803 17.06803 17.06803 17.06803 17.06803 17.06803 17.06803 17.06803 17.06803 17.06803 17.06803 17.06803 17.06803 17.06803 17.06803 17.06803 17.06803 17.99721 19.42562 20.48098 20.48098 20.48098 20.48098 20.48098 20.48098 20.48098 20.48098 20.48098 20.48098 20.48098 20.48098 20.48098 20.48098 20.48098 20.48098 20.48097
29.47317 0 29.47317 29.47317 29.47317 29.47317 29.47317 29.47317 29.47317 29.47317 29.47317 29.47317 29.47317 29.47317 24.40062 17.20203 17.06803 17.06803 17.06803 17.06803 17.06803 17.06803 17.06803 17.06803 17.06803 17.06803 17.06803 17.06803 17.06803 17.06803 17.06803 17.06803 17.06803 17.06803 17.06803 17.06803 17.06803 17.06803 17.06803 17.06803 17.06803 17.06803 17.06803 17.06803 17.06803 17.06803 17.06803 17.06803 17.06803 17.06803 17.06803 17.06803 17.06803 17.06803 17.06803 17.10534 19.29027 20.42567 20.48098 20.48098 20.48098 20.48098 20.48098 20.48098 20.48098 20.48098 20.48098 20.48098 20.48098 20.48098 20.48098 20.48098 20.48098
29.47317 0 0 0 0 29.47317 29.47317 29.47317 29.47317 29.47317 29.47317 29.47317 29.47317 29.47317 29.47317 26.37892 19.09456 17.06803 17.06803 17.06803 17.06803 17.06803 17.06803 17.06803 17.06803 17.06803 17.06803 17.06803 17.06803 17.06803 17.06803 17.06803 17.06803 17.06803 17.06803 17.06803 17.06803 17.06803 17.06803 17.06803 17.06803 17.06803 17.06803 17.06803 17.06803 17.06803 17.06803 17.06803 17.06803 17.06803 17.06803 17.06803 17.06803 17.06803 17.06803 17.06803 10.87947 12.05784 17.44201 20.48097 20.48097 20.48097 20.48098 20.48097 20.48097 20.48098 20.48097 20.48097 20.48097 20.48097 20.48097 20.48097 20.48097
29.47317 0 0 29.47317 29.47317 29.47317 29.47317 29.47317 29.47317 29.47317 29.47317 29.47317 29.47317 29.47317 29.47317 29.47317 29.20712 23.66598 17.51818 17.06803 17.06803 17.06803 17.06803 17.06803 17.06803 17.06803 17.06803 17.05003 17.01999 17.06803 17.06803 17.06803 17.06803 17.06803 17.06803 17.06803 17.06803 17.06803 17.06803 17.06803 17.06803 17.06803 17.06803 17.06803 17.06803 17.06803 17.06803 17.06803 17.06803 17.06803 17.06803 17.06803 17.06803 17.06803 17.06803 17.06803 7.543238 3.751863 4.434144 19.37924 20.48098 20.48098 20.48098 20.48098 20.48098 20.48098 20.48098 20.48098 20.48098 20.48098 20.48098 20.48098 20.48098
29.47317 29.47317 0 29.47317 29.47317 29.47317 29.47317 29.47317 29.47317 29.47317 29.47317 29.47317 29.47317 29.47317 29.47317 29.47317 29.47317 29.47317 27.71512 20.24518 17.06803 17.06803 17.06803 17.06803 17.06803 17.06803 17.0674 16.78877 16.50801 17.03938 17.06803 17.06803 17.06803 17.06803 17.06803 17.06803 17.06803 17.06803 17.06803 17.06803 17.06803 17.06803 17.06803 17.06803 17.06803 17.06803 17.06803 17.06803 17.06803 17.06803 17.06803 17.06803 17.06803 17.06803 17.06803 14.24755 4.126042 3.690108 3.690108 7.993181 9.162936 14.54884 20.48097 20.48098 20.48097 20.48098 20.48098 20.48098 20.48098 20.48098 20.48098 20.48098 20.48098
29.47317 29.47317 29.47317 0 29.47317 29.47317 29.47318 29.47317 29.47317 29.47317 29.47317 29.47317 29.47318 29.47318 29.47318 29.47317 29.47318 29.47317 29.47318 29.42899 24.51395 16.85998 16.78228 16.80274 16.9485 16.88482 16.5901 16.34621 16.34621 16.65439 17.06803 17.06803 17.06803 17.06803 17.06803 17.06803 17.06803 17.06803 17.06803 17.06803 17.06803 17.06803 17.06803 17.06803 17.06803 17.06803 17.06803 17.06803 17.06803 17.06803 17.06803 17.06803 17.06803 17.06803 16.34302 5.894288 3.690109 3.690109 3.690109 3.690109 3.690109 4.036835 4.891119 16.42478 20.48098 20.48098 20.48098 20.48098 20.48098 20.48098 20.48098 20.48098 20.48098
29.47317 29.47317 29.47317 29.47317 29.47317 29.47317 29.47317 29.47317 29.47317 29.47317 29.47317 29.47317 29.47317 29.47317 29.47317 29.47317 29.47317 29.47317 29.47317 29.47317 24.64964 16.34621 16.34621 16.34621 16.34621 16.34621 16.34621 16.34621 16.34621 16.36005 16.96388 17.06803 17.06803 17.06803 17.06803 17.06803 17.06803 17.06803 17.06803 17.06803 17.06803 17.06803 17.06803 17.06803 17.06803 17.06803 17.06803 17.06803 17.06803 17.06803 17.06803 17.06803 17.06803 17.06803 11.98746 3.690109 3.690108 3.690109 3.690109 3.690109 3.690108 3.690109 3.690108 5.058788 14.38601 20.03454 20.48097 20.48098 20.48098 20.48097 20.48098 20.48098 20.48098
29.47317 29.47317 29.47317 29.47317 29.47317 29.47317 29.47317 29.47317 29.47317 29.47317 29.47317 29.47317 29.47317 29.47317 29.47317 29.47317 29.47317 29.47317 29.47317 29.47317 19.7728 16.34621 16.34621 16.34621 16.34621 16.34621 16.34621 16.34621 16.34621 16.34621 16.6594 17.06803 17.06803 17.06803 17.06803 17.06803 17.06803 17.06803 17.06803 17.06803 17.06803 17.06803 17.06803 17.06803 17.06803 17.06803 17.06803 17.06803 17.06803 17.06803 17.06803 17.06803 17.06803 16.84293 6.476266 3.690109 3.690108 3.690108 3.690108 3.690109 3.690108 3.690109 3.690108 3.690108 3.690108 12.35255 18.81588 20.45782 20.48098 20.48098 20.48098 20.48098 20.48098
29.47317 29.47317 29.47317 29.47317 29.47317 29.47317 29.47317 29.47317 29.47317 29.47317 29.47317 29.47317 29.47317 29.47317 29.47317 29.47317 29.47317 29.47317 29.47317 29.12397 16.60676 16.34621 16.34621 16.34621 16.34621 16.34621 16.34621 16.34621 16.34621 16.34621 16.52256 17.06803 17.06803 17.06803 17.06803 17.06803 17.06803 17.06803 17.06803 17.06803 17.06803 17.06803 17.06803 17.06803 17.06803 17.06803 17.06803 17.06803 17.06803 17.06803 17.06803 17.06803 17.06803 10.90286 3.690108 3.690108 3.690109 3.690108 3.690108 3.690108 3.690109 3.690108 3.690109 3.690108 3.690109 3.690306 3.693576 11.59062 19.42943 20.48098 18.27493 19.27826 20.48098
29.47317 29.47317 29.47317 29.47317 29.47317 29.47317 29.47317 29.47317 29.47317 29.47317 29.47317 29.47317 29.47317 29.47317 29.47317 29.47317 29.47317 29.47317 29.47317 28.0739 16.34621 16.34621 16.34621 16.34621 16.34621 16.34621 16.34621 16.34621 16.34621 16.34621 16.46927 17.06803 17.06803 17.06803 17.06803 17.06803 17.06803 17.06803 17.06803 17.06803 13.14516 9.96318 14.64379 17.06803 17.06803 17.06803 17.06803 17.06803 17.06803 17.06803 17.06803 17.06803 17.06803 7.825444 3.690108 3.690109 3.690108 3.690108 3.690108 3.690108 3.690108 3.690108 3.690109 3.690108 3.690108 3.690108 3.690109 3.690108 4.420042 6.261875 4.987467 8.667269 14.15154
29.47317 29.47317 29.47317 29.47317 29.47317 29.47317 29.47317 29.47317 29.47317 29.47317 29.47317 29.47317 29.47317 29.47317 29.47317 29.47317 29.47317 29.47317 29.47317 28.65405 20.89361 17.71403 16.34621 16.34621 16.34621 16.34621 16.34621 16.34621 16.34621 16.34621 16.41386 17.06803 17.06803 17.06803 17.06803 17.06803 17.06803 17.06803 17.06803 17.06803 12.25125 3.690108 12.518 17.06803 17.06803 17.06803 17.06803 17.06803 17.06803 17.06803 17.06803 17.06803 17.06803 12.31696 3.690108 3.690109 3.690108 3.690108 3.690108 3.690109 3.690108 3.690108 3.690108 3.690108 3.690108 3.690109 3.690108 3.690108 3.690108 3.690108 3.690108 3.690108 3.690108
29.47317 29.47317 29.47317 29.47317 29.47317 29.47317 29.47317 29.47317 29.47317 29.47317 29.47317 29.47317 29.47317 29.47317 29.47317 29.47317 29.47317 29.47317 29.47317 29.47317 29.47317 28.77893 18.52406 16.34621 16.34621 16.34621 16.34621 16.34621 16.34621 16.34621 16.34646 16.5123 16.57421 17.01474 17.06803 17.06803 17.06803 17.06803 17.06803 17.06803 11.97666 3.690109 15.00111 17.06803 17.06803 17.06803 17.06803 17.06803 17.06803 17.06803 17.06801 14.35444 7.989436 3.690871 3.690109 3.690109 3.690109 3.690109 3.690109 3.690109 3.690109 3.690109 3.690109 3.690109 3.690109 3.690109 3.690109 3.690109 3.690109 3.690109 3.690109 3.690109 3.690109
29.47317 29.47317 29.47317 29.47317 29.47317 24.89473 24.72565 26.14157 27.22115 28.19732 29.47317 29.47317 29.47317 29.47317 29.47317 29.47317 29.47317 29.47317 29.47317 29.1694 29.31384 29.47317 24.60999 16.34621 16.34621 16.34621 16.34621 16.34621 16.34621 16.34621 16.34621 16.34621 16.34621 16.73273 17.06803 17.06803 17.06803 17.06803 17.06803 17.06803 12.90551 3.690109 12.32624 17.06803 17.06803 17.06803 17.06803 14.38742 9.891254 7.89958 5.769155 3.690109 3.690109 3.690109 3.690109 3.690109 3.690108 3.690109 3.690109 3.690109 3.690108 3.690109 3.690109 3.690109 3.690109 3.690109 3.690109 3.690109 3.690109 3.690109 3.690109 3.690109 3.690109
29.47317 29.47317 29.47317 29.47317 29.47317 20.90211 18.79088 18.79088 18.79088 18.79586 23.67835 29.07093 29.47317 29.47317 29.47317 29.47317 29.47317 29.47317 29.47317 24.0998 18.29282 26.75943 27.75946 16.34621 16.34621 16.34621 16.34621 16.34621 16.34621 16.34621 16.34621 16.34621 16.34621 16.50563 17.06803 17.06803 17.06803 17.06803 17.06803 17.06803 12.76034 3.690109 10.74174 16.83325 14.23267 13.87126 11.11898 4.218803 3.690108 3.690108 3.690108 3.690109 3.690108 3.690108 3.690108 3.690108 3.690108 3.690108 3.690108 3.690108 3.690108 3.690108 3.690108 3.690109 3.690108 3.690108 3.690108 3.690108 3.690108 3.690108 3.690108 3.690108 3.690108
29.47317 29.47317 29.47317 29.47317 29.46788 19.72023 18.79088 18.79088 18.79088 18.79088 18.79088 20.71647 25.23427 29.47317 29.47317 29.47317 29.47317 29.47317 29.47317 22.16032 16.34621 17.6733 18.51501 16.34621 16.34621 16.34621 16.34621 16.34621 16.34621 16.34621 16.34621 16.34621 16.34621 16.35166 16.97561 17.06803 17.06803 17.06803 17.06803 15.17394 6.214119 3.690108 3.693272 4.434339 3.690108 3.690108 3.690108 3.690108 3.690108 3.690108 3.690108 3.690108 3.690108 3.690108 3.690108 3.690108 3.690108 3.690108 3.690108 3.690108 3.690108 3.690108 3.690108 3.690108 3.690108 3.690109 3.690108 3.690108 3.690108 3.690108 3.690108 3.690108 3.690108
29.47317 29.47317 29.47317 29.17754 22.9902 18.79088 18.79089 18.79089 18.79089 18.79088 18.79089 18.79088 18.83805 24.7326 29.36306 29.47317 29.30466 26.09841 22.8827 22.65077 17.30195 16.34621 16.34621 16.34621 16.34621 16.34621 16.34621 16.34621 16.34621 16.34621 16.34621 16.34621 16.34621 16.34621 16.67584 17.06803 17.06803 17.06803 15.20986 5.084631 3.690109 3.690109 3.690109 3.690109 3.690109 3.690109 3.690109 3.690109 3.690109 3.690109 3.690109 3.690109 3.690109 3.690109 3.690109 3.690109 3.690109 3.690109 3.690109 3.690109 3.690109 3.690109 3.690109 3.690109 3.690109 3.690109 3.690109 3.690109 3.690109 3.690109 3.690109 3.690109 3.690109
29.47317 29.47317 28.28553 21.08173 18.79089 18.79089 18.79089 18.79089 18.79089 18.79088 18.79089 18.79088 18.79089 18.79089 20.46997 20.69381 19.3981 18.79089 18.79089 18.79088 18.73669 16.52347 16.34621 16.34621 16.34621 16.34621 16.34621 16.34621 16.34621 16.34621 16.34621 16.34621 16.34621 16.34621 16.42151 17.06072 17.06803 17.06462 6.577837 3.690109 3.690109 3.690109 3.690109 3.690109 3.690109 3.690109 3.690109 3.690109 3.690108 3.690108 3.690109 3.690109 3.690109 3.690109 3.690109 3.690109 3.690109 3.690109 3.690109 3.690109 3.690109 3.690109 3.690109 3.690109 3.690109 3.690109 3.690109 3.690109 3.690109 3.690109 3.690109 3.690109 3.690109
29.47317 26.66227 19.68717 18.79088 18.79088 18.79088 18.79088 18.79088 18.79088 18.79088 18.79088 18.79088 18.79088 18.79088 18.79088 18.79088 18.79088 18.79088 18.79088 18.79088 18.79088 17.3161 16.34621 16.34621 16.34621 16.34621 16.34621 16.34621 16.34621 16.34621 16.34621 16.34621 16.34621 16.34621 16.34621 16.91778 17.06803 13.3394 3.690109 3.690109 3.690109 3.690109 3.690109 3.690109 3.690109 3.690109 3.690109 3.690109 3.690109 3.690109 3.690109 3.690109 3.690109 3.690109 3.690109 3.690109 3.690109 3.690109 3.690109 3.690109 3.690109 3.690109 3.690109 3.690109 3.690109 3.690109 3.690109 3.690109 3.690109 3.690109 3.690109 3.690109 3.690109
24.40012 18.9201 18.79088 18.79088 18.79088 18.79088 18.79088 18.79088 18.79088 18.79088 18.79088 18.79088 18.79088 18.79088 18.79088 18.79088 18.79088 18.79088 18.79088 18.79088 18.79088 18.29199 16.34621 16.34621 16.34621 16.34621 16.34621 16.34621 16.34621 16.34621 16.34621 16.34621 16.34621 16.34621 16.34621 16.68802 17.0509 6.685766 3.690108 3.690108 3.690109 3.690108 3.690109 3.690108 3.690108 3.690108 3.690108 3.690108 3.690108 3.690108 3.690108 3.690108 3.690108 3.690108 3.690109 3.690108 3.690108 3.690108 3.690108 3.690108 3.690109 3.690108 3.690109 3.690108 3.690108 3.690108 3.690109 3.690108 3.690108 3.690109 3.690108 3.690108 3.690108
18.79089 18.79088 18.79088 18.79088 18.79089 18.79088 18.79089 18.79088 18.79088 18.79088 18.79089 18.79088 18.79089 18.79088 18.79089 18.79088 18.79089 18.79088 18.79088 18.79088 18.79088 17.74342 16.34621 16.34621 16.34621 16.34621 16.34621 16.34621 16.34621 16.34621 16.34621 16.34621 16.34621 16.34621 16.34621 16.39105 13.25379 3.690109 3.690109 3.690108 3.690109 3.690109 3.690109 3.690109 3.690109 3.690109 3.690109 3.690109 3.690109 3.690109 3.690109 3.690109 3.690109 3.690109 3.690109 3.690109 3.690109 3.690109 3.690109 3.690109 3.690109 3.690109 3.690109 3.690109 3.690109 3.690109 3.690109 3.690109 3.690109 3.690109 3.690109 3.690109 3.690109
18.79088 18.79088 18.79088 18.79088 18.79088 18.79088 18.79088 18.79088 18.79088 18.79088 18.79088 18.79088 18.79088 18.79088 18.79088 18.79088 18.79088 18.79089 18.79089 18.79089 18.79088 16.81491 16.34621 16.34621 16.34621 16.34621 16.34621 16.34621 16.34621 16.34621 16.34621 16.34621 16.34621 16.34621 16.34621 16.34621 10.11829 3.690109 3.690108 3.690109 3.690108 3.690108 3.690108 3.690108 3.690108 3.690109 3.690108 3.690109 3.690108 3.690109 3.690108 3.690109 3.690108 3.690109 3.690108 3.690109 3.690108 3.690108 3.690109 3.690109 3.690108 3.690109 3.690108 3.690108 3.690108 3.690109 3.690108 3.690108 3.690109 3.690108 3.690109 3.690109 3.690109
18.79088 18.79088 18.79089 18.79088 18.79088 18.79088 18.79088 18.79088 18.79088 18.79088 18.79088 18.79088 18.79088 18.79088 18.79088 18.79088 18.79088 18.79088 18.79088 18.67954 17.08066 16.34695 16.34621 16.34621 16.34621 16.34621 16.34621 16.34621 16.34621 16.34621 16.34621 16.34621 16.34621 16.34621 16.34621 16.34621 15.39428 4.042396 3.690108 3.690109 3.690108 3.690109 3.690108 3.690109 3.690108 3.690109 3.690108 3.690109 3.690108 3.690108 3.690108 3.690109 3.690109 3.690109 3.690108 3.690109 3.690108 3.690109 3.690109 3.690109 3.690108 3.690109 3.690108 3.690109 3.690108 3.690109 3.690108 3.690109 3.690109 3.690108 3.690109 3.690109 3.690109
