Scenarios/Global_Grid/data/country_data_population_distribution/processed/density_grids/cod.asc
ncols 463
nrows 465
xllcorner 12
yllcorner -13
[rows 165 to 197 of 465, columns 73 to 145 of 463]
0 0 0 0 0 0 0 0 0 0 0 0 0 0 0 0 0 0 0 0 0 0 0 0 0 0 0 0 0 0 0 0 0 0 0 0 0 0 0 0 0 0 0 0 22.92904 23.08049 23.08049 23.08049 23.08049 23.08049 23.08049 23.08049 23.08049 23.08049 23.08049 23.08049 23.08049 23.08049 23.08049 23.08049 23.08049 22.45268 19.55826 18.79088 18.79089 18.79088 18.79089 18.79088 18.79089 18.79088 18.79089 18.79088 18.79089
0 0 0 0 0 0 0 0 0 0 0 0 0 0 0 0 0 0 0 0 0 0 0 0 0 0 0 0 0 0 0 0 0 0 0 0 0 0 0 0 0 0 0 15.73238 23.08049 23.08049 23.08049 23.08049 23.08049 23.08049 23.08049 23.08049 23.08049 23.08049 23.08049 23.08049 23.08049 23.08049 23.08049 23.08049 21.68151 19.03089 18.79089 18.79089 18.79089 18.79089 18.79089 18.79088 18.79089 18.79089 18.79089 18.79089 18.79089
0 0 0 0 0 0 0 0 0 0 0 0 0 0 0 0 0 0 0 0 0 0 0 0 0 0 0 0 0 0 0 0 0 0 0 0 0 0 0 0 0 0 0 23.08048 23.08049 23.08049 23.08049 23.08049 23.08049 23.08049 23.08049 23.08049 23.08049 23.08049 23.08049 23.08049 23.08049 23.08049 22.99582 20.69011 18.80078 18.79089 18.79088 18.79088 18.79088 18.79089 18.79088 18.79089 18.79088 18.79089 18.79088 18.79088 18.79088
0 0 0 0 0 0 0 0 0 0 0 0 0 0 0 0 0 0 0 0 0 0 0 0 0 0 0 0 0 0 0 0 0 0 0 0 0 0 0 0 0 0 23.08049 23.08049 23.08049 23.08049 23.08049 23.08049 23.08049 23.08049 23.08049 23.08049 23.08049 23.08049 23.08049 23.08049 23.08049 22.61615 19.7735 18.79089 18.79088 18.79089 18.79088 18.79089 18.79088 18.79089 18.79088 18.79089 18.79089 18.79089 18.79088 18.79089 18.79088
0 0 0 0 0 0 0 0 0 0 0 0 0 0 0 0 0 0 0 0 0 0 0 0 0 0 0 0 0 0 0 0 0 0 0 0 0 0 0 0 0 0 23.08048 23.08049 23.08049 23.08048 23.08049 23.08048 23.08049 23.08048 23.08049 23.08048 23.08048 23.08049 23.08048 23.08048 21.9316 19.15188 18.79088 18.79088 18.79088 18.79088 18.79088 18.79088 18.79088 18.79088 18.79088 18.79088 18.79088 18.79088 18.79088 18.79088 18.79088
0 0 0 0 0 0 0 0 0 0 0 0 0 0 0 0 0 0 0 0 0 0 0 0 0 0 0 0 0 0 0 0 0 0 0 0 0 0 0 0 0 13.57459 23.08049 23.08049 23.08049 23.08049 23.08049 23.08049 23.08049 23.08049 23.08049 23.08049 23.08049 23.08049 23.04897 20.97606 18.83515 18.79089 18.79088 18.79089 18.79088 18.79089 18.79088 18.79089 18.79088 18.79089 18.79088 18.79089 18.79088 18.79089 18.79088 18.79089 18.79088
0 0 0 0 0 0 0 0 0 0 0 0 0 0 0 0 0 0 0 0 0 0 0 0 0 0 0 0 0 0 0 0 0 0 0 0 0 0 0 0 0 23.00956 23.08049 23.08049 23.08049 23.08049 21.40683 21.9101 20.42991 19.74556 20.56853 22.54995 23.06098 22.09342 20.01602 18.79088 18.79088 18.79088 18.79088 18.79088 18.79088 18.79088 18.79088 18.79088 18.79088 18.79088 18.79088 18.79088 18.79088 18.79088 18.79088 18.79088 18.79088
0 0 0 0 0 0 0 0 0 0 0 0 0 0 0 0 0 0 0 0 0 0 0 0 0 0 0 0 0 0 0 0 0 0 0 0 0 0 0 0 18.1153 23.08048 23.08049 23.08049 23.08049 22.90102 19.36993 18.85371 18.79088 18.79088 18.79088 18.91411 19.42159 18.79088 18.79088 18.79088 18.79088 18.79088 18.79088 18.79088 18.79088 18.79088 18.79088 18.79088 18.79088 18.79088 18.79088 18.79088 18.79088 18.79088 18.79088 18.79088 18.79088
0 0 0 0 0 0 0 0 0 0 0 0 0 0 0 0 0 0 0 0 0 0 0 0 0 0 0 0 0 0 0 0 0 0 0 0 0 0 0 18.96705 33.76886 23.08049 23.08049 23.08049 23.08049 23.08049 22.98542 21.92721 20.69966 19.62535 18.79088 18.79088 18.79088 18.79088 18.79088 18.79088 18.79088 18.79088 18.79088 18.79088 18.79088 18.79088 18.79088 18.79088 18.79088 18.79088 18.79088 18.79088 18.79088 18.79088 18.79088 18.79088 18.79088
0 0 0 0 0 0 0 0 0 0 0 0 0 0 0 0 0 0 0 0 0 0 0 0 0 0 0 0 0 0 0 0 0 0 0 0 0 0 0 115.4709 75.20499 23.08049 23.08049 23.08049 23.08049 23.08049 23.08049 23.08049 23.08049 21.52206 18.79089 18.79088 18.79089 18.79088 18.79088 18.79088 18.79088 18.79089 18.79088 18.79088 18.79088 18.79088 18.79088 18.79088 18.79088 18.79089 18.79088 18.79088 18.79088 18.79088 18.79088 18.79089 18.79088
0 0 0 0 0 0 0 0 0 0 0 0 0 0 0 0 0 0 0 0 0 0 0 0 0 0 0 0 0 0 0 0 0 0 0 0 0 0 108.6825 115.4709 110.5975 25.18663 23.08049 23.08049 23.08048 23.08049 23.08049 23.08049 23.08049 21.59608 18.79089 18.79089 18.79089 18.79089 18.79089 18.79089 18.79089 18.79089 18.79088 18.79089 18.79089 18.79089 18.79088 18.79089 18.79089 18.79089 18.79089 18.79088 18.79089 18.79089 18.79089 18.79089 18.79088
0 0 0 0 0 0 0 0 0 0 0 0 0 0 0 0 0 0 0 0 0 0 0 0 0 0 0 0 0 0 0 0 0 0 0 0 0 109.151 115.4709 115.4709 115.4709 72.2801 24.49977 22.95061 22.99272 23.03483 23.0733 23.08049 23.08049 21.6701 18.79088 18.79088 18.79089 18.79088 18.79088 18.79088 18.79089 18.79088 18.79089 18.79088 18.79089 18.79089 18.79089 18.79089 18.79089 18.79088 18.79089 18.79089 18.79088 18.79089 18.79089 18.79088 18.79089
0 0 0 0 0 0 0 0 0 0 0 0 0 0 0 0 0 0 0 0 0 0 0 0 0 0 0 0 0 0 0 0 0 0 0 0 94.64864 115.4709 115.4709 115.4709 115.4709 115.4709 65.77602 18.79089 18.79088 18.79089 18.79452 18.82944 18.87155 18.86981 18.79088 18.79089 18.79088 18.79088 18.79088 18.79088 18.79089 18.79088 18.79089 18.79088 18.79089 18.79088 18.79089 18.79088 18.79089 18.79088 18.79089 18.79088 18.79089 18.40525 15.41355 13.30602 12.66904
0 0 0 0 0 0 0 0 0 0 0 0 0 0 0 0 0 0 0 0 0 0 0 0 0 0 0 0 0 0 0 0 0 0 0 113.1662 115.4709 115.4709 115.4709 115.4709 115.4709 115.4709 66.68613 18.79089 18.79089 18.79089 18.79089 18.79089 18.79089 18.79089 18.79089 18.79089 18.79089 18.79089 18.79089 18.79089 18.79089 18.79089 18.79089 18.79089 18.79089 18.79089 18.79089 18.72039 18.14343 17.66158 17.13395 15.27584 13.01499 11.96236 11.31351 11.31351 11.31351
0 0 0 0 0 0 0 0 0 0 0 0 0 0 0 0 0 0 0 0 0 0 0 0 0 0 0 0 0 0 0 0 0 87.01737 115.4443 115.4709 115.4709 115.4709 115.4709 115.4709 115.4709 115.4709 78.82623 18.79089 18.79089 18.79089 18.79089 18.79089 18.79088 18.79089 18.79089 18.79089 18.79089 18.79089 18.79089 18.79089 18.79089 18.79089 18.15256 16.53218 13.00792 13.56585 13.80272 11.83401 11.31351 11.31351 11.31351 11.31351 11.31351 11.31351 11.31351 11.31351 12.05593
0 0 0 0 0 0 0 0 0 0 0 0 0 0 0 0 0 0 0 0 0 0 0 0 0 0 0 0 0 0 0 0 0 37.4333 44.74713 57.94105 78.38242 115.4709 115.4709 115.4709 115.4709 115.4709 106.8987 21.55743 18.79089 18.79089 18.79089 18.79088 18.79089 18.79088 18.79088 18.79088 18.79088 18.20692 15.78631 18.72821 18.79089 17.997 11.71677 11.31351 11.31351 11.31351 11.31351 11.31351 11.31351 11.31351 11.31351 11.31351 11.31351 11.31351 11.31351 11.31351 13.2358
0 0 0 0 0 0 0 0 0 0 0 0 0 0 0 0 0 0 0 0 0 0 0 0 0 0 0 0 0 0 0 0 37.4333 37.4333 37.4333 37.4333 38.97386 104.9729 115.4709 115.4709 115.4709 115.4709 115.4709 52.02079 14.44892 14.92186 16.34714 18.78266 18.79089 18.79088 18.79089 18.79088 18.09379 12.69362 11.31351 13.75639 16.31038 12.13379 11.31351 11.31351 11.31351 11.31351 11.31351 11.31351 11.31351 11.31351 11.31351 11.31351 11.31351 11.31351 11.31351 11.31351 11.93543
0 0 0 0 0 0 0 0 0 0 0 0 0 0 0 0 0 0 0 0 0 0 0 0 0 0 0 0 0 0 0 0 37.4333 37.43329 37.43329 37.43329 37.43329 49.0443 87.3455 115.4709 115.4709 115.4709 115.4709 34.92788 11.31351 11.31351 11.31351 15.90033 18.79088 18.79088 18.13653 14.61262 11.73901 11.31351 11.31351 11.31351 11.31351 11.31351 11.31351 11.31351 11.31351 11.31351 11.31351 11.31351 11.31351 11.31351 11.31351 11.31351 11.31351 11.31351 11.31351 11.31351 14.81142
0 0 0 0 0 0 0 0 0 0 0 0 0 0 0 0 0 0 0 0 0 0 0 0 0 0 0 0 0 0 0 0 37.4333 37.43329 37.4333 37.4333 37.4333 26.50288 13.72161 92.03207 115.4709 115.4709 115.3325 37.51614 11.31351 11.31351 11.31351 11.64115 15.17607 14.69717 11.65791 11.31351 11.31351 11.31351 11.31351 11.31351 11.31351 11.31351 11.31351 11.31351 11.31351 11.31351 11.31351 11.31351 11.31351 11.31351 11.31351 11.31351 11.31351 11.31351 11.31351 11.31351 16.0825
0 0 0 0 0 0 0 0 0 0 0 0 0 0 0 0 0 0 0 0 0 0 0 0 0 0 0 0 0 0 0 13.88225 37.4333 37.4333 37.4333 37.4333 37.4333 32.94234 12.06438 14.4674 43.77823 83.43974 71.80151 11.31351 11.31351 11.31351 11.31351 11.31351 11.31351 11.31351 11.31351 11.31351 11.31351 11.31351 11.31351 11.31351 11.31351 11.31351 11.31351 11.31351 11.31351 11.31351 11.31351 11.31351 11.31351 11.31351 11.31351 11.31351 11.31351 11.31351 11.31351 11.94081 17.89242
0 0 0 0 0 0 0 0 0 0 0 0 0 0 0 0 0 0 0 0 0 0 0 0 0 0 0 0 0 0 0 17.40718 37.43329 37.43329 37.4333 37.4333 37.4333 33.9533 11.8414 11.31351 11.31351 11.31351 11.31351 11.31351 11.31351 11.31351 11.31351 11.31351 11.31351 11.31351 11.31351 11.31351 11.31351 11.31351 11.31351 11.31351 11.31351 11.31351 11.31351 11.31351 11.31351 11.31351 11.31351 11.31351 11.31351 11.31351 11.31351 11.31351 11.31351 11.31351 11.31351 11.63061 12.00199
0 0 0 0 0 0 0 0 0 0 0 0 0 0 0 0 0 0 0 0 0 0 0 0 0 0 0 0 0 0 0 16.36925 37.4333 37.4333 37.43329 37.43329 37.43329 27.23378 11.31351 11.31351 11.31351 11.31351 11.31351 11.31351 11.31351 11.31351 11.31351 11.31351 11.31351 11.31351 11.31351 11.31351 11.31351 11.31351 11.31351 11.31351 11.31351 11.31351 11.31351 11.31351 11.31351 11.31351 11.31351 11.31351 11.31351 11.31351 11.31351 11.31351 11.31351 11.31351 11.31656 11.72785 12.00199
0 0 0 0 0 0 0 0 0 0 0 0 0 0 0 0 0 0 0 0 0 0 0 0 0 0 0 0 0 0 0 0 37.4333 37.4333 37.4333 37.4333 37.4333 33.79155 24.47351 29.47727 11.31351 11.31351 11.31351 11.31351 11.31351 11.31351 11.31351 11.31351 11.31351 11.31351 11.31351 11.31351 11.31351 11.31351 11.31351 11.31351 11.31351 11.31351 11.31351 11.31351 11.31351 11.31351 11.31351 11.31351 11.31351 11.31351 11.31351 11.31351 11.31351 11.31351 11.63387 12.00199 12.00199
0 0 0 0 0 0 0 0 0 0 0 0 0 0 0 0 0 0 0 0 0 0 0 0 0 0 0 0 0 0 0 0 37.43329 37.4333 37.4333 37.4333 37.4333 37.4333 37.4333 28.33733 11.31351 11.31351 11.31351 11.31351 11.31351 11.31351 11.31351 11.31351 11.31351 11.31351 11.31351 11.31351 11.31351 11.31351 11.31351 11.31351 11.31351 11.31351 11.31351 11.31351 11.31351 11.31351 11.31351 11.31351 11.31351 11.31351 11.31351 11.31351 11.31351 11.37217 11.86355 12.00199 12.00199
0 0 0 0 0 0 0 0 0 0 0 0 0 0 0 0 0 0 0 0 0 0 0 0 0 0 0 0 0 0 0 0 37.4333 37.4333 37.4333 37.4333 37.4333 37.4333 37.4333 26.13779 11.31351 11.31351 11.31351 11.31351 11.31351 11.31351 11.31351 11.31351 11.31351 11.31351 11.31351 11.31351 11.31351 11.31351 11.31351 11.31351 11.31351 11.31351 11.31351 11.31351 11.31351 11.31351 11.31351 11.31351 11.31351 11.31351 11.31351 11.31351 11.31351 11.82724 12.00199 12.00199 12.00199
0 0 0 0 0 0 0 0 0 0 0 0 0 0 0 0 0 0 0 0 0 0 0 0 0 0 0 0 0 0 0 0 37.4333 37.4333 37.43329 37.43329 37.4333 37.4333 37.43329 36.87143 15.68564 11.31351 11.31351 11.31351 11.31351 11.31351 11.31351 11.31351 11.31351 11.31351 11.31351 11.31351 11.31351 11.31351 11.31351 11.31351 11.31351 11.31351 11.31351 11.31351 11.31351 11.31351 11.31351 11.31351 11.31351 11.31351 11.31351 11.31351 11.39623 11.9972 12.00199 12.00199 12.00199
0 0 0 0 0 0 0 0 0 0 0 0 0 0 0 0 0 0 0 0 0 0 0 0 0 0 0 0 0 0 0 0 0 37.4333 37.4333 37.4333 37.4333 37.4333 37.4333 35.33654 13.00256 11.31351 11.31351 11.31351 11.31351 11.31351 11.31351 11.31351 11.31351 11.31351 11.31351 11.31351 11.31351 11.31351 11.31351 11.31351 11.31351 11.31351 11.31351 11.31351 11.31351 11.31351 11.31351 11.31351 11.31351 11.31351 11.31351 11.31351 11.62276 12.00199 12.00199 12.00199 12.00199
0 0 0 0 0 0 0 0 0 0 0 0 0 0 0 0 0 0 0 0 0 0 0 0 0 0 0 0 0 0 0 0 0 37.4333 37.4333 37.4333 37.4333 37.4333 36.79956 15.90123 11.31351 11.31351 11.31351 11.31351 11.31351 11.31351 11.31351 11.31351 11.31351 11.31351 11.31351 11.31351 11.31351 11.31351 11.31351 11.31351 11.31351 11.31351 11.31351 11.31351 11.31351 11.31351 11.31351 11.31351 11.31351 11.31351 11.31351 11.31584 11.73645 12.00199 12.00199 12.00199 12.00199
0 0 0 0 0 0 0 0 0 0 0 0 0 0 0 0 0 0 0 0 0 0 0 0 0 0 0 0 0 0 0 0 34.89112 37.4333 37.4333 37.4333 37.4333 37.4333 37.4333 33.78118 15.94817 11.31351 11.31351 11.31351 11.31351 11.31351 11.31351 11.31351 11.31351 11.31351 11.31351 11.31351 11.31351 11.31351 11.31351 11.31351 11.31351 11.31351 11.31351 11.31351 11.31351 11.31351 11.31351 11.31351 11.31351 11.51282 11.59838 11.76526 12.00199 12.00199 12.00199 12.00199 12.00199
0 0 0 0 0 0 0 0 0 0 0 0 0 0 0 0 0 0 0 0 0 0 0 0 0 0 0 0 0 0 0 0 37.4333 37.43329 37.43329 37.4333 37.4333 37.43329 37.4333 37.4333 37.4046 17.20778 11.31351 11.31351 11.31351 11.31351 11.31351 11.31351 11.31351 11.31351 11.31351 11.31351 11.31351 11.31351 11.31351 11.31351 11.31351 11.31351 11.31351 11.31351 11.31351 11.31351 11.31351 11.31351 11.31351 11.6998 12.00199 12.00199 12.00199 12.00199 12.00199 12.00199 12.00199
0 0 0 0 0 0 0 0 0 0 0 0 0 0 0 0 0 0 0 0 0 0 0 0 0 0 0 0 0 0 0 0 37.43329 37.4333 37.43329 37.43329 37.43329 37.4333 37.43329 37.43329 37.43329 33.40784 11.5365 11.31351 11.31351 11.31351 11.31351 11.31351 11.31351 11.31351 11.31351 11.31351 11.31351 11.31351 11.31351 11.31351 11.31351 11.31351 11.31351 11.31351 11.31351 11.31351 11.31351 11.31351 11.31351 11.73067 12.00199 12.00199 12.00199 12.00199 12.00199 12.00199 12.00199
0 0 0 0 0 0 0 0 0 0 0 0 0 0 0 0 0 0 0 0 0 0 0 0 0 0 0 0 0 0 0 0 37.4333 37.43329 37.4333 37.4333 37.4333 37.43329 37.4333 37.43329 37.4333 37.4333 17.23585 11.31351 11.31351 11.31351 11.31351 11.31351 11.31351 11.31351 11.31351 11.31351 11.31351 11.31351 11.31351 11.31351 11.31351 11.31351 11.31351 11.31351 11.31351 11.31351 11.32099 11.46118 11.73475 12.00136 12.00199 12.00199 12.00199 12.00199 12.00199 12.00199 12.00199
0 0 0 0 0 0 0 0 0 0 0 0 0 0 0 0 0 0 0 0 0 0 0 0 0 0 0 0 0 0 0 29.5505 37.4333 37.4333 37.4333 37.4333 37.4333 37.4333 37.4333 37.4333 37.4333 37.4333 26.34495 11.31351 11.31351 11.31351 11.31351 11.31351 11.31351 11.31351 11.31351 11.31351 11.31351 11.31351 11.31351 11.31351 11.31351 11.31351 11.31351 11.31351 11.48707 11.71932 11.98699 12.00152 12.00199 12.00199 12.00199 12.00199 12.00199 12.00199 12.00199 12.00199 12.00199
