Scenarios/Global_Grid/data/country_data_population_distribution/processed/density_grids/col.asc
ncols 363
nrows 502
xllcorner -81
yllcorner -4
[rows 198 to 230 of 502, columns 75 to 149 of 363]
0 0 0 0 0 0 0 0 0 0 0 0 0 0 0 0 0 0 0 0 0 0 0 0 0 0 0 0 0 0 0 2.782953 2.782953 0 0 0 0 0 2.672437 2.782953 2.782953 2.782953 2.782953 2.782953 2.782953 2.782953 2.782953 2.782953 5.649688 55.02846 56.2522 56.2522 56.2522 58.93063 109.8708 113.8072 113.8072 113.8072 113.8072 113.8072 111.7849 38.40991 29.25972 29.25972 29.25972 29.25972 29.25972 29.25972 29.25972 29.25972 29.25972 29.25972 29.25972 31.52815 72.7542
0 0 0 0 0 0 0 0 0 0 0 0 0 0 0 0 0 0 0 0 0 0 0 0 0 0 0 0 0 0 0 2.782953 2.782953 2.56832 0 0 0 2.305998 2.782953 2.782953 2.782953 2.782953 2.782953 2.782953 2.782953 2.782953 2.782953 2.782953 2.782953 15.55056 31.77931 55.88936 56.2522 56.2522 67.59356 91.92005 113.8072 113.8072 113.8072 113.8072 97.80937 29.25972 29.25972 29.25972 29.25972 29.25972 29.25972 29.25972 29.25972 29.25972 29.25972 29.25972 29.25972 29.25972 65.75951
0 0 0 0 0 0 0 0 0 0 0 0 0 0 0 0 0 0 0 0 0 0 0 0 0 0 0 0 0 0 0 2.401037 2.782953 2.777081 0 0 2.525874 2.782953 2.782953 2.782953 2.782953 2.782953 2.782953 2.782953 2.782953 2.782953 4.989356 10.06109 11.1977 11.59259 11.59495 26.36841 54.46868 56.2522 56.2522 58.43147 107.4694 113.8072 113.8072 113.8072 94.07336 28.8289 29.25972 29.25972 29.25972 29.25972 29.25972 29.25972 29.25972 29.25972 29.25972 29.25972 29.25972 32.91138 68.16148
0 0 0 0 0 0 0 0 0 0 0 0 0 0 0 0 0 0 0 0 0 0 0 0 0 0 0 0 0 0 0 0 2.782953 2.782953 2.62983 2.530514 2.782953 2.782953 2.782953 2.782953 2.782953 2.782953 2.782953 2.782953 2.782953 2.782953 3.493517 10.81486 11.59495 11.59495 11.59495 11.59495 17.62857 50.8027 56.2522 56.2522 66.31001 108.9302 113.8072 70.82465 22.26412 21.91636 29.13843 29.25972 29.25972 29.25972 29.25972 29.25972 29.25972 29.25972 29.25972 29.25972 29.25972 58.74355 58.50694
0 0 0 0 0 0 0 0 0 0 0 0 0 0 0 0 0 0 0 0 0 0 0 0 0 0 0 0 0 0 0 1.727514 2.751372 2.782953 2.782953 2.782953 2.782953 2.782953 2.782953 2.782953 2.782953 2.782953 2.782953 2.782953 2.782953 2.782953 2.782953 3.709918 9.642857 11.59495 11.59495 11.59495 11.59495 24.65138 49.38391 48.86543 48.30204 78.22661 96.3724 25.40233 18.64699 18.64699 25.15469 29.25972 29.25972 29.25972 29.25972 29.25972 29.25972 29.25972 29.25972 29.25972 54.55444 59.85431 55.85869
0 0 0 0 0 0 0 0 0 0 0 0 0 0 0 0 0 0 0 0 0 0 0 0 0 0 0 0 0 2.422435 2.077699 2.354221 2.778926 2.782953 2.782953 2.782953 2.782953 2.782953 2.782953 2.782953 2.782953 2.782953 2.782953 2.782953 2.782953 2.782953 2.782953 2.782953 4.211304 11.23588 11.59495 11.59495 11.59495 11.59495 15.05406 18.64699 18.64699 18.64699 19.69687 18.64699 18.64699 18.64699 20.02675 28.86572 29.25972 29.25972 29.25972 29.25972 29.25972 29.25972 29.25972 30.65286 70.32098 63.09136 55.85869
0 0 0 0 0 0 0 0 0 0 0 0 0 0 0 0 0 0 0 0 0 0 0 0 0 0 0 0 0 2.27145 2.25282 2.560662 2.782953 2.782953 2.782953 2.782953 2.782953 2.782953 2.782953 2.782953 2.782953 2.782953 2.782953 2.782953 2.782953 2.782953 2.782953 2.782953 2.782953 4.162105 6.003485 10.76792 11.59495 11.59495 11.63592 16.49463 18.64699 18.64699 18.64699 18.64699 18.64699 18.64699 18.64699 21.84494 24.5204 25.58789 26.74092 27.89395 28.9896 29.25972 29.25972 41.30314 73.64986 66.71254 55.85869
0 0 0 0 0 0 0 0 0 0 0 0 0 0 0 0 0 0 0 0 0 0 0 0 0 0 0 0 0 2.25282 2.25282 2.467034 2.782953 2.782953 2.782953 2.782953 2.782953 2.782953 2.782953 2.782953 2.782953 2.782953 2.782953 2.782953 2.782953 2.782953 2.782953 2.782953 2.782953 2.782953 2.782953 7.752351 11.59495 11.59495 11.59495 11.98038 14.7417 18.33441 18.64699 18.64699 18.64699 18.64699 18.64699 18.64699 17.25068 15.38225 15.38225 15.38225 15.43964 16.32249 17.47545 22.41756 33.87593 37.44818 35.00071
0 0 0 0 0 0 0 0 0 0 0 0 0 0 0 0 0 0 0 0 0 0 0 0 0 0 0 0 2.476767 2.25282 2.25282 2.276451 2.751852 2.782953 2.782953 2.782953 2.782953 2.782953 2.782953 2.782953 2.782953 2.782953 2.782953 2.782953 2.782953 2.782953 2.782953 2.782953 2.782953 2.775277 2.729612 9.410943 11.59495 11.59495 11.59495 11.59495 11.59495 12.54578 15.57811 18.25584 18.64699 18.64699 18.64699 18.64699 18.6317 16.20844 15.38225 15.38225 15.38225 15.38225 15.38225 15.38225 15.38225 15.38225 15.38225
0 0 0 0 0 0 0 0 0 0 0 0 0 0 0 0 0 0 0 0 0 0 0 0 0 0 0 0 2.326165 2.25282 2.25282 2.25282 2.50982 2.782953 2.782953 2.782953 2.782953 2.782953 2.782953 2.782953 2.782953 2.782953 2.782953 2.782953 2.782953 2.782953 2.782953 2.782953 2.72501 2.28742 2.240088 9.643467 11.59495 11.59495 11.59495 11.59495 11.59495 11.59495 11.59495 14.11061 18.28628 18.64699 18.64699 18.64699 18.64699 18.15162 15.49297 15.38225 15.38225 15.38225 15.38225 15.38225 15.38225 15.38225 15.38225
0 0 0 0 0 0 0 0 0 0 0 0 0 0 0 0 0 0 0 0 0 0 0 0 0 0 0 0 2.25282 2.25282 2.25282 2.25282 2.323146 2.6544 2.782951 2.782953 2.782953 2.782953 2.782953 2.782953 2.782953 2.782953 2.782953 2.782953 2.782953 2.782953 2.782953 2.730987 2.446576 2.242903 2.458766 10.27429 11.59495 11.59495 11.59495 8.559659 10.84603 11.59495 11.59495 11.59495 15.01925 18.64699 18.64699 18.64699 18.64699 18.64699 17.13857 15.38225 15.38225 15.38225 15.38225 15.38225 15.38225 15.38225 15.38225
0 0 0 0 0 0 0 0 0 0 0 0 0 0 0 0 0 0 0 0 0 0 0 0 0 0 0 0 2.25282 2.25282 2.25282 2.25282 2.25282 2.253214 2.380209 2.782194 2.782953 2.782953 2.782953 2.782953 2.782953 2.782953 2.782953 2.782953 2.782953 2.782953 2.630153 2.265266 2.240088 2.240088 7.12917 11.59495 11.44951 6.458596 9.942971 2.669135 3.772785 11.58593 11.32264 11.59495 12.82266 18.64699 18.24087 17.81488 18.21741 18.64699 18.60135 16.0416 15.38225 15.38225 15.38225 15.44328 15.38241 15.38225 21.23156
0 0 0 0 0 0 0 0 0 0 0 0 0 0 0 0 0 0 0 0 0 0 0 0 0 0 0 0 2.25282 2.25282 2.25282 2.25282 2.25282 2.25282 2.449744 2.782953 2.782953 2.782953 2.782953 2.782953 2.782953 2.782953 2.782953 2.782953 2.782953 2.753565 2.577888 2.241102 2.240088 2.240088 3.389118 4.777573 3.79106 2.240088 2.460323 2.240088 2.240088 4.375724 3.789526 11.00517 12.27139 17.4389 17.17472 16.77536 16.77541 17.17916 17.54776 17.0165 15.72665 15.76524 16.0566 16.72914 16.47388 16.97946 29.35143
0 0 0 0 0 0 0 0 0 0 0 0 0 0 0 0 0 0 0 0 0 0 0 0 0 0 0 0 0 0 2.25282 2.25282 2.25282 2.25282 2.425231 2.782953 2.782953 2.782953 2.782953 2.782953 2.782953 2.782953 2.780928 2.633593 2.587868 2.289098 2.240088 2.240088 2.240088 2.240088 2.240088 2.240088 2.240088 2.240088 2.240088 2.240088 2.240088 2.240088 2.240088 3.025283 11.39395 16.77536 16.77536 16.77536 16.77536 16.77536 16.77536 16.77536 16.77536 16.77536 16.77536 16.77536 16.77536 19.89595 30.66524
0 0 0 0 0 0 0 0 0 0 0 0 0 0 0 0 0 0 0 0 0 0 0 0 0 0 0 0 0 0 0 2.25282 2.25282 2.25282 2.258405 2.744351 2.782953 2.782953 2.782953 2.782953 2.782953 2.782953 2.546021 2.240088 2.240088 2.240088 2.240088 2.240088 2.240088 2.240088 2.240088 2.240088 2.240088 2.240088 2.240088 2.240088 2.240088 2.240088 2.240088 2.324912 15.59645 16.77536 16.77536 16.77536 16.77536 16.77536 16.77536 16.77536 16.77536 16.77536 16.77536 16.77536 16.77536 20.44166 30.66524
0 0 0 0 0 0 0 0 0 0 0 0 0 0 0 0 0 0 0 0 0 0 0 0 0 0 0 0 0 0 0 0 2.25282 2.25282 2.254453 2.684492 2.782953 2.782953 2.782953 2.782953 2.782953 2.59842 2.241633 2.240088 2.240088 2.240088 2.240088 2.240088 2.240088 2.240088 2.240088 2.240088 2.240153 2.587796 2.923304 3.250239 3.385795 2.940395 2.679295 3.385269 16.77536 16.77536 16.77536 16.77536 16.77536 16.77536 16.77536 16.77536 16.77536 16.77536 16.77536 16.77536 16.77536 22.27222 30.66524
0 0 0 0 0 0 0 0 0 0 0 0 0 0 0 0 0 0 0 0 0 0 0 0 0 0 0 0 0 0 0 0 0 2.25282 2.25282 2.548416 2.782953 2.782953 2.782953 2.78276 2.56655 2.261153 2.240088 2.240088 2.240088 2.240088 2.240088 2.240088 2.240088 2.240088 2.240088 2.240088 2.310002 3.948932 4.224697 4.224697 4.224697 4.224697 4.175589 4.52021 16.76446 16.77536 16.77536 16.77536 16.77536 16.77536 16.77536 18.4231 18.55511 26.01151 17.11407 16.77536 25.68583 44.23638 30.65797
0 0 0 0 0 0 0 0 0 0 0 0 0 0 0 0 0 0 0 0 0 0 0 0 0 0 0 0 0 0 0 0 2.25282 2.25282 2.258752 2.748298 2.782953 2.782953 2.782953 2.485132 2.240088 2.240088 2.240088 2.240088 2.240088 2.240088 2.240088 2.240088 2.240088 2.240088 2.240088 2.240088 2.240088 2.675176 4.224697 4.224697 4.224697 4.224697 4.224697 4.224697 10.16295 16.77536 16.77536 16.77536 16.77536 16.77536 16.77536 31.61042 43.32447 43.32447 41.78612 35.3748 49.57224 59.35631 28.46525
0 0 0 0 0 0 0 0 0 0 0 0 0 0 0 0 0 0 0 0 0 0 0 0 0 0 0 0 0 0 0 2.25282 2.25282 2.25282 2.25282 2.596743 2.782953 2.782953 2.782953 2.376743 2.240088 2.240088 2.240088 2.240088 2.240088 2.240088 2.240088 2.240088 2.240088 2.240088 2.240088 2.240088 2.240088 2.314516 4.171705 4.224696 4.224697 4.224696 4.224697 6.254827 13.1112 16.77536 16.77536 16.77536 16.77536 16.77536 16.77536 32.66251 43.32447 43.32447 47.71535 60.36617 64.67491 56.6917 26.79144
0 0 0 0 0 0 0 0 0 0 0 0 0 0 0 0 0 0 0 0 0 0 0 0 0 0 0 0 0 0 0 0 2.25282 2.25282 2.25282 2.299926 2.770627 2.782953 2.782953 2.73303 2.37323 2.240088 2.240088 2.240088 2.243735 2.240088 2.240088 2.240088 2.240164 2.372458 2.667278 2.763976 2.56866 3.154768 4.224285 4.224697 4.224697 4.224697 4.224697 12.04088 16.77536 16.77536 17.63704 17.38839 16.77536 16.77536 16.94995 27.08416 41.10589 39.71651 55.9094 64.67491 64.6749 60.92281 27.07564
0 0 0 0 0 0 0 0 0 0 0 0 0 0 0 0 0 0 0 0 0 0 0 0 0 0 0 0 0 0 0 0 2.25282 0 2.25282 2.26251 2.718364 2.688664 2.436603 3.088183 4.551669 2.240088 2.240088 2.240088 2.806556 2.733819 2.296443 2.804557 2.940958 3.278801 4.207859 4.317608 4.217623 4.224697 4.224697 4.224697 4.224697 4.224697 4.224697 14.60774 16.77536 16.77536 18.74031 20.40715 17.73658 16.77541 19.25821 20.67115 20.69599 22.23937 46.53141 64.67491 64.67491 44.97949 26.79145
0 0 0 0 0 0 0 0 0 0 0 0 0 0 0 0 0 0 0 0 0 0 0 0 0 0 0 0 0 0 0 0 0 0 0 2.278312 2.744729 2.464544 4.535018 11.64119 10.91147 3.871611 2.844533 2.823329 2.980663 3.063335 2.995628 3.063335 3.063335 3.256678 4.721529 4.389094 4.224697 4.224697 4.224697 4.224697 4.224697 4.224697 5.895473 16.19242 17.56749 17.51119 18.68662 20.67116 20.67116 20.22413 20.67076 20.67116 20.67116 20.67116 24.73756 64.46923 64.67491 43.90615 26.79145
0 0 0 0 0 0 0 0 0 0 0 0 0 0 0 0 0 0 0 0 0 0 0 0 0 0 0 0 0 0 0 0 0 0 0 2.25282 2.399795 3.224108 11.34332 10.64501 4.535054 3.063335 3.063335 3.063335 3.063335 3.063335 3.063335 3.063335 3.063335 3.161878 4.397593 4.709675 4.285386 4.224697 4.224697 4.224697 4.224697 4.224697 11.28345 17.5603 20.59529 20.60279 20.57153 20.67115 20.67115 20.67115 20.67115 20.67116 20.67116 20.67115 19.5818 32.65225 64.67491 58.52422 28.18916
0 0 0 0 0 0 0 0 0 0 0 0 0 0 0 0 0 0 0 0 0 0 0 0 0 0 0 0 0 0 0 0 0 0 0 0 2.25282 4.429397 12.64468 12.09671 3.292501 3.063335 3.063335 3.063335 3.063335 3.063335 3.063335 3.063335 3.063335 3.115552 4.345283 4.692939 4.340048 4.224697 4.224697 4.224697 4.224697 4.224697 4.389007 18.16251 20.67115 20.67115 20.67115 20.67115 20.67115 20.67115 20.67115 20.67115 19.74984 15.89502 13.81658 12.89032 58.57503 51.99386 43.34878
0 0 0 0 0 0 0 0 0 0 0 0 0 0 0 0 0 0 0 0 0 0 0 0 0 0 0 0 0 0 0 0 0 0 0 0 2.25282 2.25282 0 10.28936 3.14145 3.063335 3.063335 3.063335 3.063335 3.063335 3.063335 3.063335 3.063335 3.063335 3.394508 4.229055 4.647671 4.606427 4.496509 4.479352 4.579227 4.49248 4.425303 15.68292 20.67115 20.67115 20.67115 20.67115 20.67115 20.67115 20.67115 20.67115 19.76559 13.17548 12.8218 12.8218 35.62878 46.37365 47.676
0 0 0 0 0 0 0 0 0 0 0 0 0 0 0 0 0 0 0 0 0 0 0 0 0 0 0 0 0 0 0 0 0 0 0 0 0 0 0 12.54694 9.506921 3.122253 3.063335 3.063335 3.063335 3.063335 3.063335 3.063335 3.063335 3.063335 3.063335 3.540772 4.523389 4.72902 4.72902 4.729019 4.72902 4.729019 4.72902 14.27925 20.69514 20.67115 20.67116 20.72354 20.68435 20.67115 20.67115 20.67115 20.70237 13.99867 12.8218 12.8218 23.30971 49.08598 60.58895
0 0 0 0 0 0 0 0 0 0 0 0 0 0 0 0 0 0 0 0 0 0 0 0 0 0 0 0 0 0 0 0 0 0 0 0 0 0 0 0 12.62315 6.39586 3.063335 3.063335 3.063335 3.063335 3.063335 3.063335 3.063335 3.063335 3.063335 3.407186 4.066616 4.72902 4.72902 4.72902 4.72902 4.72902 4.72902 13.71881 20.95279 20.67115 20.79534 21.13841 20.89916 20.67115 20.67115 20.91581 21.11455 20.13491 14.80069 12.84939 35.75608 63.68583 64.48946
0 0 0 0 0 0 0 0 0 0 0 0 0 0 0 0 0 0 0 0 0 0 0 0 0 0 0 0 0 0 0 0 0 0 0 0 0 0 0 0 12.64468 8.194965 3.063335 3.063335 3.063335 3.063335 3.063335 3.063335 3.063335 3.063335 3.063335 3.063335 3.279024 4.418063 4.72902 4.729019 4.72902 4.729019 4.72902 15.20967 21.08467 20.75981 21.0789 21.16058 21.09628 20.80747 21.09924 21.15749 21.16058 21.16058 21.1452 17.70663 55.64637 64.48946 64.48946
0 0 0 0 0 0 0 0 0 0 0 0 0 0 0 0 0 0 0 0 0 0 0 0 0 0 0 0 0 0 0 0 0 0 0 0 0 0 0 0 12.64468 5.492157 3.063335 3.063335 3.063335 3.063335 3.063335 3.063335 3.063335 3.063335 3.063335 3.063335 3.063335 3.145826 4.213941 4.729019 4.72902 4.729019 4.72902 6.606755 21.16058 21.11844 21.15872 21.16058 21.16058 21.16058 21.16058 21.16058 21.16058 21.16058 21.72941 49.74482 56.62116 58.65604 64.43629
0 0 0 0 0 0 0 0 0 0 0 0 0 0 0 0 0 0 0 0 0 0 0 0 0 0 0 0 0 0 0 0 0 0 0 0 0 0 0 12.64468 12.64468 7.898175 3.063335 3.063335 3.063335 3.063335 3.063335 3.063335 3.063335 3.063335 3.063335 3.063335 3.063335 3.117665 4.393158 4.72902 4.72902 4.72902 4.729019 6.273851 20.7535 21.16058 21.16058 21.16058 21.16058 21.16058 21.16058 21.16058 21.16058 21.16058 21.16058 28.82882 55.09706 55.12056 60.9115
0 0 0 0 0 0 0 0 0 0 0 0 0 0 0 0 0 0 0 0 0 0 0 0 0 0 0 0 0 0 0 0 0 0 0 0 0 0 0 12.64468 12.64468 10.64588 3.066817 3.063335 3.063335 3.063335 3.063335 3.063335 3.063335 3.063335 3.063335 3.063335 3.063335 3.071854 4.252193 4.72902 4.72902 4.72902 4.72902 4.746476 18.07974 21.16058 21.16058 21.16058 21.16058 21.16058 21.16058 21.16058 21.16058 21.16058 21.16058 21.67828 53.45841 55.12056 57.54843
0 0 0 0 0 0 0 0 0 0 0 0 0 0 0 0 0 0 0 0 0 0 0 0 0 0 0 0 0 0 0 0 0 0 0 0 0 0 0 12.64468 12.64468 9.845959 3.063335 3.063335 3.063335 3.063335 3.063335 3.063335 3.063335 3.063335 3.063335 3.063335 3.063335 12.46335 5.50526 4.72902 4.72902 4.72902 4.72902 4.72902 14.14692 21.16058 21.16058 21.16058 21.16058 21.16058 21.16058 21.16058 21.16058 21.16058 21.16058 21.16058 27.06043 48.02345 48.00415
0 0 0 0 0 0 0 0 0 0 0 0 0 0 0 0 0 0 0 0 0 0 0 0 0 0 0 0 0 0 0 0 0 0 0 0 0 12.64468 0 12.64468 12.64468 7.066894 3.063335 3.063335 3.063335 3.063335 3.063335 3.063335 4.406611 3.063335 3.063335 3.063335 4.833421 51.23402 11.62922 4.729019 4.729019 4.72902 4.72902 4.72902 15.49613 21.16058 21.16058 21.16058 21.16058 21.16058 21.16058 21.16058 21.16058 21.16058 21.16058 21.16058 21.16705 38.01449 40.22727
