Scenarios/Global_Grid/data/country_data_population_distribution/processed/density_grids/col.asc
ncols 363
nrows 502
xllcorner -81
yllcorner -4
[rows 330 to 362 of 502, columns 150 to 224 of 363]
58.81112 58.81112 58.81112 58.81113 37.31884 57.01921 201.6379 201.6379 201.6379 201.1301 176.0465 115.6826 50.88295 23.66984 25.29118 21.80362 10.08091 10.08091 10.08091 10.08091 10.08091 8.940606 6.850234 6.850234 6.850234 6.850234 6.850234 6.850234 6.850234 6.850234 6.850234 6.709923 6.444623 6.444624 6.444623 6.444624 6.444624 6.444623 6.444624 6.444623 6.444624 6.444623 6.444624 6.444623 6.444624 6.444624 6.444624 6.444623 6.444624 6.444623 6.444624 6.444623 6.444624 6.444623 6.677311 6.761777 6.761777 6.761777 6.761777 6.761778 6.761777 6.761777 6.761777 6.761777 6.761777 6.761777 6.761777 6.761777 6.761777 6.761777 2.36656 1.067394 1.067394 1.067394 1.169168
58.81112 58.07383 44.61736 35.67532 29.46917 172.8635 201.6379 201.6379 198.118 107.7178 91.65086 91.65086 66.79819 23.06072 25.29118 18.16949 10.08091 10.08091 10.08091 10.08091 10.08091 10.02848 8.495159 7.242461 6.850235 6.850234 6.850235 6.850234 6.850235 6.850234 6.850235 6.725813 6.444624 6.444623 6.444624 6.444624 6.444623 6.444624 6.444623 6.444624 6.444623 6.444624 6.444624 6.444624 6.444623 6.444624 6.444623 6.444624 6.444624 6.444624 6.444623 6.444624 6.444623 6.444624 6.263332 6.761777 6.761777 6.761777 6.761777 6.761777 6.761777 6.761777 6.761777 6.761777 6.761777 6.761777 6.761777 6.761777 6.761777 5.5116 1.078443 1.067394 1.067394 1.067394 1.067394
58.74507 47.93274 28.30275 28.30275 67.46045 150.9981 201.1624 201.6379 157.8966 91.65086 91.65086 91.65086 76.20502 22.44916 24.56053 11.71053 10.08091 10.08091 10.08091 10.08091 10.08091 10.08091 10.08091 7.877208 6.850234 6.850233 6.850234 6.850234 6.850234 6.850234 6.850234 6.618915 6.444623 6.444623 6.444623 6.444623 6.444623 6.444623 6.444623 6.444623 6.444623 6.444623 6.444623 6.444623 6.444623 6.444623 6.444623 6.444623 6.444623 6.444624 6.444623 6.444623 6.444623 6.444623 2.630351 3.948712 5.439895 5.760038 5.000855 2.646422 3.297414 2.334075 3.377057 5.180404 6.071769 6.761778 5.708841 5.005207 4.668084 2.01845 1.067394 1.067394 1.067394 1.067394 1.067394
68.51753 92.77457 32.7563 74.56187 116.7889 117.0731 129.0164 167.1173 94.12086 91.65086 91.65086 91.65086 67.47427 22.05366 23.7816 10.33145 10.08091 10.08091 10.08091 10.08091 10.08091 10.08091 10.08091 9.2766 6.850234 6.850235 6.850234 6.850234 6.850234 6.850234 6.850234 6.730101 6.444624 6.444624 6.444624 6.444623 6.444624 6.444624 6.444624 6.444624 6.444624 6.444624 6.444623 6.444624 6.444624 6.444624 6.444624 6.444624 6.444623 6.444624 6.444624 6.444624 6.444624 6.444624 2.074272 1.067394 1.067394 1.067394 1.067394 1.067394 1.067394 1.067394 1.067394 1.067394 2.179799 4.099629 1.261515 1.067394 1.067394 1.067394 1.067394 1.067394 1.067394 1.067394 1.067394
114.0977 100.9949 62.39834 103.4769 117.0731 117.0731 115.6768 94.24529 91.65086 91.65086 91.65086 91.65086 83.47768 50.77187 22.53471 10.08149 10.08091 10.08091 10.08091 10.08091 10.08091 10.08091 10.08091 9.636395 6.973767 6.850234 6.850234 6.850234 6.850234 6.850234 6.850234 6.84997 6.510718 6.444624 6.444624 6.444624 6.444624 6.444624 6.444624 6.444623 6.444624 6.444624 6.444624 6.444624 6.444624 6.444624 6.444624 6.444624 6.444624 6.444624 6.444624 6.444624 6.444624 6.444624 2.084695 1.067394 1.067394 1.067394 1.067394 1.067394 1.067394 1.067394 1.067394 1.067394 1.067394 1.067394 1.067394 1.067394 1.067394 1.067394 1.067394 1.067394 1.067394 1.067394 1.067394
105.8741 70.99096 66.5289 74.12842 97.02209 117.0731 105.6206 91.65086 91.65086 91.65086 91.65086 91.65086 91.65086 65.37737 20.58703 10.08091 10.08091 10.08091 10.08091 10.08091 10.08091 10.08091 10.08091 10.08091 8.611033 6.850235 6.850234 6.850234 6.850234 6.850234 6.850234 6.850234 6.596309 6.444624 6.444623 6.444624 6.444624 6.444623 6.444624 6.444623 6.444624 6.444623 6.444623 6.444623 6.444624 6.444623 6.444624 6.444623 6.444623 6.444623 6.444624 6.444623 6.444624 6.444623 2.088092 1.067394 1.067394 1.067394 1.067394 1.067394 1.067394 1.067394 1.067394 1.067394 1.067394 1.067394 1.067394 1.067394 1.067394 1.067394 1.067394 1.067394 1.067394 1.067394 1.067394
72.21172 66.5289 66.5289 66.5289 67.15528 105.3942 95.12157 91.65086 91.65086 91.65086 91.65086 91.65086 91.65086 58.16578 20.15607 10.08091 10.08091 10.08091 10.08091 10.08091 10.08091 10.08091 10.08091 10.08091 10.01922 7.057041 6.850234 6.850234 6.850234 6.850234 6.850234 6.850235 6.642719 6.444623 6.444623 6.444623 6.444623 6.444623 6.444623 6.444623 6.444623 6.444623 6.444623 6.444623 6.444623 6.444623 6.444623 6.444623 6.444623 6.444623 6.444623 6.444623 6.444623 6.444623 2.089905 1.067394 1.067394 1.067394 1.067394 1.067394 1.067394 1.067394 1.067394 1.067394 1.067394 1.067394 1.067394 1.067394 1.067394 1.067394 1.067394 1.067394 1.067394 1.067394 1.067394
72.30533 66.66808 66.5289 66.5289 67.17387 88.6091 91.65087 91.65086 91.65086 91.65086 91.65087 91.65086 91.65087 40.5549 17.23876 10.08091 10.08091 10.08091 10.08091 10.08091 10.08091 10.08091 10.08091 10.08091 10.08091 8.047182 6.850234 6.850234 6.850234 6.850235 6.850234 6.850234 6.676841 6.469894 6.444623 6.444624 6.444624 6.444623 6.444624 6.444623 6.444624 6.444623 6.444624 6.444623 6.444624 6.444623 6.444624 6.444623 6.444624 6.444623 6.444624 6.444623 6.444624 6.444623 2.09181 1.067394 1.067394 1.067394 1.067394 1.067394 1.067394 1.067394 1.067394 1.067394 1.067394 1.067394 1.067394 1.067394 1.067394 1.067394 1.067394 1.067394 1.067394 1.067394 1.067394
80.44675 69.7468 66.5289 66.5289 77.9362 91.65087 91.65086 91.65087 91.65086 91.65086 91.65086 91.65087 55.77039 22.44989 14.48314 10.46317 10.08091 10.08091 10.08091 10.08091 10.08091 10.08091 10.08091 10.08091 10.08091 8.803972 6.850234 6.850234 6.850234 6.850234 6.850234 6.850234 6.850234 6.828157 6.619469 6.63677 6.528448 6.444624 6.444623 6.444624 6.444623 6.444624 6.444623 6.444624 6.444624 6.444624 6.444624 6.444624 6.444623 6.444624 6.444623 6.444624 6.444624 6.444624 2.093725 1.067394 1.067394 1.067394 1.067394 1.067394 1.067394 1.067394 1.067394 1.067394 1.067394 1.067394 1.067394 1.067394 1.067394 1.067394 1.067394 1.067394 1.067394 1.067394 1.067394
80.50085 75.2552 67.46207 76.43424 89.82928 91.65086 91.65087 91.65086 91.65086 91.65086 91.65087 88.34408 31.52541 23.01794 22.70688 24.87909 15.90839 10.08091 10.08091 10.08091 10.08091 10.08091 10.08091 10.08091 10.08091 9.145242 6.850234 6.850234 6.850235 6.850234 6.850235 6.850234 6.850234 6.850234 6.850234 6.850234 6.845716 6.832557 6.773813 6.545616 6.578934 6.446986 6.444624 6.444623 6.444624 6.444623 6.444624 6.444623 6.444624 6.444623 6.444624 6.444623 6.444624 6.444623 2.095639 1.067394 1.067394 1.067394 1.067394 1.067394 1.067394 1.067394 1.067394 1.067394 1.067394 1.067394 1.067394 1.067394 1.067394 1.067394 1.067394 1.067394 1.067394 1.067394 1.067394
66.30805 55.17445 72.19233 91.65086 91.65087 91.65086 91.65087 91.65086 91.65087 91.65086 91.65086 78.89428 17.43292 23.29426 25.29118 25.29118 25.16171 15.57798 11.67014 13.52691 16.20884 10.84023 10.08091 10.08091 10.08091 9.971951 7.913167 6.850235 6.850234 6.850234 6.850234 6.850234 6.850234 6.850234 6.850234 6.850234 6.850234 6.850234 6.850234 6.850234 6.850235 6.539942 6.476195 6.444624 6.444623 6.444623 6.444623 6.444623 6.444623 6.444623 6.444624 6.444623 6.444624 6.444623 2.097552 1.067394 1.067394 1.067394 1.067394 1.067394 1.067394 1.067394 1.067394 1.067394 1.067394 1.067394 1.067394 1.067394 1.067394 1.067394 1.067394 1.067394 1.067394 1.067394 1.067394
12.31065 12.22637 20.13216 87.16789 91.65087 91.65086 91.65086 91.65086 91.65086 91.65086 91.65086 56.75937 16.70888 19.9998 25.28099 25.29118 25.29118 25.29118 25.29118 25.29118 25.29118 14.11918 10.08091 10.08091 10.08091 10.08091 9.509515 6.850234 6.850234 6.850234 6.850235 6.850234 6.850234 6.850234 6.850234 6.850234 6.850234 6.850234 6.850234 6.850234 6.850234 6.850234 6.813191 6.600016 6.444623 6.444624 6.444623 6.444624 6.444624 6.444624 6.444623 6.444624 6.444624 6.444624 2.099396 1.067394 1.067394 1.067394 1.067394 1.067394 1.067394 1.067394 1.067394 1.067394 1.067394 1.067394 1.067394 1.067394 1.067394 1.067394 1.067394 1.067394 1.067394 1.067394 1.067394
12.22637 12.22637 15.54747 83.02666 91.65086 91.65086 91.65086 91.65086 91.65086 91.65086 86.02623 21.92553 16.70888 18.72651 23.6312 24.90494 25.27419 25.29118 25.29118 25.29118 25.29118 18.63614 10.27939 10.08091 10.08091 10.08091 9.490402 6.850234 6.850234 6.850234 6.850234 6.850234 6.850234 6.850234 6.850234 6.850234 6.850234 6.850234 6.850234 6.850234 6.850234 6.850234 6.850234 6.77517 6.724792 6.792117 6.469044 6.600783 6.641903 6.717256 6.694213 6.690056 6.571501 6.473173 2.101227 1.067394 1.067394 1.067394 1.067394 1.067394 1.067394 1.067394 1.067394 1.067394 1.067394 1.067394 1.067394 1.067394 1.067394 1.067394 1.067394 1.067394 1.067394 1.067394 1.067394
12.22637 12.22637 22.63239 87.3464 91.65086 91.65086 91.65086 91.65086 91.65086 91.65086 56.04814 16.70888 17.12172 20.82722 22.0471 22.0471 22.70814 23.75604 24.7847 25.29118 25.29118 25.27305 15.5054 10.08091 10.08091 10.08091 9.047074 6.850514 6.850234 6.850235 6.850234 6.850234 6.850234 6.850234 6.850234 6.850234 6.850234 6.850234 6.850234 6.850234 6.850234 6.850234 6.850234 6.850234 6.850234 6.850234 6.735341 6.85013 6.850234 6.850234 6.850234 6.850234 6.850234 6.815634 1.965906 1.067394 1.067394 1.067394 1.067394 1.067394 1.067394 1.067394 1.067394 1.067394 1.067394 1.067394 1.067394 1.067394 1.067394 1.067394 1.067394 1.067394 1.067394 1.067394 1.067394
12.22637 12.22637 12.12061 38.91479 91.41676 91.65086 91.65087 91.65086 91.65086 91.65087 51.9982 16.70888 17.57372 21.01436 22.0471 22.0471 22.0471 22.0471 22.04954 23.82435 25.20137 25.29118 20.77386 10.08091 10.08091 10.08091 9.821617 6.321608 6.850234 6.850235 6.850234 6.850234 6.850234 6.850234 6.850234 6.850235 6.850234 6.850234 6.850234 6.850234 6.850234 6.850234 6.850235 6.850234 6.850234 6.850234 6.850234 6.850234 6.850235 6.850234 6.850234 6.850234 6.850234 6.850234 3.780566 1.067394 1.067394 1.067394 1.067394 1.067394 1.067394 1.067394 1.067394 1.067394 1.067394 1.067394 1.067394 1.067394 1.067394 1.067394 1.067394 1.067394 1.067394 1.067394 1.067394
12.22637 12.22637 12.07245 8.339041 66.53627 90.95606 91.65086 91.65086 91.65087 91.65087 57.63757 16.70888 16.70888 18.00497 21.98602 22.0471 22.0471 22.0471 22.0471 22.0471 23.4746 25.29118 25.24972 15.50976 10.08091 10.08091 9.478141 3.864299 6.787731 6.850234 6.850234 6.850234 6.850234 6.850234 6.850234 6.850234 6.850234 6.850234 6.850234 6.850234 6.850234 6.850234 6.850234 6.850234 6.850234 6.850234 6.850234 6.850234 6.850234 6.850234 6.850234 6.850234 6.850234 6.850234 6.788339 2.474409 1.067394 1.067394 1.067394 1.067394 1.067394 1.067394 1.067394 1.067394 1.067394 1.067394 1.067394 1.067394 1.067394 1.067394 1.067394 1.067394 1.067394 1.067394 1.067394
12.22637 12.22637 12.22637 9.474241 12.30326 18.35137 68.9877 91.65086 91.65086 91.65087 82.66553 16.70888 16.70888 16.70888 19.66959 22.0471 22.0471 22.0471 22.0471 22.0471 22.07703 24.1109 25.28937 19.24759 10.08091 10.08091 8.823174 3.200375 5.174674 6.850234 6.850234 6.850234 6.850234 6.850234 6.850234 6.850234 6.850234 6.850234 6.850234 6.850234 6.850234 6.850234 6.850234 6.850234 6.850234 6.850234 6.850234 6.850234 6.850234 6.850234 6.850234 6.850234 6.850234 6.850234 6.850234 6.354904 1.723594 1.067394 1.067394 1.067394 1.067394 1.067394 1.067394 1.067394 1.067394 1.067394 1.067394 1.067394 1.067394 1.067394 1.067394 1.067394 1.067394 1.067394 1.067394
12.22637 12.22637 12.22637 10.93951 7.529945 7.237673 15.72399 73.99989 91.65086 91.65086 89.08991 16.75851 16.70888 16.70888 16.71508 19.67119 22.0471 22.0471 22.0471 22.0471 22.0471 21.85139 14.31672 15.98085 10.06233 10.08091 8.982599 3.186981 3.343869 6.398302 6.850234 6.850234 6.850234 6.850234 6.850234 6.850234 6.850234 6.850234 6.850234 6.850234 6.850234 6.850234 6.850234 6.850234 6.850234 6.850234 6.850234 6.850234 6.850234 6.850234 6.850234 6.850234 6.850234 6.850234 6.850235 6.850235 5.778075 1.067394 1.067394 1.067394 1.067394 1.067394 1.067394 1.067394 1.067394 1.067394 1.067394 1.067394 1.067394 1.067394 1.067394 1.067394 1.067394 1.067394 1.067394
12.2807 12.22637 12.22637 12.22637 8.123833 7.237673 7.237673 32.9284 91.65086 91.65086 76.58552 16.72307 16.70888 16.70888 16.70888 18.42303 22.0471 22.0471 22.0471 22.0471 22.03645 11.70761 3.186981 3.186981 4.216748 7.418073 4.767569 3.186981 3.186981 4.273135 6.849549 6.850234 6.850234 6.850234 6.850234 6.850234 6.850234 6.850234 6.850234 6.850234 6.850234 6.850234 6.850234 6.850234 6.850234 6.850234 6.850234 6.850234 6.850234 6.850234 6.850234 6.850234 6.850234 6.850234 6.850234 6.850234 6.764581 3.536985 1.300333 1.067394 1.067394 1.067394 1.067394 1.067394 1.067394 1.067394 1.067394 1.067394 1.067394 1.067394 1.067394 1.067394 1.067394 1.067394 1.067394
10.55865 11.60948 12.22637 11.99254 7.326975 7.237674 7.237674 28.03883 88.90546 89.59641 48.55776 11.89184 11.37043 14.05702 16.70888 16.88804 19.51689 20.5661 20.83693 21.80578 16.09887 3.186981 3.186981 3.186981 3.186981 3.186981 3.186981 3.186981 3.186981 3.186981 5.651773 6.850234 6.850234 6.850234 6.850234 6.850234 6.850234 6.850234 6.850234 6.850234 6.850234 6.850234 6.850234 6.850234 6.850234 6.850234 6.850234 6.850234 6.850234 6.850234 6.850234 6.850234 6.850234 6.850234 6.850234 6.850234 6.850234 6.850234 4.960297 1.067394 1.067394 1.067394 1.067394 1.067394 1.067394 1.067394 1.067394 1.067394 1.067394 1.067394 1.067394 1.067394 1.067394 1.067394 1.067394
8.865772 9.7033 12.20113 12.1726 9.860368 7.472962 7.237674 7.667824 20.25842 12.39107 7.133394 7.133394 7.133394 10.57549 16.70888 16.70888 16.70888 16.70888 16.70888 19.97919 11.43802 3.186981 3.186981 3.186981 3.186981 3.186981 3.186981 3.186981 3.186981 3.186981 3.525834 6.578729 6.850234 6.850235 6.850234 6.850235 6.850234 6.850234 6.850234 6.850234 6.850234 6.850234 6.850235 6.850234 6.850234 6.850234 6.850234 6.850234 6.850235 6.850234 6.850234 6.850234 6.850234 6.850234 6.850235 6.850234 6.850235 6.850234 6.749345 1.861455 1.067394 1.067394 1.067394 1.067394 1.067394 1.067394 1.067394 1.067394 1.067394 1.067394 1.067394 1.067394 1.067394 1.067394 1.067394
8.865772 8.865772 11.32858 12.22637 10.65746 9.133464 7.275675 7.237674 7.170514 7.133393 7.133393 7.133394 7.133393 9.774734 16.70888 16.70888 16.70888 16.70888 16.70888 18.62208 5.848714 3.186981 3.186981 3.186981 3.186981 3.186981 3.186981 3.186981 3.186981 3.186981 3.186981 4.094524 6.652565 6.850234 6.850234 6.850234 6.850234 6.850234 6.850234 6.850234 6.850234 6.850234 6.850234 6.850234 6.850234 6.850234 6.850234 6.850234 6.850234 6.850234 6.850234 6.850234 6.850234 6.850234 6.850234 6.850234 6.850234 6.850234 6.850234 5.550993 1.067394 1.067394 1.067394 1.067394 1.067394 1.067394 1.067394 1.067394 1.067394 1.067394 1.067394 1.067394 1.067394 1.067394 1.067394
8.865773 8.865773 9.557318 12.06103 11.40555 10.33536 9.341186 8.320923 7.553751 7.133393 7.133393 7.133393 7.133393 7.197343 15.05962 16.70888 16.70888 16.70888 16.70888 16.91969 15.15356 6.610169 3.186981 3.186981 3.186981 3.186981 3.186981 3.186981 3.186981 3.186981 3.186981 3.186981 5.039337 6.762876 6.850234 6.850234 6.850234 6.850234 6.850234 6.850234 6.850234 6.850234 6.850234 6.850234 6.850234 6.850234 6.850234 6.850234 6.850234 6.850234 6.850234 6.850234 6.850234 6.850234 6.850234 6.850234 6.850234 6.850234 6.850234 6.683941 1.277237 1.067394 1.067394 1.067394 1.067394 1.067394 1.067394 1.067394 1.067394 1.067394 1.067394 1.067394 1.067394 1.067394 1.067394
8.865772 8.865772 9.003516 9.838966 10.80706 10.33536 10.33535 10.33536 8.862288 7.133393 7.133393 7.133393 7.133393 7.133393 8.684858 14.29408 16.70888 16.70888 16.70888 16.70888 16.70888 9.524072 3.186981 3.186981 3.186981 3.186981 3.186981 3.186981 3.186981 3.186981 3.186981 3.186981 3.186981 3.928788 5.858568 6.850234 6.850234 6.850234 6.850234 6.850234 6.850234 6.850234 6.850234 6.850234 6.850234 6.850234 6.850234 6.850234 6.850234 6.850234 6.850234 6.850234 6.850234 6.850234 6.850234 6.850234 6.850234 6.850234 6.850234 6.82199 1.824581 1.067394 1.067394 1.067394 1.067394 1.067394 1.067394 1.067394 1.067394 1.067394 1.067394 1.067394 1.067394 1.067394 1.122824
8.865773 8.865773 9.731957 10.33536 10.33536 10.33535 10.33536 10.33536 10.02294 7.455091 7.133393 7.133393 7.133393 7.133394 7.133393 8.136393 14.63398 16.70888 16.70888 16.70888 16.70888 15.96321 5.602663 3.186981 3.186981 3.186981 3.186981 3.186981 3.186981 3.186981 3.186981 3.186981 3.186981 3.186981 3.297384 6.163428 6.850235 6.850234 6.850234 6.850234 6.850235 6.850234 6.850234 6.850234 6.850235 6.850234 6.850235 6.850234 6.850235 6.850234 6.850235 6.850234 6.850234 6.850234 6.850234 6.850234 6.850234 6.850234 6.850234 6.850234 5.484415 1.312535 1.067394 1.067394 1.067394 1.067394 1.067394 1.067394 1.067394 1.067394 1.067394 1.067394 1.067394 1.220393 1.304982
17.40072 15.06509 10.59196 10.33536 10.33535 10.33536 10.33536 10.33536 10.33536 9.246621 7.134776 7.133393 7.133393 7.133394 7.133394 7.133394 7.466555 14.00891 16.70888 16.70888 16.70888 16.70888 15.16913 3.741075 3.186981 3.186981 3.186981 3.186981 3.186981 3.186981 3.186981 3.186981 3.186981 3.186981 3.186981 3.516728 5.233473 6.850234 6.850234 6.850234 6.850234 6.850234 6.850234 6.850234 6.850234 6.850234 6.850234 6.850234 6.850234 6.850234 6.850234 6.850234 6.850234 6.850234 6.850234 6.850234 6.850234 6.850234 6.850234 6.850234 6.850234 6.134815 1.269676 1.067394 1.067394 1.067394 1.067394 1.067394 1.067394 1.067394 1.067394 1.067394 1.076098 1.274269 1.325643
25.01811 17.1104 11.66048 10.33536 10.33536 10.33536 10.33536 10.33536 10.33536 10.33299 10.09901 7.543245 7.133393 7.133393 7.133393 7.133393 7.133393 13.13241 16.70888 16.70888 16.70888 16.70888 16.70888 6.70788 3.186981 3.186982 3.186981 3.186981 3.186981 3.186982 3.186981 3.186982 3.186981 3.186981 3.186981 3.186981 3.412726 6.332222 6.850235 6.850235 6.850235 6.850235 6.850235 6.850235 6.850235 6.850235 6.850235 6.850235 6.850235 6.850235 6.850235 6.850235 6.850235 6.850235 6.850235 6.850235 6.850235 6.850235 6.850235 6.850235 6.34876 6.069197 5.985426 2.369027 1.067394 1.067394 1.067394 1.067394 1.067394 1.067394 1.067394 1.067394 1.078573 1.266655 1.325643
25.01811 14.95766 12.78275 11.25263 10.9471 12.00674 11.04933 10.33556 10.33536 10.33536 10.33536 9.952585 7.909181 7.133394 7.133393 7.133393 6.495875 2.163189 5.102765 8.568965 12.03689 15.46434 16.70888 14.2523 3.520089 3.186981 3.186981 3.186981 3.186981 3.186981 3.186981 3.186981 3.186981 3.186981 3.186981 3.186981 3.186981 3.815893 6.308179 6.850234 6.850233 6.850234 6.850234 6.850234 6.850234 6.850234 6.850234 6.850234 6.850234 6.850234 6.850234 6.850234 6.850234 6.850234 6.850234 6.850234 6.850234 6.850234 6.850234 3.24759 1.345794 1.325643 3.475295 6.613658 1.71274 1.072863 1.067394 1.067394 1.067394 1.067394 1.067394 1.101205 1.172482 1.315982 1.325643
23.37519 19.61156 13.25447 12.85904 12.84221 12.87907 12.87907 12.1482 11.75002 10.66627 10.33535 10.33535 8.013271 7.133393 7.133393 7.133393 5.003743 1.325643 1.325643 1.325643 1.325643 1.36613 3.589514 7.057429 5.926865 3.186981 3.186981 3.186981 3.186981 3.186981 3.186981 3.186981 3.186981 3.186981 3.186981 3.186981 3.186981 3.186981 3.384796 5.716087 6.850234 6.850234 6.850234 6.850234 6.850234 6.850234 6.850234 6.850234 6.850234 6.850234 6.850234 6.850234 6.850234 6.850234 6.850234 6.850234 6.850234 6.800706 4.148829 1.341948 1.325643 1.325643 1.325643 2.719537 1.354846 1.254205 1.067394 1.067394 1.067394 1.067394 1.075406 1.255019 1.325643 1.325643 1.325643
13.52418 23.75178 15.15561 12.87907 12.87907 12.87907 12.87907 12.87907 12.87907 12.85465 11.56684 8.114452 9.918579 9.055144 5.742502 4.468544 6.705547 1.695889 1.325643 1.325643 1.325643 1.325643 1.325643 1.325643 1.530751 2.967204 3.186981 3.186981 3.186981 3.186981 3.186981 3.186981 3.186981 3.186981 3.186981 3.186981 3.186981 3.186981 3.186981 3.263396 5.367784 6.834653 6.850234 6.850234 6.850234 6.850234 6.850234 6.850234 6.850234 6.850234 6.850234 6.850234 6.850234 6.850234 6.850234 6.850234 6.850234 4.912141 1.325643 1.325643 1.325643 1.325643 1.325643 1.325643 1.325643 1.32027 1.155499 1.077997 1.067394 1.080328 1.281091 1.325643 1.325643 1.325643 1.325643
6.347782 18.92149 16.94571 12.84507 12.87907 12.87907 12.87907 12.87907 12.87907 12.87907 11.61784 1.508441 2.046819 8.242664 2.187195 1.325643 3.37232 1.380618 1.325643 1.325643 1.325643 1.325643 1.325643 1.325643 1.325643 1.90506 3.185838 3.186981 3.186981 3.186981 3.186981 3.186981 3.186981 3.186981 3.186981 3.186981 3.186981 3.186981 3.186981 3.186981 3.192218 4.635478 6.768818 6.850234 6.850234 6.850234 6.850234 6.850234 6.850234 6.850234 6.850234 6.850234 6.850234 6.850234 6.850234 6.850234 6.850234 2.068869 1.325643 1.325643 1.325643 1.325643 1.325643 1.325643 1.325643 1.325643 1.324081 1.306622 1.244605 1.307322 1.325643 1.325643 1.325643 1.325643 1.325643
6.347783 6.347783 6.347783 8.761547 8.891249 8.441546 6.639944 11.20175 12.87907 11.22515 2.683823 1.325643 1.325643 1.419179 1.325643 1.325643 1.325643 1.325643 1.325643 1.325643 1.325643 1.325643 1.325643 1.325643 1.325643 1.325643 2.457982 3.186981 3.186981 3.186981 3.186981 3.186981 3.186981 3.186981 3.186981 3.186981 3.186981 3.186981 3.186981 3.186981 3.186981 3.197811 3.817856 5.66383 6.722166 6.850234 6.850234 6.850234 6.850234 6.850234 6.850234 6.850234 6.850234 6.850234 6.850234 6.850234 6.693367 1.794429 1.325643 1.325643 1.325643 1.325643 1.325643 1.325643 1.325643 1.325643 1.325643 1.325643 1.325643 1.325643 1.325643 1.325643 1.325643 1.325643 1.325643
6.347783 6.347783 6.347783 6.347783 6.347783 6.347783 6.347783 6.347783 6.490369 8.653197 1.325643 1.325643 1.325643 1.325643 1.325643 1.325643 1.325643 1.325643 1.325643 1.325643 1.325643 1.325643 1.325643 1.325643 1.325643 1.445341 2.999031 3.186981 3.186981 3.186981 3.186981 3.186981 3.186981 3.186981 3.186981 3.186981 3.186981 3.186981 3.186981 3.186981 3.186981 3.186981 3.186981 3.206888 6.5623 6.850234 6.850234 6.850234 6.850234 6.850234 6.850234 6.850234 6.850234 6.850234 6.850235 6.850234 4.198728 1.325643 1.325643 1.325643 1.325643 1.325643 1.325643 1.325643 1.325643 1.325643 1.325643 1.325643 1.325643 1.325643 1.325643 1.325643 1.325643 1.325643 1.325643
