Scenarios/Global_Grid/data/country_data_population_distribution/processed/density_grids/col.asc
ncols 363
nrows 502
xllcorner -81
yllcorner -4
[rows 264 to 296 of 502, columns 225 to 299 of 363]
31.13629 24.35745 24.35745 24.35745 24.35745 24.35745 27.66666 43.87896 41.89964 9.105575 4.093351 4.093351 4.093351 4.093351 10.61346 11.72396 3.135161 2.980113 2.974275 2.974275 2.974275 2.974275 2.974275 2.974275 2.974275 2.974275 2.974276 2.974275 2.974275 2.974275 2.974275 2.974275 2.974275 2.974275 2.974275 2.974275 2.974275 2.974275 2.974275 2.900691 2.147277 1.382172 1.397189 1.397189 1.397189 1.397189 1.397189 1.397189 1.397189 1.397189 1.397189 1.397189 1.397189 1.397189 1.397189 1.397189 1.397189 1.397189 1.397189 1.397189 1.397189 1.362035 0.9361266 0.8709463 0.859673 0.7559714 0.7571622 0.7559702 0.7559702 0.7559702 0.7559702 0.8069229 0.9234133 0.9294106 0.9238111
34.59644 26.88064 24.35745 24.35744 23.22501 22.64998 18.83903 14.21837 25.18213 25.64555 4.09335 4.093351 4.09335 4.093351 4.09335 4.093351 4.09335 3.454515 3.118699 2.974276 2.974275 2.974276 2.974276 2.974276 2.974275 2.974275 2.974275 2.974276 2.974275 2.974276 2.974275 2.974276 2.974275 2.974276 2.974275 2.974276 2.974275 2.974276 2.922151 1.57755 1.194005 1.368655 1.397189 1.397189 1.397189 1.397189 1.397189 1.397189 1.397189 1.397189 1.397189 1.397189 1.397189 1.397189 1.397189 1.397189 1.397189 1.397189 1.397189 1.397189 1.397189 1.245577 0.7559702 0.7559702 0.7559702 0.7559702 0.7559702 0.7559702 0.7559702 0.7559702 0.7559702 0.7559702 0.7559702 0.7559702 0.7559702
34.61804 30.14667 24.35745 24.35745 21.9543 4.756597 4.093351 4.093351 4.09335 4.093351 4.09335 4.09335 4.093351 4.09335 4.09335 4.09335 4.09335 4.093351 3.955021 2.978115 2.974275 2.974276 2.974276 2.974276 2.974276 2.974276 2.974275 2.974275 2.974275 2.974276 2.974276 2.974276 2.974275 2.974276 2.974276 2.931517 2.485245 1.819814 1.35017 1.194005 1.194005 1.368327 1.397189 1.397189 1.364774 1.040399 1.030313 1.29024 1.137462 1.029664 1.264204 1.397189 1.397189 1.397189 1.397189 1.397189 1.397189 1.397189 1.397189 1.367689 0.9768633 0.7811079 0.7559703 0.7559702 0.7559703 0.7559702 0.7559702 0.7559702 0.7559702 0.7559703 0.7559703 0.7559703 0.7559702 0.7559702 0.7559702
34.61804 33.70994 25.27545 24.35745 24.35745 9.696296 4.09335 4.09335 4.09335 4.09335 4.09335 4.09335 4.093351 4.09335 4.09335 4.09335 4.09335 4.09335 4.09335 3.62358 3.061543 2.974275 2.974275 2.974275 2.974275 2.974275 2.974275 2.974275 2.974276 2.974275 2.974275 2.974275 2.974275 2.892247 2.370359 1.544939 1.194005 1.194005 1.194005 1.194005 1.194005 1.368308 1.397189 1.24496 0.7854785 0.7559702 0.7559702 0.7766275 0.7559702 0.7559702 0.8997126 1.091815 1.272007 1.397123 1.397189 1.397189 1.350934 1.220345 1.312311 0.8525868 0.7559702 0.7559702 0.7559702 0.7559702 0.7559702 0.7559702 0.7559702 0.7559702 0.7559702 0.7559702 0.7559702 0.7559702 0.7559702 0.7559702 0.7559702
34.61804 34.61804 28.79417 24.35744 24.35745 20.94027 4.093351 4.093351 4.093351 4.093351 4.093351 4.093351 4.09335 4.09335 4.09335 4.093351 4.093351 4.093351 4.09335 4.093351 3.967798 3.074617 2.974275 2.974275 2.974275 2.974275 2.974275 2.974275 2.974275 2.974275 2.974275 2.953175 2.578029 1.354356 1.194005 1.194005 1.194005 1.194005 1.194005 1.194005 1.194005 1.02333 0.8270497 0.8922122 0.7559701 0.7559702 0.7559702 0.7559702 0.7559702 0.7559702 0.7559702 0.7559701 0.7586084 0.9238133 1.090814 1.234655 0.9421607 0.7559701 0.7628609 0.7559702 0.7559702 0.7559702 0.7559702 0.7559701 0.7559702 0.7559702 0.7559702 0.7559702 0.7559702 0.7559702 0.7559702 0.7559702 0.7559702 0.7559702 0.7559702
36.0125 30.34957 24.36093 24.35745 24.35745 24.33438 6.932243 4.093351 4.093351 4.093351 4.093351 4.093351 4.093351 4.093351 4.09335 4.093351 4.093351 4.093351 4.09335 4.093351 4.093351 3.542439 2.974275 2.974275 2.974275 2.974275 2.974275 2.974275 2.974275 2.530288 2.007363 1.277414 1.194005 1.194005 1.194005 1.194005 1.194005 1.194005 1.194005 1.194005 1.194005 0.8166857 0.7559702 0.7559702 0.7559702 0.7559702 0.7559702 0.7559702 0.7559702 0.7559702 0.7559702 0.7559702 0.7559702 0.7559702 0.7559702 0.7559702 0.7559702 0.7559702 0.7559702 0.7559702 0.7559702 0.7559702 0.7559702 0.7559702 0.7559702 0.7559702 0.7559702 0.7559702 0.7559702 0.7559702 0.7559702 0.7559702 0.7559702 0.7559702 0.7559702
38.11414 24.35745 24.35744 24.35745 24.35744 24.22282 5.333863 4.09335 4.09335 4.09335 4.09335 4.09335 4.093351 4.09335 4.09335 4.09335 4.09335 4.09335 4.09335 4.09335 4.09335 4.091781 3.503172 2.976298 2.974275 2.974275 2.974275 2.948057 2.032639 1.194005 1.194005 1.194005 1.194005 1.194005 1.194005 1.194005 1.194005 1.194005 1.194005 1.194005 1.194005 0.8161624 0.7559702 0.7559702 0.7559702 0.7559702 0.7559702 0.7559701 0.7559702 0.7559702 0.7559702 0.7559702 0.7559702 0.7559702 0.7559701 0.7559702 0.7559702 0.7559702 0.7559702 0.7559702 0.7559702 0.7559702 0.7559702 0.7559702 0.7559702 0.7559702 0.7559702 0.7559702 0.7559702 0.7559702 0.7559702 0.7559702 0.7559702 0.7559702 0.7559702
39.96424 24.35745 24.35745 24.35745 24.35745 24.35745 13.39768 4.09335 4.09335 4.09335 4.093351 4.09335 4.093351 4.09335 4.093351 4.09335 4.093351 4.093351 4.09335 4.09335 4.093351 4.09335 4.093351 3.676715 3.49271 3.453775 2.430748 1.49955 1.194005 1.194005 1.194005 1.194005 1.194005 1.194005 1.194005 1.194005 1.194005 1.194005 1.194005 1.194005 1.194005 0.8157171 0.7559702 0.7559702 0.7559702 0.7559702 0.7559702 0.7559702 0.7559702 0.7559702 0.7559702 0.7559702 0.7559702 0.7559702 0.7559702 0.7559702 0.7559702 0.7559702 0.7559702 0.7559702 0.7559702 0.7559702 0.7559702 0.7559702 0.7559702 0.7559702 0.7559702 0.7559702 0.7559702 0.7559702 0.7559702 0.7559702 0.7559702 0.7559702 0.7559702
43.78973 25.26531 24.35745 24.35745 24.35745 24.35745 20.51036 4.593963 4.09335 4.09335 4.09335 4.093351 4.09335 4.09335 4.09335 4.09335 4.09335 4.093351 4.09335 4.09335 4.093351 4.09335 4.09299 1.684192 1.309566 1.399323 1.194005 1.194005 1.194005 1.194005 1.194005 1.194005 1.194005 1.194005 1.194005 1.194005 1.194005 1.194005 1.194005 1.194005 1.194005 0.8161766 0.7559702 0.7559702 0.7559702 0.7559702 0.7559702 0.7559702 0.7559702 0.7559702 0.7559702 0.7559702 0.7559702 0.7559702 0.7559702 0.7559702 0.7559702 0.7559702 0.7559702 0.7559702 0.7559702 0.7559702 0.7559702 0.7559702 0.7559702 0.7559702 0.7559702 0.7559702 0.7559702 0.7559702 0.7559702 0.7559702 0.7559702 0.7559702 0.7559702
44.67033 26.32752 24.35745 24.35745 24.35745 24.35745 24.35745 16.15908 4.241132 4.09335 4.09335 4.09335 4.093351 4.09335 4.09335 4.09335 4.09335 4.09335 4.09335 4.09335 4.09335 3.99202 2.378962 1.194005 1.194005 1.194005 1.194005 1.194005 1.194005 1.194005 1.194005 1.194005 1.194005 1.194005 1.194005 1.194005 1.194005 1.194005 1.194005 1.194005 1.194005 0.8169344 0.7559702 0.7559702 0.7559702 0.7559702 0.7559702 0.7559702 0.7559702 0.7559702 0.7559702 0.7559702 0.7559702 0.7559702 0.7559702 0.7559702 0.7559702 0.7559702 0.7559702 0.7559702 0.7559702 0.7559702 0.7559702 0.7559702 0.7559702 0.7559702 0.7559702 0.7559702 0.7559702 0.7559702 0.7559702 0.7559702 0.7559702 0.7559702 0.7559702
44.92524 31.14219 24.35745 24.35745 24.35745 24.35745 24.35745 24.35745 17.60647 9.079926 4.09335 4.09335 4.09335 4.09335 4.09335 4.09335 4.09335 4.093351 4.09335 4.09335 4.09335 2.323294 1.194005 1.194005 1.194005 1.194005 1.194005 1.194005 1.194005 1.194005 1.194005 1.194005 1.194005 1.194005 1.194005 1.194005 1.194005 1.194005 1.194005 1.194005 1.194005 0.8177038 0.7559702 0.7559702 0.7559702 0.7559701 0.7559702 0.7559702 0.7559702 0.7559702 0.7559702 0.7559702 0.7559702 0.7559702 0.7559702 0.7559702 0.7559702 0.7559702 0.7559702 0.7559702 0.7559702 0.7559702 0.7559702 0.7559702 0.7559702 0.7559702 0.7559702 0.7559702 0.7559702 0.7559702 0.7559702 0.7559702 0.7559702 0.7559702 0.7559701
44.92524 44.32199 35.97504 24.51528 24.35745 24.35745 24.35745 24.35745 24.35745 24.35415 12.26431 6.734353 9.96396 4.748172 4.774118 5.049129 4.466788 4.093351 4.093351 4.09335 2.467855 1.204869 1.194005 1.194005 1.194005 1.194005 1.194005 1.194005 1.194005 1.194005 1.194005 1.194005 1.194005 1.194005 1.194005 1.194005 1.194005 1.194005 1.194005 1.194005 1.194005 0.8182026 0.7559702 0.7559702 0.7559702 0.7559702 0.7559702 0.7559702 0.7559702 0.7559702 0.7559702 0.7559702 0.7559702 0.7559702 0.7559702 0.7559702 0.7559702 0.7559702 0.7559702 0.7559702 0.7559702 0.7559702 0.7559702 0.7559702 0.7559702 0.7559702 0.7559702 0.7559702 0.7559702 0.7559702 0.7559702 0.7559702 0.7559702 0.7559702 0.7559702
43.73973 44.92524 44.87934 25.87007 24.35745 24.35745 24.35745 24.35745 24.35745 24.35745 24.15943 19.37021 6.501134 5.94002 5.94002 5.569119 3.268151 3.707145 3.336931 2.423999 1.211475 1.194005 1.194005 1.194005 1.194005 1.194005 1.194005 1.194005 1.194005 1.194005 1.194005 1.194005 1.194005 1.194005 1.194005 1.194005 1.194005 1.194005 1.194005 1.194005 1.194005 0.8182175 0.7559702 0.7559702 0.7559702 0.7559702 0.7559702 0.7559702 0.7559702 0.7559702 0.7559702 0.7559702 0.7559702 0.7559702 0.7559702 0.7559702 0.7559702 0.7559702 0.7559702 0.7559702 0.7559702 0.7559702 0.7559702 0.7559702 0.7559702 0.7559702 0.7559702 0.7559702 0.7559702 0.7559702 0.7559702 0.7559702 0.7559702 0.7559702 0.7559702
24.05227 44.92524 44.19902 25.50945 24.35745 22.24406 21.89531 24.35292 20.39902 24.11109 17.12403 6.629223 5.94002 5.940021 5.94002 3.138771 1.194005 1.194005 1.194005 1.194005 1.194005 1.194005 1.194005 1.194005 1.194005 1.194005 1.194005 1.194005 1.194005 1.194005 1.194005 1.194005 1.194005 1.194005 1.194005 1.194005 1.194005 1.194005 1.194005 1.194005 1.194005 0.8181534 0.7559702 0.7559702 0.7559702 0.7559702 0.7559702 0.7559702 0.7559702 0.7559702 0.7559702 0.7559702 0.7559702 0.7559702 0.7559702 0.7559702 0.7559702 0.7559702 0.7559702 0.7559702 0.7559702 0.7559702 0.7559702 0.7559702 0.7559702 0.7559702 0.7559702 0.7559702 0.7559702 0.7559702 0.7559702 0.7559702 0.7559702 0.7559702 0.7559702
5.216089 32.46305 35.09497 27.98218 19.65529 10.4784 5.94002 8.573659 6.344171 8.804935 5.94002 5.94002 5.94002 5.94002 5.856849 1.336218 1.194005 1.194005 1.194005 1.194005 1.194005 1.194005 1.194005 1.194005 1.194005 1.194005 1.194005 1.194005 1.194005 1.194005 1.194005 1.194005 1.194005 1.194005 1.194005 1.194005 1.194005 1.194005 1.194005 1.194005 1.194005 0.8179749 0.7559703 0.7559703 0.7559702 0.7559703 0.7559702 0.7559703 0.7559702 0.7559703 0.7559703 0.7559702 0.7559703 0.7559702 0.7559703 0.7559702 0.7559703 0.7559702 0.7559703 0.7559702 0.7559702 0.7559702 0.7559702 0.7559702 0.7559702 0.7559702 0.7559702 0.7559702 0.7559703 0.7559702 0.7559703 0.7559702 0.7559703 0.7559702 0.7559703
5.226164 5.939705 6.561056 5.94002 5.94002 5.94002 5.94002 5.94002 5.94002 5.94002 5.94002 5.94002 5.94002 5.94002 5.5209 1.194005 1.194005 1.194005 1.194005 1.194005 1.194005 1.194005 1.194005 1.194005 1.194005 1.194005 1.194005 1.194005 1.194005 1.194005 1.194005 1.194005 1.194005 1.194005 1.194005 1.194005 1.194005 1.194005 1.194005 1.194005 1.194005 0.8178675 0.7559702 0.7559702 0.7559702 0.7559702 0.7559702 0.7559702 0.7559702 0.7559702 0.7559702 0.7559702 0.7559702 0.7559702 0.7559702 0.7559702 0.7559702 0.7559702 0.7559702 0.7559702 0.7559702 0.7559702 0.7559702 0.7559702 0.7559702 0.7559702 0.7559702 0.7559702 0.7559702 0.7559702 0.7559702 0.7559702 0.7559702 0.7559702 0.7559702
5.94002 5.94002 5.94002 5.94002 5.94002 5.94002 5.94002 5.94002 5.94002 5.94002 5.94002 5.94002 5.94002 5.94002 4.184296 1.194005 1.194005 1.194005 1.194005 1.194005 1.194005 1.194005 1.194005 1.194005 1.194005 1.194005 1.194005 1.194005 1.194005 1.194005 1.194005 1.194005 1.194005 1.194005 1.194005 1.194005 1.194005 1.194005 1.194005 1.194005 1.194005 0.8179225 0.7559702 0.7559702 0.7559702 0.7559702 0.7559702 0.7559702 0.7559702 0.7559702 0.7559702 0.7559703 0.7559702 0.7559702 0.7559702 0.7559702 0.7559702 0.7559703 0.7559702 0.7559702 0.7559702 0.7559702 0.7559702 0.7559702 0.7559702 0.7559702 0.7559702 0.7559702 0.7559702 0.7559702 0.7559702 0.7559702 0.7559702 0.7559702 0.7559702
5.94002 5.94002 5.94002 5.94002 5.94002 5.94002 5.94002 5.94002 5.94002 5.94002 5.94002 5.94002 5.94002 5.94002 3.120736 1.194005 1.194005 1.194005 1.194005 1.194005 1.194005 1.194005 1.194005 1.194005 1.194005 1.194005 1.194005 1.194005 1.194005 1.194005 1.194005 1.194005 1.194005 1.194005 1.194005 1.194005 1.194005 1.194005 1.194005 1.194005 1.194005 0.8178514 0.7559703 0.7559702 0.7559702 0.7559702 0.7559702 0.7559702 0.7559702 0.7559702 0.7559702 0.7559702 0.7559702 0.7559702 0.7559702 0.7559703 0.7559702 0.7559702 0.7559702 0.7559702 0.7559702 0.7559702 0.7559702 0.7559702 0.7559702 0.7559703 0.7559702 0.7559703 0.7559702 0.7559702 0.7559703 0.7559703 0.7559702 0.7559702 0.7559702
5.94002 5.94002 5.94002 5.94002 5.94002 5.94002 5.94002 5.94002 5.94002 5.94002 5.94002 5.94002 5.94002 5.103057 1.479313 1.194005 1.194005 1.194005 1.194005 1.194005 1.194005 1.194005 1.194005 1.194005 1.194005 1.194005 1.194005 1.194005 1.194005 1.194005 1.194005 1.194005 1.194005 1.194005 1.194005 1.194005 1.194005 1.194005 1.194005 1.194005 1.194005 0.8177672 0.7559702 0.7559702 0.7559702 0.7559702 0.7559702 0.7559702 0.7559702 0.7559702 0.7559702 0.7559702 0.7559702 0.7559702 0.7559702 0.7559702 0.7559702 0.7559702 0.7559702 0.7559702 0.7559702 0.7559702 0.7559702 0.7559702 0.7559702 0.7559702 0.7559702 0.7559702 0.7559702 0.7559702 0.7559702 0.7559702 0.7559702 0.7559702 0.7559702
5.94002 5.94002 5.94002 5.94002 5.94002 5.94002 5.94002 5.94002 5.940021 5.94002 5.94002 5.94002 5.94002 5.94002 4.417855 3.255766 2.586145 1.194005 1.194005 1.194005 1.194005 1.194005 1.194005 1.194005 1.194005 1.194005 1.194005 1.194005 1.194005 1.194005 1.194005 1.194005 1.194005 1.194005 1.194006 1.194005 1.194005 1.194005 1.194005 1.194005 1.194006 0.8176831 0.7559702 0.7559702 0.7559702 0.7559702 0.7559702 0.7559702 0.7559702 0.7559702 0.7559702 0.7559702 0.7559702 0.7559702 0.7559702 0.7559702 0.7559702 0.7559702 0.7559702 0.7559702 0.7559702 0.7559702 0.7559702 0.7559702 0.7559702 0.7559702 0.7559702 0.7559702 0.7559702 0.7559702 0.7559702 0.7559702 0.7559702 0.7559702 0.7559702
5.94002 5.94002 5.94002 5.94002 5.94002 5.94002 5.94002 5.94002 5.94002 5.94002 5.94002 5.94002 5.940021 5.94002 5.94002 4.987082 1.797791 1.194005 1.194005 1.194005 1.194005 1.194005 1.194005 1.194005 1.194005 1.194005 1.194005 1.194005 1.194005 1.194005 1.194005 1.194005 1.194005 1.194005 1.194005 1.194005 1.194005 1.194005 1.194005 1.194005 1.194005 0.8175989 0.7559702 0.7559702 0.7559702 0.7559702 0.7559703 0.7559702 0.7559703 0.7559703 0.7559702 0.7559703 0.7559702 0.7559702 0.7559702 0.7559702 0.7559702 0.7559703 0.7559702 0.7559703 0.7559702 0.7559703 0.7559702 0.7559702 0.7559702 0.7559703 0.7559702 0.7559703 0.7559702 0.7559702 0.7559703 0.7559703 0.7559702 0.7559703 0.7559702
5.94002 5.94002 5.94002 5.94002 5.94002 5.94002 5.94002 5.94002 5.94002 5.94002 5.94002 5.94002 5.94002 5.94002 5.657668 3.251847 1.194005 1.194005 1.194005 1.194005 1.194005 1.194005 1.194005 1.194005 1.194005 1.194005 1.194005 1.194005 1.194005 1.194005 1.194005 1.194005 1.194005 1.194005 1.194005 1.194005 1.194005 1.194005 1.194005 1.194005 1.194005 0.8175148 0.7559703 0.7559702 0.7559702 0.7559702 0.7559702 0.7559702 0.7559702 0.7559703 0.7559702 0.7559702 0.7559702 0.7559703 0.7559702 0.7559703 0.7559702 0.7559702 0.7559702 0.7559703 0.7559702 0.7559703 0.7559702 0.7559702 0.7559702 0.7559702 0.7559702 0.7559702 0.7559702 0.7559703 0.7559703 0.7559702 0.7559702 0.7559702 0.7559702
5.94002 5.94002 5.94002 5.94002 5.94002 5.94002 5.94002 5.94002 5.94002 5.94002 5.94002 5.94002 5.94002 5.94002 4.971262 1.237425 1.194005 1.194005 1.194005 1.194005 1.194005 1.194005 1.194005 1.194005 1.194005 1.194005 1.194005 1.194005 1.194005 1.194005 1.194005 1.194005 1.194005 1.194005 1.194005 1.194005 1.194005 1.194005 1.194005 1.194005 1.194005 0.8174308 0.7559702 0.7559702 0.7559702 0.7559702 0.7559702 0.7559702 0.7559702 0.7559702 0.7559702 0.7559702 0.7559702 0.7559702 0.7559702 0.7559702 0.7559702 0.7559702 0.7559702 0.7559702 0.7559702 0.7559702 0.7559702 0.7559702 0.7559702 0.7559702 0.7559702 0.7559702 0.7559702 0.7559702 0.7559702 0.7559702 0.7559702 0.7559702 0.7559702
5.94002 5.94002 5.94002 5.94002 5.94002 5.94002 5.94002 5.94002 5.94002 5.94002 5.94002 5.94002 5.94002 5.94002 2.661004 1.194005 1.194005 1.194005 1.194005 1.194005 1.194005 1.194005 1.194005 1.194005 1.194005 1.194005 1.194005 1.194005 1.194005 1.194005 1.194005 1.194005 1.194005 1.194005 1.194005 1.194005 1.194005 1.194005 1.194005 1.194005 1.194005 0.8173466 0.7559702 0.7559702 0.7559702 0.7559702 0.7559702 0.7559702 0.7559702 0.7559702 0.7559702 0.7559702 0.7559702 0.7559702 0.7559702 0.7559702 0.7559702 0.7559702 0.7559702 0.7559702 0.7559702 0.7559702 0.7559702 0.7559702 0.7559702 0.7559702 0.7559702 0.7559702 0.7559702 0.7559702 0.7559702 0.7559702 0.7559702 0.7559702 0.7559702
5.94002 5.94002 5.94002 5.94002 5.94002 5.94002 5.94002 5.94002 5.94002 5.94002 5.94002 5.94002 5.94002 4.146976 1.267015 1.194005 1.194005 1.194005 1.194005 1.194005 1.194005 1.194005 1.194005 1.194005 1.194005 1.194005 1.194005 1.194005 1.194005 1.194005 1.194005 1.194005 1.194005 1.194005 1.194005 1.194005 1.194005 1.194005 1.194005 1.194005 1.194005 0.8172625 0.7559702 0.7559702 0.7559702 0.7559702 0.7559702 0.7559702 0.7559702 0.7559702 0.7559702 0.7559702 0.7559702 0.7559702 0.7559702 0.7559702 0.7559702 0.7559702 0.7559702 0.7559702 0.7559702 0.7559702 0.7559702 0.7559702 0.7559702 0.7559702 0.7559702 0.7559702 0.7559702 0.7559702 0.7559702 0.7559702 0.7559702 0.7559702 0.7559702
5.940021 5.94002 5.940021 5.94002 5.94002 5.94002 5.94002 5.94002 5.94002 5.940021 5.94002 5.940021 4.724017 1.533923 1.194005 1.194005 1.194005 1.194005 1.194005 1.194005 1.194005 1.194005 1.194005 1.194005 1.194005 1.194005 1.194005 1.194005 1.194005 1.194005 1.194005 1.194005 1.194005 1.194005 1.194005 1.194005 1.194005 1.194005 1.194005 1.194005 1.194005 0.8171783 0.7559702 0.7559702 0.7559702 0.7559702 0.7559702 0.7559702 0.7559702 0.7559702 0.7559702 0.7559702 0.7559702 0.7559702 0.7559702 0.7559702 0.7559702 0.7559702 0.7559702 0.7559702 0.7559702 0.7559702 0.7559702 0.7559702 0.7559702 0.7559702 0.7559702 0.7559702 0.7559702 0.7559702 0.7559702 0.7559702 0.7559702 0.7559702 0.7559702
5.94002 5.94002 5.94002 5.94002 5.94002 5.94002 5.94002 5.94002 5.94002 5.94002 5.94002 5.937431 2.312383 1.194005 1.194005 1.194005 1.194005 1.194005 1.194005 1.194005 1.194005 1.194005 1.194005 1.194005 1.194005 1.194005 1.194005 1.194005 1.194005 1.194005 1.194005 1.194005 1.194005 1.194005 1.194005 1.194005 1.194005 1.194005 1.194005 1.194005 1.194005 0.8170942 0.7559702 0.7559702 0.7559702 0.7559702 0.7559702 0.7559702 0.7559702 0.7559702 0.7559702 0.7559702 0.7559702 0.7559702 0.7559702 0.7559702 0.7559702 0.7559702 0.7559702 0.7559702 0.7559702 0.7559702 0.7559702 0.7559702 0.7559702 0.7559702 0.7559702 0.7559702 0.7559702 0.7559702 0.7559702 0.7559702 0.7559702 0.7559702 0.7559702
5.94002 5.94002 5.94002 5.940021 5.940021 5.94002 5.94002 5.94002 5.94002 5.94002 5.94002 5.787539 1.796802 1.194005 1.194005 1.194005 1.194005 1.194005 1.194005 1.194005 1.194005 1.194005 1.194005 1.194005 1.194005 1.194005 1.194005 1.194005 1.194005 1.194005 1.194005 1.194005 1.194005 1.194005 1.194005 1.194005 1.194005 1.194005 1.194005 1.194005 1.194005 0.8170101 0.7559703 0.7559703 0.7559702 0.7559703 0.7559702 0.7559702 0.7559702 0.7559703 0.7559703 0.7559702 0.7559703 0.7559702 0.7559703 0.7559702 0.7559703 0.7559702 0.7559703 0.7559702 0.7559703 0.7559702 0.7559703 0.7559702 0.7559703 0.7559702 0.7559702 0.7559702 0.7559703 0.7559702 0.7559703 0.7559702 0.7559703 0.7559702 0.7559703
5.94002 5.697067 5.288738 5.074729 5.095998 5.398315 5.403345 5.538292 5.905409 5.850411 5.220301 4.665461 1.319662 1.194005 1.194005 1.194005 1.194005 1.194005 1.194005 1.194005 1.194005 1.194005 1.194005 1.194005 1.194005 1.194005 1.194005 1.194005 1.194005 1.194005 1.194005 1.194005 1.194005 1.194005 1.194005 1.194005 1.194005 1.194005 1.194005 1.194005 1.194005 0.8169259 0.7559702 0.7559702 0.7559702 0.7559702 0.7559702 0.7559702 0.7559702 0.7559702 0.7559702 0.7559702 0.7559702 0.7559702 0.7559702 0.7559702 0.7559702 0.7559702 0.7559702 0.7559702 0.7559702 0.7559702 0.7559702 0.7559702 0.7559702 0.7559702 0.7559702 0.7559702 0.7559702 0.7559702 0.7559702 0.7559702 0.7559702 0.7559702 0.7559702
5.301319 4.864761 4.864079 4.864079 4.864079 4.864079 4.864079 4.864079 4.990861 4.969656 4.864079 4.344252 1.423982 1.194005 1.194005 1.194005 1.194005 1.194005 1.194005 1.194005 1.194005 1.194005 1.194005 1.194005 1.194005 1.194006 1.194005 1.194005 1.194005 1.194005 1.194005 1.194006 1.194005 1.194005 1.194005 1.194005 1.194005 1.194005 1.194005 1.194005 1.194006 0.8168418 0.7559702 0.7559702 0.7559702 0.7559702 0.7559702 0.7559702 0.7559702 0.7559702 0.7559702 0.7559702 0.7559702 0.7559702 0.7559702 0.7559702 0.7559702 0.7559702 0.7559702 0.7559702 0.7559702 0.7559702 0.7559702 0.7559702 0.7559702 0.7559702 0.7559702 0.7559702 0.7559702 0.7559702 0.7559702 0.7559702 0.7559702 0.7559702 0.7559702
4.864079 4.864079 4.864079 4.864079 4.864079 4.864079 4.864079 4.864079 4.864079 4.864079 4.864079 3.837419 1.194005 1.194005 1.194005 1.194005 1.194005 1.194005 1.194005 1.194005 1.194005 1.194005 1.194005 1.194005 1.194005 1.194005 1.194005 1.194005 1.194005 1.194005 1.194005 1.194005 1.194005 1.194005 1.194005 1.194005 1.194005 1.194005 1.194005 1.194005 1.194005 0.8167577 0.7559702 0.7559701 0.7559702 0.7559701 0.7559701 0.7559701 0.7559702 0.7559702 0.7559702 0.7559702 0.7559701 0.7559702 0.7559701 0.7559702 0.7559701 0.7559702 0.7559701 0.7559702 0.7559701 0.7559702 0.7559701 0.7559702 0.7559701 0.7559702 0.7559701 0.7559702 0.7559701 0.7559702 0.7559702 0.7559702 0.7559701 0.7559702 0.7559702
4.864079 4.864079 4.864079 4.864079 4.864079 4.864079 4.864079 4.864079 4.864079 4.864079 4.864079 2.38667 1.194005 1.194005 1.194005 1.194005 1.194005 1.194005 1.194005 1.194005 1.194005 1.194005 1.194005 1.194005 1.194005 1.194005 1.194005 1.194005 1.194005 1.194005 1.194005 1.194005 1.194005 1.194005 1.194005 1.194005 1.194005 1.194005 1.194005 1.194005 1.194005 0.8166736 0.7559702 0.7559703 0.7559702 0.7559703 0.7559702 0.7559703 0.7559702 0.7559702 0.7559703 0.7559702 0.7559703 0.7559702 0.7559703 0.7559702 0.7559702 0.7559702 0.7559703 0.7559702 0.7559703 0.7559702 0.7559703 0.7559702 0.7559703 0.7559702 0.7559703 0.7559702 0.7559703 0.7559702 0.7559703 0.7559702 0.7559702 0.8209916 0.7559702
4.864079 4.864079 4.864079 4.864079 4.864079 4.864079 4.864079 4.864079 4.864079 4.864079 2.941486 1.313172 1.194005 1.194005 1.194005 1.194005 1.194005 1.194005 1.194005 1.194005 1.194005 1.194005 1.194005 1.194005 1.194005 1.194005 1.194005 1.194005 1.194005 1.194005 1.194005 1.194005 1.194005 1.194005 1.194005 1.194005 1.194005 1.194005 1.194006 1.194005 1.194005 0.8165894 0.7559702 0.7559702 0.7559703 0.7559702 0.7559703 0.7559702 0.7559702 0.7559702 0.7559702 0.7559703 0.7559702 0.7559702 0.7559702 0.7559702 0.7559702 0.7559703 0.7559702 0.7559702 0.7559702 0.7559702 0.7559702 0.7559703 0.7559702 0.7559702 0.7559702 0.7559702 0.7559702 0.7559702 0.8015583 0.8862132 1.116261 1.100322 1.107836
