Scenarios/Global_Grid/data/country_data_population_distribution/processed/density_grids/col.asc
ncols 363
nrows 502
xllcorner -81
yllcorner -4
[rows 231 to 263 of 502, columns 150 to 224 of 363]
40.22727 45.82532 74.10268 73.63622 211.7253 8302.248 8364.98 8364.98 8364.98 8287.702 1687.067 334.3684 303.8368 124.0664 148.8476 174.4025 181.4193 169.188 86.68139 52.75089 52.75089 50.66385 44.85979 41.65757 32.93139 30.70874 30.70874 28.86349 25.6162 36.83411 29.73548 43.90845 44.24481 34.93481 19.02086 20.17585 20.17585 20.17585 20.17585 20.17585 20.17585 20.17585 20.17585 20.17585 20.17585 20.17585 20.17585 25.26259 31.96693 32.20377 32.20377 32.20377 36.47333 24.27413 18.0376 12.62038 15.35559 17.76365 20.79863 26.81969 27.77304 40.02354 51.58425 53.486 53.486 29.17732 25.30187 23.09362 15.54756 14.96055 14.96055 14.96055 13.70983 9.291856 9.291806
69.66157 75.48594 75.11149 80.43348 105.1638 7243.488 8364.981 8364.98 8364.981 8364.98 3361.673 335.667 397.0424 452.8969 453.127 440.5257 188.0391 156.9275 128.7269 48.7959 49.38111 32.32904 30.72375 30.70874 30.70874 30.70874 30.70874 30.70349 32.43657 41.33736 39.14691 41.33736 53.59829 50.64229 10.67728 14.09087 19.80975 20.17585 20.17585 20.17585 20.17585 20.17585 14.97481 18.91408 22.50661 22.71966 21.35005 22.72591 28.9371 32.20377 31.46701 31.65651 36.18631 32.47727 18.4413 18.4413 19.45486 9.397208 8.85396 26.7799 27.77265 34.48295 53.48599 53.48599 53.48599 26.39337 24.93779 19.80494 14.96056 14.96056 14.96055 14.96055 14.41969 9.712354 9.595823
83.95903 78.07341 65.53485 73.87838 79.43041 4404.549 9521.083 11963.9 7467.726 4108.852 1290.619 659.2676 701.3422 639.382 559.2773 537.7612 200.5752 166.8826 103.7245 56.15405 30.70874 30.70874 30.70874 30.70874 30.70874 30.70874 30.84126 38.6487 41.12082 41.33736 41.33736 41.33736 67.26192 68.22527 44.67269 10.06291 19.93988 20.17585 20.17585 20.17585 20.14059 13.1678 9.756734 11.81548 18.64411 23.58924 26.18342 10.21685 15.06601 26.94521 11.99489 21.33369 38.89334 38.18273 28.66861 19.68579 21.38749 22.81742 18.82586 30.11962 34.13468 40.9652 53.25772 53.48599 48.13885 25.05467 13.39581 10.7722 14.96055 14.96055 14.96055 14.96055 14.82656 9.789035 12.06743
108.3643 101.9569 65.0154 79.37785 111.3609 641.6404 2792.236 5409.826 4952.78 106.7356 338.5944 704.0087 704.0086 598.174 501.9047 479.7655 385.272 106.3401 72.02663 71.9775 41.14042 30.70873 30.70874 30.70874 30.70874 30.70874 35.2998 41.33736 41.33736 41.33736 41.33736 53.53568 68.22527 68.22527 57.97469 11.91127 18.53851 20.17585 20.17585 20.10839 20.17086 13.17919 9.753353 11.9039 30.37231 39.73406 39.73406 27.22122 21.67033 19.24799 13.87064 10.29471 29.50646 38.89359 37.69082 19.36728 21.33351 44.88052 53.34578 38.91648 38.91648 43.57576 45.68066 49.00677 36.27864 24.6156 2.675515 1.04982 7.231676 11.35334 13.57527 14.9123 14.96055 12.73083 12.22283
124.5328 108.0431 101.5287 130.5062 129.9732 297.7286 1065.019 1478.197 2415.866 89.29404 165.3186 678.8639 589.557 226.4345 281.377 407.74 226.5235 227.0794 74.02792 72.02664 45.12723 29.76753 30.04987 30.62368 30.70874 30.70874 34.56218 41.33736 41.33736 41.33736 41.33736 53.47584 68.22527 68.22527 68.22527 27.71694 11.60171 12.06008 12.75742 11.36928 19.42344 14.00586 9.753353 14.34302 30.02843 39.73406 39.73406 39.73406 39.73406 39.73406 38.0616 9.861667 35.32596 38.91342 55.55637 46.81447 35.49572 82.44133 68.71629 38.96815 38.91648 38.91648 38.91648 38.91648 31.61918 22.24596 4.21509 1.007867 1.007867 1.007867 1.007867 7.966208 15.39892 15.49519 16.56007
124.5328 129.1707 131.3014 131.3013 326.0125 496.8888 708.4115 698.2916 126.7835 89.29404 89.29404 416.8459 528.0751 148.3599 130.6851 125.8755 99.57951 93.21304 83.12131 72.18426 36.7438 29.6773 29.6773 30.01549 30.39774 30.13291 29.88855 38.10757 41.33736 42.03959 42.63465 41.60975 59.72226 68.22526 68.22527 68.22527 41.44241 17.15382 53.18405 43.95991 11.68842 10.97994 9.753353 14.33389 23.06822 34.8932 27.37418 30.20955 39.67573 39.73406 39.18011 18.335 31.95759 48.71473 63.83258 71.08553 100.5159 104.2142 117.3051 71.4055 34.10644 28.21588 13.77092 23.5938 25.98953 24.93779 14.26385 1.007867 1.007867 1.007867 1.063775 30.20924 23.30353 15.49723 25.03084
124.5328 126.5735 131.3192 184.0327 425.8997 467.3259 704.1299 654.1155 174.9558 89.29404 93.29692 444.4637 470.3147 192.3271 129.7286 129.7286 123.2046 94.579 93.21304 88.52588 34.89795 29.6773 29.6773 29.6773 29.6773 29.6773 29.6773 35.6278 41.85307 58.32531 61.3607 61.37561 66.3802 68.22527 68.22527 68.22527 68.0397 66.97422 68.22527 54.35662 9.753353 9.753353 13.51553 19.72347 16.71772 16.71772 16.71772 16.71772 33.74877 39.70959 33.04965 15.90354 27.26839 42.01244 49.81417 79.33054 101.4834 84.93113 87.33138 37.82196 31.76797 10.30804 9.940346 9.940345 10.29868 22.42277 14.22772 1.007867 107.9551 65.99759 15.96925 37.41541 37.41159 22.35052 28.3172
120.8898 125.2602 131.5533 132.3658 176.8554 210.042 211.4902 249.9019 123.806 119.9937 348.2109 472.9651 183.3708 143.3957 131.3587 129.7633 129.7286 109.9186 96.87738 55.92476 28.03193 29.6773 29.6773 29.19425 29.6773 29.6773 37.376 56.98047 60.02542 62.83558 62.83558 64.59912 67.42162 68.22527 68.22527 68.22527 68.22527 68.22527 68.22527 68.21869 33.51115 10.60419 28.20434 25.00385 16.71772 22.38393 17.64721 16.71772 16.71896 21.18298 16.4973 17.56685 46.59864 41.11224 248.0419 606.8039 75.06017 66.05729 43.30508 37.43537 37.10677 10.72019 9.940345 9.940345 27.71952 135.1159 135.3651 71.90443 410.0278 96.58327 50.92314 45.2928 37.41159 37.18346 32.40447
86.92004 100.9926 130.4571 130.766 129.5712 127.5487 139.859 156.281 151.3611 148.5619 250.8876 394.4497 174.9017 143.8111 142.5151 131.2603 129.7286 129.7286 127.0542 64.36677 25.31828 27.38281 29.12099 25.50226 26.77121 32.37558 59.67958 62.83558 62.83559 62.83558 62.83559 64.84118 68.22527 68.22527 68.22527 68.22527 68.22527 68.22527 68.22527 68.22527 34.41856 14.25055 30.62821 25.78816 23.24527 30.515 23.16286 20.42884 16.71771 16.71772 15.37289 23.97396 49.79661 49.23399 602.4515 424.6262 106.263 54.29613 44.45753 37.91442 28.4349 9.940345 9.940345 9.940345 57.23417 116.1707 297.864 547.5242 547.5242 247.1302 76.67079 64.1274 27.52667 23.68223 20.94203
106.4023 82.61687 94.03326 121.9133 126.8319 126.8319 128.7703 154.7084 154.1383 137.9354 86.78091 117.8369 105.7992 125.6987 140.4019 131.1436 129.7286 129.7286 123.4056 77.71264 51.66618 26.9497 25.1925 25.11846 25.11846 32.78088 41.26808 48.04327 55.53486 61.99219 62.96083 65.21052 68.22527 68.22526 68.22527 68.22527 68.22526 68.22527 68.22527 62.69872 21.64306 17.5389 28.87582 30.56132 30.62821 30.62821 30.62821 30.34106 17.68619 19.6006 26.8319 31.87867 52.22747 53.90452 77.59252 104.0799 111.127 76.04547 44.63815 35.79634 15.94148 9.940345 9.940345 9.940345 55.89446 115.1254 140.4733 466.706 547.5242 360.4897 121.0222 67.38869 38.07604 21.65558 24.57827
139.0497 89.59747 82.61687 85.89539 118.9038 126.8319 126.8319 152.5782 156.281 83.26028 58.94553 55.14262 55.14262 55.14262 59.78017 92.97959 104.0386 51.77558 51.89865 40.08201 40.08201 30.96832 25.11845 25.49375 28.80455 39.07301 40.08201 40.08201 40.08201 41.11639 55.62264 68.22527 68.22527 68.22527 68.22527 68.22527 68.22527 67.75837 68.22527 34.06567 12.39764 21.66663 23.76851 25.24113 34.1021 32.93202 37.60641 36.08501 36.24805 32.99872 35.13316 47.34153 55.06382 54.32122 54.32122 86.74635 112.9654 109.0457 77.70942 21.08461 9.940345 16.35381 17.95395 14.4222 9.940345 52.55141 84.27277 303.6603 546.9442 414.076 107.4407 55.19524 54.98742 45.32376 36.32455
121.0459 141.3593 102.1307 86.91187 88.00651 99.99369 124.2956 158.3557 140.3829 55.62312 55.14263 55.14263 55.14262 55.14263 50.09257 58.3385 48.77168 40.08201 40.08202 40.08201 40.08202 29.63158 25.11846 31.28778 40.08202 40.08201 40.08201 40.08201 40.08201 40.08201 55.0299 68.22527 68.22527 67.89983 68.22527 68.22527 67.65936 38.0033 51.26723 50.31962 23.76851 23.76851 23.76851 24.32549 50.96635 56.90507 59.06202 59.06202 58.66347 52.69174 48.51718 58.43732 54.36172 54.32122 55.08525 107.5433 102.0865 105.1347 52.48197 14.54474 9.940345 24.86588 27.1803 26.27494 22.44575 26.82123 72.92628 116.1707 503.5709 378.5022 171.004 165.2188 92.75869 40.73485 43.25637
119.4124 151.5079 106.9965 87.27996 87.46364 88.83095 105.342 175.7323 139.6769 55.14263 55.14263 55.14263 54.48867 48.74287 41.74406 40.08202 40.08202 40.08202 41.41786 42.91634 38.24625 28.18538 32.31968 39.88 41.01412 40.08202 40.08201 40.08201 49.36994 111.4692 69.86519 66.14684 61.94794 48.64072 45.9264 50.15092 30.01015 16.72702 28.88925 29.17998 23.76851 23.76851 23.76912 31.90567 48.82463 51.93052 59.062 58.95962 58.73538 58.74725 58.52147 57.11469 54.17208 54.289 54.76007 40.89757 32.01424 36.19781 42.54961 34.93748 22.67362 93.51144 28.33465 27.1803 27.1803 40.41356 116.1615 116.1707 314.5901 270.111 291.7475 420.2499 438.1924 93.31333 90.86676
103.4288 140.8909 89.17468 87.34178 89.02718 89.39717 74.5875 130.5325 88.53337 55.14263 55.14263 53.94221 41.10518 40.08201 40.08201 40.08201 45.10436 50.96513 55.7661 57.31169 55.97079 53.37701 47.38124 45.25018 38.96612 31.93915 39.62167 40.08201 96.66972 165.7145 80.11968 47.46777 46.87938 46.87938 33.91481 16.72702 16.72703 16.72703 17.55615 23.666 23.76851 23.76851 52.4272 61.585 54.38381 48.86878 57.47285 62.22007 61.50733 70.74435 56.53049 54.23814 54.05062 54.06276 46.9098 32.03257 30.75564 53.22625 83.20833 60.62078 48.43518 110.196 63.82166 27.1803 36.24339 46.66947 99.10667 116.1707 176.1559 179.0667 179.5937 480.0638 595.3632 130.5646 44.0065
135.4788 141.0636 101.7915 88.71986 89.39717 89.39717 72.40128 101.6424 27.94107 39.16898 51.18014 38.488 35.56239 40.05825 40.08201 43.37506 47.94645 56.19799 57.34077 57.99454 57.90252 51.57457 34.3882 33.77722 33.76503 30.73522 30.98618 33.36026 144.6872 165.7145 155.0575 46.87938 46.87938 46.87938 27.84884 16.72703 16.72703 16.72702 16.81449 22.15372 23.76851 23.76851 43.02525 61.88508 60.72255 49.02211 49.64056 53.45352 159.7536 415.706 61.24584 54.05062 54.05062 54.29774 58.92296 43.84715 80.48418 149.2091 161.2009 102.5017 43.71269 72.70686 111.1069 90.80058 68.50361 68.87727 72.69763 108.3267 108.7962 61.51476 109.5843 585.1508 603.1666 268.4937 80.83688
140.2413 133.4468 112.8137 93.83031 89.39717 89.38145 72.20111 66.76981 28.39808 26.56178 26.60254 26.56178 26.87143 38.78192 40.08201 47.3405 68.47785 65.21932 65.56075 60.66051 36.66379 33.80223 33.77722 33.74936 33.34032 30.32604 30.16872 117.3071 165.7145 165.7145 144.7663 46.87938 46.87937 45.01328 21.13359 16.72702 16.72702 16.72702 20.42522 24.77439 23.76851 23.84876 51.90476 61.88509 54.79809 48.57648 48.82463 48.94834 105.3228 347.3082 299.7663 200.3813 182.3144 90.98685 64.49869 64.70947 152.8657 183.64 91.66512 43.80027 111.5137 142.5638 110.462 69.57962 70.57885 68.07019 68.70248 69.44292 50.93653 51.21202 125.4478 535.8867 603.1666 581.665 392.6637
135.7985 99.99493 99.99493 98.92182 89.77822 86.42869 69.23631 73.51663 29.83123 26.56178 26.56178 26.56178 27.11626 34.80686 40.08201 50.4248 68.50432 68.50432 68.50433 62.14944 33.77722 33.77721 33.77721 32.04164 30.30841 29.75612 69.35043 162.7296 165.7145 165.7145 114.5944 46.87937 46.87938 28.32225 16.72702 16.72702 16.72702 16.72702 23.71528 36.82581 32.20485 26.2733 56.15523 58.76537 47.07644 47.2739 48.11572 48.80701 42.17781 217.0816 479.3566 435.8539 463.1191 101.4302 42.43865 65.03036 89.25024 110.3186 47.44843 59.3258 164.8951 179.0448 74.74889 57.21185 102.9553 66.76549 66.7669 64.17963 23.73906 26.18456 74.71478 81.6036 200.7855 381.2239 429.0614
140.9939 102.0327 99.99493 112.1892 122.9566 86.02601 81.47634 84.20124 41.73088 42.19922 37.93468 31.24456 26.62808 27.20191 39.41721 41.03954 68.29707 68.50433 67.15032 41.87598 33.77722 33.77722 33.42889 30.95515 27.90041 18.10867 15.3053 40.49904 47.07872 161.3784 104.8798 46.87938 46.76251 19.88442 19.17419 17.62184 16.72703 16.72702 17.47979 27.41565 40.57477 39.07509 54.736 56.82839 47.24189 46.40829 46.50842 46.90443 39.25937 148.3595 349.9457 113.1097 154.2127 37.93109 48.31553 73.51579 64.53173 65.61574 83.8985 241.1722 1020.961 1425.879 1093.956 144.6132 96.1216 66.78637 66.76549 48.44384 22.9596 29.23881 40.64492 51.79121 19.55359 19.17222 19.17222
135.1982 100.5924 132.1855 188.3691 192.1918 184.8696 199.2599 195.6006 59.44442 46.09087 46.09087 46.09087 28.85561 26.56178 35.90343 48.22328 68.12191 63.6843 60.85119 46.04684 33.77721 33.77721 33.77225 33.31567 22.52502 15.05405 15.05405 15.05405 39.21615 161.5796 71.2216 46.87938 39.57532 26.04401 26.04401 22.75025 16.72702 16.72702 16.72702 16.92217 63.59092 41.13952 42.93534 57.50716 52.94257 38.16623 52.37239 56.87085 96.41866 145.7606 160.8072 70.93285 56.33555 51.09895 74.54369 74.86372 95.49506 144.2633 146.4224 222.3215 1899.444 1631.473 366.5389 95.77483 74.21969 68.3085 63.8823 28.49953 23.36778 33.68238 33.94132 26.84671 19.17222 19.17222 19.17222
63.86418 146.2304 189.1052 192.2636 192.2636 210.896 253.6973 275.709 70.95837 45.93775 46.09087 46.09086 46.08377 27.87622 37.2221 63.19086 61.8274 58.24487 58.24487 56.94481 34.08654 33.77721 33.77722 33.63905 17.92036 15.05405 15.05405 20.74409 138.1118 165.322 49.29682 43.5452 26.25252 26.04401 26.04401 25.87292 17.31266 16.72702 16.72702 18.94567 34.06372 28.71062 52.95195 47.39427 24.58872 30.95198 56.61549 57.08673 114.4864 161.0832 190.7376 153.202 76.796 74.18248 74.86371 79.96115 118.2306 159.0071 159.0071 933.4139 1966.818 743.4792 91.35387 63.59298 68.70982 68.74379 47.18625 22.9596 27.61004 33.94132 30.12045 19.20874 19.17222 19.17222 19.17222
29.63172 126.1359 192.2636 192.2636 192.2636 204.8963 253.6831 236.1104 46.66659 43.53455 43.68684 43.56694 44.28777 30.30316 40.37196 60.76884 58.24503 58.24487 58.24488 57.6801 34.27036 33.77721 33.77721 33.75535 15.72128 15.05405 15.05405 15.05405 145.6844 158.6989 61.99767 41.40321 26.04401 26.04401 26.04401 26.87485 18.52939 17.23813 16.72702 16.72703 16.88345 24.4351 37.95063 27.82591 21.5124 21.51608 27.42938 42.0023 58.60507 195.7273 202.8112 84.21886 75.85676 75.36646 74.88549 101.1501 158.9344 151.5619 143.8834 306.5255 287.8219 100.808 74.01296 53.03635 54.03223 57.73788 26.80067 22.9596 28.0576 33.83745 21.91547 19.17222 19.17222 19.17222 18.98097
29.63171 112.7549 192.2636 191.0513 208.7067 193.7146 232.0689 171.0042 44.36749 43.58809 42.82843 42.82843 42.82843 42.82843 45.82114 57.26134 57.63063 58.24487 58.24487 58.24487 46.90525 34.39879 33.77722 29.75803 15.76028 15.05405 15.05405 50.35442 142.8839 141.2999 59.9262 36.63097 26.04401 26.04401 26.04401 29.92866 30.58511 23.35428 19.7056 20.82123 24.23727 27.77983 27.77983 23.54263 20.93429 21.37894 26.7911 30.4762 30.47621 139.6622 145.6055 76.50677 75.58771 75.5405 75.49564 104.772 135.9647 126.3441 126.7806 137.9779 143.3558 107.9664 88.0369 91.99728 46.77126 18.12746 19.03602 22.90265 25.59043 30.2536 19.17371 19.17222 19.17222 19.17222 173.2017
29.63172 59.76801 177.0704 194.6618 233.4161 224.7574 195.943 77.53704 50.6215 44.76402 44.86097 42.82844 42.82843 42.09047 42.86258 32.21563 20.63466 58.23268 58.24487 58.24488 58.12125 55.49593 66.378 19.11642 15.05405 15.05405 15.05405 117.7265 165.3707 79.81109 62.7134 51.57332 26.04401 26.04401 26.04401 30.32175 32.3102 27.39952 23.96479 23.71617 24.95276 27.81319 27.22697 22.04786 20.74556 21.21689 30.09154 30.47621 30.47621 152.6752 334.4648 118.2256 75.82046 75.60627 76.42512 94.01644 124.962 105.257 104.2713 137.5549 103.6183 119.1151 79.55415 51.46372 18.47776 18.13409 18.35273 20.61884 19.47578 19.51438 19.17222 19.17222 19.55856 23.33931 166.4533
29.63171 105.4563 172.1221 194.2036 233.4161 233.4161 157.6719 57.02511 57.02511 62.53907 58.26847 43.53882 42.82843 28.39251 9.109024 8.757627 9.118842 56.51801 65.1123 139.6991 181.9283 179.3375 145.118 69.1535 45.70371 59.34212 64.74702 158.3054 136.4089 62.7134 62.71339 49.70283 26.04401 26.04401 26.33027 32.21556 32.3102 32.16236 29.41474 27.69159 28.71904 28.23917 22.05375 20.74556 20.74556 20.74556 25.09923 30.4762 92.44952 425.5228 450.474 296.022 77.62976 77.52793 77.88589 98.30578 106.0538 60.88232 93.8492 92.57589 80.02617 91.7543 80.40963 41.16951 18.14322 18.2351 18.26738 18.26738 18.63373 18.85146 19.17222 19.17222 21.81496 27.26489 148.2631
66.08617 121.6654 155.9623 152.8731 197.3199 200.3352 67.87494 57.02512 57.41761 63.87315 68.08476 66.03452 54.61269 22.40406 8.757627 8.757627 48.1253 87.00954 99.79958 108.2146 153.7109 154.4616 142.4287 142.1941 142.1941 142.1941 105.5885 91.20159 78.50709 62.7134 62.7134 43.38601 26.04401 26.04401 33.38879 35.86471 48.21407 38.7305 32.69957 32.48241 66.33794 30.57343 21.85273 20.74556 20.74556 20.76504 28.76085 30.4762 48.38017 185.2968 305.4841 73.59824 71.91621 77.63551 91.39523 97.65997 97.48473 69.26808 73.63625 79.60439 76.2589 59.17728 76.10343 31.28351 18.25711 18.26738 18.42015 27.25811 21.04447 17.46602 19.13713 19.17222 24.4928 27.26489 383.4474
152.8885 152.8885 148.9845 143.8044 143.8044 105.1669 81.28034 66.12273 61.21924 75.69323 79.66845 77.01017 78.39415 20.93208 8.757627 8.757627 68.41557 102.7449 102.7449 106.6125 145.4897 149.6776 143.5284 142.1941 142.1941 142.1941 125.2431 87.61946 75.39649 62.7134 62.7134 39.54092 26.04401 27.60201 64.31709 61.75124 60.17033 41.68001 32.79904 53.90995 68.6551 39.78489 54.68495 58.61002 53.05516 48.91613 45.74691 37.77637 69.90413 93.18009 66.93378 60.419 78.3426 92.26977 97.71808 97.65997 97.65997 85.09666 78.76907 78.82019 51.06406 28.9714 52.32535 55.17583 20.96521 33.34137 33.14412 25.57206 16.46478 16.42682 19.07517 19.86249 27.0173 31.4774 563.2621
152.8885 152.8885 148.5295 140.0517 143.0771 121.7495 95.24809 94.09509 92.5041 94.10703 94.10703 94.10703 94.10702 74.72483 22.23694 8.757628 17.12765 84.68575 100.6871 130.5987 150.4129 150.4129 146.1316 138.4723 142.1941 125.8174 91.78313 87.61947 81.1046 62.7134 62.7134 60.10401 49.27139 51.81408 64.4967 61.49366 75.71446 105.6576 37.56932 68.37428 68.88329 66.35379 68.88329 68.88329 78.23771 83.7149 54.83855 54.01248 54.85256 64.79464 66.65859 105.0381 119.3981 103.4099 100.1045 98.52816 97.65997 90.90363 78.76907 72.3933 35.22098 28.9714 29.12327 32.02949 39.85165 42.88239 42.8804 36.72822 21.78049 10.10596 8.613782 21.43205 27.2649 35.9012 361.9661
149.1895 151.5511 140.3321 112.8937 136.4117 273.671 803.5688 744.0641 563.332 152.1337 330.5153 225.0369 550.2869 367.6728 30.98018 13.22254 11.15292 22.56137 89.54023 148.3017 150.4129 151.8843 93.78804 74.86049 81.01785 82.44301 87.61947 87.61947 76.3554 62.7134 62.7134 62.7134 62.7134 62.41286 60.51826 61.26673 111.543 64.78778 33.12651 37.83966 57.03958 68.88329 68.88329 68.88329 415.4107 312.2875 171.1798 105.7332 113.405 122.8616 121.8408 115.7004 102.8829 100.3978 100.3979 75.69468 83.38306 89.13339 66.06324 40.6913 31.60914 52.58188 76.16515 84.23965 54.86206 42.88239 42.88239 33.64475 8.046402 7.071918 10.32873 26.98437 25.74158 25.52533 26.79693
113.9145 109.898 116.1397 114.2852 114.3305 218.9011 1005.99 1017.677 1017.677 929.6709 1017.677 1009.374 1017.677 488.8223 25.78122 24.39952 24.39952 24.39952 33.73895 78.49226 71.36106 155.3619 87.51442 55.26915 39.62867 43.30889 71.37856 73.33624 81.83562 62.7134 62.71339 62.7134 62.69006 54.15839 53.98669 137.4742 117.1892 54.66199 33.08177 32.20906 39.46402 60.43201 68.88329 68.88329 707.1173 691.7495 221.4054 216.514 167.6522 158.8849 122.7169 121.223 103.306 100.3979 90.75311 33.74807 43.85103 42.72915 39.63354 50.81187 52.38229 95.27799 100.3202 98.3065 49.41706 42.8824 40.58174 15.66662 7.688894 7.071918 7.071918 13.42457 22.38634 24.35745 24.35804
97.5887 103.8443 111.2482 105.293 247.4027 131.2471 388.5655 797.1813 1017.677 941.9861 1017.677 1017.677 1017.677 414.102 30.76571 24.39952 24.39952 25.36676 36.17896 39.5672 72.25774 142.4468 77.86088 55.26915 44.89384 29.12447 29.12447 55.11476 65.95516 62.7134 62.7134 62.7134 63.69533 125.6249 115.9847 134.3186 86.51607 83.51302 62.98429 32.92531 31.61806 36.09299 73.35516 172.7969 772.5913 544.8491 249.01 224.1445 181.0289 159.5163 643.5901 430.2293 103.343 99.8112 49.89304 31.00122 31.41848 37.19885 82.27831 89.13527 96.54476 100.3202 98.72637 96.12791 24.73671 24.51327 14.59891 12.76526 8.100827 7.071918 7.071918 8.862773 23.23019 24.35745 24.35745
91.84537 104.366 96.75359 127.9936 319.8643 193.5163 132.6154 551.0942 985.9183 329.0478 312.559 520.5717 548.001 683.4067 223.2537 24.39952 24.75359 36.92634 37.77069 35.60193 41.52231 53.37957 46.48331 40.60201 32.84787 29.12447 29.12447 29.12447 48.59819 56.75079 60.79069 60.77352 62.89345 173.605 180.4868 168.3047 100.221 107.8967 105.4541 83.09315 59.44427 64.71896 107.2423 198.6642 782.0229 796.2781 793.4942 803.4294 671.8849 672.4363 847.2549 736.9395 283.472 105.8145 31.00122 30.90771 27.63253 124.2829 256.193 112.3008 94.63737 58.80384 29.74554 43.11036 23.59892 12.79922 12.79922 12.77134 10.09554 8.159019 7.071918 22.38846 30.8869 25.41968 24.35745
88.32687 94.69956 96.87034 166.1867 227.2702 411.8018 352.217 479.5571 282.4626 151.1133 151.1133 151.1133 151.1133 133.4247 40.32284 36.7042 38.30396 36.37103 35.3584 35.3584 80.07597 143.9804 63.60038 32.02435 29.32287 29.12447 29.12447 29.12447 26.13672 19.10531 20.75545 19.10197 40.4554 166.603 178.2104 109.2116 101.3458 107.9098 102.8166 97.36107 101.0949 109.8474 109.8474 445.3151 707.4008 1062.35 803.25 856.9229 769.7829 380.0841 614.7974 570.2891 847.2549 299.538 31.00122 28.10774 25.4818 36.29721 124.7473 73.38759 41.36292 23.89887 28.25623 28.25623 23.51318 12.79922 12.79922 12.67305 11.71125 6.676391 9.000856 31.91408 34.61804 34.54022 26.16277
69.59949 368.3383 165.3607 170.6384 172.5396 241.1493 183.7763 294.8427 159.0846 151.6324 151.2204 151.1133 151.1133 103.0311 41.50896 37.96639 35.3584 35.28744 35.3584 63.72941 147.8715 157.715 80.21674 68.31049 44.89008 29.12447 30.80909 32.30138 30.30244 26.45164 18.35389 18.22551 39.53403 83.99613 99.11892 109.6178 100.297 107.5883 106.1889 107.5264 167.8131 109.8474 110.0677 561.6063 952.6481 1372.879 469.8564 746.4538 390.797 34.52013 34.52013 36.11326 178.5293 37.10762 45.54123 34.4041 25.94945 30.5663 32.11002 44.84634 21.43044 26.06045 28.2194 23.75956 14.59003 12.79922 12.57313 11.34952 10.78162 4.722052 4.76391 26.91242 34.61804 34.61804 30.35507
