Scenarios/Global_Grid/data/country_data_population_distribution/processed/density_grids/cze.asc
ncols 164
nrows 73
xllcorner 12
yllcorner 48
[rows 0 to 30 of 73, columns 69 to 137 of 164]
0 0 0 0 0 0 0 162.7379 0 0 0 0 0 0 0 0 0 0 0 0 0 0 0 0 0 0 0 0 0 0 0 0 0 0 0 0 0 0 0 0 0 0 0 0 0 0 0 0 0 0 0 0 0 0 0 0 0 0 0 0 0 0 0 0 0 0 0 0 0
0 0 0 0 0 0 0 72.42847 36.45935 33.29408 34.64335 43.60283 31.0998 0 0 0 0 0 0 0 0 0 0 0 0 0 0 0 0 0 0 0 0 0 0 0 0 0 0 0 0 0 0 0 0 0 0 0 0 0 0 0 0 0 0 0 0 0 0 0 0 0 0 0 0 0 0 0 0
0 0 0 0 0 0 0 57.50587 150.6825 109.3575 38.00033 69.31921 72.44903 99.52588 0 0 0 0 0 0 0 0 0 0 0 0 0 0 0 0 0 0 0 0 0 0 0 0 0 0 0 0 0 0 0 0 0 0 0 0 0 0 0 0 0 0 0 0 0 0 0 0 0 0 0 0 0 0 0
0 0 0 0 0 0 0 46.60292 182.665 98.38654 66.85876 73.24476 67.19122 92.1923 0 0 0 0 0 0 0 0 0 0 0 0 0 0 0 0 0 0 0 0 0 0 0 0 0 0 0 0 0 0 0 0 0 0 0 0 0 0 0 0 0 0 0 0 0 0 0 0 0 0 0 0 0 0 0
0 0 0 147.3598 127.8968 162.2073 195.88 119.7341 110.9777 60.94675 61.76324 65.53289 62.96389 49.06681 28.74338 0 0 0 0 0 0 0 0 0 0 0 0 0 0 0 0 0 0 0 0 0 0 0 0 0 0 0 0 0 0 0 0 0 0 0 0 0 0 0 0 0 0 0 0 0 0 0 0 0 0 0 0 0 0
62.33567 66.93737 114.6586 103.9833 43.35838 87.08474 361.8171 505.9601 560.2524 415.9986 26.38165 31.7991 35.37833 32.98183 45.30373 29.05889 0 0 0 0 0 0 0 0 0 0 0 0 0 0 0 0 0 0 0 0 0 0 0 0 0 0 0 0 0 0 0 0 0 0 0 0 0 0 0 0 0 0 0 0 0 0 0 0 0 0 0 0 0
46.00562 62.79221 42.04716 31.83453 33.33142 44.54932 756.6767 955.7361 998.5529 996.676 487.2759 272.7016 92.13139 113.3406 189.142 53.96956 44.40822 43.99247 42.43725 63.1052 66.77633 269.2905 0 0 0 0 0 0 0 0 0 0 0 0 0 0 0 0 0 0 0 0 0 0 0 0 0 0 0 0 0 0 0 0 0 0 0 0 0 0 0 0 0 0 0 0 0 0 0
43.26005 95.23404 68.68388 30.79019 33.37077 39.24477 263.8277 842.5027 735.571 932.1617 1095.272 1227.426 255.3547 288.3555 362.6071 89.37858 30.9296 66.10931 67.32505 34.49355 18.09458 22.1304 22.1304 34.7295 43.30443 20.91623 28.29196 0 0 0 0 0 0 0 0 0 0 0 0 0 0 0 0 0 0 0 0 0 0 0 0 0 0 0 0 0 0 0 0 0 0 0 0 0 0 0 0 0 0
84.49407 103.0214 203.771 34.4767 30.0553 45.73872 98.60648 69.6011 158.5481 190.6897 259.3199 448.6456 166.9925 135.0234 91.14269 46.52192 54.6272 61.22768 58.4123 27.80896 91.20475 60.55252 14.65321 19.53444 21.318 18.84606 31.45792 59.03237 0 88.66875 0 0 0 0 0 0 0 0 0 0 0 0 0 0 0 0 0 0 0 0 0 0 0 0 0 0 0 0 0 0 0 0 0 0 0 0 0 0 0
264.1601 107.2925 20.64541 15.65789 17.86608 26.60585 79.93853 53.74334 66.57517 121.4061 93.0777 100.1285 189.3228 234.412 194.3671 65.84305 40.55839 54.01726 73.63281 86.72128 135.788 406.5092 122.7687 58.65579 40.33215 48.70819 137.2994 96.02191 185.3124 80.69334 53.25552 0 0 37.89629 49.96013 0 83.42935 86.43805 44.56507 120.0686 0 0 0 0 0 0 0 0 0 0 0 0 0 0 0 0 0 0 0 0 0 0 0 0 0 0 0 0 0
25.01721 15.65789 15.65789 15.65789 16.27084 25.6842 36.92911 53.95726 94.64189 157.5911 520.4351 274.3802 94.05656 77.50466 286.4808 269.4719 68.87217 59.40934 117.2552 310.132 95.37488 240.1537 151.3013 53.02781 48.1782 48.73322 75.28555 118.6597 278.1654 206.5892 161.1289 57.7538 32.99237 21.16013 27.7335 28.73464 66.10887 45.2188 67.19954 291.675 56.47953 0 0 0 0 0 0 0 0 0 0 0 0 0 0 0 0 0 0 0 0 0 0 0 0 0 0 0 0
30.94922 35.73478 23.68549 19.90998 24.04167 48.67002 107.1183 92.64342 110.4842 136.0356 280.3145 206.2708 78.31107 79.03951 63.71798 90.35865 110.9403 71.38025 64.90228 96.59712 105.3939 63.08796 74.64001 94.76841 155.3787 46.20061 40.96962 138.7888 264.2824 279.4253 233.1337 86.14931 76.68548 17.15268 26.675 45.66372 147.2537 74.46535 43.18962 110.3454 41.10876 0 0 0 0 0 0 0 0 0 0 0 0 0 0 0 0 0 0 0 0 0 0 0 0 0 0 0 0
31.5592 67.86497 77.07719 60.2951 49.59591 110.3449 231.505 164.5535 62.33727 70.0482 42.32995 37.25645 34.20956 66.12376 78.22152 188.881 103.4896 51.21434 82.74333 126.4583 95.21124 42.09006 36.77799 36.81014 159.7391 49.96239 71.08306 47.08301 97.40666 259.4888 293.8434 196.7205 221.6653 141.414 92.51085 97.56786 123.3186 60.57796 38.90319 21.95258 0 0 0 0 0 0 0 0 0 0 0 0 0 0 0 0 0 0 0 0 0 0 0 0 0 0 0 0 0
30.18377 64.52135 68.10808 93.76038 107.7711 207.9883 184.8053 74.97002 54.8515 69.44923 63.38659 85.00359 38.54226 51.3881 67.0592 117.1259 91.68143 37.36552 105.2062 310.4643 178.0716 57.60405 43.51648 48.35252 73.28525 127.4187 89.96435 45.03559 36.21349 40.33714 86.79537 77.3298 234.0349 289.5544 195.9254 276.1861 111.6024 0 0 0 0 0 0 0 0 0 0 0 0 0 0 0 0 0 0 0 0 0 0 0 0 0 0 0 0 0 0 0 0
31.36745 53.99703 44.61189 269.266 1068.765 768.3882 194.6829 68.61786 59.82413 99.50849 102.4094 68.12778 37.42245 25.20501 67.25301 490.4691 790.9164 82.38731 49.0719 64.46543 97.73114 108.6715 32.74386 47.33762 68.05096 244.1279 420.4158 237.3991 37.78009 33.5885 50.86631 49.81926 132.9644 171.2294 231.6116 522.4046 0 0 0 0 0 0 0 0 0 0 0 0 0 0 0 0 53.21084 0 0 0 0 0 0 0 0 0 0 0 0 0 0 0 0
28.77155 52.95339 57.49678 214.9058 1102.672 699.1516 183.1478 121.2918 60.33369 40.26208 48.76633 29.44516 50.28672 31.70988 33.47224 131.1185 170.3266 58.68892 48.60371 76.09629 57.25434 151.4074 149.6352 59.80978 36.19333 56.46841 119.4303 139.072 47.77385 48.87788 44.39096 179.0991 261.986 94.89256 333.8445 513.8333 151.0295 0 0 0 0 0 0 0 0 0 0 0 0 0 0 0 50.57558 32.72926 32.72926 37.66516 65.28239 67.32108 0 0 0 0 0 0 0 0 0 0 0
36.73761 48.89971 77.51415 87.75911 107.3008 141.4064 107.7075 80.29375 46.43436 28.39579 36.48917 61.20927 78.80432 52.59677 44.5808 30.47658 35.12959 48.8644 62.02905 66.75518 67.00067 143.8298 251.3344 111.7266 47.60796 37.41895 65.70261 88.3888 321.8953 376.764 111.2239 50.83557 49.46715 158.8733 380.2929 127.1503 61.01019 47.55323 19.33607 68.42477 0 0 0 0 0 0 0 0 0 0 0 0 0 36.80381 28.57411 19.19222 23.9256 43.12204 31.09242 113.3326 0 0 0 0 0 0 0 0 0
34.4082 57.33571 115.7222 175.4649 166.7783 131.8346 55.92949 54.64544 29.8229 27.88648 37.9935 72.85682 59.82195 38.97595 30.72495 27.45762 32.03389 48.127 55.02898 41.79441 33.12842 38.67908 53.76385 71.53812 62.03976 49.00681 101.4633 184.1149 169.0081 90.12611 94.22713 59.6144 72.02721 87.44411 201.9191 101.3513 53.7747 42.42311 24.20409 17.42913 43.05024 28.39822 0 0 0 0 0 0 0 0 0 0 0 0 31.95957 15.9545 14.72427 54.32774 52.39769 23.76643 41.93207 79.21752 95.79431 0 0 0 0 0 0
71.63777 71.55123 189.9172 241.8315 219.9304 76.81793 66.66098 70.36785 47.66628 56.10027 49.29821 61.67435 27.89818 19.3333 24.21611 27.67332 49.39224 52.72604 83.08213 119.364 45.38018 51.99035 77.27269 80.75851 96.27597 91.82668 249.5717 354.5492 97.21703 96.44373 61.95119 90.82879 82.35728 194.3671 123.6168 137.5578 112.4546 46.76138 34.25082 14.27084 10.85215 6.616056 22.89729 0 0 0 0 0 0 0 0 0 0 0 0 22.93001 19.35047 32.17536 34.25178 66.56621 90.739 89.63116 64.39997 85.88783 63.73375 0 0 131.2286 0
39.19268 107.6769 270.0937 570.2094 719.6647 226.3582 64.88419 139.7535 92.145 65.12863 42.93796 45.12145 39.43811 86.34727 71.20244 41.53469 132.7073 124.3455 165.4416 146.4192 68.07085 65.59416 73.64848 67.83511 113.1042 528.751 869.4916 864.1503 748.6778 164.8846 130.06 125.2748 49.10117 76.72872 50.22901 42.59832 107.6264 126.3596 53.04441 10.29657 5.10113 7.417831 7.432736 15.81405 0 0 0 0 0 0 0 0 0 0 32.73877 24.391 40.90538 40.63015 43.2075 219.1679 205.6566 150.3361 38.6024 38.0199 33.91142 19.64573 28.84881 36.54428 31.2738
140.4931 313.4941 276.735 218.3102 91.17423 94.39372 95.24479 556.3775 534.9207 175.993 88.78807 41.66049 27.97179 63.40186 66.58755 28.29223 47.90701 115.228 103.0541 52.52947 47.71549 54.14525 62.67646 121.9672 126.2051 531.9712 830.6951 858.4019 872.6628 226.7421 166.4859 154.0021 99.0331 91.29317 67.02853 64.12231 167.2406 245.2626 176.3583 33.25972 25.06012 42.29265 40.56136 27.54101 0 0 0 0 0 0 26.10223 16.0364 17.34789 16.61521 15.49722 12.92258 16.87117 27.29339 19.12366 21.5884 93.28784 188.3569 26.13903 15.37092 7.505528 22.93338 42.98071 47.00108 44.96638
603.9153 522.7953 206.94 107.6537 77.67933 72.02406 210.2693 171.1471 122.3024 397.6707 342.9296 92.86416 66.68912 49.75515 36.63245 42.99569 82.58824 144.102 150.9567 44.81778 62.36885 54.39091 74.09442 89.70798 92.60878 146.3871 216.7683 166.061 138.6424 69.36089 50.3748 100.2903 111.6608 69.79794 94.821 159.0421 133.1856 155.3457 249.5959 76.0901 50.25581 41.78329 36.32443 27.06596 27.51527 0 0 0 0 0 7.041404 6.518499 31.23722 19.98572 7.996281 14.93517 19.05035 15.74008 17.52633 18.58658 22.18119 51.15779 48.43469 58.2383 44.8228 24.88903 17.73261 28.18842 41.33005
435.6718 130.5391 94.49635 226.5014 156.616 153.1429 129.0544 333.2422 131.3589 248.621 127.6084 158.2407 117.6574 63.366 41.88145 45.1681 58.10189 76.13676 37.12663 40.73874 50.93959 86.16056 92.96915 126.5388 112.9178 122.1046 246.6056 104.1482 79.40903 89.22195 74.91617 77.09692 62.66247 114.5839 134.5014 227.6667 163.2015 161.8399 170.8924 102.9101 50.86459 85.25275 238.1523 72.74664 49.24118 37.43746 43.36314 0 65.26518 70.40228 29.16307 6.408575 43.09643 61.89433 31.00879 20.27625 20.22886 15.39314 15.48543 16.39657 32.11026 38.95864 17.40433 27.05786 58.35704 48.72183 25.36481 13.82642 17.64602
431.658 142.7743 89.73608 256.2442 121.6288 51.69772 85.57656 168.9755 147.4937 138.6616 123.0394 286.4559 446.1003 102.4366 98.35379 96.08353 58.89721 57.12656 50.02174 76.74142 110.9095 154.2746 149.044 245.5849 815.5687 720.8948 512.1326 237.8066 125.4829 92.90736 256.9395 192.545 64.92867 90.33858 118.55 29.78243 42.93375 49.75998 55.65383 69.22603 53.92517 125.6399 174.9798 102.127 75.92502 41.06623 36.46784 54.74854 66.82076 65.7198 32.56366 11.00068 43.0443 52.12773 53.66928 44.31999 50.81512 20.0304 9.781801 10.94639 12.91839 10.63742 33.137 28.64132 27.66339 28.14975 16.15554 23.02351 32.96796
301.2853 130.8856 122.2442 167.803 62.64894 59.12577 84.61932 61.11641 94.22201 55.2267 266.7346 780.6194 710.4404 212.3159 101.0668 91.74904 100.2933 182.5395 94.14259 163.5107 197.7106 204.9999 465.1161 834.3176 751.1781 970.4464 1022.282 751.2928 261.5272 131.375 77.38836 63.13404 38.69536 61.52995 47.34606 144.9185 199.2643 98.98483 77.32314 64.03912 77.21661 71.64928 144.1433 237.6665 173.2406 252.9164 83.54897 35.08026 61.50704 55.0859 36.3846 55.61018 57.41945 104.4866 213.4879 131.6754 70.55136 24.85858 10.77777 9.544606 10.84942 11.49342 13.98901 17.49034 25.97138 83.24833 215.3693 39.22937 37.38091
371.8927 342.6778 89.21629 156.0257 101.5729 65.19302 69.82591 62.06565 45.00312 48.91206 122.6435 118.327 131.6459 358.5841 192.5561 72.99863 71.92062 50.57598 36.40118 30.34483 69.40361 92.73254 86.93219 98.03087 117.2524 498.0811 394.7617 230.2352 97.35083 88.09344 71.52464 64.38626 38.85203 84.64882 187.752 242.4382 186.6688 69.10121 48.22741 141.7371 266.6852 285.1278 227.544 84.01923 85.29901 60.37374 49.19875 39.82483 51.96045 59.46049 45.92815 93.79408 102.3105 639.2921 762.2768 215.6291 103.1463 26.2453 18.66674 13.29364 13.4491 58.24816 20.80925 18.69403 26.77461 267.8948 439.7674 95.84473 33.54485
339.8937 116.9279 52.47308 43.14764 29.96556 28.61492 32.72653 76.57689 58.68759 54.534 57.62048 48.03148 95.645 538.8421 411.0663 143.0868 292.4841 126.7638 110.219 39.49092 39.21738 48.59554 151.6597 251.3961 69.83786 439.0103 538.9609 166.472 74.47407 113.4691 75.50565 43.22213 39.49248 192.2529 268.7296 196.968 59.22617 56.23033 54.00814 64.62395 92.56622 225.7302 337.2202 117.3022 123.6258 262.4955 155.9583 26.77014 28.08702 57.42908 93.81568 94.77317 148.5323 228.8059 347.0842 118.3821 131.4547 55.914 19.50763 22.45307 54.11586 122.1855 118.3885 53.25418 42.08364 34.83342 123.5286 24.15932 20.87904
262.7853 81.46677 77.95089 63.43539 87.47964 38.72326 34.46057 55.57138 77.18926 31.948 27.09938 37.09743 61.3045 58.75412 50.12587 92.80553 276.3559 184.3739 90.39987 73.71209 66.064 77.11967 111.4711 36.53969 30.26225 148.4528 210.4254 120.9005 92.1332 129.237 125.8226 77.45478 56.05684 50.80518 67.69766 49.02366 72.52779 113.1868 198.979 121.5015 218.1868 322.6928 193.1907 137.8239 150.0974 311.5253 123.4559 37.61948 23.81602 46.22716 239.5939 268.0039 320.9642 205.0164 75.07665 49.3169 105.8998 74.0521 19.81786 15.09055 23.37055 97.38112 113.1585 74.8787 65.84195 21.19448 46.71442 10.61636 14.67656
190.8522 71.00474 62.31313 63.47132 153.3375 66.00452 31.87775 45.18623 101.78 40.60536 23.7436 23.4304 22.74745 36.46098 28.64486 28.54513 60.47143 60.46159 55.96503 40.39033 104.8653 92.45838 55.00132 35.76333 27.2 20.07239 102.8962 84.33393 52.52996 74.33071 139.3939 126.7479 84.03468 27.88509 38.07981 41.76209 54.4301 94.98003 187.7559 85.81375 65.49502 61.19934 60.28312 53.42279 38.46342 38.25622 48.56868 44.53411 38.24328 13.44774 125.922 128.4127 169.4761 140.7751 56.8905 51.03931 80.49199 94.82397 76.14385 38.01167 20.85529 8.840027 24.39769 20.04914 17.87719 17.84896 34.24382 16.02559 17.67469
147.8049 57.40889 43.46026 46.02713 33.80997 36.17031 20.8211 33.98996 15.66657 11.22389 30.12774 34.68875 32.18346 28.97528 21.31846 23.83379 32.13909 42.24881 90.95025 51.05142 23.15825 26.37053 40.73026 44.48381 23.77313 21.91522 49.0752 44.53532 49.80412 73.62354 93.84673 72.60542 62.84731 51.73886 49.60079 54.40393 68.21221 110.5984 122.3063 34.87048 38.70904 30.23155 95.10035 36.7366 31.45632 48.95108 38.54961 41.12751 39.69336 18.95147 57.88155 127.0647 140.9175 126.5973 83.7241 75.16533 82.5782 111.3003 130.357 69.51361 48.81437 36.31868 82.21928 102.64 26.42142 47.83533 49.80071 48.34504 41.59097
207.245 80.96272 39.90665 36.95187 35.19431 29.79816 27.10808 45.48133 24.54053 104.8771 81.40314 21.65791 29.60167 42.60045 16.04058 23.0191 26.94636 44.40168 51.69784 27.68461 23.22288 21.04857 40.25754 44.58425 32.71527 33.57854 40.84074 72.19326 275.1219 228.799 55.88096 39.98382 39.62682 41.88718 60.47107 55.28249 82.39855 106.121 36.31707 20.61285 27.5622 280.5593 506.6678 114.1552 47.54345 172.2881 181.6106 85.49171 30.58414 15.69969 130.7561 61.16351 171.955 181.9209 70.10664 56.00995 122.4623 212.6096 163.6937 76.29411 68.36077 122.9005 204.0978 85.9486 22.61724 44.8802 16.93928 14.51547 25.77479
