Scenarios/Global_Grid/data/country_data_population_distribution/processed/density_grids/cze.asc
ncols 164
nrows 73
xllcorner 12
yllcorner 48
[rows 31 to 61 of 73, columns 69 to 137 of 164]
35.71206 31.36691 39.50887 193.0637 151.2063 67.10587 39.04091 45.40822 58.34978 207.473 29.10466 21.04273 34.64798 145.0846 24.87091 24.2238 57.7427 35.74809 34.7667 32.16125 28.82313 56.30855 122.966 115.9186 46.96739 49.0228 98.61111 169.3185 91.4911 59.88975 67.95263 60.40252 57.45163 20.05857 44.53533 52.83207 104.792 255.3766 65.69222 45.26676 41.88455 96.30104 221.474 78.18803 56.67592 180.7837 109.9238 60.42363 28.45145 23.23595 26.91277 26.16406 84.22731 125.9421 76.26047 71.81718 173.8513 202.5874 68.24559 65.28888 69.13527 126.6415 186.7947 124.7178 35.58479 25.00628 5.760256 3.575995 2.545159
41.20224 29.45252 61.87239 110.186 167.3101 182.3334 86.22121 24.13438 32.40528 30.77013 28.73412 36.8655 50.6874 156.5672 67.1287 137.017 146.146 69.42469 24.11971 43.75891 51.75928 43.55494 86.35789 156.1651 144.1297 106.5689 88.811 66.12932 55.42191 33.23337 46.38171 61.26365 45.11031 22.79537 17.63153 30.38334 53.43477 166.8719 106.1479 30.41913 28.96502 32.74134 65.52417 37.30973 19.81923 34.30742 42.56093 45.82804 35.49783 33.15568 19.7598 32.80676 37.26564 43.33397 99.46914 142.1661 184.1412 202.2454 110.9614 113.7824 122.3854 113.9232 154.7424 97.54826 117.1977 90.69627 2.545159 2.545159 2.545159
28.73874 24.90628 19.67305 31.93252 30.65602 29.05724 41.44677 28.11452 30.29833 28.59356 28.63503 50.96573 25.43749 34.7996 38.6898 76.40821 131.2992 59.76693 65.19871 74.3404 176.0069 87.71565 100.3722 52.59314 53.81681 45.74454 43.1556 28.78794 42.03141 50.73927 13.35962 27.28814 29.26486 31.17073 23.88278 24.47214 47.45367 44.0725 53.45252 65.96152 49.58664 28.3221 46.51102 130.9411 54.33372 32.37938 60.10569 116.722 66.27898 43.7822 29.42949 29.48131 40.45296 52.70027 50.6306 62.48107 78.92288 121.2689 101.354 178.1722 413.8636 391.2754 354.1143 513.7598 317.1166 9.039775 2.545159 2.545159 2.545159
19.23086 17.82139 14.54896 19.06278 20.38498 21.31326 23.71638 24.4953 25.67136 22.34167 19.02635 17.89456 19.18275 19.80145 30.83204 33.59353 42.13044 34.19465 69.24285 212.1772 355.1429 331.8986 116.5451 63.2366 54.58311 58.42904 44.70989 47.71926 157.2721 284.3983 33.24083 42.70872 124.4199 110.4014 37.78692 32.60261 42.20636 39.13702 28.7306 63.61229 33.72731 34.02016 50.1729 65.70629 92.67385 107.9204 96.22424 108.5046 68.48267 50.45842 44.91256 58.77038 71.48885 49.89208 53.09457 90.62776 107.4162 108.5796 115.0406 560.5043 864.1508 971.6929 821.325 570.3036 302.7886 28.50745 32.55489 8.222914 2.545159
24.12072 27.88416 34.2964 15.01646 18.15705 24.42388 40.84982 26.88603 14.23409 39.49911 29.1776 34.23338 41.54103 91.3664 72.18134 162.0525 94.62179 52.67516 45.11523 58.69942 196.9371 242.874 63.90253 50.67484 103.2368 70.12782 72.87429 87.5041 205.8797 506.6953 304.6757 187.1433 147.1357 134.8433 95.88931 66.57377 78.01358 93.12977 102.4373 36.01975 78.13469 87.80675 59.37547 76.11215 120.7605 127.5086 67.71585 60.67501 83.73106 43.89165 42.91129 70.5816 99.65581 82.1296 73.33197 120.995 120.6307 193.0675 237.4344 357.5391 836.3699 920.9125 569.6829 179.8071 121.2109 96.71461 131.455 58.76568 77.92709
14.86241 33.40986 77.43497 40.93404 13.08263 25.05515 45.54103 23.49999 22.46935 31.83666 23.04657 31.97468 34.96839 100.9409 175.315 137.3426 157.5698 44.62935 33.38384 49.33397 46.93507 71.93959 45.60203 47.7565 76.87789 79.40799 44.8013 31.93571 78.31451 192.3611 67.41612 75.44425 83.88184 74.30261 50.55564 40.68287 86.77369 123.0957 118.6383 41.68219 26.81421 28.49913 70.98513 95.74781 74.87231 136.8316 227.0862 140.7886 102.755 51.1627 30.79549 37.61845 56.98122 53.86258 64.07111 98.62299 154.1293 162.3259 161.764 138.0044 110.2406 132.0235 113.3265 107.0343 149.3071 244.7607 99.27639 87.72909 192.0674
31.51064 33.57168 28.77598 8.72548 9.438705 75.77357 75.97352 118.883 48.90476 19.91201 73.19115 64.39243 79.74292 68.46701 67.89889 24.60849 58.27785 35.25863 38.17582 41.98695 149.1708 180.0991 103.7158 102.467 103.8147 69.18667 69.58034 51.73001 53.76239 45.20484 64.38715 47.54198 35.1223 50.27165 35.45861 45.0548 60.37669 42.15511 54.52312 55.71577 23.13914 45.10114 66.46172 124.2815 125.5688 161.6629 241.9702 218.0249 144.466 80.26821 50.89532 45.2768 9.867891 10.59142 127.3456 145.6931 481.4967 817.5273 671.7219 341.6511 90.01595 93.81038 123.1677 187.3665 338.8686 695.5384 427.7004 120.1756 68.5433
347.3237 78.35717 57.81817 23.55165 18.52528 23.55376 35.48512 27.20009 22.74639 32.23523 84.70735 140.0826 157.3198 71.1597 88.42598 42.45824 26.86256 32.91225 50.31192 65.42637 294.036 546.1683 270.3646 43.88571 40.68844 54.41586 19.38507 34.77656 26.60291 41.10809 75.65594 42.53362 31.93789 32.01852 68.42603 40.05325 35.24191 21.12555 56.83427 76.59995 33.54177 28.09355 28.15347 62.37467 120.2633 119.6007 152.5118 85.30895 91.65723 79.81573 47.8512 27.6468 44.68948 0.01431722 22.29241 94.74284 310.784 557.8385 437.2021 89.43316 73.08749 92.97852 110.3265 112.6571 509.5245 540.8709 448.4654 94.82863 83.78672
554.2561 166.9762 67.9694 26.40534 20.97267 29.40486 31.30853 21.33957 20.42071 27.55984 41.18276 75.88362 110.4327 121.0454 71.3293 36.97656 26.63862 54.18866 52.35683 364.701 565.0865 556.1893 391.631 119.4274 81.64493 47.44247 46.35164 74.84805 74.32782 42.31223 178.8825 130.1214 43.70697 91.19521 58.9031 43.48092 37.15297 32.75646 25.83651 56.50882 91.86311 76.44528 118.5887 38.74448 108.3304 215.3688 308.1427 249.7844 97.34777 90.61684 73.1058 41.81108 25.46329 0.1887876 0.008846685 32.03403 106.4428 105.4256 86.77248 103.4706 83.49422 68.46484 101.7838 112.3895 92.49559 111.6467 100.281 73.53609 77.28801
193.1876 30.42205 26.34953 26.06948 15.50412 37.08298 45.28003 24.36941 16.72164 41.91856 42.53346 72.03526 66.25903 59.27974 42.50718 47.5535 37.06591 70.06351 81.86506 345.2366 208.6525 92.27454 67.93667 110.491 72.87999 45.49858 41.78602 26.3667 40.32846 93.90824 195.5091 223.6821 170.7576 56.35148 44.46947 37.68024 31.27463 34.28478 31.90618 109.0233 167.935 385.0101 215.5742 82.60033 125.6422 242.2529 433.2198 352.9457 210.2704 143.3903 57.82586 56.283 72.94298 18.25487 0.8708565 22.91133 99.95403 120.2459 115.551 161.4035 90.31971 144.7094 182.7474 200.904 166.8569 86.16077 115.8881 134.649 209.2864
85.89526 50.72017 35.79688 32.52571 11.19131 13.34405 20.05656 25.12367 90.34049 88.01661 15.51433 18.90959 29.87404 72.93285 47.77533 38.8126 53.11592 92.15177 92.3254 89.54277 40.63113 42.26354 46.79836 48.58467 47.08863 25.46376 31.92731 23.44487 23.34669 41.16372 32.57395 29.25003 41.30994 36.03584 59.55857 69.65295 74.89497 79.97075 57.39292 106.3726 123.3609 132.0991 192.0997 437.2943 415.9533 124.0303 272.0025 101.8493 80.80532 132.259 90.54477 51.56365 180.1058 347.9184 262.2917 169.7329 112.8998 126.0588 112.7216 108.1163 79.29195 59.27672 116.5774 386.4028 379.7864 382.9105 198.5313 111.8415 176.8183
208.2226 54.2271 23.21124 24.29522 31.42536 34.4317 16.58586 15.96951 49.68435 45.60182 55.11168 48.7578 68.32608 67.33313 41.01221 52.88322 44.61785 68.19655 76.36462 80.69225 37.13122 59.83287 53.23792 56.53446 45.06517 69.8289 87.31998 153.5322 214.5094 58.35266 45.79387 74.04947 39.02489 34.64762 45.17022 77.49108 104.7539 81.28957 59.10688 57.28119 79.52113 387.4602 1166.716 455.9948 971.9258 1611.319 811.0728 199.2131 111.6229 93.93754 45.8293 49.53173 81.64112 153.2964 358.1692 276.9779 85.07096 84.53741 55.69875 71.01478 89.48102 89.99673 92.22833 159.7227 474.2827 450.7537 176.0244 114.6527 121.3262
158.2695 23.14086 16.51589 16.69016 17.50307 27.52967 46.25924 77.10646 116.4209 79.75877 45.94471 48.91744 52.24121 46.31943 21.73058 28.94577 17.03264 53.59825 48.70434 33.91631 30.07407 35.22029 34.42906 45.92858 86.26992 126.7884 237.0235 610.2208 576.8342 266.1634 46.15301 27.70341 36.72855 34.11607 128.1926 115.3204 74.0733 78.90652 96.49615 121.7024 134.4667 792.9143 1726.656 1638.71 1726.656 1726.656 1603.221 853.3625 587.9187 132.6627 152.1223 162.1879 138.3735 93.96831 64.79793 68.90341 64.10266 32.14028 41.73706 93.44694 83.67933 63.8376 75.15212 98.14449 130.5679 101.3883 162.6966 492.2144 427.8485
160.9931 22.59406 27.13575 48.86739 35.32947 46.73446 184.7216 190.0163 41.16589 24.30559 27.27596 36.33686 30.974 34.79591 47.6458 44.21085 52.0181 155.999 137.0114 16.39059 18.57181 30.43955 33.36652 38.72662 45.21957 87.76514 97.80983 360.4248 228.6164 34.90957 42.25851 40.76298 41.19193 53.14585 134.9481 80.17535 104.2231 129.0188 85.37564 351.1837 346.9661 188.5761 833.7133 1496.03 1706.469 1726.656 1726.656 1585.661 520.3849 197.3032 154.8314 245.78 244.5496 128.0226 110.8636 57.80349 53.51817 41.47002 27.60478 24.34396 33.42095 29.82438 44.78584 48.27116 48.59309 79.40486 168.0535 470.525 510.3686
26.97341 21.50075 51.5616 34.89142 37.69814 192.1339 282.5741 276.5727 140.617 35.80444 36.11426 38.28775 38.7779 34.24152 28.5232 25.39763 29.39254 42.06626 51.03606 22.4303 70.40723 23.492 28.74386 51.30352 21.32321 34.99463 60.78473 52.33995 59.48764 68.22037 37.42669 56.11856 48.26334 35.8591 19.79873 39.63982 35.96945 53.67698 161.3086 388.0786 170.1817 78.17895 202.1798 232.7284 632.9368 1234.999 1594.261 1563.506 399.8595 200.5558 184.8218 282.8976 276.2833 133.4573 177.1056 196.5432 72.22784 73.0219 69.41538 47.37076 44.92221 21.10888 30.87715 40.90237 88.25581 138.4619 180.565 276.2864 112.8019
79.78108 18.99771 12.83742 8.827709 20.50545 65.48006 128.6907 88.70134 41.35218 21.72254 21.52278 28.19977 28.76189 25.88327 31.24073 56.6447 80.92587 83.5229 75.17385 34.31573 27.99697 19.85416 22.52199 37.08067 36.28185 44.25098 39.65429 55.74204 79.0514 67.48582 49.12634 34.80745 75.83735 36.95636 47.74264 61.69819 34.95467 58.33201 123.7309 211.3412 185.3601 115.7634 133.4986 130.6469 217.3362 393.0865 574.6478 358.7279 207.9798 240.3033 155.0446 106.2666 70.12131 57.06861 51.8177 116.4143 55.19428 33.6941 58.56823 68.91456 57.11668 60.3093 72.91214 80.6608 151.3929 261.4561 236.1987 266.8725 179.8853
89.74612 39.6428 33.96124 18.29844 27.0614 34.30679 44.3553 19.21816 16.46979 18.11502 35.89305 32.95703 17.60343 19.67434 20.70235 35.56751 42.58624 82.11823 83.22339 40.04449 55.06771 46.20351 26.964 27.04399 108.3123 128.9071 131.0197 82.06332 63.10986 23.89156 19.26989 23.14819 36.75583 48.98563 40.74404 37.2162 49.56506 76.50232 124.4574 160.1527 147.7358 125.791 175.7695 106.9982 154.3165 254.3163 184.8099 105.934 113.4574 106.2179 109.2389 105.5074 55.19535 67.09508 66.06952 97.586 60.12231 267.3316 184.6812 64.11473 62.17081 77.87198 99.41086 171.2387 251.3612 325.5519 894.8671 508.7309 112.3391
86.04029 91.88445 91.56451 70.3221 30.17357 36.27378 25.38638 24.04157 32.87194 37.32794 38.97987 35.67571 10.86076 24.49029 48.54944 42.41302 22.56649 18.43389 24.36351 56.5542 122.5079 83.24322 37.00552 29.08788 46.97433 77.39037 108.0425 75.16016 29.95145 24.91761 14.87672 22.52814 31.05369 39.42761 28.16239 25.47982 40.32302 56.27405 76.14528 98.46398 95.67229 63.48438 63.46005 69.33328 198.5157 296.3062 203.2986 86.70703 100.4512 119.6651 80.28074 66.0949 68.80908 66.81886 74.08291 63.69067 91.04595 252.1228 248.268 78.84768 124.6822 116.1339 130.8903 150.5812 165.9913 149.7296 215.3484 354.7178 116.9244
42.27425 72.58665 78.73357 55.13116 39.41548 36.50427 20.87545 0 0 0 0 13.36773 8.770457 17.26151 0 0 14.01301 15.60486 21.50957 19.62175 23.48141 30.2565 30.65089 18.16298 19.06911 30.14669 47.85755 34.02101 41.65612 22.08809 69.75343 27.42739 24.83123 31.27973 64.51986 45.93439 48.70108 45.51824 54.71937 60.0374 56.27097 47.51936 81.83502 111.3309 143.6799 152.4516 95.43666 87.17841 146.0876 64.52309 72.58731 72.68382 94.37122 98.87891 88.94755 113.8572 128.3416 152.2883 139.6896 108.8916 103.4713 125.5028 123.0055 201.2431 218.4433 155.0712 179.3672 149.7436 190.0081
28.39472 38.78314 16.1261 8.450143 24.98765 36.71538 17.28387 0 0 0 0 0 0 0 0 0 0 0 0 14.33412 17.42851 16.66572 12.91003 13.88208 16.62988 13.59974 25.02878 30.14672 43.41701 44.34459 43.64734 66.48442 46.01345 34.46575 46.75111 50.37445 47.34365 48.3822 94.8948 78.36681 48.39604 39.37045 39.07082 85.85865 86.91041 71.69776 70.08907 103.8852 213.6965 120.0064 87.21928 94.65208 96.36977 95.03017 98.15689 108.5615 169.8358 238.7805 220.4998 162.8971 103.5978 114.0414 144.1575 226.8118 275.9101 187.2305 113.739 79.15396 92.4657
24.11832 24.0474 45.8905 47.46914 51.49811 39.28467 27.98212 0 0 0 0 0 0 0 0 0 0 0 0 0 0 0 18.85394 9.551317 11.07146 14.10608 46.65669 23.6449 27.75762 38.8798 176.7286 384.5901 159.9465 73.50565 58.58764 101.2157 51.4341 30.67179 42.65408 46.76482 33.92236 35.64799 42.14152 42.80707 46.98722 42.93213 79.02545 101.6243 141.7322 96.05398 120.4231 129.862 125.4843 91.86438 121.0837 121.4137 256.0308 387.8913 384.1778 258.8731 180.861 136.2011 174.6082 126.0887 91.19895 96.83318 82.91002 100.1167 53.18356
29.18631 17.01563 37.14777 46.77576 31.51425 22.58226 0 0 0 0 0 0 0 0 0 0 0 0 0 0 0 0 0 0 0 0 0 0 19.1851 22.3975 137.9982 431.2707 417.0761 293.3278 92.92964 152.722 51.80865 50.58128 50.04889 40.87912 75.23689 56.36208 46.94391 55.15136 87.03532 81.83331 69.49487 96.55526 69.38769 64.15453 99.90598 139.4997 152.7427 121.5093 121.2812 120.0688 289.0396 400.2581 333.2198 0 0 0 160.6502 54.11189 58.33676 50.89395 35.2906 45.50722 27.28398
27.89923 31.8952 31.64852 29.44193 22.77862 16.29606 0 0 0 0 0 0 0 0 0 0 0 0 0 0 0 0 0 0 0 0 0 0 0 0 52.34699 232.8906 268.5152 301.5486 180.0389 86.04668 47.06909 43.19313 46.33363 77.23982 92.105 84.44179 50.51551 47.02105 87.95538 118.0418 133.5053 121.3407 56.80626 63.23098 83.56849 132.8541 165.7803 107.8111 121.2397 120.2758 156.4291 0 0 0 0 0 0 0 0 0 0 39.58606 0
19.00373 26.31586 29.13457 0 0 170.1882 0 0 0 0 0 0 0 0 0 0 0 0 0 0 0 0 0 0 0 0 0 0 0 0 0 73.81879 60.45819 42.70909 51.37397 34.978 49.39874 44.75528 36.11501 50.74812 51.01368 0 0 0 0 0 0 56.83049 75.15165 111.9215 195.0777 296.5213 316.0583 185.4656 106.8515 99.28279 0 0 0 0 0 0 0 0 0 0 0 0 0
18.80498 19.13267 0 0 0 0 0 0 0 0 0 0 0 0 0 0 0 0 0 0 0 0 0 0 0 0 0 0 0 0 0 0 0 0 0 0 0 0 0 0 0 0 0 0 0 0 0 0 0 68.79427 137.8328 281.1067 258.7398 136.7409 92.87416 0 0 0 0 0 0 0 0 0 0 0 0 0 0
17.31124 0 0 0 0 0 0 0 0 0 0 0 0 0 0 0 0 0 0 0 0 0 0 0 0 0 0 0 0 0 0 0 0 0 0 0 0 0 0 0 0 0 0 0 0 0 0 0 0 0 0 0 0 139.3916 94.39154 0 0 0 0 0 0 0 0 0 0 0 0 0 0
0 0 0 0 0 0 0 0 0 0 0 0 0 0 0 0 0 0 0 0 0 0 0 0 0 0 0 0 0 0 0 0 0 0 0 0 0 0 0 0 0 0 0 0 0 0 0 0 0 0 0 0 0 74.83134 0 0 0 0 0 0 0 0 0 0 0 0 0 0 0
0 0 0 0 0 0 0 0 0 0 0 0 0 0 0 0 0 0 0 0 0 0 0 0 0 0 0 0 0 0 0 0 0 0 0 0 0 0 0 0 0 0 0 0 0 0 0 0 0 0 0 0 0 0 0 0 0 0 0 0 0 0 0 0 0 0 0 0 0
0 0 0 0 0 0 0 0 0 0 0 0 0 0 0 0 0 0 0 0 0 0 0 0 0 0 0 0 0 0 0 0 0 0 0 0 0 0 0 0 0 0 0 0 0 0 0 0 0 0 0 0 0 0 0 0 0 0 0 0 0 0 0 0 0 0 0 0 0
0 0 0 0 0 0 0 0 0 0 0 0 0 0 0 0 0 0 0 0 0 0 0 0 0 0 0 0 0 0 0 0 0 0 0 0 0 0 0 0 0 0 0 0 0 0 0 0 0 0 0 0 0 0 0 0 0 0 0 0 0 0 0 0 0 0 0 0 0
0 0 0 0 0 0 0 0 0 0 0 0 0 0 0 0 0 0 0 0 0 0 0 0 0 0 0 0 0 0 0 0 0 0 0 0 0 0 0 0 0 0 0 0 0 0 0 0 0 0 0 0 0 0 0 0 0 0 0 0 0 0 0 0 0 0 0 0 0
