Scenarios/Global_Grid/data/country_data_population_distribution/processed/density_grids/cze.asc
ncols 164
nrows 73
xllcorner 12
yllcorner 48
[rows 0 to 30 of 73, columns 0 to 68 of 164]
square_width 0.041666666666667 NODATA_value -9999 0 0 0 0 0 0 0 0 0 0 0 0 0 0 0 0 0 0 0 0 0 0 0 0 0 0 0 0 0 0 0 0 0 0 0 0 0 0 0 0 0 0 0 0 0 0 0 0 0 0 0 0 0 0 0 56.28047 100.804 0 127.9848 127.6283 0 0 0 0 0
0 0 0 0 0 0 0 0 0 0 0 0 0 0 0 0 0 0 0 0 0 0 0 0 0 0 0 0 0 0 0 0 0 0 0 0 0 0 0 0 0 0 0 0 0 0 0 0 0 0 0 0 0 0 0 0 0 0 114.9219 119.9807 92.4372 93.93637 105.5868 66.44213 217.6318 385.074 0 0 0
0 0 0 0 0 0 0 0 0 0 0 0 0 0 0 0 0 0 0 0 0 0 0 0 0 0 0 0 0 0 0 0 0 0 0 0 0 0 0 0 0 0 0 0 0 0 0 0 0 0 0 0 0 0 0 0 0 0 0 0 0 99.61729 57.13818 72.92033 220.5965 404.7619 0 0 0
0 0 0 0 0 0 0 0 0 0 0 0 0 0 0 0 0 0 0 0 0 0 0 0 0 0 0 0 0 0 0 0 0 0 0 0 0 0 0 0 0 0 0 0 0 0 0 0 0 0 0 0 0 0 0 0 0 0 0 0 0 35.60423 11.81127 90.76216 138.605 280.062 362.4071 0 0
0 0 0 0 0 0 0 0 0 0 0 0 0 0 0 0 0 0 0 0 0 0 0 0 0 0 0 0 0 0 0 0 0 0 0 0 0 0 0 0 0 0 0 0 0 0 0 0 0 0 0 0 0 0 0 0 0 99.11559 51.14067 27.53067 13.41068 10.67354 39.95773 103.9969 51.86252 55.47255 77.63103 0 0
0 0 0 0 0 0 0 0 0 0 0 0 0 0 0 0 0 0 0 0 0 0 0 0 0 0 0 0 0 0 0 0 0 0 0 0 0 0 0 0 0 0 0 0 0 0 0 0 0 0 0 0 0 0 222.2334 417.3696 430.7455 297.0505 80.28793 42.23214 39.4799 81.91805 105.1 65.46384 28.42904 39.11996 51.08243 67.62181 21.89721
0 0 0 0 0 0 0 0 0 0 0 0 0 0 0 0 0 0 0 0 0 0 0 0 0 0 0 0 0 0 0 0 0 0 0 0 0 0 0 0 0 0 0 0 0 0 0 0 0 37.17866 28.80877 30.46359 85.49439 96.086 143.3289 350.4341 430.7455 425.1622 234.0802 132.3247 68.177 87.20206 168.7551 242.7228 166.6967 417.3675 54.99736 89.88853 50.97406
0 0 0 0 0 0 0 0 0 0 0 0 0 0 0 0 0 0 0 0 0 0 0 0 0 0 0 0 0 0 0 0 0 0 0 0 0 0 0 0 0 0 0 0 0 0 0 0 0 217.5575 167.7385 241.3138 218.3723 54.09109 88.47684 116.4691 257.3192 370.9966 105.2405 134.5895 56.63774 55.97906 63.15133 86.59489 272.7499 450.624 147.2051 69.7952 52.27128
0 0 0 0 0 0 0 0 0 0 0 0 0 0 0 0 0 0 0 0 0 0 0 0 0 0 0 0 0 0 0 0 0 0 0 0 0 0 0 0 0 6.042627 25.49041 68.28614 24.9276 114.5911 235.0233 354.1884 437.7285 292.5565 292.1516 818.9296 890.6866 417.4303 490.0156 176.4427 71.1623 45.76693 33.30884 29.52727 42.53399 81.40141 50.09208 158.8499 466.0436 507.0505 478.8348 91.09273 58.55527
0 0 0 0 0 0 0 0 0 0 0 0 0 0 0 0 0 0 0 0 0 0 0 0 0 0 0 0 0 0 0 0 0 0 0 0 0 0 0 0 30.67737 92.91922 181.8222 152.5312 124.3457 157.4313 506.7462 1558.453 1544.792 156.838 247.8624 639.7302 800.2864 983.447 689.9993 159.4401 50.33659 27.85275 26.79131 32.80612 45.30443 55.58257 29.38465 46.93948 113.2694 287.8882 288.7753 89.96243 89.81512
0 0 0 0 0 0 0 0 0 0 0 0 0 0 0 0 0 0 0 0 0 0 0 0 0 0 0 0 0 0 0 0 0 0 0 0 33.58841 30.77607 66.45647 43.05485 151.4219 447.1018 478.2486 274.5682 141.2872 444.4949 258.6899 352.1712 219.6261 110.9123 66.31791 55.07855 112.4078 529.0645 402.905 62.4822 39.28791 40.05829 45.63213 37.48117 36.53317 33.84001 27.71708 30.43257 42.61665 34.60366 53.27359 65.27559 41.19674
0 0 0 0 0 0 0 0 0 0 0 0 0 0 0 0 0 0 0 0 0 0 0 0 0 0 0 0 0 0 0 0 0 0 7.22467 13.31656 9.008514 12.15276 28.63404 62.82983 87.2425 107.1628 454.0175 478.522 228.0124 411.3404 423.8096 186.5614 71.84488 68.89091 48.22942 48.41475 91.87357 89.23497 398.3827 383.8926 79.46249 61.74695 46.17471 41.97031 36.44174 35.21133 14.75243 19.7108 24.2589 21.66196 42.80104 71.56377 52.53489
0 0 0 0 0 0 0 0 0 0 0 0 0 0 0 0 0 0 0 0 0 0 0 0 0 0 0 0 0 0 0 0 0 18.79753 12.29183 14.90854 12.93398 217.6723 657.7787 153.9267 474.8833 605.1218 729.7648 730.1476 462.0774 104.3237 126.0151 40.73795 22.26712 38.48837 73.99097 46.1674 145.7686 430.102 582.7887 732.484 286.6106 111.5162 68.882 57.86101 62.11184 26.44435 52.63169 33.699 26.11351 24.86519 21.88643 44.86546 57.83463
0 0 0 0 0 0 0 0 0 0 0 0 0 0 0 0 0 0 0 0 0 0 0 0 0 0 0 0 0 12.40931 1.518895 1.169124 9.564483 15.43167 24.05634 25.80761 416.3575 1240.302 1165.366 151.3625 32.01732 73.44315 388.6878 548.7845 333.2075 51.43179 61.1299 29.32318 29.72398 60.41565 43.35057 79.44251 122.6562 163.2055 104.436 146.2961 120.0367 80.20866 56.1406 61.94309 108.5875 131.5242 159.1677 46.96815 17.32758 13.52073 27.14171 34.04646 47.05925
0 0 0 0 0 0 0 0 0 0 0 0 0 0 0 0 0 0 0 0 0 0 44.40609 30.73509 24.91124 0 0 0 114.5524 38.40592 19.33287 16.32982 41.02025 157.9662 134.2248 47.37479 129.7024 438.7315 565.7662 115.4414 31.33572 30.60124 31.73596 35.26346 34.26566 85.06014 199.2859 34.77956 28.04771 34.45775 33.02748 48.68625 73.99294 65.99949 66.73721 85.41505 82.68195 456.061 343.3611 102.0256 105.1434 157.5977 109.205 45.6246 34.64294 20.20323 47.69143 51.3754 28.52017
0 0 0 0 0 0 0 0 0 0 0 0 0 0 0 0 62.53976 23.74384 9.296121 8.735194 39.11073 19.69819 46.88683 52.02985 47.69633 38.49225 48.27687 22.55943 20.64346 34.49935 56.54921 195.1424 234.8686 254.6263 269.7644 238.5849 186.8518 31.77526 60.99124 130.9639 44.6479 23.25376 23.76478 31.60316 63.54947 67.60276 108.7338 324.6614 42.33929 29.18391 34.38392 42.31046 135.1813 129.0244 64.60037 60.09784 59.9627 208.1406 211.6208 77.46683 75.17595 109.6002 156.408 498.6334 50.45808 36.76426 41.70234 30.44461 24.0561
0 0 0 0 0 0 0 0 0 0 0 0 0 0 0 154.9251 56.5705 11.10363 6.024013 9.008095 53.48009 80.25704 96.06984 60.0952 58.14943 79.71422 204.9066 195.7288 20.67835 16.78398 17.68273 42.5222 92.85809 197.0763 209.5461 54.57349 86.24735 24.97154 47.47507 62.75407 229.3675 194.7229 66.37457 45.90934 102.8702 103.1458 459.0446 475.4003 140.9983 68.33656 43.49144 40.70335 41.97883 48.33771 49.17185 42.07857 51.8807 98.14551 79.56567 70.6317 164.5043 100.2548 93.36325 560.8252 407.5895 78.59645 50.27838 46.65557 38.69351
0 0 0 0 0 0 0 55.77819 73.54364 0 0 0 0 0 78.26241 81.03721 111.6984 140.0915 15.78187 16.59957 95.67957 136.9911 112.2322 85.92892 77.15602 148.5601 354.9322 360.7707 97.4195 4.006686 1.414898 1.414898 1.414898 30.62065 43.55019 30.89894 57.29564 35.55561 64.90881 56.89173 327.4773 316.2814 108.3759 45.73579 44.4149 57.21719 61.9766 179.2305 87.4712 46.5344 41.56692 50.98982 55.34892 64.05845 67.52884 57.87271 55.45383 54.20162 51.7394 133.5864 93.05499 97.13559 71.80939 115.327 155.9106 107.6336 89.03493 77.94818 40.58977
0 0 0 0 0 0 0 55.79443 63.75549 0 0 0 0 70.51194 75.41172 69.45283 78.56052 64.90369 13.45749 14.44412 43.75031 475.6792 195.9741 321.9454 255.4131 137.5378 105.3273 142.4924 34.90512 1.414898 1.414898 1.414898 1.414898 17.95281 28.49568 23.94662 21.10992 44.92971 111.9912 150.8662 125.9533 30.02071 29.56434 27.78738 30.38165 36.99015 36.07416 24.28828 29.68054 26.34683 48.20876 56.64131 87.85056 128.5648 207.8726 84.61609 90.40942 140.033 176.4698 408.5048 179.6203 182.9779 241.4607 450.2729 535.9886 275.7961 134.0555 104.8299 48.69402
0 0 0 0 0 0 0 0 175.9403 227.4709 137.5603 0 91.98835 80.00073 24.15676 14.20067 26.33597 43.78436 50.53213 57.27037 82.71577 393.6821 271.7151 611.333 753.9294 687.8682 321.3875 36.36423 1.414898 1.414898 1.414898 1.414898 1.414898 6.541876 19.10002 16.07388 53.18466 99.54392 103.2055 31.0074 26.36798 27.82243 20.05358 32.72473 45.97072 43.98775 34.61142 30.56894 27.30639 45.53448 50.24673 63.38205 134.5183 369.3584 404.3319 126.2287 117.1444 90.98711 539.0791 705.7874 269.7739 439.3286 285.3716 377.5625 403.3462 358.9547 202.3457 122.6747 126.0824
0 0 0 0 0 0 0 0 0 210.859 76.19845 43.42403 74.89249 37.58477 12.74142 18.80696 101.7953 154.2347 171.1604 539.2251 346.5659 140.3014 98.01953 238.1047 302.7104 323.7991 143.6158 33.94154 13.73888 2.454848 2.270342 1.453354 1.583442 4.154235 16.71562 25.91179 36.06336 41.10708 53.61213 43.42844 38.87909 25.8346 43.64578 45.69567 51.24389 65.82504 75.9991 47.05787 53.06052 66.51516 123.6919 114.5596 168.959 327.0915 697.9605 600.7949 212.0061 87.83031 184.8114 365.5803 432.1597 482.0526 436.7167 685.6144 1193.164 241.0535 338.2232 633.4948 602.366
0 0 0 0 0 0 0 0 0 45.277 45.33952 74.54784 158.3278 47.90765 21.47772 50.05798 159.2672 157.7894 126.0498 151.8668 484.341 400.9604 149.1815 167.0026 76.40463 20.8373 20.80229 20.16207 22.47005 19.69754 23.05905 21.06595 15.61691 22.38519 32.47683 41.91672 41.13095 38.80388 48.46362 46.38983 36.29905 44.10633 58.33073 69.55779 60.35825 93.20963 66.25548 53.51605 61.4701 290.8067 311.2533 273.2372 234.4236 1063.204 1717.726 1365.319 350.4092 135.2125 158.6715 1061.353 1164.207 2009.268 2275.511 2705.323 2723.751 2277.748 925.8421 408.7699 428.4088
0 0 0 0 0 0 0 0 0 71.72115 110.6737 269.6271 306.8485 266.3952 192.9678 78.44631 136.6446 212.7691 42.89237 23.96744 10.04816 9.039695 26.40899 35.58847 41.02902 21.73431 19.72142 19.78144 24.19639 22.54607 37.34478 40.23447 32.67924 30.87261 20.2357 24.36371 19.81038 27.63109 32.87447 47.83935 61.42062 63.81657 42.77673 70.79651 363.2389 679.5093 219.2851 40.1969 31.12127 59.75764 66.25786 91.97981 167.0632 272.8966 364.2961 268.2885 147.6667 557.5088 1956.537 2589.35 2535.914 2760.348 2760.348 2760.348 2760.349 2760.349 2760.348 2630.849 1652.876
0 0 0 0 0 0 0 0 0 0 0 213.2837 371.1283 365.6068 224.0157 40.43589 17.94804 19.05354 39.2828 34.08935 29.94575 4.522928 8.034453 15.10169 22.36813 23.304 23.13576 32.48092 36.87105 25.72172 14.37015 14.12883 17.14928 18.53826 15.4105 24.54786 25.96399 18.03946 28.33321 15.24786 13.04983 18.06469 41.63354 48.07161 78.84789 80.9128 37.33126 16.64398 21.67306 50.35857 35.73514 26.10782 58.40304 117.1119 202.0378 243.9432 291.5833 893.3298 1860.14 2760.349 2760.349 2760.349 2760.349 2760.349 2760.349 2760.349 2760.349 2193.733 2213.104
0 0 0 0 0 0 0 0 0 0 0 0 0 260.4497 33.56506 17.65742 25.86475 27.20446 33.37888 97.16916 155.7226 66.43596 15.8447 23.29523 20.88731 15.11562 26.55457 36.87104 36.74255 30.61737 15.07102 13.08322 12.11079 11.84338 12.73923 25.53141 31.31252 27.41684 22.42863 49.08645 44.10064 28.4116 20.16915 17.81572 28.57609 27.93604 21.93556 12.77116 24.74117 50.67934 36.6569 50.54039 84.20378 112.3951 78.71076 116.8919 311.0216 549.113 573.7298 2111.752 2760.348 2760.349 2760.349 2760.349 2534.987 2117.285 2448.632 2382.372 413.2672
0 0 0 0 0 0 0 0 0 0 0 0 0 0 0 0 10.70691 11.83108 15.08291 94.73782 232.4892 151.2065 19.13853 22.63205 25.54644 25.54667 29.94994 27.73324 19.5487 15.4317 13.31067 12.27839 12.16795 12.69299 14.82959 13.90939 27.82813 64.9899 64.32992 77.31197 58.71038 38.00756 17.34993 11.38197 21.81205 15.16535 10.55229 15.63056 25.66623 49.93693 92.19467 92.11448 259.5883 591.2896 456.9918 199.5181 116.0597 109.6144 149.3484 795.4465 2541.713 2555.901 2256.787 1391.685 1316.255 797.9424 946.1721 730.4904 481.1773
0 0 0 0 0 0 0 0 0 0 0 0 0 0 0 0 13.56454 18.36958 24.03641 117.3185 140.5401 133.8886 20.88594 25.34481 24.90532 24.59733 25.53172 20.56796 13.8245 7.818531 10.17321 11.76423 13.26058 15.27751 23.38827 25.24674 36.12457 45.75702 44.62298 38.87162 31.30207 20.50948 11.14597 8.81301 26.79248 19.25611 8.556331 20.35477 48.61189 53.581 92.67639 222.4681 444.3775 347.8673 128.1557 88.14133 135.0479 197.7047 341.3693 608.0294 711.9145 857.8704 429.328 222.3217 546.7341 288.0649 170.5497 246.7229 293.4044
0 0 0 0 0 0 0 0 0 0 0 0 0 0 0 0 0 14.76651 15.53981 13.9242 22.50167 45.26741 51.37298 38.64266 13.76925 13.87815 20.98437 30.05508 23.75131 11.67805 16.92494 14.2914 11.90368 26.38729 60.6524 68.80045 161.9569 135.8512 35.32485 30.73295 29.85043 24.38648 20.56168 16.74644 20.6964 37.51524 47.94117 19.33418 54.88327 90.92352 105.062 198.4567 88.49698 64.74657 43.32269 81.7461 147.7235 285.8057 313.4324 183.7189 172.8988 299.1772 135.6431 271.2867 171.0993 252.5249 293.6412 212.7445 204.6665
0 0 0 0 0 0 0 0 0 0 0 0 0 0 0 0 22.89504 17.58863 14.03647 25.50431 12.98819 56.28602 86.88026 69.73769 9.262815 8.289209 12.00436 22.97961 26.11338 15.85587 28.81341 39.34979 41.33508 47.98412 51.09236 81.33551 231.5644 160.933 40.05527 26.71503 50.30157 79.03259 124.7477 41.20522 14.02894 38.61309 81.51072 101.0143 124.9565 414.7947 210.2122 83.25817 64.50531 48.19274 80.37927 131.8647 111.6885 124.3608 170.4434 103.2621 87.85678 150.819 163.1336 142.0682 114.3607 112.0379 181.8882 140.028 264.3174
0 0 0 0 0 0 0 0 0 0 0 0 0 0 0 25.65382 16.13794 51.29561 178.1245 283.1062 138.3983 25.97719 70.12643 73.40072 34.41085 27.43289 19.25006 25.95614 18.18481 24.15753 23.54784 25.60619 22.25445 31.45695 102.9058 129.0681 327.7439 567.5139 259.5094 81.86784 86.23773 85.71438 62.77111 29.46152 24.90119 45.42105 66.7806 62.61943 189.4547 239.2601 86.8103 116.4079 82.61601 77.59061 116.7593 168.9278 110.4124 74.74397 114.3257 62.56281 44.72409 62.78447 50.25262 47.8322 64.19478 65.44046 168.3118 230.8008 255.5759
0 0 0 0 0 0 0 0 0 0 0 0 0 0 18.54067 7.347593 11.89314 40.89931 99.1159 196.6876 70.05995 23.62234 34.83134 31.53102 12.29776 26.84125 115.3413 141.2099 89.98437 46.28334 27.23249 34.75039 77.41985 151.7626 435.9443 1112.587 1064.905 1248.734 962.2794 422.8249 179.1572 104.586 149.2934 111.5717 130.1356 50.34119 92.65473 61.72173 149.4744 20.66238 16.78414 48.06372 51.58997 43.25924 34.7976 94.03613 150.9935 97.89375 61.30724 54.46741 30.82364 46.7154 41.47382 41.70349 46.02004 42.70766 64.11585 198.9849 293.3803
