Scenarios/Global_Grid/data/country_data_population_distribution/processed/density_grids/eth.asc
ncols 359
nrows 285
xllcorner 33
yllcorner 3
[rows 32 to 63 of 285, columns 73 to 145 of 359]
0 0 0 0 0 0 0 0 0 0 0 0 15.63144 15.63144 21.17288 48.5752 47.91066 44.39481 43.96303 43.96303 43.96303 43.96303 43.96303 43.96303 43.96303 43.96304 43.96303 43.96303 43.96303 44.20526 45.12225 45.8583 46.62228 46.77724 47.18612 46.50278 47.43686 47.8938 47.75256 46.67478 46.35273 43.96303 43.96303 46.81244 89.88092 90.94858 73.69067 68.92796 68.92796 68.92796 68.94398 69.08353 68.92796 69.2877 68.92796 68.92796 69.13737 68.93244 81.03506 113.3542 113.9855 114.88 113.7748 97.09496 72.14471 70.42422 86.08099 87.2839 95.7477 96.23814 90.64713 88.86781 87.94035
0 0 0 0 0 0 0 0 0 0 0 20.25145 15.63144 15.63144 26.49207 48.82309 48.11292 44.59914 43.96304 43.96304 43.96304 43.96304 43.96303 43.96304 43.96303 43.96304 43.96304 43.96304 43.96304 43.96303 43.96303 43.96304 43.96304 43.96304 43.96304 43.96304 43.96304 43.96304 43.96304 43.96304 43.96303 43.96304 43.96304 69.59813 92.27642 91.91472 82.2494 76.03036 69.43506 72.77667 89.61016 85.46893 77.74797 87.10986 80.97615 84.41421 96.88092 101.6447 112.2809 114.88 114.88 114.88 96.84257 89.04285 102.2166 109.6161 93.0262 82.53634 87.94035 87.94035 87.94035 87.94035 87.94035
0 0 0 0 0 0 0 0 0 0 0 16.1296 15.63144 15.63144 20.00884 47.99301 47.26256 43.96304 43.96304 43.96303 43.96304 43.96304 45.80931 45.65429 43.96304 43.96304 43.96304 43.96304 43.96304 43.96304 43.96304 43.96304 43.96304 43.96304 43.96304 43.96303 43.96304 43.96304 43.96304 43.96304 43.96304 43.96303 65.36153 125.4085 101.6426 98.27481 92.00482 91.91472 88.55953 91.46971 91.91473 91.91473 91.91473 91.91472 91.91473 91.91473 98.73699 114.88 114.88 114.88 114.88 114.88 113.0136 109.7416 111.4464 106.9885 68.92796 70.06155 86.57961 87.94035 87.94035 87.94035 87.94035
0 0 0 0 0 0 0 0 0 0 0 15.63144 15.63144 15.63144 15.63144 44.67673 48.73095 45.11055 44.37048 43.96303 43.96303 45.46741 48.65217 48.79696 46.87663 44.12028 43.96304 43.96304 43.96303 43.96304 43.96303 43.96303 43.96304 43.96303 43.96304 43.96303 43.96325 43.96303 43.96303 44.12367 59.32109 108.0915 127.3669 131.5073 120.9859 131.5073 97.51374 91.91473 91.91473 91.91473 91.91473 91.91473 91.91472 91.91473 91.91473 91.91473 91.96878 112.9386 114.88 114.88 114.6732 111.2363 105.4945 105.2915 105.2915 105.5682 89.62781 82.21539 92.41954 87.94035 87.94035 87.94035 87.94035
0 0 0 0 0 0 0 0 0 0 18.57953 15.63144 15.63144 15.63144 15.63144 37.72709 48.82309 48.8231 48.53389 48.45782 47.8719 48.74442 48.82309 48.8231 48.82309 48.39541 47.46391 46.60117 44.14428 43.96304 43.96304 43.96303 43.96304 43.96304 43.96304 45.47803 47.25711 47.01952 47.63441 48.22419 77.91209 131.5073 131.5073 131.5073 131.5073 131.0699 101.9922 91.91473 91.91472 91.91473 91.91472 91.91473 91.91472 91.91473 91.91472 100.1741 95.0135 111.831 114.4354 110.5876 108.316 105.8404 105.2915 105.2915 105.2915 105.2915 105.2915 105.2915 99.04958 87.94035 87.94035 87.94035 87.94035
0 0 0 0 0 0 0 0 0 0 15.76657 15.63144 15.63144 15.63144 15.63144 17.9127 32.06438 41.9355 47.64893 48.82309 48.82309 48.82309 48.82309 48.82309 48.82309 48.82309 48.82309 48.82309 47.97451 46.52628 45.03462 43.96304 43.98186 44.04564 44.55433 48.15184 48.82309 48.82309 48.82309 77.90129 135.0819 131.5073 131.5073 131.5073 131.5073 128.2155 93.79242 91.91472 91.91473 91.91754 91.91473 91.91472 91.91473 91.91472 91.91473 111.5866 120.2211 120.1037 109.3803 105.2915 105.2915 105.2915 105.2915 105.2915 105.2915 105.2915 105.2915 105.2915 99.91504 87.94035 87.94035 87.94035 87.94035
0 0 0 0 0 0 0 0 0 15.94111 15.63144 15.63144 15.63144 15.63144 15.63144 15.63144 15.63144 15.63144 19.51221 39.84343 48.14698 48.60577 48.82309 48.82309 48.82309 48.8231 48.82309 48.82309 48.82309 48.82309 48.82036 47.05342 46.93503 48.50898 48.80153 48.82309 48.82309 48.82309 48.8231 83.42639 154.0244 135.8478 131.5073 131.5073 131.5073 131.5073 102.5604 110.4876 115.6706 105.5725 91.91473 91.91473 96.21257 118.5206 114.9134 118.3932 120.3925 120.3925 119.6262 111.0221 105.2915 105.2915 105.2915 105.2915 88.26534 77.13314 77.85583 49.03233 53.22246 83.16009 87.92432 87.94035 87.94035
0 0 0 0 0 0 0 0 0 15.63144 15.63144 15.63144 15.63144 15.63144 15.63144 15.63144 15.63144 15.63144 15.63144 22.28048 35.74414 43.13668 44.76088 45.62215 45.46222 46.44223 46.00731 45.75889 46.33088 45.50348 45.98124 48.04145 48.8231 48.8231 48.8231 48.8231 48.8231 48.8231 48.82309 59.11784 154.553 141.9164 131.5073 131.5073 131.5073 131.5073 131.5061 131.5073 131.5073 98.29604 95.63119 110.823 123.1558 131.5073 129.9508 123.6318 120.3925 120.3925 120.3925 112.9799 105.2915 105.2915 105.2915 105.2915 62.85796 36.89819 36.89819 36.89819 36.89819 37.20794 48.89431 76.04233 69.50764
0 0 0 0 0 0 0 0 18.46403 15.63144 15.63144 15.63144 15.63144 15.63144 15.63144 15.63144 15.63144 15.63144 15.63144 15.63144 15.63144 25.37428 43.5267 43.88818 43.88817 43.88817 43.88817 43.88818 43.88817 43.88818 43.88817 44.08973 46.80612 48.82309 48.82309 48.82309 48.82309 48.82309 52.28807 108.1593 154.6199 146.8396 134.2909 131.5073 131.5073 131.5073 131.5073 131.5073 131.5073 128.4645 131.0395 131.5073 130.2262 123.0539 120.4135 120.3925 120.3925 120.3925 119.3508 105.5756 105.2915 105.2915 105.2915 93.18301 45.83999 36.75854 36.89819 36.89819 36.89819 36.89819 36.89819 36.89819 36.89819
0 0 0 0 0 0 0 0 16.66631 15.63144 15.63144 15.63144 15.63144 15.63144 15.63144 15.63144 15.63144 15.63144 15.63144 15.63144 15.63144 15.63144 29.9538 43.88818 43.88818 43.88817 43.88818 43.88818 43.88818 43.88817 43.88818 43.88817 44.68016 48.46597 48.8231 48.8231 48.8231 48.86368 119.1091 154.6199 154.6199 154.6199 151.632 140.6428 131.5073 131.5073 132.472 131.5073 131.5073 131.5073 131.5073 131.5073 125.7982 120.3925 120.3925 120.3925 120.3925 120.3925 112.4878 105.2915 105.2915 105.2915 105.2915 53.15595 26.5454 33.25676 36.89819 36.306 36.84527 36.89819 36.89819 36.89819 36.89819
0 0 0 0 0 0 0 0 15.63218 15.63144 15.63144 15.63144 15.63144 17.54413 22.97134 24.84399 24.4587 23.95817 25.06522 18.15469 15.63144 15.63144 19.60482 43.88818 43.88817 43.88818 43.88817 43.88818 43.88817 43.88818 43.88817 43.88818 43.88818 44.97845 46.17978 47.48134 48.80423 60.60619 124.0414 143.8639 154.6199 154.6199 154.6199 154.5876 145.4931 138.3326 152.0999 136.0097 131.5073 131.5073 131.5073 131.4314 124.2899 120.3925 120.3925 120.3925 120.3925 118.6452 105.4009 105.2915 105.2915 105.2915 86.68898 34.0532 26.54541 29.41331 36.69543 33.81001 35.69666 36.89819 36.89819 36.89819 36.89819
0 0 0 0 0 0 0 0 15.63144 15.63144 15.63144 15.63144 18.80857 36.613 37.5043 37.5043 37.5043 37.5043 37.5043 28.76963 15.63144 15.63144 17.89056 43.88818 43.88818 43.88817 43.88818 43.88817 43.88818 43.88817 43.88818 43.88817 43.88817 43.88818 43.88818 43.88818 44.53886 43.95807 43.88817 97.40157 154.6199 154.6199 154.6199 154.6199 152.6998 154.5535 154.6199 148.9925 133.9662 131.5073 131.5073 128.4793 120.559 120.3925 120.3925 120.3925 120.3925 120.3925 107.529 105.2915 75.96543 101.0407 33.81228 26.5454 26.5454 26.55089 31.3408 33.45449 33.74743 35.63387 36.87871 36.89819 36.89819
0 0 0 0 0 0 0 18.97664 15.63144 15.63144 15.63144 16.30104 33.76934 37.50431 37.5043 37.50431 37.5043 37.50431 37.5043 30.53336 15.63144 16.57478 29.10852 43.88818 43.88818 43.88817 43.88818 43.88818 43.88818 43.88818 43.88818 43.88817 43.88818 43.88818 43.88818 43.88818 46.21109 43.88818 43.88817 87.76442 154.6199 154.6199 154.6199 154.6199 154.6199 154.6199 154.6199 154.6199 152.8721 138.3416 131.1452 122.6393 120.3925 120.3925 120.3925 120.3925 120.3925 120.3925 114.9596 86.73604 33.52309 30.37234 26.5454 26.5454 26.5454 27.81474 32.64588 33.45449 33.45449 33.47125 36.41525 36.89819 36.89819
0 0 0 0 0 0 0 32.27917 19.75487 15.94527 15.63144 15.74404 34.84459 37.5043 37.5043 37.5043 37.5043 37.5043 37.5043 37.18928 18.35974 34.01171 43.88817 43.88818 43.88817 43.88818 43.88817 43.88817 43.88817 43.88818 43.88817 43.88818 43.88818 43.88817 43.88818 47.59213 166.1232 108.6517 83.62848 129.5183 154.5102 154.6199 154.6199 154.6199 154.6199 154.6199 154.6199 154.6199 154.6199 150.9498 131.5073 125.9629 120.3925 120.3925 120.3925 120.3925 120.3925 120.3925 119.8383 44.99425 26.5454 26.5454 26.5454 26.5454 26.59437 31.94343 33.45449 33.45449 33.45449 33.45449 33.81502 36.32103 36.89819
0 0 0 0 0 0 0 37.5043 37.5043 19.79888 15.63144 26.32511 36.0629 37.5043 37.5043 37.5043 37.5043 37.5043 37.5043 37.5043 31.40728 36.82417 43.88817 43.88818 43.88817 43.88818 43.88817 43.88818 43.88817 43.88818 43.88817 43.88818 43.88818 43.88817 115.314 94.803 192.6069 193.8561 165.168 149.1329 150.3987 150.6604 154.5509 154.6199 154.6199 154.5946 154.2684 154.274 154.528 154.5323 135.5488 130.3223 122.1416 120.3925 120.3925 120.3925 120.3925 120.3925 120.3925 96.66953 38.31 26.5454 26.5454 26.5454 27.10591 30.6812 31.83748 33.45449 33.45449 33.45449 33.45449 33.8925 34.61032
0 0 0 0 0 0 0 34.05499 37.5043 35.11664 27.59544 37.3364 37.5043 37.5043 37.5043 37.5043 37.5043 37.5043 37.5043 37.5043 37.5043 40.74051 43.88817 43.88817 43.88817 43.88818 43.88817 43.88817 52.00698 59.56672 46.33715 43.88818 43.88817 43.88817 145.4694 194.8571 194.8571 194.8571 189.3038 149.1329 149.1329 149.1741 151.3989 153.516 153.3992 149.7155 149.1427 149.2196 150.0446 151.4251 147.7042 130.1666 124.7626 120.3925 120.3925 120.3925 120.3925 120.3925 120.3925 76.88319 39.10376 26.5454 26.5454 26.5454 26.5454 26.5454 27.17021 33.45449 33.45449 33.45449 33.45449 33.45449 33.45449
0 0 0 0 0 0 0 33.8297 37.5043 37.5043 37.5043 37.5043 37.5043 37.5043 37.5043 37.5043 37.5043 37.5043 37.5043 37.5043 37.5043 40.14684 43.88818 43.88818 44.81768 63.86913 69.51883 77.94378 87.3567 88.79346 80.35715 56.3554 56.17665 88.64292 187.2787 194.8571 194.8571 194.8571 188.559 153.1247 149.1329 149.1329 149.1329 149.1331 149.1497 149.1329 149.1329 149.1329 149.1329 149.1329 148.7431 131.6214 120.3925 120.3925 120.3925 120.3925 120.3925 120.3925 120.3466 48.79535 26.5454 26.5454 26.54541 26.5454 26.5454 26.5454 26.60838 32.2963 33.45449 33.45449 33.45449 33.45449 33.45449
0 0 0 0 0 0 0 34.15452 37.5043 37.5043 37.5043 37.5043 37.50431 37.5043 37.5043 37.5043 37.5043 37.50431 37.78909 41.58197 74.10179 77.18791 65.14117 67.81226 85.42542 88.79346 88.79346 88.79346 88.79346 88.79346 88.79346 137.6617 193.4396 194.8571 194.8571 194.8571 194.8571 194.8571 194.8571 158.1126 149.1329 149.1329 149.1329 149.1329 149.1329 149.1329 149.1329 149.1329 149.1329 149.1329 149.1329 149.1329 131.1889 120.3925 120.3925 120.3925 120.3925 120.3925 120.3925 49.05142 26.5454 26.5454 26.5454 26.5454 26.80508 27.86848 29.91148 32.10771 33.45449 33.45449 33.45449 33.45449 42.57114
0 0 0 0 0 0 0 33.9157 37.5043 37.5043 37.5043 37.5043 37.5043 37.5043 37.5043 37.5043 37.5043 37.5043 49.83663 85.76248 88.79346 88.79346 88.79346 88.79346 88.79346 88.79345 88.79346 88.79346 88.79346 88.79346 88.79346 102.2139 184.2561 194.8571 194.8571 194.8571 194.8571 194.8571 194.8571 164.4596 149.1329 149.1329 149.1329 149.1329 149.1329 149.1329 149.1329 149.1329 149.1329 149.1329 149.1329 149.1329 148.972 138.7246 132.512 121.8533 120.3925 120.3925 118.1492 35.10648 26.59808 26.5454 26.8673 28.77908 32.76617 33.45449 33.45449 33.45449 33.45449 33.45449 33.45449 58.30032 76.80099
0 0 0 0 0 0 0 36.51796 37.50431 37.5043 37.50431 37.5043 37.5043 37.5043 37.50431 37.5043 37.50431 37.5043 37.50431 67.76823 88.79346 88.79346 88.79346 88.79346 88.79346 88.79346 88.79346 88.79346 88.79346 88.79346 88.79345 88.79346 154.6122 194.8571 194.8571 194.8571 194.8571 194.8571 194.8571 182.3556 152.1133 149.1329 149.1329 149.1329 149.1329 149.1329 149.1329 149.1329 149.1329 149.1329 149.1329 149.1329 149.1329 149.1329 134.7077 109.4384 102.0615 106.7294 98.80873 96.50802 91.87543 80.64616 35.18338 33.45449 33.45449 33.45449 33.45449 33.45449 33.45449 33.45449 33.45449 61.31454 78.60561
17.496 15.44394 14.24283 36.57505 37.5043 34.26661 30.84727 37.5043 37.5043 37.5043 37.5043 37.5043 37.5043 37.5043 37.5043 37.5043 37.5043 37.5043 37.5043 54.19014 88.79345 88.79346 88.79345 88.79346 88.79345 88.79346 88.79345 88.79346 88.79345 88.79346 88.79345 89.47603 162.4965 194.8571 194.8571 194.8571 191.6591 184.7358 185.5969 191.4547 166.0333 149.1329 149.1329 149.1329 149.1329 149.1329 136.9633 140.5435 148.4409 143.1506 149.1329 149.1329 147.9752 115.4394 96.87802 96.81857 96.81857 96.81857 96.81857 96.81857 96.81857 84.77898 33.45449 33.45449 33.45449 33.45449 33.45449 33.45449 33.45449 33.45449 33.45449 51.99392 78.60561
14.24283 14.24283 14.26882 36.79855 37.5043 37.5043 37.5043 37.5043 37.5043 37.5043 37.5043 37.5043 37.5043 37.5043 37.5043 37.5043 37.5043 37.5043 37.5043 46.37411 86.09132 88.79346 88.79345 88.79346 88.79345 88.79346 88.79345 88.79346 88.79345 88.79346 88.79345 136.1824 194.8571 201.7059 195.7569 194.8571 189.1565 265.9276 1823.954 180.4946 159.3639 149.1329 149.1329 149.1329 149.1329 147.1246 117.4539 109.6814 114.5909 116.4449 117.4205 131.4348 125.9137 96.81857 96.81857 96.81857 96.81857 96.81857 96.81857 96.81857 96.81857 95.95425 46.83769 33.45449 33.45449 33.45449 36.31507 33.58572 33.45449 39.10857 64.31549 77.4233 78.60561
14.24283 14.24283 14.24283 29.95125 37.50431 37.5043 37.5043 37.5043 36.32867 37.5043 37.50431 37.5043 37.5043 43.16225 69.52721 70.39897 37.65529 37.5043 37.5043 55.00586 87.76265 88.79346 88.79346 88.79346 88.79346 88.79346 88.79346 88.79346 88.79346 88.79346 88.79346 213.2209 263.2703 267.1067 252.3925 208.1691 191.2406 2856.817 3381.423 180.4947 176.3318 164.0202 152.6651 142.4919 142.1376 115.9085 109.6814 109.6814 109.6814 109.6814 109.6675 105.7428 97.76794 96.81857 96.81857 96.81857 96.81857 96.81857 96.81857 96.81857 96.81857 96.81857 80.43961 55.38673 37.43108 54.4628 81.70297 63.30098 37.71732 38.06404 71.67956 78.60561 78.60561
14.24283 14.24283 14.24283 14.75477 21.40491 30.52271 27.03909 20.05359 15.21384 20.0153 32.83769 37.47818 37.5043 37.5043 52.12633 88.79346 71.98162 44.74743 73.87501 87.34777 88.79346 88.79346 88.79346 88.79346 88.79346 88.79346 88.79346 88.79346 88.79346 88.79346 88.79346 176.7374 271.592 271.592 271.592 238.2314 239.7711 2701.678 365.5988 180.4947 180.4947 174.7523 130.6916 109.6814 110.9399 109.6814 109.6814 109.6814 109.6814 109.6814 104.3668 96.81857 96.81857 96.81857 96.81857 96.81857 96.81857 96.81857 96.81857 96.81857 98.12433 89.96674 83.76031 83.74232 83.53346 83.74232 83.74232 83.74232 72.80042 54.9638 75.04113 79.93897 78.60561
14.24283 14.24283 14.24283 14.24283 14.24283 14.24283 14.24283 14.24283 14.24283 14.24283 14.34268 22.40664 33.87632 37.5043 44.92011 52.02288 88.79345 86.79656 88.79346 88.79346 88.79346 88.79346 88.79346 88.79346 88.79346 88.79346 88.79346 88.79346 88.79346 97.43524 112.795 175.3564 271.592 271.592 271.592 260.103 187.9199 2207.307 180.4947 180.4947 180.4947 180.4947 156.7443 109.7811 109.6814 109.6814 109.6814 109.6814 109.6814 109.2479 98.72401 96.81857 96.81857 96.81857 96.81857 96.81857 96.81857 96.81857 96.81857 101.7686 112.1166 89.15787 83.74233 83.74232 83.74233 83.74232 83.74232 83.74232 83.74233 83.74232 83.74233 83.71091 81.44126
14.24283 14.24283 14.24283 14.24283 14.24283 14.24283 14.24283 14.24283 14.24283 14.24283 14.24283 14.24283 17.48993 33.51497 37.5043 37.50431 75.34798 88.79346 88.79346 88.79346 88.79346 88.79346 88.79346 88.79346 88.79346 88.79346 88.79346 88.79346 88.79346 163.1559 264.3234 238.808 271.592 271.592 271.5919 271.592 234.5546 180.4947 180.4947 180.4947 180.4946 180.4947 176.1343 109.8771 109.6814 109.6814 109.6814 109.6814 109.6814 104.1513 96.81857 96.81857 96.81857 96.81857 96.81857 96.81857 96.81857 96.81857 99.33712 111.1049 112.9853 93.68696 83.74232 83.74233 83.74232 83.74233 83.74232 83.74233 83.74232 83.74233 83.74232 83.74233 83.74232
14.24283 14.24283 14.24283 14.24283 14.24283 14.24283 14.24283 14.24283 14.24283 14.24283 14.24283 23.00526 33.85614 37.43672 37.5043 37.5043 44.54273 85.89103 88.79346 88.79346 88.79345 88.79346 88.79346 88.79346 88.79346 88.79346 88.79346 88.79346 133.7997 255.0054 271.592 271.592 271.592 271.592 271.592 271.592 253.2215 182.3784 180.4947 180.4947 180.4947 180.4947 178.6393 117.8038 109.9467 109.6814 109.6814 109.6814 109.1027 98.85716 96.81857 96.81857 96.81857 96.81857 96.81857 96.81857 96.81857 97.4844 110.9218 112.9853 112.9853 95.5401 83.74232 83.74233 83.74233 83.74233 83.74232 83.74233 83.74232 83.74233 83.74233 83.74233 84.72625
14.24283 14.24283 14.24283 14.24283 14.24283 14.24283 14.24283 14.24283 14.24283 14.24283 14.24283 30.9387 37.5043 37.5043 37.5043 43.59646 60.0965 88.65679 88.73186 88.67876 88.63282 88.67159 88.78516 88.79346 88.79345 88.79346 88.79346 88.79346 110.3502 237.8263 271.592 271.592 271.592 271.592 271.592 271.592 271.592 228.8669 180.4947 180.4947 180.4947 180.4947 177.5531 173.5341 155.3142 109.6813 109.6814 109.6813 108.1164 102.4979 96.81857 96.81857 96.81857 96.81857 96.81857 96.81857 98.91231 108.0875 112.9853 112.9853 112.9853 106.4974 84.02519 83.74233 83.74233 83.74232 83.74232 83.74232 83.74232 83.74232 83.74233 83.74232 88.04703
14.24283 14.24283 14.24283 14.24283 14.24283 14.24283 14.24283 14.24283 14.24283 14.24283 14.24283 16.51347 32.64682 35.48506 37.5043 49.48507 87.13108 88.32401 88.32546 88.324 88.32401 88.32401 88.36854 88.64287 88.74133 88.78318 88.79346 88.79345 88.79346 217.047 271.592 271.592 271.592 271.592 271.592 271.592 271.592 250.8552 180.8189 180.4947 180.4947 180.4947 180.4947 183.4915 185.5738 191.2663 109.9638 109.6814 105.3106 102.341 96.81857 96.81857 96.81857 96.81857 96.85307 104.0611 112.6656 112.9853 112.9853 112.9853 112.9853 112.9853 99.17574 83.74233 83.74232 83.74233 83.74233 83.74233 83.74233 83.74233 83.74233 83.74233 86.94269
14.24283 14.24283 14.24283 14.24283 14.24283 14.24283 14.24283 14.24283 14.24283 14.24283 14.24283 14.24283 14.24283 16.16213 29.97388 48.63538 81.31531 88.32401 88.32401 88.32401 88.32401 88.32401 88.32401 88.32401 88.32402 88.40479 88.56663 88.6425 88.60114 193.3106 271.592 271.592 271.592 271.592 271.592 271.592 271.592 271.592 221.6129 180.4947 180.4947 180.4947 196.1344 244.7098 249.4611 252.1337 134.385 109.6814 108.9368 101.9168 98.58303 103.9929 106.8473 102.4865 111.1027 112.9853 112.9853 112.9853 112.9853 112.9853 112.9853 112.9853 98.395 83.74109 83.70561 83.74232 83.74233 83.74232 83.74226 83.74232 83.74233 83.74232 88.26686
14.24283 14.24283 14.24283 14.24283 14.24283 14.24283 14.24283 14.24283 14.24283 14.24283 14.24283 14.24283 14.24283 14.24283 37.87692 88.32401 88.324 88.32401 88.32401 88.32401 88.324 88.32401 88.324 88.32401 88.324 88.32401 88.324 88.33107 88.32401 141.2885 271.592 271.592 271.592 271.592 271.5919 271.592 271.592 271.592 0 180.4947 180.4947 180.4947 191.1925 245.4018 253.3838 253.3837 192.5144 172.7543 187.2121 115.951 112.714 112.9853 112.9853 112.9853 112.9853 112.9853 112.9853 112.9853 112.9853 112.9853 112.9853 111.3493 82.35209 81.884 81.56577 81.8903 82.39594 82.60375 81.75552 82.0304 84.06569 113.761 114.4611
14.24283 14.24283 14.24283 14.24283 14.24283 14.24283 14.24283 14.24283 14.24283 14.24283 14.24283 14.24283 14.24283 14.59241 51.45883 88.32401 88.32401 88.324 88.32401 88.324 88.32401 88.32401 88.32401 88.32401 88.32401 88.32401 88.32401 88.32401 88.32401 115.5968 271.592 271.592 271.592 271.592 271.592 0 0 0 0 180.4946 180.4947 180.4947 180.4947 187.6555 234.1103 252.6847 225.1527 251.3349 253.3838 187.2841 115.5457 112.9853 112.9853 112.9853 112.9853 112.9853 112.9853 112.9853 112.9853 112.9853 112.9853 105.8982 81.68188 81.50178 81.50177 81.50178 81.50178 81.50178 81.50178 81.50178 81.50177 107.5405 140.3092
