Scenarios/Global_Grid/data/country_data_population_distribution/processed/density_grids/eth.asc
ncols 359
nrows 285
xllcorner 33
yllcorner 3
[rows 160 to 191 of 285, columns 146 to 218 of 359]
219.032 202.3084 152.4572 152.4572 168.4768 212.5614 246.7527 259.4088 259.9761 256.3448 261.4034 291.5276 289.041 258.4426 202.7174 231.5646 236.0023 231.7711 213.0141 203.1177 190.4744 205.3623 218.1789 218.1789 218.1789 218.1789 164.8771 148.0944 148.0944 148.0944 148.0944 148.0944 148.0944 148.0944 148.0944 120.7042 67.1134 67.1134 67.1134 67.1134 67.1134 67.1134 67.1134 67.1134 67.1134 67.1134 67.1134 67.1134 67.1134 67.1134 66.90386 66.09842 65.98174 65.98174 65.98174 65.98174 65.98174 65.98174 65.98174 65.98174 65.98174 58.1858 39.21782 37.81229 37.81229 37.81229 37.81229 35.69551 21.18354 18.21161 18.21161 18.21161 23.19877
215.4542 168.5132 152.4572 152.4572 155.5889 252.0542 259.4088 259.4088 259.4088 274.8348 295.0522 295.0522 295.0522 294.7395 237.9035 244.8598 244.8599 237.0567 179.7359 179.2234 179.2234 185.9494 218.1789 218.1789 218.1789 218.1789 212.2064 159.4883 148.0944 148.0944 148.0944 148.0944 148.0944 148.0944 148.0944 87.3916 67.1134 67.1134 67.1134 67.1134 67.1134 67.1134 67.1134 67.1134 67.1134 67.1134 67.1134 67.1134 67.1134 67.1134 67.1134 67.01008 66.36632 65.98174 65.26084 60.28311 50.5521 40.84581 47.30539 57.73259 65.069 61.88422 60.13158 39.24586 37.81229 37.81229 37.81229 37.81229 28.82812 18.21161 18.21161 18.21161 26.55082
187.4513 152.4572 152.4572 152.4572 152.4572 241.8088 259.4088 259.4088 259.4088 280.4209 295.0522 295.0521 295.0522 295.0522 273.9872 244.8599 244.8599 234.205 183.6517 179.2234 179.2234 180.2099 212.027 218.1789 218.1789 218.1789 218.1789 195.9815 158.3178 152.8199 148.0944 148.0943 148.0944 147.8541 138.8307 77.77234 67.1134 67.1134 67.1134 67.1134 67.1134 67.1134 67.1134 67.1134 67.1134 67.1134 67.1134 67.1134 67.1134 67.1134 67.1134 67.1134 67.11324 50.95997 22.59978 18.16434 18.16434 18.16434 18.16434 18.16434 18.8074 18.58567 49.0025 53.17576 37.81229 37.81229 37.81229 37.81229 23.0906 18.21161 18.21161 18.21161 29.6452
158.6384 152.4572 152.4572 152.4572 157.5718 242.865 259.4088 259.4088 259.4088 279.1296 295.0176 295.0522 295.0522 295.0522 294.1167 249.5632 244.7684 196.4834 179.2234 179.2234 179.2234 179.2234 182.6698 205.7409 218.1409 218.1789 218.1789 218.1789 218.1789 206.8421 148.0943 148.0943 129.0825 89.47739 79.85691 74.12043 67.1134 67.1134 67.1134 67.1134 67.1134 67.1134 67.1134 67.1134 67.1134 67.1134 67.1134 67.1134 67.1134 67.1134 67.1134 65.96121 38.67029 18.29098 18.16434 18.16434 18.16434 18.16434 18.16434 18.16434 18.16434 18.16434 33.58825 54.82526 37.81229 37.81229 37.81229 37.81229 21.44781 18.21161 18.21161 18.21161 31.45172
152.8695 152.4572 152.4572 152.4572 155.6443 196.57 226.6726 255.0644 259.4088 259.4549 280.7298 295.0522 295.0522 280.1239 253.0665 244.8599 227.0739 180.0708 179.2234 179.2234 179.2234 179.2234 179.2234 179.2234 184.5236 198.9516 209.9507 208.1459 183.6124 196.6071 128.3701 97.00461 79.85691 79.85692 79.85692 77.54033 70.10046 67.1134 67.1134 67.1134 67.1134 67.1134 67.1134 67.1134 67.1134 67.1134 67.1134 67.1134 67.1134 67.1134 65.03715 33.97041 18.16434 18.16434 18.16434 18.16434 18.16434 18.16434 18.16434 18.16434 18.16434 18.16434 30.32376 52.08509 37.81229 37.81229 37.81229 35.5314 18.33869 18.21161 18.21161 18.21161 32.07452
152.4572 152.4572 152.4572 167.0027 199.5892 572.5153 205.5033 245.3307 259.4088 259.4088 260.6596 286.3687 290.3722 246.2232 244.8599 244.38 189.1536 179.2234 179.2234 179.2234 179.2234 179.2234 179.2234 179.2234 179.2234 179.2234 179.2234 167.0697 84.68906 79.85691 79.85691 79.85691 79.85691 79.85691 79.85691 79.85691 75.13036 67.1134 67.1134 67.1134 67.1134 67.1134 67.1134 67.1134 67.1134 67.1134 67.1134 67.1134 67.1134 54.48476 27.36154 18.16434 18.16434 18.16434 18.16434 18.16434 18.16434 18.16434 18.16434 18.16434 18.16434 18.16434 39.4991 41.20391 37.81229 37.81229 37.81229 31.31507 18.21161 18.21161 18.21161 18.21161 33.02786
152.4572 152.4572 160.7638 202.5348 783.2129 3140.812 205.5033 242.3689 259.4088 259.4088 259.4088 261.1426 269.2206 244.8599 244.8599 237.946 183.8971 179.4027 179.2234 179.2234 179.2234 179.2234 179.2234 179.2234 179.2234 179.2234 179.2234 130.7827 79.85691 79.85691 79.85691 79.8569 79.85691 79.8569 79.8569 79.8569 79.27214 70.52016 67.1134 67.1134 67.1134 67.1134 67.1134 60.8111 31.54092 23.41335 22.81935 23.46782 21.32452 18.17863 18.16434 18.16434 18.16434 18.16434 18.16434 18.16434 18.16434 18.16434 18.16434 18.16434 18.16434 18.16434 24.74495 37.81229 37.81229 37.81229 37.81229 31.24254 18.21161 18.21161 18.21161 18.21161 34.29191
152.4572 170.2405 197.3284 205.5034 474.9316 572.2527 205.5033 219.5146 223.7879 249.1861 259.4088 258.1704 229.0896 204.5286 190.9115 187.7296 184.3512 183.6206 180.5036 179.492 179.2234 179.2234 179.2234 176.2385 160.9481 150.0265 129.8358 89.62656 80.25859 92.53403 89.55354 78.5447 72.88569 61.27412 58.12663 67.73835 79.16882 79.85358 76.06055 69.77033 64.73064 59.91402 56.46093 29.97642 18.16434 18.16434 18.16434 18.16434 18.16434 18.16434 18.16434 18.16434 18.16434 18.16434 18.16434 18.16434 18.16434 18.16434 18.16434 18.16434 18.16434 18.16434 18.17991 35.90577 37.81229 37.81229 37.81229 28.83861 18.21161 18.21161 18.21161 18.52568 35.21329
161.2688 204.6718 205.5033 205.5033 205.5034 205.5033 205.5033 205.5989 208.3702 210.8594 212.5423 211.6331 215.1372 215.1372 213.7668 193.6443 184.3512 184.3512 184.3512 183.8219 183.1194 123.8395 97.27416 82.92047 79.85691 79.8569 79.85691 79.8569 125.225 153.6463 105.613 42.35353 42.35353 42.35353 42.35353 42.35353 48.00612 72.94552 79.85691 77.45835 45.81562 42.35353 43.84297 26.48793 18.16434 18.16434 18.16434 18.16434 18.16434 18.16434 18.16434 18.16434 18.16434 18.16434 18.16434 18.16434 18.16434 18.16434 18.16434 18.16434 18.16434 18.16434 18.16434 26.24873 36.94382 37.81229 37.81229 26.86792 18.21161 18.21161 18.21161 19.3138 35.1902
176.9633 205.5033 205.5525 206.6264 206.7962 206.3412 207.0896 209.7253 210.9191 210.9191 210.9191 211.7855 215.1372 215.1372 215.1372 200.5266 184.3512 184.3512 184.3512 184.3512 184.3512 129.467 79.85691 79.85691 79.85691 79.85691 79.85691 102.0345 142.2573 93.70165 49.37495 42.35353 42.35353 42.35353 42.35353 42.35353 42.35353 43.60534 52.61048 44.27323 42.35353 48.41245 57.85533 56.90831 26.75359 18.16434 18.16434 18.16434 18.16434 18.16434 18.16434 18.16434 18.16434 18.16434 18.16434 18.16434 18.16434 18.16434 18.16434 18.16434 18.16434 18.16434 18.16434 18.16434 33.05642 37.81229 37.24406 22.02667 18.21161 18.21161 18.21161 18.21161 28.61168
220.9276 220.2082 210.2103 210.9191 210.9191 210.9191 210.9191 210.9191 210.9191 210.9191 210.9191 212.0777 215.1372 215.1372 215.1372 212.5199 190.99 184.3512 184.3512 184.3512 184.3512 90.43877 79.85691 79.8569 79.85691 89.09585 122.4893 126.6952 120.1003 75.62499 42.35353 42.35353 42.35353 42.35353 42.35353 42.35353 42.35353 42.35353 42.35353 42.60329 55.18705 63.38065 63.38067 63.38067 63.38005 61.1227 41.6677 18.95528 18.16434 18.16434 18.16434 18.16434 18.16434 18.16434 18.16434 18.16434 18.16434 18.16434 18.16434 18.16434 18.16434 18.16434 18.16434 18.16434 32.35493 25.27873 21.24732 18.21161 18.21161 18.21161 18.21161 18.21161 21.98408
233.9851 233.9851 212.753 210.9191 210.9191 210.9191 210.9191 210.9191 210.9191 210.9191 210.9191 212.9847 215.1372 215.1372 215.1372 215.1372 213.9863 187.6159 184.3512 184.3512 184.3512 144.2576 93.43502 79.8569 110.88 143.6193 153.6463 134.2951 60.10189 42.35353 42.35353 42.35353 42.35353 42.35353 42.35353 42.35353 42.35353 42.35353 42.35353 50.33471 63.38066 63.38067 63.38067 63.38067 63.38066 52.73902 23.35241 18.16434 18.16434 18.16434 16.66442 16.13247 17.93551 18.16434 18.16434 18.16434 18.16434 18.16434 18.16434 18.16434 18.16434 18.16434 18.16434 18.16434 18.61796 18.20789 18.21161 18.21161 18.21161 18.21161 18.21161 18.21161 32.37693
233.9851 233.9851 217.8746 210.9191 210.9191 210.9191 210.9191 210.9191 210.9191 210.9191 210.9191 225.8151 231.7307 230.366 226.1726 216.7108 215.1372 192.7826 184.3512 184.3512 184.3512 184.3512 180.551 123.1547 153.485 153.6463 153.6463 102.4857 56.2516 42.35353 42.35353 42.35353 42.35353 42.35353 42.35353 42.35353 42.35353 42.35353 42.41622 59.93489 63.38067 63.38067 63.38067 63.38067 63.38067 60.10508 19.41518 16.2567 12.84386 12.71555 11.95303 11.95207 12.05472 15.70244 18.16434 18.16434 18.16434 18.16434 18.16434 18.16434 18.16434 18.16434 18.16434 18.16434 18.16434 18.17863 18.2107 18.21161 18.21161 18.21161 18.21161 18.21161 47.44398
233.9851 233.9851 232.4647 221.0252 221.4458 214.3318 211.2678 210.9191 210.9191 210.9191 213.3904 234.7457 235.0799 235.0799 235.0799 233.5671 232.6864 208.7384 184.3512 184.3512 184.3512 184.3512 184.3512 174.098 153.6463 153.6463 153.6463 153.6463 152.6794 80.39145 42.35353 42.35353 42.35353 42.35353 42.35353 42.35353 46.45307 52.06974 55.26519 63.38067 63.38067 63.38067 63.38067 63.38067 63.38067 63.38067 39.09873 12.80079 11.95207 11.95207 11.95207 11.95207 11.95207 13.37231 18.15985 16.8321 16.74603 17.57841 18.05572 18.16434 18.16434 18.16434 18.16434 18.16434 18.16434 18.16434 18.19374 18.21161 18.21161 18.21161 18.21161 25.20872 55.48143
233.9851 233.9851 233.9851 233.9851 233.0945 222.2741 219.9717 217.5025 213.9286 212.6291 222.6407 235.0799 235.0799 235.0799 235.0799 235.0799 235.0799 234.2328 211.3165 186.588 184.3512 184.3512 184.3512 180.4784 162.2976 153.675 153.6463 153.6463 153.6463 142.1462 43.57564 42.35353 42.35353 42.35353 46.23291 58.33187 63.37838 63.38066 63.38067 63.38066 63.38067 63.38066 63.38067 63.38066 63.38067 63.38066 62.13446 12.29466 11.95207 11.95207 11.95207 11.95207 11.97038 15.82069 16.08792 11.95207 11.95207 11.95207 12.04977 14.9427 18.16434 18.16434 18.16434 18.16434 18.16434 18.16434 18.16633 18.18823 18.20843 18.21161 18.21161 39.25468 55.48935
233.9851 233.9851 233.9851 233.9851 224.2287 220.112 220.112 220.112 220.112 220.112 232.692 235.0799 235.0799 235.0799 235.0799 235.0799 235.0799 235.0799 235.0799 225.9478 212.5419 186.5968 184.3512 184.3512 184.3512 172.0028 154.8683 153.6463 153.6463 123.8733 54.84682 42.35353 42.35353 47.99858 62.3797 63.38067 63.38067 63.38067 63.38067 63.38067 63.38067 63.38067 63.38067 63.38067 63.38067 63.38067 54.88156 11.95207 11.95207 11.95207 11.95207 11.95207 14.41211 17.95073 12.87835 11.95207 11.95207 11.95207 11.95207 12.15701 17.63676 18.16434 18.16434 18.16434 18.16434 18.16434 18.16434 18.16434 18.17327 18.19717 19.05126 52.21997 55.48935
233.9851 233.9851 233.9851 233.9704 220.4004 220.112 220.112 220.112 220.112 220.112 230.4911 235.0799 235.0799 235.0799 235.0799 235.0799 235.0799 235.0799 235.0799 235.0799 235.0799 210.7068 190.0851 184.3512 184.3512 184.3512 181.7886 166.7988 153.741 153.6463 131.3567 42.56837 64.06358 67.66498 63.38067 63.38067 63.38067 63.38067 63.38067 63.38067 63.38067 63.38067 63.38067 63.38067 63.38067 63.38067 42.44546 11.95207 11.95207 11.95207 11.95207 11.95207 13.71804 13.46583 11.95207 11.95207 11.95207 11.95207 11.95207 11.95207 12.61182 14.7905 16.89205 18.16434 18.16434 18.16434 18.16434 18.16434 18.16434 18.16434 22.4259 55.48936 55.48936
233.9852 233.9851 233.9852 233.9852 223.6641 220.112 220.112 220.112 220.112 220.112 238.026 257.3404 261.5254 241.6971 238.5311 252.8875 246.9565 192.4949 208.235 234.4865 235.0799 229.5459 215.3535 168.4174 142.9711 141.9495 169.8777 183.546 181.3147 178.182 153.4538 84.11725 100.2672 90.83712 79.70612 63.38067 63.38067 63.38067 63.38067 63.38067 63.38067 63.38067 63.38067 63.38067 63.38067 62.95284 22.09088 11.95207 11.95207 11.95207 11.95207 11.95207 11.95207 11.95207 11.95207 11.95207 11.95207 11.95207 11.95207 11.95207 11.95207 11.95207 11.95209 12.2124 14.37087 17.85415 18.16434 18.16434 18.16434 18.16434 18.16801 51.4046 55.48936
233.9851 233.9851 233.9851 233.9851 222.6692 220.112 220.112 220.112 220.112 220.112 225.1927 269.3307 274.4561 273.3339 267.3329 222.755 143.4918 122.5934 122.5934 140.6923 166.6638 128.4866 111.5417 100.2672 100.2672 100.2672 100.2672 113.0558 138.7034 135.6339 106.6683 100.2672 100.2672 100.2672 76.70047 63.38067 63.38067 63.38067 63.38067 63.38067 63.38067 63.38067 63.38067 63.38067 63.38067 31.5273 11.95207 11.95207 11.95207 11.95207 11.95207 11.95207 11.95207 11.95207 11.95207 11.95207 11.95207 11.95207 11.95207 11.95207 11.95207 11.95207 11.95207 11.95207 11.95207 14.34765 18.16434 18.16434 18.16434 18.16434 18.16434 42.73528 55.48936
233.9851 233.9851 233.9851 233.9851 225.5548 220.112 220.112 220.112 220.112 220.112 236.439 274.4561 274.4561 274.4561 181.1971 122.5802 122.5934 122.5934 122.5934 122.5934 122.5934 122.5934 122.3716 112.863 101.1765 100.2672 100.2672 100.2672 100.2672 100.2672 100.2672 100.2672 100.2672 100.2672 83.60953 73.3475 63.38067 63.38067 63.38067 63.38067 63.44818 71.19917 74.96928 76.55108 72.75798 12.14796 11.95207 11.95207 11.95207 11.95207 11.95207 11.95207 11.95207 11.95207 11.95207 11.95207 11.95207 11.95207 11.95207 11.95207 11.95207 11.95207 11.95207 11.95207 11.95207 11.95229 14.44541 15.94923 18.13158 18.16434 18.16434 22.46274 37.58532
233.9851 233.9851 236.0441 248.6516 254.7967 240.204 222.1066 220.112 220.112 220.112 225.6095 247.2831 274.3843 268.7621 101.2347 116.011 122.5663 122.5934 122.5934 122.5934 122.5934 122.5934 122.5934 122.5934 111.1354 100.2672 100.2672 100.2672 100.2672 100.2672 100.2672 100.2672 100.2672 100.2672 94.54626 64.01086 63.38067 63.38067 63.38067 63.39071 73.81921 82.21394 82.21394 82.21394 65.44058 11.95207 11.95207 11.95207 11.95207 11.95207 11.95207 11.95207 11.95207 11.95207 11.95207 11.95207 11.95207 11.95207 11.95207 11.95207 11.95207 11.95207 11.95207 11.95207 11.95207 11.95207 11.95207 11.95207 12.2169 12.14173 13.14969 16.26494 18.16434
259.2158 257.9046 266.7531 267.1614 265.1747 263.1042 249.567 220.112 220.112 220.112 220.112 220.1138 244.0314 210.5134 92.85733 92.85734 103.5235 122.5869 122.5934 122.5934 122.5934 122.5934 122.5934 122.5934 121.9188 112.3562 111.646 115.0078 104.8406 100.2672 100.2672 100.2672 100.2672 100.2672 78.55877 72.99197 72.02667 63.63884 66.11449 76.82615 82.21394 82.21394 82.21394 82.21394 44.87917 11.95207 11.95207 11.95207 11.95207 11.95207 11.95207 11.95207 11.95207 11.95207 11.95207 11.95207 11.95207 11.95207 11.95207 11.95207 11.95207 11.95207 11.95207 11.95207 11.95207 11.95207 11.95207 11.95207 11.95207 11.95207 11.95207 11.96055 14.06153
267.9811 267.9811 265.5494 263.065 263.0459 263.0459 262.3693 255.5998 246.3898 224.4844 220.112 220.112 220.112 142.8885 92.85734 92.85734 92.85732 115.3642 122.5934 122.5934 122.5934 122.5934 122.5934 122.5934 122.5934 136.296 145.4806 147.1424 137.6318 100.753 100.2672 100.2672 98.14117 86.84557 74.28669 82.21394 82.21394 74.24532 80.0211 82.21394 82.21394 82.21394 82.21394 82.21394 41.84314 11.95207 11.95207 11.95207 11.95207 11.95207 11.95207 11.95207 11.95207 11.95207 11.95207 11.95207 11.95207 11.95207 11.95207 11.95207 11.95207 11.95207 11.95207 11.95207 11.95207 11.95207 11.95207 11.95207 11.95207 11.95207 11.95207 11.95207 11.95207
267.9811 267.9812 267.1859 263.8694 263.0459 263.0459 263.0459 263.0459 263.0459 258.1314 224.6767 220.112 201.3195 94.45708 92.85734 92.85733 92.85734 109.957 122.5934 122.5934 122.5934 122.5934 122.5934 122.5934 123.418 150.1946 151.9473 151.9473 151.9473 129.5288 104.76 100.535 99.76464 85.50953 82.21394 82.21394 82.21394 82.21394 82.21394 82.21394 82.21394 82.21394 82.21394 82.21394 70.47482 25.39385 11.95207 11.95207 11.95207 11.95207 11.95207 11.95207 11.95207 11.95207 11.95207 11.95207 11.95207 10.91768 9.355886 9.506531 9.1965 8.805545 8.965879 10.54405 11.8579 11.95207 11.95207 11.95207 11.95207 11.95207 11.95207 11.95207 11.95207
267.9167 264.5396 263.4673 263.0459 263.0459 263.0459 263.0459 263.0459 263.0459 263.0459 255.9463 222.2181 149.2224 92.85734 92.85733 92.85733 92.85733 109.1057 117.4948 103.9914 111.1054 119.1757 122.5934 119.2993 141.9912 151.9473 151.9473 151.9473 151.9473 151.9473 151.9473 148.7453 137.5953 116.4627 83.76373 82.21394 82.21394 82.21394 82.21394 82.21394 82.21394 82.21394 82.21394 82.21394 82.21394 73.71622 57.27272 29.82505 11.77012 11.87085 11.95207 11.95207 11.95207 11.0364 9.001829 10.0724 10.8504 11.64711 8.611052 8.282997 8.325166 8.596638 8.282997 8.282997 8.537808 9.636079 11.32098 11.95207 11.95207 11.95207 11.95207 11.95207 11.95207
267.9812 264.941 263.046 263.0459 263.0459 263.0459 263.0459 263.0459 263.0459 263.0459 263.0459 196.7918 92.85733 92.85734 92.85733 92.85734 92.85526 91.44829 88.63076 88.10854 88.10853 88.44252 96.25227 88.95464 135.7254 403.4358 412.402 151.9473 151.9473 151.9473 151.9473 151.9473 151.9473 151.9473 124.946 82.21394 82.21394 82.21394 82.21394 82.21394 82.21394 82.21394 82.21394 82.21394 82.21394 82.21394 82.21394 82.05952 14.51853 8.458293 9.307675 9.621301 8.951945 8.453978 8.282998 8.282998 8.701837 11.95207 11.62793 11.08066 11.67475 11.95203 11.34923 9.91752 8.463517 8.282998 9.230075 11.95207 11.95207 11.95207 11.95207 11.95207 11.95207
271.7528 287.9478 263.0459 263.0459 263.0459 263.0459 263.0459 263.0459 252.9186 206.3906 105.1454 92.85733 92.85734 92.85733 92.85734 92.85733 92.06005 88.19032 88.10854 88.10854 88.10854 88.10854 88.10854 105.1229 148.6545 1115.26 1619.415 151.9473 151.9473 151.9473 151.9473 151.9473 151.9473 151.317 136.5872 93.12141 86.5009 90.64157 86.17734 84.15116 82.21394 82.21394 82.21394 82.21394 82.21394 82.21394 82.21394 82.21394 44.83728 8.282998 8.282998 8.282998 8.282998 8.282998 8.282998 8.282998 8.337914 11.89356 11.95207 11.95207 11.95207 11.95207 11.95207 11.95207 11.05485 8.282998 9.716097 11.95207 11.95207 11.95207 11.95207 11.95207 11.95207
370.4939 388.6098 279.7606 263.0459 263.0459 262.9444 250.3381 232.2698 185.0529 178.1488 105.9944 92.85734 92.85733 92.85734 92.85733 92.85734 92.85733 91.1292 88.10853 88.10854 88.10853 88.10854 109.5252 146.1432 107.8468 158.2042 139.9516 116.2113 38.95737 70.83553 149.7797 151.9473 151.9473 124.3774 94.24876 94.24876 94.24876 94.24876 94.24876 93.89259 84.64691 82.21394 82.21394 82.21394 82.21394 82.21394 82.21394 82.21394 75.37508 8.933763 8.282998 8.282997 8.282998 8.282997 8.282998 8.282997 8.282998 10.13372 11.91148 11.95207 11.95207 11.95207 11.95207 11.95207 11.38209 8.282997 10.87804 11.95207 11.95207 11.95207 11.95207 11.95207 11.95207
397.6959 397.1524 278.5136 208.7493 207.4734 193.3473 178.8843 178.8843 178.8843 178.7872 116.4556 92.85733 92.85732 92.85733 92.85733 92.85732 92.85733 92.85215 89.53605 88.10854 88.10853 88.10853 88.23022 69.64835 157.043 1208.861 36.63049 36.73352 36.53384 36.53384 98.11964 151.9473 137.3993 95.36643 94.24876 94.24876 94.24876 94.24876 94.24876 94.24876 91.6524 82.55086 82.21394 82.21394 82.21394 82.21394 82.21394 82.21394 82.21394 22.89444 8.282997 8.282997 8.282997 8.282997 8.282997 8.282997 8.282997 8.282997 8.859579 9.779683 9.828346 9.548818 9.201144 9.838284 8.82205 8.282997 9.451569 11.82811 11.95207 11.95207 11.95207 11.95207 11.95207
390.1426 271.4758 178.8844 178.8844 178.8844 178.8844 178.8844 178.8844 178.8844 175.7975 115.3548 92.85733 92.85733 92.85733 92.85733 92.85733 92.85733 92.85734 92.63428 89.59032 88.10854 88.10853 67.87416 37.32312 98.15902 853.1782 36.53384 36.53384 36.53384 36.53384 122.3109 151.9473 125.0487 94.24876 94.24876 94.24876 94.24876 94.24876 94.24876 94.24876 94.24876 91.4136 83.95878 82.21394 82.21394 82.21394 82.21394 82.21394 82.21394 43.39306 8.282997 8.282998 8.282997 8.282997 8.282997 8.282998 8.282997 8.282998 8.282997 8.282998 8.282998 8.282997 8.282997 8.282998 8.282997 8.282997 8.282997 9.242639 11.72067 11.95207 11.95207 11.95207 11.95207
199.0979 178.8844 178.8844 178.8844 178.8844 178.8844 178.8844 178.8843 178.8844 178.8844 146.6246 92.85732 92.85733 92.85734 92.85733 92.85732 92.85733 92.85732 92.85733 91.77985 88.17409 78.26672 37.4172 36.53384 36.53384 36.53384 36.53384 36.53384 36.53384 36.53384 118.0897 151.9473 126.0309 94.24876 94.24876 94.24876 94.24876 94.24876 94.24876 94.24876 94.24876 94.24876 85.59502 69.19675 69.73647 82.21092 82.21394 82.21394 82.21394 70.7543 8.880682 8.282998 8.282997 8.282998 8.282997 8.282998 8.282997 8.282998 8.282997 8.282997 8.282997 8.282998 8.282998 8.282998 8.282997 8.282998 8.282997 8.282998 8.586697 9.901547 11.9144 11.95207 11.95207
178.8844 178.8843 178.8843 178.8844 178.8844 178.8844 178.8843 178.8844 178.8844 178.8844 148.7873 92.85733 92.85732 92.85733 92.85732 92.85733 92.85733 92.85733 92.85732 92.85733 82.25711 50.70882 36.53384 36.53384 36.53384 36.53384 36.53384 36.53384 36.53384 36.53384 93.73347 144.2778 120.6523 95.26312 94.46358 94.24876 94.24876 94.24876 94.24876 94.24876 94.24876 94.24876 93.88982 82.92054 69.11322 66.48803 78.94164 82.21394 82.21394 82.21394 12.86617 8.282997 8.282998 8.282997 8.282998 8.282997 8.282998 8.282997 8.282998 8.282997 8.282998 8.282997 8.282997 8.282997 8.282998 8.282997 8.282998 8.282997 8.282997 8.282997 11.02216 11.95207 11.95207
