Scenarios/Global_Grid/data/country_data_population_distribution/processed/density_grids/eth.asc
ncols 359
nrows 285
xllcorner 33
yllcorner 3
[rows 96 to 127 of 285, columns 0 to 72 of 359]
0 0 0 0 0 0 0 0 0 0 0 0 0 0 0 0 0 0 0 0 0 0 0 0 0 0 0 0 0 0 0 0 0 0 0 0 0 0 0 0 0 19.69098 17.34827 21.79982 0 0 0 0 0 0 24.4081 17.34827 17.27886 14.17312 9.910048 9.910048 10.07968 12.58299 12.62437 12.62437 12.62437 12.62437 12.62437 12.62437 12.62437 12.62437 12.62437 12.62437 12.62437 12.62437 12.62437 12.62437 15.97784
0 0 0 0 0 0 0 0 0 0 0 0 0 0 0 0 0 0 0 0 0 0 0 0 0 0 0 0 0 0 0 0 0 0 0 0 0 0 0 18.37916 17.89842 17.37267 17.34827 17.34827 18.68798 0 0 0 0 0 17.34827 17.34827 17.34827 17.0104 9.910048 9.910048 11.16141 12.62437 12.62437 12.62437 12.62437 12.62437 12.62437 12.62437 12.62437 12.62437 12.62437 12.62437 12.62437 12.62437 12.62437 12.62437 18.87717
0 0 0 0 0 0 0 0 0 0 0 0 0 0 0 0 0 0 0 0 0 0 0 0 0 0 0 0 0 0 0 0 0 0 0 0 0 0 0 19.50199 19.50199 17.90042 17.34827 17.34827 17.34827 19.59127 0 0 0 18.81921 17.34827 17.34827 17.34827 16.73613 9.910048 9.910049 11.23832 12.62437 12.62437 12.62437 12.62437 12.62437 12.62437 12.62437 12.62437 12.62437 12.62437 12.62437 12.62437 12.62437 12.62437 12.62437 21.25583
0 0 0 0 0 0 0 0 0 0 0 0 0 0 0 0 0 0 0 0 0 0 0 0 0 0 0 0 0 0 0 0 0 0 0 0 0 0 19.2465 19.50199 19.41648 17.35815 17.34827 17.34827 17.34827 17.34827 24.25926 26.22416 19.0837 17.34827 17.34827 17.34827 17.34827 16.09699 9.910048 9.910048 11.35309 12.62437 12.62437 12.62437 12.62437 12.62437 12.62437 12.62437 12.62437 12.62437 12.62437 12.62437 12.62437 12.62437 12.62437 12.62437 20.2162
0 0 0 0 0 0 0 0 0 0 0 0 0 0 0 0 0 0 0 0 0 0 0 0 0 0 0 0 0 0 0 0 0 0 0 0 0 18.2101 19.502 19.502 19.48786 17.59809 17.34827 17.34828 17.34827 17.34827 17.42688 17.34828 17.34827 17.34827 17.34827 17.34827 17.34827 15.18829 9.910048 10.1048 12.52073 12.62437 12.62437 12.62437 12.62437 12.62437 12.62437 12.62437 12.62437 12.62437 12.62437 12.62437 12.62437 12.62437 12.62437 12.72995 21.6141
0 0 0 0 0 0 0 0 0 0 0 0 0 0 0 0 0 0 0 0 0 0 0 0 0 0 0 0 0 0 0 0 0 0 0 0 0 19.48958 19.50199 19.50199 19.50199 18.97462 17.86825 17.53281 17.34827 17.34827 17.34827 17.34828 17.34827 17.34827 17.34827 17.34827 17.34827 13.69445 9.910048 10.05832 12.373 12.62437 12.62437 12.62438 12.62437 12.62437 12.62437 12.62437 12.62437 12.62437 12.62438 12.62437 12.62437 12.62437 12.62437 13.40561 21.93343
0 0 0 0 0 0 0 0 0 0 0 0 0 0 0 0 0 0 0 0 0 0 0 0 0 0 0 0 0 0 0 0 0 0 0 0 19.48937 19.50199 19.50199 19.50199 19.50199 19.50199 19.50199 18.44636 17.34827 17.34827 17.34827 17.34827 17.34827 17.34827 17.34827 17.34827 17.12374 11.03834 9.910048 10.13529 12.40351 12.62437 12.62437 12.62437 12.62437 12.62437 12.62437 12.62437 12.62437 12.62437 12.62437 12.62437 12.62437 12.62437 12.62437 13.19069 21.93343
0 0 0 0 0 0 0 0 0 0 0 0 0 0 0 0 0 0 0 0 0 0 0 0 0 0 0 0 0 0 0 0 0 0 0 19.21744 19.502 19.50199 19.502 19.50199 19.50199 19.50199 19.50019 18.16427 17.34827 17.34827 17.34827 17.34827 17.34827 17.34827 17.34827 17.34827 13.80309 9.910048 9.910048 10.5019 12.31696 12.62437 12.62437 12.62437 12.62437 12.62437 12.62437 12.62437 12.62437 12.62437 12.62437 12.62437 12.62437 12.62437 12.62437 13.10996 21.81163
0 0 0 0 0 0 0 0 0 0 0 0 0 0 0 0 0 0 0 0 0 0 0 0 0 0 0 0 0 0 0 0 0 0 0 19.23986 19.50199 19.50199 19.50199 19.50199 19.50199 19.48963 18.23186 17.34827 17.34827 17.34827 17.34827 17.34827 17.34827 17.34827 17.34827 23.77147 29.93012 11.27366 9.910048 9.910048 9.948503 11.47344 12.62437 12.62437 12.62437 12.62437 12.62437 12.62437 12.62437 12.62437 12.62437 12.62437 12.62437 12.62437 12.62437 12.62437 19.24194
0 0 0 0 0 0 0 0 0 0 0 0 0 0 0 0 0 0 0 0 0 0 0 0 0 0 0 0 0 0 0 0 0 0 0 0 19.50199 19.50199 19.50199 19.62257 21.98654 21.09777 18.62185 18.08853 17.34827 17.37401 23.75161 29.16341 24.14029 25.40864 32.48921 38.16479 37.76497 26.02129 9.910696 9.910048 9.910048 9.977454 11.13179 12.60486 12.62437 12.62437 12.62437 12.62437 12.62437 12.62437 12.62437 12.62437 12.62437 12.62437 12.62437 12.62437 17.28576
0 0 0 0 0 0 0 0 0 0 0 0 0 0 0 0 0 0 0 0 0 0 0 0 0 0 0 0 0 0 0 0 0 0 0 18.3428 19.502 19.502 19.502 37.28632 50.42111 47.48266 38.2896 37.2333 34.03984 36.61391 38.17031 38.17031 38.17031 38.17031 38.17031 38.1703 39.62872 49.52283 23.04932 9.910049 9.910048 9.910049 9.910048 11.68612 12.62437 12.62437 12.62437 12.62437 12.62437 12.62437 12.62437 12.62437 12.62437 12.62437 12.62437 12.62437 16.94179
0 0 0 0 0 0 0 0 0 0 0 0 0 0 0 0 0 0 0 0 0 0 0 0 0 0 0 0 0 0 0 0 0 0 0 19.02457 19.502 19.50199 19.502 43.54603 50.43254 50.43254 45.73631 38.19769 38.17031 38.1703 38.1703 38.17031 38.1703 38.17031 38.17031 38.1703 38.31627 49.3912 46.05636 31.80145 19.42881 9.910048 9.910049 10.72841 12.62438 12.62437 12.62437 12.62437 12.62437 12.62438 12.62437 12.62438 12.62437 12.62437 12.62437 12.62438 17.30235
0 0 0 0 0 0 0 0 0 0 0 0 0 0 0 0 0 0 0 0 0 0 0 0 0 0 0 0 0 0 0 0 0 0 0 18.11832 19.50199 19.50199 20.46849 48.25608 50.43254 50.43254 50.43254 45.60801 38.17031 38.17031 38.17031 38.1703 38.17031 38.17031 38.17031 38.17031 38.17031 48.81101 49.52283 49.52283 30.92701 9.910049 9.910048 10.27477 12.62437 12.62437 12.62437 12.62437 12.62437 12.62437 12.62437 12.62437 12.62437 12.62437 13.8007 17.59233 21.24953
0 0 0 0 0 0 0 0 0 0 0 0 0 0 0 0 0 0 0 0 0 0 0 0 0 0 0 0 0 0 0 0 0 0 0 0 22.55888 30.18363 43.62788 50.43406 50.43293 50.43254 50.43254 49.9444 39.96905 38.17031 38.17031 38.1703 38.17031 38.17031 38.17031 38.17031 38.58411 49.44864 49.52283 49.52283 40.5861 9.973824 9.910049 10.01731 12.62437 12.62437 12.62438 12.62437 12.62438 12.62437 12.62438 12.62437 12.62438 12.62437 19.0521 21.93343 21.93343
0 0 0 0 0 0 0 0 0 0 0 0 0 0 0 0 0 0 0 0 0 0 0 0 0 0 0 0 0 0 0 0 0 0 0 0 50.24064 51.08784 50.8773 50.82894 50.61472 50.43254 50.43254 50.43254 48.65506 38.17031 38.17031 38.17031 38.17031 38.17031 38.17031 38.17031 39.02586 49.52283 49.52283 49.52283 41.47008 11.02774 9.910048 10.48895 12.62364 12.62437 12.62437 12.62437 12.62437 12.62437 12.62437 12.62437 12.62437 13.31564 21.74951 21.93343 21.93343
0 0 0 0 0 0 0 0 0 0 0 0 0 0 0 0 0 0 0 0 0 0 0 0 0 0 0 0 0 0 0 0 0 0 0 0 42.0401 51.08784 51.08784 51.01692 50.49025 50.43254 50.43496 50.43254 49.901 38.62469 38.3988 38.1703 38.1703 38.17031 38.17031 38.17031 39.63021 49.52283 49.52283 49.52283 35.08258 9.910048 9.910048 10.29346 12.62437 12.62437 12.62437 12.62437 12.62437 12.62437 12.62437 12.62437 12.62437 13.06559 21.8198 21.93343 21.93343
0 0 0 0 0 0 0 0 0 0 0 0 0 0 0 0 0 0 0 0 0 0 0 0 0 0 0 0 0 0 0 0 0 0 0 0 39.77565 51.08784 51.08785 50.97898 50.53004 50.73229 50.95702 50.67782 50.5639 49.47647 43.56961 38.17031 38.1703 38.17031 38.17031 38.1703 43.25896 49.52283 49.52283 49.52283 47.00361 10.44312 9.910048 10.08342 12.35936 12.62437 12.62437 12.62437 12.62437 12.62438 12.62437 12.62437 12.62437 12.62437 18.9901 21.93343 21.93343
0 0 0 0 0 0 0 0 0 0 0 0 0 0 0 0 0 0 0 0 0 0 0 0 0 0 0 0 0 0 0 0 0 0 0 0 47.24084 51.08784 51.08784 51.08784 51.08784 51.08784 51.08784 51.08784 51.08784 51.08784 47.14164 41.8922 40.02769 38.17031 38.17031 41.53929 49.52258 49.52283 49.52284 49.52284 49.52284 21.98893 9.910048 9.910048 10.15798 11.73006 12.31281 12.5589 12.62437 12.62437 12.62437 12.62437 12.62437 12.62437 16.67993 21.93343 21.93343
0 0 0 0 0 0 0 0 0 0 0 0 0 0 0 0 0 0 0 0 0 0 0 0 0 0 0 0 0 0 0 0 0 0 0 35.15535 51.08784 51.08785 51.08784 51.08785 51.08785 51.08785 51.08784 51.08785 51.08784 51.08785 51.08784 51.08784 50.72347 42.6618 45.38899 49.41231 49.52283 49.52283 49.52283 49.52284 49.52283 37.66018 9.910048 9.910048 9.910048 9.910048 9.910048 10.35845 12.62437 12.62437 12.62437 12.62437 12.62437 12.62437 13.17555 21.74617 21.93343
0 0 0 0 0 0 0 0 0 0 0 0 0 0 0 0 0 0 0 0 0 0 0 0 0 0 0 0 0 0 0 0 0 0 44.03228 51.08784 51.08785 51.08785 51.08785 51.08785 51.08785 51.08784 51.08785 51.08785 51.08785 51.08785 51.08785 51.16889 49.54313 49.52284 49.52284 49.52284 49.52284 49.52283 49.52284 49.52284 49.52284 46.08081 14.47489 9.910048 9.910048 9.910048 9.910048 12.28877 18.09037 15.97183 12.82585 12.62437 12.62437 12.62437 15.38098 21.9297 21.93343
0 0 0 0 0 0 0 0 0 0 0 0 0 0 0 0 0 0 0 0 0 0 0 0 0 0 0 0 0 0 0 0 0 34.11366 51.08784 51.08784 51.08784 51.08784 51.08784 51.08784 51.08784 51.08784 51.08784 51.08784 51.08784 51.08784 51.13507 52.72877 50.39936 49.52283 49.52283 49.52283 49.52283 49.52283 49.52283 49.52283 49.52283 49.52283 47.25238 31.7012 10.63893 9.910048 9.910048 13.57899 18.86153 18.86153 15.76143 12.62437 12.62437 10.89379 9.935658 21.17948 21.93343
0 0 0 0 0 0 0 0 0 0 0 0 0 0 0 0 0 0 0 0 0 0 0 0 0 0 0 0 0 0 0 0 0 38.44252 51.08784 51.08784 51.08784 51.08784 51.08784 51.08784 51.08785 51.08784 51.08874 51.08784 51.08784 51.24471 52.7738 52.97752 52.86307 50.34853 49.52283 79.44243 68.21243 49.52283 49.52283 49.52283 49.52283 49.52283 49.52283 49.52283 20.10422 9.910048 9.922457 17.89039 18.86153 18.86153 18.70998 12.9174 12.62437 10.29202 7.123814 7.363478 9.134089
0 0 0 0 0 0 0 0 0 0 0 0 0 0 0 0 0 0 0 0 0 0 0 0 0 0 0 0 0 0 0 0 0 38.60545 51.08784 51.08784 51.08785 51.08784 51.08785 51.08784 51.08784 51.08784 51.16264 52.15006 52.51065 52.93226 52.97752 52.97752 52.97752 72.28568 78.70822 102.5033 79.02612 54.95001 91.43958 90.29827 80.52147 55.55488 49.5553 51.22091 24.76677 9.910048 9.937604 18.85868 18.86153 18.86154 18.86154 18.28238 12.61916 7.319285 7.123815 7.123815 7.123815
0 0 0 0 0 0 0 0 0 0 0 0 0 0 0 0 0 0 0 0 0 0 0 0 0 0 0 0 0 0 0 0 0 40.56734 51.08785 51.08785 51.08785 51.08785 51.08784 51.08785 51.08785 51.08785 51.08784 52.09457 52.97752 52.97752 52.97752 52.97752 53.88948 89.45842 102.6233 102.6233 102.6233 102.6233 102.6233 102.6233 102.8342 97.58479 103.6602 96.50702 14.01524 9.910049 9.910049 18.79004 18.86153 18.86153 18.86153 18.86153 18.51722 8.995619 7.123814 7.123814 7.123815
0 0 0 0 0 0 0 0 0 0 0 0 0 0 0 0 0 0 0 0 0 0 0 0 0 0 0 0 0 0 0 0 0 50.82996 51.08785 51.08785 51.08784 51.08785 51.08785 51.08785 51.08785 51.08785 51.08814 52.39068 52.97752 52.97752 52.97752 52.97752 53.0881 91.54835 102.6233 102.6233 102.6233 102.6233 102.6233 102.6233 102.6233 111.675 122.4334 122.4334 60.08386 9.910048 9.959041 18.74135 18.86154 18.86153 18.86154 18.86153 18.86154 18.43544 12.9275 10.15994 7.484045
0 0 0 0 0 0 0 0 0 0 0 0 0 0 0 0 0 0 0 0 0 0 0 0 0 0 0 0 0 0 0 0 0 51.08784 51.08784 51.08784 51.08784 51.08784 51.08784 51.08784 51.08784 51.53386 52.34744 52.97752 52.97752 52.97752 52.97752 54.6324 81.68583 102.6233 102.6233 102.6233 102.6233 102.6233 102.6233 102.6233 102.6233 111.0647 122.4334 122.4334 102.2059 29.2947 10.70139 18.67563 18.86153 18.86153 18.86153 18.86154 18.86153 18.86153 18.86153 18.86153 17.26348
0 0 0 0 0 0 0 0 0 0 0 0 0 0 0 0 0 0 0 0 0 0 0 0 0 0 0 0 0 0 0 0 43.38974 51.08784 51.08784 51.08784 51.08784 51.08784 51.08784 51.08784 51.48267 52.96087 52.97752 52.97752 52.97752 52.97752 52.97752 77.00984 102.6233 102.6233 102.6233 102.6233 102.6233 102.6233 102.6233 102.6233 102.6233 111.4584 122.4334 122.4334 122.4334 67.32684 18.84458 18.86153 18.86154 18.86153 18.86154 18.86153 18.86154 18.86153 18.86154 18.86153 18.86154
0 0 0 0 0 0 0 0 0 0 0 0 0 0 0 0 0 0 0 0 0 0 0 0 0 0 0 0 0 0 0 0 47.8597 36.08338 32.67353 48.40434 51.08784 51.08784 51.08784 51.08784 51.47595 52.97752 52.97752 52.97752 52.97752 52.97752 52.97752 91.5461 102.6233 102.6233 102.6233 102.6233 102.6233 102.6233 102.6233 102.6233 102.6233 120.6842 122.4334 122.4334 116.4646 52.27431 18.86153 18.86153 18.86153 18.86153 18.86154 18.86153 18.86153 18.86153 18.86153 18.86153 18.86154
0 0 0 0 0 0 0 0 0 0 0 0 0 0 0 0 0 0 0 0 0 0 0 0 0 0 0 0 0 0 0 0 24.47 24.31411 24.31411 32.72084 50.71444 51.08784 51.18969 51.83729 52.4877 52.97752 52.97752 52.97752 52.97752 52.97752 52.97752 80.81736 102.6233 102.6233 102.6233 102.6233 102.6233 102.6233 102.6233 105.452 117.0246 122.3502 122.4334 122.4334 153.3971 176.9042 102.5344 55.30715 110.5132 88.43773 18.86154 18.86153 18.86154 18.86153 18.86154 18.86153 18.84929
0 0 0 0 0 0 0 0 0 0 0 0 0 0 0 0 0 0 0 0 0 0 0 0 0 0 0 0 0 0 0 22.79264 24.31411 24.31411 24.31411 24.31411 27.69717 34.39724 37.17558 39.51146 36.82782 64.20372 54.77993 52.97752 52.97752 52.97752 52.97752 80.26038 102.6233 102.6233 102.6233 102.6233 102.6233 102.6233 102.6233 110.3295 122.4334 122.4334 122.4334 122.4334 154.9574 176.9063 176.9063 176.9063 176.9063 175.7296 133.102 72.60303 18.86154 18.86154 18.85769 18.71838 18.20522
0 0 0 0 0 0 0 0 0 0 0 0 0 0 0 0 0 0 0 0 0 0 0 0 0 0 0 0 0 0 0 24.31411 24.31411 24.31411 24.31411 24.31411 24.31411 24.31411 24.31411 24.31411 39.56706 167.3145 134.9836 58.39879 52.97752 52.97752 53.85117 97.65471 102.6233 102.6233 102.6233 102.6233 102.6233 102.6233 102.6233 110.954 122.4334 125.4057 161.9003 167.7508 176.2491 176.9063 176.9063 176.9063 176.9063 176.9063 176.9063 104.2168 18.86153 18.38908 17.96714 17.92862 17.92862
0 0 0 0 0 0 0 0 0 0 0 0 0 0 0 0 0 0 0 0 0 0 0 0 0 0 0 0 0 0 0 24.31411 24.31411 24.31411 24.31411 24.31411 24.31411 24.31411 24.31411 24.31411 75.17378 169.645 169.645 161.4249 104.7127 66.17174 74.74423 102.6233 103.2621 104.4818 102.6233 102.6233 102.6437 102.8581 103.0228 103.1854 112.6533 139.407 176.9063 176.9063 176.9063 176.9063 176.9063 176.9063 176.9063 176.9063 176.9063 103.7509 18.44468 17.94634 17.92862 17.92862 17.92863
