Scenarios/Global_Grid/data/country_data_population_distribution/processed/density_grids/eth.asc
ncols 359
nrows 285
xllcorner 33
yllcorner 3
[rows 192 to 223 of 285, columns 219 to 291 of 359]
11.95207 11.95207 11.96866 12.01005 12.01005 12.01005 12.01005 12.01005 12.01005 12.01005 12.01005 12.01005 12.01005 12.01005 12.01005 12.01005 12.01005 12.01005 12.01005 12.01005 12.01005 12.01005 12.01005 9.807534 5.681736 5.671268 5.671267 5.671267 5.671267 5.671268 5.671267 5.671268 5.671267 5.671268 5.671268 7.951863 13.61235 14.13737 14.13737 14.13737 14.13737 14.13737 14.13737 14.13737 14.13737 14.13737 14.13737 14.13737 14.13737 14.13737 14.13737 14.13737 14.13737 14.13737 14.13737 14.13737 14.13737 14.13737 14.13737 14.13737 14.13737 14.13737 14.13737 14.13737 14.13737 14.13737 14.13737 14.13737 14.13737 14.13737 14.13737 11.24206 3.655782
11.95207 11.95207 11.98215 12.01005 12.01005 12.01005 12.01005 12.01005 12.01005 12.01005 12.01005 12.01005 12.01005 12.01005 12.01005 12.01005 12.01005 12.01005 12.01005 12.01005 12.01005 12.01005 12.01005 12.01005 8.677844 5.671267 5.671267 5.671267 5.671267 5.671267 5.671267 5.671267 5.671267 5.671267 5.671267 5.671267 8.069316 13.88345 14.13737 14.13737 14.13737 14.13737 14.13737 14.13737 14.13737 14.13737 14.13737 14.13737 14.13737 14.13737 14.13737 14.13737 14.13737 14.13737 14.13737 14.13737 14.13737 14.13737 14.13737 14.13737 14.13737 14.13737 14.13737 14.13737 14.13737 14.13737 14.13737 14.13737 14.13737 14.13737 14.13737 13.16939 4.742524
11.95207 11.95207 11.98783 12.01005 12.01005 12.01005 12.01005 12.01005 12.01005 12.01005 12.01005 12.01005 12.01005 12.01005 12.01005 12.01005 12.01005 12.01005 12.01005 12.01005 12.01005 12.01005 12.01005 12.01005 11.64151 5.951301 5.671268 5.671268 5.671268 5.671268 5.671268 5.671268 5.671268 5.671268 5.671268 5.671268 5.671268 8.030488 13.98718 14.13737 14.13737 14.13737 14.13737 14.13737 14.13737 14.13737 14.13737 14.13737 14.13737 14.13737 14.13737 14.13737 14.13737 14.13737 14.13737 14.13737 14.13737 14.13737 14.13737 14.13737 14.13737 14.13737 14.13737 14.13737 14.13737 14.13737 14.13737 14.13737 14.13737 14.12908 11.85616 8.988316 8.398652
11.95207 11.95723 12.00494 12.01005 12.01005 12.01005 12.01005 12.01005 12.01005 12.01005 12.01005 12.01005 12.01005 12.01005 12.01005 12.01005 12.01005 12.01005 12.01005 12.01005 12.01005 12.01005 12.01005 12.01005 12.01005 8.806592 5.671267 5.671267 5.671267 5.671267 5.671267 5.671267 5.671267 5.671267 5.671267 5.671267 5.671267 5.671267 11.18863 14.13737 14.13737 14.13737 14.13737 14.13737 14.13737 14.13737 14.13737 14.13737 14.13737 14.13737 14.13737 14.13737 14.13737 14.13737 14.13737 14.13737 14.13737 14.13737 14.13737 14.13737 14.13737 14.13737 14.13737 14.13737 14.13737 14.13737 14.13737 14.13737 14.04173 11.01729 8.764206 8.764206 8.764205
11.95207 11.9844 12.01005 12.01005 12.01005 12.01005 12.01005 12.01005 12.01005 12.01005 12.01005 12.01005 12.01005 12.01005 12.01005 12.01005 12.01005 12.01005 12.01005 12.01005 12.01005 12.01005 12.01005 12.01005 12.01005 11.58287 5.937169 5.671267 5.671267 5.671267 5.671267 5.671267 5.671267 5.671267 5.671267 5.671267 5.671267 5.671267 6.082307 12.52394 14.13737 14.13737 14.13737 14.13737 14.13737 14.13737 14.13737 14.13737 14.13737 14.13737 14.13737 14.13737 14.13737 14.13737 14.13737 14.13737 14.13737 14.13737 14.13737 14.13737 14.13737 14.13737 14.13737 14.13737 14.13737 14.13737 14.13737 13.99957 10.39934 8.764206 8.764206 8.764206 8.764206
11.9522 12.0026 12.01005 12.01005 12.01005 12.01005 12.01005 12.01005 12.01005 12.01005 12.01005 12.01005 12.01005 12.01005 12.01005 12.01005 12.01005 12.01005 12.01005 12.01005 12.01005 12.01005 12.01005 12.01005 12.01005 12.01005 7.474181 5.671267 5.671267 5.671267 5.671267 5.671267 5.671267 5.671267 5.671267 5.671267 5.671267 5.671267 5.671267 6.537591 13.92251 14.13737 14.13737 14.13737 14.13737 14.13737 14.13737 14.13737 14.13737 14.13737 14.13737 14.13737 14.13737 14.13737 14.13737 14.13737 14.13737 14.13737 14.13737 14.13737 14.13737 14.13737 14.13737 14.13737 14.13737 14.13737 14.11625 10.88613 8.764206 8.764205 8.764206 8.764205 8.764206
11.93892 11.89398 12.01005 12.01005 12.01005 12.01005 12.01005 12.01005 12.01005 12.01005 12.01005 12.01005 12.01005 12.01005 12.01005 12.01005 12.01005 12.01005 12.01005 12.01005 12.01005 12.01005 12.01005 12.01005 12.01005 12.01005 9.058781 5.671267 5.671267 5.671267 5.671267 5.671267 5.671267 5.671267 5.671267 5.671267 5.671267 5.671267 5.671267 5.671267 10.06459 14.13737 14.13737 14.13737 14.13737 14.13737 14.13737 14.13737 14.13737 14.13737 14.13737 14.13737 14.13737 14.13737 14.13737 14.13737 14.13737 14.13737 14.13737 14.13737 14.13737 14.13737 14.13737 14.13737 14.13737 14.13737 11.59416 8.764206 8.764205 8.764206 8.764205 8.764206 8.764205
11.41606 11.32372 13.2845 12.57146 12.01005 12.01005 12.01005 12.01005 12.01005 12.01005 12.01005 12.01005 12.01005 12.01005 12.01005 12.01005 12.01005 12.01005 12.01005 12.01005 12.01005 12.01005 12.01005 12.01005 12.01005 12.01005 11.05465 5.671267 5.671267 5.671267 5.671267 5.671267 5.671267 5.671267 5.671267 5.671267 5.671267 5.671267 5.671267 5.671267 6.04402 11.57385 14.13737 14.13737 14.13737 14.13737 14.13737 14.13737 14.13737 14.13737 14.13737 14.13737 14.13737 14.13737 14.13737 14.13737 14.13737 14.13737 14.13737 14.13737 14.13737 14.13737 14.13737 14.13737 14.13737 12.74926 8.862992 8.764206 8.764205 8.764206 8.764205 8.764206 8.764205
11.32227 11.32227 15.13232 17.02285 12.01005 12.01005 12.01005 12.01005 12.01005 12.01005 12.01005 12.01005 12.01005 12.01005 12.01005 12.01005 12.01005 12.01005 12.01005 12.01005 12.01005 12.01005 12.01005 12.01005 12.01005 12.01005 11.91998 6.218575 5.671267 5.671267 5.671267 5.671267 5.671267 5.671267 5.671267 5.671267 5.671267 5.671267 5.671267 5.671267 5.671267 6.137653 13.17309 14.13737 14.13737 14.13737 14.13737 14.13737 14.13737 14.13737 14.13737 14.13737 14.13737 14.13737 14.13737 14.13737 14.13737 14.13737 14.13737 14.13737 14.13737 14.13737 14.13737 14.13737 13.50548 9.042601 8.764205 8.764205 8.764205 8.764205 8.764206 8.764205 8.764205
11.32227 11.32227 15.71212 18.96711 14.20777 12.01005 12.01005 12.01005 12.01005 12.01005 12.01005 12.01005 12.01005 12.01005 12.01005 12.01005 12.01005 12.01005 12.01005 12.01005 12.01005 12.01005 12.01005 12.01005 12.01005 12.01005 12.01005 8.901517 5.671267 5.671267 5.671267 5.671267 5.671267 5.671267 5.671267 5.671267 5.671267 5.671267 5.671267 5.671267 5.671267 5.671267 10.23647 14.13737 14.13737 14.13737 14.13737 14.48261 14.6923 14.98663 16.11143 15.52057 14.74665 14.15169 14.13737 14.13737 14.13737 14.13737 14.13737 14.13737 14.13737 14.13737 14.13737 13.60144 9.451893 8.764206 8.764206 8.764206 8.764206 8.764206 8.764206 8.764206 8.764206
11.32227 11.32227 16.81105 19.01406 18.83049 15.25558 12.11841 12.01005 12.01005 12.01005 12.01005 12.01005 12.01005 12.01005 12.01005 12.01005 12.01005 12.01005 12.01005 12.01005 12.01005 12.01005 12.01005 12.01005 12.01005 12.01005 12.01005 11.73679 6.113687 5.671267 5.671267 5.671267 5.671267 5.671267 5.671267 5.671267 5.671267 5.671267 5.671267 5.671267 5.671267 5.671267 7.226781 14.02947 14.77043 17.17965 19.66608 20.4582 20.62116 20.62116 20.62116 20.62116 20.62116 20.05644 18.18395 16.78383 14.88594 14.13737 14.13737 14.13737 14.13737 14.13737 14.12162 9.863022 8.764205 8.764205 8.764205 8.764205 8.764205 8.764205 8.764205 8.764205 8.764205
11.32227 11.32227 16.56932 19.01406 19.01406 19.01405 17.67272 12.52444 12.01005 12.01005 12.01005 12.01005 12.01005 12.01005 12.01005 12.01005 12.01005 12.01005 12.01005 12.01005 12.01005 12.01005 12.01005 12.01005 12.01005 12.01005 12.01005 12.01005 6.193941 5.671267 5.671267 5.671267 5.671267 5.671267 5.671267 5.671267 5.671267 5.671267 5.671267 5.671267 5.671267 10.21447 19.83301 26.59426 20.62 20.62116 20.62116 20.62116 20.62116 20.62116 20.62116 20.62116 20.62116 20.62117 20.62116 20.62116 20.62002 19.888 18.579 16.62284 14.63341 14.13737 11.91467 8.764206 8.764206 8.764206 8.764206 8.764206 8.764206 8.764206 8.764206 8.764206 8.764206
11.32227 11.32227 13.88709 19.01406 19.01406 19.01406 19.01406 16.50056 12.2289 12.01005 12.01005 12.01005 12.01005 12.01005 12.01005 12.01005 12.01005 12.01005 12.01005 12.01005 12.01005 12.01005 12.01005 12.01005 12.01005 12.01005 12.01005 11.94882 6.423766 5.671267 5.671267 5.671267 5.671267 5.671267 5.671267 5.671267 5.671267 6.45239 14.3597 23.982 33.60406 38.68306 38.6869 38.00537 27.30071 20.62116 20.62117 20.62117 20.62116 20.62117 20.62116 20.62117 20.62116 20.62117 20.62116 20.62117 20.62116 20.62117 20.62116 20.62117 20.58631 18.0133 8.932844 8.764206 8.764206 8.764206 8.764206 8.764206 8.764206 8.764206 8.764206 8.764206 8.764206
11.32227 11.32227 11.78542 18.49479 19.01406 19.01406 19.01406 19.01406 18.67292 16.84513 15.89582 15.28288 14.73632 12.88851 12.02138 12.01005 12.01005 12.01005 12.01005 12.01005 12.01005 12.01005 12.01005 12.01005 12.01005 12.01005 12.01005 10.87145 5.671267 5.671267 5.671267 5.671267 5.671268 5.671267 9.018713 18.50874 28.13093 36.97184 38.6869 38.6869 38.6869 38.6869 38.6869 38.6869 37.67991 21.92249 20.62116 20.62116 20.62116 20.62116 20.62116 20.62116 20.62116 20.62116 20.62116 20.62116 20.62116 20.62116 20.62116 20.62116 20.62116 20.39013 8.764205 8.764205 8.764205 8.764205 8.764206 8.764205 8.764205 8.764205 8.764205 8.764205 8.764206
11.32227 11.32227 11.32227 16.00886 19.01406 19.01406 19.01406 19.01406 19.01406 19.01406 19.01406 19.01406 19.01406 19.01406 18.01377 15.63259 14.27394 12.65269 12.01005 12.01005 12.01005 12.01005 12.01005 12.01005 12.01005 12.01005 12.01005 8.991392 5.671267 5.671267 6.009916 13.03541 22.65773 32.27983 38.55452 38.6869 38.6869 38.6869 38.6869 38.6869 38.6869 38.6869 38.6869 38.6869 38.6869 29.55958 20.62116 20.62117 20.62116 20.62117 20.62117 20.62117 20.62116 20.62117 20.62116 20.62116 20.62117 20.62116 20.62116 20.62117 20.62116 20.5867 8.764206 8.764206 8.764206 8.764206 8.764206 8.764206 8.764206 8.764206 8.764206 8.764206 8.764206
11.32227 11.32227 11.32227 12.15461 18.22802 19.01406 19.01406 19.01406 19.01406 19.01406 19.01406 19.01406 19.01406 19.01406 19.01406 19.01406 19.01406 19.01129 18.7105 14.46026 12.01005 12.01005 12.01005 12.01005 12.01005 12.01005 12.01005 9.217447 17.1257 26.77847 36.0872 38.6869 38.6869 38.6869 38.6869 38.6869 38.6869 38.6869 38.6869 38.6869 38.6869 38.6869 38.6869 38.6869 38.6869 37.18081 21.35258 20.62116 20.62116 20.62116 20.62116 20.62116 20.62117 20.62116 20.62116 20.62116 20.62116 20.62116 20.62116 20.62116 20.62117 20.59768 8.954785 8.764205 8.764205 8.764206 8.764205 8.764206 8.764205 8.764206 8.764205 8.764206 8.764205
11.32227 11.32227 11.32227 11.32227 14.29157 19.01406 19.01406 19.01406 19.01406 19.01406 19.01406 19.01406 19.01406 19.01406 19.01406 19.01406 19.01406 19.01406 19.01406 18.42908 12.82701 12.01005 12.01005 12.01005 12.01005 12.01005 17.82162 38.20388 38.6869 38.6869 38.6869 38.6869 38.6869 38.6869 38.6869 38.6869 38.6869 38.6869 38.6869 38.6869 38.6869 38.6869 38.6869 38.6869 38.6869 38.6869 26.69956 20.62117 20.62117 20.62117 20.62116 20.62117 20.62116 20.62117 20.62116 20.62117 20.62116 20.62116 20.62116 20.62117 20.62117 20.62117 10.08165 8.764205 8.764205 8.764205 8.764206 8.764205 8.764205 8.764205 8.764205 8.764205 8.764206
11.32227 11.32227 11.32227 11.32227 11.35787 15.32467 18.91323 19.01406 19.01406 19.01406 19.01406 19.01406 19.01406 19.01406 19.01406 19.01406 19.01406 19.01406 19.01406 19.01406 16.92837 12.36435 12.01005 12.01005 12.01005 12.34956 33.5435 38.6869 38.6869 38.6869 38.6869 38.6869 38.6869 38.6869 38.6869 38.6869 38.6869 38.6869 38.6869 38.6869 38.6869 38.6869 38.6869 38.6869 38.6869 38.6869 29.44809 20.62116 20.62116 20.62116 20.62116 20.62116 20.62116 20.62116 20.62116 20.62116 20.62116 20.62116 20.62116 20.62116 20.62116 20.62116 11.34982 8.764205 8.764205 8.764205 8.764206 8.764205 8.764205 8.764205 8.764206 8.764205 8.764206
11.32227 11.32227 11.32227 11.32227 11.32227 11.32227 12.8839 17.75617 19.01406 19.01406 19.01406 19.01406 19.01406 19.01406 19.01406 19.01406 19.01406 19.01406 19.01406 19.01406 19.01406 18.69541 16.47436 14.66724 13.42108 26.12678 38.6869 38.6869 38.6869 38.6869 38.6869 38.6869 38.6869 38.6869 38.6869 38.6869 38.6869 38.6869 38.6869 38.6869 38.6869 38.6869 38.6869 38.6869 38.6869 38.6869 34.94675 20.62116 20.62116 20.62116 20.62116 20.62116 20.62116 20.62116 20.62116 20.62116 20.62116 20.62116 20.62116 20.62116 20.62116 20.62116 15.13516 8.764206 8.764206 8.764206 8.764206 8.764206 8.764206 8.764206 8.764206 8.764206 8.764206
11.32227 11.32227 11.32227 11.32227 11.32227 11.32227 11.32227 11.39628 14.60925 18.83035 19.01406 19.01406 19.01406 19.01406 19.01406 19.01406 19.01406 19.01406 19.01406 19.01406 19.01406 19.01406 19.01406 19.01406 27.40257 36.85876 38.02239 38.6869 38.6869 38.6869 38.6869 38.6869 38.6869 38.6869 38.6869 38.6869 38.6869 38.6869 38.6869 38.6869 38.6869 38.6869 38.6869 38.6869 38.6869 38.6869 36.24432 23.05867 20.62116 20.62116 20.62116 20.62116 20.62116 20.62116 20.62116 20.62116 20.62116 20.62116 20.62116 20.62116 20.62116 20.62116 20.28328 10.47816 8.764206 8.764206 8.764206 8.764206 8.764206 8.764205 8.764206 8.764205 8.764206
11.32227 11.32227 11.32227 11.32227 11.32227 11.32227 11.32227 11.32227 11.32227 13.00652 17.99506 19.01406 19.01405 19.01406 19.01406 19.01406 19.01405 19.01405 19.01406 19.01406 19.01406 19.01406 19.01406 24.75248 36.55741 36.66854 36.6777 37.74363 38.68205 38.6869 38.6869 38.6869 38.6869 38.6869 38.6869 38.6869 38.6869 38.6869 38.6869 38.6869 38.6869 38.6869 38.6869 38.6869 38.6869 38.6869 38.14808 37.9893 33.44333 24.38346 20.6257 20.62116 20.62116 20.62116 20.62116 20.62116 20.62116 20.62117 20.62116 20.62116 20.62116 20.62116 20.62116 17.28387 8.768252 8.764206 8.764205 8.764206 8.764205 8.764206 8.764205 8.764206 8.764205
11.32227 11.32227 11.32227 11.32227 11.32227 11.32227 11.32227 11.32227 11.32227 11.32227 11.87671 16.96626 19.01406 19.01406 19.01406 19.01406 19.01406 19.01406 19.01406 19.01406 19.01406 19.01406 22.53397 35.96414 36.66854 36.66854 36.66854 36.66854 37.28405 38.41423 38.6869 38.6869 38.6869 38.6869 38.6869 38.6869 38.6869 38.6869 38.6869 38.6869 38.6869 38.6869 38.6869 38.6869 38.6869 38.68681 38.02311 37.99169 37.99169 37.99169 31.7787 21.63245 20.62116 20.62116 20.62116 20.62116 20.62116 20.62116 20.62116 20.62116 20.62116 20.62116 20.62116 20.62116 13.67588 8.764206 8.764205 8.764206 8.764206 8.764206 8.764206 8.764206 8.764205
11.32227 11.32227 11.32227 11.32227 11.32227 11.32227 11.32227 11.32227 11.32227 11.32227 11.32227 11.43158 15.39623 18.98836 19.01406 19.01406 19.01405 19.01405 19.01405 19.01405 19.01406 20.72785 34.73177 36.66854 36.66854 36.66854 36.66854 36.66854 36.66854 36.67261 37.14324 37.54494 37.91772 38.17241 38.22839 38.00075 37.93112 38.08762 38.45776 38.6869 38.6869 38.6869 38.6869 38.6869 38.6869 38.56809 37.99169 37.99169 37.99169 37.99169 37.99169 36.52033 28.04548 21.84955 20.62117 20.62116 20.62116 20.62116 20.62117 20.62116 20.62117 20.62116 20.62116 20.62117 20.60374 14.87548 8.809419 8.764206 8.764205 8.764206 8.764205 8.764206 8.764206
11.32227 11.32227 11.32227 11.32227 11.32227 11.32227 11.32227 11.32227 11.32227 11.32227 11.32227 11.32227 11.32227 14.50703 18.89997 19.01406 19.01406 19.01406 19.01406 19.01406 19.56393 32.82985 36.66854 36.66854 36.66854 36.66854 36.66854 36.66854 36.66854 36.66854 36.66854 36.66854 36.66854 36.66854 36.66854 36.66854 36.66854 36.66854 36.68071 37.28542 38.31262 38.6869 38.6869 38.6869 38.6869 38.45093 37.99169 37.99169 37.99169 37.99169 37.99169 37.99169 37.99169 37.46311 28.33692 22.62382 21.67971 20.62116 20.62116 20.62116 20.62116 20.62116 20.62116 20.62116 20.62116 20.62116 16.39433 9.08132 8.764205 8.764206 8.764205 8.764206 8.764206
11.32227 11.32227 11.32227 11.32227 11.32227 11.32227 11.32227 11.32227 11.32227 11.32227 11.32227 11.32227 11.32227 11.32227 13.45416 18.45408 19.01406 19.01406 19.01406 19.04431 30.28363 36.66854 36.66854 36.66854 36.66854 36.66854 36.66854 36.66854 36.66854 36.66854 36.66854 36.66854 36.66854 36.66854 36.66854 36.66854 36.66854 36.66854 36.66854 36.66854 36.70744 37.62633 38.63379 38.6869 38.6869 38.33043 37.99169 37.99169 37.99169 37.99169 37.99169 37.99169 37.99169 37.99169 37.99169 37.99169 37.91723 35.20559 33.83669 26.59608 19.93869 20.59969 20.62116 20.62117 20.62117 20.62117 20.62117 18.27151 10.51718 8.764205 8.764206 8.764206 8.764206
11.32227 11.32227 11.32227 11.32227 11.32227 11.32227 11.32227 11.32227 11.32227 11.32227 11.32227 11.32227 11.32227 11.32227 11.32227 11.58906 15.69402 19.01406 19.01406 27.24804 36.66854 36.66854 36.66854 36.66854 36.66854 36.66854 36.66854 36.66854 36.66854 36.66854 36.66854 36.66854 36.66854 36.66854 36.66854 36.66854 36.66854 36.66854 36.66854 36.66854 36.66854 33.43949 19.13033 24.15151 38.44985 38.10107 37.99169 37.99169 37.99169 37.99169 37.99169 37.99169 37.99169 37.99169 37.99169 37.99169 37.99169 37.99169 37.99169 31.35497 17.35379 17.62172 18.45409 19.04431 19.75701 20.22754 20.52258 20.62117 20.05689 13.20129 8.765324 8.764206 8.764205
11.32227 11.32227 11.32227 11.32227 11.32227 11.32227 11.32227 11.32227 11.32227 11.32227 11.32227 11.32227 11.32227 11.32227 11.32227 11.32227 11.32348 13.2488 23.07093 36.5136 36.66854 36.66854 36.66854 36.66854 36.66854 36.66854 36.66854 36.66854 36.66854 36.66854 36.66854 36.66854 36.66854 36.66854 36.66854 36.66854 36.66854 36.66854 36.66854 36.66854 35.64626 11.21811 6.487798 6.487799 16.23331 33.85223 37.99169 37.99169 37.99169 37.99169 37.99169 37.99169 37.99169 37.99169 37.99169 37.99169 37.99169 37.99169 37.99169 32.1414 17.35379 17.35379 17.35379 17.35379 17.35379 17.35379 17.35704 17.52724 17.83213 18.14917 14.40802 12.57102 11.96404
12.73853 11.43586 11.32227 11.32227 11.32227 11.32227 11.32227 11.32227 11.32227 11.32227 11.32227 11.32227 11.32227 11.32227 11.32227 11.32227 11.32227 11.69815 18.49049 29.08323 36.00789 36.66854 36.66854 36.66854 36.66854 36.66854 36.66854 36.66854 36.66854 36.66854 36.66854 36.66854 36.66854 36.66854 36.66854 36.66854 36.66854 36.66854 36.66854 34.15725 14.97116 6.487798 6.487798 6.487798 6.487798 9.89816 31.86065 37.99169 37.99169 37.99169 37.99169 37.99169 37.99169 37.99169 37.99169 37.99169 37.99169 37.99169 37.99169 33.22593 17.35379 17.35379 17.35379 17.35379 17.35379 17.35379 17.35379 17.35379 17.35379 17.35379 16.44541 14.71512 14.71512
16.71406 18.70123 17.56677 13.1555 11.32227 11.32227 11.32227 11.32227 11.32227 11.32227 11.32227 11.32227 11.32227 11.32227 11.32227 11.87323 16.90081 21.12036 17.74924 17.74924 18.4801 24.66922 30.3118 35.9815 36.66854 36.66854 36.66854 36.66854 36.66854 36.66854 36.66854 36.66854 36.66854 36.66854 36.66854 36.66854 36.66854 32.68552 20.24646 7.595831 6.487798 6.487798 6.487798 6.487798 6.487798 6.487798 9.432093 34.35727 37.99169 37.99169 37.99169 37.99169 37.99169 37.99169 37.99169 37.99169 37.99169 37.99169 37.99169 36.63951 17.51156 17.35379 17.35379 17.35379 17.35379 17.35379 17.35379 17.35379 17.35379 17.35379 17.22453 14.86548 14.71512
16.71406 19.25837 25.40161 24.7669 21.18644 17.39984 11.97306 11.32227 11.32227 11.32227 11.32227 11.32227 11.32227 13.35958 20.42129 24.29569 25.40161 21.58662 17.74924 17.74924 17.74924 17.74924 17.74924 18.28297 21.93086 24.70765 29.16754 30.46692 22.8231 11.20834 12.83135 15.3009 17.06857 18.45299 19.56071 19.33577 12.24229 6.835961 6.487798 6.487798 6.487798 6.487798 6.487798 6.487798 6.487798 6.487798 6.487798 10.80296 27.22508 36.85603 37.99169 37.99169 37.99169 37.99169 37.99169 37.99169 37.99169 37.99169 37.99169 37.99169 19.77504 17.35379 17.35379 17.35379 17.35379 17.35379 17.35379 17.35379 17.35379 17.35379 17.35379 15.6605 14.71512
16.71406 18.70922 25.40161 25.40161 25.40161 25.40161 25.23893 23.94835 22.9221 22.47916 22.3857 23.75829 24.55023 25.28179 25.40161 25.40161 25.40161 20.12885 17.74924 17.74924 17.74924 17.74924 17.74924 17.74924 17.74924 17.74924 17.74924 13.91579 6.487798 6.487798 6.487798 6.487798 6.487799 6.487798 6.487798 6.487798 6.487799 6.487798 6.487799 6.487798 6.487798 6.487798 6.487798 6.487798 6.487798 6.487798 6.487798 6.487798 6.487799 7.471095 14.39458 25.66847 37.20211 37.99169 37.99169 37.99169 37.99169 37.99169 37.99169 37.99169 21.07767 17.35379 17.35379 17.35379 17.35379 17.35379 17.35379 17.35379 17.35379 17.35379 17.35379 16.68199 14.71512
16.71407 17.15897 25.1148 25.40161 25.40161 25.40161 25.40161 25.40161 25.40161 25.40161 25.40161 25.40161 25.40161 25.40161 25.40161 25.40161 25.01344 18.28395 17.74924 17.74924 17.74924 17.74924 17.74924 17.74924 17.74924 17.74924 16.22106 7.025547 6.487798 6.487798 6.487798 6.487798 6.487798 6.487798 6.487798 6.487798 6.487798 6.487798 6.487798 6.487798 6.487798 6.487798 6.487798 6.487798 6.487798 6.487798 6.487798 6.487798 6.487798 6.487798 6.487798 6.487798 8.390469 19.31479 28.54135 37.6378 37.99169 37.99169 37.99169 37.99169 22.42819 17.35379 17.35379 17.35379 17.35379 17.35379 17.35379 17.35379 17.35379 17.35379 17.35379 17.22316 14.86284
