Scenarios/Global_Grid/data/country_data_population_distribution/processed/density_grids/gbr.asc
ncols 259
nrows 285
xllcorner -8
yllcorner 49
[rows 222 to 258 of 285, columns 166 to 248 of 259]
27.47822 29.38788 24.6031 432.0121 38.35302 28.75327 53.47639 68.01422 146.8328 267.2761 2862.632 1636.63 248.5117 51.87471 279.7828 58.48862 60.57752 24.34803 52.65059 1191.229 278.4337 85.17069 215.9969 670.8333 1519.555 66.70887 648.3331 417.9172 154.5182 38.66904 25.33934 32.87407 46.19489 127.0313 273.6822 1139.306 1007.337 1064.566 939.1911 278.1091 1145.204 329.0307 687.3445 1292.27 3696.57 4466.005 6358.571 8123.48 4502.711 6185.288 6601.798 10476.24 9650.588 8676.271 5452.508 4027.438 2351.664 1618.814 2236.313 3271.898 493.4057 1634.776 371.5984 311.9055 1157.462 395.6216 2201.692 454.3445 1985.87 1077.2 1317.657 227.5975 43.17691 55.97492 15.47138 5.624346 5.473038 0 0 0 0 0 0
113.0194 39.65213 31.34121 115.1212 117.5153 45.13438 72.90912 41.23694 620.1803 1453.168 2723.339 4460.167 2511.577 139.8996 51.85861 29.4192 24.95047 23.96974 38.86247 67.75803 16.6554 36.08224 77.00718 61.47231 122.3968 56.76102 279.0321 47.79561 39.64885 108.2341 70.62651 66.4037 112.7488 43.45351 190.7708 1150.604 651.918 376.8515 75.37978 674.4775 476.1237 390.3472 1223.628 2641.859 4796.205 6643.11 6676.611 6893.736 8769.463 7979.331 10739.95 14593.29 15570.11 9338.229 10023.36 10640.81 8602.247 6407.55 4744.35 3500.504 1320.539 52.87517 168.6071 840.7347 2323.915 3225.803 1404.599 2328.978 1912.515 3586.934 3705.398 2048.844 553.8945 436.7284 19.1159 5.473038 0 0 0 0 0 0 0
39.23521 40.38002 124.4953 92.60183 132.8485 50.10947 331.0897 78.10804 334.9764 49.85802 368.136 415.218 223.4393 57.27635 28.59451 45.33099 16.30927 256.4815 28.78048 27.02846 35.76181 25.36627 41.25866 102.7525 62.41448 39.5255 294.7391 101.8502 230.2725 82.54073 428.9449 185.1285 858.6573 214.8926 113.8412 1025.615 3203.029 851.05 3585.869 4828.492 2738.371 1116.299 3555.74 4551.119 6650.737 6241.615 7406.259 6425.775 11037.63 15546.12 8367.759 11821.71 17300.29 12220.85 12342.48 9233.521 5583.269 3337.644 2292.205 516.239 1328.745 629.615 176.9701 267.6597 2096.995 314.4387 52.92084 1683.792 2787.732 1336.817 7648.931 6320.286 3924.741 2465.856 0 0 0 0 0 0 0 0 0
53.59414 80.20744 845.535 705.4847 38.06236 36.07804 60.08586 32.37153 25.83279 48.9291 26.01464 26.5563 30.47492 17.915 44.08457 113.741 16.87548 20.38612 36.10755 66.73688 33.56593 43.31478 87.9145 121.5954 74.28327 43.88743 119.8007 208.6283 1093.125 1269.918 2192.129 1005.7 739.6218 717.4711 87.07531 149.1201 198.4388 300.3822 1663.741 1353.053 1594.249 1165.22 636.5634 1491.642 5824.381 5780.758 5021.493 6683.712 9982.948 14709.79 13139.68 15375.86 12776.7 11446.52 5680.534 7321.564 6823.674 5018.434 3152.697 870.7321 927.8008 4224.01 2738.065 588.3303 518.4118 149.1852 95.49818 28.08708 45.12809 224.7384 75.11356 716.9611 0 0 0 0 0 0 0 0 0 0 0
269.6973 843.9387 707.3846 837.7866 113.5989 952.375 542.184 38.5182 25.96365 24.0134 32.39683 29.97471 519.1666 40.45707 20.91837 132.3884 26.4639 65.94593 25.87214 28.95531 40.28101 50.40147 111.783 342.1933 64.4024 56.73593 195.6689 79.23946 1255.98 2164.089 4009.728 4254.84 2729.751 733.6655 383.2218 1043.396 1115.738 527.1459 75.28279 121.1906 1546.265 1869.346 3647.649 4157.052 4358.044 5093.229 4613.912 1255.814 4595.576 9351.784 12752.34 9169.115 7366.014 7558.815 5699.075 4192.121 4514.045 2305.236 2610.733 2880.87 1588.659 1137.08 4112.796 3108.398 123.9863 281.1664 298.9708 626.843 51.84856 140.8165 60.86907 456.8721 2293.769 2382.044 236.5781 75.1601 0 0 0 0 0 0 0
85.78039 193.7995 602.7355 152.6682 95.01064 77.51281 50.48365 29.46828 21.1589 26.4357 34.63844 54.13382 137.0445 16.74468 15.36794 90.13917 22.46784 376.7618 54.84713 179.8567 45.62672 869.6872 2123.319 1596.727 493.5107 112.0072 142.0245 68.41435 755.8141 65.78273 531.0684 348.8162 346.5342 1839.761 1002.023 1997.874 1791.104 644.899 771.9105 153.1547 483.7058 977.6642 1098.86 1974.03 2745.547 2490.451 4515.838 5290.475 5506.042 6553.537 5052.235 9136.484 7361.067 3757.211 3944.823 2366.179 3373.555 646.3862 1236.688 489.1526 156.8801 818.4278 576.8098 555.6797 313.2218 2840.25 3095.079 5024.708 808.7037 197.3551 76.27747 346.8336 246.4254 184.6879 196.8196 243.367 85.51131 0 0 0 0 0 42.21063
498.2386 514.6169 800.7512 384.0829 75.90365 313.7895 1220.249 51.93731 44.95031 38.25937 32.60968 292.9874 38.32566 98.70496 85.76465 41.72194 37.39824 18.5122 32.82705 21.92618 186.1404 261.5161 96.98741 119.3381 73.09147 167.2346 1009.515 251.5581 133.7192 31.31038 65.01894 58.53746 104.1944 679.5586 1807.48 1584.226 1235.806 1057.515 676.0151 289.1769 122.5812 1538.597 2051.919 1324.518 1311.889 1005.846 1769.381 3744.398 3221.566 4859.275 3953.226 4982.436 2169.669 3196.236 644.6417 1133.265 2004.854 165.8817 83.60532 169.2488 409.5789 510.4685 334.7747 67.83031 476.989 530.5403 4560.903 2125.271 2977.098 335.447 356.4581 2670.251 858.5978 106.9641 47.73042 32.96204 41.0676 365.2575 2567.372 1246.266 1444.819 1778.484 180.1261
1631.438 1401.971 89.16068 48.76893 67.20524 156.8928 72.18828 84.88507 39.89774 37.24672 77.33562 39.3784 28.67012 25.73414 29.45099 15.47209 14.2406 32.39936 19.77959 12.19721 20.95221 18.14126 25.12387 76.38461 197.3237 37.76952 82.92155 91.36867 740.4841 171.7989 60.05904 91.70767 357.472 389.0331 615.6605 3325.339 2038.374 573.9127 738.0125 2078.458 3118.549 1259.427 283.319 98.56005 605.4287 789.7159 1604.374 1242.498 2087.067 989.5983 1857.859 2333.875 1429.984 153.2224 914.8019 188.1754 110.0208 207.2657 482.3107 385.1442 72.5145 384.7516 287.088 297.8889 2293.596 685.8508 474.3117 270.1647 56.74933 49.29033 102.8277 569.6161 190.7096 227.7218 276.6295 1398.568 137.8821 146.9878 131.8215 610.1635 561.516 379.9163 64.88499
97.70296 1158.901 71.99317 72.85027 35.68804 103.0681 190.7583 29.16715 25.22961 15.11129 25.50515 41.54985 21.68335 35.84174 116.222 301.7991 25.65874 32.14487 31.78625 59.14291 58.31891 14.75401 14.72937 51.22668 19.50346 202.1264 786.4509 3249.217 1813.138 213.0488 409.1085 500.442 63.69896 1905.581 847.6262 896.1157 2132.249 132.2337 168.7458 1422.098 974.5043 713.8299 131.6323 487.9812 558.7504 758.6527 205.3741 198.3207 471.1046 341.0259 965.9439 788.9232 669.2544 463.9874 222.0709 291.1561 147.1422 338.0037 1634.161 153.5642 186.5841 266.2344 83.1206 704.5856 450.6975 1584.872 3978.665 1904.145 111.3578 68.03336 46.45233 24.09903 52.42629 52.61155 48.69695 63.29903 81.60774 108.5106 212.3935 2059.045 1558.757 185.7175 72.42745
142.5331 290.4251 90.15893 25.85486 7.796721 10.74699 20.03696 24.59008 20.4447 17.99133 66.74259 57.92616 14.77622 407.9624 462.873 71.52876 143.4935 403.463 1802.448 124.9253 36.17341 296.7343 104.5727 289.4254 25.14111 249.1915 1221.955 1060.114 31.21693 38.98111 78.3811 222.6086 42.15934 164.183 868.8611 2525.925 1362.479 170.2329 138.391 1509.865 1812.107 417.5323 106.5261 105.7681 46.3621 568.5836 984.1304 307.3163 417.6565 2843.676 953.1684 217.6012 222.714 138.7442 477.9506 171.7927 82.81939 53.16651 110.5747 213.7746 894.7159 427.7141 240.233 258.6644 209.2476 380.4685 645.9163 899.6751 265.8548 149.7512 229.0371 182.5398 55.64732 107.3766 47.7574 60.32212 45.19863 64.69691 152.1786 71.3092 97.7359 151.673 324.7744
61.18032 972.6648 197.9878 53.3382 16.30507 14.87077 19.28678 20.00086 128.9087 33.29691 233.9063 1076.794 227.5066 74.96047 41.784 54.03732 77.19376 428.0779 958.0538 53.89095 38.43055 54.93993 30.82215 37.46064 30.15342 30.23458 23.40221 28.60674 29.60386 28.04853 36.76592 68.05085 97.20913 80.60498 1096.095 281.4777 104.5239 176.5583 536.1676 1470.962 383.8555 178.15 74.58978 138.2807 72.91499 66.45485 200.7514 99.35276 64.57354 904.6736 920.4474 255.1464 115.7163 334.4516 89.73322 534.7257 73.39098 58.49195 84.26686 199.3101 1755.979 154.515 212.5966 704.9488 70.95839 224.4829 78.99866 149.3575 142.4774 160.5912 52.00772 114.9073 94.1908 106.3137 172.1481 412.3183 180.5071 29.15502 38.03679 59.03524 39.51909 85.3026 35.4582
18.00184 20.08008 26.81903 11.67966 51.09081 35.33778 26.66254 24.48075 28.38133 29.8595 24.60749 230.3684 104.9982 40.12274 29.36591 70.67702 134.6062 35.90733 24.85917 80.29281 25.19604 83.47197 39.04351 50.5434 18.34152 15.84475 20.57409 35.59739 75.88157 71.00354 1294.072 105.5669 53.93571 91.37123 112.028 198.1367 99.83563 56.98087 398.0771 66.11082 62.11761 188.0612 682.6895 158.4399 68.90893 64.0956 154.0031 54.68573 231.8697 775.5463 732.8173 404.7656 269.4276 1196.648 464.4787 44.7099 70.22585 58.72845 144.1733 938.7582 3778.179 506.1647 150.9785 147.1281 179.0374 77.69402 73.74866 336.0251 75.00498 65.91711 84.78311 48.05983 74.64228 162.855 2891.237 2128.136 69.11267 82.05946 36.28911 69.86963 192.028 107.2457 47.78321
17.34076 19.84291 43.96097 20.30863 27.64403 36.66657 39.4846 41.3983 71.67107 190.1323 453.0394 441.8285 139.1953 67.68818 137.8812 22.80536 83.97976 35.77753 59.32712 19.891 50.92931 231.2778 500.6218 62.21041 45.01693 155.6335 195.8901 51.95587 329.4715 138.4063 53.09636 58.82835 176.7928 1099.438 431.101 340.8363 906.8279 177.563 180.3945 40.299 61.09793 76.82493 50.34786 155.5877 54.3566 134.966 388.1807 96.39053 1947.164 3455.971 1837.07 130.2199 357.5716 583.6653 509.0807 145.7123 89.39595 57.0625 130.8235 242.2425 636.3083 39.99167 45.13337 117.8114 109.9901 95.99618 343.3904 129.0887 51.88724 171.2947 147.4725 95.41368 67.13248 100.5492 490.9516 274.7718 144.3477 140.3822 142.1889 56.93653 129.1932 1644.257 1762.195
26.47203 41.82727 31.10176 95.65959 126.9528 46.27932 52.6847 18.57392 44.29036 259.3279 1901.278 890.7111 61.56214 67.30779 32.1347 36.88194 25.09809 35.20997 95.1534 20.15693 39.21441 1195.614 2291.281 64.51132 19.04536 92.95408 114.9377 71.72404 48.26915 23.2346 20.80482 45.4193 342.5948 90.46228 457.8299 121.621 333.9662 71.65363 67.03278 25.76538 77.93804 165.4182 47.19812 56.46672 145.7796 1061.761 2591.783 275.6195 71.99129 129.3401 118.4817 76.39264 187.4489 81.21053 73.32465 40.11428 34.5807 753.6086 825.4681 131.0522 53.83125 191.018 151.4788 156.0247 97.77732 57.41856 297.594 124.0691 81.56588 82.13747 494.8136 41.88409 107.6371 33.05162 130.2918 32.33131 24.91485 23.49553 198.3218 1249.881 1314.143 2915.949 7531.327
125.2541 604.8734 64.06557 32.24681 20.72921 21.17259 24.72749 38.90175 43.04195 35.52278 32.43303 39.51956 128.1371 45.30225 98.02296 55.78084 100.5272 86.50581 199.478 39.90136 227.1123 235.2194 223.9063 30.72031 28.59046 30.65829 30.47116 49.95789 32.08214 33.67349 70.21612 950.0222 315.9646 91.65736 37.25227 31.22081 43.76597 43.24309 31.43953 25.734 57.48433 78.54918 164.5197 477.8034 119.4439 727.9846 59.59739 76.51035 58.32852 71.6757 294.679 1144.722 320.8171 113.7003 78.65397 128.8229 86.00986 85.70457 129.8365 112.1299 152.6197 24.03329 35.47829 115.3849 97.8117 128.7208 97.79889 103.6638 68.76618 36.38258 68.2231 49.65184 47.73605 32.7393 31.5732 21.10781 22.33577 475.6193 949.8616 0 0 0 0
57.28063 74.37657 44.17688 23.20345 16.53572 21.01187 27.45784 17.59166 19.98094 24.07669 25.04897 110.4176 319.3724 54.17887 101.7919 155.0677 152.2122 158.3254 1098.864 568.0107 1992.92 2610.164 1351.99 134.9492 116.7675 74.82435 54.54221 32.80551 20.3822 56.41574 22.80168 218.2628 76.97639 40.70835 28.66352 127.8436 452.8777 41.57935 43.30796 212.8263 61.54575 161.184 142.2364 44.57232 47.01033 34.89431 165.3789 144.907 54.82009 108.5701 965.9142 1651.734 309.0306 113.6613 227.4482 104.6421 1120.937 223.2667 88.12233 244.0076 533.3937 98.76518 69.82649 57.58957 72.33598 163.8294 55.68866 48.52804 141.1057 66.18209 95.74767 75.83207 18.52454 33.93073 12.88175 26.24484 374.8778 1242.434 0 0 0 0 0
72.45754 95.49362 27.64797 20.75894 24.04961 56.18486 36.54019 38.16285 25.03607 38.79501 362.0554 211.8354 32.04806 18.10324 48.23997 50.61512 134.5162 1102.667 1313.962 4313.249 4141.703 2567.339 1338.711 272.5477 387.5513 573.3703 102.515 68.37961 47.33711 408.2239 302.9585 19.87175 18.46637 18.78681 20.7386 39.56867 24.34798 32.72929 36.45091 28.38137 71.4449 107.8018 354.085 544.6218 224.4904 26.65022 80.66936 390.4967 80.33465 457.2982 1404.826 524.7601 140.8527 136.3388 94.43281 56.70552 123.9971 104.8845 45.0674 187.6667 92.86973 49.96411 34.57983 22.18104 63.58822 195.8264 132.3653 77.42129 108.9214 59.41507 51.80538 412.2038 100.3105 82.86754 22.0146 254.3799 42.21518 367.3594 0 0 0 0 0
129.6604 56.5523 85.487 72.84892 34.6804 18.53195 25.64701 37.4688 350.6095 279.275 155.3161 73.76709 20.11322 12.55335 16.90486 32.44933 159.6383 595.1107 532.9216 1625.464 5251.201 4446.131 1979.339 904.7797 168.1113 343.7097 66.3284 89.73235 567.1093 2864.107 411.7695 66.22109 25.30334 27.84723 23.47224 77.12776 28.71122 14.58979 23.52082 19.88308 50.53771 35.39771 42.51028 109.4595 69.75703 84.82075 655.2257 100.7741 47.61232 41.24681 64.08263 54.2306 37.01085 363.9529 412.3443 337.3434 28.96974 42.90566 109.49 160.8553 287.7986 140.9779 76.47525 51.42914 133.5396 222.9125 367.9196 1161.457 404.4909 154.3613 116.5904 160.8228 0 0 0 32.97491 44.94464 50.30965 0 0 0 0 0
46.24927 174.9773 924.816 140.9754 22.14156 35.37519 58.46419 51.61122 248.7525 551.34 253.2883 1010.829 32.8222 22.793 13.20647 46.32591 133.2591 4.402898 7.565537 359.9567 1581.758 406.2289 1167.791 1907.437 1120.677 2314.167 1249.871 1517.297 2228.948 2479.706 2959.137 1211.033 447.9809 246.3282 366.3335 1650.526 286.4638 190.1515 443.7659 80.6338 281.382 38.28219 112.5755 225.4959 1203.017 350.6345 530.4 1102.542 2246.638 2844.24 4855.088 2391.835 461.9909 328.6314 413.4691 21.30141 24.25883 32.43526 37.58725 424.1003 913.1841 34.1329 34.92052 65.08147 1017.306 2435.626 1253.408 5362.748 4151.284 272.857 1229.81 0 0 0 0 0 0 0 0 0 0 0 0
53.59308 29.66184 61.5162 42.22269 111.8507 22.26172 754.6223 487.8088 1327.249 518.7482 77.82802 48.88576 55.88658 46.431 11.67157 119.9472 175.8619 25.43614 49.61677 31.11131 448.7887 470.2638 139.7858 51.30963 2021.74 2560.843 4239.677 5585.522 7217.718 595.3219 659.1343 227.0393 100.4814 206.4445 149.4375 650.2654 83.44304 1199.426 809.747 683.2308 1114.27 2916.962 1687.898 2160.823 5854.735 4401.162 3395.52 3269.443 2832.409 10008.33 14454.92 4497.187 1178.342 1332.189 633.0009 556.5118 59.06511 73.10625 24.73593 765.0032 2014.409 1760.476 565.504 81.93992 946.3287 0 0 0 0 0 0 0 0 0 0 0 0 0 0 0 0 0 0
110.8629 44.19963 22.58424 63.29887 226.0093 1189.035 1348.786 1158.479 2710.685 1402.696 364.5968 342.459 362.494 297.3488 1155.013 419.432 914.8101 274.0524 41.69552 13.02131 16.61794 51.12284 2766.221 1604.994 144.6338 762.6191 2676.939 6739.967 10799.15 1096.08 2841.694 2200.248 354.4528 575.1689 77.05487 77.63684 1801.391 5461.661 2826.722 2493.324 0 0 0 0 0 0 0 0 0 0 0 0 0 3422.875 2250.245 1250.424 2409.017 333.3918 57.06892 242.2657 3570.589 5397.593 0 0 0 0 0 0 0 0 0 0 0 0 0 0 0 0 0 0 0 0 0
44.50171 15.22543 15.47515 96.36738 140.336 2353.765 3371.46 3897.221 3958.553 6276.154 4542.4 2133.237 2086.296 1941.565 1052.406 633.5063 298.0789 323.7906 200.0669 59.39648 41.04132 57.63841 441.701 257.3219 409.1503 1221.729 2234.643 868.4456 0 0 0 0 0 74.85969 656.7955 1889.616 0 0 0 0 0 0 0 0 0 0 0 0 0 0 0 0 0 0 0 0 0 0 59.81644 40.82618 54.92479 0 0 0 0 0 0 0 0 0 0 0 0 0 0 0 0 0 0 0 0 0 0
323.1905 27.37364 45.85117 531.0582 24.20579 14.10809 24.08327 1032.653 1437.472 0 0 0 0 0 0 0 294.7951 689.8988 102.1343 59.74649 28.46504 23.27165 1154.654 484.7 48.78716 57.4362 175.5305 344.3825 1405.152 0 0 0 0 0 0 0 0 0 0 0 0 0 0 0 0 0 0 0 0 0 0 0 0 0 0 0 0 0 0 0 0 0 0 0 0 0 0 0 0 0 0 0 0 0 0 0 0 0 0 0 0 0 0
32.54963 13.36221 10.17801 29.93067 77.67994 17.02155 27.23348 90.9568 0 0 0 0 0 0 0 89.2712 89.2712 89.2712 38.83829 29.07382 116.1742 45.85181 39.36531 136.364 67.52768 1129.345 2413.762 134.1336 0 0 0 0 0 0 0 0 0 0 0 0 0 0 0 0 0 0 0 0 0 0 0 0 0 0 0 0 0 0 0 0 0 0 0 0 0 0 0 0 0 0 0 0 0 0 0 0 0 0 0 0 0 0 0
58.00234 8.246609 7.030714 12.19785 17.25912 80.32583 713.0796 1466.953 0 0 0 0 0 0 0 0 0 0 0 0 22.44744 17.73653 59.51919 142.6386 359.6255 529.0884 0 0 0 0 0 0 0 0 0 0 0 0 0 0 0 0 0 0 0 0 0 0 0 0 0 0 0 0 0 0 0 0 0 0 0 0 0 0 0 0 0 0 0 0 0 0 0 0 0 0 0 0 0 0 0 0 0
0 0 0 0 31.73767 31.73768 0 0 0 0 0 0 0 0 0 0 0 0 0 0 0 0 132.0456 201.2406 306.331 0 0 0 0 0 0 0 0 0 0 0 0 0 0 0 0 0 0 0 0 0 0 0 0 0 0 0 0 0 0 0 0 0 0 0 0 0 0 0 0 0 0 0 0 0 0 0 0 0 0 0 0 0 0 0 0 0 0
0 0 0 0 0 0 0 0 0 0 0 0 0 0 0 0 0 0 0 0 0 0 0 0 0 0 0 0 0 0 0 0 0 0 0 0 0 0 0 0 0 0 0 0 0 0 0 0 0 0 0 0 0 0 0 0 0 0 0 0 0 0 0 0 0 0 0 0 0 0 0 0 0 0 0 0 0 0 0 0 0 0 0
0 0 0 0 0 0 0 0 0 0 0 0 0 0 0 0 0 0 0 0 0 0 0 0 0 0 0 0 0 0 0 0 0 0 0 0 0 0 0 0 0 0 0 0 0 0 0 0 0 0 0 0 0 0 0 0 0 0 0 0 0 0 0 0 0 0 0 0 0 0 0 0 0 0 0 0 0 0 0 0 0 0 0
0 0 0 0 0 0 0 0 0 0 0 0 0 0 0 0 0 0 0 0 0 0 0 0 0 0 0 0 0 0 0 0 0 0 0 0 0 0 0 0 0 0 0 0 0 0 0 0 0 0 0 0 0 0 0 0 0 0 0 0 0 0 0 0 0 0 0 0 0 0 0 0 0 0 0 0 0 0 0 0 0 0 0
0 0 0 0 0 0 0 0 0 0 0 0 0 0 0 0 0 0 0 0 0 0 0 0 0 0 0 0 0 0 0 0 0 0 0 0 0 0 0 0 0 0 0 0 0 0 0 0 0 0 0 0 0 0 0 0 0 0 0 0 0 0 0 0 0 0 0 0 0 0 0 0 0 0 0 0 0 0 0 0 0 0 0
0 0 0 0 0 0 0 0 0 0 0 0 0 0 0 0 0 0 0 0 0 0 0 0 0 0 0 0 0 0 0 0 0 0 0 0 0 0 0 0 0 0 0 0 0 0 0 0 0 0 0 0 0 0 0 0 0 0 0 0 0 0 0 0 0 0 0 0 0 0 0 0 0 0 0 0 0 0 0 0 0 0 0
0 0 0 0 0 0 0 0 0 0 0 0 0 0 0 0 0 0 0 0 0 0 0 0 0 0 0 0 0 0 0 0 0 0 0 0 0 0 0 0 0 0 0 0 0 0 0 0 0 0 0 0 0 0 0 0 0 0 0 0 0 0 0 0 0 0 0 0 0 0 0 0 0 0 0 0 0 0 0 0 0 0 0
0 0 0 0 0 0 0 0 0 0 0 0 0 0 0 0 0 0 0 0 0 0 0 0 0 0 0 0 0 0 0 0 0 0 0 0 0 0 0 0 0 0 0 0 0 0 0 0 0 0 0 0 0 0 0 0 0 0 0 0 0 0 0 0 0 0 0 0 0 0 0 0 0 0 0 0 0 0 0 0 0 0 0
0 0 0 0 0 0 0 0 0 0 0 0 0 0 0 0 0 0 0 0 0 0 0 0 0 0 0 0 0 0 0 0 0 0 0 0 0 0 0 0 0 0 0 0 0 0 0 0 0 0 0 0 0 0 0 0 0 0 0 0 0 0 0 0 0 0 0 0 0 0 0 0 0 0 0 0 0 0 0 0 0 0 0
0 0 0 0 0 0 0 0 0 0 0 0 0 0 0 0 0 0 0 0 0 0 0 0 0 0 0 0 0 0 0 0 0 0 0 0 0 0 0 0 0 0 0 0 0 0 0 0 0 0 0 0 0 0 0 0 0 0 0 0 0 0 0 0 0 0 0 0 0 0 0 0 0 0 0 0 0 0 0 0 0 0 0
0 0 0 0 0 0 0 0 0 0 0 0 0 0 0 0 0 0 0 0 0 0 0 0 0 0 0 0 0 0 0 0 0 0 0 0 0 0 0 0 0 0 0 0 0 0 0 0 0 0 0 0 0 0 0 0 0 0 0 0 0 0 0 0 0 0 0 0 0 0 0 0 0 0 0 0 0 0 0 0 0 0 0
0 0 0 0 0 0 0 0 0 0 0 0 0 0 0 0 0 0 0 0 0 0 0 0 0 0 0 0 0 0 0 0 0 0 0 0 0 0 0 0 0 0 0 0 0 0 0 0 0 0 0 0 0 0 0 0 0 0 0 0 0 0 0 0 0 0 0 0 0 0 0 0 0 0 0 0 0 0 0 0 0 0 0
