Scenarios/Global_Grid/data/country_data_population_distribution/processed/density_grids/gbr.asc
ncols 259
nrows 285
xllcorner -8
yllcorner 49
[rows 111 to 147 of 285, columns 83 to 165 of 259]
0.6470946 6.106543 4.46613 8.567562 7.590068 4.801611 3.613786 3.02221 2.56532 1.360204 0.6329231 1.025526 1.201711 0.4749299 2.601672 129.7253 2.451128 2.151186 1.198645 1.148778 1.102805 1.054081 1.040478 9.031368 1.077673 0.9875283 0.978743 1.108067 0.6897087 3.440364 4.139482 2.094068 2.172845 2.438115 3.074342 118.618 161.8687 4.631709 2.038589 4.65773 4.626517 8.492501 22.74955 19.51805 9.288644 1.398808 1.833531 3.180798 3.901992 7.708817 4.575271 7.745278 7.841162 9.97147 378.8342 75.52999 20.8027 60.26888 8.573103 8.637102 567.1667 287.3866 43.88894 269.1671 54.87373 22.56486 218.0629 13.04703 41.85896 26.12093 16.85928 194.4695 492.7896 12.92237 0 0 0 0 0 0 0 0 0
0.389735 4.317312 6.400999 12.17708 5.801631 3.596045 3.004853 2.335262 0.9691829 0.5957662 1.020273 5.028795 5.957753 4.899274 5.360242 8.949004 4.166965 3.910905 1.47722 19.82045 1.157991 1.056077 6.120306 44.97235 2.179979 0.6389786 0.6389786 0.6401449 2.073221 8.542225 4.898273 61.12987 15.15279 5.402954 6.749209 7.05351 5.547504 52.2745 8.796833 150.0469 6.846257 523.5112 262.603 4.019507 3.826656 4.881976 4.880599 3.854903 37.60331 52.01256 35.9151 74.17612 14.58305 12.30409 218.4527 29.34739 19.57338 48.16676 9.729157 515.9234 1596.353 1331.469 69.45655 366.234 2273.106 1530.775 0 13.80209 27.59971 135.8834 819.1386 12.48119 0 0 0 8.531648 0 0 0 0 0 0 0
0.389735 12.73263 12.73263 7.333289 3.908346 12.55643 1.984776 1.360883 0.9724808 0.6996002 3.958161 9.064361 7.556133 4.301675 11.41688 18.34574 4.756404 4.030396 3.398148 2.753902 1.319045 3.868335 3.042409 1.862145 1.419906 0.8370281 0.6389786 0.6389785 1.424643 4.586763 6.621768 18.02052 16.50661 7.063934 7.938742 8.362846 57.63845 10.81082 23.24957 29.87575 14.90617 19.64349 1436.985 77.02223 711.817 957.1536 585.1082 517.2177 169.8806 44.36826 23.85184 19.6935 8.982748 7.620951 12.07407 487.0344 154.2946 840.413 427.4277 131.9245 1357.133 791.3867 305.1315 648.4558 1541.373 0 0 0 0 0 0 0 0 0 0 0 0 0 0 0 0 0 0
0.389735 12.73263 14.80947 8.161196 4.670763 4.770293 16.18074 2.348923 2.813751 7.697756 9.720849 2.402357 1.9316 1.797062 2.000281 0.9665131 1.146272 3.148354 3.836933 3.034792 50.69456 31.08489 3.414357 1.498649 1.652665 14.96873 1.000686 0.6617968 2.316972 3.383467 6.015779 7.157542 7.235353 43.24476 16.10698 7.889562 46.69957 5.805456 34.29083 14.77183 4.405046 258.3072 2063.603 503.707 336.1778 823.2449 740.562 187.0281 10.1588 7.335931 87.58038 354.9419 60.65762 70.07591 182.3338 162.7003 1053.407 244.8096 46.27459 9.133027 1019.167 3081.161 1641.107 0 0 0 0 0 0 0 0 0 0 0 0 0 0 0 0 0 0 0 0
0 5.857464 6.161911 7.341483 6.61031 17.19722 44.91379 7.907382 4.74272 5.152729 2.005176 1.88094 1.628549 1.539616 1.340314 0.8751 0.8352834 2.963894 5.664215 14.05521 31.37196 178.644 2.865911 1.97629 2.555024 2.290393 8.32458 8.935794 32.56544 30.10689 88.8522 35.74154 156.9486 69.22799 5.232486 43.16148 3.552518 2.646729 1.928939 2.378034 2.638707 9.90074 14.62503 83.01774 226.1992 15.06745 209.2303 426.9663 11.44472 45.16372 251.6911 197.9042 333.4732 916.6582 2666.804 1063.677 112.2827 158.6722 20.84602 933.0579 552.7039 22.42949 0 0 0 0 0 0 31.05223 31.05223 103.4913 1122.6 220.0971 22.15621 18.79286 0 0 0 0 0 0 0 0
5.61618 5.702731 4.556494 1.873016 1.935179 2.230536 462.1023 9.582334 14.29799 1.438151 1.504713 1.546355 1.543428 1.147832 1.077309 0.9844271 0.889304 6.874609 5.5999 12.41199 33.0146 220.1371 350.4753 878.3204 46.15934 8.75543 134.4723 369.3723 21.61242 11.46292 13.63482 37.06763 69.69434 4.981485 3.964948 3.297816 3.342343 3.02591 3.544901 4.023502 10.0327 16.48578 408.298 1241.369 356.4657 2405.158 1579.21 1630.622 286.8481 316.2696 2545.855 316.3666 228.4201 451.3937 1385.168 1359.729 3053.972 18.12013 10.01238 0 0 366.8363 0 0 0 0 0 73.21355 195.9726 226.5475 24.64474 20.43748 19.2919 25.11655 10.01934 38.25834 3081.479 0 0 0 0 0 0
5.61618 4.222032 1.760711 1.859432 1.210498 2.005189 3.018824 11.31654 1.434531 1.434531 1.438304 1.5173 1.543428 1.57906 1.703026 1.470634 1.462546 31.1146 317.1166 616.8315 379.6037 480.6712 559.5004 3181.263 119.7988 179.2698 410.3236 1225.367 2.793028 2.505537 5.189309 7.349699 11.65381 183.6319 9.30309 57.04538 391.8855 187.6884 50.86516 856.5719 384.8863 483.9553 744.8074 355.5856 30.2937 692.222 1001.18 1416.574 530.9669 240.1796 882.2876 255.4753 142.3148 92.18553 102.3795 976.85 47.54795 995.026 2845.732 4426.339 8075.009 4198.1 326.665 0 0 2871.887 1197.929 337.8194 15.46918 47.28064 204.2757 40.09874 32.89048 159.2316 19.57346 69.31696 506.1635 16.7346 31.03779 23.30083 0 0 0
4.19169 1.954406 2.175871 2.12271 1.496052 2.45229 2.461913 0 1.434531 1.434531 1.61758 4.566024 1.973876 3.139554 1.746084 1.758726 1.759848 1.759848 713.7564 286.8485 275.8605 1577.621 1797.338 1062.622 1351.623 1415.074 736.2168 1669.111 207.4739 164.4568 764.0507 894.8423 1161.592 1361.982 26.55933 320.3422 308.64 1787.754 401.4207 385.5983 1558.929 1497.146 180.3128 21.29293 100.0242 47.72468 14.05362 92.34274 61.91324 75.20141 10.47331 23.55507 485.0766 1185.491 45.14808 478.1919 45.53886 1641.008 3930.26 5972.736 5781.759 2835.886 2126.206 1864.232 1008.181 833.1705 821.264 145.381 25.75162 193.5412 454.8409 14.50192 12.30325 22.46811 13.60065 3.247403 2.778181 8.460462 16.18235 15.78117 84.62275 14.23838 10.65892
1.723317 2.022159 2.206604 2.16693 1.268611 0.8352019 0.8350986 0.8345358 1.434531 1.866096 3.189093 79.50761 2.717817 3.061943 5.973821 1.861377 1.759848 53.1072 332.8791 711.6947 239.9563 3.99497 2.524297 3.306957 4.527832 262.2032 82.72912 11.12483 223.7094 671.8703 1696.722 2895.748 4478.066 3943.228 3407.801 3145.287 1791.915 912.9215 772.2648 605.4667 129.1631 673.733 312.9445 235.4079 15.86582 10.32742 183.4512 174.6539 929.7395 1439.427 820.5435 1111.44 2533.088 1428.645 245.9815 96.70155 420.7815 844.9351 1181.314 1479.505 769.1284 2496.166 830.2838 1068.658 108.8351 35.93572 203.2615 158.0008 34.52996 23.95234 30.29436 55.9238 3.856496 3.65754 3.568139 2.608426 1.930917 3.564846 3.497494 3.642242 3.512639 4.683687 10.04738
0 1.140782 0.8372201 0.8431118 1.536565 1.76044 36.81164 86.0694 2.496645 2.530184 2.530184 3.18783 2.694272 2.864487 9.480224 741.0532 184.31 75.73545 0 485.5344 5.603933 3.249012 2.778034 3.684855 5.180887 16.64926 168.901 636.4346 1227.234 786.048 2038.711 2852.547 2937.819 4256.292 5783.725 4501.754 3304.237 3008.851 1880.877 1623.096 2516.172 2104.561 1430.36 48.30133 91.68825 6.34405 205.3187 130.6565 1052.471 402.0304 326.7313 506.1967 602.5001 33.74632 5.721911 10.31054 13.92424 6.066756 7.017756 614.6003 331.9726 348.5158 795.283 1120.52 410.9769 102.7517 9.127471 11.53815 12.87522 11.09984 5.843945 4.352066 3.501702 2.930905 2.820999 2.525039 1.94267 1.907506 2.362395 3.511135 4.470341 5.481737 13.21535
0.8345358 0.8345358 0.8345358 1.100755 1.749291 2.885571 2.433087 1.732745 0.9625022 0.9625022 0 2.530184 2.742636 4.321599 4.295284 103.1679 20.86859 0 0 275.192 743.8892 2.427797 3.850476 4.376503 5.129961 204.1477 65.14941 216.8145 1019.185 832.5791 1464.044 1883.44 2354.295 2497.57 4523.157 3925.76 2210.035 1649.587 1264.936 1679.295 2568.598 1778.384 703.3682 251.75 98.16142 540.0433 273.0528 109.6456 326.0542 32.97934 8.818164 7.933554 7.865965 4.545239 4.59723 5.574699 8.774772 13.43502 7.536612 630.0963 18.79495 6.789407 19.45752 10.92327 29.96597 11.3422 8.125247 7.396677 4.629123 3.474618 1.897743 1.502247 1.463826 1.535607 1.661641 1.610515 1.860915 3.033543 3.524201 4.472909 16.54869 8.970055 9.835895
0 0.8345357 0.8424359 2.676331 3.995935 3.076963 1.199719 0.9625022 0.9625022 0.9625021 0 0 4.321599 4.321599 4.25634 4.714983 17.78048 0 174.035 53.55035 459.8151 4.516845 4.285706 5.99394 388.9525 337.1414 21.04419 12.20651 17.09943 60.26165 437.4594 85.50645 949.2919 1277.024 1058.56 906.9778 2344.962 1849.956 1220.367 3178.163 1079.989 1190.32 1617.884 1671.597 275.3327 11.73861 7.756133 8.701217 206.4669 12.55412 12.70021 19.86262 7.597854 4.928565 7.088495 6.984089 118.0423 7.137678 17.4613 8.673414 4.526855 2.927884 1.665523 2.048006 3.08399 3.463286 7.997199 5.814932 3.975039 23.20607 3.737817 1.403822 1.403822 1.837947 3.050958 3.20252 3.068888 3.176581 6.125008 9.018624 230.9964 47.66594 12.22765
0 0 2.443691 4.027502 3.960133 1.668837 1.007217 0.9625022 0 2.836191 1.967468 1.967468 0 0 0 3.861385 8.40051 7.676706 32.21447 19.57422 26.61887 6.402546 4.378376 159.7225 265.1564 250.4887 41.74119 21.26113 112.1436 13.59647 7.101056 4.664512 6.70857 3.800334 265.6042 492.1797 901.3999 19.7409 64.83627 49.15055 77.36903 1123.544 282.1763 189.6495 678.2747 559.7691 10.91918 10.54955 24.05563 21.08327 11.64382 8.042718 3.242974 3.238553 13.06697 10.12619 43.99112 18.20706 5.231353 3.67347 16.67437 3.53818 1.894762 2.800786 2.944434 2.384973 9.845155 12.04867 5.400486 8.686495 76.12371 79.18999 4.309513 7.336621 12.98111 6.709362 2.319731 14.82764 8.032944 6.665754 8.073307 9.976387 25.83157
1.150612 1.150612 1.150612 1.151851 1.267837 1.257568 0.9773415 0 2.694221 9.985062 6.079639 1.967468 1.967468 1.967468 0 0 0 0 0 33.70462 532.5632 8.383066 6.699668 260.2098 82.14223 13.28727 12.5913 14.19607 602.4389 19.21458 6.73006 4.264605 4.524064 6.179943 5.195824 5.934726 7.20379 6.047118 10.50372 646.9256 73.52837 474.8922 247.672 62.73275 95.10757 116.6254 755.7921 52.70322 126.8059 113.5392 112.0704 16.74471 7.388899 10.8629 14.39762 18.77697 8.686919 4.962134 4.547093 9.442247 14.77127 7.188607 1.523003 1.52456 1.745948 2.744914 2.305718 2.177403 65.4988 3.035693 3.895034 13.29438 6.744898 7.112919 7.539114 46.14339 7.524405 37.07524 21.12071 9.313346 20.16966 13.40978 9.336571
32.97089 4.879107 1.260371 1.503777 1.665877 1.665974 0 1.750067 1.750067 1.750529 1.940611 2.201922 5.696833 15.78829 0 0 0 0 0 0 8.970837 1962.997 1483.55 1149.988 915.5616 931.9193 118.9555 24.13989 383.8187 617.6144 100.323 15.60049 10.79657 6.573333 4.225332 4.272049 5.371567 13.6257 12.42623 14.09857 22.61211 4.472933 85.14911 435.3387 21.31236 10.82981 35.67061 10.36068 11.4655 45.39899 15.08583 15.04754 71.42421 18.50833 9.567827 4.916771 3.535411 3.182922 4.057665 3.827807 734.5323 11.39252 80.98578 20.25982 11.37937 3.555444 3.448472 3.682629 30.93323 36.99724 4.796112 5.443881 158.4847 15.68998 6.820802 8.645002 10.93888 15.36682 27.94874 18.75176 17.66672 13.44925 164.2599
7.985253 4.083447 2.279139 1.85095 2.800725 24.81021 0 1.750067 1.788366 1.844158 2.039313 1.883144 1.786817 2.612983 0 0 0 0 0 0 0 0 387.1325 45.38745 551.7427 1244.169 531.6452 283.8241 1130.787 2070.447 288.7227 308.4114 204.3173 198.6463 298.5434 4.106185 5.087605 7.340673 5.157704 5.098323 3.557249 2.662196 4.861361 155.5232 18.29245 12.80356 77.2755 7.627829 5.589588 18.82799 69.0062 19.61235 146.3 7.176168 6.060515 34.32209 4.943223 2.10221 2.616158 2.107332 3.391679 4.297356 4.87106 249.5693 56.01478 4.107699 4.698391 32.00615 26.08976 736.4638 524.7076 253.4533 43.03309 18.6848 12.10003 8.783338 9.271522 16.8299 616.6055 26.96667 9.625943 7.551584 8.099196
2.043177 1.929248 1.89162 2.32585 3.08594 37.29405 0 0 2.250417 2.250417 2.250417 2.419268 5.410708 89.70021 27.39971 12.33089 0 0 0 0 0 0 0 0 2270.721 1185.341 257.0781 117.7971 33.34718 100.0701 30.28835 21.99666 15.86187 7.130857 5.184219 4.522302 3.12885 2.47263 2.517385 1.545728 1.272274 2.662398 3.289958 3.29256 140.5739 4.853429 4.709802 5.725522 7.693793 11.9376 4.413176 4.01631 4.5202 2.337413 1.431913 1.396875 1.326115 1.75159 2.096764 2.011928 2.525944 4.319245 5.050839 4.385345 3.643879 3.376379 3.729624 5.018672 429.1235 93.18098 7.539884 20.64495 127.277 155.3305 10.38822 7.091144 7.793341 26.77418 14.50739 9.085069 7.962011 3.87386 52.76227
1.552877 1.44829 1.41941 1.635034 2.235667 2.399974 0 0 18.71129 20.79582 6.222253 1.777858 3.400674 65.61842 44.41893 7.600592 0 0 0 0 0 0 0 52.93608 2872.187 457.8376 335.519 18.899 16.14868 155.5645 13.00282 243.6397 154.7677 124.7586 20.81423 9.623781 3.317141 1.776611 30.23276 99.97285 2.405343 1.79252 2.988144 6.989554 1.088498 1.763702 4.597784 4.760743 4.859955 2.87432 2.691587 2.537215 3.537193 1.578473 1.16561 1.053497 1.193769 1.173161 1.365488 0.8132105 0.8763313 1.522155 1.630122 2.333921 2.670426 4.567371 4.576567 4.918467 8.1913 5.513674 14.20879 34.03168 7.605736 8.700875 45.39947 11.60202 14.24342 10.0476 7.508881 9.757548 25.09266 4.843722 2.38587
6.592137 2.730196 3.976408 7.277625 4.196498 0 0 0 0 10.78381 6.406086 1.508523 1.508622 4.845056 61.79911 8.234571 0 0 0 0 0 0 0 0 0 2602.806 2447.055 20.2897 282.832 20.76499 14.22964 14.58163 93.74643 185.5065 268.7393 74.15038 3.660567 2.906389 2.236298 1.577 1.286161 1.148025 1.107568 1.199421 1.478378 1.616809 5.869278 2.550403 18.7639 27.90367 1.523942 1.523942 1.250027 0.9370013 0.9304526 0.9304527 0.8300134 0.671425 0.6638514 0.6638514 0.9545374 1.450876 1.328174 1.167297 1.288928 4.277702 4.994291 3.536001 11.1861 8.195724 9.675593 10.85812 31.16777 11.5388 12.30874 357.6394 17.97886 9.585611 6.149983 4.329404 1.457429 1.750059 1.912937
12.23439 16.78503 427.148 13.35528 1.970384 0 0 0 0 10.73042 8.07286 17.83086 4.4249 11.49004 28.36155 8.234571 0 0 0 0 0 0 89.8869 14.38229 12.48989 935.1337 1357.483 18.50559 209.2913 259.7039 84.96465 9.646852 8.398543 7.047722 534.5256 193.607 3.10499 2.025041 1.941741 2.129075 2.080177 1.936641 1.950552 1.951472 1.936805 1.777833 12.26511 2.419836 1.098411 0.9217716 1.084734 1.188923 0.9534277 0.9304528 0.9304527 0.9304527 0.9655557 1.025399 0.8890293 0.7332309 0.8340566 0.9425388 0.9814494 1.10079 1.219524 3.585681 3.356281 3.360615 5.258738 237.5813 934.389 20.5172 43.59658 6.541369 5.982031 5.540237 5.120186 5.237127 2.929461 1.20451 1.321491 1.456044 1.523734
10.12226 9.318915 9.052306 2.039392 1.970384 0 0 0 0 0 0 0 0 0 0 0 0 0 0 0 0 0 85.40054 12.40397 13.23619 33.71881 93.24057 62.54342 12.37178 6.040916 30.54156 4.742034 5.102777 2.954573 2.046963 12.18713 235.6069 10.89862 2.108886 1.990954 59.6639 123.1179 2.19938 2.120032 2.151634 2.54733 25.77045 3.887732 0.8357043 0.8386607 0.8424587 1.043819 1.306665 2.014769 2.542674 1.855816 1.259989 1.187476 0.9074758 0.8563436 0.8527492 0.8527492 1.032526 1.121574 1.144337 1.160548 1.713198 2.02373 4.526021 89.6013 14.48373 3.428206 9.18559 14.29385 3.112465 3.094993 3.428853 2.195158 2.076146 1.108724 1.118876 1.077435 1.015603
0.967432 2.846681 3.240045 4.984675 3.916174 0 0 0 0 0 0 0 0 0 0 0 0 0 0 0 0 69.21492 9.40124 7.31108 399.4617 9.009006 33.5842 9.877269 64.66864 129.5394 8.203907 7.224836 7.046503 2.390445 1.553722 4.7528 1.584297 1.584297 1.677347 1.76124 1.729725 1.592809 160.699 11.28991 2.091438 2.275794 2.41932 1.944924 0.835161 0.835161 0.8431171 1.350468 1.433692 1.754174 105.3027 1.283437 1.287891 1.171339 1.16859 1.408094 1.240609 1.178618 1.208915 1.146794 1.104168 0.9985363 0.9758809 1.649618 2.257685 2.005391 1.310595 2.182132 3.136044 3.120272 2.61316 2.553706 2.102071 1.942604 1.88212 1.499974 1.699502 1.618292 1.043227
1.89209 17.58176 6.219742 6.13215 0 0 0 0 0 0 0 0 0 0 0 0 0 0 0 0 18.22618 40.56813 24.91507 6.965766 5.357794 46.59779 7.37114 14.46535 1.157594 0.9233478 1.579361 243.4962 0.8793346 0.8617657 1.063212 0.8096294 1.112479 1.558683 1.229567 1.262182 1.168312 1.124117 1.186916 1.36485 2.864721 4.781695 2.42028 2.298933 1.271309 0.8581439 1.958734 1.911761 1.720715 8.981218 158.2075 2.897006 2.551609 2.153672 1.527486 1.473787 1.473787 1.473787 1.379101 1.059706 0.8971484 0.8536813 0.8536813 1.197692 1.582578 1.302563 1.237363 1.327707 1.357206 1.885237 2.08488 2.073564 1.772894 1.837543 1.983161 1.983161 1.983161 1.983161 1.963176
0 0 22.53736 22.53736 0 0 0 0 0 0 0 0 0 0 3.389119 0 0 0 0 0 8.688644 8.646467 7.475306 79.08817 2.45522 3.477118 4.270088 1.06645 0.9787193 0.9787142 0.8405412 0.7619843 0.6305755 0.387601 0.3495826 0.3495826 0.3495826 0.4479898 0.3495826 1.379253 2.023673 1.744462 1.547502 1.504388 2.730568 7.568154 15.13226 1.994421 1.832645 1.737935 5.203528 2.979015 2.458611 3.112448 4.642822 4.341508 4.824996 2.070411 1.641983 1.621648 1.79591 1.852744 0.9266719 0.8547701 0.9070581 1.04884 1.072594 0.9929273 0.9135227 0.9135227 0.9253625 1.056737 1.087787 1.131542 1.48078 1.572786 1.572786 1.576537 1.711071 1.743323 1.866369 1.960329 1.983161
0 0 0 0 0 0 0 0 0 0 0 0 0 0 3.389119 0 0 0 0 3.389119 721.7272 4.051233 4.135376 3.705976 3.017935 1.804891 1.228535 1.162795 1.066788 0.9786326 0.8073103 0.7552071 0.3686782 0.3495826 0.4843855 1.123783 1.124736 0.3495826 0.3495826 1.259076 2.039219 2.163589 2.285704 1.809947 1.636697 42.58678 150.822 29.0948 7.052645 5.52123 5.11342 3.004485 3.98379 4.217155 8.239494 8.523881 6.483305 1.776634 2.441026 2.064663 2.156632 2.250205 0.9656515 0.8552223 1.372041 1.154094 1.116406 1.042335 0.937646 0.9135228 0.9467346 1.063518 1.10938 1.288974 1.565052 1.572787 1.887976 2.175855 1.680441 1.582566 1.582566 1.605371 5.074719
0 0 0 0 0 0 0 0 0 0 0 0 0 0 0 0 0 0 5.300669 4.622475 3.722925 3.995515 3.233652 10.92557 5.505367 4.390112 1.423369 1.226202 1.223139 1.081618 0.7550504 1.381205 1.196577 1.274143 1.624703 1.767882 1.812539 0.9664069 0.8927355 0.7773684 2.415876 2.69035 31.77631 16.70121 6.973221 9.069528 12.96518 25.5549 6.89388 4.709194 5.789101 4.029072 13.52511 12.19371 17.41192 9.58386 5.999925 4.50032 4.689942 3.562478 2.179904 2.74437 2.886969 2.058351 2.633493 2.500344 2.09748 1.524659 1.238758 67.4276 1.078645 1.276026 1.888703 1.572787 1.728796 2.339893 2.428847 2.453368 2.40266 1.914865 1.582566 2.229089 4.954792
0 0 0 0 0 0 0 0 0 0 0 0 0 0 0 0 0 4.873864 4.689211 16.0865 2.989637 1.846597 1.420187 1.69926 1.722676 1.506721 1.007725 0.6632951 0.6699204 0.6487724 0.5785236 1.394842 1.197816 1.286677 1.152052 1.137101 2.767977 4.368288 3.671427 1.163279 2.500568 2.994769 3.23339 4.547303 4.725403 6.269791 25.67908 19.60472 25.93482 10.53743 13.74461 20.11978 15.03759 12.95075 178.9586 13.56422 126.6155 7.022447 6.123979 3.372876 3.86482 4.022203 2.492326 2.250846 128.8679 60.77554 3.06807 2.950489 2.114685 4.267894 2.838602 3.512968 3.381811 2.035396 2.329345 2.412427 2.374468 2.298291 1.920859 1.660797 1.778012 4.002544 73.04909
0 0 0 0 0 0 0 0 0 0 0 0 0 0 0 0 170.9312 7.327424 3.696969 3.033727 2.518412 1.301181 10.12488 1.823884 1.968893 2.723253 2.115749 1.192556 0.4510876 0.4510876 0.4510876 0.6775641 1.143637 1.657713 2.336038 2.535336 5.515561 32.69844 4.245202 4.219262 3.353904 3.124397 2.194451 2.040627 3.143306 4.793401 12.17688 13.4644 16.80827 265.6179 247.9236 322.0177 26.82736 14.06568 35.24845 16.3911 250.9727 10.81163 6.451365 7.045506 7.36312 5.519284 4.198759 5.075859 4.830363 10.91664 16.46308 10.43889 10.43446 9.751869 3.67859 3.595618 3.595618 3.58814 3.149325 1.854839 1.644349 2.172556 2.237891 2.627795 2.870039 2.982115 2.966279
0 0 0 0 0 0 0 0 0 0 0 0 0 0 0 2.178658 2.178658 2.540162 2.11938 2.132349 1.818488 1.275453 1.419135 1.779976 2.337742 2.132087 2.479594 1.490095 0.5930465 0.8681448 0.4515373 0.4808298 0.8131492 0.9214429 1.083387 1.155448 1.167546 30.03702 4.001267 3.922258 3.546938 2.907699 2.099171 1.396919 7.780022 8.340276 9.143955 26.43649 25.76889 688.2379 1560.305 369.1258 60.44387 17.61267 10.67383 11.11494 11.66608 12.60774 78.52135 27.5064 53.43423 7.345334 5.740169 7.260902 11.74509 14.02746 38.51495 11.13359 9.680624 7.957599 7.861768 3.972375 3.431703 3.278361 2.568118 2.380732 2.43524 7.408355 6.40705 4.982645 3.339941 3.579529 3.78398
0 0 0 0 0 0 0 0 0 0 0 0 6.747504 6.747504 6.747505 2.178658 2.392562 1.599619 0.7344364 0.8511121 1.298663 1.274964 0.9513733 0.9228944 1.055365 0.9155851 1.423316 3.382 2.093919 1.007535 0.4510877 0.5253698 0.8404974 0.8440093 0.7978313 0.816597 0.8714619 1.808936 2.467754 3.718565 4.927475 4.13736 10.54933 18.40076 44.92076 12.6543 11.6085 16.47548 8.391585 11.27578 15.57723 36.33372 12.40868 9.791434 24.64696 26.71288 11.38307 13.59785 34.9889 13.85906 15.67958 45.48565 20.991 38.62574 11.49237 170.8089 13.37126 10.11203 13.01507 12.29327 12.51445 6.041846 2.910843 2.845729 4.743531 4.986369 7.101509 10.39847 12.41018 9.481899 9.571329 8.680612 9.775858
0 0 0 0 0 0 0 0 0 0 0 0 7.926325 7.445343 10.85786 74.09348 13.63427 3.494617 0.6040037 0.6112346 1.155546 1.274944 1.033644 0.8911164 1.270973 1.419809 1.923829 3.393003 4.035244 199.4341 0.6120132 0.8302922 0.9083856 1.332039 1.07796 0.7906439 0.8806622 1.896199 3.045233 6.846277 5.091077 39.64945 12.35636 14.36364 33.70089 7.574044 8.520351 9.454341 5.348988 6.931864 35.11588 15.94633 8.681141 7.678382 17.00424 14.35792 39.56268 29.55494 834.2756 316.3536 253.9849 18.11429 21.18607 345.0326 14.23682 29.86731 20.13283 29.01614 22.97181 22.39613 21.4319 18.10127 14.76787 10.76679 13.12897 27.29879 18.21296 252.2225 71.96068 8.769608 39.57831 12.5861 72.60841
0 0 0 0 0 0 0 0 0 0 0 0 6.358462 8.925824 36.34144 26.83567 13.18416 9.789979 2.251166 1.120968 2.269667 1.907714 0.9390485 0.8912613 1.159858 1.584753 12.17389 7.164179 3.571936 147.917 9.408361 2.392794 1.5286 1.756948 1.710693 0.8945437 0.790644 2.196584 6.348146 11.13682 6.096019 25.21651 356.2357 22.74976 11.04216 353.0598 3.174106 4.126286 5.228887 5.988434 8.734449 17.0574 0 0 0 0 0 8.177204 9.085276 15.7599 32.88617 34.58869 23.52778 67.05116 37.94779 81.68854 319.1872 61.32319 38.47017 36.58256 36.53003 369.8012 31.75612 20.42728 13.41607 12.77631 9.472445 7.782503 4.848426 5.105122 8.724341 9.972834 14.0483
0 0 0 0 0 0 0 0 0 0 0 0 7.410964 7.478179 6.799428 103.5863 969.6161 36.03917 18.1 22.48573 8.021558 56.46782 1.166765 1.685095 1.521589 1.433835 24.56571 5.715638 4.713742 5.258752 6.282079 91.31202 15.25561 2.630052 2.074744 5.017823 85.21787 4.129985 4.598951 8.049459 16.01116 17.18645 14.68652 6.865373 18.98214 31.35868 9.472599 8.445261 6.27627 8.056455 33.65729 18.97909 0 0 0 571.7885 115.973 11.83649 27.2629 25.89805 44.57579 25.83095 30.39779 33.06341 31.5341 1489.128 2996.409 1328.613 173.6903 193.6819 57.95409 32.5457 22.90379 9.918191 8.16783 6.759148 5.952828 5.05048 5.98882 3.669185 4.872433 11.03431 78.56492
0 0 0 0 0 0 0 0 0 0 0 0 0 8.338652 52.66493 10.72758 34.76617 15.22486 10.37282 4.763808 6.910856 7.545747 5.232052 4.329685 3.085837 2.650281 2.917533 2.906992 5.70111 12.08386 94.86495 6.857471 6.59287 3.805667 6.484737 6.928914 8.05619 5.920263 13.67294 224.5404 63.59035 5.668424 5.057546 12.71925 24.61218 26.82976 39.05561 30.87931 0 0 39.72536 0 0 0 0 257.7592 14.68853 19.23206 44.23736 16.60151 20.01957 25.04414 26.31816 84.88792 43.957 139.2869 351.3966 311.7249 65.28907 48.54938 19.31893 9.481674 7.887371 6.69376 6.459701 3.408878 3.179976 3.182323 3.572924 4.380126 5.692038 6.817026 7.342561
48.73145 0 0 0 0 0 0 0 0 0 0 0 0 0 12.8324 11.49627 10.08282 31.82492 15.89066 0 0 0 12.35505 12.20341 4.423952 3.78749 4.483761 5.140434 9.754171 11.59698 22.76779 6.88863 10.4021 0 0 8.081176 8.513768 12.82532 10.92485 126.0258 6.510792 4.505052 7.350722 4.896539 6.645538 9.225336 0 0 0 0 0 0 0 0 19.93638 19.80508 21.75201 22.43765 20.09695 19.09464 169.5594 337.051 18.94791 21.44865 32.07442 32.67254 28.09168 25.33012 29.6411 42.98975 38.69508 15.61722 10.09248 8.311844 8.168541 7.11136 6.788744 23.64889 76.63368 13.1741 13.0495 7.347324 7.973698
414.2816 0 0 0 0 0 0 0 0 0 0 0 0 0 0 0 9.412116 10.10963 11.23199 0 0 0 0 0 0 3.824332 54.22421 35.93751 7.105637 6.873417 8.674269 9.247066 58.11666 0 0 0 9.454511 10.93285 11.06874 8.005576 7.219465 6.260004 11.98855 0 0 0 0 0 0 0 0 0 0 0 82.92043 33.1809 70.31359 192.5322 35.81031 57.16711 17.97941 11.19826 10.63461 12.85295 17.32174 15.61292 16.10887 19.90164 27.28719 26.57223 8.738767 15.33286 47.45951 19.85699 11.41208 9.288403 9.331258 6.57902 5.917954 5.840962 8.678231 5.861454 6.608533
0 0 0 0 0 0 0 0 0 0 0 0 0 0 0 0 0 6.102003 7.645283 7.80007 0 0 0 0 0 0 0 24.11876 5.06283 3.998328 32.28973 48.66872 6.599561 0 0 0 0 0 0 0 0 0 0 0 0 0 0 0 0 0 0 0 1111.163 858.4249 188.5016 59.34883 35.79081 28.0156 32.15246 21.13821 16.7756 7.868671 9.538577 12.53154 19.11566 11.83869 19.27733 22.98111 18.72323 28.91026 28.11816 23.7088 66.56429 23.77131 9.486965 9.293156 9.202618 9.231503 5.914429 4.718716 4.598289 4.85739 7.113104
