Scenarios/Global_Grid/data/country_data_population_distribution/processed/density_grids/gbr.asc
ncols 259
nrows 285
xllcorner -8
yllcorner 49
[rows 148 to 184 of 285, columns 166 to 248 of 259]
2.432574 4.156475 6.757343 5.046772 4.685159 6.934614 8.949444 5.220154 4.20411 5.530504 15.22172 164.4216 262.8638 353.1277 144.177 1208.987 683.5865 426.2839 134.816 466.6604 57.81318 20.71544 42.97453 196.6606 3971.157 1787.048 0 0 0 0 0 0 0 0 0 0 0 0 0 0 0 0 0 0 0 0 0 0 0 0 0 0 0 0 0 0 0 0 0 0 0 0 0 0 0 0 0 0 0 0 0 0 0 0 0 0 0 0 0 0 0 0 0
1.80262 2.04759 5.209261 15.75234 24.00816 10.88102 11.77531 9.077142 23.84497 42.76727 46.68058 107.1109 520.2697 1565.524 1105.151 391.8068 888.8726 20.91098 30.47875 350.0045 21.56409 131.4259 96.02616 240.4432 1507.31 635.043 15.68839 14.20292 0 0 0 0 0 0 0 0 0 0 0 0 0 0 0 0 0 0 0 0 0 0 0 0 0 0 0 0 0 0 0 0 0 0 0 0 0 0 0 0 0 0 0 0 0 0 0 0 0 0 0 0 0 0 0
1.691763 1.691763 1.774936 16.08913 56.29874 18.90505 14.19421 10.89829 11.98457 28.17295 139.3831 128.1684 25.48249 25.60621 166.6001 671.1993 878.1359 19.57622 13.98841 93.28845 105.5184 860.7324 2474.733 1753.62 63.96246 17.07825 32.67413 411.9903 2974.53 1592.374 1388.506 167.0949 0 0 0 0 0 0 0 0 0 0 0 0 0 0 0 0 0 0 0 0 0 0 0 0 0 0 0 0 0 0 0 0 0 0 0 0 0 0 0 0 0 0 0 0 0 0 0 0 0 0 0
2.750807 6.546267 12.17569 11.44051 8.751485 9.176811 24.74991 318.244 185.3626 27.3754 87.87607 41.33398 131.7037 23.56916 16.71663 170.4703 905.811 738.0391 52.79466 32.5057 103.596 2530.229 3303.375 2092.803 4112.324 2789.456 1979.583 77.1904 198.1778 166.0305 916.6411 464.4696 638.3721 154.5487 107.8137 222.9643 0 0 0 0 0 0 0 0 0 0 0 0 0 0 0 0 0 0 0 0 0 0 0 0 0 0 0 0 0 0 0 0 0 0 0 0 0 0 0 0 0 0 0 0 0 0 0
4.213588 4.908884 7.524172 6.84114 6.415344 6.413941 11.28898 96.96487 50.63947 16.38052 19.32583 21.84352 36.51852 35.54142 36.34078 960.0947 3292.878 1916.453 303.7119 102.2668 70.70638 1215.834 2477.023 981.2757 1643.745 1443.477 86.79755 98.90166 1176.603 44.55385 124.9858 52.03519 17.58032 14.11861 8.923729 69.6806 19.32647 33.19898 108.627 0 0 0 0 0 0 0 0 0 0 0 0 0 0 0 0 0 0 0 0 0 0 0 0 0 0 0 0 0 0 0 0 0 0 0 0 0 0 0 0 0 0 0 0
6.455279 5.527275 6.171842 6.064824 5.43217 5.307455 5.390518 5.760958 10.02982 19.02496 17.97219 27.17592 38.83432 59.23049 76.90472 23.73222 112.0766 198.4628 43.13728 23.0255 31.93928 451.3356 29.04248 52.15829 55.68776 417.3207 359.3862 34.40084 9.916684 8.865617 10.12614 54.8747 24.37398 13.404 10.65479 11.28846 15.15718 38.47857 592.7 862.5289 64.82506 8.873155 0 0 0 0 0 0 0 0 0 0 0 0 0 0 0 0 0 0 0 0 0 0 0 0 0 0 0 0 0 0 0 0 0 0 0 0 0 0 0 0 0
3.681332 3.079968 2.549469 6.207946 4.877531 4.481109 5.750879 7.164178 7.123184 9.557124 16.48371 22.98324 28.20787 50.89105 47.75396 23.77464 48.77042 45.9451 23.45807 25.30966 50.11491 26.23078 38.50291 138.0601 31.22782 39.25681 79.21069 13.37579 10.75028 3.85593 3.814505 16.78215 15.94186 15.19915 38.63812 7.974162 26.28502 44.31149 94.09471 9.166134 45.30771 154.5472 0 0 0 0 0 0 0 0 0 0 0 0 0 0 0 0 0 0 0 0 0 0 0 0 0 0 0 0 0 0 0 0 0 0 0 0 0 0 0 0 0
2.235037 2.235037 2.235037 7.355628 10.77746 11.88861 15.36102 39.47489 6.277159 4.840243 13.86451 113.8826 1062.723 421.7726 281.0915 70.2051 17.47108 23.07727 14.6004 16.13051 20.19816 22.97793 40.74194 22.45327 17.38669 9.671892 6.078768 6.804574 6.123522 4.575585 4.349948 11.09978 11.53608 11.86084 5.687916 4.422664 25.64948 5.421297 7.970426 10.48642 17.5933 12.82375 27.10022 27.10022 0 0 0 0 0 0 0 0 0 0 0 0 0 0 0 0 0 0 0 0 0 0 0 0 0 0 0 0 0 0 0 0 0 0 0 0 0 0 0
3.627573 3.222797 5.455409 4.448527 6.732306 8.303308 10.87928 9.491828 11.39907 18.15066 19.57615 77.52402 364.4579 175.1771 108.7017 84.25318 28.48222 21.65542 45.12395 1012.799 60.79787 12.89256 46.25004 11.43025 3.181026 2.73718 4.644519 6.1462 5.992708 4.813711 4.68075 7.730903 9.125751 6.933397 5.837437 5.955719 6.961512 7.039461 7.32343 7.582384 6.507893 6.934522 34.42315 57.00697 0 0 0 0 0 0 0 0 0 0 0 0 0 0 0 0 0 0 0 0 0 0 0 0 0 0 0 0 0 0 0 0 0 0 0 0 0 0 0
14.70484 69.634 6.61702 22.15702 26.29642 12.51142 13.41897 17.06115 19.28021 35.82687 209.7823 20.62302 29.81955 45.01647 52.09164 88.92547 184.3796 172.7531 56.69424 471.7559 46.71369 38.90709 17.69066 11.46214 3.84598 2.711852 2.874088 6.268343 7.795245 11.3995 10.0745 12.83767 7.746772 6.870533 6.699764 12.48776 10.05889 7.538035 8.089139 15.15866 7.01336 6.187126 55.29472 718.5034 1411.432 0 0 0 0 0 0 0 0 0 0 0 0 0 0 0 0 0 0 0 0 0 0 0 0 0 0 0 0 0 0 0 0 0 0 0 0 0 0
3.787318 5.03755 5.663842 12.52823 14.16373 15.43361 12.25585 14.00181 12.44332 18.36701 58.632 17.55522 16.87119 22.55577 29.17 227.0063 105.2147 60.93866 39.67413 34.80219 36.95716 35.5388 25.15737 13.30633 8.707778 5.555133 5.675034 6.933504 15.29792 21.46129 32.01236 240.0516 22.24677 23.47333 51.20205 81.97061 18.0465 11.61072 11.08064 13.71099 10.289 28.14039 130.0113 1294.371 2964.034 435.5202 0 0 0 0 0 0 0 0 0 0 0 0 0 0 0 0 0 0 0 0 0 0 0 0 0 0 0 0 0 0 0 0 0 0 0 0 0
2.996372 3.68771 4.311121 4.017585 5.225739 8.813438 7.640152 4.899874 6.022348 5.948483 4.720464 5.083322 6.363949 28.39137 94.17079 29.8824 25.49477 29.32562 40.75651 33.36583 105.3719 615.4012 162.4935 40.28807 29.03769 13.55715 15.22988 17.29151 96.28671 27.07858 41.12164 17.80219 23.41059 30.94355 88.67944 370.2343 99.3652 33.93272 12.41304 57.90829 38.42863 22.90709 92.14186 321.7374 716.0446 69.39509 581.9216 965.8398 0 0 0 0 0 0 0 0 0 0 0 0 0 0 0 0 0 0 0 0 0 0 0 0 0 0 0 0 0 0 0 0 0 0 0
2.994653 2.947117 2.955918 4.046576 7.90491 6.483797 3.718762 3.045491 2.550026 3.877025 4.443801 5.03336 9.855419 17.4009 38.54121 38.73587 48.60641 25.3875 48.47039 44.8462 126.9133 47.75909 41.11884 24.67085 28.97429 18.36732 21.88898 78.52723 37.00364 20.37391 17.68311 23.23891 24.53061 30.66182 31.53799 16.5498 20.31462 16.12539 13.5204 16.81732 20.69781 55.55676 22.88115 35.98542 24.67725 27.34734 344.6624 198.944 28.32239 0 0 0 0 0 0 0 0 0 0 0 0 0 0 0 0 0 0 0 0 0 0 0 0 0 0 0 0 0 0 0 0 0 0
4.431933 3.527205 4.121258 5.7524 8.532189 9.201344 3.759602 3.076843 3.740736 4.321366 6.948271 9.167747 8.047203 13.26908 64.81274 28.00138 212.5647 1018.286 47.50441 59.64721 91.14098 21.49355 40.06013 22.66479 45.71614 92.69108 26.12806 19.47311 17.14443 15.71134 36.90749 32.84299 18.71594 64.02004 341.4321 583.791 29.02866 81.74113 11.97066 14.60079 16.57058 20.42057 14.47679 18.21128 21.6434 22.58246 17.73417 20.65083 23.92771 80.46181 50.13693 35.19628 0 0 0 0 0 0 0 0 0 0 0 0 0 0 0 0 0 0 0 0 0 0 0 0 0 0 0 0 0 0 0
17.45735 4.123447 4.046304 6.614844 5.785793 5.17531 9.572412 13.36615 7.37124 7.981571 7.661731 120.6063 26.8073 19.74722 22.91704 23.09202 32.86639 236.2447 73.70547 53.31779 323.4861 21.70817 41.54649 33.51435 54.16845 286.4644 69.27977 84.26464 17.1917 45.45884 37.27595 20.30857 51.94351 31.18175 44.50764 74.46123 13.36207 11.72703 10.04864 10.09493 15.6575 21.40891 26.90121 22.18564 9.673011 19.11079 19.39899 10.96452 414.8324 2145.488 155.0886 239.6279 29.14488 0 0 0 0 0 0 0 0 0 0 0 0 0 0 0 0 0 0 0 0 0 0 0 0 0 0 0 0 0 0
21.27796 10.14923 8.087143 7.473684 23.2436 98.64119 63.51756 14.69788 7.520305 9.613415 14.04169 25.31647 72.28938 83.16534 24.36684 55.36462 34.51524 59.37486 39.27139 58.16272 48.66924 47.31013 59.57128 62.96646 117.7677 53.14632 34.00237 45.75039 45.58956 79.97237 38.70611 29.17948 20.3165 20.99036 39.26131 18.58982 9.565439 6.646434 7.411786 6.930347 6.486442 7.305542 12.06606 11.16617 67.00943 31.93894 30.80885 26.20994 251.9307 4351.179 0 0 0 0 0 0 0 0 0 0 0 0 0 0 0 0 0 0 0 0 0 0 0 0 0 0 0 0 0 0 0 0 0
110.6848 17.0608 14.73614 7.700893 10.37301 16.20847 9.735831 5.373131 5.268248 5.944729 8.002321 9.90636 31.74914 101.5911 71.95169 134.6857 1010.582 1245.467 895.2458 450.7718 32.56613 48.97792 95.74232 62.06802 66.92326 49.53147 55.3586 270.9614 1054.858 326.5481 46.72692 36.12103 14.14225 19.7229 14.99224 8.992776 8.399919 17.73315 23.99289 18.27493 52.42883 16.07149 26.75731 928.4749 186.7341 33.22878 18.94692 17.91902 18.47838 0 0 0 0 0 0 0 0 0 0 0 0 0 0 0 0 0 0 0 0 0 0 0 0 0 0 0 0 0 0 0 0 0 0
15.96521 21.75253 31.8575 117.5117 15.09876 643.4106 174.1005 22.73697 17.66874 11.92342 9.987126 7.779615 13.24402 16.83228 21.72538 54.61809 1398.433 2265.913 439.1913 98.38601 28.65261 26.55926 106.2127 88.0967 39.91771 69.20949 926.0854 2685.853 3269.632 220.9046 319.0048 104.5685 257.7317 114.4001 31.97274 21.78978 14.59378 10.04928 9.412444 14.9135 17.04945 18.32754 49.66873 226.5628 29.06797 29.23659 73.81542 65.89278 36.82503 83.73495 0 0 0 0 0 0 0 0 0 0 0 0 0 0 0 0 0 0 0 0 0 0 0 0 0 0 0 0 0 0 0 0 0
17.21323 536.5333 105.0982 23.05052 90.60453 584.8497 134.3635 147.5636 298.4876 287.2597 1012.084 93.30746 36.44363 66.80879 19.44625 50.78511 81.38495 76.88866 29.14341 103.1526 865.2535 135.8188 43.37728 29.5864 28.72446 61.49262 1449.881 2657.033 2330.795 427.4511 39.74802 80.49327 155.5187 54.53507 109.9875 666.4381 14.46026 9.474814 8.045497 21.99915 54.44422 29.43059 23.64094 82.36497 19.37061 19.26268 36.30232 20.24777 22.18231 194.8179 4156.412 0 0 0 0 0 0 0 0 0 0 0 0 0 0 0 0 0 0 0 0 0 0 0 0 0 0 0 0 0 0 0 0
25.45733 421.2191 391.8879 49.90805 113.7396 209.3859 715.2571 970.1909 487.8593 175.5684 36.70484 344.1787 1221.422 953.6539 206.321 321.7109 28.42219 30.1026 59.21619 327.5793 140.6428 620.8659 86.80241 477.3849 66.02338 55.96489 226.4035 151.8066 64.80598 71.72168 134.8062 102.4344 48.1116 41.40358 28.70438 49.23949 21.92218 30.64346 20.92425 20.61726 15.27495 26.31586 102.9083 57.20153 23.40843 25.75717 288.8034 37.61576 51.98522 375.9492 455.4044 0 0 0 0 0 0 0 0 0 0 0 0 0 0 0 0 0 0 0 0 0 0 0 0 0 0 0 0 0 0 0 0
1056.547 1894.505 807.6508 40.61036 22.4794 36.09929 115.614 2412.113 1663.173 890.7194 1527.88 1854.487 1500.177 1785.348 1334.547 2082.904 1885.07 2629.613 533.8132 332.9879 73.84799 71.12366 35.27531 82.25159 74.09066 71.39938 48.62741 55.34557 124.4764 21.34722 26.07092 27.40151 24.6432 24.13733 51.8847 166.822 35.23641 251.1606 264.1094 39.66308 29.82281 77.18899 107.681 1720.254 595.0798 42.06651 35.32554 156.6952 31.17014 30.43611 29.46473 67.44846 0 0 0 0 0 0 0 0 0 0 0 0 0 0 0 0 0 0 0 0 0 0 0 0 0 0 0 0 0 0 0
3151.504 502.1353 27.03304 11.92601 12.29443 23.1818 63.90462 492.2809 526.3837 896.787 3404.251 5404.356 6185.493 2110.997 3292.454 4273.052 5880.249 6107.031 3637.098 2416.799 545.2233 337.5209 70.79936 200.4054 337.3129 43.8681 93.56932 112.1631 262.0572 246.9144 83.42834 78.29941 61.52472 17.88566 15.19954 62.94049 17.50572 11.14446 27.4573 68.42173 25.25895 35.5052 188.4753 391.6365 146.6067 794.0525 713.8333 25.47227 55.03269 87.33553 22.09055 61.51976 26.67641 20.77467 0 0 0 0 0 0 0 0 0 0 0 0 0 0 0 0 0 0 0 0 0 0 0 0 0 0 0 0 0
1108.1 303.129 16.72784 23.52917 21.96414 86.38486 51.50484 124.1739 853.1205 1129.446 3172.811 6252.715 2400.893 1188.475 1169.427 2265.517 2950.117 2048.607 983.2938 744.0727 1135.49 735.7753 84.65158 237.6134 222.5409 143.7637 212.8423 575.4062 1264.33 95.30079 240.362 26.9035 23.90973 48.61255 57.15173 46.51117 255.9863 76.58945 173.0203 305.5572 44.82233 49.74973 146.5756 1538.701 3900.106 4658.827 4396.316 3187.735 253.3631 174.4383 28.93452 74.27746 38.09716 69.34541 17.4349 0 0 0 0 0 0 0 0 0 0 0 0 0 0 0 0 0 0 0 0 0 0 0 0 0 0 0 0
82.36742 185.2582 168.7558 645.8248 205.2957 489.3829 409.9639 537.5654 3897.98 1832.756 1086.323 1705.338 1553.859 2024.441 2725.284 1902.422 1735.933 1595.1 1186.215 391.6736 659.7841 1736.582 1516.444 529.9548 191.8754 79.33405 82.98223 69.25165 58.77655 232.3919 72.84802 53.40482 408.5871 996.9421 25.44665 40.09033 68.61726 27.97098 70.66312 50.73524 1152.142 381.0488 526.7214 2535.501 3847.106 3211.685 1501.83 205.6912 158.635 832.8808 178.2169 155.5043 37.79866 21.57583 640.194 373.5173 0 0 0 0 0 0 0 0 0 0 0 0 0 0 0 0 0 0 0 0 0 0 0 0 0 0 0
611.5331 773.8732 101.9247 263.5077 52.86985 21.4885 59.04772 731.3926 420.2592 1716.619 1003.28 1935.298 610.4957 2437.762 3836.311 2070.071 1403.464 2951.009 1818.191 763.2113 1151.379 906.9861 2075.687 715.4575 309.3586 52.90804 231.5344 72.42794 117.0887 293.9726 108.2194 106.3943 394.0829 553.9103 67.27295 20.40654 20.98108 27.73341 49.03499 113.7404 35.55053 118.3058 31.2568 1257.019 249.2268 178.7726 128.0175 25.15223 19.90368 20.10641 35.67127 66.69553 29.75455 142.6409 34.97012 29.43734 32.06599 0 0 0 0 0 0 0 0 0 0 0 0 0 0 0 0 0 0 0 0 0 0 0 0 0 0
206.3275 1290.782 1512.269 1257.973 77.76221 17.38142 32.60733 145.4381 291.1034 1889.477 4175.081 3213.123 1762.846 296.2729 425.3276 613.2274 912.4144 1181.978 977.9835 529.282 356.5191 543.2785 242.8116 105.0413 59.01012 180.6505 54.92298 18.20254 47.27017 32.16858 31.4729 374.0865 9.529088 10.48101 27.10817 35.35355 37.86859 243.6977 34.5533 377.9174 44.05727 25.68321 33.15905 24.43004 33.31267 54.37042 30.35358 113.7872 45.0964 62.84235 13.57103 8.639983 7.982818 20.52171 18.97237 21.11684 53.30327 58.63245 0 0 0 0 0 0 0 0 0 0 0 0 0 0 0 0 0 0 0 0 0 0 0 0 0
1993.724 2436.833 3561.729 1475.869 117.1466 40.79154 17.18703 317.9775 308.1281 936.3321 961.5006 572.0535 383.1915 599.7517 585.8906 342.2126 138.7704 810.5439 704.4436 890.0074 859.1906 904.418 1046.477 824.0139 81.48163 731.3829 475.2004 41.01914 77.5565 634.8392 594.1126 495.8158 9.301246 180.0716 214.1025 41.82003 227.9899 936.2033 1427.151 48.05439 24.90185 30.28752 38.24314 35.23129 26.11431 62.58601 107.4017 60.71912 515.7652 326.2658 32.57801 105.4308 201.5345 0 0 0 31.14728 31.14729 0 0 0 0 0 0 0 0 0 0 0 0 0 0 0 0 0 0 0 0 0 0 0 0 0
1113.942 2450.48 2576.573 3449.158 1528.878 610.6777 186.2003 18.72679 25.23046 30.97834 443.45 839.0908 191.4141 196.6938 314.2851 63.91172 254.5148 1291.486 3294.893 1658.598 742.3091 400.7377 662.1279 36.84892 49.02954 1150.143 1038.61 298.8682 1176.531 922.9531 284.5 31.89147 34.39405 66.15182 177.0216 38.34518 108.9147 1126.395 3180.035 138.8401 391.3027 162.6233 545.7189 56.38488 145.5544 31.23055 18.82983 41.08323 133.073 223.0665 1074.076 3119.765 3711.799 3855.807 0 0 31.14728 31.14729 0 0 0 0 0 0 0 0 0 0 0 0 0 0 0 0 0 0 0 0 0 0 0 0 0
5312.495 4385.751 4252.024 3907.935 1761.624 1254.024 60.91397 12.33456 8.143383 8.395265 17.76055 31.96486 24.53507 86.76736 590.1514 355.1378 294.433 310.5714 1033.835 1300.593 1866.262 941.0521 1297.882 456.3014 46.55307 1032.689 2752.735 2854.909 1871.805 295.8121 45.53468 32.72046 31.29381 56.59062 280.9141 59.71913 25.72545 63.8177 343.5353 10.26415 73.10082 257.3716 31.3047 61.50533 22.8692 46.02615 40.55048 12.22995 11.84505 126.8065 50.53119 1236.324 763.9531 642.6849 45.93578 41.72767 44.32652 0 0 0 0 0 0 0 0 0 0 0 0 0 0 0 0 0 0 0 0 0 0 0 0 0 0
6008.19 4230.05 3576.761 3530.346 3590.81 790.1921 786.3115 47.88461 5.225756 4.249767 4.339113 6.799051 6.212738 3.935274 14.22484 715.4014 483.1108 112.9824 1797.443 869.218 67.67094 1363.175 1910.984 878.1124 1095.481 908.8804 669.9857 201.9821 1266.185 219.2623 184.8905 24.57518 70.88635 272.1094 67.77313 66.76682 24.5179 152.729 85.36988 190.0702 85.54271 27.37643 28.2861 31.4006 32.32642 76.49177 190.7657 17.59942 10.78243 15.04698 14.82688 31.54079 144.0668 144.4642 55.97346 55.11626 22.18494 11.34735 10.92878 0 0 0 0 0 0 0 0 0 0 0 0 0 0 0 0 0 0 0 0 0 0 0 0
9513.746 6864.947 3398.758 2961.287 1810.7 676.3647 987.6979 973.3226 3.724484 2.144742 1.573836 1.573836 5.891236 6.276481 7.217055 18.8187 248.255 770.5969 2977.544 2238.933 2149.993 2165.635 1959.633 1817.314 706.0106 816.935 38.65771 427.8816 550.6984 325.7171 36.1251 29.5351 27.24317 178.5067 133.1706 52.68333 93.26584 36.01164 20.06868 23.93147 29.8664 40.52893 27.83278 13.73733 23.49647 24.35994 17.44347 12.06383 18.60795 103.3113 15.50874 8.546882 18.19472 42.59356 38.46338 35.40838 34.14028 114.5153 51.15342 46.66146 0 0 0 0 0 0 0 0 0 0 0 0 0 0 0 0 0 0 0 0 0 0 0
2759.47 3691.891 3774.434 1994.219 1442.961 145.8021 134.2877 170.1265 4.634086 5.693313 5.432707 9.045481 1.646245 4.241352 10.31596 26.90816 321.3721 4496.345 5170.332 3118.558 1454.795 1346.123 698.2042 486.1971 338.1783 139.7569 96.62115 157.1658 143.9326 134.0362 89.28587 53.65673 52.69069 39.19671 96.04465 1665.205 91.45172 29.95508 31.72928 39.72853 75.00496 37.64651 39.61924 26.03189 26.16559 297.4156 208.8365 44.69878 17.42724 24.11728 17.1228 8.530028 14.13742 80.16189 165.9307 29.36547 38.14766 39.10076 26.11836 32.00565 0 0 0 0 0 0 0 0 0 0 0 0 0 0 0 0 0 0 0 0 0 0 0
2161.829 1598.981 1323.164 1280.191 431.3633 569.6946 521.7531 185.8247 19.88759 15.65209 18.5037 72.12094 50.86842 116.883 23.52962 13.14757 669.8836 2947.425 5653.914 3883.308 3175.948 2423.709 1328.596 611.7688 1011.133 507.8102 208.768 333.8218 64.13096 37.85446 117.6196 131.8047 89.45015 47.82368 28.58706 75.54134 71.85136 62.87943 33.89515 28.81114 77.52889 24.4046 23.52172 40.94708 33.17528 28.0179 14.09762 11.83858 12.62452 15.22311 16.22518 13.19758 9.022636 409.3974 764.681 78.49342 90.24834 24.88872 25.81879 126.7113 2088.893 0 0 0 0 0 0 0 0 0 0 0 0 0 0 0 0 0 0 0 0 0 0
1358.825 113.0334 123.4893 463.6207 24.80338 56.81501 361.3922 238.5264 419.2883 17.7598 17.87821 32.09103 99.50573 25.08243 174.923 29.56078 185.9898 1286.881 2692.591 345.1887 282.1874 1517.537 945.8174 150.8599 56.47787 79.46163 1392.542 2010.239 34.15815 55.65097 274.4106 1463.163 58.68301 61.7239 121.3282 58.61295 98.86692 88.04002 79.43533 25.58038 115.3626 36.69309 452.2863 75.66499 18.04968 19.95862 22.53499 24.26219 25.37874 14.41076 23.20812 20.78648 11.72212 7.955227 13.64578 15.92287 22.28404 23.44406 26.92002 57.42588 550.6408 352.5574 0 0 0 0 0 0 0 0 0 0 0 0 0 0 0 0 0 0 0 0 0
45.6139 194.1398 2566.559 1313.741 70.65546 14.15283 9.552488 379.0383 1020.542 49.5105 18.06701 158.068 41.43048 74.91401 144.0662 41.79398 17.17352 47.91908 281.2797 1351.047 1292.166 789.1969 322.2651 747.9437 616.8428 253.721 26.14513 29.32119 11.26498 19.74226 64.06271 43.81133 47.76561 42.05278 44.93668 65.30734 58.54272 130.7172 222.0078 39.26744 169.9765 383.6114 307.9277 228.3622 44.34986 12.92556 124.7922 24.64626 13.21915 10.89093 18.08935 23.79527 21.4877 18.26227 16.24518 17.0279 16.48314 62.29268 244.2163 23.00768 56.79145 48.10649 0 0 0 0 0 0 0 0 0 0 0 0 0 0 0 0 0 0 0 0 0
29.87553 45.34265 659.1154 243.8706 43.53471 5.603731 10.19077 104.6823 287.3425 26.87669 33.57183 24.40577 40.23686 238.0335 48.00738 36.55071 19.24157 47.55287 1100.226 2726.371 1158.154 300.1851 548.9308 446.4196 379.1105 189.7922 372.3839 51.3902 12.94165 208.693 242.4 57.98855 228.4691 43.14303 24.94955 43.52421 35.88144 54.72512 77.2828 1372.109 2360.313 2306.686 687.7964 395.0838 54.13546 45.06465 71.13845 19.69546 16.17146 13.9247 70.25814 208.027 12.36141 22.25665 19.33423 13.0585 14.28096 20.59674 41.36375 26.28852 43.05185 211.7015 821.7475 0 0 0 0 0 0 0 0 0 0 0 0 0 0 0 0 0 0 0 0
418.4242 395.1226 45.95601 30.77586 19.76842 11.74699 16.40478 13.34646 23.98871 31.44751 22.41978 23.06598 31.66233 173.3367 45.18871 149.2664 27.59531 23.79038 73.66125 642.2611 1155.276 357.3521 113.7062 233.6237 795.8782 965.4922 570.365 138.073 395.3706 435.2676 128.8485 23.70465 20.66079 28.73529 117.9776 50.75188 66.97211 51.85064 59.96377 1233.965 1966.316 650.0492 327.0081 96.4943 30.52322 35.33661 75.39754 21.23638 19.62927 18.89035 50.80555 297.5737 9.812114 16.11819 29.52981 42.29111 253.1104 24.31738 22.04455 32.94501 32.49717 102.2242 334.4309 0 0 0 0 0 0 0 0 0 0 0 0 0 0 0 0 0 0 0 0
