Scenarios/Global_Grid/data/country_data_population_distribution/processed/density_grids/gbr.asc
ncols 259
nrows 285
xllcorner -8
yllcorner 49
[rows 185 to 221 of 285, columns 83 to 165 of 259]
0 0 0 0 0 0 0 0 0 0 0 0 0 0 0 0 0 0 0 0 0 0 0 0 0 0 0 0 0 0 22.08427 23.07155 76.28053 57.54236 1107.871 119.1465 245.0751 178.9451 68.74314 18.45093 9.937693 5.107224 13.71018 17.18347 15.70393 225.8574 94.63281 13.57708 12.46576 9.903347 6.58446 8.503143 15.32831 12.4884 12.82749 27.21122 59.98641 66.17291 45.16941 52.5425 117.3395 527.9678 455.1238 541.4183 294.2217 365.6876 88.62897 36.66867 45.62535 35.53502 96.26812 41.04461 111.8967 164.4796 48.31653 29.03121 33.5494 31.0442 33.02493 700.2305 773.8328 93.10924 53.17305
0 0 0 0 0 0 0 0 0 0 0 0 0 0 0 0 0 0 0 0 0 0 0 0 0 0 0 0 0 0 0 0 27.17154 51.44876 151.2793 121.1516 61.71968 107.9036 43.31696 6.577495 7.191435 2.767391 2.762456 3.546412 6.801737 33.87922 21.71517 11.98529 8.964594 7.316634 6.980753 8.434216 10.17513 12.10411 14.67098 16.55758 37.05519 434.1067 56.23771 40.42546 40.65793 59.12901 93.11494 156.562 492.8049 546.7997 271.6221 90.54521 58.16593 22.91351 100.1202 35.80947 30.92492 133.4918 41.07304 35.70301 65.02951 1609.934 3199.894 548.54 109.555 978.4901 566.7512
0 0 0 0 0 0 0 0 0 0 0 0 0 0 0 0 0 0 0 0 0 0 0 0 0 0 0 0 0 0 0 0 61.97293 56.32236 333.0504 59.08043 15.78188 8.794827 6.633189 3.670782 3.237743 3.695969 4.208016 19.27523 8.932718 15.95223 12.71868 10.7761 6.803653 6.971673 7.567087 7.799487 8.038424 10.8792 14.49396 19.50763 25.11208 24.83421 23.69465 23.62638 13.6391 20.0783 134.1495 813.2813 1605.076 2407.528 76.81184 125.8497 57.87225 68.12123 41.60005 37.93727 25.26311 23.58985 40.32648 72.31339 1378.194 711.8713 852.2172 220.5269 41.37851 328.2181 1069.08
0 0 0 0 0 0 0 0 0 0 0 0 0 0 0 0 0 0 0 0 0 0 0 0 0 0 0 0 0 0 175.3189 33.31835 37.11834 14.10541 34.32552 15.08234 6.975458 7.219605 13.62521 3.030585 3.772772 9.852575 18.2996 16.87585 11.26742 11.62488 5.597642 3.020268 4.775624 7.278082 7.692258 29.46003 10.41444 11.57427 15.8772 24.46369 22.28436 14.97802 15.81353 16.27659 13.31676 13.66149 39.37199 768.0474 607.9271 826.8295 116.1299 96.16311 33.26397 32.73792 137.9163 68.56403 27.00002 34.3844 103.297 52.34186 38.89662 57.80755 35.77366 43.06388 206.9554 204.3842 815.2733
0 0 0 0 0 0 0 0 0 0 0 0 0 0 0 0 0 0 0 0 0 0 0 0 0 0 0 0 0 27.61189 72.63061 26.07381 22.41869 23.44336 23.66568 8.148143 9.449028 13.79617 9.436064 8.583777 11.97127 23.3594 285.2885 28.55085 11.36471 3.783116 3.22826 4.343268 5.365703 5.627861 6.680623 9.509995 13.70882 15.1174 17.63569 74.98903 47.42863 16.60683 16.85789 18.83142 128.799 126.1321 175.1311 759.2998 233.7508 32.09333 100.3553 48.79528 39.45966 41.49138 41.88339 40.24975 749.9601 59.08933 29.83009 23.17132 131.0556 70.67019 38.69154 74.23942 114.9469 111.2013 190.1443
0 0 0 0 0 0 0 0 0 0 0 0 0 0 0 0 0 0 0 0 0 0 0 0 0 0 52.31665 112.0353 216.974 28.1316 27.6925 48.15672 30.97918 35.73627 38.96193 136.7976 33.65366 256.7569 66.63264 165.0639 11.81025 29.19439 25.74599 8.090664 6.158534 3.766717 5.167379 5.20728 5.275143 5.337851 21.28174 10.32869 14.49671 23.60759 16.87365 22.79324 9.047144 10.28081 11.59933 12.51064 85.45255 42.15668 38.09031 412.2754 209.0043 74.38357 75.35789 40.69632 72.13408 39.38665 35.00542 49.67735 65.03708 88.68003 35.64225 26.59468 21.31531 23.74294 35.31782 205.0291 92.22727 57.38338 52.74511
0 0 0 0 0 0 0 0 0 0 0 0 0 0 0 0 0 0 0 0 0 0 0 0 20.58254 28.55747 26.76187 28.20601 15.53063 34.4542 227.246 271.6551 64.34131 59.2314 145.9897 504.327 124.2611 94.43703 32.51482 14.98759 9.291318 5.288327 65.04208 6.905214 3.017843 3.190881 3.852389 3.94999 4.762731 4.93147 173.6048 4.490147 9.850409 10.55178 5.324738 5.299593 6.148177 6.198364 6.171815 6.529881 15.09057 18.18674 37.68833 166.3582 321.9739 41.84867 36.32441 353.873 32.79731 32.62088 38.63941 50.52081 70.18372 109.0407 30.93313 41.99871 366.3205 716.8239 25.68871 49.90532 24.92185 26.96511 57.79329
0 0 0 0 0 0 0 0 0 0 0 0 0 0 0 0 0 0 0 0 0 0 0 19.07293 22.3425 30.71281 35.71354 21.89955 65.1874 117.3477 175.7406 0 0 0 0 0 0 30.00945 120.705 14.64803 9.440661 5.516654 3.231817 3.313684 3.631151 4.102541 3.351969 7.774022 18.74657 4.361034 3.510759 3.562508 3.593146 6.743096 8.276899 10.02411 8.925028 6.697339 6.981606 9.948025 22.37536 22.76895 76.00137 1071.767 582.5835 33.42429 25.2267 27.40182 37.97998 47.51397 37.51226 504.2224 26.78426 35.05759 33.16241 77.95597 100.3676 70.75457 78.33038 34.58812 30.56425 43.12786 137.0376
0 0 0 0 0 0 0 0 0 0 0 0 0 0 0 0 0 0 0 0 0 0 19.08018 21.42511 23.58321 18.57957 18.26614 22.10468 78.77142 42.52154 0 0 0 0 0 0 0 7.338773 59.18348 6.863157 5.853504 6.27271 5.37041 4.153347 6.08447 7.686298 5.913443 3.811971 3.128621 3.122624 3.028937 2.873529 2.797047 4.983581 10.65267 14.62996 18.30541 48.36464 19.10284 16.43057 22.02717 26.10926 77.12555 105.2032 55.76413 99.73439 32.21184 77.69169 91.84412 35.00366 63.05751 71.49773 51.65917 69.23596 20.42677 28.96746 37.04466 49.28866 44.50969 25.12983 27.37662 79.36847 39.74622
0 0 0 0 0 0 0 0 0 0 0 0 0 0 0 0 0 0 0 0 0 29.03986 27.9934 29.03986 29.03986 0 0 38.98249 38.98249 38.98249 0 0 0 0 0 0 0 6.668015 131.9396 13.16307 10.89556 12.13054 12.50796 14.71775 9.962951 10.53692 5.800458 4.849961 3.3352 3.01612 3.210016 3.399052 2.797063 2.796489 3.826275 9.689252 11.27075 11.46892 95.39046 27.09662 27.90462 86.19107 100.7756 120.6665 40.21872 57.71532 65.61259 70.06897 105.6763 30.05813 129.4115 59.52088 63.10499 156.1715 60.42331 40.06671 43.81349 69.13837 85.5009 712.7178 419.8323 34.8111 249.8604
0 0 0 0 0 0 0 0 0 0 0 0 0 0 0 0 0 0 0 0 0 29.03986 0 0 0 0 0 0 0 0 0 0 0 0 0 0 0 0 16.10811 359.2859 14.70353 9.998278 9.121594 164.9332 38.23317 6.545317 4.389254 3.821148 10.27028 3.01139 3.832058 6.047153 5.732653 4.668465 7.242068 9.006682 9.791815 12.19965 15.73056 21.77772 24.57355 31.40374 51.876 44.71655 38.23198 49.12166 22.68184 31.07885 82.36477 382.9267 717.5866 2553.333 53.14149 41.53899 52.47412 202.0956 782.7463 456.3887 1295.722 160.235 38.10617 38.54168 31.08878
0 0 0 0 0 0 0 0 0 0 0 0 0 0 0 0 0 0 0 0 0 0 0 0 0 0 0 0 0 0 0 0 0 0 0 0 0 0 230.9674 99.1188 18.92204 6.637777 5.223484 5.390007 10.01392 14.42641 6.146286 5.258728 18.67199 5.479611 6.162817 7.86788 8.448485 7.351165 7.340567 10.1026 15.76838 27.9176 21.90801 33.16817 19.2817 214.5694 34.89932 47.83944 47.91089 36.9617 46.02089 41.43147 53.52165 210.479 1558.276 1039.168 29.87762 23.25299 23.09817 38.14215 1181.392 2046.092 1806.858 260.0523 249.4564 26.1929 25.75287
0 0 0 0 0 0 0 0 0 0 0 0 0 0 0 0 0 0 0 0 0 0 0 0 0 0 0 0 0 0 0 0 0 0 0 0 0 0 37.23397 17.29894 9.09143 4.59667 4.582605 6.799751 21.60131 14.30151 18.0586 15.23157 8.092891 6.960865 6.646192 6.966469 7.069433 7.361552 9.397081 10.93595 44.69795 65.97052 18.12426 26.15834 26.42522 378.3228 34.4243 24.56013 38.80104 36.16134 132.4979 191.9554 53.37853 61.82048 98.28842 44.55757 62.66854 35.5861 76.08257 35.3011 51.4025 1676.626 1922.61 99.19984 119.3873 160.4872 372.7833
0 0 0 0 0 0 0 0 0 0 0 0 0 0 0 0 0 0 0 0 0 0 0 0 0 0 0 0 0 0 0 0 0 0 0 0 0 23.718 228.3022 53.81044 10.49904 10.11182 9.398239 10.1845 177.8034 26.05699 9.163583 10.56139 9.121165 8.509478 7.236384 8.413281 15.93482 14.24029 12.9864 13.08932 17.94331 26.19739 17.90579 25.26384 42.37871 35.37471 52.90432 25.4399 20.99393 27.86365 29.32597 26.02789 20.49572 24.68833 71.35065 26.44327 47.91209 26.64976 23.85888 188.1336 28.97457 432.6748 99.47453 27.13874 44.63662 34.42268 142.7504
0 0 0 0 0 0 0 0 0 0 0 0 0 0 0 0 0 0 0 0 0 0 0 0 0 0 0 0 0 0 0 0 0 0 0 0 0 0 596.5219 58.06737 28.97959 10.8637 8.7049 6.799049 9.773083 11.85113 5.794182 6.440319 8.627379 7.841839 8.20525 12.62518 18.9597 15.5324 18.5018 20.02345 35.16521 31.58157 32.99475 42.84301 36.688 97.23874 18.96015 23.47495 29.90706 22.3612 13.19894 8.710718 21.06428 78.47256 40.8806 24.27184 20.61178 19.87145 15.85446 21.40772 15.20107 29.43443 151.2137 37.19108 69.22588 46.49692 67.85868
0 0 0 0 0 0 0 0 0 0 0 0 0 0 0 0 0 0 0 0 0 0 0 0 0 0 0 0 0 0 0 0 0 0 0 0 0 0 0 62.99685 15.32349 34.74449 9.035329 7.505335 6.712493 5.127608 5.810062 5.899382 6.767954 6.123367 10.61913 14.6816 18.63033 19.08575 86.56605 27.52363 173.7941 694.1924 102.9821 38.97026 23.99324 18.46239 18.32555 55.4507 25.12575 11.98182 13.83754 11.3772 29.38766 235.4001 45.53244 36.21208 24.27666 18.19806 26.65175 28.1958 19.29995 27.23801 599.9052 401.697 35.89334 71.72398 55.72922
0 0 0 0 0 0 0 0 0 0 0 0 0 0 0 0 0 0 0 0 0 0 0 0 0 0 0 0 0 0 0 0 0 0 0 0 0 0 0 189.7559 52.56608 57.4816 5.911134 5.911103 5.116841 4.245081 3.991224 5.492473 6.916959 9.101425 8.67006 14.07179 26.28927 13.36809 22.44305 17.70162 22.47341 20.18164 30.22668 18.24088 14.17787 13.28925 9.909663 8.699159 92.89985 82.67629 18.98405 12.93746 34.33313 29.77887 16.1053 27.45543 17.40654 10.41052 27.37076 26.07016 16.15834 19.20484 31.1144 68.42908 83.69955 28.25189 26.66103
0 0 0 0 0 0 0 0 0 0 0 0 0 0 0 0 0 0 0 0 0 0 0 0 0 0 0 0 0 0 0 0 0 0 0 0 0 0 4215.968 381.5235 162.1187 112.2021 15.83327 13.51196 5.45861 3.654467 3.717629 3.899047 3.944806 4.447871 7.419353 69.82887 169.8532 8.515351 7.940734 9.599875 8.171675 6.92327 5.596882 6.332265 6.973531 8.309605 14.28766 18.55774 55.2412 16.23835 17.19803 28.3381 180.927 59.78227 28.88224 19.89021 16.35556 18.46792 18.85742 24.53703 30.31143 27.71326 24.49372 260.0697 119.5807 34.29757 48.4595
0 0 0 0 0 0 0 0 0 0 0 0 0 0 0 0 0 0 0 0 0 0 0 0 0 0 0 0 0 0 0 0 0 0 0 0 0 0 1003.717 817.6318 38.07924 35.92254 24.73904 21.15352 11.79702 8.917084 3.599581 3.599627 3.800289 3.856272 8.906667 10.05041 7.914649 6.798257 5.061664 5.053041 5.336717 5.929277 6.207383 5.703541 5.761163 6.862672 9.260324 8.808089 9.907933 20.10566 20.99583 22.43355 18.90845 19.11799 14.90069 176.1887 78.89893 28.85909 57.00016 41.59996 39.8615 225.1373 22.61028 45.74761 70.4911 458.8331 1789.808
0 0 0 0 0 0 0 0 0 0 0 0 0 0 0 0 0 0 0 0 0 0 0 0 0 0 0 0 0 0 0 0 0 0 0 0 0 16.88079 32.52151 38.96756 47.43612 22.44605 24.24155 23.58245 13.6239 3.440078 3.342556 3.161098 2.785528 2.184921 3.154758 6.255358 8.340673 8.921848 5.727461 4.196653 4.991213 6.635249 6.886088 6.833212 7.294109 8.124422 34.90682 165.3293 35.86034 49.51107 33.7067 40.66662 32.40665 10.18891 15.02322 352.5643 365.6401 46.62886 86.22844 40.50259 25.39978 47.32449 42.21463 91.38828 76.9737 460.4571 1323.463
0 0 0 0 0 0 0 0 0 0 0 0 0 0 0 0 0 0 0 0 0 0 0 0 0 0 0 0 0 0 0 0 0 0 0 0 81.80656 50.05978 20.85423 20.84004 21.70942 23.31667 16.23442 9.79201 16.52395 5.885235 3.461261 2.52176 2.066778 2.066778 2.066778 2.274189 145.4282 16.10011 11.0488 8.292261 7.464715 13.41939 11.89487 10.13169 8.620956 8.101727 9.488668 18.9635 44.54408 15.18192 14.86316 19.61781 54.56995 16.26303 46.43752 58.71178 70.58997 36.93824 309.077 34.18057 49.89672 40.19043 53.72911 73.87769 57.63138 222.1451 320.8053
0 0 0 0 0 0 0 0 0 0 0 0 0 0 0 0 0 0 0 0 0 0 0 0 0 0 0 0 0 0 0 0 0 0 0 44.80822 90.86985 43.0121 31.5916 17.75698 16.52164 12.88643 9.187767 6.217113 27.02564 4.651339 4.637167 3.424387 2.336559 2.121251 2.075499 2.334263 3.607133 10.86497 16.11309 35.45565 76.43124 23.10172 12.19287 9.67406 7.661113 16.15177 13.58757 16.86239 145.8944 49.4251 16.75102 44.56094 22.28971 59.22426 48.8536 29.52276 22.87084 21.09233 23.89849 18.40339 26.39163 31.43396 35.79794 45.00624 40.00829 60.35094 73.58354
0 0 0 0 0 0 0 0 0 0 0 0 0 0 0 0 0 0 0 0 0 0 0 0 0 0 0 0 0 0 0 34.70927 370.0377 46.92963 218.6638 33.13767 38.69979 26.77144 22.28493 19.3046 21.3253 22.05325 58.63144 14.63635 4.54993 4.510928 4.534673 2.389279 2.416917 2.836503 3.048803 4.55675 4.533953 4.566955 57.47074 323.4667 107.782 10.58148 9.317283 5.570099 6.196782 16.82467 18.18371 15.64679 15.22561 21.89672 20.92066 57.50288 37.52432 54.97932 279.7038 623.8483 32.0577 22.58774 18.44391 20.23923 30.30304 28.2528 30.90638 48.83454 81.74496 45.45839 189.9198
0 0 0 0 0 0 0 0 0 0 0 0 0 0 0 0 0 0 0 0 0 0 0 0 0 0 0 0 0 52.55821 47.64872 34.06443 85.15092 59.9883 38.01085 20.85008 33.57063 34.91601 20.40393 19.11309 19.21628 11.75591 7.378006 3.335042 3.561184 3.259834 4.288274 2.245146 2.29138 4.72231 5.696434 5.971024 5.971024 7.475822 24.1364 26.55009 14.26966 9.842848 7.473005 7.032788 7.790564 8.914601 13.02616 32.03749 218.3133 43.75362 26.90412 26.88046 38.74423 30.13694 31.05859 34.0421 32.53912 30.72916 20.32091 30.69241 329.9738 37.02359 37.49902 54.90678 65.6802 51.22579 469.4583
0 0 0 0 0 0 0 0 0 0 0 0 0 0 0 0 0 0 0 0 0 0 0 0 34.43995 27.00825 25.82723 282.3162 133.95 46.7562 42.18452 26.77678 16.91848 21.0487 23.0112 20.33105 25.16909 33.90158 25.56341 29.63896 22.11521 22.4202 4.482815 3.192519 4.081748 2.890893 3.298661 2.357857 2.201676 3.776736 5.224524 12.10424 14.91113 13.83128 19.0434 224.4349 13.2321 7.959343 7.604202 9.004637 9.625536 10.15057 12.8173 17.2723 41.18052 41.5505 23.24552 41.17494 76.24882 30.92595 36.14315 61.80213 86.73988 43.06193 33.94345 34.39822 36.09551 36.79125 27.04109 66.58652 168.5674 767.9263 142.0397
0 0 0 0 0 0 0 0 0 0 0 0 0 0 0 0 0 0 0 0 0 0 17.6278 17.79786 102.209 247.6243 60.8336 38.26425 54.1251 34.19036 28.33755 48.33365 26.66902 19.66303 22.571 27.51804 34.51993 28.85853 83.23453 195.8232 21.81642 14.71372 7.174249 7.24603 6.373018 5.792378 9.353374 6.896432 2.202734 41.59228 17.98771 7.854454 6.777457 6.158531 6.871102 8.18326 8.627448 9.395813 10.2685 10.54807 19.34861 26.18471 21.36722 20.99032 27.77208 26.69041 30.23586 23.66626 26.31995 130.206 128.5233 136.6901 115.4204 82.8274 34.51184 32.90337 29.9107 34.43121 44.12906 78.69077 295.574 1496.785 80.01222
0 0 0 0 0 0 0 0 0 0 0 0 0 0 0 0 0 0 0 0 14.60121 14.51828 15.80292 17.13581 91.23557 138.9351 66.41646 32.65083 32.38071 71.41241 39.75755 47.82642 36.2774 89.05347 22.4424 22.26359 28.53355 107.7858 16.17873 19.07974 14.34503 10.07395 8.434399 8.197633 6.909485 6.567699 8.914817 5.336711 4.508764 10.06229 5.557531 6.429265 4.400665 3.567817 4.312533 8.682133 9.139895 14.25144 32.85855 20.77037 38.24137 122.7113 51.90761 22.19897 18.98817 25.67603 43.01225 26.52135 68.66949 98.93671 222.2928 2485.502 1213.309 217.5614 52.71827 47.63309 42.22091 27.70707 170.8764 51.879 150.0926 172.9629 83.11513
0 0 0 0 0 0 0 0 0 0 0 0 0 0 14.07935 14.07935 77.66669 398.5223 47.51527 74.5775 80.80025 46.11326 13.69085 16.88622 27.0322 33.2566 27.78006 27.50721 22.55746 87.28903 45.2034 119.885 57.59479 78.77383 60.55907 31.3587 21.80584 11.05749 11.4638 11.93022 11.5635 11.26305 15.58546 13.01447 8.858317 27.36687 17.76262 4.959606 4.23826 2.801757 2.352529 5.476845 4.994616 3.759246 5.716322 13.92416 12.40974 14.0914 43.3956 81.34163 35.69968 14.15558 5.872023 7.997046 10.55722 16.92002 42.75352 17.7482 105.3909 139.189 53.53694 836.693 187.3177 47.28049 81.86375 32.65861 39.70904 31.16548 556.7664 40.4469 36.35173 45.41963 38.76189
0 0 0 0 0 0 0 0 0 0 0 0 0 79.31738 14.65472 14.10032 49.69981 325.4878 22.19666 12.22381 11.43898 13.06581 11.17524 10.2991 14.58878 77.16609 31.92679 19.37744 18.69356 24.65198 19.72331 24.27813 23.15472 23.00103 43.0872 29.56308 13.32413 9.329232 14.7032 9.080128 17.05648 20.55822 17.65946 20.92834 25.31019 119.1005 21.89282 7.051062 3.424853 2.741921 2.54349 8.041393 6.62793 15.13468 18.17867 56.44889 19.21388 18.73983 17.57097 75.68158 9.235081 7.991054 5.54708 6.109107 6.804056 24.52606 16.9317 20.47752 23.74539 24.07858 29.3359 95.51009 41.41596 45.87314 39.43031 23.19353 30.53635 41.47271 49.96534 34.44793 53.33598 70.37561 33.92849
0 0 0 0 0 0 0 0 0 0 13.74569 13.82439 23.03973 51.02634 19.44782 20.80468 73.86385 58.22303 20.79635 15.652 8.525655 16.86584 22.7556 14.79122 21.09297 26.87123 30.75668 26.52533 18.8261 15.76442 16.39625 19.9937 18.92192 29.81249 31.59628 16.10182 10.43577 10.67323 13.39959 14.24996 24.55502 23.39207 32.56713 46.23687 23.35253 11.21298 5.824755 5.934568 3.847673 19.2864 12.63226 35.36959 7.073038 11.24347 26.9131 532.0431 90.39632 32.53147 34.1969 17.41886 7.996109 7.148458 5.632766 6.555755 7.376742 17.67541 14.55249 65.24303 27.5642 28.14536 34.46769 30.82192 35.25016 52.87462 191.4402 239.9288 49.06965 68.66724 51.11792 360.8426 41.2486 76.77521 58.31573
0 0 0 0 0 0 0 30.62753 30.62753 22.73904 96.11885 19.62086 38.18591 36.1247 27.92876 18.36485 20.89483 30.9769 26.65722 22.76113 17.98622 17.46619 20.99343 20.19462 26.89064 24.18326 20.30117 15.96792 18.10124 17.76216 14.67689 19.41048 32.08338 70.5107 73.14729 24.97505 27.59409 37.29797 25.30564 20.1563 55.76139 152.3862 27.10089 12.20096 5.818907 4.170092 3.791273 3.447894 2.461884 4.667124 5.389125 7.487069 7.612043 7.630716 6.95151 5.59609 9.510019 21.96627 18.67192 29.18206 12.48628 22.74786 8.009228 10.76672 10.25963 34.00986 19.71498 15.03218 25.4605 25.31498 25.81201 28.06243 33.76081 58.71972 367.6541 245.6995 90.26241 84.80009 50.78518 47.69922 66.92876 220.2345 100.2119
0 0 0 0 0 0 0 30.62753 30.62753 30.62753 88.78693 83.6 134.7946 26.02366 40.14514 48.18271 26.77133 27.87534 36.17938 35.13452 26.59835 20.46461 28.95824 78.17081 27.86091 28.62791 15.49117 17.41212 35.83601 30.45485 26.48791 23.38846 151.9311 1044.076 149.5756 32.23848 48.98504 34.77025 28.22326 32.13477 40.23586 41.54456 16.30214 10.12815 12.07488 13.49101 8.513819 7.259136 2.65954 3.401958 5.18617 5.495707 4.087269 6.089458 5.916624 5.22775 4.532313 5.730907 7.735929 60.25673 19.35437 186.8767 65.18355 32.81208 264.2498 37.98038 18.85587 16.61801 18.52394 20.76882 22.56808 29.88371 64.22206 97.48547 81.87797 232.2741 274.9301 225.8687 93.13021 100.9594 43.27882 46.15277 1157.432
0 0 0 0 0 0 0 0 0 0 0 0 0 0 26.83773 48.38542 55.6726 913.853 104.3078 15.32324 19.71416 23.84065 47.78649 179.0349 30.61572 34.37928 140.0891 19.88264 63.04935 128.5249 31.79779 21.9072 44.07199 59.09752 42.66018 26.23927 56.01213 152.6196 237.2253 290.1245 331.2777 434.8897 159.1443 306.5185 189.0799 114.0241 15.52821 62.28202 83.63267 18.8485 3.077453 2.444473 2.751966 5.123354 9.249407 17.16701 15.25394 11.80136 44.52082 434.4491 659.1725 74.00692 258.1192 146.3909 893.8483 33.06304 29.33218 23.65587 19.94284 19.42474 31.10838 619.9872 209.7442 53.64955 570.0612 59.50924 436.7031 450.1953 142.6402 67.35696 42.38157 292.5052 1821.293
0 0 0 0 0 0 0 0 0 0 0 0 14.92624 29.84252 53.57417 39.91446 56.32565 314.7404 130.2107 45.61738 14.34286 16.32159 40.04599 71.02968 47.98428 41.72589 11.0102 19.68871 42.2877 74.94753 36.25768 73.62935 98.16585 28.18882 44.22723 142.3359 219.4553 118.1448 202.0173 180.1577 302.2166 290.8965 25.26906 149.463 51.99624 151.6671 603.1418 210.7483 112.2321 80.36174 56.32209 30.29671 25.87455 8.594179 88.41097 1070.104 1067.034 84.52129 760.6636 1247.125 571.6222 446.1348 195.9313 292.0914 51.29008 30.65995 32.67828 31.64968 113.6725 18.22677 39.16299 41.39382 62.8959 44.17188 378.2941 169.0938 187.1325 98.71432 46.49875 72.6164 172.6431 109.4268 292.1109
14.92624 0 0 0 0 14.92624 0 0 0 14.92624 14.92624 14.92624 17.83483 42.21312 37.16206 390.0085 752.2855 105.6155 306.3825 73.26105 31.91333 32.03771 70.61584 288.2636 198.355 56.0017 10.78937 62.95115 35.19239 17.48237 17.48237 10.85003 27.85725 250.9156 78.55946 219.3099 68.23133 63.81136 51.14754 301.3908 397.7971 22.67065 22.99018 35.42305 591.1269 279.8365 69.98721 99.26635 147.2061 207.2379 143.8578 55.86542 285.1434 758.7028 801.1581 495.7661 769.9872 120.0477 327.3132 397.544 245.53 802.367 112.3304 967.7428 109.6181 171.4209 34.80787 74.07844 28.48178 24.045 35.97959 43.71292 117.4424 76.74152 53.75306 210.3629 628.4635 191.3517 55.27461 72.24347 90.61096 170.9128 826.1968
0 0 0 0 0 0 0 0 0 0 28.59569 0 28.59569 28.5972 29.75881 51.02681 33.87241 145.3792 1396.155 388.6259 52.40004 93.69006 69.05955 262.0772 796.1464 0 0 0 0 0 0 0 11.90224 23.64385 424.001 511.7336 735.1145 2426.613 795.9057 805.5516 530.7325 194.1744 1075.715 1108.36 254.6367 793.2586 395.6746 65.96908 44.90291 60.84448 40.76781 197.3351 313.3228 239.3161 741.3411 767.4766 687.3678 256.2852 90.64977 1538.287 854.5603 939.4985 79.8113 419.4433 1305.502 50.58874 26.83213 210.0613 23.76835 24.11156 24.10293 47.49467 59.5589 32.82366 99.00725 109.4922 27.2995 145.3934 103.4102 138.6153 1003.684 155.0299 50.89782
0 0 0 0 0 0 0 0 0 0 0 0 0 0 29.31024 12.37161 10.05553 16.09069 51.76977 54.76437 83.61698 58.39526 130.0789 114.9804 88.25755 0 0 0 0 0 0 0 0 0 27.69637 23.20062 19.87604 309.0704 285.6592 836.5032 982.5538 2262.635 3015.259 1015.541 887.9519 1693.572 530.8346 77.43627 59.00976 552.4181 166.0612 72.22323 505.8526 1114.556 965.3857 163.7671 603.262 852.4771 492.5126 1438.239 1180.054 683.2016 117.1157 1194.428 2062.245 253.7251 31.46331 53.51029 36.62531 34.31765 49.37821 61.2307 973.2144 436.3015 49.33764 52.61715 28.29863 52.32888 68.48162 195.7262 477.1 26.36304 19.43887
