Scenarios/Global_Grid/data/country_data_population_distribution/processed/density_grids/hun.asc
ncols 165
nrows 86
xllcorner 16
yllcorner 45
[rows 32 to 63 of 86, columns 0 to 72 of 165]
0 0 0 0 0 0 0 0 0 0 0 0 0 0 0 31.47783 88.50897 442.4504 738.775 738.775 370.137 97.4652 80.76203 40.84967 39.78506 87.1155 123.2511 115.2713 37.71091 28.56369 72.50889 216.0103 206.8462 28.48896 27.93818 22.96052 25.12152 23.32686 19.39397 17.86546 16.15886 17.01144 13.4382 9.417698 13.32734 35.56773 23.09512 64.42516 145.2645 60.4034 28.67807 22.91264 22.85447 25.723 227.8865 249.2052 141.2525 55.07976 54.42693 58.1227 174.8263 436.9257 529.7205 515.6314 223.3177 88.63235 116.3739 188.4154 128.067 97.80029 87.02631 125.0335 197.9651
0 0 0 0 0 0 0 0 0 0 0 0 0 0 0 29.33621 47.35048 187.137 736.2338 618.7101 278.6499 75.94805 61.80695 43.46088 37.64257 43.90934 34.88034 26.17694 36.55564 26.42594 27.38804 85.14603 65.5638 20.24889 18.96011 18.48637 22.54613 24.55458 25.48312 27.76014 32.97428 37.38581 28.46061 27.1821 22.4673 26.83913 33.40175 30.0064 123.5654 302.4467 203.6437 54.22325 45.90925 44.01904 222.4071 268.6255 226.1442 110.1565 37.80249 61.08111 307.3546 529.3453 529.7205 524.168 253.7244 138.0588 198.1099 200.9506 203.3127 104.7093 36.48545 86.47528 200.225
0 0 0 0 0 0 0 0 0 0 0 0 0 0 0 0 34.58353 52.74973 150.8041 70.1874 57.13392 46.45112 46.63828 43.06493 37.88308 26.85499 16.80658 17.83645 23.44437 22.73049 26.67932 65.98033 29.4745 19.92335 28.64328 22.51731 27.95916 27.88406 28.35512 44.39253 85.35133 197.1835 89.03445 47.20222 38.9412 100.094 77.37213 26.99302 143.6233 383.53 383.53 220.2613 55.56601 43.32895 114.211 178.002 54.15031 59.88007 47.13312 86.99483 110.4628 323.3812 529.7205 529.7205 372.0709 130.1011 83.46967 143.2666 95.23029 100.871 99.54171 95.40571 90.78263
0 0 0 0 0 0 0 0 0 0 0 0 0 0 0 0 30.09129 34.97013 45.83686 52.9322 34.92233 38.65139 37.58774 43.73686 44.44196 26.14007 26.86655 19.58837 16.84029 19.90423 17.86951 89.79991 36.47666 17.99969 22.77247 23.63311 33.62698 43.84286 56.70115 65.84931 264.5318 277.1685 240.405 59.76527 23.49903 22.93148 26.08175 43.71185 241.5975 383.523 383.5299 317.5097 108.5622 51.89111 84.10205 126.5247 85.21696 74.9023 112.3542 161.4182 156.2313 136.4502 175.658 113.14 39.69401 43.31702 43.8347 46.91779 45.64892 62.65296 82.34612 63.45537 54.58184
0 0 0 0 0 0 0 0 0 0 0 0 0 0 0 0 25.39859 19.43986 79.93487 35.43696 30.16733 39.50361 66.79497 68.22421 28.81947 27.62519 23.38074 17.50138 15.74646 12.65552 12.81453 21.3492 24.48749 19.80031 30.77925 25.01434 33.89148 41.48225 37.44225 25.44773 124.296 277.1685 193.03 45.74227 52.69888 44.6846 22.9857 39.1412 50.70317 205.095 213.5493 146.4177 396.2036 138.9454 80.00922 64.14547 40.57124 26.72996 66.14059 84.24561 74.52126 31.13344 34.63223 38.28345 39.26487 40.28074 47.2095 49.62137 46.62232 44.03035 44.75627 48.14655 64.52295
0 0 0 0 0 0 0 0 0 0 0 0 0 0 0 0 40.13486 208.9779 228.1749 145.4494 60.27567 38.86146 72.0639 64.38409 27.44046 25.76381 22.1162 17.88364 23.70228 28.90677 31.94053 23.59492 49.65681 35.10991 62.16404 58.15981 42.12861 26.45196 25.46749 27.44876 58.93704 127.3235 49.82257 14.81456 18.05466 18.25339 22.33542 23.66626 39.70766 58.24355 73.26248 167.4098 424.3542 103.7713 103.7713 88.3871 50.61394 50.59995 52.77314 78.26604 73.964 36.06017 30.25554 33.10472 39.62791 40.29159 44.80645 51.10945 41.30164 39.79373 53.01154 65.11182 112.4246
0 0 0 0 0 0 0 0 0 0 0 111.1249 32.62025 28.63049 29.7717 54.22131 57.55263 112.0404 81.38017 53.06522 18.37665 23.67537 26.60791 30.30605 33.6229 26.8596 13.84778 23.43338 44.40183 53.6312 50.26266 43.44508 26.69818 48.98103 96.23116 86.38268 73.06619 32.05429 29.30584 12.12798 11.61488 23.00597 19.02399 12.81992 16.61229 11.97754 16.62072 35.37733 295.2889 279.0967 89.44144 150.6551 168.8684 0 0 83.13214 72.87614 77.08495 68.89944 49.96782 45.11652 43.47337 36.35178 34.59725 40.11252 32.64995 27.30829 28.88605 23.66699 26.13819 78.03207 114.5567 298.5151
0 0 0 0 0 0 0 0 0 72.70311 108.8273 110.9642 60.65187 41.02506 32.77213 27.70067 23.63867 21.09485 37.72335 28.37696 19.7827 26.19326 41.5775 40.56913 56.73192 37.16014 35.49312 43.44365 54.25678 71.0517 71.51115 42.28764 26.78843 32.68431 81.50267 88.03699 85.46435 115.9599 84.8127 38.66372 23.2159 39.67671 20.51255 13.89259 17.79266 13.83374 22.60118 33.7652 219.9888 292.955 0 0 0 397.309 379.821 223.9679 87.58302 81.35336 80.69663 48.0102 33.30884 40.47126 40.46568 37.64243 34.49907 23.51193 33.65366 41.88663 45.94714 58.09063 62.60131 70.65555 82.49561
0 0 0 0 0 0 0 0 25.22625 24.75046 24.40809 71.29912 53.41959 23.49713 21.02135 23.44241 17.51329 15.8642 24.70816 23.56833 26.38426 45.39638 107.6531 250.8911 200.6117 67.30882 36.1349 23.82527 35.60238 68.58955 50.29064 28.55873 18.51469 19.96194 23.32323 27.62261 34.1868 114.752 210.2191 186.3604 128.1602 23.7313 17.70634 24.26592 46.12317 29.4435 33.30001 43.50237 94.43607 88.07869 142.0617 201.945 396.4409 397.309 285.0124 79.18002 81.04765 80.86816 79.5317 52.11549 25.27381 33.87078 44.50628 49.75143 56.82183 56.65611 57.4495 57.44951 57.4495 53.45652 58.81398 62.35317 69.14467
0 0 0 0 0 0 0 0 0 0 0 0 9.711662 26.81997 22.74252 20.95291 22.49469 37.80104 41.0348 30.73836 30.91483 34.19518 214.9713 451.0034 451.0034 225.3317 35.77245 22.77954 9.808928 23.1284 45.33792 40.03736 39.22982 51.34054 33.89542 24.00967 59.04268 70.23642 142.0899 70.8926 55.78742 22.03871 38.28605 69.53818 62.28166 60.63206 0 120.7769 258.496 164.2834 84.41561 57.29993 293.3487 304.2462 153.6014 75.55865 72.04256 39.0749 33.20604 29.90255 29.91327 36.47714 39.02792 34.69084 53.16431 57.4495 57.4495 55.23783 44.21641 38.37682 51.89736 62.18985 72.67679
0 0 0 0 0 0 0 0 0 0 0 0 16.53253 21.59449 18.76099 17.17893 10.41852 36.19883 35.4096 16.14937 22.21412 29.00396 77.91967 409.0638 451.0034 280.0429 40.68923 29.39874 26.17733 24.92664 52.40811 84.57662 382.6965 237.2088 178.6021 73.9101 41.62061 55.54552 38.59843 98.12471 122.2769 68.44714 115.9528 236.651 177.7578 131.0216 108.4098 72.76125 81.27718 49.46795 44.5927 34.73333 62.7573 52.33788 43.71918 58.33079 60.56783 18.69621 22.24612 30.23914 29.2543 28.45286 27.85668 27.87686 31.90512 42.07364 47.99726 41.85556 34.19679 24.43753 36.81235 64.27992 68.94103
0 0 0 0 0 0 0 0 0 0 0 0 12.38945 9.286698 4.797704 5.572891 5.488299 13.79781 8.095248 15.79448 29.37144 23.42473 77.87105 170.2266 121.1384 38.6242 54.52062 20.97108 26.10334 34.19932 38.20971 72.22205 274.8585 250.7685 225.4759 174.2368 42.02955 64.3832 43.30619 135.826 145.2756 177.4228 128.647 215.9006 209.1757 141.3131 124.2208 35.84854 22.24315 29.13494 27.34204 21.95585 18.92834 28.55645 32.55197 41.32933 45.44127 27.24425 29.41403 28.41613 26.29707 25.42674 21.40524 21.10769 56.43631 66.27003 29.75636 37.7636 31.17027 16.49106 18.06952 64.72597 72.10387
0 0 0 0 0 0 0 0 0 0 0 0 11.76036 10.46307 8.038218 14.33621 30.96998 20.82436 12.23644 12.54954 24.07977 25.06124 19.81133 50.30618 42.09409 16.39281 22.27519 40.63176 43.15872 45.70453 54.02627 75.83437 115.0247 243.4698 166.6863 70.2915 74.04136 0 68.74365 62.11873 136.8936 163.7903 77.12048 47.24857 188.1582 64.17954 35.53831 20.65225 21.75134 24.66728 25.07033 59.50298 110.8018 80.42204 21.54753 40.30373 32.84661 29.13104 32.44767 23.57309 24.62187 24.87736 33.63217 39.30151 68.73012 89.19386 47.61874 35.44791 36.2676 26.83643 23.78444 37.52664 63.35791
0 0 0 0 0 0 0 0 0 0 0 0 0 0 7.567033 14.84964 31.65384 37.97885 70.47659 17.38177 19.17789 23.00123 20.90337 29.3282 30.97974 27.22714 20.12083 27.60496 34.67281 18.82485 25.02575 37.22072 55.86019 174.798 75.94258 73.29021 74.99847 77.72525 67.0189 61.62381 14.22126 23.44391 45.1395 42.41862 18.58156 13.88412 19.49082 28.28039 29.23469 26.42606 22.82402 28.63484 33.187 20.2116 14.12465 35.68217 42.09909 37.44633 55.38169 59.7005 51.62053 38.13696 39.20339 26.22804 10.0026 22.63781 38.57676 24.83574 15.61521 23.38845 43.92938 94.72229 112.2141
0 0 0 0 0 0 0 0 0 0 0 0 0 0 9.052515 14.72206 59.3372 92.50396 80.24088 21.5129 19.6294 33.25496 30.21831 27.60194 34.66641 24.17674 20.7689 27.75257 21.34471 18.2277 29.91896 24.2868 18.28103 15.62553 26.23223 44.74292 44.07704 44.53432 38.89445 32.76891 16.07187 12.79834 23.61555 31.80684 11.38945 14.32325 27.7014 19.00913 20.46527 19.86027 21.61171 21.58249 14.7325 13.74318 19.39285 25.365 25.00355 43.60313 66.95309 66.95309 54.75122 28.82501 20.404 7.314681 9.464719 11.50818 25.20471 43.49847 30.71588 36.55379 102.0669 116.1662 116.1556
0 0 0 0 0 0 0 0 0 0 0 0 0 0 0 32.69846 47.05313 88.12045 42.5392 50.45714 27.52123 4.19847 11.5922 27.6431 25.75614 26.96099 29.05321 32.06199 26.72042 14.09792 26.72825 30.29008 16.91499 19.49078 23.19608 31.50081 79.07552 96.75878 107.5908 43.79628 22.05767 17.37797 37.62381 26.85601 18.29302 19.16603 18.01358 15.53846 11.12405 12.86957 12.56488 8.237777 10.84769 13.06508 15.28516 23.02222 21.41619 32.05161 59.98292 51.12383 23.16384 16.97549 23.0492 10.82334 10.61598 14.04074 31.86482 45.58367 48.58482 26.80333 39.1735 112.5072 101.38
0 0 0 0 0 0 0 0 0 0 0 0 0 0 0 0 27.74227 73.87585 25.47861 27.64836 22.48909 9.633118 14.85664 22.63811 10.57099 26.99248 29.1701 37.91645 36.94758 13.04302 29.3699 55.2671 28.33179 20.81536 16.54457 28.26501 82.44754 109.71 112.4742 72.79204 22.77746 20.90945 20.19409 16.77889 19.19678 17.44817 18.88155 29.29019 14.09365 19.0718 23.33312 13.11729 13.55227 13.28429 12.57053 15.80851 27.18979 17.24086 25.61584 39.98755 18.05753 36.83136 28.29329 44.09548 37.47005 31.65028 30.53132 29.28287 37.46096 28.95992 72.52627 102.1503 114.1497
0 0 0 0 0 0 0 0 0 0 0 0 0 0 0 0 0 27.88154 17.17116 15.97061 17.30326 40.35039 50.08083 12.77544 12.04547 25.23116 29.53993 144.9912 220.8348 30.42877 40.21852 40.24458 38.12605 26.93695 20.83406 23.3171 17.75824 37.23216 69.45298 77.61226 3.8704 21.95778 17.86748 25.42137 31.21297 23.389 17.74043 37.06471 20.9804 20.29691 27.88426 21.45732 16.00029 14.57894 12.42223 17.26419 28.4375 20.57207 10.79791 12.04672 29.21027 47.55153 26.00499 16.84964 19.75092 30.78057 34.1428 29.66074 31.50716 30.11378 50.13545 60.76239 57.48469
0 0 0 0 0 0 0 0 0 0 0 0 0 0 0 0 0 0 55.59555 36.62115 26.60347 25.82771 39.59161 36.71347 21.78605 38.1898 132.4265 253.4354 267.6266 82.51856 32.92244 31.40459 27.90213 12.54788 32.27212 21.02568 17.22956 21.13299 26.92813 23.23398 24.9603 25.42999 26.95327 25.29103 38.73292 48.48284 30.34355 32.57191 18.0941 28.36183 29.31827 22.32464 17.42807 17.13651 32.09087 28.0155 20.82701 25.02196 22.93283 18.76688 24.23894 45.71229 60.00933 13.05824 24.18283 27.74614 34.32311 36.29466 44.6437 57.00766 84.69064 59.61829 50.41852
0 0 0 0 0 0 0 0 0 0 0 0 0 0 0 0 0 0 0 0 76.11366 83.57119 59.53372 57.70522 40.40911 42.73359 222.6473 285.2267 285.2267 249.12 50.59477 25.6593 17.4755 21.9785 22.92488 20.94128 26.39911 27.13827 33.38223 26.69659 25.64942 22.16212 29.58813 32.37743 32.74183 40.44168 267.6096 181.0462 183.0607 36.08805 27.67223 18.39826 18.33224 24.24845 127.8494 176.2586 116.0119 46.69835 33.548 29.60255 16.75988 24.54145 42.27656 37.56369 35.76633 34.76276 38.83352 45.40521 44.85717 89.06287 137.7927 106.3019 54.53372
0 0 0 0 0 0 0 0 0 0 0 0 0 0 0 0 0 0 0 0 0 104.9704 91.17606 76.66242 70.82843 62.59525 242.3347 260.182 144.9684 80.80047 24.41831 23.26726 20.48058 21.82486 17.30231 23.91577 33.19686 33.4995 34.22132 25.96274 25.64941 30.88906 32.66529 38.1229 56.94841 80.88337 406.1362 480.7053 418.8069 75.25061 47.06144 31.34149 32.42884 34.38664 107.0323 188.6568 151.3809 61.60664 25.65646 14.24077 22.30153 23.14531 24.90813 40.11757 56.28694 42.3159 38.76077 55.44271 137.7728 185.294 142.8672 104.8624 40.50098
0 0 0 0 0 0 0 0 0 0 0 0 0 0 0 0 0 0 0 0 0 0 0 0 0 69.18542 57.7333 76.58989 13.89583 20.22541 20.84004 21.31031 16.68849 14.3326 22.16593 28.57866 29.86206 30.58134 33.65458 29.4317 28.04101 30.58544 44.79164 46.24539 66.34062 107.0441 454.9531 480.7053 330.876 86.45181 44.41829 44.0491 44.58863 29.0623 109.189 91.8562 47.5688 46.39368 28.92806 22.67617 19.02593 25.33115 32.26844 51.45066 143.0249 118.4149 114.1337 299.6585 323.8574 315.8227 235.5649 100.8392 39.90955
0 0 0 0 0 0 0 0 0 0 0 0 0 0 0 0 0 0 0 0 0 0 0 0 0 26.06685 22.30996 21.1848 17.1394 11.99341 27.09592 26.91481 6.162921 9.308185 33.17619 32.01657 29.98376 30.45314 31.43335 28.87381 27.54865 29.79932 26.81875 21.18648 19.60083 34.09842 256.0398 99.59328 174.8372 18.2719 19.57233 24.89102 42.42078 15.03099 32.05952 67.67135 17.75725 24.60452 28.52874 24.38625 23.59093 45.81192 70.21072 108.8796 169.9418 163.1938 79.28256 168.965 256.1432 73.95979 34.71775 120.276 62.71312
0 0 0 0 0 0 0 0 0 0 0 0 0 0 0 0 0 0 0 0 0 0 0 0 0 0 71.35323 39.92054 20.70603 49.55823 75.34893 43.53365 5.640726 7.476784 15.58303 39.98305 63.70152 53.76703 23.4605 16.38161 21.64391 25.72212 26.81339 29.64086 20.85926 13.56261 12.19543 24.21147 12.88303 11.13424 17.49146 18.29238 20.0345 43.66501 82.25518 18.71562 15.09632 12.74303 20.2351 24.50194 55.23302 77.86517 94.39379 105.731 109.237 84.89383 33.29601 38.30166 51.70564 44.48079 35.36163 37.14898 37.31961
0 0 0 0 0 0 0 0 0 0 0 0 0 0 0 0 0 0 0 0 0 0 0 0 0 0 0 0 28.9009 54.93799 75.54623 48.42901 33.56503 11.97721 20.85502 82.65527 138.6185 108.1275 23.89434 25.73789 19.76687 26.40118 54.71413 43.89762 13.67041 10.57585 9.241478 11.56826 9.647681 9.210537 12.86616 11.87562 19.65915 33.98292 83.57907 23.42295 31.31942 153.3076 244.9294 56.44597 50.51938 41.83759 38.79005 43.89233 37.16992 34.15047 22.31515 43.54394 58.19734 29.99376 28.81622 42.09727 84.97086
0 0 0 0 0 0 0 0 0 0 0 0 0 0 0 0 0 0 0 0 0 0 0 0 0 0 0 0 0 0 39.34403 37.73091 28.72505 23.49729 19.03679 29.70163 131.4067 64.046 26.60214 26.56369 15.66174 17.85031 27.51232 14.77625 8.344685 5.364253 9.086628 20.52597 14.96549 7.007092 11.14611 12.62681 10.87788 11.83582 13.1775 27.63207 46.61193 274.0973 308.8332 225.1566 57.10057 84.97149 29.93861 18.9038 13.52421 16.61592 27.28964 77.01678 91.11719 72.32196 37.40605 38.04689 94.91148
0 0 0 0 0 0 0 0 0 0 0 0 0 0 0 0 0 0 0 0 0 0 0 0 0 0 0 0 0 0 0 0 23.00023 18.45189 17.38938 22.95122 54.20265 12.58606 27.82275 24.79749 11.32471 14.27692 20.56814 19.59118 13.96964 5.816734 10.67329 27.55533 18.17235 7.130628 5.623971 16.52025 18.52113 21.26913 28.35918 29.34325 229.7683 304.0893 424.0955 733.0411 133.6724 94.94411 79.81392 32.44805 18.49584 13.73146 28.6368 42.00496 78.81284 47.62029 27.88705 25.24448 102.3743
0 0 0 0 0 0 0 0 0 0 0 0 0 0 0 0 0 0 0 0 0 0 0 0 0 0 0 0 0 0 0 0 0 16.76221 14.63972 16.56483 18.6255 9.947598 14.7894 16.83883 18.97476 19.17507 15.5583 12.41755 15.50336 22.19559 22.33879 21.38264 71.82153 17.62433 12.52715 34.07935 28.17694 20.93205 34.37113 359.1286 804.2045 895.4431 895.443 610.8285 382.9535 27.87612 32.67255 22.82474 23.14319 33.25991 25.2123 33.62136 37.542 39.97794 30.46338 18.61637 30.79178
0 0 0 0 0 0 0 0 0 0 0 0 0 0 0 0 0 0 0 0 0 0 0 0 0 0 0 0 0 0 0 0 0 0 19.68994 27.38712 23.56507 17.19404 15.28872 16.23457 18.27962 16.65978 11.89433 14.89345 20.06281 16.4367 76.32674 148.9392 131.0198 27.3394 19.63678 73.12656 135.0432 25.84899 48.89949 385.4682 847.6028 895.443 836.7051 229.3292 65.52325 35.72322 36.19851 19.72974 11.37912 24.22737 32.97895 42.37436 38.45134 44.44492 14.80605 12.1604 35.22502
0 0 0 0 0 0 0 0 0 0 0 0 0 0 0 0 0 0 0 0 0 0 0 0 0 0 0 0 0 0 0 0 0 0 0 35.71492 30.05598 34.02668 54.72173 55.9145 36.69993 22.88957 17.94559 18.46368 24.55148 14.12243 43.38476 119.825 25.39904 20.38669 22.3283 91.10535 121.0945 42.98168 38.85218 95.8671 353.5578 819.7634 413.5038 184.3248 30.51579 39.40439 48.41526 28.84587 33.20614 36.27857 56.5693 97.3131 119.0376 108.5102 60.08717 83.93658 80.2777
0 0 0 0 0 0 0 0 0 0 0 0 0 0 0 0 0 0 0 0 0 0 0 0 0 0 0 0 0 0 0 0 0 0 0 0 42.55318 81.06048 81.06049 81.06048 81.06049 44.25092 25.05636 15.44047 20.69938 22.74333 13.62696 14.23718 19.59272 14.52793 17.52396 30.94545 28.44462 23.22207 49.66328 67.73733 71.37726 92.59926 70.84464 56.55672 18.63267 26.29213 42.4595 71.18741 74.69766 37.5298 38.33651 114.4963 111.6926 112.7877 45.47152 17.70704 32.32736
0 0 0 0 0 0 0 0 0 0 0 0 0 0 0 0 0 0 0 0 0 0 0 0 0 0 0 0 0 0 0 0 0 0 0 0 0 0 0 0 0 40.76133 17.69885 12.48847 17.61215 15.47773 14.81967 10.23401 9.621616 14.08661 18.38648 23.32304 17.75437 26.74515 37.16595 33.2394 24.35889 41.89202 30.15362 33.73256 43.87693 24.48882 14.61943 28.09742 82.16367 40.71528 19.49026 47.91504 13.64435 13.98707 19.18077 14.81818 22.66641
