Scenarios/Global_Grid/data/country_data_population_distribution/processed/density_grids/hun.asc
ncols 165
nrows 86
xllcorner 16
yllcorner 45
[rows 0 to 31 of 86, columns 73 to 145 of 165]
0 0 0 0 0 0 0 0 0 0 0 0 0 0 0 0 0 0 0 0 0 0 0 0 0 0 0 0 0 0 0 0 0 0 0 0 0 0 0 0 0 0 0 35.91312 35.10104 49.21721 35.59153 29.79725 0 0 0 0 0 0 0 0 0 0 0 0 0 13.4678 16.6431 0 0 0 0 0 0 0 0 0 0
0 0 0 0 0 0 0 0 0 0 0 0 0 0 0 0 0 0 0 0 0 0 0 0 0 0 0 0 0 0 0 0 0 0 0 0 0 0 0 12.9349 11.6651 20.29386 25.21735 21.60104 32.01893 14.77563 14.92432 6.637331 6.006276 6.28363 16.36891 10.57088 26.5877 0 0 47.73005 37.83324 40.57318 36.80151 10.53265 26.18056 30.85844 17.11794 13.19529 0 0 0 0 0 0 0 0 0
0 0 0 0 0 0 0 0 0 0 0 0 0 0 0 0 0 0 0 0 0 0 0 0 0 0 0 0 0 0 0 0 0 0 0 0 0 0 0 12.22368 8.52699 12.93658 25.99203 40.25951 40.48101 23.57625 11.41632 12.65527 20.97788 8.042133 24.00848 9.896044 10.50064 19.21993 25.9736 28.98944 54.08556 51.04159 42.79237 11.51482 11.59331 14.18029 30.14652 56.84836 18.25445 23.23084 0 0 0 0 0 0 0
0 0 0 0 0 0 0 0 0 0 0 0 0 0 0 0 0 0 0 0 0 0 0 0 0 0 0 0 0 0 0 0 0 0 0 0 0 0 19.63307 10.13726 6.389697 7.161922 17.98827 46.44223 63.88456 27.22973 14.71187 20.06829 24.75951 9.858882 15.28611 16.38509 20.0308 17.10209 35.91026 51.02161 65.75417 37.4515 16.56741 5.911765 4.156018 4.225054 26.0478 30.0122 36.32357 82.89748 111.2011 0 0 0 0 0 0
0 0 0 0 0 0 0 0 0 0 0 0 0 0 0 0 0 0 0 0 0 0 0 0 0 0 0 0 0 0 0 0 0 0 0 0 0 9.979901 27.43025 31.09589 22.71966 66.25935 80.8613 65.58395 71.87195 25.83055 7.289529 9.684507 15.08685 19.49162 12.0908 21.55973 31.84305 50.61335 72.9884 61.83006 63.72398 17.81715 6.593145 3.315692 2.964813 2.79548 13.83217 44.11466 78.41764 165.6615 182.0732 0 0 0 0 0 0
0 0 0 0 0 0 0 0 0 0 0 0 0 0 0 0 0 0 0 0 0 0 0 0 0 0 0 0 0 0 0 0 0 0 0 0 37.79399 28.35476 62.07634 28.73629 38.00335 64.03128 137.7397 98.81596 98.77878 78.33536 28.72628 27.62177 22.68116 21.08809 22.82152 35.16259 56.43458 164.8234 109.1583 37.612 35.17632 23.95062 6.291489 4.680886 9.395391 9.064988 10.17301 64.01735 93.09176 133.5192 172.8296 145.0522 74.87733 0 0 48.15772 33.8427
0 0 0 0 0 0 0 0 0 0 0 0 0 0 0 0 0 0 0 0 0 0 0 0 0 0 0 0 0 0 0 0 0 0 0 0 72.33319 163.9384 153.0242 39.64545 74.68472 102.0285 176.5583 160.4294 159.9224 130.766 65.56636 22.78756 18.1048 20.45526 41.97172 54.58013 103.8289 169.2362 91.63396 42.92737 37.6896 35.34096 14.02611 9.482014 11.70384 26.03314 36.06064 74.27372 89.81375 94.91456 81.06937 70.81828 52.70974 50.64963 51.51807 54.16692 43.76885
0 0 0 0 0 0 0 0 0 0 0 0 0 0 0 0 0 0 0 0 0 0 0 0 0 0 0 0 0 0 0 0 251.4857 238.1662 159.6419 145.7831 119.9481 81.78282 34.45382 41.44461 72.15579 217.7342 264.5949 156.2275 174.0523 120.5495 42.56298 39.27703 49.47705 60.53079 74.01543 53.6536 63.96435 49.68344 48.13322 63.37474 57.95353 56.98265 23.5811 20.11254 32.95163 87.1233 47.99806 43.44794 83.78017 89.92384 83.1338 63.84158 57.96923 48.52259 51.15445 64.3052 65.44784
0 0 0 0 0 0 0 0 0 0 0 0 0 0 0 0 0 35.0358 32.61338 0 0 0 0 0 0 0 0 0 0 0 35.73004 50.66187 371.0396 408.5032 368.4276 338.8831 77.8504 24.28612 42.02077 50.14737 370.6349 558.4241 198.6762 186.9626 310.0291 111.7977 67.32918 68.45731 72.27438 75.84815 82.16822 69.87956 38.83444 42.66732 45.41519 51.79288 54.89661 52.68973 54.95358 28.27184 35.02066 43.69851 47.63561 38.77624 65.83799 51.24941 48.50092 59.68106 65.39881 50.52294 39.96915 70.09454 72.91492
0 0 0 0 0 0 0 0 0 0 0 0 0 0 0 48.26118 35.99864 41.73252 45.95246 49.98872 42.77379 39.51418 0 0 0 0 0 0 0 29.54573 32.76881 49.6255 99.16441 225.6963 116.143 86.26184 70.96907 44.98106 45.34728 143.5662 357.7064 33.49014 46.03755 91.10962 252.412 102.6943 63.19699 66.79179 118.4371 135.7845 89.56198 43.45553 46.71482 44.72556 45.21624 144.1004 169.09 63.30658 59.00476 39.60735 34.53516 38.54663 37.20052 47.04195 46.03861 41.65403 41.19728 61.09938 92.87887 49.70741 43.18969 73.04671 73.31384
0 0 0 0 0 0 0 0 0 0 0 0 0 0 0 73.02279 67.94717 45.49718 50.03734 62.26126 107.8438 115.9292 307.6147 336.1566 231.6983 0 39.45139 27.33506 24.58725 24.82641 49.34567 75.63349 125.6619 102.4623 50.53454 43.71683 43.28004 33.02918 29.2601 25.59934 53.1186 64.51254 272.1046 416.9608 401.2688 291.3501 323.2056 132.0096 162.8075 140.0055 64.19346 48.59243 50.02536 64.73018 76.7477 149.9826 146.6824 65.14545 48.38169 39.53398 94.49773 83.13563 77.61458 44.65029 46.77958 51.45186 64.6058 95.68202 109.0276 99.30139 64.44527 82.61499 100.8569
0 0 0 0 0 0 0 0 0 0 0 0 0 0 78.18556 110.8556 115.774 78.06223 57.05521 69.77145 83.93902 265.2774 337.1214 262.4664 188.8118 53.31625 21.50626 32.09962 46.04808 32.72687 51.69273 56.90453 94.97299 87.68869 63.36386 31.12448 39.17531 23.89582 154.9918 574.2476 615.1434 574.5618 640.6166 640.6166 640.6166 640.6166 640.6166 478.5006 252.2825 143.9559 104.3904 106.6581 93.15393 82.17048 75.21117 74.02642 124.0946 75.5946 45.48617 45.00745 115.5412 110.0529 90.66525 94.36026 62.13056 56.77037 66.69282 102.7822 111.2672 114.3332 76.10364 75.1905 94.10776
0 0 0 53.61354 58.19968 61.17689 65.01793 63.00964 0 511.052 473.5418 63.52107 43.07222 44.17822 101.8052 105.3729 83.99617 69.81948 76.96275 60.1869 103.7105 318.9262 215.9232 65.52433 51.94825 58.69147 61.84555 63.83278 48.41798 29.19127 45.00229 41.46882 42.24538 80.63396 44.51152 68.84646 58.87836 39.71259 46.80909 235.0065 172.0236 127.6542 231.2363 580.5148 640.6167 640.6167 629.5961 395.4482 202.6664 160.6966 107.2308 107.1963 105.6377 91.40459 82.64131 67.66796 65.75767 50.36839 32.79289 31.69379 26.65651 53.32318 52.71567 58.72269 66.8007 78.72919 102.9497 148.3904 148.2996 116.3362 112.9062 78.98061 75.36322
28.85276 27.78295 24.46918 43.57329 45.81966 41.28195 49.91018 58.92437 63.88951 61.69959 53.13624 46.1769 25.96082 35.6365 61.51223 54.36149 57.45725 44.10241 40.99732 43.45604 37.54113 112.21 145.7279 138.1825 71.32078 59.94901 60.91319 45.71272 56.9087 67.38081 52.38283 37.91026 34.1128 37.65258 32.36218 56.33326 53.00499 43.17476 37.21952 23.52692 21.32265 21.02793 20.80586 35.2426 175.5774 276.8513 297.9894 223.6264 165.8882 107.9961 88.74675 90.72874 102.574 67.23994 34.44185 41.56717 46.05264 43.4304 63.75776 79.14781 85.27775 78.89085 47.49911 57.16464 105.8179 105.8359 158.7888 375.7557 375.9215 285.956 122.7111 84.25011 64.68919
16.26538 27.77223 31.48724 36.34915 36.78061 40.40545 24.8165 51.35821 57.64553 47.3318 39.24028 51.71872 37.03082 34.68443 22.15594 27.81551 45.0867 29.96174 22.0077 52.79613 38.25068 102.7347 140.8878 133.6958 55.61573 42.85065 42.04025 31.47143 71.97988 72.34305 64.01824 48.81556 24.37968 15.58674 75.88029 357.7119 127.1381 45.5383 29.29164 21.85074 20.94844 27.3909 47.23618 24.95223 50.9977 50.52225 122.3784 176.3393 89.71477 90.83136 103.3473 50.18816 46.6795 76.04606 33.65237 33.52358 39.12423 58.08188 94.7375 94.32736 93.37083 100.0442 92.11133 60.46911 52.50533 265.5009 344.9437 473.6494 475.4233 402.6319 341.5944 121.1871 73.40064
15.95425 22.98743 35.09882 35.55483 35.61059 56.80637 72.45264 37.88943 47.89721 38.44443 19.61624 46.6655 28.14789 19.64412 16.06015 22.24479 16.04866 26.38856 66.416 74.64207 89.53796 81.95437 108.0399 114.1601 79.63449 32.36897 31.74713 38.98789 91.50928 87.85641 49.69888 32.57306 32.78644 44.02694 161.8308 593.0511 470.2658 353.2345 118.1856 39.10508 24.70948 35.25241 53.67251 44.86803 38.64419 57.48013 91.68049 85.61159 61.45908 71.10426 133.8271 205.287 272.0233 179.3252 41.20818 30.79404 37.6789 98.35702 98.05756 96.64766 96.61429 91.69621 91.57975 69.65863 138.6082 461.446 475.4233 475.4233 475.4233 475.4233 474.9098 147.2346 90.41501
38.22504 36.21882 28.47007 32.82899 35.64463 47.12856 66.24953 35.47768 42.54589 40.91292 19.94567 40.0581 47.14983 41.61163 21.68087 35.37897 38.74986 41.64449 70.2674 116.2804 117.9698 80.65352 78.86672 48.09484 34.22922 34.15535 60.2625 62.81921 61.98291 59.60102 50.71144 27.37392 49.85959 41.96272 188.2037 549.1129 563.2544 288.432 106.1141 69.49342 53.31721 30.20728 45.98432 76.3667 48.93969 57.24689 83.84794 76.55313 63.08002 77.71815 49.54905 299.1823 190.562 155.5559 73.70652 57.86692 70.64538 72.68728 64.30216 62.3727 62.3727 62.3727 64.35938 83.3259 109.6885 273.8464 446.3172 475.4233 475.4232 376.8658 289.5779 116.1749 84.8997
117.174 95.52579 78.82456 71.7796 113.0859 208.7692 215.4143 41.6686 36.16377 36.01023 34.71401 46.87446 46.95618 48.11679 27.38315 29.00483 38.92931 38.45813 48.85353 79.18391 60.79473 36.82229 37.70655 44.81918 48.59805 42.70285 373.4362 178.043 51.44682 39.02385 41.8563 54.60305 67.80605 54.79314 61.36335 165.3106 268.9322 126.4784 75.41176 102.7192 92.29265 54.29591 83.44803 70.37851 46.35085 27.57817 43.99801 59.65469 60.77792 49.73362 30.04602 32.18253 77.92577 91.10957 91.04067 74.53731 47.82095 63.38532 62.3727 62.3727 62.3727 62.3727 71.02625 83.32591 69.15655 60.48124 128.1082 318.7428 319.6758 225.294 119.724 96.23105 63.50254
150.5095 147.0293 121.4761 118.5245 174.4808 500.8733 367.2428 66.61948 70.93711 56.3027 38.70639 41.59861 44.90863 37.25932 36.94228 47.4196 40.04171 65.74953 82.36298 110.2392 90.57642 49.6712 35.33875 41.40021 58.68561 125.8007 318.6819 92.8102 55.98497 42.33118 29.92542 29.62611 41.88618 39.41982 33.67934 52.06781 77.43322 77.14532 73.68844 133.7376 149.4771 146.507 65.98296 45.61335 23.68822 17.55099 24.037 57.7308 57.73111 56.78064 47.20197 40.88835 33.67595 25.66205 30.79856 22.4275 32.99328 54.7431 62.3727 62.3727 62.3727 64.01181 82.60572 83.32591 77.5607 77.06975 77.06974 75.75144 46.62511 52.11985 85.96005 54.07499 56.93681
42.70369 101.1361 50.09694 102.8927 120.7966 160.7075 500.2409 325.3062 126.4644 46.58735 45.69629 53.79975 50.10636 27.9857 25.34656 31.82986 38.88184 55.83893 130.7788 301.6851 121.3394 75.67242 59.06149 66.09444 285.1806 433.1722 126.1538 44.8355 43.39199 36.27163 27.76754 31.09261 46.14521 49.5123 80.99907 115.6343 130.4347 99.46933 52.00394 69.89829 130.9836 149.4125 95.95894 45.52929 40.44281 20.89719 15.48232 39.51872 43.78497 44.52869 57.09477 53.12719 23.57815 13.58193 11.19689 24.50661 33.60049 81.372 79.88936 77.3752 71.14456 68.73737 79.96402 82.68213 97.21523 104.0858 77.06974 77.06974 75.63604 49.32628 52.53183 59.1421 55.29594
55.26797 48.79746 65.4483 249.6084 186.8835 151.1625 530.6162 329.1406 122.2436 92.21945 48.73071 43.03583 52.09342 39.7991 42.79292 37.89236 36.03736 36.88463 114.2814 168.3506 116.7209 68.21349 70.96656 57.678 55.01734 92.26932 79.84833 75.03399 62.18515 46.0615 33.66047 50.80188 80.92048 88.98864 93.1856 122.9673 107.589 114.4854 41.13733 40.25721 33.1082 44.16769 44.31616 39.49257 28.72658 34.66237 19.44712 9.263803 17.39788 24.59345 27.38931 28.71646 22.62988 16.85579 16.8558 22.74872 41.29614 81.91428 81.91428 81.91428 81.91428 81.91428 81.91428 81.91428 89.40716 149.7161 121.4046 120.8165 79.80817 64.62585 55.62977 59.01896 63.19262
166.0681 242.5096 332.7606 488.0516 523.4672 161.8344 991.5707 430.4906 152.8885 239.2008 416.773 54.22617 49.35327 115.9909 175.3012 139.7003 111.6634 165.6402 200.9328 226.0663 144.2144 75.42691 75.17188 49.1502 52.60855 66.34175 64.52206 61.56897 53.31404 47.65054 52.59065 59.47385 81.08125 87.72855 88.50401 84.325 56.62971 49.43833 37.10239 39.59747 30.53793 30.81443 35.57936 26.01344 24.30433 24.04667 23.9801 12.24676 21.10125 32.18643 34.92211 34.92211 34.77752 29.32744 33.98373 66.44136 81.04443 87.96149 87.85317 86.41513 84.64831 81.91427 81.91427 81.91426 87.55885 112.6856 148.4599 149.2794 141.5942 129.7659 71.81149 64.3617 76.49316
504.7262 188.9827 262.8992 328.3024 455.9648 499.5055 1649.112 646.1918 287.4746 451.0829 453.4986 431.4593 109.0051 111.7215 217.3009 129.0522 90.04073 119.3768 190.7136 175.9702 229.8693 103.0387 42.89634 45.81962 93.46735 95.17323 98.28349 49.48743 43.17682 39.12418 62.4177 59.4753 60.78844 120.9041 117.2836 91.24936 39.87635 40.42175 43.55998 48.20717 30.49807 26.54556 29.96099 29.96099 44.9404 64.27773 70.34496 39.84915 49.61731 47.67276 41.90506 35.12851 28.3455 15.84604 19.82023 44.29401 9.692451 19.29902 78.84606 91.076 90.57451 84.22456 81.92892 81.91427 81.91427 89.03856 222.5324 177.1531 160.0412 187.1444 83.10561 66.11141 53.20218
590.2164 619.3907 605.2177 1507.797 2234.619 3626.989 1627.508 626.6902 322.8512 246.9354 349.9051 506.3102 476.0936 154.4764 90.68373 74.99008 87.13427 111.2286 109.0437 94.35251 100.5567 68.67654 42.44173 22.99457 45.80082 91.56286 83.81023 70.27017 59.31167 51.97902 61.74195 60.19431 117.6529 129.2539 116.5483 52.35052 37.41516 44.80384 44.66557 36.46832 23.63884 15.97057 13.70809 20.87584 57.42461 73.56443 75.01059 56.4971 50.31549 54.6482 47.20884 19.81095 5.903862 5.80706 5.807061 5.80706 26.61176 62.43744 91.01677 91.076 91.076 91.04411 232.9798 299.217 385.3941 481.9756 498.4851 477.8842 293.9351 186.3054 115.1182 51.11668 35.84852
304.5019 1460.287 2531.032 3494.326 5457.917 5098.199 2794.324 711.5587 366.7765 563.15 440.2666 404.5568 359.9877 174.2738 62.5431 64.30018 76.81993 104.4872 98.95125 71.61572 71.615 65.90189 60.38556 82.12878 79.38443 110.7234 89.01498 60.54838 58.32315 71.78558 78.43288 57.20443 65.87206 117.4153 106.8435 56.90857 38.27785 44.19805 45.98824 43.67508 36.00484 25.26261 16.10958 27.64289 33.90677 43.40411 50.25088 66.42181 75.1056 75.62363 67.0955 6.265825 5.80706 5.80706 8.907754 17.25083 19.98987 39.66739 52.36415 40.40435 41.51978 175.8786 549.1622 549.596 549.596 549.596 549.596 549.596 371.8428 400.4348 516.8792 429.9879 74.6802
263.2451 1324.365 2404.782 3089.274 12798.61 7605.125 4399.402 2151.48 1921.827 959.4411 713.3989 230.22 201.4532 177.2081 89.72308 92.63116 93.82753 83.90025 68.74486 64.82467 70.45518 62.62108 49.46632 95.35031 117.0981 117.0981 87.97462 70.60657 59.33156 99.34936 108.8921 92.15488 12.86657 10.3857 27.46224 26.48695 30.13911 45.77303 51.44325 47.92704 43.19163 39.72675 42.76099 37.98932 34.54746 28.45521 31.73291 36.37309 56.27431 56.89605 44.69892 5.80706 5.80706 29.05054 116.8833 108.5269 31.15229 31.92663 33.53122 30.224 29.39861 142.0641 283.155 336.2375 549.596 549.596 549.5959 549.596 549.596 549.596 549.596 532.7503 97.606
434.4554 858.0842 2553.254 4485.359 8180.814 6314.256 3049.118 2516.715 1741.47 1600.25 1334.015 338.4954 360.1688 279.5633 125.7502 105.8385 77.0088 86.66056 82.92749 65.53452 67.1811 72.39529 82.41171 106.8841 117.0981 117.0981 75.85545 46.47888 56.4811 84.63662 103.676 71.95338 40.38901 35.52844 22.51282 18.67637 19.08151 38.33155 53.27691 61.9865 40.23483 37.63458 38.07905 36.76447 35.35365 35.35029 36.51777 36.83284 32.81524 31.31119 31.5214 28.77198 26.95726 41.16924 72.0603 92.49464 49.92979 101.1542 123.2133 123.2133 123.2133 105.8807 70.19077 87.37014 432.5142 549.5959 549.596 549.596 549.596 549.5959 499.418 246.3551 60.61864
399.089 468.6994 2518.668 3097.569 3410.497 4699.182 5208.085 2683.057 2310.693 1205.883 358.3338 502.0448 494.8349 138.3125 119.3015 118.9426 123.4727 121.1241 84.99583 70.24933 88.39404 114.4304 115.1356 116.9592 117.0981 117.0981 78.98825 56.08409 56.09852 50.70264 50.5548 40.54562 40.54562 40.54562 34.70431 15.80818 19.76875 30.16136 64.17165 68.35076 43.40578 39.28153 37.63459 45.94939 43.71769 34.24919 34.16364 34.16364 34.16364 35.63099 38.55653 40.97739 40.57767 40.57767 40.57767 40.57767 40.57767 78.5902 123.2133 123.2133 123.2133 119.3014 94.88806 89.05299 271.5573 258.3245 164.8949 319.3113 319.4524 239.6455 52.2872 47.12399 53.11953
867.414 1103.663 1698.14 1595.92 2050.82 1455.085 549.466 1648.418 938.592 522.9252 295.7706 342.6659 418.567 252.3137 114.7765 76.16142 83.7368 72.00677 57.87299 64.53204 108.8767 114.206 85.08276 73.63229 92.58272 106.3148 56.18649 59.63077 65.72233 70.87868 67.1796 50.75992 44.79703 32.35926 13.49062 13.34865 22.77045 27.01556 32.71237 36.24547 52.89945 55.73669 48.33508 39.68121 37.05489 34.16364 43.32738 90.68365 49.95569 51.80959 51.81812 48.06203 53.24297 48.01384 42.63776 41.08864 51.34581 66.20827 89.91252 118.2828 112.231 76.30172 77.30485 84.52222 95.87132 92.63911 75.08338 53.59492 68.76155 50.60139 53.45016 57.77176 55.6076
874.4205 835.3784 771.2944 842.0101 762.3276 742.0136 471.8048 438.484 672.9027 324.9401 231.8059 158.8505 169.4412 349.9258 301.4137 77.48099 65.71999 59.37394 59.81284 52.53391 53.29757 57.93459 43.73195 76.60475 105.411 63.38488 38.39114 34.73489 42.9446 65.9106 58.30644 57.89729 57.8973 44.20096 14.67212 18.74467 21.93012 27.6853 33.9139 29.11633 45.32911 55.75771 55.75771 55.46384 55.49031 51.14811 51.59531 51.81812 51.81812 51.81812 51.81812 62.27889 82.46513 82.46513 82.35533 79.1357 67.88397 65.72511 65.23013 62.65156 59.64577 65.58627 72.9064 79.83987 80.96081 77.75334 50.51225 55.44858 68.76155 62.95692 51.67621 57.78445 58.03819
637.9146 427.7653 649.126 1208.793 353.5962 515.9113 229.9708 95.16601 99.44879 118.9321 94.10907 43.58466 49.9898 146.5885 270.9201 233.4089 198.9998 136.4378 72.74847 43.90343 37.99193 37.62673 43.90525 91.96796 103.8776 59.75811 47.62796 54.76858 72.5379 33.87708 27.1687 36.91578 41.78624 26.73371 19.9593 25.13986 28.67821 31.30913 43.86169 47.31494 44.19011 45.73808 44.32135 49.95627 55.65326 52.68628 51.81812 51.81812 51.81812 51.81812 51.81812 64.1983 82.46513 82.46513 82.46513 76.81258 64.07275 62.51045 46.81618 56.42502 64.45496 65.73831 77.24126 80.54063 59.20977 65.28084 51.14893 52.10904 61.6381 57.48657 61.95652 60.66984 0
349.9534 187.6769 199.6503 210.2776 281.9354 131.0956 56.52289 91.36837 98.82091 102.7305 144.03 94.98939 42.04788 67.25934 109.3858 167.1343 212.7037 149.8625 122.5485 95.28049 72.20847 72.77302 91.79498 83.18546 59.39171 49.25641 53.47863 87.64764 89.54194 78.17246 90.9001 34.18533 19.9593 19.9593 20.26219 37.89197 41.75631 34.87319 48.77489 66.8961 76.34766 55.95791 42.51926 42.51926 46.08883 52.32132 51.84159 51.81812 51.81812 51.81812 51.81812 68.12342 82.46513 76.64575 54.61131 57.21581 58.94041 54.11327 48.46968 59.38921 79.9875 97.759 99.34139 97.02427 93.30828 53.863 40.83156 42.19826 44.84079 44.8503 48.5748 49.40604 0
