Scenarios/Global_Grid/data/country_data_population_distribution/processed/density_grids/hun.asc
ncols 165
nrows 86
xllcorner 16
yllcorner 45
[rows 32 to 63 of 86, columns 73 to 145 of 165]
198.4065 219.18 110.6849 83.65814 137.5363 100.4291 40.14676 45.04758 80.14043 82.77222 109 99.97097 96.62728 76.49191 71.44567 56.12859 78.28732 118.7652 120.1543 115.3651 111.5055 111.4162 111.4162 111.4162 108.8459 86.75166 86.08703 87.00612 88.51684 157.5342 306.3313 286.1548 201.8015 23.6873 44.06812 63.60974 97.93056 89.25053 92.79458 82.23959 76.74804 62.35386 46.44269 49.60191 52.62346 53.3794 53.19106 52.50932 51.92382 51.77599 46.70909 58.81606 47.01834 30.24162 40.24493 54.49469 49.78136 33.27887 24.16993 45.57147 51.98032 71.10319 99.88337 103.7582 103.0924 56.99272 39.6904 38.24196 35.03898 34.93139 34.09193 0 0
178.2165 179.926 103.5659 102.7325 102.384 68.58891 33.96116 47.17913 78.80972 80.72524 80.72524 80.90936 102.931 116.2775 37.68738 20.96036 34.55431 32.21434 67.54018 108.601 111.4162 111.4162 111.4162 111.4162 111.3098 97.34628 86.66955 86.66956 86.66956 272.373 321.9259 321.9259 321.7205 111.5487 74.92453 61.61506 97.9099 98.48118 98.48117 64.64193 28.97482 33.08947 52.17335 47.89983 53.21901 53.3794 53.3794 53.3794 48.75447 35.48662 34.75894 38.88698 35.96759 24.1039 46.93553 49.51312 48.23182 41.15565 25.79671 26.62206 36.23687 36.84248 71.54337 103.5955 103.7582 53.7485 39.82029 39.70243 27.82745 37.61797 49.55279 0 0
151.9046 149.039 144.4406 116.6603 93.92192 18.87224 27.4075 42.07196 70.15807 70.41786 80.51929 80.72523 102.3906 110.3165 37.05033 14.33202 14.15472 18.0297 14.84455 44.39984 65.6209 103.2697 110.8827 93.5397 48.32483 50.23494 67.8894 81.60039 85.98801 239.978 321.9259 321.9259 316.9144 232.6489 78.70707 76.62576 87.78973 98.48117 98.48117 65.04746 18.27794 49.83459 37.41748 31.78317 33.7885 37.26985 41.61623 34.06764 16.45665 16.18768 16.44656 15.55148 14.09674 20.44613 44.58747 44.91908 45.15251 36.13534 22.56489 25.44391 25.79296 23.76265 29.10743 48.51844 87.26456 61.26394 42.12223 93.63396 83.88119 32.14867 0 0 0
42.15937 58.65954 90.9565 85.58282 82.93801 19.99164 21.14999 40.82316 16.7057 7.601891 20.47788 52.64198 66.1832 93.67522 70.0624 51.56055 43.94569 48.04718 38.1756 44.4108 39.00079 29.71324 29.5023 26.89103 34.30742 38.5663 33.06202 20.78404 44.42992 62.73507 85.21307 157.641 243.6216 229.2122 49.85712 43.59327 47.06594 52.68599 68.27094 62.17167 19.35304 30.94423 31.78317 31.78317 31.78317 31.78317 31.78317 28.12752 24.70097 27.9729 34.41657 36.2945 40.85484 42.46825 44.06794 44.88746 44.88746 44.88742 18.9874 17.74718 21.41129 24.29862 30.33054 29.94784 28.16862 28.94306 40.56621 75.81626 74.6634 0 0 0 0
104.7144 70.98657 61.5793 74.64911 85.14042 38.96071 40.58334 43.14127 23.2847 7.601891 16.45195 27.57255 28.62374 49.44514 62.92735 65.81815 62.18405 61.82417 69.9306 78.65434 76.53469 77.85439 70.19128 69.35528 56.74313 33.3589 32.39971 29.40679 30.975 41.51267 37.70544 75.16252 114.0235 103.4593 60.90932 41.38909 29.1183 8.927653 9.001122 36.93488 51.19123 46.94012 32.5084 36.43604 32.05883 31.98364 32.28234 35.04939 36.1725 36.1725 36.1725 36.45259 41.29593 42.46825 43.11744 43.51341 41.90241 34.95579 28.33039 21.31727 38.20815 37.91926 38.16724 31.69888 26.17523 31.00684 52.38083 57.20197 0 0 0 0 0
127.9482 118.2522 45.62055 34.37203 37.5468 39.88771 43.14127 43.14127 42.84922 14.54983 19.19186 14.96701 19.73929 36.35742 45.86496 61.27599 62.33747 62.18405 66.99517 77.89011 78.76756 78.76756 78.76757 78.76756 40.78188 20.87454 22.62771 34.56329 47.11964 43.7187 44.98923 38.32224 79.18095 128.8459 179.8936 78.58372 4.459472 3.586839 7.700381 40.15265 51.19123 51.19123 50.63107 50.20332 35.81453 35.10323 35.31191 35.54908 36.1141 36.1725 36.1725 38.59482 39.91789 40.9892 42.46826 42.46826 40.39688 33.31739 32.5796 34.8651 42.22002 43.77926 43.77926 32.56743 38.15507 48.68782 34.68602 0 0 0 0 0 0
982.9813 904.7333 31.30458 32.04982 32.56397 34.09418 41.72833 43.14127 42.40321 14.8003 14.46365 11.72536 12.64052 34.46307 63.90379 109.1825 253.9639 267.1525 222.3336 273.9701 175.7512 82.98099 78.76757 64.81618 18.74723 19.61507 38.51394 79.02238 79.31355 78.67546 60.38279 117.2982 135.8105 137.4891 135.4384 20.53546 3.559535 8.045792 19.39113 51.19123 51.19123 51.19123 51.19123 51.11286 38.28779 35.5233 35.52331 35.5233 35.95299 36.1725 36.1725 37.16235 37.45498 38.82188 42.40555 45.64727 46.85787 48.20835 48.5056 39.61909 32.33843 39.42056 43.77926 41.86964 28.1836 22.25693 26.03984 0 0 0 0 0 0
537.5131 947.2919 109.8046 39.49264 36.83064 35.19256 41.49115 40.82016 36.44855 22.41894 16.02026 15.41088 49.33068 70.36193 68.75501 148.1576 307.6467 320.9796 320.9796 320.9796 320.9796 293.0247 265.9482 33.99661 17.32492 17.32492 26.60312 77.89622 79.31355 67.59532 56.57629 78.44342 95.54224 108.3931 107.5771 86.52074 27.79139 16.34661 21.72125 51.18371 51.19123 51.2687 51.19123 51.25152 39.66381 35.5233 35.52331 35.5233 35.5246 29.76963 36.15036 36.58583 37.16117 37.45498 40.02664 47.6214 55.15796 55.15796 54.90125 38.54581 24.96455 26.88408 31.04015 28.03947 20.55339 22.79933 0 0 0 0 0 0 0
69.15633 242.3325 56.77206 52.12243 48.65119 38.61203 33.8466 33.24647 33.24453 33.24453 31.93316 30.44283 26.41413 20.45904 27.04921 68.45192 162.6644 317.9314 320.9796 320.9796 320.9796 320.4933 317.1726 96.84271 23.17806 32.50452 67.59241 75.90473 74.97716 72.73773 43.97791 35.70093 38.13525 59.8897 51.45042 32.86346 31.91874 30.1911 31.36721 49.07962 79.1937 81.58939 74.57541 80.93072 48.48851 35.52331 35.5233 35.52331 27.2913 9.940281 30.78721 34.93838 50.5749 65.56834 33.8732 21.6231 51.2622 54.382 39.19555 36.22097 34.49644 25.65907 23.70246 19.12532 18.75748 0 0 0 0 0 0 0 0
70.76746 101.066 66.09045 58.89816 27.21894 8.879923 26.3007 33.21442 31.64453 29.32351 29.28754 34.81858 33.04607 28.24428 26.34206 54.76706 85.873 122.1786 270.918 320.5086 210.4921 75.5642 117.5232 32.04576 32.04576 48.76029 65.15532 54.17199 36.7481 43.15519 55.80809 71.54572 54.16525 59.8897 49.44814 33.63208 32.49669 37.92852 38.29486 62.5895 83.95621 83.95621 78.78488 31.51324 10.18545 16.55384 28.21005 32.49655 12.85851 13.137 41.11808 53.76108 71.25845 79.51963 27.43119 13.47216 18.13219 41.388 47.31666 41.65501 32.62202 21.13796 18.15236 33.97216 0 0 0 0 0 0 0 0 0
72.10387 72.19601 60.90714 60.49797 60.49797 55.94308 40.55972 22.87259 21.93259 21.93259 40.15052 41.94287 41.94287 37.1379 31.45615 52.23335 77.27863 72.6653 211.3763 225.8952 34.30302 37.54764 87.18081 83.30559 56.92426 45.95782 46.18367 41.13873 42.30892 45.6808 48.00971 31.92894 32.77544 58.87979 59.8897 58.47592 47.96386 49.08789 44.86661 73.3207 83.45391 54.8709 26.30242 22.88175 8.723593 7.392148 24.17276 26.35019 56.25132 67.85474 71.93059 72.97495 95.98151 132.4644 133.3537 82.27563 11.69517 11.58626 55.22988 70.1554 54.63127 57.18214 17.02408 0 0 0 0 0 0 0 0 0 0
70.91956 63.99062 58.1808 59.11834 50.47533 27.62493 13.92997 21.9988 23.3313 23.5209 38.94318 41.78795 40.00845 33.13467 31.61475 38.07508 55.1167 36.5002 94.41067 127.648 61.35544 76.45959 101.1078 101.1078 99.65356 54.33425 46.26318 68.93211 83.85205 73.70159 54.8802 46.39019 12.0594 16.68493 41.39694 62.70393 71.13586 72.20896 72.8 60.26815 31.30538 23.91286 23.74028 20.72523 12.89148 36.93421 49.56548 36.34352 19.17756 14.94113 14.94113 28.03623 90.94755 133.4303 133.4303 132.2395 52.56981 38.87774 56.46496 78.79668 78.98097 83.24872 70.77787 0 0 0 0 0 0 0 0 0 0
49.15952 43.98941 44.37608 35.70218 31.69173 30.6524 26.54428 37.35716 31.46241 32.2711 35.43321 31.27387 27.29587 30.01697 31.61475 31.61475 23.35173 25.44147 34.29402 34.20407 31.46171 78.69994 101.1078 101.1078 101.1078 93.6802 72.63494 85.43394 85.43394 85.43394 85.43394 80.21042 55.58464 29.66992 45.81499 57.80368 62.6367 72.13896 49.42723 18.88487 6.771294 57.54197 46.1014 45.03859 53.901 53.55358 50.39858 28.8654 19.36915 48.39499 95.84492 111.264 186.9938 154.5174 179.974 159.3497 74.48167 66.70284 76.06614 80.26301 80.01268 62.72888 36.60817 0 0 0 0 0 0 0 0 0 0
64.3326 41.5131 41.57833 36.78348 34.33572 34.33572 36.61585 43.6721 43.05508 46.74941 42.17006 28.04878 18.33177 17.25363 18.46245 19.50535 5.520462 7.090222 16.37987 17.83598 17.83598 79.41267 101.1078 101.1078 101.1078 79.25167 30.65022 62.77927 55.4598 68.32723 84.1109 82.44705 73.02699 72.20896 72.20896 62.70396 25.39319 32.32151 25.55645 10.81699 10.45059 76.55639 47.51599 46.10139 102.7629 68.1958 48.98674 23.14506 16.57651 68.08701 151.558 221.5058 221.5058 221.5058 221.5058 214.5624 158.3558 88.10646 91.11833 92.13483 92.27651 52.99387 0 0 0 0 0 0 0 0 0 0 0
77.73837 38.93956 39.96561 40.22004 37.56688 35.96614 36.95842 51.48063 90.7019 115.8519 108.7717 89.88658 17.12316 14.7492 15.5561 15.57763 15.76092 17.45994 13.62381 14.69744 17.81581 58.53258 81.48498 59.87758 43.09057 44.07518 28.35906 18.82076 14.00356 13.75596 19.79173 56.59819 72.28197 72.20896 72.20897 72.09386 61.8945 50.49478 31.66055 14.39528 29.39531 87.64304 95.52258 84.95995 56.8196 48.98933 48.98933 45.7952 18.24446 13.94174 16.12018 218.29 219.8644 177.8369 147.5806 98.81676 93.53116 92.53022 88.58215 74.10878 84.08212 0 0 0 0 0 0 0 0 0 0 0 0
50.70025 48.14306 46.531 41.77084 38.69561 23.71131 28.38412 53.25847 102.3557 117.556 99.52721 86.9607 58.2412 36.06746 18.59922 16.03379 18.08044 21.02157 19.49837 11.91348 23.50379 48.02177 25.37721 18.99836 21.89416 30.19364 30.09037 30.76148 30.7617 60.28727 65.98486 51.85406 55.09047 57.07861 63.73649 71.70886 68.96591 47.95128 36.72136 22.51911 29.90151 122.8576 125.4397 125.5013 122.9202 105.4373 44.81258 31.37081 22.7388 9.594003 33.20687 115.801 73.08907 38.68644 74.69868 92.53022 92.53022 92.53022 0 0 0 0 0 0 0 0 0 0 0 0 0 0 0
74.13474 74.28819 111.6287 148.6313 18.68657 18.01223 19.06037 47.35191 66.09679 76.25024 58.25725 57.0579 57.0579 48.95185 21.21418 20.21114 21.86501 27.32179 24.19517 23.06292 31.22173 29.11692 28.59905 24.95846 39.09422 43.14789 25.96647 27.01519 31.57734 48.10085 53.33262 67.46807 55.03252 51.22022 42.32058 28.15063 30.72582 31.77157 32.27497 26.29138 21.55737 114.0721 125.5013 125.5013 100.5495 53.35006 30.67568 40.78803 40.18971 22.81837 34.28071 58.42752 56.01965 51.15158 64.44838 74.64123 83.51263 77.55297 0 0 0 0 0 0 0 0 0 0 0 0 0 0 0
60.18187 83.0862 345.5344 350.5439 122.3898 19.82024 20.52963 41.35109 64.22607 64.22607 58.68151 38.62499 44.41835 23.73632 41.18076 23.64157 19.18955 31.57696 35.52632 33.70832 36.0263 34.88369 27.46718 25.79512 53.63441 85.10769 42.25722 27.25898 29.56971 27.9748 30.43204 87.46077 96.17908 78.23096 54.72653 52.35765 51.21117 42.63038 16.3209 15.20972 15.20972 36.64858 69.91323 66.17485 63.99808 84.41087 30.22215 44.50415 43.0606 41.28477 51.12176 55.58562 54.51761 63.77881 56.418 56.31415 68.62183 0 0 0 0 0 0 0 0 0 0 0 0 0 0 0 0
32.64172 69.59401 142.2288 120.7237 23.62042 21.1602 21.12691 33.2182 52.59941 31.85929 9.742022 12.80596 49.94757 69.59547 98.56556 78.34988 27.17339 14.0042 28.63598 36.02631 36.02631 36.02631 26.09185 17.10223 26.91516 75.37571 84.73048 51.36177 31.35318 29.83447 24.00883 40.29843 51.207 37.37567 69.72704 78.87518 78.87518 78.87518 70.54313 32.83101 15.20972 12.3658 10.16666 10.95816 18.09227 38.72554 42.55594 62.32775 35.85408 54.40918 75.36476 67.25232 68.70467 53.8904 42.34276 52.14285 61.5931 46.56867 0 0 0 0 0 0 0 0 0 0 0 0 0 0 0
52.21162 67.38017 53.12347 44.65387 43.21471 32.33117 27.55221 24.39079 23.38495 18.89237 25.95747 88.77344 98.95126 98.95126 98.95125 98.95126 95.1106 56.35691 25.56529 22.83941 31.06421 35.17069 19.64531 18.19127 23.21917 30.56154 41.5298 27.01115 26.91185 28.80946 17.10898 35.84348 56.99288 62.85597 78.87518 78.87518 78.87518 78.87518 78.87518 77.27442 54.42311 27.90453 29.04186 32.09298 41.26984 42.37682 66.84521 58.2799 82.07286 90.98363 79.18723 52.25729 55.39099 44.11631 48.29755 52.21085 28.63751 28.35703 0 0 0 0 0 0 0 0 0 0 0 0 0 0 0
58.19661 59.4443 50.50372 43.27073 43.71495 37.96399 35.1466 30.45203 23.01335 13.85567 60.28606 83.61915 39.85643 63.48679 95.20454 88.69993 93.12428 28.60153 6.983882 6.983882 19.46313 34.17707 27.52673 20.2014 38.17385 32.81519 30.76139 38.41988 55.83042 135.1177 128.342 83.30692 78.85191 78.87519 78.87518 78.87519 78.87518 78.87518 78.87518 79.57088 57.72273 29.85576 39.37701 40.05796 41.37703 41.96485 47.33831 63.81238 112.2997 118.5444 100.2235 52.07532 47.19878 40.49863 51.24323 61.3437 0 0 0 0 0 0 0 0 0 0 0 0 0 0 0 0 0
48.68729 51.23534 43.5337 25.13478 28.56679 25.79611 31.55991 35.6501 7.635157 5.8948 25.65816 46.66521 23.68968 22.22028 39.57292 16.65936 14.46539 9.577258 10.6904 24.45421 32.45675 41.63211 49.27669 49.22585 54.1913 65.79385 95.69951 81.75647 84.46282 163.949 170.8391 81.32363 74.37331 78.87518 78.87518 78.87518 78.87518 78.74221 78.81026 92.3022 90.3369 69.31682 66.39684 46.65848 47.12281 48.6005 46.23999 52.06792 52.8603 64.40507 57.94411 51.83835 47.59982 43.96601 44.48697 49.15675 0 0 0 0 0 0 0 0 0 0 0 0 0 0 0 0 0
33.54464 32.7136 29.85291 29.06458 25.96571 21.38967 18.70555 17.86107 18.05287 32.28474 58.96938 59.35278 51.26113 24.96251 21.43894 17.86001 15.90076 11.34531 11.41918 27.10331 26.14414 23.75408 30.18521 45.01217 63.7544 71.35844 129.7137 405.4328 337.2085 582.244 582.2665 205.1814 154.1868 71.04499 73.17577 73.94811 43.0306 43.14175 77.64375 90.19108 94.21837 94.03674 66.64671 31.45779 65.57132 52.96323 46.22939 46.22938 46.22938 47.3078 51.72057 51.83835 51.38364 46.35643 45.23328 0 0 0 0 0 0 0 0 0 0 0 0 0 0 0 0 0 0
35.72293 35.67966 33.2656 31.93516 30.44026 25.9401 22.43321 15.1578 14.87083 35.99347 59.35278 55.46933 44.25411 30.66655 22.36151 21.43061 22.36803 22.35029 17.20939 18.58076 22.9361 23.65484 29.27865 33.78747 33.66941 33.9011 147.0658 400.0979 529.1701 582.4417 582.4417 573.5858 536.9099 351.8777 171.2539 41.37975 32.78057 32.78208 78.05323 94.00574 94.21837 51.65488 23.43247 33.36908 36.04287 44.95627 0 0 0 0 49.30206 50.94478 51.6712 0 0 0 0 0 0 0 0 0 0 0 0 0 0 0 0 0 0 0 0
120.5472 124.5497 125.0866 90.09831 44.12627 29.37463 26.61748 23.07104 24.44045 54.60442 53.51799 36.7282 36.68699 36.68699 37.9425 39.26626 40.14492 32.01022 30.56815 25.46408 25.74844 27.07114 36.52466 54.70373 55.68133 61.33929 84.16061 83.77393 346.234 582.4417 572.9139 567.4686 204.3214 229.6028 103.6613 62.414 84.74698 93.10336 94.21836 93.9275 89.48357 67.36378 36.8955 35.61663 36.24089 0 0 0 0 0 0 0 0 0 0 0 0 0 0 0 0 0 0 0 0 0 0 0 0 0 0 0 0
164.0065 164.0065 164.0065 164.0065 133.671 53.40088 39.87184 26.58549 21.64621 28.20843 35.57309 36.78758 36.68699 36.28568 39.9999 41.84399 41.11491 33.97589 194.1865 254.8822 61.96777 27.34027 27.34027 45.32405 57.93467 61.42368 73.59734 119.5362 343.0742 347.763 107.0788 276.5462 334.5277 224.0205 57.44719 62.4453 58.72827 60.54414 66.97992 53.98027 51.38684 49.63634 32.59427 37.24915 0 0 0 0 0 0 0 0 0 0 0 0 0 0 0 0 0 0 0 0 0 0 0 0 0 0 0 0 0
65.69338 117.9864 137.9319 113.5255 88.45357 49.88422 35.54008 31.55846 20.4137 29.82205 43.74657 45.18595 19.55881 7.095736 21.83207 36.26005 0 0 0 0 0 87.24356 42.47549 0 0 0 0 0 0 0 0 0 478.4915 174.8349 0 0 0 0 0 0 0 0 30.64497 0 0 0 0 0 0 0 0 0 0 0 0 0 0 0 0 0 0 0 0 0 0 0 0 0 0 0 0 0 0
31.68086 32.03249 36.53286 36.71817 31.74852 15.02619 20.32169 19.44435 33.21655 45.56267 45.72342 45.74715 42.19323 16.59406 35.58568 0 0 0 0 0 0 0 0 0 0 0 0 0 0 0 0 0 0 0 0 0 0 0 0 0 0 0 0 0 0 0 0 0 0 0 0 0 0 0 0 0 0 0 0 0 0 0 0 0 0 0 0 0 0 0 0 0 0
48.09579 31.33603 31.94359 32.6216 30.89048 15.31755 12.15523 16.28794 25.32891 43.22328 44.20711 42.85378 34.74346 0 0 0 0 0 0 0 0 0 0 0 0 0 0 0 0 0 0 0 0 0 0 0 0 0 0 0 0 0 0 0 0 0 0 0 0 0 0 0 0 0 0 0 0 0 0 0 0 0 0 0 0 0 0 0 0 0 0 0 0
36.76802 26.94556 26.60341 29.73826 30.07745 0 23.79551 21.48329 21.4833 30.07414 0 0 0 0 0 0 0 0 0 0 0 0 0 0 0 0 0 0 0 0 0 0 0 0 0 0 0 0 0 0 0 0 0 0 0 0 0 0 0 0 0 0 0 0 0 0 0 0 0 0 0 0 0 0 0 0 0 0 0 0 0 0 0
22.22629 22.64211 22.48891 17.51147 15.79119 0 0 0 0 0 0 0 0 0 0 0 0 0 0 0 0 0 0 0 0 0 0 0 0 0 0 0 0 0 0 0 0 0 0 0 0 0 0 0 0 0 0 0 0 0 0 0 0 0 0 0 0 0 0 0 0 0 0 0 0 0 0 0 0 0 0 0 0
22.79077 22.51455 22.66217 0 0 0 0 0 0 0 0 0 0 0 0 0 0 0 0 0 0 0 0 0 0 0 0 0 0 0 0 0 0 0 0 0 0 0 0 0 0 0 0 0 0 0 0 0 0 0 0 0 0 0 0 0 0 0 0 0 0 0 0 0 0 0 0 0 0 0 0 0 0
