Scenarios/Global_Grid/data/country_data_population_distribution/processed/density_grids/idn.asc
ncols 1128
nrows 434
xllcorner 94
yllcorner -11
[rows 288 to 323 of 434, columns 1040 to 1119 of 1128]
0 0 0 0 0 0 0 0 0 0 0 0 0 0 0 0 0 0 0 0 0 0 0 0 0 0 5.028281 5.028281 5.028281 5.028281 5.028281 5.028281 5.028281 5.028281 5.028281 5.028281 5.028281 5.02828 5.028281 5.02828 5.028281 5.02828 5.138401 8.771927 8.834019 8.834018 8.834019 8.834018 8.834019 8.834018 8.834019 8.834019 8.834019 8.834018 8.834019 8.834018 8.834019 8.834019 8.834019 8.834019 8.834018 8.834019 7.20924 4.724343 4.724343 4.724343 4.724343 4.724343 4.724343 4.724343 4.724343 4.724343 4.724342 4.724343 4.724342 4.724343 4.724342 4.724343 4.724343 4.724343
0 0 0 0 0 0 0 0 0 0 0 0 0 0 0 0 0 0 0 0 0 0 0 0 0 0 5.02828 5.02828 5.028281 5.028281 5.028281 5.028281 5.028281 5.028281 5.028281 5.028281 5.028281 5.028281 5.028281 5.028281 5.028281 5.028281 5.028281 8.147025 8.834019 8.834019 8.834019 8.834019 8.834019 8.834019 8.834019 8.834019 8.834019 8.834019 8.834019 8.834019 8.834019 8.834019 8.834019 8.834019 8.834019 8.834019 7.993383 4.758264 4.724343 4.724343 4.724343 4.724343 4.724343 4.724343 4.724343 4.724343 4.724342 4.724343 4.724342 4.724343 4.724343 4.724343 4.724343 4.724343
0 0 0 0 0 0 0 0 0 0 0 0 0 0 0 0 0 0 0 0 0 0 0 0 0 0 0 5.02828 5.02828 5.02828 5.02828 5.02828 5.02828 5.028281 5.02828 5.02828 5.02828 5.02828 5.02828 5.028281 5.02828 5.02828 5.02828 7.040708 8.834018 8.834018 8.834018 8.834019 8.834018 8.834018 8.834018 8.834018 8.834018 8.834019 8.834019 8.834019 8.834018 8.834018 8.834018 8.834018 8.834018 8.834018 8.834018 5.767336 4.724342 4.724342 4.724342 4.724342 4.724342 4.724342 4.724342 4.724342 4.724342 4.724342 4.724343 4.724342 4.724342 4.724342 4.724342 4.724342
0 0 0 0 0 0 0 0 0 0 0 0 0 0 0 0 0 0 0 0 0 0 0 0 0 0 0 5.02828 5.02828 5.028281 5.028281 5.028281 5.02828 5.028281 5.02828 5.028281 5.02828 5.028281 5.02828 5.028281 5.02828 5.028281 5.02828 6.157687 8.834018 8.834019 8.834019 8.834019 8.834019 8.834019 8.834019 8.834019 8.834018 8.834019 8.834018 8.834019 8.834018 8.834019 8.834018 8.834019 8.834019 8.834019 8.834019 6.740768 4.724343 4.724343 4.724343 4.724343 4.724343 4.724343 4.724343 4.724343 4.724343 4.724343 4.724342 4.724342 4.724343 4.724342 4.724343 4.724343
0 0 0 0 0 0 0 0 0 0 0 0 0 0 0 0 0 0 0 0 0 0 0 0 0 0 0 0 5.028281 5.02828 5.02828 5.02828 5.02828 5.02828 5.02828 5.02828 5.02828 5.02828 5.02828 5.02828 5.02828 5.02828 5.02828 5.824806 8.834018 8.834019 8.834019 8.834019 8.834019 8.834019 8.834019 8.834019 8.834019 8.834019 8.834018 8.834018 8.834018 8.834019 8.834019 8.834018 8.834019 8.834019 8.834019 7.656456 4.724343 4.724343 4.724343 4.724343 4.724343 4.724342 4.724343 4.724343 4.724343 4.724343 4.724342 4.724342 4.724343 4.724342 4.724343 4.724343
0 0 0 0 0 0 0 0 0 0 0 0 0 0 0 0 0 0 0 0 0 0 0 0 0 0 0 0 5.02828 5.028281 5.02828 5.028281 5.02828 5.028281 5.02828 5.028281 5.02828 5.028281 5.02828 5.028281 5.02828 5.028281 5.02828 5.504498 8.834019 8.834019 8.834018 8.834019 8.834018 8.834019 8.834018 8.834018 8.834018 8.834019 8.834018 8.834018 8.834018 8.834018 8.834018 8.834019 8.834019 8.834018 8.834019 8.729685 4.85472 4.724342 4.724343 4.724342 4.724343 4.724342 4.724342 4.724342 4.724343 4.724342 4.724342 4.724342 4.724343 4.724342 4.724343 4.724342
0 0 0 0 0 0 0 0 0 0 0 0 0 0 0 0 0 0 0 0 0 0 0 0 0 0 0 0 0 5.02828 5.028281 5.02828 5.028281 5.02828 5.028281 5.028281 5.028281 5.02828 5.028281 5.028281 5.028281 5.02828 5.028281 5.052006 8.653943 8.834018 8.834019 8.834018 8.834019 8.834018 8.834019 8.834019 8.834019 8.834019 8.834019 8.834019 8.834019 8.834019 8.834019 8.834019 8.834018 8.834018 8.834018 8.834019 5.426073 4.724343 4.724342 4.724343 4.724342 4.724343 4.724343 4.724343 4.724342 4.724342 4.724342 4.724342 4.724342 4.724343 4.724342 4.724343
0 0 0 0 0 0 0 0 0 0 0 0 0 0 0 0 0 0 0 0 0 0 0 0 0 0 0 0 0 5.02828 5.02828 5.02828 5.02828 5.02828 5.02828 5.02828 5.02828 5.02828 5.02828 5.02828 5.02828 5.02828 5.02828 5.02828 8.064919 8.834019 8.834019 8.834019 8.834019 8.834019 8.834019 8.834019 8.834019 8.834019 8.834019 8.834018 8.834019 8.834019 8.834019 8.834019 8.834019 8.834019 8.834019 8.834019 5.311565 4.724343 4.724343 4.724343 4.724342 4.724343 4.724343 4.724343 4.724343 4.724343 4.724343 4.724342 4.724342 4.724343 4.724342 4.724343
0 0 0 0 0 0 0 0 0 0 0 0 0 0 0 0 0 0 0 0 0 0 0 0 0 0 0 0 0 5.02828 5.02828 5.02828 5.02828 5.02828 5.02828 5.02828 5.02828 5.02828 5.02828 5.02828 5.02828 5.028281 5.02828 5.02828 7.926956 8.834019 8.834019 8.834019 8.834019 8.834019 8.834019 8.834019 8.834019 8.834019 8.834019 8.834019 8.834019 8.834019 8.834019 8.834019 8.834019 8.834019 8.834019 8.834019 5.124692 4.724342 4.724342 4.724342 4.724342 4.724342 4.724342 4.724342 4.724342 4.724342 4.724342 4.724342 4.724342 4.724342 4.724342 4.724342
0 0 0 0 0 0 0 0 0 0 0 0 0 0 0 0 0 0 0 0 0 0 0 0 0 0 0 0 0 5.02828 5.02828 5.028281 5.028281 5.028281 5.028281 5.028281 5.028281 5.028281 5.028281 5.028281 5.028281 5.02828 5.028281 5.028281 8.065137 8.834019 8.834019 8.834019 8.834019 8.834019 8.834019 8.834019 8.834018 8.834019 8.834019 8.834019 8.834019 8.834019 8.834019 8.834019 8.834019 8.834019 8.834019 8.834019 5.004785 4.724342 4.724343 4.724342 4.724343 4.724342 4.724343 4.724342 4.724343 4.724342 4.724343 4.724343 4.724343 4.724343 4.724343 4.724342
0 0 0 0 0 0 0 0 0 0 0 0 0 0 0 0 0 0 0 0 0 0 0 0 0 0 0 0 0 0 5.02828 5.02828 5.028281 5.02828 5.02828 5.02828 5.028281 5.02828 5.028281 5.02828 5.02828 5.02828 5.028281 5.02828 8.274475 8.834019 8.834019 8.834019 8.834019 8.834019 8.834019 8.834019 8.834019 8.834019 8.834019 8.834019 8.834019 8.834019 8.834019 8.834019 8.834019 8.834019 8.834019 8.834019 4.890949 4.724342 4.724342 4.724343 4.724342 4.724343 4.724343 4.724343 4.724342 4.724343 4.724342 4.724342 4.724342 4.724343 4.724342 4.724343
0 0 0 0 0 0 0 0 0 0 0 0 0 0 0 0 0 0 0 0 0 0 0 0 0 0 0 0 0 0 5.02828 5.028281 5.028281 5.02828 5.02828 5.02828 5.02828 5.02828 5.028281 5.02828 5.02828 5.02828 5.02828 5.428936 8.472088 8.834019 8.834019 8.834019 8.834019 8.834019 8.834018 8.834019 8.834018 8.834018 8.834019 8.834019 8.834019 8.834019 8.834019 8.834019 8.834019 8.834019 8.834019 8.834019 5.009094 4.724343 4.724343 4.724343 4.724343 4.724343 4.724343 4.724343 4.724343 4.724343 4.724343 4.724343 4.724342 4.724343 4.724342 4.724343
0 0 0 0 0 0 0 0 0 0 0 0 0 0 0 0 0 0 0 0 0 0 0 0 0 0 0 0 0 0 0 5.02828 5.02828 5.028281 5.028281 5.028281 5.02828 5.02828 5.02828 5.02828 5.02828 5.028281 5.02828 7.959558 8.834018 8.834019 8.834018 8.834019 8.834019 8.834019 8.834018 8.834019 8.834019 8.834019 8.834018 8.834019 8.834019 8.834019 8.834019 8.834018 8.834019 8.834019 8.834019 8.834018 5.185204 4.724342 4.724343 4.724342 4.724343 4.724343 4.724343 4.724342 4.724343 4.724342 4.724343 4.724342 4.724342 4.724343 4.724343 4.724342
0 0 0 0 0 0 0 0 0 0 0 0 0 0 0 0 0 0 0 0 0 0 0 0 0 0 0 0 0 0 0 0 5.02828 5.028281 5.02828 5.02828 5.028281 5.02828 5.028281 5.02828 5.028281 5.02828 5.728416 8.827573 8.834019 8.834019 8.834019 8.834019 8.834019 8.834019 8.834019 8.834019 8.834019 8.834019 8.834019 8.834019 8.834019 8.834019 8.834019 8.834019 8.834019 8.834019 8.834019 8.834019 5.240344 4.724343 4.724342 4.724343 4.724342 4.724343 4.724343 4.724343 4.724342 4.724343 4.724342 4.724343 4.724342 4.724343 4.724342 4.724343
0 0 0 0 0 0 0 0 0 0 0 0 0 0 0 0 0 0 0 0 0 0 0 0 0 0 0 0 0 0 0 0 0 0 5.028281 5.02828 5.02828 5.02828 5.02828 5.02828 5.028281 5.02828 7.657248 8.834018 8.834018 8.834019 8.834019 8.834018 8.834019 8.834018 8.834019 8.834019 8.834018 8.834018 8.834019 8.834018 8.834019 8.834019 8.834019 8.834019 8.834018 8.834019 8.834018 8.834019 5.342882 4.724342 4.724342 4.724342 4.724342 4.724343 4.724343 4.724343 4.724342 4.724343 4.724342 4.724343 4.724342 4.724342 4.724342 4.724342
0 0 0 0 0 0 0 0 0 0 0 0 0 0 0 0 0 0 0 0 0 0 0 0 0 0 0 0 0 0 0 0 0 0 5.02828 5.02828 5.028281 5.028281 5.02828 5.028281 5.02828 5.995926 8.833362 8.834019 8.834019 8.83402 8.834019 8.83402 8.834019 8.834019 8.834019 8.834019 8.834018 8.834019 8.834019 8.834019 8.83402 8.834019 8.834019 8.834019 8.834019 8.834019 8.83402 8.834019 5.334756 5.072864 4.724342 4.724342 4.724342 4.724342 4.724342 4.724342 4.724342 4.724342 4.724342 4.724343 4.724343 4.724342 4.724342 4.724342
0 0 0 0 0 0 0 0 0 0 0 0 0 0 0 0 0 0 0 0 0 0 0 0 0 0 0 0 0 0 0 0 0 0 0 5.02828 5.028281 5.028281 5.02828 5.028281 5.033414 7.999948 8.834019 8.834019 8.834019 8.834019 8.83402 8.834019 8.83402 8.834019 8.834019 8.834019 8.834018 8.834018 8.83402 8.834019 8.83402 8.83402 8.834019 8.834018 8.834019 8.834018 8.834019 8.834019 8.791254 8.83301 6.02868 4.724343 4.724343 4.724342 4.724343 4.724343 4.724343 4.724343 4.724343 4.724343 4.724342 4.724343 4.724343 4.724343
0 0 0 0 0 0 0 0 0 0 0 0 0 0 0 0 0 0 0 0 0 0 0 0 0 0 0 0 0 0 0 0 0 0 0 8.834018 8.834019 8.060239 5.246722 5.028281 6.220141 8.834019 8.834019 8.834019 8.834019 8.834019 8.834019 8.834019 8.834019 8.834019 8.834019 8.834018 8.834018 8.834019 8.834018 8.834019 8.834019 8.834019 8.834019 8.834019 8.834019 8.834019 8.834019 8.834019 8.834019 8.834019 7.238702 4.724342 4.724342 4.724342 4.724342 4.724342 4.724342 4.724342 4.724342 4.724342 4.724342 4.724342 4.724342 4.724342
0 0 0 0 0 0 0 0 0 0 0 0 0 0 0 0 0 0 0 0 0 0 0 0 0 0 0 0 0 0 0 0 0 0 0 0 8.834018 8.834019 8.834019 6.641923 8.194041 8.834019 8.834019 8.834019 8.834019 8.834019 8.834019 8.834019 8.834019 8.834019 8.834019 8.834019 8.834019 8.834019 8.834019 8.834018 8.834019 8.834019 8.834019 8.834019 8.834019 8.834019 8.834019 8.834019 8.834019 8.834019 7.706046 4.724342 4.724342 4.724342 4.724342 4.724342 4.724342 4.724342 4.724342 4.724343 4.724343 4.724342 4.724342 4.724342
0 0 0 0 0 0 0 0 0 0 0 0 0 0 0 0 0 0 0 0 0 0 0 0 0 0 0 0 0 0 0 0 0 0 8.834019 8.834019 8.834019 8.834018 8.834019 8.834018 8.834019 8.834019 8.834019 8.834019 8.834019 8.834019 8.834019 8.834019 8.834019 8.834019 8.834019 8.834019 8.834019 8.834019 8.834019 8.834019 8.834019 8.834019 8.834019 8.834019 8.834019 8.834019 8.834019 8.834019 8.834019 8.834019 8.369028 4.724342 4.724343 4.724342 4.724343 4.724342 4.724343 4.724342 4.724343 4.724343 4.724343 4.724343 4.724343 4.724342
0 0 0 0 0 0 0 0 0 0 0 0 0 0 0 0 0 0 0 0 0 0 0 0 0 0 0 0 0 0 0 0 0 0 8.834019 8.834018 8.834019 8.834018 8.834019 8.834019 8.834018 8.834019 8.834018 8.834019 8.834019 8.834019 8.834018 8.834019 8.834019 8.834019 8.834018 8.834019 8.834018 8.834019 8.834018 8.834019 8.834019 8.834019 8.834018 8.834018 8.834019 8.834018 8.834019 8.834018 8.834019 8.834018 8.45529 4.724342 4.724343 4.724342 4.724343 4.724342 4.724343 4.724342 4.724343 4.724342 4.724343 4.724342 4.724343 4.724343
0 0 0 0 0 0 0 0 0 0 0 0 0 0 0 0 0 0 0 0 0 0 0 0 0 0 0 0 0 0 0 0 0 0 0 8.834018 8.834019 8.834019 8.834019 8.834019 8.834019 8.834019 8.834019 8.834019 8.834019 8.834019 8.834019 8.834019 8.834019 8.834019 8.834019 8.834019 8.834019 8.834019 8.834018 8.834019 8.834019 8.834019 8.834019 8.834019 8.834019 8.834019 8.834019 8.834019 8.834019 8.834019 8.765775 4.737742 4.724342 4.724343 4.724343 4.724342 4.724342 4.724342 4.724342 4.724342 4.724342 4.724343 4.724342 4.724343
0 0 0 0 0 0 0 0 0 0 0 0 0 0 0 0 0 0 0 0 0 0 0 0 0 0 0 0 0 0 0 0 0 0 0 0 8.834018 8.834019 8.834018 8.834019 8.834019 8.834019 8.834018 8.834018 8.834019 8.834019 8.834019 8.834018 8.834019 8.834019 8.834018 8.834018 8.834019 8.834019 8.834018 8.834018 8.834019 8.834019 8.834019 8.834019 8.834019 8.834019 8.834019 8.834019 8.834019 8.834019 8.834019 5.067761 4.724342 4.724343 4.724343 4.724343 4.724342 4.724342 4.724342 4.724343 4.724342 4.724342 4.724342 4.724343
0 0 0 0 0 0 0 0 0 0 0 0 0 0 0 0 0 0 0 0 0 0 0 0 0 0 0 0 0 0 0 0 0 8.834019 8.834019 8.834018 8.834019 8.834018 8.834019 8.834019 8.834018 8.834019 8.834018 8.834019 8.834019 8.834018 8.834018 8.834019 8.834018 8.834018 8.834019 8.834019 8.834019 8.834018 8.834019 8.834019 8.834018 8.834019 8.834018 8.834018 8.834019 8.834018 8.834019 8.834018 8.834019 8.834018 8.834019 5.208114 4.724343 4.724342 4.724343 4.724343 4.724343 4.724342 4.724343 4.724342 4.724343 4.724343 4.724343 4.724342
0 0 0 0 0 0 0 0 0 0 0 0 0 0 0 0 0 0 0 0 0 0 0 0 0 0 0 0 0 0 0 0 0 8.834019 8.834019 8.834019 8.834019 8.834019 8.834018 8.834019 8.834019 8.834019 8.834018 8.834019 8.834019 8.83402 8.834019 8.834019 8.834018 8.834019 8.834019 8.834019 8.834019 8.834019 8.834019 8.834019 8.834019 8.834019 8.834019 8.834019 8.834019 8.834019 8.834019 8.834019 8.834019 8.834018 8.834019 5.123659 4.724343 4.724343 4.724343 4.724343 4.724342 4.724343 4.724343 4.724343 4.724343 4.724343 4.724343 4.724343
0 0 0 0 0 0 0 0 0 0 0 0 0 0 0 0 0 0 0 0 0 0 0 0 0 0 0 0 0 0 0 0 0 8.834018 8.834019 8.834019 8.834019 8.834019 8.834018 8.834019 8.834019 8.834019 8.834019 8.834019 8.834018 8.834019 8.834019 8.834019 8.834019 8.834018 8.834019 8.834019 8.834019 8.834019 8.834019 8.834019 8.834019 8.834019 8.834019 8.834019 8.834019 8.834019 8.834019 8.834019 8.834019 8.834019 8.834019 5.344277 4.724343 4.724343 4.724342 4.724343 4.724343 4.724343 4.724343 4.724343 4.724343 4.724342 4.724343 4.724343
0 0 0 0 0 0 0 0 0 0 0 0 0 0 0 0 0 0 0 0 0 0 0 0 0 0 0 0 0 0 0 0 0 0 8.834019 8.834019 8.834019 8.834019 8.834019 8.834019 8.834019 8.834019 8.834019 8.834019 8.834019 8.834019 8.834019 8.834019 8.834019 8.834019 8.834019 8.834019 8.834019 8.834019 8.834019 8.834018 8.834019 8.834019 8.834019 8.834019 8.834019 8.834019 8.834019 8.834019 8.834019 8.834019 8.834019 5.705873 4.724343 4.724343 4.724342 4.724343 4.724343 4.724343 4.724343 4.724343 4.724343 4.724343 4.724343 4.724343
0 0 0 0 0 0 0 0 0 0 0 0 0 0 0 0 0 0 0 0 0 0 0 0 0 0 0 0 0 0 0 0 0 0 0 8.834018 8.834018 8.834019 8.834019 8.834018 8.834019 8.834018 8.834019 8.834018 8.834019 8.834019 8.834019 8.834018 8.834019 8.834018 8.834019 8.834019 8.834019 8.834018 8.834019 8.834018 8.834019 8.834019 8.834019 8.834019 8.834018 8.834019 8.834018 8.834018 8.834019 8.834019 8.834018 6.055257 4.724342 4.724343 4.724342 4.724343 4.724343 4.724343 4.724342 4.724343 4.724342 4.724343 4.724342 6.029766
0 0 0 0 0 0 0 0 0 0 0 0 0 0 0 0 0 0 0 0 0 0 0 0 0 0 0 0 0 0 0 0 0 0 0 0 0 8.834019 8.834019 8.834019 8.834019 8.834019 8.834019 8.834019 8.834019 8.834019 8.834019 8.834019 8.834019 8.834019 8.834019 8.834019 8.834019 8.834019 8.834019 8.834019 8.834019 8.834019 8.834019 8.834019 8.834019 8.834019 8.834018 8.834018 8.834019 8.834019 8.834019 6.295 4.724342 4.724342 4.724342 4.724342 4.724342 4.724342 4.724342 4.724343 4.724342 4.797696 7.146354 9.173988
0 0 0 0 0 0 0 0 0 0 0 0 0 0 0 0 0 0 0 0 0 0 0 0 0 0 0 0 0 0 0 0 0 0 0 0 8.834018 8.834019 8.834018 8.834019 8.834018 8.834018 8.834019 8.834019 8.834019 8.834019 8.834019 8.834019 8.834019 8.949302 8.834018 8.834019 8.919756 9.195549 9.154812 8.853971 8.834019 8.834019 8.837677 8.8524 8.834019 8.834019 8.834019 8.834019 8.834019 8.834018 8.834019 6.652648 4.724342 4.724342 4.724342 4.724342 4.724342 4.724342 4.724342 4.724342 5.21452 8.091865 9.195549 9.195549
0 0 0 0 0 0 0 0 0 0 0 0 0 0 0 0 0 0 0 0 0 0 0 0 0 0 0 0 0 0 0 0 0 0 0 0 9.195549 9.185737 9.076999 9.195549 9.195549 9.195549 9.195549 8.834018 8.834019 8.834019 8.834019 8.834018 8.837157 9.195549 8.857995 8.834019 8.941125 9.195008 9.19555 8.931022 8.834019 8.854195 9.174924 9.045003 8.834019 8.834018 8.834018 8.834019 8.834019 8.834018 8.834018 6.603999 4.724343 4.798437 5.1858 5.566878 5.922094 6.274535 6.547833 7.093361 8.98578 9.195549 9.195549 9.195549
0 0 0 0 0 0 0 0 0 0 0 0 0 0 0 0 0 0 0 0 0 0 0 0 0 0 0 0 0 0 0 0 0 0 0 9.195549 9.195549 9.195549 9.19555 9.195549 9.195549 9.195549 9.195549 9.103184 9.001676 9.10395 9.185685 9.117565 9.170418 9.195549 9.152566 9.186418 9.02966 9.044576 9.157272 8.862869 8.834019 8.933747 9.195549 8.961932 8.834019 8.91396 8.952522 8.976798 9.000037 9.050909 9.090452 8.53923 8.207933 9.056719 9.195549 9.195549 9.195549 9.195549 9.195549 9.195549 9.195549 9.195549 9.195549 9.195549
0 0 0 0 0 0 0 0 0 0 0 0 0 0 0 0 0 0 0 0 0 0 0 0 0 0 0 0 0 0 0 0 0 0 0 0 0 9.195549 9.195549 9.19555 9.195549 9.195549 9.195549 9.195549 9.19555 9.195549 9.195549 9.195549 9.195549 9.195549 9.195549 9.195549 9.195549 9.195549 9.195549 9.17145 8.989798 9.040947 9.195549 9.05756 8.940114 9.195549 9.195549 9.195549 9.195549 9.195549 9.195549 9.195549 9.195549 9.195549 9.195549 9.195549 9.195549 9.195549 9.195549 9.195549 9.19555 9.195549 9.19555 9.195549
0 0 0 0 0 0 0 0 0 0 0 0 0 0 0 0 0 0 0 0 0 0 0 0 0 0 0 0 0 0 0 0 0 0 0 0 0 0 0 9.195549 9.195549 9.195549 9.195549 9.195549 9.19555 9.195549 9.195549 9.195549 9.195549 9.195549 9.19555 9.195549 9.195549 9.195549 9.195549 9.195549 9.195549 9.195549 9.195549 9.195549 9.19555 9.195549 9.195549 9.195549 9.195549 9.195549 9.195549 9.195549 9.195549 9.195549 9.195549 9.195549 9.195549 9.195549 9.195549 9.195549 9.195549 9.19555 9.195549 9.195549
0 0 0 0 0 0 0 0 0 0 0 0 0 0 0 0 0 0 0 0 0 0 0 0 0 0 0 0 0 0 0 0 0 0 9.195548 9.195549 9.195549 9.195549 9.195548 0 0 9.195549 9.195549 9.195549 9.195549 9.195549 9.195549 9.195549 9.195549 9.19555 9.19555 9.195549 9.195549 9.19555 9.195549 9.195548 9.19555 9.195549 9.195549 9.195549 9.19555 9.195549 9.19555 9.195549 9.195549 9.195549 9.19555 9.195549 9.19555 9.195549 9.195549 9.195549 9.195549 9.195549 9.195549 9.19555 9.19555 9.195549 9.195548 9.19555
0 0 0 0 0 0 0 0 0 0 0 0 0 0 0 0 0 0 0 0 0 0 0 0 0 0 0 0 9.195549 9.195549 9.195549 9.19555 9.19555 9.195549 9.195549 9.195549 9.195549 9.195549 9.195548 9.195549 9.195549 9.195548 9.19555 9.195549 9.19555 9.195549 9.195549 9.195549 9.195549 9.195549 9.195548 9.195549 9.195549 9.195549 9.195549 9.195549 9.195549 9.195549 9.195549 9.195549 9.195549 9.195549 9.195549 9.195549 9.195549 9.195549 9.195549 9.195549 9.195549 9.195549 9.195549 9.195549 9.195549 9.19555 9.19555 9.19555 9.195549 9.195549 9.195549 9.195549
