Scenarios/Global_Grid/data/country_data_population_distribution/processed/density_grids/idn.asc
ncols 1128
nrows 434
xllcorner 94
yllcorner -11
[rows 324 to 359 of 434, columns 400 to 479 of 1128]
933.9521 963.6591 1022.788 919.3735 890.7752 890.7752 913.8157 930.166 911.8129 911.1965 911.1965 911.1965 911.1965 911.1965 885.4958 589.8444 586.2508 586.2508 586.2507 586.2508 586.2508 586.2508 586.2508 586.2508 586.2507 586.2508 586.2508 595.8394 597.6993 543.5342 536.4104 594.2491 664.8704 701.1546 694.1066 824.5447 825.96 940.4926 1174.397 1174.304 1174.397 1174.397 1174.397 1174.308 1163.175 1161.065 1672.317 3253.23 4310.346 4310.346 4310.347 4310.346 4310.347 4310.346 4310.346 4310.346 4310.346 0 0 0 0 0 0 0 0 0 0 0 0 0 0 0 0 0 0 0 0 0 0 0
890.7752 892.8216 970.9471 959.5293 890.7752 890.7751 946.9554 1064.416 1030.359 945.0483 925.1122 911.1965 911.1965 915.9207 911.1965 679.3714 586.2508 586.2508 586.2508 586.2508 586.2508 586.2508 586.2508 586.2508 586.2508 586.2508 599.3137 616.5172 617.7739 614.606 597.2977 687.516 824.6139 825.9599 825.96 825.96 825.96 848.683 870.9323 922.6797 1174.397 1174.397 1174.397 1174.397 1174.213 1774.551 4937.354 1631.339 1889.395 2737.132 4183.046 4310.347 4310.346 4310.346 4310.346 4310.346 4310.346 0 0 0 0 0 0 0 0 0 0 0 0 0 0 0 0 0 0 0 0 0 0 0
890.7752 890.7751 890.7751 890.7751 890.7752 913.3122 1742.924 3808.252 2799.001 1082.402 1062.41 1009.91 964.7667 1041.989 966.1838 807.9101 586.2508 586.2508 586.2508 586.2508 586.2509 599.0459 714.5008 756.2441 615.3068 595.319 616.4542 617.7738 617.7738 617.7738 617.7739 618.1196 792.3636 825.96 825.96 825.96 825.96 825.9598 825.96 970.8221 1174.397 1174.397 1174.397 1174.397 1173.425 1161.068 1161.066 1161.066 1161.066 1161.066 1865.343 4084.429 4310.346 4310.346 4310.346 4310.346 4288.448 0 0 0 0 0 0 0 0 0 0 0 0 0 0 0 0 0 0 0 0 0 0 0
890.7752 891.9519 997.0359 909.2325 890.7752 1404.766 3952.314 5931.196 5640.25 1592.109 1064.416 1064.416 1064.416 1064.416 1064.416 905.8532 586.2508 586.2508 586.2509 594.9459 713.1868 865.0673 865.0674 821.1788 634.2192 616.2743 617.7739 617.7739 617.7739 617.7738 617.7739 786.863 824.2097 825.96 825.96 825.96 825.96 825.96 891.9059 1170.458 1174.397 1174.397 1174.397 1174.397 1172.28 1161.066 1161.066 1161.066 1161.066 1161.066 1161.066 1205.676 1657.496 3124.053 3116.755 2307.015 1772.319 0 0 0 0 0 0 0 0 0 0 0 0 0 0 0 0 0 0 0 0 0 0 0
1244.216 1493.316 1699.772 1686.876 1634.738 1683.753 1699.169 2731.514 2329.74 1629.748 1173.684 1064.416 1064.416 1064.416 1064.416 1062.506 825.4285 716.8758 761.5889 849.2126 865.0674 865.0673 854.5658 678.1136 2662.834 1705.908 617.7739 617.7739 617.7738 617.7738 630.1458 824.8841 825.96 825.9599 825.9599 825.9599 825.96 825.9599 935.2525 1122.947 1170.546 1174.397 1174.397 1174.397 1174.388 1163.242 1161.066 1161.066 1161.066 1161.066 1160.284 1142.964 1127.037 1127.037 1127.037 1127.037 1127.037 1405.099 1127.037 0 0 0 0 0 0 0 0 0 0 0 0 0 0 0 0 0 0 0 0 0
1721.379 1721.379 1721.379 1721.379 1721.379 1721.379 1702.213 1694.615 1694.615 1694.615 1555.902 1064.416 1064.416 1064.416 1064.416 1064.416 957.0675 865.0673 865.0673 865.0674 865.0673 865.0673 865.0286 746.3769 4185.572 1411.357 617.7739 617.7738 617.7738 617.7738 670.5061 825.9598 825.96 825.9598 825.96 825.96 825.96 827.5963 985.3134 1030.574 1094.397 1174.396 1174.396 1174.397 1174.396 1167.323 1161.065 1161.066 1161.066 1161.066 1160.284 1127.509 1127.037 1127.037 1127.037 1127.037 1528.425 5298.778 3944.895 1127.037 1127.037 1127.037 0 0 0 0 0 0 0 0 0 0 0 0 0 0 0 0 0 0
1721.379 1721.379 1721.379 1721.379 1721.379 1719.853 1695.547 1694.615 1694.615 1694.615 1604.729 1064.416 1064.416 1064.416 1064.416 1064.416 960.3119 865.0673 865.0673 865.0673 865.0673 865.0673 865.0673 846.674 624.3536 617.7739 617.7738 617.7738 617.7738 617.9641 786.8542 825.96 825.9599 825.96 875.7898 908.575 825.9599 861.778 1030.574 1030.574 1032.09 1138.242 1174.397 1174.397 1174.397 1173.863 1162.734 1161.066 1161.066 1161.066 1147.236 1127.037 1127.037 1127.037 1127.037 1127.037 1127.037 2871.836 1350.506 1127.037 1127.037 1127.037 824.52 0 0 683.3049 683.3049 0 0 0 0 683.3049 683.3049 683.3049 0 0 0 419.6049 0 419.6049
1721.379 1721.379 1721.379 1721.379 1721.379 1715.647 1694.615 1694.615 1694.615 1694.615 1421.393 1064.416 1064.416 1060.358 993.5913 569.3041 559.4184 778.5353 831.8753 865.0673 865.0673 865.0673 860.2734 644.7192 617.7738 617.7738 617.7738 617.7738 617.7738 696.1963 825.9599 825.9599 825.9599 861.1186 1004.555 1005.366 881.5672 987.0507 1030.574 1030.574 1030.574 1042.505 1090.387 1107.151 1167.175 1174.397 1167.919 1161.066 1147.655 1137.308 1127.863 1127.037 1127.037 1127.037 1127.037 1127.037 1127.037 1127.037 1127.037 1127.037 1127.037 1002.244 684.1864 683.3049 2504.254 3999.934 683.305 0 683.3049 683.3049 683.3049 683.3049 683.3049 651.668 436.8159 419.6049 419.6049 419.6049 419.6049 419.6049
1870.561 1588.123 1721.379 1721.379 1704.182 1704.708 1694.615 1694.615 1218.452 748.8138 712.6376 681.0833 684.8749 600.1775 481.529 481.5212 481.5213 481.5212 565.7116 865.0673 818.4426 789.7247 755.968 614.8996 617.7739 617.7738 614.3044 610.082 615.7642 725.0215 825.96 825.9599 878.9282 1018.251 1030.574 1489.9 1332.594 1030.574 1030.574 1030.574 1030.574 1030.574 1023.527 918.1227 907.0039 1014.636 974.8521 998.2043 1085.698 1063.162 1015.111 1127.037 1127.037 1127.037 1127.037 1127.037 1127.037 1127.037 1127.037 1127.037 1127.037 802.9397 683.3049 683.3049 3321.695 3788.425 683.3049 683.3049 683.3049 683.3049 683.3049 683.3049 683.3049 678.9467 489.1385 419.605 419.6049 420.8273 419.6183 419.605
2103.215 608.2751 747.4915 661.9322 803.0399 749.7567 1211.735 620.7309 726.6765 481.5212 481.5212 481.5212 481.5212 481.5212 481.5212 481.5212 481.5212 481.5212 483.9801 607.5353 602.4352 601.0754 601.0754 601.1438 604.3668 604.8088 601.2321 601.0754 603.9406 612.1176 756.7047 894.6314 1023.825 1030.574 1153.133 3759.08 3382.395 1081.323 1030.574 1030.574 1030.574 1030.574 1030.574 840.5751 761.0048 761.0048 761.0048 829.7888 1082.066 911.227 767.299 856.7137 974.4033 1060.664 1127.037 1127.037 1127.037 1127.037 1127.037 1127.037 1109.503 736.4877 683.3049 683.3049 1552.61 2534.779 683.3049 683.3049 683.3049 683.3049 683.3049 683.3049 683.3049 683.3049 546.3515 419.6049 419.6049 452.8459 497.584 465.4437
521.5702 457.5928 457.5928 457.5928 457.5928 457.5928 462.203 481.5213 481.5213 481.5213 481.5212 481.5212 481.5212 481.5213 481.5212 481.5213 481.5212 481.5213 481.5212 568.7409 601.0754 601.0754 601.0754 601.0754 601.0754 601.0754 601.0754 601.0754 601.0754 601.0754 727.2449 1007.967 1030.574 1030.574 1030.574 1255.398 3534.087 2843.793 1030.574 1030.574 1030.574 1030.574 1030.574 914.636 761.0048 761.0048 761.0048 853.6883 1082.067 934.137 761.0048 761.0048 761.0048 789.6708 1076.405 1127.037 1127.037 1127.037 1127.037 1106.084 778.0446 683.3049 683.3049 683.3049 683.3049 683.3049 683.3049 683.3049 683.3049 683.3049 683.3049 683.3049 683.3049 683.3049 585.853 419.6049 419.6049 465.6082 504.6013 504.6013
457.5927 457.5927 457.5927 457.5927 457.5927 457.5927 467.9548 481.5212 481.5212 481.5212 481.5212 481.5213 481.5212 481.5213 481.5212 481.5213 481.4726 481.5213 496.4572 598.6301 601.0754 601.0754 601.0754 601.0754 601.0754 601.0754 601.0754 601.0754 599.0217 585.5588 845.439 915.2559 995.9644 1030.574 1030.574 1030.574 1030.574 1052.836 1030.574 1030.574 1030.574 1030.574 1030.574 949.2128 761.0048 761.0047 761.0048 921.8914 1082.066 1021.838 776.901 761.0048 761.0048 761.0048 839.3654 1125.593 1127.037 1127.037 1107.13 804.0889 683.3049 683.3049 683.3049 683.3049 682.8922 656.1729 672.4944 683.3049 683.3049 683.3049 683.3049 683.3049 683.3049 683.3049 664.6302 420.833 440.4054 498.9857 504.6013 504.6013
457.5927 457.5927 457.5927 457.5927 457.5927 457.5927 470.2176 481.5212 481.5212 481.5212 481.5212 481.5213 481.5213 481.5213 481.5213 444.3818 412.4121 444.2757 445.8769 536.0358 601.0754 601.0754 601.0754 601.0754 601.0754 601.0754 601.0754 601.0659 577.8686 611.4871 901.4084 912.1604 916.9413 1013.849 1029.225 1030.574 1030.574 1030.574 1030.574 1030.574 1030.574 1022.188 918.4706 764.4702 737.7817 747.7179 706.1365 828.6621 852.0303 987.7724 8199.717 6708.439 761.0048 761.0048 761.0048 869.2343 992.347 1069.473 1032.918 683.3049 683.3049 683.3049 683.3049 683.3049 648.5971 577.0082 591.0958 618.5893 675.9647 683.3049 683.3049 683.3049 683.3049 683.3049 670.6688 454.3406 503.1089 504.6013 504.6013 504.6013
457.5928 457.5928 457.5928 457.5928 457.5928 457.5928 471.7865 481.5213 481.5212 481.5212 481.5213 481.5213 481.5213 481.5213 481.4888 400.4306 392.8053 392.8053 392.8053 405.4061 561.2539 601.0754 601.0754 601.0754 601.0754 601.0754 601.0754 587.9147 559.7829 595.2853 886.2977 912.1603 912.1603 913.7561 938.7274 1017.118 1006.091 971.1717 888.6093 847.4561 791.5137 712.4048 671.0863 671.0863 671.0863 671.0863 671.0863 729.4946 761.0048 761.0048 6831.657 11098.92 1759.721 761.0048 761.0048 761.0048 761.0048 759.7471 643.2719 618.9868 613.1086 674.2095 652.7823 624.1415 579.0408 576.9708 576.9707 576.9708 644.8048 683.3049 683.3049 683.3049 683.3049 697.2151 705.9407 672.9152 532.3258 504.6013 504.6013 504.6013
457.5928 457.5927 457.5927 457.5927 457.5928 457.5927 476.8173 481.5212 481.5213 481.5212 481.5213 481.5212 481.5213 481.5212 480.8273 404.9323 392.8053 392.8052 392.8053 392.8052 507.9859 601.0754 601.0755 601.0754 601.0755 597.1696 574.3936 564.5695 559.7828 559.7828 842.3115 912.1603 912.1604 912.1603 909.8426 735.3116 671.0863 671.0862 671.0863 671.0862 671.0862 671.0862 671.0863 671.0863 671.0863 671.0863 671.0863 737.4102 761.0047 761.0048 1643.747 7898.672 802.7393 761.0047 761.0048 761.0047 761.0048 756.7361 613.4451 576.9708 576.9708 585.1625 576.9708 576.9708 576.9708 576.9708 576.9708 576.9708 630.6885 728.5831 717.5769 721.3629 727.4531 737.6312 737.9702 737.9702 700.8353 571.5491 506.7906 504.6013
457.5927 457.5927 457.5927 457.5927 457.5927 457.5927 467.7182 481.5213 481.5213 481.5213 473.5228 460.6152 476.29 435.5684 432.8594 392.8053 392.8052 392.8053 392.8052 392.8053 530.6399 601.0754 601.0754 601.0754 594.1894 566.1736 559.7829 559.7829 559.7829 559.7829 579.4321 863.2702 912.1603 912.1603 912.1603 843.735 671.0862 671.0863 671.0862 784.3107 1914.419 671.0863 671.0863 671.0862 671.0863 671.0862 676.9233 760.8658 761.0048 761.0048 761.0048 761.0048 761.0048 761.0048 761.0048 761.0048 761.0048 705.2806 576.9708 576.9708 576.9708 576.9708 576.9708 576.9708 576.9708 576.9708 576.9708 576.9708 657.6494 737.9702 737.9702 737.9702 737.9702 737.9702 737.9702 737.9702 737.9702 723.8236 714.4695 696.6138
457.5928 457.5928 457.5928 457.5928 457.5928 457.5928 460.5117 481.5212 481.5212 479.4399 411.0054 392.8053 392.8078 392.8053 392.8053 392.8053 392.8053 392.8053 392.8053 392.8053 515.5649 601.0754 601.0754 593.454 574.6705 559.7828 559.7828 559.7828 559.7828 559.7828 559.7828 593.5629 867.0563 912.1604 912.1604 904.4576 824.5249 738.8059 716.1176 3058.321 2387.312 671.0863 671.0863 671.0863 671.0863 671.0862 678.2983 761.0048 761.0048 761.0047 761.0048 761.0047 761.0048 761.0048 761.0048 761.0047 761.0048 759.5056 598.8767 576.9708 576.9708 576.9708 576.9708 576.9708 576.9708 576.9708 576.9708 576.9708 583.6846 737.758 737.9701 737.9701 737.9701 737.9702 737.9702 737.9701 737.9702 737.9701 737.9702 737.9701
457.5927 457.5927 457.5927 457.5928 457.5928 457.5928 459.6265 474.7421 481.5212 457.362 392.8053 392.8052 392.8053 392.8052 392.8053 392.8053 392.8053 392.8053 392.8052 392.8053 401.8189 585.6279 601.0754 575.0224 559.7828 559.7829 559.7829 559.7829 559.7829 682.1077 787.9886 828.6666 912.1263 912.1603 912.1603 912.1603 912.1604 912.1603 841.8453 955.2155 719.6886 671.0863 671.0863 671.0863 671.0863 681.1252 703.0356 761.0047 761.0048 761.0048 761.0048 761.0048 761.0048 761.0048 761.0048 761.0047 761.0048 756.9283 583.7482 576.9708 576.9708 576.9708 576.9708 576.9708 576.9708 576.9708 576.9708 576.9708 579.0542 733.517 737.9702 737.9702 737.9702 737.9702 737.9702 737.9702 737.9702 737.9702 737.9702 737.9702
0 0 0 457.5927 457.5927 457.5927 457.5927 460.331 479.9524 448.1553 392.8052 392.8052 392.8052 392.8052 392.8052 392.8052 392.8052 392.8052 392.8052 392.8052 392.8053 434.5907 554.5371 563.2036 559.7828 559.7828 559.7828 559.7828 559.7828 817.0475 912.1603 912.1604 912.1603 912.1604 912.1604 912.1604 834.4242 767.9418 686.9765 671.0863 671.0863 671.0863 671.0863 671.0862 680.8707 753.7327 761.0048 761.0048 761.0048 761.0048 761.0048 761.0048 761.0048 761.0048 761.0048 761.0048 761.0048 719.1942 576.9708 576.9708 576.9708 576.9708 576.9708 576.9708 576.9708 576.9708 576.9708 576.9708 623.3818 737.9701 737.9702 737.9701 737.9702 737.9702 737.9702 737.9701 737.9702 737.9701 737.9702 737.9701
0 0 0 0 0 0 0 0 481.5212 448.5405 392.8052 392.8053 392.8052 392.8052 392.8053 392.8052 392.8053 392.8053 392.8052 392.8053 392.8053 471.1151 559.7829 559.7829 559.7829 559.7829 559.7829 559.7829 559.7829 727.7502 912.1604 912.1604 912.1604 912.1604 912.1604 912.1604 806.9887 671.0863 671.0863 671.0863 671.0863 671.0863 671.0863 671.0863 671.0863 738.3179 761.0048 761.0048 761.0048 761.0048 761.0048 761.0048 761.0048 761.0048 761.0048 761.0048 761.0048 749.1823 581.327 576.9708 576.9708 576.9708 576.9708 576.9708 576.9708 576.9708 576.9708 606.9834 736.2744 737.9702 737.9702 737.9702 737.9702 737.9702 737.9702 737.9702 737.9702 737.9702 737.9702 737.9702
0 0 0 0 0 0 0 0 0 0 0 392.8052 392.8052 392.8053 392.8052 392.8053 392.8053 392.8052 392.8052 392.8052 392.8052 448.9366 559.7829 559.7829 559.7829 559.7829 559.7829 559.7829 559.7829 610.8822 897.7698 912.1603 912.1603 912.1604 912.1603 912.1603 814.0411 671.0863 671.0863 671.0863 671.0863 671.0863 671.0863 671.0863 671.0863 742.6377 761.0048 761.0048 761.0048 761.0048 761.0048 761.0048 761.0048 761.0048 761.0048 761.0048 761.0048 747.9756 578.3675 576.9708 576.9708 576.9708 576.9708 576.9708 576.9708 576.9708 576.9708 628.3065 737.9702 737.9702 737.9702 737.9702 737.9702 737.9702 737.9702 737.9702 737.9702 737.9702 737.9702 737.9702
0 0 0 0 0 0 0 0 0 0 0 0 0 0 0 0 0 0 0 0 0 0 559.7828 559.7828 559.7828 559.7828 559.7829 559.7828 559.7828 559.7828 564.6389 0 0 912.1603 912.1603 912.1603 822.7639 671.0862 671.0863 671.0862 671.0863 671.0862 671.0863 671.0862 680.9634 758.3122 761.0048 761.0048 761.0048 761.0048 761.0048 761.0048 761.0048 761.0048 761.0048 761.0048 761.0048 761.0048 634.8297 576.9708 576.9708 576.9707 576.9708 0 0 0 576.9708 692.6448 737.9702 737.9702 737.9702 737.9702 737.9702 737.9702 737.9702 737.9702 737.9702 737.9702 737.9702 737.9702
0 0 0 0 0 0 0 0 0 0 0 0 0 0 0 0 0 0 0 0 0 0 0 559.7829 559.7828 559.7835 559.7828 559.7829 559.7828 559.7829 559.7829 559.7828 0 0 0 0 0 0 0 0 0 671.0862 671.0863 671.0863 741.6485 761.0048 761.0048 761.0048 761.0048 761.0048 761.0048 761.0048 761.0048 761.0048 761.0048 761.0048 761.0048 761.0048 737.9005 587.5295 0 0 0 0 0 0 0 0 737.9701 737.9701 737.9702 737.9702 737.9702 737.9702 737.9702 737.9702 737.9702 737.9702 737.9702 737.9702
0 0 0 0 0 0 0 0 0 0 0 0 0 0 0 0 0 0 0 0 0 0 0 0 0 0 0 559.7828 559.7828 0 0 0 0 0 0 0 0 0 0 0 0 0 0 0 761.0048 761.0047 761.0048 761.0047 761.0048 761.0047 761.0048 761.0047 761.0048 761.0048 761.0047 761.0048 761.0047 761.0047 761.0048 0 0 0 0 0 0 0 0 0 0 737.9701 737.9702 737.9701 737.9701 737.9701 737.9701 737.9701 737.9701 737.9701 737.9701 737.9701
0 0 0 0 0 0 0 0 0 0 0 0 0 0 0 0 0 0 0 0 0 0 0 0 0 0 0 0 0 0 0 0 0 0 0 0 0 0 0 0 0 0 0 0 0 0 0 0 0 0 761.0047 761.0047 761.0048 761.0048 761.0047 0 0 0 0 0 0 0 0 0 0 0 737.9701 737.97 737.9701 737.9702 0 737.9701 737.9702 737.9701 737.9701 737.9702 737.9701 737.9701 737.9701 737.9701
0 0 0 0 0 0 0 0 0 0 0 0 0 0 0 0 0 0 0 0 0 0 0 0 0 0 0 0 0 0 0 0 0 0 0 0 0 0 0 0 0 0 0 0 0 0 0 0 0 0 0 0 761.0047 761.0048 0 0 0 0 0 0 0 0 0 0 0 0 737.9702 737.9702 737.9702 737.9702 737.9701 0 0 0 737.9701 737.9702 737.9702 737.9701 737.9702 737.9701
0 0 0 0 0 0 0 0 0 0 0 0 0 0 0 0 0 0 0 0 0 0 0 0 0 0 0 0 0 0 0 0 0 0 0 0 0 0 0 0 0 0 0 0 0 0 0 0 0 0 0 0 0 0 0 0 0 0 0 0 0 0 0 0 0 0 737.9701 737.9701 737.9702 0 0 0 0 0 737.9701 0 737.9702 737.9702 737.9701 737.9702
0 0 0 0 0 0 0 0 0 0 0 0 0 0 0 0 0 0 0 0 0 0 0 0 0 0 0 0 0 0 0 0 0 0 0 0 0 0 0 0 0 0 0 0 0 0 0 0 0 0 0 0 0 0 0 0 0 0 0 0 0 0 0 0 0 0 0 0 0 0 0 0 0 0 0 0 0 737.9702 0 737.9701
0 0 0 0 0 0 0 0 0 0 0 0 0 0 0 0 0 0 0 0 0 0 0 0 0 0 0 0 0 0 0 0 0 0 0 0 0 0 0 0 0 0 0 0 0 0 0 0 0 0 0 0 0 0 0 0 0 0 0 0 0 0 0 0 0 0 0 0 0 0 0 0 0 0 0 0 0 0 0 0
0 0 0 0 0 0 0 0 0 0 0 0 0 0 0 0 0 0 0 0 0 0 0 0 0 0 0 0 0 0 0 0 0 0 0 0 0 0 0 0 0 0 0 0 0 0 0 0 0 0 0 0 0 0 0 0 0 0 0 0 0 0 0 0 0 0 0 0 0 0 0 0 0 0 0 0 0 0 0 0
0 0 0 0 0 0 0 0 0 0 0 0 0 0 0 0 0 0 0 0 0 0 0 0 0 0 0 0 0 0 0 0 0 0 0 0 0 0 0 0 0 0 0 0 0 0 0 0 0 0 0 0 0 0 0 0 0 0 0 0 0 0 0 0 0 0 0 0 0 0 0 0 0 0 0 0 0 0 0 0
0 0 0 0 0 0 0 0 0 0 0 0 0 0 0 0 0 0 0 0 0 0 0 0 0 0 0 0 0 0 0 0 0 0 0 0 0 0 0 0 0 0 0 0 0 0 0 0 0 0 0 0 0 0 0 0 0 0 0 0 0 0 0 0 0 0 0 0 0 0 0 0 0 0 0 0 0 0 0 0
0 0 0 0 0 0 0 0 0 0 0 0 0 0 0 0 0 0 0 0 0 0 0 0 0 0 0 0 0 0 0 0 0 0 0 0 0 0 0 0 0 0 0 0 0 0 0 0 0 0 0 0 0 0 0 0 0 0 0 0 0 0 0 0 0 0 0 0 0 0 0 0 0 0 0 0 0 0 0 0
0 0 0 0 0 0 0 0 0 0 0 0 0 0 0 0 0 0 0 0 0 0 0 0 0 0 0 0 0 0 0 0 0 0 0 0 0 0 0 0 0 0 0 0 0 0 0 0 0 0 0 0 0 0 0 0 0 0 0 0 0 0 0 0 0 0 0 0 0 0 0 0 0 0 0 0 0 0 0 0
0 0 0 0 0 0 0 0 0 0 0 0 0 0 0 0 0 0 0 0 0 0 0 0 0 0 0 0 0 0 0 0 0 0 0 0 0 0 0 0 0 0 0 0 0 0 0 0 0 0 0 0 0 0 0 0 0 0 0 0 0 0 0 0 0 0 0 0 0 0 0 0 0 0 0 0 0 0 0 0
0 0 0 0 0 0 0 0 0 0 0 0 0 0 0 0 0 0 0 0 0 0 0 0 0 0 0 0 0 0 0 0 0 0 0 0 0 0 0 0 0 0 0 0 0 0 0 0 0 0 0 0 0 0 0 0 0 0 0 0 0 0 0 0 0 0 0 0 0 0 0 0 0 0 0 0 0 0 0 0
