Scenarios/Global_Grid/data/country_data_population_distribution/processed/density_grids/idn.asc
ncols 1128
nrows 434
xllcorner 94
yllcorner -11
[rows 288 to 323 of 434, columns 320 to 399 of 1128]
0 0 0 1386.267 0 0 0 0 0 0 0 0 0 0 0 0 0 0 0 0 0 0 0 0 0 0 0 0 850.8113 850.8114 0 0 0 0 0 0 0 0 0 0 0 0 0 0 0 0 0 0 0 0 0 0 0 0 0 0 0 0 0 0 0 0 0 0 0 0 0 0 0 0 0 0 0 0 0 0 0 0 0 0
1386.267 1386.267 1386.267 1386.267 1386.267 0 0 0 0 0 0 0 0 0 0 0 0 0 0 0 0 0 0 0 0 0 0 0 0 0 0 0 0 0 0 0 0 0 0 0 0 0 0 0 0 0 0 0 0 0 0 0 0 0 0 0 0 0 0 0 0 0 0 0 0 0 0 0 0 0 0 0 0 0 0 0 0 0 0 0
1386.267 1386.267 1386.267 1386.267 1386.267 1386.267 0 0 0 0 0 0 0 0 0 0 0 0 0 0 0 0 0 0 0 0 0 0 0 0 0 0 0 0 0 0 0 0 0 0 0 0 0 0 0 0 0 0 0 0 0 0 0 0 0 0 0 0 0 0 0 0 0 0 0 0 0 0 0 0 0 0 0 0 0 0 0 0 0 0
1588.965 1386.267 1386.267 1386.267 1386.267 1386.267 1386.267 0 0 0 0 0 0 0 0 0 0 0 0 0 0 0 0 0 0 0 0 0 0 0 0 0 0 0 0 0 0 0 0 0 0 0 0 0 0 0 0 0 0 0 0 0 0 0 0 0 0 0 0 0 0 0 0 0 0 0 0 0 0 0 0 0 0 0 0 0 0 0 0 0
3253.261 2542.389 1692.833 1386.267 1386.267 1386.267 1386.267 0 0 0 0 0 0 0 0 0 0 0 0 0 0 0 0 0 0 0 0 0 0 0 0 0 0 0 0 0 0 0 0 0 0 0 0 0 0 0 0 0 0 0 0 0 0 0 0 0 0 0 0 0 0 0 0 0 0 0 0 0 0 0 0 0 0 0 0 0 0 0 0 0
3403.848 3403.848 3084.174 1400.956 1386.267 1386.267 1386.267 1386.267 1386.267 0 0 0 0 0 0 0 0 0 0 0 0 0 0 0 0 0 0 0 0 0 0 0 0 0 0 0 0 0 0 0 0 0 0 0 0 0 0 0 0 0 0 0 0 0 0 0 0 0 0 0 0 0 0 0 0 0 0 0 0 0 0 0 0 0 0 0 0 0 0 0
3403.848 3403.849 3333.147 1444.772 1386.267 1386.267 1386.267 1386.267 1386.267 1386.267 1386.267 1386.267 0 0 751.3553 751.3553 751.3553 751.3552 0 0 0 0 0 0 0 0 0 0 0 0 0 0 0 0 0 0 0 0 0 0 0 0 0 0 0 0 0 0 0 0 0 0 0 0 0 0 0 0 0 0 0 0 0 0 0 0 0 0 0 0 0 0 0 0 0 0 0 0 0 0
3403.848 3403.848 2879.195 1408.1 1386.267 1386.267 1386.267 1386.267 1386.267 1386.267 1204.789 801.6832 751.3553 751.3553 751.3552 751.3553 751.3553 751.3553 777.168 0 0 0 0 0 850.8113 850.8113 850.8113 850.8114 850.8113 0 0 0 0 0 0 0 0 0 0 0 0 0 0 0 0 0 0 0 0 0 0 0 0 0 0 0 0 0 0 0 0 0 0 0 0 0 0 0 0 0 0 0 0 0 0 0 0 0 0 0
3403.848 3403.848 2412.107 1386.267 1386.267 1386.267 1386.267 1386.267 1386.267 1372.104 767.7554 751.3553 751.3553 751.3553 751.3553 751.3553 751.3553 751.9965 841.5871 850.8114 850.8113 0 0 0 850.8114 850.8113 850.8113 850.8114 850.8113 0 0 0 0 0 0 0 0 0 0 0 0 0 0 0 0 0 0 0 0 0 0 0 0 0 0 0 0 0 0 0 0 0 0 0 0 0 0 0 0 0 0 0 0 0 0 0 0 0 0 0
3403.849 2496.351 1406.937 1386.267 1386.267 1386.267 1386.267 1386.267 1386.267 1347.127 760.5981 751.3553 751.3553 751.3553 751.3553 751.3553 751.3553 751.3553 836.1102 850.8113 850.8115 850.8114 850.8114 850.8113 850.8114 850.8114 850.8115 850.8113 850.8113 0 0 0 0 0 0 0 0 0 0 0 0 0 0 0 0 0 0 0 0 0 0 0 0 0 0 0 0 0 0 0 0 0 0 0 0 0 0 0 0 0 0 0 0 0 0 0 0 0 0 0
3394.707 1870.174 1386.267 1386.267 1386.267 1386.267 1386.267 1386.267 1386.267 1079.686 751.3553 751.3553 751.3553 751.3553 751.3553 751.3553 751.3553 751.8405 841.5646 850.8115 850.8113 850.8115 850.8113 850.8114 850.8113 850.8113 850.8113 850.8113 850.8113 850.8114 0 0 0 0 0 0 0 0 0 0 0 0 0 0 0 0 0 0 0 0 0 0 0 0 0 0 0 0 0 0 0 0 0 0 0 0 0 0 0 0 0 0 0 0 0 0 0 0 0 0
3403.621 1913.602 1386.267 1386.267 1386.167 1383.967 1386.267 1381.17 1270.297 772.8576 751.3553 751.3553 751.3553 751.3553 751.3553 751.3553 751.3553 790.2792 850.8113 850.8115 850.8113 850.8113 850.8113 850.8115 850.8115 850.8113 850.8113 850.8113 850.8113 850.8113 850.8114 0 0 0 0 0 0 0 0 0 0 0 0 0 0 0 0 0 0 0 0 0 0 0 0 0 0 0 0 0 0 0 0 0 0 0 0 0 0 0 0 0 0 0 0 0 0 0 0 0
3341.133 1440.294 1386.267 1386.267 1375.843 1208.705 1290.796 1221.134 1104.476 757.7841 751.3553 751.3553 751.3553 751.3553 751.3553 751.3553 751.3553 803.9097 850.8115 850.8113 850.8115 850.8115 850.8115 850.8113 850.8115 850.8113 850.8115 850.8113 850.8115 850.8113 850.8114 850.8114 0 0 0 0 0 0 0 0 0 0 0 0 0 0 0 0 0 0 0 0 0 0 0 0 0 0 0 0 0 0 0 0 0 0 0 0 0 0 0 0 0 0 0 0 0 0 0 0
2219.619 1438.985 1386.267 1369.692 1370.529 1203.964 1185.039 1185.039 1185.039 924.4949 751.3553 751.3553 751.3553 751.3553 751.3553 751.3553 751.3553 774.1954 847.7094 850.8113 850.8113 850.8115 850.8113 850.8115 850.8115 850.8115 850.8113 850.8115 850.8113 850.8115 850.8115 850.8115 850.8115 0 0 0 0 0 0 0 0 0 0 0 0 0 0 0 0 0 0 0 0 0 0 0 0 0 0 0 0 0 0 0 0 0 0 0 0 0 0 0 0 0 0 0 0 0 0 0
1489.042 1386.267 1385.68 1331.91 1301.232 1218.3 1185.039 1185.039 1185.039 966.1386 751.3553 751.3553 751.3553 751.3553 751.3553 751.3553 751.3553 756.1289 845.7315 850.8115 850.8113 850.8115 850.8113 850.8113 850.8114 850.8115 850.8113 850.8115 850.8113 1031.685 1257.512 854.265 1541.39 2095.809 0 0 0 0 0 0 0 0 0 0 0 0 0 0 0 0 0 0 0 0 0 0 0 0 0 0 0 0 0 0 0 0 0 0 0 0 0 0 0 0 0 0 0 0 0 0
1772.991 1394.359 1372.593 1185.039 1185.039 1185.039 1185.039 1185.039 1185.039 996.07 751.3553 751.3553 751.3553 751.3553 751.3553 751.3553 766.6853 824.6697 850.8114 850.8113 850.8114 852.9274 875.6611 865.0939 852.2709 866.0094 850.8115 850.8113 1270.633 2069.162 1882.389 1617.069 2095.809 2095.809 0 0 0 0 0 0 0 0 0 0 0 0 0 0 0 0 0 0 0 0 0 0 0 0 0 0 0 0 0 0 0 0 0 0 0 0 0 0 0 0 0 0 0 0 0 0
2136.502 1393.392 1358.791 1185.039 1185.039 1185.039 1185.039 1185.039 1185.039 1182.533 776.2061 751.3553 751.3553 751.3553 751.3553 751.3553 766.0663 793.2376 837.7192 850.8113 850.8114 874.7631 918.6888 900.0773 888.3139 918.6618 892.098 991.4269 2063.053 2095.809 2095.809 2095.809 2095.809 2095.809 0 0 0 0 0 0 0 0 0 0 0 0 0 0 0 0 0 0 0 0 0 0 0 0 0 0 0 0 0 0 0 0 0 0 0 0 0 0 0 0 0 0 0 0 0 0
1265.889 666.9404 957.9385 1185.039 1185.039 1185.039 1185.039 1185.039 1185.039 1180.43 842.4664 751.3553 751.3553 751.3553 751.3553 751.3553 768.3551 779.2957 780.1053 811.7401 834.2747 873.2518 918.6888 918.6888 918.6888 918.6888 918.6888 1019.273 2087.274 2095.809 2095.809 2095.809 2095.809 2095.809 0 0 0 0 0 0 0 0 0 0 0 0 0 0 0 0 0 0 0 0 0 0 0 0 0 0 0 0 0 0 0 0 0 0 0 0 0 0 0 0 0 0 0 0 0 0
666.6449 666.645 908.6116 1180.477 1200.51 1228.09 1218.359 1185.73 1185.039 1185.039 915.3465 751.3553 751.3553 751.3553 751.3553 751.5983 777.1576 779.2958 779.2958 779.2958 779.2958 779.5089 844.6264 916.5247 918.6888 918.6888 918.6888 918.6888 1457.284 2095.809 2095.809 2095.809 2095.809 2114.433 0 0 0 0 0 0 0 0 0 0 0 0 0 0 0 0 0 0 0 0 0 0 0 0 0 0 0 0 0 0 0 0 0 0 0 0 0 0 0 0 0 0 0 0 0 0
666.645 666.645 666.6449 963.1158 1276.729 1300.082 1300.082 1257.898 1189.891 1214.036 922.262 751.3553 751.3553 751.3553 751.3553 751.3553 777.8459 779.2958 779.2957 779.2957 779.2957 779.2957 779.2957 818.3925 918.6889 918.6889 918.6889 918.6889 1119.714 2090.411 2095.809 2095.809 2750.8 8251.484 2289.997 2095.809 0 0 0 1851.451 1031.561 0 0 0 0 0 0 0 0 0 0 0 0 0 0 0 0 0 0 0 0 0 0 0 0 0 0 0 0 0 0 0 0 0 0 0 0 0 0 0
666.645 666.6449 667.4645 1211.213 1290.472 1300.082 1300.082 1300.082 1290.148 1276.768 1205.042 1064.399 801.0695 751.3553 751.3553 754.0005 778.0827 779.2957 779.2958 779.2958 779.2958 779.2957 779.2958 796.996 916.4143 918.689 918.6889 918.689 930.4302 1681.366 1932.424 2070.235 5405.109 5383.813 2095.809 2095.809 2095.809 0 2095.809 1938.517 1031.561 0 0 0 1031.561 1031.561 0 0 0 0 0 0 0 0 0 0 1115.887 0 0 0 0 0 0 0 0 0 0 0 0 0 0 0 0 0 0 0 0 0 0 0
666.6449 666.645 666.6449 937.3359 1300.082 1300.082 1300.082 1300.082 1300.082 1418.773 1300.082 1300.082 1299.435 1078.219 771.5922 774.5419 779.2957 779.2958 779.2957 779.2958 779.2957 779.2957 779.2957 799.6914 916.6237 918.6889 918.6889 918.6889 918.6889 911.3332 897.6307 948.8334 1807.077 2095.809 2095.809 2095.809 2095.809 2095.809 2095.809 1836.86 1031.561 1031.561 1031.561 1031.561 1031.561 1031.561 1031.561 0 0 0 0 0 0 0 1115.887 1115.887 1115.887 1115.887 0 0 0 0 0 0 0 0 0 0 0 0 0 0 0 0 0 0 0 0 0 0
666.645 666.645 666.645 755.9046 1235.045 1300.082 1300.082 1300.082 1802.023 9177.767 10486.5 2257.108 1679.334 1463.413 779.2958 779.2958 779.2958 779.2957 779.2958 779.2958 779.2957 779.2958 779.2957 779.2958 847.4091 918.6888 918.6888 918.6888 918.6888 911.5844 889.0215 889.0215 1131.947 1739.372 2095.809 2095.809 2095.809 2095.809 2095.809 1456.087 1031.561 1031.561 1031.561 1031.561 1031.561 1119.509 4099.349 3795.529 1406.913 1406.913 1406.913 1406.913 1283.173 1115.887 1115.887 1115.887 1115.887 1106.587 906.0989 1868.443 3493.663 3493.663 0 0 0 0 0 0 0 0 0 968.8009 968.801 968.8009 0 0 0 0 0 0
666.645 666.6449 674.7773 986.5774 1289.748 1300.082 1300.082 1300.082 8180.984 18975.51 23655.51 15228.34 6973.398 4362.895 922.222 779.2957 779.2957 779.2958 779.2957 779.2957 779.2957 779.2958 779.2957 779.2957 795.0411 905.0901 918.6888 918.6888 918.689 911.4898 889.0215 889.0214 889.0215 969.4763 1579.02 1807.502 2095.809 2095.809 1568.638 1037.321 1031.561 1031.561 1031.561 1031.561 1031.561 1983.178 4024.854 2381.188 1406.913 1406.913 1406.913 1406.913 1233.79 1115.887 1115.887 1115.887 1115.887 1023.215 896.0792 2295.282 3493.663 2537.884 1002.721 1002.721 1002.721 1002.721 1002.721 0 975.5519 968.801 968.801 968.801 968.8009 968.801 968.801 0 0 0 0 1221.707
672.0847 980.5016 1214.114 1300.082 1300.082 1300.082 1300.082 1300.082 2665.307 14479.66 23655.51 23655.51 23514.92 6834.142 1113.651 779.3019 779.2957 905.0583 792.0943 780.001 779.2957 779.2958 779.2957 779.2958 798.573 902.1844 918.6889 918.6888 918.6889 904.8647 889.0215 889.0215 889.0215 889.0215 889.0215 988.8184 1338.578 2014.383 1285.151 1031.561 1031.561 1031.561 1031.561 1031.561 1031.561 1133.359 1406.913 1406.913 1406.913 1406.913 1406.913 1400.838 1123.488 1115.887 1115.887 1115.887 1051.881 917.2341 896.0793 1538.199 2371.319 2024.996 1002.721 1002.721 1002.721 1002.721 1002.721 1002.721 998.4465 969.7395 968.801 968.801 968.801 968.801 1024.523 3075.479 4947.249 4947.249 4947.249 2964.301
975.9385 1300.082 1300.082 1300.082 1300.082 1300.082 1300.082 1300.082 1426.488 2513.099 6662.672 7781.608 7828.83 1998.621 1899.032 1791.916 1742.525 1604.003 907.4557 870.8494 820.7019 807.4254 781.7058 779.8542 903.1881 918.6889 918.6889 918.6889 918.6889 896.7115 889.0215 889.0215 889.0215 889.0215 889.0215 889.0215 889.0215 1533.416 1212.531 1031.548 1031.561 1031.561 1031.561 1031.561 1064.145 1243.116 1406.913 1406.913 1406.913 1406.913 1406.913 1290.954 1117.114 1115.887 1115.887 1092.328 899.4223 896.0792 896.0792 896.0792 896.0792 962.7518 1002.721 1002.721 1002.721 1002.721 1002.721 1002.721 1000.282 971.1263 968.801 968.801 968.801 968.801 2205.327 4947.249 4947.249 4947.249 4947.249 4648.882
945.5917 1300.082 1300.082 1300.082 1300.082 1300.082 1312.836 1374.875 1847.95 1899.032 1899.032 1899.032 1899.032 1899.032 1899.032 1899.032 1899.032 1720.349 968.8122 909.2859 909.2859 909.2859 844.4638 823.341 918.6889 918.6889 918.6889 918.6889 918.6889 900.4793 889.0215 889.0215 889.0215 889.0215 889.0215 889.0215 889.0215 889.0215 896.3184 1017.292 1031.561 1031.561 1031.561 1031.561 1175.178 1406.913 1406.913 1406.913 1406.913 1406.913 1382.517 1121.335 1115.887 1115.887 1115.887 1058.149 896.0793 896.0792 896.0793 896.0792 896.0793 933.0588 989.6279 1002.721 1002.721 1002.721 1002.721 994.2766 974.4258 968.801 968.801 968.801 968.801 968.801 2188.729 4947.249 4947.249 4947.249 4947.249 3119.347
781.2001 830.6251 1200.496 1300.13 1329.557 1356.32 1658.808 1899.032 1899.032 1899.032 1899.032 1899.032 1899.032 1899.032 1899.032 1884.092 1332.353 1143.805 967.8778 909.2859 909.2859 909.2859 904.7393 778.2187 724.1563 715.9052 750.4049 734.9276 716.1736 847.1058 889.0215 889.0215 889.0215 889.0215 889.0215 889.0215 889.0215 889.0215 921.2665 1031.561 1031.561 1031.561 1031.561 1188.841 1388.578 1406.913 1406.913 1406.913 1406.913 1386.447 1207.67 1115.887 1115.887 1115.887 1115.887 1065.996 896.0793 896.0792 896.0793 896.0792 896.0793 896.0792 910.1603 1002.076 1002.721 1002.721 1002.721 985.6001 968.8009 968.8009 968.8009 968.8009 968.8009 968.8009 1203.199 4498.454 4934.672 4947.249 4854.715 3561.273
666.6449 666.6449 674.5419 1282.108 1899.032 1899.032 1899.032 1899.032 1899.032 1899.032 1899.032 1899.032 1899.032 1899.032 1899.032 1412.508 909.2859 909.2859 909.2859 909.2859 909.2859 900.8253 804.1033 678.9462 678.6746 608.7255 590.7556 590.7556 590.7556 610.7808 799.3899 884.54 889.0215 889.0215 889.0215 889.0215 889.0215 911.1002 963.3017 1031.561 1031.561 1031.561 1034.806 1249.524 1406.913 1399.869 1406.913 1406.913 1406.913 1255.898 1115.887 1115.887 1115.887 1115.887 1115.887 1096.789 905.9407 896.0792 896.0792 896.0792 896.0792 896.0792 897.5023 962.7961 1002.721 1002.721 1001.533 972 968.801 955.2255 898.9966 889.9055 957.0388 968.801 968.801 2590.045 2951.748 3926.908 2301.625 1081.928
666.645 666.645 840.4629 1863.86 1899.032 1899.032 1899.032 1899.032 1899.032 1899.032 1899.032 1899.032 1899.032 1899.032 1684.196 1111.146 909.2859 909.2859 909.2859 909.2859 909.2859 876.2299 678.9461 678.9461 666.6001 594.142 590.7556 590.7556 590.7556 590.7556 590.7556 606.6688 814.2888 882.0845 808.3698 785.9159 862.6624 1021.863 1031.561 1031.561 1031.561 1031.561 1040.885 1153.973 1162.468 1138.456 1397.115 1406.913 1323.758 1123.141 1115.887 1115.887 1115.887 1115.887 1115.887 1100.495 903.2018 896.0792 896.0792 896.0792 896.0792 896.0792 896.0792 914.1436 1002.721 1002.721 988.8353 968.4005 912.5552 853.3677 851.9273 883.7977 945.5668 968.8009 968.801 968.801 1001.742 1028.024 1028.024 1028.024
666.645 666.645 1472.856 1769.787 1886.031 1899.032 1899.032 1899.032 1899.032 1899.032 1899.032 1899.032 1899.032 1385.021 920.1484 909.286 909.286 909.2859 909.2859 909.2859 909.2859 854.9418 678.9461 678.9462 655.3133 590.7556 590.7556 590.7556 590.7556 590.7556 590.7556 590.7556 635.0819 733.0739 708.0364 708.0364 708.4655 875.3242 965.9196 1018.817 1031.561 1031.561 1031.561 1031.561 1031.561 1155.241 1377.348 1406.913 1353.092 1115.887 1115.887 1115.887 1116.005 1116.142 1116.53 1115.977 973.1993 896.0792 891.0832 814.6867 830.6342 863.0058 820.8062 817.0389 870.2903 909.0736 919.627 887.6551 851.9274 851.9274 851.9274 851.9274 866.4072 907.9248 985.2373 990.9335 1013.473 1028.024 1028.024 1028.024
666.645 666.645 666.645 666.645 1184.803 1875.295 1899.032 1896.985 1894.358 1899.032 1899.032 1899.032 1884.251 1000.587 909.2859 909.2859 909.2859 909.2859 909.2859 902.791 810.7625 726.9503 678.9461 678.9462 655.8454 590.7556 590.7556 590.7556 590.7556 590.7556 590.7556 590.7556 590.7556 594.1696 707.0485 708.0364 708.0364 708.0364 708.0364 765.6991 956.1307 1031.561 1031.561 1031.561 1031.561 1031.561 1049.574 1258.896 1321.034 1137.98 1116.498 1116.695 1116.856 1116.865 1116.865 1116.63 1055.61 846.1043 797.5094 784.3466 784.3467 784.3466 784.3467 784.3466 783.9938 782.6354 784.9904 842.264 851.9274 851.9274 851.9273 851.9273 851.9273 851.9273 950.1925 1028.024 1028.024 1028.024 1028.024 1028.024
666.6449 666.6449 666.6449 666.6449 666.6449 782.3712 797.1541 956.2189 938.9227 1163.944 1810.807 1807.185 1896.03 1380.976 909.2859 909.286 909.2859 909.286 848.5651 722.8668 678.9461 678.9461 678.9461 748.9343 1797.996 636.039 590.7556 590.7556 590.7556 590.7556 590.7556 590.7556 590.7556 639.6056 708.0364 708.0364 708.0364 708.0364 708.0364 708.0364 747.3295 944.1064 1031.561 1031.561 1031.561 1031.561 1057.631 1123.486 1152.927 1168.521 1120.853 1116.865 1116.865 1116.865 1116.865 1116.865 1116.865 1099.799 910.173 784.3467 784.3467 784.3467 784.3467 784.3467 782.826 781.963 781.963 794.6328 851.9273 851.9273 851.9273 851.9273 851.9273 851.9273 858.9789 967.5347 1028.024 1028.024 1028.024 1028.024
666.645 666.645 666.645 666.645 666.645 666.645 678.257 894.3193 909.2859 909.2859 1111.482 997.5909 999.7377 1034.786 909.2859 909.2859 909.2859 909.2859 734.5383 678.9462 678.9462 678.9462 678.9461 1680.731 3852.804 3172.994 1374.668 592.7324 590.7556 590.7556 590.7557 590.7557 590.767 744.3116 708.0364 708.0364 708.0364 708.0364 708.0364 708.0364 708.0364 712.1283 886.1231 1031.553 1051.681 1051.883 1163.436 1174.781 1174.781 1174.781 1143.705 1116.865 1116.865 1116.865 1116.865 1116.865 1076.578 981.478 785.596 784.3466 784.3467 784.3466 784.3467 783.4171 781.9794 781.963 781.963 783.4203 835.4145 851.9273 851.9273 851.9273 851.9273 851.9273 851.9273 864.5665 1037.282 1028.571 1028.024 2615.769
666.645 666.6449 666.645 666.645 666.645 666.645 666.6449 806.3171 909.2859 909.2859 909.2859 909.2859 909.2859 909.2859 909.2859 909.2859 909.2859 857.4583 693.3488 678.9461 678.9461 678.9461 678.9461 914.2097 3821.283 3852.804 2896.776 671.2624 642.264 621.481 590.7556 895.8328 1159.787 1429.654 1204.647 1030.658 696.0642 708.0364 708.0364 708.0364 708.0364 708.0364 734.4481 1132.905 1173.314 1165.497 1174.781 1174.781 1174.781 1174.781 1170.904 1120.107 1116.865 1116.865 1116.865 1116.865 1012.448 784.3466 784.3466 784.3467 784.3466 784.3466 783.9929 781.9933 781.9629 781.963 781.9629 781.963 789.4748 838.5938 851.9274 851.9274 851.9274 859.7955 854.9706 895.7287 1108.779 1065.266 1028.024 2598.184
666.6449 666.645 666.645 666.645 666.645 666.645 690.4706 864.0243 909.2859 909.2859 909.2859 909.286 909.2859 909.2859 909.2859 909.2859 909.2859 909.2221 739.207 678.9462 678.9461 678.9462 678.9462 678.9462 3134.427 3852.805 2028.076 678.9462 678.9462 647.6517 590.7556 1058.633 1417.9 1411.092 816.9924 615.5902 644.5366 708.0364 708.0364 708.0364 708.0364 708.0364 901.7464 1174.781 1174.781 1174.781 1174.781 1174.781 1174.781 1174.781 1174.781 1145.59 1116.865 1116.865 1116.865 1116.865 1042.291 799.5628 784.3467 784.3467 784.3467 784.3467 783.7344 782.3832 781.9798 781.963 781.963 781.963 781.963 875.591 1052.659 1049.078 1060.672 1064.132 1080.582 1112.785 1113.418 1100.694 1028.226 1295.088
