Scenarios/Global_Grid/data/country_data_population_distribution/processed/density_grids/idn.asc
ncols 1128
nrows 434
xllcorner 94
yllcorner -11
[rows 144 to 179 of 434, columns 880 to 959 of 1128]
0 0 0 0 0 0 0 0 7.652227 0 0 0 0 0 0 0 0 0 0 0 0 0 0 0 0 0 0 0 0 0 0 0 0 0 0 0 0 0 0 0 0 0 0 0 0 0 0 0 0 0 0 0 0 0 0 0 0 0 0 0 0 0 0 0 0 0 0 0 0 0 0 0 0 0 0 0 0 0 0 0
0 0 0 0 0 0 0 0 7.652226 7.652227 0 0 0 0 0 0 0 0 0 0 0 0 0 0 0 0 0 0 0 0 0 0 0 0 0 0 0 0 0 0 0 0 0 0 0 0 0 0 0 0 0 0 0 0 0 0 0 0 0 0 0 0 0 0 0 0 0 0 0 0 0 0 0 0 0 0 0 0 0 0
7.652227 7.652227 0 0 7.652227 7.652227 7.652228 7.652227 7.652227 7.652227 7.652227 7.652226 7.652227 7.652227 0 0 0 0 0 0 0 0 0 0 0 0 0 0 0 0 0 0 0 0 0 0 0 0 0 0 0 0 0 0 0 0 0 0 0 0 0 0 0 0 0 0 0 0 0 0 0 0 0 0 0 0 0 0 0 0 0 0 0 0 0 0 0 0 0 0
7.652227 7.652227 7.652227 7.652227 7.652227 7.652227 7.652227 7.652227 7.652227 7.652227 7.652227 7.652227 7.652227 7.652227 7.652227 7.652227 0 0 0 0 0 0 0 0 0 0 0 0 0 0 0 0 0 0 0 0 0 0 0 0 0 0 0 0 0 0 0 0 0 0 0 0 0 0 0 0 0 0 0 0 0 0 0 0 0 0 0 0 0 0 0 0 0 0 0 0 0 0 0 0
7.652227 7.652227 7.652227 7.652227 7.652227 7.652227 7.652228 7.652227 7.652227 7.652227 7.652227 7.652228 7.652227 7.652227 7.652227 7.652227 7.652227 0 0 0 0 0 0 0 0 0 0 0 0 0 0 0 0 0 0 0 0 0 0 0 0 0 0 0 0 0 0 0 0 0 0 0 0 0 0 0 0 0 0 0 0 0 0 0 0 0 0 0 0 0 0 0 0 0 0 0 0 0 0 0
7.652227 7.652227 7.652227 7.652227 7.652227 7.652227 7.652227 7.652227 7.652227 7.652227 7.652227 7.652227 7.652227 7.652227 7.652227 7.652227 7.652227 7.652227 7.652227 7.652227 0 0 0 0 0 0 0 0 0 0 0 0 0 0 0 0 0 0 0 0 0 0 0 0 0 0 0 0 0 0 0 0 0 0 0 0 0 0 0 0 0 0 0 0 0 0 0 0 0 0 0 0 0 0 0 0 0 0 0 0
7.652227 7.652226 7.652227 7.652227 7.652227 0 7.652227 7.652227 7.652227 7.652227 7.652227 7.652227 7.652227 7.652227 7.652227 7.652227 7.652227 7.652227 7.652227 7.652227 0 0 0 0 0 0 0 0 0 0 0 0 0 0 0 0 0 0 0 0 0 0 0 0 0 0 0 0 0 0 0 0 0 0 0 0 0 0 0 0 0 0 0 0 0 0 0 0 0 0 0 0 0 0 0 0 0 0 0 0
7.652227 7.652227 7.652227 7.652227 7.652227 7.652227 7.652227 7.652227 7.652227 7.652227 7.652228 7.652228 7.652228 7.652227 7.652227 7.652227 7.652228 7.652227 7.652227 7.652227 0 0 0 0 0 0 0 0 0 0 0 0 0 0 0 0 0 0 0 0 0 0 0 0 0 0 0 0 0 0 0 0 0 0 0 0 0 0 0 0 0 0 0 0 0 0 0 0 0 0 0 0 0 0 0 0 0 0 0 0
7.652227 7.652227 7.652227 7.652227 7.652227 7.652226 7.652226 7.652227 7.652227 7.652227 7.652227 7.652227 7.652227 7.652227 7.652227 7.652227 7.652227 7.652227 7.652227 7.652227 7.652227 0 0 0 0 0 0 0 0 0 0 0 0 0 0 0 0 0 0 0 0 0 0 0 0 0 0 0 0 0 0 0 0 0 0 0 0 0 0 0 0 0 0 0 0 0 0 0 0 0 0 0 0 0 0 0 0 0 0 0
7.652226 7.652227 7.652227 7.652227 7.652227 7.652227 7.652227 7.652227 7.652227 7.652227 7.652227 7.652227 7.652227 7.652227 7.652227 7.652227 7.652228 7.652227 7.652227 7.652227 7.652226 0 0 0 0 0 0 0 0 0 0 0 0 0 0 0 0 0 0 0 0 0 0 0 0 0 0 0 0 0 0 0 0 0 0 0 0 0 0 0 0 0 0 0 0 0 0 0 0 0 0 0 0 0 0 0 0 0 0 0
0 7.652226 7.652227 0 7.652227 7.652227 7.652227 7.652227 7.652227 7.652227 7.652227 7.652227 7.652227 7.652227 0 0 7.652227 7.652228 7.652226 0 0 0 0 0 0 0 0 0 0 0 0 0 0 0 0 0 0 0 0 2.393905 2.393906 0 0 0 2.393906 2.393906 2.393905 2.393906 2.393905 2.393905 2.393905 2.393905 2.393905 2.393906 0 0 0 0 0 0 0 0 0 0 0 0 0 0 0 0 0 0 0 0 0 0 0 0 0 0
0 7.652227 7.652226 7.652227 7.652227 7.652227 7.652228 7.652227 7.652228 7.652228 7.652227 0 0 0 0 0 0 7.652227 7.652226 0 0 0 0 0 0 0 0 0 0 0 0 0 0 0 0 0 0 0 0 0 2.393906 2.393906 2.393906 2.393906 2.393905 2.393906 2.393906 2.393905 2.393906 2.393906 2.393906 2.393905 2.393906 2.393905 2.393906 2.561864 0 0 0 0 0 0 0 0 0 0 0 0 0 0 0 0 0 0 0 0 0 0 0 0
7.652226 7.652226 7.652227 7.652227 7.652227 7.652227 7.652227 7.652227 7.652227 7.652226 0 0 0 0 0 0 0 0 0 0 0 0 0 0 0 0 0 0 0 0 0 0 0 0 0 0 0 0 0 2.393905 2.393906 2.393906 2.393905 2.393905 2.393905 2.393905 2.393906 2.393905 2.393906 2.393905 2.393905 2.393905 2.393906 2.393905 4.322086 26.88701 27.90242 27.90242 27.90242 27.90242 0 0 0 0 0 0 0 0 0 0 0 0 0 0 0 0 0 0 0 0
7.652227 7.652227 7.652227 7.652227 7.652227 0 7.652227 0 0 0 0 0 0 0 0 0 0 0 0 0 0 0 0 0 0 0 0 0 0 0 0 0 0 0 0 0 0 2.393905 2.393906 2.393906 2.393906 2.393906 2.393906 2.393906 2.393906 2.393906 2.393906 2.393906 2.393906 2.393906 2.393906 2.393906 2.393906 2.393906 14.11944 27.90242 27.90242 27.90242 27.90242 27.90242 27.90242 0 0 0 0 0 0 0 0 0 0 0 0 0 0 0 0 0 0 0
7.652227 7.652227 7.652227 7.652227 7.652227 0 0 0 0 0 0 0 0 0 0 0 0 0 0 0 0 0 0 0 0 0 0 0 0 0 0 0 0 0 0 0 0 2.393906 2.393905 2.393906 2.393906 2.393906 2.393906 2.393906 2.393906 2.393906 2.393906 2.393906 2.393906 2.393906 2.393906 2.393906 2.393906 2.393906 21.03628 27.90242 27.90242 27.90242 27.90242 27.90242 27.90242 27.90242 27.90242 0 0 0 0 0 0 0 0 0 0 0 0 0 0 0 0 0
7.652227 0 7.652227 7.652227 7.652227 0 0 0 0 0 0 0 0 0 0 0 0 0 0 0 0 0 0 0 0 0 0 0 0 0 0 0 0 0 0 2.393906 2.393905 2.393906 2.393906 2.393906 2.393906 2.393905 2.393906 2.393906 2.393906 2.393906 2.393905 2.393906 2.393905 2.393906 2.393906 2.393906 2.393906 2.393906 23.99792 27.90242 27.90242 27.90242 27.90242 27.90242 27.90242 27.90242 27.90242 27.90242 27.90242 0 0 0 0 0 0 0 0 0 0 0 0 0 0 0
0 7.652227 7.652227 7.652227 0 0 0 0 0 0 0 0 0 0 0 0 0 0 0 0 0 0 0 0 0 0 0 0 0 0 0 0 0 0 2.393905 2.393906 2.393905 2.393905 2.393905 2.393906 2.393905 2.393906 2.393905 2.393906 2.393905 2.393905 2.393906 2.393905 2.393906 2.393905 2.393906 2.393905 2.393906 2.393905 23.56356 27.90242 27.90242 27.90242 27.90242 27.90242 27.90242 27.90242 27.90242 27.90242 27.90242 27.90242 0 0 0 0 0 0 0 0 0 0 0 0 0 0
0 7.652227 7.652227 0 0 0 0 0 0 0 0 0 0 0 0 0 0 0 0 0 0 0 0 0 0 0 0 0 0 0 0 0 0 2.393905 2.393906 2.393905 2.393906 2.393906 2.393906 2.393905 2.393906 2.393905 2.393906 2.393906 2.393906 2.393905 2.393905 2.393906 2.393905 2.393906 2.393906 2.393906 2.393905 2.393906 23.13252 27.90242 27.90242 27.90242 27.90242 27.90242 27.90242 27.90242 27.90242 27.90242 27.90242 27.90242 27.90242 27.90242 0 0 0 0 0 0 0 0 0 0 0 0
0 0 0 0 7.652227 7.652226 0 0 0 0 0 0 0 0 0 0 0 0 0 0 0 0 0 0 0 0 0 0 0 0 0 0 26.19201 15.85316 10.66597 9.027624 7.389281 2.68461 2.393906 2.393906 2.393906 2.393906 2.393905 2.393905 2.393905 2.393905 2.393906 2.393905 2.393906 2.393905 2.393905 2.393905 2.393906 2.393905 22.74079 27.90242 27.90242 27.90242 27.90242 27.90242 27.90242 27.90242 27.90242 27.90242 27.90242 27.90242 27.90242 27.90242 27.90242 0 0 0 0 0 0 0 0 0 0 0
0 0 0 0 0 0 0 0 0 0 0 0 0 0 0 0 0 0 0 0 0 0 0 26.19201 26.19201 26.19201 26.19201 26.19201 26.19201 26.19201 26.19201 26.19201 26.19201 26.19201 26.19201 26.19201 26.19201 14.97795 2.393906 2.393906 2.393906 2.393906 2.393906 2.393906 2.393906 2.393906 2.393905 2.393906 2.393906 2.393906 2.393906 2.393906 2.393906 2.393906 22.52001 27.90242 27.90242 27.90242 27.90242 27.90242 27.90242 27.90242 27.90242 27.90242 27.90242 27.90242 27.90242 27.90242 27.90242 27.90242 27.90242 27.90242 27.90242 27.90242 27.90242 27.90242 27.90242 27.90242 27.90242 27.90242
7.652226 0 0 7.652227 7.652227 7.652227 7.652227 7.652227 7.652226 7.652227 7.652227 0 0 0 0 0 0 0 0 465.7039 462.506 465.7039 348.1447 26.19201 26.19201 26.19201 26.19201 26.19201 26.19201 26.19201 26.19201 26.19201 26.19201 26.19201 26.19201 26.19201 26.19201 26.09308 9.871035 2.393905 2.393905 2.393906 2.393905 2.393905 2.393905 2.393905 2.393906 2.393905 2.393906 2.393905 2.393905 2.393905 2.393906 2.393905 24.06116 27.90242 27.90242 27.90242 27.90242 27.90242 27.90242 27.90242 27.90242 27.90242 27.90242 27.90242 27.90242 27.90242 27.90242 27.90242 27.90242 27.90242 27.90242 27.90242 27.90242 27.90242 27.90242 27.90242 27.90242 27.90242
7.652226 7.652227 7.652227 7.652227 7.652227 7.652226 7.652227 7.652227 7.652227 7.652227 7.652227 0 0 0 0 0 0 465.7039 465.7039 465.7039 465.7039 465.7039 252.2252 26.19201 26.19201 26.19201 26.19201 26.19201 26.19201 26.19201 26.192 26.19201 26.19201 26.19201 26.192 26.19201 26.192 26.19201 24.82725 5.931036 2.393905 2.393906 2.393905 2.393906 2.393905 2.393905 2.393906 2.393905 2.393906 2.393905 2.393906 2.393906 2.393905 4.537654 27.81236 27.90242 27.90242 27.90242 27.90242 27.90242 27.90242 27.90242 27.90242 27.90242 27.90242 27.90242 27.90242 27.90242 27.90242 27.90242 27.90242 27.90242 27.90242 27.90242 27.90242 27.90242 27.90242 27.90242 27.90242 27.90242
7.652227 7.652227 7.652227 7.652227 7.652227 7.652227 7.652227 7.652226 7.652226 7.652226 0 0 0 0 0 0 465.7039 465.7039 465.7039 465.7039 465.7039 465.7039 254.5965 26.19201 26.19201 26.19201 26.19201 26.19201 26.19201 26.19201 26.19201 26.19201 26.19201 26.19201 26.19201 26.19201 26.19201 26.19201 26.19201 22.10377 3.448674 2.393906 2.393906 2.393906 2.393906 2.393906 2.393906 2.393906 2.393906 2.393906 2.393906 2.393906 2.393906 10.67267 27.90242 27.90242 27.90242 27.90242 27.90242 27.90242 27.90242 27.90242 27.90242 27.90242 27.90242 27.90242 27.90242 27.90242 27.90242 27.90242 27.90242 27.90242 27.90242 27.90242 27.90242 27.90242 27.90242 27.90242 27.90242 27.90242
7.652226 7.652227 7.652227 7.652227 7.652227 7.652227 7.652227 7.652227 7.652227 7.652227 7.652227 0 7.652227 0 0 7.652227 465.7039 465.7039 465.7039 465.7039 465.7039 465.7039 339.752 26.19201 26.19201 26.19201 26.19201 26.19201 26.19201 26.19201 26.19201 26.19201 26.19201 26.19201 26.19201 26.19201 26.19201 26.19201 26.19201 26.19201 17.92267 2.423943 2.393905 2.393905 2.393905 2.393905 2.393905 2.393905 2.393905 2.393905 2.393905 2.393905 2.393905 18.93075 27.90242 27.90242 27.90242 27.90242 27.90242 27.90242 27.90242 27.90242 27.90242 27.90242 27.90242 27.90242 27.90242 27.90242 27.90242 27.90242 27.90242 27.90242 27.90242 27.90242 27.90242 27.90242 27.90242 27.90242 27.90242 27.90242
7.652226 7.652226 0 7.652227 7.652227 7.652227 7.652227 7.652227 7.652227 7.652227 7.652226 7.652227 7.652228 7.652227 7.652227 10.48992 0 465.7039 465.7039 465.7039 465.7039 465.7039 426.0316 51.72235 26.19201 26.19201 26.19201 26.19201 26.19201 26.19201 26.19201 26.19201 26.19201 26.19201 26.19201 26.19201 26.19201 26.19201 26.19201 26.19201 26.19201 12.74687 2.393905 2.393906 2.393905 2.393906 2.393906 2.393906 2.393906 2.393906 2.393906 2.393905 8.665332 27.81278 27.90242 27.90242 27.90242 27.90242 27.90242 27.90242 27.90242 27.90242 27.90242 27.90242 27.90242 27.90242 27.90242 27.90242 27.90242 27.90242 27.90242 27.90242 27.90242 27.90242 27.90242 27.90242 27.90242 27.90242 27.90242 27.90242
0 0 0 7.652227 7.652227 7.652227 7.652227 7.652227 7.652227 7.652227 7.652227 7.652227 7.652227 7.652227 7.652227 7.652227 0 465.7039 376.7963 465.1992 465.7039 465.7039 465.7039 343.3436 26.19201 26.19201 26.19201 26.19201 26.19201 26.19201 26.19201 26.19201 26.19201 26.19201 26.19201 26.19201 26.19201 26.19201 26.19201 26.19201 26.19201 24.42879 2.393905 2.393906 2.393906 2.393905 2.393906 2.393905 2.393906 2.393906 2.393906 3.365834 23.72129 27.90242 27.90242 27.90242 27.90242 27.90242 27.90242 27.90242 27.90242 27.90242 27.90242 27.90242 27.90242 27.90242 27.90242 27.90242 27.90242 27.90242 27.90242 27.90242 27.90242 27.90242 27.90242 27.90242 27.90242 27.90242 27.90242 27.90242
0 0 0 7.652227 7.652227 7.652227 7.652227 7.652227 7.652227 7.652227 7.652227 7.652227 7.652227 7.652227 7.652227 7.652227 24.22237 26.19201 26.19201 198.1325 443.3062 465.7039 465.7039 465.2571 105.3153 26.19201 26.19201 26.19201 26.19201 26.19201 26.19201 26.19201 26.19201 26.19201 26.19201 26.19201 26.19201 26.19201 26.19201 26.19201 26.19201 24.00927 2.393906 2.393906 2.393906 2.393906 2.393906 2.393906 2.393906 2.393906 3.331386 21.17174 27.90242 27.90242 27.90242 27.90242 27.90242 27.90242 27.90242 27.90242 27.90242 27.90242 27.90242 27.90242 27.90242 27.90242 27.90242 27.90242 27.90242 27.90242 27.90242 27.90242 27.90242 27.90242 27.90242 27.90242 27.90242 27.90242 27.90242 27.90242
0 0 0 0 7.652226 7.652227 7.652227 7.652227 7.652227 7.652227 7.652227 7.652227 7.652227 7.652227 7.652227 7.652227 7.652227 26.19201 26.19201 26.19201 81.60557 347.5464 465.7039 429.2017 289.7356 26.19201 26.19201 26.19201 26.19201 26.19201 26.19201 23.23541 18.03471 17.90993 19.61943 20.0148 20.33763 21.9565 23.24327 24.86152 24.86152 23.15614 10.47307 11.34619 9.182799 3.665396 3.203765 2.865389 9.465234 12.45834 22.89022 27.90242 27.90242 27.90242 27.90242 27.90242 27.90242 27.90242 27.90242 27.90242 27.90242 27.90242 27.90242 27.90242 27.90242 27.90242 27.90242 27.90242 27.90242 27.90242 27.90242 27.90242 27.90242 27.90242 27.90242 27.90242 27.90242 27.90242 27.90242 27.90242
0 0 0 0 21.90686 14.15431 8.380623 7.652227 7.652227 7.652227 7.652227 7.652227 7.652227 7.652227 7.652227 7.652226 7.737389 26.19201 26.19201 26.19201 26.19201 26.34416 130.3469 53.00093 26.19201 26.19201 26.19201 26.19201 26.19201 26.19201 25.87487 16.38184 16.0041 16.0041 16.0041 16.0041 16.0041 16.0041 17.78425 22.56804 22.56804 22.56804 22.56804 22.56804 22.56804 22.56804 22.56804 23.00362 27.84544 27.90242 27.90242 27.90242 27.90242 27.90242 27.90242 27.90242 27.90242 27.90242 27.90242 27.90242 27.90242 27.90242 27.90242 27.90242 27.90242 27.90242 27.90242 27.90242 27.90242 27.90242 27.90242 27.90242 27.90242 27.90242 27.90242 27.90242 27.90242 27.90242 27.90242 27.90242
0 26.19201 26.192 0 26.19201 26.19201 25.83077 21.31667 16.70517 11.37345 8.058867 7.652228 7.652227 7.652227 7.652227 0 26.19201 26.19201 26.19201 26.19201 26.19201 26.19201 26.19201 26.19201 26.19201 26.19201 26.19201 26.19201 26.19201 26.19201 25.95233 16.11623 16.0041 16.0041 16.0041 16.0041 16.0041 16.0041 17.23416 22.56804 22.56804 22.56804 22.56804 22.56804 22.56804 22.56804 22.56804 22.56804 22.89296 23.41446 24.09545 24.74248 25.84191 27.43771 27.90242 27.90242 27.90242 27.90242 27.90242 27.90242 27.90242 27.90242 27.90242 27.90242 27.90242 27.90242 27.90242 27.90242 27.90242 27.90242 27.90242 27.90242 27.90242 27.90242 27.90242 27.90242 27.90242 27.90242 27.90242 27.90242
0 0 0 26.19201 26.19201 26.19201 26.19201 26.19201 26.19201 26.19201 24.84268 18.26038 12.88556 17.00061 26.19201 26.192 26.19201 26.19201 26.19201 26.19201 26.19201 26.19201 26.19201 26.19201 26.19201 26.19201 26.19201 26.19201 26.19201 26.19201 26.19201 17.12665 16.0041 16.0041 16.0041 16.0041 16.0041 16.0041 16.68407 22.56804 22.56804 22.56804 22.56804 22.56804 22.56804 22.56804 22.56804 22.56804 22.56804 22.56804 22.56804 22.56804 22.56804 11.2322 6.453756 9.712737 14.73276 19.19777 22.94781 27.59918 27.90242 27.90242 27.90242 27.90242 27.90242 27.90242 27.90242 27.90242 27.90242 27.90242 27.90242 27.90242 27.90242 27.90242 27.90242 27.90242 27.90242 27.90242 27.90242 27.90242
0 0 0 26.19201 0 26.19201 26.19201 26.19201 26.19201 26.19201 26.19201 26.19201 26.19201 26.19201 26.192 26.19201 26.19201 26.19201 26.19201 26.19201 26.19201 26.19201 26.19201 26.19201 26.19201 26.19201 26.19201 26.19201 26.19201 26.19201 26.19201 16.72205 16.0041 16.0041 16.0041 16.0041 16.0041 16.0041 16.13813 22.19468 22.56804 22.56804 22.56804 22.56804 22.56804 22.56804 22.56804 22.56804 22.56804 22.56804 22.56804 22.56804 22.56804 9.300021 3.340084 3.340084 3.340084 3.340084 3.340084 4.555354 9.76533 13.32751 16.78926 22.07602 27.17475 27.90242 27.90242 27.90242 27.90242 27.90242 27.90242 27.90242 27.90242 27.90242 27.90242 27.90242 27.90242 27.90242 27.90242 27.90242
0 0 26.19201 0 0 26.19201 26.19201 26.19201 26.19201 26.19201 26.19201 26.19201 26.192 26.19201 26.19201 26.19201 26.19201 26.19201 26.19201 26.19201 26.19201 26.19201 26.19201 26.19201 26.19201 26.19201 26.19201 26.19201 26.19201 26.1352 23.15434 16.1573 16.0041 16.0041 16.0041 16.0041 16.0041 16.0041 16.0041 19.36159 22.56804 22.56804 22.56804 22.56804 22.56804 22.56804 22.56804 22.56804 22.56804 22.56804 22.56804 22.56804 22.56804 6.437437 3.340084 3.340084 3.340084 3.340084 3.340084 3.340084 3.340084 3.340084 3.340084 3.340084 3.856546 8.315299 12.90133 16.45772 22.72289 27.84926 27.90242 27.90242 27.90242 27.90242 27.90242 27.90242 27.90242 27.90242 27.90242 27.90242
0 0 0 0 26.19201 0 26.19201 26.19201 26.19201 26.19201 26.19201 26.19201 26.192 26.19201 26.19201 26.19201 26.19201 26.19201 26.19201 26.19201 26.19201 26.19201 26.19201 26.19201 26.19201 26.19201 26.19201 26.19201 26.19201 24.9549 16.07184 16.0041 16.0041 16.0041 16.0041 16.0041 16.0041 16.0041 16.0041 16.45297 22.19468 22.56804 22.56804 22.56804 22.56804 22.56804 22.56804 22.56804 22.56804 22.56804 22.56804 22.56804 22.32388 3.83 3.340084 3.340084 3.340084 3.340084 3.340084 3.340084 3.340084 3.340084 3.340084 3.340084 3.340084 3.340084 3.340084 3.340084 3.340084 6.372892 11.84314 17.99174 23.75015 27.85251 27.90242 27.90242 27.90242 27.90242 27.90242 27.90242
0 0 0 0 26.192 26.19201 26.192 0 26.19201 26.19201 26.19201 26.19201 26.19201 26.19201 26.19201 26.19201 26.19201 26.19201 26.19201 26.19201 26.192 26.192 26.19201 26.19201 26.19201 26.19201 26.19201 26.19201 26.19201 26.19201 21.96587 16.0041 16.0041 16.0041 16.0041 16.0041 16.0041 16.0041 16.0041 16.0041 19.36159 22.56804 22.56804 22.56804 22.56804 22.56804 22.56804 22.56804 22.56804 22.56804 22.56804 22.56804 19.96219 3.340084 3.340084 3.340084 3.340084 3.340084 3.340084 3.340084 3.340084 3.340084 3.340084 3.340084 3.340084 3.340084 3.340084 3.340084 3.340084 3.340084 3.340084 3.340084 3.340084 5.69881 13.38161 20.14174 27.90242 27.90242 27.90242 27.90242
0 0 0 0 0 0 0 0 26.19201 26.192 26.192 26.19201 26.19201 26.19201 26.19201 26.19201 26.19201 26.19201 26.19201 26.19201 26.19201 26.19201 26.19201 26.19201 26.19201 26.19201 26.19201 26.19201 26.19201 26.19201 22.03352 16.0041 16.0041 16.0041 16.0041 16.0041 16.0041 16.0041 16.0041 16.0041 16.24742 20.65327 22.56804 22.56804 22.56804 22.56804 22.56804 22.56804 22.56804 22.56804 22.56804 22.56804 17.11059 3.340084 3.340084 3.340084 3.340084 3.340084 3.340084 3.340084 3.340084 3.340084 3.340084 3.340084 3.340084 3.340084 3.340084 3.340084 3.340084 3.340084 3.340084 3.340084 3.340084 3.340084 3.340084 6.982778 27.90242 27.90242 27.90242 27.90242
