Scenarios/Global_Grid/data/country_data_population_distribution/processed/density_grids/irq.asc
ncols 253
nrows 201
xllcorner 38
yllcorner 29
[rows 124 to 154 of 201, columns 140 to 209 of 253]
410.8359 387.5471 264.3394 146.4402 46.46696 32.61326 32.61325 32.61326 32.61325 32.61326 32.61325 32.61326 32.61325 32.61326 32.61325 140.5181 1761.626 2119.885 1654.347 1067.72 767.9948 396.0871 279.0106 276.2861 276.2861 276.2861 276.273 241.1058 218.8354 217.8973 217.8974 217.8973 217.8974 217.8974 217.8974 217.8973 217.8974 217.8973 217.8974 217.8973 217.8974 217.8973 216.3928 173.0507 138.2906 0 138.211 138.211 114.1894 99.69687 99.69688 99.69687 99.69687 99.69687 99.69687 99.69687 99.69688 99.69687 99.69688 99.69687 99.69688 99.69687 108.2541 118.8908 124.4743 124.4743 102.2753 67.61941 46.33987 33.14582
1.77426 19.19465 32.52446 32.61326 32.61326 32.61326 32.61326 32.61326 32.61326 32.61326 32.61326 32.61326 32.61326 32.61326 32.61326 41.23901 816.6409 1095.529 927.58 927.5801 927.58 927.58 830.0277 270.7735 276.2861 276.2861 264.0016 240.7058 217.8974 217.8973 217.8974 217.8973 217.8974 217.8973 217.8974 217.8973 217.8974 217.8974 217.8974 217.8973 217.8974 217.8973 217.8974 217.8973 178.4483 138.211 0 103.3868 100.0391 99.69686 99.69687 99.69687 99.69687 99.69686 99.69687 99.69687 99.69687 99.69687 99.69687 99.69686 99.69687 99.69687 99.69687 107.5212 124.4743 124.4743 124.4743 124.4743 124.4743 124.4743
0.4196304 0.4196304 9.903824 29.68832 32.61325 32.61326 32.61325 32.61326 32.61325 32.61326 32.61325 32.61326 32.61325 32.61326 32.61325 415.6869 927.58 927.58 927.58 927.58 927.58 917.5027 398.801 217.9042 236.4831 245.5147 220.9429 217.8973 217.8973 217.8973 217.8973 217.8973 217.8973 217.8973 217.8973 217.8973 217.8973 217.8973 217.8973 217.8973 217.8973 217.8973 217.8973 217.8973 210.5843 176.6058 151.433 100.4609 99.69687 99.69686 99.69687 99.69687 99.69687 99.69686 99.69687 99.69686 99.69686 99.69687 99.69687 99.69687 99.69686 99.69686 99.69687 104.011 124.4743 124.4743 124.4743 124.4743 124.4743 123.8147
0.4196304 0.4196304 0.4196304 6.493464 32.59525 32.61326 32.61326 32.61326 32.61326 32.61326 32.61326 32.61326 32.61325 32.61326 32.61326 175.0585 918.4365 927.58 927.58 927.58 927.58 882.3004 521.7941 217.8973 217.8973 217.8974 217.8973 217.8973 217.8973 217.8973 217.8973 217.8974 217.8973 217.8973 217.8973 217.8973 217.8973 217.8973 217.8973 217.8973 217.8973 217.8973 217.8973 217.8973 217.8973 217.8973 217.8973 203.3557 140.8391 99.69687 99.69687 99.69688 99.69687 99.69687 99.69687 99.69687 99.69687 99.69688 99.69687 99.69687 99.69687 99.69687 99.69687 101.2576 124.4743 124.4743 124.4743 124.4743 124.4743 118.6924
0.4196304 3.718098 12.82712 30.09517 32.61326 32.61326 32.61326 32.61326 32.61326 32.61326 32.61326 32.61326 32.61326 32.61325 32.61326 32.61326 613.321 927.5801 927.58 927.5801 697.2137 264.0208 217.8973 217.8974 217.8973 217.8973 217.8973 217.8974 217.8973 217.8973 217.8973 217.8974 217.8973 217.8974 217.8973 217.8974 217.8973 217.8974 217.8974 217.8974 217.8973 217.8974 217.8973 217.8974 217.8974 217.8974 217.8973 217.8974 162.3974 99.69688 99.69687 99.69688 99.69688 99.69687 99.69687 99.69688 99.87857 104.4244 104.5952 104.4786 107.4037 108.603 105.5689 105.6102 124.4743 124.3821 124.1126 123.9655 124.4045 120.5049
21.55519 31.58904 32.61326 32.61326 32.61326 32.61326 32.61326 32.61326 32.61326 32.61326 32.61326 32.61326 32.61325 32.61326 32.61326 32.61325 148.3151 850.2789 927.58 927.58 315.1091 217.8973 217.8974 217.8973 217.8974 217.8974 217.8974 217.8973 217.8973 217.8973 217.8974 217.8973 217.8974 217.8973 217.8973 217.8973 217.8974 217.8973 217.8973 217.8973 217.8974 217.8973 217.8973 217.8973 217.8973 217.8973 217.8974 217.8973 214.2643 111.6483 99.69688 99.69687 99.74649 105.4665 107.613 118.0504 129.4686 138.8591 138.8591 138.8591 138.8591 138.8591 138.8591 138.5549 128.1334 122.3521 122.2814 122.2814 122.8 101.4817
32.61326 32.61326 32.61326 32.61326 32.61326 32.61326 32.61326 32.61326 32.61326 32.61326 32.61326 32.61326 32.61326 32.61326 68.74514 124.36 330.4746 498.4745 562.951 493.0738 236.0974 217.8973 217.8973 217.8973 217.8974 217.8974 217.8974 217.8973 217.8974 217.8973 217.8974 217.8973 217.8974 217.8973 217.8974 217.8973 217.8974 217.8973 217.8973 217.8973 217.8974 217.8973 217.8974 217.8973 217.8973 217.8973 217.8974 217.8973 217.8974 158.0725 124.3176 118.8952 127.6078 138.8591 138.661 138.8591 138.8591 138.8591 138.8591 138.8591 138.8591 138.8591 138.7857 126.1927 122.2814 122.2814 122.2814 122.2814 122.2814 122.2814
32.61326 32.61326 32.61326 32.61326 32.61326 32.61326 32.61326 32.61326 32.61326 32.61326 32.61326 32.61326 32.61326 32.61326 251.1783 391.6507 391.6507 391.6507 391.6507 391.6507 287.1322 217.8974 217.8973 217.8974 217.8973 217.8974 217.8973 217.8974 217.8973 217.8974 217.8973 217.8974 217.8973 217.8974 217.8973 217.8974 217.8973 217.8974 217.8974 217.8974 217.8973 217.8974 217.8973 217.8974 217.8974 217.8974 217.8973 217.8974 217.8973 151.4897 138.8591 138.8591 138.8591 138.8591 138.8591 138.8591 138.8591 138.8591 138.8591 138.8591 138.8591 138.8591 138.8591 136.2549 122.9462 122.2814 122.2814 122.2814 122.2814 122.2814
32.61326 32.61326 32.61326 32.61326 32.61326 32.61326 32.61326 32.61326 32.61326 32.61326 32.61326 32.61326 32.61326 32.61326 253.5976 391.6507 391.6507 391.6507 391.6507 391.6507 336.1344 217.8973 217.8973 217.8973 217.8973 217.8974 217.8973 217.8973 217.8973 217.8973 217.8973 217.8973 217.8973 217.8973 217.8973 217.8973 217.8973 217.8973 217.8973 217.8973 217.8973 217.8973 217.8973 217.8973 217.8973 217.8973 217.8973 217.8973 217.8973 181.8842 138.8591 138.8591 138.8591 138.8591 138.8591 138.8591 138.8591 138.8591 138.8591 138.8591 138.8591 138.8591 138.8591 138.8591 132.1866 122.2814 122.2814 122.2814 122.2814 122.2814
32.61326 32.61326 32.61326 32.61326 32.61326 32.61326 32.61326 32.61326 32.61326 32.61326 32.61326 32.61326 32.61326 32.61326 40.89936 129.6142 358.7095 391.6507 391.6507 391.6507 385.2502 223.2812 217.8973 217.8973 217.8973 217.8974 217.8973 217.8973 217.8973 217.8973 217.8973 217.8974 217.8973 217.8973 217.8973 217.8973 217.8973 217.8973 217.8973 217.8973 217.8973 217.8973 217.8973 217.8973 217.8973 217.8973 217.8973 217.8973 217.8973 214.5331 145.8531 138.8591 138.8591 138.8591 138.8591 138.8591 138.8591 138.8591 138.8591 138.8591 138.8591 138.8591 138.8591 138.8591 138.8565 128.8354 122.2814 122.2814 122.2814 122.2814
32.61326 32.61326 32.61326 32.61326 32.61326 32.61326 32.61326 32.61326 32.61326 32.61326 32.61326 32.61326 32.61326 32.61326 32.61326 32.61325 117.6126 391.6507 391.6507 391.6507 365.8134 218.7267 217.8973 217.8973 217.8973 217.8973 217.8974 217.8973 217.8973 217.8973 217.8973 217.8973 217.8974 217.8973 217.8973 217.8973 217.8974 217.8973 217.8973 217.8973 217.8973 217.8973 217.8974 217.8973 217.8973 217.8973 217.8974 217.8973 217.8973 217.8973 168.6726 138.8591 138.8591 138.8591 138.8591 138.8591 138.8591 138.8591 138.8591 138.8591 138.8591 138.8591 138.8591 138.8591 138.8591 136.7766 106.8873 109.3161 113.6992 118.0825
32.61326 32.61326 32.61326 32.61326 32.61326 32.61325 32.61326 32.61326 32.61326 32.61326 32.61326 32.61326 32.61326 32.61326 32.61326 32.61326 32.625 305.1883 391.6507 391.6507 321.2211 217.8974 217.8973 217.8974 217.8973 217.8974 217.8973 217.8974 217.8973 217.8973 217.8973 217.8974 217.8973 217.8973 217.8973 217.8974 217.3235 203.2486 200.2179 202.3551 211.4793 217.8424 217.8973 217.8973 217.8974 217.8973 217.8973 217.8974 217.8973 217.8974 186.0274 138.8591 138.8591 138.8591 138.8591 138.8591 138.8591 138.8591 138.8591 138.8591 138.8591 138.8591 138.8591 138.8591 138.8591 132.8763 47.37054 43.38535 43.38535 43.38535
32.61326 32.61326 32.61326 32.61326 32.61326 32.61326 32.61326 32.61326 32.61326 32.61326 32.61326 32.61326 32.61326 32.61326 32.61326 32.61326 32.61326 190.0194 391.6507 391.6507 363.6003 217.8973 217.8973 217.8973 217.8973 217.8973 217.8973 217.8973 217.8973 217.8973 217.8973 217.8973 211.2936 202.511 195.5373 188.376 182.278 181.2741 181.2741 181.2741 181.2741 184.1763 185.7878 190.2318 195.9328 204.2886 214.4906 217.8973 217.8973 217.8973 201.5529 138.8591 138.8591 138.8591 138.8591 138.8591 138.8591 138.8591 138.8591 138.8591 138.8591 138.8591 138.8591 138.8591 138.8591 138.8591 92.16528 43.38535 43.38535 43.38535
32.61326 32.61325 32.61326 32.61326 32.61326 32.61326 32.61326 32.61326 32.61326 32.61326 32.61326 32.61325 32.61326 32.61325 32.61326 32.61325 32.61326 145.0995 382.5204 328.4615 387.386 217.9173 217.8974 217.8973 217.8974 217.8973 217.8974 217.8973 217.8974 217.8973 217.8974 217.8973 213.4465 191.7946 181.2742 181.2741 181.2741 181.2741 181.2741 181.2741 181.2742 181.2741 181.2742 181.2741 181.2741 181.2741 181.5912 189.9918 201.8629 208.8148 170.1402 123.3805 138.8591 138.8591 138.8591 138.8591 138.8591 138.8591 138.8591 138.8591 138.8591 138.8591 138.8591 138.8591 138.8591 138.8591 196.4979 152.9753 61.39736 43.38535
32.61326 32.61326 32.61326 32.61326 32.61326 32.61326 32.61326 32.61326 32.61326 32.61326 32.61326 32.61326 32.61326 32.61326 32.61326 32.61326 32.61326 48.19508 217.489 217.8973 263.2697 217.8973 217.8973 217.8973 217.8973 217.8973 217.8973 217.8973 217.8973 217.8973 217.8973 217.8973 217.8973 217.652 197.7231 181.2741 181.2741 181.2741 181.2741 181.2741 181.2741 181.2741 181.2741 181.2742 181.2741 181.2741 181.2741 181.2742 138.6838 79.80441 57.39465 68.30277 138.5137 138.8591 138.8591 138.8591 138.8591 138.8591 138.8591 138.8591 138.8591 138.8591 138.8591 138.8591 138.8591 138.8591 226.3923 261.3088 183.4684 43.38535
32.61325 32.61325 32.61325 32.61325 32.61326 32.61325 32.61326 32.61325 32.61325 32.61325 32.61325 32.61325 32.61326 32.61325 32.61326 32.61325 32.61325 32.61397 126.3358 217.8973 217.8973 217.8973 217.8973 217.8973 217.8973 217.8973 217.8973 217.8973 217.8973 217.8973 217.8973 217.8973 217.8973 217.8973 195.8649 181.2742 181.2741 181.2742 181.2742 181.2742 181.2741 181.2742 181.2741 181.2742 181.2742 181.2742 181.2741 142.5624 61.70241 55.66045 66.13313 96.2885 138.7843 138.8591 138.8591 138.8591 138.8591 138.8591 138.8591 138.8591 138.8591 160.0998 239.2685 245.4384 237.6143 230.6704 253.6455 261.3088 261.3024 191.8801
32.61326 32.61326 32.61326 32.61326 32.61325 32.61326 32.61326 32.61326 32.61326 32.61326 32.61326 32.61326 32.61326 32.61326 32.61325 32.61326 32.61326 32.61326 32.62178 128.8869 217.8974 217.8974 217.8974 217.8974 217.8973 217.8973 217.8974 217.8974 217.8974 217.8974 217.8974 217.8973 217.8974 208.576 184.0671 181.2742 181.2742 181.2742 181.2742 181.2742 181.2742 181.2742 181.2742 181.2741 181.2742 181.2742 178.0746 70.22301 55.66045 55.66045 69.3642 99.33522 138.8591 138.8591 138.8591 138.8591 138.8591 140.4267 167.5123 158.0586 213.0894 242.0782 261.3088 261.3088 261.3088 261.3088 261.3088 261.3088 261.3088 261.3088
32.61326 32.61326 32.61326 32.61326 32.61326 32.61326 32.61326 32.61326 32.61326 32.61326 32.61326 32.61326 32.61326 32.61326 32.61326 32.61325 32.61326 32.61326 32.61326 32.74683 116.3399 192.5208 217.8974 217.8973 217.8974 217.8973 217.8974 217.8973 217.8974 217.8973 217.8973 217.8973 217.8974 186.8579 181.2741 181.2741 181.2742 181.2741 181.2741 181.2741 181.2742 181.2741 181.2742 181.2741 181.2741 181.2741 94.54086 55.66045 55.66045 55.66045 55.66044 99.61977 138.8591 138.8591 138.8591 138.8591 138.8591 180.4872 261.3088 246.4776 261.3088 261.3088 261.3088 261.3088 261.3088 261.3088 261.3088 261.3088 261.3088 261.3088
32.61326 32.61326 32.61326 32.61326 32.61326 32.61326 32.61326 32.61326 32.61326 32.61326 32.61326 32.61326 32.61325 32.61326 32.61326 32.61326 32.61326 32.61326 32.61326 32.61326 32.61326 33.03344 69.83205 139.3382 203.3942 217.8973 217.8973 217.8973 217.8973 217.8973 217.8973 217.8974 212.5034 181.4206 181.2741 181.2741 184.3679 183.3088 181.2741 181.2741 181.2741 181.2741 181.2741 181.2741 178.2833 92.80816 55.84139 55.66045 55.66045 55.66045 63.20436 126.9677 138.8591 138.8591 138.8591 138.8591 138.8591 169.6444 261.3088 261.3088 261.3088 261.3088 261.3088 261.3088 261.3088 261.3088 261.3088 261.3088 261.3088 261.3088
32.61326 32.61326 32.61326 32.61326 32.61326 32.61326 32.61326 32.61326 32.61326 32.61326 32.61326 32.61326 32.61326 32.61326 32.61326 32.61326 32.61326 32.61326 32.61326 32.61326 32.61326 32.61326 32.61326 32.61326 35.99842 64.23235 167.7453 217.8973 217.8974 217.8973 217.8973 217.2513 190.8835 181.2742 181.2742 181.2742 414.6141 348.7617 181.2742 181.2742 181.2742 181.2742 181.2742 181.2742 130.4366 55.66045 55.66045 55.66045 55.66045 61.1989 124.085 138.8591 142.8748 205.3207 178.0475 138.8591 138.8591 242.5134 261.3088 261.3088 261.3088 261.3088 261.3088 261.3088 261.3088 261.3088 261.3088 261.3088 261.3088 258.6837
32.61325 32.61325 32.61326 32.61325 32.61326 32.61325 32.61326 32.61325 32.61326 32.61325 32.61326 32.61325 32.61326 32.61325 32.61326 32.61325 32.61325 32.61325 32.61325 32.61326 32.61325 32.61326 32.61325 32.61326 32.61325 6.945675 2.7563 103.5122 213.0366 217.8973 217.8973 213.706 181.5513 181.2741 181.2741 187.3853 486.3094 493.2395 429.5615 380.0009 348.9992 309.5378 309.7813 216.8398 58.74036 55.66045 55.66044 55.66045 57.80812 114.8223 133.7045 148.6787 189.5508 241.2867 222.1479 190.0869 178.7329 257.9691 261.3088 261.3088 261.3088 261.3088 261.3088 261.3088 261.3088 261.3088 261.3088 261.3088 254.5036 239.3007
32.61326 32.61326 32.61326 32.61326 32.61326 32.61326 32.61325 32.61326 32.61326 32.61326 32.61326 32.61326 32.61326 32.61326 32.61326 32.61326 32.61326 32.61326 32.61326 32.61326 32.61326 32.61326 32.61326 32.61326 32.09867 1.333405 0.23981 0.23981 42.11685 179.1446 217.8973 208.1841 181.2741 191.2943 215.5403 223.9481 495.0881 501.1204 501.1204 501.1204 501.1204 501.1204 501.1204 237.126 55.66045 55.66045 55.66045 55.66045 55.66045 55.66045 57.63085 208.8987 239.1241 242.5919 258.4747 261.3088 261.3088 261.3088 261.3088 261.3088 261.3088 261.3088 261.3088 255.6758 256.468 261.3088 261.3088 261.3088 249.0666 239.1241
32.61326 32.61326 32.61326 32.61326 32.61326 32.61326 32.61326 32.61326 32.61326 32.61326 32.61326 32.61326 32.61326 32.61326 32.61326 32.61326 32.61326 32.61326 32.61326 32.61326 32.61326 32.61326 32.61326 32.61326 26.95732 0.23981 0.23981 0.23981 0.23981 6.09797 116.3405 149.4458 222.3542 484.018 478.4776 490.1824 501.1204 501.1203 501.1203 501.1203 501.1203 447.4132 308.1325 91.57165 55.66044 55.66045 55.66045 55.66045 55.66045 55.66044 122.0592 239.1241 239.1241 239.1241 241.9804 248.968 261.1988 261.3088 261.3088 261.3088 261.3088 261.3088 261.3088 247.6771 240.1852 246.1577 256.7434 261.3088 246.5257 239.1242
32.61326 32.61326 32.61326 32.61326 32.61326 32.61326 32.61326 32.61326 32.61326 32.61326 32.61326 32.61326 32.61326 32.61326 32.61326 32.61326 32.61326 32.61326 32.61326 32.61326 32.61326 32.61326 32.61326 32.61326 21.08267 0.23981 0.23981 0.23981 0.23981 0.23981 0.23981 0.23981 61.3625 470.1572 501.1203 501.1203 501.1203 501.1203 501.1203 501.1203 501.1203 332.3083 55.66045 55.66045 55.66045 55.66045 55.66045 55.66045 55.66045 58.34778 212.296 239.1241 239.1241 239.1241 239.1241 239.1241 247.129 261.3088 261.3088 261.3088 261.3088 261.3088 261.3088 242.3418 239.1241 239.1241 240.1848 252.3661 242.8399 239.1241
32.61326 32.61326 32.61326 32.61326 32.61326 32.61326 32.61326 32.61326 32.61326 32.61326 32.61326 32.61326 32.61326 32.61326 32.61326 32.61326 32.61326 32.61326 32.61326 32.61326 32.61326 32.61326 32.61326 32.61326 15.30437 0.23981 0.23981 0.23981 0.23981 0.23981 0.23981 0.23981 0.23981 111.6677 414.7588 501.1204 501.1204 501.1204 501.1204 501.1204 501.1204 270.9177 55.66045 55.66045 55.66045 55.66045 55.66045 55.66045 55.66045 90.29729 223.8449 239.1241 239.1241 239.1241 239.1241 239.1241 240.4128 261.135 261.3088 261.3088 261.3088 261.3088 260.4878 249.4164 239.1241 239.1241 239.1241 239.1241 239.1241 239.1241
32.61325 32.61326 32.61325 32.61326 32.61325 32.61326 32.61325 32.61326 32.61325 32.61326 32.61326 32.61326 32.61325 32.61326 32.61325 32.61326 32.61325 32.61326 32.61326 32.61325 32.61325 32.61325 32.61326 32.61325 9.103612 0.23981 0.23981 0.23981 0.23981 0.23981 0.23981 0.23981 0.23981 0.23981 39.29705 156.6541 468.6909 501.1203 501.1203 501.1203 390.3717 64.03928 55.66045 55.66044 55.66045 55.66044 55.66045 55.66044 55.66044 55.66044 69.37734 199.0029 239.1241 239.1241 239.1241 239.1241 239.1241 242.4069 246.6068 248.944 249.0643 249.0643 240.3452 239.1241 239.1241 239.1241 239.1241 239.1241 239.1241 239.1241
32.61326 32.61326 32.61326 32.61326 32.61326 32.61326 32.61326 32.61326 32.61326 32.61326 32.61326 32.61326 32.61326 32.61326 32.61326 32.61326 32.61326 32.61326 32.61326 32.61326 32.61326 32.61326 32.61326 32.60493 2.974601 0.23981 0.23981 0.23981 0.23981 0.23981 0.23981 0.23981 0.23981 0.23981 0.23981 0.23981 34.42297 397.2728 501.103 501.1204 275.1577 55.66045 55.66045 55.66045 55.66045 55.66045 55.66045 55.66045 55.66045 83.18664 65.34469 217.6392 239.1241 239.1241 239.1241 239.1241 239.1241 239.1242 239.1241 239.1241 239.1241 239.1241 239.1241 239.1241 239.1242 239.1241 239.1241 239.1241 239.1241 239.1241
32.61326 32.61326 32.61326 32.61326 32.61325 32.61326 32.61326 32.61326 32.61326 32.61326 32.61326 32.61326 32.61326 32.61326 32.61326 32.61326 32.61325 32.61326 32.61326 32.61326 32.61326 32.61326 32.61326 29.31234 0.23981 0.23981 0.23981 0.23981 0.23981 0.23981 0.23981 0.23981 0.23981 0.23981 0.23981 0.23981 0.23981 0.23981 127.3741 484.0432 213.6275 55.66045 55.66045 55.66045 55.66045 55.66045 55.66045 55.66045 55.66045 168.6141 229.5997 239.1241 239.1241 239.1241 239.1241 239.1241 239.1241 239.1241 239.1241 239.1241 239.1241 239.1241 239.1241 237.4076 231.1692 233.7205 231.9137 230.2365 237.2621 239.1241
32.61326 32.61326 32.61326 32.61326 32.61326 32.61326 32.61326 32.61326 32.61326 32.61326 32.61326 32.61326 32.61326 32.61326 32.61326 32.61326 32.61326 32.61326 32.61326 32.61326 32.61326 32.61326 32.61326 23.31368 0.23981 0.23981 0.23981 0.23981 0.23981 0.23981 0.23981 0.23981 0.23981 0.23981 0.23981 0.23981 0.23981 0.23981 0.23981 32.28432 52.2256 54.03879 55.66045 55.66045 55.66045 55.66045 55.66045 55.66045 60.72464 211.2666 239.1241 239.1241 239.1241 239.1241 239.1241 239.1241 239.1241 239.1241 239.1241 239.1241 239.1241 239.1241 239.1241 229.8508 220.9612 220.9612 220.9612 220.9612 224.1013 231.1907
32.61326 32.61326 32.61326 32.61326 32.61326 32.61326 32.61326 32.61326 32.61326 32.61326 32.61326 32.61326 32.61326 32.61326 32.61326 32.61326 32.61326 32.61326 32.61326 32.61326 32.61326 32.61326 30.72421 8.691372 0.23981 0.23981 0.23981 0.23981 0.23981 0.23981 0.23981 0.23981 0.23981 0.23981 0.23981 0.23981 0.23981 0.23981 0.23981 0.23981 0.23981 7.694932 46.88371 55.66044 55.66044 55.66045 55.66044 55.66044 88.08028 239.1241 239.1241 239.1241 239.1241 239.1241 239.1241 239.1241 239.1241 239.1241 239.1241 239.1241 239.1241 239.1241 239.1241 227.0702 220.9612 220.9612 220.9612 220.9612 220.9612 220.9612
32.61326 32.61326 32.61326 32.61326 32.61326 32.61326 32.61326 32.61326 32.61326 32.61326 32.61326 32.61326 32.61326 32.61326 32.61326 32.61326 32.61326 32.61326 32.61326 32.61326 32.61326 25.12875 4.95318 0.23981 0.23981 0.23981 0.23981 0.23981 0.23981 0.23981 0.23981 0.23981 0.23981 0.23981 0.23981 0.23981 0.23981 0.23981 0.23981 0.23981 0.23981 0.23981 3.423078 27.37465 52.18283 55.66045 55.66045 55.66045 63.93686 238.7316 239.1241 239.1241 239.1241 239.1241 239.1241 239.1241 239.1241 239.1241 239.1241 239.1241 239.1241 239.1241 237.1172 221.1137 220.9612 220.9612 220.9612 220.9612 220.9612 220.9612
