Scenarios/Global_Grid/data/country_data_population_distribution/processed/density_grids/irq.asc
ncols 253
nrows 201
xllcorner 38
yllcorner 29
[rows 93 to 123 of 201, columns 140 to 209 of 253]
186.2937 186.2937 186.2937 186.2937 186.2937 186.2937 186.2937 186.2937 186.2937 238.9641 803.1197 1194.382 2467.646 2467.646 2467.646 4078.748 4743.647 1704.048 1121.407 1121.407 1121.407 1040.146 66.63539 17.52811 17.52811 17.52811 17.52811 17.52811 17.52811 17.52811 17.52811 17.52811 17.52811 17.52811 17.52811 17.52811 17.52811 17.52811 17.52811 17.52811 17.52811 17.52811 17.52811 17.52811 17.52811 17.52811 17.52811 17.52811 17.52811 17.52811 17.52811 17.52811 18.16648 19.16859 11.91143 7.527483 0 0 0 0 0 0 0 0 0 0 0 0 0 0
186.2937 186.2937 186.2937 186.2937 186.2937 186.2937 186.2937 186.2937 186.2937 744.3027 2344.513 2259.673 2232.135 2467.646 2467.646 2561.192 4431.817 3881.635 3725.639 737.8215 1354.126 1973.69 44.31667 43.62158 42.91394 42.26446 41.71992 41.17752 40.63511 40.0927 39.55029 22.86507 17.52811 17.52811 17.52811 17.52811 17.52811 17.52811 17.52811 17.52811 17.52811 17.52811 17.52811 17.52811 17.52811 17.52811 17.52811 17.52811 17.52811 17.52811 17.52811 17.5281 17.52811 17.52811 9.701122 8.043155 7.586634 0 0 0 0 0 0 0 0 0 0 0 0 0
186.2937 186.2937 186.2937 186.2937 186.2937 186.2937 186.2937 186.2937 255.7188 471.0468 458.9938 480.1168 1786.28 2467.646 2467.646 2475.226 4191.608 4667.621 1622.851 1455.759 7685.738 4257.2 114.8593 114.8593 114.8593 114.8593 114.8593 114.8593 114.8593 114.8593 114.8593 33.57966 17.52811 17.5281 17.52811 17.5281 17.52811 17.5281 17.5281 17.5281 17.52811 17.5281 17.52811 17.52811 17.5281 17.5281 17.52811 17.5281 17.52811 17.5281 17.52811 17.5022 15.94514 12.31063 8.049031 8.043154 7.964636 0 0 0 0 0 0 0 0 0 0 0 0 0
186.2937 186.2937 186.2937 186.2937 201.5762 318.7095 299.4586 333.7018 478.898 480.1168 480.1168 480.1168 1345.466 4857.398 4625.156 3016.239 3280.515 7502.793 5669.352 7920.606 8473.678 1022.163 114.8593 114.8593 114.8593 114.8593 114.8593 114.8593 114.8593 114.8593 108.6991 19.04386 17.52811 17.52811 17.52811 17.52811 17.52811 17.52811 17.52811 17.52811 17.52811 17.52811 17.52811 17.52811 17.52811 17.52811 17.52811 17.52811 17.52811 17.52811 16.3715 10.29326 8.043155 8.043155 8.043155 8.043155 8.043155 6.842336 0 0 0 0 0 0 0 0 0 0 0 0
186.2937 186.2937 186.2937 186.2937 200.1397 468.2122 480.1168 480.1168 480.1168 480.1168 480.1168 480.1168 1974.662 5654.492 5654.492 5654.492 5158.491 6054.524 8843.86 8843.86 7603.009 114.8593 114.8593 114.8593 114.8593 114.8593 114.8593 114.8593 114.8593 114.8593 81.26691 17.52811 17.52811 17.52811 17.52811 17.52811 17.52811 17.52811 17.52811 17.52811 17.52811 17.52811 17.52811 17.52811 17.52811 17.52811 17.52811 17.52811 17.2397 11.28815 8.93252 8.043154 8.043155 8.043155 8.043155 8.043155 8.043155 8.043155 7.167959 0 0 0 0 0 0 0 0 0 0 0
186.2937 186.2937 186.2937 186.2937 245.1726 376.2568 418.0513 480.1167 474.0529 427.1131 464.0688 397.1291 1897.843 5647.717 5654.491 5654.492 5829.741 7046.996 6235.031 8843.86 6668.309 114.8593 114.8593 114.8593 114.8593 114.8593 114.8593 114.8593 114.8593 114.8593 48.10933 17.52811 17.52811 17.52811 17.52811 17.52811 17.52811 17.52811 17.52811 17.52811 17.52811 17.52811 17.52811 17.52811 17.52811 17.52811 17.52811 17.52811 12.50342 8.043155 8.043155 8.043155 8.043155 8.043155 8.043155 8.043155 8.043155 8.043155 8.043155 6.867275 0 0 0 0 0 0 0 0 0 0
186.2937 186.2937 186.2937 186.2937 391.4957 445.3553 349.7017 432.187 397.8374 236.4575 236.4574 236.4574 236.4574 3522.459 5583.098 5006.463 5654.492 5654.492 5803.208 7246.771 2993.682 114.8593 114.8593 114.8593 114.8593 114.8593 114.8593 114.8593 114.8593 107.4018 20.39645 17.5281 17.52811 17.5281 17.52811 17.5281 17.52811 17.5281 17.52811 17.5281 17.52811 17.5281 17.52811 17.5281 17.5281 17.5281 17.52811 15.43669 8.234447 8.043156 8.043155 8.043155 8.043155 8.043155 8.043155 8.043155 8.043155 8.043155 8.043155 8.043156 6.061105 0 0 0 0 0 0 0 0 0
186.2937 186.2937 186.2937 186.2937 288.2513 281.8141 355.1403 478.4797 337.3299 236.4574 236.4574 236.4574 236.4575 1118.634 2001.029 1174.375 4283.617 4309.659 3014.109 1834.638 114.8593 114.8593 114.8593 114.8593 114.8593 114.8593 114.8593 114.8593 114.8593 54.76415 17.5281 17.52811 17.5281 17.52811 17.5281 17.52811 17.5281 17.52811 17.52811 17.52811 17.5281 17.52811 17.5281 17.52811 17.52811 17.52811 16.42412 8.993856 8.043154 8.043155 8.043154 8.043155 8.043154 8.043155 8.043154 8.043155 8.043154 8.043155 8.043154 8.043154 6.349266 0 0 0 0 0 0 0 0 0
186.2937 186.2937 186.2937 186.2937 186.2937 186.2937 201.1812 252.1523 197.8481 236.5446 236.4574 236.4574 236.4574 236.4574 236.4574 236.4574 236.4574 236.4574 236.4574 236.4574 225.0473 153.3186 114.8593 114.8593 114.8593 114.8593 114.8593 113.9534 110.714 83.75523 65.50233 49.62907 47.12017 58.41629 64.83485 54.45937 37.44822 25.50572 17.52811 17.52811 17.52811 17.52811 17.52811 17.52759 15.62302 14.84243 10.17497 8.043155 8.043155 8.043155 8.043155 8.043154 8.043155 8.043155 8.043155 8.043155 8.043155 8.041822 8.043155 7.543328 0 0 0 0 0 0 0 0 0 0
186.2937 186.2937 186.2937 186.2937 186.2937 186.2937 186.2937 186.2937 186.2937 344.8622 269.5544 236.4574 236.4575 236.4574 236.4575 236.4574 236.4574 236.4574 236.4575 236.4574 236.4575 173.6623 114.8593 114.8593 114.8593 114.5227 95.96843 82.57494 80.34907 80.34907 80.34907 80.34908 80.34907 80.34907 80.34907 80.34907 80.34907 80.34402 69.919 49.83885 34.56137 21.31426 17.41776 11.07565 8.043155 8.043155 8.043154 8.043155 8.043154 8.043155 8.043154 8.043155 8.043154 8.043155 8.043154 8.043154 8.043154 0 0 0 0 0 0 0 0 0 0 0 0 0
186.2937 186.2937 186.2937 186.2937 186.2937 186.2937 186.2937 186.2937 186.2937 215.0246 533.8328 247.6646 236.4574 236.4574 236.4574 236.4574 236.4574 236.4574 236.4574 236.4574 236.4574 206.4857 134.4596 116.3832 114.8593 111.0239 80.72572 80.34906 80.34907 80.34907 80.34907 80.34907 80.34907 80.34906 80.34907 80.34907 80.34907 80.34908 80.34907 80.34906 80.34907 78.14301 13.70999 8.043155 8.043155 8.043154 8.043155 8.043154 8.043155 8.043154 8.043155 8.043154 8.043155 8.043155 8.043155 8.043155 8.043155 8.043154 7.378536 5.773189 0 0 0 0 0 0 0 0 0 0
186.2937 186.2937 186.2937 186.2937 186.2937 186.2937 186.2937 186.2937 186.2937 211.492 589.8906 469.3892 256.2737 236.4574 236.4574 236.4574 236.4574 236.4574 236.4574 236.4574 228.1979 212.6117 143.2193 125.1408 122.0387 122.5932 80.34906 80.34907 80.34906 80.34907 80.34906 80.34907 80.34906 80.34907 80.34906 80.34907 80.34906 80.34907 80.34907 80.34907 80.34906 80.34907 34.22532 8.043155 8.043155 8.043155 8.043155 8.043155 8.043155 8.043155 8.043155 8.043155 8.043155 8.043155 8.043155 8.043155 8.043155 8.043155 7.046873 0 0 0 0 0 0 0 0 0 0 0
186.2937 186.2937 186.2937 186.2937 186.2937 186.2937 186.2937 186.2937 186.2937 186.4427 418.3536 604.9983 322.1186 221.8041 236.4574 236.4575 236.4575 236.4575 236.4574 236.4575 234.0352 167.2872 143.7315 143.7054 143.4066 100.2888 118.1037 86.12206 85.05464 80.34907 80.34907 80.34907 80.34907 80.34906 80.34907 80.34907 80.34907 80.34906 80.34907 80.34906 80.34907 80.34906 50.7305 8.043156 8.043155 8.043155 8.043155 8.043154 8.043155 8.043155 8.043155 8.043155 8.043155 8.043155 8.043155 8.043154 8.043155 8.043155 5.368832 0 0 0 0 0 0 0 0 0 0 0
186.2937 186.2937 186.2937 186.2937 186.2937 186.2937 186.2937 186.2937 186.2937 186.2937 196.1485 541.2496 326.7879 151.5556 177.7312 185.6785 231.0258 236.4574 236.4574 236.4574 236.4574 203.4624 144.6525 143.7316 143.7316 143.6149 143.6754 134.9465 101.6376 97.6516 80.34907 80.34907 80.34907 80.34907 80.34907 80.34907 80.34907 80.34907 80.34907 80.34907 80.34906 80.34907 48.35666 8.043155 8.043155 8.043155 8.043155 8.043155 8.043155 8.043155 8.043155 8.043155 8.043155 8.043155 8.043155 8.043155 8.043155 8.043155 8.043155 7.772119 7.542548 6.961294 36.2803 107.021 103.3402 87.87343 0 0 0 0
186.2937 186.2937 186.2937 186.2937 186.2937 186.2937 186.2937 186.2937 186.2937 186.2937 186.2937 429.7652 569.4205 151.8566 150.8056 150.8056 164.3336 200.1419 204.8254 233.7482 236.4575 236.4575 145.2045 143.7316 143.7316 143.7316 143.7316 143.7316 143.7316 143.7315 116.4911 80.34906 90.78687 114.5624 80.34907 80.34907 80.34907 80.34907 80.34907 80.34907 80.34907 80.34908 42.0162 8.043154 8.043155 8.043154 8.043154 8.043155 8.043155 8.043155 8.043155 8.043155 8.043155 8.043155 8.043155 8.043155 8.043155 8.043155 8.043155 8.043155 8.043155 8.043155 49.26563 124.4743 124.4743 124.4743 124.4743 100.3191 0 0
186.2937 186.2937 186.2937 186.2937 186.2937 186.4907 208.689 187.5807 186.2937 186.2937 186.2937 466.5906 606.3522 576.5004 286.02 150.8056 150.8056 150.8056 150.8056 209.5324 234.0563 233.8531 145.7879 143.7316 143.7315 143.7316 143.7315 143.7316 143.7315 143.7316 143.67 130.3589 126.2656 92.01717 80.34906 80.34907 80.34907 80.34907 80.34907 80.34907 80.34907 80.34907 61.94857 8.043155 8.043155 8.043155 8.043154 8.043155 8.043155 8.043155 8.043155 8.043155 8.043155 8.043155 8.043155 8.043155 8.043155 8.043155 8.043155 8.043155 17.47443 94.24516 124.0846 124.4743 124.4743 124.4743 124.4743 124.4743 123.0704 85.16032
186.9455 361.2215 389.8418 422.1255 457.5565 491.5608 507.9074 471.9998 371.6443 269.7479 191.2963 498.4064 606.3522 606.3522 438.307 150.8056 150.8056 150.8056 150.8056 150.8056 150.6134 146.6654 146.433 146.4679 145.3712 143.7722 143.7315 143.7316 143.7315 143.7316 143.7315 143.7316 143.6573 121.932 82.97884 80.34907 80.34907 80.34907 80.34908 80.34907 80.34907 80.34907 67.11206 8.043155 8.043154 8.043155 8.043155 8.043154 8.043155 8.043155 8.043155 8.043155 8.043155 8.043155 8.043155 8.043155 8.043155 8.043155 8.043155 8.043155 116.8941 124.4743 124.4743 124.4743 124.4743 124.4743 124.4743 124.4743 124.4743 122.9289
0 507.9074 507.9074 507.9074 507.9074 507.9074 507.9074 507.9074 507.9074 507.9074 399.8147 435.322 492.9846 491.9109 601.292 552.0926 500.6349 402.6072 150.8056 150.8056 150.8056 150.8056 150.8056 150.8056 150.8056 149.9172 146.444 145.887 147.0838 144.1208 143.7315 143.7315 143.7315 143.7315 119.205 129.1439 97.29884 84.7203 80.39684 80.34907 80.34907 80.34907 78.48798 60.55433 66.90452 52.4199 41.51196 36.52061 23.03493 11.63183 8.043155 8.043155 8.043155 8.043155 8.043155 8.043155 8.043155 8.043155 8.043155 14.07784 124.4161 124.4743 124.4743 124.4743 124.4743 124.4743 124.4743 124.4743 124.0959 45.58385
0 0 507.9074 507.9074 507.9074 507.9074 507.9074 507.9074 507.9074 507.9074 398.6595 389.0794 389.0794 389.0794 519.5479 606.3522 606.3522 539.6987 150.8056 150.8056 150.8056 150.8056 150.8056 150.8056 150.8056 150.8056 150.8056 150.7498 150.8056 149.7805 147.593 144.3745 143.7316 143.7316 143.7316 143.7316 143.7316 143.7316 130.0322 81.76218 80.34907 80.34907 80.34907 86.95547 124.4743 124.4743 124.4743 124.4743 124.4743 123.0077 107.1544 8.043155 8.043154 8.043155 8.043155 8.043154 8.043155 8.043155 8.043155 28.6397 124.4743 124.4743 124.4743 124.4743 124.4743 124.4743 124.4743 124.4743 96.31706 17.29879
342.3489 507.9074 507.9074 507.9074 507.9074 507.9074 507.9074 507.9074 507.9074 507.9074 468.4422 396.8591 389.0794 394.9751 578.1975 606.3522 606.3522 477.186 150.8056 150.8056 150.8056 150.8056 150.8056 150.8056 150.8056 150.8056 150.8056 150.8056 150.8056 150.8056 150.8056 146.5379 143.7315 143.7316 143.7315 143.7316 143.7315 143.38 92.82292 84.94924 84.12103 80.34907 80.34907 111.3956 124.4743 124.4743 124.4743 124.4743 124.4743 124.4743 124.4743 124.4743 124.4743 124.4743 124.4743 22.50719 18.66099 8.043154 8.043155 51.77679 124.4743 124.4743 124.4743 124.4743 124.4743 124.4743 124.4743 124.4743 49.49635 17.29879
0 439.4716 507.9074 507.9074 507.9074 507.9074 507.9074 507.9074 507.9074 507.9074 507.9074 468.7173 389.0794 442.6862 606.3522 606.3522 606.3522 471.143 150.8056 150.8056 150.8056 150.8056 150.8056 150.8056 150.8056 150.8056 150.8056 150.8056 150.8056 150.8056 150.8056 148.5277 143.7315 143.7315 143.7315 143.7315 143.7315 143.7315 143.7316 142.4617 103.6746 89.86852 80.34906 115.3663 124.4743 124.4743 124.4743 124.4743 124.4743 124.4743 124.4743 124.4743 124.4743 124.4743 124.4743 124.4743 122.3783 88.28666 43.37884 85.79901 124.4743 124.4743 124.4743 124.4743 124.4743 124.4743 124.4743 111.2977 17.54655 17.29879
31.47176 0 0 507.9074 507.9074 507.9074 507.9074 507.9074 507.9074 507.9074 506.2451 426.3674 389.0794 532.9785 606.3522 606.3522 606.3522 494.3841 150.8056 150.8056 150.8056 150.8056 150.8056 150.8056 150.8056 150.8056 150.8056 150.8056 150.8056 150.8056 150.8056 150.6626 144.5233 143.7315 143.7315 143.7315 143.7315 143.7315 143.3928 141.4619 143.7315 132.6148 80.34907 112.901 124.4743 124.4743 124.4743 124.4743 124.4743 124.4743 124.4743 124.4743 124.4743 124.4743 124.4743 124.4743 124.4743 124.4743 124.4743 124.4743 124.4743 124.4743 124.4743 124.4743 124.4743 124.4743 124.4743 78.96358 17.29879 17.29879
31.47176 31.47176 507.9074 507.9074 507.9074 507.9075 507.9074 507.9074 507.9074 483.1087 416.8247 389.0794 391.4008 721.4243 691.4465 606.9966 606.3522 492.2933 169.7938 150.8056 150.8056 150.8056 150.8056 150.8056 150.8056 150.8056 150.8056 150.8056 150.8056 150.8056 150.8056 150.8056 146.6506 143.7315 143.7315 143.7315 143.7315 143.7315 141.8861 138.6526 139.5268 142.8402 114.7062 123.9399 124.4743 124.4743 124.4743 124.4743 124.4743 124.4743 124.4743 124.4743 124.4743 124.4743 124.4743 124.4743 124.4743 124.4743 124.4743 124.4743 124.4743 124.4743 124.4743 124.4743 124.4743 124.4743 124.4743 60.46099 17.29879 17.29879
31.47176 35.4282 470.7116 507.9074 507.9074 507.9074 507.9074 507.9074 507.9074 406.6532 389.0794 389.0794 389.0794 753.071 2190.397 2158.519 1555.454 603.6921 254.8307 150.8056 154.6668 160.9008 150.8056 150.8056 150.8056 150.8056 150.8056 150.8056 150.8056 150.8056 150.8056 150.8056 149.8968 143.8454 143.7315 143.7316 143.7315 143.6853 139.9069 138.211 138.211 140.5434 138.7417 129.46 125.0635 125.1094 128.0222 126.3178 124.4743 124.4743 124.4743 124.4743 124.4743 124.4743 124.4743 124.4743 124.4743 124.4743 124.4743 124.4743 124.4743 124.4743 124.4743 124.4743 124.4743 124.4743 124.4743 66.72862 17.29879 17.29879
34.86276 282.6676 507.9074 507.9074 507.9074 507.9074 507.9074 507.9074 507.9074 423.9782 389.0794 389.0794 389.0794 389.0794 1085.725 2215.537 1699.143 606.3522 404.3421 150.8056 168.5307 275.7822 212.2694 162.7552 150.8056 150.8056 150.8056 150.8056 150.8056 150.8056 151.6676 179.9065 165.1008 147.9547 143.9042 143.7315 143.6806 139.7523 138.211 138.211 138.211 138.211 138.211 138.211 138.2098 138.2109 138.211 131.5957 124.4743 124.4743 124.4743 124.4743 124.4743 124.4743 124.4743 124.4743 124.4743 124.4743 124.4743 124.4743 124.4743 124.4743 124.4743 124.4743 124.4743 124.4743 124.4743 58.25842 17.29879 17.29879
235.564 507.9074 507.9074 507.9074 507.9074 507.9074 507.9074 507.9074 507.9074 427.1753 389.0794 389.0794 389.0794 389.0794 402.3804 2080.753 2001.656 679.2977 466.8174 262.0944 222.1872 276.2861 276.286 270.447 229.8312 229.8312 229.8312 229.8312 234.3582 248.0318 265.6049 276.2861 272.9728 235.2492 217.0532 151.4483 149.0975 138.211 138.211 138.211 138.211 138.211 138.211 138.211 138.211 138.211 138.211 130.4431 124.8891 124.4743 124.4743 124.4743 124.4743 124.4743 124.4743 124.4743 124.4743 124.4743 124.4743 124.4743 124.4743 124.4743 124.4743 124.4743 124.4743 124.4743 111.6981 24.50835 17.29879 17.29879
329.9291 507.9074 507.9074 507.9074 507.9074 507.9074 507.9074 507.9074 507.9074 463.2 389.0794 389.0794 389.0794 389.0794 463.5913 2139.608 2215.537 1878.49 420.5078 276.286 276.286 276.2861 276.286 276.286 276.286 276.2861 276.286 276.2861 276.286 276.2861 276.286 276.2861 276.286 276.286 274.7788 252.2279 228.1348 191.2 155.395 138.211 138.211 138.211 138.211 138.211 138.211 138.211 138.211 138.211 128.8438 110.7632 104.8328 111.0424 110.991 120.0113 123.22 124.1954 124.4743 124.4743 124.4743 124.4743 124.4743 124.4743 124.4743 124.4743 124.4743 124.4743 111.1669 40.77786 17.29879 17.29879
438.5627 507.9074 507.9074 507.9074 507.9074 507.9074 507.9075 507.9074 507.9074 505.6682 436.0967 389.7275 389.0794 389.0794 389.0794 1677.153 2215.537 2215.537 1134.705 276.2861 276.2861 276.2861 276.286 276.2861 276.2861 276.2861 276.286 276.2861 276.286 276.2861 276.2861 276.2861 276.2861 260.2829 226.0615 217.8973 217.8973 217.8973 203.6147 195.7175 189.2942 139.0665 138.211 138.211 138.211 138.211 138.211 138.211 125.5037 99.69687 99.69687 99.69687 99.69687 100.5827 99.79739 106.7517 120.8636 124.4743 124.4743 124.4743 124.4743 124.4743 124.4743 124.4743 124.4743 124.4743 124.4743 45.15566 17.29879 17.29879
506.8676 507.9074 507.9074 507.9074 507.9074 507.9074 507.9074 507.9074 507.9073 507.9074 507.9074 444.2652 381.0723 315.9043 255.4157 880.1578 2215.537 2215.537 1555.242 276.2861 276.2861 276.286 276.286 276.286 276.286 276.286 276.286 276.286 276.286 276.286 276.286 276.0554 243.4836 218.0639 217.8973 217.8973 217.8973 217.8973 217.8973 217.8973 217.5591 168.7768 138.211 138.211 138.211 138.211 138.211 138.211 126.9787 99.9903 99.69687 99.69687 99.69687 99.69687 99.69687 99.69687 100.5201 102.3013 103.5192 123.2115 124.4743 124.4743 124.4743 124.4743 124.4743 124.4743 114.1361 19.72868 17.29879 17.29879
507.9074 507.9074 507.9075 507.9074 507.9075 507.9074 507.9074 507.9074 501.0175 408.0357 293.7039 170.5123 49.66939 32.61326 32.61326 252.296 1913.224 2215.537 2143.942 1121.739 276.286 276.286 276.2861 276.286 276.286 276.286 276.2861 276.286 276.2861 273.6969 259.0053 242.4672 217.8974 217.8973 217.8974 217.8973 217.8974 217.8973 217.8973 217.8973 216.0059 144.4719 138.211 138.211 138.211 138.211 138.211 138.211 129.8905 99.69686 99.69687 99.69686 99.69687 99.69686 99.69687 99.69687 99.69688 99.69686 99.69687 117.56 124.4743 124.4743 124.4743 124.4743 124.4743 124.2149 61.52612 17.29879 17.29879 17.29879
507.9075 507.9074 507.9074 507.9074 493.689 395.1394 279.5642 165.8838 58.44711 32.61326 32.61326 32.61326 32.61326 32.61326 32.61326 1084.729 2215.537 2215.537 2215.537 1985.49 309.9597 276.2861 276.286 276.2861 276.2861 276.2861 274.6415 241.5627 267.7909 228.4671 217.8973 217.8974 217.8973 217.8973 217.8973 217.8973 217.8973 217.8973 217.8973 217.8973 217.8973 207.7132 158.3904 138.211 138.211 138.211 138.211 138.211 125.0038 99.69687 99.69687 99.69687 99.69687 99.69688 99.69687 99.69687 99.69687 99.69687 99.69687 104.4648 111.2634 117.3724 123.2007 124.4743 124.4743 101.5105 17.36428 17.29879 17.29879 17.29879
