Scenarios/Global_Grid/data/country_data_population_distribution/processed/density_grids/irq.asc
ncols 253
nrows 201
xllcorner 38
yllcorner 29
[rows 62 to 92 of 201, columns 70 to 139 of 253]
0 0 0 0 0 0 0 0 0 0 0 54.86559 23.4607 23.4607 23.4607 23.4607 23.4607 23.4607 22.76296 8.926477 0.2219365 0 0 0 0 0 0 0 0 0 0 0 0 0.07006355 21.42364 26.2027 26.2027 26.2027 26.20269 26.2027 26.2027 26.20299 33.84802 33.84843 33.84843 33.84843 33.84843 33.84844 33.84843 33.84844 33.84843 33.84843 33.84843 33.84844 33.84843 33.84843 33.84843 33.84843 33.84843 33.84843 33.84843 33.84843 33.84843 33.84843 54.25351 66.89238 66.89238 66.89238 66.89237 66.89238
0 0 0 0 0 0 0 0 0 0 0 23.70545 23.4607 23.4607 23.4607 23.4607 23.4607 23.4607 23.4607 19.33689 0.1531167 0 0 0 0 0 0 0 0 0 0 0 15.10151 22.87796 26.2027 26.2027 26.2027 26.2027 26.2027 26.2027 26.2027 26.2027 33.84621 33.84844 33.84844 33.84844 33.84843 33.84844 33.84843 33.84844 33.84843 33.84844 33.84844 33.84844 33.84844 33.84844 33.84844 33.84844 33.84844 33.84844 33.84844 33.84844 33.84844 33.84844 43.39346 66.89238 66.89238 66.89238 66.89238 66.89238
0 0 0 0 0 0 0 0 0 0 25.72078 23.4607 23.4607 23.4607 23.4607 23.4607 23.4607 23.4607 23.4607 8.945541 0 0 0 0 0 0 0 0 0 0 0 0 20.83815 26.2027 26.20269 26.2027 26.2027 26.2027 26.20269 26.2027 26.20269 26.2027 33.84632 33.84843 33.84843 33.84843 33.84843 33.84843 33.84843 33.84843 33.84843 33.84843 33.84843 33.84843 33.84843 33.84843 33.84843 33.84843 33.84843 33.84843 33.84843 33.84843 33.84843 33.84843 40.47529 66.61022 66.89237 66.89237 66.89237 66.89237
0 0 0 0 0 0 0 0 0 33.03969 23.4607 23.4607 23.4607 23.4607 23.4607 23.4607 23.4607 23.4607 23.4607 3.901699 0 0 0 0 0 0 0 0 0 0 0 0 14.45023 22.8389 26.2027 26.2027 26.2027 26.2027 26.2027 26.2027 26.2027 26.2027 33.84687 33.84843 33.84843 33.84843 33.84843 33.84843 33.84843 33.84843 33.84843 33.84843 33.84843 33.84843 33.84843 33.84843 33.84843 33.84843 33.84843 33.84843 33.84843 33.84843 33.84843 33.84843 33.84843 38.4712 66.38789 66.89237 66.89237 66.89237
0 0 0 0 0 0 0 0 0 23.4607 23.4607 23.4607 23.4607 23.4607 23.4607 23.4607 23.4607 23.4607 23.4607 2.872446 0 0 0 0 0 0 0 0 0 0 0 0 0 3.431493 16.69945 26.04576 26.2027 26.20269 26.2027 26.2027 26.2027 26.2027 33.75028 33.84843 33.84843 33.84843 33.84843 33.84843 33.84843 33.84843 33.84843 33.84843 33.84843 33.84843 33.84843 33.84843 33.84843 33.84843 33.84843 33.84843 33.84843 33.84843 33.84843 33.84843 35.8623 54.49716 66.89238 66.89238 66.89238 66.89238
0 0 0 0 0 0 0 0 60.99693 23.4607 23.4607 23.4607 23.4607 23.4607 23.4607 23.4607 23.4607 23.4607 23.4607 2.872446 0 0 0 0 0 0 0 0 0 0 0 0 0 0 0 11.85282 23.33647 26.2027 26.2027 26.20269 26.2027 26.20269 27.42967 31.36696 33.82378 33.84843 33.84843 33.84844 33.84843 33.84844 33.84843 33.84843 33.84843 33.84843 33.84843 33.84844 33.84843 33.84844 33.84843 33.84844 33.84843 33.84843 33.84843 39.37044 59.35865 66.89238 66.89237 66.89238 66.89237 66.89237
0 0 0 0 0 0 0 0 23.4607 23.4607 23.4607 23.4607 23.4607 23.4607 23.4607 23.4607 23.4607 23.4607 23.4607 8.45599 0 0 0 0 0 0 0 0 0 0 0 0 0 0 0 0 0.4832401 25.62992 26.2027 26.2027 26.2027 26.2027 26.2027 26.2027 27.84179 31.92553 33.84844 33.84844 33.84844 33.84844 33.84844 33.73165 30.61189 33.84844 33.84844 33.84844 33.84844 33.84844 33.84844 33.84844 33.84844 35.40024 47.35657 66.61743 66.89238 66.89238 66.89238 66.89238 66.89238 66.89238
0 0 0 0 0 0 0 60.28874 23.4607 23.4607 23.4607 23.4607 23.4607 23.4607 23.4607 23.4607 23.4607 23.4607 23.4607 14.84853 0 0 0 0 0 0 0 0 0 0 0 0 0 0 0 0 0 24.84217 26.2027 26.20269 26.2027 26.2027 26.2027 26.20269 26.2027 26.20432 28.35272 32.38587 33.84844 33.84843 33.2721 27.74328 27.11749 33.84843 33.84844 33.84843 35.46748 42.09632 48.5723 56.20784 62.63472 66.71001 66.89238 66.89238 66.89237 66.89238 66.89238 66.89238 66.89238 66.89237
0 0 0 0 0 0 158.4928 23.4607 23.4607 23.4607 23.4607 23.4607 23.4607 23.4607 23.4607 23.4607 23.4607 23.4607 23.4607 15.30833 0 0 0 0 0 0 0 0 0 0 0 0 0 0 0 0 0 21.38562 26.2027 26.2027 26.2027 26.20269 26.2027 26.2027 26.2027 26.20269 26.2027 26.25152 28.89017 31.59998 26.64764 25.46314 27.1293 37.63975 47.91729 53.53404 60.28867 66.89238 66.89237 66.89238 66.89237 66.89238 66.89237 66.89238 66.89237 66.89238 66.89238 66.89238 66.89237 66.89237
0 0 0 0 0 28.60868 24.47212 23.4607 23.4607 23.4607 23.4607 23.4607 23.4607 23.4607 23.4607 23.4607 23.35443 19.10956 17.86149 16.42191 0.7164249 0 0 0 0 0.2895344 0.4202538 0 0 0 0 0 0 0 0 0 0 20.90563 26.20269 26.20269 26.20269 26.20269 26.20269 26.20269 26.20269 26.20269 26.20269 26.06556 26.02448 25.5368 25.46314 25.46314 39.94794 100.3541 98.0538 94.66012 84.51067 76.9112 72.30354 69.38612 66.89238 66.89237 66.89238 66.89238 66.89237 66.89237 66.89237 66.89237 66.89238 66.89578
0 0 0 25.8266 23.4607 23.4607 23.4607 23.4607 23.4607 23.4607 23.4607 23.4607 23.4607 23.4607 23.4607 23.4607 22.55789 0 0 0 0 0 0 0 0 2.64479 8.897287 0.1612268 0.6519584 0 0 0 0 0 0 0 0.195486 24.33733 26.2027 26.20269 26.20269 26.20269 26.20269 26.2027 26.20269 26.20269 26.09476 25.46963 25.46314 25.46314 25.46314 25.46314 42.52946 111.1887 111.1887 111.1887 111.1887 111.1887 111.1887 110.9466 103.6217 94.72681 94.5139 89.12869 83.63472 80.1558 69.7396 67.57307 93.96983 104.1212
0 24.87717 23.4607 23.4607 23.4607 23.4607 23.4607 23.4607 23.4607 23.4607 23.4607 23.4607 23.4607 23.4607 23.4607 23.4607 23.18068 17.95309 18.33753 18.72196 12.11679 9.042023 9.308638 7.224643 5.293763 11.67979 12.56528 11.69272 12.03981 5.600255 3.894612e-05 0 0 0 0 0 26.2027 26.2027 26.20269 26.20269 26.2027 26.2027 26.2027 26.2027 26.2027 26.2027 25.88127 25.46314 25.46314 25.46315 25.46314 25.46315 39.10656 93.83006 111.1887 111.1887 111.1887 111.1887 111.1887 111.1887 111.1887 111.1887 111.1887 111.1887 111.1887 111.1887 101.7352 95.92721 111.1887 111.1887
23.4607 23.4607 23.4607 23.4607 23.4607 23.4607 23.4607 23.4607 23.4607 23.4607 23.4607 23.4607 23.4607 23.4607 23.4607 23.4607 23.4607 23.4607 23.4607 23.06806 14.11818 12.56528 12.56528 12.56528 12.56528 12.56528 12.56528 12.56528 12.56528 12.56528 9.459889 3.833498 0.05467133 0 7.238035 20.97752 26.20269 26.20269 26.2027 26.20269 26.20269 26.2027 26.2027 26.2027 26.2027 26.2022 25.67946 25.46315 25.46314 25.46314 25.46314 25.46315 25.46314 25.47259 111.1887 111.1887 0 111.1887 111.1887 111.1887 111.1887 111.1887 111.1887 111.1887 111.1887 111.1887 111.1887 111.1887 111.1887 111.1887
23.4607 23.4607 23.4607 23.4607 23.4607 23.4607 23.4607 23.4607 23.4607 23.4607 23.4607 23.4607 23.4607 23.4607 23.4607 23.4607 23.4607 23.4607 23.4607 19.29451 12.56528 12.56528 12.56528 12.56528 12.56528 12.56528 12.56528 12.56528 12.56528 12.56528 12.56528 12.56528 10.28418 4.674513 17.89648 26.20269 26.20269 26.20269 26.20269 26.2027 26.20269 26.2027 26.2027 26.20269 26.2027 25.86422 25.46314 25.46315 25.46314 25.46314 25.46314 25.46315 25.46315 25.46656 111.1882 111.1887 0 0 111.1887 111.1887 111.1887 111.1887 111.1887 111.1887 111.1887 111.1887 111.1887 111.1887 111.1887 111.1887
23.4607 23.4607 23.4607 23.4607 23.4607 23.4607 23.4607 23.4607 23.4607 23.4607 23.4607 23.4607 23.4607 23.4607 23.4607 23.4607 23.4607 23.4607 23.4607 17.50926 12.56528 12.56528 12.56528 12.56528 12.56528 12.56528 12.56528 12.56528 12.56528 12.56528 12.56528 12.56528 12.56528 18.86848 26.20269 26.2027 26.20269 26.2027 26.2027 26.2027 26.2027 26.2027 26.2027 26.2027 26.16792 25.52246 25.46314 25.46314 25.46314 25.46314 25.46314 25.46314 25.46314 25.46314 111.1445 111.1887 0 0 111.1887 111.1887 111.1887 111.1887 111.1887 111.1887 111.1887 111.1887 111.1887 111.1887 111.1887 111.1887
23.4607 23.4607 23.4607 23.4607 23.4607 23.4607 23.4607 23.4607 23.4607 23.4607 23.4607 23.4607 23.4607 23.4607 23.4607 23.4607 23.4607 23.4607 23.4607 21.92028 12.56528 12.56528 12.56528 12.56528 12.56528 12.56528 12.56528 12.56528 12.56528 12.56528 12.56528 12.71317 17.73046 25.69752 26.20269 26.20269 26.20269 26.2027 26.20269 26.2027 26.20269 26.2027 26.20269 26.2027 25.98973 25.46314 25.46314 25.46314 25.46314 25.46314 25.46314 25.46314 25.46314 25.46315 82.94204 111.1887 0 0 111.1887 111.1887 111.1887 111.1887 111.1887 111.1887 111.1887 111.1887 111.1887 111.1887 111.1887 111.1887
23.4607 23.4607 23.4607 23.4607 23.4607 23.4607 23.4607 23.4607 23.4607 23.4607 23.4607 23.4607 23.4607 23.4607 23.4607 23.4607 23.4607 23.4607 23.4607 20.20123 12.56528 12.56528 12.56528 12.56528 12.56528 12.56528 12.56528 12.56528 12.56528 14.04481 16.37125 23.25599 26.2027 26.2027 26.2027 26.2027 26.20269 26.2027 26.2027 26.20269 26.20269 26.2027 26.2027 26.19868 25.5479 25.46314 25.46314 25.46314 25.46314 25.46314 25.46315 25.46314 25.46314 25.46314 35.37025 97.72311 0 0 0 111.1887 111.1887 111.1887 111.1887 111.1887 111.1887 111.1887 111.1887 111.1887 111.1887 111.1887
23.4607 23.4607 23.4607 23.4607 23.4607 23.4607 23.4607 23.4607 23.4607 23.4607 23.4607 23.4607 23.4607 23.4607 23.4607 23.4607 23.4607 23.4607 19.8974 12.57201 12.56528 12.56528 12.56528 12.56528 12.56528 12.56528 12.56528 12.56528 13.34436 26.05863 26.2027 26.2027 26.2027 26.2027 26.2027 26.2027 26.2027 26.2027 26.2027 26.2027 26.2027 26.2027 26.2027 26.06887 25.46314 25.46314 25.46315 25.46314 25.46314 25.46314 25.46315 25.46314 25.46315 25.46314 25.46315 45.73051 0 0 0 0 111.1887 111.1887 111.1887 111.1887 111.1887 111.1887 111.1887 111.1887 111.1887 111.1887
23.4607 23.4607 23.4607 23.4607 23.4607 23.4607 23.4607 23.4607 23.4607 23.4607 23.4607 23.4607 23.4607 23.4607 23.4607 23.4607 23.4607 19.9939 13.17938 12.56528 12.56528 12.56528 12.56528 12.56528 12.56528 12.56528 12.56528 12.56528 18.59109 26.2027 26.2027 26.2027 26.2027 26.2027 26.2027 26.2027 26.2027 26.2027 26.2027 26.2027 26.2027 26.20269 26.2027 25.76338 25.46314 25.46314 25.46314 25.46314 25.46314 25.46314 25.46314 25.46314 25.46314 25.46314 29.81654 110.195 114.2339 0 0 0 0 0 111.1887 111.1887 111.1887 111.1887 111.1887 111.1887 111.1887 111.1887
23.4607 23.4607 23.4607 23.4607 23.4607 23.4607 23.4607 23.4607 23.4607 23.4607 23.4607 23.4607 23.4607 23.4607 23.4607 23.4607 22.05449 14.42924 12.56528 12.56528 12.56528 12.56528 12.56528 12.56528 12.56528 12.56528 12.56528 12.56528 17.99736 26.2027 26.2027 26.2027 26.2027 26.2027 26.2027 26.2027 26.2027 26.2027 26.2027 26.2027 26.2027 26.2027 26.11178 25.48209 25.46314 25.46314 25.46314 25.46314 25.46314 25.46314 25.46314 25.46314 25.46314 25.46314 49.27821 114.2339 0 0 0 0 0 0 0 0 111.1887 111.1887 111.1887 111.1887 111.1887 111.1887
23.4607 23.4607 23.4607 23.4607 23.4607 23.4607 23.4607 23.4607 23.4607 23.4607 23.4607 23.4607 23.4607 23.4607 23.4607 21.05704 12.93812 12.56528 12.56528 12.56528 12.56528 12.56528 12.56528 12.56528 12.56528 12.56528 12.56528 12.56528 13.63628 23.35899 26.2027 26.2027 26.2027 26.20269 26.2027 26.20269 26.2027 26.2027 26.2027 26.20269 26.2027 26.20269 25.84879 25.46315 25.46315 25.46314 25.46315 25.46315 25.46314 25.46315 25.46314 25.46315 25.46314 25.46315 47.56651 114.2339 114.2339 0 0 0 0 0 0 0 111.1887 111.1887 111.1887 111.1887 111.1887 111.1887
23.4607 23.4607 23.4607 23.4607 23.4607 23.4607 23.4607 23.4607 23.4607 23.4607 23.4607 23.4607 23.4607 23.4607 19.41764 13.36589 12.56528 12.56528 12.56528 12.56528 12.56528 12.56528 12.56528 12.56528 12.56528 12.56528 12.56528 12.56528 12.56528 12.97009 17.94565 25.31796 26.20269 26.20269 26.20269 26.2027 26.20269 26.2027 26.20269 26.20269 26.20269 26.20162 25.68047 25.46315 25.46315 25.46315 25.46314 25.46314 25.46314 25.46314 25.46314 25.46314 25.46314 25.46314 40.73702 114.2339 114.2339 0 0 0 0 0 0 0 0 0 111.1887 111.1887 111.1789 110.27
10.55499 16.31544 21.88156 23.4607 23.4607 23.4607 23.4607 23.4607 23.4607 23.4607 23.4607 23.4607 22.42257 17.644 12.75458 12.56528 12.56528 12.56528 12.56528 12.56528 12.56528 12.56528 12.56528 12.56528 12.56528 12.56528 12.56528 12.56528 12.56528 12.56528 12.56528 13.06408 22.43183 26.07559 26.11855 26.2027 26.2027 26.2027 26.2027 26.2027 26.2027 26.12261 25.46315 25.46315 25.46314 25.46314 25.46315 25.46315 25.46314 25.46314 25.46314 25.46314 25.46315 25.46314 33.91668 114.2339 114.2339 114.2339 0 0 0 0 0 0 0 103.2932 105.0926 105.0361 103.7556 103.2932
0.4196304 0.4196303 0.6134348 4.795109 11.46258 16.82271 21.00487 23.42339 23.4607 23.4607 23.4607 22.46139 14.62351 12.56528 12.56528 12.56528 12.56528 12.56528 12.56528 12.56528 12.56528 12.56528 12.56528 12.56528 12.56528 12.56528 12.56528 12.56528 12.56528 12.56528 12.56528 12.56528 14.03595 25.46314 25.52785 25.82216 26.18007 26.09658 26.19324 26.17468 25.76581 25.8182 25.46314 25.46314 25.46314 25.46314 25.46314 25.46314 25.46314 25.46314 25.46315 25.46314 25.46314 25.46314 27.53326 114.117 114.2339 114.2339 114.2339 0 0 0 0 0 0 103.2932 103.2932 103.2932 103.2932 103.2932
0.4196304 0.4196304 0.4196304 0.4196304 0.4196304 0.4196304 0.4196304 1.963423 6.617429 12.31952 13.50664 13.77392 12.56528 12.56528 12.56528 12.56528 12.56528 12.56528 12.56528 12.56528 12.56528 12.56528 12.56528 12.56528 12.56528 12.56528 12.56528 12.56528 12.56528 12.56528 12.56528 12.56528 12.57036 22.97072 25.46314 25.46315 25.46946 25.46315 25.52742 25.53201 25.46314 25.46315 25.46314 25.46315 25.46314 25.46315 25.46315 25.46314 25.46314 25.46314 25.46315 25.46314 25.46314 25.46314 25.46314 109.8454 114.2339 114.2339 114.2339 114.2339 0 0 0 0 0 103.2932 103.3104 103.3006 103.2932 103.2932
0.4196304 0.4196304 0.4196304 0.4196304 0.4196304 0.4196304 0.4196304 0.4196304 0.4196304 0.4196304 0.4196304 2.482991 5.023424 9.394922 12.40324 12.56528 12.56528 12.56528 12.56528 12.56528 12.56528 12.56528 12.56528 12.56528 12.56528 12.56528 12.56528 12.56528 12.56528 12.56528 12.56528 12.56529 12.56528 13.25998 25.19459 25.46314 25.46314 25.46315 25.46314 25.46314 25.46314 25.46314 25.46314 25.46315 25.46314 25.46314 25.46314 25.46314 25.46315 25.46314 25.46315 25.46314 25.46314 25.46314 25.46314 103.5036 114.2339 114.2339 114.2339 114.2339 114.2339 114.2339 114.2339 114.2339 0 114.2339 114.2333 114.2308 111.6394 106.9515
0.4196304 0.4196304 0.4196304 0.4196304 0.4196304 0.4196304 0.4196304 0.4196304 0.4196304 0.4196304 0.4196304 0.4196304 0.4196304 0.4196304 1.460187 4.974679 8.021572 11.3407 12.56528 12.56528 12.56528 12.56528 12.56528 12.56528 12.56528 12.56528 12.56528 12.56528 12.56528 12.56528 12.56528 12.56528 12.56528 12.56528 23.33703 25.46314 25.46314 25.46314 25.46314 25.46314 25.46314 25.46314 25.46314 25.46314 25.46314 25.46314 25.46314 25.46314 25.46315 25.46314 25.46315 25.46314 25.46314 25.46314 25.46314 91.25004 114.2339 114.2339 114.2339 114.2339 114.2339 114.2339 114.2339 114.2339 114.2339 114.2339 114.2339 114.2339 114.2339 114.2339
0.4196303 0.4196303 0.4196303 0.4196303 0.4196304 0.4196304 0.4196304 0.4196303 0.4196304 0.4196303 0.4196303 0.4196304 0.4196303 0.4196303 0.4196304 0.4196303 0.4196304 0.5169398 3.331047 7.178637 10.48858 12.56351 12.56528 12.56528 12.56528 12.56528 12.56528 12.56528 12.56528 12.56528 12.56528 12.56528 12.56528 12.56528 18.40416 25.46314 25.46315 25.46314 25.46315 25.46314 25.46315 25.46314 25.46315 25.46314 25.46315 25.46314 25.46314 25.46315 25.46314 25.46314 25.46314 25.46315 25.46314 25.46314 25.46314 71.84152 114.2339 114.2339 114.2339 114.2339 114.2339 114.2339 114.2339 114.2339 114.2339 114.2339 114.2339 114.2339 114.2339 114.2339
0.4196304 0.4196304 0.4196304 0.4196304 0.4196304 0.4196304 0.4196304 0.4196304 0.4196304 0.4196304 0.4196304 0.4196304 0.4196304 0.4196304 0.4196304 0.4196304 0.4196304 0.4196304 0.4196304 0.4196304 0.4196304 2.314768 5.706592 7.914405 9.707214 11.92354 12.56528 12.56528 12.56528 12.56528 12.56528 12.56528 12.56528 12.56528 13.51554 25.11065 25.46314 25.46314 25.46314 25.46314 25.46314 25.46314 25.46314 25.46314 25.46314 25.46314 25.46314 25.46314 25.46314 25.46314 25.46314 25.46315 25.46314 25.46314 25.46314 61.96627 114.2339 114.2339 114.2339 114.2339 114.2339 114.2339 114.2339 114.2339 114.2339 114.2339 114.2339 114.2339 114.2339 114.2339
0.4196304 0.4196304 0.4196304 0.4196304 0.4196304 0.4196304 0.4196304 0.4196304 0.4196304 0.4196304 0.4196304 0.4196304 0.4196304 0.4196304 0.4196304 0.4196304 0.4196304 0.4196304 0.4196304 0.4196304 0.4196304 0.4196304 0.4196304 0.4196304 0.4196304 0.531891 3.283522 6.762414 11.02884 12.56527 12.56528 12.56529 12.56528 12.56528 12.56528 18.99398 25.46314 25.46314 25.46314 25.46314 25.46314 25.46314 25.46314 25.46314 25.46314 25.46314 25.46314 25.46314 25.46314 25.46314 25.46314 25.46314 25.46314 25.46314 25.46314 50.78873 114.2339 114.2339 114.2339 114.2339 114.2339 114.2339 114.2339 114.2339 114.2339 114.2339 114.2339 114.2339 114.2339 114.2339
0.4196303 0.4196304 0.4196303 0.4196303 0.4196304 0.4196304 0.4196304 0.4196304 0.4196304 0.4196303 0.4196304 0.4196304 0.4196304 0.4196303 0.4196304 0.4196303 0.4196303 0.4196303 0.4196303 0.4196303 0.4196304 0.4196303 0.4196304 0.4196304 0.4196303 0.4196303 0.4196304 0.4196304 0.4196304 3.053635 7.842108 11.68689 12.56529 12.56528 12.56529 13.53854 25.41403 25.46314 25.46315 25.46314 25.46315 25.46314 25.46315 25.46314 25.46315 25.46314 25.46314 25.46315 25.46314 25.46314 25.46314 25.46315 25.46314 25.46314 25.46315 40.6672 114.2339 114.2339 114.2339 114.2339 114.2339 114.2339 114.2339 114.2339 114.2339 114.2339 114.2339 114.2339 114.2339 115.7911
