Scenarios/Global_Grid/data/country_data_population_distribution/processed/density_grids/irq.asc
ncols 253
nrows 201
xllcorner 38
yllcorner 29
[rows 31 to 61 of 201, columns 140 to 209 of 253]
36.66162 65.70474 140.8533 179.5258 215.4719 215.4719 215.4719 215.4719 215.4719 215.4719 215.4719 215.4719 215.4719 215.4719 215.4719 215.4719 215.4719 215.4719 215.4719 215.4719 215.4719 215.4719 215.4719 215.4719 212.9999 152.1257 82.72182 47.35725 47.35725 47.35725 47.35725 47.35725 47.35725 47.35725 47.35725 47.35725 47.5882 51.61699 60.27351 61.37181 65.95904 0 0 0 0 0 0 0 0 0 0 0 0 0 0 0 0 0 0 0 0 0 0 0 0 0 0 0 0 0
36.66162 177.0868 215.4719 215.4719 215.4719 215.4719 215.4719 215.4719 215.4719 215.4719 215.4719 215.4719 215.4719 215.4719 215.4719 215.4719 215.4719 215.4719 215.4719 215.4719 215.4719 215.4719 215.4719 215.4719 215.4719 215.4719 209.2382 93.08741 47.35725 47.35725 47.35725 47.35725 47.35725 47.35725 47.35725 47.35725 47.35725 47.28515 47.46975 51.89616 0 0 0 0 0 0 0 0 0 0 0 0 0 0 0 0 0 0 0 0 0 0 0 0 0 0 0 0 0 0
36.66163 58.66727 198.6224 215.4719 215.4719 215.4719 215.4719 215.4719 215.4719 215.4719 215.4719 215.4719 215.4719 215.4719 215.4719 215.4719 215.4719 215.4719 215.4719 215.4719 215.4719 215.4719 215.4719 215.4719 215.4719 215.4719 215.4719 206.7104 91.96054 47.35725 47.35725 47.35725 47.35725 47.35725 47.35725 47.35725 47.35725 42.9627 30.41429 28.34247 44.59983 0 42.81924 31.27837 28.69171 39.15671 0 0 0 0 0 0 0 0 0 0 0 0 0 0 0 0 0 0 0 0 0 0 0 0
36.66162 36.66162 55.87429 171.0788 215.4719 215.4719 215.4719 215.4719 215.4719 215.4719 215.4719 215.4719 215.4719 215.4719 215.4719 215.4719 215.4719 215.4719 215.4719 215.4719 215.4719 215.4719 215.4719 215.4719 215.4719 215.4719 215.4719 215.4719 210.1481 128.6698 50.40106 47.35725 47.35725 47.35725 47.35725 47.35725 47.35725 46.59956 30.71343 27.3307 27.3307 27.3307 27.3307 27.3307 27.3307 27.3307 27.3307 59.69602 0 0 0 0 0 0 0 0 0 0 0 0 0 0 0 0 0 0 0 0 0 0
36.66163 36.66163 36.66163 39.67391 108.0239 190.5995 215.4719 215.4719 215.4719 215.4719 215.4719 215.4719 215.4719 215.4719 215.4719 215.4719 215.4719 215.4719 215.4719 215.4719 215.4719 219.0033 348.1809 183.3382 196.9499 206.9976 214.883 209.7273 190.5584 174.8569 170.9061 47.35725 47.35725 47.35725 47.35725 47.35725 47.35725 47.28467 33.35742 27.3307 27.3307 27.3307 27.3307 27.3307 27.3307 27.3307 27.3307 27.3307 62.93046 0 0 0 0 0 0 0 0 0 0 0 0 0 0 0 0 0 0 0 0 0
36.66163 36.66163 36.66163 36.66163 36.66163 46.71428 148.1104 213.8019 215.4719 215.4719 215.4719 215.4719 215.4719 191.9725 211.5142 211.321 196.1952 168.0315 151.9306 306.0683 376.7696 418.5389 422.9855 140.0047 94.71069 99.08768 104.0516 120.5456 124.9371 90.51453 59.96898 47.35725 47.35725 47.35725 47.35725 47.35725 47.35725 47.35725 43.70855 27.3307 27.3307 27.3307 27.3307 27.3307 27.3307 27.3307 27.3307 27.3307 27.3307 0 0 0 0 0 0 0 0 0 0 0 0 0 0 0 0 0 0 0 0 0
36.66162 36.66162 36.66162 36.66162 36.66162 36.66162 36.66163 67.23244 165.4666 215.4719 215.4719 215.4719 149.9887 67.64452 81.73074 93.75237 64.42791 65.34716 132.181 461.3542 464.5615 464.5615 464.5615 259.8998 90.45361 90.45361 90.45361 90.45361 90.45361 90.45361 80.58497 50.82151 47.35725 47.35725 47.35725 47.35725 47.35725 47.35725 40.95061 27.3307 27.3307 27.3307 27.3307 27.3307 27.3307 27.3307 27.3307 27.3307 27.3307 33.05294 0 65.62024 66.70699 39.84513 44.17237 38.59725 39.18585 38.59725 38.59724 42.79892 0 0 42.39595 40.21393 0 0 0 0 0 0
36.66162 36.66163 36.66162 36.66163 36.66162 36.66163 36.66162 36.66162 36.75038 100.3673 200.8877 157.1505 69.10616 64.42791 64.4279 64.42791 64.4279 64.42791 336.8282 464.5615 464.5615 464.5615 464.5615 363.6002 111.3019 90.45361 90.45361 90.45361 90.45361 90.45361 90.45361 61.48696 56.80469 47.77976 47.35725 47.35725 47.35725 165.7362 355.3778 234.4557 30.4555 27.3307 27.3307 27.3307 27.3307 27.3307 27.3307 27.3307 27.3307 27.3307 28.54357 38.31191 38.59725 38.59724 38.59724 38.59724 38.59725 38.59724 38.59725 38.59724 38.59725 38.59724 38.59725 46.66129 0 0 0 0 0 0
36.66162 36.66162 36.66162 36.66162 36.66162 36.66162 36.66163 36.66162 36.66162 36.66162 47.63804 83.78437 64.42791 64.42791 64.42791 64.42791 64.42791 229.8219 464.4841 464.5615 464.5615 464.5615 464.5615 464.5615 390.4542 209.7849 90.45361 90.45361 90.45361 90.45361 90.45361 83.97481 173.5111 95.75053 47.35725 50.85979 175.5117 433.7588 509.0827 509.0827 378.2389 150.1756 27.3307 27.3307 27.3307 27.3307 27.3307 27.3307 27.3307 27.3307 27.3307 36.21718 38.59724 38.59724 38.59724 38.59724 38.59724 38.59725 38.59724 38.59725 43.79239 46.222 0 0 0 0 0 0 0 0
36.66162 36.66162 36.66162 36.66162 36.66162 36.66162 36.66162 36.66162 36.66162 43.59623 57.66117 64.4279 64.42791 64.4279 64.4279 64.4279 139.5424 457.1955 464.5615 464.5615 464.5615 464.5615 464.5615 464.5615 464.5615 444.7583 265.2274 90.45361 90.45361 90.45361 90.45361 235.7044 509.0809 398.3566 84.00552 113.4029 504.8447 509.0827 509.0827 509.0827 509.0827 504.1176 199.486 27.3307 27.3307 27.3307 27.3307 27.3307 27.3307 27.3307 27.3307 28.55445 38.34139 38.59724 38.59724 38.59724 54.64235 0 61.34988 0 0 0 0 0 0 0 0 0 0 0
36.66163 36.66163 36.66163 36.66163 36.66163 36.66163 36.66163 38.27661 48.89298 60.36153 64.42791 64.42791 64.42791 64.42791 64.42791 70.5364 377.6234 464.5615 464.5615 464.5615 464.5615 464.5615 464.5615 464.5615 464.5615 461.0072 220.5595 90.45361 90.45361 90.45361 90.52293 340.9497 508.8226 509.0826 486.3498 482.901 509.0827 509.0827 509.0827 509.0827 509.0827 509.0827 482.088 118.4953 27.3307 27.3307 27.3307 27.3307 27.3307 27.3307 27.3307 27.3307 34.70715 38.59725 38.59725 38.59725 0 0 0 0 0 0 0 0 0 0 0 0 0 0
36.66163 36.66163 36.66163 36.66163 36.66163 36.66163 43.21383 60.20146 64.42791 64.42791 64.42791 64.42791 64.42791 64.42791 66.40934 259.3971 464.5615 464.5615 464.5615 464.5615 464.5615 464.5615 464.5615 464.5615 464.5615 428.6028 134.8907 90.45361 90.45361 90.45361 90.45361 90.45361 322.5956 509.0827 509.0827 509.0827 509.0827 509.0827 509.0827 509.0827 509.0827 509.0827 509.0827 424.0318 28.93232 27.3307 27.3307 27.3307 27.3307 27.3307 27.3307 27.3307 27.39156 36.10292 38.59724 38.59725 0 0 0 0 0 0 0 0 0 0 0 0 0 0
36.66163 36.66163 36.66163 36.66163 36.66163 42.67501 64.31173 64.42791 64.42791 64.42791 64.42791 64.42791 64.42791 64.42791 391.1765 464.5615 464.5615 464.5615 464.5615 464.5615 464.5615 464.5615 451.5716 434.497 242.4258 54.28262 87.97469 90.45361 90.45361 90.45361 90.45361 90.45361 90.58784 303.6831 509.0827 509.0827 509.0827 509.0827 509.0827 509.0827 509.0827 509.0827 509.0827 509.0827 232.278 27.3307 27.3307 27.3307 27.3307 27.3307 27.3307 27.39598 32.40424 37.87995 38.59724 48.22765 0 0 0 0 0 0 0 0 0 0 0 0 0 0
36.66163 36.66163 36.66163 39.58886 91.98282 73.81752 64.42791 64.42791 64.42791 64.42791 102.4342 338.4633 257.7228 293.8589 461.8407 464.5615 464.5615 464.5615 464.5615 427.9656 223.4357 76.24198 28.60932 27.79025 27.57769 36.00951 90.45361 90.45361 90.45361 90.45361 90.45361 90.45361 90.45361 90.45361 291.4205 508.8813 509.0827 509.0827 509.0827 509.0827 509.0827 509.0827 509.0827 509.0827 507.235 330.2247 350.8236 39.8306 27.3307 27.3307 27.3307 29.6406 38.37948 38.59725 38.59725 41.51373 0 0 0 0 0 0 0 0 0 0 0 0 0 0
86.75301 88.57453 90.16061 103.9937 118.1597 81.14989 64.4279 85.84859 153.9301 412.6269 407.8121 464.5615 464.5615 464.5615 464.5615 464.5615 464.5615 464.5615 419.1489 63.09365 27.57769 27.57769 27.57769 27.57769 27.57769 27.86165 78.25922 89.99342 90.45361 90.45361 90.45361 90.45361 90.45361 90.45361 90.45361 210.6539 497.9072 509.0827 509.0828 509.0827 509.0827 509.0827 509.0827 509.0827 509.0828 509.0827 509.0827 151.6747 27.3307 27.3307 27.3307 27.3307 67.56051 49.74521 38.59725 41.56714 0 0 0 0 0 0 0 0 0 0 0 0 0 0
118.1597 118.1597 118.1597 118.1597 118.1597 74.87254 165.2101 441.5981 464.5615 464.5615 464.5615 464.5615 464.5615 464.5615 464.5615 464.5615 464.5615 464.5615 455.4084 115.6458 27.5777 27.5777 27.57769 27.5777 27.57769 27.57769 27.57769 67.2318 90.45361 90.45361 90.45361 90.45361 90.45361 90.45361 90.45361 90.45361 232.982 505.9078 509.0827 509.0827 509.0827 509.0827 509.0827 509.0827 509.0827 509.0827 509.0827 354.1606 67.2061 34.54338 61.72931 31.13905 78.03146 99.51009 87.74925 91.29805 0 0 0 0 0 0 0 0 0 0 0 0 0 0
118.1597 118.1597 118.1597 118.1597 118.1597 117.3162 375.2651 464.5615 464.5615 464.5615 464.5615 464.5615 464.5615 464.5616 464.5615 464.5616 464.5615 445.8712 417.8232 259.4559 27.57769 27.57769 27.57769 27.57769 27.57769 27.57769 27.57769 58.51999 90.45361 90.45361 90.45361 90.45361 90.45361 90.45361 90.45361 90.45361 90.45361 338.7777 509.0827 509.0827 509.0827 509.0827 509.0827 509.0827 509.0827 509.0827 509.0826 509.0827 404.6083 158.2827 100.395 97.98703 100.395 100.395 100.395 100.395 99.76024 0 0 0 0 0 0 0 0 0 0 0 0 0
118.1597 118.1597 118.1597 118.1597 118.1597 118.1597 136.3769 314.9104 464.5615 464.5615 464.5615 464.5615 464.5615 464.5615 464.5615 386.6688 229.7628 30.49259 27.57769 27.57769 27.57769 27.57769 27.57769 27.57769 27.57769 27.57769 27.5777 29.92589 75.62108 90.45361 90.45361 90.45361 90.45361 90.45361 90.45361 90.45361 90.45361 114.8143 476.1299 509.0827 509.0827 509.0827 509.0827 509.0827 509.0826 509.0827 455.1338 329.4433 212.024 95.03412 100.1157 100.395 100.395 100.395 100.395 100.395 100.395 97.32369 0 0 0 0 0 0 0 0 0 0 0 0
118.1597 118.1597 118.1597 118.1597 118.1597 118.1597 118.1597 121.6346 205.1395 220.6134 454.8846 464.5615 464.5615 409.285 122.8404 40.09725 27.57769 27.57769 27.57769 27.57769 27.57769 27.57769 27.57769 27.57769 27.57769 27.57769 28.58034 64.89546 90.33074 90.45361 90.45361 90.45361 90.45361 90.45361 90.45361 90.45361 90.45361 90.45361 222.9796 497.2722 509.0826 509.0827 509.0826 509.0827 509.0826 466.9868 209.8081 73.26804 73.26803 73.26804 74.10725 84.95325 100.395 100.395 100.395 100.395 100.395 100.395 100.395 0 0 0 0 0 0 0 0 0 0 0
118.1597 118.1597 118.1597 118.1597 118.1597 118.1597 118.1597 118.1597 118.1597 118.1597 239.4636 464.0197 464.5615 364.9839 27.57769 27.57769 27.57769 27.57769 27.57769 27.57769 27.5777 27.57769 27.57769 27.57769 28.25008 41.10888 79.11798 90.45361 90.45361 90.45361 90.45361 90.45361 90.45361 90.45361 90.45361 90.45361 90.45361 90.45361 90.45361 201.868 485.0327 509.0827 509.0827 509.0827 508.9215 210.4428 73.26804 73.26804 73.26804 73.26804 73.26804 73.88731 91.21992 100.395 100.395 100.395 100.395 100.395 100.3408 0 0 0 0 0 0 0 0 0 0 0
118.1597 118.1597 118.1597 118.1597 118.1597 118.1597 118.1597 118.1597 118.1597 231.2942 399.0101 464.511 464.5615 364.9839 27.57769 27.57769 27.57769 27.57769 27.57769 27.57769 27.57769 27.57769 27.57769 27.57769 58.26908 90.45361 90.45361 90.45361 90.45361 90.45361 90.45361 90.45361 90.45361 90.45361 90.45361 90.45361 90.45361 90.45361 90.45361 90.45361 164.6337 465.3806 509.0827 509.0827 508.6179 382.6478 160.9259 73.26804 73.26804 73.26804 73.26804 73.26804 79.27061 100.395 100.395 100.395 100.395 100.395 97.93146 0 0 0 0 0 0 0 0 0 0 0
118.1597 118.1597 118.1597 118.1597 118.1597 118.1597 118.1597 120.3673 292.8787 458.6213 464.5615 464.5615 464.5615 357.2515 27.57769 27.57769 27.57769 27.57769 27.57769 27.57769 27.57769 27.57769 29.78768 60.0892 88.44346 90.45361 90.45361 90.45361 90.45361 90.45361 90.45361 90.45361 90.45361 90.45361 90.45361 90.45361 90.45361 90.45361 90.45361 90.45361 90.45361 148.9984 463.9772 509.0828 509.0827 248.9992 73.26804 73.26804 73.26804 73.26804 73.26804 91.231 97.1054 100.395 100.395 100.395 100.395 100.395 100.395 100.2318 90.99037 0 0 0 0 0 0 0 0 0
118.1597 118.1597 118.1597 118.1597 118.1597 118.1597 118.1597 347.7809 464.5615 464.5615 464.5615 464.5615 464.5615 218.9972 27.57769 27.57769 27.57769 27.57769 27.57769 27.57769 27.57769 40.05005 87.04329 91.41359 90.45361 90.45361 90.45361 90.45361 90.45361 90.45361 90.45361 90.45361 90.45361 90.45361 90.45361 90.45361 90.45361 90.45361 90.45361 90.45361 90.45361 97.98897 144.068 365.7235 503.6633 394.8171 75.97036 73.26804 73.26804 74.2349 88.31646 100.1752 100.395 100.395 100.395 100.395 100.395 100.395 100.395 95.29727 0 0 0 0 0 0 0 0 0 0
118.1597 118.1597 118.1597 118.1597 118.1597 118.1597 123.3029 449.1036 464.5615 464.5615 464.5615 464.5615 284.1533 37.35461 27.57769 27.57769 27.57769 27.57769 27.57769 27.57769 34.27468 90.25518 93.81309 93.76044 92.58674 92.04485 91.20808 90.45361 90.45361 90.45361 90.45361 90.45361 90.45361 90.45361 90.45361 90.47939 96.07112 102.8496 105.4144 105.8356 106.5645 112.3287 113.7335 113.7336 143.0155 245.4937 89.30219 73.26804 68.5558 83.71051 100.395 100.395 100.395 100.395 100.395 100.395 100.395 100.3811 100.0866 99.51292 0 0 0 0 0 0 0 0 0 0
118.1597 118.1597 118.1597 118.1597 118.1597 118.1597 297.9999 464.5615 464.5615 464.5615 464.5615 304.31 36.08694 27.57769 27.5777 27.57769 27.5777 27.57769 27.57769 27.5777 63.03707 93.81309 93.81309 93.81309 93.81309 93.81309 93.8131 93.20733 90.75121 90.45361 90.45361 90.45361 90.45361 90.45361 90.96378 102.7875 113.6968 113.7336 113.7336 113.7336 113.7336 113.7336 113.7336 113.7336 113.7336 113.7336 98.8321 72.50005 52.0091 47.75868 96.60931 100.395 100.395 99.93758 0 0 91.63232 92.42704 0 0 0 0 0 0 0 0 0 0 0 0
98.52077 114.4867 118.1597 118.1597 118.1597 183.4135 459.3116 464.5615 464.5615 453.6859 207.2931 27.71987 27.5777 27.57769 27.57769 27.57769 27.57769 27.57769 27.57769 27.57769 36.38097 93.58323 93.81309 93.81309 93.81309 93.81309 93.81309 93.81309 93.17654 90.73211 90.45361 90.45361 90.45361 94.54736 106.3199 113.7336 113.7336 113.7336 113.7336 113.7336 113.7336 113.7336 113.7336 113.7336 113.7336 113.7336 112.6469 56.97662 44.67538 44.67538 84.59802 100.395 100.395 0 0 0 0 0 0 0 0 0 0 0 0 0 0 0 0 0
66.89237 71.82175 97.60213 117.8418 180.1033 423.6955 464.5615 464.5615 449.9694 304.8767 27.57769 27.57769 27.57769 27.57769 27.57769 27.57769 27.57769 27.57769 28.86555 54.73833 79.40133 93.8131 93.8131 93.8131 93.8131 93.8131 93.8131 93.8131 93.8131 93.40762 92.16781 94.19556 95.92739 112.6899 113.7335 113.7336 113.7335 113.7336 113.7335 113.7336 113.7335 113.7336 113.7335 113.7336 113.7336 113.7336 103.402 48.2682 44.67538 44.67538 78.79813 100.395 100.395 0 0 0 0 0 0 0 0 0 0 0 0 0 0 0 0 0
66.89238 66.89237 66.89238 75.058 223.8387 446.4402 464.5615 346.351 32.4808 27.57769 27.57769 27.57769 27.57769 27.57769 27.57769 27.57769 27.57769 29.45668 61.39439 93.81309 93.81309 93.81309 93.81309 93.81309 93.81308 93.81309 93.81308 93.81309 93.81308 93.81309 99.15899 113.7336 113.7144 113.7335 113.7335 113.7335 113.7335 113.7336 113.7335 113.7336 113.7335 113.7335 113.7335 113.7336 113.7335 113.7336 99.54035 46.79438 44.67538 44.67538 63.64393 100.395 100.395 0 0 0 0 0 0 0 0 0 0 0 0 0 0 0 0 0
66.89238 66.89238 66.89238 66.89238 66.89238 105.7449 299.2131 179.0147 27.43006 27.57769 27.57769 27.57769 27.5777 27.57769 27.57769 27.57769 27.57769 52.76516 93.8131 93.8131 93.81309 93.8131 93.81309 93.8131 93.81309 93.8131 93.81309 93.81309 93.81309 93.8131 102.404 113.7336 113.7336 113.7336 113.7336 113.7336 113.7336 113.7336 113.7336 113.7336 113.7336 113.7336 113.7336 113.7336 113.7336 97.2375 56.47024 44.67538 44.67538 44.67538 45.7479 0 60.73125 0 0 0 0 0 0 0 0 0 0 0 0 0 0 0 0 0
66.89238 66.89238 66.89238 66.89238 66.89238 66.89238 66.89239 59.69608 22.61217 24.59339 27.37094 27.57769 27.5777 27.57769 27.57769 27.57769 30.48502 75.97749 93.8131 93.8131 93.8131 93.8131 93.81309 93.8131 93.81309 93.8131 93.81309 93.8131 93.81309 91.36132 53.41235 79.38563 113.7336 103.2668 113.7336 113.7336 113.7336 113.7336 113.7336 113.7336 113.7336 113.7336 113.7336 113.7336 103.6452 48.03508 44.67538 44.67538 44.67538 44.67538 43.65754 0 0 0 0 0 0 0 0 0 0 0 0 0 0 0 0 0 0 0
66.89237 66.89238 66.89238 66.89238 66.89238 66.89238 66.89237 66.89238 44.99041 21.76611 22.79203 26.64645 27.57769 27.57769 27.5777 27.57769 63.14915 93.8131 93.8131 93.8131 93.81309 93.8131 93.8131 93.81309 93.8131 93.81309 93.8131 72.22552 27.4386 20.91049 19.14979 27.36093 60.20872 19.78236 36.24056 110.5506 113.7336 113.7336 113.7336 113.7336 113.7336 113.7336 113.7336 113.3662 65.58244 44.67538 44.67538 44.67538 42.40392 0 0 0 0 0 0 0 0 0 0 0 0 0 0 0 0 0 0 0 0 0
