Scenarios/Global_Grid/data/country_data_population_distribution/processed/density_grids/ita.asc
ncols 301
nrows 290
xllcorner 6
yllcorner 35
[rows 39 to 77 of 290, columns 0 to 88 of 301]
0 0 0 0 0 0 0 0 0 0 0 0 0 0 0 0 0 0 0 0 0 0 0 0 0 0 0 0 0 0 0 0.3437785 0.2580391 7.880751 3.663903 5.847022 3.684235 7.008118 41.87564 11.08848 1.659468 15.90341 240.6878 22.14928 76.03081 47.51336 200.0911 141.8554 713.6273 445.6611 147.4989 114.446 150.4149 140.8645 129.0137 21.21261 5.666246 18.08688 23.1023 16.59867 20.66442 42.9351 62.76797 171.8901 11.34601 86.95954 3643.4 1668.96 120.9122 1381.036 152.6268 18.95414 236.2295 665.271 439.9915 333.0971 279.8293 1862.069 6405.833 7568.964 8367.165 6354.646 1451.524 1353.225 1018.09 1100.597 187.5621 148.5978 43.66452
0 0 0 0 0 0 0 0 0 0 0 0 0 0 0 0 0 0 0 0 0 0 0 0 0 0 0 0 0 0 0 0 0.256159 0 0.05968011 0.134046 0.006576732 0.08496978 9.831073 24.49336 18.32743 57.77106 47.29531 704.7281 293.9799 363.2788 141.6511 103.9576 226.1189 386.8025 68.6909 105.5344 21.74796 58.57212 204.4709 19.08901 43.74379 7.16136 6.854708 15.46577 31.32906 17.87931 106.8125 60.38424 67.31371 22.26913 141.6697 153.7535 26.02729 83.72446 426.6994 8.873074 7.977176 1374.065 922.8456 467.5056 484.8422 324.7791 452.2003 2593.508 1701.683 1036.498 2854.678 853.2119 404.1414 534.2116 593.2796 492.4617 132.0124
0 0 0 0 0 0 0 0 0 0 0 0 0 0 0 0 0 0 0 0 0 0 0 0 0 0 0 0 0 0 0 0 0 1.492774 7.389453 9.46073 21.26498 30.42511 0.4156714 0.08911613 9.053324 43.63213 312.6003 259.89 363.2371 325.4908 174.6536 198.6858 125.4964 127.5664 58.33764 74.86978 36.45742 304.21 29.11798 226.8301 529.9744 89.81988 24.834 61.05196 4.484918 182.6776 105.9325 149.9002 30.42425 110.5958 14.86176 91.10086 112.5916 56.95212 55.34728 527.0169 42.79364 17.43358 150.7984 54.54622 444.6259 296.7345 485.911 857.2459 995.3109 864.6016 385.578 1356.004 1023.504 327.1485 386.2932 321.6783 132.3253
0 0 0 0 0 0 0 0 0 0 0 0 0 0 0 0 0 0 0 0 0 0 0 0 0 0 0 0 0 0 0 0.1207509 0.1687757 5.70167 7.717083 21.80489 14.58508 97.06899 26.30369 97.56629 145.9052 127.3847 112.006 213.0631 362.2932 711.2072 95.29536 289.9727 102.1508 471.4271 153.8375 112.0251 297.0371 15.11751 95.04209 35.13536 12.14932 22.3201 16.38107 7.547366 7.225417 1129.284 1796.366 22.18952 134.9537 76.56422 91.34483 3.493846 177.001 383.8614 206.1641 170.1937 3455.029 394.158 3.750108 229.1874 1093.107 162.2409 726.8705 624.8245 457.0542 387.9907 555.842 147.9 698.3033 769.0525 352.7616 1472.005 1579.878
0 0 0 0 0 0 0 0 0 0 0 0 0 0 0 0 0 0 0 0 0 0 0 0 0 0 0 0 0 0 0 0.3283898 0.006295421 0.01864856 0.0001924267 0.1539309 2.546802 42.05422 64.60818 397.7474 377.7065 317.682 150.1747 140.0634 81.74624 86.88701 201.865 163.4771 39.98957 113.9592 156.9769 35.5282 22.90758 261.8593 65.06641 3.468664 1.503798 2.412068 34.46946 1.856404 106.0355 83.82251 14.24783 142.2151 9.426054 24.94551 346.1754 16.68797 23.67615 693.0649 131.2151 69.39867 615.4691 51.03455 12.96696 538.6691 385.2861 393.1963 433.3402 521.1771 262.088 538.3914 129.5647 296.3984 389.749 389.3524 258.1649 530.8386 373.5729
0 0 0 0 0 0 0 0 0 0 0 0 0 0 0 0 0 0 0 0 0 0 0 0 0 0 0 0 0 0 0.6914627 0.0005097968 3.853533 8.677645 4.069472 7.391869 23.21708 32.7817 12.10757 89.90237 356.7897 604.8132 1372.165 772.9085 84.14581 185.4996 400.9331 36.19787 368.6674 135.4565 71.59979 322.664 218.2108 28.56721 68.89127 22.21516 2.119856 1.996959 1.010536 54.70243 49.62911 25.80272 107.5271 15.21431 60.64748 41.61531 6.190127 53.89219 93.05831 407.0822 21.22515 62.94177 179.0797 84.942 43.44426 70.55623 18.10482 140.4095 93.91048 608.1121 337.1982 273.2516 636.7664 409.5519 294.9061 790.5284 296.3232 173.7225 229.6022
0 0 0 0 0 0 0 0 0 0 0 0 0 0 0 0 0 0 0 0 0 0 0 0 0 0 0 3.662284 37.93064 0.03934496 0 0.1926883 0.06381071 0.0003271122 0 0.03329243 2.683851 3.991974 5.036096 35.19053 208.5189 184.4208 249.0564 1018.358 141.02 1053.919 1066.5 164.2468 541.651 1483.447 261.5859 212.4685 60.12979 33.15504 436.5816 36.04948 77.66354 84.85237 80.90014 412.3533 36.11103 92.13885 11.76081 128.6599 53.99677 6.590344 119.9841 26.42078 39.08352 5.751291 100.8984 18.2923 117.0909 164.4452 511.0051 317.7568 138.9789 35.70472 185.9217 2436.667 1604.409 168.9141 294.3374 260.4144 129.7872 111.7835 249.4537 453.5594 137.7691
0 0 0 0 0 0 0 0 0 0 0 0 0 0 0 0 0 0 0 0 0 0 3.691688 2.70751 0 1.115367 0.08275679 2.065436 153.0475 420.8785 88.91952 422.6333 224.6002 73.30142 7.308949 18.43272 31.26754 210.5054 166.914 279.8752 353.4804 530.7853 184.9387 1790.913 587.1743 473.839 2915.547 469.6772 311.5447 135.6388 184.7031 123.1531 115.7921 237.8359 55.33944 45.44585 62.13907 54.48089 57.05824 57.9271 140.1581 34.24807 1386.15 365.7806 127.5628 4.897065 25.81364 100.5331 57.83102 21.34004 5.121913 65.73 32.14363 49.73362 290.6126 38.37317 69.85289 222.6623 531.5879 657.1145 53.66425 173.376 178.9956 490.6472 155.9438 185.5644 53.72265 245.597 145.448
0 0 0 0 0 0 0 0 0 0 0 0 0 0 0 0 0 0 0 10.55362 2.147474 1.310187 0.5070865 0.2733073 0.0719236 3.554941 14.96796 54.84575 16.42512 46.34626 43.17352 13.66092 23.28582 228.2473 424.696 475.222 460.2797 838.8504 215.1378 217.3056 1410.372 1442.503 711.7766 6670.352 9921.367 1817.478 1289.873 535.3805 149.8182 137.0172 65.5598 43.69986 82.40396 69.64225 38.6097 54.42497 41.68634 84.38136 32.89419 60.78421 77.55917 115.3214 385.9794 53.93384 118.1681 125.4154 40.29547 60.38611 51.03017 440.1491 34.4967 133.1933 73.4755 373.2995 27.43075 73.36728 82.10808 36.18083 172.8624 103.0987 70.60285 160.548 64.24599 136.2651 135.5114 46.73272 198.0495 67.17974 51.30363
0 0 0 0 0 0 0 0 0 0 0 0 0 0 0 0 0 0 0 0 167.2454 55.77687 35.35664 15.58793 35.11539 35.24362 0.01114614 1.522769 6.689104 0.213946 0.02074731 0 0 0.5962046 40.0517 329.4652 597.5761 528.4365 517.1639 649.5392 2259.316 3993.14 4433.32 16106.71 9684.867 2106.17 252.7787 269.4237 170.5409 110.957 97.22206 124.7731 46.88944 78.25474 67.68648 73.68489 50.41957 50.04771 192.7221 24.85547 60.53799 90.5786 103.8218 46.89656 83.953 53.80745 68.09501 5.074032 106.3044 4.522996 4.709694 121.6175 58.23952 72.40542 49.37384 27.45873 90.32757 130.9733 120.6155 316.9571 102.0095 96.45529 688.697 781.7798 94.40206 67.98019 860.8459 250.4614 36.70145
0 0 0 0 0 0 0 0 0 0 0 0 0 0 0 0 0 0 0 0 0 1.095057 2.124468 97.94522 139.1828 2.935922 45.26024 18.59609 0.6316426 25.7602 25.34624 10.35578 2.944596e-05 2.896533 4.474197 82.6279 441.9645 164.1309 359.0316 748.9418 1945.336 952.6818 2075.381 9492.505 2492.73 386.004 474.3771 1923.064 465.3969 113.6364 221.2878 141.0797 20.68795 57.62948 126.6461 50.79684 80.96119 36.47489 88.50495 53.90821 44.45204 81.30679 62.21911 60.46892 106.544 46.99205 25.52666 1136.967 35.94737 119.7703 18.82848 27.2371 66.51623 89.53135 183.7003 33.46665 98.9451 124.8 286.597 370.7838 241.9328 96.1479 120.334 113.8128 103.9281 86.23377 439.7033 19.72737 43.16854
0 0 0 0 0 0 0 0 0 0 0 0 0 0 0 0 0 0 0 0 0 0 4.121419 15.84779 2.777744 23.08276 9.422728 0.07845205 0.06974521 1.557522 0.08627477 31.1403 110.7068 3.819832 2.408932 6.54938 233.5726 262.2694 237.5086 1078.636 506.0704 62.00568 468.2023 2398.258 897.2249 1187.763 645.7116 160.3885 318.0162 83.21454 99.84679 69.92049 69.53957 65.30344 105.2313 77.41158 108.5464 116.7935 82.126 118.9096 40.03135 38.94759 97.87096 23.65694 17.26697 331.3694 166.482 104.5203 57.84634 71.20511 57.43618 230.0412 37.14617 304.2475 186.5268 720.808 1639.074 126.7163 134.4868 48.91779 23.77086 36.4432 48.10156 147.5166 55.73392 76.74328 48.22373 16.58102 44.31967
0 0 0 0 0 0 0 0 0 0 0 0 0 0 0 0 0 0 0 0 0 0 27.73927 37.19056 32.09496 11.71684 0.1345031 0.01210676 0.06345177 7.93962 27.61598 17.66933 179.9038 362.7364 64.63423 172.9275 318.6952 49.37614 210.0683 145.6187 661.9617 232.3167 496.2595 781.0238 511.8906 232.4452 754.4256 111.2377 386.8895 20.79222 316.3854 122.1656 94.95705 84.53467 60.71078 111.3626 114.7207 201.7495 142.3599 95.41634 123.1235 23.45827 18.89872 80.71651 88.68775 76.30248 595.6307 214.0294 121.8313 87.92348 20.60717 13.54338 11.58003 13.83813 81.1805 19.8519 454.4863 39.92533 25.40509 17.76233 37.76511 16.74926 28.03423 18.62447 15.71727 199.3452 28.61069 25.46294 127.9353
0 0 0 0 0 0 0 0 0 0 0 0 0 0 0 0 0 0 0 0 0 0 0 0.5595364 0.119247 0 0.003433966 0 0.8052592 13.39556 0.01201693 0.5485719 10.79567 156.5522 166.57 1166.397 1127.158 146.7239 168.3683 247.4066 22.34525 160.9133 33.96563 54.8639 507.385 60.37305 41.04025 98.84408 151.2258 42.49358 32.74004 210.7755 215.5097 111.2184 152.3711 141.2031 2250.293 1856.403 92.41895 124.8791 48.42095 83.83868 163.7878 5.213 54.89138 190.2773 3246.395 465.6953 466.378 79.51498 142.6165 27.02104 1234.694 409.9109 205.7237 163.7708 178.9748 95.37967 19.8099 23.64728 18.08059 14.83809 31.16633 52.06608 13.38587 13.09435 12.23121 5.697898 16.97611
0 0 0 0 0 0 0 0 0 0 0 0 0 0 0 0 0 0 0 0 0 0 0 0 0 1.514337 0 1.499779 0.1521406 0.03049945 0 0.1711383 9.502179 43.41195 84.60766 296.797 138.5933 143.7122 41.28287 259.1426 160.4871 105.8614 118.3851 102.6642 346.0159 1509.062 81.68983 20.12101 14.24385 110.2223 84.82735 111.8269 101.9949 267.1729 81.64857 107.9747 95.64903 119.3849 110.0577 52.52735 121.8542 62.71546 47.16764 76.79971 44.42535 327.102 82.72628 27.48174 187.3482 108.8089 94.77709 47.30173 113.9695 111.8821 75.96004 31.59748 21.79985 16.20339 49.60619 21.90318 26.2109 24.13707 43.77866 33.81814 14.03917 15.61911 5.125573 4.545212 26.34551
0 0 0 0 0 0 0 0 0 0 0 0 0 0 0 0 0 0 0 0 0 0 0 0 0 0 0 0 1.568552 0.7040015 34.24822 56.28589 77.84055 579.6479 349.0147 360.9972 98.4182 59.88198 36.36467 38.06329 49.74467 47.54836 196.1348 65.139 28.82507 110.9322 42.42321 109.6019 26.14238 51.72884 174.6796 393.372 201.8515 251.7283 135.2006 112.5313 143.0702 200.5868 122.2896 153.0964 111.191 135.4082 62.55247 36.92947 72.04655 35.96621 34.6828 28.07926 117.8089 11.5234 220.1546 49.39423 93.31302 46.53059 35.48567 23.57883 23.60664 16.96059 33.9051 29.37569 155.9225 27.8035 8.192118 5.882773 9.010471 12.04795 26.00761 20.33409 33.60061
0 0 0 0 0 0 0 0 0 0 0 0 0 0 0 0 0 0 0 0 0 0 0 0 0 0 0 0 0.6093915 0 0.0479066 0.04314301 5.018069 19.33278 77.69717 333.3468 180.7435 121.4148 22.26947 81.16827 371.8705 74.56148 52.84959 19.8498 613.2845 200.2916 393.9419 148.2717 22.75842 62.34454 128.5968 150.856 191.7146 270.8138 85.54343 170.4903 237.3426 66.95522 119.2603 87.66675 637.7524 51.3125 96.36214 27.76711 131.8278 77.485 33.55995 58.91009 136.3679 90.20992 1082.591 825.7797 125.7297 46.90899 33.18201 39.10589 10.87109 54.40394 14.63596 22.87991 16.24517 27.23006 6.623236 4.994831 19.0158 160.3623 4.584751 3.652776 7.812516
0 0 0 0 0 0 0 0 0 0 0 0 0 0 0 0 0 0 0 0 0 0 0 0 0 0 0 0 0 0.1511016 0 0 0.0760079 1.469377 25.56505 369.9947 103.4518 42.20313 14.67057 75.15183 59.82137 51.47792 26.9227 46.15097 147.2776 39.32411 20.9141 263.2839 201.6441 249.6495 224.0496 223.762 356.6536 190.3443 227.5664 145.0084 76.98199 193.8373 414.3738 343.8315 99.00971 54.90092 56.10811 53.80908 75.52807 115.329 21.77149 45.90362 105.3222 61.45746 71.79308 36.76357 586.7964 97.75581 79.91652 55.86927 9.423795 25.92512 8.26853 6.621305 3.746341 3.765283 11.40637 14.64727 4.189375 28.53071 7.423579 7.259809 5.494818
0 0 0 0 0 0 0 0 0 0 0 0 0 0 0 0 0 0 0 0 0 0 0 0 0 0 0 0 0.7103974 0.6727394 0.1953752 8.821886 9.177228 10.97812 151.3056 22.61833 120.1429 40.21125 19.52495 29.62153 40.95924 128.5202 116.377 34.21395 181.1194 42.54641 50.31211 82.05498 1553.709 225.7752 188.4105 159.6201 1704.693 117.5098 79.43933 71.43067 50.59139 111.358 53.60637 45.20638 41.88938 40.07124 197.7644 1157.197 133.9106 58.815 106.065 109.6904 254.7706 76.03115 66.87539 203.3517 65.10448 460.9471 23.75982 16.46749 5.692852 21.98627 28.11116 1.548109 4.526038 3.098854 2.280968 6.413336 9.957961 5.44747 2.431561 4.548902 8.416707
0 0 0 0 0 0 0 0 0 0 0 0 0 0 0 0 0 0 0 0 0 0 0 0 0 0 0 2.534549 1.617587 0.007206826 0 0.025301 0.874105 0.1609185 9.344196 143.1857 169.1619 200.9441 65.78494 886.6529 167.8411 76.91762 26.41267 1175.983 64.48332 196.0522 124.1042 166.44 291.014 58.63224 155.449 222.5684 142.6078 174.9666 60.59128 22.10354 40.14284 53.82634 30.39613 92.56152 144.8319 45.91779 80.22717 106.6377 65.88928 82.65092 101.1473 693.8427 107.4461 95.0445 96.84468 87.47247 14.85988 19.707 70.41104 22.68126 9.161753 6.452696 4.780074 0.6692477 0.3972443 0.6274876 1.92002 4.377745 4.130385 5.176932 5.891601 22.77511 5.473652
0 0 0 0 0 0 0 0 0 0 0 0 0 0 0 0 0 0 0 0 0 0 0 0 0 0 0 0.03884847 7.278979 8.763647 0.7501968 4.054214 2.985517 2.995049 3.565859 7.150234 9.248428 19.27287 62.89472 610.1018 77.89838 56.10363 26.52654 146.8239 65.77971 31.72261 45.57494 37.56745 156.7848 70.42743 115.5592 91.16981 59.88145 62.48169 38.82984 26.5365 53.29473 28.45531 18.73038 12.57844 42.98 20.01683 60.94672 22.57409 21.68493 62.34341 198.2479 67.32056 7.087756 7.594032 1.174566 0.8240941 45.05034 21.39066 272.8661 49.02682 27.55959 13.25828 4.375907 0.7651863 2.198715 0.6753677 6.022374 13.32133 4.55926 6.476276 0.8370349 8.89989 2.717322
0 0 0 0 0 0 0 0 0 0 0 0 0 0 0 0 0 0 0 0 0 0 0 0 0 0 0.1609165 0.570244 3.84178 2.481438 2.310151 0.8362969 41.90343 11.25878 15.44908 18.79272 63.20996 98.78497 183.9561 290.7241 103.1529 78.76357 60.76754 34.49303 52.44934 1216.864 38.87563 105.5473 85.5303 87.06729 54.73177 76.97893 25.5361 37.34237 42.08122 34.3017 116.06 11.71677 10.19016 18.16085 26.65336 8.428086 11.73119 7.127759 10.01802 15.15767 5.967355 56.61269 133.3532 5.741617 3.211334 0.1569756 12.82408 8.532593 378.1253 240.0886 54.16152 19.12209 7.679555 0.5818682 13.37147 5.828917 28.13405 18.40882 0.6428502 9.307237 35.30119 8.431808 0.006692139
0 0 0 0 0 0 0 0 0 0 0 0 0 0 0 0 0 0 0 0 0 0 0 0 0 0.06483393 0.01966403 0.02083061 0.09065246 3.179626 3.59584 5.279952 1.139509 2.30196 1.233019 0.4180236 4.189178 7.84648 42.00834 447.854 67.83753 87.22304 161.7902 54.60844 77.68035 220.7993 122.8445 95.71234 32.82323 119.6525 286.4126 40.58737 27.7263 57.43173 15.05625 23.92665 12.47397 11.53479 7.135556 29.30591 11.89356 19.76417 9.72855 11.00662 7.428314 8.921008 30.00619 7.554101 180.2752 181.3729 2.55536 6.651873 200.0278 890.0029 303.877 170.862 123.2638 94.31902 8.364265 116.744 8.748148 10.71028 5.218214 3.823044 3.876914 30.85971 17.84729 13.461 10.35989
0 0 0 0 0 0 0 0 0 0 0 0 0 0 0 0 0 0 0 0 0 0 0 0 0 0.2898047 1.320501 7.271265 1.799721 5.905968 1.093192 0.9539012 6.362468 2.899463 31.13023 50.45493 400.9037 152.182 70.33522 83.05386 153.8363 127.7153 231.6283 75.78136 44.61798 32.93164 43.05569 83.18509 176.6108 190.0457 21.88951 28.94585 43.95159 17.26811 53.56714 23.45893 27.43411 7.611235 21.61987 40.76781 8.864258 33.05403 8.346453 78.47842 13.48249 22.40368 31.51179 8.897472 11.82375 59.4131 22.35835 11.16745 40.17052 1010.791 352.4058 296.4889 58.43753 14.54058 78.63094 27.83629 13.503 2.922191 5.726012 8.593826 15.80463 0.4745111 0.5884655 1.222494 0.3387849
0 0 0 0 0 0 0 0 0 0 0 0 0 0 0 0 0 0 0 0 0 0 0 0 0 0 0.2254817 0.4932804 0.483058 2.875648 3.134735 0.01184803 0.07154975 0.3556716 12.28431 1.560478 25.68143 91.86221 223.6048 69.0275 187.6979 106.455 66.52931 106.7318 55.81237 132.2088 90.33004 100.4122 48.72665 53.91873 23.50146 26.03717 17.63849 15.69849 7.655004 38.45666 17.8376 8.612745 36.68776 153.0561 21.14188 17.70264 42.94578 19.73729 1.710231 0.6142038 2.445699 2.815552 12.03368 459.3691 2043.596 2086.112 3259.144 4784.338 4291.65 2823.847 681.8249 87.78935 174.6364 92.89726 174.0123 82.07095 59.19141 8.298484 25.2484 75.20551 23.37173 18.03579 4.741247
0 0 0 0 0 0 0 0 0 0 0 0 0 0 0 0 0 0 0 0 0 0 0 0 0 0.4577844 0.4279937 3.168191 0.2310216 0.09713261 0.002793348 0.09647214 1.950398 1.565167 5.323902 30.14638 11.70097 48.5534 339.1068 368.1665 1278.034 1372.003 115.0054 44.19576 120.2819 65.86738 91.08815 1083.205 131.6663 98.57616 73.62728 50.56754 299.2148 70.53327 42.56046 22.90401 201.602 112.8909 610.0373 38.28111 0.601122 7.064821 5.026331 103.6636 98.11891 128.783 138.1987 744.3959 1909.942 218.2614 0 2.513659 2178.567 8008.605 13062.16 9280.251 2046.425 570.9878 220.1407 281.6257 135.7081 171.2619 127.2508 30.61376 33.67832 103.7736 12.732 7.399892 21.73207
0 0 0 0 0 0 0 0 0 0 0 0 0 0 0 0 0 0 0 0 0 0 0 0 0 0 0.6304659 0.3656399 4.791872 5.530113 0 0 0.3772948 1.785888 0.02655843 0.1206017 5.743151 51.68252 70.5212 654.7955 696.7344 161.9554 109.7781 229.1347 78.00738 121.8182 350.4996 119.4966 180.2964 96.31293 21.43167 44.09022 20.78007 37.89577 6.432236 21.4477 220.3895 91.39959 350.4321 184.6039 111.3661 17.21474 74.30787 117.5582 548.4873 1239.92 460.3952 211.8862 0 0 0 0 0 0 0 0 0 3244.716 1561.025 1537.917 587.6462 2134.901 177.001 269.8763 482.0732 90.68497 33.17323 28.03243 5.5143
0 0 0 0 0 0 0 0 0 0 0 0 0 0 0 0 0 0 0 0 0 0 0 0 0 0 0 0.199827 0 1.871469 1.527835 8.761143 26.99157 15.87067 18.53831 88.79076 27.67729 18.10573 49.86839 502.0444 167.9667 433.5318 206.5037 60.71197 168.2288 119.8683 25.31129 63.75082 37.1523 20.32751 5.549093 25.41319 19.89259 71.24996 17.09834 26.59078 18.16038 14.41805 54.61613 30.75104 36.75128 166.7339 344.1886 4911.138 5473.149 0 0 0 0 0 0 0 0 0 0 0 0 0 0 23.23774 131.0573 963.4586 598.5066 3037.131 1885.051 84.58665 82.12982 25.31696 2.7282
0 0 0 0 0 0 0 0 0 0 0 0 0 0 0 0 0 0 0 0 0 0 0 0 0 0 0 0 0.008060597 4.327914 0 0.05081401 0 0.006523416 0.2276498 0.02065372 3.291703 34.56782 7.500101 2.985817 56.5674 2.593717 0.687712 26.05337 11.52495 12.45245 17.78258 34.49707 5.807149 16.53705 5.01753 18.62078 21.41815 0.5043759 13.78916 4.024596 25.64446 21.51404 8.63372 30.87045 24.26602 189.3143 1097.209 788.001 0 0 0 0 0 0 0 0 0 0 0 0 0 0 0 0 0 0 0 0 1480.212 1155.951 854.2294 165.6721 90.88778
0 0 0 0 0 0 0 0 0 0 0 0 0 0 0 0 0 0 0 0 0 0 0 0 0 0 0 0 0 0 2.931108 0.0479752 0 0.001990586 0.01991058 2.807878 0.2318064 47.06969 1.407454 0.06181908 69.54069 3.582467 0.2879396 3.232119 0 0.218857 3.25091 0.968991 6.965434 2.274454 0.8274273 2.626307 66.96258 1.654156 73.84241 8.774471 3.146725 9.298009 43.60766 82.87337 74.62547 253.4187 490.7422 0 0 0 0 0 0 0 0 0 0 0 0 0 0 0 0 0 0 0 0 0 0 0 20.63966 376.2961 122.753
0 0 0 0 0 0 0 0 0 0 0 0 0 0 0 0 0 0 0 0 0 0 0 0 0 0 0 0 0 0 0 0 0 1.270905 0.02203923 0 0.002001238 0.09551658 0.05753523 0.6630406 0.3264984 80.63504 8.961061 1.670556 0.7151411 0 0 0 0 0.07197373 0.4590367 14.79072 140.0593 1.496584 3.165631 43.84528 4.257467 83.46452 234.2132 311.4201 510.3586 230.3425 207.837 0 0 0 0 0 0 0 0 0 0 0 0 0 0 0 0 0 0 0 0 0 0 0 0 0 1.717136
0 0 0 0 0 0 0 0 0 0 0 0 0 0 0 0 0 0 0 0 0 0 0 0 0 0 0 0 0 0 0 0 0 0 0 8.129242 2.781786 0.006104144 0.8541334 2.874053 5.56065 0 0 0 1.505508 1.286237 2.585779 0.407155 1.031892 69.94083 18.44477 2.343966 0.1422207 3.419808 22.00708 14.35111 123.3495 491.2478 1175.745 1239.223 71.32228 0 0 0 0 0 0 0 0 0 0 0 0 0 0 0 0 0 0 0 0 0 0 0 0 0 0 0 0
0 0 0 0 0 0 0 0 0 0 0 0 0 0 0 0 0 0 0 0 0 0 0 0 0 0 0 0 0 0 0 0 0 0 0 0 0 0 0 0 0 0 0 0 0 0.3932647 0.5439831 0.07096601 10.98691 8.741561 7.283772 1.204634 31.16466 20.68731 26.44937 83.70827 72.92613 1137.857 5194.188 0 0 0 0 0 0 0 0 0 0 0 0 0 0 0 0 0 0 0 0 0 0 0 0 0 0 0 0 0 0
0 0 0 0 0 0 0 0 0 0 0 0 0 0 0 0 0 0 0 0 0 0 0 0 0 0 0 0 0 0 0 0 0 0 0 0 0 0 0 0 0 0 0 0 0 2.535457 0.7371188 27.96582 29.63931 48.08487 41.58694 41.38725 39.82564 74.57249 169.9212 235.2333 529.6302 2324.708 0 0 0 0 0 0 0 0 0 0 0 0 0 0 0 0 0 0 0 0 0 0 0 0 0 0 0 0 0 0 0
0 0 0 0 0 0 0 0 0 0 0 0 0 0 0 0 0 0 0 0 0 0 0 0 0 0 0 0 0 0 0 0 0 0 0 0 0 0 0 0 0 0 0 0 0.9632249 3.382668 0.0537587 0.2189015 14.22979 8.842517 17.46926 21.06708 23.74619 62.46953 126.2773 344.6285 651.3361 1857.966 0 0 0 0 0 0 0 0 0 0 0 0 0 0 0 0 0 0 0 0 0 0 0 0 0 0 0 0 0 0 0
0 0 0 0 0 0 0 0 0 0 0 0 0 0 0 0 0 0 0 0 0 0 0 0 0 0 0 0 0 0 0 0 0 0 0 0 0 0 0 0 0 0 0 0 5.980917 1.723216 39.9982 9.234761 6.692078 17.56762 65.42206 100.8407 12.22993 29.33906 73.12766 358.8967 176.0724 0 0 0 0 0 0 0 0 0 0 0 0 0 0 0 0 0 0 0 0 0 0 0 0 0 0 0 0 0 0 0 0
0 0 0 0 0 0 0 0 0 0 0 0 0 0 0 0 0 0 0 0 0 0 0 0 0 0 0 0 0 0 0 0 0 0 0 0 0 0 0 0 0 0 2.087408 43.95968 23.43691 0 1.587463 2.978935 52.5313 14.0009 47.01388 86.05711 178.2477 237.7428 371.3384 869.953 130.6771 0 0 0 0 0 0 0 0 0 0 0 0 0 0 0 0 0 0 0 0 0 0 0 0 0 0 0 0 0 0 0 0
0 0 0 0 0 0 0 0 0 0 0 0 0 0 0 0 0 0 0 0 0 0 0 0 0 0 0 0 0 0 0 0 0 0 0 0 0 0 0 0 0 7.657714 22.51332 77.1811 6.563971 24.29409 64.14027 11.01034 67.66591 30.34236 125.0077 470.5025 1931.929 1086.314 2652.357 0 0 0 0 0 0 0 0 0 0 0 0 0 0 0 0 0 0 0 0 0 0 0 0 0 0 0 0 0 0 0 0 0 0
0 0 0 0 0 0 0 0 0 0 0 0 0 0 0 0 0 0 0 0 0 0 0 0 0 0 0 0 0 0 0 0 0 0 0 0 0 0 0 0 8.542545 69.48673 145.2772 63.71944 59.8823 71.92893 167.5748 127.4317 904.4069 446.2242 225.1229 510.8002 4397.073 0 0 0 0 0 0 0 0 0 0 0 0 0 0 0 0 0 0 0 0 0 0 0 0 0 0 0 0 0 0 0 0 0 0 0 0
