Scenarios/Global_Grid/data/country_data_population_distribution/processed/density_grids/ita.asc
ncols 301
nrows 290
xllcorner 6
yllcorner 35
[rows 78 to 116 of 290, columns 89 to 177 of 301]
0 0 0 0 0 0 0 0 0 0 0 0 0 0 0 0 0 631.2761 249.9176 18.86426 236.2107 131.2582 347.9434 405.825 352.433 157.4503 364.6338 766.8269 339.4321 142.2939 26.7622 408.9569 468.4183 88.45665 116.1552 695.6104 930.4572 677.7737 2769.148 1873.708 3639.797 660.895 339.1992 45.28744 167.4715 38.75346 476.595 41.03344 28.85173 4.530371 2.874655 50.01371 162.4283 9.558048 2.631019 9.848098 41.59973 12.42418 8.619454 15.82366 3.17381 5.905234 6.324628 6.904056 38.2048 87.21431 11.52105 36.35621 27.20849 122.6731 9.753712 20.87185 49.0567 169.188 85.63356 140.8825 235.8916 54.51311 123.8479 169.5195 25.66157 76.53399 686.4872 812.42 227.2266 356.6243 0 0 0
0 0 0 0 0 0 0 0 0 0 0 0 0 0 0 0 0 3.942032 18.27244 598.8902 768.5612 439.8112 181.448 39.44317 86.2821 163.2626 115.125 215.8379 137.7601 93.0479 200.6045 284.8088 211.2809 208.4528 61.8853 69.47585 237.1931 1390.248 781.0993 4342.179 6103.602 7217.763 2642.282 363.5573 283.9594 916.5479 128.4811 166.2087 4.017543 12.11474 4.550193 17.22266 154.1334 23.92638 31.35319 22.86691 10.82831 8.186566 0.6576304 11.79249 4.475952 19.80887 15.38093 11.91559 22.05474 1.983763 34.73396 87.64429 14.70397 16.42972 142.6502 36.72236 37.91362 61.3924 90.22754 77.84386 213.1907 29.80798 12.54997 37.51108 246.6372 825.0059 76.35275 98.38551 247.1214 373.752 1411.258 566.4965 0
0 0 0 0 0 0 0 0 0 0 0 0 0 0 0 0 0 0.2614947 2.320256 302.7743 2257.473 1032.785 357.3322 395.2429 41.5512 612.2004 185.1108 186.4364 49.0984 849.2807 1172.362 136.9834 317.5532 2318.51 1053.714 957.4258 266.7854 93.3669 78.75443 396.3193 791.7911 385.8448 891.8079 165.3187 149.1416 363.5993 96.4334 142.7111 4.960392 20.72964 35.27193 82.07997 65.94251 266.0846 329.2678 15.32964 1.808466 6.348198 0.882247 8.341166 4.525412 12.23463 5.528909 25.44107 10.07633 9.537217 41.02919 47.69884 150.6696 121.5465 3.665937 7.481799 12.58359 105.1994 387.2388 39.09468 11.46677 31.76263 36.28333 143.4653 269.9761 256.4799 133.1779 18.75192 36.389 327.4154 76.48725 984.8985 5054.144
0 0 0 0 0 0 0 0 0 0 0 0 0 0 0 0 0 471.6007 7.136795 244.2225 747.7031 1005.773 1203.117 988.2411 1236.426 936.6544 469.3898 562.236 831.4373 835.4263 496.2901 653.1954 349.6916 271.0633 170.8695 30.56597 107.2874 148.6897 215.5923 156.8768 226.996 364.2151 71.37019 102.2842 64.54018 120.6476 91.93935 416.6081 22.58268 0.6654249 5.901688 2.516187 29.67763 43.33014 474.9151 40.07351 8.771603 34.2988 11.00789 88.35714 40.30294 1.340359 2.111226 11.51141 1.495965 4.728593 11.46879 2.287048 20.53053 30.60551 39.81172 343.3134 30.86852 27.53392 531.0189 95.51788 18.69471 44.96521 466.859 117.375 43.85496 65.27081 186.4791 75.57928 216.9489 216.6599 78.53793 249.3919 618.0698
0 0 0 0 0 0 0 0 0 0 0 0 0 0 0 0 0 428.6731 112.0609 8.8836 32.07206 18.69072 26.96106 58.67275 181.8604 503.8185 1521.454 223.3762 112.7478 49.6348 72.73441 60.68497 19.8311 173.5061 76.84627 59.22901 385.4581 97.17294 128.8545 434.3788 175.2717 51.66595 215.9412 23.89266 27.20506 444.9577 368.8482 358.8957 184.5937 10.46582 0.7733586 0.0004973423 12.20444 19.54994 60.28419 121.7972 54.23672 9.127707 42.13014 6.19665 27.81434 5.263739 1.70148 0.2320622 2.347666 9.972651 38.17102 65.50117 178.2423 48.24092 13.22002 80.64481 20.36744 64.0949 27.34223 104.5627 16.32308 12.03442 11.12562 48.62263 61.87668 36.67854 107.1478 69.19322 209.7697 172.8214 239.3162 80.59834 38.99213
0 0 0 0 0 0 0 0 0 0 0 0 0 0 0 0 0 197.4609 76.96785 284.0288 101.8259 28.86646 519.0476 206.5712 180.2843 332.0138 676.0054 443.6577 66.1778 69.29462 8.077893 25.5433 6.711593 76.80954 882.6204 28.20579 24.16675 73.67019 60.76775 59.29967 46.54929 34.02544 190.818 19.68778 25.56529 65.67887 790.3915 75.60976 224.2544 82.13446 168.1875 4.254351 3.42474 47.75827 28.33525 58.39063 37.72033 2.69602 24.40027 15.21269 22.88032 54.16476 12.10337 6.191386 1.281483 10.52508 1.013937 0.8953215 1.131652 1.105851 16.05971 125.1455 15.79344 24.87265 80.45277 136.0226 7.216261 5.437354 11.4522 21.02867 35.76342 187.933 113.7601 45.48284 169.577 70.28249 268.4701 43.12026 138.5057
0 0 0 0 0 0 0 0 0 0 0 0 0 0 0 0 0 2.324082 6250.049 596.9534 8.532207 91.63594 68.31493 153.2445 90.46842 169.067 148.2875 223.9645 189.1684 42.65399 17.7691 9.808098 189.6604 62.27486 69.02267 702.7628 244.6559 36.20468 80.47237 349.5107 109.0523 12.91571 212.5488 24.51949 28.36552 65.46172 277.8011 1081.879 364.345 375.6568 72.40498 131.8951 35.11232 5.213946 20.91669 568.5358 44.47631 17.05063 5.381544 43.01483 96.16045 170.9549 840.736 283.7933 4.72193 4.601145 1.509245 1.810819 11.10573 76.17957 17.43758 3.667065 1.442039 16.68963 336.2605 16.73451 4.502729 9.018442 80.11764 216.1833 12.21141 21.03311 32.14695 224.3363 24.24599 12.49878 71.11806 123.7669 161.5919
0 0 0 0 0 0 0 0 0 0 0 0 0 0 0 0 0 0 5537.102 1129.35 31.09695 52.0102 27.98904 55.99816 19.91922 246.3054 41.15601 105.5622 30.90431 61.01461 18.47343 1.222972 12.93248 145.9695 12.86612 84.44939 168.9232 68.58102 32.28731 79.04159 65.35641 10.42438 35.42625 6.39453 8.542327 84.09541 265.1245 48.91922 1211.556 259.0768 37.81172 55.99271 96.81158 175.7076 145.5504 208.1292 194.5018 18.35491 8.826827 12.55153 134.4494 112.8326 166.7095 293.5609 301.9384 10.88376 4.712297 1.86331 1.136549 5.469831 10.3767 15.90627 39.03027 2.069771 27.24762 39.58878 88.71854 24.83333 31.63088 47.12928 4.969262 68.29139 45.67846 100.4 167.004 121.7551 512.4055 142.323 2024.394
0 0 0 0 0 0 0 0 0 0 0 0 0 0 0 0 0 0 1969.725 247.9219 29.4905 109.0212 14.55119 38.91847 68.06823 3.95887 74.17265 4.658029 53.28249 9.507053 11.8725 20.38871 5.298815 4.1799 4.906905 173.5453 98.19903 37.6969 1485.712 41.91129 11.90098 95.97224 16.6472 31.78571 53.93378 95.42098 13.30512 38.28358 110.7389 428.1593 73.76269 92.90001 143.7858 41.53917 355.6176 1347.346 1364.152 25.02497 3.18489 7.526813 37.78722 103.732 25.98548 110.1112 927.9377 190.0342 6.129177 2.810609 3.081521 6.689438 6.619896 6.383151 6.770548 25.5912 73.51667 0.08522204 2.669371 39.08764 29.33898 28.35379 13.76657 54.89689 19.24717 48.06819 250.9656 218.5653 268.0102 100.2203 44.30804
0 0 0 0 0 0 0 0 21.30914 0 0 0 0 0 0 0 0 0 0 716.8812 27.3268 70.61149 31.01064 17.83793 45.78622 3.129206 3.530187 3.563046 16.50982 5.96645 10.02338 21.46191 7.275785 3.984582 0.6110777 15.25792 50.56483 365.7678 549.2389 267.9859 6.295298 23.61946 29.80909 37.36316 25.17271 19.01957 2.778646 6.079484 3.645992 60.31313 69.84023 27.31535 15.14194 180.0726 174.997 1293.464 896.8446 71.85355 47.50343 3.956908 4.729661 13.28382 17.15756 16.29001 492.1028 135.5011 4.402605 2.214861 5.282638 92.03931 3.300036 3.29822 9.375628 10.82484 24.10934 8.189299 9.811831 4.738483 30.22255 313.068 36.54655 13.42798 5.391829 128.1418 38.19365 249.9346 36.31026 144.1581 47.37886
0 0 0 0 0 0 0 0 0 0 0 0 0 0 0 0 0 0 0 0 907.3593 1519.484 232.0788 34.89967 68.77419 8.659554 3.123014 4.290686 24.56256 14.10389 9.05513 444.2209 22.54091 4.609503 5.971013 29.92123 81.58788 130.8542 450.8074 107.2883 143.5365 67.50177 141.2553 26.55452 16.06399 37.10917 37.2567 3.403437 10.76883 96.83877 13.35528 5.044259 43.68088 228.8293 134.1769 209.7584 20.81699 10.55542 11.84681 3.28248 5.585939 24.05804 32.09772 45.45429 142.0752 64.90501 7.611458 4.242867 7.55164 12.30019 59.19915 46.61103 2.824209 2.868509 40.21207 63.44799 1.455642 6.847869 18.47706 34.32207 21.88421 18.81332 40.22765 12.8177 24.71031 29.38765 88.49125 118.0506 235.7615
0 0 0 0 0 0 0 0 0 0 0 0 0 0 0 0 0 0 0 0 0 522.3414 175.1349 54.8325 19.13976 95.30801 6.926331 3.553875 30.63962 2.738022 73.47165 5.959695 5.543963 1.866168 1.759476 88.83299 107.9464 20.42241 12.8411 8.855254 13.56384 147.7247 899.78 127.5476 73.45509 36.49618 35.43298 107.2876 2.753043 2.219044 7.013498 27.0829 182.8795 63.19662 176.5907 165.1863 313.7694 342.523 48.69053 4.159281 7.877203 13.7061 17.75397 52.9324 245.4546 106.9369 91.4528 15.76463 7.432818 10.9439 14.51123 162.4663 800.2635 238.4618 1.671556 16.06639 84.41728 2.829881 21.49291 106.0074 975.0087 309.8021 39.72102 20.95381 8.544651 35.07731 21.67167 54.597 77.75635
0 0 0 0 0 0 0 0 0 0 0 0 0 0 0 0 0 0 0 0 0 55.22887 272.9463 1691.152 64.52467 109.5652 127.2701 8.058343 5.674684 2.596648 7.054516 160.2363 23.15301 2.082355 2.573045 19.74447 23.72773 15.43213 47.10379 22.60435 43.93263 37.6482 1396.915 648.1527 295.5163 116.8188 25.94205 10.98406 5.546623 84.06644 2.29577 11.49776 192.84 115.7445 228.1225 25.47584 54.51615 142.495 23.61278 6.313812 5.228229 8.578526 28.8243 14.35202 22.23392 16.93591 344.6567 497.6209 12.07283 4.913653 5.790674 20.27241 162.0636 219.5845 85.53945 7.612437 127.5048 98.05096 10.95302 28.57283 309.0472 97.60674 299.052 28.14964 0.5115264 1.635224 11.57765 24.00378 7.405543
0 0 0 0 0 0 0 0 0 0 0 0 0 0 0 0 0 0 0 0 0 0 0 59.27401 94.28087 89.12332 2.308034 11.05708 2.32634 5.464503 3.003727 13.23313 12.82248 14.71579 3.832627 6.837576 30.0978 1.074463 5.046807 7.656566 165.1206 293.4478 155.2372 68.20437 165.1323 5.609497 9.600404 4.797555 4.200439 245.8452 8.733711 30.73411 135.5042 103.1305 335.8325 35.06867 32.91345 78.2522 590.8606 75.43792 22.40611 5.519414 46.02762 11.14699 6.060484 5.186416 7.074093 23.24061 115.5292 3.370699 3.442953 5.385589 15.61848 13.00757 35.44144 90.53526 79.50057 101.6094 0.1846767 22.74957 0.01463885 121.5831 29.52686 347.4272 12.82317 0.7369968 22.67299 66.11359 17.75867
0 0 0 0 0 0 0 0 0 0 0 0 0 0 0 0 0 0 0 0 0 0 0 44.69154 34.26959 17.73657 2.179018 1.256447 1.649497 1.623184 25.69514 2.21711 143.896 3.292416 2.079289 1.947508 14.63527 1.53348 3.077535 5.525486 148.0892 35.99899 34.00474 26.03154 182.8683 298.7564 2.287612 4.013652 300.1965 12.60075 4.669438 22.55529 402.7246 143.9794 287.3316 28.90229 19.95411 114.0284 71.28498 161.5497 64.81449 21.51069 26.19149 6.001585 13.92803 3.334421 10.03798 4.379631 103.8739 39.70016 8.791137 11.61927 20.95133 31.51638 12.85434 24.05989 77.56064 652.484 12.67675 16.72246 0.718271 15.26387 30.89847 243.6781 166.2811 3.261968 49.91314 570.3207 57.3572
0 0 0 0 0 0 0 0 0 0 0 0 0 0 0 0 0 0 0 0 0 0 0 32.86352 253.4744 28.80354 4.458249 3.827231 39.19842 2.522397 12.43893 16.92132 21.02248 1.233741 0.3310804 6.259129 10.68902 16.60063 3.367597 1.030217 15.2239 7.556326 10.61173 6.954524 66.05659 12.58189 36.05014 3.519585 14.16206 4.00934 9.842799 28.68237 63.26976 268.4903 189.1378 23.10103 13.44838 30.68473 43.42081 113.2269 281.6026 130.4898 499.2411 14.45198 37.00599 17.19764 98.37382 21.60844 12.55742 312.48 60.83803 95.84635 49.29898 14.50032 51.7916 9.350306 42.89172 95.9733 34.71227 11.93616 12.23144 66.56475 63.21505 29.81048 166.5585 19.59661 5.493774 26.05276 51.3791
0 0 0 0 0 0 0 0 0 0 0 0 0 0 0 0 0 0 0 0 0 0 0 22.52845 126.2011 90.34986 30.99587 3.387078 3.439374 3.124312 6.136549 86.39033 1.48363 0.587676 8.956793 24.4471 42.62515 36.85958 5.750192 59.9854 0.393289 18.22659 81.60561 2.337723 14.84189 5.616355 188.8245 4.610583 3.218846 24.22613 39.13611 24.23952 43.05494 112.4869 139.319 140.3381 35.61559 47.11288 31.09318 187.286 2039.015 0 441.4693 357.6197 327.456 271.4086 191.9439 501.666 264.5728 582.9437 277.3647 156.1307 52.85659 118.8305 13.18046 9.645643 15.23929 46.51665 18.04913 1.423942 4.754027 17.61287 6.623287 14.83402 322.7829 24.67011 5.126407 32.05765 206.3259
0 0 0 0 0 0 0 0 0 0 0 0 0 0 0 0 0 0 0 0 0 0 0 1766.494 294.7678 18.90322 11.7388 7.853683 5.177888 5.831372 1.254044 0.5738835 0.4136059 13.45431 20.46437 23.43523 0.4181781 0.3171277 5.520048 0.1226746 3.46816 14.2733 0.993635 2.231466 4.892453 7.736368 5.620034 4.366663 83.08684 1.479512 4.063042 10.35479 10.63966 246.3517 53.75959 111.6289 52.01643 49.3507 73.18757 156.0697 193.7506 14.13518 300.9212 191.8952 34.38087 160.831 1267.924 2087.16 2228.445 1194.061 253.4867 299.1838 202.3058 22.89546 21.64198 16.89126 10.61505 136.2136 66.70481 17.7601 0.2114749 4.860787 0.6595601 18.45223 23.3621 22.66552 9.653926 0.6104964 20.14649
0 0 0 0 0 0 0.729001 322.6529 0 0 0 0 0 0 0 0 0 0 0 0 0 0 0 46.32987 30.4616 118.2002 42.00019 163.4763 15.45477 1.237712 1.272095 2.924024 374.1332 5.021018 20.31393 4.158903 1.515632 0.8384889 28.41961 1.462797 0.2962829 9.602186 53.72156 1.124246 0.4238837 0.9950905 148.9324 10.1214 11.18005 176.6816 3.918895 82.10073 18.45057 22.1624 449.6157 38.17643 43.7518 38.93172 26.76333 44.21289 166.3777 69.23051 62.00995 28.506 162.5862 116.2342 732.6482 574.811 356.8894 159.1024 154.9433 627.0282 1319.505 441.1458 152.5381 3.822613 16.9871 76.40114 12.94979 31.6696 1.209653 21.8661 9.550575 12.72317 109.7442 33.94342 9.420303 1.815383 3.800293
0 0 0 0 0 0 0.2310567 0.713559 0 0 0 0 0 0 0 0 0 0 0 0 0 0 0 14.66366 28.10083 643.2962 39.09336 12.49185 2.781277 2.775034 4.998119 47.31184 9.51641 1.8409 0.6845209 18.04932 38.6179 76.07825 84.75453 78.25184 3.225347 1.44852 2.854782 1.742198 3.265993 6.088463 4.714688 6.401132 3.286776 48.26907 4.218162 10.0211 2.774396 5.948364 73.06584 20.30601 51.36364 379.6259 60.66968 108.2549 51.21726 81.69795 235.8347 143.6041 47.02999 107.8445 76.32057 216.0526 365.5501 364.6971 154.9539 177.2184 143.8355 116.4613 205.6754 12.17107 13.41029 48.88916 5.068336 11.7273 37.35028 10.23446 3.237562 2.495676 16.83107 12.97938 14.8199 12.1915 0.8688604
0 0 0 0 0 0 0 0 0 0 0 0 0 0 0 0 0 0 0 0 0 0 5.347112 41.4717 41.68382 23.51568 29.58753 103.6084 1.531177 1.023967 9.739745 4.601902 6.263034 3.845778 4.165957 153.7237 41.34952 13.45377 5.966993 4.697038 5.489814 39.22087 7.942707 9.022555 1.619137 15.87084 16.6584 20.06571 6.316081 9.889932 2.147967 5.59431 18.06248 3.712695 1.639439 261.0482 118.3658 101.0239 97.07639 65.86119 22.82612 49.70945 46.59584 42.10787 65.33043 85.24358 47.34393 115.9791 208.3289 225.3876 10.44489 14.74378 183.6043 139.2151 179.4477 934.3547 634.3562 53.21665 23.30691 21.37714 6.300745 10.69106 2.26918 5.091511 19.07323 2.490122 0.4412033 0 10.60283
0 0 0 0 0 0 0 0 0 0 0 0 0 0 0 0 0 0 0 0 0 0 46.99 2466.003 48.65567 10.01126 19.08438 8.027622 224.5787 1236.803 12.07777 147.9379 340.2874 39.08405 3.32411 14.55373 14.63377 54.5283 6.485728 1.895964 4.752546 65.72624 24.88661 7.715552 16.18064 10.86564 23.99711 5.778463 44.44439 13.51784 46.13584 25.34391 1.442958 1.252384 1.171677 3.632489 13.25457 8.155428 61.24025 158.4698 43.06352 52.26168 4.246551 1.384675 16.07593 27.11572 87.56982 145.2838 181.713 49.01841 42.64392 24.14767 35.28738 214.3827 128.9589 1393.437 753.3634 12.53113 1.305183 6.955146 17.77573 2.690193 1.913599 5.840546 6.492026 53.3403 23.27784 1.25371 0
0 0 0 0 0 0 0 0 0 0 0 0 0 0 0 0 0 0 0 0 0 0 0 0 0 0 0 0 0 197.6513 36.25985 62.90957 10.61311 88.80019 54.84975 7.061065 21.19386 22.2032 0.88693 13.92566 4.212977 43.54382 12.37038 3.168514 47.09274 6.096792 31.25929 249.6621 104.8566 3.628269 18.52999 359.8475 1.381381 41.70784 2.811646 1.7208 34.40506 49.97826 2.030236 42.00974 102.8856 11.23712 9.29003 1.814672 7.952665 11.13532 227.4089 436.8301 107.1162 42.32833 18.9892 84.51237 83.59747 42.31143 178.6718 30.66521 279.389 55.55739 0.8354243 8.21236 23.64185 22.37785 5.203248 27.11465 1.595207 0.007951095 14.06803 3.354389 0
0 0 0 0 0 0 0 0 0 0 0 0 0 0 0 0 0 0 0 0 21.4429 104.6401 0 0 68.53646 0 0 0 0 4.452106 10.20273 0.9245499 15.86355 0.5469354 40.40852 11.30705 88.49507 13.53263 53.76674 20.80536 6.61995 10.86822 6.426756 6.047472 2.28738 7.756871 14.43004 131.5203 92.35326 85.72071 43.28749 224.6374 2.194033 1.05493 25.69804 9.253007 26.97422 1.38657 4.862097 85.61043 91.38297 33.64127 8.205621 2.830148 10.00878 66.34617 28.96599 135.3876 107.9927 24.7458 137.4847 61.65336 197.8005 52.62845 57.09599 113.6309 162.9557 82.41187 5.601814 4.441612 12.49309 6.256826 3.109922 4.432162 5.93252 17.38594 0.7539306 0 0
0 0 0 0 0 0 0 0 0 0 0 0 0 95.64389 40.82791 316.3728 82.866 34.63248 1099.54 182.8237 82.53805 241.0065 0 0 0 0 0 0 108.7029 21.8337 2.535838 3.919169 12.41506 19.84421 10.4567 9.574519 20.58673 27.86649 150.7971 16.58359 17.43187 32.6199 16.02907 14.65807 0.1965029 15.423 13.81074 1.485677 6.57095 37.32061 5.297 2.486846 10.09115 6.720574 2.589642 10.68675 1.177702 2.000734 37.11556 4.496696 34.84273 7.406937 4.119218 5.014826 1.928817 0.9235771 11.93128 24.64605 141.5444 60.86642 17.3882 26.90773 3.520176 16.5563 47.37878 180.3593 158.006 212.2419 9.162932 7.196665 27.61353 24.83839 1.37453 3.542845 10.71066 151.3854 3.020348 5.947846 1.716012
0 0 0 0 0 0 0 0 0 0 0 0 0 40.17376 0.8813016 37.77641 177.4462 32.79681 74.8481 83.27367 355.3825 29.81843 0 0 0 0 0 0 0 6.623139 38.0243 65.99474 275.2755 9.757705 14.17746 25.89235 59.52444 3990.725 193.5986 129.451 12.06533 16.27168 12.92906 14.86072 1.715022 0.1311974 15.97668 15.1862 17.58901 2.199081 27.7568 56.74707 9.839228 16.84072 21.96069 14.90787 3.039369 18.93175 28.97019 190.6921 32.10787 16.98105 32.18663 27.56286 2.824466 2.114234 23.68219 41.0312 268.7255 216.2188 39.50188 139.6302 12.12512 21.17587 20.8293 94.09805 671.5002 189.9929 15.17887 18.34146 0.07023626 3.256083 3.319679 7.337109 17.5926 65.72606 15.5828 0.3986427 0
0 0 0 0 0 0 0 0 0 0 0 0 0 701.6407 11.98361 61.65207 374.0498 4.265558 12.1508 269.3436 195.501 4.397554 0 0 0 0 0 0 0 0 0 0 0 2.979092 207.0683 22.71991 53.83632 138.7683 40.06993 12.17692 8.740519 9.752666 38.18594 3.574849 14.35457 1.284701 0.666927 14.41039 20.72996 0.5682311 6.588506 15.88742 10.52129 15.36052 8.37329 245.2053 53.33775 7.765878 54.15973 27.58159 64.51742 603.2037 413.7935 21.26303 4.987408 47.34592 12.72612 42.73615 17.57129 26.10685 62.39386 45.51335 29.99482 18.82246 148.8288 241.9677 659.1401 16.7743 23.14966 24.70737 0.07901611 6.207718 22.15262 122.8209 17.17868 7.185438 19.07062 0.0009931093 5.534049
0 0 0 0 0 0 0 0 0 0 0 0 0 0 0 0 0 0 0 0 0 0 0 0 0 0 0 0 0 0 0 0 0 0 50.08742 12.57956 7.265927 55.09775 62.92189 7.068813 3.962486 6.077996 72.28193 50.23365 4.578538 3.291789 6.569233 7.617069 36.08205 15.20587 9.153346 13.08356 60.01401 29.52523 54.88673 152.2034 142.929 12.13988 74.21911 19.00187 56.91557 141.9376 53.85534 12.03759 101.2827 20.32708 3.980079 26.28889 20.48767 39.2998 19.8945 95.2573 185.7243 13.34361 8.69218 11.45714 6.286594 3.005319 12.90405 1.872856 1.130687 1.232621 1.956506 5.70872 5.717824 3.576707 1.025787 0.8899238 11.37537
0 0 0 0 0 0 0 0 0 0 0 0 0 0 0 0 0 0 0 0 0 0 0 0 0 0 0 0 0 0 0 0 0 0 0 0 0.4056507 6.165442 15.27722 9.456658 40.757 6.556022 12.48606 7.238307 10.49891 9.162796 12.03621 21.92942 2.392186 3.373913 35.41912 172.065 7.186851 21.97297 47.15225 96.28585 9.029145 14.5743 369.4421 20.25955 36.27794 172.6602 16.28025 160.5242 18.10424 78.55733 46.73404 13.16504 72.82088 139.4701 119.1086 130.6928 27.14292 2.342736 22.82259 8.861365 17.62373 10.1917 15.28134 1.655092 0.633137 26.54508 8.861465 0.1370008 8.061823 2.646235 0.06336558 4.910065 12.73472
0 0 0 0 0 0 0 0 0 0 0 0 0 2.299917 0 0 0 0 0 0 0 0 0 0 0 0 0 0 0 0 0 0 0 0 0 0 0.3551792 0.6161672 8.866795 12.10496 11.11925 27.14042 47.843 10.04591 8.235234 8.124559 35.23166 218.8696 4.511199 5.215019 6.750293 3.20437 0.8464236 1.138433 5.248539 1.246529 29.22193 0 28.4278 4.146404 4.749339 37.96798 40.37428 69.73553 14.36596 56.09545 98.21603 31.74334 17.24889 52.53494 13.08308 78.42 377.9567 849.5029 123.4387 97.71837 38.32614 197.9782 34.28932 11.61527 0.3139462 12.88757 5.317934 7.873437 23.8557 0.1431732 14.50917 5.4335 13.87804
0 0 0 0 0 0 0 0 0 0 0 0 0 0 0 0 0 0 0 0 0 0 0 0 0 0 0 0 0 0 0 0 0 0 0 0 0 0.08943699 55.24158 73.58788 12.44637 21.83167 6.998726 17.39112 12.96756 10.61788 6.76384 9.809905 4.499822 1.415398 0.701213 0.4085622 97.0698 134.6893 156.1419 28.67688 281.6392 0 0.1155112 327.2026 74.28125 59.77369 54.17359 85.34796 64.20873 16.01756 63.6252 51.21798 179.8337 325.6389 68.68057 100.1908 34.90178 416.9597 4215.699 624.6915 170.1013 102.1585 26.02632 2.894628 0.6395887 6.60036 70.62896 10.63627 3.814453 4.605709 14.54034 1.760667 10.35799
0 0 0 0 0 0 0 0 0 0 0 0 0 0 0 0 0 0 0 0 0 0 0 0 0 0 0 0 0 0 0 0 0 0 0 0 0 0 0 243.0305 69.58246 23.48405 20.45706 40.60275 3.994901 10.14462 2.226283 1.793962 0.5301551 0.5161054 1.518922 0.7157016 0.9849464 77.22046 128.2144 3.971532 3.736252 263.0118 8.444666 332.9326 134.3267 6.780749 36.85984 172.5628 21.95028 42.57374 167.3153 60.7895 34.36998 87.06878 39.16391 596.4885 111.24 178.4699 392.0867 70.88414 9.914812 58.68436 28.91066 71.61503 58.5076 0 0.1155345 0.3453186 3.141608 16.01538 34.57384 25.84631 39.85242
0 0 0 0 0 0 0 0 0 0 0 0 0 0 0 0 0 0 0 0 0 0 0 0 0 0 0 0 0 0 0 0 0 0 0 0 0 0 0 45.12828 51.39153 5.42375 1.417788 5.484138 3.530002 3.861213 3.728436 1.291887 2.793283 0.01392152 0.8775831 2.587484 77.78855 268.6119 65.13286 0.635717 0.4993564 2.437926 0.4122241 22.86162 13.2473 22.09937 42.35384 206.1378 69.7851 99.89149 93.23975 101.0268 244.914 50.13072 72.24654 114.539 18.3928 30.66841 86.8044 1.059575 7.497533 63.1557 13.48699 44.37627 202.8749 3.815954 2.820335 0 6.918673 4.514897 0.0661869 21.16714 47.19471
0 0 0 0 0 0 0 0 0 0 0 0 0 0 0 0 0 0 0 0 0 0 0 0 0 0 0 0 0 0 0 0 0 0 0 0 0 1017.5 242.5608 86.20512 1294.988 64.31282 8.998212 14.31145 31.83218 83.35009 22.97851 17.32338 0.8754461 0.1117841 0.3755502 0.4107827 2.174106 1.093323 2.977748 319.713 27.42571 2.971799 4.059374 25.90816 32.02743 1772.705 498.8908 145.6208 342.5591 59.0789 21.38371 117.5153 286.9395 33.96611 89.64408 36.3583 31.72989 13.43033 49.90701 5.578391 5.4204 104.853 40.91584 532.731 373.645 90.72689 11.59102 0.2125068 59.14868 1.035975 0 10.62892 32.389
0 0 0 0 0 0 0 0 0 0 0 0 0 0 0 0 0 0 0 0 0 0 0 0 0 0 0 0 0 0 0 0 0.2625052 0 0 0 0 19.17768 2.726469 211.059 106.3108 62.67097 64.18124 113.0458 40.82378 30.08899 119.2155 36.95883 6.214147 10.17594 3.460386 1.604012 1.152 0.8672248 5.129946 160.8089 9.481411 0.7668453 1.648135 10.51323 58.52872 1173.32 71.13523 16.56619 271.758 468.4984 24.81127 183.6418 25.81988 26.02293 70.11333 38.64415 92.30332 3.259335 24.73478 44.68906 1.855093 188.4803 127.0614 1166.968 585.5084 319.6021 47.92019 72.10969 158.995 17.54929 3.748398 0.1067139 6.899388
0 0 0 0 0 0 0 0 0 0 0 0 0 0 0 0 0 0.1883338 0.1883338 0 0 0 0 0 0 0 0 0 0 0 0 1.174929 66.39319 228.601 0 0 0 0 10.38485 10.50244 0 0 0 0 0 0 26.63514 9.781238 5.278324 347.5653 7.303906 6.261755 2.025728 0.5386052 1.707221 0.1313532 0 1.324146 6.251498 19.49884 71.9244 184.7417 85.60067 10.56303 14.51712 46.81278 243.1673 239.6176 119.6861 59.79212 161.9075 23.1855 56.45185 91.01708 77.21574 62.80391 3.224871 40.89197 17.86894 62.38496 21.20138 46.85509 28.01197 14.03196 0.2697345 0.006287119 0.007433006 9.59105 35.79667
0 0 0 0 0 0 0 0 0 0 0 0 0 0 0 0 0 0.1883337 0.1883338 0 0 0 0 0 0 0 0 0 0 0 0 0 0.1544737 0.4969087 0 0 0 0 0 0 0 0 0 0 0 0 0 0 83.40672 77.24937 8.262675 5.461044 8.940182 2.129178 4.217047 0.01919668 0 0.7195262 22.93921 16.93149 577.3438 268.0665 3.812042 113.4151 452.8462 152.5536 158.7607 168.2594 549.7249 91.55652 18.63478 43.05872 188.8723 211.2331 150.2412 100.1078 2.84033 41.28358 7.660021 20.88192 21.63988 17.38487 28.72353 18.92713 12.86519 0.06892221 0.01105873 0.05591408 0.5637809
0 0 0 0 0 0 0 0 0 0 0 0 0 0 0 0 0 0 0 0 0 0 0 0 0 0 0 0 0 0 0 0 0 0 0 0 0 17.9097 0 0 0 0 0 0 0 0 0 0 0 0 4.285212 37.32119 34.24302 355.1818 0.9961793 0.5072536 128.0842 0.03981254 0.02551319 198.6946 138.3492 11.00909 95.76613 387.7476 429.6575 21.71299 11.42892 142.901 330.1187 36.6971 2.487772 1.86623 108.5791 123.6651 73.54138 382.3994 53.61316 25.63865 32.51579 84.93468 38.73558 20.28116 4.920154 6.272312 26.25934 15.68799 47.78557 9.553724 0.002787817
0 0 0 0 0 0 0 0 0 0 0 0 0 0 0 0 0 0 0 0 0 0 0 0 0 0 0 0 0 0 0 0 0 0 0 0 0 0 0 0 0 0 0 0 0 0 0 0 0 0 0 92.18178 107.0558 415.3541 3.34173 4.160421 1.135948 0.1668744 0 20.71255 37.23634 154.7481 55.40048 304.0583 330.2101 17.65381 140.3542 505.6975 60.58184 207.2232 274.8371 206.5002 14.4033 161.8604 96.67122 161.1695 135.2225 108.5216 161.1651 84.80706 13.06319 29.57562 24.01883 5.230207 8.178547 28.55859 23.31338 28.28413 11.43814
