Scenarios/Global_Grid/data/country_data_population_distribution/processed/density_grids/ken.asc
ncols 213
nrows 251
xllcorner 33
yllcorner -4
[rows 90 to 119 of 251, columns 69 to 137 of 213]
14.04171 7.533311 4.754593 4.754593 4.754593 6.023526 9.451701 10.57351 10.21504 10.16067 9.908664 9.48223 9.482229 16.09513 26.35338 18.96971 13.90071 13.92146 13.02989 9.721376 8.554914 4.570709 6.042099 10.0964 11.23991 11.2399 10.37364 10.22951 13.32222 18.13214 12.65942 12.74549 12.86919 12.25807 13.08665 11.21106 4.605502 4.605502 4.605502 4.705883 7.793052 8.399731 8.39973 8.401461 8.830087 8.960409 8.960409 8.701717 5.72934 5.187364 5.187363 5.187364 5.187363 5.187364 5.187363 5.187364 5.187363 5.187364 5.187363 3.66861 0.5986484 0.5986485 0.5986484 0.6816849 0.26847 0.26847 0.26847 0.26847 0.26847
22.39229 20.71718 9.535734 7.77997 8.749112 10.52607 10.57351 10.57351 10.57351 10.57351 10.04025 9.482228 9.482229 9.943403 11.31477 9.482229 9.482229 9.482229 9.642738 9.200538 5.145161 4.270666 4.270666 7.836178 11.22125 9.097005 7.320396 10.22951 12.61509 18.11391 14.00301 13.91596 13.91596 13.91596 13.91596 13.56613 4.720685 4.605502 4.605502 4.605502 5.434712 8.367797 8.399731 8.615834 8.92702 7.171076 4.549866 2.591262 4.961396 5.187364 5.187364 5.187364 5.187363 5.187364 5.171882 2.854898 2.256849 3.131171 3.621212 1.946923 0.5986485 0.5986485 0.5986485 0.4683637 0.26847 0.26847 0.26847 0.26847 0.26847
22.39229 23.75227 21.46115 10.57351 10.57351 10.57351 10.57351 10.57351 10.57351 10.57351 10.14335 9.482229 8.731898 4.796501 6.80564 9.324373 9.475771 7.501295 5.693125 5.345375 4.270666 4.68888 4.616978 5.997804 9.571286 4.251176 4.08023 8.397341 10.24386 16.9312 13.43834 12.0786 12.18318 12.49704 13.91255 13.91596 5.860569 4.605502 4.605502 4.561058 4.28591 6.657219 8.335966 6.291012 3.307812 2.280947 2.280947 2.280947 5.01205 5.187364 5.187364 5.187364 4.900994 2.684637 1.00775 0.5986484 0.5986484 0.5986484 0.5986484 0.5986484 0.5986484 0.5986485 0.5986485 0.3899305 0.26847 0.26847 0.26847 0.26847 0.3678473
21.18101 24.40328 29.59568 14.56687 10.57351 10.57351 10.57351 10.57351 10.57351 10.57351 10.19137 9.394927 6.615801 3.023511 3.293669 5.198238 8.937314 4.327871 3.787918 4.037883 4.129557 7.441504 8.959358 6.411552 6.118192 4.8896 4.079444 4.984807 7.78628 16.18958 14.16529 11.1369 11.1369 11.1369 11.60877 12.47494 6.309381 4.574877 4.422006 4.278708 4.254522 4.470841 3.079361 2.280947 2.280947 2.280947 2.280947 2.280947 5.007875 5.187363 5.271544 4.452671 1.156819 0.5986485 0.5986484 0.5986484 0.5986484 0.5986485 0.5986484 0.5986485 0.5986484 0.5986485 0.5358618 0.294262 0.26847 0.26847 0.26847 0.26847 0.5392632
21.12186 28.87136 29.80083 25.41004 10.99446 10.57351 10.57351 10.57351 10.57351 10.25108 8.861939 4.171789 3.029468 3.023511 3.673063 3.787918 5.258699 3.787918 3.787918 3.791329 3.787918 4.536691 8.628628 8.541913 5.558854 6.641264 4.521428 4.079444 4.168999 11.17896 16.52808 11.13755 11.1369 11.1369 10.15044 6.528496 4.892342 4.265306 4.254522 4.254522 4.254522 4.254522 3.555803 2.280947 2.280947 2.280947 2.280947 2.373077 6.525289 15.05015 19.50161 1.135111 0.5986485 0.5986485 0.5986485 0.5986485 0.5986485 0.5986485 0.5986485 0.5986485 0.5986485 0.4805197 0.2809149 0.26847 0.26847 0.26847 0.26847 0.26847 0.6682831
30.26874 39.02101 34.12825 27.95952 19.2327 10.57351 10.57351 10.57351 10.35585 8.909741 5.427513 3.023511 3.023511 3.029895 3.653602 3.787918 3.787918 3.787918 3.787918 3.787918 3.787918 3.787918 4.878215 8.926354 7.47764 6.748339 5.260034 4.079444 4.079444 4.431537 9.995843 8.65134 8.473218 5.990812 4.474045 4.254522 4.254522 4.254522 4.254522 4.254522 4.3793 5.093612 5.654621 2.913204 2.280947 2.34643 4.899766 8.377395 13.14853 20.77692 20.77692 5.249108 0.5986485 0.5986485 0.5986485 0.5986485 0.5986485 0.5986485 0.5986485 0.5923585 0.4100048 0.268833 0.26847 0.26847 0.26847 0.26847 0.26847 0.2782081 0.7865793
40.86727 40.36215 36.77199 27.83679 27.55495 19.39838 10.20024 10.35822 9.105582 8.766733 5.288056 3.023511 3.023511 3.023511 3.031015 3.431075 3.527534 3.787918 3.787918 3.787918 3.787918 3.787918 3.958557 8.059718 9.018935 8.680772 4.330355 4.079444 4.079444 4.556784 7.148321 7.152734 7.152735 5.553446 4.254522 4.254522 4.254522 4.254522 4.323792 4.986085 5.653632 5.729415 5.729415 4.744421 4.340579 8.548002 9.88087 12.9666 19.29352 20.77692 17.46856 1.978 0.8495176 0.5986485 0.5986484 0.5986484 0.5986484 0.5986485 0.567301 0.339213 0.2556333 0.2586504 0.263338 0.2662854 0.26847 0.26847 0.26847 0.380219 0.7428806
43.9256 43.69845 37.68528 35.98201 87.18205 98.82297 9.670706 8.779902 8.766734 8.766734 4.7245 3.023511 3.023511 8.697218 5.650893 3.209362 3.026465 3.250739 3.742728 3.798652 3.787918 3.787918 11.17167 14.96213 20.4365 20.48117 25.23385 14.49436 5.986132 7.001848 7.831665 7.152734 7.152735 5.985099 4.254522 4.254522 4.254522 4.41545 5.579543 5.729415 5.729415 5.729415 5.729415 5.728937 8.540851 9.742775 9.591891 13.22376 9.805743 5.830377 3.338307 2.199544 2.129645 1.194119 0.5986485 0.5986485 0.5986484 0.5228652 0.2920628 0.2556323 0.2556323 0.2556323 0.2556323 0.2556666 0.2598892 0.2610969 0.2574716 0.2679872 0.257171
41.74746 42.2641 32.74418 19.621 42.09726 36.56913 12.85349 8.766734 8.858917 8.766734 6.050492 3.157821 9.608113 15.59216 15.59216 15.28963 13.17605 6.804263 4.050365 4.14959 11.66934 15.06852 22.49295 21.04363 20.48117 19.66899 28.69642 34.87694 13.23666 8.249874 7.901788 7.152735 7.152734 6.233289 4.254522 4.254522 4.254522 4.610647 5.729406 5.729415 5.729415 5.729415 5.729415 5.729415 5.882919 6.161035 5.729415 5.729415 2.502275 2.199544 2.199544 2.199544 2.199544 1.88486 0.5986485 0.5986171 0.4591603 0.2642131 0.2556323 0.2556323 0.2556323 0.2556323 0.2556323 0.2556323 0.2556323 0.2556323 0.2556323 0.2556323 1.329448
35.91126 35.91127 25.38223 16.28416 16.28416 21.41754 33.55539 12.61046 10.21428 9.824928 6.88032 5.386596 9.357962 15.56801 15.59216 15.59216 12.95761 4.647892 4.074743 4.074743 17.59682 26.8269 21.55008 20.48117 19.61363 19.22325 21.27061 26.63266 11.70212 8.249874 7.862113 7.152735 7.152734 6.100584 4.254522 4.254522 4.254522 4.254522 5.515838 5.729415 5.729415 5.729415 5.729415 5.729415 5.729415 5.729415 5.729415 4.296756 2.248299 2.199544 2.199544 2.199544 2.199544 1.828969 0.5878661 0.3869061 0.2556322 0.2556323 0.2556323 0.2556323 0.2556322 0.2556323 0.2556323 0.2556323 0.2556323 0.2556323 2.412247 8.845296 3.26576
39.23492 35.95353 29.75416 16.28416 16.28416 27.52142 37.53036 27.9092 10.32181 10.31692 8.064083 7.673598 7.756256 12.60871 15.59216 15.43436 12.35667 10.62857 4.074743 4.074743 12.62991 28.99235 21.64052 22.55947 38.88347 29.2164 24.93131 24.83963 21.18756 8.755682 8.313494 7.813901 7.831308 6.679204 4.254522 4.254522 4.254522 4.273047 6.797369 7.619232 8.054581 8.332974 6.693854 5.740549 5.729415 5.729415 5.729415 3.008728 2.199544 2.199544 2.199544 2.199544 2.199544 1.714306 0.3253715 0.2556323 0.2556323 0.2556323 0.2556323 0.2556323 0.2556323 0.2556323 0.2556323 0.2556323 0.2556323 2.243629 13.13859 19.14534 11.33156
89.31831 85.81248 72.27729 38.30701 26.45376 23.18357 31.58239 34.28313 18.6595 10.31692 9.686695 7.756256 7.756255 7.768108 5.334051 4.484558 4.52034 5.163208 4.074743 4.074744 7.387465 31.40812 25.66989 26.18459 53.19282 30.87223 24.95428 24.83963 19.90238 13.09341 11.58596 11.58596 11.58595 7.952122 4.254522 4.254522 5.428239 9.761869 11.63377 11.63377 11.63377 10.43508 6.363163 6.103581 5.729415 5.729415 5.566365 2.46346 2.199544 2.199544 2.199544 2.199544 2.199544 1.665827 0.2556323 0.2556323 0.2556323 0.2556323 0.2556323 0.2556323 0.2556323 0.2556323 0.2556323 0.2556323 0.3448235 9.774618 12.90791 16.40646 19.13974
75.19787 77.49826 44.39305 32.60201 32.60201 28.62981 18.64159 25.80493 32.50043 12.04649 9.88456 7.756255 7.756256 7.756255 5.298143 4.3658 4.728797 5.030746 4.879328 44.44448 46.73911 50.42739 33.93295 41.75585 114.0339 60.72921 24.90396 24.75174 14.93139 13.42617 11.45194 11.58595 11.58595 11.10291 11.17091 10.65489 11.51703 11.63377 11.63377 11.63377 10.9501 6.870553 6.272029 6.271747 5.795197 3.945468 2.35387 2.199544 2.199544 2.199544 2.199544 2.199544 2.199544 1.897118 0.2865585 0.2556323 0.2556323 0.2556323 0.2556323 0.2556323 0.2556323 0.2556323 0.2556323 0.2556323 2.940721 6.176875 11.1888 13.01329 17.56139
51.91717 59.50897 43.75695 34.04172 27.80272 20.85703 19.58816 23.05676 25.13769 47.80569 56.1995 36.27894 7.756255 7.7521 4.90142 4.3658 4.3658 4.721056 5.136137 24.51964 67.1426 52.46768 125.843 624.5249 165.5957 62.15738 24.80493 19.59569 13.6976 10.68465 9.860784 10.88043 11.57947 12.57964 13.0437 12.37636 11.63377 11.63377 11.63377 10.63761 6.924363 6.272029 6.272029 6.272029 6.170606 3.068769 2.199544 2.199544 2.199544 2.199544 2.199544 2.199544 2.199544 2.199544 1.296163 0.2556323 0.2556323 0.2556323 0.2556323 0.2556323 0.2556323 0.2556323 0.2556323 0.2556323 3.823603 6.009673 6.485416 11.76038 13.42024
24.75983 24.72579 31.22771 36.40692 18.64158 18.64158 20.28667 23.09069 24.43643 55.35162 58.141 58.13826 25.79603 5.218059 4.3658 4.3658 4.3658 16.24165 32.22197 30.83204 45.04123 55.27739 181.1742 394.3505 163.131 21.08968 21.60068 15.85651 10.70472 9.660413 9.695313 9.811028 12.46184 13.96824 15.21141 15.22453 13.30337 11.60769 9.439282 6.446292 6.272029 6.272029 6.272029 6.051271 5.555472 2.732961 2.199544 2.199544 2.199544 2.199544 2.199544 2.199544 2.199544 2.199544 2.190445 0.8418209 0.2556323 0.2556322 0.2556322 0.2556322 0.2556322 0.2556322 0.2556323 0.2556322 4.529949 6.132436 6.009673 6.811959 12.18207
24.25783 24.10117 23.92722 27.34326 24.15422 22.74154 28.02712 29.11142 31.87029 42.06598 58.141 58.141 72.59433 48.7982 4.3658 4.3658 4.3658 16.37551 37.86943 37.86944 37.86943 46.3644 126.2622 240.0429 249.5764 19.95076 19.95076 14.01998 9.757248 9.790498 9.981918 10.05902 15.57266 15.03927 17.50356 17.60606 17.5569 12.45217 6.272029 6.272029 6.272029 6.271976 6.243834 5.529671 4.094449 2.199544 2.199544 2.199544 2.199544 2.199544 2.199544 2.199544 2.199544 2.199544 2.199544 1.781239 0.2556323 0.2556323 0.2556323 0.2556323 0.2556386 0.2556323 0.2567557 0.8279964 6.01959 6.805844 6.449187 6.052086 7.205897
26.24207 24.22652 24.36049 30.56292 31.14946 30.92953 29.36343 30.90946 36.9723 56.04607 73.61386 53.84184 81.09959 193.1405 23.2975 4.3658 4.3658 10.28816 34.90384 35.02551 35.24823 34.9372 59.84092 101.7871 112.5804 42.8408 30.83814 34.86188 9.993247 9.993247 9.993247 10.49377 15.1651 15.80965 16.35108 16.29323 16.229 16.09128 25.15054 36.37582 12.52419 6.000503 5.523873 5.523873 3.778244 2.199544 2.199544 2.199544 2.199544 2.199544 2.199544 2.199544 2.199544 2.199544 2.199544 1.891194 0.2556323 0.2556323 0.2556323 0.2556323 0.3269095 2.029863 2.471014 4.086335 6.825281 6.825281 6.825281 6.745415 6.45021
37.31623 23.67401 24.10771 32.91549 32.43491 31.15376 30.71063 33.76151 74.09532 96.24129 79.5533 53.26712 52.70062 96.52649 99.2158 35.20977 4.3658 9.151967 30.04257 30.00294 30.60934 31.5333 33.06204 34.65452 34.01055 37.70644 58.86508 48.10919 21.25566 10.28672 10.5211 10.32515 11.32362 13.75241 16.02138 16.02514 16.02514 37.94675 239.1804 206.3164 47.51964 23.31074 5.523872 5.523872 4.828681 2.199544 2.291252 3.059541 2.200582 2.199544 2.199544 2.199544 2.199544 2.199544 2.199544 1.98917 0.2556322 0.2556322 0.2556322 0.2556322 0.2556322 0.6538399 2.631588 2.845546 6.055589 6.825281 6.825281 6.82528 10.97287
21.3848 21.48996 21.17571 28.67505 37.32064 36.32998 42.22483 48.91299 51.90522 52.77952 50.98186 47.71573 45.80926 55.71165 57.19788 83.40495 23.39783 7.924008 19.29656 27.8661 27.87137 27.87136 27.87137 30.45141 34.96658 59.27454 84.01694 47.8593 36.62187 15.39285 16.01461 11.05715 10.31992 10.57972 15.24883 14.22807 13.04014 20.13103 52.5465 15.16997 11.43509 7.904025 5.523872 5.523872 4.946059 3.050444 3.478038 3.944539 2.665273 2.199544 2.199544 2.199544 2.199544 2.199543 2.199544 2.093617 0.2556322 0.2556323 0.2556322 0.2556323 0.2556322 1.705037 2.634314 2.634314 2.962736 5.483425 6.737454 5.633819 11.88121
18.1725 21.07912 21.21768 24.4458 34.53954 52.1768 55.02093 42.76903 36.91936 35.5338 33.90253 33.70729 43.0757 30.2303 20.27853 44.62925 44.18034 15.96839 12.77094 23.51219 24.43285 26.81516 35.37278 62.21836 65.32841 41.84564 71.89945 45.30299 28.74692 16.0347 15.74777 10.62221 12.31211 12.28736 13.59248 10.13025 9.658794 9.658794 8.051864 5.525356 5.523872 5.523873 5.523872 5.523873 4.512842 3.613336 4.103367 4.148601 4.1486 3.477082 2.783213 2.199589 2.199544 2.199544 2.199544 2.188402 0.5177541 0.8103265 1.039401 1.14395 1.228342 2.535091 2.634314 2.634314 2.634314 2.64165 2.870942 6.996688 17.51036
44.70276 49.73893 48.84558 36.73822 37.88034 42.50401 41.33242 29.8107 29.97518 33.66459 33.31998 32.42776 26.68911 29.47072 33.5167 52.58416 72.27461 241.3289 124.2772 20.4023 23.24289 33.08675 43.9553 66.01551 60.125 18.86099 30.83421 45.22281 24.79171 16.37437 19.97005 33.71373 32.84404 14.38958 13.7085 11.33671 9.658794 10.10874 11.61771 10.71469 8.463612 6.431785 5.523872 5.523873 4.710613 3.731317 4.148601 4.148601 4.148601 4.073709 3.984959 3.739845 3.100313 2.225185 2.199544 2.199544 2.607898 2.634314 2.634314 2.634314 2.634314 2.634314 2.635211 3.187029 5.721917 7.059009 7.519866 9.587876 17.63834
56.13912 44.04086 49.60628 34.76587 38.21599 42.3884 32.07567 27.56204 28.33736 27.21217 23.79421 21.27309 36.95796 41.8809 43.92916 57.10526 95.97285 204.3818 72.19105 16.16815 21.23107 25.30758 24.49594 25.83165 16.12351 9.262075 11.80101 43.43378 25.9455 23.39134 22.04906 21.35755 29.07582 21.84106 13.7085 13.5564 10.16148 11.58247 12.58009 11.57278 11.34681 6.995515 4.920723 5.523872 4.190037 3.696837 4.148601 4.1486 4.1486 4.076653 3.984958 3.984958 3.984958 3.681715 2.979035 2.278121 2.572843 2.768479 2.835128 2.933347 2.773315 2.708154 2.718576 4.977639 8.940405 8.940406 8.940405 8.940405 14.41271
57.77874 65.0653 125.1879 61.66774 49.73397 48.16364 24.07383 30.06059 30.40266 27.95862 21.61448 27.21653 42.5002 41.88089 43.61093 84.57251 95.39227 72.18823 24.12569 12.40537 12.40537 12.40537 12.04518 9.354857 9.262076 9.262075 9.262076 27.81738 33.00419 29.18842 21.28293 16.95642 14.32443 12.10288 13.17247 13.7085 13.09749 11.98539 12.58021 12.21582 11.34681 6.891432 3.562963 4.206027 3.85586 3.566573 4.049597 4.148601 4.148601 4.081833 3.984958 3.984959 3.984958 3.984959 3.720448 3.068191 2.810242 3.072104 3.07531 2.908139 2.737691 2.737692 2.737691 3.294297 8.75773 8.940406 8.940405 8.940406 10.4603
96.47427 168.03 201.5317 80.38039 70.95296 50.32687 34.03513 44.85867 47.15035 28.79216 29.6157 45.66507 21.0714 24.87016 25.07872 32.97774 110.9334 34.78562 18.43158 12.40537 12.40537 12.40537 12.40537 11.48223 9.320894 9.262075 9.262076 12.48455 22.16336 30.97041 31.48505 16.58174 9.712814 9.712815 9.833733 10.65279 9.053824 8.721474 11.40947 10.9645 10.52226 11.75735 5.600518 3.551407 3.551407 3.560326 3.839829 4.148601 4.148601 4.086966 3.984959 3.863357 3.608147 3.575025 3.090912 3.07531 3.07531 3.07531 3.069198 2.813099 2.737692 2.737692 2.737691 2.737705 8.679237 8.940405 8.940406 8.940405 8.96613
89.74945 207.9432 391.8044 183.1822 91.22858 51.17581 35.36843 35.36843 40.80566 39.87901 31.19766 25.32692 20.88668 21.5408 29.25896 29.66518 17.87208 16.16167 14.30056 12.47948 13.41191 14.21778 10.04434 9.331481 9.262076 9.262076 9.262076 9.262076 9.262076 28.17225 17.74393 9.712815 9.712815 9.712815 9.712815 9.419717 7.983859 7.976829 8.786306 9.640316 9.662195 14.1383 15.09271 22.83741 16.78399 30.74899 14.837 11.67329 4.133089 4.002383 3.875988 3.247811 3.075353 3.07531 3.07531 3.07531 3.07531 3.07531 2.837018 2.737692 2.737692 2.737692 2.737692 3.060555 7.795294 7.99541 8.466806 8.887321 8.046623
104.6121 254.8632 449.2339 158.1705 57.77659 44.77912 40.30968 40.67827 164.6338 20.80305 14.49872 15.93722 16.30071 20.37193 20.25801 13.80022 11.43341 11.43341 18.93314 24.30943 25.29346 21.9663 9.262075 9.262076 9.262075 9.262076 9.262075 9.262076 12.27689 33.00716 25.41936 11.82929 9.712814 9.712814 9.652986 8.292323 7.97683 7.97683 8.423247 11.18581 13.07786 14.65945 22.88391 37.88914 37.88914 37.88914 37.43573 26.18501 3.922379 3.07531 3.07531 3.07531 3.07531 3.07531 23.30536 141.1896 101.8778 2.981677 2.792784 3.446674 4.181776 4.150695 2.740386 5.515874 7.681138 7.681138 7.681138 7.254314 2.777933
180.9945 293.0534 303.9423 57.22646 48.61206 43.34291 41.99722 49.52973 164.6338 21.63719 14.49872 12.56653 11.49581 12.28025 11.43341 11.43341 11.43341 11.43341 15.11119 29.42413 25.79251 25.45972 9.201031 9.247832 9.070475 9.258055 9.262076 10.47538 29.16361 34.01194 34.01194 33.79116 23.4289 10.43114 8.807062 7.976829 11.22121 16.84755 19.54104 18.13985 14.69332 14.69328 21.96135 37.88914 37.88914 36.20177 27.86179 22.55907 4.341507 3.07531 3.07531 3.07531 37.03362 72.58398 114.1717 271.767 116.1611 8.155827 7.331464 7.663318 7.645855 7.666186 6.535898 7.550712 7.681138 7.681138 7.681138 6.056113 2.760193
107.2477 281.6439 216.9855 40.68632 36.47976 37.81528 43.89724 158.4927 179.3723 40.64086 37.19284 17.48049 11.49581 11.49456 11.43488 11.43341 11.43341 11.43341 18.31943 44.72219 24.11988 13.4425 7.124028 7.683967 7.267163 8.677007 9.262075 18.38488 41.87461 40.10812 37.85065 36.05784 14.09642 7.976829 7.976829 9.739593 20.49343 20.70983 20.70983 20.70145 15.97693 13.5391 14.60727 23.93029 21.88292 22.80071 24.15363 24.15363 10.64861 4.118341 24.88501 73.88403 183.3879 126.2334 94.72084 224.0258 85.26524 25.35055 7.666185 7.666185 7.666185 7.666185 7.67542 7.681138 7.681138 7.681138 7.681138 4.92265 2.760193
285.0125 315.5611 158.654 49.51732 45.32781 35.50484 55.12996 132.5657 138.0011 57.00094 45.78917 42.22482 30.50078 12.73797 11.43341 11.43341 31.53342 48.70298 41.11951 50.38247 23.57704 7.111691 7.111691 7.111691 7.111691 7.366416 8.790472 14.55929 48.37881 48.73732 45.8992 41.25455 37.64705 34.41183 25.00005 25.22831 24.71955 17.52572 18.27013 19.06325 13.79061 13.35467 13.35467 13.35467 13.35467 21.05459 24.39838 26.86297 57.98985 91.69878 76.68172 105.0765 178.3743 131.6968 94.72084 157.246 76.49651 48.90358 7.666185 7.666185 7.666185 7.666185 7.673473 7.681138 7.681138 7.681139 7.133935 3.638348 2.760193
753.152 620.7488 231.3704 70.96526 55.5336 46.9358 137.9225 409.2447 253.6161 50.41798 40.71951 42.70399 44.8769 149.261 172.1142 122.41 130.5734 68.50501 50.34267 42.82875 24.71242 8.812994 7.111691 7.111691 7.111691 6.880525 6.762961 6.358023 33.61042 46.87125 40.33672 35.25925 35.58447 37.61506 31.00931 32.39314 25.09612 13.5381 13.5381 19.97197 20.55225 13.86543 13.35467 13.35467 13.38836 51.14966 42.4336 36.72618 75.01637 104.5588 74.28999 102.9444 127.8081 190.1424 116.2003 141.6429 76.49651 71.54422 9.170125 7.666185 7.666185 7.666185 7.669197 7.681139 7.681138 7.681139 4.066444 2.760193 2.760193
