Scenarios/Global_Grid/data/country_data_population_distribution/processed/density_grids/ken.asc
ncols 213
nrows 251
xllcorner 33
yllcorner -4
[rows 120 to 149 of 251, columns 138 to 206 of 213]
2.760193 2.760193 76.554 175.5007 70.26773 42.95217 40.88274 38.06585 38.06585 35.2924 31.13307 34.19553 30.06431 18.48554 20.96717 26.59115 27.3091 36.37535 20.15044 20.14991 19.71019 17.9203 17.38925 17.38925 17.38925 17.77736 18.19345 18.19345 18.19345 18.19345 18.22628 18.30718 9.768822 6.0241 6.024101 6.0241 6.091664 17.74003 18.24095 4.240008 4.240008 4.240008 4.240008 4.240008 4.240008 4.240008 4.240008 4.240008 7.907487 15.24567 15.24567 15.24567 18.77743 21.44489 21.44489 21.44489 53.53533 92.05517 0 0 0 0 0 0 0 0 0 0 0
2.760193 2.760193 32.31791 175.9658 157.272 52.23519 42.43828 38.0714 38.06585 26.549 18.48554 18.48554 18.48554 18.48554 18.48554 18.69697 18.4884 18.5904 19.74572 19.10742 17.49724 17.38925 17.38925 17.38925 17.38925 17.41436 18.14256 18.19345 18.19345 18.19345 18.19345 18.19345 17.7394 13.08392 10.09113 8.054841 6.024101 10.69371 20.82872 4.776063 4.240008 4.240008 4.240008 4.240008 4.240008 4.240008 4.240008 4.240008 4.463464 9.727633 13.83112 15.24567 15.44631 20.07553 21.43659 55.0972 113.6175 101.344 0 0 0 0 0 0 0 0 0 0 0
2.760193 2.760193 3.118814 72.13446 123.8365 83.32317 41.64577 38.55345 38.06585 22.88686 18.48554 18.48554 18.48554 18.48554 18.66073 21.67562 21.83591 21.98034 19.75287 17.39066 17.38925 17.38925 17.38925 17.38925 17.48855 17.75539 18.15645 18.19345 18.19345 18.19345 18.19345 17.87132 16.33541 16.20561 16.20561 16.11376 11.27472 6.378315 19.47314 8.368599 7.441277 8.094533 9.223333 9.846678 10.42465 11.27943 13.20077 14.09972 15.09677 15.44842 16.5048 16.5656 16.82084 18.75972 20.54445 20.38995 20.38995 18.50454 0 0 0 0 0 0 0 0 0 0 0
2.760193 2.760193 2.760193 21.28958 30.27148 29.99458 29.99458 32.0108 33.96396 22.46599 18.48921 18.48554 18.48554 18.48554 19.65271 22.00876 22.00876 22.00876 20.78058 17.38925 17.38925 17.39255 17.63804 17.91524 18.16406 18.19345 18.19345 18.19345 18.19345 18.19345 18.14932 16.56089 16.20561 16.20561 16.20561 16.20561 16.20561 14.59431 16.97976 19.72326 18.18792 18.14917 18.14917 18.14917 18.14917 18.14917 18.14917 18.14917 18.14917 18.14917 18.15946 19.61335 20.38994 20.38994 20.38994 20.38994 20.38994 17.61981 0 0 0 0 0 0 0 0 0 0 0
2.760193 2.760193 2.760193 16.35424 39.85763 37.41538 34.47255 31.81309 31.71223 29.72349 26.62147 25.83517 19.30373 18.91054 24.77089 22.11521 22.00876 22.00876 21.68804 17.67946 17.38925 17.56687 18.1926 18.19345 18.19345 18.19345 18.19345 18.19345 18.19345 18.05456 16.90077 16.20561 16.20561 16.20561 16.20561 16.20561 16.20561 16.20561 19.93203 54.37309 20.35376 18.40426 18.14917 18.14917 18.14917 18.14917 18.14917 18.14917 18.14917 18.14917 18.25241 19.11658 20.17604 20.38994 20.38994 20.38994 20.38995 17.38861 0 0 0 0 0 0 0 0 0 0 0
2.760193 2.760193 2.760193 6.991089 40.18226 40.19141 40.19141 40.19141 40.19141 39.4688 27.79007 27.69264 27.0835 27.06044 27.69264 23.88583 22.00876 22.00876 23.36156 38.093 17.40582 17.38925 17.96373 18.19345 18.19345 18.19345 18.19345 18.09163 17.08141 16.31895 16.20561 16.20561 16.20561 16.20561 16.20561 16.20561 16.20561 16.20561 154.5511 331.8664 170.4079 36.78859 18.74586 18.14917 18.14917 18.14917 18.18758 18.18972 18.22258 18.27909 18.40111 18.41317 18.50612 19.98123 20.38995 20.38995 20.38994 16.71334 0 0 0 0 0 0 0 0 0 0 0
2.760193 2.760193 2.760193 2.760193 51.17244 40.19141 40.19141 40.19141 40.37562 47.00479 93.46088 31.12799 27.69264 27.69264 27.69264 25.54663 22.00876 38.75954 63.70435 69.0097 33.96445 17.59225 17.9121 18.19345 18.19345 18.19345 20.85621 30.52191 30.11601 24.42095 18.73528 16.20561 16.20561 16.20561 16.20561 16.20561 16.20561 41.02183 334.4565 360.8326 360.8326 298.7455 70.8382 38.52013 18.24196 18.25568 18.37634 18.41317 18.41317 18.41317 18.41317 18.41317 18.41317 18.87572 20.3354 20.38995 20.38995 16.14728 0 0 0 0 0 0 0 0 0 0 0
2.760193 2.760193 2.760193 23.65627 82.817 44.31656 40.19141 40.60103 44.91146 47.95387 92.83685 52.52671 39.87268 28.18878 27.69264 27.37919 54.2499 68.86054 69.00969 69.00969 36.03674 18.19345 18.19345 18.19345 18.89542 23.60832 35.88071 36.07282 36.07282 36.07282 36.06342 31.91506 30.1765 22.94157 16.8777 16.20561 16.20561 219.3674 360.8326 360.8326 360.8326 309.6179 93.17164 65.78996 18.29874 18.41317 18.41317 18.26713 17.06595 14.14089 12.18632 11.52781 11.10105 10.9637 11.27904 16.6327 20.38871 15.97079 0 0 0 0 0 0 0 0 0 0 0
2.760193 2.760193 2.760193 39.89343 84.8801 57.30828 35.23689 42.58522 47.10459 48.92108 103.0659 53.44105 53.44106 49.19749 38.79419 29.35508 65.49375 64.30901 57.41021 54.80202 31.49538 18.19345 18.19345 21.23459 33.95612 36.07283 36.07282 36.07282 36.07282 36.07282 33.94755 14.77423 33.52643 41.44465 40.27359 33.71074 52.48459 318.1949 360.8326 386.4586 503.8357 528.1202 459.2486 58.66101 7.047249 7.740338 7.444198 6.949259 7.302443 9.535696 9.544303 9.544303 9.544303 9.544303 9.544303 9.544303 16.8506 16.08116 0 0 0 0 0 0 0 0 0 0 0
2.760193 2.760193 2.760193 42.59998 84.8801 56.64972 26.92813 32.0773 47.06088 50.58753 81.58824 53.44105 53.44106 51.32822 34.35413 27.32754 27.62861 25.08072 24.90015 24.90015 19.46744 18.19345 21.62228 34.25021 36.07282 36.07282 36.07282 36.07283 36.07282 36.07283 20.65089 12.23832 13.13914 30.27453 41.36809 41.44465 41.44465 41.71248 94.06247 462.2268 984.3579 984.358 925.4845 10.26843 6.809597 6.809597 6.809597 6.809597 6.809597 8.765128 9.544303 9.544303 9.544303 9.544302 9.544303 9.544303 11.23066 15.31609 0 0 0 0 0 0 0 0 0 0 0
2.760193 2.760193 2.760193 29.97673 85.33976 65.06602 26.92813 26.92813 40.9434 58.2473 78.31252 53.44105 52.67144 31.47244 27.26284 25.89409 24.90015 24.90015 24.90015 24.90015 20.40299 18.37144 32.63399 36.07282 36.07283 36.07283 36.07283 36.07282 36.07283 29.53701 12.2688 12.23832 12.23832 12.23832 25.10315 41.29708 41.44465 41.44465 41.44465 453.6744 984.3579 815.4997 405.9526 11.42052 6.809597 6.809597 6.809597 6.809597 6.809597 7.501714 9.544303 9.544303 9.544303 9.544303 9.544303 9.544303 9.544303 11.2654 0 0 0 0 0 0 0 0 0 0 0
2.635703 2.760193 2.760193 42.70278 94.33981 92.11707 91.61801 89.31413 47.55315 52.47739 109.1251 53.44106 37.96389 27.26284 27.26284 25.81494 24.90015 24.90015 24.90015 24.51229 24.02287 20.91485 20.55446 21.37495 24.16469 34.9778 36.07283 36.07283 35.21885 15.50357 12.23832 12.23832 12.23832 12.23832 15.34927 26.3656 25.49481 26.62988 24.6802 372.2774 239.3378 4.382275 121.7696 210.9353 124.0874 10.05083 6.809597 6.809597 6.809597 6.811042 8.971562 9.544303 9.544303 9.544303 9.544303 9.544303 9.544304 9.974734 0 0 0 0 0 0 0 0 0 0 0
1.996797 2.18039 2.203596 35.91948 84.72014 94.59554 94.82195 148.2262 150.8999 60.73192 49.18 35.9416 32.12613 27.26284 27.26284 25.7163 24.90015 24.90015 24.90015 23.77494 23.3522 22.2821 20.39402 20.39402 20.39402 24.92959 35.94981 36.07282 23.47357 12.23832 12.23832 12.23832 12.23832 12.23832 5.338153 2.66378 2.800337 2.800337 2.800337 2.800337 2.800337 2.800337 28.75919 238.9883 241.2847 186.3598 40.89729 6.809597 6.809597 6.809597 7.709592 9.544303 9.544303 9.544303 9.544303 9.544303 9.544303 9.544303 0 0 0 0 0 0 0 0 0 0 0
1.996797 1.996797 1.996797 1.996797 2.775698 20.22359 37.17992 43.32211 43.06807 15.84648 15.48145 15.16383 21.84806 27.26284 27.26284 25.79296 24.90015 24.90015 24.90015 23.61115 23.3522 23.32026 21.4749 20.39402 20.39402 20.39402 28.06119 31.34287 12.62725 12.23832 12.23832 12.23832 12.23549 7.504191 2.286025 2.323754 2.753306 2.800337 2.800337 2.800337 2.800337 2.800337 2.800337 132.6905 241.2847 241.2847 157.4996 7.245114 6.809597 6.809597 6.838083 9.152398 9.544303 9.544303 9.544303 9.544303 9.544303 9.469516 0 0 0 0 0 0 0 0 0 0 0
1.996797 1.996797 1.996797 1.996797 1.996797 1.996797 1.996797 2.166556 7.772869 14.59778 14.61152 15.08708 15.78794 18.33931 20.16436 19.71064 22.00871 23.99043 24.78694 23.49569 23.3522 25.47758 27.01596 22.31162 22.19451 24.15813 24.1272 18.70154 12.23832 12.23832 12.23832 12.19066 6.676893 2.272623 2.272622 2.272623 2.396337 2.784979 2.800337 2.800337 2.800337 2.800337 2.800337 69.09459 241.2847 241.2847 241.2847 117.6059 6.809597 6.809597 6.809597 7.91747 9.544302 9.544303 8.805989 6.796292 4.659057 2.744557 0 0 0 0 0 0 0 0 0 0 0
1.996797 1.996797 1.996797 1.996797 1.996797 2.17508 14.0538 20.93534 20.13866 14.59778 16.17976 16.513 16.513 16.513 16.513 16.30591 18.57009 24.29815 24.87354 23.95024 24.49806 26.92105 27.07249 26.93584 26.23357 26.38518 26.38518 25.7434 16.03057 12.23832 12.06517 5.955734 2.272622 2.272622 2.272622 2.272622 2.272622 2.453825 2.796007 2.800337 2.800337 2.800337 2.800337 28.37177 239.6244 241.2847 241.2847 226.241 23.03989 6.809597 6.720619 5.805302 5.616573 3.611811 2.325647 2.304083 2.304083 2.304083 0 0 0 0 0 0 0 0 0 0 0
1.996797 1.996797 1.996797 1.996797 1.996797 1.996797 15.26271 23.56761 15.23877 14.59778 15.58309 13.13709 10.63364 8.116201 5.514926 3.122693 12.83569 24.92707 24.92707 23.60276 17.7149 24.05523 27.02572 26.47979 26.38518 26.38518 26.38518 30.05838 41.88377 13.87715 5.889883 2.272622 2.272622 2.272622 2.272623 2.272622 2.272622 2.272622 2.490582 2.799254 2.800337 2.800337 2.800337 2.800337 128.8503 241.2847 241.2847 241.2847 176.8166 145.8429 5.211213 2.304083 2.304083 2.304083 2.304083 2.304083 2.304083 2.304083 0 0 0 0 0 0 0 0 0 0 0
1.996797 1.996797 1.996797 2.017843 1.996797 1.996797 4.324535 18.394 7.244404 4.575173 2.768209 2.658114 2.658114 2.658114 2.658114 2.658114 9.414644 16.29639 15.78437 14.42535 14.34337 14.50246 24.02317 26.38518 26.38518 28.09971 41.68974 45.25991 20.54617 174.709 2.272622 2.272622 2.272622 2.272622 2.272622 2.272622 2.272622 2.272622 2.272622 2.499643 2.800195 2.800337 2.800337 2.800337 65.17612 241.2847 241.2847 241.2847 241.2847 101.3753 2.304083 2.304083 2.304083 2.304083 2.304083 2.304083 2.304083 2.304083 0 0 0 0 0 0 0 0 0 0 0
1.996797 1.996797 3.552603 21.21059 2.908705 2.203861 2.476104 2.636839 2.658114 2.658114 2.658114 2.658114 2.658114 2.658114 2.658114 2.658114 5.642797 14.34337 14.34337 14.34337 14.34337 14.34337 15.47318 23.26564 35.84565 49.14007 34.94959 15.12926 366.0994 325.5478 26.90483 2.272623 2.272622 2.272622 2.272623 2.272622 2.272623 2.272622 2.272623 2.272622 2.512742 2.798564 2.800337 2.800337 48.54893 241.2847 241.2847 241.2847 207.8892 7.180645 2.304083 2.304083 2.304083 2.304083 2.304083 2.304083 2.304083 2.315078 0 0 0 0 0 0 0 0 0 0 0
3.229776 3.187705 24.37884 21.69614 3.610598 2.656244 2.658114 2.658114 2.658114 2.658114 2.658114 2.658114 2.658114 2.658114 2.658114 2.658114 6.276035 12.8953 13.00876 12.8832 12.85306 13.39234 11.98397 10.34908 41.33978 22.97497 14.34748 387.5755 352.747 191.9659 23.16928 2.272622 2.272622 2.272622 2.272622 2.272622 2.272622 2.272622 2.272623 2.272622 2.272622 2.466026 2.755544 2.800337 12.33614 201.82 202.0629 224.2366 75.39977 2.304083 2.304083 2.304083 2.304083 2.304083 2.304083 2.304083 2.304083 2.340768 0 0 0 0 0 0 0 0 0 0 0
14.03259 23.18859 27.78188 23.3513 4.61083 2.658114 2.658114 2.658114 2.658114 2.658114 2.658114 2.658114 2.658114 2.658114 2.658114 2.658114 5.79199 8.37137 8.37137 8.371371 8.37137 8.37137 8.37137 13.38111 129.5451 19.09467 384.0154 382.2073 230.6214 40.75939 32.8738 2.272623 2.272622 2.272623 2.272622 2.272623 2.272622 2.272623 2.272623 2.272623 2.272622 2.272623 2.283525 2.527242 2.472652 3.494991 2.272622 2.795429 2.295701 2.304083 2.304083 2.304083 2.304083 2.304083 2.304083 2.304083 2.304083 2.339779 0 0 0 0 0 0 0 0 0 0 0
9.706024 23.12294 23.57338 7.46799 2.658114 2.658114 2.658114 2.658114 2.658114 2.658115 2.658114 2.658114 2.658114 2.658114 2.658114 2.658114 6.165379 8.37137 8.37137 8.371371 8.420318 13.42331 24.46924 35.59573 1381.251 5262.691 394.8225 266.3976 49.3979 37.45506 33.63927 3.828728 2.272623 2.272623 2.272622 2.272623 2.272622 2.272623 2.272622 2.272623 2.272623 2.272623 2.272623 2.272623 2.272622 2.272623 2.272623 2.272623 2.290798 2.304083 2.304083 2.304083 2.304083 2.304083 2.304083 2.304083 2.304083 2.393739 0 0 0 0 0 0 0 0 0 0 0
9.665473 11.70433 4.221163 2.658114 2.658114 2.658114 2.658114 2.658114 2.658114 2.658114 2.658114 2.658114 2.658114 2.658114 2.658114 2.658114 6.33953 9.906637 17.04497 25.0248 32.99942 36.30499 36.30499 31.80215 71.33331 3546.992 326.4012 104.7933 37.65512 34.23371 32.93215 8.70922 2.272623 2.272622 2.272623 2.272623 2.272623 2.272623 2.272623 2.272623 2.272623 2.272623 2.272623 2.272623 2.272623 2.272622 2.272623 2.272622 2.285885 2.304083 2.304083 2.304083 2.304083 2.304083 2.304083 2.304083 2.304083 2.322252 0 0 0 0 0 0 0 0 0 0 0
9.096571 8.870433 5.140247 2.658115 2.658114 2.658114 2.658114 2.658114 2.658114 2.658115 2.658115 2.658114 2.658114 2.658114 2.658114 2.658114 14.54325 35.8088 36.30499 36.30499 36.30499 25.19973 13.05048 18.04337 18.84197 34.60722 10.74925 32.27486 34.89317 32.93215 32.93215 14.52992 2.272623 2.272623 2.272623 2.272623 2.272623 2.272623 2.272622 2.272623 2.272623 2.272623 2.272623 2.272623 2.272622 2.272623 2.272623 2.272623 2.280705 2.304083 2.304083 2.304083 2.304083 2.304083 2.304083 2.304083 2.304083 2.330678 0 0 0 0 0 0 0 0 0 0 0
8.870432 8.870432 8.399749 3.12214 2.658114 2.658114 2.658114 2.658114 2.658114 2.658114 2.658114 2.658114 2.658114 2.658114 2.658114 2.658114 2.683023 20.29749 36.19213 36.30499 34.56082 12.56875 11.82442 16.88639 10.86766 8.561441 9.05331 12.36998 20.45337 32.00466 32.93215 19.72534 2.272622 2.272622 2.272622 2.272622 2.272622 2.272622 2.272622 2.272622 2.272622 2.334513 2.272622 2.272622 2.272622 2.272622 2.272622 2.272622 2.277813 2.304083 2.304083 2.304083 2.304083 2.304083 2.304083 2.304083 2.304083 2.356074 0 0 0 0 0 0 0 0 0 0 0
8.870433 8.870433 8.870433 6.386886 2.658114 2.658114 2.658114 2.658114 2.658114 2.658114 2.658114 2.658114 2.658114 2.658114 2.658114 2.658114 2.658114 2.658114 24.7323 36.30499 26.29974 11.95032 9.976809 8.557638 9.05049 9.857586 10.21816 10.21816 10.21816 18.11585 32.93215 25.92963 2.272623 2.272623 2.272623 2.272623 2.272623 4.354375 5.811317 5.749784 7.255569 7.553814 2.549844 2.272623 2.272622 2.272623 2.272623 2.272623 2.27685 2.304082 2.304083 2.304083 2.304083 2.304083 2.304083 2.304083 2.304083 2.399466 0 0 0 0 0 0 0 0 0 0 0
8.825711 8.845741 8.867891 8.818148 3.918033 2.658114 2.658114 2.658114 2.658114 2.658114 2.658114 2.658114 2.658114 2.658114 2.658114 2.658114 2.658114 2.658114 3.906799 20.64109 10.23792 9.338957 7.957066 8.557637 9.442763 10.18039 9.302826 10.33167 11.93933 14.4467 29.28729 29.48517 21.25593 14.52386 10.69104 17.47948 23.83773 28.11392 11.57744 8.419929 8.419929 8.419929 5.809525 2.272623 2.272622 2.272623 2.272623 2.272623 2.272623 2.294323 2.303775 2.304083 2.304083 2.304083 2.304083 2.304083 2.304083 2.403484 0 0 0 0 0 0 0 0 0 0 0
8.907785 8.763856 8.815553 8.837304 7.479914 2.693805 2.658114 2.658114 2.658114 2.658114 2.658114 2.658114 2.658114 2.658114 2.658114 2.658114 2.658114 2.658114 2.658114 2.65903 2.811479 3.042599 3.392471 6.385387 5.799853 4.837947 4.473331 10.10038 13.14766 13.14766 21.65069 28.22995 28.22995 28.22995 28.22995 28.06505 25.49531 19.64268 8.419929 8.419929 8.419929 8.419929 7.865708 2.602659 2.272623 2.272623 2.272622 2.272623 2.272622 2.272623 2.279886 2.302289 2.304083 2.304083 2.304083 2.304083 2.304083 2.377683 0 0 0 0 0 0 0 0 0 0 0
12.25915 11.01663 8.814336 8.763857 8.763857 4.933468 2.658114 2.658114 2.658114 2.658114 2.658114 2.658114 2.658114 2.658114 2.657256 2.457944 2.105167 2.621737 4.075766 4.354784 4.473331 4.473331 4.473331 4.473331 4.473331 4.473331 4.473331 10.31487 13.14766 13.14766 17.17916 25.88483 20.37642 17.3991 13.19872 9.342176 8.41993 8.419929 8.41993 8.419929 8.41993 8.180344 3.953036 2.771639 2.356263 2.272623 2.272623 2.272623 2.272623 2.272623 2.272623 2.277618 2.286723 2.291766 2.299592 2.304083 2.304083 2.333112 0 0 0 0 0 0 0 0 0 0 0
12.51023 12.51023 12.01537 10.21261 8.78819 7.931138 2.743715 2.658114 2.658114 2.658114 2.618047 2.314764 1.982333 1.620192 1.267103 1.116647 1.116647 1.143766 2.949467 4.473332 4.473331 4.473332 4.473331 4.473332 4.473331 4.473332 4.473332 9.847511 13.14766 13.14766 12.99223 8.999766 8.419929 8.419929 8.419929 8.419929 8.419929 8.419929 8.419929 8.419929 8.351101 4.494598 2.789533 2.789533 2.519042 2.272623 2.272622 2.272623 2.272622 2.272623 2.272622 2.272622 2.272622 2.272623 2.273019 3.443467 15.14255 3.968433 0 0 0 0 0 0 0 0 0 0 0
