Scenarios/Global_Grid/data/country_data_population_distribution/processed/density_grids/ken.asc
ncols 213
nrows 251
xllcorner 33
yllcorner -4
[rows 30 to 59 of 251, columns 69 to 137 of 213]
28.69514 22.7077 26.52737 44.77018 47.57391 47.57391 0 0 0 0 0 0 2.948378 2.948378 2.948378 2.948378 2.948378 2.948378 2.948378 2.948378 2.948378 2.948378 2.948378 2.610973 1.894372 1.894372 1.894372 1.894372 1.894372 1.894372 1.894372 1.894372 1.894372 1.894372 1.894372 3.852358 5.339242 5.705554 0 0 0 0 0 0 0 0 0 0 0 0 0 0 0 0 0 0 0 0 0 0 0 0 0 0 0 0 0 0 0
62.56577 43.38931 46.44824 49.65519 49.13337 49.3392 0 0 0 0 0 0 2.948377 2.948377 2.948378 2.948378 2.948378 2.948378 2.948378 2.948378 2.948378 2.948378 2.948378 2.531822 1.894372 1.894372 1.894372 1.894372 1.894372 1.894372 1.894372 1.894372 1.894372 1.894372 1.894372 3.898605 5.337847 5.339242 5.339242 6.440745 0 0 0 0 0 0 0 0 0 0 0 0 0 0 0 0 0 0 0 0 0 0 0 0 0 0 0 0 0
69.24821 67.89199 49.95783 49.82023 49.82023 49.82023 0 0 0 0 0 0 2.948378 2.948378 2.948378 2.948378 2.948378 2.948377 2.948378 2.948378 2.948378 2.948378 2.948378 2.336136 1.894372 1.894372 1.894372 1.894372 1.894372 1.894372 1.894372 1.894372 1.894372 1.894372 1.894372 1.894372 4.498486 5.339242 5.339242 5.339242 5.548447 0 0 0 0 0 0 0 0 0 0 0 0 0 0 0 0 0 0 0 0 0 0 0 0 0 0 0 0
43.96505 64.4845 68.05537 53.19821 49.82022 0 0 49.82023 49.82022 0 0 0 2.948378 2.948378 2.948378 2.948378 2.948378 2.948378 2.948378 2.948378 2.948378 2.948378 2.948378 2.394377 1.894372 1.894372 1.894372 1.894372 1.894372 1.894372 1.894372 2.03591 3.590025 3.176976 2.138963 2.923166 5.208667 5.339242 5.339242 5.339242 5.339242 5.339242 6.253309 0 0 0 0 0 0 0 0 0 0 0 0 0 0 0 0 0 0 0 0 0 0 0 0 0 0
29.84553 34.99231 46.16069 58.54605 54.20839 0 0 0 0 0 0 2.948378 2.948378 2.948377 2.948378 2.948378 2.948378 2.948378 2.948378 2.948377 2.948378 2.948378 2.948378 2.768068 1.894483 1.894372 1.894372 1.894372 1.894372 1.894372 1.894372 2.191191 5.339242 5.339242 5.339242 5.339242 5.339242 5.339242 5.339242 5.339242 5.339242 5.339242 5.339242 5.028411 0 0 0 0 0 0 0 0 0 0 0 0 0 0 0 0 0 0 0 0 0 0 0 0 0
8.605733 8.567997 22.4309 32.00507 0 0 0 0 0 0 0 2.948377 2.948378 2.948378 2.948378 2.948378 2.948378 2.948378 2.948378 2.948378 2.948378 2.948378 2.948378 2.948378 2.104231 1.894372 1.894372 1.894372 1.894372 1.894372 1.894372 2.092007 5.325267 5.339242 5.339242 5.339242 5.339242 5.339242 5.339242 5.339242 5.339242 5.339242 5.339242 4.661444 3.036868 4.269446 0 0 0 0 0 0 0 0 0 0 0 0 0 0 0 0 0 0 0 0 0 0 0
8.567996 8.567997 8.567996 8.567996 0 0 0 0 0 0 0 2.948377 2.948378 2.948378 2.948378 2.948378 2.948378 2.948378 2.948378 2.948378 2.948378 2.948378 2.948378 2.948378 2.208274 1.894372 1.894372 1.894372 1.894372 1.894372 1.894372 1.925919 4.718925 5.339242 5.339242 5.339242 5.339242 5.339242 5.339242 5.339242 5.339242 5.339242 5.339242 4.606256 3.036868 3.036868 3.872847 0 0 0 0 0 0 0 0 0 0 0 0 0 0 0 0 0 0 0 0 0 0
8.567997 8.567997 8.567997 8.567996 0 0 0 0 0 0 0 2.948378 2.948378 2.948378 2.948378 2.948378 2.948378 2.948378 2.948378 2.948378 2.948378 2.948378 2.948378 2.948378 2.215994 1.894372 1.894372 1.894372 1.894372 1.894372 1.894372 1.894372 4.576431 5.339242 5.339242 5.339242 5.339242 5.339242 5.339242 5.339242 5.339242 5.339242 5.339242 4.533164 3.036868 3.036868 3.036868 3.092573 5.984141 0 0 0 0 0 0 0 0 0 0 0 0 0 0 0 0 0 0 0 0
11.05643 11.49758 11.77353 11.46318 0 0 0 0 0 0 0 0 2.948378 2.948378 2.948378 2.948378 2.948378 2.948378 2.948378 2.76241 2.506754 2.363629 2.29169 2.224633 1.775564 1.505483 1.489979 1.482078 1.4765 2.908888 3.171472 3.226008 4.454712 5.026395 5.151375 5.339242 5.339242 5.339242 5.339242 5.339242 5.339242 5.333451 4.476567 3.207626 3.036868 3.036868 3.036868 3.036868 3.036868 4.032835 0 0 0 0 0 0 0 0 0 0 0 0 0 0 0 0 0 0 0
15.97779 15.97779 15.97779 15.97779 0 0 0 0 0 0 0 0 2.948378 2.948378 2.948378 2.948378 2.948378 2.948378 2.637309 1.370962 0.9486154 0.9486153 0.9486154 0.9486153 0.9486154 0.9486153 0.9486154 0.9486153 0.9486154 4.291425 4.714697 4.714697 4.714697 4.714697 4.723608 5.254233 5.339242 5.339242 5.339242 5.339242 5.040854 3.657702 3.036868 3.036868 3.036868 3.036868 3.036868 3.036868 3.036868 3.036868 3.107438 6.494674 0 0 0 0 0 0 0 0 0 0 0 0 0 0 0 0 0
18.54388 19.60885 19.87664 18.89631 0 0 0 0 0 0 0 0 2.948378 2.948377 2.948378 2.948378 2.904821 1.530634 0.987056 0.9486154 0.9486154 0.9486153 0.9486154 0.9486153 0.9486154 0.9486154 0.9486154 0.9486153 0.9486154 4.477499 4.714697 4.714697 4.714697 4.714697 4.714697 4.825369 5.246686 5.339242 5.09887 4.207539 3.63966 3.468647 3.065252 3.036868 3.036868 3.036868 3.036868 3.036868 3.036868 3.036868 3.35858 4.057949 4.951073 0 0 0 0 0 0 0 0 0 0 0 0 0 0 0 0
21.69913 21.69913 21.69913 21.69913 0 0 0 0 0 0 0 0 2.948377 2.948378 2.948378 2.589727 1.219081 0.9486154 0.9486153 0.9486153 0.9486153 0.9486153 0.9486153 0.9486154 0.9486153 0.9486153 0.9486153 0.9486153 0.9526305 4.657225 4.714697 4.714697 4.714697 4.714697 4.714697 4.714697 4.811737 4.349375 3.670912 3.632257 3.632257 3.632257 3.514348 3.205542 3.046658 3.036868 3.036868 3.036868 3.036868 3.043987 3.884656 4.057949 4.057949 4.130555 5.717654 0 0 0 0 0 0 0 0 0 0 0 0 0 0
21.69913 21.99761 23.70851 25.11156 0 0 0 0 0 0 0 0 2.948378 2.948378 2.508457 1.05317 0.9486154 0.9486153 0.9486154 0.9486154 0.9486154 0.9486154 0.9486154 0.9486153 0.9486154 0.9486154 0.9486154 0.9486153 1.078899 4.714697 4.714697 4.714697 4.714697 4.714697 4.714697 4.714697 4.714697 4.047275 3.632257 3.632257 3.632257 3.632257 3.632258 3.632258 3.586539 3.463039 3.351983 3.244593 3.102962 3.370821 4.057949 4.057949 4.057949 4.057949 4.054208 2.706839 0 0 0 0 0 0 0 0 0 0 0 0 0
21.70343 24.06206 25.11156 25.11156 0 0 0 0 0 0 0 0 2.948378 2.948378 2.066491 0.9486154 0.9486153 0.9486154 0.9486153 0.9486154 0.9486154 0.9486154 0.9486154 0.9486154 0.9486154 0.9486154 0.9486153 0.9486154 1.26264 4.714697 4.714697 4.714697 4.714697 4.714697 4.714697 4.714697 4.695374 3.682684 3.632257 3.632257 3.632257 3.632257 3.632257 3.632257 3.632257 3.632257 3.632257 3.632257 3.616842 3.551916 4.057949 4.057949 4.057949 4.057949 2.54522 0.165392 1.041808 0 0 0 0 0 0 0 0 0 0 0 0
21.00506 25.11156 25.11156 27.28194 0 0 0 0 0 0 0 3.330648 3.192956 2.412346 2.174533 1.128032 0.9486153 0.9486153 0.9486153 0.9486153 0.9486153 0.9486153 0.9486153 0.9486153 0.9486153 0.9486153 0.9486153 0.9486153 1.504511 4.714698 4.714698 4.714697 4.714697 4.714697 4.714697 4.714698 4.654554 3.673893 3.632258 3.632258 3.632258 3.632258 3.632258 3.632258 3.632258 3.632258 3.632257 3.632258 3.016328 2.241881 2.719378 3.675376 4.05795 3.345878 0.2973432 0.165392 0.165392 0.2823927 3.428148 3.425259 4.119063 4.490653 5.041063 8.489352 9.19101 11.73987 19.27901 50.02187 63.81293
20.43375 25.11156 25.26499 37.69043 54.25091 219.4415 0 0 0 0 0 5.632258 4.661918 1.683295 1.683295 1.652448 1.147661 0.9486154 0.9486153 0.9486154 0.9486153 0.9486154 0.9486153 0.9486154 0.9486153 0.9486154 0.9486153 0.9486154 2.036582 4.714697 4.714697 4.714697 4.714697 4.714697 4.714697 4.714697 4.674407 3.702611 3.632257 3.632257 3.632257 3.632257 3.632257 3.632257 3.632257 3.632257 3.632257 3.449098 2.300584 2.241806 2.241806 2.260131 2.960371 1.045425 0.165392 0.165392 0.165392 0.165392 1.0251 2.087575 2.120905 2.242298 2.715242 3.155028 8.23167 8.732555 8.732555 9.202616 76.97575
15.58736 25.23598 35.92966 43.17483 45.67283 219.4415 0 219.4415 219.4415 0 0 5.632258 4.706867 1.683295 1.683295 1.683295 1.471007 0.949423 0.9486153 0.9486153 0.9486153 0.9486153 0.9486153 0.9486154 0.9486153 0.9486153 0.9486153 1.092039 3.813739 4.714697 4.714697 4.714697 4.714697 4.714697 4.714697 4.652822 4.115547 3.632257 3.632258 3.632257 3.632258 3.630753 3.345824 2.691804 2.054287 1.602692 1.518553 2.12591 2.241806 2.241806 2.241806 2.241806 2.241806 0.4326536 0.165392 0.165392 0.1854675 0.9591736 1.652491 1.736237 2.102289 2.120905 2.51777 2.736762 4.313177 6.281123 6.260864 6.447827 46.67935
15.87339 32.01707 43.17483 43.17483 79.60207 219.4415 0 219.4415 219.4415 0 0 0 4.663117 1.683295 1.683295 1.683295 1.683295 1.327395 1.104633 0.9819577 0.9486153 0.9486153 0.9486153 0.9486154 0.9486153 0.9486153 0.9865342 3.526918 4.714697 4.714697 4.714697 4.714697 4.714697 4.714697 4.682453 4.204006 3.714267 2.349606 2.12162 1.878692 1.707771 1.517424 1.370898 1.370898 1.370898 1.370898 1.886104 2.241806 2.241806 2.241806 2.241806 2.241806 2.08268 0.3459233 0.165392 0.3051801 1.281075 1.657239 1.657239 1.657239 1.844197 2.120905 2.420868 2.736762 2.736762 2.736762 2.736761 2.736762 2.832402
12.17589 38.89219 43.17483 50.44427 109.4243 156.034 0 0 0 0 0 0 5.375555 3.142137 1.683295 1.683295 1.683295 1.683295 1.683295 1.669536 1.627802 1.239908 0.9486153 0.9486153 0.9486154 0.9489121 3.067147 4.714697 4.714697 4.714697 4.714697 4.714697 4.714697 4.713078 4.28694 4.10859 3.363359 1.370898 1.370898 1.370898 1.370898 1.370898 1.370898 1.370898 1.370898 1.675449 2.241636 2.241806 2.241806 2.241806 2.241806 2.241806 2.241806 1.503567 0.503896 1.500711 1.657238 1.657238 1.657238 1.657239 1.658834 1.812346 1.79365 2.510561 2.736762 2.736761 2.736761 2.736761 2.685004
21.99343 43.17483 43.17483 50.25092 64.08607 64.08607 0 0 0 0 0 0 5.632258 5.632191 4.106928 1.882838 1.683295 1.683295 1.683295 1.683295 1.683295 1.673968 1.372057 1.12323 0.9486153 2.539953 4.714697 4.714697 4.714697 4.714697 4.714697 4.714697 4.714697 4.532174 4.10859 4.10859 3.552874 1.370898 1.370898 1.370898 1.370898 1.370898 1.370898 1.370898 1.370898 1.970821 2.241806 2.241806 2.241806 2.241806 2.241806 2.241806 2.241806 2.02138 1.650333 1.657239 1.657239 1.657239 1.657238 1.657239 1.657239 1.558664 0.7801914 0.7447838 1.409833 2.394388 2.736762 2.736762 2.736762
37.90867 43.17483 43.17483 56.36792 59.26461 50.28749 13.75222 0 0 0 0 0 5.632258 5.632258 5.632258 5.02594 2.356654 1.683295 1.683295 1.683295 1.683295 1.683295 1.683295 1.673102 1.426283 3.591682 4.714697 4.714697 4.714697 4.714697 4.714697 4.714697 4.714697 4.37398 4.10859 4.10859 3.598215 1.370898 1.370898 1.370898 1.370898 1.370898 1.370898 1.370898 1.370898 2.133496 2.241806 2.241806 2.241806 2.241806 2.241806 2.228064 1.896384 1.657353 1.657239 1.657239 1.657239 1.657239 1.657239 1.657239 1.657239 1.657239 1.541913 0.8293443 0.6224131 1.184765 2.497571 2.736762 2.736762
34.23812 20.04284 20.04004 16.91827 13.70568 13.75222 13.75222 13.75222 0 0 0 0 5.632258 5.632258 5.632258 5.632258 5.573072 3.652216 1.74541 1.683295 1.683295 1.683295 1.683295 1.683295 1.683295 2.095504 3.828139 4.268147 4.515175 4.385201 4.693007 4.714697 4.711253 4.290878 4.10859 4.10859 3.474365 1.370898 1.370898 1.370898 1.370898 1.370898 1.370898 1.370898 2.403244 2.23957 2.241806 2.241806 2.241806 2.241806 2.182486 1.79079 1.657239 1.657239 1.657239 1.657239 1.657239 1.657239 1.657239 1.657239 1.657239 1.657239 1.657239 1.647341 0.9997107 0.6224131 2.027812 2.736762 2.733651
26.63664 13.39459 13.39459 13.41486 13.75059 13.75222 13.75222 13.75222 0 0 0 0 0 5.632258 5.632258 5.632258 5.100924 3.308879 1.45795 1.611046 1.683295 1.683295 1.683295 1.683295 1.683295 2.150309 3.65075 3.658537 3.657522 3.650749 4.004458 4.713355 4.464702 4.10859 4.10859 4.10859 3.094921 1.370898 1.370898 1.370898 1.370898 1.370898 1.485772 4.931426 7.025033 2.241806 2.241806 2.241806 2.241806 2.100346 1.712288 1.657239 1.657238 1.657239 1.657238 1.657238 1.657238 1.657239 1.657238 1.657239 1.657238 1.657239 1.978103 4.580808 3.354851 0.6224131 0.7470253 2.406215 2.725417
67.34387 33.2371 13.39459 13.39459 13.72318 13.75222 13.75222 13.75222 13.75222 13.75222 13.75222 0 0 5.632258 5.632258 5.063115 3.173537 1.378952 0.9533883 1.141273 2.869579 3.44842 3.43952 3.428406 3.417161 3.456682 3.650749 3.650749 3.650749 3.650749 3.650749 3.763824 3.954781 4.10859 4.10859 3.753578 1.866328 1.370898 1.370898 1.370898 1.370898 2.828824 7.566241 9.102818 5.925599 2.241806 2.241806 2.241294 1.989167 1.668203 1.657239 1.657239 1.657239 1.657239 1.657239 1.657239 1.657239 1.657239 1.657239 1.657239 1.657239 2.366819 5.054725 5.538375 5.306341 1.438239 0.6224132 1.579559 2.730876
68.84231 65.41597 25.29383 13.39459 13.6514 13.75222 13.75222 13.75222 13.75222 13.75222 13.75222 0 0 0 5.543513 2.965583 2.745795 2.684745 1.514877 0.9533882 1.031529 2.626055 3.650749 3.650749 3.650749 3.650749 3.650749 3.650749 3.650749 3.650749 3.650749 3.650749 3.892147 4.098517 3.043407 1.525826 1.370898 1.370898 1.370898 2.924893 5.546828 8.963914 9.102818 9.102818 4.508558 2.241806 2.208803 1.866736 1.657239 1.657239 1.657239 1.657239 1.657239 1.657239 1.657239 1.657239 1.657239 1.657239 1.657239 1.657239 1.475402 2.807676 5.499085 5.538375 5.538376 4.241137 0.6224132 0.6731854 2.099966
67.5099 62.54786 32.97305 11.98711 13.30038 13.75222 13.75222 13.75222 32.80694 37.83924 38.94596 0 0 0 0 2.745795 2.745796 2.745795 2.723262 1.669609 0.9533883 0.9543971 2.109691 3.604085 3.65075 3.65075 3.65075 3.65075 3.65075 3.65075 3.65075 3.65075 3.360785 2.018753 1.370898 4.60261 5.684716 5.36431 5.906855 9.025912 9.102818 9.102818 9.102818 9.102818 7.385378 3.029665 1.721868 1.657239 1.657239 1.657239 1.657239 1.657239 1.657239 1.657239 1.657239 1.657239 1.657238 1.657239 1.657239 1.396273 1.108691 1.106678 2.710597 5.477666 5.538376 5.530455 1.552573 0.6224131 0.9730735
60.7553 45.96244 9.7579 9.757899 11.19203 20.09977 33.92469 36.86912 67.72181 69.25503 68.0658 0 0 0 0 0 2.745795 2.745795 2.745796 2.742972 1.815272 0.9533882 0.9533883 1.641919 3.465626 3.650749 3.65075 3.650749 3.475198 3.650749 3.650749 3.615432 1.821746 1.370898 1.370898 7.606808 9.102818 9.102818 9.102818 9.102818 9.102818 9.102818 9.102818 7.965516 4.422069 1.838136 1.657239 1.657239 1.657239 1.657238 1.657239 1.657239 1.657239 1.657239 1.657239 1.657239 1.657239 1.657239 1.461569 1.107794 1.106678 1.106678 1.106678 2.59089 5.451604 5.538376 3.764131 0.6224132 0.6224132
60.57383 36.1568 9.757899 10.68407 24.49894 28.71785 57.54182 79.59732 79.59732 72.03547 68.0658 0 0 0 0 0 2.745795 2.745795 2.745795 2.745795 2.742355 1.946267 0.985244 0.9533883 1.303693 3.069668 3.350979 2.906062 2.857637 3.546617 3.65075 2.772061 1.370898 1.370898 1.370898 7.719109 9.102818 9.102818 9.102818 9.102818 9.102818 7.991058 4.379435 1.754579 1.657239 1.657239 1.657239 1.657239 1.657239 1.657239 1.657239 1.657239 1.657239 1.657239 1.657239 1.657239 1.657239 1.576361 1.133478 1.106678 1.106678 1.106678 1.106678 1.106678 2.475826 5.420899 5.438899 1.167123 0.6224132
38.9598 20.45941 9.7579 16.53143 24.68144 20.00127 45.00474 76.5127 78.55383 76.56728 68.32303 0 0 0 0 0 2.745795 2.745796 2.745795 2.745796 2.745795 2.745796 2.377232 1.189561 0.9533882 0.991085 1.068702 2.005396 2.833664 3.215306 3.65075 2.004553 1.370898 1.370898 1.370898 5.495499 9.102818 9.102818 9.102818 8.014365 4.344778 1.751312 1.657239 1.657239 1.657239 1.657239 1.657239 1.657239 1.657239 1.657239 1.657239 1.657239 1.657239 1.657239 1.657239 1.657239 1.653027 1.219517 1.106678 1.106678 1.106678 1.106678 1.106678 1.106678 1.106678 2.365513 5.38571 3.287126 0.6224131
21.01754 9.979777 9.7579 10.40073 6.901142 6.423787 13.23637 21.80616 24.95372 29.1725 26.38797 21.80615 16.9034 14.34582 0 0 2.745795 2.745796 2.745795 2.745796 2.745795 2.745796 2.745795 2.610352 1.41144 0.9533883 0.9533883 1.592727 2.746837 2.998962 2.978198 1.386455 1.370898 1.364406 1.244636 4.985394 5.624161 3.809792 1.332471 1.629054 1.657239 1.657239 1.657239 1.657239 1.657239 1.657239 1.657239 1.657239 1.657239 1.657239 1.657239 1.657239 1.657239 1.657239 1.657239 1.657239 1.572848 1.311167 1.299222 1.234921 1.106678 1.106678 1.106678 1.106678 1.106678 1.106678 2.260404 5.052485 0.8841897
