Scenarios/Global_Grid/data/country_data_population_distribution/processed/density_grids/ken.asc
ncols 213
nrows 251
xllcorner 33
yllcorner -4
[rows 60 to 89 of 251, columns 138 to 206 of 213]
0.6224131 0.6224131 0.6474493 0.8716905 1.689286 1.933205 1.933205 2.581728 3.778297 3.823223 3.823223 3.823222 3.958129 12.23925 20.80768 60.23815 69.25086 69.25086 69.25086 69.25086 47.17874 29.06378 29.06378 29.06378 28.5264 27.59814 27.59814 27.59814 27.59814 26.03124 21.25384 21.09637 21.09637 21.09637 20.85184 20.20998 20.20802 20.20802 18.15044 17.31512 21.15998 40.5921 59.96921 63.43729 63.43729 63.86225 112.0592 100.5877 67.79897 62.77251 62.79915 62.81712 94.93681 128.3944 127.1626 127.1626 171.8082 122.6075 116.7183 107.7129 0 0 0 0 0 0 0 0 0
0.6291542 0.6224131 0.6224131 0.6224131 1.121909 1.933205 1.933205 1.933205 1.989399 2.274197 3.030663 3.780731 7.906073 21.74615 21.74615 22.49604 35.19492 41.60188 45.57138 49.64908 41.73281 29.06378 29.06378 29.06378 27.79362 27.59814 27.59814 27.59814 24.86529 21.39502 21.09637 21.09637 21.09637 20.96356 20.2735 20.20802 20.20802 20.20802 15.85959 17.16401 17.31512 17.31512 19.28941 35.15756 56.28689 64.24904 232.1228 223.1652 78.90863 57.58167 57.94889 74.65581 132.8679 133.0529 128.7715 127.1626 387.5506 118.9741 102.4631 0 0 0 0 0 0 0 0 0 0
0.7754421 0.6224131 0.6224131 0.6224131 0.8125219 1.918144 1.933205 1.933205 1.841686 1.711805 1.711805 8.934451 20.80433 21.74615 21.74615 21.74615 21.74615 21.74615 21.74615 22.59901 29.01357 29.06378 29.06378 29.06378 28.51496 27.61411 27.59721 22.32703 15.06375 16.85697 21.00482 21.09637 21.02011 20.3025 20.20802 20.20802 20.20802 19.30326 7.697025 8.251702 10.832 12.91817 16.05092 17.31512 17.69597 59.36771 160.1898 58.923 57.21713 57.21713 57.21713 77.53039 133.1786 133.1786 132.9081 773.3895 1325.269 192.6267 0 0 0 0 0 0 0 0 0 0 0
0.9795114 0.6224131 0.6224131 0.6224131 1.564385 1.933205 1.933205 1.90919 1.730567 1.711805 1.711805 8.641233 21.74615 21.74615 21.74615 21.74615 21.74615 21.74615 21.74615 24.58803 29.06378 29.06378 29.06378 29.06378 29.06378 28.56196 19.02517 14.75794 14.75794 14.75794 18.75209 20.79753 20.34149 20.20802 20.20802 20.20802 20.20802 14.50307 7.520925 7.520925 7.520925 7.520925 7.53417 9.867499 12.56555 20.7436 61.82075 57.21713 57.21713 57.21713 74.70553 129.4419 133.1786 133.1786 133.1786 450.0664 2421.985 401.1321 0 0 0 0 0 0 0 0 0 0 0
1.10608 0.7225434 0.6224132 0.6224132 0.9770956 1.925577 1.933205 1.851543 1.711805 1.711805 1.711805 9.635245 21.74615 21.74615 21.74615 21.74615 21.67365 15.94189 15.63758 22.22632 29.06378 29.06378 29.06378 29.06378 29.06378 29.01693 15.85417 14.75794 14.75794 14.75794 17.54664 20.20802 20.20802 20.20802 20.20802 20.20802 20.20802 10.34516 7.520925 7.520924 7.520925 7.520924 7.520925 7.520924 7.520925 8.889919 47.16851 54.9494 57.45457 58.876 92.25589 121.1118 120.992 122.3302 148.0169 711.6535 735.6459 490.0035 0 0 0 0 0 0 0 0 0 0 0
1.106678 0.9540803 0.6224131 0.6224131 0.6224131 1.185579 1.933205 1.85546 1.711805 1.711805 1.711805 13.62399 21.74615 21.74615 21.74615 20.03442 12.25735 10.11341 14.1937 14.59776 17.13369 21.5447 26.12925 27.83801 24.28337 23.41418 17.89301 14.85372 14.75794 14.75794 16.79434 20.20802 20.20802 20.20802 20.20802 20.20802 19.5037 7.879043 7.520925 7.520924 7.520925 7.520924 7.520925 7.520924 7.520925 7.525031 26.95368 34.43707 46.99782 60.90881 60.90881 98.4465 116.3927 116.3927 116.3927 387.6854 728.9128 419.833 0 0 0 0 0 0 0 0 0 0 0
1.106678 1.103268 0.6971924 0.6224131 0.622413 0.6692677 1.742232 1.854198 1.711805 1.711805 2.275096 11.53503 11.495 10.63376 10.04161 8.319136 8.212781 10.40713 14.1937 14.1937 14.1937 14.1937 16.73995 18.23439 18.23437 18.44956 22.12327 20.93126 15.60619 14.75794 14.90769 19.70247 20.20802 20.20802 20.20802 20.20802 21.38048 17.61946 14.32967 12.02172 9.834603 8.413234 7.549211 7.520925 7.520924 7.555929 26.67857 34.43707 34.45661 54.5938 60.90881 85.61349 116.3927 116.3927 116.3927 116.3927 167.5324 78.92759 0 0 0 0 0 0 0 0 0 0 0
1.406795 1.407877 1.12627 0.6224132 0.6224131 0.6224132 1.086812 1.804388 1.711805 1.711805 4.886348 8.212781 8.212782 8.212781 8.212782 8.212781 8.212781 10.70935 14.1937 14.1937 14.1937 14.33414 18.00563 18.23437 18.23437 18.26393 37.33177 23.61635 20.53199 15.47025 14.78059 16.82392 20.20802 20.20802 20.20802 20.55817 28.7582 32.22289 32.22289 32.22289 32.22289 32.22289 31.83164 28.25414 26.59559 25.71198 28.40615 34.43707 34.43707 47.33208 60.90881 65.4652 101.9651 138.9508 153.9501 165.8916 167.4889 117.1087 0 0 0 0 0 0 0 0 0 0 0
1.637569 1.637569 1.603989 0.7162722 0.6224131 0.6224132 0.7358484 1.576566 1.711805 2.061356 7.496202 8.212781 8.212781 8.212782 8.212782 8.212782 8.212782 11.01315 14.1937 14.1937 14.1937 15.50552 18.23438 18.23437 18.23438 18.23438 62.93466 74.39413 37.75489 22.12327 21.837 20.81965 21.42635 21.28067 21.18758 21.95159 24.02755 31.95688 32.22289 32.22289 32.22289 32.22289 32.07504 29.94315 29.94259 29.94259 29.96229 34.04431 34.43707 52.64761 60.90881 60.90881 84.96857 243.8895 191.0157 149.8818 208.5809 134.8295 0 0 0 0 0 0 0 0 0 0 0
1.637569 1.637569 1.637569 1.151374 0.6224131 0.6224131 0.6224131 1.530312 3.553472 13.43236 8.220247 8.212781 8.212781 8.212781 8.212782 8.212781 8.212782 11.07109 14.1937 14.1937 14.1937 16.94124 18.23438 18.23438 18.23438 18.23438 57.45071 77.30431 42.28473 22.12327 22.12327 22.12327 22.12327 22.12327 22.12327 22.12327 23.57763 32.19511 32.22289 32.22289 32.22289 32.22289 31.71048 29.94259 29.94259 29.94259 29.94259 32.35843 39.21762 53.6064 60.4707 60.90881 60.90881 113.5848 93.92893 93.92893 93.92893 64.91902 0 0 0 0 0 0 0 0 0 0 0
1.637569 1.637569 1.637569 1.568884 0.6711425 0.6224131 0.6224132 13.30309 24.66312 24.14159 8.212781 8.212781 8.212781 10.46138 22.76542 33.65342 36.85598 40.03064 42.79825 43.5037 43.24924 44.89909 45.58097 46.12642 47.6912 48.76057 70.17365 77.30432 40.93954 22.12327 22.12327 22.12327 22.12327 22.12327 22.12327 22.12327 22.53927 29.64438 32.22289 32.22289 32.22289 32.22289 31.72592 29.94259 29.94259 29.94259 29.94259 31.2696 46.67424 47.35199 54.35465 61.93895 61.79479 74.29752 91.88213 82.55894 92.72994 65.2714 0 0 0 0 0 0 0 0 0 0 0
1.637569 1.637569 1.637569 1.637569 1.068698 0.6224132 0.6224132 10.89713 24.81605 23.63391 8.212781 8.212781 10.90501 20.7454 22.10455 31.30401 48.9324 65.46291 69.64706 69.64706 69.64706 69.64706 69.64706 69.64706 70.08138 77.09187 77.30431 77.30431 44.9096 27.94237 24.92445 22.33748 22.12327 22.12327 22.12327 22.12327 22.80028 30.7194 32.22289 32.22289 32.22289 32.22289 31.61783 29.94259 29.94259 29.94259 29.94259 29.94259 41.09814 47.55914 54.93449 63.70833 63.79691 63.79691 61.03419 46.3597 72.71812 65.62395 0 0 0 0 0 0 0 0 0 0 0
1.637569 1.637569 1.637569 1.637569 1.516678 0.6406733 0.6224131 3.183316 24.61337 24.26585 16.98455 19.13031 21.92786 22.10048 22.10048 22.10048 22.10048 22.91305 36.30518 53.99697 68.86855 69.64706 69.64706 69.64706 69.64706 76.47599 77.30431 76.31944 59.37843 42.70894 37.34823 36.62732 33.44116 29.82634 26.56454 23.01748 29.53028 32.22289 32.22289 32.22289 32.22289 32.22289 32.01228 33.63575 35.62442 36.83318 38.60065 39.11507 34.24999 53.53563 63.79691 63.79691 63.79691 63.79691 52.81029 46.15619 56.10123 65.70805 0 0 0 0 0 0 0 0 0 0 0
1.637569 1.637569 1.637569 1.637569 1.637569 0.986022 0.6224132 0.6224132 18.63634 24.81605 23.6399 22.10048 22.10048 22.10048 22.10048 22.10048 22.10048 22.10048 22.10048 25.11924 68.48082 69.64706 69.64706 70.78935 70.04079 73.85244 75.17311 73.71468 73.70216 59.43885 37.34823 37.34823 37.34823 37.34823 37.34823 37.34816 37.11636 36.96451 38.55125 133.1962 97.8093 46.78282 39.84556 39.91035 39.91035 39.91035 39.91035 39.91035 39.91035 41.84882 63.75917 63.79691 63.79691 63.79691 49.09623 46.15619 46.15619 59.88812 0 0 0 0 0 0 0 0 0 0 0
1.637569 1.63757 1.637569 1.637569 1.637569 1.449811 0.6248646 0.6224132 15.67674 24.81604 24.57728 22.3306 22.10048 22.10048 22.10048 22.10048 22.10048 22.10048 22.10048 36.36759 60.68147 58.90348 56.18335 84.57515 78.23389 73.70216 73.70215 73.70215 68.235 42.79268 35.98132 36.77803 37.34824 37.34824 37.34824 37.34824 37.34824 37.34824 38.71681 145.4722 155.4435 134.0353 38.66507 39.81995 39.91035 39.91035 39.91035 39.91035 39.91035 39.91035 51.74776 63.76238 63.79691 63.74842 47.89675 46.1562 46.1562 50.21585 0 0 0 0 0 0 0 0 0 0 0
0.4391267 0.3867629 0.4195588 0.4458469 0.4525346 0.4250666 0.5503509 0.6224132 12.63935 22.85015 24.81605 23.71787 22.10048 22.10048 22.10048 22.10048 22.10048 22.10048 22.00865 43.41415 54.2188 54.2188 54.2188 84.35611 85.4254 73.73063 73.70216 64.67456 41.3916 35.63294 35.63019 36.59726 37.34824 37.34824 37.34824 37.34824 37.34824 37.30516 90.73158 155.4435 137.1492 52.67245 20.95039 26.68198 30.87583 27.94306 36.85847 39.91035 39.91035 39.26694 24.28573 40.85855 58.28362 63.79691 50.95782 46.1562 46.15619 33.26743 0 0 0 0 0 0 0 0 0 0 0
0.3610424 0.3610424 0.3610424 0.3610425 0.3610424 0.3610424 0.4165208 0.6220481 13.75347 19.16966 22.60055 24.75904 22.63898 22.10405 21.26163 20.9078 20.37456 19.78135 19.22922 21.03054 35.29192 48.68599 53.72542 78.06345 88.45345 67.28658 71.60222 57.09094 41.88419 37.18404 35.63019 36.11348 36.52813 36.63621 36.62184 36.55641 36.24889 52.44632 150.2389 147.3039 47.26084 20.95039 20.95039 20.60583 20.05212 20.05212 20.12446 25.27969 30.93384 16.49283 11.24463 11.24463 13.37171 27.58636 41.60958 46.15619 46.15619 35.05181 0 0 0 0 0 0 0 0 0 0 0
0.3610424 0.3610424 0.3610424 0.3610424 0.3610424 0.3610424 0.3610424 0.5478413 11.23893 19.16034 19.21369 22.63503 24.78517 22.41666 19.16034 19.16034 19.16034 19.16034 19.16034 19.16034 19.16034 14.89267 16.78065 42.27852 50.80397 41.88419 43.71841 46.24305 41.88419 40.59502 35.88472 35.63019 35.63019 35.63019 35.63019 35.63019 35.63019 98.93742 144.947 133.8114 59.19563 20.95039 20.95039 20.66557 20.05212 20.05212 20.05212 16.09014 13.66216 11.24463 11.24463 11.24463 11.24463 11.24463 16.79077 45.81037 46.15619 34.21684 0 0 0 0 0 0 0 0 0 0 0
0.3610425 0.3610424 0.3610424 0.3610424 0.3610424 0.3610424 0.3610424 0.4183864 9.856249 19.16034 19.16034 19.16034 19.40954 19.33837 19.16034 19.16034 19.16034 19.16034 19.16034 19.16034 19.16034 17.31653 12.86856 12.86855 20.32422 41.62066 41.88419 41.88419 41.88419 41.88419 40.2796 35.63019 35.63019 35.63019 35.63019 35.63019 35.63019 88.93307 133.8113 133.8113 78.27197 20.95039 20.95039 20.66932 20.05212 20.05212 20.05212 12.20931 11.24463 11.24463 11.24463 11.24463 11.24463 11.24463 11.24463 22.96234 43.46737 29.21788 0 0 0 0 0 0 0 0 0 0 0
0.3610424 0.3610424 0.3610424 0.3610424 0.3610424 0.3610424 0.3610424 0.3610424 9.245482 19.16034 19.16034 19.16034 19.16034 19.16034 19.16034 19.16034 19.24638 19.22895 19.16034 19.16034 19.16034 18.70131 12.87008 12.86856 12.86856 20.84533 40.46243 43.60963 45.37496 42.75695 40.53394 35.63019 35.63019 35.63019 35.63019 35.63019 35.57905 25.91777 33.91371 36.22464 30.06231 20.95039 20.95039 20.88711 20.05229 20.05212 20.05212 15.09324 11.24463 11.24463 11.24463 11.7282 16.01564 15.90899 12.63387 11.24463 11.93837 11.49693 0 0 0 0 0 0 0 0 0 0 0
0.3610424 0.3610424 0.3610424 0.3610424 0.3610424 0.3610424 0.3610424 0.3610424 3.593229 18.8689 19.16034 19.16034 19.16034 19.16376 19.60397 20.51902 21.24913 21.36313 20.71519 19.99864 19.31922 19.16034 14.86257 12.86855 12.86856 12.86856 27.08065 52.46504 52.46503 45.25907 40.74422 35.63019 35.63019 35.63019 35.63019 35.63019 35.63019 19.47257 18.6219 18.62189 18.99413 20.95039 20.95039 20.76046 20.05212 20.05212 20.05212 14.86968 11.24463 11.24463 13.06601 22.53697 24.79135 24.79135 19.67748 11.68921 12.4172 11.80904 0 0 0 0 0 0 0 0 0 0 0
0.3610424 0.3610424 0.3610424 0.3610424 0.3610424 0.3610425 0.3610424 0.5174841 1.019073 9.652909 19.27133 19.47914 20.29654 21.24975 21.47645 21.47646 21.47645 21.47646 21.47645 21.47646 21.43503 20.86881 16.143 12.86856 12.86856 12.86856 16.4507 52.46504 52.46503 44.85768 41.6642 35.69825 35.63019 35.63019 35.63019 35.63019 35.63019 20.02209 18.6219 18.6219 18.75791 21.3406 20.92849 20.43424 20.05212 19.76011 14.91518 11.24995 11.28293 17.10143 24.17738 24.79135 24.79135 24.79135 24.84331 25.75895 26.07256 20.39197 0 0 0 0 0 0 0 0 0 0 0
0.3610424 0.3610424 0.3610424 0.3610424 0.3610424 0.4314773 0.8874258 1.245373 1.257831 5.024303 21.47646 21.47646 21.47646 21.47646 21.47646 21.47646 21.47646 21.47646 21.47646 21.47646 21.47646 21.47646 16.23229 12.86856 12.86856 12.86856 16.2676 52.46503 52.46503 45.78916 41.88419 36.21805 35.63019 35.63019 35.63019 35.63019 35.63019 20.35645 21.17264 28.7475 28.80118 25.98535 20.14453 20.05212 19.16939 13.45425 11.24463 12.57047 19.52775 24.09063 24.76613 24.79135 24.98211 25.67157 26.04206 26.07256 26.07256 21.22147 0 0 0 0 0 0 0 0 0 0 0
0.3610424 0.3610424 0.3610424 0.3793389 0.7554355 1.199389 1.257831 1.257831 1.257831 1.391407 13.55881 21.47645 21.47646 21.47645 21.47646 18.60352 13.57267 18.25566 21.39391 21.47646 21.47646 21.47646 18.36228 12.86856 12.86856 12.86856 17.29386 52.46503 52.46503 47.52961 44.77989 51.8857 35.63019 35.33593 33.41547 31.86077 32.33248 19.82709 35.53172 50.23259 36.30653 33.10171 15.77557 14.25465 11.65263 11.24463 11.60392 20.45874 22.47415 22.47415 22.80097 24.22297 25.54024 26.07184 26.07256 26.07256 26.07256 22.05043 0 0 0 0 0 0 0 0 0 0 0
0.3610424 0.3610397 0.3339555 1.063948 1.257831 1.257831 1.257831 1.257831 1.257831 1.257831 1.783302 17.20828 21.47646 21.47645 21.47646 13.29652 7.027703 7.027703 8.563473 13.83045 19.67346 21.47645 20.89021 13.13887 12.86855 12.86855 20.07322 52.46503 52.46503 61.84083 109.9651 115.7044 38.43957 25.53327 25.19065 20.80582 18.6219 18.6219 46.87938 37.97641 36.30653 36.30653 27.36951 11.55474 11.24463 11.6995 19.63116 22.47415 22.47415 22.47415 22.47415 22.47415 22.47415 22.96192 24.10856 25.53782 26.07256 22.49019 0 0 0 0 0 0 0 0 0 0 0
0.3459676 0.2944844 0.4490024 1.237456 1.257831 1.257831 1.257831 1.257831 1.257831 1.257831 1.257831 3.555439 17.18983 21.47646 21.2794 8.423347 7.027703 7.027703 7.027703 7.027703 7.178565 11.39344 17.45436 16.76687 14.60627 32.39757 59.23618 94.6624 110.9432 121.2637 120.1502 93.57325 69.00825 37.33109 37.08382 20.25667 18.6219 27.21482 47.64021 36.30653 36.30653 36.30653 36.30653 28.07862 11.67505 16.61937 22.47415 22.47415 22.47415 22.47415 22.47415 22.47415 22.47415 22.47415 22.47415 22.47835 23.02904 21.04 0 0 0 0 0 0 0 0 0 0 0
0.2700828 0.26847 0.7174646 1.257831 1.257831 1.257831 1.257831 1.257831 1.257831 1.257831 1.257831 1.257831 1.555296 17.33493 17.37256 7.027704 7.027703 7.027704 7.027703 7.027703 7.027703 7.027704 7.027703 10.4378 47.60391 65.99343 65.7989 65.55762 65.0279 67.0688 56.52281 48.8326 66.39899 73.01501 73.015 44.51645 18.67339 49.52081 42.61794 36.30653 36.30653 36.30653 35.89732 35.64289 25.81795 22.43461 22.47415 22.47415 22.47414 22.47415 22.47415 22.47415 22.47415 22.47414 22.47415 22.47415 22.47415 19.91579 0 0 0 0 0 0 0 0 0 0 0
0.26847 0.26847 0.5239974 1.229073 1.257831 1.257831 1.257831 1.257831 1.257831 1.257831 1.257831 1.257831 1.257831 8.896563 11.63929 7.027703 7.027703 7.027703 7.027703 7.027703 7.027704 7.027703 7.027704 7.794312 10.94003 19.02851 37.05766 48.0303 48.19247 48.19247 48.19247 48.19247 49.50721 68.47546 73.015 122.7812 156.0304 58.9579 54.44293 32.46629 27.32224 25.58507 24.46757 24.42856 24.35535 24.09828 23.21898 22.8121 22.7257 22.58037 22.5735 22.52044 22.56497 22.54772 22.53716 22.4782 22.47415 20.33595 0 0 0 0 0 0 0 0 0 0 0
0.26847 0.26847 0.26847 0.7313712 1.257831 1.257831 1.257831 1.257831 1.257831 1.257831 1.257831 1.257831 1.257831 1.28561 6.299014 7.027704 7.027703 7.027704 7.027703 7.027703 7.027703 7.027704 7.027703 7.042446 10.81119 10.94003 10.94003 27.40389 48.19247 48.19247 48.19247 48.19247 48.19247 50.39147 1296.218 1897.885 1078.003 44.64665 29.58121 24.42856 24.42856 24.42856 24.42856 24.42856 24.42856 24.42856 24.42856 24.42856 24.42856 24.42856 24.42856 24.42856 24.42856 24.42856 24.42856 24.4103 24.33533 21.35879 0 0 0 0 0 0 0 0 0 0 0
0.26847 0.26847 0.26847 0.2838083 1.15394 1.257831 1.257831 1.257831 1.257831 1.257831 1.217627 1.107926 0.9915191 0.8784062 3.305594 7.027703 7.027703 7.027703 7.027703 7.027703 7.027703 7.027703 7.027703 7.229143 10.92427 10.94003 10.94003 11.41859 41.04592 47.6343 47.52112 47.35672 47.25315 47.14027 1873.198 2108.524 723.144 85.28537 30.83108 29.80994 29.24492 28.33989 27.38146 26.40052 25.15739 24.43175 22.00263 17.10681 16.9401 19.43094 21.54636 23.6493 24.42856 24.42856 24.42856 24.42856 24.42856 21.50381 0 0 0 0 0 0 0 0 0 0 0
