Scenarios/Global_Grid/data/country_data_population_distribution/processed/density_grids/kgz.asc
ncols 270
nrows 102
xllcorner 69
yllcorner 39
[rows 0 to 37 of 102, columns 86 to 171 of 270]
0 0 0 0 0 0 0 0 0 0 0 0 0 0 0 0 0 0 0 0 0 0 0 0 0 0 0 0 0 0 0 0 0 0 0 0 0 0 0 0 0 0 41.9477 49.57763 64.46469 0 0 0 0 0 0 0 0 0 0 0 0 0 0 0 0 0 0 0 0 0 0 0 0 0 0 0 0 0 0 0 0 0 0 0 0 0 0 0 0 0
0 0 0 0 0 0 0 0 0 0 0 0 0 0 0 0 0 0 0 0 0 0 0 0 0 0 0 0 0 0 0 0 0 0 0 0 0 0 0 0 0 0 55.00569 61.21666 83.68365 85.62048 79.03002 69.66696 59.00423 0 0 0 0 0 0 0 0 0 0 0 0 0 0 0 0 0 0 0 0 0 0 0 0 0 0 0 0 0 0 0 0 0 0 0 0 0
0 0 0 0 0 0 0 0 0 0 0 0 0 0 0 0 0 0 0 0 0 0 0 0 0 0 0 0 0 0 0 0 0 0 0 0 31.26775 34.00392 32.96207 33.99412 58.14822 59.70609 59.70609 59.72381 78.7988 85.62048 85.62048 85.62048 85.62048 85.39174 75.39774 59.21067 0 0 0 0 0 0 0 0 0 0 0 0 0 0 0 0 0 0 0 0 0 0 0 0 0 0 0 0 0 0 0 0 0 0
0 0 0 0 0 0 0 0 0 0 0 0 0 0 0 0 0 0 0 0 0 0 0 0 0 0 0 0 0 0 0 0 10.03377 9.328319 0 21.46458 34.00392 34.00392 34.00392 34.00392 57.11625 59.70609 59.70609 63.65425 85.5232 85.62049 85.62049 85.62049 85.62049 85.62048 90.03332 93.74824 84.54958 0 0 0 0 0 0 0 0 0 0 0 0 0 0 0 0 0 0 0 0 0 0 0 0 0 0 0 0 0 0 0 0 0
0 0 0 0 0 0 0 0 0 0 0 0 0 0 0 0 0 0 0 0 0 0 0 0 0 0 0 0 0 0 8.686793 7.513354 7.510241 7.510241 7.51024 25.83285 34.00392 34.00392 34.00392 36.10761 57.52166 59.70609 59.70609 59.70609 83.18025 85.62049 85.62048 85.62049 85.62048 85.62048 86.64135 93.595 93.74823 91.33029 56.44061 0 0 0 0 0 0 0 0 0 0 0 0 0 0 0 0 0 0 0 0 0 0 0 0 0 0 0 0 0 0 0
0 0 0 0 0 0 0 0 0 0 0 0 0 0 0 0 0 0 0 0 0 0 0 0 0 0 0 0 7.581702 7.51024 7.51024 7.51024 7.51024 7.510241 15.146 34.00071 34.00392 34.00392 34.00392 46.44384 59.70609 59.70609 59.70609 59.70609 73.04267 85.60654 85.62048 85.62048 85.62049 85.62049 85.62048 90.86277 93.74823 93.74823 92.09418 0 0 0 0 0 0 0 0 0 0 0 0 0 0 0 0 0 0 0 0 0 0 0 0 0 0 0 0 0 0 0
0 0 0 0 0 0 0 0 0 0 0 0 0 0 0 0 0 0 0 0 0 0 0 0 0 0 0 9.035752 7.510241 7.51024 7.510241 7.510241 7.510241 14.33902 30.88889 34.00392 34.00392 34.00392 34.00392 40.60832 59.70609 59.70609 59.70609 59.70609 59.70609 82.99397 85.62048 85.62049 85.62048 85.62049 85.62048 85.62048 92.1219 93.74824 93.74824 90.06876 80.27855 79.97008 75.8907 58.5811 0 0 0 0 0 0 0 0 0 0 0 0 0 0 0 0 0 0 0 0 0 0 0 0 0 0
0 0 0 0 0 0 0 0 0 0 0 0 0 0 0 0 0 0 0 0 0 0 0 0 0 0 10.10117 7.51024 7.51024 7.51024 7.51024 7.51024 17.15934 33.80991 34.00392 34.00392 34.00392 34.00392 34.00392 34.3476 57.63763 59.70609 59.70609 59.70609 59.70609 83.44453 85.62048 85.62049 85.62049 85.62049 85.62049 85.64789 91.49889 93.74824 93.74823 93.74824 93.74823 86.01003 79.01878 79.01878 73.65937 56.62963 0 0 0 0 0 0 0 0 0 0 0 0 0 0 0 0 0 0 0 0 10.57465 10.63284 10.70434 0
0 0 0 0 0 0 0 0 0 0 0 0 0 0 0 0 0 0 0 0 0 0 0 0 0 0 7.595329 7.510241 7.51024 7.510241 7.51024 7.51024 14.83098 33.65551 34.00392 34.00392 34.00392 34.00392 34.00392 34.00392 42.49283 59.7037 59.70609 59.70609 59.70609 78.60048 85.62048 85.62048 85.62049 85.62048 227.2386 11046.46 12687.64 1605.274 93.74824 93.74824 93.74823 88.07189 79.01878 79.01878 79.01878 79.01878 79.00911 65.9711 0 0 0 0 0 0 0 0 0 0 0 0 0 0 0 0 0 12.16871 11.98448 11.98448 11.98448 11.98448
0 0 0 0 0 0 0 0 0 0 0 0 0 0 0 0 0 0 0 0 0 0 0 0 0 0 7.680773 7.51024 7.510241 7.51024 7.51024 7.51024 7.51024 27.19514 32.87624 33.98544 34.00392 34.00392 34.00392 34.00392 46.87084 59.70609 59.70609 59.70609 59.70609 70.2838 85.62048 85.62048 85.62048 85.62048 443.7174 14488.04 16128.35 2568.274 93.74823 93.74823 93.74823 88.9762 79.01878 79.01878 79.01878 79.01878 79.01878 79.01878 79.01878 58.58235 0 0 0 376.6534 0 0 0 0 0 0 0 0 0 0 0 11.98448 11.98447 11.98448 11.98447 11.98448
0 0 0 0 0 0 0 0 0 0 0 0 0 0 0 0 0 0 0 0 0 0 0 0 0 0 8.206948 7.51024 7.51024 7.51024 7.510241 7.51024 7.622233 29.50399 10.40943 21.8397 33.12462 34.00392 34.00392 36.4138 59.46875 59.70609 59.70609 59.70609 59.70609 77.43336 85.62048 85.62049 85.62048 85.62049 85.77647 93.74824 93.74823 93.74824 93.74824 93.74824 93.74824 91.8502 79.47476 79.01878 79.01878 79.01878 79.01878 79.01878 79.01878 79.01878 79.01878 122.1231 702.9189 711.3958 646.0453 71.96885 26.17077 26.75848 26.7438 15.33339 13.75939 14.44237 0 0 12.62879 11.98448 11.98448 11.98447 11.98448 11.98447
0 0 0 0 0 0 0 0 0 0 0 0 0 0 0 0 0 0 0 0 0 0 0 0 0 0 7.656581 7.51024 7.510241 7.51024 7.51024 7.510241 7.510241 7.510241 7.51024 7.593628 27.96159 34.00392 34.00392 36.71937 59.22349 59.70609 59.7162 78.03953 79.23143 84.0746 85.62049 85.62049 85.62048 85.62049 85.66586 93.69264 93.74823 93.74824 93.74823 93.74823 93.74823 93.74824 81.64547 79.01878 79.01878 79.01878 79.01878 79.01878 79.01878 79.01878 77.34275 52.60612 228.8936 249.4774 64.22092 29.61523 29.61523 29.61523 28.31059 12.69323 11.98448 11.98447 11.98447 11.98447 11.98447 11.98447 11.98447 11.98447 11.98447 11.98447
0 0 0 0 0 0 0 0 0 0 0 0 0 0 0 0 0 0 0 0 0 0 0 0 0 8.625357 7.51024 7.51024 7.51024 7.51024 7.51024 7.51024 7.51024 7.51024 7.51024 18.41775 34.00392 34.00392 34.00392 42.22102 58.89847 59.70609 59.70609 66.32427 85.37935 85.62048 85.62049 85.62048 85.62049 85.63855 88.09924 93.50312 93.74824 93.74824 93.74824 93.74824 93.74824 93.74823 86.65778 79.01878 79.01878 79.01878 79.01878 79.01878 79.01878 79.01878 57.44257 29.61523 29.61523 29.61523 29.61523 29.61523 29.61523 28.92733 14.88024 11.98447 11.98448 11.98448 11.98448 11.98448 11.98447 11.98448 11.98447 11.98447 11.98447 11.98448
12.89612 11.03291 0 0 0 0 0 0 0 0 0 0 0 0 0 0 0 0 0 0 0 0 0 0 0 7.51024 7.51024 7.510241 7.51024 7.51024 7.51024 7.51024 7.510241 7.51024 7.51024 13.57545 34.00392 34.00392 34.00392 34.17349 57.95858 59.70609 59.70609 59.99017 79.52746 85.62048 85.62048 85.62048 85.62049 85.63353 88.43711 93.37788 93.74823 93.74823 93.74823 93.74823 93.74823 85.82538 81.47655 79.01878 79.01878 79.01878 79.01878 79.01878 79.01878 79.01878 61.45875 29.61523 29.61523 29.61523 29.61523 29.61523 29.61523 29.61523 21.00737 11.98448 11.98447 11.98448 11.98448 11.98448 11.98448 11.98448 11.98448 11.98448 11.98448 11.98448
13.62054 13.62054 13.62054 13.62054 13.62054 13.26372 11.3363 0 0 0 0 0 0 0 0 0 0 0 0 0 0 0 0 0 9.540592 7.51024 7.510241 7.51024 7.51024 7.51024 7.51024 7.51024 7.510241 7.51024 7.51024 8.157166 33.99178 34.00392 34.00392 36.24736 59.08362 59.70609 59.70609 66.85326 85.43141 85.62049 85.62048 85.62049 85.62048 88.40385 92.25701 93.69784 93.74823 93.74823 93.74823 93.74824 93.74823 85.54691 79.01878 79.01878 79.01878 79.01878 79.01878 79.01878 79.01878 79.01878 55.1937 29.61523 29.61523 29.61523 29.61523 29.61523 29.61523 29.61523 28.43866 15.90202 11.98447 11.98448 11.98448 11.98448 11.98448 11.98448 11.98448 11.98448 11.98448 11.98448
13.62054 13.62054 13.62054 13.62054 13.62054 13.62054 13.62054 13.62054 11.77536 0 0 0 0 0 0 0 0 0 0 0 0 0 0 0 8.514858 7.510241 7.510241 7.51024 7.510241 7.51024 7.510241 7.510241 7.510241 7.510241 12.62871 9.453703 34.00061 34.00392 34.00392 34.00392 55.00272 59.70609 59.70609 65.20147 84.98688 85.62048 85.62048 85.62048 85.62048 85.62048 88.72519 93.74823 93.74823 93.74823 93.74824 93.74823 93.74824 86.73788 79.01878 79.01878 79.01878 79.01878 79.01878 79.01878 79.01878 66.38016 44.14553 29.61523 29.61523 29.61523 29.61523 29.61523 29.61523 29.61523 29.61523 28.35318 12.66991 13.20827 11.98448 11.98447 11.98448 11.98448 11.98447 11.98447 11.98448 11.98448
13.62054 13.62054 13.62054 13.62054 13.62054 13.62054 13.62054 13.62054 13.62054 11.66185 0 0 0 0 0 0 0 0 0 0 0 0 0 0 8.371505 7.51024 7.51024 7.51024 7.51024 7.51024 7.51024 7.51024 9.344378 18.33226 33.85326 29.49232 34.00392 34.00392 34.00392 36.01826 59.50719 59.70609 59.70609 63.6348 76.00426 84.73224 85.62048 85.62048 85.62048 85.62048 86.54717 91.66899 93.74823 93.74823 93.74823 93.74823 93.74823 90.66884 79.01878 79.01878 79.01878 79.01878 79.01878 79.01878 78.94767 40.45111 29.61523 29.61523 29.61523 29.61523 29.61523 29.61523 29.61523 29.61523 29.61523 29.61523 29.31063 29.46202 18.23275 11.98447 11.98447 11.48139 9.913794 9.837577 9.76982 9.702063
13.62054 13.62054 13.62054 13.62054 13.62054 13.62054 13.62054 13.62054 13.62054 13.62054 13.62054 13.22711 12.47182 11.80882 13.17667 13.45068 13.48854 13.37612 0 0 0 0 0 0 9.923554 7.510241 7.51024 7.510241 7.510241 7.510241 7.51024 7.510241 10.4622 32.8011 34.00392 34.00392 34.00392 34.00392 34.00392 38.68468 57.29889 59.70609 59.70609 59.70609 65.53748 85.62048 85.62049 85.62048 85.62049 85.62048 85.943 92.26591 93.74824 93.74824 93.74824 93.74824 93.74823 87.87683 79.01878 79.01878 79.01878 79.01878 79.01878 79.01878 78.30828 35.4891 29.61523 29.61523 29.61523 29.61523 29.61523 29.61523 29.61523 29.61523 29.61523 29.61523 29.61523 29.54926 14.33493 11.98203 9.8599 7.075706 6.752579 6.752579 6.752579 6.752579
13.62054 13.62054 13.62054 13.62054 13.62054 13.62054 13.62054 13.62054 13.62054 13.62054 13.62054 13.62054 13.62054 13.62054 13.62054 13.62054 13.62054 13.62054 13.62054 13.62054 13.62054 0 0 0 0 9.323953 8.898678 8.750116 7.802689 8.263026 7.510241 7.510241 16.82456 34.00383 34.00392 34.00392 34.00392 34.00392 35.69175 57.98808 59.70609 59.70609 59.70609 59.70609 67.93577 85.62049 85.62049 85.62049 85.62049 85.62049 90.17039 93.74823 93.74824 93.74824 93.74823 93.74824 93.74823 85.43188 79.01878 79.01878 79.01878 79.01878 79.01878 79.01878 79.01878 49.87702 29.61523 29.61523 29.61523 29.61523 29.61523 29.61523 29.61523 29.61523 29.61523 29.61523 29.61523 29.61523 27.50934 9.853905 6.752579 6.752578 6.752579 6.752579 6.752579 6.752578
13.62054 13.62054 13.62054 13.62054 13.62054 13.62054 13.62054 13.62054 13.62054 13.62054 13.62054 13.62054 13.62054 13.62054 13.62054 13.62054 13.62054 13.62054 13.62054 13.62054 13.62054 13.43534 0 0 0 0 13.44194 11.60658 11.54175 12.45611 13.00809 9.708982 23.36834 34.00392 34.00392 34.00392 34.00392 34.00392 46.93174 59.70609 59.70609 59.70609 59.70609 55.82172 46.08232 57.16189 74.57211 84.82669 68.67336 80.42525 83.53748 66.18247 71.03728 93.74823 93.74822 93.74823 93.74822 93.18588 82.04699 79.01878 79.01878 79.01878 79.01878 79.01878 79.01878 58.02811 29.61523 29.61523 29.61523 29.61523 29.61523 29.61523 29.61523 29.61523 29.61523 29.61523 29.53106 22.38165 11.26601 6.755637 6.752578 6.752579 6.752578 6.752578 6.752578 6.752578
13.62054 13.62054 13.62054 13.62054 13.62054 13.62054 13.62054 13.62054 13.62054 13.62054 13.62054 13.62054 13.62054 13.62054 13.62054 13.62054 13.62054 13.62054 13.62054 13.62054 13.62054 13.62054 13.62054 13.62054 13.61785 13.49845 13.61102 13.54078 13.62054 13.62054 29.68752 34.00392 34.00392 34.00392 34.00392 34.00392 34.00392 30.6462 53.52402 59.70609 59.70609 59.70609 59.70609 39.91298 7.51024 7.51024 14.00535 23.65567 7.510241 13.74688 12.62336 7.51024 7.510343 26.78369 21.43822 49.10214 30.33729 27.79244 30.42719 37.84402 45.26139 64.34122 38.80838 24.80401 29.81401 34.56937 27.4402 23.97988 29.61512 21.18113 19.95187 20.25327 20.55468 20.85609 21.15751 21.45892 21.76035 10.45648 8.591212 7.029428 6.752578 6.752579 6.752578 6.752578 6.752578 6.752579
13.62054 13.62054 13.62054 13.62054 13.62054 13.62054 13.62054 13.62054 13.62054 13.62054 13.62054 13.62054 13.62054 13.62054 13.62054 13.62054 13.62054 13.62054 13.62054 13.62054 13.62054 13.62054 13.62054 13.62054 13.62054 13.62054 13.62054 13.62054 13.62054 14.98167 31.39852 34.00392 34.00392 34.00392 32.67994 27.06631 24.83415 10.03236 9.717433 17.88647 12.81552 14.65279 13.74581 7.663551 7.510241 7.51024 7.51024 7.510241 7.51024 7.510241 7.51024 7.510241 7.51024 7.51024 7.51024 7.51024 7.51024 8.960437 9.864797 9.864797 9.864797 9.900345 9.864797 9.864797 9.864797 9.864797 9.864797 9.864797 12.20393 10.46087 9.864797 9.864797 9.864797 9.864797 9.864797 9.864797 9.864797 9.864797 9.864797 9.831434 7.549434 6.752578 6.752578 7.188551 8.392087 8.269573
13.62054 13.62054 13.62054 13.62054 13.62054 13.62054 13.62054 13.62054 13.62054 13.62054 13.62054 13.62054 13.62054 13.62054 13.62054 13.62054 13.62054 13.62054 13.62054 13.62054 13.62054 13.62054 13.04813 12.40227 11.80367 11.20512 12.48723 13.60699 13.58407 10.09496 7.591156 11.12205 14.34558 19.81642 9.160977 7.51024 7.51024 7.51024 7.51024 7.51024 7.51024 7.51024 7.51024 7.51024 7.51024 7.51024 7.51024 7.51024 7.51024 7.51024 7.51024 7.51024 7.51024 7.51024 7.51024 7.51024 7.51024 7.579591 8.99779 9.864797 9.864798 9.864797 9.864797 9.864797 9.864798 9.864797 9.864798 9.864797 9.864798 9.864797 9.864797 9.864797 9.864798 9.864797 9.864798 9.864797 9.864797 9.864798 9.864797 9.864798 9.766145 8.678414 8.600025 8.783859 9.864797 9.864797
14.91374 13.72549 13.62054 13.62054 13.62054 13.62054 13.62054 13.62054 13.62054 13.62054 13.62054 13.62054 13.62054 13.62054 13.62054 13.62054 13.62054 13.62054 12.16435 10.6348 12.06412 12.53802 7.595936 7.51024 7.51024 7.510241 8.867739 10.62086 7.565501 7.584788 7.51024 7.510241 7.510241 7.51024 7.51024 7.51024 7.51024 7.51024 7.510241 7.51024 7.51024 20.90097 20.85137 7.51024 7.51024 7.51024 7.51024 7.510241 7.51024 7.51024 7.51024 7.51024 7.51024 7.51024 7.51024 7.59196 8.064615 8.414655 8.94742 9.864798 9.864798 9.864798 9.864798 9.864797 9.864798 9.864798 9.864798 9.864798 9.864798 9.864797 9.864798 9.864798 9.864798 9.864798 9.864798 9.864798 9.864797 9.864798 9.864798 9.864798 9.864797 9.864798 9.864798 9.864798 9.864798 9.864798
16.26147 14.33509 13.62054 13.62054 13.62054 13.62054 13.62054 13.62054 13.62054 13.62054 13.62054 13.62054 13.62054 13.62054 13.62054 13.62054 9.61657 10.1666 8.64522 7.51024 7.51024 7.51188 7.51024 7.51024 7.51024 7.51024 7.510241 7.51024 7.510241 7.51024 7.510241 7.51024 7.51024 13.59714 25.86344 26.04438 27.13308 28.26965 29.40618 30.54268 31.67915 33.76165 29.95418 16.28795 7.510241 7.510241 7.51024 7.510241 7.51024 7.510241 7.51024 7.510241 7.500333 7.510241 7.51024 7.383317 7.381675 7.965545 8.640363 9.864797 9.864797 9.654878 8.684744 9.251169 9.864797 9.864797 9.864797 9.864797 9.864797 9.864797 9.864797 9.864797 9.864797 9.864797 9.864797 9.864797 9.864798 9.864797 9.864797 9.864797 9.864797 9.864797 9.864797 9.864797 9.864797 9.864797
16.26147 14.46646 13.62054 13.62054 13.62054 13.62054 13.62054 13.62054 13.62054 13.62054 13.62054 13.62054 13.62054 13.62054 13.62054 13.47021 8.297351 7.51024 7.51024 7.51024 7.51024 7.51024 7.51024 7.51024 7.51024 7.51024 7.51024 7.51024 7.51024 7.51024 7.51024 24.30175 23.18981 31.5276 34.00392 34.00392 34.00392 34.00392 34.00392 34.00392 34.00392 30.99995 20.94856 17.91995 7.551071 7.51024 7.51024 7.51024 7.51024 7.51024 7.51024 7.502249 7.222758 6.830512 7.00013 7.000073 6.739153 6.729361 6.779224 7.954515 7.263134 6.739892 6.729361 6.760953 7.134076 9.137051 9.864797 9.864797 9.864797 9.864797 9.864797 9.864797 9.864797 9.864797 9.864797 9.864797 9.864797 9.864797 9.864797 9.864797 9.864797 9.864797 9.864797 9.864797 9.864797 9.864797
16.26147 16.00427 14.43631 13.62054 13.62054 13.62054 13.62054 13.62054 13.62054 13.62054 13.62054 13.62054 13.62054 13.62054 13.62054 13.62054 13.42119 9.152422 7.51024 7.51024 7.51024 7.51024 7.51024 7.51024 7.51024 7.51024 7.51024 7.51024 7.51024 7.51024 7.51024 15.82791 19.5169 31.05802 34.00392 34.00392 34.00392 34.00392 34.00392 34.00392 34.00392 32.12364 8.591578 7.51024 7.336655 6.940505 6.90432 6.868136 6.831954 6.795772 6.759592 6.731398 6.729361 6.729361 6.729361 6.729361 6.729361 6.729361 6.729361 6.729361 6.729361 6.729361 6.729361 6.729361 8.397846 9.827449 9.864797 9.864797 9.864797 9.864797 9.864797 9.864797 9.864797 9.864797 9.864797 9.864797 9.864798 9.864797 9.864797 9.864797 9.864797 9.864797 9.864797 9.864797 9.864797 9.864797
14.53995 14.17477 13.80993 13.63486 13.63433 13.63927 13.62162 13.62271 13.62054 13.62054 13.62054 13.62054 13.62054 13.62151 13.62649 13.62623 12.9836 8.17396 7.510241 7.51024 7.51024 7.51024 7.51024 7.51024 7.51024 7.51024 7.510241 7.51024 7.51024 7.51024 7.51024 7.51024 7.51024 14.16795 31.86072 34.00392 34.00392 34.00392 34.00392 34.00392 34.00392 34.00392 31.08855 8.56883 6.928375 6.729361 6.729361 6.729361 6.729361 6.729361 6.729361 6.729361 6.729361 6.729361 6.729361 6.729361 6.729361 6.729361 6.729361 6.729361 6.729361 6.729361 6.729361 6.729361 8.485426 9.349001 9.768412 9.864797 9.864797 9.864798 9.864798 9.864798 9.864797 9.864797 9.864797 9.864798 9.864798 9.864797 9.864797 9.864797 9.864798 9.864797 9.864797 9.864797 9.864798 9.864797
13.66195 13.66195 13.66195 13.66195 13.66195 13.66195 13.66186 13.64653 13.62054 13.62054 13.62054 13.62054 13.64045 13.64849 13.66195 13.66195 13.57461 12.77462 12.94641 13.1182 13.28999 10.27026 8.394864 7.51024 7.51024 7.510241 7.51024 7.51024 7.51024 7.51024 7.51024 7.510241 7.51024 7.51024 22.20927 34.00392 34.00392 34.00392 34.00392 34.00392 34.00392 34.00392 34.00392 12.71342 6.729361 6.729361 6.729361 6.729361 6.729361 6.729362 6.729361 6.729361 6.729361 6.729361 6.729361 6.729361 6.729361 6.729361 6.729361 6.729361 6.729361 6.729361 6.729361 6.729361 7.027476 7.180243 9.603368 9.864797 9.864798 9.864797 9.864797 9.864797 9.864798 9.864797 9.864798 9.864797 9.864797 9.864798 9.864797 9.864798 9.864797 9.864798 9.864797 9.864797 9.864797 9.864798
13.66195 13.66195 13.66195 13.66195 13.66195 13.66195 13.66196 13.65859 13.63505 13.62203 13.62055 13.6355 13.66164 13.66195 13.66195 13.66195 13.66195 13.66195 13.66195 13.66195 13.66196 13.66195 11.66956 8.198827 7.510241 7.51024 7.510241 7.51024 7.510241 7.51024 8.002632 7.973782 7.528467 7.51024 11.07567 14.73207 12.69371 29.30058 34.00392 34.00392 34.00392 34.00392 34.00392 9.999143 6.729361 6.729361 6.729361 6.729361 6.729361 6.729361 6.729361 6.729361 6.729361 6.729361 6.729361 6.729361 6.729361 6.729361 6.729361 6.729361 6.729361 6.729361 6.729361 6.729361 6.729361 6.857879 9.110911 9.864797 9.864797 9.864797 9.864797 9.864797 9.864797 9.864797 9.864797 9.864797 9.864797 9.864797 9.864797 9.864797 9.864797 9.864797 9.864797 9.864797 9.864797 9.864797
13.66195 13.66195 13.66195 13.66195 13.66195 13.66195 13.66195 13.66195 13.66195 13.65209 13.65215 13.66195 13.66195 13.66195 13.66195 13.66195 13.66195 13.66195 13.66195 13.66195 13.66195 13.66195 13.66195 12.88947 12.10198 13.03114 10.14213 8.620337 8.581833 8.543327 12.25481 13.66196 10.12478 8.401919 9.47195 10.54186 11.61164 14.8665 31.00636 19.82601 21.18958 34.00392 30.11199 6.776791 6.729361 6.729361 6.729361 6.729361 6.729361 6.729361 6.729361 6.729361 6.729361 6.729361 6.729361 6.729361 6.729361 6.729361 6.729361 6.729361 6.729361 6.729361 6.729361 6.729361 6.729361 6.958747 7.787314 9.538448 9.864797 9.864797 9.864798 9.864797 9.864797 9.864797 9.864797 9.864796 9.864797 9.864797 9.864797 9.864797 9.864798 9.864797 9.864797 9.864796 9.864797 9.864797
13.66195 13.66195 13.66195 13.66195 13.66195 13.66195 13.66195 13.66195 13.66195 13.66195 13.66195 13.66195 13.66195 13.66195 13.66195 13.66195 13.66195 13.66195 13.66195 13.66195 13.66195 13.66195 13.66195 13.66195 13.66195 13.66195 13.66195 13.66195 13.66195 13.66195 13.66195 13.66195 12.54051 10.34397 12.16377 13.66195 12.29984 7.494367 7.436961 8.550607 32.51412 34.00392 27.07383 6.729361 6.729361 6.729361 6.729361 6.729361 6.729361 6.729361 6.729361 6.729361 6.729361 6.729361 6.729361 6.729361 6.729361 6.729361 6.729361 6.729361 6.729361 6.729361 6.729361 6.729361 6.729361 8.267188 9.864797 9.864797 9.864798 9.864797 9.864797 9.864797 9.864797 9.864797 9.864797 9.864797 9.864797 9.864798 9.864797 9.864797 9.864797 9.864797 9.864797 9.864797 9.864797 9.864797
18.26351 15.54496 13.66195 13.66195 13.66195 13.66195 13.66195 13.66195 13.66195 13.66195 13.66195 13.66195 13.66195 13.66195 13.66195 13.66196 13.66195 13.66195 13.66195 13.66195 13.66196 13.66195 13.66195 13.66195 13.66195 13.66195 13.66195 13.66195 13.66195 13.66195 13.66195 13.65908 9.253879 6.729361 6.729392 8.122008 7.158566 6.729361 6.729362 9.984997 22.39031 33.10235 24.83776 6.729361 6.72936 6.729361 6.729361 6.729361 6.72936 6.729361 6.729361 6.729361 6.729361 6.729361 6.72936 6.729361 6.729361 6.729361 6.729361 6.729361 6.729361 6.729361 6.729361 6.729361 0 9.458211 9.864797 9.864797 9.864797 9.864797 9.864797 9.864797 9.864798 9.864797 9.864798 9.864797 9.864797 9.864798 9.864797 9.864797 9.864797 9.864798 9.864798 9.864797 9.864797 9.864798
28.28107 27.4223 18.13589 13.66195 13.66195 13.66195 13.66195 13.66195 13.66195 13.66195 13.66195 13.66195 13.66195 13.66195 13.66195 13.66196 13.66195 13.66195 13.66195 13.66195 13.66195 13.66195 13.66195 13.66195 13.66195 13.66195 13.66195 13.66195 13.66195 13.66195 13.66195 12.35818 6.742357 8.681137 7.631864 6.729362 6.729361 6.729361 6.729361 6.729361 6.729361 8.960967 7.166944 6.729361 6.729361 6.729361 6.729361 6.729361 6.729361 6.729361 6.729361 6.729361 6.729361 6.729361 6.729361 6.729361 6.729361 6.729361 6.729361 6.729361 6.729361 6.729361 6.729361 0 0 0 0 9.864797 9.864797 9.687079 9.858402 9.864797 9.864796 9.864797 9.864796 9.521464 7.215961 9.864796 9.864797 9.864798 9.829258 8.166344 9.692228 8.473712 9.314167 9.864798
24.47344 14.88972 13.66195 13.66195 13.66195 13.66195 13.66195 13.66195 13.66195 0 0 13.66195 13.66195 13.66195 13.66195 13.66195 13.66195 13.66195 13.66195 13.66195 13.66195 13.66195 13.66195 13.66195 13.66195 13.66195 13.66195 13.66195 13.66195 13.66195 13.66195 12.75416 9.211225 13.66195 13.63374 12.75949 11.48978 8.776836 6.729361 6.729361 6.729361 6.729361 6.729361 6.729361 6.729361 6.729361 6.729361 6.729361 6.729361 6.729361 6.729361 6.729361 6.729361 6.729361 6.729361 6.729361 6.729361 6.729361 6.729361 6.729361 6.729361 6.729361 6.729361 6.729361 0 0 0 0 8.838535 6.974488 8.741079 9.864797 9.864797 9.864797 9.864797 8.910102 6.209137 7.208909 7.31621 7.763745 6.782871 6.130655 6.438801 6.130656 6.167333 6.928651
25.22618 13.66195 13.66195 13.66195 13.66195 13.66195 13.66195 13.66195 13.66195 13.66195 13.66195 13.66195 13.66195 13.66195 13.66195 13.66195 13.66195 13.66195 13.66195 13.66195 13.66195 13.66195 13.66195 13.66195 13.66195 13.66195 13.66195 13.66195 13.66195 13.66195 13.66195 13.66195 13.655 13.66195 13.66195 13.66195 13.66195 13.04997 7.054642 6.729361 6.729361 6.729361 6.729361 6.729361 6.729361 6.729361 6.729361 6.729361 6.729361 6.729361 6.729361 6.729362 6.729361 6.729361 6.729361 6.729361 6.729361 6.729362 6.729361 6.729361 6.729361 6.729361 6.729361 6.334728 5.098252 6.707872 6.171392 5.859972 6.197357 6.409795 6.478656 8.096958 9.83669 9.711152 8.192396 6.73272 6.130656 6.130655 6.130656 6.130655 6.130656 6.130655 6.130656 6.130656 6.130656 6.130655
16.41855 13.66195 13.66196 13.66195 13.66196 13.66195 13.66195 13.66196 13.66195 13.66195 13.66196 13.66195 13.66195 13.66195 13.66195 13.66195 13.66195 13.66195 13.66195 13.66195 13.66196 13.66195 13.66196 13.66195 13.66195 13.66196 13.66195 13.66195 13.66196 13.66195 13.66196 13.66195 13.66196 13.66196 13.66195 13.66195 13.66195 13.66195 9.081353 7.272707 6.771962 6.729362 6.729361 6.729362 6.729362 6.729362 6.729361 6.729361 6.729361 6.729362 6.729361 6.729361 6.729361 6.729362 6.729361 6.729362 6.729361 6.729362 6.729361 6.729362 6.729361 6.729361 5.97559 5.060123 4.893342 5.328419 5.112747 4.893342 4.947869 5.956105 6.130656 6.130655 6.70398 6.702322 6.130656 6.130656 6.130655 6.130656 6.130656 6.130656 6.130656 6.130656 6.130656 6.130656 6.130656 6.130656
21.54103 17.66618 16.30133 13.66195 14.43166 188.2463 243.2409 36.14857 13.66195 13.66195 13.66195 13.66195 13.66195 13.66195 13.66195 13.66195 13.66195 13.66195 13.66195 13.66195 13.66195 13.66195 13.66195 13.66195 13.66195 13.66195 13.66195 13.66195 13.66195 13.66195 13.66195 13.66195 13.66195 13.66195 13.66195 13.60988 13.43004 13.66195 13.66195 13.66195 7.928253 6.729361 6.729361 6.729361 6.729361 6.729361 6.729361 6.729361 6.729361 6.729361 6.729361 6.729361 6.729361 6.729361 6.729361 6.729361 6.729361 6.729361 6.57677 6.242486 5.82105 5.137444 4.914859 4.893342 4.893342 4.893342 4.893342 4.893343 5.86729 6.130655 6.130655 6.130655 6.130655 6.130655 6.130655 6.130655 6.130655 6.130655 6.130655 6.130655 6.130655 6.130655 6.130655 6.130655 6.130655 6.130655
