Scenarios/Global_Grid/data/country_data_population_distribution/processed/density_grids/kgz.asc
ncols 270
nrows 102
xllcorner 69
yllcorner 39
[rows 0 to 37 of 102, columns 172 to 257 of 270]
0 0 0 0 0 0 0 0 0 0 0 0 0 0 0 0 0 0 0 0 0 0 0 0 0 0 0 0 0 0 0 0 0 0 0 0 0 0 0 0 0 0 0 0 0 0 0 0 0 0 0 0 0 0 0 0 0 0 0 0 0 0 0 0 0 0 0 0 0 0 0 0 0 0 0 0 0 0 0 0 0 0 0 0 0 0
0 0 0 0 0 0 0 0 0 0 0 0 0 0 0 0 0 0 0 0 0 0 0 0 0 0 0 0 0 0 0 0 0 0 0 0 0 0 0 0 0 0 0 0 0 0 0 0 0 0 0 0 0 0 0 0 0 0 0 0 0 0 0 0 0 0 0 0 0 0 0 0 0 0 0 0 0 0 0 0 0 0 0 0 0 0
0 0 0 0 0 0 0 0 0 0 0 0 0 0 0 0 0 0 0 0 0 0 0 0 0 0 0 0 0 0 0 0 0 0 0 0 0 0 0 0 0 0 0 0 0 0 0 0 0 0 0 0 0 0 0 0 0 0 0 0 0 0 0 0 0 0 0 0 0 0 0 0 0 0 0 0 0 0 0 0 0 0 0 0 0 0
0 0 0 0 0 0 0 0 0 0 0 0 0 0 0 0 0 0 0 0 0 0 0 0 0 0 0 0 0 0 0 0 0 0 0 0 0 0 0 0 0 0 0 0 0 0 0 0 0 0 0 0 0 0 0 0 0 0 0 0 0 0 0 0 0 0 0 0 0 0 0 0 0 0 0 0 0 0 0 0 0 0 0 0 0 0
0 0 0 0 0 0 0 0 0 0 0 0 0 0 0 0 0 0 0 0 0 0 0 0 0 0 0 0 0 0 0 0 0 0 0 0 0 0 0 0 0 0 0 0 0 0 0 0 0 0 0 0 0 0 0 0 0 0 0 0 0 0 0 0 0 0 0 0 0 0 0 0 0 0 0 0 0 0 0 0 0 0 0 0 0 0
0 0 0 0 0 0 0 0 0 0 0 0 0 0 0 0 0 0 0 0 0 0 0 0 0 0 0 0 0 0 0 0 0 0 0 0 0 0 0 0 0 0 0 0 0 0 0 0 0 0 0 0 0 0 0 0 0 0 0 0 0 0 0 0 0 0 0 0 0 0 0 0 0 0 0 0 0 0 0 0 0 0 0 0 0 0
0 0 0 0 0 0 0 0 0 0 0 0 0 0 0 0 0 0 0 0 70.8277 92.38337 93.58266 0 0 0 0 0 0 0 0 0 0 0 0 0 0 0 0 0 0 0 0 0 0 0 0 0 0 0 0 0 0 0 0 0 0 0 0 0 0 0 0 0 0 0 0 0 0 0 0 0 0 0 0 0 0 0 0 0 0 0 0 0 0 0
0 0 0 0 0 0 0 0 0 0 0 0 0 0 0 0 0 0 31.14133 22.00409 11.98447 11.98448 11.98448 11.98447 11.98448 11.98447 11.98447 11.98448 18.15397 0 0 0 0 0 0 0 0 0 0 0 0 0 0 0 0 0 0 0 0 0 0 0 0 0 0 0 0 0 0 0 0 0 0 0 0 0 0 0 0 0 0 0 0 0 0 0 0 0 0 0 0 0 0 0 0 0
11.68887 11.33403 11.92162 11.98448 11.98448 11.98448 11.85274 0 0 0 0 0 20.77519 36.69968 35.25558 46.44722 60.47152 42.37717 11.98448 11.98448 11.98448 11.98448 11.98448 11.98448 11.98448 11.98448 11.98447 12.17865 22.2968 23.52384 23.51296 23.12848 23.49094 23.52384 23.52384 23.52384 23.52384 23.52384 23.52352 23.05344 20.62143 18.97793 20.48317 0 0 0 0 0 0 0 0 0 0 0 0 0 0 0 0 19.75156 0 0 0 0 0 0 0 0 0 0 0 0 0 0 0 0 0 0 0 0 0 0 0 0 0 0
11.98447 11.98448 11.98447 11.98447 11.98447 11.98448 11.98447 11.572 11.02215 11.74988 11.98447 11.98448 11.98447 11.98448 11.98447 11.98448 11.98447 11.98448 11.98448 11.98448 11.98447 11.98448 11.98447 11.98447 11.98448 11.98448 11.98448 16.82219 23.52384 23.52384 23.52384 23.52384 23.52384 23.52384 23.52384 23.52384 23.52384 23.52384 23.52384 23.52384 23.52384 23.52384 23.52384 23.52384 23.52384 23.48275 28.28466 0 25.19532 0 23.1338 21.06171 31.05 30.61762 26.02553 20.83587 24.63106 31.34604 31.34603 31.34603 31.3396 26.45605 20.54754 0 0 0 0 0 0 0 0 0 0 0 0 0 0 0 0 0 0 0 0 0 0 0
11.98448 11.98447 11.98447 11.98448 11.98448 11.98447 11.98447 11.98447 11.98447 11.98447 11.98448 11.98447 11.98448 11.98447 11.98448 11.98448 11.98447 11.98448 11.98447 11.98447 11.98447 11.98448 11.98447 11.98448 11.98448 11.98448 12.09812 20.78708 23.52384 23.52384 23.52384 23.52384 23.52384 23.52384 23.52384 23.52384 23.52384 23.52384 23.52384 23.52384 23.52384 23.52384 23.52384 23.52384 23.52384 25.10374 31.12736 31.34603 31.34603 31.34603 31.34603 73.80315 348.972 382.564 169.2129 31.34603 31.34603 31.34603 31.34603 31.34603 31.34603 31.34603 31.34603 31.34603 26.20275 27.00466 22.59098 0 0 0 0 0 0 0 0 0 0 0 0 0 0 0 0 0 0 0
11.98447 11.98447 11.98447 11.98448 11.98447 11.98447 11.98447 11.98447 11.98447 11.98447 11.98448 11.98448 11.98447 11.98447 11.98447 11.98448 11.98448 11.98448 11.98448 11.98448 12.11609 12.43034 12.20661 11.98448 11.98447 12.09597 21.4137 23.52384 23.52384 23.52384 23.52384 23.52384 23.52384 23.52384 23.52384 23.52384 23.52384 23.52384 23.52384 23.52384 23.52384 23.52384 23.52384 23.52384 23.52384 24.1107 31.15449 31.34603 31.34604 31.34604 31.34603 387.0507 674.8698 674.8698 626.0944 31.34603 31.34603 31.34603 31.34604 31.34603 31.34603 31.34604 31.34603 31.34603 31.34603 31.34603 31.34603 31.34603 31.26905 29.15608 22.4777 22.42645 21.46397 0 0 25.02103 0 0 0 0 0 0 0 0 0 0
11.98447 11.98448 11.98447 11.98448 11.98447 11.98448 11.98447 11.98448 11.98447 11.98448 11.98448 11.98448 11.98447 11.98448 13.65254 13.88631 13.04966 12.2345 12.02854 18.31368 23.52263 23.52384 23.39158 22.1843 21.06451 22.37135 23.52384 23.52384 23.52384 23.52384 23.52384 23.52384 23.52384 23.52384 23.52384 23.52384 23.52384 23.52384 23.52384 23.52384 23.52384 23.52384 23.52384 23.52384 23.52384 26.5217 31.34603 31.34603 31.34604 31.34604 31.34603 333.3774 607.3138 674.5764 263.4944 30.55257 31.34604 31.34604 31.34604 31.34603 31.34604 31.34604 31.34604 31.34604 31.34604 31.34604 31.34604 31.34603 17.77065 11.80425 24.47205 28.66681 31.34603 28.88293 31.28894 31.33603 0 0 0 0 0 0 0 0 0 0
11.98448 11.98448 11.98448 11.98448 11.98448 11.98448 11.98448 11.98448 12.08527 13.38582 12.03109 21.73252 20.92283 19.55765 23.21381 23.52384 23.52384 23.50231 23.04467 23.52384 23.52384 23.52384 23.52384 23.52384 23.52384 23.52384 23.52384 23.52384 23.52384 23.52384 23.52384 23.52384 23.52384 23.52384 23.52384 23.52384 23.52384 23.52384 23.52384 23.52384 23.52384 0 0 0 0 0 0 0 0 0 7.489649 10.98709 16.75705 70.87177 20.4533 22.88688 30.65304 31.34604 31.34604 30.42903 22.91467 31.34604 30.21755 22.73938 16.65871 19.1633 24.13507 22.74099 14.72129 7.443608 7.443608 11.98863 29.31866 31.34603 31.34603 31.34603 20.16881 0 0 0 0 0 0 0 0 0
11.98447 138.7973 124.8865 11.98448 11.98448 11.98448 12.74865 17.31976 21.97075 23.52384 22.78393 23.33567 23.52384 23.52384 23.52384 23.52384 23.52384 23.52384 23.52384 23.52384 23.52384 23.52384 23.52384 23.52384 23.52384 23.52384 23.52384 23.52384 23.52384 23.52385 23.52384 23.52384 0 23.52384 23.52384 23.52384 23.52384 23.52384 23.52384 0 0 0 0 0 0 0 0 0 0 10.53886 9.777147 7.443608 7.443608 8.640285 7.54612 7.443607 8.698089 13.62258 16.87237 11.54185 8.17884 12.08387 8.679095 7.443608 7.443607 7.443608 7.443608 7.443608 7.443608 7.443608 7.443608 7.443608 13.89519 30.5102 31.34604 31.34604 31.33087 20.55603 0 0 0 0 0 0 0 0
179.5793 779.158 755.5391 24.86786 13.8021 14.86262 21.64371 23.52384 23.52384 23.52384 23.52384 23.52384 23.52384 23.52384 23.52384 23.52384 23.52384 23.52384 23.52384 23.52384 23.52384 23.52384 23.52384 23.52384 23.52384 23.52384 23.52384 0 0 0 0 0 0 0 0 0 0 0 0 0 0 0 0 0 0 0 0 0 0 7.443607 7.443608 7.443608 8.340222 13.02504 11.58378 7.483687 7.443607 7.443608 7.443608 7.443608 7.443608 7.443608 7.443607 7.443608 7.443608 7.443608 7.443607 7.443607 7.443608 7.443607 7.443608 7.443608 8.37786 29.8043 31.34604 31.34603 31.34603 31.34603 31.25461 24.23973 0 0 0 0 0 0
54.51127 416.2709 360.3796 13.98308 23.28804 23.52384 23.52384 23.52384 23.52384 23.52384 23.52384 23.52384 23.52384 23.52384 23.52384 23.52384 23.52384 23.52384 23.52384 0 0 0 0 0 0 0 0 0 0 0 0 0 0 0 0 0 0 0 0 0 0 0 0 0 0 0 0 0 0 0 7.14613 11.28798 13.98473 10.93525 7.443607 7.443607 7.443608 7.443607 7.443607 7.443607 7.443607 7.443607 7.443607 7.443607 7.443607 7.443607 7.443607 7.443607 7.443607 7.443608 7.443607 7.443608 9.479381 30.78209 31.34603 31.34603 31.34603 31.34603 31.34603 31.34603 30.64491 0 0 0 0 0
6.752579 6.752579 6.752579 15.33308 23.52384 23.52384 23.52384 23.52384 23.52384 23.52384 23.52384 23.52384 23.52384 23.52384 23.52384 23.52384 0 0 0 0 0 0 0 0 0 0 0 0 0 0 0 0 0 0 0 0 0 0 0 0 0 0 0 0 0 0 0 0 0 6.354771 6.354771 6.354771 6.354771 6.802883 7.431506 7.443608 7.443607 7.443608 7.443608 7.443608 7.443607 7.443608 7.443608 7.443607 7.443608 7.443608 7.443608 7.443608 7.443607 7.443608 7.443608 7.443608 7.596589 18.0405 17.63085 16.00592 20.35446 23.38418 20.77414 14.1962 20.88177 16.34466 0 0 0 0
6.752579 6.752578 6.752578 7.865323 21.38303 23.52384 23.52384 23.52384 23.52384 23.52384 23.52384 23.52384 0 0 0 0 0 0 0 0 0 0 0 0 0 0 0 0 0 0 0 0 0 0 0 0 0 0 0 0 0 0 0 0 0 6.35477 17.259 6.354771 6.354771 6.354771 6.35477 6.35477 6.35477 6.401551 7.410663 7.443607 7.443607 7.443607 7.443607 7.443607 7.443607 7.443607 7.443607 7.443608 7.443607 7.443608 7.443607 7.443607 7.443608 7.443607 7.443607 7.443607 7.443607 7.443607 7.443607 7.443607 7.443607 7.443607 7.443607 7.443607 7.443607 7.443607 7.443607 6.927006 0 0
6.752578 6.752578 6.752578 6.892563 19.42167 23.52384 0 0 0 0 0 0 0 0 0 0 0 0 0 0 0 0 0 0 0 0 0 0 0 0 0 0 0 0 0 0 0 0 0 0 0 0 0 6.354771 11.06572 7.104663 6.631147 6.35477 6.354771 6.354771 6.354771 6.35477 6.354771 6.496997 7.442501 7.443608 7.443607 7.443608 7.443607 7.443608 7.443607 7.443608 7.443607 7.443608 7.443607 7.443608 7.443607 7.443608 7.443608 7.443608 7.443607 7.443608 7.443607 7.443608 7.443607 7.443608 7.443607 7.443608 7.443608 7.443607 7.443608 7.443607 7.443608 7.443607 7.383826 7.38054
6.752578 6.752578 6.752578 6.752578 9.143707 21.63492 23.52384 0 0 0 0 0 0 0 0 0 0 0 0 0 0 0 0 0 0 0 0 0 0 0 0 0 0 0 0 0 0 0 0 0 0 0 0 6.35477 6.354771 6.35477 6.35477 6.354771 6.354771 6.354771 6.35477 6.354771 6.35477 6.354771 6.952708 7.316378 7.443607 7.443607 7.443608 7.443607 7.443607 7.443607 7.443607 7.443607 7.443608 7.443607 7.443608 7.443607 7.443607 7.443607 7.443608 7.443607 7.443608 7.443607 7.443607 7.443607 7.443607 7.443607 7.443607 7.443607 7.443607 7.443608 7.443607 7.443607 7.443607 7.443608
6.941651 6.752578 6.752578 6.752579 6.752579 11.58088 23.52384 0 23.52384 23.52384 23.52384 0 0 0 0 0 0 0 0 0 0 0 0 0 0 0 0 0 0 0 0 0 0 0 0 0 0 0 0 0 0 0 0 6.605484 14.65294 6.741099 6.35477 6.35477 6.35477 6.35477 6.35477 6.35477 6.35477 6.35477 6.35477 6.374355 7.2748 7.443608 7.443607 7.443608 7.443608 7.443608 7.443607 7.443608 7.443608 7.443608 7.443607 7.443608 7.443608 7.443608 7.443607 7.443608 7.443607 7.443608 7.443607 7.443607 7.443607 7.443608 7.443608 7.443608 7.443608 7.443607 7.443608 7.443607 7.443608 7.443607
7.136302 6.752579 6.752578 6.752579 6.752578 7.605159 23.24533 23.50747 19.02795 11.05849 16.24422 16.3351 23.52384 0 0 0 0 0 0 0 0 0 0 0 0 0 0 0 0 0 0 0 0 0 0 0 0 0 0 0 0 0 0 6.35477 6.35477 6.354771 6.35477 6.35477 6.35477 6.35477 6.35477 6.35477 6.35477 6.35477 6.35477 6.354771 7.066063 7.443608 7.443607 7.443608 7.443607 7.443607 7.443607 7.443607 7.443607 7.443607 7.443607 7.443608 7.443608 7.443608 7.443607 7.443608 7.443607 7.443608 7.443608 7.443607 7.443608 7.443607 7.443608 7.443607 7.443608 7.443607 7.443608 7.443607 7.443608 7.443608
7.043495 6.752578 6.752578 6.752578 6.752578 6.752578 9.718143 8.110827 6.752579 6.752578 6.752578 7.713083 8.503568 16.56745 22.56174 23.52384 23.52384 23.52384 23.52384 0 0 0 0 0 0 0 0 0 0 0 0 0 0 0 0 0 0 0 0 0 0 6.35477 6.354771 6.35477 6.354771 6.35477 6.354771 6.354771 6.354771 6.354771 6.354771 6.35477 6.354771 6.35477 6.354771 6.354782 7.19444 7.443608 7.443608 7.443608 7.443608 7.443607 7.443607 7.443608 7.443607 7.443608 7.443607 7.443607 7.443608 7.443608 7.443608 7.443608 7.443608 7.443608 7.443608 7.443607 7.443608 7.443608 7.443607 7.443607 7.443607 7.443607 7.443607 7.443607 7.443607 7.443607
6.946899 6.752579 6.752578 6.752578 6.752578 6.752578 6.752578 6.752579 6.752578 6.752578 6.752578 6.752579 6.752578 6.752578 6.79887 7.764731 9.993398 14.04384 17.32784 19.55795 23.52384 0 0 0 0 0 0 0 0 0 0 0 0 0 0 0 0 0 0 0 6.35477 6.35477 6.35477 6.35477 6.354771 6.35477 6.35477 6.35477 6.35477 6.35477 6.35477 6.35477 6.354771 6.35477 6.35477 6.35477 6.360189 7.121528 7.443607 7.443608 7.443608 7.443608 7.443608 7.443608 7.443608 7.443608 7.443608 7.443608 7.443608 7.443608 7.443608 7.443608 7.443608 7.443608 7.443608 7.443608 7.443608 7.443608 7.443608 7.443608 7.443608 7.443608 7.443608 7.443608 7.443608 7.443607
7.268019 6.752579 6.752579 6.752579 6.752579 6.752579 6.752579 6.752579 6.752579 6.752579 6.752579 6.752579 6.752578 6.752579 6.752578 6.752579 6.752579 6.752579 6.752579 6.900718 10.16541 14.10316 20.70551 23.504 23.52384 23.52384 0 23.52384 23.52384 22.34872 17.84715 17.16192 22.22687 15.48221 14.12932 23.52384 6.35477 6.354771 6.35477 6.35477 6.354771 6.354771 6.354771 6.354771 6.354771 6.354771 6.354771 6.354771 6.354771 6.354771 6.354771 6.354771 6.354771 6.354771 6.354771 6.35477 6.435523 7.239175 7.389287 7.443607 7.443608 7.443607 7.443607 7.443608 7.443607 7.443608 7.443608 7.443608 7.443608 7.443608 7.443607 7.443608 7.443607 7.443608 7.443608 7.443608 7.443607 7.443608 7.443607 7.443608 7.443607 7.443607 7.443608 7.443607 7.443607 7.443607
9.215704 7.864116 6.752578 6.752579 6.752578 6.752579 6.752578 6.752579 6.752579 6.752579 6.752578 6.752579 6.752579 6.752579 6.752579 6.752579 6.752578 6.752579 6.752578 6.752579 6.752578 6.752579 6.752578 8.122409 15.29131 17.47348 16.30388 13.12079 8.294683 6.913637 6.752578 6.752579 6.908753 6.383995 7.556637 9.504806 6.360557 6.354771 6.354771 6.354771 6.354771 6.35477 6.354771 6.354771 6.354771 6.354771 6.354771 6.35477 6.354771 6.354771 6.35477 6.35477 6.354771 6.354771 6.35477 6.35477 6.35477 6.35477 6.420009 6.539967 7.077636 7.443607 7.443607 7.443607 7.443608 7.443607 7.443608 7.443607 7.443608 7.443607 7.443608 7.443608 7.443608 7.443607 7.443608 7.443607 7.443608 7.443607 7.443607 7.443608 7.443608 7.443608 7.443607 7.443608 7.443607 7.443608
9.864798 9.355956 6.752579 6.752579 6.752579 6.752579 6.752579 6.752579 6.752579 6.752579 6.752579 6.752579 6.752579 6.752578 6.752579 6.752579 6.752579 6.752579 6.752579 6.752579 6.752579 6.752578 6.752579 6.752578 6.752579 6.752579 6.752579 6.752579 6.752579 6.752579 6.752579 6.752579 6.505396 6.354771 6.354771 6.354771 6.354771 6.354771 6.354771 6.354771 6.354771 6.354771 6.354771 6.354771 6.35477 6.354771 6.354771 6.354771 6.354771 6.354771 6.35477 6.35477 6.354771 6.35477 6.354771 6.35477 6.35477 6.35477 6.35477 6.35477 6.857831 7.398521 7.443607 7.443608 7.443608 7.443607 7.443607 7.443607 7.443608 7.443608 7.443607 7.443608 7.443607 7.443608 7.443608 7.443608 7.443607 7.443608 7.443608 7.443607 7.443608 7.443607 7.443607 7.443607 7.443607 7.443607
9.864797 9.738838 8.507246 6.752578 6.752578 6.752578 6.752578 6.752579 6.752578 6.752579 6.752578 6.752579 6.752578 6.752578 6.752578 6.752578 6.752578 6.752578 6.752578 6.752578 6.752578 6.752578 6.752578 6.752578 6.752578 6.752578 6.752578 6.752579 6.752578 6.752579 6.752578 6.752579 6.452005 6.354771 6.354771 6.354771 6.354771 6.35477 6.354771 6.354771 6.354771 6.354771 6.354771 6.35477 6.35477 6.354771 6.354771 6.354771 6.354771 6.35477 6.35477 6.35477 6.35477 6.35477 6.35477 6.354771 6.354771 6.354771 6.35477 6.354771 6.35477 7.128713 7.43984 7.362998 7.443607 7.443607 7.443607 7.443607 7.443608 7.443607 7.443608 7.443607 7.443608 7.443607 7.443608 7.443608 7.443608 7.443607 7.443608 7.443608 7.443608 7.443607 7.443608 7.443607 7.443608 7.443607
9.864797 9.4934 7.550495 6.752578 6.752578 6.752578 6.752578 6.752578 6.752578 6.752578 6.752578 6.752578 6.752578 6.752578 6.752578 6.752578 6.752578 6.752578 6.752578 6.752578 6.752578 6.752578 6.752578 6.752578 6.752578 6.752578 6.752578 6.752578 6.752578 6.752578 6.752578 6.751712 6.386252 6.35477 6.35477 6.35477 6.35477 6.35477 6.354771 6.35477 6.35477 6.35477 6.354771 6.35477 6.354771 6.35477 6.35477 6.35477 6.354771 6.35477 6.35477 6.354771 6.35477 6.35477 6.35477 6.35477 6.35477 6.35477 6.35477 6.35477 6.35477 6.432549 6.425805 6.35477 7.040482 7.443607 7.219267 7.344954 7.443608 7.443607 7.443607 7.443607 7.443608 7.443607 7.443608 7.443608 7.443608 7.443607 7.443608 7.443608 7.443607 7.443608 7.443607 7.443607 7.443607 7.443607
9.864797 7.82677 6.760645 8.436874 8.339391 7.914218 7.234873 6.752579 6.752578 6.752579 6.752578 6.752578 6.752578 6.752579 6.752578 6.752579 6.752578 6.752579 6.752579 6.752579 6.752579 6.752579 6.752578 6.752579 6.752579 6.752579 6.752578 6.752579 6.752579 6.752579 6.752579 6.752579 6.481049 6.35477 6.35477 6.354771 6.35477 6.354771 6.35477 6.35477 6.35477 6.35477 6.354771 6.354771 6.35477 6.354771 6.354771 6.35477 6.354771 6.35477 6.354771 6.354771 6.35477 6.354771 6.354771 6.35477 6.35477 6.35477 6.35477 6.35477 6.354771 6.354771 6.35477 6.35477 6.566488 6.609967 6.405662 6.480844 7.252625 7.320412 6.773549 6.943863 7.29312 7.443607 7.443608 7.443607 7.443607 7.443608 7.443607 7.443607 7.443607 7.443607 7.443608 7.443608 7.443607 7.443607
9.864797 9.305315 8.732895 9.864797 9.864797 9.864797 9.859666 9.425674 9.345399 9.325877 8.080677 7.432095 7.607613 7.188834 6.752578 6.752578 6.752578 6.752578 6.752578 6.752578 6.752578 6.752579 6.752578 6.752578 6.752578 6.752578 6.752578 6.752579 6.752578 6.752578 6.752578 6.752579 6.497216 6.354771 6.354771 6.354771 6.35477 6.35477 6.35477 6.35477 6.35477 6.35477 6.35477 6.354771 6.35477 6.354771 6.354771 6.354771 6.35477 6.35477 6.354771 6.354771 6.354771 6.35477 6.354771 6.354771 6.35477 6.354771 6.35477 6.35477 6.35477 6.354771 6.35477 6.354771 6.35477 6.35477 6.354771 6.354771 6.354771 6.360819 6.35477 6.356761 7.034461 7.443607 7.443607 7.443608 7.443607 7.443608 7.443608 7.443607 7.443607 7.443607 7.443607 7.443608 7.443607 7.443608
9.864797 9.864798 9.864797 9.864797 9.864797 9.864798 9.864797 9.864798 9.864797 9.864798 9.864797 9.864798 9.864797 9.864482 9.380235 7.958827 6.752578 6.752579 6.752578 6.752579 6.752578 6.752579 6.752578 6.752578 6.752578 6.752578 6.752579 6.752579 6.752579 6.752578 6.752578 6.731046 6.383704 6.35477 6.354771 6.354771 6.35477 6.35477 6.35477 6.354771 6.35477 6.354771 6.35477 6.354771 6.354771 6.35477 6.354771 6.354771 6.354771 6.354771 6.354771 6.354771 6.354771 6.35477 6.35477 6.35477 6.354771 6.35477 6.35477 6.35477 6.354771 6.35477 6.354771 6.35477 6.354771 6.35477 6.35477 6.35477 6.35477 6.35477 6.354771 6.789337 7.278216 7.443607 7.443607 7.443607 7.421805 6.748251 6.598762 6.604966 7.000337 7.443608 7.443607 7.443608 7.443607 7.443608
9.864797 9.842762 8.749735 9.339045 9.821236 9.311856 9.477107 9.864796 9.864797 9.864796 9.864797 9.864798 9.864797 9.864796 9.826885 7.985781 6.752578 6.752579 6.752578 6.752578 6.752578 6.752578 6.752578 6.752579 6.752578 6.752578 6.752578 6.752578 6.752578 6.752578 6.752578 6.752578 6.711249 6.598922 6.361526 6.354771 6.35477 6.354771 6.35477 6.35477 6.354771 6.35477 6.35477 6.35477 6.35477 6.354771 6.35477 6.35477 6.35477 6.35477 6.35477 6.35477 6.35477 6.354771 6.354771 6.35477 6.35477 6.35477 6.354771 6.35477 6.354771 6.35477 6.354771 6.35477 6.35477 6.35477 6.35477 6.35477 6.35477 6.35477 6.35477 6.355725 6.364452 6.856653 7.255891 7.2973 6.749664 6.35477 6.35477 6.35477 6.357291 9.483092 18.23373 12.40158 7.443607 7.443607
7.258658 6.765895 6.130656 6.465775 6.843503 6.130655 6.227378 8.75483 9.584867 9.723437 8.371383 8.227004 9.310301 9.179466 8.590371 6.898514 6.752579 6.752578 6.752578 6.752578 6.752578 6.752578 6.752579 6.752578 6.752578 6.752578 6.752578 6.752578 6.752578 6.752579 6.752578 6.752578 6.752578 6.752579 6.73391 6.45198 6.354771 6.35477 6.35477 6.35477 6.35477 6.35477 6.35477 6.35477 6.354771 6.35477 6.35477 6.35477 6.354771 6.35477 6.35477 6.354771 6.35477 6.35477 6.35477 6.35477 6.35477 6.35477 6.35477 6.354771 6.35477 6.354771 6.35477 6.354771 6.35477 6.354771 6.35477 6.354771 6.354771 6.354771 6.35477 6.354771 6.35477 6.354771 6.354771 6.354771 6.35477 6.354771 6.354771 15.77648 16.13494 0 0 0 7.443607 7.443607
6.130656 6.130655 6.130655 6.130656 6.130656 6.130655 6.130655 6.130655 6.409842 6.622568 6.130656 6.465739 6.798583 7.04193 6.752579 6.752579 6.752579 6.752579 6.752579 6.752579 6.752579 6.752579 6.752579 6.752579 6.752579 6.752579 6.752579 6.752578 6.752579 6.752579 6.752579 6.752579 6.752579 6.589674 6.658112 6.548892 6.35477 6.35477 6.354771 6.354771 6.35477 6.35477 6.354771 6.354771 6.354771 6.354771 6.354771 6.354771 6.354771 6.354771 6.35477 6.35477 6.35477 6.35477 6.35477 6.35477 6.35477 6.35477 6.354771 6.354771 6.354771 6.354771 6.35477 6.354771 6.354771 6.354771 6.354771 6.354771 6.354771 6.354771 6.354771 6.354771 6.354771 6.354771 6.354771 6.354771 6.354771 7.404222 0 0 0 0 0 0 0 0
6.130656 6.130656 6.130656 6.130656 6.130656 6.130656 6.130656 6.130656 6.130656 6.130656 6.130655 6.480478 6.752579 6.752579 6.740254 6.613791 6.651122 6.752579 6.752579 6.752579 6.752579 6.752579 6.752579 6.752579 6.752579 6.752579 6.752579 6.752579 6.752579 6.752579 6.752579 6.752578 6.752579 6.608235 6.362332 6.354862 6.35477 6.354771 6.35477 6.35477 6.354771 6.35477 6.354771 6.354771 6.354771 6.354771 6.354771 6.354771 6.354771 6.354771 6.354771 6.35477 6.35477 6.35477 6.354771 6.354771 6.35477 6.354771 6.354771 6.354771 6.354771 6.35477 6.354771 6.354771 6.35477 6.354771 6.35477 6.354771 6.354771 6.354771 6.354771 6.354771 6.354771 6.354771 6.369622 6.812158 0 0 0 0 0 0 0 0 0 0
6.130655 6.130655 6.130655 6.130655 6.130655 6.130655 6.130655 6.130655 6.130655 6.130655 6.130655 6.150729 6.486318 6.574834 6.339173 6.130655 6.151818 6.750542 6.752578 6.752578 6.752578 6.752578 6.752579 6.752578 6.752578 6.752578 6.752579 6.752578 6.752578 6.752578 6.752579 6.752578 6.752579 6.752578 6.586006 6.35823 6.35477 6.35477 6.354771 6.35477 6.35477 6.35477 6.35477 6.35477 6.35477 6.35477 6.35477 6.35477 6.35477 6.35477 6.35477 6.35477 6.35477 6.354771 6.35477 6.35477 6.35477 6.35477 6.35477 6.35477 6.35477 6.35477 6.35477 6.35477 6.35477 6.35477 6.35477 6.35477 6.35477 6.35477 6.35477 6.35477 6.455198 0 0 0 0 0 0 0 0 0 0 0 0 0
