Scenarios/Global_Grid/data/country_data_population_distribution/processed/density_grids/lby.asc
ncols 388
nrows 340
xllcorner 9
yllcorner 19
[rows 81 to 107 of 340, columns 0 to 60 of 388]
0 0 0 0 0 0 0 0 0 0 0 0 0 0 0 0 0 0 0 1.766425 1.766425 1.766425 1.766425 1.766425 1.766425 1.766425 1.766425 1.766425 1.766425 1.766425 1.766425 1.766425 1.766425 1.766425 1.766425 1.766425 1.766425 1.766425 1.766425 1.766425 1.766425 1.766425 1.766425 1.766425 1.766425 1.766425 1.766425 1.766425 1.766425 1.766425 1.766425 1.766425 1.766425 1.766425 1.766425 1.766425 1.766425 1.766425 1.766425 1.766425 1.766425
0 0 0 0 0 0 0 0 0 0 0 0 0 0 0 0 0 0 0 1.636573 1.766425 1.766425 1.766425 1.766425 1.766425 1.766425 1.766425 1.766425 1.766425 1.766425 1.766425 1.766425 1.766425 1.766425 1.766425 1.766425 1.766425 1.766425 1.766425 1.766425 1.766425 1.766425 1.766425 1.766425 1.766425 1.766425 1.766425 1.766425 1.766425 1.766425 1.766425 1.766425 1.766425 1.766425 1.766425 1.766425 1.766425 1.766425 1.766425 1.766425 1.766425
0 0 0 0 0 0 0 0 0 0 0 0 0 0 0 0 0 0 0 0 1.766425 1.766425 1.766425 1.766425 1.766425 1.766425 1.766425 1.766425 1.766425 1.766425 1.766425 1.766425 1.766425 1.766425 1.766425 1.766425 1.766425 1.766425 1.766425 1.766425 1.766425 1.766425 1.766425 1.766425 1.766425 1.766425 1.766425 1.766425 1.766425 1.766425 1.766425 1.766425 1.766425 1.766425 1.766425 1.766425 1.766425 1.766425 1.766425 1.766425 1.766425
0 0 0 0 0 0 0 0 0 0 0 0 0 0 0 0 0 0 0 0 1.624179 1.766425 1.766425 1.766425 1.766425 1.766425 1.766425 1.766425 1.766425 1.766425 1.766425 1.766425 1.766425 1.766425 1.766425 1.766425 1.766425 1.766425 1.766425 1.766425 1.766425 1.766425 1.766425 1.766425 1.766425 1.766425 1.766425 1.766425 1.766425 1.766425 1.766425 1.766425 1.766425 1.766425 1.766425 1.766425 1.766425 1.766425 1.766425 1.766425 1.766425
0 0 0 0 0 0 0 0 0 0 0 0 0 0 0 0 0 0 0 0 0 1.766424 1.766425 1.766425 1.766425 1.766425 1.766425 1.766425 1.766424 1.766425 1.766424 1.766424 1.766424 1.766425 1.766424 1.766425 1.766424 1.766424 1.766424 1.766425 1.766424 1.766425 1.766424 1.766424 1.766424 1.766425 1.766425 1.766425 1.766424 1.766425 1.766425 1.766425 1.766424 1.766425 1.766425 1.766425 1.766424 1.766425 1.766424 1.766425 1.766424
0 0 0 0 0 0 0 0 0 0 0 0 0 0 0 0 0 0 0 0 0 1.608957 1.766425 1.766425 1.766425 1.766424 1.766425 1.766425 1.766425 1.766425 1.766425 1.766425 1.766425 1.766425 1.766425 1.766425 1.766425 1.766425 1.766425 1.766425 1.766425 1.766425 1.766425 1.766425 1.766425 1.766425 1.766425 1.766425 1.766425 1.766424 1.766425 1.766425 1.766425 1.766425 1.766425 1.766425 1.766425 1.766425 1.766425 1.766425 1.766425
0 0 0 0 0 0 0 0 0 0 0 0 0 0 0 0 0 0 0 0 0 0 1.766425 1.766425 1.766425 1.766425 1.766425 1.766425 1.766425 1.766425 1.766425 1.766425 1.766425 1.766425 1.766425 1.766425 1.766425 1.766425 1.766425 1.766425 1.766425 1.766425 1.766425 1.766425 1.766425 1.766425 1.766425 1.766425 1.766425 1.766425 1.766425 1.766425 1.766425 1.766425 1.766425 1.766425 1.766425 1.766425 1.766425 1.766425 1.766425
0 0 0 0 0 0 0 0 0 0 0 0 0 0 0 0 0 0 0 0 0 0 1.609055 1.766425 1.766425 1.766425 1.766424 1.766425 1.766424 1.766425 1.766424 1.766425 1.766424 1.766425 1.766424 1.766425 1.766424 1.766424 1.766424 1.766425 1.766424 1.766425 1.766425 1.766425 1.766424 1.766425 1.766424 1.766425 1.766424 1.766425 1.766424 1.766425 1.766424 1.766425 1.766424 1.766425 1.766425 1.766425 1.766424 1.766425 1.766424
0 0 0 0 0 0 0 0 0 0 0 0 0 0 0 0 0 0 0 0 0 0 0 1.766425 1.766425 1.766425 1.766425 1.766425 1.766425 1.766425 1.766425 1.766425 1.766425 1.766425 1.766425 1.766425 1.766425 1.766425 1.766425 1.766425 1.766425 1.766425 1.766425 1.766425 1.766425 1.766425 1.766425 1.766425 1.766425 1.766425 1.766425 1.766425 1.766425 1.766425 1.766425 1.766425 1.766425 1.766425 1.766425 1.766425 1.766425
0 0 0 0 0 0 0 0 0 0 0 0 0 0 0 0 0 0 0 0 0 0 0 1.765965 1.766425 1.766425 1.766425 1.766425 1.766425 1.766425 1.766425 1.766425 1.766425 1.766425 1.766425 1.766425 1.766425 1.766425 1.766425 1.766425 1.766425 1.766425 1.766425 1.766425 1.766425 1.766425 1.766425 1.766425 1.766425 1.766425 1.766425 1.766425 1.766425 1.766425 1.766425 1.766425 1.766425 1.766425 1.766425 1.766425 1.766425
0 0 0 0 0 0 0 0 0 0 0 0 0 0 0 0 0 0 0 0 0 0 0 1.56395 1.766425 1.766425 1.766425 1.766425 1.766425 1.766425 1.766425 1.766425 1.766425 1.766425 1.766425 1.766425 1.766425 1.766425 1.766425 1.766425 1.766425 1.766425 1.766425 1.766425 1.766425 1.766425 1.766425 1.766425 1.766425 1.766425 1.766425 1.766425 1.766425 1.766425 1.766425 1.766425 1.766425 1.766425 1.766425 1.766425 1.766425
0 0 0 0 0 0 0 0 0 0 0 0 0 0 0 0 0 0 0 0 0 0 0 1.199226 1.766424 1.766425 1.766425 1.766425 1.766425 1.766425 1.766425 1.766425 1.766425 1.766425 1.766424 1.766425 1.766425 1.766425 1.766425 1.766425 1.766425 1.766425 1.766425 1.766425 1.766425 1.766425 1.766425 1.766425 1.766425 1.766425 1.766425 1.766425 1.766425 1.766425 1.766425 1.766425 1.766424 1.766425 1.766425 1.766425 1.766425
0 0 0 0 0 0 0 0 0 0 0 0 0 0 0 0 0 0 0 0 0 0 0 0 1.766425 1.766425 1.766425 1.766425 1.766425 1.766425 1.766425 1.766425 1.766425 1.766425 1.766425 1.766425 1.766425 1.766425 1.766425 1.766425 1.766425 1.766425 1.766425 1.766425 1.766425 1.766425 1.766425 1.766425 1.766425 1.766425 1.766425 1.766425 1.766425 1.766425 1.766425 1.766425 1.766425 1.766425 1.766425 1.766425 1.766425
0 0 0 0 0 0 0 0 0 0 0 0 0 0 0 0 0 0 0 0 0 0 0 0 1.766425 1.766425 1.766425 1.766425 1.766424 1.766425 1.766425 1.766424 1.766425 1.766425 1.766425 1.766425 1.766424 1.766425 1.766425 1.766425 1.766425 1.766425 1.766425 1.766424 1.766425 1.766425 1.766425 1.766425 1.766425 1.766425 1.766425 1.766425 1.766425 1.766425 1.766425 1.766425 1.766425 1.766425 1.766425 1.766425 1.766424
0 0 0 0 0 0 0 0 0 0 0 0 0 0 0 0 0 0 0 0 0 0 0 0 1.668967 1.766425 1.766425 1.766425 1.766425 1.766425 1.766425 1.766425 1.766425 1.766425 1.766425 1.766425 1.766425 1.766425 1.766425 1.766425 1.766425 1.766425 1.766425 1.766425 1.766425 1.766425 1.766425 1.766425 1.766425 1.766425 1.766425 1.766425 1.766425 1.766425 1.766425 1.766425 1.766425 1.766425 1.766425 1.766425 1.766425
0 0 0 0 0 0 0 0 0 0 0 0 0 0 0 0 0 0 0 0 0 0 0 0 1.319104 1.766425 1.766425 1.766425 1.766425 1.766425 1.766425 1.766425 1.766425 1.766425 1.766425 1.766425 1.766425 1.766425 1.766425 1.766425 1.766425 1.766425 1.766425 1.766425 1.766425 1.766425 1.766425 1.766425 1.766425 1.766425 1.766425 1.766425 1.766425 1.766425 1.766425 1.766425 1.766425 1.766425 1.766425 1.766425 1.766425
0 0 0 0 0 0 0 0 0 0 0 0 0 0 0 0 0 0 0 0 0 0 0 0 0 1.766425 1.766425 1.766425 1.766425 1.766425 1.766425 1.766425 1.766425 1.766425 1.766425 1.766425 1.766425 1.766425 1.766425 1.766425 1.766425 1.766425 1.766425 1.766425 1.766425 1.766425 1.766425 1.766425 1.766425 1.766425 1.766425 1.766425 1.766425 1.766425 1.766425 1.766425 1.766425 1.766425 1.766425 1.766425 1.766425
0 0 0 0 0 0 0 0 0 0 0 0 0 0 0 0 0 0 0 0 0 0 0 0 0 1.766425 1.766424 1.766425 1.766424 1.766425 1.766424 1.766425 1.766424 1.766425 1.766425 1.766425 1.766424 1.766425 1.766424 1.766425 1.766424 1.766425 1.766424 1.766425 1.766425 1.766425 1.766425 1.766425 1.766424 1.766425 1.766425 1.766425 1.766425 1.766425 1.766424 1.766425 1.766425 1.766425 1.766424 1.766425 1.766424
0 0 0 0 0 0 0 0 0 0 0 0 0 0 0 0 0 0 0 0 0 0 0 0 0 1.766026 1.766425 1.766425 1.766425 1.766424 1.766425 1.766425 1.766425 1.766425 1.766425 1.766425 1.766425 1.766425 1.766425 1.766425 1.766425 1.766425 1.766425 1.766425 1.766425 1.766425 1.766425 1.766424 1.766425 1.766424 1.766425 1.766424 1.766424 1.766424 1.766425 1.766425 1.766425 1.766424 1.766425 1.766425 1.766425
0 0 0 0 0 0 0 0 0 0 0 0 0 0 0 0 0 0 0 0 0 0 0 0 0 1.673282 1.766425 1.766425 1.766425 1.766425 1.766425 1.766425 1.766425 1.766425 1.766425 1.766425 1.766425 1.766425 1.766425 1.766425 1.766425 1.766425 1.766425 1.766425 1.766425 1.766425 1.766425 1.766425 1.766425 1.766425 1.766425 1.766425 1.766425 1.766425 1.766425 1.766425 1.766425 1.766425 1.766425 1.766425 1.766425
0 0 0 0 0 0 0 0 0 0 0 0 0 0 0 0 0 0 0 0 0 0 0 0 0 1.502638 1.766425 1.766425 1.766425 1.766425 1.766425 1.766425 1.766425 1.766425 1.766425 1.766425 1.766425 1.766425 1.766425 1.766425 1.766425 1.766425 1.766425 1.766425 1.766425 1.766425 1.766425 1.766425 1.766425 1.766425 1.766425 1.766425 1.766425 1.766425 1.766425 1.766425 1.766425 1.766425 1.748666 1.690343 1.630437
0 0 0 0 0 0 0 0 0 0 0 0 0 0 0 0 0 0 0 0 0 0 0 0 0 1.315554 1.766425 1.766425 1.766425 1.766425 1.766425 1.766425 1.766425 1.766425 1.766425 1.766425 1.766425 1.766425 1.766425 1.766425 1.766425 1.766425 1.760816 1.723897 1.682133 1.640369 1.598607 1.556845 1.515084 1.46805 1.408662 1.348763 1.288867 1.228972 1.169079 1.109187 1.049298 0.9894096 0.9472746 0.9456899 0.94569
0 0 0 0 0 0 0 0 0 0 0 0 0 0 0 0 0 0 0 0 0 0 0 0 0 1.036198 1.551986 1.483265 1.415757 1.376568 1.349293 1.322018 1.294744 1.26747 1.240196 1.212923 1.18565 1.153459 1.11193 1.070178 1.028427 0.9866771 0.9505345 0.94569 0.94569 0.94569 0.94569 0.94569 0.94569 0.94569 0.9456899 0.94569 0.94569 0.94569 0.94569 0.94569 0.9456899 0.94569 0.94569 0.94569 0.94569
0 0 0 0 0 0 0 0 0 0 0 0 0 0 0 0 0 0 0 0 0 0 0 0 0 0 0.94569 0.94569 0.94569 0.94569 0.94569 0.94569 0.94569 0.94569 0.94569 0.9456899 0.94569 0.94569 0.94569 0.94569 0.94569 0.94569 0.94569 0.94569 0.94569 0.94569 0.94569 0.9456899 0.94569 0.94569 0.94569 0.9456899 0.94569 0.94569 0.94569 0.9456899 0.94569 0.94569 0.94569 0.94569 0.94569
0 0 0 0 0 0 0 0 0 0 0 0 0 0 0 0 0 0 0 0 0 0 0 0 0 0 0.94569 0.94569 0.94569 0.94569 0.94569 0.94569 0.94569 0.94569 0.94569 0.94569 0.94569 0.94569 0.94569 0.94569 0.94569 0.94569 0.94569 0.94569 0.94569 0.94569 0.94569 0.94569 0.94569 0.94569 0.94569 0.94569 0.94569 0.94569 0.94569 0.94569 0.94569 0.94569 0.94569 0.94569 0.94569
0 0 0 0 0 0 0 0 0 0 0 0 0 0 0 0 0 0 0 0 0 0 0 0 0 0 0.94569 0.94569 0.94569 0.94569 0.94569 0.94569 0.94569 0.94569 0.94569 0.94569 0.94569 0.94569 0.94569 0.94569 0.94569 0.94569 0.94569 0.94569 0.94569 0.94569 0.94569 0.94569 0.94569 0.94569 0.94569 0.94569 0.94569 0.94569 0.94569 0.94569 0.94569 0.94569 0.94569 0.94569 0.94569
0 0 0 0 0 0 0 0 0 0 0 0 0 0 0 0 0 0 0 0 0 0 0 0 0 0.6320373 0.94569 0.94569 0.94569 0.94569 0.94569 0.94569 0.94569 0.94569 0.94569 0.94569 0.94569 0.94569 0.94569 0.94569 0.94569 0.94569 0.94569 0.94569 0.94569 0.94569 0.94569 0.94569 0.94569 0.94569 0.94569 0.94569 0.94569 0.94569 0.94569 0.94569 0.94569 0.94569 0.94569 0.94569 0.94569
