Scenarios/Global_Grid/data/country_data_population_distribution/processed/density_grids/lby.asc
ncols 388
nrows 340
xllcorner 9
yllcorner 19
[rows 135 to 161 of 340, columns 122 to 182 of 388]
0.94569 0.94569 0.94569 0.94569 0.94569 0.94569 0.94569 0.94569 0.94569 0.94569 0.94569 0.94569 0.94569 0.94569 0.94569 0.94569 0.94569 0.94569 0.94569 0.94569 0.94569 0.9456901 0.9479725 6.900282 9.461808 9.461807 9.461807 9.461807 9.461807 9.461807 9.461807 9.461807 9.461807 9.461807 9.461807 9.461807 9.461807 9.461808 9.461807 9.461807 9.461807 9.461807 9.461807 9.461807 9.461807 9.461807 9.461807 9.172083 2.189026 0.5500086 0.5500086 0.5500086 0.5500086 0.5500086 0.5500086 0.5500086 0.5500086 0.5500086 0.5500086 0.5500086 0.5500086
0.94569 0.9456899 0.94569 0.9456899 0.94569 0.94569 0.94569 0.9456899 0.94569 0.9456899 0.94569 0.9456899 0.94569 0.9456899 0.94569 0.9456899 0.94569 0.9456899 0.94569 0.9456899 0.94569 0.9456899 3.834573 9.461808 9.461807 9.461807 9.461808 9.461807 9.461807 9.461807 9.461808 9.461808 9.461807 9.461807 9.461808 9.461808 9.461807 9.461807 9.461807 9.461807 9.461807 9.461807 9.461807 9.461807 9.461808 9.461807 9.461808 9.461808 8.092664 0.9003665 0.5500086 0.5500086 0.5500086 0.5500086 0.5500086 0.5500085 0.5500086 0.5500085 0.5500086 0.5500085 0.5500086
0.94569 0.94569 0.9456899 0.94569 0.9456899 0.9456899 0.9456899 0.94569 0.94569 0.94569 0.94569 0.94569 0.94569 0.94569 0.9456899 0.94569 0.9456899 0.94569 0.94569 0.94569 1.724659 5.900006 9.283575 9.461808 9.461807 9.461808 9.461807 9.461808 9.461807 9.461808 9.461808 9.461807 9.461807 9.461807 9.461808 9.461807 9.461808 9.461807 9.461808 9.461807 9.461808 9.461808 9.461808 9.461807 9.461807 9.461807 9.461808 9.461808 9.461808 3.750656 0.5500086 0.5500087 0.5500086 0.5500085 0.5500086 0.5500086 0.5500086 0.5500086 0.5500086 0.5500086 0.5500086
0.94569 0.9456899 0.94569 0.94569 0.94569 0.94569 0.94569 0.9456899 0.94569 0.9456899 0.94569 0.9456899 0.94569 0.9456899 0.94569 0.9456899 0.94569 0.9456899 1.367226 5.264906 9.06588 9.461807 9.461808 9.461807 9.461808 9.461807 9.461807 9.461807 9.461808 9.461807 9.461807 9.461808 9.461807 9.461808 9.461807 9.461807 9.461807 9.461808 9.461807 9.461808 9.461807 9.461807 9.461807 9.461808 9.461807 9.461808 9.461807 9.461807 9.461807 6.851803 0.5500086 0.5500086 0.5500086 0.5500086 0.5500085 0.5500086 0.5500086 0.5500086 0.5500085 0.5500086 0.5500086
0.94569 0.94569 0.94569 0.94569 0.94569 0.94569 0.94569 0.94569 0.94569 0.94569 0.94569 0.94569 0.94569 0.94569 0.94569 0.94569 1.070244 4.390627 8.678209 9.461808 9.461808 9.461808 9.461808 9.461808 9.461808 9.461808 9.461808 9.461808 9.461808 9.461808 9.461808 9.461808 9.461808 9.461808 9.461808 9.461808 9.461808 9.461808 9.461808 9.461808 9.461808 9.461808 9.461808 9.461808 9.461808 9.461808 9.461808 9.461808 9.461808 9.330202 1.502631 0.5500086 0.5500086 0.5500086 0.5500086 0.5500086 0.5500086 0.5500086 0.5500086 0.5500086 0.5500086
0.9456899 0.9456899 0.9456899 0.9456899 0.9456899 0.9456899 0.9456899 0.9456899 0.9456899 0.9456899 0.9456899 0.9456899 0.9456899 0.9456899 0.9456899 2.840882 7.883765 9.461807 9.461808 9.461808 9.461808 9.461808 9.461808 9.461807 9.461808 9.461808 9.461808 9.461808 9.461808 9.461808 9.461808 9.461808 9.461808 9.461808 9.461808 9.461808 9.461808 9.461808 9.461808 9.461808 9.461808 9.461808 9.461808 9.461808 9.461808 9.461808 9.461808 9.461808 9.461808 9.461808 5.344635 0.5500085 0.5500085 0.5500085 0.5500085 0.5500085 0.5500085 0.5500086 0.5500085 0.5500085 0.5500085
0.94569 0.94569 0.94569 0.94569 0.94569 0.94569 0.94569 0.94569 0.94569 0.94569 0.94569 0.94569 0.94569 0.94569 4.991782 9.403881 9.461807 9.461807 9.461808 9.461807 9.461807 9.461807 9.461807 9.461807 9.461807 9.461807 9.461807 9.461807 9.461807 9.461807 9.461807 9.461807 9.461807 9.461807 9.461807 9.461807 9.461807 9.461807 9.461807 9.461807 9.461807 9.461807 9.461807 9.461807 9.461807 9.461807 9.461807 9.461807 9.461807 9.461807 9.452342 5.61976 1.198295 0.5500086 0.5500086 0.5500086 0.5500086 0.5500086 0.5500086 0.5500086 0.5500085
0.94569 0.94569 0.94569 0.94569 0.94569 0.94569 0.94569 0.94569 0.94569 0.94569 0.94569 0.94569 0.94569 3.329955 9.381131 9.461807 9.461807 9.461807 9.461808 9.461807 9.461807 9.461807 9.461807 9.461807 9.461808 9.461807 9.461808 9.461807 9.461807 9.461807 9.461808 9.461807 9.461807 9.461807 9.461807 9.461807 9.461807 9.461808 9.461807 9.461807 9.461807 9.461807 9.461807 9.461808 9.461807 9.461807 9.461807 9.461807 9.461807 9.461807 9.461807 9.461807 8.974388 3.869806 0.5500085 0.5500085 0.5500085 0.5500086 0.5500085 0.5500085 0.5500085
0.9456899 0.9456899 0.9456899 0.9456899 0.9456899 0.9456899 0.9456899 0.9456899 0.9456899 0.9456899 0.97624 1.636534 4.780807 9.301604 9.461808 9.461808 9.461808 9.461808 9.461808 9.461808 9.461808 9.461808 9.461808 9.461808 9.461808 9.461808 9.461808 9.461808 9.461808 9.461808 9.461808 9.461808 9.461808 9.461808 9.461808 9.461808 9.461808 9.461808 9.461808 9.461808 9.461808 9.461808 9.461808 9.461808 9.461808 9.461808 9.461808 9.461808 9.461808 9.461808 9.461808 9.461808 9.461808 9.450823 5.562748 1.089903 0.5500085 0.5500086 0.5500085 0.5500086 0.5500085
1.490368 1.479131 2.509329 3.342289 4.175219 5.008118 5.840987 6.673825 7.506634 8.34605 9.212114 9.461807 9.461807 9.461807 9.461808 9.461808 9.461808 9.461808 9.461808 9.461808 9.461808 9.461808 9.461808 9.461807 9.461807 9.461808 9.461808 9.461808 9.461808 9.461808 9.461808 9.461808 9.461808 9.461808 9.461808 9.461808 9.461807 9.461807 9.461808 9.461808 9.461808 9.461808 9.461808 9.461808 9.461808 9.461808 9.461807 9.461807 9.461807 9.461808 9.461808 9.461808 9.461808 9.461808 9.461807 8.867493 2.338627 0.5500085 0.5500085 0.5500086 0.5500085
2.879815 3.184775 7.899473 9.461807 9.461807 9.461807 9.461807 9.461807 9.461807 9.461807 9.461807 9.461807 9.461808 9.461807 9.461808 9.461807 9.461807 9.461807 9.461808 9.461807 9.461808 9.461807 9.461807 9.461807 9.461808 9.461807 9.461808 9.461807 9.461807 9.461807 9.461807 9.461808 9.461808 9.461807 9.461807 9.461808 9.461807 9.461808 9.461807 9.461808 9.461807 9.461807 9.461807 9.461807 9.461808 9.461808 9.461807 9.461808 9.461807 9.461808 9.461807 9.461808 9.461807 9.461807 9.461807 9.461808 5.64702 0.5500085 0.5500085 0.5500085 0.5500085
2.879815 2.879815 4.922084 9.461807 9.461808 9.461808 9.461808 9.461807 9.461808 9.461807 9.461808 9.461807 9.461808 9.461807 9.461808 9.461807 9.461808 9.461807 9.461808 9.461807 9.461808 9.461808 9.461808 9.461808 9.461808 9.461807 9.461808 9.461808 9.461808 9.461808 9.461808 9.461808 9.461808 9.461808 9.461807 9.461808 9.461807 9.461808 9.461808 9.461808 9.461808 9.461808 9.461808 9.461808 9.461808 9.461808 9.461807 9.461808 9.461807 9.461808 9.461808 9.461808 9.461807 9.099329 7.069102 4.83134 2.265108 0.5500086 0.5500085 0.5500086 0.5500085
2.879815 2.879815 3.451299 9.450834 9.461807 9.461807 9.461807 9.461807 9.461807 9.461807 9.461807 9.461807 9.461808 9.461807 9.461807 9.461807 9.461807 9.461807 9.461808 9.461807 9.461807 9.461807 9.461807 9.461807 9.461808 9.461807 9.461807 9.461807 9.461807 9.461807 9.461807 9.461807 9.461807 9.461807 9.461807 9.461807 9.461807 9.461808 9.461807 9.461807 9.461807 9.461807 9.461807 9.461808 9.461807 9.461807 9.461807 9.461807 9.461807 8.997467 6.901206 4.66346 2.425918 0.5509223 0.3432607 0.3432607 0.4354153 0.5500086 0.5500086 0.5500086 0.5500086
2.879815 2.879815 2.879815 9.012402 9.461808 9.461808 9.461808 9.461808 9.461808 9.461808 9.461808 9.461808 9.461809 9.461808 9.461808 9.461808 9.461808 9.461808 9.461808 9.461808 9.461808 9.461808 9.461808 9.461808 9.461808 9.461808 9.461808 9.461808 9.461808 9.461808 9.461808 9.461808 9.461808 9.461808 9.461808 9.461808 9.461808 9.461808 9.461808 9.461808 9.461808 9.461808 9.461808 9.461808 9.461808 8.883008 6.733313 4.495581 2.258054 0.484898 0.3432607 0.3432607 0.3432607 0.3432607 0.3432607 0.3432607 0.4491956 0.5500086 0.5500085 0.5500086 0.5500085
2.879815 2.879815 2.885377 9.324183 9.461808 9.461808 9.461807 9.461807 9.461807 9.461808 9.461808 9.461808 9.461807 9.461807 9.461807 9.461807 9.461807 9.461807 9.461807 9.461807 9.461808 9.461808 9.461808 9.461807 9.461807 9.461807 9.461808 9.461807 9.461807 9.461807 9.461807 9.461808 9.461807 9.461807 9.461808 9.461807 9.461807 9.461807 9.461807 9.461808 8.774715 7.306972 5.656876 3.933519 2.071934 0.4314671 0.3432607 0.3432607 0.3432607 0.3432607 0.3432607 0.3432607 0.3432607 0.3432607 0.3432607 0.3432607 0.452823 0.5500085 0.5500086 0.5500086 0.5500086
2.879815 2.879815 3.14481 9.461808 9.461808 9.461808 9.461808 9.461808 9.461808 9.461808 9.461808 9.461808 9.461808 9.461808 9.461808 9.461808 9.461808 9.461808 9.461808 9.461808 9.461808 9.461808 9.461808 9.461808 9.461808 9.461808 9.461808 9.461808 9.461808 9.461808 9.461808 9.461808 9.243532 8.232578 7.215415 6.198296 5.181218 4.025917 2.576031 1.116507 0.3439094 0.3432607 0.3432607 0.3432607 0.3432607 0.3432607 0.3432607 0.3432607 0.3432607 0.3432607 0.3432607 0.3432607 0.3432607 0.3432607 0.3432607 0.3432607 0.4364967 0.5500086 0.5500085 0.5500086 0.5500085
2.879815 2.879815 3.176821 9.165256 9.461807 9.461807 9.461807 9.461808 9.461807 9.461807 9.461807 9.461808 9.461808 9.461808 9.461807 9.461808 9.461808 9.461807 9.461808 9.461807 9.461807 9.461808 9.461807 9.461808 9.461808 9.461807 9.461807 9.461807 8.474102 6.425658 4.386132 2.346775 0.5806236 0.3432607 0.3432607 0.3432607 0.3432607 0.3432607 0.3432607 0.3432607 0.3432607 0.3432607 0.3432607 0.3432607 0.3432607 0.3432607 0.3432607 0.3432607 0.3432607 0.3432607 0.3432607 0.3432607 0.3432607 0.3432607 0.3432607 0.3432607 0.4062284 0.5500086 0.5500085 0.5500085 0.5500086
2.879815 2.879815 2.879815 6.016238 9.461808 9.461808 9.461808 9.461807 9.461808 9.461807 9.461808 9.461807 9.461808 9.461808 9.461808 9.461807 9.461808 9.461807 9.461808 9.461808 9.461808 9.461807 9.461808 9.461807 8.665247 5.900671 3.669538 1.501467 0.3445317 0.3432606 0.3432607 0.3432607 0.3432607 0.3432607 0.3432607 0.3432607 0.3432607 0.3432607 0.3432607 0.3432607 0.3432606 0.3432607 0.3432607 0.3432607 0.3432607 0.3432607 0.3432606 0.3432607 0.3432607 0.3432607 0.3432607 0.3432607 0.3432607 0.3432607 0.3432607 0.3432607 0.3437166 0.476163 0.5500085 0.5500085 0.5500085
2.879815 2.879815 2.879815 3.061376 7.786672 9.461807 9.461807 9.461807 9.461807 9.461807 9.461807 9.461807 9.461808 9.461807 9.461807 9.461807 9.461807 9.461807 9.461808 9.461807 9.461807 9.012552 5.772927 2.718705 0.4611267 0.3432607 0.3432607 0.3432607 0.3432607 0.3432607 0.3432607 0.3432607 0.3432607 0.3432607 0.3432607 0.3432607 0.3432607 0.3432607 0.3432607 0.3432607 0.3432607 0.3432607 0.3432607 0.3432607 0.3432607 0.3432607 0.3432607 0.3432607 0.3432607 0.3432607 0.3432607 0.3432607 0.3432607 0.3432607 0.3432607 0.3432607 0.3432607 0.3445812 0.3980107 0.4874686 0.5489418
2.879815 2.879815 2.879815 2.879815 3.178638 8.439909 9.461808 9.461807 9.461808 9.461807 9.461808 9.461807 9.461807 9.461807 9.461808 9.461807 9.461808 9.461807 9.461807 9.461807 8.678121 2.141507 0.3432607 0.3432607 0.3432607 0.3432607 0.3432607 0.3432607 0.3432607 0.3432607 0.3432607 0.3432607 0.3432607 0.3432607 0.3432607 0.3432607 0.3432607 0.3432607 0.3432607 0.3432607 0.3432607 0.3432607 0.3432607 0.3432607 0.3432607 0.3432607 0.3432607 0.3432607 0.3432607 0.3432607 0.3432607 0.3432607 0.3432607 0.3432607 0.3432607 0.3432607 0.3432607 0.3432607 0.3432607 0.3432607 0.3781772
2.879815 2.879815 2.879815 2.879815 2.879815 6.657957 9.461807 9.461808 9.461807 9.461807 9.461807 9.461808 9.461808 9.461808 9.461807 9.461808 9.461807 9.461808 9.461808 8.331827 1.695087 0.3432607 0.3432607 0.3432607 0.3432607 0.3432607 0.3432607 0.3432607 0.3432607 0.3432607 0.3432607 0.3432607 0.3432607 0.3432607 0.3432607 0.3432607 0.3432607 0.3432607 0.3432607 0.3432607 0.3432607 0.3432607 0.3432607 0.3432607 0.3432607 0.3432607 0.3432607 0.3432607 0.3432607 0.3432607 0.3432607 0.3432607 0.3432607 0.3432607 0.3432607 0.3432607 0.3432607 0.3432607 0.3432607 0.3432607 0.3432607
2.879815 2.879815 2.879815 2.879815 2.921619 8.202248 9.461807 9.461807 9.461807 9.461807 9.461807 9.461807 9.461808 9.461807 9.461807 9.461807 9.461807 9.461807 7.930776 1.317076 0.3432607 0.3432607 0.3432607 0.3432607 0.3432607 0.3432607 0.3432607 0.3432607 0.3432607 0.3432607 0.3432607 0.3432607 0.3432607 0.3432607 0.3432607 0.3432607 0.3432607 0.3432607 0.3432607 0.3432607 0.3432607 0.3432607 0.3432607 0.3432607 0.3432607 0.3432607 0.3432607 0.3432607 0.3432607 0.3432607 0.3432607 0.3432607 0.3432607 0.3432607 0.3432607 0.3432607 0.3432607 0.3432607 0.3432607 0.3432607 0.3432607
2.879815 2.879815 2.879815 2.879815 5.182794 9.461807 9.461807 9.461807 9.461807 9.461807 9.461807 9.461807 9.461807 9.461807 9.461807 9.461807 9.461807 7.471416 1.0035 0.3432607 0.3432607 0.3432607 0.3432607 0.3432607 0.3432607 0.3432607 0.3432607 0.3432607 0.3432607 0.3432607 0.3432607 0.3432607 0.3432607 0.3432607 0.3432607 0.3432607 0.3432607 0.3432607 0.3432607 0.3432607 0.3432607 0.3432607 0.3432607 0.3432607 0.3432607 0.3432607 0.3432607 0.3432607 0.3432607 0.3432607 0.3432607 0.3432607 0.3432607 0.3432607 0.3432607 0.3432607 0.3432607 0.3432607 0.3432607 0.3432607 0.3432607
2.879815 2.879815 2.879815 3.323646 8.570011 9.461809 9.461808 9.461809 9.461808 9.461808 9.461808 9.461809 9.461808 9.461809 9.461808 9.461809 7.407619 0.813038 0.3432607 0.3432607 0.3432607 0.3432607 0.3432607 0.3432607 0.3432607 0.3432607 0.3432607 0.3432607 0.3432607 0.3432607 0.3432607 0.3432607 0.3432607 0.3432607 0.3432607 0.3432607 0.3432607 0.3432607 0.3432607 0.3432607 0.3432607 0.3432607 0.3432607 0.3432607 0.3432607 0.3432607 0.3432607 0.3432607 0.3432607 0.3432607 0.3432607 0.3432607 0.3432607 0.3432607 0.3432607 0.3432607 0.3432607 0.3432607 0.3432607 0.3432607 0.3432607
2.879815 2.879815 3.82086 8.457176 9.461808 9.461808 9.461807 9.461807 9.461807 9.461807 9.461807 9.461807 9.461808 9.461807 9.461808 7.502165 0.8598951 0.3432607 0.3432607 0.3432607 0.3432607 0.3432607 0.3432607 0.3432607 0.3432607 0.3432607 0.3432607 0.3432607 0.3432607 0.3432607 0.3432607 0.3432607 0.3432607 0.3432607 0.3432607 0.3432607 0.3432607 0.3432607 0.3432607 0.3432607 0.3432607 0.3432607 0.3432607 0.3432607 0.3432607 0.3432607 0.3432607 0.3432607 0.3432607 0.3432607 0.3432607 0.3432607 0.3432607 0.3432607 0.3432607 0.3432607 0.3432607 0.3432607 0.3432607 0.3432607 0.3432607
2.879815 4.486268 8.973949 9.461807 9.461808 9.461808 9.461808 9.461807 9.461808 9.461807 9.461808 9.461807 9.461808 9.461807 7.460239 0.9089796 0.3432607 0.3432607 0.3432607 0.3432607 0.3432607 0.3432607 0.3432607 0.3432607 0.3432607 0.3432607 0.3432607 0.3432607 0.3432607 0.3432607 0.3432607 0.3432607 0.3432607 0.3432607 0.3432607 0.3432607 0.3432607 0.3432607 0.3432607 0.3432607 0.3432607 0.3432607 0.3432607 0.3432607 0.3432607 0.3432607 0.3432607 0.3432607 0.3432607 0.3432607 0.3432607 0.3432607 0.3432607 0.3432607 0.3432607 0.3432607 0.3432607 0.3432607 0.3432607 0.3432607 0.3432607
2.90205 8.608801 9.461807 9.461807 9.461807 9.461807 9.461807 9.461807 9.461807 9.461807 9.461807 9.461807 9.461808 6.969851 0.7538386 0.3432607 0.3432607 0.3432607 0.3432607 0.3432607 0.3432607 0.3432607 0.3432607 0.3432607 0.3432607 0.3432607 0.3432607 0.3432607 0.3432607 0.3432607 0.3432607 0.3432607 0.3432607 0.3432607 0.3432607 0.3432607 0.3432607 0.3432607 0.3432607 0.3432607 0.3432607 0.3432607 0.3432607 0.3432607 0.3432607 0.3432607 0.3432607 0.3432607 0.3432607 0.3432607 0.3432607 0.3432607 0.3432607 0.3432607 0.3432607 0.3432607 0.3432607 0.3432607 0.3432607 0.3432607 0.3432607
