Scenarios/Global_Grid/data/country_data_population_distribution/processed/density_grids/lby.asc
ncols 388
nrows 340
xllcorner 9
yllcorner 19
[rows 108 to 134 of 340, columns 122 to 182 of 388]
0.94569 0.94569 0.94569 0.94569 0.94569 0.94569 0.94569 0.94569 0.94569 0.94569 0.94569 0.94569 0.94569 0.94569 0.94569 0.94569 0.883213 0.6269208 0.5500086 0.5500085 0.5500085 0.5500085 0.5500085 0.5500085 0.5500086 0.5500085 0.5500085 0.5500085 0.5500085 0.5500085 0.5500085 0.5500085 0.5500085 0.5500085 0.5500085 0.5500085 0.5500085 0.5500085 0.5500085 0.5500085 0.5500085 0.5500085 0.5500085 0.5500085 0.5500085 0.5500085 0.5500085 0.5500085 0.5500085 0.5500085 0.5500085 0.5500085 0.5500085 0.5500085 0.5500085 0.5500085 0.5500085 0.5500085 0.5500085 0.5500085 0.5500085
0.94569 0.94569 0.94569 0.94569 0.94569 0.94569 0.94569 0.94569 0.94569 0.94569 0.94569 0.94569 0.94569 0.94569 0.94569 0.94569 0.94569 0.9368654 0.7698429 0.5761205 0.5500086 0.5500085 0.5500086 0.5500085 0.5500086 0.5500085 0.5500086 0.5500085 0.5500086 0.5500085 0.5500086 0.5500086 0.5500086 0.5500086 0.5500085 0.5500086 0.5500085 0.5500086 0.5500085 0.5500086 0.5500085 0.5500086 0.5500085 0.5500086 0.5500086 0.5500086 0.5500085 0.5500086 0.5500085 0.5500086 0.5500086 0.5500086 0.5500085 0.5500086 0.5500085 0.5500086 0.5500085 0.5500086 0.5500085 0.5500085 0.5500085
0.94569 0.94569 0.94569 0.9456899 0.94569 0.94569 0.94569 0.94569 0.94569 0.94569 0.94569 0.94569 0.94569 0.94569 0.94569 0.94569 0.94569 0.94569 0.94569 0.915852 0.71842 0.5571796 0.5500086 0.5500086 0.5500086 0.5500086 0.5500086 0.5500086 0.5500086 0.5500086 0.5500086 0.5500086 0.5500086 0.5500086 0.5500086 0.5500086 0.5500086 0.5500086 0.5500086 0.5500086 0.5500086 0.5500086 0.5500086 0.5500086 0.5500086 0.5500086 0.5500086 0.5500086 0.5500086 0.5500086 0.5500086 0.5500086 0.5500086 0.5500086 0.5500086 0.5500086 0.5500086 0.5500086 0.5500086 0.5500086 0.5500086
0.9456899 0.94569 0.9456899 0.94569 0.94569 0.9456899 0.9456899 0.94569 0.9456899 0.94569 0.9456899 0.94569 0.94569 0.94569 0.9456899 0.94569 0.9456899 0.94569 0.94569 0.94569 0.9456899 0.8833714 0.6330119 0.5500086 0.5500086 0.5500086 0.5500085 0.5500086 0.5500085 0.5500086 0.5500085 0.5500086 0.5500086 0.5500086 0.5500086 0.5500085 0.5500086 0.5500086 0.5500086 0.5500086 0.5500086 0.5500086 0.5500086 0.5500086 0.5500086 0.5500086 0.5500086 0.5500085 0.5500086 0.5500085 0.5500086 0.5500085 0.5500086 0.5500085 0.5500086 0.5500085 0.5500086 0.5500086 0.5500086 0.5500085 0.5500086
0.94569 0.9456899 0.94569 0.9456899 0.94569 0.94569 0.94569 0.9456899 0.94569 0.9456899 0.94569 0.9456899 0.94569 0.9456899 0.94569 0.9456899 0.94569 0.9456899 0.94569 0.9456899 0.94569 0.9456899 0.9256325 0.6495285 0.5500085 0.5500085 0.5500086 0.5500085 0.5500086 0.5500085 0.5500086 0.5500086 0.5500086 0.5500086 0.5500085 0.5500086 0.5500085 0.5500085 0.5500085 0.5500085 0.5500085 0.5500086 0.5500085 0.5500086 0.5500086 0.5500085 0.5500085 0.5500086 0.5500086 0.5500086 0.5500086 0.5500086 0.5500085 0.5500086 0.5500085 0.5500085 0.5500086 0.5500085 0.5500085 0.5500086 0.5500085
0.9456899 0.94569 0.94569 0.94569 0.9456899 0.9456899 0.9456899 0.94569 0.9456899 0.94569 0.9456899 0.94569 0.94569 0.94569 0.9456899 0.94569 0.9456899 0.94569 0.94569 0.94569 0.9456899 0.94569 0.9456899 0.9319145 0.6654215 0.5500085 0.5500085 0.5500085 0.5500085 0.5500085 0.5500085 0.5500085 0.5500085 0.5500085 0.5500085 0.5500085 0.5500085 0.5500085 0.5500085 0.5500085 0.5500085 0.5500085 0.5500085 0.5500085 0.5500085 0.5500085 0.5500085 0.5500085 0.5500085 0.5500085 0.5500085 0.5500085 0.5500085 0.5500085 0.5500085 0.5500085 0.5500085 0.5500085 0.5500085 0.5500085 0.5500085
0.94569 0.94569 0.94569 0.94569 0.94569 0.94569 0.94569 0.94569 0.94569 0.94569 0.94569 0.94569 0.94569 0.9456901 0.94569 0.9456901 0.94569 0.94569 0.94569 0.94569 0.94569 0.94569 0.94569 0.94569 0.9370198 0.5894389 0.5500085 0.5500086 0.5500085 0.5500085 0.5500085 0.5500085 0.5500085 0.5500085 0.5500085 0.5500085 0.5500086 0.5500086 0.5500086 0.5500085 0.5500086 0.5500085 0.5500086 0.5500085 0.5500085 0.5500085 0.5500086 0.5500085 0.5500086 0.5500085 0.5500085 0.5500085 0.5500086 0.5500086 0.5500085 0.5500085 0.5500086 0.5500086 0.5500085 0.5500085 0.5500086
0.94569 0.94569 0.94569 0.94569 0.94569 0.94569 0.94569 0.94569 0.94569 0.94569 0.94569 0.94569 0.94569 0.94569 0.94569 0.94569 0.94569 0.94569 0.94569 0.94569 0.94569 0.94569 0.94569 0.94569 0.94569 0.7048905 0.5500086 0.5500086 0.5500086 0.5500086 0.5500086 0.5500086 0.5500086 0.5500086 0.5500086 0.5500086 0.5500086 0.5500085 0.5500086 0.5500086 0.5500086 0.5500086 0.5500086 0.5500086 0.5500086 0.5500086 0.5500086 0.5500086 0.5500086 0.5500086 0.5500086 0.5500086 0.5500086 0.5500086 0.5500086 0.5500086 0.5500086 0.5500086 0.5500086 0.5500086 0.5500086
0.94569 0.9456899 0.94569 0.9456899 0.94569 0.94569 0.94569 0.9456899 0.94569 0.9456899 0.94569 0.9456899 0.94569 0.9456899 0.94569 0.9456899 0.94569 0.9456899 0.94569 0.9456899 0.94569 0.9456899 0.94569 0.9456899 0.94569 0.8216158 0.5500086 0.5500086 0.5500086 0.5500086 0.5500086 0.5500086 0.5500086 0.5500086 0.5500086 0.5500086 0.5500085 0.5500086 0.5500085 0.5500086 0.5500085 0.5500086 0.5500085 0.5500086 0.5500086 0.5500086 0.5500085 0.5500086 0.5500086 0.5500086 0.5500086 0.5500086 0.5500085 0.5500086 0.5500086 0.5500086 0.5500085 0.5500086 0.5500085 0.5500086 0.5500085
0.9456899 0.9456899 0.9456899 0.9456899 0.9456899 0.94569 0.9456899 0.9456899 0.9456899 0.94569 0.9456899 0.94569 0.94569 0.94569 0.9456899 0.94569 0.94569 0.9456899 0.94569 0.9456899 0.94569 0.9456899 0.9456899 0.9456899 0.94569 0.8746237 0.5500085 0.5500086 0.5500086 0.5500086 0.5500085 0.5500086 0.5500086 0.5500086 0.5500086 0.5500086 0.5500085 0.5500086 0.5500085 0.5500086 0.5500085 0.5500085 0.5500085 0.5500086 0.5500085 0.5500085 0.5500086 0.5500086 0.5500086 0.5500086 0.5500085 0.5500086 0.5500085 0.5500085 0.5500085 0.5500085 0.5500086 0.5500086 0.5500086 0.5500086 0.5500086
0.94569 0.94569 0.94569 0.94569 0.94569 0.94569 0.94569 0.94569 0.94569 0.94569 0.94569 0.94569 0.94569 0.94569 0.94569 0.94569 0.94569 0.94569 0.94569 0.94569 0.94569 0.94569 0.94569 0.94569 0.94569 0.8874369 0.5500086 0.5500086 0.5500086 0.5500086 0.5500086 0.5500086 0.5500086 0.5500086 0.5500086 0.5550379 0.5872871 0.6236124 0.6410992 0.6240116 0.5758854 0.5500086 0.5500086 0.5500086 0.5500086 0.5500086 0.5500086 0.5500086 0.5500086 0.5500086 0.5500086 0.5500086 0.5500086 0.5500086 0.5500086 0.5500086 0.5500086 0.5500086 0.5500086 0.5500086 0.5500086
0.94569 0.94569 0.94569 0.94569 0.94569 0.94569 0.94569 0.94569 0.94569 0.94569 0.94569 0.94569 0.94569 0.94569 0.94569 0.94569 0.94569 0.9456899 0.94569 0.9456899 0.94569 0.94569 0.94569 0.94569 0.94569 0.9423714 0.5887328 0.5500086 0.5500085 0.5500086 0.5500085 0.5500085 0.5500085 0.6145036 0.8089681 0.9403222 0.94569 0.94569 0.9456899 0.94569 0.9390905 0.8453202 0.7244498 0.6083038 0.5502037 0.5500085 0.5500086 0.5500085 0.5500086 0.5500085 0.5500085 0.5500085 0.5500086 0.5500085 0.5500086 0.5500085 0.5500086 0.5500086 0.5500086 0.5500085 0.5500086
0.9456899 0.94569 0.94569 0.94569 0.94569 0.94569 0.94569 0.94569 0.94569 0.94569 0.9456899 0.94569 0.94569 0.94569 0.94569 0.94569 0.94569 0.94569 0.94569 0.94569 0.94569 0.94569 0.94569 0.94569 0.94569 0.94569 0.799327 0.6768867 0.6194087 0.6140181 0.6510781 0.6881574 0.8083341 0.9419907 0.94569 0.94569 0.94569 0.94569 0.94569 0.94569 0.94569 0.94569 0.94569 0.9456899 0.900601 0.6799248 0.5500086 0.5500086 0.5500086 0.5500086 0.5500086 0.5500086 0.5500086 0.5500085 0.5500086 0.5500086 0.5500086 0.5500085 0.5500086 0.5500086 0.5500086
0.94569 0.94569 0.94569 0.94569 0.94569 0.94569 0.94569 0.94569 0.94569 0.94569 0.94569 0.94569 0.9456899 0.94569 0.94569 0.94569 0.94569 0.94569 0.9456899 0.94569 0.94569 0.94569 0.94569 0.94569 0.9456899 0.94569 0.94569 0.94569 0.94569 0.94569 0.94569 0.94569 0.94569 0.94569 0.94569 0.94569 0.94569 0.9456899 0.94569 0.94569 0.94569 0.94569 0.94569 0.94569 0.94569 0.9422068 0.7202803 0.5500086 0.5500086 0.5500086 0.5500086 0.5500086 0.5500086 0.5500086 0.5500086 0.5500085 0.5500086 0.5500085 0.5500086 0.5500086 0.5500086
0.94569 0.94569 0.94569 0.94569 0.94569 0.94569 0.94569 0.94569 0.94569 0.94569 0.94569 0.94569 0.94569 0.94569 0.94569 0.94569 0.94569 0.94569 0.94569 0.94569 0.94569 0.94569 0.94569 0.94569 0.94569 0.94569 0.94569 0.94569 0.94569 0.94569 0.94569 0.94569 0.94569 0.94569 0.94569 0.94569 0.94569 0.94569 0.94569 0.94569 0.94569 0.94569 0.94569 0.94569 0.94569 0.94569 0.9456431 0.6144989 0.5500085 0.5500085 0.5500085 0.5500085 0.5500085 0.5500085 0.5500085 0.5500085 0.5500085 0.5500085 0.5500085 0.5500085 0.5500085
0.94569 0.94569 0.94569 0.94569 0.94569 0.94569 0.94569 0.9456899 0.94569 0.9456899 0.94569 0.9456899 0.94569 0.9456899 0.94569 0.94569 0.94569 0.9456899 0.94569 0.9456899 0.94569 0.9456899 0.94569 0.9456899 0.94569 0.9456899 0.94569 0.9456899 0.94569 0.9456899 0.94569 0.94569 0.94569 0.94569 0.9456899 0.94569 0.9456899 0.94569 0.9456899 0.94569 0.94569 0.94569 0.94569 0.94569 0.94569 0.94569 0.9456899 0.6885994 0.5500085 0.5500086 0.5500086 0.5500086 0.5500085 0.5500086 0.5500085 0.5500086 0.5500085 0.5500086 0.5500085 0.5500086 0.5500085
0.94569 0.9456899 0.94569 0.9456899 0.94569 0.94569 0.94569 0.9456899 0.94569 0.9456899 0.9456899 0.9456899 0.94569 0.9456899 0.9456899 0.9456899 0.9456899 0.9456899 0.94569 0.9456899 0.9456899 0.9456899 0.9456899 0.9456899 0.94569 0.9456899 0.94569 0.9456899 0.94569 0.9456899 0.94569 0.9456899 0.94569 0.9456899 0.9456899 0.9456899 0.9456899 0.94569 0.9456899 0.9456899 0.9456899 0.94569 0.9456899 0.94569 0.94569 0.94569 0.9456899 0.683275 0.5500085 0.5500086 0.5500086 0.5500086 0.5500085 0.5500086 0.5500085 0.5500086 0.5500085 0.5500086 0.5500085 0.5500086 0.5500085
0.94569 0.94569 0.94569 0.94569 0.94569 0.94569 0.94569 0.94569 0.94569 0.94569 0.94569 0.94569 0.94569 0.94569 0.94569 0.94569 0.94569 0.94569 0.94569 0.94569 0.94569 0.94569 0.94569 0.94569 0.94569 0.94569 0.94569 0.94569 0.94569 0.94569 0.94569 0.94569 0.94569 0.94569 0.94569 0.94569 0.94569 0.94569 0.94569 0.94569 0.94569 0.94569 0.94569 0.94569 0.94569 0.94569 0.9394928 0.5757613 0.5500086 0.5500086 0.5500086 0.5500086 0.5500086 0.5500086 0.5500086 0.5500086 0.5500086 0.5500086 0.5500086 0.5500086 0.5500085
0.94569 0.94569 0.94569 0.94569 0.94569 0.94569 0.94569 0.94569 0.94569 0.94569 0.94569 0.94569 0.94569 0.94569 0.94569 0.94569 0.94569 0.94569 0.94569 0.94569 0.94569 0.94569 0.94569 0.94569 0.94569 0.94569 0.94569 0.94569 0.94569 0.94569 0.94569 0.94569 0.94569 0.94569 0.94569 0.94569 0.94569 0.94569 0.94569 0.94569 0.94569 0.94569 0.94569 0.94569 0.94569 0.94569 0.8276988 0.5500086 0.5500085 0.5500085 0.5500086 0.5500086 0.5500085 0.5500086 0.5500085 0.5500086 0.5500085 0.5500086 0.5500085 0.5500085 0.5500085
0.94569 0.9456901 0.94569 0.9456901 0.94569 0.94569 0.94569 0.9456901 0.94569 0.9456899 0.94569 0.94569 0.94569 0.94569 0.94569 0.94569 0.94569 0.94569 0.94569 0.94569 0.94569 0.9456901 0.94569 0.94569 0.94569 0.94569 0.94569 0.9456901 0.94569 0.94569 0.94569 0.94569 0.94569 0.94569 0.9456899 0.94569 0.9456899 0.94569 0.94569 0.94569 0.9456901 0.94569 0.9456899 0.94569 0.94569 0.94569 0.6641167 0.5500085 0.5500085 0.5500085 0.5500085 0.5500085 0.5500085 0.5500085 0.5500085 0.5500085 0.5500085 0.5500085 0.5500086 0.5500085 0.5500086
0.94569 0.94569 0.94569 0.94569 0.94569 0.94569 0.94569 0.94569 0.94569 0.94569 0.94569 0.94569 0.9456899 0.94569 0.94569 0.94569 0.94569 0.94569 0.94569 0.94569 0.94569 0.94569 0.94569 0.94569 0.94569 0.94569 0.94569 0.94569 0.94569 0.94569 0.94569 0.94569 0.94569 0.94569 0.94569 0.94569 0.94569 0.94569 0.94569 0.94569 0.94569 0.94569 0.94569 0.94569 0.94569 0.88963 0.5531986 0.5500085 0.5500085 0.5500085 0.5500086 0.5500086 0.5500085 0.5500085 0.5500085 0.5500085 0.5500085 0.5500086 0.5500085 0.5500085 0.5500085
0.94569 0.94569 0.94569 0.94569 0.94569 0.94569 0.94569 0.94569 0.94569 0.94569 0.94569 0.94569 0.94569 0.94569 0.94569 0.94569 0.94569 0.94569 0.94569 0.94569 0.94569 0.94569 0.94569 0.94569 0.94569 0.94569 0.94569 0.94569 0.94569 0.94569 0.94569 0.94569 0.94569 0.94569 0.94569 0.94569 0.94569 0.94569 0.94569 0.94569 0.94569 0.94569 0.94569 0.94569 0.94569 0.7150147 0.5500086 0.5500086 0.5500086 0.5500086 0.5500086 0.5500086 0.5500086 0.5500086 0.5500086 0.5500086 0.5500086 0.5500086 0.5500086 0.5500086 0.5500086
0.94569 0.9456899 0.94569 0.9456899 0.94569 0.94569 0.94569 0.9456899 0.94569 0.9456899 0.94569 0.9456899 0.94569 0.9456899 0.94569 0.9456899 0.94569 0.9456899 0.94569 0.9456899 0.94569 0.9456899 0.94569 0.9456899 0.94569 0.9456899 0.94569 0.9456899 0.94569 0.9456899 0.94569 0.94569 0.94569 0.94569 0.9456899 0.94569 0.9456899 1.982607 4.753432 7.177066 6.958274 6.225179 5.49206 4.758917 4.025749 0.8492855 0.5500085 0.5500086 0.5500085 0.5500086 0.5500086 0.5500086 0.5500085 0.5500086 0.5500085 0.5500086 0.5500085 0.5500086 0.5500085 0.5500086 0.5500085
0.94569 0.94569 0.9456899 0.94569 0.94569 0.94569 0.94569 0.94569 0.94569 0.94569 0.94569 0.94569 0.9456899 0.94569 0.94569 0.94569 0.94569 0.94569 0.9456899 0.94569 0.94569 0.94569 0.94569 0.94569 0.9456899 0.94569 0.94569 0.94569 0.94569 0.94569 0.9456899 0.94569 0.94569 0.94569 1.212864 4.332215 7.674094 9.43475 9.461808 9.461808 9.461808 9.461807 9.461808 9.461808 9.461808 2.491644 0.5500085 0.5500085 0.5500085 0.5500086 0.5500086 0.5500085 0.5500085 0.5500086 0.5500085 0.5500086 0.5500085 0.5500085 0.5500085 0.5500086 0.5500085
0.9456899 0.94569 0.9456899 0.94569 0.9456899 0.9456899 0.9456899 0.9456899 0.9456899 0.9456899 0.9456899 0.9456899 0.94569 0.9456899 0.9456899 0.94569 0.9456899 0.9456899 0.9456899 0.9456899 0.9456899 0.94569 0.9456899 0.9456899 0.9456899 0.94569 0.9456899 1.826387 3.13819 4.009571 4.923675 5.919308 6.916879 7.914407 9.030002 9.461807 9.461807 9.461807 9.461807 9.461807 9.461808 9.461807 9.461808 9.461807 9.461807 8.179267 1.03995 0.5500085 0.5500085 0.5500085 0.5500085 0.5500085 0.5500085 0.5500085 0.5500085 0.5500085 0.5500085 0.5500085 0.5500085 0.5500085 0.5500085
0.94569 0.94569 0.94569 0.94569 0.94569 0.94569 0.94569 0.94569 0.94569 0.94569 0.94569 0.94569 0.94569 0.94569 0.94569 0.94569 0.94569 0.94569 0.94569 0.94569 0.94569 0.94569 0.94569 0.94569 1.110118 3.683589 7.053451 9.384109 9.461808 9.461808 9.461808 9.461808 9.461808 9.461807 9.461808 9.461807 9.461808 9.461808 9.461808 9.461808 9.461808 9.461808 9.461808 9.461808 9.461808 9.461808 6.460425 0.558764 0.5500086 0.5500086 0.5500086 0.5500086 0.5500086 0.5500086 0.5500086 0.5500086 0.5500086 0.5500085 0.5500086 0.5500085 0.5500086
0.94569 0.94569 0.94569 0.94569 0.94569 0.94569 0.94569 0.94569 0.94569 0.94569 0.94569 0.94569 0.94569 0.94569 0.94569 0.94569 0.94569 0.94569 0.94569 0.94569 0.94569 0.94569 0.94569 1.911632 8.602206 9.461807 9.461807 9.461807 9.461807 9.461807 9.461807 9.461807 9.461807 9.461807 9.461807 9.461807 9.461807 9.461807 9.461807 9.461807 9.461807 9.461807 9.461807 9.461807 9.461807 9.461807 9.461807 4.197369 0.5500085 0.5500086 0.5500086 0.5500086 0.5500085 0.5500086 0.5500085 0.5500086 0.5500085 0.5500086 0.5500085 0.5500085 0.5500085
