Scenarios/Global_Grid/data/country_data_population_distribution/processed/density_grids/lby.asc
ncols 388
nrows 340
xllcorner 9
yllcorner 19
[rows 135 to 161 of 340, columns 61 to 121 of 388]
0.94569 0.94569 0.94569 0.94569 0.94569 0.94569 0.94569 0.94569 0.94569 0.94569 0.94569 0.94569 0.94569 0.94569 0.94569 0.94569 0.94569 0.94569 0.94569 0.94569 0.94569 0.94569 0.94569 0.94569 0.94569 0.94569 0.94569 0.94569 0.94569 0.94569 0.94569 0.94569 0.94569 0.94569 0.94569 0.94569 0.94569 0.94569 0.94569 0.94569 0.94569 0.94569 0.94569 0.94569 0.94569 0.94569 0.94569 0.94569 0.94569 0.94569 0.94569 0.94569 0.94569 0.94569 0.94569 0.94569 0.94569 0.94569 0.94569 0.94569 0.94569
0.9456899 0.94569 0.94569 0.94569 0.9456899 0.94569 0.94569 0.9456899 0.94569 0.9456899 0.94569 0.9456899 0.94569 0.9456899 0.94569 0.94569 0.94569 0.9456899 0.94569 0.9456899 0.94569 0.94569 0.94569 0.94569 0.94569 0.9456899 0.94569 0.9456899 0.94569 0.9456899 0.94569 0.9456899 0.94569 0.9456899 0.94569 0.9456899 0.94569 0.9456899 0.94569 0.9456899 0.94569 0.9456899 0.94569 0.9456899 0.94569 0.9456899 0.94569 0.94569 0.94569 0.94569 0.9456899 0.94569 0.9456899 0.94569 0.9456899 0.94569 0.9456899 0.94569 0.9456899 0.94569 0.94569
0.94569 0.9456899 0.9456901 0.9456899 0.94569 0.9456899 0.9456899 0.94569 0.94569 0.94569 0.94569 0.94569 0.9456899 0.94569 0.9456899 0.94569 0.9456899 0.94569 0.9456899 0.94569 0.9456899 0.94569 0.9456899 0.94569 0.94569 0.94569 0.94569 0.94569 0.94569 0.94569 0.9456899 0.94569 0.9456899 0.94569 0.94569 0.94569 0.9456899 0.94569 0.94569 0.94569 0.94569 0.94569 0.9456899 0.94569 0.94569 0.94569 0.9456899 0.94569 0.9456899 0.94569 0.94569 0.9456899 0.94569 0.94569 0.94569 0.94569 0.94569 0.9456899 0.94569 0.9456899 0.94569
0.9456899 0.94569 0.94569 0.94569 0.9456899 0.94569 0.94569 0.9456899 0.94569 0.9456899 0.94569 0.9456899 0.94569 0.9456899 0.94569 0.94569 0.94569 0.9456899 0.94569 0.9456899 0.94569 0.94569 0.94569 0.9456899 0.94569 0.9456899 0.94569 0.9456899 0.94569 0.9456899 0.94569 0.9456899 0.94569 0.9456899 0.94569 0.9456899 0.94569 0.9456899 0.94569 0.9456899 0.94569 0.9456899 0.94569 0.9456899 0.94569 0.94569 0.94569 0.94569 0.94569 0.94569 0.9456899 0.94569 0.9456899 0.94569 0.9456899 0.94569 0.9456899 0.94569 0.94569 0.94569 0.94569
0.94569 0.94569 0.94569 0.94569 0.94569 0.94569 0.94569 0.94569 0.94569 0.94569 0.94569 0.94569 0.94569 0.94569 0.94569 0.94569 0.94569 0.94569 0.94569 0.94569 0.94569 0.94569 0.94569 0.94569 0.94569 0.94569 0.94569 0.94569 0.94569 0.94569 0.94569 0.94569 0.94569 0.94569 0.94569 0.94569 0.94569 0.94569 0.94569 0.94569 0.94569 0.94569 0.94569 0.94569 0.94569 0.94569 0.94569 0.94569 0.94569 0.94569 0.94569 0.94569 0.94569 0.94569 0.94569 0.94569 0.94569 0.94569 0.94569 0.94569 0.94569
0.9456899 0.9456899 0.9456899 0.9456899 0.9456899 0.9456899 0.9456899 0.9456899 0.9456899 0.9456899 0.9456899 0.9456899 0.9456899 0.9456899 0.9456899 0.9456899 0.9456899 0.9456899 0.9456899 0.9456899 0.9456899 0.9456899 0.9456899 0.9456899 0.9456899 0.9456899 0.9456899 0.9456899 0.9456899 0.9456899 0.9456899 0.9456899 0.9456899 0.9456899 0.9456899 0.9456899 0.9456899 0.9456899 0.9456899 0.9456899 0.9456899 0.9456899 0.9456899 0.9476143 0.9456899 0.9456899 0.9456899 0.9456899 0.9456899 0.9456899 0.9456899 0.9456899 0.9456899 0.9456899 0.9456899 0.9456899 0.9456899 0.9456899 0.9456899 0.9456899 0.9456899
0.94569 0.94569 0.94569 0.94569 0.94569 0.94569 0.94569 0.94569 0.94569 0.94569 0.94569 0.94569 0.94569 0.94569 0.94569 0.94569 0.94569 0.94569 0.94569 0.94569 0.94569 0.94569 0.94569 0.94569 0.94569 0.94569 0.94569 0.94569 0.94569 0.94569 0.94569 0.94569 0.94569 0.94569 0.94569 0.94569 0.94569 0.94569 0.94569 1.070828 1.510228 1.964368 2.418468 2.802495 2.631769 2.335563 2.03934 1.695632 1.169582 0.94569 0.94569 0.94569 0.94569 0.94569 0.94569 0.94569 0.94569 0.94569 0.94569 0.94569 0.94569
0.94569 0.94569 0.94569 0.94569 0.94569 0.94569 0.94569 0.94569 0.94569 0.94569 0.94569 0.94569 0.94569 0.94569 0.94569 0.94569 0.94569 0.94569 0.94569 0.94569 0.94569 0.94569 0.94569 0.94569 0.94569 0.94569 0.94569 0.94569 0.94569 0.94569 0.94569 0.94569 0.94569 0.94569 0.94569 0.94569 0.94569 1.06213 2.010929 2.835859 2.879815 2.879815 2.879815 2.879815 2.879815 2.879815 2.879815 2.879815 2.877329 2.55418 2.007164 1.460091 0.9986985 0.94569 0.94569 0.94569 0.94569 0.94569 0.94569 0.94569 0.94569
0.9456899 0.9456899 0.9456899 0.9456899 0.9456899 0.9456899 0.9456899 0.9456899 0.94569 0.9456899 0.9456899 0.9456899 0.9456899 0.9456899 0.9456899 0.94569 0.9456899 0.9456899 0.94569 0.9456899 0.9456899 0.9456899 0.9456899 0.9456899 0.9456899 0.9456899 0.9456899 0.9456899 0.94569 0.9456899 0.9456899 0.9456899 0.9456899 0.9456899 0.94569 0.9670941 1.720187 2.716145 2.879815 2.879815 2.879815 2.879815 2.879815 2.879815 2.879815 2.879815 2.879815 2.879815 2.879815 2.879815 2.879815 2.879815 2.794108 2.300112 1.860538 1.531337 1.202121 0.9584923 0.9456899 0.9456899 0.9456899
0.94569 0.94569 0.94569 0.94569 0.94569 0.94569 0.94569 0.94569 0.94569 0.94569 0.94569 0.94569 0.94569 0.94569 0.94569 0.94569 0.9456899 0.94569 0.94569 0.94569 0.9456901 0.94569 0.94569 0.94569 0.94569 0.94569 0.94569 0.94569 0.94569 0.94569 0.94569 0.94569 0.94569 0.94569 1.431794 2.520449 2.879815 2.879815 2.879815 2.879815 2.879815 2.879815 2.879815 2.879815 2.879815 2.879815 2.879815 2.879815 2.879815 2.879815 2.879815 2.879815 2.879815 2.879815 2.879815 2.879815 2.879815 2.794238 2.4779 2.148743 1.819566
0.94569 0.94569 0.94569 0.94569 0.94569 0.94569 0.94569 0.94569 0.94569 0.94569 0.94569 0.94569 0.94569 0.94569 0.94569 0.94569 0.94569 0.94569 0.94569 0.94569 0.94569 0.94569 0.94569 0.94569 0.94569 0.94569 0.94569 0.94569 0.94569 0.94569 0.94569 0.94569 1.086733 2.213125 2.877451 2.879815 2.879815 2.879815 2.879815 2.879815 2.879815 2.879815 2.879815 2.879815 2.879815 2.879815 2.879815 2.879815 2.879815 2.879815 2.879815 2.879815 2.879815 2.879815 2.879815 2.879815 2.879815 2.879815 2.879815 2.879815 2.879815
0.94569 0.94569 0.94569 0.94569 0.94569 0.94569 0.94569 0.94569 0.94569 0.94569 0.94569 0.94569 0.94569 0.9456899 0.94569 0.94569 0.94569 0.9456899 0.94569 0.94569 0.94569 0.94569 0.94569 0.94569 0.94569 0.9456899 0.94569 0.94569 0.94569 0.94569 0.94569 1.48497 2.682085 2.879815 2.879815 2.879815 2.879815 2.879815 2.879815 2.879815 2.879815 2.879815 2.879815 2.879815 2.879815 2.879815 2.879815 2.879815 2.879815 2.879815 2.879815 2.879815 2.879815 2.879815 2.879815 2.879815 2.879815 2.879815 2.879815 2.879815 2.879815
0.9456899 0.94569 0.9456899 0.9456899 0.9456899 0.9456899 0.9456899 0.9456899 0.94569 0.9456899 0.9456899 0.9456899 0.9456899 0.9456899 0.9456899 0.94569 0.9456899 0.9456899 0.9456899 0.9456899 0.94569 0.9456899 0.9456899 0.9456899 0.94569 0.9456899 0.9456899 0.9456899 0.94569 1.020163 2.066179 2.872436 2.879815 2.879815 2.879815 2.879815 2.879815 2.879815 2.879815 2.879815 2.879815 2.879815 2.879815 2.879815 2.879815 2.879815 2.879815 2.879815 2.879815 2.879815 2.879815 2.879815 2.879815 2.879815 2.879815 2.879815 2.879815 2.879815 2.879815 2.879815 2.879815
0.9456899 0.9456899 0.94569 0.9456899 0.9456899 0.9456899 0.94569 0.9456899 0.94569 0.9456899 0.9456899 0.9456899 0.94569 0.9456899 0.9456899 0.9456899 0.9456899 0.9456899 0.94569 0.9456899 0.9456899 0.9456899 0.94569 0.9456899 0.94569 0.9456899 0.9456899 0.9456899 1.345764 2.580258 2.879815 2.879815 2.879815 2.879815 2.879815 2.879815 2.879815 2.879815 2.879815 2.879815 2.879815 2.879815 2.879815 2.879815 2.879815 2.879815 2.879815 2.879815 2.879815 2.879815 2.879815 2.879815 2.879815 2.879815 2.879815 2.879815 2.879815 2.879815 2.879815 2.879815 2.879815
0.9456899 0.94569 0.94569 0.9456899 0.9456899 0.9456899 0.9456899 0.9456899 0.9456899 0.9456899 0.94569 0.9456899 0.9456899 0.9456899 0.94569 0.94569 0.94569 0.9456899 0.9456899 0.9456899 0.94569 0.94569 0.9456899 0.9456899 0.9456899 0.9456899 0.9767895 1.904721 2.845136 2.879815 2.879815 2.879815 2.879815 2.879815 2.879815 2.879815 2.879815 2.879815 2.879815 2.879815 2.879815 2.879815 2.879815 2.879815 2.879815 2.879815 2.879815 2.879815 2.879815 2.879815 2.879815 2.879815 2.879815 2.879815 2.879815 2.879815 2.879815 2.879815 2.879815 2.879815 2.879815
0.9456899 0.94569 0.9456899 0.94569 0.9456899 0.94569 0.94569 0.9456899 0.94569 0.94569 0.94569 0.94569 0.94569 0.9456899 0.94569 0.9456899 0.94569 0.9456899 0.94569 0.9456899 0.94569 0.94569 0.94569 0.9456899 0.94569 1.236151 2.467262 2.879815 2.879815 2.879815 2.879815 2.879815 2.879815 2.879815 2.879815 2.879815 2.879815 2.879815 2.879815 2.879815 2.879815 2.879815 2.879815 2.879815 2.879815 2.879815 2.879815 2.879815 2.879815 2.879815 2.879815 2.879815 2.879815 2.879815 2.879815 2.879815 2.879815 2.879815 2.879815 2.879815 2.879815
0.9456899 0.9456899 0.9456899 0.9456899 0.9456899 0.9456899 0.9456899 0.94569 0.9456899 0.94569 0.9456899 0.94569 0.9456899 0.9456899 0.9456899 0.9456899 0.9456899 0.9456899 0.9456899 0.9456899 0.9456899 0.9456899 0.9456899 0.952548 1.751577 2.801558 2.879815 2.879815 2.879815 2.879815 2.879815 2.879815 2.879815 2.879815 2.879815 2.879815 2.879815 2.879815 2.879815 2.879815 2.879815 2.879815 2.879815 2.879815 2.879815 2.879815 2.879815 2.879815 2.879815 2.879815 2.879815 2.879815 2.879815 2.879815 2.879815 2.879815 2.879815 2.879815 2.879815 2.879815 2.879815
0.9456899 0.94569 0.94569 0.94569 0.9456899 0.94569 0.94569 0.9456899 0.94569 0.9456899 0.94569 0.9456899 0.94569 0.9456899 0.94569 0.94569 0.94569 0.9456899 0.94569 0.94569 0.94569 0.94569 1.14408 2.338367 2.879815 2.879815 2.879815 2.879815 2.879815 2.879815 2.879815 2.879815 2.879815 2.879815 2.879815 2.879815 2.879815 2.879815 2.879815 2.879815 2.879815 2.879815 2.879815 2.879815 2.879815 2.879815 2.879815 2.879815 2.879815 2.879815 2.879815 2.879815 2.879815 2.879815 2.879815 2.879815 2.879815 2.879815 2.879815 2.879815 2.879815
0.9456899 0.9456899 0.9456899 0.9456899 0.9456899 0.9456899 0.9456899 0.9456899 0.9456899 0.94569 0.9456899 0.9456899 0.9456899 0.9456899 0.9456899 0.9456899 0.9456899 0.9456899 0.9456899 0.9456899 0.9573162 1.7193 2.752785 2.879815 2.879815 2.879815 2.879815 2.879815 2.879815 2.879815 2.879815 2.879815 2.879815 2.879815 2.879815 2.879815 2.879815 2.879815 2.879815 2.879815 2.879815 2.879815 2.879815 2.879815 2.879815 2.879815 2.879815 2.879815 2.879815 2.879815 2.879815 2.879815 2.879815 2.879815 2.879815 2.879815 2.879815 2.879815 2.879815 2.879815 2.879815
0.94569 0.94569 0.94569 0.94569 0.94569 0.94569 0.94569 0.94569 0.94569 0.94569 0.94569 0.94569 0.94569 0.94569 0.94569 0.94569 0.94569 0.94569 0.94569 1.273039 2.43035 2.879815 2.879815 2.879815 2.879815 2.879815 2.879815 2.879815 2.879815 2.879815 2.879815 2.879815 2.879815 2.879815 2.879815 2.879815 2.879815 2.879815 2.879815 2.879815 2.879815 2.879815 2.879815 2.879815 2.879815 2.879815 2.879815 2.879815 2.879815 2.879815 2.879815 2.879815 2.879815 2.879815 2.879815 2.879815 2.879815 2.879815 2.879815 2.879815 2.879815
0.94569 0.9456899 0.9456899 0.9456899 0.94569 0.9456899 0.94569 0.94569 0.9456899 0.94569 0.9456899 0.94569 0.9456899 0.94569 0.9456899 0.9456899 0.9456899 1.012328 1.953265 2.837317 2.879815 2.879815 2.879815 2.879815 2.879815 2.879815 2.879815 2.879815 2.879815 2.879815 2.879815 2.879815 2.879815 2.879815 2.879815 2.879815 2.879815 2.879815 2.879815 2.879815 2.879815 2.879815 2.879815 2.879815 2.879815 2.879815 2.879815 2.879815 2.879815 2.879815 2.879815 2.879815 2.879815 2.879815 2.879815 2.879815 2.879815 2.879815 2.879815 2.879815 2.879815
0.9456899 0.94569 0.94569 0.94569 0.9456899 0.94569 0.94569 0.9456899 0.94569 0.9456899 0.94569 0.9456899 0.94569 0.9456899 0.94569 0.9456899 1.467633 2.609292 2.879815 2.879815 2.879815 2.879815 2.879815 2.879815 2.879815 2.879815 2.879815 2.879815 2.879815 2.879815 2.879815 2.879815 2.879815 2.879815 2.879815 2.879815 2.879815 2.879815 2.879815 2.879815 2.879815 2.879815 2.879815 2.879815 2.879815 2.879815 2.879815 2.879815 2.879815 2.879815 2.879815 2.879815 2.879815 2.879815 2.879815 2.879815 2.879815 2.879815 2.879815 2.879815 2.879815
0.94569 0.94569 0.94569 0.94569 0.94569 0.94569 0.94569 0.94569 0.94569 0.94569 0.94569 0.94569 0.94569 0.94569 1.11144 2.187077 2.876695 2.879815 2.879815 2.879815 2.879815 2.879815 2.879815 2.879815 2.879815 2.879815 2.879815 2.879815 2.879815 2.879815 2.879815 2.879815 2.879815 2.879815 2.879815 2.879815 2.879815 2.879815 2.879815 2.879815 2.879815 2.879815 2.879815 2.879815 2.879815 2.879815 2.879815 2.879815 2.879815 2.879815 2.879815 2.879815 2.879815 2.879815 2.879815 2.879815 2.879815 2.879815 2.879815 2.879815 2.879815
0.94569 0.94569 0.9456901 0.94569 0.94569 0.9456899 0.94569 0.9456899 0.94569 0.94569 0.94569 0.94569 0.9535395 1.691554 2.741124 2.879815 2.879815 2.879815 2.879815 2.879815 2.879815 2.879815 2.879815 2.879815 2.879815 2.879815 2.879815 2.879815 2.879815 2.879815 2.879815 2.879815 2.879815 2.879815 2.879815 2.879815 2.879815 2.879815 2.879815 2.879815 2.879815 2.879815 2.879815 2.879815 2.879815 2.879815 2.879815 2.879815 2.879815 2.879815 2.879815 2.879815 2.879815 2.879815 2.879815 2.879815 2.879815 2.879815 2.879815 2.879815 2.879816
0.9456899 0.9456899 0.9456899 0.9456899 0.9456899 0.9456899 0.9456899 0.9456899 0.94569 0.9456899 0.9456899 1.247811 2.402466 2.879815 2.879815 2.879815 2.879815 2.879815 2.879815 2.879815 2.879815 2.879815 2.879815 2.879815 2.879815 2.879815 2.879815 2.879815 2.879815 2.879815 2.879815 2.879815 2.879815 2.879815 2.879815 2.879815 2.879815 2.879815 2.879815 2.879815 2.879815 2.879815 2.879815 2.879815 2.879815 2.879815 2.879815 2.879815 2.879815 2.879815 2.879815 2.879815 2.879815 2.879815 2.879815 2.879815 2.879815 2.879815 2.879815 2.879815 2.879815
0.94569 0.94569 0.94569 0.94569 0.94569 0.94569 0.94569 0.94569 0.94569 0.9991127 1.913765 2.826963 2.879815 2.879815 2.879815 2.879815 2.879815 2.879815 2.879815 2.879815 2.879815 2.879815 2.879815 2.879815 2.879815 2.879815 2.879815 2.879815 2.879815 2.879815 2.879815 2.879815 2.879815 2.879815 2.879815 2.879815 2.879815 2.879815 2.879815 2.879815 2.879815 2.879815 2.879815 2.879815 2.879815 2.879815 2.879815 2.879815 2.879815 2.879815 2.879815 2.879815 2.879815 2.879815 2.879815 2.879815 2.879815 2.879815 2.879815 2.879815 2.879815
0.9456899 0.9456899 0.9456899 0.9456899 0.9456899 0.9456899 0.9456899 0.9456899 1.44741 2.57909 2.879815 2.879815 2.879815 2.879815 2.879815 2.879815 2.879815 2.879815 2.879815 2.879815 2.879815 2.879815 2.879815 2.879815 2.879815 2.879815 2.879815 2.879815 2.879815 2.879815 2.879815 2.879815 2.879815 2.879815 2.879815 2.879815 2.879815 2.879815 2.879815 2.879815 2.879815 2.879815 2.879815 2.879815 2.879815 2.879815 2.879815 2.879815 2.879815 2.879815 2.879815 2.879815 2.879815 2.879815 2.879815 2.879815 2.879815 2.879815 2.879815 2.879815 2.879815
