Scenarios/Global_Grid/data/country_data_population_distribution/processed/density_grids/lva.asc
ncols 198
nrows 74
xllcorner 20
yllcorner 55
[rows 0 to 33 of 74, columns 75 to 149 of 198]
0 0 0 0 0 0 0 0 0 0 0 0 0 0 0 0 0 0 0 0 0 0 0 0 0 0 0 0 0 0 0 0 0 0 0 0 0 0 0 0 0 0 0 0 0 0 0 0 0 0 0 11.1004 16.72767 17.02637 0 0 14.60772 0 0 0 0 0 0 0 0 0 0 0 0 0 0 0 0 0 0
0 0 0 0 0 0 0 0 0 0 0 0 0 0 0 0 0 0 0 0 0 0 0 0 0 0 0 0 0 0 0 0 0 0 0 0 0 0 0 0 0 0 0 0 0 0 0 0 0 6.325306 10.63578 14.03542 19.12663 19.12663 0 0 15.39997 17.70145 13.54923 0 0 0 0 0 0 0 0 0 0 0 0 0 0 0 0
0 0 0 0 0 0 0 0 0 0 0 0 0 0 0 0 0 0 0 0 0 0 0 0 0 0 0 0 0 0 0 0 0 0 0 0 0 0 0 0 0 0 0 7.071478 6.849279 0 8.930519 10.70551 10.72973 10.72973 10.72973 12.42957 17.33322 19.12663 19.12663 17.06263 13.74786 14.5895 15.78444 11.2306 5.872863 0 0 0 0 0 0 0 0 0 0 0 0 0 0
0 0 0 0 0 0 0 0 0 0 0 0 0 0 0 0 0 0 0 0 0 0 0 0 0 0 0 0 0 0 0 0 0 0 0 0 0 9.83866 14.55868 10.32261 9.273478 10.23774 10.97525 10.97651 10.97651 10.79436 10.72973 10.72973 10.72973 10.72973 10.72973 10.72973 16.12558 19.09109 19.12663 14.3307 9.030675 9.030675 9.030675 9.030675 9.030675 9.030675 9.027242 6.133945 0 0 0 0 0 0 0 0 0 0 0
0 0 0 0 0 0 0 0 0 0 0 0 0 0 0 0 0 0 0 0 0 0 0 0 0 0 0 0 0 0 0 0 0 0 0 0 16.6151 16.63289 16.63289 13.62119 10.97651 10.97651 10.97651 10.97651 10.97651 10.93169 10.75847 10.72973 10.72973 10.72973 10.72973 10.72973 10.72973 11.92017 18.3625 18.49385 16.32055 14.72271 9.933084 9.030675 9.037904 9.127701 9.572211 9.392614 8.93374 8.485551 12.44082 11.42254 0 0 0 0 0 0 0
0 0 0 0 0 0 0 0 0 0 0 0 0 0 0 0 0 0 0 0 0 0 0 0 0 0 0 0 0 0 0 0 0 16.63289 16.24428 16.45394 16.63289 16.63289 16.63289 15.119 11.00004 10.97651 10.97651 10.97651 10.97651 10.97651 10.83848 10.72973 10.72973 10.72973 10.72973 10.83597 11.08628 10.72973 12.18202 18.59229 19.12663 19.12663 18.33678 10.19497 9.997839 12.06721 13.05439 12.84741 11.52685 12.37054 13.05439 13.05439 13.01409 10.31875 0 0 0 0 0
0 0 0 0 0 0 0 0 0 0 0 0 0 0 0 0 0 0 0 0 0 0 0 0 0 0 0 0 0 0 0 0 16.63289 16.63289 16.63289 16.63289 16.63289 16.63289 16.63289 16.63289 12.87835 10.97651 10.97651 10.97651 10.97651 10.97651 10.95567 10.89449 10.8282 11.20543 11.52216 11.33597 11.98607 11.81489 11.27704 16.90718 19.12663 19.12663 19.12663 16.29967 10.37726 9.430968 11.82783 13.05439 13.05439 13.05439 13.05439 13.05439 13.05439 13.05439 13.05439 13.05439 13.05439 23.20556 0
0 0 0 0 0 0 0 0 0 0 0 0 0 0 0 0 0 0 0 0 0 0 0 0 0 0 0 0 0 0 0 0 0 16.63289 16.63289 16.63289 16.63289 16.63289 16.63289 16.63289 16.00848 12.26982 10.97651 10.97651 10.97651 10.97651 10.97651 10.97651 10.97651 11.07897 11.46609 12.16479 12.16479 12.16479 12.16479 12.71627 13.64822 12.81413 13.12619 12.87635 11.98247 11.78768 12.078 12.56555 12.94511 13.05439 13.05439 13.05439 13.05439 13.05439 13.05439 13.05439 13.05439 111.5857 0
0 0 0 0 0 0 0 0 0 0 0 0 0 0 0 0 0 0 0 0 0 0 0 0 0 0 0 0 0 0 0 0 0 16.63289 16.63289 16.63289 16.63289 16.63289 16.64393 16.92076 18.44527 18.40491 16.36491 14.29442 13.90282 11.49318 10.97651 10.97651 10.97651 10.97651 11.09367 12.04448 12.16479 12.16479 12.16479 12.16479 12.16479 12.16479 12.16479 12.16479 12.16479 12.16479 12.16479 12.16479 12.10898 12.23129 12.42124 12.2844 12.08365 12.92282 13.05439 13.05439 13.05439 13.05439 13.05439
0 0 0 0 0 0 0 0 0 0 0 0 0 0 0 0 0 0 0 0 0 0 0 0 0 0 0 0 0 0 0 0 0 16.63289 16.63289 16.63335 16.69088 16.75532 17.34446 18.3884 18.46478 18.46597 18.46597 18.46597 18.46597 13.04745 10.97651 10.97651 10.97651 10.97651 11.11667 12.07211 12.1714 12.42678 12.16479 12.16479 12.16479 12.16479 12.16479 12.16479 12.16479 12.16479 12.16479 12.09229 11.74116 11.72145 11.72144 11.72145 11.74058 12.13936 12.57499 12.79811 12.97088 13.05439 13.05439
0 0 0 0 0 0 0 0 0 0 0 0 0 0 0 0 0 0 0 0 0 0 0 0 0 0 0 0 0 0 0 0 0 16.63289 16.63289 18.01726 18.46597 18.41721 18.31392 18.46537 18.46597 18.46597 18.46597 18.46597 18.46597 17.53878 15.15566 10.97744 11.79414 11.79155 12.20794 13.8665 14.24503 14.43415 13.25601 12.21413 12.16479 12.16479 12.16479 12.16479 12.16479 11.96958 11.76643 11.74993 11.72145 11.72144 11.72145 11.72144 11.72145 11.72144 11.72145 11.72165 12.48689 13.05439 13.05439
0 0 0 0 0 0 0 0 0 0 0 0 0 0 0 0 0 0 0 0 0 0 0 0 0 0 0 0 0 0 0 0 0 16.63289 16.63289 17.82614 18.46597 18.46597 18.46597 18.46597 18.46597 18.46597 18.46597 18.46597 18.46597 18.46597 16.62352 13.60353 14.53691 14.58326 14.55317 14.5859 14.5859 14.5859 14.5859 13.86761 12.52536 12.16479 12.16479 12.16479 12.16479 12.16541 12.35069 12.77673 13.18331 13.35321 12.29394 11.72322 11.72144 11.80374 12.02244 12.76153 13.04227 13.05439 13.05439
0 0 0 0 0 0 0 0 0 0 0 0 0 0 0 0 0 0 0 0 0 0 0 0 0 0 0 0 0 0 0 0 0 16.63289 16.63289 17.13925 17.63951 18.43634 18.46597 18.46597 18.46597 18.46597 18.46597 18.46597 18.46597 18.46597 17.64602 16.40023 17.0348 15.94682 14.58619 14.5859 14.5859 14.5859 14.5859 14.5859 14.5774 13.64307 244.8871 346.792 14.66456 13.27456 13.59316 13.59316 13.59316 13.59316 13.32695 12.6096 11.80272 11.72144 12.0782 13.05439 13.44678 13.94683 14.12726
0 0 0 0 0 0 0 0 0 0 0 0 0 0 0 0 0 0 0 0 0 0 0 0 0 0 0 0 0 0 0 0 0 16.63289 16.63289 16.63289 16.63396 16.78387 18.29799 18.46597 18.46597 18.46597 18.46597 18.46597 18.46597 18.46597 18.46597 18.46597 18.46597 18.46516 16.00774 14.74546 14.5859 14.5859 14.5859 14.5859 14.5859 14.67803 893.6776 963.1908 83.12298 13.59316 13.59316 13.59316 13.59316 13.59316 13.53798 12.75684 12.5709 11.76647 12.08817 13.52778 16.63694 16.70152 16.70152
0 0 0 0 0 0 0 0 0 0 0 0 0 0 0 0 0 0 0 0 0 0 0 0 0 0 0 0 0 0 0 0 0 0 16.63289 16.63289 16.63289 16.63289 17.42503 18.45496 18.46597 18.46597 18.46597 18.46597 18.46597 18.46597 18.46597 18.46597 17.96348 15.0349 12.27746 11.5581 13.65018 14.5859 14.5859 14.5859 14.5859 14.5859 13.90758 13.59316 13.59316 13.59316 13.63389 17.27501 17.80981 15.45731 16.16095 16.31595 15.69344 15.68284 15.06156 14.82543 16.70152 16.70152 16.70152
0 0 0 0 0 0 0 0 0 0 0 0 0 0 0 0 0 0 0 0 0 0 0 0 0 0 0 0 0 0 0 0 0 0 16.63289 16.63289 16.65163 17.54037 18.08351 18.46597 18.46597 18.46597 18.46597 18.26189 17.2764 18.35711 16.35725 13.8963 11.3005 10.79265 10.79264 10.79265 11.40236 13.7811 14.39367 14.5859 14.5859 14.5859 21.47955 27.45828 28.55295 26.33168 29.97561 35.28547 27.85716 16.40604 16.70152 16.70152 16.70152 16.70152 16.70152 16.70152 16.70152 16.70152 16.70152
22.92172 21.43902 21.28624 0 0 0 0 0 0 0 0 0 0 0 0 0 0 0 0 0 0 0 0 0 0 0 0 0 0 0 0 0 0 0 17.70836 17.91516 18.21739 18.46597 18.46597 18.46597 18.46597 18.46937 18.49369 18.45997 17.53836 13.18745 10.79264 10.79265 10.79265 10.79265 10.79265 10.79265 10.79265 10.91397 10.92983 11.93854 11.96885 13.21767 28.49644 35.28547 35.28548 34.95136 32.05252 29.21377 15.50423 15.17261 16.70079 16.70152 16.70152 16.70152 16.70152 16.70152 16.70152 16.70152 16.70152
21.5335 21.33112 21.28624 21.28624 21.28624 0 0 0 0 0 0 0 0 0 0 0 0 0 0 0 0 0 0 0 0 0 0 0 0 0 0 0 0 0 46.34944 18.57454 18.46597 18.46597 18.46597 18.46597 18.46597 18.46878 18.54244 18.54618 18.54617 17.57829 11.71064 10.79265 10.79265 10.79265 10.79265 10.79265 10.79265 10.79265 21.7723 28.63001 27.31965 28.98507 35.28547 35.28547 35.28547 26.09643 14.80815 14.58342 14.58342 14.58342 15.99877 16.70152 16.70152 16.70152 16.70152 16.70152 16.70152 16.70152 16.70152
21.36296 21.36646 21.31597 21.48951 22.21804 0 0 0 0 0 0 0 0 0 0 0 0 0 0 0 0 0 0 0 0 0 0 0 0 0 0 0 0 0 150.2987 54.3344 16.7009 15.16729 15.2769 18.41301 18.47964 18.52947 18.54617 18.54617 18.54617 18.54617 16.1354 10.9227 10.79265 10.79265 10.79265 10.79265 10.79264 10.79265 75.57677 97.25002 74.34505 60.55709 61.78106 40.61249 35.28547 35.28547 23.18041 14.9396 14.58342 14.58342 15.40301 16.63693 16.70152 16.70152 16.70152 16.70152 16.70152 16.69103 16.70152
21.84571 21.84888 21.7013 21.83092 22.52798 22.52798 0 0 0 0 0 0 0 0 0 0 0 0 0 0 0 0 0 0 0 0 0 0 0 0 0 0 0 0 150.2987 146.9828 55.84296 12.23541 12.24027 13.93588 17.66404 18.48571 18.54617 18.54617 18.54617 18.54617 18.54617 15.55957 10.797 11.20531 12.7664 10.50474 10.4351 10.40705 10.22107 13.28361 91.62289 122.6323 122.6323 120.3843 80.9985 35.28548 35.2853 19.84419 12.0971 11.83137 13.16853 14.88293 14.9592 15.15997 14.85642 14.85126 14.71096 14.94751 15.55927
21.84888 21.84888 24.06935 30.17835 23.02077 22.52798 0 0 0 0 0 0 0 0 0 0 0 0 0 0 0 0 0 0 0 0 0 0 0 0 0 0 0 150.2987 145.2009 85.57437 37.57827 12.23541 12.23541 12.23541 14.14207 17.84991 18.54061 18.54617 18.54617 18.54617 23.95044 28.88454 24.59311 25.52177 25.39071 22.65586 17.90733 10.22018 10.22018 10.22018 21.73193 79.19347 122.6323 122.6323 112.131 53.07365 37.96381 10.3628 10.3628 10.3628 10.64527 14.45662 14.34111 14.58342 14.58342 14.58342 14.53007 14.21968 14.35528
25.72748 28.5365 30.53668 29.88547 23.34562 22.52798 22.52798 0 0 0 0 0 0 0 0 0 0 0 0 0 0 0 0 0 0 0 0 0 0 0 0 91.90221 91.90221 111.4696 56.73066 37.2302 18.52276 12.23541 12.23541 12.36317 16.09618 18.12498 18.54617 18.54617 21.47981 35.42822 50.22828 59.14278 37.6773 25.63345 25.63345 25.63345 23.45087 10.79 10.22018 10.22018 10.22018 21.43006 53.21545 101.3662 118.3558 122.6323 73.04752 10.3628 10.3628 10.3628 10.3628 11.26474 11.69601 12.68559 13.21716 12.80334 11.97215 11.64443 11.64442
30.68489 30.6849 30.51067 27.53169 22.77205 22.52798 22.52798 0 0 0 0 0 0 0 0 0 0 0 0 0 0 0 0 0 0 0 0 0 0 0 91.90221 91.90221 91.58707 74.5144 70.03229 70.03229 52.01052 12.23541 24.29052 29.72925 21.30183 27.06579 49.00882 49.1328 49.13349 59.72934 59.72934 59.72934 44.59076 27.58291 27.05824 25.96118 23.90625 14.76168 10.22018 10.22018 10.22018 10.22018 10.22018 13.99056 21.55245 22.19079 22.55721 10.3628 10.3628 10.3628 10.3628 10.66417 11.46244 11.63947 11.64443 11.64442 11.64443 11.64442 11.64443
30.6849 30.6849 30.68489 30.6849 30.62633 28.50427 23.09735 22.52798 0 0 0 0 0 0 0 0 0 0 0 0 0 0 0 0 0 0 0 923.1577 91.90221 91.90221 91.9022 84.0829 74.72724 70.03229 70.0323 70.03229 68.81982 62.84613 83.09159 85.10413 85.09535 85.10413 84.98977 69.22732 59.72934 58.8451 50.83907 59.72934 59.72934 59.72933 59.51384 43.26365 14.70377 10.22018 10.22018 10.22018 10.22018 10.22018 10.22018 10.22018 10.22018 10.22049 10.22708 10.32708 10.3628 10.3628 10.3628 10.3628 10.36402 10.52492 11.22001 12.74924 12.23029 11.64442 12.20223
30.6849 30.68489 30.68489 30.68489 30.6849 30.6849 27.36569 22.52798 22.52798 22.52798 22.52798 0 0 0 0 0 0 0 0 0 0 0 0 0 0 3005.913 3005.913 2945.028 1357.298 543.7371 66.77868 69.9752 70.0323 65.29357 62.01363 58.81081 55.10149 47.17805 46.69419 56.62883 62.66205 73.43921 67.48062 59.91709 59.72934 59.72934 35.25936 23.72015 29.87204 52.26417 59.63566 51.43115 17.36792 10.22018 10.22018 10.22018 10.22018 10.22018 10.22018 10.22018 10.22018 10.22018 10.24015 10.32044 10.3628 10.3628 10.3628 10.3628 10.3628 10.3628 11.70677 14.73718 14.73107 14.4845 14.67726
30.6849 30.6849 30.6849 30.68489 30.59999 27.02351 23.05192 22.52798 22.52798 22.52798 22.52798 22.52798 22.52798 22.52798 0 0 0 0 0 0 0 0 807.4626 2609.607 3005.913 3005.913 3005.913 3005.913 3005.913 2087.08 767.9606 645.8438 55.76301 54.26393 54.20687 52.96617 52.10537 37.63777 23.57961 23.57961 28.4488 52.67046 59.72934 59.72856 59.72934 59.30508 33.61405 19.82129 19.82129 19.82558 32.82068 48.67884 23.87309 10.22018 10.22018 10.22018 10.22018 10.22018 10.22018 10.22417 10.27133 10.31363 10.35768 10.3628 10.3628 10.3628 10.36265 10.3628 10.3628 10.3628 12.76366 14.65456 14.73718 14.73718 14.73718
30.68489 30.68489 30.68489 30.68489 30.21013 25.14506 22.52798 22.52798 22.52798 22.52798 22.52798 22.52798 91.62041 307.2414 747.9356 807.4626 807.4625 807.4625 807.4625 598.3217 677.825 725.1883 641.5393 619.6012 1099.548 2802.468 3005.913 3005.913 3005.913 3005.913 3005.913 2823.263 897.5567 67.1111 29.97214 23.71709 23.57961 23.57961 23.57961 23.57961 23.57961 23.7393 26.91702 26.51487 34.3163 29.90206 19.82129 19.82129 19.82129 19.82129 19.82129 19.82129 13.58586 10.22018 10.22018 12.43146 25.48198 20.90527 10.22018 15.40167 33.73205 16.84584 10.32968 10.32203 10.34259 10.33252 10.30142 10.32718 10.32326 10.35673 10.93934 14.23165 14.73718 14.73718 14.73718
30.68489 30.68489 30.68489 30.68489 27.55868 25.4354 24.56038 23.37393 22.8862 22.52798 23.23026 24.49334 271.0959 575.8446 620.3304 612.9674 463.0267 515.0555 450.0087 288.9402 94.99221 55.88684 49.457 230.4773 1822.797 2262.125 3002.18 3005.913 3005.913 3005.913 2391.023 452.9852 212.0881 200.4242 109.7616 86.45427 23.96007 23.57961 23.57961 23.57961 23.57961 23.57961 23.57961 25.24432 30.33761 27.1541 25.78105 32.46394 30.11831 32.72814 31.99112 34.61058 34.02787 28.02526 23.67121 38.02124 42.61293 41.80679 25.51081 38.29969 42.61293 32.35443 10.29728 10.29728 10.29728 10.29728 10.29728 10.29728 10.29728 10.29728 10.90979 13.6238 14.73718 14.73718 14.73718
30.68489 30.68489 30.68489 30.68489 30.68489 30.6849 30.68489 30.68489 30.65123 30.09088 30.6728 30.68489 28.81546 36.52751 37.80513 40.98309 43.38823 48.75223 48.75223 48.75223 48.75223 99.31773 146.8484 173.5749 173.5749 173.5749 963.8161 2131.933 987.7048 1589.846 2222.757 295.1291 246.8203 238.3579 246.9642 213.6543 126.8436 82.96641 57.04462 42.55558 45.84933 50.77587 46.7128 42.03075 42.61293 42.61293 42.61293 42.61293 42.61293 42.61293 42.61293 42.61293 42.61293 42.61293 42.61292 42.61293 42.61293 42.61293 42.61292 42.61293 42.61292 29.01844 10.39528 10.29728 10.29728 10.29728 10.56077 12.40987 13.33406 13.88584 14.02786 14.45139 14.73718 14.73718 14.73718
30.6849 30.68489 30.6849 30.68489 30.6849 30.6849 30.6849 30.68489 30.6849 30.6849 30.68489 30.6849 26.70804 23.21309 23.2131 23.21309 23.23919 28.82042 46.32353 48.75223 48.75223 110.0299 149.6479 131.2651 121.2012 126.7792 81.06833 79.6479 88.23398 103.7887 289.0204 1345.318 473.3224 241.7973 246.9642 198.866 79.20174 79.76935 76.99263 76.99263 76.06408 64.44808 63.16985 45.37579 39.97636 41.4037 42.25888 42.61293 42.61293 42.61293 42.61293 42.61293 42.61293 42.61293 42.61293 42.61293 42.61293 42.61293 42.61293 42.61293 37.3583 14.48995 10.65113 10.29728 10.29728 10.29728 11.34688 14.44477 14.73718 14.73718 14.73718 14.73718 14.73718 14.73718 14.73718
28.72147 26.08566 28.92465 30.68489 30.68489 30.68489 30.68489 30.68489 30.68489 30.59688 30.58751 30.59776 29.33155 24.43211 23.21309 23.21309 23.21309 23.21309 27.58884 49.39275 61.40387 64.89043 71.57572 71.57572 71.57572 71.57572 71.57572 72.04867 85.46016 88.63232 88.63233 87.87315 88.63232 88.14723 88.62688 88.63232 87.23463 71.49841 39.13024 44.94496 47.20311 42.61293 42.61293 38.30213 25.09532 16.01412 21.49326 46.01712 46.63496 44.20646 42.75711 42.61293 42.61293 42.61293 42.61293 42.61293 42.61293 42.61293 42.61293 42.61293 39.01243 16.99319 13.15736 13.69021 10.88591 10.29728 11.3998 17.57367 15.60216 14.76457 14.73718 14.73718 14.73718 14.73718 14.73718
15.70546 15.70546 21.38771 30.68489 30.68489 30.68489 30.68489 30.68489 30.56556 30.04976 29.99363 29.99363 29.99363 27.04386 23.21309 23.2131 23.21309 23.2131 23.21309 59.33869 71.57572 71.57572 71.57571 71.43591 71.57572 76.20885 80.11092 84.01456 88.63232 88.63233 87.03338 66.04266 46.77509 41.18462 39.11931 48.64112 65.08733 71.68204 15.34411 15.83653 31.83927 38.95864 39.66516 24.84872 15.24904 25.77732 48.17399 58.51327 58.51328 58.51327 53.70939 43.20721 42.61293 42.61293 42.61293 42.38522 37.6296 37.23289 35.17246 28.75809 20.83563 19.54603 19.54603 19.49627 19.17735 15.31612 16.52052 18.91904 18.85703 15.683 14.73718 14.73718 14.73718 14.73718 14.73718
17.63079 16.94449 15.89576 25.9238 30.6849 30.58745 30.49547 30.61352 30.39374 30.00698 29.99363 27.37122 24.25876 23.4129 23.21309 23.21309 23.21309 26.69137 38.04928 51.38827 56.47483 50.77732 47.35467 54.74006 57.64218 80.57608 82.41066 81.80829 81.10421 83.15503 51.30902 37.92007 34.57604 34.57604 34.57604 34.57604 33.30545 25.19858 14.89007 14.7841 14.97042 15.04833 15.04833 22.60859 37.52015 52.72281 58.51328 58.51328 58.51328 57.78607 49.6595 44.63388 42.64863 43.42502 43.16063 31.09188 19.8537 19.54603 19.54603 19.54603 19.54603 19.54603 19.54582 19.50451 19.01444 18.92422 18.91904 18.91904 18.40561 14.76191 14.73718 14.73718 14.73718 14.73718 14.73718
29.99363 28.38865 25.09677 24.71399 30.12495 30.13696 29.99363 29.9945 29.99363 29.99363 29.99363 28.72578 25.6271 23.21309 23.2131 25.45925 316.3116 360.1999 598.0414 495.2459 43.22501 43.22501 43.22501 43.22501 43.22501 50.46033 48.41125 56.77846 68.79075 54.55804 48.83494 35.17441 34.59157 34.40753 29.63972 25.61658 14.86889 12.58347 12.61868 13.02195 14.45604 15.04833 15.04833 15.04833 15.04833 18.58862 55.52399 58.51328 58.51328 53.70176 44.93887 42.778 43.02891 83.90604 102.713 83.5314 24.38558 19.54603 19.54603 19.54603 19.54603 19.54603 19.53231 18.97788 18.91904 18.91904 18.91904 18.91904 18.91904 18.34443 17.73581 16.11635 14.73718 14.73718 14.73718
