Scenarios/Global_Grid/data/country_data_population_distribution/processed/density_grids/mmr.asc
ncols 220
nrows 493
xllcorner 92
yllcorner 8
[rows 117 to 155 of 493, columns 0 to 88 of 220]
0 0 0 0 0 0 0 0 0 0 0 0 0 0 0 0 0 0 0 0 0 0 0 0 0 0 0 0 0 0 0 0 0 0 0 0 0 0 27.06751 7.942884 7.942884 7.942884 7.942884 7.942884 7.942884 7.942884 7.942884 7.942883 7.942883 7.942883 7.942884 7.942884 7.942884 7.942884 7.986887 112.3616 98.51659 25.53248 14.25727 14.25727 14.25727 14.25727 14.25727 14.25727 14.25727 14.25727 14.25727 14.25727 14.25727 14.25727 14.25727 14.25727 14.25727 14.25727 14.25727 23.71087 36.62523 36.62523 36.62523 36.62523 36.62523 36.62523 36.62523 41.4734 66.29049 74.53412 74.53411 74.53412 74.53412
0 0 0 0 0 0 0 0 0 0 0 0 0 0 0 0 0 0 0 0 0 0 0 0 0 0 0 0 0 0 0 0 0 0 0 0 0 0 31.79748 7.942884 23.42028 26.0347 26.83717 16.67152 7.942884 7.942884 7.942884 7.942884 7.942884 7.942884 7.942884 7.942884 7.942884 7.942884 22.97253 145.1801 145.1801 94.69221 20.42707 14.25727 14.25727 14.25727 14.28173 14.25727 14.25727 14.25727 14.25727 14.25727 14.25727 14.25727 14.25727 14.25727 14.25727 14.25727 14.25727 23.33916 36.62523 36.62523 36.62523 36.62523 36.62522 36.62523 36.62523 36.62523 51.96892 74.53412 74.53411 74.53412 74.53412
0 0 0 0 0 0 0 0 0 0 0 0 0 0 0 0 0 0 0 0 0 0 0 0 0 0 0 0 0 0 0 0 0 0 0 0 0 0 39.5654 9.939821 34.76382 35.93712 35.93712 35.55061 9.083468 7.942884 7.942884 7.942884 7.942884 7.942884 7.942884 9.626674 57.18961 62.03418 36.66492 145.1801 145.1801 144.52 91.45988 19.85003 20.16776 22.37921 16.25002 14.25727 14.25727 14.25727 14.25727 14.25727 14.25727 14.25727 14.25727 14.25727 14.25727 14.25727 15.43303 35.45229 36.62523 36.62523 36.62523 36.62523 36.62523 36.62523 36.62523 36.62523 50.73123 61.48368 74.53413 74.53412 73.75694
0 0 0 0 0 0 0 0 0 0 0 0 0 0 0 0 0 0 0 0 0 0 0 0 0 0 0 0 0 0 0 0 0 0 0 0 0 0 38.83688 32.82639 35.93712 35.93712 35.93712 35.93712 32.67734 23.82638 15.59941 8.076447 14.45728 16.55848 12.10672 27.91743 76.88103 138.3869 129.2397 145.1801 145.1801 145.1801 80.88663 23.4202 23.4202 22.26428 15.16659 14.25727 14.25727 14.25727 14.25727 14.25727 14.25727 16.28881 16.60096 14.86403 15.92546 18.68587 22.79322 36.62523 36.62523 36.62523 36.62523 36.62523 36.62523 36.62523 36.62523 36.62523 48.93119 68.47603 74.41734 73.5835 71.71412
0 0 0 0 0 0 0 0 0 0 0 0 0 0 0 0 0 0 0 0 0 0 0 0 0 0 0 0 0 0 0 0 0 0 0 0 0 0 35.93712 35.93712 35.93712 35.93712 35.93712 35.93712 35.93712 35.93712 35.93712 30.17609 34.56536 35.93712 35.93712 35.93712 60.50698 145.1801 145.1801 145.1801 145.1801 145.1801 46.06399 23.4202 22.99734 18.02467 17.66277 21.18224 18.74234 14.25727 14.25727 14.9866 21.26276 23.07226 23.4202 23.4013 23.4202 26.93806 34.77874 36.62523 36.62523 36.62523 36.62523 36.62523 36.62523 36.62523 36.62523 36.62523 40.27285 46.94149 50.07293 67.19273 70.88433
0 0 0 0 0 0 0 0 0 0 0 0 0 0 0 0 0 0 0 0 0 0 0 0 0 0 0 0 0 0 0 0 0 0 0 0 0 0 35.93712 35.93712 35.93712 35.93712 35.93712 35.93712 35.93712 35.93712 35.93712 35.93712 35.93712 35.93712 35.93712 35.93712 56.38666 145.1801 145.1801 145.1801 145.1801 145.1801 36.78782 23.4202 22.39933 23.28108 23.41793 23.4202 21.98913 14.29222 14.25727 18.46012 23.4202 23.4202 23.4202 23.4202 23.4202 31.25783 36.62523 36.62523 36.62523 36.62523 36.62523 36.62523 36.62523 36.62523 36.62523 36.62523 36.62523 36.62523 36.62523 36.62523 41.63324
0 0 0 0 0 0 0 0 0 0 0 0 0 0 0 0 0 0 0 0 0 0 0 0 0 0 0 0 0 0 0 0 0 0 0 0 0 0 35.93712 35.93712 35.93712 35.93712 35.93712 35.93712 35.93712 35.93712 35.93712 35.93712 35.93712 35.93712 36.36805 63.60696 87.30655 145.1801 145.1801 145.1801 145.1801 144.8681 30.26765 23.4202 23.4202 23.4202 23.4202 23.4202 23.0844 15.75641 14.25727 18.51065 23.4202 23.4202 23.4202 23.4202 23.4202 27.10656 36.34253 36.62523 36.62523 36.62523 36.62523 36.62523 36.62523 36.62523 36.62523 36.62523 36.62523 36.62523 36.62523 36.62523 36.62523
0 0 0 0 0 0 0 0 0 0 0 0 0 0 0 0 0 0 0 0 0 0 0 0 0 0 0 0 0 0 0 0 0 0 0 0 0 35.21693 34.94923 35.93712 35.93712 35.93712 35.93712 35.93712 35.93712 35.93712 35.93712 35.93712 35.93712 35.93712 35.93712 36.19544 131.707 145.1801 145.1801 145.1801 145.1801 141.0006 24.25145 23.4202 23.4202 23.4202 23.4202 23.4202 23.4202 22.02296 15.35661 16.85371 23.4202 23.4202 23.4202 23.4202 23.4202 27.55723 34.07409 36.62523 36.62523 36.62523 36.62523 36.62523 36.62523 36.62523 36.62523 36.62523 36.62523 36.62523 36.62523 36.62523 43.35489
0 0 0 0 0 0 0 0 0 0 0 0 0 0 0 0 0 0 0 0 0 0 0 0 0 0 0 0 0 0 0 0 0 0 0 0 0 33.27896 33.16091 34.73627 35.93712 35.93712 35.93712 35.93712 35.93712 35.93712 35.93712 35.93712 35.93712 35.93712 35.93712 35.93712 131.3483 145.1801 145.1801 145.1801 145.1801 129.698 23.46729 23.4202 23.4202 23.4202 23.4202 23.4202 23.4202 23.4202 21.15383 22.11727 23.4202 23.4202 23.4202 24.30163 27.42103 36.16507 36.62523 36.62523 38.30643 36.63978 36.62523 36.62523 36.62523 36.62523 36.62523 36.62523 36.62523 36.62523 36.62523 39.50118 48.10831
0 0 0 0 0 0 0 0 0 0 0 0 0 0 0 0 0 0 0 0 0 0 0 0 0 0 0 0 0 0 0 0 0 0 0 0 0 32.88973 32.75463 32.75652 35.02815 35.93712 35.93712 35.93712 35.93712 35.93712 35.93712 35.93712 35.93712 35.93712 35.93712 38.18184 139.5682 145.1801 145.1801 145.1801 145.1801 102.7488 23.4202 23.4202 23.4202 23.4202 23.4202 23.4202 23.4202 23.4202 23.4202 23.4202 23.4202 23.4202 23.53016 25.5205 26.84634 50.20126 66.28291 63.41562 80.90364 75.67859 70.65755 56.50098 36.62523 38.50337 44.28895 38.69532 37.60714 58.04459 57.37818 68.63696 70.88433
0 0 0 0 0 0 0 0 0 0 0 0 0 0 0 0 0 0 0 0 0 0 0 0 0 0 0 0 0 0 0 0 0 0 0 0 0 30.05578 31.14631 32.91831 35.6305 35.93712 35.93712 35.93712 35.93712 35.93712 35.93712 35.93712 35.93712 35.93712 38.35527 102.9475 145.1801 145.1801 145.1801 145.1801 138.5517 56.08665 23.4202 23.4202 23.4202 23.4202 23.4202 23.4202 23.4202 23.4202 23.4202 23.43495 24.20084 24.84635 25.75351 25.8501 25.8501 31.01107 87.16146 87.16509 87.16509 87.16509 87.16509 86.81024 81.15041 85.5072 87.16509 86.60197 85.01266 70.88434 70.88434 70.88434 70.88434
0 0 0 0 0 0 0 0 0 0 0 0 0 0 0 0 0 0 0 0 0 0 0 0 0 0 0 0 0 0 0 0 0 0 0 0 0 20.77924 22.75257 30.29309 21.45732 23.29314 24.4638 22.73672 28.53383 35.51974 35.62527 35.93712 35.93712 35.88264 41.74615 140.4457 145.1801 145.1801 145.1801 145.1801 120.6561 23.42307 23.4202 23.4202 23.4202 23.4202 23.47439 23.59804 23.4202 23.4202 24.04101 25.19822 25.8501 25.8501 25.8501 25.8501 25.8501 27.98723 71.31574 87.16509 87.16509 87.16509 87.16509 87.16509 87.16509 87.16509 87.16509 87.14459 74.43378 70.93755 70.88434 70.88434 70.88434
0 0 0 0 0 0 0 0 0 0 0 0 0 0 0 0 0 0 0 0 0 0 0 0 0 0 0 0 0 0 0 0 0 0 0 0 0 20.03834 17.33423 16.78557 16.65443 16.65443 16.65443 16.65443 16.65443 16.6832 29.76743 34.99283 29.05033 23.49981 16.68076 117.6639 145.1801 145.1801 145.1801 145.1801 142.9473 35.76349 23.4202 23.4202 23.58918 24.45367 25.55451 25.58803 23.9843 24.332 25.75083 25.8501 25.8501 25.8501 25.8501 25.8501 25.8501 30.76457 70.41671 87.16509 87.16509 87.16508 87.16509 87.16508 87.16509 87.16508 87.16509 87.16508 87.16509 78.0229 70.88434 70.88434 70.88434
0 0 0 0 0 0 0 0 0 0 0 0 0 0 0 0 0 0 0 0 0 0 0 0 0 0 0 0 0 0 0 0 0 0 0 0 0 16.6775 16.65443 16.65443 16.65443 16.65443 16.65443 16.65443 16.65443 16.65443 16.82538 16.87359 16.65443 16.65443 16.65443 91.88093 145.1801 145.1801 145.1801 145.1801 140.037 27.16965 23.4202 23.7654 25.36802 25.8501 25.8501 25.8501 25.8501 25.8501 25.8501 25.8501 25.8501 25.8501 25.8501 25.8501 26.74478 80.69629 87.16509 87.16509 87.16509 87.16509 87.16509 87.16509 87.1651 87.16509 87.16509 87.16509 87.16509 86.806 71.58897 70.88434 70.88434
0 0 0 0 0 0 0 0 0 0 0 0 0 0 0 0 0 0 0 0 0 0 0 0 0 0 0 0 0 0 0 0 0 0 0 0 22.05212 16.65443 16.65443 16.65443 16.65443 16.65443 16.65443 16.65443 16.65443 16.65443 16.65443 16.65443 16.65443 16.65443 16.65443 18.27237 139.0754 145.1801 145.1801 145.1801 128.4816 23.55972 23.67779 25.09789 25.8501 25.8501 25.8501 25.8501 25.8501 25.8501 25.8501 25.8501 25.8501 25.8501 25.8501 25.8501 25.8501 45.62966 81.39529 87.16509 87.16508 87.16509 87.1477 87.16509 87.16509 87.16509 87.16508 87.16509 87.16508 87.16509 80.29035 70.88434 70.88433
0 0 0 0 0 0 0 0 0 0 0 0 0 0 0 0 0 0 0 0 0 0 0 0 0 0 0 0 0 0 0 18.98048 14.57311 21.03768 0 0 14.77456 16.51364 16.64327 16.65443 16.65443 16.65443 16.65443 16.65443 16.65443 16.65443 16.65443 16.65443 16.65443 16.65443 16.65443 16.65443 138.2671 145.1801 145.1801 145.1801 112.5344 24.86839 25.8501 25.8501 25.8501 25.8501 25.8501 25.8501 25.8501 25.8501 25.8501 25.8501 25.8501 25.8501 25.8501 25.8501 25.8501 25.8501 64.19508 84.09727 84.63024 85.21338 83.30782 86.75115 87.16509 87.16508 87.16509 87.16509 87.16509 87.16509 86.26085 70.89812 70.88434
0 0 0 0 0 0 0 0 0 0 0 0 0 0 0 0 0 0 0 0 0 0 0 0 0 0 0 0 0 0 0 22.41287 14.57311 14.57311 14.57311 14.57312 14.57311 14.57311 15.34733 16.65443 16.65443 16.65443 16.65443 16.65443 16.65443 16.65443 16.65443 16.65443 16.65443 16.65443 16.65443 22.99583 130.2579 145.1801 145.1801 145.1801 108.3817 25.56866 25.8501 25.8501 25.8501 25.8501 25.8501 25.8501 25.8501 25.8501 25.8501 25.8501 25.8501 25.8501 25.8501 25.8501 29.01803 51.09235 79.86411 82.52772 82.52772 82.52772 82.52772 83.50877 86.95999 87.16509 87.16509 87.16509 87.16509 87.16509 87.14375 71.65139 70.88434
0 0 0 0 0 0 0 0 0 0 0 0 0 0 0 0 0 0 0 0 0 0 0 0 0 0 0 0 0 0 0 0 14.61858 14.57311 14.57311 14.57311 14.57311 14.57311 14.93614 16.65443 16.65443 16.65443 16.65443 16.65443 16.65443 16.65443 16.65443 16.65443 16.65443 16.65443 16.65443 30.27808 123.4447 145.1801 145.1801 145.1801 123.0641 25.8501 25.8501 25.8501 25.8501 25.8501 25.8501 25.8501 25.8501 25.8501 25.8501 25.8501 25.8501 25.8501 25.8501 32.93886 60.88358 82.52771 82.52771 82.52772 82.52771 82.52772 82.52771 84.59219 87.12316 87.16509 87.16509 87.16509 87.1651 87.1651 87.16509 82.4751 70.88433
0 0 0 0 0 0 0 0 0 0 0 0 0 0 0 0 0 0 0 0 0 0 0 0 0 0 0 0 0 0 0 20.46546 14.57377 14.57311 14.57311 14.57311 14.57311 14.57311 14.79319 16.65315 16.65443 16.65443 16.65443 16.65443 16.65443 16.65443 16.65443 16.65443 16.65443 16.65443 16.65443 16.65443 118.5042 145.1801 145.1801 145.1801 138.6645 25.91569 25.8501 25.8501 25.8501 25.8501 25.8501 25.8501 25.8501 25.8501 25.8501 25.8501 25.8501 25.8501 25.85229 70.4065 82.52771 82.52771 82.52771 82.52772 82.52771 82.52772 82.52771 82.52771 83.90527 86.61398 87.16509 87.1651 87.16509 86.90717 85.06832 78.21256 70.88434
0 0 0 0 0 0 0 0 0 0 0 0 0 0 0 0 0 0 0 0 0 0 0 0 0 0 0 0 0 0 0 15.02271 14.57311 14.57311 14.57311 14.57311 14.57311 14.57311 14.57347 16.04438 16.65443 16.65443 16.65443 16.65443 16.65443 16.65443 16.65443 16.65443 16.65443 16.65443 16.65443 16.66105 101.9605 145.1801 145.1801 145.1801 140.7271 37.50855 25.8501 25.8501 25.8501 25.8501 25.8501 25.8501 25.8501 25.8501 25.8501 25.8501 25.8501 25.8501 32.84029 82.43152 82.52772 82.52772 82.52772 82.52771 82.52772 82.52771 82.52772 82.52771 82.52772 82.80451 84.21008 83.86761 83.48529 82.71578 82.52772 90.09573 98.82818
0 0 0 0 0 0 0 0 0 0 0 0 0 0 0 0 0 0 0 0 0 0 0 0 0 0 0 0 0 0 0 14.57311 14.57311 14.57311 14.57311 14.57311 14.57311 14.57311 14.57311 15.18668 13.10976 15.45247 15.46279 14.31925 16.47014 16.13798 15.3427 15.44722 13.9102 16.01763 15.54344 39.11182 145.1801 145.1801 145.1801 145.1801 145.1801 73.19813 25.8501 25.8501 25.85011 25.8501 25.8501 25.8501 25.8501 25.8501 25.8501 32.97345 34.91594 36.16707 54.45794 82.52771 83.42115 89.90158 92.38832 87.80476 84.59441 87.79614 82.53105 82.52771 82.52772 82.52771 82.52771 82.52771 82.52771 82.52771 82.52772 133.2657 137.0828
0 0 0 0 0 0 0 0 0 0 0 0 0 0 0 0 0 0 0 0 0 0 0 0 0 0 0 0 0 0 0 14.57312 14.57312 14.57312 14.57312 14.57311 14.57312 14.57312 14.57312 14.46014 11.19573 11.0581 11.06656 11.0581 11.33882 11.14158 11.0581 11.0581 11.0581 11.0581 11.0581 11.19978 129.3142 145.1643 123.244 145.1801 145.1801 100.1654 29.57551 25.8501 25.8501 25.8501 25.8501 25.8501 25.8501 25.8501 25.8501 36.45837 39.16053 39.16053 49.40645 76.45552 96.54629 99.08093 99.08093 99.08092 98.67133 99.02111 89.6088 89.46981 91.22748 87.49681 82.52772 82.52772 82.52771 82.52772 108.0266 137.0705 137.0828
0 0 0 0 0 0 0 0 0 0 0 0 0 0 0 0 0 0 0 0 0 0 0 0 0 0 0 0 0 0 28.09951 14.57311 14.57311 14.57311 14.57311 14.57312 14.57311 14.57311 14.54992 12.81769 11.08006 11.0581 11.0581 11.0581 11.0581 11.0581 11.0581 11.0581 11.0581 11.0581 11.0581 11.0581 66.06268 81.27085 71.79674 145.1801 145.1801 132.2665 53.45264 25.8501 25.8501 25.8501 25.8501 25.8501 25.8501 25.8501 26.13029 38.86096 39.16053 39.16053 39.16053 54.46632 99.08092 99.08092 99.08092 99.08092 99.08092 99.08092 99.08092 99.08092 99.08092 98.73658 86.18848 82.80293 82.52771 82.52771 121.1894 137.0828 137.0828
0 0 0 0 0 0 0 0 0 0 0 0 0 0 0 0 0 0 0 0 0 0 0 0 0 0 0 0 0 0 27.23897 14.57312 14.57312 14.57312 14.57311 14.57311 14.57312 14.57311 14.57194 11.40279 11.0581 11.0581 11.0581 11.0581 11.0581 11.0581 11.0581 11.0581 11.0581 11.0581 11.0581 11.0581 27.36129 48.09071 54.2113 84.54326 128.4519 115.6843 25.8501 25.8501 25.8501 25.8501 25.8501 25.8501 27.75093 33.70284 33.0337 39.16053 39.16053 39.16053 39.16053 48.05604 90.37315 73.74488 98.52628 99.08093 99.08092 99.08093 99.08093 99.08093 99.08093 99.08093 98.82788 97.54806 95.17022 90.90422 126.4947 150.9412 193.0962
0 0 0 0 0 0 0 0 0 0 0 0 0 0 0 0 0 0 0 0 0 0 0 0 0 0 0 0 0 0 0 15.04605 14.57311 14.57312 14.57311 14.57312 14.57311 14.57312 14.57311 11.41953 11.0581 11.0581 11.0581 11.0581 11.0581 11.0581 11.0581 11.0581 11.0581 11.0581 11.0581 11.0581 15.23907 47.97316 48.09072 48.09071 72.28629 143.5441 30.45653 25.8501 25.8501 25.8501 25.8501 30.69099 38.0779 39.16053 39.16053 39.16053 39.16053 39.16053 39.16053 39.16053 41.79827 39.16053 73.59566 98.8373 99.08093 99.08092 99.79068 99.81224 99.08092 99.08092 99.08093 99.08092 99.08093 99.08093 136.0069 278.0669 300.8131
0 0 0 0 0 0 0 0 0 0 0 0 0 0 0 0 0 0 0 0 0 0 0 0 0 0 0 0 0 0 0 25.68677 14.57311 14.57311 14.57311 14.57311 14.57311 14.57311 14.57311 12.13577 11.0581 11.0581 11.0581 11.0581 11.0581 11.0581 11.0581 11.0581 11.0581 11.0581 11.0581 11.0581 19.56531 46.05316 48.09071 48.09072 48.39169 103.3645 25.89625 25.8501 25.8501 27.28115 35.65863 36.55405 39.16053 39.16053 39.16053 39.16053 39.16053 39.16053 39.16053 39.16053 39.16053 39.16053 48.98911 105.568 105.3909 106.2106 111.8896 111.0516 100.4472 99.08092 99.08092 99.08093 99.08092 99.08092 99.08092 205.6875 300.8131
0 0 0 0 0 0 0 0 0 0 0 0 0 0 0 0 0 0 0 0 0 0 0 0 0 0 0 0 0 0 0 16.07174 14.57311 14.57311 14.57311 14.57311 14.57311 14.57311 14.57311 11.3341 11.0581 11.0581 11.0581 11.0581 11.0581 11.0581 11.0581 11.0581 11.0581 11.0581 11.0581 11.0581 31.2737 48.09071 48.09071 48.09071 48.09071 44.4762 25.8501 25.8501 25.8501 30.10929 39.16053 39.16053 39.16053 39.16053 39.16053 39.16053 39.16053 39.16053 39.16053 39.16053 39.16053 39.16053 39.16053 92.42312 112.4162 112.4162 112.4162 112.4162 108.8996 99.08194 99.08092 99.08092 99.08092 99.08092 99.08092 232.8005 300.8131
0 0 0 0 0 0 0 0 0 0 0 0 0 0 0 0 0 0 0 0 0 0 0 0 0 0 0 0 0 0 0 18.25643 14.57312 14.57311 14.57311 14.57311 14.57312 14.57311 14.57312 11.92473 11.0581 11.0581 11.0581 11.0581 11.0581 11.0581 11.0581 11.0581 11.0581 11.0581 11.0581 11.0581 22.36445 48.09071 48.09071 48.09071 48.09071 48.08493 28.90831 25.8501 25.8501 28.72107 39.16053 39.16053 39.16053 39.16053 39.16053 39.16053 39.16053 39.16053 39.16053 39.16053 39.16053 39.16053 49.69273 112.1482 112.4162 112.4162 112.4162 112.4162 112.4162 105.9078 99.08092 100.0617 101.4348 99.08092 99.08092 129.4982 256.8273
0 0 0 0 0 0 0 0 0 0 0 0 0 0 0 0 0 0 0 0 0 0 0 0 0 0 0 0 0 0 0 26.04476 14.57311 14.57311 14.57311 14.57311 14.57311 14.57311 14.57311 13.05347 11.0581 11.0581 11.0581 11.0581 11.0581 11.0581 11.0581 11.0581 11.0581 11.0581 11.0581 11.0581 13.24382 47.45313 48.09071 48.09071 48.09072 48.09071 39.92966 25.8501 25.8501 26.85744 39.1263 39.16053 39.16053 39.16053 39.16053 39.16053 39.16053 39.16053 39.16053 39.16053 39.16053 39.16053 68.64185 112.4162 112.4162 112.4162 112.4162 112.4162 112.4162 112.5123 113.7645 119.4838 118.2791 114.9529 114.5258 108.7179 114.6678
0 0 0 0 0 0 0 0 0 0 0 0 0 0 0 0 0 0 0 0 0 0 0 0 0 0 0 0 0 0 0 0 27.8892 14.57311 14.57311 14.57312 14.57311 14.57311 14.57311 12.49872 11.0581 11.0581 11.0581 11.0581 11.0581 11.0581 11.0581 11.0581 11.0581 11.0581 11.0581 11.0581 15.88625 42.93185 48.09071 48.09071 48.09071 48.09071 40.71239 25.8501 25.8501 25.85036 38.44463 39.16053 39.16053 39.16053 39.16053 39.16053 39.16053 39.16053 39.16053 39.16053 39.16053 39.16053 68.23493 112.4162 112.4162 112.4162 112.4162 112.4162 112.4162 112.419 121.0732 121.6361 121.6361 121.6361 121.6361 121.6361 125.8614
0 0 0 0 0 0 0 0 0 0 0 0 0 0 0 0 0 0 0 0 0 0 0 0 0 0 0 0 0 0 0 0 0 14.57311 14.57311 14.57312 14.57311 14.57311 14.57311 12.94891 11.0581 11.0581 11.0581 11.0581 11.0581 11.0581 11.0581 11.0581 11.0581 11.0581 11.0581 11.0581 17.58069 47.64404 48.09071 48.09071 48.09071 48.09071 35.07708 25.8501 26.38232 37.50804 39.16053 39.16053 39.16053 39.16053 39.16053 39.16053 39.16053 39.16053 39.16053 39.16053 39.16053 39.16053 43.40053 98.35142 112.4162 112.4162 112.4162 112.4162 112.4162 112.4162 117.1869 121.6361 121.6361 121.6361 121.6361 121.6361 125.6017
0 0 0 0 0 0 0 0 0 0 0 0 0 0 0 0 0 0 0 0 0 0 0 0 0 0 0 0 0 0 0 0 0 14.57311 14.57311 14.57311 14.57311 14.57311 14.57311 13.93631 11.25686 11.0581 11.0581 11.0581 11.0581 11.0581 11.0581 11.0581 11.0581 11.0581 11.0581 11.0581 29.29782 48.09071 48.09071 48.09071 48.09071 48.09071 34.33488 25.8501 29.5699 39.16053 39.16053 39.16053 39.16053 39.16053 39.16053 39.16053 39.16053 39.16053 39.16053 39.16053 39.16053 39.16053 39.16053 63.35069 112.4162 112.4162 112.4162 112.4162 112.4162 112.4162 113.0893 121.6357 121.6361 121.6361 121.6361 121.6361 122.1205
0 0 0 0 0 0 0 0 0 0 0 0 0 0 0 0 0 0 0 0 0 0 0 0 0 0 0 0 0 0 0 0 0 14.57311 14.57311 14.57311 14.57311 14.57311 14.57311 14.57311 13.1152 11.0581 11.0581 11.0581 11.0581 11.0581 11.0581 11.0581 11.0581 11.0581 11.0581 11.0581 23.4153 48.09071 48.09071 48.09071 48.09071 47.8449 34.58392 25.8501 32.45896 39.16053 39.16053 39.16053 39.16053 39.16053 39.16053 80.76678 39.25792 39.16053 39.16053 39.16053 39.16053 39.16053 39.16053 39.19236 63.28208 112.4162 112.4162 112.4162 112.4162 141.0571 165.636 121.1857 121.6361 121.6361 121.6361 121.6361 121.6361
0 0 0 0 0 0 0 0 0 0 0 0 0 0 0 0 0 0 0 0 0 0 0 0 0 0 0 0 0 0 0 0 0 14.63222 14.57311 14.57312 14.57311 14.57311 14.57311 14.57311 14.16748 11.0581 11.0581 11.0581 11.0581 11.0581 11.0581 11.0581 11.0581 11.0581 11.0581 11.0581 16.93612 48.09071 48.09071 48.09071 48.09071 48.08587 38.25128 29.20281 38.34169 39.16053 39.16053 39.16053 39.16053 39.16053 39.16184 129.1099 123.5481 77.03838 46.45507 48.44462 39.16053 39.16053 39.16053 39.16053 54.19547 157.2226 323.3881 424.6301 300.176 541.5699 298.3962 121.6361 121.6361 121.6361 121.6361 121.6361 121.6361
0 0 0 0 0 0 0 0 0 0 0 0 0 0 0 0 0 0 0 0 0 0 0 0 0 0 0 0 0 0 0 0 14.79283 14.57311 14.57311 14.57311 14.00142 14.18353 14.57311 14.57311 12.65576 11.0581 11.12295 11.06574 11.05966 11.0581 11.0581 11.0581 11.0581 11.0581 11.0581 11.0581 14.88459 48.09071 48.09071 48.09071 48.09071 48.09071 42.21021 39.16053 39.16053 39.16053 47.87722 46.04694 39.16053 57.25792 88.40675 145.032 145.032 145.032 119.7526 106.776 92.17675 88.92319 95.94009 111.8514 141.1567 356.7463 562.1154 562.1154 562.1154 562.1154 400.1016 126.9334 121.6361 121.6361 121.6361 121.6361 121.6361
0 0 0 0 0 0 0 0 0 0 0 0 0 0 0 0 0 0 0 0 0 0 0 0 0 0 0 0 0 16.25274 14.81211 0 13.63349 14.57311 14.57311 14.57311 13.29465 12.39237 14.47126 14.57311 12.49125 11.0581 11.64882 11.76553 11.50727 11.0581 11.0581 11.0581 11.0581 11.0581 11.0581 11.0581 14.34308 48.09071 48.09071 48.09071 48.09071 48.09071 44.45956 39.16053 39.16053 42.32217 87.42559 82.14251 64.23453 86.73811 107.5496 145.032 145.032 145.032 145.032 145.032 145.032 145.032 145.032 145.032 145.032 152.4144 562.1154 562.1155 562.1154 562.1154 459.67 138.1318 121.6361 121.6361 121.6361 121.6361 121.6361
0 0 0 0 0 0 0 0 0 0 0 0 0 0 0 0 0 0 0 0 0 0 0 0 0 0 0 0 0 16.16365 7.829189 7.829189 9.034016 12.95722 14.57311 14.57042 12.47446 11.86694 13.62343 13.35014 13.54743 11.47772 11.8209 11.77537 11.31314 11.0581 11.0581 11.0581 11.0581 11.0581 11.0581 11.0581 15.82211 48.08866 48.09071 48.09071 48.09071 48.09071 48.05338 42.5336 39.87284 41.70359 87.31835 87.78584 87.78584 87.78584 109.5407 108.9458 128.1492 145.032 145.032 145.032 145.032 145.032 145.032 145.032 153.6411 160.3363 480.0233 562.1154 562.1155 562.1154 562.1154 361.0311 131.9054 121.6666 121.6361 122.7654 129.8374
0 0 0 0 0 0 0 0 0 0 0 0 0 0 0 0 0 0 0 0 0 15.83106 23.50149 0 0 0 0 0 0 20.10932 7.829188 7.829188 7.829188 10.50017 13.27956 12.99361 12.02801 11.86694 12.01581 11.86694 11.86694 11.86694 11.86575 8.609445 8.118372 8.819592 11.0581 11.03579 11.0581 11.0581 11.0581 11.0581 32.56408 48.09071 48.09071 48.09071 48.09071 48.09071 48.09071 48.09071 47.6452 47.48574 82.48064 87.78583 87.78583 87.78583 87.78583 87.78583 103.943 145.032 145.032 145.032 145.032 145.032 145.032 145.0966 168.7645 175.0243 192.912 533.4197 562.1154 562.1154 562.1154 562.1154 475.7977 150.0362 128.3258 125.8668 136.2065
0 0 0 0 0 0 0 0 0 0 0 0 0 0 0 0 0 0 0 0 51.36529 15.83106 15.83106 16.87457 29.85825 0 0 0 18.95245 11.48011 7.829189 7.829188 7.829189 7.829189 7.849077 10.8886 11.86694 11.86694 11.86694 11.86694 11.86694 11.86694 11.32828 7.829189 7.829189 9.460963 10.06905 9.034433 8.725087 10.86939 11.05068 9.853122 39.73771 48.09071 48.09071 48.09071 48.09071 48.09071 48.09071 48.09071 48.09071 48.09071 74.2534 87.78584 87.78584 87.78584 87.78583 87.78584 111.479 120.1388 107.1001 115.0616 145.032 145.032 145.032 146.9771 173.8995 175.0244 175.0244 366.7605 562.1154 562.1155 555.7883 517.2762 518.3677 240.45 136.2064 136.2065 136.2064
