Scenarios/Global_Grid/data/country_data_population_distribution/processed/density_grids/mmr.asc
ncols 220
nrows 493
xllcorner 92
yllcorner 8
[rows 78 to 116 of 493, columns 89 to 177 of 220]
23.74074 23.74074 23.74074 23.74074 23.74074 23.74074 23.74074 23.74074 23.74074 23.74074 25.74258 47.78789 71.41446 41.51405 32.07236 32.07236 32.07236 32.07236 32.07236 32.07236 32.07236 32.07236 32.07236 32.07236 32.07236 33.81705 43.77769 44.04567 44.04567 44.04567 44.04567 44.04567 44.04567 44.04567 44.04567 44.04568 44.04567 46.83224 73.65597 76.35622 76.35622 49.73912 31.01976 31.01977 31.01977 31.01977 31.01977 31.01977 31.01977 31.01976 31.01977 31.01977 31.01977 31.01977 31.01977 22.03069 22.63234 22.94601 21.81336 0 0 0 0 0 0 0 0 0 0 0 0 0 0 0 0 0 0 0 0 0 0 0 0 0 0 0 0 0 0
23.74074 23.74074 23.74074 23.74074 23.74074 23.74074 23.74074 23.74074 23.74074 23.74074 24.7886 32.09367 32.75493 32.07236 32.07236 32.07236 32.07236 32.07236 32.07236 32.07236 32.07236 32.07236 32.07236 32.07236 32.07236 38.00569 44.04567 44.04567 44.04567 44.04567 44.04567 44.04567 44.04567 44.04567 44.04567 44.04567 44.04567 44.04567 56.44918 76.35622 76.35622 61.48695 31.01977 37.18762 32.11348 31.01977 31.01977 31.01977 31.01977 31.01976 31.01977 31.01977 31.01977 31.01977 28.05068 0 0 20.97985 0 0 0 0 0 0 0 0 0 0 0 0 0 0 0 0 0 0 0 0 0 0 0 0 0 0 0 0 0 0 0
23.74074 23.74074 23.74074 23.74074 23.74074 23.74074 23.74074 23.74074 23.74074 23.74074 23.74074 28.89498 32.07236 32.07236 32.07236 32.07236 32.07236 32.07236 32.07236 32.07236 32.07236 32.07236 32.07236 48.70831 49.38619 43.54314 44.04567 44.04567 44.04567 44.04567 44.04567 44.04567 44.04567 44.04567 44.04567 44.04567 44.04567 44.04567 68.94254 76.35622 76.35622 51.38457 43.44369 71.34143 48.56148 31.01976 31.01977 31.01977 31.01977 31.01977 31.01976 31.01977 31.01976 31.01976 0 0 0 0 0 0 0 0 0 0 0 0 0 0 0 0 0 0 0 0 0 0 0 0 0 0 0 0 0 0 0 0 0 0 0
23.74074 23.74074 23.74074 23.74074 23.74074 23.74074 23.74074 23.74074 23.74074 23.74074 23.74074 24.02805 31.05391 32.07236 32.07236 32.07236 32.07236 32.07236 32.07236 32.07236 32.07236 32.07236 32.07236 61.6778 64.77112 44.04567 44.04567 44.04567 44.04567 44.04567 44.04567 44.04567 44.04567 44.04567 44.04567 44.04567 44.04567 45.90886 66.22615 76.35622 76.35622 76.35622 76.35622 76.35622 65.92365 47.44786 31.56528 31.01977 31.01977 31.01977 31.01977 31.01977 31.01977 30.32241 0 0 0 0 0 0 0 0 0 0 0 0 0 0 0 0 0 0 0 0 0 0 0 0 0 0 0 0 0 0 0 0 0 0 0
23.74074 23.74074 23.74074 23.74074 23.74074 23.74074 23.74074 23.74074 23.74074 23.74074 23.74074 24.01633 28.95668 32.07236 32.07236 32.07236 32.07236 32.07236 32.07236 32.07236 32.07236 40.98776 53.18502 68.08755 61.79126 44.04567 44.04567 44.04567 44.04567 44.04567 44.04567 44.04567 44.04567 44.04568 44.04567 44.04567 44.84459 66.6147 76.35622 76.35622 76.35622 76.35622 76.35622 76.35622 76.35622 67.36414 31.01977 31.01977 31.01977 31.01977 31.01977 31.01977 31.01977 0 0 0 0 0 0 0 0 0 0 0 0 0 0 0 0 0 0 0 0 0 0 0 0 0 0 0 0 0 0 0 0 0 0 0 0
23.74074 23.74074 23.74074 23.74074 23.74074 23.74074 23.74074 23.74074 23.74074 23.74074 23.74875 30.61401 25.43214 32.07236 32.07236 32.07236 32.07236 32.07236 32.07236 32.07236 32.07237 63.61338 70.82124 70.82124 67.79648 44.26554 44.04567 44.04567 44.04567 44.04567 44.04567 43.48761 44.04568 35.08056 41.644 38.09756 24.61912 54.62701 76.35622 76.35622 76.35622 76.35622 76.35622 76.35622 76.35622 70.1823 31.01977 31.01977 31.01977 31.01977 31.01977 31.01977 33.62759 0 0 0 0 0 0 0 0 0 0 0 0 0 0 0 0 0 0 0 0 0 0 0 0 0 0 0 0 0 0 0 0 0 0 0 0
23.74074 23.74074 23.74074 23.74074 23.74074 23.74074 23.74074 23.74074 23.74074 23.74074 24.88515 29.63009 26.26737 32.07236 32.07236 32.07236 32.07236 32.07236 32.07236 32.07236 39.3607 70.43066 70.82124 70.82124 70.82124 65.38011 50.92725 44.04567 44.04567 44.04567 23.52376 12.82243 26.63124 11.51563 9.812116 7.982744 6.770376 30.26909 76.35622 76.35622 76.35622 76.35622 76.35622 76.35622 76.35622 51.54645 31.01977 31.01977 31.01977 31.01977 31.01977 31.01977 0 0 0 0 0 0 0 0 0 0 0 0 0 0 0 0 0 0 0 0 0 0 0 0 0 0 0 0 0 0 0 0 0 0 0 0 0
23.74074 23.74074 23.74074 23.74074 23.74074 23.74074 24.64261 24.64667 28.60199 31.29061 31.96611 25.92632 29.29333 32.07236 32.07236 32.07236 32.07236 32.07236 32.07236 32.07236 43.44828 68.23782 70.82124 70.82124 70.82124 70.82124 70.53983 66.0402 62.43015 53.37829 10.69372 6.770375 6.770376 6.770375 6.770376 6.770375 6.770376 12.89497 69.0033 76.35622 76.35622 76.35621 76.35622 76.35621 76.35622 37.09744 31.01977 31.01976 31.01977 31.01977 31.01977 31.01977 0 0 0 0 0 0 0 0 0 0 0 0 0 0 0 0 0 0 0 0 0 0 0 0 0 0 0 0 0 0 0 0 0 0 0 0 0
23.74074 23.74074 23.74074 23.94032 25.35111 28.05508 31.93861 32.06999 32.07236 32.07236 32.07236 30.92977 32.03058 32.07236 32.07236 32.07236 32.07236 32.07236 32.07236 32.07236 32.07236 37.89957 63.79063 67.8269 70.82124 70.82124 70.82124 70.82124 70.82124 70.82124 24.59513 6.770376 6.770376 6.770376 6.770376 6.770376 6.770375 24.3359 39.80516 76.27271 76.35622 76.35622 76.35622 76.35622 76.34843 36.54009 31.01977 31.01977 31.01977 31.01977 31.01977 31.01977 33.99145 0 0 0 0 0 0 0 0 0 0 0 0 0 0 0 0 0 0 0 0 0 0 0 0 0 0 0 0 0 0 0 0 0 0 0 0
23.74074 23.74074 23.77841 30.09933 32.04202 32.04202 32.04202 32.04729 32.07146 32.07236 32.07236 32.07236 32.07236 32.07236 32.07236 32.07236 32.07236 32.07236 32.07236 32.07236 32.07236 32.07236 32.1052 35.40702 62.40782 70.66688 70.82124 70.82124 70.82124 53.72916 8.041514 6.770375 6.770375 6.770375 6.770375 6.770376 6.770376 6.770376 7.023394 29.81656 63.06573 76.35622 76.35622 76.35622 68.97933 32.06245 31.01977 31.01977 31.01977 31.01977 31.01977 31.01977 31.87143 0 0 0 0 0 0 0 0 0 0 0 0 0 0 0 0 0 0 0 0 0 0 0 0 0 0 0 0 0 0 0 0 0 0 0 0
23.74074 23.74074 27.52478 32.04202 32.04202 32.04202 32.04202 32.04266 32.07137 32.07236 32.07236 32.07236 32.07236 32.07236 32.07236 32.07236 32.07236 32.07236 32.07236 32.07236 32.07236 32.07236 32.07236 32.07236 32.26525 36.53874 56.84448 70.62478 69.12425 14.26711 6.770376 6.770376 6.770375 6.770376 6.770376 6.770376 6.770376 6.770376 6.770376 8.117525 10.68095 51.79177 59.67969 54.87346 42.86742 29.10851 22.26724 20.10913 31.01829 31.01976 31.01977 31.02086 31.4185 32.8124 0 0 0 0 0 0 0 0 0 0 0 0 0 0 0 0 0 0 0 0 0 0 0 0 0 0 0 0 0 0 0 0 0 0 0
23.74074 24.43173 31.49528 32.04202 32.04202 32.04202 32.04202 32.04303 32.0679 32.07236 32.07236 32.07236 32.07236 32.07236 32.07236 32.07236 32.07236 32.07236 32.07236 32.07236 32.07236 32.07236 32.07236 32.07236 32.07236 32.07236 32.07236 23.7843 13.02836 6.770376 6.770376 6.770376 6.770376 6.770376 6.770376 6.770376 6.770376 6.770376 6.770376 8.704431 10.23317 10.61299 10.23317 10.23317 10.23669 10.37817 10.23317 10.48888 30.06168 31.01976 31.76556 0 0 0 0 0 0 0 0 0 0 0 0 0 0 0 0 0 0 0 0 0 0 0 0 0 0 0 0 0 0 0 0 0 0 0 0 0 0
23.74074 27.77504 32.04202 32.04202 32.04202 32.04202 32.04202 32.04202 32.05788 32.07236 32.07236 32.07236 32.07236 32.07236 32.07236 32.07236 32.07236 32.07236 32.07236 32.07236 32.07236 32.07236 32.07236 32.07236 32.07236 32.07236 32.07236 17.00309 4.381463 5.906219 6.767961 6.770376 6.770376 6.770376 6.770376 6.770376 6.770376 6.770376 6.770376 8.373499 10.23317 10.23317 10.23317 10.23317 10.23317 10.23317 10.23317 14.47748 33.6576 40.09328 0 0 0 0 0 0 0 0 0 0 0 0 0 0 0 0 0 0 0 0 0 0 0 0 0 0 0 0 0 0 0 0 0 0 0 0 0 0 0
23.74074 29.65973 32.04202 32.04202 32.04202 32.04202 32.04202 32.04202 32.0491 32.07055 32.07236 32.07236 32.07236 32.07236 32.07236 32.07236 32.07236 32.07236 32.07236 32.07236 32.07236 32.07236 32.07236 32.07236 32.07236 32.07236 32.07236 14.2833 2.784593 2.838227 3.373571 6.427192 6.770375 6.770376 6.770375 6.770375 6.770376 6.770375 7.637836 9.580656 10.23317 10.23317 10.23317 10.23317 10.23317 10.23317 10.23317 16.77719 34.11588 0 0 0 0 0 0 0 0 0 0 0 0 0 0 0 0 0 0 0 0 0 0 0 0 0 0 0 0 0 0 0 0 0 0 0 0 0 0 0 0
26.43709 32.04011 32.04202 32.04202 32.04202 32.04202 32.04202 32.04202 32.04218 32.04252 32.06588 35.77413 41.73534 32.10284 32.07236 32.07236 32.07236 32.07236 32.07236 32.07236 32.07236 32.07236 32.07236 32.07236 32.07236 32.07236 32.01215 11.26237 2.784593 2.784593 2.784593 3.258183 5.350122 6.729247 6.770375 6.770375 6.770376 18.25585 86.11714 61.79654 10.23317 10.23317 10.23317 10.23317 10.23317 10.23317 10.23317 10.23317 21.07709 0 0 0 0 0 0 0 0 0 0 0 0 0 0 0 0 0 0 0 0 0 0 0 0 0 0 0 0 0 0 0 0 0 0 0 0 0 0 0 0
29.53629 32.04202 32.04202 32.04202 32.04202 32.04202 32.04202 32.04202 32.04202 32.04202 32.04202 45.5622 59.52699 39.05421 32.07236 32.07236 32.07236 32.07236 32.07236 32.07236 32.07236 32.07236 32.07236 32.07236 32.07236 32.07236 32.07236 14.78148 2.784593 2.784593 2.784593 2.784593 2.784593 5.137968 6.770376 6.770376 6.770376 41.59571 89.45459 89.4166 29.51283 10.23317 10.23317 10.23317 10.23317 10.23317 10.23317 10.23317 13.11776 0 0 0 0 0 0 0 0 0 0 0 0 0 0 0 0 0 0 0 0 0 0 0 0 0 0 0 0 0 0 0 0 0 0 0 0 0 0 0 0
31.69082 32.04202 32.04202 32.04202 32.04202 32.04202 32.04202 32.04202 32.04202 32.04202 42.26189 62.09145 62.11345 43.10468 32.07236 32.07236 32.07236 32.07236 32.07236 32.07236 32.07236 32.07236 32.07236 32.07236 28.86779 32.07236 18.83804 3.129333 2.784593 2.784593 2.784593 2.784593 2.784593 4.84487 6.698472 6.770376 6.770376 26.32636 89.4546 89.4546 52.82357 10.23317 14.01681 10.23317 10.23317 10.23317 10.23317 10.23317 13.74302 0 0 0 0 0 0 0 0 0 0 0 0 0 0 0 0 0 0 0 0 0 0 0 0 0 0 0 0 0 0 0 0 0 0 0 0 0 0 0 0
32.04202 32.04202 32.04202 32.04202 32.04202 32.04202 32.04202 32.04202 32.04202 32.04202 47.51994 62.11346 62.11346 57.79016 38.91236 32.07236 32.07236 32.07236 32.07236 32.07236 32.07236 34.7424 32.07236 32.07236 17.14651 14.9454 8.916589 2.784593 2.784593 2.784593 2.784593 2.784593 2.784593 2.784593 2.948049 4.036225 11.49146 72.43314 89.45459 89.4546 47.45156 25.62098 42.67959 24.34972 10.26082 10.23317 10.23317 10.23317 14.85307 0 0 0 0 0 0 0 0 0 0 0 0 0 0 0 0 0 0 0 0 0 0 0 0 0 0 0 0 0 0 0 0 0 0 0 0 0 0 0 0
32.04202 32.04202 32.04202 32.04202 32.04202 32.04202 32.04202 32.04202 32.04202 32.04202 57.40947 62.11346 62.11346 62.11346 61.92376 45.80355 35.99171 43.94804 39.57905 50.80859 61.2328 68.30843 42.44196 32.07236 12.13416 2.784593 2.784593 2.784593 2.784593 2.784593 2.784593 2.784593 2.784593 2.784593 2.784593 2.784593 42.36523 89.45459 89.4546 89.4546 50.7021 44.45071 44.45071 44.45071 36.77537 36.88867 35.32432 36.8899 22.80873 0 0 0 0 0 0 0 0 0 0 0 0 0 0 0 0 0 0 0 0 0 0 0 0 0 0 0 0 0 0 0 0 0 0 0 0 0 0 0 0
32.04202 32.04202 32.04202 32.04202 32.04202 32.04202 32.04202 32.04202 32.04202 32.04202 57.73658 62.11346 62.11346 62.11346 62.11346 54.70517 59.80714 62.11346 68.16387 76.48821 76.48821 76.48821 72.89501 69.75187 37.4628 24.94131 2.815859 2.784593 2.784593 2.784593 2.784593 2.784593 2.784593 2.784593 2.784593 2.784593 53.94304 89.4546 89.45459 89.4546 83.94737 59.75772 44.45071 44.45071 44.45071 44.45071 44.45071 44.45071 0 0 0 0 0 0 0 0 0 0 0 0 0 0 0 0 0 0 0 0 0 0 0 0 0 0 0 0 0 0 0 0 0 0 0 0 0 0 0 0 0
32.04202 32.04202 32.04202 32.04202 32.04202 32.04202 32.04202 32.04202 32.04202 32.04202 56.30259 62.11346 62.11346 62.11346 62.11346 62.11346 62.11346 62.11346 68.53153 76.48821 76.48821 76.48821 76.48821 76.48821 76.48821 76.48821 22.80564 2.784593 2.784593 2.784593 2.784593 2.784593 2.784593 2.784593 2.784593 2.784593 54.57317 89.45459 89.4546 89.4546 89.4546 81.15842 44.45071 44.45071 44.45071 44.45071 44.45071 43.1997 0 0 41.77957 0 0 0 0 0 0 0 0 0 0 0 0 0 0 0 0 0 0 0 0 0 0 0 0 0 0 0 0 0 0 0 0 0 0 0 0 0 0
32.04202 32.04202 32.04202 32.04202 32.04202 32.04202 32.04202 32.04202 32.04202 32.21292 60.72355 62.11346 62.11346 62.11346 62.11346 62.11346 62.11346 65.99603 75.74332 76.48821 76.48822 76.48821 76.48822 76.48822 76.35889 36.04247 8.69961 2.784593 18.06698 12.39905 2.784593 2.784593 2.784593 2.784593 2.784593 26.47924 70.46876 88.99554 89.4546 89.45459 89.4546 89.3841 65.86762 49.65915 50.55888 44.45071 44.45071 44.45071 29.85789 23.36453 23.36452 47.38564 0 0 0 0 0 0 0 0 0 0 0 0 0 0 0 0 0 0 0 0 0 0 0 0 0 0 0 0 0 0 0 0 0 0 0 0 0
32.04202 32.04202 32.04202 32.06059 32.04386 32.04202 32.04202 32.04202 32.04202 32.04202 52.18932 62.11345 62.11345 62.11345 62.11345 62.11345 62.11345 69.82643 76.48821 76.48821 76.48821 76.48821 76.48821 76.48821 70.24358 38.9573 27.44236 49.4735 69.71671 65.21937 28.41986 3.294487 2.784593 19.88461 50.80791 69.38655 73.49928 89.45461 89.45459 89.4546 89.4546 89.4546 87.45435 85.24094 56.09137 44.45071 44.45071 44.45071 30.2263 23.36453 24.73408 40.7757 0 0 0 0 0 0 0 0 0 0 0 0 0 0 0 0 0 0 0 0 0 0 0 0 0 0 0 0 0 0 0 0 0 0 0 0 0
32.05608 32.04202 32.18155 32.93963 32.35817 32.04202 32.04202 32.04202 32.04202 32.90533 56.89463 62.11346 62.11346 62.11345 62.11346 62.11345 62.11346 73.52882 76.48821 76.48821 76.48822 76.48821 76.48821 76.48821 70.09812 70.99116 69.82688 69.82688 69.82687 69.82688 69.82689 53.38807 50.04874 69.81009 69.82689 69.82688 72.54629 89.45459 89.4546 89.45459 89.45459 89.45459 89.42885 58.36298 44.45071 44.45071 44.45071 41.15518 23.61498 23.36453 24.53404 0 0 0 0 0 0 0 0 0 0 0 0 0 0 0 0 0 0 0 0 0 0 0 0 0 0 0 0 0 0 0 0 0 0 0 0 0 0
33.03404 32.92163 33.03761 33.05677 32.99489 32.24104 32.04202 32.04202 32.04202 34.97181 60.00568 62.11346 62.11346 62.11345 62.11346 62.11346 62.28232 76.38026 76.48821 76.48821 76.48821 76.48821 76.48821 76.48821 76.18633 71.2087 69.82687 69.82688 69.82688 69.82688 69.82688 69.82688 69.82688 69.82688 69.82688 69.82688 80.77203 89.4546 89.45459 89.4546 89.4546 89.45459 68.6291 44.45071 44.45071 44.45071 44.45071 42.77184 23.40332 23.36452 23.36453 23.36453 25.20035 0 0 0 0 0 0 0 0 0 0 0 0 0 0 0 0 0 0 0 0 0 0 0 0 0 0 0 0 0 0 0 0 0 0 0 0
33.05677 33.05677 33.05677 33.05677 32.98712 32.24886 32.04202 32.04202 32.04202 33.27504 59.41239 62.11346 62.11346 62.11345 62.11346 62.11346 62.11345 74.92461 76.48821 76.48822 76.48822 76.48822 76.48821 76.48821 75.4576 70.7047 69.82688 69.82689 69.82688 69.82689 69.82688 69.82688 69.82689 69.82689 69.82688 69.82689 83.43203 89.4546 89.45459 89.45459 89.45459 89.4546 61.45003 44.45071 44.45071 44.45071 44.45071 40.60837 25.63745 23.36452 23.36453 23.36453 139.944 0 0 0 0 0 0 0 0 0 0 0 0 0 0 0 0 0 0 0 0 0 0 0 0 0 0 0 0 0 0 0 0 0 0 0 0
33.05677 33.05677 33.05677 33.05677 40.61932 41.17996 41.99374 37.07537 32.04202 37.52232 62.11346 62.11345 62.11346 62.11345 62.11346 62.11345 65.9694 76.43522 76.48821 76.48821 76.48821 76.48821 76.48821 76.48821 76.48821 75.8707 71.88522 69.82688 69.82688 69.82688 69.82688 69.82687 69.82688 69.82688 74.30395 79.87072 89.45258 89.45461 89.4546 89.4546 89.4546 84.69801 41.23621 22.55107 27.83726 36.88343 44.45071 39.32678 25.23124 19.51673 20.19294 21.01781 160.6593 0 0 0 0 0 0 0 0 0 0 0 0 0 0 0 0 0 0 0 0 0 0 0 0 0 0 0 0 0 0 0 0 0 0 0 0
33.05677 33.05677 36.02228 44.09827 52.59503 53.611 53.611 52.73713 49.61742 48.9926 62.11346 62.11345 62.11346 62.11346 62.11346 62.11346 70.98067 76.48821 76.48821 76.48821 76.48821 76.48821 76.48821 74.97159 32.38709 31.49873 30.73355 63.64397 69.82689 69.82688 69.82688 69.82688 69.82688 69.82688 80.56854 89.45459 89.4546 89.45459 89.45459 84.51191 70.8368 30.27319 17.41972 17.41972 17.41972 17.442 19.63079 17.57676 17.41972 17.41972 17.41972 17.41972 27.2151 0 0 0 0 0 0 0 0 0 0 0 0 0 0 0 0 0 0 0 0 0 0 0 0 0 0 0 0 0 0 0 0 0 0 0 0
33.05677 33.1391 49.23818 53.611 53.611 53.611 53.61099 53.611 53.611 54.09674 61.52988 62.11345 62.11345 62.11346 62.11345 62.94978 74.95052 76.48821 76.48822 76.48821 76.48821 68.54317 39.58174 32.66611 10.14024 10.14024 10.14024 38.75132 69.82688 69.82688 69.82688 69.82688 69.82687 70.24081 87.13336 89.4546 89.45459 89.4546 87.38924 26.27442 17.41972 17.41972 17.41972 17.41972 17.41972 17.41972 17.41972 17.41972 17.41972 17.41972 17.41972 19.35125 0 0 0 0 0 0 0 0 0 0 0 0 37.10914 37.34174 40.3949 0 32.95346 30.73857 30.73857 30.73857 33.00073 0 41.91319 42.31891 43.39144 43.4402 43.4402 43.47951 0 0 0 0 0 0 0 0 0
33.05677 41.49405 53.611 53.611 53.611 53.611 53.611 53.611 53.611 53.611 60.40902 62.11346 62.11345 63.36037 67.03484 69.70258 76.48822 76.48821 76.48821 76.48821 72.29369 23.09856 10.14024 10.14024 10.14024 10.14024 10.14024 32.06547 69.82688 69.82689 69.82689 69.82688 69.82688 76.21118 89.4546 88.56681 75.52168 88.34594 56.55814 17.41972 17.41972 17.41972 17.41972 17.41972 17.41972 17.41972 17.41972 17.41972 17.41972 17.41972 21.7429 0 0 0 0 0 0 0 0 74.59294 64.22141 61.69662 32.77604 30.73857 30.73857 30.73857 30.73857 30.73857 30.73857 30.73857 31.65017 35.28237 39.02094 43.22406 43.4402 43.4402 43.4402 43.4402 43.96212 0 0 0 0 0 0 0 0 0 0
33.05677 39.09171 53.611 53.611 53.611 53.611 53.611 53.611 53.611 53.611 58.45674 62.11346 62.11345 66.94273 70.80324 73.55283 76.48821 76.48822 76.48822 76.48822 51.67456 15.40122 31.55794 11.03049 10.14024 10.14024 10.14024 31.4952 69.82688 62.96687 43.36427 47.68373 70.42799 85.75103 89.4546 43.34158 17.41972 26.69162 27.56801 17.41972 17.41972 17.41972 17.41972 17.41972 17.41972 17.41972 17.41972 17.41972 17.41972 17.41972 0 0 0 0 0 0 0 375.9843 141.5286 78.36035 61.84068 58.71949 37.69291 30.73857 30.73857 30.73857 30.73857 30.73857 30.73857 31.55871 40.41914 43.4402 43.4402 43.4402 43.44021 43.4402 43.4402 45.43425 0 0 0 0 0 0 0 0 0 0 0
33.05677 46.4454 53.611 53.611 53.611 53.611 53.611 53.611 53.611 53.611 55.17226 63.94892 62.30125 69.64818 70.80324 73.05656 76.48822 76.48821 76.48821 76.48821 76.48821 74.91504 76.48821 28.46241 10.14024 10.14024 10.14024 12.59377 17.26318 12.20663 10.14034 15.31126 80.20731 89.45459 89.4546 68.82482 24.2261 17.41972 17.41972 17.41972 17.41972 17.41972 17.41972 17.41972 17.41972 17.41972 17.41972 17.41972 53.64615 0 0 0 0 0 0 0 218.0827 178.5519 178.5518 163.9479 72.66491 61.84068 54.847 30.74153 30.73857 30.73857 30.73857 31.14726 36.92342 55.10122 43.57674 43.4402 43.4402 43.4402 43.4402 44.79873 45.69667 0 0 0 0 0 0 0 0 0 0 0 0
33.05677 48.62081 53.611 53.611 53.611 53.611 53.611 53.611 53.611 53.611 54.29327 69.595 64.92863 70.80323 71.15849 75.86428 76.48821 76.48821 76.48821 76.48821 76.48821 76.48822 76.48821 32.67105 10.14024 10.14024 10.14024 10.14024 10.14024 10.14024 10.14686 15.91171 50.01479 89.12875 89.45459 89.45459 48.10914 17.41972 17.41972 17.41972 17.41972 17.41972 17.41972 17.41972 17.41972 17.41972 17.41972 27.34136 0 0 0 0 0 0 253.2074 235.3389 178.5518 178.5518 178.5518 144.9371 76.56013 61.84067 59.83805 31.03824 30.73857 30.73857 31.15998 33.86332 49.12172 83.07548 64.29009 53.62883 57.99043 43.58633 49.97567 51.52845 0 0 0 0 0 0 0 0 0 0 0 0 0
33.50101 51.67347 53.611 53.611 53.611 53.611 53.61099 61.25658 64.93269 65.30031 68.08883 71.03105 70.2179 70.80323 70.85021 72.55617 72.98643 74.54065 74.73604 74.8298 74.89008 74.75937 74.08615 53.82341 10.14024 10.14024 10.14024 10.14024 10.14024 10.14024 10.14024 14.35532 17.4136 31.6076 39.39221 49.52756 18.64928 17.41972 17.41972 17.41972 17.41972 17.41972 17.41972 17.41972 17.41972 17.41972 17.41972 17.41972 17.93065 76.26544 0 0 0 160.9462 176.7511 178.5518 178.5519 178.5518 178.5519 107.1356 72.01321 61.84068 46.42241 30.73857 30.73857 31.2114 33.85463 34.31072 37.00764 81.96327 83.07548 83.07548 83.07548 75.85943 82.6377 74.09715 0 0 0 0 0 0 0 0 0 0 0 0 0
35.56686 53.53346 53.611 53.611 53.611 53.63631 54.25535 73.76276 74.53412 74.53411 72.99847 70.84235 70.80323 70.80323 70.80323 70.80323 70.80323 70.80323 70.80324 70.80323 70.80323 70.80323 70.80323 73.26315 32.61929 10.14024 10.14024 10.14024 10.14024 10.14024 10.14024 10.14024 16.06841 17.41972 17.41972 17.41972 17.41972 17.41972 17.41972 17.41972 17.41972 17.41972 17.41972 17.41972 17.41972 17.41972 17.41972 17.41972 17.41972 20.04449 94.61305 94.254 84.49955 87.86729 172.8699 178.5519 178.5518 178.5518 178.5518 178.5519 96.31921 60.97955 32.48891 30.73857 30.74841 33.43223 34.31072 34.31072 34.31072 71.49454 83.07549 83.07549 83.07549 83.60831 83.07549 82.5752 0 0 0 0 0 0 0 0 0 0 0 0 0
58.76945 69.92416 67.41368 62.82827 67.62486 71.54759 71.89995 74.53412 74.53412 74.53412 72.89441 70.80323 70.80323 70.80323 70.80324 70.80324 70.80323 70.80323 70.80324 70.80323 70.80323 70.80323 71.53179 67.19607 16.27716 10.14024 10.14024 10.14024 10.14024 10.14024 10.14024 11.0524 17.01307 17.41972 17.41972 17.41972 17.41972 17.41972 17.41972 17.41972 17.41972 17.41972 17.41972 17.41972 17.41972 19.08069 57.11859 57.4502 62.4111 71.85928 84.43452 84.43452 84.43452 84.43452 88.52495 162.0468 178.5518 178.5519 178.5518 142.3133 62.59489 60.5927 41.80346 32.58216 33.61164 34.31072 34.31072 34.31072 34.31072 46.57322 77.63345 83.07549 83.07549 106.5826 111.3915 94.25443 0 0 0 0 0 0 0 0 0 0 0 0 0
74.53412 74.53412 74.53411 74.53412 74.53412 74.53411 74.53412 74.53412 74.53412 74.53411 74.06603 70.80346 70.80323 70.80323 70.80324 70.80323 70.80323 70.80323 70.80323 70.80323 70.80323 70.80323 74.54203 40.98134 10.14024 10.14024 10.14024 10.14024 10.14024 11.53309 15.46633 16.69914 17.41972 17.41972 17.41972 17.41972 17.41972 17.41972 17.41972 17.41972 17.41972 17.41972 17.41972 17.41972 17.41972 31.86673 80.67494 84.43452 84.43452 84.43452 84.43452 84.43452 84.43452 84.43452 84.73502 170.6911 178.5518 178.5518 178.5518 117.5262 38.34196 37.67359 39.94376 34.31072 34.31072 34.31072 34.31072 34.31072 34.31072 34.31072 38.41333 62.30637 89.84234 121.3876 124.8923 124.5675 121.2514 110.8145 0 0 0 0 0 0 0 0 0 0 0
74.53411 74.53412 74.26229 73.56806 74.36597 74.53411 74.53411 74.53411 74.53411 74.5159 72.30243 70.80323 70.80323 70.80323 70.80323 70.80323 70.80323 70.80323 70.80323 70.80323 70.80323 70.67002 50.28571 12.18789 10.14024 10.14024 10.14024 10.14024 10.14024 10.45325 11.91651 13.76626 16.09784 16.36621 16.90458 17.41972 17.41972 17.41972 17.41972 17.41972 17.41972 17.28992 16.71053 48.30513 70.8861 83.19672 84.43452 84.43452 84.43452 84.43452 84.43452 84.43452 84.38634 81.87756 74.17771 104.9025 177.6014 178.5518 138.3514 62.38924 38.46735 34.31072 34.31072 34.31072 34.31072 34.31072 34.31072 34.31072 34.31072 34.31072 34.31072 34.31072 53.90602 124.3363 124.8923 124.8923 124.8923 124.8923 123.4214 0 0 0 0 0 0 0 0 0 0
74.35499 73.15623 71.56842 70.89149 74.02505 74.53412 74.53411 74.53412 74.53411 74.3848 70.80914 70.80324 70.80324 65.59562 70.14426 70.80324 70.80324 70.80324 70.80324 70.80324 70.80324 45.48894 10.14024 10.14024 10.14024 10.14024 10.14024 10.14024 10.14024 10.14024 10.14024 10.14024 10.14024 10.14024 10.24812 16.90377 17.41972 17.41972 16.19034 14.97095 12.9995 10.72585 11.69772 40.50832 77.75584 84.43452 84.43452 84.43452 84.43452 84.43452 84.43452 84.43452 69.61175 60.37638 60.37638 60.37638 133.3918 129.6033 86.69707 58.54714 37.88749 34.31072 34.31072 34.31072 34.31072 34.31072 34.31072 34.31072 34.31072 34.31072 34.31072 34.31072 35.10361 100.8492 124.8923 124.8923 124.8923 124.8923 124.2779 0 0 0 0 0 0 0 0 0 0
