Scenarios/Global_Grid/data/country_data_population_distribution/processed/density_grids/mmr.asc
ncols 220
nrows 493
xllcorner 92
yllcorner 8
[rows 234 to 272 of 493, columns 89 to 177 of 220]
88.40818 136.2707 143.2883 143.2883 143.2883 143.2883 131.8859 120.7062 108.8472 106.347 106.4032 106.4044 106.4044 106.4044 106.4044 106.4044 106.4044 106.4044 106.4044 106.4044 106.4044 138.976 208.1841 208.1841 177.257 18.38097 11.74151 11.15265 11.15265 11.15265 11.15265 11.15265 11.15265 11.15265 11.11106 5.613312 9.926351 17.73973 17.73973 17.73973 17.73973 17.73973 15.40912 2.489012 2.489012 2.489012 2.489012 2.489012 2.489012 2.489012 2.489012 2.489012 2.489012 0 0 0 0 0 0 0 0 0 0 0 0 0 0 0 0 0 0 0 0 0 0 0 0 0 0 0 0 0 0 0 0 0 0 0 0
142.629 143.2883 143.2883 143.2883 143.2883 142.7239 131.9806 122.8385 116.3793 106.2835 106.3084 106.361 106.4044 106.385 106.3646 106.3993 106.4044 106.4044 106.3657 106.3913 106.4044 123.8889 208.1842 208.1841 208.0552 50.87711 11.15265 11.15266 11.15265 11.15265 11.15265 11.15266 11.15265 11.02342 4.602972 2.573507 3.26715 16.53357 17.73973 17.73973 17.73973 17.73973 17.08234 2.557511 2.489012 2.489012 2.489012 2.489012 2.489012 2.489012 2.489012 2.489012 2.489012 0 0 0 0 0 0 0 0 0 0 0 0 0 0 0 0 0 0 0 0 0 0 0 0 0 0 0 0 0 0 0 0 0 0 0 0
144.8035 143.2883 143.2883 143.2883 141.8448 128.1951 122.8385 122.8385 122.5921 108.7429 106.2835 106.2838 106.3162 106.2836 106.2835 106.2864 106.3113 106.362 106.296 106.3479 106.4044 134.9306 205.0766 208.1841 208.1841 198.2904 34.0089 11.15265 11.15265 11.15265 11.15265 11.15265 11.15265 8.696667 2.573439 2.573439 2.573439 7.066762 9.644624 12.13296 12.78443 11.17158 14.48325 5.111495 2.489012 2.489012 2.489012 2.489012 2.489012 2.489012 2.489012 2.489012 2.489012 6.420563 0 0 0 0 0 0 0 0 0 0 0 0 0 0 0 0 0 0 0 0 0 0 0 0 0 0 0 0 0 0 0 0 0 0 0
145.5596 143.2883 143.2883 143.2883 128.1857 122.8385 122.8385 122.8385 122.8385 120.44 106.5818 106.2835 106.2835 106.2835 106.2835 106.2835 106.2835 106.2835 106.2835 106.3256 106.4044 106.4044 152.7063 208.1842 208.1842 195.4156 102.4046 12.73273 14.22997 11.17383 11.15265 15.62924 27.39709 22.95404 2.573439 2.573439 2.573439 2.573439 2.573439 2.573439 2.573439 2.573439 4.521536 9.931124 2.489012 2.489012 2.489012 2.489012 2.489012 2.489012 2.489012 2.489012 2.489012 6.391891 0 0 0 0 0 0 0 0 0 0 0 0 0 0 0 0 0 0 0 0 0 0 0 0 0 0 0 0 0 0 0 0 0 0 0
149.4298 143.2883 143.2883 138.7814 124.2815 122.8385 122.8385 122.8385 122.8385 117.7842 106.2835 106.2835 106.2835 106.2835 106.2835 106.2835 106.2835 106.2835 106.2835 106.2844 106.357 106.3878 113.6905 175.3608 205.8249 89.05611 53.53886 35.34866 52.44741 39.63161 34.31463 49.49319 53.53886 49.38332 12.21763 2.573439 2.573439 2.573439 2.573439 2.573439 2.573439 2.573439 2.573439 5.7244 2.489012 2.489012 2.489012 2.489012 2.489012 2.489012 2.489012 2.489012 2.489012 7.272548 0 0 0 0 0 0 0 0 0 0 0 0 0 0 0 0 0 0 0 0 0 0 0 0 0 0 0 0 0 0 0 0 0 0 0
143.2883 143.2883 143.2883 128.5658 122.8385 122.8385 122.8385 122.8385 122.8385 121.5461 107.0061 106.2835 106.2835 106.2835 106.2835 106.2835 106.2835 106.2835 106.2835 106.2835 106.2849 106.2836 106.2835 107.5117 146.7685 82.3056 53.53886 53.53887 53.53886 53.53886 53.53886 53.53887 53.53886 53.53886 21.91859 2.573439 2.573439 2.573439 2.573439 2.573439 2.573439 2.573439 2.573439 0 7.677529 2.783886 2.489012 2.489012 2.489012 3.133155 0 0 0 0 0 0 0 0 0 0 0 0 0 0 0 0 0 0 0 0 0 0 0 0 0 0 0 0 0 0 0 0 0 0 0 0 0 0 0
143.2883 143.2883 141.0254 125.7025 122.8385 122.8385 122.8385 122.8385 122.2358 115.1529 107.0105 106.2835 106.2835 106.2835 106.2835 106.2835 106.2835 106.2835 106.2835 106.2835 106.2835 106.2835 106.2835 106.2835 102.9625 68.54148 53.53887 53.53886 53.53886 53.53886 53.53886 53.53886 53.53886 53.53886 27.04055 2.573439 2.573439 2.573439 2.573439 2.573439 2.573439 2.573439 2.573439 5.477222 0 7.355507 3.145261 2.489012 0 0 0 0 0 0 0 0 0 0 0 0 0 0 0 0 0 0 0 0 0 0 0 0 0 0 0 0 0 0 0 0 0 0 0 0 0 0 0 0 0
139.3359 130.3617 123.2683 122.8385 122.8385 122.8385 122.8385 122.8385 115.2044 103.5897 106.2835 105.9284 106.2106 106.2835 106.2835 106.2835 106.2835 106.2835 106.2835 106.2835 106.2835 106.2835 106.2835 106.2835 106.2835 87.09713 53.86426 53.53887 53.53886 53.53886 53.53886 53.53887 53.53886 53.53887 21.17741 2.573439 2.573439 2.573439 2.573439 2.573439 2.573439 2.573439 2.573439 2.573439 0 0 0 0 0 0 0 0 0 0 0 0 0 0 0 0 0 0 0 0 0 0 0 0 0 0 0 0 0 0 0 0 0 0 0 0 0 0 0 0 0 0 0 0 0
123.0481 122.8385 122.8384 122.8385 122.8385 141.6908 146.4008 134.2216 138.7249 90.48073 92.34749 86.707 90.02673 106.0074 103.4849 102.381 106.1117 106.2835 106.2835 104.1507 105.5626 106.2835 106.2835 106.2835 106.2835 106.2303 64.95505 53.53887 53.53887 53.53886 53.53886 53.53886 53.53886 53.40971 9.723207 2.573439 2.573439 2.573439 2.573439 2.573439 2.573439 2.573439 2.573439 2.573439 4.31873 0 0 0 0 0 0 0 0 0 0 0 0 0 0 0 0 0 0 0 0 0 0 0 0 0 0 0 0 0 0 0 0 0 0 0 0 0 0 0 0 0 0 0 0
122.8385 152.4665 160.0417 189.6319 224.9416 241.7293 160.4259 145.4695 145.4695 139.3549 106.3658 84.67518 84.14373 85.77984 84.14372 84.14372 91.77708 92.87598 94.84375 84.40385 87.70854 104.0074 106.2835 106.2835 106.2835 106.2835 85.64503 53.53887 53.53886 53.53887 53.53887 53.53886 53.53887 53.53886 31.29755 2.573439 2.573439 2.573439 2.573439 2.573439 2.573439 2.573439 2.573439 2.573439 2.573439 8.043134 0 0 0 0 0 0 0 0 0 0 0 0 0 0 0 0 0 0 0 0 0 0 0 0 0 0 0 0 0 0 0 0 0 0 0 0 0 0 0 0 0 0 0
150.4315 247.278 250.9336 250.9335 250.0262 204.522 145.4695 145.4695 145.4695 145.4695 142.1316 88.03941 84.14372 84.14372 84.14372 84.14373 84.14372 84.14372 84.14372 84.14373 84.14372 89.56638 105.5604 106.2835 106.2835 106.2835 101.9543 54.65761 53.53887 53.53887 53.53886 53.53886 53.53886 53.53886 53.50949 46.27441 8.678465 2.573439 2.573439 2.573438 2.573439 2.573439 2.573439 2.573439 2.573439 7.031801 0 0 0 0 0 0 0 0 0 0 0 0 0 0 0 0 0 0 0 0 0 0 0 0 0 0 0 0 0 0 0 0 0 0 0 0 0 0 0 0 0 0 0
182.0806 250.9335 230.0197 219.8428 173.3872 145.4695 145.4695 132.527 126.6364 140.217 145.4695 119.7009 84.50312 84.14372 84.14372 84.14372 84.14373 84.14372 84.14372 84.14372 84.14372 84.14372 88.96191 97.63924 105.9128 106.2835 106.1987 62.65089 53.53886 53.53886 53.53886 53.53886 53.53886 53.53886 53.53886 53.53886 14.31576 36.31749 2.573439 2.573439 2.573439 2.573439 2.573439 2.573439 2.573439 3.335304 0 0 4.154194 5.768065 0 0 0 0 0 0 0 0 0 0 0 0 0 0 0 0 0 0 0 0 0 0 0 0 0 0 0 0 0 0 0 0 0 0 0 0 0 0 0
201.3721 169.2868 145.6991 145.4695 145.4695 128.4888 119.9208 115.7327 114.7889 118.7615 140.3686 126.1921 92.52613 84.14372 84.14372 84.14372 84.14372 84.14372 84.14373 84.14372 84.14373 84.14372 84.14373 84.14372 88.70893 96.90029 99.76364 62.52374 53.53886 53.53886 53.53886 53.53886 53.53886 53.53886 53.53886 53.53886 53.53672 53.44948 10.32068 2.573439 2.573439 2.573439 2.573439 2.573439 2.573439 2.573439 4.180107 9.065281 2.573439 3.033966 0 0 0 0 0 0 0 0 0 0 0 0 0 0 0 0 0 0 0 0 0 0 0 0 0 0 0 0 0 0 0 0 0 0 0 0 0 0 0
145.4695 145.4695 145.4695 145.4695 136.3393 114.9762 114.7889 114.7889 114.7889 114.7889 114.7889 114.7889 109.286 84.15978 84.14372 84.14372 84.14373 84.14373 84.14372 84.14372 84.14373 84.14372 84.14373 84.14372 84.14373 84.14372 84.14372 62.18922 53.53887 53.53887 53.53886 53.53887 51.39143 53.53887 53.53886 53.53887 53.53886 53.51588 12.58124 2.573439 2.573439 2.573439 2.573439 2.573439 2.573439 2.573439 2.573439 2.573439 2.573439 6.10291 0 0 0 0 0 0 0 0 0 0 0 0 0 0 0 0 0 0 0 0 0 0 0 0 0 0 0 0 0 0 0 0 0 0 0 0 0 0 0
145.4695 145.4695 142.6328 133.3751 121.6038 114.789 114.7889 114.789 114.7889 114.789 114.7889 114.789 114.7687 93.98056 84.14372 84.14373 84.14372 84.14372 84.14372 84.14373 84.14373 84.14373 84.14372 84.14372 84.14372 84.14373 84.14372 71.11234 54.65012 49.83163 46.20203 49.21664 44.36006 51.50326 52.65142 51.49117 48.82961 43.69464 25.5027 4.459094 2.573439 2.573439 2.573439 2.573439 2.573439 2.573439 2.573439 2.573439 2.573439 2.573439 10.07285 0 0 0 0 0 0 0 0 0 0 0 0 0 0 0 0 0 0 0 0 0 0 0 0 0 0 0 0 0 0 0 0 0 0 0 0 0 0
145.438 140.2519 123.0295 114.7889 114.7889 114.7889 114.7889 114.7889 114.7889 114.7889 114.7889 114.7889 114.8195 108.1317 84.39162 84.14372 84.14372 84.14372 84.14372 84.14372 84.14372 84.14372 84.14372 84.14372 84.14372 84.14372 84.14372 83.08154 69.70441 43.16381 42.16552 42.16552 42.16552 43.0766 44.05332 42.16552 42.16552 42.16552 42.16552 26.30644 2.573439 2.573439 2.573439 2.573439 2.573439 2.573439 2.573439 2.573439 2.573439 2.573439 2.573439 0 0 0 0 0 0 0 0 0 0 0 0 0 0 0 0 0 0 0 0 0 0 0 0 0 0 0 0 0 0 0 0 0 0 0 0 0 0
149.836 114.7889 114.7889 114.7889 114.7889 114.7889 114.7889 119.1634 146.4589 146.481 133.415 116.1494 116.6484 116.8954 110.9249 91.68584 84.14372 84.14372 84.14372 84.14372 84.14372 84.14372 84.14372 84.14372 84.14372 84.14372 104.4501 147.6268 95.48871 42.24879 42.16552 42.16552 42.16552 42.16552 42.16552 42.16552 42.16552 42.16552 42.16552 13.19888 2.573439 2.573439 2.573439 2.573439 2.573439 2.573439 2.573439 2.573439 2.573439 2.573439 2.573439 0 0 0 0 0 0 0 0 0 0 0 0 0 0 0 0 0 0 0 0 0 0 0 0 0 0 0 0 0 0 0 0 0 0 0 0 0 0
159.0639 114.9015 117.2429 114.7889 114.7889 123.9378 139.6162 170.5059 171.6992 146.5898 119.7414 116.8956 116.8956 116.8956 116.8956 102.264 84.14372 84.14372 84.14372 84.14372 84.14372 84.14372 84.14372 84.14372 84.14372 84.14372 191.1162 263.1982 253.2338 124.2077 58.61413 42.16552 42.16552 42.16552 42.16552 42.16552 42.16552 42.16552 40.14845 4.588772 2.573439 2.573439 2.573439 2.573439 2.573439 2.573438 2.573439 2.573439 2.573439 2.573439 2.573439 6.254665 0 0 0 0 0 0 0 0 0 0 0 0 0 0 0 0 0 0 0 0 0 0 0 0 0 0 0 0 0 0 0 0 0 0 0 0 0
184.7954 166.977 168.5753 165.2203 154.5661 170.9806 172.6659 166.3567 128.3803 116.8956 116.8956 116.8956 116.8956 119.1968 116.8956 106.4937 84.14372 84.14372 84.14372 84.14372 84.14371 84.14372 84.14372 84.14373 106.0137 127.5012 258.5433 263.1982 263.1982 260.063 77.37293 42.16552 42.16552 42.16552 42.16552 42.16552 42.16552 42.16552 18.21195 2.573439 2.573439 2.573439 2.573439 2.573439 2.573439 2.573439 2.573439 2.573439 2.573439 2.573439 2.573439 2.573439 0 0 0 0 0 0 0 0 0 0 0 0 0 0 0 0 0 0 0 0 0 0 0 0 0 0 0 0 0 0 0 0 0 0 0 0 0
199.0148 174.6319 172.6659 172.6659 172.6659 172.6659 172.6659 152.2893 117.7949 116.8956 116.8956 116.8956 126.8486 156.0388 127.1751 124.1549 99.08604 84.14372 84.14372 84.14372 84.14373 84.14372 84.14372 84.14372 116.789 260.1252 263.1982 263.1982 263.1982 263.1982 185.6488 42.20506 42.16552 42.16552 42.16552 42.16552 42.16552 35.76853 2.646019 2.573439 2.573439 2.573439 2.573439 2.573439 2.573439 2.573439 2.573439 2.573439 2.573439 2.573439 2.573439 2.573439 8.545053 0 0 0 0 0 0 0 0 0 0 0 0 0 0 0 0 0 0 0 0 0 0 0 0 0 0 0 0 0 0 0 0 0 0 0 0
191.6283 172.7769 172.6659 172.6659 172.6659 172.6659 172.6659 171.3218 130.9916 116.8956 116.8956 117.1489 122.0755 158.5384 162.4657 162.4646 160.4237 140.2013 132.6999 88.44771 109.4029 119.8451 128.5139 124.1409 101.1079 156.4331 257.3018 263.1982 263.1982 263.1983 249.2846 102.6277 42.16553 42.16553 42.16553 42.16553 42.16552 37.77834 5.360075 2.573439 2.573439 2.573439 2.573439 2.573439 2.573439 2.573439 2.573439 2.573439 2.573439 2.573439 2.573439 5.279602 0 0 0 0 0 0 0 0 0 0 0 0 0 0 0 0 0 0 0 0 0 0 0 0 0 0 0 0 0 0 0 0 0 0 0 0 0
168.9729 153.2696 171.528 172.6659 172.6659 172.6659 144.7801 123.371 116.8956 124.1208 125.3092 136.7477 151.8327 155.4681 162.4657 162.4657 162.4656 162.4656 156.2714 139.4192 150.49 150.49 150.49 150.49 150.49 150.49 239.9634 263.1982 263.1982 263.1982 263.1982 123.8679 42.16552 42.16552 42.16552 42.16552 42.16552 42.16552 23.40463 2.573439 2.573438 2.573439 2.573439 2.573439 2.573438 2.573439 2.573438 2.573439 2.573438 2.573439 2.573439 0 0 0 0 0 0 0 0 0 0 0 0 0 0 0 0 0 0 0 0 0 0 0 0 0 0 0 0 0 0 0 0 0 0 0 0 0 0
134.8439 117.9952 133.8624 131.5459 142.9288 134.2342 119.2331 116.8956 116.8956 134.6825 139.4431 139.4431 148.1423 162.4656 162.4656 162.4656 162.4656 162.4656 162.4656 158.5782 150.5634 150.49 150.49 150.49 150.49 150.49 227.3314 248.2614 254.2399 263.1982 263.1982 207.3813 42.16848 42.16552 42.16552 42.16552 42.16552 42.16552 39.26373 3.671678 2.573439 2.573439 2.573439 2.573439 2.573439 3.009407 10.15678 13.70703 14.00359 14.3316 13.96615 0 0 0 0 0 0 0 0 0 0 0 0 0 0 0 0 0 0 0 0 0 0 0 0 0 0 0 0 0 0 0 0 0 0 0 0 0 0
116.8956 116.8956 116.8956 116.8956 116.8956 116.8956 116.8956 116.8956 117.0685 131.3549 139.4431 139.4431 141.7271 162.4255 162.4657 162.4657 162.4656 162.4656 162.4656 162.4656 156.5128 150.49 150.49 150.49 150.49 150.49 151.7629 155.438 208.8015 263.1982 263.1982 218.1012 45.90037 42.16552 42.16552 42.16552 42.16552 42.16552 42.16552 25.66143 2.573439 2.573439 2.573439 2.573439 2.573439 4.176496 14.75283 14.75283 14.75283 14.75283 14.75283 17.63062 0 0 0 0 0 0 0 0 0 0 0 0 0 0 0 0 0 0 0 0 0 0 0 0 0 0 0 0 0 0 0 0 0 0 0 0 0
116.8956 116.8956 118.3277 129.922 116.8956 118.8314 126.5772 127.3627 128.5353 139.4431 139.4431 153.8273 174.2121 164.7964 162.4657 162.4656 162.4656 162.4656 162.4656 162.4656 157.5898 150.49 150.49 150.49 150.49 150.49 150.49 150.49 156.1083 208.4909 208.22 263.1982 87.8694 42.16552 42.16552 42.16552 42.16552 42.16552 42.15684 17.60718 2.573439 2.573439 2.573439 2.573439 5.533559 13.12228 14.75283 14.75283 14.75283 14.75283 14.75283 15.95078 18.17561 0 0 0 0 0 0 0 0 0 0 0 0 0 0 0 0 0 0 0 0 0 0 0 0 0 0 0 0 0 0 0 0 0 0 0 0
116.8956 121.5237 126.7935 138.5231 126.7621 136.9199 139.4431 139.4431 139.4431 139.4431 143.4492 173.2252 177.9093 166.935 162.4656 162.4656 162.4656 162.4656 162.4656 162.4656 160.4688 151.3214 150.49 150.49 150.49 150.49 150.49 150.49 150.49 150.49 171.425 195.0386 44.79307 42.16552 42.16552 42.16552 42.16552 42.16552 36.70981 2.873962 2.573439 2.573439 2.573439 4.43482 12.05326 14.75283 14.75283 14.75283 14.75283 14.75283 14.75283 15.63414 17.17954 0 0 0 0 0 0 0 0 0 0 0 0 0 0 0 0 0 0 0 0 0 0 0 0 0 0 0 0 0 0 0 0 0 0 0 0
116.8956 131.5237 139.4431 139.4431 139.4431 139.4431 139.4431 139.4431 139.4431 139.454 165.3383 177.9093 177.8378 166.2 162.4656 162.4656 162.4656 162.4656 162.4656 162.4656 162.4656 159.0474 150.6344 150.49 150.49 150.49 150.49 150.49 150.49 150.49 159.5667 174.2202 68.46291 42.16552 42.16552 42.16552 42.16552 42.16552 41.47262 7.693611 2.573439 2.573438 2.573439 30.25288 100.9054 28.77946 14.75283 14.75283 14.75283 14.75283 14.75283 14.95416 17.17954 18.84144 0 0 0 0 0 0 0 0 0 0 0 0 0 0 0 0 0 0 0 0 0 0 0 0 0 0 0 0 0 0 0 0 0 0 0
117.6219 122.8516 139.4431 139.4431 139.4431 139.4431 139.4431 139.4431 141.4284 159.2771 177.8563 177.9093 177.9093 176.4776 165.4434 162.4656 162.4656 162.4656 162.4656 162.4656 162.4656 162.408 151.0604 150.49 150.49 150.49 150.49 153.0738 150.7857 167.4639 177.6754 177.9467 55.5937 42.16553 42.16552 42.16553 42.16552 42.16552 42.16552 23.40698 2.573439 2.573439 4.344102 82.10889 144.4456 128.2343 18.03592 14.75283 14.75283 14.75283 14.75283 14.8872 17.15456 17.17954 20.06436 0 0 0 0 0 0 0 0 0 0 0 0 0 0 0 0 0 0 0 0 0 0 0 0 0 0 0 0 0 0 0 0 0 0
313.6725 256.4676 230.6161 148.2228 139.4431 139.4431 139.4431 139.4431 156.4049 177.9093 177.9093 177.9093 177.9093 189.0901 186.0773 162.4656 162.4656 162.4656 162.4656 162.4656 162.4656 162.4656 160.7242 158.2156 154.5018 152.5819 168.0449 178.8989 176.5782 178.0099 179.3282 179.3282 142.1331 152.839 127.9315 50.76713 42.16552 42.16552 42.16552 35.63907 2.573439 26.67955 33.23589 76.82333 138.8878 144.4456 96.52222 14.75283 14.75283 14.75283 14.75283 14.75283 16.83735 17.17954 17.17954 19.74387 0 0 0 0 0 0 0 0 0 0 0 0 0 0 0 0 0 0 0 0 0 0 0 0 0 0 0 0 0 0 0 0 0
278.5947 274.2076 274.1883 173.8992 139.4431 139.4431 143.5689 165.7616 173.7461 177.9093 177.9093 179.6206 191.3434 200.6645 200.7861 171.0365 162.4656 162.4656 162.4656 162.4656 162.4656 162.4656 162.4656 162.4656 162.4656 170.2807 179.3282 179.3282 179.3282 179.3282 179.3282 179.2893 177.7414 177.7129 177.7129 146.9293 83.77216 42.26645 42.16552 35.53769 26.08168 75.84387 76.59547 76.59547 104.6914 141.0062 90.83397 14.75283 14.75283 14.75283 14.75283 14.75283 15.97016 17.17954 17.17954 17.17954 18.93026 0 0 0 0 0 0 0 0 0 0 0 0 0 0 0 0 0 0 0 0 0 0 0 0 0 0 0 0 0 0 0 0
274.1883 274.1883 274.1883 258.1701 158.9279 140.7459 166.588 177.9093 177.9093 177.9093 177.9093 181.0606 200.7622 200.9086 200.9086 191.8883 162.4656 162.4656 162.4656 162.4656 162.4656 162.4656 162.4656 162.4656 162.4698 171.4121 179.3282 179.3282 179.3282 179.3282 179.3282 179.2864 177.7129 177.7129 177.7129 177.7129 177.7129 77.63557 51.04988 58.11661 73.74695 76.59547 76.59547 76.59546 76.59547 113.7738 129.3147 15.71872 14.75283 14.75283 14.75283 14.75283 14.91061 17.12857 17.17954 17.17954 17.17954 20.74212 0 0 0 0 0 0 0 0 0 0 0 0 0 0 0 0 0 0 0 0 0 0 0 0 0 0 0 0 0 0 0
274.1883 274.1883 274.1884 274.1884 212.6761 155.4592 177.9093 177.9093 177.9093 177.9093 177.9093 181.6533 200.8472 200.9086 200.9087 199.0577 180.0099 166.3522 162.4656 162.4656 162.4657 162.4656 162.4657 162.4656 164.73 179.3282 179.3282 179.3282 179.3282 179.3282 179.3282 179.3282 177.7443 177.7129 177.7129 177.7129 177.7129 142.9111 169.7765 126.5054 76.92944 76.59547 76.59547 76.59547 76.59547 124.0253 144.4456 46.80612 14.75283 14.75283 14.75283 14.75283 14.75283 16.44908 17.17954 17.17954 17.17954 17.17954 17.18327 0 0 0 0 0 0 0 0 0 0 0 0 0 0 0 0 0 0 0 0 0 0 0 0 0 0 0 0 0 0
274.1884 274.1884 274.1883 229.7801 179.5903 177.9093 177.9093 177.9093 177.9093 177.9093 177.9093 178.7658 192.3322 200.9087 200.9086 200.9087 200.9086 189.3598 162.4656 162.4656 162.4656 162.4656 162.4656 162.4657 166.9787 179.3282 179.3282 179.3282 179.3282 179.3282 179.3282 179.3282 177.7818 177.7129 177.7129 177.7129 177.7129 177.7129 177.7129 107.4833 78.67979 76.59547 76.59546 76.59547 76.59546 109.641 144.4456 123.7525 114.6649 44.82601 14.75283 14.75283 14.75283 16.83949 17.17954 17.17954 17.17954 17.17954 17.17954 17.75936 0 0 0 0 0 0 0 0 0 0 0 0 0 0 0 0 0 0 0 0 0 0 0 0 0 0 0 0 0
274.1883 272.1184 254.0223 185.3341 177.9093 177.9093 177.9093 177.9093 177.9093 177.9093 177.9093 177.9093 186.5175 200.9087 200.9086 200.9087 200.9086 196.7046 162.5885 162.4656 162.4656 162.4656 162.4656 162.4656 166.8975 177.5809 179.3282 179.3282 179.3282 179.315 175.0209 179.3282 178.3837 177.7129 177.7129 177.7129 177.7129 175.2673 143.2012 76.94529 76.59547 76.59547 76.59546 76.59547 76.59547 94.52645 144.2274 144.4456 144.4456 105.3792 14.82226 46.90922 35.08104 16.99681 17.17954 17.17954 17.17954 17.17954 17.17954 17.17954 20.43417 0 0 0 0 0 0 0 0 0 0 0 0 0 0 0 0 0 0 0 0 0 0 0 0 0 0 0 0
247.0609 265.9735 205.1616 190.0235 177.9093 177.9093 177.9093 177.9093 177.9093 177.9093 177.9093 177.9093 182.0089 200.9086 200.9086 200.9086 200.9086 200.8883 168.2629 162.4656 162.4656 162.4656 162.4656 162.4657 155.8874 155.5642 156.4954 162.6016 165.6487 159.0091 154.5653 166.8869 176.0176 177.7129 177.7129 177.7129 177.7129 164.2321 78.36469 76.59546 76.59547 76.59546 76.59547 76.59546 76.59547 76.59546 121.6359 144.4456 144.4456 144.4456 55.22123 111.145 111.232 91.60577 22.85246 17.17954 17.17954 17.17954 17.17954 17.17954 17.17954 23.97013 0 0 0 0 0 0 0 0 0 0 0 0 0 0 0 0 0 0 0 0 0 0 0 0 0 0 0
231.1917 231.1917 231.1917 222.882 177.9802 177.9093 177.9093 177.9093 177.9093 177.9093 177.9093 177.9093 177.9147 195.2627 200.9086 200.9086 200.9086 200.9086 175.2953 162.4656 162.4656 162.4657 162.4657 161.8434 154.3546 154.2814 154.2814 154.2814 154.2814 154.2814 154.2814 154.2814 168.9411 177.7129 177.7129 177.6236 175.6775 176.0011 90.83647 76.59546 76.59547 76.59546 76.59547 76.59546 76.59547 76.59546 84.20065 143.5292 144.4456 144.4456 118.8343 111.2349 111.2349 96.33592 39.80336 18.48928 17.17954 17.17954 17.17954 17.17954 28.14534 44.08767 0 0 0 0 0 0 0 0 0 0 0 0 0 0 0 0 0 0 0 0 0 0 0 0 0 0 0
231.1917 231.1917 231.1917 226.5019 177.9568 177.9093 177.9093 177.9093 177.9093 177.9093 306.0686 289.7684 177.9093 191.6651 200.9087 200.9087 200.9087 200.9087 177.2094 162.4656 162.4656 162.4656 162.4656 161.731 154.5412 154.2814 154.2814 154.2814 154.2814 154.2814 154.2814 154.2814 154.2814 166.722 177.7129 135.5222 94.45073 141.8128 78.05141 76.59547 76.59546 76.59547 76.59547 76.59546 76.59547 76.59546 98.90842 144.3991 144.4456 144.4456 116.838 111.2349 111.2349 111.2349 111.2349 103.1415 81.14991 69.51985 43.30613 42.92029 50.27205 50.47214 48.53531 0 0 0 0 0 0 0 0 0 0 0 0 0 0 0 0 0 0 0 0 0 0 0 0 0 0
231.1917 231.1917 231.1917 216.7135 177.9093 177.9093 188.4979 244.8148 296.7139 444.9569 558.7639 576.6393 345.1295 230.0968 200.9087 200.9086 200.9087 200.9087 176.9949 162.4656 162.4656 162.4656 161.1588 154.7343 154.2815 154.2814 154.2815 154.2814 154.2815 154.2815 154.2815 154.2814 154.2814 163.4322 143.0135 86.07578 76.59546 76.59547 76.59547 76.59547 76.59546 76.59546 76.59546 76.59547 76.59547 76.59547 83.6002 143.4551 144.4456 144.4456 121.3219 111.2349 111.2349 111.2349 111.2349 111.2349 111.2349 111.2349 68.70515 50.47214 50.47214 50.47214 50.47214 50.27707 0 0 0 0 0 0 0 0 0 0 0 0 0 0 0 0 0 0 0 0 0 0 0 0 0
231.1917 231.1917 234.3786 233.9217 228.3179 200.3861 266.3289 275.958 300.8549 500.0846 579.692 579.692 579.692 348.296 200.9086 200.9086 200.9086 200.9086 186.7936 162.6491 162.4656 162.4657 164.5488 157.1254 156.2079 156.1294 161.1203 164.8172 160.5446 155.0528 154.2814 154.2814 154.2814 76.59546 76.59547 76.59547 76.59546 76.59547 76.59547 76.59546 76.59547 76.59547 76.59546 76.59547 108.3395 117.4833 141.3029 143.6965 144.4456 144.4456 127.4346 111.2349 111.2349 111.2349 111.2349 111.2349 111.2349 95.62927 52.9963 50.47214 50.47214 50.47214 50.47214 50.47214 49.43896 0 0 0 0 0 0 0 0 0 0 0 0 0 0 0 0 0 0 0 0 0 0 0 0
