Scenarios/Global_Grid/data/country_data_population_distribution/processed/density_grids/mmr.asc
ncols 220
nrows 493
xllcorner 92
yllcorner 8
[rows 273 to 311 of 493, columns 89 to 177 of 220]
230.2519 231.1917 234.2405 235.8788 235.8789 240.412 275.2191 275.958 275.958 282.3729 563.8633 579.692 579.692 456.853 228.5347 200.9086 200.9086 200.9086 200.9086 191.6619 163.5975 162.4656 169.0051 177.7697 174.8926 177.3958 179.5225 179.5225 179.5225 168.5041 157.7347 158.792 179.5225 76.59547 76.59546 76.59546 76.59547 76.59547 76.59546 79.5948 76.78454 122.4499 134.3674 91.0059 149.5079 169.948 169.948 148.1858 144.4456 144.4456 124.5933 111.2349 111.2349 111.2349 111.2349 111.2349 105.0457 56.25495 50.47214 50.47215 50.47214 50.47214 50.47214 50.47214 50.47214 47.06568 0 0 0 0 0 0 0 0 0 0 0 0 0 0 0 0 0 0 0 0 0 0 0
226.3201 233.7453 235.4509 235.8788 235.8788 235.8788 261.4939 274.963 275.958 411.016 579.6919 579.6919 579.6919 643.9719 521.2125 201.0414 200.9086 200.9086 200.9086 200.9086 178.8938 164.6441 173.4177 179.5225 179.5225 179.5225 179.5225 179.5225 179.5225 179.5225 179.5225 179.5225 179.5225 0 76.59546 76.59546 76.59547 76.59546 132.6509 169.948 115.1724 146.7514 169.948 169.948 169.948 169.948 162.2782 145.7593 144.4456 141.6691 115.5349 111.2349 111.2349 111.2349 111.2349 111.2349 93.86192 52.42636 50.47213 50.47213 50.47213 50.47213 50.47213 50.47213 50.47213 49.31322 0 0 0 0 0 0 0 0 0 0 0 0 0 0 0 0 0 0 0 0 0 0 0
228.8186 235.8788 235.8788 235.8788 235.8788 235.8788 239.5749 275.8472 275.958 384.8393 579.692 579.6919 579.692 2090.687 2457.426 473.6162 200.9087 200.9087 200.9087 200.9087 185.63 177.1325 179.5225 179.5225 179.5225 179.5225 179.5225 179.5225 179.5225 179.5225 179.5225 179.5225 179.5225 0 0 76.59547 76.59546 76.59546 159.6372 169.948 169.948 169.948 169.948 169.948 169.948 169.948 153.8557 144.4456 144.4456 131.3458 111.2349 111.2349 111.2349 111.2349 111.2349 111.2349 111.2349 61.87584 50.47214 50.47214 50.47214 50.47214 50.47214 69.16694 91.80294 91.57411 82.80272 0 0 0 0 0 0 0 0 0 0 0 0 0 0 0 0 0 0 0 0 0 0
234.133 235.8789 235.8788 235.8789 235.8788 235.8789 241.9986 268.3096 275.958 282.2539 332.792 561.9257 2512.159 3688.288 2511.272 223.4651 200.9086 472.9181 821.1916 200.9086 183.6801 179.5225 179.5225 179.5225 179.5225 179.5225 179.5225 179.5225 179.5225 179.5225 179.5225 179.5225 0 0 0 76.59546 76.59546 76.59547 76.59546 169.948 169.948 169.948 169.948 169.948 169.948 166.2008 147.4104 144.4456 144.4456 144.4382 138.946 128.3467 111.2356 111.2349 111.2349 111.2349 104.586 56.18958 50.47214 50.47214 50.47214 50.47214 52.39064 96.09704 98.2703 98.27031 98.27031 98.27031 98.27002 75.10221 0 0 0 0 0 0 0 0 0 0 0 0 0 0 0 0 0 0 0
229.991 235.8788 235.8788 235.8788 235.8788 235.8788 235.8788 243.5193 275.958 275.958 275.958 642.4101 6625.379 5822.197 3005.963 1130.023 317.7516 1755.515 3618.201 1443.221 372.5612 229.2228 218.8466 265.8738 254.8497 256.3555 280.8777 236.5935 185.5098 179.5225 179.5225 179.5225 179.5225 0 0 76.59547 76.59547 76.59546 78.4959 169.948 169.948 169.948 169.948 169.948 169.948 164.0183 144.643 144.4456 144.4456 144.4456 144.4456 144.4456 123.5022 111.2349 111.2349 111.2349 90.09023 50.47214 50.47214 50.47214 50.47214 50.47214 50.62949 87.22995 98.27031 98.27031 98.27031 98.27031 98.27032 96.01295 0 0 0 0 0 0 0 0 0 0 0 0 0 0 0 0 0 0 0
210.9411 235.8788 235.8788 235.5777 235.4998 235.8788 235.8788 260.458 274.6107 275.958 377.6077 1472.605 6125.146 7101.36 4250.974 10064.23 1978.14 3168.828 3784.268 1808.137 781.2576 302.1806 296.8979 296.8979 296.8979 296.8979 296.8979 296.8979 243.5267 200.3111 179.5225 179.5225 179.5225 0 0 0 76.59546 76.59546 0 169.948 169.948 169.948 169.948 169.948 169.948 169.948 152.6275 144.4456 144.4456 144.4456 144.4456 144.4456 143.6773 125.5059 111.6889 111.2349 91.54749 55.13699 50.47214 50.47214 50.47214 50.47214 50.47214 59.70473 98.2703 98.27031 98.2703 98.27031 98.27031 98.27031 88.13959 0 0 0 0 0 0 0 0 0 0 0 0 0 0 0 0 0 0
193.4181 215.5295 225.657 217.5647 228.4792 235.6966 235.8788 293.2158 338.3933 306.8551 669.0509 8375.155 9475.207 11034.25 9697.321 7461.328 2621.027 4541.024 2451.145 927.3661 514.8016 298.9441 296.8979 296.8979 296.8979 296.8979 296.8979 296.8979 296.8979 269.2458 179.5225 179.5225 179.5225 0 0 0 0 0 0 169.948 169.948 169.948 169.948 169.948 169.948 169.948 154.624 144.4456 144.4456 144.4456 144.4456 144.4456 144.4456 144.4456 135.0664 112.2598 111.1562 77.04604 50.47214 50.47214 50.47214 50.47214 50.47214 53.46471 98.27031 98.27031 98.2703 98.27031 98.27031 98.27031 98.27031 70.27724 0 0 0 0 0 0 0 0 0 0 0 0 0 0 0 0 0
197.5845 201.955 213.3037 213.3037 213.9705 216.8499 220.9426 302.2798 350.6155 350.6155 518.5631 4903.928 7139.612 12363.89 12020.21 14721.21 5890.57 2928.458 1389.813 828.9855 579.6191 296.8979 292.7803 262.9002 262.0133 289.677 274.293 252.0161 291.1145 292.5945 192.7617 0 179.5225 0 0 0 0 0 0 0 169.948 169.948 169.948 169.948 169.948 169.948 162.809 146.297 144.4456 144.4456 144.4456 144.4456 144.4456 144.4456 144.4456 136.6266 124.9831 66.88497 50.47214 50.47213 50.47214 50.47213 50.47213 56.62432 93.00639 97.63033 98.27031 98.27031 98.2703 98.27031 95.0937 0 0 0 0 0 0 0 0 0 0 0 0 0 0 0 0 0 0
213.3037 213.3037 213.3037 213.3037 213.3037 213.3037 213.3037 233.7021 350.6155 350.6155 350.6155 350.6155 350.6155 7709.346 16960.14 23679.7 10757.36 1836.175 855.8883 828.9854 782.3215 315.0803 253.6855 246.8869 246.8869 246.9977 246.8869 246.8869 251.036 253.4429 0 179.5225 179.5225 0 0 0 0 0 0 0 170.3263 180.7499 179.9415 183.0419 177.2037 175.7728 169.948 152.1306 144.8075 144.4456 144.4456 144.4456 144.4456 144.4456 144.4456 144.4456 144.4456 128.5732 60.5024 50.47214 53.4381 72.30373 78.85175 87.15379 89.32481 90.75569 98.27031 98.27032 98.27032 98.27031 98.27031 88.30926 0 0 0 0 0 0 0 0 0 0 0 0 0 0 0 0 0
213.3037 213.3037 213.3037 213.3037 213.3037 213.3037 213.3037 215.8331 349.2712 350.6155 350.6155 350.6155 409.1287 3949.81 14319.54 21277.43 1861.653 828.9855 828.9855 828.9854 598.0627 246.8869 246.8869 246.8869 246.8869 246.8869 246.8869 246.8869 246.8869 248.0848 0 0 289.0962 0 0 0 0 0 0 0 194.8037 195.6599 195.6599 195.6599 194.3658 194.563 173.1795 187.827 160.2292 144.4456 144.4456 144.4456 144.4456 144.4456 144.4456 144.4456 144.4456 144.4456 101.0419 50.53151 76.262 89.32481 89.32481 89.32481 89.32481 92.40722 98.27031 98.27031 98.27031 98.27031 88.40634 0 0 0 0 0 0 0 0 0 0 0 0 0 0 0 0 0 0
213.3037 213.3037 213.3037 213.3037 213.3037 213.3037 213.3037 233.8829 346.9114 350.6155 350.6155 350.6155 355.5003 630.5406 854.5615 854.5614 828.9854 828.9855 828.9854 679.564 459.5421 246.8869 246.8869 246.8869 246.8869 246.8869 246.8869 246.8869 246.8869 246.8869 0 0 0 0 0 0 0 0 0 0 195.6599 195.6599 195.6599 195.6599 195.6599 195.6599 195.6599 195.6599 168.9781 144.4456 144.4456 144.4456 144.4456 144.4456 144.4456 144.4456 144.4456 144.4456 137.7269 64.24509 84.14348 89.32481 89.32481 89.32481 89.32481 89.58839 97.3521 98.27031 98.27031 98.27031 0 0 0 0 0 0 0 0 0 0 0 0 0 0 0 0 0 0 0
213.3037 213.3037 213.3037 213.3037 213.3037 213.3037 226.5021 348.6994 350.6154 350.6155 350.6155 350.6155 539.8913 849.4171 854.5615 854.5615 802.1265 710.5984 521.5642 270.7835 254.2304 249.3705 245.1413 202.1656 202.7614 200.0775 217.6547 246.8869 246.8869 0 0 0 0 0 0 0 0 0 0 0 195.6599 195.6599 195.6599 195.6599 195.6599 195.6599 195.6599 195.6599 194.8108 154.5925 144.4456 144.4456 144.4456 144.4456 144.4456 144.4456 144.4456 144.4456 106.9164 85.21835 89.32481 89.32482 89.32482 89.32482 89.32481 89.32481 93.43985 98.27031 98.27031 98.27031 97.73787 0 0 0 0 0 0 0 0 0 0 0 0 0 0 0 0 0 0
218.4697 217.4918 213.3037 213.3037 213.3037 213.3037 229.9469 349.3993 350.6155 350.6155 341.7186 280.64 342.0311 634.8111 843.565 854.1913 853.4476 254.2614 254.2614 254.2614 254.2614 254.1543 191.6227 156.7774 156.7774 156.7774 158.4466 234.323 246.8869 0 0 0 0 0 0 0 0 0 0 0 0 195.6599 195.6599 195.6599 195.6599 195.6599 195.6599 195.6599 195.6599 189.7923 144.4456 144.4456 144.4456 144.4456 144.4456 144.4456 144.3804 144.4456 141.5145 89.32481 89.32481 89.32481 89.32481 89.32481 89.32482 89.32481 90.42953 96.38261 98.27031 98.27031 98.27032 87.5463 0 0 0 0 0 0 0 0 0 0 0 0 0 0 0 0 0
278.6024 284.6806 256.8575 251.6426 216.7532 213.3037 228.9713 350.3731 292.1508 230.5778 228.1066 210.4414 210.4414 314.3631 354.808 572.6611 510.6235 254.2614 254.2614 254.2614 254.2614 254.2614 250.8367 247.3873 190.8138 156.7774 166.8702 234.5033 0 0 0 0 0 0 0 0 0 0 0 0 0 0 195.6599 195.6599 195.6599 195.6599 195.6599 195.6599 195.6599 261.7448 1043.762 733.7068 144.4456 144.4456 144.4456 132.3453 98.88049 119.8847 141.7515 91.66438 89.32481 89.32481 89.32482 89.32481 89.32481 89.32481 89.32481 91.92514 97.4895 98.27031 98.27031 98.27032 94.12843 0 0 0 0 0 0 0 0 0 0 0 0 0 0 0 0
293.5185 293.5185 293.5185 293.337 232.4374 255.5443 241.8642 267.6129 214.6263 210.3441 209.9409 210.4413 210.4414 210.4413 210.4414 210.4414 210.4413 242.9523 254.2614 254.2615 254.2614 254.2615 254.2614 254.2614 200.9518 156.7774 156.7774 156.7774 0 0 0 0 0 0 0 0 0 0 0 0 0 0 195.6599 195.6599 195.6599 195.6599 195.6599 195.6599 195.6599 689.5654 1643.953 723.1824 136.8576 144.4456 144.0089 93.7215 89.32482 89.32481 89.87616 89.32481 89.32481 89.32481 89.32481 89.32481 89.32481 89.32481 89.32481 89.32481 90.20774 97.33498 98.27032 98.2703 96.96539 0 0 0 0 0 0 0 0 0 0 0 0 0 0 0 0
293.5185 293.5185 293.5185 293.5185 293.5185 293.5185 267.308 212.9469 210.4542 207.0854 202.1572 205.3094 210.0442 210.4413 210.4414 210.4413 209.9139 214.0866 235.4187 254.2614 254.2614 254.2614 254.2614 254.2614 224.1032 156.7774 0 0 0 0 0 0 0 0 0 0 0 0 0 0 0 0 0 195.6599 195.6599 200.0672 230.7884 201.8354 198.2405 240.2486 1430.311 134.3506 129.1856 133.9155 136.3619 106.3861 89.32481 89.32481 89.32481 89.32481 89.32481 89.32481 89.32481 89.32481 89.32481 89.32481 89.32481 89.32481 89.32481 94.81893 98.27031 98.27031 98.27031 84.72794 0 0 0 0 0 0 0 0 0 0 0 0 0 0 0
253.528 293.5185 293.5185 293.5185 278.5711 253.5694 274.2856 210.2053 210.1464 203.7497 199.4084 199.4084 201.3325 203.8925 208.3643 206.591 202.599 201.241 199.4083 0 254.2614 254.2614 254.2614 254.2614 0 0 0 0 0 0 0 0 0 0 0 0 0 0 0 0 0 0 0 0 196.0621 248.8937 249.2648 249.2648 249.2648 573.6754 1544.788 557.8244 129.1856 129.1856 129.1856 118.5008 94.16974 89.32481 89.32481 89.32481 89.32481 89.32481 89.32481 89.32481 89.32481 89.32482 89.32481 89.32382 89.32481 94.1943 98.27031 98.27031 98.27031 97.97121 0 0 0 0 0 0 0 0 0 0 0 0 0 0 0
182.3132 274.5971 292.8854 293.5185 258.5036 206.4077 206.4077 206.9951 203.3444 199.4083 199.4083 199.4083 199.4083 199.4083 199.4083 199.4083 199.4083 199.4083 199.4083 0 0 0 0 0 0 0 0 0 0 0 0 0 0 0 0 0 0 0 0 0 0 0 0 0 249.2648 249.2648 249.2648 249.2648 249.2648 816.8918 1583.946 630.7018 129.1856 129.1856 129.1856 129.1856 123.8992 95.94749 95.76892 89.32481 89.32481 89.32481 89.32481 89.32481 89.32481 78.62965 68.68919 38.6138 53.48362 86.93552 98.27031 98.27031 54.26446 77.17675 79.6864 0 0 0 0 0 0 0 0 0 0 0 0 0 0
147.8197 161.2498 230.1096 279.9637 223.9647 206.4077 206.4077 206.4077 205.9042 205.5057 205.6343 200.4999 199.4084 199.4083 199.4084 199.4084 199.4084 199.4083 199.4084 0 0 0 0 0 0 0 0 0 0 0 0 0 0 0 0 0 0 0 0 0 0 0 0 0 0 249.2648 249.2648 249.2648 249.2648 1508.602 1382.891 521.5179 129.1856 129.1856 129.1856 129.1856 129.1856 129.1856 118.2267 89.32481 89.32481 89.32482 89.32481 89.32482 89.32481 55.30379 22.9065 22.9065 22.9065 66.74024 98.27031 98.27031 32.03749 62.22568 81.59967 0 0 0 0 15.93543 27.05015 0 0 0 0 0 0 0 0
206.6592 244.0126 245.1823 237.2837 206.4077 206.4077 206.4077 206.4077 206.4077 206.4077 206.4077 206.405 202.9886 199.4083 199.4084 199.4083 199.4084 199.4083 0 0 0 0 0 0 0 0 0 0 0 0 0 0 0 0 0 0 0 0 0 0 0 0 0 0 0 0 249.2648 249.2648 249.2648 232.9348 497.1471 701.0635 136.0771 129.1856 129.1856 129.1856 129.1856 129.1856 123.5352 89.49454 89.32481 89.32481 89.32481 89.32481 89.32481 87.06652 26.57713 22.9065 22.9065 67.42175 98.27031 85.75491 26.99331 34.47342 30.97972 0 0 0 16.67141 15.93543 15.59371 0 0 0 0 0 0 0 0
245.1823 245.1823 245.1823 228.0183 206.4077 206.4077 206.4077 206.4077 206.4077 206.4077 206.4077 206.4077 206.4077 199.4083 199.4083 0 0 0 0 0 0 0 0 0 0 0 0 0 0 0 0 0 0 0 0 0 0 0 0 0 0 0 0 0 0 249.265 249.2648 249.2648 249.2648 243.7308 224.349 224.349 200.4814 129.1856 129.1856 129.1856 129.1856 129.1856 129.1856 123.1533 94.62923 89.32481 89.32481 89.32481 76.92692 79.56081 30.52051 22.9065 22.9065 39.52166 98.27031 29.45517 8.510311 8.51031 8.654516 0 31.50267 15.93543 15.93544 15.93543 15.70706 0 0 0 0 0 0 0 0
240.8207 245.0987 245.1823 238.2127 213.136 206.4077 206.4077 206.4077 206.4077 206.4077 206.4077 206.4077 206.4077 0 0 0 0 0 0 0 0 0 0 0 0 0 0 0 0 0 0 0 0 0 0 0 0 0 0 0 0 0 0 0 0 0 249.2648 249.2648 249.2648 249.2648 224.3491 224.3491 223.7905 156.2604 129.1856 129.1856 129.1856 129.1856 129.1856 129.1856 122.9194 89.32482 89.01168 57.33752 24.2752 23.6164 22.90985 22.9065 22.9065 23.22339 29.46726 8.835214 8.510311 8.510311 8.842313 31.76387 15.93543 15.93544 15.93543 15.93544 13.92682 0 0 0 0 0 0 0 0
182.5891 244.9868 245.1823 245.1823 214.9238 206.4077 206.4077 206.4077 206.4077 206.4077 206.4077 206.4077 0 0 0 0 0 0 0 0 0 0 0 0 0 0 0 0 0 0 0 0 0 0 0 0 0 0 0 0 0 0 0 0 0 0 249.2648 249.2648 249.2648 239.253 224.349 224.3491 224.3491 192.7065 129.1856 129.1856 129.1856 129.1856 129.1856 129.1856 128.4693 99.09475 58.16131 33.41591 25.33543 22.9065 22.9065 22.9065 22.9065 22.90331 16.5653 9.903804 8.510311 8.510311 8.517962 11.33243 15.93543 15.93543 15.93543 13.32942 0 0 0 0 0 0 0 0 0
221.8741 245.1823 245.1823 245.1823 221.1259 206.4077 206.4077 206.4077 206.4077 0 0 0 0 0 0 0 0 0 0 0 0 0 0 0 0 0 0 0 0 0 0 0 0 0 0 0 0 0 0 0 0 0 0 0 0 0 0 249.2648 249.2648 224.349 224.349 224.3491 224.3491 219.0407 131.7484 129.1856 129.1856 129.1856 129.1856 129.1856 129.1856 127.4088 64.99768 60.50408 44.37114 22.9065 22.9065 22.9065 22.9065 22.9065 22.9065 17.29563 8.620156 8.510311 8.510311 8.766012 14.94964 15.93543 15.93543 12.23413 0 0 0 0 0 0 0 0 0
214.7918 245.1823 245.1823 245.1823 230.571 206.4077 206.4077 0 0 0 0 0 0 0 0 0 0 0 0 0 0 0 0 0 0 0 0 0 0 0 0 0 0 0 0 0 0 0 0 0 0 0 0 0 0 0 0 0 0 224.349 224.3491 224.349 224.349 224.3491 154.1099 103.1067 108.9536 96.47252 82.49232 94.52477 123.7955 89.38593 60.99393 60.50408 39.44731 22.9065 22.9065 22.9065 22.9065 22.9065 22.9065 22.87223 9.347339 8.51031 8.510311 8.201589 11.62896 15.93544 15.93543 0 0 0 0 0 0 0 0 0 0
229.0798 245.1823 245.1824 245.1823 245.1823 0 0 0 0 0 0 0 0 0 0 0 0 0 0 0 0 0 0 0 0 0 0 0 0 0 0 0 0 0 0 0 0 0 0 0 0 0 0 0 0 0 0 0 207.1017 221.8006 224.3491 224.3491 224.3491 224.3491 188.0061 64.28391 60.50407 60.50407 60.50407 60.50407 62.68502 60.50407 60.50407 60.50407 53.88694 23.63797 22.9065 22.9065 22.9065 22.9065 22.9065 22.73752 9.829035 8.51031 8.500835 0 0 0 0 0 0 0 0 0 0 0 0 0 0
164.048 239.9323 245.1823 245.1823 245.1823 0 0 0 0 0 0 0 0 0 0 0 0 0 0 0 0 0 0 0 0 0 0 0 0 0 0 0 0 0 0 0 0 0 0 0 0 0 0 0 0 0 0 0 193.8105 200.555 216.3796 223.9719 224.3491 224.3491 224.3491 127.5248 60.50407 60.50407 60.50407 60.50407 60.50407 60.50407 60.50407 60.50407 56.54932 26.25428 22.9065 22.9065 22.9065 22.9065 22.9065 22.75383 10.20897 7.775951 0 0 0 0 0 0 0 0 0 0 0 0 0 0 0
151.2036 226.2672 230.4239 241.2301 0 0 0 0 0 0 0 0 0 0 0 0 0 0 0 0 0 0 0 0 0 0 0 0 0 0 0 0 0 0 0 0 0 0 0 0 0 0 0 0 0 0 0 0 193.8105 193.8105 193.8105 201.5848 223.7213 224.349 224.3491 155.7364 60.50407 60.50408 60.50407 60.50407 60.50407 60.50408 60.50408 60.50408 46.16371 22.9065 22.9065 22.9065 22.9065 22.9065 22.9065 22.9065 19.34762 0 0 0 0 0 0 0 0 0 0 0 0 0 0 0 0
162.2382 172.901 172.901 176.371 0 0 0 0 0 0 0 0 0 0 0 0 0 0 0 0 0 0 0 0 0 0 0 0 0 0 0 0 0 0 0 0 0 0 0 0 0 0 0 0 0 0 0 0 0 193.8105 193.8105 193.8105 198.7283 214.1346 215.0881 87.72544 60.50408 60.50407 60.50407 60.50408 60.50407 60.50408 60.50407 60.50407 59.39988 28.88436 22.9065 22.9065 22.9065 22.9065 22.9065 22.9065 22.9065 14.44673 0 0 0 0 0 0 0 0 0 0 0 0 0 0 0
172.901 172.901 172.901 0 0 0 0 0 0 0 0 0 0 0 0 0 0 0 0 0 0 0 0 0 0 0 0 0 0 0 0 0 0 0 0 0 0 0 0 0 0 0 0 0 0 0 0 0 0 193.8105 193.8105 193.8105 193.8105 193.8105 193.8105 89.09192 51.16808 36.58341 48.70924 60.50407 60.50407 60.50407 60.50407 60.50407 60.50407 48.7749 22.9065 22.9065 22.9065 22.9065 22.9065 22.9065 22.9065 0 0 0 0 0 0 0 0 0 0 0 0 0 0 0 0
172.901 172.901 172.901 0 0 0 0 0 0 0 0 0 0 0 0 0 0 0 0 0 0 0 0 0 0 0 0 0 0 0 0 0 0 0 0 0 0 0 0 0 0 0 0 0 0 0 0 0 0 193.8105 193.8105 193.8105 193.8105 193.8105 193.2099 46.09041 29.79909 28.57212 29.37449 46.70793 60.50408 60.50407 60.50407 60.50407 60.50408 58.5159 28.84638 22.9065 22.9065 22.9065 22.9065 22.9065 22.9065 0 0 0 0 0 0 0 0 0 0 0 0 0 0 0 0
172.901 172.901 0 0 0 0 0 0 0 0 0 0 0 0 0 0 0 0 0 0 0 0 0 0 0 0 0 0 0 0 0 0 0 0 0 0 0 0 0 0 0 0 0 0 0 0 0 0 0 193.8105 0 193.8105 193.8105 193.8105 193.8105 67.71544 28.57212 28.57212 28.57212 35.0267 60.50407 60.50407 60.50407 60.50407 60.50407 60.50407 56.30754 24.65772 22.9065 22.9065 22.9065 22.9065 22.9065 0 0 0 0 0 0 0 0 0 0 0 0 0 0 0 0
172.901 0 0 0 0 0 0 0 0 0 0 0 0 0 0 0 0 0 0 0 0 0 0 0 0 0 0 0 0 0 0 0 0 0 0 0 0 0 0 0 0 0 0 0 0 0 0 0 0 0 0 0 193.8105 193.8105 193.8105 138.6473 28.57212 28.57212 28.57212 35.06548 60.50408 60.36715 60.18189 60.50408 60.50408 60.50408 60.50408 37.82659 22.9065 22.9065 22.9065 22.9065 22.31306 0 0 0 0 0 0 0 0 0 0 0 0 0 0 0 0
0 0 0 0 0 0 0 0 0 0 0 0 0 0 0 0 0 0 0 0 0 0 0 0 0 0 0 0 0 0 0 0 0 0 0 0 0 0 0 0 0 0 0 0 0 0 0 0 0 0 0 193.8105 193.8105 193.8105 193.8105 174.0618 29.18433 28.57212 28.57212 32.59686 44.16909 34.50683 32.38501 34.41392 49.25554 55.61275 60.3433 54.42429 23.08601 22.9065 22.9065 22.9065 17.42123 0 0 0 0 0 0 0 0 0 0 0 0 0 0 0 0
0 0 0 0 0 0 0 0 0 0 0 0 0 0 0 0 0 0 0 0 0 0 0 0 0 0 0 0 0 0 0 0 0 0 0 0 0 0 0 0 0 0 0 0 0 0 0 0 0 0 0 193.8105 193.8105 193.8105 193.8105 186.8181 41.65507 28.57212 28.57212 28.57212 28.57212 28.57212 28.57212 28.57212 28.57212 28.57212 33.01766 44.20341 35.8737 22.9065 22.9065 22.9065 0 0 0 0 0 0 0 0 0 0 0 0 0 0 0 0 0
0 0 0 0 0 0 0 0 0 0 0 0 0 0 0 0 0 0 0 0 0 0 0 0 0 0 0 0 0 0 0 0 0 0 0 0 0 0 0 0 0 0 0 0 0 0 0 0 0 0 0 193.8105 193.8105 193.8105 193.8105 161.5438 34.65311 28.57212 28.57212 28.57212 28.57212 28.57212 28.57212 28.57212 28.57212 28.57212 28.57212 28.57212 33.66631 22.91202 22.9065 22.9065 0 0 0 0 0 0 0 0 0 0 0 0 0 0 0 0 0
0 0 0 0 0 0 0 0 0 0 0 0 0 0 0 0 0 0 0 0 0 0 0 0 0 0 0 0 0 0 0 0 0 0 0 0 0 0 0 0 0 0 0 0 0 0 0 0 0 0 0 0 193.5293 164.452 133.1841 97.10904 87.01464 50.15758 28.57212 28.57212 28.57212 28.57212 28.57212 28.57212 28.57212 28.57212 28.57212 28.57212 28.57212 25.20212 22.9065 22.9065 16.70313 0 0 0 0 0 0 0 0 0 0 0 0 0 0 0 0
0 0 0 0 0 0 0 0 0 0 0 0 0 0 0 0 0 0 0 0 0 0 0 0 0 0 0 0 0 0 0 0 0 0 0 0 0 0 0 0 0 0 0 0 0 0 0 0 0 0 90.38248 0 110.711 90.63721 90.38249 90.38249 90.38249 82.02914 36.69435 28.57212 28.57212 28.57212 28.57212 28.57212 28.57212 28.57212 28.57212 28.57212 28.57212 28.45079 25.87708 22.99848 0 0 0 0 0 0 0 0 0 0 0 0 0 0 0 0 0
0 0 0 0 0 0 0 0 0 0 0 0 0 0 0 0 0 0 0 0 0 0 0 0 0 0 0 0 0 0 0 0 0 0 0 0 0 0 0 0 0 0 0 0 0 0 0 0 0 0 90.38249 0 90.38248 90.38249 90.38248 90.38248 90.38248 90.38248 84.53351 32.01405 28.57212 28.57212 28.57212 28.57212 28.57212 28.57212 28.57212 28.57212 28.57212 28.57212 28.57212 24.60764 18.38412 0 0 0 0 0 0 0 0 0 0 0 0 0 0 0 0
