Scenarios/Global_Grid/data/country_data_population_distribution/processed/density_grids/moz.asc
ncols 261
nrows 397
xllcorner 30
yllcorner -26
[rows 82 to 122 of 397, columns 93 to 185 of 261]
0 0 0 0 0 0 0 0 0 0 0 0 0 0 0 0 0 0 0 0 0 0 0 0 0 0 0 0 0 0 0 0 0 0 0 0 0 82.83601 83.32067 83.32067 83.32067 83.32067 83.32067 83.32067 83.32067 83.32067 67.97327 14.56504 10.9397 17.8028 20.02371 20.02371 20.02371 20.02371 20.02371 20.02371 11.31352 2.864295 2.864295 2.864295 4.010693 6.538245 7.968694 7.975699 7.975699 7.975699 7.975699 7.975699 7.975699 7.975699 7.975699 7.975699 7.975699 7.9757 7.975699 7.975699 7.975699 7.975699 7.975699 7.975699 7.975699 7.975699 7.975699 7.997671 8.798491 9.054189 9.249365 9.787466 9.787348 9.016084 6.33317 6.214929 6.214929
0 0 0 0 0 0 0 0 0 0 0 0 0 0 0 0 0 0 0 0 0 0 0 0 0 0 0 0 0 0 0 0 0 0 0 0 0 0 83.09037 83.32068 83.32067 83.32067 83.32068 83.32067 83.32068 83.32067 83.32068 45.81909 14.70367 20.02371 20.02371 20.02371 20.02371 20.02371 20.02371 20.02371 15.16887 3.937976 4.032443 6.588668 7.972773 7.975699 7.9757 7.975699 7.9757 7.975699 7.975699 7.975699 7.975699 7.975699 7.975699 7.975699 7.9757 7.975699 7.975699 7.975699 7.9757 7.975699 7.9757 7.975699 7.9757 8.072464 8.392809 9.39981 9.787465 9.787465 9.787465 9.787466 9.787465 9.122064 6.215 6.214929 6.214929
0 0 0 0 0 0 0 0 0 0 0 0 0 0 0 0 0 0 0 0 0 0 0 0 0 0 0 0 0 0 0 0 0 0 0 0 0 0 0 83.31549 83.32067 83.32067 83.32067 83.32067 83.32067 83.32067 83.32067 42.39509 19.93131 20.02371 20.02371 20.02371 20.02371 20.02371 20.02371 20.02371 20.02371 17.76364 8.781322 7.9757 7.9757 7.9757 7.975699 7.9757 7.975699 7.9757 7.9757 7.9757 7.975699 7.9757 7.975699 7.9757 7.975699 7.975699 7.975699 7.9757 7.975699 7.9757 7.975699 7.975699 7.975699 9.159432 9.787466 9.787466 9.787465 9.787466 9.787466 9.787466 9.787466 9.561809 6.557946 6.214929 6.214928
0 0 0 0 0 0 0 0 0 0 0 0 0 0 0 0 0 0 0 0 0 0 0 0 0 0 0 0 0 0 0 0 0 0 0 0 0 0 0 66.13207 83.32067 83.32067 83.32067 83.32067 83.32067 83.32067 70.092 20.05909 20.02371 20.02371 20.02371 20.02371 20.02371 20.02371 20.02371 20.02371 20.02371 20.02371 11.77573 7.9757 7.9757 7.9757 7.975699 7.9757 9.189427 10.28114 9.703902 8.394844 7.975699 7.9757 7.975699 7.9757 7.975699 7.975699 7.975699 7.9757 7.975699 7.9757 7.975699 7.9757 8.248417 9.767432 9.787466 9.787466 9.787466 9.787466 9.787466 9.787466 9.787466 9.787466 7.539712 6.214928 6.214929
0 0 0 0 0 0 0 0 0 0 0 0 0 0 0 0 0 0 0 0 0 0 0 0 0 0 0 0 0 0 0 0 0 0 0 0 0 0 0 0 89.43906 83.32067 83.32067 83.32068 84.7991 97.39017 59.49775 20.02371 20.02371 20.02371 20.02371 20.02371 20.02371 20.02371 20.02371 20.02371 20.02371 20.02371 18.62703 8.207041 7.9757 7.9757 7.975699 7.976776 11.85149 12.57228 12.57228 11.8327 8.202374 8.787747 8.9717 8.942208 8.439299 7.989384 7.975699 7.9757 7.975699 7.9757 7.975699 8.016789 9.368362 9.787466 9.787466 9.787466 9.787466 9.787466 9.787466 9.787466 9.787466 9.630761 6.324974 6.214928 6.214929
0 0 0 0 0 0 0 0 0 0 0 0 0 0 0 0 0 0 0 0 0 0 0 0 0 0 0 0 0 0 0 0 0 0 0 0 0 0 0 0 0 104.7484 101.3002 109.5866 113.5185 116.8013 44.70712 20.02371 20.02371 20.02371 20.02371 20.02371 20.02371 20.02371 20.02371 20.02371 20.02371 20.02371 20.02371 15.63729 11.67728 11.59611 9.692846 9.698483 12.57227 12.57227 12.57227 12.57227 12.54775 12.57227 12.57227 12.57227 12.57227 12.33008 8.997325 7.975699 7.975699 7.975699 7.978218 9.083213 9.787466 9.787466 9.787466 9.787466 9.787466 9.787466 9.787466 9.787466 9.787466 9.787466 6.856703 6.214928 6.214929
0 0 0 0 0 0 0 0 0 0 0 0 0 0 0 0 0 0 0 0 0 0 0 0 0 0 0 0 0 0 0 0 0 0 0 0 0 0 0 0 0 0 128.5978 116.8013 116.8013 116.8013 56.26595 20.02371 20.02371 20.02371 20.02371 20.02371 20.02371 20.02371 20.02371 20.02371 20.02371 20.02371 20.02371 18.14434 12.57228 12.57228 12.57227 12.57228 12.57227 12.57228 12.57228 12.57228 12.57227 12.57228 12.57227 12.57228 12.57227 12.57228 12.41749 9.945209 8.121509 8.096827 8.91074 9.787466 9.787467 9.787466 9.787466 9.787466 9.787466 9.787466 9.787466 9.787466 9.787466 9.787467 8.358939 6.214929 6.214928
0 0 0 0 0 0 0 0 0 0 0 0 0 0 0 0 0 0 0 0 0 0 0 0 0 0 0 0 0 0 0 0 0 0 0 0 0 0 0 0 0 0 0 116.8971 116.8013 116.8013 113.4601 80.36446 20.08784 20.02371 20.02371 20.02371 20.02371 20.02371 20.02371 20.02371 20.02371 20.02371 20.02371 19.99403 13.61491 12.57227 12.57228 12.57227 12.57227 12.57227 12.57227 12.57227 12.57227 12.57227 12.57227 12.57227 12.57228 12.57227 12.57228 12.57227 12.04714 12.24685 8.802188 8.941909 9.787466 9.787465 9.787466 9.787465 9.787465 9.787465 9.787465 9.787466 9.787465 9.787466 9.727246 7.298903 6.214928
0 0 0 0 0 0 0 0 0 0 0 0 0 0 0 0 0 0 0 0 0 0 0 0 0 0 0 0 0 0 0 0 0 0 0 0 0 0 0 0 0 0 0 126.452 116.8013 116.8013 116.8013 116.8013 99.69296 88.44434 83.12544 50.61757 36.02221 37.63004 20.02371 20.02371 20.02371 20.02371 20.02371 20.02371 19.58041 12.93788 12.13385 12.36535 12.57227 12.57227 12.57227 12.57227 12.57227 12.57227 12.57227 12.57227 12.57227 12.57227 12.57227 12.57227 12.57227 11.03105 6.533938 6.548124 7.403741 9.06542 9.080798 9.76747 9.787465 9.787466 9.787465 9.787465 9.787465 9.787466 9.787465 9.520369 6.386764
0 0 0 0 0 0 0 0 0 0 0 0 0 0 0 0 0 0 0 0 0 0 0 0 0 0 0 0 0 0 0 0 0 0 0 0 0 0 0 0 0 0 0 0 116.9711 116.8013 116.8013 116.8013 116.8013 116.8013 116.8013 115.1622 116.6059 92.3229 20.02659 20.02371 20.02371 20.02371 20.02371 20.02371 20.02371 16.52502 11.18792 11.49266 12.57227 12.57227 12.57227 12.57227 12.57227 12.57227 12.57227 12.57227 12.57227 12.57227 12.57227 12.57227 12.57227 9.511878 6.533939 6.533938 6.533939 6.533939 6.533939 6.759979 7.799378 8.632254 8.970096 9.760783 9.684765 9.669088 9.787466 9.787465 8.947104
0 0 0 0 0 0 0 0 0 0 0 0 0 0 0 0 0 0 0 0 0 0 0 0 0 0 0 0 0 0 0 0 0 0 0 0 0 0 0 0 0 0 0 0 171.68 116.8013 116.8013 116.8013 116.8013 116.8013 116.8013 116.8013 116.8013 111.7605 20.98796 20.02371 20.02371 20.02371 20.02371 20.02371 20.02371 20.02371 14.02473 10.71572 11.48104 12.56011 12.57227 12.57227 12.57228 12.57227 12.57228 12.57227 12.57227 12.57228 12.57228 12.57227 12.57227 9.133253 6.533939 6.533939 6.533939 6.533939 6.533938 6.533939 6.533939 6.533939 6.533939 6.838629 6.543636 6.589645 7.543583 9.340974 9.787466
0 0 0 0 0 0 0 0 0 0 0 0 0 0 0 0 0 0 0 0 0 0 0 0 0 0 0 0 0 0 0 0 0 0 0 0 0 0 0 0 0 0 0 0 0 371.434 116.8013 116.8013 116.8013 116.8013 116.8013 116.8013 116.8013 55.00967 20.02371 20.02371 20.02371 20.02371 20.02371 20.02371 20.02371 16.4063 11.82047 10.71177 10.71177 11.84372 12.57227 12.57228 12.57228 12.57227 12.57228 12.57227 12.57227 12.57228 12.57228 12.57227 8.520603 6.718541 6.533938 6.533939 6.533939 6.533939 6.533939 6.533939 6.533939 6.533939 6.533939 6.533939 6.533939 6.533939 6.533939 6.588153 7.677919
0 0 0 0 0 0 0 0 0 0 0 0 0 0 0 519.8252 0 0 0 0 0 0 0 0 0 0 0 0 0 0 0 0 0 0 0 0 0 0 0 0 0 0 0 0 0 0 155.0855 116.8013 116.8013 116.8013 116.8013 116.8013 116.8013 16.25561 19.97796 20.02371 20.02371 20.02371 20.02371 20.02371 17.27644 10.75789 10.71177 10.71177 10.71177 11.05402 12.09773 12.56713 12.57227 12.57227 12.57227 12.57227 12.57227 12.57228 12.57227 12.4969 6.952024 6.533938 6.533938 6.533938 6.533938 6.533939 6.533939 6.533938 6.533938 6.533938 6.533938 6.533939 6.533939 6.533939 9.047921 11.49144 11.29877
0 0 0 0 0 0 0 0 0 0 0 183.8999 148.9186 115.9286 141.235 143.509 145.0335 0 0 0 0 0 0 0 0 0 0 0 0 0 0 0 0 0 0 0 0 0 0 0 0 0 0 0 0 0 0 116.5256 116.8013 116.8013 116.8013 116.8013 116.8013 11.82149 13.27665 18.00956 20.02371 20.02371 20.02371 19.92324 12.79608 10.71177 10.71177 10.71177 10.71177 10.71177 10.71177 11.01293 11.87012 12.57228 12.57227 12.56855 12.56507 12.57228 12.57227 12.49365 7.081073 6.533939 6.533938 6.533939 6.533938 6.533938 6.533938 6.533938 6.533939 6.533939 6.533939 6.533938 6.533939 10.06348 14.32553 14.46082 14.46082
0 0 0 0 0 173.3039 164.8304 0 0 102.2543 101.8615 101.8615 101.8615 113.3811 143.509 143.509 143.509 184.1467 0 0 0 0 0 0 0 0 0 0 0 0 0 0 0 0 0 0 0 0 0 0 0 0 0 0 0 0 0 0 112.8403 116.8013 116.8013 116.8013 116.1431 11.76281 11.76281 14.53646 20.02371 20.02371 20.02371 15.15929 10.71177 10.71177 10.71177 10.71177 10.71177 10.71177 10.71177 10.71177 10.71178 11.16863 11.29992 11.0128 11.16424 11.54461 12.04246 9.934349 6.533939 6.533939 6.533939 6.533939 6.533939 6.533939 6.533939 6.533938 6.533939 6.533939 6.533939 6.533939 8.005114 14.03424 14.46082 14.46082 14.46082
61.3381 0 0 87.42357 108.3431 101.8615 101.8615 101.8615 101.8615 101.8615 101.8615 101.8615 101.8615 129.4097 143.509 143.509 143.509 151.6589 0 0 0 0 0 0 0 0 0 0 0 0 0 0 0 0 0 0 0 0 0 0 0 0 0 0 0 0 0 0 0 114.0632 116.8013 116.8013 112.6991 11.76281 11.76281 11.77418 16.12411 18.30042 16.89541 10.75498 10.71177 10.71177 10.71177 10.71177 10.71177 10.71177 10.71177 10.71177 10.71177 10.71177 10.71177 10.71177 10.71177 10.71177 10.7118 9.401825 9.362188 8.693309 6.5585 6.533939 6.533938 6.533938 6.533938 6.533938 6.533938 6.533938 6.533938 9.674596 14.19602 14.46082 14.46082 14.46082 14.46082
48.97542 80.72964 101.3249 101.8615 101.8615 101.8615 101.8615 101.8615 101.8615 101.8615 101.8615 101.8615 121.388 143.1226 143.509 143.509 143.509 143.509 153.448 0 0 0 0 0 0 0 0 0 0 0 0 0 0 0 0 0 0 0 0 0 0 0 0 0 0 0 0 0 0 0 116.8161 116.8013 62.74896 11.76281 11.76281 11.76281 11.76281 11.76281 11.66826 11.15906 10.7564 10.71177 10.71177 10.71177 10.71177 10.71177 10.71177 10.71177 10.71177 10.71177 10.71177 10.71177 10.71177 10.71177 10.71177 10.71177 10.71177 10.71177 8.726757 6.533939 6.533938 6.533939 6.533938 6.533939 6.533939 7.088419 10.03272 14.33653 14.46082 14.46082 14.46082 14.46082 14.46082
49.93073 56.14468 98.97266 101.8615 101.8615 101.8615 101.8615 101.8615 101.8615 101.8615 101.8615 101.8615 132.6856 143.509 143.509 143.509 143.509 143.509 143.509 148.0667 0 0 0 0 0 0 0 0 0 0 0 0 0 0 0 0 0 0 0 0 0 0 0 0 0 0 0 0 0 0 173.0992 116.8013 21.15153 11.76281 11.76281 11.76281 11.76281 11.76281 11.76281 11.76281 11.08719 10.71177 10.71177 10.71177 10.71177 10.71177 10.71177 10.71177 10.71177 10.71177 10.71177 10.71177 10.71177 10.71177 10.71177 10.71177 10.71177 10.71177 10.69892 8.150495 6.536982 8.246358 21.35691 23.74351 14.33371 13.99378 14.46082 14.46082 14.46082 14.46082 14.46082 14.46082 14.46082
49.93072 49.93072 68.08936 101.7871 101.8615 101.8615 101.8615 101.8615 101.8615 101.8615 101.8615 101.8615 119.8814 143.509 143.509 143.509 143.509 143.509 143.509 146.7345 0 0 0 0 0 0 0 0 0 0 0 0 0 0 0 0 0 0 0 0 0 0 0 0 0 0 0 0 0 0 0 133.2157 11.76281 11.76281 11.76281 11.76281 11.76281 11.76281 11.76281 11.76281 11.08392 10.71177 10.71177 10.71177 10.71177 10.71177 10.71177 10.71177 10.71177 10.71177 10.71177 10.71177 10.71177 10.71177 10.71177 10.71177 10.71177 10.71177 10.71177 10.71177 16.26463 29.40086 33.88508 33.88508 26.87615 19.46263 14.58301 14.46082 14.46082 14.46082 14.46082 14.46082 14.46082
49.93073 49.93073 49.93073 74.46655 101.8615 101.8615 101.8615 101.8615 101.8615 101.8615 101.8615 101.8615 102.6494 141.1015 143.509 143.509 143.509 147.1738 153.0379 225.7035 0 0 0 0 0 0 0 0 0 0 0 0 0 0 0 0 0 0 0 0 0 0 0 0 0 0 0 0 0 0 0 0 11.76281 11.76281 11.76281 11.76281 11.76281 11.76281 11.76281 11.76281 11.23151 10.71177 10.71177 10.71177 10.71177 10.71177 10.71177 10.71177 10.71177 10.71177 10.71177 10.71177 10.71177 10.71177 10.71177 10.71177 10.71177 10.71177 16.85029 31.50674 33.82463 33.88508 33.88507 33.88508 33.88508 33.88508 32.72952 25.53024 14.46082 14.46082 14.46082 14.46082 14.46082
49.93072 49.93072 49.93072 50.00529 81.06591 101.8614 101.8615 101.8614 101.8615 101.8615 101.8615 101.8614 116.8567 143.1307 143.509 143.509 149.2166 163.5555 163.595 179.3215 0 0 0 0 0 0 0 0 0 0 0 0 0 0 0 0 0 0 0 0 0 0 0 0 0 0 0 0 0 0 0 0 11.76281 11.76281 11.76281 11.76281 11.76281 11.76281 11.76281 11.76281 11.67979 10.81152 10.71177 10.71177 10.71177 10.71177 10.71177 10.71177 10.71177 10.71177 10.71177 10.71177 10.71177 10.71177 10.71177 10.71177 10.71177 19.05026 33.7624 33.88508 33.88507 33.88508 33.88508 33.88508 33.88508 33.88508 33.88508 32.07446 14.46082 14.46082 14.46082 14.46082 14.46082
49.93072 49.93073 49.93072 49.93073 50.83168 82.34452 101.8615 101.8615 101.8615 101.8615 101.8615 101.8615 129.5387 143.509 143.509 149.2571 163.041 163.595 163.595 163.595 239.8623 0 0 0 0 0 0 0 0 0 0 0 0 0 0 0 0 0 0 0 0 0 0 0 0 0 0 0 0 0 0 0 11.76281 11.76281 11.76281 11.76281 11.76281 11.76281 11.76281 11.76281 11.76281 11.73849 11.4272 10.89954 10.71177 10.71177 10.71177 10.71177 10.71177 10.71177 10.71177 10.71177 10.71177 10.71177 10.71177 11.30222 24.93247 33.71215 33.88508 33.88508 33.88508 33.88508 33.88508 33.88508 33.88508 33.88508 33.88508 28.08429 14.46082 17.97697 41.30685 44.19614 35.15894
49.93073 49.93073 49.93072 49.93073 49.93073 50.62613 89.0028 101.8615 101.8615 101.8615 101.8615 101.8615 132.63 143.509 147.3536 160.8839 163.595 163.595 163.595 163.595 186.0373 0 0 0 0 0 0 0 0 0 0 0 0 0 0 0 0 0 0 0 0 0 0 0 0 0 0 0 0 0 0 0 11.76281 11.76281 11.76281 11.76281 11.76281 11.76281 11.76281 11.76281 11.76281 11.76281 11.76281 11.6532 10.8456 10.71177 10.71177 10.71177 1097.142 1460.696 360.8096 10.71177 10.71177 10.71177 10.71177 26.93059 33.88508 33.88508 33.88508 33.88508 33.88508 33.88508 33.88508 33.88508 33.88508 33.88508 33.88508 25.4542 17.5876 28.72275 56.03545 56.03545 56.03545
49.93073 49.93072 49.93073 49.93072 49.93073 49.93072 54.57152 92.02703 101.8615 101.8615 101.8615 114.4013 142.7521 148.4371 163.1357 163.595 163.595 163.595 163.595 163.595 165.3889 0 0 0 0 0 0 0 0 0 0 0 0 0 0 0 0 0 0 0 0 0 0 0 0 0 0 0 0 0 0 0 11.76281 11.76281 11.76281 11.76281 11.76281 11.76281 11.76281 11.76281 11.76281 11.76281 11.76281 11.02933 10.71177 10.71177 10.71177 10.71177 1192.468 1847.745 182.7269 10.71177 10.71177 10.71177 14.11204 32.83657 33.88508 33.88508 33.88508 33.88508 33.88508 33.88508 33.88508 33.88508 33.88508 33.88508 33.88508 35.16439 50.63538 56.03545 56.03545 56.03545 56.03545
49.93073 49.93073 49.93072 49.93073 49.93073 49.93073 49.93072 75.52727 101.8615 101.8615 101.8615 127.053 150.3407 162.4923 163.595 163.595 163.595 163.595 163.595 163.595 324.9924 0 0 0 0 0 0 0 0 0 0 0 0 0 0 0 0 0 0 0 0 0 0 0 0 0 0 0 0 0 0 0 28.41475 66.19515 71.44229 64.28133 14.58824 11.76281 11.76281 11.76281 11.76281 11.76281 11.76281 11.06035 10.71177 10.71177 28.94305 47.70826 41.63145 56.5325 82.36795 76.92463 74.09944 60.1089 31.86315 33.88508 33.88508 33.88508 33.88508 33.88508 33.88508 33.88508 33.88508 33.88508 33.88508 35.00113 45.23897 54.50505 56.03545 56.03545 56.03545 56.03545 56.03545
49.93073 49.93072 49.93073 49.93072 49.93072 49.93072 49.93073 70.40556 101.8615 101.8615 101.8725 140.5533 162.8117 163.595 163.595 163.595 163.595 163.595 163.595 163.595 167.7177 0 0 0 0 0 0 0 0 0 0 0 0 0 0 0 0 0 0 0 0 0 0 0 0 0 0 0 0 0 0 0 110.1216 147.3888 147.3887 147.3888 103.2831 14.03533 11.76281 11.76281 11.76281 11.76281 11.76281 10.93563 10.71177 28.17641 91.91988 99.31684 99.31684 99.31684 99.31684 99.31684 96.66463 47.25523 33.88507 33.88507 33.88507 33.88507 33.88507 33.88507 33.88507 33.88507 33.88507 33.88507 33.88507 41.27433 56.03545 56.03545 56.03545 56.03545 56.03545 56.03545 56.03545
49.93072 49.93073 49.93072 49.93073 49.93072 49.93072 49.93072 56.51725 101.1481 101.8615 112.2591 163.595 163.595 163.595 163.595 163.595 163.595 163.595 163.595 163.595 163.595 231.5941 0 0 0 0 0 0 0 0 0 0 0 0 0 0 0 0 0 0 0 0 0 0 0 0 0 0 0 0 0 0 176.3541 147.3887 147.3887 147.3887 147.3887 81.41427 43.79521 44.29958 44.80397 45.30835 41.52199 32.35498 41.89884 98.8653 99.31683 99.31683 99.31684 99.31683 99.31684 97.22275 54.98906 34.8829 35.16588 35.44885 35.73183 36.0148 36.29779 36.3751 36.18119 35.98602 35.79085 35.01604 33.88507 45.2885 56.03545 56.03545 56.03545 56.03545 56.03545 56.03545 56.03545
49.93073 49.93072 49.93073 49.93072 49.93073 49.93072 49.93073 49.93072 90.01646 101.8615 115.2477 155.2635 150.7121 151.8381 136.0374 161.8804 163.595 163.595 163.595 163.595 163.595 163.8212 0 0 0 0 0 0 0 0 0 0 0 0 0 0 0 0 0 0 0 0 0 0 0 0 0 0 0 0 0 0 147.3888 147.3888 147.3887 147.3887 147.3887 147.3887 147.3887 147.3887 147.3887 147.3887 135.1385 99.3314 99.31684 99.31684 99.31684 99.31684 99.31684 99.31684 99.31684 90.62195 59.86082 59.86082 59.86082 59.86082 59.86082 59.86082 59.86082 59.86083 59.86083 59.86082 59.86082 59.08598 47.88664 55.77226 56.03545 56.03545 56.03544 56.03545 56.03545 56.03544 56.03545
49.93073 49.93072 49.93073 49.93073 49.93073 49.93072 49.93073 49.93072 70.27177 101.8615 81.05614 39.72472 39.806 39.92584 39.72472 59.67164 90.375 118.9789 144.0979 163.595 171.7037 0 0 0 0 0 0 0 0 0 0 0 0 0 0 0 0 0 0 0 0 0 0 0 0 0 0 0 0 0 0 129.4155 147.3887 147.3887 147.3887 147.3887 147.3887 147.3887 147.3887 147.3887 147.3887 147.3887 136.5193 99.42336 99.31683 99.31683 99.31683 99.31683 99.31683 99.31683 99.31639 76.90365 59.86082 59.86082 59.86082 59.86082 59.86082 59.86082 59.86082 59.86082 59.86082 59.86082 59.86082 59.86082 59.28152 56.04821 56.03545 56.03544 56.03545 56.03544 56.03545 56.03544 56.03545
49.93072 38.15406 27.36892 48.71355 49.93072 49.93072 49.93072 49.93072 62.84238 88.7266 59.26225 39.72473 39.72473 39.72473 39.72473 39.72473 39.72473 39.72473 40.33539 52.76888 96.18935 0 0 0 0 0 0 0 0 0 0 0 0 0 0 0 0 0 0 0 0 0 0 0 0 0 0 0 0 0 0 147.3888 147.3887 147.3888 147.3887 147.3888 147.3888 147.3888 147.3887 147.3888 147.3888 147.3888 118.5339 99.31684 99.31684 99.31684 99.31684 99.31684 99.31684 99.31684 84.58535 59.86082 59.86082 59.86083 59.86082 59.86082 59.86082 59.86082 59.86082 59.86083 59.86082 59.86082 59.86082 59.86082 59.86082 58.83029 56.28988 68.77819 58.29249 56.03545 56.03545 56.03545 56.03545
49.93073 23.95054 12.39373 15.66201 27.47626 34.65587 46.78082 49.93072 54.19058 48.50881 39.72473 39.72472 39.72473 39.72472 39.72473 39.72472 39.72473 39.72472 39.72473 39.72472 51.37352 0 0 0 0 0 0 0 0 0 0 0 0 0 0 0 0 0 0 0 0 0 0 0 0 0 0 0 0 0 140.651 147.3887 147.3887 147.3887 147.3887 147.3888 147.3887 147.3888 147.3887 147.3888 147.3888 141.7648 100.3416 99.31685 99.31683 99.31683 99.31685 99.31685 99.31683 92.79735 60.42124 59.86083 59.86082 59.86083 59.86082 59.86083 59.86083 59.86083 59.86083 59.86083 59.86083 59.86083 59.86083 59.86083 59.86083 59.86083 86.56232 111.9238 90.8037 56.03544 73.78225 92.164 62.64507
49.93072 38.27854 12.39373 12.39373 12.39373 12.39373 31.12021 47.74464 39.73441 39.72472 39.72472 39.72472 39.72473 39.72472 39.72473 39.72473 39.72473 39.72472 39.72473 39.72472 58.44233 0 0 0 0 0 0 0 0 0 0 0 0 0 0 0 0 0 0 0 0 0 0 0 0 0 0 0 0 0 146.75 147.3887 147.3887 147.3888 147.3887 147.3887 147.3887 147.3887 147.3887 147.3887 147.3887 129.5811 99.31684 99.31684 99.31684 99.31684 99.31684 99.31684 89.65228 61.33752 59.86082 59.86083 59.86082 59.86083 59.86082 59.86082 59.86082 59.86082 59.86082 59.86083 59.86082 59.86082 59.86082 59.86082 59.86082 59.86083 98.84853 113.9533 109.694 96.5021 113.7655 113.9533 108.2046
49.93072 35.83489 12.39373 12.39373 12.39373 12.39373 13.10263 34.10234 39.72473 39.72473 39.72473 39.72473 39.72473 39.72473 39.72473 39.72473 39.72473 39.72473 39.72473 39.72473 39.72473 0 0 0 0 0 0 0 0 0 0 0 0 0 0 0 0 0 0 0 0 0 0 0 0 0 0 0 0 0 111.1545 147.3888 147.3887 147.3888 147.3887 147.3888 147.3887 147.3887 147.3887 147.3888 147.3888 147.2491 126.2129 109.845 99.6093 99.31685 98.59306 81.64191 60.65525 59.86083 59.86082 59.86083 59.86082 59.86082 59.86083 59.86083 59.86083 59.86083 59.86083 59.86082 59.86082 59.86083 59.86083 59.87774 65.83977 75.46068 108.1443 113.9533 113.9533 113.9533 113.9533 113.9533 113.9533
29.28977 17.81723 12.39373 12.39373 12.39373 12.39373 12.39373 18.709 39.72473 39.72473 39.72473 39.72473 39.72473 39.72473 39.72473 39.72473 39.72473 39.72473 39.72473 39.72473 39.72473 0 0 0 0 0 0 0 0 0 0 0 0 0 0 0 0 0 0 0 0 0 0 0 0 0 0 0 0 0 0 147.3887 147.3888 147.3888 147.3888 147.3887 147.3888 147.3888 147.3888 147.3887 147.3888 147.3887 147.3888 142.1148 108.8485 67.82773 49.55761 59.86083 59.86082 59.86082 59.86082 59.86082 59.86082 59.86082 59.86082 72.89317 158.121 161.1783 142.6373 113.0002 113.2704 133.2082 124.4135 142.8606 160.1616 149.1369 113.9533 113.9533 113.9533 113.9533 113.9533 113.9533 113.9533
12.39373 12.39373 12.39373 12.39373 12.39373 12.39373 12.39373 16.98507 39.72473 39.72473 39.72472 39.72473 39.72473 39.72473 39.72473 39.72473 39.72473 39.72473 39.72472 41.15704 58.9495 0 0 0 0 0 0 0 0 0 0 0 0 0 0 0 0 0 0 0 0 0 0 0 0 0 0 0 0 0 0 147.3887 147.3887 147.3887 147.3887 147.3887 147.3887 147.3887 147.3887 147.3887 147.3887 147.3887 145.6546 55.57797 22.96797 22.96797 54.2229 59.86082 59.86082 59.86082 59.86082 59.86082 59.86082 59.86082 82.43175 126.7532 165.59 165.59 165.59 165.59 165.59 165.59 165.59 165.59 164.0597 120.0458 110.8213 113.9533 113.9533 113.9533 113.9533 113.9533 113.9533
12.39373 12.39373 12.39373 12.39373 12.39373 12.39373 12.39373 26.58656 39.72473 39.72473 39.72473 39.72473 39.72473 39.72473 39.72473 39.72473 39.72473 39.72473 39.72473 66.75909 0 0 0 0 0 0 0 0 0 0 0 0 0 0 0 0 0 0 0 0 0 0 0 0 0 0 0 0 0 0 0 147.3887 147.3887 147.3888 147.3887 147.3888 147.3887 147.3888 147.3887 147.3888 147.3888 147.3888 83.24629 22.96797 22.96797 22.96797 50.5474 59.86083 59.86082 59.86083 59.86082 59.86083 59.86082 81.61856 164.0398 165.59 165.59 165.59 165.59 165.59 165.59 149.7684 152.9031 138.6799 93.25819 78.05462 79.81318 93.0104 112.3898 113.9533 113.9533 113.9533 113.9533
12.39373 12.39373 12.39373 12.39373 12.39373 12.39373 27.08408 39.37062 45.4099 39.72472 39.72472 39.72473 39.72472 39.72472 39.72472 39.72472 39.72472 39.72472 42.78869 0 0 0 0 0 0 0 0 0 0 0 0 0 0 0 0 0 0 0 0 0 0 0 0 0 0 0 0 0 0 0 0 153.5174 147.3887 147.3887 147.3887 147.3887 147.3887 147.3887 147.3887 147.3887 147.3887 102.034 23.4196 22.96796 22.96796 22.96796 30.3196 50.95467 59.86082 59.86082 59.86082 59.86082 81.37514 147.4466 165.59 165.59 165.59 165.59 165.59 165.59 155.7671 78.98371 78.05461 78.05461 78.05461 78.05461 78.05462 87.56667 113.9533 113.9533 113.9533 113.9533 113.9533
12.39373 12.39373 12.39373 12.39373 12.39373 28.17024 122.7546 115.4245 124.7151 93.16411 66.98814 49.60302 117.7174 124.1899 119.0563 113.9227 108.7891 117.5288 0 0 0 0 0 0 0 0 0 0 0 0 0 0 0 0 0 0 0 0 0 0 0 0 0 0 0 0 0 0 0 0 0 87.10472 105.9655 106.7894 107.6132 108.4371 109.261 76.21373 82.39539 126.8878 147.3876 105.5993 22.96797 22.96796 22.96796 22.96796 22.96796 29.94792 59.86082 59.86082 59.86083 59.86082 114.2571 165.59 165.59 165.59 165.59 165.59 165.59 165.59 140.3057 83.84895 78.24115 78.05462 78.05462 78.05462 78.05461 98.13699 113.9533 113.9533 113.9533 113.9533 113.9533
12.39373 12.39373 12.39373 12.39373 14.13309 101.1056 132.51 132.51 132.51 132.51 119.2929 121.7611 132.51 132.51 132.51 132.51 132.51 0 0 0 0 0 0 0 0 0 0 0 0 0 0 0 0 0 0 0 0 0 0 0 0 0 0 0 0 0 0 0 0 0 0 43.85726 22.96796 22.96797 22.96796 22.96796 22.96796 22.96796 22.96796 22.96796 42.42025 44.41792 22.96796 22.96797 22.96796 22.96796 22.96796 22.99952 54.9605 59.86082 59.86082 58.60925 113.6219 163.8743 165.59 165.59 165.59 165.59 165.59 165.59 165.59 164.0238 100.661 78.05462 78.05462 78.05462 78.19029 106.654 113.9533 113.9533 113.9533 113.9533 113.9533
12.39373 12.39373 12.39373 12.39373 44.47993 132.51 132.51 132.51 132.51 132.51 132.51 132.51 132.51 132.51 132.51 132.51 132.51 0 0 0 0 0 0 0 0 0 0 0 0 0 0 0 0 0 0 0 0 0 0 0 0 0 0 0 0 0 0 0 0 0 0 50.72245 22.96797 22.96797 22.96797 22.96797 22.96797 22.96797 22.96796 22.96797 22.96797 22.96797 22.96797 22.96797 22.96797 22.96797 22.96797 24.20301 51.49578 58.47789 59.86082 45.15403 39.34025 76.43123 163.5819 165.59 165.59 165.59 165.59 165.59 165.59 121.3663 108.1178 78.05462 78.05462 80.92785 99.41106 113.9533 113.9533 113.9533 113.9533 109.4008 78.15105
12.39373 12.39373 12.39373 16.50812 119.7423 132.51 132.51 132.51 132.51 132.51 132.51 132.51 132.51 132.51 132.51 132.51 132.51 173.3841 0 0 0 0 0 0 0 0 0 0 0 0 0 0 0 0 0 0 0 0 0 0 0 0 0 0 0 0 0 0 0 0 0 87.94795 22.96797 22.96797 22.96796 22.96797 22.96796 22.96797 22.96796 22.96797 22.96797 22.96797 22.96797 22.96797 22.96797 22.96797 22.96797 22.97088 36.97807 45.36184 57.75919 41.59504 39.34025 39.34025 139.3578 165.59 165.0763 165.59 165.59 146.2423 101.857 78.10176 78.05462 78.05462 91.646 111.9878 113.9533 113.9533 113.9533 113.9533 113.9533 52.75886 42.91132
