Scenarios/Global_Grid/data/country_data_population_distribution/processed/density_grids/moz.asc
ncols 261
nrows 397
xllcorner 30
yllcorner -26
[rows 82 to 122 of 397, columns 0 to 92 of 261]
0 0 0 0 0 0 0 0 0 0 0 0 0 0 0 0 0 0 0 0 0 0 0 0 0 0 0 0 0 0 0 0 0 0 0 0 0 0 0 0 0 0 0 0 0 0 0 0 0 0 0 0 0 0 0 0 0 0 0 0 0 0 0 0 0 0 0 0 0 0 0 0 0 0 0 0 0 0 0 0 0 0 0 0 0 0 0 0 0 0 0 0 0
0 0 0 0 0 0 0 0 0 0 0 0 0 0 0 0 0 0 0 0 0 0 0 0 0 0 0 0 0 0 0 0 0 0 0 0 0 0 0 0 0 0 0 0 0 0 0 0 0 0 0 0 0 0 0 0 0 0 0 0 0 0 0 0 0 0 0 0 0 0 0 0 0 0 0 0 0 0 0 0 0 0 0 0 0 0 0 0 0 0 0 0 0
0 0 0 0 0 0 0 0 0 0 0 0 0 0 0 0 0 0 0 0 0 0 0 0 0 0 0 0 0 0 0 0 0 0 0 0 0 0 0 0 0 0 0 0 0 0 0 0 0 0 0 0 0 0 0 0 0 0 0 0 0 0 0 0 0 0 0 0 0 0 0 0 0 0 0 0 0 0 0 0 0 0 0 0 0 0 0 0 0 0 0 0 0
0 0 0 0 0 0 0 0 0 0 0 0 0 0 0 0 0 0 0 0 0 0 0 0 0 0 0 0 0 0 0 0 0 0 0 0 0 0 0 0 0 0 0 0 0 0 0 0 0 0 0 0 0 0 0 0 0 0 0 0 0 0 0 0 0 0 0 0 0 0 0 0 0 0 0 0 0 0 0 0 51.0974 60.91656 0 0 0 0 0 0 0 0 0 0 0
0 0 0 0 0 0 0 0 0 0 0 0 0 0 0 0 0 0 0 0 0 0 0 0 0 0 0 0 0 0 0 0 0 0 0 0 0 0 0 0 0 0 0 0 0 0 0 0 0 0 0 0 0 0 0 0 0 0 0 0 0 0 0 0 0 0 0 0 0 0 0 0 0 0 0 0 0 52.12452 53.82424 54.06218 54.06218 54.06218 54.06218 0 0 0 0 0 0 0 0 0 0
0 0 0 0 0 0 0 0 0 0 0 0 0 0 0 0 0 0 0 0 0 0 0 0 0 0 0 0 0 0 0 0 0 0 0 0 0 0 0 0 0 0 0 0 0 0 0 0 0 0 0 0 0 0 0 0 0 0 0 0 0 0 0 0 0 0 0 0 0 0 0 0 0 0 48.33713 52.84576 54.06218 54.06218 54.06218 54.06218 54.06218 54.06218 54.06218 0 0 0 0 0 0 0 0 0 0
0 0 0 0 0 0 0 0 0 0 0 0 0 0 0 0 0 0 0 0 0 0 0 0 0 0 0 0 0 0 0 0 0 0 0 0 0 0 0 0 0 0 0 0 0 0 0 0 0 0 0 0 0 0 0 0 0 0 0 0 0 0 0 0 0 0 0 0 0 0 0 48.19683 52.61509 54.06218 54.06218 54.06218 54.06218 54.06218 54.06218 54.06218 54.06218 54.06218 53.48564 0 0 0 0 0 0 0 0 0 0
0 0 0 0 0 0 0 0 0 0 0 0 0 0 0 0 0 0 0 0 0 0 0 0 0 0 0 0 0 0 0 0 0 0 0 0 0 0 0 0 0 0 0 0 0 0 0 0 0 0 0 0 0 0 0 0 0 0 0 0 0 0 0 0 0 0 0 0 0 51.96938 54.06218 54.06218 54.06218 54.06218 54.06218 54.06218 54.06218 54.06218 54.06218 54.06218 54.06218 53.47199 49.95946 48.9976 0 0 0 0 0 0 0 0 0
70.77943 0 0 0 0 0 0 0 0 0 0 0 0 0 0 0 0 0 0 0 0 0 0 0 0 0 0 0 0 0 0 0 0 0 0 0 0 0 0 0 0 0 0 0 0 0 0 0 0 0 0 0 0 0 0 0 0 0 0 0 0 0 0 0 0 0 22.36339 39.85577 54.06218 54.06218 54.06218 54.06218 54.06218 54.06218 54.06218 54.06218 54.06218 54.06218 54.06218 54.06218 54.06218 53.48039 49.93072 49.93072 44.44326 0 0 0 0 0 0 0 0
70.77944 0 0 0 0 0 0 0 0 0 0 0 0 0 0 0 0 0 0 0 0 0 0 0 0 0 0 0 0 0 0 0 0 0 0 0 0 0 0 0 0 0 0 0 0 0 0 0 0 0 0 0 0 0 0 0 0 0 0 0 0 0 0 44.3751 21.08848 17.31943 17.31943 37.45111 54.06218 54.06218 54.06218 54.06218 54.06218 54.06218 54.06218 54.06218 54.06218 54.06218 54.06218 54.06218 54.06218 53.32435 49.93072 49.93072 49.93072 40.47992 0 0 0 0 0 0 0
70.77944 0 0 0 0 0 0 0 0 0 0 0 0 0 0 0 0 0 0 0 0 0 0 0 0 0 0 0 0 0 0 0 0 0 0 0 0 0 0 0 0 0 0 0 0 0 0 0 0 0 0 0 0 0 0 0 0 0 0 43.64388 29.46557 20.75295 17.31943 17.31943 17.31943 17.31943 17.31943 36.01801 54.06218 54.06218 54.06218 54.06218 54.06218 54.06218 54.06218 54.06218 54.06218 54.06218 54.06218 54.06218 54.06218 52.10188 49.93072 49.93073 49.93072 49.93073 0 0 0 0 0 0 0
70.77943 0 0 0 0 0 0 0 0 0 0 0 0 0 0 0 0 0 0 0 0 0 0 0 0 0 0 0 0 0 0 0 0 0 0 0 0 0 0 0 0 0 0 0 0 0 0 0 0 0 0 0 0 0 0 55.6093 31.67033 17.47641 17.31943 17.31944 17.31943 17.31943 17.31943 17.31944 17.31943 17.31944 17.31943 29.67742 54.06218 54.06218 54.06218 54.06218 54.06218 54.06218 54.06218 54.06218 54.06218 54.06218 54.06218 54.06218 54.06218 50.52475 49.93072 49.93073 49.93072 49.93072 38.84992 0 0 0 0 0 0
70.77944 0 0 0 0 0 0 0 0 0 0 0 0 0 0 0 0 0 0 0 0 0 0 0 0 0 0 0 0 0 0 0 0 0 0 0 0 0 0 0 0 0 0 0 0 0 0 0 0 0 0 0 44.84757 31.75117 17.51121 17.39182 17.36325 17.31944 17.31944 17.31944 17.31943 17.31944 17.31943 17.31944 17.31943 17.31944 17.31943 17.68608 47.82458 54.06218 54.06218 54.06218 54.06218 54.06218 54.06218 54.06218 54.06218 54.06218 54.06218 54.06218 53.73045 50.13813 49.93072 49.93072 49.93073 49.93072 49.93072 0 0 0 0 0 0
0 939.7667 939.7667 0 0 0 0 0 0 0 0 0 0 0 0 0 0 0 0 0 0 0 0 0 0 0 0 0 0 0 0 0 0 0 0 0 0 0 0 0 0 0 0 0 0 0 0 0 0 44.56892 20.67328 17.39182 17.39182 17.39182 17.39182 17.39182 17.39055 17.34171 17.31943 17.31943 17.31943 17.31943 17.31943 17.31943 17.31943 17.31943 17.31943 17.31943 40.66537 54.06218 54.06218 54.06218 54.06218 54.06218 54.06218 54.06218 54.06218 54.06218 54.06218 54.06218 52.20704 49.93072 49.93072 49.93072 49.93072 49.93072 49.93072 49.93072 44.76427 0 0 0 0
939.7667 939.7668 939.7667 0 0 0 0 0 0 0 0 0 0 0 0 0 0 0 0 0 0 0 0 0 0 0 0 0 0 0 0 0 0 0 0 0 0 0 0 0 0 0 0 0 0 0 0 40.75798 20.88673 17.39182 17.39182 17.39182 17.39182 17.39182 17.39182 17.39182 17.39182 17.38062 17.31944 17.31944 17.31944 17.31944 17.31943 17.31943 17.31944 17.31944 17.31943 17.31944 25.62908 53.41177 54.06218 54.06218 54.06218 54.06218 54.06218 54.06218 54.06218 54.06218 54.06218 54.05424 50.88584 49.93073 49.93072 49.93073 49.93073 49.93073 49.93073 49.93073 49.93072 39.42324 0 0 0
939.7668 939.7668 939.7668 0 0 0 0 0 0 0 0 0 0 0 0 0 0 0 0 0 0 0 0 0 0 0 0 0 0 0 0 0 0 0 0 0 0 0 0 0 0 0 0 0 25.36818 17.42265 17.39182 17.39182 17.39182 17.39182 17.39182 17.39182 17.39182 17.39182 17.39182 17.39182 17.39182 17.38908 17.32768 17.31943 17.31943 17.31943 17.31943 17.31943 17.31943 17.31943 17.31943 17.31943 17.31943 35.65203 54.06218 54.06218 54.06218 54.06218 54.06218 54.06218 54.06218 54.06218 53.74299 52.90128 49.93072 49.93072 49.93072 49.93072 49.93072 49.93072 49.93072 49.93072 49.93072 49.93072 46.67537 0 0
939.7668 936.7216 664.235 76.71706 0 0 0 0 0 0 0 0 0 0 0 0 0 0 0 0 0 0 0 0 0 0 0 0 0 0 0 0 0 0 0 0 0 0 0 0 0 0 28.02144 17.39182 17.39182 17.39182 17.39182 17.39182 17.39182 17.39182 17.39182 17.39182 17.39182 17.39182 17.39182 17.39182 17.39182 17.39182 17.37385 17.32038 17.31943 17.31943 17.31944 17.31943 17.31943 17.31943 17.31943 17.31943 17.31943 19.04968 53.00251 54.06218 54.06218 54.06218 54.06218 54.06218 54.05198 52.05153 50.51264 49.93072 49.93073 49.93072 49.93073 49.93072 49.93073 49.93072 49.93073 49.93072 49.93073 49.93073 49.93072 0 0
438.3495 128.369 76.71706 76.71707 0 0 0 0 0 0 0 0 0 0 0 0 0 0 0 0 0 0 0 0 0 0 0 0 0 0 0 0 0 0 0 0 0 0 0 0 32.47065 17.41778 17.39182 17.39182 17.39182 17.39182 17.39182 17.39182 17.39182 17.39182 17.39182 17.39182 17.39182 17.39182 17.39182 17.39182 17.39182 17.39182 17.39182 17.36872 17.36453 17.35362 17.31943 17.31943 17.31943 17.31943 17.31943 17.31943 17.31943 17.31943 44.69944 54.06218 54.06218 54.06218 54.06218 54.06218 53.76616 49.93073 49.93073 49.93073 47.13961 49.85236 49.93073 49.93073 49.93073 49.93073 49.93073 49.93073 49.93072 49.93073 49.93073 46.03534 37.98624
329.1139 76.71707 76.71706 0 0 0 0 0 0 0 0 0 0 0 0 0 0 0 0 0 0 0 0 0 0 0 0 0 0 0 0 0 0 0 0 0 41.77263 29.00994 18.94671 17.39182 17.39182 17.39182 17.39182 17.39182 17.39182 17.39182 17.39182 17.39182 17.39182 17.39182 17.39183 17.39182 17.39182 17.39182 17.39182 17.39182 17.39183 17.39182 17.39182 17.39182 17.39182 17.39115 17.34242 17.31943 17.31943 17.31943 17.31943 17.31943 17.31943 17.31943 32.47145 54.06218 54.06218 54.06218 49.99186 53.01634 53.41639 49.93072 49.93072 46.51699 23.52784 20.60059 46.50731 48.31245 49.65511 49.93072 49.93072 49.93072 49.93072 49.93072 49.93072 49.93072 49.93072
281.2978 76.71707 76.71706 0 0 0 0 0 0 0 0 0 0 0 0 0 0 0 0 0 0 0 0 0 0 0 0 0 0 0 0 0 37.31992 23.16733 19.82083 19.82083 19.70834 17.43127 17.39182 17.39182 17.39182 17.39182 17.39182 17.39182 17.39182 17.39182 17.39182 17.39182 17.39182 17.39182 17.39182 17.39182 17.39182 17.39182 17.39182 17.39182 17.39182 17.39182 17.39182 17.39182 17.39182 17.39182 17.38385 17.31978 17.31943 17.31943 17.31943 17.31943 17.31943 17.31943 21.89081 53.2269 39.1016 20.2466 8.989279 11.28876 19.60859 19.85571 12.30852 8.060826 11.34196 43.48485 44.97453 44.97453 45.79151 46.81123 46.77214 49.9128 49.93073 49.93073 49.93073 49.93073 49.93073
76.71706 76.71707 76.71707 76.71706 0 0 0 0 0 0 0 0 0 0 0 0 0 0 0 0 0 0 0 0 0 0 0 0 0 33.75692 22.22724 19.82083 19.82083 19.82083 19.82083 19.82083 18.9851 17.39182 17.39182 17.39182 17.39182 17.39182 17.39182 17.39182 17.39182 17.39182 17.39182 17.39182 17.39182 17.39182 17.39182 17.39182 17.39182 17.39182 17.39182 17.39182 17.39182 17.39182 17.39182 17.39182 17.39182 17.39182 17.39182 17.34563 17.31943 17.31943 17.31943 17.31943 17.31943 17.31943 16.91511 14.34379 7.322705 7.322706 7.322705 7.322705 7.322705 7.322705 7.322705 7.322705 22.36238 44.97453 44.97453 44.97453 44.97453 44.97453 44.97453 48.79396 49.93072 49.93072 49.93072 49.93072 49.93072
76.71706 76.71707 76.71706 76.71706 0 0 0 0 0 0 0 0 0 0 0 0 0 0 0 0 0 0 0 0 8.162298 7.396436 11.23132 19.41757 19.82083 19.82083 19.82083 19.82083 19.82083 19.82083 19.82083 19.82083 18.62997 17.41294 17.39182 17.39182 17.39182 17.39182 17.39182 17.39182 17.39182 17.39182 17.39182 17.39182 17.39182 17.39182 17.39182 17.39182 17.39182 17.39182 17.39182 17.39182 17.39182 17.39182 17.39182 17.10491 10.13886 10.02586 8.905204 4.974489 6.70053 14.71375 17.31943 17.31943 17.31943 15.83692 9.068107 7.322705 7.322706 7.322706 7.322706 7.322706 7.322706 7.322706 7.322706 7.322706 32.10787 44.97453 44.97453 44.97453 44.97453 44.97453 44.97453 46.86096 49.93072 49.93073 49.93073 49.93073 49.93073
76.71707 76.71706 76.71707 76.71706 0 0 0 0 0 0 0 0 0 0 0 0 0 0 0 0 0 8.072295 6.860898 6.545237 6.545237 6.545237 6.545236 15.32803 19.82083 19.82083 19.82083 19.82083 19.82083 19.82083 19.82083 19.82083 19.7694 17.6843 17.39182 17.39182 17.39182 17.39182 17.39182 17.39182 17.39182 17.39182 17.39182 17.39182 17.39182 17.39182 17.39182 17.372 12.36956 10.85131 15.79967 17.39182 15.87684 9.169811 6.180434 4.36015 3.841342 3.841341 3.841342 3.841342 3.841342 10.03505 17.31943 17.2699 13.81025 7.971209 7.322706 7.322706 7.322706 7.322705 7.322706 7.322706 7.322706 7.322706 7.322706 15.6335 43.04469 44.97453 44.97453 44.97453 44.97453 44.97453 44.97453 46.14648 49.93073 49.93073 49.93073 49.93073 49.93073
76.71707 76.71707 76.71706 76.71707 0 0 0 0 0 0 0 0 0 0 0 0 0 0 0 7.222764 6.548615 6.545237 6.545237 6.545237 6.545237 6.545237 6.545237 16.35946 19.82083 19.82083 19.82083 19.82083 19.82083 19.82083 19.82083 19.82083 19.41731 17.39893 17.39182 17.39182 17.39182 17.39182 17.39182 17.39182 17.39182 17.39182 17.39182 17.39182 17.39182 17.39182 16.39251 9.84973 3.841342 3.841342 4.276328 6.041988 5.244301 3.841342 3.841342 3.841342 3.841342 3.841342 3.841342 3.841342 3.841342 4.802602 15.13044 11.30616 7.322706 7.322706 7.322706 7.322706 7.322706 7.322706 7.322706 7.322706 7.322706 7.322706 7.322706 28.79834 44.97453 44.97453 44.97453 44.97453 44.97453 44.97453 44.97453 45.68143 49.93073 49.93073 49.93072 49.93073 49.93072
76.71706 76.71706 76.71706 0 0 0 0 0 0 0 0 0 0 0 0 0 7.563863 6.65478 6.545237 6.545237 6.545237 6.545237 6.545237 6.545237 6.545237 6.545237 6.545237 17.56949 19.82083 19.82083 19.82083 19.82083 19.82083 19.82083 19.82083 19.82083 19.82083 17.74401 17.39182 17.39182 17.39182 17.39182 17.39182 17.39182 17.39182 17.39182 15.96623 11.17219 16.31205 10.33936 3.959847 3.841342 3.841342 3.841342 3.841341 3.841342 3.841341 3.841342 3.841342 3.841342 3.841342 3.841342 3.841341 3.841342 3.841342 3.841342 7.529494 8.172717 7.322705 7.322706 7.322706 7.322706 7.322706 7.322706 7.322705 7.322706 7.322705 7.322706 7.322706 14.25822 44.97044 44.97453 44.97453 44.97453 44.97453 44.97453 44.97453 44.99753 48.7314 49.93073 49.93073 49.93073 49.93073
76.71706 0 0 0 0 0 0 0 0 0 0 0 0 0 7.379784 6.545237 6.545237 6.545237 6.545237 6.545237 6.545237 6.545237 6.545237 6.545237 6.545237 6.545237 6.545237 17.86207 19.82083 19.82083 19.82083 19.82083 19.82083 19.82083 19.82083 19.82083 19.82083 18.08598 17.39182 17.39182 17.39182 17.39182 17.39182 17.39182 17.39182 12.95686 7.451216 7.098995 8.395154 4.60266 3.841342 3.841342 3.841342 3.841342 3.841342 3.841342 3.841342 3.841342 3.841342 3.841342 3.841342 3.841342 3.841342 3.841342 3.841342 3.841342 4.653625 7.322643 7.322706 7.322706 7.322706 7.322706 7.322706 7.322706 7.322706 7.322706 7.322706 7.322706 7.322706 7.322706 37.35326 44.97453 44.97453 44.97453 44.97453 44.97453 44.97453 44.97453 47.06064 49.93073 49.93072 49.93072 49.93072
61.91571 0 0 0 0 0 0 0 0 0 0 7.602025 6.82062 6.545237 6.545237 6.545237 6.545237 6.545237 6.545237 6.545237 6.545237 6.545237 6.545237 6.545237 6.545237 6.545237 6.545237 14.93248 19.82083 19.82083 19.82083 19.82083 19.82083 19.82083 19.82083 19.82083 19.82083 18.92856 17.41302 17.39182 17.39182 17.39182 17.39182 17.39182 13.10465 7.162606 7.098995 7.098995 7.098995 5.032025 3.841342 3.841342 3.841342 3.841342 3.841342 3.841342 3.841342 3.841342 3.841342 3.841341 3.841342 3.841342 3.841342 3.841342 3.841342 3.841342 3.841342 6.548018 7.322705 7.322705 7.322705 7.322706 7.322705 7.322706 7.322705 7.322706 7.322705 7.322706 7.322705 7.322706 25.5455 44.97453 44.97453 44.97453 44.97453 44.97453 44.97453 44.97453 46.57512 49.93072 49.93072 49.93072 49.93073
61.91571 61.91571 61.9157 0 0 0 0 0 0 7.214772 6.545237 6.545237 6.545237 6.545237 6.545237 6.545237 6.545237 6.545237 6.545237 6.545237 6.545237 6.545237 6.545237 6.545237 6.545237 6.545237 6.545237 14.72788 19.82083 19.82083 19.82083 19.82083 19.82083 19.82083 19.82083 19.82083 19.82083 19.82083 18.26638 17.39182 17.39183 17.39182 17.39182 17.39182 10.38218 7.098995 7.098995 7.098995 7.098995 4.828041 3.841341 3.841341 3.841341 3.841341 3.841341 3.841341 3.841341 3.841341 3.841341 3.841341 3.841341 3.841341 3.841341 3.841341 3.841341 3.841341 3.841341 5.867216 7.322706 7.322706 7.322706 7.322706 7.322706 7.322706 7.322706 7.322706 7.322706 7.322706 7.322706 7.322706 19.66099 44.97453 44.97453 44.97453 44.97453 44.97453 44.97453 44.97453 47.4001 49.93073 49.93072 49.93073 49.93072
1217.599 61.9157 0 0 0 0 0 0 0 7.041919 6.545237 6.545237 6.545237 6.545237 6.545237 6.545237 6.545237 6.545237 6.545237 6.545237 6.545237 6.545237 6.545237 6.545237 6.545237 6.545237 6.545237 15.39717 19.82083 19.82083 19.82083 19.82083 19.82083 19.82083 19.82083 19.82083 19.82083 19.82083 19.3966 17.3987 17.39182 17.39182 16.18472 11.13281 7.270896 7.098995 7.098995 7.098995 7.098995 5.770712 4.648622 3.932424 3.841342 3.841341 3.841342 3.841342 3.841342 3.841341 3.841342 3.841341 3.841342 3.841341 3.841342 3.841341 3.841342 3.841342 3.841342 4.281262 7.204429 7.322705 7.322705 7.322705 7.322705 7.322705 7.322705 7.322706 7.322705 7.322705 7.322705 7.322705 16.25656 44.95074 44.97453 44.97453 44.97453 44.97453 44.97453 44.97453 47.21957 49.93073 49.93072 49.93073 49.93073
1254.937 1254.937 0 0 0 0 0 0 0 7.231727 6.545237 6.545237 6.545237 6.545237 6.545237 6.545237 6.545237 6.545237 6.545237 6.545237 6.545237 6.545237 6.545237 6.545237 6.545237 6.545237 9.018677 19.62322 19.82083 19.82083 19.82083 19.82083 19.82083 19.82083 19.82083 19.82083 19.82083 19.82083 19.74248 13.05833 11.30484 12.24201 7.531498 7.098995 7.098995 7.098995 7.098995 7.098995 7.098995 7.098995 7.098995 6.861369 5.32771 5.034411 4.454104 3.860331 3.841342 3.841341 3.841342 3.841341 3.841342 3.841341 3.841342 3.841341 3.841342 3.841341 3.841342 3.841341 5.825239 7.322706 7.322706 7.322706 7.322706 7.322706 7.322706 7.322706 7.322706 7.322706 9.312501 17.0247 25.43476 31.60257 33.10759 35.35814 41.21313 44.97453 44.97453 44.97453 45.49797 49.78814 49.93072 49.93072 49.93072
0 1254.937 0 0 0 0 0 0 0 0 6.545236 6.545237 6.545237 6.545237 6.545237 6.545237 6.545237 6.545237 6.545237 6.545237 6.545237 6.545237 6.545237 6.545237 6.545237 6.545237 15.20504 19.82083 19.82083 19.82083 19.82083 19.82083 19.82083 19.82083 19.82083 19.82083 19.82083 19.82083 17.95934 7.788245 7.098995 7.098995 7.098995 7.098995 7.098995 7.098995 7.098995 7.098995 7.098995 7.098995 7.098995 7.098995 7.098995 7.098995 7.098995 6.253612 4.239476 3.841341 3.841341 3.841341 3.841341 3.841341 3.841342 3.841341 3.841341 3.841341 3.841342 3.841341 4.083977 7.012927 7.322706 7.322705 7.322706 7.322705 7.322706 7.322706 7.322706 13.37862 21.42392 23.18132 23.18132 23.18132 23.18132 23.18132 23.77368 35.12732 41.26105 44.97453 45.08898 49.49467 49.93072 49.93073 49.93072
0 0 0 0 0 0 0 0 0 0 6.771301 6.545237 6.545237 6.545237 6.545237 6.545237 6.545237 6.545237 6.545237 6.545237 6.545237 6.545237 6.545237 6.545237 6.545237 6.545237 16.93535 19.82083 19.82083 19.82083 19.82083 19.82083 19.82083 19.82083 19.82083 19.82083 19.82083 19.82083 15.99447 7.098995 7.098995 7.098995 7.098995 7.098996 7.098995 7.098995 7.098995 7.098995 7.098995 7.098995 7.098996 7.098995 7.098995 7.098995 7.098995 7.098995 6.44569 3.841341 3.841341 3.841341 3.841341 3.841341 3.841342 3.841341 3.841341 3.841341 3.841341 3.841341 3.841341 4.330209 6.809447 7.322706 7.322706 7.322706 7.322706 7.322706 9.605695 21.51272 23.18132 23.18132 23.18132 23.18132 23.18132 23.18132 23.18132 23.18132 26.89213 43.58096 45.17305 48.74536 49.93072 49.93072 49.93072
0 0 0 0 0 0 0 0 0 0 7.228875 6.545237 6.545237 6.545237 6.545237 6.545237 6.545237 6.545237 6.545237 6.545237 6.545237 6.545237 6.545237 6.545237 6.545237 6.545237 15.04758 19.82083 19.82083 19.82083 19.82083 19.82083 19.82083 19.82083 19.82083 19.82083 19.82083 19.82083 13.19934 7.098995 7.098995 7.098995 7.098995 7.098995 7.098995 7.098995 7.098995 7.098995 7.098995 7.098995 7.098995 7.098995 7.098995 7.098995 7.098995 7.097707 6.222586 5.133071 4.80103 4.418024 3.978634 3.841342 3.841342 3.841342 3.841342 3.841342 3.841342 3.841342 3.841342 3.841342 4.757362 7.322706 7.322706 7.322706 7.322706 8.345941 23.1678 23.18132 23.18132 23.18132 23.18132 23.18132 23.18132 23.18132 23.18132 23.18132 23.18132 24.509 33.72643 36.77599 42.38184 49.65638 49.93072
0 0 0 0 0 0 0 0 0 0 0 6.956048 6.545237 6.545237 6.545237 6.545236 6.545237 6.545236 6.458092 6.15873 6.097271 6.113244 6.129217 6.227476 6.545237 7.97511 15.47727 11.93207 6.594855 9.545967 18.70032 19.82083 19.82083 19.82083 19.82083 19.82083 19.82083 19.82083 16.71774 7.098995 7.098995 7.098995 7.098995 7.098995 7.098995 7.098995 7.098995 7.098995 7.098995 7.098995 7.098995 7.098995 7.098995 7.098995 7.08978 6.650695 6.037223 6.037224 6.037223 6.037224 6.023046 5.655694 5.101778 4.589686 4.052614 3.841342 3.841341 3.841342 3.841341 3.841342 3.843421 6.880638 7.322706 7.322706 7.322706 13.35855 23.18132 23.18132 23.18132 23.18132 23.18132 23.18132 23.18132 23.18132 23.18132 23.18132 23.18132 23.18132 19.30134 12.39373 12.39373 21.1 38.27335
0 0 0 0 0 0 0 0 0 0 0 0 7.01781 6.545237 6.545236 6.545237 6.467471 6.152185 5.909376 5.896931 5.896931 5.896932 5.896931 5.897023 6.375597 8.208673 6.341247 5.896932 5.896932 5.896932 7.647194 15.05443 10.55631 9.590902 11.90284 16.04173 16.22595 19.08011 18.18302 7.098995 7.098996 7.098995 7.098995 7.098995 7.098996 7.098995 7.098995 7.098996 7.098995 7.098996 7.098995 7.098996 7.098995 6.93632 6.149529 6.037223 6.037223 6.037223 6.037223 6.037223 6.037223 6.037223 6.037223 6.037223 6.034616 5.55655 4.933618 4.417285 4.501208 4.402656 4.3428 5.770204 7.318847 7.322706 7.322706 14.04432 23.18132 23.18132 23.18132 23.18132 23.18132 23.18132 23.18132 23.18132 23.18132 23.18132 23.18132 23.18132 20.706 12.39373 12.39373 12.39373 12.39373
0 0 0 0 0 0 0 0 0 0 0 0 0 6.563118 6.545237 6.456045 6.056505 5.896932 5.896932 5.896932 5.896932 5.896932 5.896932 5.896932 6.054089 5.993495 5.896932 5.896932 5.896932 5.896932 5.896932 5.896932 5.896932 5.896932 5.896932 5.896932 5.896932 6.391838 11.08813 7.098995 7.098995 7.098995 7.098995 7.098995 7.098995 7.098995 7.098995 7.098995 7.098995 7.098995 7.098995 7.098995 7.098995 6.795155 6.037223 6.037223 6.037223 6.037223 6.037223 6.037223 6.037223 6.037223 6.037223 6.037223 6.037223 6.037223 6.037223 6.037223 6.037223 6.037223 6.037223 6.037223 6.385741 7.317272 7.322749 18.69086 23.18132 23.18132 23.18132 23.18132 23.18132 23.18132 23.18132 23.18132 23.18132 23.18132 23.18132 23.18132 22.65761 13.37812 12.39373 12.39373 12.39373
0 0 0 0 0 0 0 0 0 0 0 0 0 6.349271 6.201012 6.131232 5.896931 5.896932 5.896931 5.896931 5.896931 5.896931 5.896931 5.896931 5.896931 5.896931 5.896931 5.896931 5.896931 5.896931 5.896931 5.896931 5.896931 5.896931 5.896932 5.896931 5.896931 5.896932 5.898073 6.755579 7.098995 7.098995 7.098995 7.098995 7.098995 7.098995 7.098995 7.098995 7.098995 7.098995 7.098995 7.098995 7.098995 7.051155 6.107476 6.037223 6.037223 6.037223 6.037223 6.037223 6.037223 6.037223 6.037223 6.037223 6.037223 6.037223 6.037223 6.037223 6.037223 6.037223 6.037223 6.037223 6.037223 6.672478 15.30127 23.18132 23.18132 23.18132 23.18132 23.18132 23.18132 23.18132 23.18132 23.18132 23.18132 23.18132 23.18132 23.18132 23.18099 17.82407 12.39373 12.39373 12.39373
0 0 0 0 0 0 0 0 0 0 0 0 0 6.265449 5.896932 5.896932 5.896932 5.896932 5.896932 5.896932 5.896932 5.896932 5.896932 5.896932 5.896932 5.896932 5.896932 5.896932 5.896932 5.896932 5.896932 5.896932 5.896932 5.896932 5.896932 5.896932 5.896932 5.896932 5.896932 5.939203 6.793602 7.098995 7.098995 7.098995 7.098995 7.098995 7.098995 7.098995 7.098995 7.098995 7.098995 7.098995 7.098995 7.098995 6.442802 6.037223 6.037223 6.037223 6.037223 6.037223 6.037223 6.037223 6.037223 6.037223 6.037223 6.037223 6.037223 6.037223 6.037223 6.037223 6.037223 6.037224 6.037223 6.05386 19.0656 23.18132 23.18132 23.18132 23.18132 23.18132 23.18132 23.18132 23.18132 23.18132 23.18132 23.18132 23.18132 22.3545 15.13673 12.47952 12.39373 12.39373 12.39373
0 0 0 0 0 0 0 0 0 0 0 0 0 0 5.896932 5.896932 5.896931 5.896932 5.896931 5.896932 5.896931 5.896932 5.896931 5.896932 5.896932 5.896932 5.896931 5.896932 5.896931 5.896932 5.896932 5.896932 5.896931 5.896932 5.896932 5.896932 5.896931 5.896932 5.896931 5.896932 6.134789 7.086314 7.098995 7.098996 7.098995 7.098995 7.098995 7.098995 7.098995 7.098995 7.098996 7.098995 7.098995 7.098995 7.054393 6.355495 6.037223 6.037223 6.037223 6.037224 6.037223 6.037223 6.037224 6.037223 6.037223 6.037223 6.037223 6.037223 6.037223 6.037223 6.037223 6.037223 6.037223 6.037223 8.959424 23.05461 23.18132 23.18132 23.18132 23.18132 23.18132 23.18132 23.18132 23.18132 23.18132 23.18132 23.18132 19.82563 12.39373 12.39373 12.39373 12.39373 12.39373
0 0 0 0 0 0 0 0 0 0 0 0 0 6.072195 5.896932 5.896932 5.896932 5.896932 5.896932 5.896932 5.896932 5.896932 5.896932 5.896932 5.896932 5.896932 5.896932 5.896932 5.896932 5.896932 5.896932 5.896932 5.896932 5.896932 5.896932 5.896932 5.896932 5.896932 5.896932 5.896932 5.896932 6.040421 6.92724 7.098995 7.098995 7.098996 7.098996 7.098995 7.098996 7.098995 7.098996 7.098995 7.098996 7.098995 7.098995 6.584413 6.037223 6.037223 6.037223 6.037224 6.037224 6.037223 6.037223 6.037223 6.037223 6.037223 6.037223 6.037223 6.037223 6.037223 6.037223 6.037223 6.037223 6.037223 6.037223 19.40588 23.18132 23.18132 23.18132 23.18132 23.18132 23.18132 23.18132 23.18132 23.18132 23.18132 23.18132 20.3011 12.39373 12.39373 12.39373 12.39373 12.39373
0 0 0 0 0 0 0 0 0 0 0 0 0 6.062806 5.896932 5.896932 5.896932 5.896932 5.896932 5.896932 5.896932 5.896932 5.896932 5.896932 5.896932 5.896932 5.896932 5.896932 5.896932 5.896932 5.896932 5.896932 5.896932 5.896932 5.896932 5.896932 5.896932 5.896932 5.896932 5.896932 5.896932 5.896932 6.510421 7.098995 7.098995 7.098995 7.098995 7.098995 7.098995 7.098995 7.098995 7.098995 7.098995 7.098995 7.098995 6.868344 6.037223 6.037223 6.037223 6.037222 6.037223 8.546254 15.6121 7.664827 11.79443 15.76584 26.6708 50.29076 7.114686 31.59952 48.4775 36.39899 33.03181 19.03792 6.037223 14.70391 23.18132 23.18132 23.18132 23.18132 23.18132 23.18132 23.18132 23.18132 23.18132 23.18132 23.18132 18.21161 12.39373 12.39373 12.39373 12.39373 12.39373
