Scenarios/Global_Grid/data/country_data_population_distribution/processed/density_grids/moz.asc
ncols 261
nrows 397
xllcorner 30
yllcorner -26
[rows 287 to 327 of 397, columns 0 to 92 of 261]
0 0 0 0 0 0 0 0 0 0 0 0 0 0 0 0 0 0 0 0 0 0 0 0 0 0 0 0 0 0 0 0 0 0 0 0.5923757 0.9371414 0.9371414 3.626663 4.664422 4.671617 4.671617 4.671616 4.671617 4.671617 4.671617 4.671617 4.671617 4.257446 3.826661 3.824907 3.726318 3.583256 3.560446 3.537734 3.515021 3.492309 3.469595 3.188914 3.104339 3.104339 3.104339 3.104339 3.104339 3.104339 3.104339 2.560193 1.596074 1.536581 1.536581 1.536581 1.536581 1.536581 1.536581 1.536581 1.536581 1.536581 1.536581 1.536581 1.536581 1.536581 1.536581 1.536581 1.639968 1.717822 1.717822 1.717822 1.717822 1.717822 1.717822 1.717822 1.717822 1.717822
0 0 0 0 0 0 0 0 0 0 0 0 0 0 0 0 0 0 0 0 0 0 0 0 0 0 0 0 0 0 0 0 0 0 0 0 0.9371415 0.9371414 0.9371414 1.149053 1.127644 1.273075 4.499333 4.671616 4.671617 3.857222 3.728938 3.516314 3.105846 3.104339 3.104339 3.104339 3.104339 3.104339 3.104339 3.104339 3.104339 3.104339 3.104339 3.104339 3.104339 3.104339 3.104339 3.104339 3.104339 3.104339 3.104339 2.274033 1.536581 1.536581 1.536581 1.536581 1.536581 1.536581 1.536581 1.536581 1.536581 1.536581 1.536581 1.536581 1.536581 1.536581 1.536581 1.679212 1.717822 1.717822 1.717822 1.717822 1.717822 1.717822 1.717822 1.717822 1.717822
0 0 0 0 0 0 0 0 0 0 0 0 0 0 0 0 0 0 0 0 0 0 0 0 0 0 0 0 0 0 0 0 0 0 0 0 0.8447922 0.9371414 0.9371414 0.9371414 0.9371414 0.9371414 2.368878 4.580722 2.991719 0.9934585 2.744924 3.104339 3.104339 3.104339 3.104339 3.104339 3.104339 3.104339 3.104339 3.104339 3.104339 3.104339 3.104339 3.104339 3.104339 3.104339 3.104339 3.104339 3.104339 3.104339 3.104339 2.472032 1.536581 1.536581 1.536581 1.536581 1.536581 1.536581 1.536581 1.536581 1.536581 1.536581 1.536581 1.536581 1.536581 1.536581 1.55597 1.715897 1.717822 1.717822 1.717822 1.717822 1.717822 1.717822 1.717822 1.717822 1.717822
0 0 0 0 0 0 0 0 0 0 0 0 0 0 0 0 0 0 0 0 0 0 0 0 0 0 0 0 0 0 0 0 0 0 0 0 0.5044429 0.9371415 0.9371414 0.9371415 0.9371414 0.9371415 0.9371414 1.064017 0.9371414 0.9371414 1.825909 3.104339 3.104339 3.104339 3.104339 3.104339 3.104339 3.104339 3.104339 3.104339 3.104339 3.104339 3.104339 3.104339 3.104339 3.104339 3.104339 3.104339 3.104339 3.104339 3.104339 2.670029 1.536581 1.536581 1.536581 1.536581 1.536581 1.536581 1.536581 1.536581 1.536581 1.536581 1.536581 1.536581 1.536581 1.536581 1.597828 1.717822 1.717822 1.717822 1.717822 1.717822 1.717822 1.717822 1.717822 1.717822 1.717822
0 0 0 0 0 0 0 0 0 0 0 0 0 0 0 0 0 0 0 0 0 0 0 0 0 0 0 0 0 0 0 0 0 0 0 0 0 0.9371414 0.9371414 0.9371414 0.9371414 0.9371414 0.9371414 0.9371414 0.9371414 0.9371414 0.9739484 2.805902 3.104339 3.104339 3.104339 3.104339 3.104339 3.104339 3.104339 3.104339 3.104339 3.104339 3.104339 3.104339 3.104339 3.104339 3.104339 3.104339 3.104339 3.104339 3.104339 2.872618 1.536581 1.536581 1.536581 1.536581 1.536581 1.536581 1.536581 1.536581 1.536581 1.536581 1.536581 1.536581 1.536581 1.536581 1.541534 1.695098 1.717822 1.717822 1.717822 1.717822 1.717822 1.717822 1.717822 1.717822 1.717822
0 0 0 0 0 0 0 0 0 0 0 0 0 0 0 0 0 0 0 0 0 0 0 0 0 0 0 0 0 0 0 0 0 0 0 0 0 0.8324505 0.9371414 0.9371414 0.9371414 0.9371414 0.9371414 0.9371414 0.9371414 0.9371414 0.9371414 1.960405 3.104339 3.104339 3.104339 3.104339 3.104339 3.104339 3.104339 3.104339 3.104339 3.104339 3.104339 3.104339 3.104339 3.104339 3.104339 3.104339 3.104339 3.104339 3.104339 3.100486 1.802213 1.536581 1.536581 1.536581 1.536581 1.536581 1.536581 1.536581 1.536581 1.536581 1.536581 1.536581 1.536581 1.536581 1.536581 1.590795 1.706288 1.717822 1.717822 1.717822 1.717822 1.717822 1.717822 1.717822 1.717822
0 0 0 0 0 0 0 0 0 0 0 0 0 0 0 0 0 0 0 0 0 0 0 0 0 0 0 0 0 0 0 0 0 0 0 0 0 0.5254074 0.9371415 0.9371414 0.9371415 0.9371415 0.9371415 0.9371414 0.9371415 0.9371415 0.9371415 1.280417 3.033372 3.104339 3.104339 3.104339 3.104339 3.104339 3.104339 3.104339 3.104339 3.104339 3.104339 3.104339 3.104339 3.104339 3.104339 3.104339 3.104339 3.104339 3.104339 3.104339 2.465317 1.536581 1.536581 1.536581 1.536581 1.536581 1.536581 1.536581 1.536581 1.536581 1.536581 1.536581 1.536581 1.536581 1.536581 1.536581 1.539146 1.613971 1.704485 1.717822 1.717822 1.717822 1.717822 1.717822 1.717822
0 0 0 0 0 0 0 0 0 0 0 0 0 0 0 0 0 0 0 0 0 0 0 0 0 0 0 0 0 0 0 0 0 0 0 0 0 0 0.9371414 0.9371414 0.9371414 0.9371414 0.9371414 0.9371415 0.9371414 0.9371414 0.9371414 0.9371414 1.231138 2.908649 3.104339 3.104339 3.104339 3.104339 3.104339 3.104339 3.104339 3.104339 3.104339 3.104339 3.104339 3.104339 3.104339 3.104339 3.104339 3.104339 3.104339 3.104339 3.034352 1.634503 1.536581 1.536581 1.536581 1.536581 1.536581 1.536581 1.536581 1.536581 1.536581 1.536581 1.536581 1.536581 1.536581 1.536581 1.536581 1.536581 1.545176 1.703112 1.717822 1.717822 1.717822 1.717822 1.717822
0 0 0 0 0 0 0 0 0 0 0 0 0 0 0 0 0 0 0 0 0 0 0 0 0 0 0 0 0 0 0 0 0 0 0 0 0 0 0.8192807 0.9371414 0.9371414 0.9371414 0.9371414 0.9371414 0.9371414 0.9371414 0.9371414 0.9371414 0.9371414 1.378875 3.104339 3.104339 3.104339 3.104339 3.104339 3.104339 3.104339 3.104339 3.104339 3.104339 3.104339 3.104339 3.104339 3.104339 3.104339 3.104339 3.104339 3.104339 3.104339 2.231473 1.536581 1.536581 1.536581 1.536581 1.536581 1.536581 1.536581 1.536581 1.536581 1.536581 1.536581 1.536581 1.536581 1.536581 1.536581 1.536581 1.536581 1.576211 1.717736 1.717822 1.717822 1.717822 1.717822
0 0 0 0 0 0 0 0 0 0 0 0 0 0 0 0 0 0 0 0 0 0 0 0 0 0 0 0 0 0 0 0 0 0 0 0 0 0 0.5211509 0.9371414 0.9371414 0.9371414 0.9371414 0.9371414 0.9371414 0.9371414 0.9371414 0.9371414 0.9371414 0.9381205 2.323827 3.104339 3.104339 3.104339 3.104339 3.104339 3.104339 3.104339 3.104339 3.104339 3.104339 3.104339 3.104339 3.104339 3.104339 3.104339 3.104339 3.104339 3.104339 2.896119 1.613639 1.536581 1.536581 1.536581 1.536581 1.536581 1.536581 1.536581 1.536581 1.536581 1.536581 1.536581 1.536581 1.536581 1.536581 1.536581 1.536581 1.536581 1.640068 1.71508 1.717822 1.717822 1.717822
0 0 0 0 0 0 0 0 0 0 0 0 0 0 0 0 0 0 0 0 0 0 0 0 0 0 0 0 0 0 0 0 0 0 0 0 0 0 0 0.9371414 0.9371414 0.9371414 0.9371414 0.9371414 0.9371414 0.9371414 0.9371414 0.9371414 0.9371414 0.9371414 1.215373 3.102594 3.104339 3.104339 3.104339 3.104339 3.104339 3.104339 3.104339 3.104339 3.104339 3.104339 3.104339 3.104339 3.104339 3.104339 3.104339 3.104339 3.104339 3.104339 2.712966 1.595298 1.536581 1.536581 1.536581 1.536581 1.536581 1.536581 1.536581 1.536581 1.536581 1.536581 1.536581 1.536581 1.536581 1.536581 1.536581 1.536581 1.536581 1.592318 1.717171 1.717822 1.717822
0 0 0 0 0 0 0 0 0 0 0 0 0 0 0 0 0 0 0 0 0 0 0 0 0 0 0 0 0 0 0 0 0 0 0 0 0 0 0 0.8131981 0.9371413 0.9371414 0.9371413 0.9371414 0.9371413 0.9371414 0.9371414 0.9371413 0.9371414 0.9371413 0.9371414 1.127134 2.096688 3.104339 3.104339 3.104339 3.104339 3.104339 3.104339 3.104339 3.104339 3.104339 3.104339 3.104339 3.104339 3.104339 3.104339 3.104339 3.104339 3.104339 3.104339 2.667581 1.579446 1.536581 1.536581 1.536581 1.536581 1.536581 1.536581 1.536581 1.536581 1.536581 1.536581 1.536581 1.536581 1.536581 1.536581 1.536581 1.536581 1.536581 1.610409 1.868767 2.519125
0 0 0 0 0 0 0 0 0 0 0 0 0 0 0 0 0 0 0 0 0 0 0 0 0 0 0 0 0 0 0 0 0 0 0 0 0 0 0 0.5080845 0.9371414 0.9371413 0.9371414 0.9371413 0.9371414 0.9371413 0.9371414 0.9371414 0.9371414 0.9371414 0.9371413 0.9371414 2.368672 3.104339 3.104339 3.104339 3.104339 3.104339 3.104339 3.104339 3.104339 3.104339 3.104339 3.104339 3.104339 3.104339 3.104339 3.104339 3.104339 3.104339 3.104339 3.104339 2.619707 1.566084 1.536581 1.536581 1.536581 1.536581 1.536581 1.536581 1.536581 1.536581 1.536581 1.536581 1.536581 1.536581 1.536581 1.536581 1.536581 1.536581 1.536581 1.709948 3.000218
0 0 0 0 0 0 0 0 0 0 0 0 0 0 0 0 0 0 0 0 0 0 0 0 0 0 0 0 0 0 0 0 0 0 0 0 0 0 0 0 0.9371414 0.9371414 0.9371414 0.9371414 0.9371414 0.9371414 0.9371414 0.9371414 0.9371414 0.9371414 0.9371414 0.9371414 0.9411644 1.878962 3.104339 3.104339 3.104339 3.104339 3.104339 3.104339 3.104339 3.033243 2.803875 2.795833 2.788927 2.782022 2.775117 2.768212 2.761307 2.754402 2.747497 2.740592 2.733686 2.257102 1.941726 2.062267 2.120276 2.024352 1.911151 1.797955 1.684765 1.57364 1.536581 1.536581 1.536581 1.536581 1.545991 1.613781 1.536581 1.536581 1.536581 1.536581 2.446682
0 0 0 0 0 0 0 0 0 0 0 0 0 0 0 0 0 0 0 0 0 0 0 0 0 0 0 0 0 0 0 0 0 0 0 0 0 0 0 0 0.8147578 0.9371414 0.9371415 0.9371414 0.9371415 0.9371414 0.9371414 0.9371415 0.9371414 0.9371415 0.9371414 0.9371415 0.9371414 1.04215 2.27266 2.953627 3.104339 3.104339 3.104339 3.104339 3.081189 2.395646 2.244314 2.244314 2.244314 2.244314 2.244314 2.244314 2.244314 2.244314 2.244314 2.244314 2.244314 2.244314 2.244314 2.244314 2.244314 2.244314 2.244314 2.244314 2.244314 1.925218 1.536581 1.536581 1.712727 2.541505 3.462406 3.772956 3.157206 2.318423 1.614915 1.536581 1.981212
0 0 0 0 0 0 0 0 0 0 0 0 0 0 0 0 0 0 0 0 0 0 0 0 0 0 0 0 0 0 0 0 0 0 0 0 0 0 0 0 0 0.9371414 0.9371414 0.9371414 0.9371414 0.9371414 0.9371414 0.9371415 0.9371414 0.9371414 0.9371414 0.9371415 0.9371414 0.9371415 0.9371414 1.029893 2.341891 3.104268 3.104339 3.104339 2.646817 2.244314 2.244314 2.244314 2.244314 2.244314 2.244314 2.244314 2.244314 2.244314 2.244314 2.244314 2.244314 2.244314 2.244314 2.244314 2.244314 2.244314 2.244314 2.244314 2.245522 3.620805 3.662375 3.625459 3.770639 3.803684 3.803683 3.803683 3.803683 3.803683 3.668462 2.907971 2.177917
0 0 0 0 0 0 0 0 0 0 0 0 0 0 0 0 0 0 0 0 0 0 0 0 0 0 0 0 0 0 0 0 0 0 0 0 0 0 0 0 0 0.9371415 0.9371415 0.9371415 0.9371414 0.9371415 0.9371415 0.9371414 0.9371415 0.9371415 0.9371414 0.9371415 0.9371415 0.9371415 0.9371415 0.9371415 0.9371414 2.01772 3.104339 2.963098 2.254691 2.244314 2.244314 2.244314 2.244314 2.244314 2.244314 2.244314 2.244314 2.244314 2.244314 2.244314 2.244314 2.244314 2.244314 2.244314 2.244314 2.244314 2.244314 2.244314 2.379601 3.803683 3.803684 3.803683 3.803684 3.803683 3.803684 3.803683 3.803683 3.803684 3.803683 3.803684 3.803683
0 0 0 0 0 0 0 0 0 0 0 0 0 0 0 0 0 0 0 0 0 0 0 0 0 0 0 0 0 0 0 0 0 0 0 0 0 0 0 0 0 0.8260642 0.9371414 0.9371414 0.9371413 0.9371414 0.9371414 0.9371414 0.9371414 0.9371413 0.9371414 0.9371413 0.9371414 0.9371413 0.9371414 0.9371413 0.9371414 1.271538 3.104339 2.545588 2.244314 2.244314 2.244314 2.244314 2.244314 2.244314 2.244314 2.244314 2.244314 2.244314 2.244314 2.244314 2.244314 2.244314 2.244314 2.244314 2.244314 2.244314 2.244314 2.244314 2.603642 3.803683 3.803683 3.803683 3.803683 3.803683 3.803683 3.803683 3.803683 3.803683 3.803683 3.803683 3.803683
0 0 0 0 0 0 0 0 0 0 0 0 0 0 0 0 0 0 0 0 0 0 0 0 0 0 0 0 0 0 0 0 0 0 0 0 0 0 0 0 0 0.5855171 0.9371414 0.9371414 0.9371414 0.9371414 0.9371414 0.9371414 0.9371414 0.9371414 0.9371414 0.9371414 0.9371414 0.9371414 0.9371414 0.9371414 0.9371414 2.102546 3.023311 2.256696 2.244314 2.244314 2.244314 2.244314 2.244314 2.244314 2.244314 2.244314 2.244314 2.244314 2.244314 2.244314 2.244314 2.244314 2.244314 2.244314 2.244314 2.244314 2.244314 2.244314 2.827683 3.803684 3.803684 3.803684 3.803684 3.803684 3.803684 3.803683 3.803684 3.803684 3.803684 3.803684 3.803684
0 0 0 0 0 0 0 0 0 0 0 0 0 0 0 0 0 0 0 0 0 0 0 0 0 0 0 0 0 0 0 0 0 0 0 0 0 0 0 0 0 1.745059 1.519078 0.9371414 0.9371414 0.9371414 0.9371414 0.9371414 0.9371414 0.9371414 0.9371414 0.9371414 0.9371414 0.9371414 0.9371414 0.9371414 0.9371413 1.145736 2.869672 2.244314 2.244314 2.244314 2.244314 2.244314 2.244314 2.244314 2.244314 2.244314 2.244314 2.244314 2.244314 2.244314 2.244314 2.244314 2.244314 2.244314 2.244314 2.244314 2.244314 2.244314 3.064322 3.803683 3.803684 3.803683 3.803684 3.803683 3.803683 3.803683 3.803684 3.803684 3.803683 3.803684 3.803683
0 0 0 0 0 0 0 0 0 0 0 0 0 0 0 0 0 0 0 0 0 0 0 0 0 0 0 0 0 0 0 0 0 0 0 0 0 0 0 0 0 2.566526 2.531214 0.9371414 0.9371415 0.9371415 0.9371415 0.9371415 0.9371414 0.9371415 0.9371414 0.9371415 0.9371415 0.9371415 0.9371414 0.9371415 0.9371414 0.958878 1.996089 2.244314 2.244314 2.244314 2.244314 2.244314 2.244314 2.244314 2.244314 2.244314 2.244314 2.244314 2.244314 2.244314 2.244314 2.244314 2.244314 2.244314 2.244314 2.244314 2.244314 2.249195 3.567474 3.803683 3.803683 3.803684 3.803683 3.803683 3.803683 3.803683 3.803683 3.803683 3.803683 3.803683 3.803683
0 0 0 0 0 0 0 0 0 0 0 0 0 0 0 0 0 0 0 0 0 0 0 0 0 0 0 0 0 0 0 0 0 0 0 0 0 0 0 0 0 2.813084 3.362792 1.066696 0.9371414 0.9371414 0.9371414 0.9371415 0.9371414 0.9371414 0.9371414 0.9371414 0.9371414 0.9371414 0.9371414 0.9371414 0.9371414 0.9371414 0.9614863 2.158792 2.244314 2.244314 2.244314 2.244314 2.244314 2.244314 2.244314 2.244314 2.244314 2.244314 2.244314 2.244314 2.244314 2.244314 2.244314 2.244314 2.244314 2.244314 2.244314 2.630963 3.803683 3.803683 3.803684 3.803683 3.803683 3.803683 3.803683 3.803683 3.803684 3.803684 3.803683 3.803684 3.803684
0 0 0 0 0 0 0 0 0 0 0 0 0 0 0 0 0 0 0 0 0 0 0 0 0 0 0 0 0 0 0 0 0 0 0 0 0 0 0 0 0 3.042292 3.626537 2.184025 0.9371415 0.9371415 0.9371415 0.9371415 0.9371415 0.9371415 0.9371414 0.9371415 0.9371415 0.9371415 0.9371415 0.9371415 0.9371414 0.9371415 0.9371415 1.058247 2.139429 2.244314 2.244314 2.244314 2.244314 2.244314 2.244314 2.244314 2.244314 2.244314 2.244314 2.244314 2.244314 2.244314 2.244314 2.244314 2.244314 2.244314 2.371933 3.421677 3.803683 3.803683 3.803683 3.803683 3.803683 3.803683 3.803683 3.803683 3.803683 3.803683 3.803683 3.803683 3.803683
0 0 0 0 0 0 0 0 0 0 0 0 0 0 0 0 0 0 0 0 0 0 0 0 0 0 0 0 0 0 0 0 0 0 0 0 0 0 0 0 0 3.220349 3.626537 3.385006 1.492798 0.9371415 0.9371415 0.9371414 0.9371415 0.9371414 0.9371414 0.9371414 0.9371415 0.9371414 0.9371415 0.9371414 0.9371415 0.9371414 0.9371415 0.9371414 1.14593 2.228111 2.244314 2.244314 2.244314 2.244314 2.244314 2.244314 2.244313 2.244314 2.244314 2.244314 2.244314 2.244314 2.244314 2.244314 2.244314 2.244314 2.906625 3.803684 3.803684 3.803684 3.803683 3.803684 3.803684 3.803684 3.803684 3.803684 3.803683 3.803684 3.803684 3.803684 3.803684
0 0 0 0 0 0 0 0 0 0 0 0 0 0 0 0 0 0 0 0 0 0 0 0 0 0 0 0 0 0 0 0 0 0 0 0 0 0 0 0 0 2.847687 3.626537 3.626538 3.6261 3.021197 2.860682 1.497923 0.9371414 0.9371414 0.9371414 0.9371414 0.9371414 0.9371414 0.9371414 0.9371414 0.9371414 0.9371414 0.9371414 0.9371414 0.9371414 1.38046 2.235348 2.244314 2.244314 2.244314 2.244314 2.244314 2.244314 2.244314 2.244314 2.244314 2.244314 2.244314 2.244314 2.244314 2.244314 2.244314 3.324852 3.803683 3.803684 3.803683 3.803684 3.803683 3.803684 3.803683 3.803684 3.803683 3.803684 3.803684 3.803683 3.803684 3.803683
0 0 0 0 0 0 0 0 0 0 0 0 0 0 0 0 0 0 0 0 0 0 0 0 0 0 0 0 0 0 0 0 0 0 0 0 0 0 0 0 0 0 3.626537 3.626537 3.626537 3.626537 3.626537 3.625073 2.767608 2.1194 0.9371414 0.9371414 0.9371414 0.9371414 0.9371414 0.9371414 0.9371414 0.9371414 0.9371415 0.9371414 0.9371415 0.9371414 1.128245 2.240353 2.244313 2.287226 2.386563 2.452528 2.518387 2.252646 2.244313 2.244314 2.244313 2.244314 2.244313 2.244313 2.244313 2.668417 3.802218 3.803683 3.803683 3.803683 3.803683 3.803683 3.803683 3.803683 3.803683 3.803683 3.803683 3.803683 3.803683 3.803683 3.803683
0 0 0 0 0 0 0 0 0 0 0 0 0 0 0 0 0 0 0 0 0 0 0 0 0 0 0 0 0 0 0 0 0 0 0 0 0 0 0 0 0 0 2.346736 3.626537 3.626537 3.626537 3.626537 3.626538 3.626537 3.418909 0.9939026 0.9371413 0.9371414 0.9371413 0.9371414 0.9371413 0.9371414 0.9371413 0.9371414 0.9371413 0.9371414 0.9371413 0.9371414 3.76112 5.845418 6.878494 7.072315 7.072315 7.072315 5.596891 3.068928 2.244314 2.244314 2.244314 2.244314 2.244314 2.288417 3.57374 3.803683 3.803683 3.803683 3.803683 3.803683 3.803683 3.803683 3.803683 3.803683 3.803684 3.803683 3.803683 3.803683 3.803683 3.803683
0 0 0 0 0 0 0 0 0 0 0 0 0 0 0 0 0 0 0 0 0 0 0 0 0 0 0 0 0 0 0 0 0 0 0 0 0 0 0 0 0 0 0 2.579054 3.626537 3.626537 3.626537 3.626537 3.626537 3.626537 2.740247 1.66415 1.338539 1.39184 1.445147 1.498454 1.551762 1.6559 3.024499 3.09321 2.046785 1.441347 1.24218 6.94486 7.072315 7.072315 7.072315 7.072315 7.072315 7.072315 6.724417 3.517296 2.280984 3.022029 2.98947 2.244314 2.863245 3.803683 3.803683 3.803683 3.803683 3.803683 3.803683 3.803683 3.803683 3.803683 3.803683 3.803683 3.803683 3.803683 3.803683 3.803683 3.803683
0 0 0 0 0 0 0 0 0 0 0 0 0 0 0 0 0 0 0 0 0 0 0 0 0 0 0 0 0 0 0 0 0 0 0 0 0 0 0 0 0 0 0 0 2.822951 3.626538 3.626538 3.626538 3.626538 3.626538 3.626538 3.626538 3.626538 3.626538 3.626538 3.626538 3.626538 3.633234 6.525526 7.072314 7.072315 7.072314 7.069824 7.072315 7.072315 7.072314 7.072315 7.072314 7.072315 7.072315 7.072315 7.072314 7.761726 9.49654 9.469092 5.970632 3.310725 3.803684 3.803683 3.803683 3.803683 3.803684 3.803684 3.803683 3.803683 3.803683 3.803683 3.803683 3.803684 3.803683 3.803683 3.803683 3.803683
0 0 0 0 0 0 0 0 0 0 0 0 0 0 0 0 0 0 0 0 0 0 0 0 0 0 0 0 0 0 0 0 0 0 0 0 0 0 0 0 0 0 0 0 0 3.626538 3.626538 3.626538 3.626538 3.626538 3.626538 3.626538 3.626538 3.626538 3.626538 3.626538 3.626538 3.626538 4.24527 6.686354 7.072315 7.072315 7.072315 7.072315 7.072314 7.072315 7.072315 7.072315 7.072315 7.072315 7.072315 7.51572 9.310507 9.505207 9.505207 9.505207 9.117967 7.317992 6.694774 6.362076 4.476252 3.803684 3.803684 3.803684 3.803684 3.803684 3.803684 3.803684 3.803684 3.803684 3.803684 3.803684 3.803684
0 0 0 0 0 0 0 0 0 0 0 0 0 0 0 0 0 0 0 0 0 0 0 0 0 0 0 0 0 0 0 0 0 0 0 0 0 0 0 0 0 0 0 0 0 3.626537 3.626537 3.626538 3.626537 3.626537 3.626537 3.626538 3.626537 3.626537 3.626537 3.626537 3.626537 3.626537 3.626537 4.41125 7.03675 7.072315 7.072315 7.072315 7.072315 7.072315 7.072314 7.072314 7.072315 7.367525 8.944662 9.485903 9.505207 9.505208 9.505207 9.505208 9.505207 9.505208 9.33747 9.011909 8.927234 6.890698 3.984283 3.803683 3.803683 3.803683 3.803683 3.803684 3.803683 3.803683 3.803683 3.803683 3.803683
0 0 0 0 0 0 0 0 0 0 0 0 0 0 0 0 0 0 0 0 0 0 0 0 0 0 0 0 0 0 0 0 0 0 0 0 0 0 0 0 0 0 0 0 0 3.626538 3.626538 3.626537 3.626538 3.626537 3.626537 3.626537 3.626538 3.626537 3.626537 3.626537 3.626537 3.626537 3.626537 3.626537 5.594031 7.072315 7.072315 7.072315 7.072315 7.072315 7.072315 7.072315 7.072315 7.072315 8.161427 9.49996 9.505208 9.505208 9.505208 9.505208 9.505208 9.505208 9.198047 9.011909 9.01191 9.011909 7.633693 4.064232 3.803684 3.803683 3.803683 3.803683 3.803683 3.803684 3.803683 3.803684 3.803683
0 0 0 0 0 0 0 0 0 0 0 0 0 0 0 0 0 0 0 0 0 0 0 0 0 0 0 0 0 0 0 0 0 0 0 0 0 0 0 0 0 0 0 0 0 2.979879 3.626538 3.626537 3.626538 3.626537 3.626538 3.626538 3.626538 3.626537 3.626538 3.626537 3.626538 3.626538 3.626538 3.626537 3.71872 6.270148 7.072315 7.072315 7.072315 7.072315 7.093217 7.499834 8.043741 8.587688 9.132693 9.505037 9.505208 9.505208 9.505208 9.505208 9.505208 9.475227 9.032093 9.011909 9.011909 9.011909 9.011909 7.944149 4.798214 3.803683 3.803683 3.803683 3.803684 3.803683 3.803683 3.803683 3.803683
0 0 0 0 0 0 0 0 0 0 0 0 0 0 0 0 0 0 0 0 0 0 0 0 0 0 0 0 0 0 0 0 0 0 0 0 0 0 0 0 0 0 0 0 0 0 3.626537 3.626538 3.626537 3.626538 3.626537 3.626538 3.626537 3.626538 3.626537 3.626537 3.626537 3.626538 3.626537 3.626538 3.626537 4.457256 7.072315 7.072315 7.088699 8.138041 9.209438 9.505208 9.505207 9.505207 9.505207 9.505208 9.505207 9.505208 9.505207 9.505207 9.505207 9.307708 9.011909 9.011909 9.011909 9.011909 9.011909 9.011909 9.720394 9.271677 4.531124 3.803684 3.803683 3.803683 3.803684 3.803683 3.803684
0 0 0 0 0 0 0 0 0 0 0 0 0 0 0 0 0 0 0 0 0 0 0 0 0 0 0 0 0 0 0 0 0 0 0 0 0 0 0 0 0 0 0 0 0 0 3.435526 3.626537 3.626537 3.626537 3.626538 3.626537 3.626538 3.691164 5.511768 3.844096 3.778936 3.642043 3.626538 3.626537 3.626537 3.969978 7.482957 7.072315 7.072314 8.17454 9.505208 9.505208 9.505207 9.505208 9.505207 9.505208 9.505207 9.505208 9.505207 9.505208 9.504734 9.101779 9.011909 9.011909 9.011909 9.011909 9.011909 9.011909 9.814942 12.31521 11.7197 5.359124 3.803683 3.803683 3.803684 3.803683 3.803684
0 0 0 0 0 0 0 0 0 0 0 0 0 0 0 0 0 0 0 0 0 0 0 0 0 0 0 0 0 0 0 0 0 0 0 0 0 0 0 0 0 0 0 0 0 0 0 3.11658 3.626538 3.626538 3.626537 3.626537 9.660227 9.682558 9.686256 9.686256 9.686256 9.608439 7.820534 3.626538 3.690248 10.63215 10.7621 7.072315 7.072315 7.372916 9.487104 9.505208 9.505207 9.505208 9.505208 9.505208 9.505208 9.505208 9.505208 9.505208 9.365068 9.011909 9.011909 9.011909 9.011909 9.011909 9.011909 9.011909 9.87291 12.31521 12.31521 11.82704 9.680935 5.992806 4.248641 3.803683 3.803635
0 0 0 0 0 0 0 0 0 0 0 0 0 0 0 0 0 0 0 0 0 0 0 0 0 0 0 0 0 0 0 0 0 0 0 0 0 0 0 0 0 0 0 0 0 0 0 0 1.893249 5.166237 6.576652 9.676351 9.686256 9.686256 9.686256 9.686256 9.686256 9.686256 7.758566 4.62425 11.24123 14.27665 13.71904 7.400108 7.072315 7.137628 9.379063 9.505208 9.505208 9.505208 9.505208 9.505208 9.505208 9.505208 9.505149 9.368039 9.152365 9.011909 9.011909 9.011909 9.011909 9.011909 9.011909 9.011909 9.943048 12.31521 12.31521 12.31521 12.31521 12.31521 7.356287 2.1351 2.492366
0 0 0 0 0 0 0 0 0 0 0 0 0 0 0 0 0 0 0 0 0 0 0 0 0 0 0 0 0 0 0 0 0 0 0 0 0 0 0 0 0 0 0 0 0 0 0 0 0 8.171654 9.686256 9.686256 9.686256 9.686256 9.686256 9.686256 9.686256 9.809541 13.27814 14.25044 14.27665 14.27665 14.27665 12.9099 8.056355 7.436903 9.491791 9.505207 9.505207 9.505207 9.505207 9.505207 9.505207 9.500803 9.223868 9.011909 9.011909 9.011909 9.011909 9.011909 9.011909 9.011909 9.011909 9.011909 10.01319 12.31521 12.31521 12.31521 12.31521 12.31521 7.308286 1.153269 1.153269
0 0 0 0 0 0 0 0 0 0 0 0 0 0 0 0 0 0 0 0 0 0 0 0 0 0 0 0 0 0 0 0 0 0 0 0 0 0 0 0 0 0 0 0 0 0 0 0 0 5.334423 9.686257 9.686256 9.686257 9.686256 9.686257 9.686256 9.686257 9.77951 13.12668 14.27665 14.27665 14.27665 14.27665 14.27665 13.6134 8.847701 8.107192 9.505207 9.505207 9.505207 9.505207 9.505208 9.505207 23.68495 16.60543 9.011909 9.011909 9.011909 9.011909 9.011909 9.011909 9.011909 9.011909 9.011909 10.08028 12.31521 12.31521 12.31521 12.31521 12.31521 7.300619 1.153269 1.153269
0 0 0 0 0 0 0 0 0 0 0 0 0 0 0 0 0 0 0 0 0 0 0 0 0 0 0 0 0 0 0 0 0 0 0 0 0 0 0 0 0 0 0 0 0 0 0 0 0 0 9.686256 9.686256 9.686256 9.686255 9.686256 9.686256 9.686256 9.686256 10.03852 13.66162 14.27665 14.27665 14.27665 14.27665 14.27665 14.27665 12.64738 9.505207 9.505207 9.505207 9.505207 9.505208 19.87064 38.2231 35.54183 11.80471 9.011909 9.011909 9.011909 9.011909 9.011909 9.011909 9.011909 9.011909 10.1446 12.31521 12.31521 12.31521 12.31521 12.31521 7.250891 1.153269 1.153269
0 0 0 0 0 0 0 0 0 0 0 0 0 0 0 0 0 0 0 0 0 0 0 0 0 0 0 0 0 0 0 0 0 0 0 0 0 0 0 0 0 0 0 0 0 0 0 0 0 0 9.686257 9.686256 9.686257 9.686256 9.686257 9.686256 9.686257 9.686256 9.686257 10.46357 14.03052 14.27665 14.27665 14.27665 14.27665 14.27665 14.42173 14.59646 9.521014 9.505208 9.505208 16.81668 37.29891 38.26265 38.26265 30.59406 9.258362 9.011909 9.011909 9.011909 9.011909 9.011909 9.011909 9.011909 10.20893 12.31521 12.31521 12.31521 12.31521 12.31521 7.201162 1.153269 1.153269
