Scenarios/Global_Grid/data/country_data_population_distribution/processed/density_grids/nic.asc
ncols 145
nrows 120
xllcorner -87
yllcorner 10
[rows 35 to 69 of 120, columns 0 to 78 of 145]
0 0 0 0 0 0 0 0 0 0 0 0 0 0 0 0 0 0 0 0 0 0 0 0 0 0 0 0 0 0 0 0 0 0 79.13409 91.34967 91.34966 91.34967 92.04277 146.6101 155.2603 122.8367 108.0496 76.83064 75.17348 75.17348 76.08728 136.9972 184.9815 180.6665 117.5207 106.1306 106.1734 108.5318 77.70553 68.99666 65.17725 43.99086 42.00026 68.75508 100.6777 69.68019 20.26663 19.94604 19.94604 19.94604 47.5681 64.14735 67.46793 67.46793 67.46793 66.57214 35.75214 31.73043 31.73043 31.73043 31.73043 31.73043 31.73043
0 0 0 0 0 0 0 0 0 0 0 0 0 0 0 0 0 0 0 0 0 0 0 0 0 0 0 0 0 0 0 0 0 0 70.1228 91.34966 91.34967 91.34966 91.34966 159.9279 189.6302 109.3675 86.47221 83.22248 75.24982 75.17349 75.17348 110.2261 184.9815 182.2931 112.3271 100.9437 98.33237 102.1906 100.9348 98.32498 98.32498 73.98644 51.74068 96.73324 100.6777 97.6414 84.24679 44.2993 56.076 56.42371 67.3527 67.46793 67.46793 67.46793 67.46793 66.39259 34.80013 31.73039 31.70211 31.72624 31.59646 31.54951 31.69761
0 0 0 0 0 0 0 0 0 0 0 0 0 0 0 0 0 0 0 0 0 0 0 0 0 0 0 0 0 0 0 0 0 0 0 108.7717 107.7515 101.7238 99.25256 110.6208 153.4058 86.47221 86.47221 86.47211 84.18816 78.35878 75.9781 92.22595 136.164 117.1513 102.6564 101.3304 98.32499 98.32499 98.32499 98.32499 98.32889 100.1543 99.49236 100.6777 100.6777 100.6777 100.6777 100.6777 84.16891 67.46851 67.46793 67.46793 67.46793 67.46793 67.46793 67.46793 48.31871 31.21281 31.31437 31.46638 31.16775 31.16775 31.19224
0 0 0 0 0 0 0 0 0 0 0 0 0 0 0 0 0 0 0 0 0 0 0 0 0 0 0 0 0 0 0 0 0 0 86.38499 116.3908 116.3888 116.3908 111.9744 108.7161 107.0258 93.53465 86.14544 86.02019 85.91591 85.91591 85.33182 99.75801 102.6564 102.6564 102.6564 100.06 98.325 98.325 98.325 98.325 99.02267 100.6714 100.6777 100.6777 100.6777 100.6777 100.6777 99.01659 68.78033 67.46793 67.46793 67.46793 67.46793 67.46793 67.46793 67.2595 34.98552 31.16775 31.16776 31.16775 31.16776 31.16775 31.16776
0 0 0 0 0 0 0 0 0 0 0 0 0 0 0 0 0 0 0 0 0 0 0 0 0 0 0 0 0 0 0 0 0 0 0 84.19102 68.67868 84.10873 109.6643 108.7161 104.3607 87.86013 85.9159 85.91591 85.91591 85.91591 96.38918 102.6564 102.6564 102.952 103.769 98.74531 98.32499 98.32499 98.32499 99.88215 103.1236 100.6777 100.6777 100.6777 100.6734 100.4245 100.6777 94.54031 67.95071 67.46793 67.46793 67.46793 67.46793 67.46793 67.46793 65.98464 32.05098 31.16775 31.16775 31.16775 31.16775 31.16775 31.16775
0 0 0 0 0 0 0 0 0 0 0 0 0 0 0 0 0 0 0 0 0 0 0 0 0 0 0 0 0 0 0 0 0 0 0 66.36243 68.42295 80.64177 101.2673 108.7161 99.55437 85.9159 85.9159 85.9159 85.9159 88.58371 102.6485 102.6564 102.6564 103.9548 104.8795 101.0872 100.3144 98.32498 121.1915 151.8602 145.3608 104.4955 100.6777 100.6777 93.95059 84.06262 86.98443 83.10393 76.5929 67.46852 67.46793 67.46793 67.46793 67.46793 67.46793 67.46793 39.65683 31.16775 31.16775 31.16775 31.16775 31.16775 31.16775
0 0 0 0 0 0 0 0 0 0 0 0 0 0 0 0 0 0 0 0 0 0 0 0 0 0 0 0 0 0 0 97.45219 95.53878 51.19564 58.69255 77.2503 77.2503 38.61625 37.50924 60.48347 66.46081 95.175 129.9295 136.1553 124.4426 149.441 119.9393 101.6212 98.74786 104.8694 105.247 144.057 163.8497 152.2561 171.0367 171.1323 171.1323 147.0313 105.6109 101.995 101.6584 84.13412 82.80364 82.80364 82.80364 74.57108 67.5313 67.46793 67.46793 67.46793 67.46793 66.89186 35.89545 31.16775 31.16775 31.16775 31.16775 31.16775 31.16775
0 0 0 0 0 0 0 0 0 0 0 0 0 0 0 0 0 0 0 0 0 0 0 0 0 0 0 0 0 0 128.6435 125.1381 87.19369 68.02585 70.8047 77.2495 60.37013 34.19503 34.18546 34.18546 35.70046 171.5541 184.2019 184.2019 184.2019 183.389 57.74066 39.37675 48.01351 104.8795 107.4756 170.1689 171.1323 171.1323 171.1323 171.1323 171.1323 171.1323 143.2594 127.1658 127.6701 94.68099 82.80364 82.80365 82.80365 82.80365 74.78231 67.47109 67.46793 67.46793 67.46793 52.11217 31.16775 31.16775 31.16775 31.16775 31.16775 31.16775 31.16775
0 0 0 0 0 0 0 0 0 0 0 0 0 0 0 0 0 0 0 0 0 0 0 0 0 0 0 0 0 0 183.6783 123.484 80.91526 68.02584 55.14833 44.12239 34.3466 34.18546 34.18546 34.18546 74.79804 184.2019 184.2019 184.2019 184.2019 168.8394 71.54973 38.22113 39.06255 104.4689 127.0086 171.1323 171.1323 171.1323 171.1323 171.1323 171.1323 159.5194 128.9456 127.6701 127.6701 104.1296 82.80364 82.80364 82.80364 82.80364 82.62923 81.20587 74.04023 67.4889 66.77739 33.76514 34.26508 40.2474 32.69366 31.16775 31.16776 31.16775 31.16775
0 0 0 0 0 0 0 0 0 0 0 0 0 0 0 0 0 0 0 0 0 0 0 0 0 0 0 0 0 0 119.825 54.61942 54.00892 54.44046 35.91777 34.18546 34.25854 34.25446 34.18808 34.18938 136.0545 184.2018 184.2018 184.2019 184.2019 184.2019 184.2018 89.59893 58.91201 104.6969 153.7213 171.1323 171.1323 171.1323 171.1323 171.1323 162.0831 129.6786 127.6701 127.6701 127.6701 122.2233 108.6554 83.09171 82.80364 82.80364 81.88013 73.15166 62.89383 61.05802 61.32592 52.21886 57.35516 56.90013 32.78831 31.16775 31.16776 31.16775 30.86402
0 0 0 0 0 0 0 0 0 0 0 0 0 0 70.2308 0 0 0 0 0 0 0 0 0 0 0 0 0 0 0 51.50752 51.50753 51.50752 47.69979 36.60951 36.62429 36.75702 37.22307 37.43628 37.22794 139.5981 184.2019 184.2019 184.2019 184.2019 184.2019 184.0661 128.7611 86.92486 122.4343 165.7236 171.1323 171.1323 171.1323 171.1323 186.7233 132.455 127.6701 127.6701 127.6701 127.6701 127.6701 114.2924 91.04848 74.78658 71.71806 69.41445 58.05341 58.05341 58.05341 58.05341 58.05341 58.05341 38.95431 26.56368 28.33091 29.11242 28.03273 25.32481
0 0 0 0 0 0 0 0 0 0 0 70.2308 0 70.2308 70.23079 0 0 0 0 0 0 0 0 0 0 0 0 0 0 69.47017 51.50753 50.18927 46.6211 41.68258 38.2814 37.52301 37.52301 37.52302 37.52302 37.52302 83.14725 184.2018 184.2019 184.2019 184.2019 176.4689 110.009 81.99773 81.99773 134.9996 171.1323 171.1323 171.1323 171.2015 253.0853 297.2023 144.727 127.6701 127.6701 127.6701 127.6701 96.01856 29.95674 29.66625 29.93373 29.45582 33.33247 51.54093 58.05341 58.05341 58.05341 58.05341 58.05341 43.95592 25.22221 25.22221 25.22221 25.22221 25.22221
0 0 0 0 0 0 0 0 0 0 0 0 70.2308 70.2308 70.2308 70.2308 70.23079 0 0 0 0 0 0 0 0 0 0 0 81.12212 51.5784 48.71606 42.85763 39.44118 39.44119 39.01393 37.52909 37.52302 37.61948 37.52302 37.52302 57.89828 158.736 184.2019 184.2019 184.2019 123.7337 81.99773 81.99773 97.20302 160.3445 165.481 169.5951 213.9901 253.1582 297.5943 297.5943 206.4433 124.7986 122.9366 127.2155 127.6701 80.89439 29.40661 29.40661 29.40661 29.40661 29.40661 32.40554 48.29753 51.49445 58.05342 56.84986 49.0394 25.58027 25.22221 25.22221 25.22221 25.22221 25.22221
0 0 0 0 0 0 0 0 0 0 0 70.2308 70.2308 70.2308 70.2308 70.23079 70.2308 0 0 33.85492 62.08995 74.2148 65.43211 53.35114 55.39211 53.33937 50.06156 50.59954 51.50752 51.50752 44.97375 39.44119 39.44119 39.44118 39.43973 38.47255 39.9043 43.87981 42.43914 41.36697 43.41565 52.19576 126.553 107.8829 122.1952 84.52471 81.99773 79.11927 76.92915 136.0134 164.8328 240.1731 296.3957 297.5943 297.5943 264.1456 124.8896 110.178 110.178 112.3311 117.6084 72.76171 29.40661 29.40661 29.40661 29.40661 29.40661 29.40661 29.40661 41.44923 58.05341 39.38395 31.7411 25.22221 25.22221 25.22221 25.22221 25.22221 25.22221
0 0 0 0 0 0 0 0 0 0 0 70.23079 70.2308 70.2308 70.2308 70.2308 70.2308 70.2308 33.85492 34.48803 34.04596 33.85492 33.85492 33.85492 42.96171 51.50753 51.50752 51.50752 51.50752 51.50752 43.82903 39.44119 39.44118 39.44119 39.44118 41.61697 44.29957 44.29957 44.29957 44.29957 44.29957 45.49538 47.97649 47.97649 64.06751 81.64256 79.93635 72.20602 81.75289 158.7086 196.8228 297.5944 297.5943 297.5943 297.5943 163.3051 110.178 110.178 110.178 110.178 105.6309 30.85856 29.40661 29.40661 29.40661 29.40661 29.40661 29.40661 38.92974 57.94015 58.05341 41.98244 25.22221 25.22221 25.22221 25.22221 25.22221 25.22221 25.22221
0 0 0 0 0 0 0 0 0 0 0 70.23079 70.2308 70.2308 70.2308 70.2308 70.2308 70.2308 70.23079 69.93823 48.01099 33.85492 33.85492 33.85492 38.87097 51.50752 51.50752 51.50752 51.50752 49.92532 39.50865 39.44119 39.44119 39.44118 39.44118 40.47091 44.29957 44.29957 44.29957 44.29957 44.29957 45.27182 47.0262 47.86191 47.97649 65.06917 71.81194 71.81194 91.54639 162.2009 202.6598 294.7443 297.5943 297.5943 297.5943 229.4874 112.0326 110.178 110.178 110.178 110.0788 45.67721 29.40661 29.40661 29.40661 29.40661 29.40661 29.40661 29.68581 49.12057 58.05341 42.70375 25.22221 25.22221 25.22221 25.22221 25.22221 25.22221 25.22221
0 0 0 0 0 0 0 0 0 0 0 0 70.2308 70.2308 70.2308 70.2308 70.2308 70.2308 70.2308 70.2308 57.12648 33.85492 33.85492 33.85492 41.60745 117.9006 107.5387 54.72653 57.18512 45.59842 39.44118 39.44119 39.44118 39.44119 39.44119 39.52347 44.09142 44.29957 44.29957 44.29957 44.29957 44.48216 44.61271 44.63799 46.29168 69.91417 71.81194 74.99033 140.6575 162.2107 162.2107 248.8094 293.4581 297.5943 297.5943 277.4652 250.8001 192.1199 153.6033 128.5286 110.178 75.35887 29.63802 29.40661 29.40661 29.40661 29.40661 29.40661 29.40661 33.24582 55.02584 36.98064 25.22221 25.22221 25.22221 25.22221 25.22221 25.22221 25.22221
0 0 0 0 0 0 0 0 0 0 0 0 0 0 70.2308 70.2308 70.2308 70.2308 70.23079 70.2308 61.85233 34.74118 33.85492 33.85492 34.58573 175.7175 194.6123 190.8988 171.4116 104.7635 57.26982 39.44118 39.44118 39.44118 39.44118 39.45061 44.01404 44.29957 44.29957 44.29957 44.29957 44.40343 44.52502 44.52502 44.52502 69.32999 71.81194 81.70427 121.6982 144.3747 117.89 122.2053 116.2532 267.7359 229.8118 138.6239 187.7225 297.5943 272.4067 91.86295 67.10468 47.54597 45.56014 34.99878 29.73784 29.40661 29.40661 29.40661 29.40661 29.40661 32.77658 34.66938 26.27801 25.34441 25.24322 25.22221 25.22221 25.22221 25.22221
0 0 0 0 0 0 0 0 0 0 0 0 0 0 0 70.2308 70.2308 70.2308 70.23079 70.2308 70.2308 62.18941 56.13283 36.59475 36.7287 188.9535 194.6123 194.6123 194.6123 194.6123 190.287 138.8911 40.67425 38.8701 36.87819 34.8782 38.93494 37.21725 43.26173 44.29957 44.29957 38.64771 36.1779 42.99818 44.1474 66.49334 69.78504 68.76407 68.54598 68.54599 68.54598 68.49259 68.24462 77.78732 98.26353 98.06956 127.204 221.3091 176.7827 46.60989 46.56737 46.56737 46.56737 46.56737 40.10715 30.89905 29.40661 29.40661 29.40661 29.40661 29.40661 29.40661 29.07785 26.33263 26.09592 25.32467 25.22221 25.22221 25.22221
0 0 0 0 0 0 0 0 0 0 0 0 0 0 0 0 70.2308 70.2308 70.2308 70.2308 70.2308 70.23079 70.2308 66.43763 45.83679 176.06 194.6123 194.6123 194.6123 194.6123 194.6123 194.6123 110.3286 49.55568 33.65194 33.65194 33.65194 33.65194 34.53611 38.75497 39.58095 34.73833 24.62251 28.22425 27.97678 55.42726 68.54598 68.54598 68.54598 68.54598 68.54598 68.40272 68.24461 71.64843 91.46288 98.06956 92.27878 80.97404 80.15527 54.57673 46.56737 46.56737 46.67733 46.8414 46.92017 46.73693 43.53482 29.82375 29.40661 29.40661 29.40661 29.40661 28.39596 26.32913 26.32913 26.05204 25.27194 25.30672 25.22221
0 0 0 0 0 0 0 0 0 0 0 0 0 0 0 0 0 70.2308 70.2308 70.2308 70.2308 70.2308 70.2308 70.2308 79.20135 189.2217 194.6123 194.6134 203.9474 186.9427 175.0952 128.5889 67.55264 60.86271 38.51504 33.65194 33.65194 33.65194 33.65194 33.65194 33.32095 27.10353 24.62251 24.62251 24.62251 55.62037 68.54598 68.54598 68.54598 68.54598 68.5048 68.24898 68.24461 68.24461 70.14799 82.71751 80.23883 80.1557 80.1557 75.18394 64.98237 49.26364 50.10607 52.72784 52.42868 52.86926 52.88995 50.85334 42.40658 30.4081 29.40661 29.40661 26.86038 26.32913 26.32913 26.25143 25.92966 26.11525 25.96963
0 0 0 0 0 0 0 0 0 0 0 0 0 0 0 0 0 0 70.23079 70.2308 70.2308 70.2308 70.2308 70.31411 128.1163 194.6123 195.6268 213.9877 195.4256 127.8253 118.1241 61.51627 60.93375 60.93375 44.89825 33.65194 33.65194 33.65194 33.65194 33.65194 31.65102 24.62251 24.62251 24.62251 23.15225 46.48348 62.75132 67.19235 68.54598 68.54598 68.54598 68.47517 68.37076 68.35173 65.37697 60.46017 50.94772 56.38084 39.88407 36.96074 48.10468 53.0233 52.88994 52.88994 52.88994 52.88994 52.88994 52.88994 52.1913 49.29696 31.47982 28.1357 26.60259 26.32913 26.32913 26.32913 26.2795 26.12588 26.1214
0 0 0 0 0 0 0 0 0 0 0 0 0 0 0 0 0 0 0 70.2308 70.23079 70.2308 82.57927 113.8388 190.2447 194.6123 206.8521 223.7366 150.8931 127.0341 104.4067 60.93375 60.93375 60.93375 47.70694 33.65194 33.65194 33.65194 33.65194 33.65194 30.69429 24.62251 24.62251 21.93154 16.10988 15.81004 15.81004 24.48646 56.16999 71.08057 68.54598 68.54598 68.54598 68.54598 51.3623 26.90402 26.90402 26.90402 26.90402 26.95007 49.27246 52.88995 52.88994 52.88995 52.88994 52.88995 52.88994 52.88995 52.88995 47.4516 33.7515 26.34369 26.32913 26.32913 26.32913 26.32913 22.10942 21.47511 26.1214
0 0 0 0 0 0 0 0 0 0 0 0 0 0 0 0 0 0 0 0 70.2308 70.2308 109.4381 95.80976 121.29 195.3316 218.1036 218.2666 127.9151 125.4789 100.9644 60.93375 60.93375 60.93375 53.95262 33.65194 33.65194 33.85511 37.33808 37.03132 34.62698 24.62251 24.62251 17.69493 15.81004 15.81004 15.81004 15.81004 15.81004 136.6122 115.5467 74.15778 69.34495 51.24069 27.70977 29.24409 33.52682 35.77598 51.37003 60.22686 54.85535 52.88995 52.88994 52.88995 52.88995 52.88995 52.8899 48.71002 48.06999 28.59408 26.32913 26.32913 26.32913 26.32913 26.32913 24.55609 18.56381 18.48228 22.64519
0 0 0 0 0 0 0 0 0 0 0 0 0 0 0 0 0 0 0 0 0 0 206.2791 154.5886 142.0349 218.1875 223.7366 223.514 156.2387 120.1959 98.58924 60.93375 77.4184 92.52495 119.7789 43.31924 36.19841 39.99597 42.0559 42.0559 41.55572 27.82133 24.502 16.25153 15.81004 15.81004 15.81004 15.81004 15.81004 140.7476 142.4577 142.4577 93.25207 56.27744 52.21775 53.64929 56.61135 59.63209 67.92254 65.91661 53.39368 52.88994 52.88994 52.88995 52.88994 52.88994 32.36556 26.32913 26.32913 26.32913 26.32913 26.32913 26.32913 26.32913 26.32913 21.7295 18.45488 17.70199 19.59581
0 0 0 0 0 0 0 0 0 0 0 0 0 0 0 0 0 0 0 0 0 0 0 372.8105 372.8105 281.4293 228.0784 226.3588 187.2404 217.6588 180.136 193.5795 240.526 240.5867 240.5867 158.8846 42.0559 42.0559 42.0559 42.0559 42.0559 40.19067 25.99199 20.84457 15.81004 15.81004 15.81004 15.81004 15.81004 124.0104 142.4577 142.4577 105.9948 56.61135 56.61135 56.61135 56.61135 58.2697 67.92255 61.01408 52.88995 52.88994 52.88995 52.88994 51.73448 42.43014 27.19798 26.32913 26.32913 26.32913 26.32913 26.32913 26.32913 26.32913 22.89992 18.89565 17.84286 17.14647 17.14647
0 0 0 0 0 0 0 0 0 0 0 0 0 0 0 0 0 0 0 0 0 0 0 372.8105 372.8105 289.3288 240.5867 240.5867 240.5867 240.5867 240.5867 240.5867 240.5867 240.5867 236.8934 115.5303 42.0559 42.0559 42.0559 42.0559 42.0559 42.05589 24.62251 0 0 15.81004 15.81004 15.81004 15.81004 80.56226 142.4577 142.4577 136.6659 68.57572 56.61135 56.61135 56.61135 56.72923 59.77624 57.61505 52.54484 52.88994 49.21879 32.12814 26.84539 26.32913 26.32913 26.32913 26.32913 26.32913 26.24392 23.53905 23.83891 23.87377 18.5979 18.29653 17.20136 17.14647 17.14647
0 0 0 0 0 0 0 0 0 0 0 0 0 0 0 0 0 0 0 0 0 0 0 0 0 340.1089 249.3338 240.5867 240.5867 240.5867 240.5867 240.5867 240.5867 217.0266 83.77522 42.0559 42.0559 42.05589 42.05589 42.0559 42.05589 0 0 0 0 15.81004 15.81004 15.81004 15.81004 86.90752 142.4577 142.4577 142.4577 132.4581 57.49937 56.61135 56.61135 56.61135 54.50421 46.68056 48.2743 51.91855 33.8625 26.32913 26.32913 26.32913 26.32913 26.32913 26.32913 26.32913 21.92611 18.48226 18.48226 18.48226 18.48226 17.56196 17.14647 17.14647 17.14647
0 0 0 0 0 0 0 0 0 0 0 0 0 0 0 0 0 0 0 0 0 0 0 0 0 0 0 240.5867 240.5867 240.5867 240.5867 240.5867 240.5867 141.6063 42.0559 42.05589 42.0559 42.0559 0 0 42.05589 0 0 0 0 0 15.81004 15.81004 18.44113 138.8607 142.4577 142.4577 142.4577 129.0148 56.71394 56.61135 56.61135 56.61135 53.48547 46.04348 46.04348 34.50197 25.86424 26.16473 26.32913 26.32913 26.30581 25.14878 24.45429 22.95772 18.51448 18.48226 18.48226 18.29251 17.55503 17.20518 17.14647 17.14647 17.14647
0 0 0 0 0 0 0 0 0 0 0 0 0 0 0 0 0 0 0 0 0 0 0 0 0 0 0 0 240.5867 240.5867 240.5867 240.5867 240.5867 84.84826 42.0559 42.0559 44.47006 53.67245 61.67868 61.67868 0 0 0 202.3321 202.3321 0 15.81004 15.81004 15.81004 142.4577 142.4577 142.4577 142.4577 142.4577 122.9681 68.41228 56.61135 53.85036 46.45144 46.04348 45.03173 21.16437 20.38962 20.92595 21.68042 21.84317 21.69204 22.96592 23.09501 19.33813 18.48226 18.48226 18.48226 17.82935 17.14647 17.14647 17.14647 17.14647 17.14647
0 0 0 0 0 0 0 0 0 0 0 0 0 0 0 0 0 0 0 0 0 0 0 0 0 0 0 0 0 0 240.5867 240.5867 240.5867 124.5968 42.05589 47.94602 58.21653 61.67868 61.67868 61.67868 138.1683 202.332 202.3321 202.3321 202.3321 0 15.81004 15.81004 0 142.4577 142.4577 142.4577 142.4577 142.4577 142.4577 135.6294 87.008 46.36889 46.04348 46.04348 40.67498 20.17926 20.17926 20.17926 20.17926 21.6005 23.14146 23.14146 23.14146 19.5779 18.48226 18.48226 18.48226 17.68014 17.14647 17.14647 17.14647 17.23583 18.31524
0 0 0 0 0 0 0 0 0 0 0 0 0 0 0 0 0 0 0 0 0 0 0 0 0 0 0 0 0 0 0 240.5867 240.5867 172.0087 54.20784 61.66233 61.67868 61.67868 61.67868 89.90257 200.9301 202.3321 202.3321 202.3321 202.3321 202.3321 0 0 0 142.4577 142.4577 142.4577 142.4577 142.4798 147.4238 142.4583 73.99742 46.04348 46.04348 46.04348 37.601 20.17926 20.17926 20.17926 20.86399 22.61616 23.14146 23.14146 28.6571 21.2133 18.48226 18.48226 18.47795 17.86318 17.6144 18.06275 18.24375 18.36621 24.89347
0 0 0 0 0 0 0 0 0 0 0 0 0 0 0 0 0 0 0 0 0 0 0 0 0 0 0 0 0 0 0 0 0 82.73649 61.67868 61.67868 61.67868 61.67868 61.67868 104.8198 202.2876 202.3321 202.3321 522.8148 506.3268 0 0 4173.907 1529.891 142.4577 142.4577 142.4577 144.3952 163.7935 193.1243 188.9169 102.5732 46.04348 46.04348 46.04348 36.7426 20.17926 20.17926 20.17926 33.27868 57.68901 36.15792 68.66381 84.70451 44.91983 18.48226 18.48226 18.41949 18.37021 18.37021 18.37021 19.37978 23.64056 30.73729
0 0 0 0 0 0 0 0 0 0 0 0 0 0 0 0 0 0 0 0 0 0 0 0 0 0 0 0 0 0 0 0 0 61.67868 61.67868 61.67868 61.67868 61.67868 61.67868 68.2984 139.4924 202.3321 1285.309 2317.516 3732.688 4173.908 4173.908 4173.908 3028.887 313.2382 241.3988 124.1638 185.7762 193.2041 193.2041 193.2041 139.5042 49.99218 46.04348 46.04348 29.60194 20.17926 20.17926 20.17926 60.82667 86.04189 85.10204 86.04189 86.04189 80.28185 18.43506 18.40323 18.37023 18.37021 25.22635 30.50651 34.00859 34.1624 32.32547
0 0 0 0 0 0 0 0 0 0 0 0 0 0 0 0 0 0 0 0 0 0 0 0 0 0 0 0 0 0 0 0 0 0 61.67868 61.67868 61.60839 61.5494 59.82113 58.00375 58.27401 105.7508 1271.863 3656.264 4128.246 4173.908 4173.908 3976.508 2055.584 620.965 515.3977 98.08233 123.8606 193.2041 193.2041 193.2041 193.2041 59.78526 46.04348 44.70999 20.60199 20.17926 20.17926 20.17926 77.45353 86.04189 86.04189 86.04189 86.04189 74.30335 18.37021 18.37021 19.89964 28.86475 34.16188 34.1624 30.61914 23.18466 17.4932
