Scenarios/Global_Grid/data/country_data_population_distribution/processed/density_grids/pol.asc
ncols 243
nrows 141
xllcorner 14
yllcorner 49
[rows 58 to 86 of 141, columns 0 to 65 of 243]
0 0 0 0 0 0 0 0 0 0 0 0 0 0 0 0 0 85.91696 103.2877 80.1666 61.17155 41.84092 47.94535 40.38817 37.95911 34.74539 34.74539 34.79178 39.21821 51.52565 51.60534 51.60534 48.11406 47.27563 48.33503 46.77986 23.416 31.27656 82.09835 82.70998 82.70998 82.70997 82.70997 79.44547 44.4184 29.17131 28.68347 51.30587 54.06475 81.51006 93.20695 79.44147 78.28873 63.69964 55.83137 52.59681 52.05915 52.05915 52.05915 54.51876 55.6048 56.92717 57.14335 57.14425 58.08541 82.44643
0 0 0 0 0 0 0 0 0 0 0 0 0 0 0 0 0 114.4567 107.7356 107.7356 81.81461 53.27457 53.27457 53.27457 48.73801 34.74539 24.77709 25.68106 32.45272 40.64361 39.83374 51.60534 51.60534 51.60534 51.45636 51.316 50.30431 51.03671 70.10684 82.70998 82.70997 82.70998 82.70998 82.70998 78.18523 64.87055 43.21413 36.7454 58.70744 80.88079 93.23689 93.23689 93.23689 92.60605 87.11055 95.00161 91.34503 53.17763 53.39183 53.271 53.60221 55.36217 67.24918 63.95512 91.75031 85.61761
0 0 0 0 0 0 0 0 0 0 0 0 0 0 0 0 0 174.8714 107.7356 107.7356 101.507 67.9621 53.27457 53.27457 53.17911 29.67673 19.47949 18.8587 18.8587 18.8587 25.59496 29.8007 30.78495 43.23439 29.84843 29.63178 28.58505 29.7298 35.72252 73.19961 114.1888 105.0139 94.43465 55.51624 53.74499 48.30137 39.47247 38.19629 38.19629 78.05805 91.03126 87.53503 95.90653 119.2089 122.9563 136.8619 143.1273 85.40811 54.28009 58.74482 73.17424 99.72112 111.4333 131.2612 142.6117 142.3205
0 0 0 0 0 0 0 0 0 0 0 0 0 0 0 0 0 0 108.4237 107.6902 60.14085 52.6064 48.04421 43.04633 44.31413 28.55028 18.8587 18.8587 18.8587 18.8587 18.8587 18.8587 19.3129 23.88791 26.93915 26.98456 28.10646 31.23018 32.1716 62.7791 139.3995 139.3995 127.3005 36.90522 37.6247 40.35414 57.72497 70.40308 47.0477 73.20076 78.30725 78.30725 87.72949 129.795 143.1273 143.1273 143.1273 143.0019 105.6502 109.5289 111.0483 111.0483 111.0483 115.8488 142.1741 113.6312
0 0 0 0 0 0 0 0 0 0 0 0 0 0 0 0 0 0 0 84.89904 94.21919 33.79652 23.3063 23.3063 23.23652 21.35391 18.90366 18.8587 18.8587 18.8587 18.8587 19.79105 21.63762 26.17073 26.93915 29.42598 32.1716 32.1716 56.90964 123.9183 139.3995 139.3995 128.9496 41.87314 34.8153 66.9524 88.05219 87.37915 78.64239 78.24983 78.30724 78.30725 78.30724 119.8584 143.0891 143.1273 145.165 146.8999 146.3005 142.7083 131.0712 121.0573 116.3619 115.9882 107.0397 93.7711
0 0 0 0 0 0 0 0 0 0 0 0 0 0 0 0 0 0 0 0 0 23.3063 23.3063 23.3063 23.3063 21.81776 18.75996 17.96616 17.34941 15.78969 21.373 23.15257 24.72123 26.93915 25.97137 26.96398 30.93477 54.74295 114.799 127.6994 139.3995 139.3995 125.6327 43.90291 34.8117 38.8186 71.32676 87.14916 83.18524 78.30724 77.66415 76.20634 70.64215 70.59644 81.54276 103.076 83.78786 108.7738 132.4706 144.6173 149.7686 147.8231 148.3938 103.46 77.0486 77.62688
0 0 0 0 0 0 0 0 0 0 0 0 0 0 0 0 0 0 0 0 173.7054 23.3063 23.3063 23.3063 23.3063 16.6341 13.90972 13.84571 13.25402 12.40508 12.64396 12.40508 12.50101 14.70344 12.43577 23.37306 28.46273 28.46273 28.46272 43.30272 79.08694 128.7198 139.1411 94.54662 38.639 48.42455 73.02634 66.90698 69.18742 70.2655 67.0393 64.55245 64.55245 64.79816 68.06244 77.11919 67.0818 66.70464 66.70464 68.59689 94.0471 72.04624 83.1366 50.83229 55.79055 64.66509
0 0 0 0 0 0 0 0 0 0 0 0 0 0 0 0 0 0 0 0 119.1449 23.3063 23.3063 21.15572 19.52629 14.67184 13.84571 13.84571 13.84546 28.27208 12.98236 12.40508 12.40508 12.40508 12.40508 27.41719 28.46272 28.46272 28.46272 28.46273 28.68269 91.33098 123.3602 115.3496 112.1144 90.59382 66.54489 66.57311 66.58895 64.7964 64.55244 64.55245 70.44048 82.71287 122.5806 118.4009 71.74726 66.70464 66.68591 64.57564 63.58621 58.57679 49.02869 49.02869 49.02869 55.85031
0 0 0 0 0 0 0 0 0 0 0 0 0 0 0 0 0 0 0 0 0 26.89579 23.29181 16.65417 13.84571 13.84571 13.84571 14.1418 53.02852 80.68362 62.9058 45.00675 61.36287 42.34523 48.88837 52.48048 49.36488 48.75172 77.47657 74.7733 105.5801 113.544 115.351 115.3511 115.351 102.1352 55.25471 49.27995 60.0547 64.16566 63.60905 64.53204 79.78887 126.1831 129.8874 129.8873 120.814 89.43551 69.35176 64.01081 63.53141 62.57704 54.08098 52.87518 66.83323 74.92787
0 0 0 0 0 0 0 0 0 0 0 0 0 0 0 0 0 0 0 0 0 0 20.04815 18.55682 17.62682 13.97502 32.6016 79.68176 89.27003 89.27003 89.16079 84.69128 68.71387 58.30626 57.19331 53.68553 53.58848 54.16318 99.11502 113.9079 115.351 115.351 115.351 105.7558 71.82634 62.74306 45.29562 46.80043 46.87587 48.81746 48.48976 59.82677 123.2147 129.8874 129.8874 129.8874 129.8874 129.8874 106.2176 63.35175 62.59997 63.34793 64.38869 91.44273 94.32549 88.79437
0 0 0 0 0 0 0 0 0 0 0 0 0 0 0 0 0 0 0 0 0 25.56993 19.1733 19.1733 19.1733 29.89877 84.10844 89.27003 88.59232 71.629 44.01902 33.02 29.87915 29.87915 43.17023 53.58847 53.58847 53.58847 140.2618 226.8887 304.4203 473.0291 277.0794 87.35295 42.5895 42.418 39.48965 41.06459 44.57151 44.07086 42.67873 100.1652 129.8874 129.8874 128.5495 84.90429 65.79501 77.22829 68.69661 62.4222 62.4222 62.4222 66.71231 93.492 94.44055 94.44056
0 0 0 0 0 0 0 0 0 0 0 0 0 0 0 0 0 0 0 0 0 394.3754 84.1386 20.03719 19.1733 24.20458 46.40948 61.32969 42.557 20.0239 24.04355 29.73422 29.87915 29.87914 35.48833 49.63663 50.8205 56.58032 369.5836 507.58 449.1629 505.6029 470.4936 86.79553 45.09136 43.63761 36.92242 33.06693 33.07858 34.0384 40.52941 43.50658 78.60708 85.43932 53.61572 60.2485 62.4222 62.4222 62.4222 63.65226 67.66721 71.17953 84.16303 94.44055 93.72843 93.41373
0 0 0 0 0 0 0 0 0 0 0 0 0 0 0 0 0 0 0 0 0 512.3716 158.216 19.73541 19.1733 19.1733 18.89023 18.17841 18.16587 18.16587 18.16587 20.73078 25.87691 30.95498 37.03291 43.63556 43.63556 66.61265 194.9385 377.9253 384.9605 471.5945 488.9863 207.2104 47.42521 47.42521 44.22346 33.16922 35.52666 41.40944 41.53278 41.29433 41.14088 41.14009 41.1521 60.94258 64.50199 64.29874 65.45144 81.34957 82.71076 82.71076 84.3229 84.4243 82.10748 82.0195
0 0 0 0 0 0 0 0 0 0 0 0 0 0 0 0 0 0 0 0 76.58878 19.1733 19.1733 19.1733 18.68246 19.02333 47.03476 37.10352 36.70204 20.211 18.16587 19.34816 29.47572 36.84792 43.59345 43.63556 43.63556 43.63556 297.766 451.0878 469.7815 542.6602 545.3925 212.727 65.66578 67.82678 56.42077 36.95735 39.70839 40.26756 40.36639 40.36845 41.14009 41.14009 46.87291 54.2 62.85184 71.21783 91.69042 92.12627 84.66492 82.37522 70.79845 70.28732 81.08955 81.79993
0 0 0 0 0 0 0 0 0 0 0 0 0 0 0 0 0 0 0 18.83419 19.1733 18.90861 17.28182 17.37847 15.94833 43.88645 104.3147 104.3419 104.3419 92.0643 42.82529 40.6199 37.09308 37.09308 38.18402 42.04071 42.19417 70.54384 412.6378 545.3925 491.6375 471.5225 369.8962 211.3061 146.8478 99.33372 62.8245 40.00224 40.52486 40.61195 41.0806 41.06905 41.14009 41.14009 41.14009 41.14009 72.4087 110.0507 111.5142 111.5142 102.494 68.65823 60.50477 60.38366 202.9871 1691.409
0 0 0 0 0 0 0 0 0 0 0 0 0 0 0 0 0 0 77.20606 32.92119 18.05266 15.85201 14.49432 14.49432 33.69067 94.0048 104.3419 104.3419 104.3419 103.1113 66.51498 52.26994 37.28995 37.09308 37.09308 37.09308 37.09308 37.09308 59.07655 189.6838 181.452 92.71559 69.91201 55.13805 914.2996 1038.128 40.21941 40.23758 40.68476 41.27877 41.30909 40.39142 40.17639 41.14009 41.14009 44.66575 108.6095 110.8547 111.5142 111.5142 111.5142 87.94118 60.38365 60.38366 92.44816 1068.348
0 0 0 0 0 0 0 0 0 0 0 0 0 0 0 0 0 0 0 0 14.67548 14.49432 14.49432 14.49432 31.9231 95.97443 103.409 80.09595 72.90428 69.99509 55.57658 42.78288 40.01664 38.81222 35.74646 36.3397 37.09308 36.05331 38.98283 75.25294 94.18596 94.18595 93.29659 66.36987 292.1718 827.2791 46.6092 51.24444 42.06454 42.06454 42.05885 38.94906 36.7226 37.60241 39.19096 43.55979 51.07741 72.73217 106.8529 102.1351 111.447 68.12627 47.78357 71.49469 73.87083 68.31271
0 0 0 0 0 0 0 0 0 0 0 0 0 0 0 0 0 0 0 0 34.5098 14.49432 14.49433 14.6921 26.19659 50.05421 60.86816 56.22844 55.83033 52.07303 46.2378 43.36676 43.36675 39.13394 25.87561 31.53857 33.22733 32.09738 31.97743 35.77802 82.29033 94.18596 94.18595 94.18596 89.18792 64.93338 100.9327 103.285 70.83278 47.19953 38.77063 36.81547 36.36191 36.36191 39.09349 51.30948 56.76546 53.47506 57.91789 55.52418 62.89419 34.26153 34.26153 62.88852 78.32861 78.32862
0 0 0 0 0 0 0 0 0 0 0 0 0 0 0 0 0 0 0 0 0 53.04274 15.04012 26.00588 48.87989 45.24695 44.24172 44.64953 46.79745 43.09398 43.36676 43.36676 43.36675 41.68258 26.91563 26.58182 28.84604 31.47647 30.74502 28.2986 71.31982 94.16223 83.81962 77.22633 72.28678 72.20438 83.44144 96.36025 80.80379 54.75279 414.4988 1022.052 764.2791 404.7991 344.8997 91.81617 81.46951 50.04717 46.27689 38.24891 34.43219 34.26153 35.01249 70.84602 78.32861 78.32861
0 0 0 0 0 0 0 0 0 0 0 0 0 0 0 0 0 0 0 0 0 0 33.00137 33.44944 40.86459 33.06437 36.11055 37.55564 37.95264 42.15803 454.0296 863.5246 334.3721 43.36676 284.6514 265.8558 44.6307 27.66543 26.2336 49.2137 88.564 94.14449 91.84357 85.68372 58.58871 49.41137 41.19547 35.54776 48.47469 52.37773 53.3061 54.84044 132.7662 886.8939 1200.403 571.1312 66.64497 40.09692 39.69605 37.76698 34.28149 34.70445 63.12626 78.32862 78.32862 78.32861
0 0 0 0 0 0 0 0 0 0 0 0 0 0 0 0 0 0 0 0 0 0 33.00137 33.00137 33.00137 33.13955 37.31145 38.17711 41.48536 43.36675 212.2895 518.4146 712.6243 43.78287 428.782 666.0214 244.2836 25.74003 37.41186 67.26605 86.28935 94.1445 92.64347 44.2524 34.36526 34.36526 34.36526 39.15099 52.36784 52.62574 55.98848 58.20111 86.64144 95.73418 67.9024 56.42121 51.38935 43.92632 43.14131 41.68263 37.17545 31.26434 29.31484 54.93146 66.37643 78.32861
0 0 0 0 0 0 0 0 0 0 0 0 0 0 0 0 0 0 0 0 0 127.0972 50.57118 33.00137 33.00137 29.21625 23.87792 31.80722 40.13667 41.78436 42.49998 42.31309 45.4228 45.86087 90.7886 61.60927 100.6612 31.72269 56.40188 73.73641 93.20848 94.1445 94.1445 73.59334 57.11338 50.3396 60.54147 72.24026 78.9619 62.28213 59.95984 74.29863 119.1583 130.7334 88.67344 70.29167 44.34606 44.34606 41.99482 39.86932 38.54992 38.03426 34.94625 26.6128 28.36771 39.17414
0 0 0 0 0 0 0 0 0 0 0 0 0 0 0 0 0 0 0 0 0 0 0 29.48783 22.5736 18.2784 18.13834 18.13834 29.92846 38.2394 38.73594 42.63995 45.85545 45.86087 32.36586 25.85956 25.57677 22.16486 31.59262 43.88902 57.59174 77.96191 93.21184 94.1445 75.51221 63.45082 74.13356 84.95847 77.47712 64.23624 59.45671 124.659 184.8234 185.5966 185.5966 184.3394 143.9215 41.95567 38.63047 38.54992 38.54992 38.54992 38.45817 29.68042 27.68594 27.76203
0 0 0 0 0 0 0 0 0 0 0 0 0 0 0 0 0 0 0 0 0 0 0 0 0 0 22.07986 19.83116 25.24496 79.62998 68.51236 45.86087 44.65741 45.69603 37.93738 26.25898 23.41815 19.33289 19.10594 19.10594 19.15148 37.23145 83.11102 61.92503 21.04412 20.36039 20.36039 38.87777 80.68923 80.65413 58.75982 87.60055 180.5414 184.5389 159.0526 177.329 115.5935 38.54992 38.54992 42.79064 51.62506 51.12801 52.25875 34.49047 34.47693 34.47693
0 0 0 0 0 0 0 0 0 0 0 0 0 0 0 0 0 0 0 0 0 0 0 0 0 0 0 19.74274 18.13834 74.73973 91.60838 33.49093 27.39008 32.26098 34.47164 25.48304 19.42859 19.10594 19.10594 19.10594 19.3753 46.39925 58.5525 46.19689 20.36232 20.36039 20.36039 30.99445 57.29899 58.61374 56.21295 68.61587 125.5576 104.4807 57.20218 77.84092 686.9758 264.9189 53.09658 56.98757 64.15182 64.15182 53.83747 34.47693 34.47693 34.47693
0 0 0 0 0 0 0 0 0 0 0 0 0 0 0 0 0 0 0 0 0 0 0 0 0 0 0 25.12904 20.56737 22.51468 26.09248 26.09248 26.09248 26.09248 22.72301 19.56403 19.10625 19.10594 19.10594 19.10594 27.48789 53.26124 53.26125 44.8706 20.36039 20.36039 20.36039 24.21423 53.57148 56.21295 56.21294 56.21295 56.21295 56.27004 56.85068 581.3116 2532.193 1470.123 57.21537 57.34905 63.33984 64.15182 61.34332 50.19919 47.29482 39.5147
0 0 0 0 0 0 0 0 0 0 0 0 0 0 0 0 0 0 0 0 0 0 0 0 0 0 0 61.57967 28.0824 26.09248 26.09248 26.09248 26.09248 26.08046 20.53163 19.10594 19.10594 19.10594 19.10594 19.10594 33.14815 53.26125 53.26125 36.88742 20.36039 20.36039 20.36039 28.18324 43.47577 47.38173 53.20852 55.271 56.21295 56.42378 57.19475 57.21537 65.7368 83.45781 57.21537 58.06775 63.62532 64.15182 64.28263 68.23802 69.02706 68.89086
0 0 0 0 0 0 0 0 0 0 0 0 0 0 0 0 0 0 0 0 0 0 0 0 0 0 0 0 58.54599 64.77515 26.09248 26.09248 26.09248 26.09248 24.43614 19.10594 19.10595 19.10594 19.10594 19.10594 42.67774 92.98812 53.26125 43.15304 43.68386 33.43409 30.24882 43.45677 43.50516 43.50516 43.50516 43.75142 51.70907 56.99216 57.49288 57.51793 57.24528 58.39969 57.8661 60.80331 73.00806 67.75641 66.28741 69.00874 69.02706 69.02706
0 0 0 0 0 0 0 0 0 0 0 0 0 0 0 0 0 0 0 0 0 0 0 0 0 0 0 0 0 77.85665 41.18326 37.4858 26.33587 27.82915 47.10134 36.7032 42.44884 68.07677 67.64171 40.90862 574.6628 1352.638 405.5772 63.3012 85.46829 83.5291 53.622 43.789 43.62005 201.6721 841.4772 95.8059 51.82067 63.62548 73.37171 74.73194 74.49628 84.11613 82.67182 79.256 74.7813 74.7813 73.1086 69.26067 69.02706 74.29837
