Scenarios/Global_Grid/data/country_data_population_distribution/processed/density_grids/pol.asc
ncols 243
nrows 141
xllcorner 14
yllcorner 49
[rows 58 to 86 of 141, columns 66 to 131 of 243]
227.1068 278.7013 278.7013 287.7317 317.4408 1820.203 2065.333 2065.333 2065.334 1611.956 1160.957 710.0113 520.5913 425.8368 226.1788 120.592 118.2906 119.7119 115.0873 78.96432 65.38725 65.72778 65.72778 65.72778 58.61514 56.52699 56.52817 76.07334 79.22256 79.22256 74.5005 39.51955 31.66825 38.85191 49.69054 83.67455 93.13494 88.05185 79.25369 80.40322 85.61831 87.48186 78.26843 52.22873 50.66841 50.66841 50.6684 51.18204 51.50211 51.50703 52.70485 59.05254 61.84594 57.069 48.93847 45.65061 48.78594 57.7283 53.90605 54.10144 50.0844 49.67791 49.61063 46.66843 44.58658 44.50725
182.325 280.8187 280.5799 281.3901 283.6434 1605.469 2065.333 2065.334 2065.334 2065.334 2057.792 844.9957 513.2429 344.9826 188.3933 124.8349 124.8349 124.8349 109.3467 79.1363 74.08794 137.2762 180.0779 157.3396 123.3331 108.4028 89.30877 79.17159 79.20421 78.92605 58.37651 31.45922 41.44335 52.28624 52.28624 57.36168 91.62051 93.83019 92.26096 96.47674 102.6663 102.6663 94.67227 81.20081 64.10058 64.91776 72.96602 77.75333 69.3413 61.47329 61.20314 60.63692 60.42878 60.42878 60.42878 56.425 52.83973 50.59956 50.45704 50.35091 49.89807 49.79097 49.79098 49.79001 47.97724 46.49281
126.1478 274.221 281.4998 298.2473 422.4156 526.3627 2158.057 2274.168 2065.334 2058.809 2024.281 789.9258 144.9072 111.8858 119.7451 124.5791 124.8349 116.6691 89.57778 76.8596 80.70856 116.2206 211.9627 214.9135 214.9135 214.9135 184.2386 82.61479 76.46754 76.28148 75.79178 66.8388 65.92913 55.67368 52.3093 67.69537 103.7169 104.1895 101.7202 101.7996 102.6663 102.6663 102.6663 102.6604 85.38446 78.82458 78.82458 78.82458 74.26088 61.87764 61.47329 61.3994 60.58912 63.11852 59.38302 57.83815 56.86343 54.94238 51.2754 49.69469 47.73438 49.27977 48.97022 46.14904 44.59591 44.7928
90.85171 161.3199 238.827 237.525 422.3091 479.8389 664.4827 839.6347 863.4391 1443.245 237.9459 154.5567 127.6948 103.8889 103.6527 119.6094 129.2888 69.81007 37.64786 46.1124 80.42084 117.9863 214.9113 214.9135 214.9135 214.9135 193.4993 123.3108 76.28148 78.42859 488.6545 229.6072 68.27357 66.07447 70.66779 108.4075 115.1865 115.0145 118.3265 462.5778 742.0074 273.539 99.2654 88.64082 81.25704 79.71978 77.27189 75.06339 71.86861 65.63921 62.53854 61.47329 74.10934 105.2241 94.26452 88.46791 76.69159 53.1588 50.90524 42.08642 41.34679 47.35913 47.76843 47.34512 45.02631 45.2368
85.67762 90.85169 90.85169 90.85169 96.95841 283.0981 488.6 245.9451 183.9518 158.6068 155.0995 155.0943 155.0943 148.4954 142.3077 150.2475 154.0711 126.3987 99.63756 49.26648 55.30904 108.44 193.0703 194.8291 200.017 120.1348 67.88118 65.75282 73.2627 74.59132 336.6404 250.3756 68.27357 68.27357 79.48121 124.5789 124.6291 121.0717 118.3144 313.304 1043.683 309.5876 85.27737 85.27737 85.27737 82.87807 73.75401 70.57913 70.57913 75.689 79.07841 76.58453 74.31134 100.8035 105.2487 105.2487 93.50276 41.27814 41.17516 41.24638 62.00143 75.77358 73.70779 60.81799 62.82791 97.71359
88.94238 90.81677 90.61648 106.8708 171.8689 183.9263 189.85 189.85 189.85 187.855 162.053 155.0943 155.024 133.7209 138.9044 154.0711 154.0711 154.0711 154.0711 148.2773 109.2916 83.67385 80.23442 72.60168 58.37317 52.48072 52.48948 52.85776 56.43002 61.26169 59.69822 61.27597 61.2003 60.51823 95.6213 125.3382 123.8441 125.0425 278.3835 897.4885 983.366 469.3101 85.92326 85.90469 85.50829 82.90847 79.27296 75.03148 445.9729 132.7769 85.87284 79.05965 78.66997 77.17534 87.15855 88.59054 97.73764 76.22601 40.82091 44.23629 83.22871 89.36339 89.36339 88.97031 81.90411 523.4075
82.48456 83.87591 81.75728 81.47755 104.9401 148.5185 133.4362 104.9828 146.6672 147.8757 158.2986 160.1544 127.7807 90.00561 72.53027 92.6011 126.7026 143.2469 149.0659 142.3719 109.9034 85.09106 80.23442 77.33862 54.23133 52.58141 53.10237 53.19464 54.07367 55.28942 58.25727 58.25721 58.21286 58.174 70.80017 79.11682 73.88212 72.15992 110.2079 459.6971 570.7692 94.55528 87.54448 87.54447 87.41599 64.47649 63.16105 65.3382 401.0282 939.3727 125.5358 79.2411 78.33498 57.4958 55.57578 55.54708 47.0504 41.79441 38.57446 42.16137 57.39097 55.64772 60.76101 65.75405 71.23325 71.38293
80.50689 81.22876 80.93083 80.75816 80.66548 59.32786 53.56533 53.56533 54.85275 133.559 207.4218 207.5273 163.5676 80.86521 67.07536 66.70956 64.56413 63.41861 66.16162 63.65006 68.00732 79.06226 78.44505 73.67248 67.70641 56.49968 53.22565 53.19463 54.16881 57.45734 58.7225 58.7225 58.7225 59.48785 67.26635 68.99236 69.29491 84.47997 129.1571 133.1982 133.121 106.5705 89.30686 90.80529 93.01888 87.74825 70.29728 61.33583 62.67721 62.32579 61.25392 56.35938 56.50328 53.58982 53.53937 52.40166 38.73006 38.57446 38.57446 38.85236 46.36306 49.14717 48.60046 52.30669 54.0911 54.3307
121.6861 887.8563 159.5594 80.88544 80.77168 79.42932 75.59998 152.1667 148.6056 207.9115 210.699 210.6991 179.6609 101.7631 63.47798 61.94957 61.63416 64.09628 66.90073 67.80444 69.20697 77.0983 67.15794 61.90295 61.90295 61.26704 53.49509 53.19464 54.58364 57.3649 58.7225 58.29707 56.32565 57.42129 56.67484 68.91792 70.36168 75.52893 107.2257 112.9639 92.81202 72.28309 73.66163 83.0298 93.55943 93.55943 67.62684 52.45257 52.90607 52.78554 51.03207 49.00478 49.00478 49.00478 48.70057 48.98973 43.87351 38.57446 38.6558 42.83979 50.19033 56.16165 53.65966 56.19517 53.58622 50.42813
158.0381 764.303 180.6662 81.3591 81.21116 80.33587 72.23381 117.7919 201.7229 210.6991 194.9995 203.3257 140.816 69.88417 59.15051 59.15051 64.39305 76.04334 77.07085 77.07086 77.07086 89.74158 72.25766 61.90295 61.90295 61.90295 58.82794 46.42971 44.86093 44.08107 45.79471 43.97526 43.88134 44.24938 44.42882 47.7473 62.93528 70.53667 70.53667 70.68626 71.38287 71.62812 71.62812 72.78648 85.93988 92.5486 80.13347 73.60149 55.13673 52.25491 50.83633 52.55474 52.54598 52.28158 44.24086 42.1821 41.74755 41.35455 42.53569 56.49273 56.49286 56.49286 824.7846 264.6794 47.47756 47.40651
93.23135 92.13 85.90978 81.36961 76.62322 58.22792 58.16448 105.975 162.063 163.4863 81.71146 58.19587 49.37856 51.98135 58.65994 59.15051 60.76286 67.63805 71.16944 77.94962 172.4529 225.2528 207.7289 204.8789 201.7959 73.78129 60.03769 50.02972 47.91583 53.45164 60.65763 56.93935 46.31971 44.47084 44.42883 44.42883 46.39205 70.00675 64.80865 50.87986 64.22763 68.39602 70.78774 76.72902 91.43253 881.6954 1084.372 207.6859 56.33392 41.57437 41.17794 50.12952 54.92071 54.92071 53.40939 43.44746 42.45755 42.65184 43.86372 53.28299 54.14343 53.97351 127.7824 66.57701 69.73691 61.37214
92.49085 90.71272 89.94686 67.88889 59.51713 58.16448 58.16448 58.16448 58.16448 59.91292 107.7359 52.26138 49.36882 49.6965 57.0896 61.5196 62.12971 62.54157 63.46232 81.79247 196.6119 231.8312 231.8312 206.9289 138.8553 86.0703 74.36578 50.20157 50.08603 50.73977 65.46242 64.72517 64.50571 63.01461 58.76593 54.41615 69.25673 85.14377 56.63429 43.33024 47.89418 58.38273 61.04405 62.58556 74.01802 143.4583 153.771 60.93906 41.14263 41.14263 41.14263 49.0087 54.92071 54.92071 50.39065 44.56092 43.86469 43.86469 43.86469 43.86469 43.86014 45.75831 53.5135 62.77062 568.2163 249.609
81.79993 76.48087 74.58078 74.58079 72.66154 67.71909 72.05596 89.03989 138.0615 193.2373 192.855 92.24921 58.68146 57.85123 59.33344 59.53177 60.91238 63.23303 63.46232 93.20427 201.8187 231.8312 231.8312 221.2093 98.05801 87.94982 88.99272 73.82571 92.63804 113.993 157.4364 142.4311 73.61068 63.49128 63.47493 68.93175 92.61784 93.33008 63.39598 43.4241 43.37967 50.38297 60.99417 61.04406 60.34457 58.31798 56.0055 57.71875 48.42501 47.58695 46.57209 48.05396 56.14582 65.80778 69.21642 70.02688 62.56707 52.07814 46.57861 38.75151 35.22217 41.90113 46.5151 46.56353 296.1887 567.1629
104.4231 76.30262 74.58078 74.58078 74.36827 74.19647 80.7199 182.037 203.1407 203.1407 185.8392 88.48114 86.89354 66.00026 59.33344 59.33344 59.33344 62.06993 67.7597 156.4052 175.2441 161.8461 142.9522 151.9865 82.61671 80.24767 127.6367 167.7448 167.7448 167.7448 167.7448 121.0692 97.65782 64.41853 63.47492 73.79484 93.04182 88.86655 71.76815 47.43042 56.18992 57.81133 59.43565 62.80497 56.80919 53.61168 53.60189 52.42712 49.6246 49.62433 49.62433 45.90406 58.31339 70.30587 70.30586 70.30586 70.30586 70.30587 66.51009 34.73287 34.54808 36.06767 70.90597 64.23633 61.74197 71.36742
1528.515 71.71089 72.05933 73.96787 74.13687 74.12019 71.16158 79.08624 176.0831 203.1407 162.4282 100.8231 88.03076 87.86513 74.78754 55.46115 56.35653 67.03651 88.39234 90.04282 89.26615 89.26615 83.14042 73.33253 73.06641 73.14657 73.2052 124.3311 167.7448 167.7448 134.7203 85.25889 82.39924 77.36196 65.75702 67.51372 83.9518 83.7236 83.72359 68.54228 59.69909 67.3626 70.26042 70.87415 69.61179 55.5616 51.82772 51.06833 49.08217 49.62524 47.18587 32.1139 44.01118 50.97968 54.51839 64.49357 70.30586 70.30586 65.40016 40.52467 34.54808 121.9791 283.2931 275.7542 220.2275 227.8916
556.0963 66.98418 66.98418 68.33969 70.95547 73.92871 67.40902 61.1107 72.06721 113.139 129.9715 119.3954 79.28357 74.73251 54.67106 53.14865 53.14865 60.53073 88.96009 89.26615 89.26615 84.8348 68.57567 67.25967 78.87045 78.99963 81.37457 105.6953 167.3489 158.4368 111.1362 82.40718 82.39924 82.39924 71.97218 64.07255 89.86771 83.7236 81.56367 69.17707 75.27608 82.39954 83.45995 76.91559 60.78341 46.28754 44.60089 44.60089 50.35411 51.76941 35.29958 31.34693 31.47277 33.00185 33.58061 38.66259 43.90585 48.81569 58.31326 58.58539 56.45282 107.2946 204.3997 263.4981 284.3303 385.192
66.75935 66.98418 66.98418 64.77514 61.6631 61.5146 61.1107 73.93625 94.8857 102.6191 102.6191 90.44071 70.30972 70.40649 72.34059 66.19967 60.74019 73.9119 139.3005 148.6039 94.53049 66.78405 64.95896 121.8351 161.2719 156.0102 117.1901 92.09396 93.67706 92.63354 93.32525 99.86736 103.1216 99.94922 154.991 1415.596 1534.08 403.3691 107.1292 108.7583 104.2987 93.87757 84.77206 84.23464 51.65996 44.60089 44.60089 46.26543 51.91179 52.03111 31.34693 31.50013 33.36841 32.93585 33.58061 34.2251 33.88249 36.0886 41.01756 48.35302 55.20467 60.18974 63.85242 67.7015 363.7379 519.5583
77.53208 73.03068 67.47292 68.90815 69.40437 69.77461 66.04239 74.44528 99.50779 102.4188 102.3669 79.28176 71.56432 70.93941 73.24303 73.76169 73.7617 73.96056 119.4186 161.5168 159.7404 144.5407 125.3209 156.6638 161.5208 151.2928 106.3983 91.02293 91.20782 93.2629 93.45894 98.69436 109.1534 111.2148 789.394 1169.44 1825.21 739.4728 113.1911 113.204 101.8768 77.36241 74.50349 72.27888 61.98478 57.71048 51.72379 51.95389 52.03112 52.02735 48.3205 47.65377 51.10223 45.93595 40.22337 47.83302 47.26457 47.30302 48.01752 44.42261 40.97493 42.23465 58.56581 65.79054 105.1964 297.1858
78.32861 76.12057 71.81204 71.79507 71.79508 85.61541 89.11836 81.59473 92.4655 94.06364 95.11618 92.9345 71.71764 65.88951 69.85969 77.82921 86.05379 90.22001 119.2581 124.8692 159.8888 161.5208 161.5208 156.5633 137.4278 94.97024 91.56197 91.53528 149.4759 477.1669 185.5257 97.67325 109.0778 94.22287 100.8659 108.9641 126.3374 92.87988 101.5699 98.83514 88.37949 71.05751 71.25049 72.13516 72.48137 72.48138 67.51183 53.12464 52.03112 52.16482 52.43892 52.51709 52.17061 60.34403 72.54929 66.54327 52.17279 48.11401 48.27906 96.04588 108.3741 40.62616 50.22944 81.60939 86.62502 251.0822
78.32861 70.83358 55.32701 58.54314 109.6318 220.9036 225.7557 206.1978 126.5966 88.74564 81.76344 77.50719 62.78262 62.408 62.408 64.66651 71.7057 68.32304 72.26965 81.51862 97.60687 128.253 149.517 113.2873 95.57227 100.0457 95.93275 219.6865 1012.634 1747.298 1385.511 113.1049 68.46632 59.86963 62.2234 76.48114 93.62164 92.34621 91.22997 77.5259 66.11864 70.99969 70.75496 72.42529 72.48137 72.48137 64.81682 53.80669 52.68027 55.54487 59.32108 59.54603 101.9769 216.1713 99.27575 112.6458 153.946 101.798 153.9351 184.8418 194.55 154.4417 87.14835 85.42272 177.2794 743.6951
69.1675 44.92946 39.50391 39.50391 73.95871 214.1022 233.1192 233.1192 230.8767 165.6544 63.27635 63.27634 62.98788 62.408 62.4077 49.68917 47.03868 48.15319 47.36407 48.74059 54.66696 64.79689 87.62524 103.3609 108.514 108.6084 106.5551 91.42788 173.3751 537.3538 122.7526 88.89866 69.69675 59.23908 59.23909 59.23908 73.77638 86.40666 58.22699 47.59965 46.72086 48.75213 52.06924 72.05054 72.48137 72.48137 62.85676 53.05739 53.05738 134.686 606.649 612.2437 676.834 479.267 69.53584 209.3598 1413.592 810.2236 140.6929 195.3764 195.4012 195.4012 182.2982 93.37397 85.0835 72.40978
36.90081 39.39646 39.50391 39.50391 39.50391 63.10943 73.48876 92.55163 183.6184 183.9725 69.56432 62.28313 61.29868 61.35482 61.1259 60.75444 58.4305 60.10533 57.60288 57.23357 60.68364 60.68364 60.68364 75.88647 93.57921 108.6084 108.6084 105.4009 87.2397 80.34787 80.34789 80.3382 74.74291 66.24676 64.69617 62.24123 59.65553 59.23972 51.36972 46.08562 46.26432 46.23231 48.89571 63.56498 64.35277 68.94962 73.72273 60.13593 53.47083 86.38055 217.156 421.0359 99.62966 70.86835 81.90504 130.214 285.7988 421.0322 350.6452 102.0884 157.8083 133.111 110.156 124.4378 91.80822 45.8419
28.94649 36.3104 39.50391 39.50391 41.293 50.021 53.99527 53.99527 53.99527 54.12869 55.97176 56.75721 60.15698 60.68364 60.68364 60.68364 60.68364 60.35387 60.02882 60.68364 58.49584 59.59499 52.9342 45.64027 38.42694 63.39278 95.84241 94.3091 80.34788 80.57253 81.99106 79.19298 70.2172 69.49368 68.94846 67.50429 64.43157 62.14658 49.64471 47.84839 48.06844 42.54077 36.95144 41.12876 41.59236 41.63343 71.01385 96.57516 96.1395 92.51281 77.49529 59.87263 59.03567 56.72956 57.80273 62.70623 60.66692 52.90781 51.78737 51.82495 54.57203 55.57827 55.57827 56.61725 83.80546 66.75469
34.47693 34.99364 35.02441 35.8311 43.1572 53.91365 53.99527 53.99527 53.99527 53.99527 53.99527 55.68787 62.27544 66.35735 60.68364 60.68364 59.97905 49.91805 49.70189 50.99572 49.70651 49.13213 43.16098 35.8942 35.8942 36.67356 39.65821 47.16648 106.4245 116.7226 127.1173 133.1654 131.327 109.6118 64.80515 63.95527 63.95526 63.41919 57.36649 48.85469 45.03721 35.37126 34.38451 36.56014 40.8463 41.59206 44.8612 82.37051 95.74361 97.212 97.212 67.79918 47.18327 46.48751 47.324 52.80909 48.76443 50.45456 51.78737 53.30124 65.98142 72.62308 72.74806 84.58482 90.44421 86.62096
37.1489 34.47693 37.07083 44.65437 40.8121 58.28661 56.08496 54.42973 53.99527 53.99527 57.38615 100.8582 118.0733 78.41382 60.71565 60.68364 52.33474 49.0666 49.06659 49.06659 60.6482 71.54345 75.20145 39.99329 36.73146 37.74055 36.18055 37.17376 60.52364 121.096 130.877 133.1654 133.1654 116.9183 56.84244 57.13779 58.20295 60.29524 57.6625 45.73212 40.13225 36.94567 31.53877 30.52997 30.62735 31.31812 46.77205 60.93815 64.39018 75.01686 81.97433 49.87325 46.4875 44.96807 41.3888 40.34776 40.34776 42.17126 43.79633 50.89174 90.44421 90.44421 90.4442 86.09067 81.34087 71.90062
61.59293 60.56745 60.99152 68.93243 68.25066 62.02956 61.65406 61.56892 60.7476 60.39744 72.05527 120.169 121.4401 121.4401 111.8615 61.02248 50.39261 49.81591 49.10047 63.38778 77.88781 79.05867 79.05867 58.51032 57.5052 59.33184 54.94912 54.01873 50.26005 52.86824 61.80239 111.913 131.5947 120.9295 73.82898 94.9948 56.21408 74.72565 69.99059 46.36259 46.36056 45.62013 36.43301 42.19924 45.76787 46.12602 53.48874 59.32718 59.31565 61.10691 58.81712 50.27028 46.3736 44.68462 43.18912 40.88469 40.34776 40.34776 40.34776 61.32784 81.27654 80.31719 70.54829 42.08164 43.2924 125.3639
69.02706 69.02705 69.02706 75.88374 111.9601 107.9156 105.6348 74.43336 65.50136 64.75811 68.06338 115.2753 121.4401 109.9762 71.01814 51.56086 51.72669 51.86679 61.50326 75.79474 79.05867 79.05868 79.05867 83.86582 79.23466 74.11661 79.02487 74.12604 49.98149 49.98149 52.31226 71.49815 161.1845 158.4427 197.3328 203.3773 134.4226 142.1998 88.16454 46.36056 46.36057 46.4125 50.63985 59.91352 59.60626 59.33579 58.53964 44.61808 44.49693 49.30554 51.25907 49.039 46.02488 45.971 46.01126 48.31963 45.65897 46.93355 45.31954 61.63825 67.1692 63.83531 45.47701 39.64423 43.4868 439.5745
69.02706 70.8624 87.4319 132.1613 174.0619 150.5551 137.069 137.069 127.6208 132.9972 120.2258 121.4401 111.4302 67.51572 51.56084 51.56084 51.98281 52.10669 52.90552 68.71238 65.29348 71.77727 69.27377 112.9236 115.6114 115.6114 115.6114 113.9677 64.25881 52.37604 72.53669 105.6059 177.2183 204.4846 204.4846 204.4846 180.0474 151.8328 144.6187 83.756 57.23024 60.10656 60.58588 63.23631 71.32246 65.18807 62.19746 55.26089 47.88949 44.67355 44.59898 46.22133 47.20189 46.94495 47.66323 51.29182 51.68504 51.68504 51.68504 60.38315 66.8481 66.41553 41.65314 39.64423 39.64496 59.9267
104.8144 146.0433 173.9716 161.3979 157.649 142.3669 137.0077 137.069 133.5797 115.6752 110.4137 111.9457 110.9315 107.6324 105.9325 95.92419 55.64352 52.10669 52.32985 53.90583 55.47038 57.01081 57.1288 89.50741 112.632 98.37376 84.52438 107.5206 50.36494 50.4144 64.48302 74.14931 79.74821 154.2399 135.2259 137.0091 135.5291 115.1828 122.8264 127.3895 63.60561 62.36914 63.19154 71.50622 76.21689 72.79578 65.16431 64.49223 80.89949 192.5194 185.3475 81.40762 47.81044 47.7779 47.71572 47.69315 46.83243 47.18232 48.34042 55.23322 62.33484 66.70446 59.09116 47.36937 48.89192 48.33875
