Scenarios/Global_Grid/data/country_data_population_distribution/processed/density_grids/pol.asc
ncols 243
nrows 141
xllcorner 14
yllcorner 49
[rows 29 to 57 of 141, columns 132 to 197 of 243]
47.82941 44.20935 39.5049 35.38435 34.94702 73.34669 34.94702 34.94702 34.94702 34.94702 37.93952 42.60453 42.73906 42.73906 42.73906 42.73906 42.73907 42.73906 42.71983 40.69846 39.60127 39.49432 39.49432 39.67972 43.28406 44.23675 44.23675 44.23675 44.23675 35.50632 31.37324 31.37324 34.57813 40.85749 40.86651 40.86651 40.86651 51.65411 36.81078 50.65985 34.90822 41.51162 51.97216 40.84396 23.20791 23.44419 24.27302 27.0584 27.26871 25.80958 27.05132 25.80713 24.99337 24.99337 24.99337 24.99337 33.90715 52.94974 54.96083 54.96083 54.96083 54.96083 54.7218 33.47868 29.51558 29.51558
37.11093 35.11562 34.94702 34.94702 397.5917 1547.234 631.5134 34.94702 34.99617 41.26548 45.00401 43.6131 42.73907 42.73907 42.73906 42.73907 40.80049 40.37262 37.14328 38.71576 39.49432 39.49432 39.49432 39.8159 42.65207 43.6986 44.23675 43.81045 34.88556 31.85799 31.37324 21.47588 20.42785 26.90851 29.46787 40.78546 40.86447 68.32888 70.89118 71.12148 71.12148 71.12148 63.19692 23.96433 23.20791 23.20791 23.20791 23.20791 23.20791 23.28681 24.78762 24.99337 24.99337 24.99337 24.99337 25.15503 36.42719 49.0726 54.96083 54.96083 54.96083 54.96083 53.95244 34.64293 29.51558 29.51558
38.29673 38.1803 38.38915 36.35975 35.1898 422.2273 124.5025 34.94702 39.63514 46.48918 46.48918 46.27697 45.15787 43.21756 42.73907 42.32956 34.71941 33.75937 33.75936 34.46135 39.23784 39.49432 39.49432 39.49432 39.50467 39.51308 39.93764 38.78012 32.57276 32.59773 24.80561 13.14499 12.89376 12.89376 12.89376 15.03099 17.14345 53.64643 71.12148 692.79 504.5735 71.12148 69.30186 47.98615 23.20791 23.20791 23.20791 23.20958 23.99298 23.83721 24.32357 24.99337 24.99337 28.53175 31.84752 36.68078 54.96083 54.96083 54.96083 54.96083 54.96083 54.96083 45.36703 29.51558 29.51558 29.51558
40.69173 40.62267 40.69477 48.45787 59.69235 51.87288 46.55599 39.07634 44.56965 290.5486 344.2124 57.56663 46.48918 42.28622 39.09322 35.15829 31.80797 33.75937 33.75936 33.75937 34.14237 37.93339 39.48666 39.49432 39.49432 39.55098 39.52229 47.44943 50.46714 49.76808 33.22334 12.89376 12.89376 12.89376 12.89376 12.89376 12.89376 23.4167 71.12148 71.12148 71.12148 71.12148 71.12148 61.19113 35.78181 23.20897 25.08154 25.36899 26.66908 26.66908 28.27688 45.38124 45.09571 49.30677 54.96083 54.96083 54.96083 54.96083 54.96083 54.96083 54.96083 54.95586 38.19229 30.22754 29.75736 30.7015
40.69477 40.69477 43.58687 59.45031 62.38454 62.3189 60.80218 49.81639 46.23318 199.1237 119.3737 52.35405 46.48918 42.97582 31.00394 29.45067 29.58231 30.86603 33.66846 33.48092 33.31061 31.76666 37.05986 40.43995 45.11835 55.597 56.53307 56.68084 58.45301 58.45301 38.93392 13.77162 13.67553 12.89376 12.89376 12.89376 20.58076 48.34737 62.08301 56.38863 46.48485 53.95384 71.12148 71.12148 61.93799 24.99777 26.66908 26.66908 26.66908 26.66908 27.56169 31.88486 36.79829 44.05489 41.70154 39.01486 33.38439 35.39239 40.3153 47.93172 53.79092 43.87705 31.25821 31.25821 31.21041 30.82135
40.69477 41.97755 57.15304 64.18524 64.21962 307.5822 443.0837 61.41402 47.41623 43.61934 43.79211 43.03077 45.74931 48.94559 45.31237 33.61972 29.45066 29.45067 31.49256 30.25228 29.04825 26.60735 26.41309 39.02438 58.45301 58.45301 58.45301 58.45301 58.45301 58.45301 58.45301 55.08761 31.58364 12.94249 13.91966 18.60842 19.63041 19.64841 19.6484 19.6484 19.6484 21.32673 38.86104 47.97573 43.67193 26.86408 30.14079 28.93068 27.95985 32.43947 40.8978 41.74028 36.29885 36.29885 33.73898 27.77886 27.19382 27.19382 27.53849 30.7431 31.25821 51.1004 133.0355 31.25821 31.25821 31.18271
39.91895 47.81763 63.47385 64.26875 64.26875 176.1608 155.5046 62.60502 54.65479 43.20525 42.38948 42.41444 51.85969 53.62428 53.62427 48.29052 38.74453 32.18384 33.76764 36.40708 32.61089 26.49804 26.41309 38.14774 58.45301 58.45301 58.45301 58.45301 58.45301 39.19984 27.81997 19.37494 15.3367 15.22145 18.83019 19.64841 19.6484 19.64841 19.6484 19.64841 19.6484 19.64841 19.6484 21.15347 28.6991 44.3904 48.46004 48.62558 48.79779 48.92378 48.92378 44.59233 36.29885 36.29885 36.28921 31.85753 27.19725 27.19382 27.23054 29.25346 31.25821 177.5591 380.302 152.6763 31.41924 35.23072
39.82582 39.82582 45.22856 45.7616 52.99664 64.26875 61.66736 59.46109 43.23906 42.38948 42.38948 49.38705 54.32539 53.63099 53.62428 53.62428 49.74788 37.56947 36.74495 36.74495 32.59068 26.41309 26.41309 43.03223 50.64993 58.40924 58.45301 58.45301 49.54883 22.28039 15.5965 15.27666 15.27665 15.27666 15.63112 19.35351 19.6484 19.96002 24.06961 24.34359 23.53142 20.826 24.02389 28.27732 29.16592 32.06086 47.48216 48.92377 48.92377 48.92299 48.55092 45.16065 36.34538 36.29885 36.29885 35.23888 28.2387 27.19382 27.19382 28.31921 31.22565 31.37246 59.37792 33.7746 35.65754 37.65709
45.97256 44.44849 58.60475 41.98346 42.01805 43.02866 41.70744 41.55296 41.82454 46.52024 54.32021 58.76241 58.83369 55.74017 49.21563 44.81541 40.45279 39.23028 36.74495 36.74495 35.45426 29.40881 26.41309 26.41309 26.41309 36.59665 51.62749 43.36955 28.56828 24.76432 23.45156 15.56917 16.40259 19.96881 21.62669 21.69928 21.78642 24.7691 27.72566 28.14798 28.14798 28.25061 28.6869 28.87975 29.15293 35.71865 48.57932 47.90384 47.80056 47.79716 46.35991 44.78838 36.34378 36.29885 36.29885 34.47049 29.63514 26.32972 24.52068 25.08868 26.26482 33.45543 36.02906 36.02906 36.02906 36.02951
202.3811 812.5798 621.2433 70.91734 52.03677 48.5712 48.10331 48.77682 47.11256 57.17505 58.83369 58.83369 58.83369 57.38155 38.47419 35.87743 35.87743 35.89962 36.07858 81.05536 206.3215 36.17553 26.87605 26.41309 26.41309 26.38717 25.09529 24.76432 24.76432 24.76432 22.46602 15.77097 24.3653 28.14798 28.14798 28.14798 28.14798 28.14798 28.14798 28.14798 28.14798 28.14798 28.48179 28.69962 31.1869 33.68629 38.27647 46.4794 46.34823 46.34823 46.34823 46.34158 43.3717 39.9552 42.29161 36.85698 23.72174 23.72174 23.72174 23.72174 24.03095 35.99924 39.16039 36.04189 41.45516 42.22744
196.6144 645.4285 171.7996 61.57756 51.52666 42.72862 37.82794 38.22901 41.51043 46.42656 58.67369 58.83369 58.83369 57.78156 44.71882 36.08327 35.87743 36.11964 36.74028 408.1742 1102.946 101.0914 44.89191 43.98531 42.69645 42.86218 31.56807 32.64125 30.75882 31.26988 25.88935 21.49491 22.88637 27.03916 24.70307 27.90102 28.14798 28.14798 28.16881 29.40648 30.15148 29.88792 30.90082 32.15659 34.79629 34.86684 35.29015 44.49817 46.34823 46.34823 46.34823 46.34823 46.8968 47.83512 48.37999 45.79037 26.31366 23.72174 24.12375 32.64567 38.37542 42.60252 42.45414 136.5826 282.4626 92.84355
61.42018 65.84589 66.18689 58.37853 51.3716 39.18371 36.17168 33.61265 33.61265 36.15815 58.36694 58.22942 44.44831 38.30537 57.83831 53.14896 35.87743 35.98872 36.7608 36.74495 40.04401 62.31363 63.08501 63.08501 63.08501 45.83024 36.51881 36.51881 36.51881 32.60605 22.97482 21.49491 21.4177 20.27907 19.78672 20.19478 22.24055 22.20405 25.01672 30.8764 31.90942 31.90942 31.90942 32.37728 34.70919 34.86684 34.86684 35.45572 41.09211 46.3545 46.58903 47.27338 49.17516 49.26423 49.26423 49.26423 34.29979 26.89295 34.1025 40.53148 42.12743 42.60252 110.3595 304.2189 347.1152 403.3202
53.52967 55.35197 55.04131 52.13254 50.4057 50.3937 50.19742 46.58591 37.49836 34.95368 41.91586 46.82572 38.60192 36.36172 37.4891 41.80538 37.70171 38.28598 38.7687 39.06723 43.31008 51.25438 54.79869 68.39102 769.1494 145.6302 37.49984 37.28905 36.17197 24.06465 21.49491 21.49491 21.11927 19.7791 19.7791 19.7791 19.7791 20.20477 25.89331 31.05744 31.90942 31.90942 31.90942 33.43333 33.17076 34.82823 34.86683 34.86683 39.20875 51.12732 49.38473 49.95234 50.0354 49.26423 49.26423 49.26423 53.91403 39.13044 38.98695 38.98695 39.02444 41.14687 125.5255 286.0685 333.4684 341.5487
50.33935 55.72426 55.5624 53.56221 52.84202 50.86464 51.05598 45.248 38.99879 36.42687 36.36172 36.36172 39.57369 61.09061 45.81166 38.87321 38.88385 38.88385 39.28061 41.92472 42.22307 42.23507 46.61283 54.84505 661.3385 891.061 175.9571 39.11312 39.11312 37.68685 29.43417 26.43399 23.43633 25.20077 24.75202 24.18161 24.13835 30.96403 37.7786 35.52711 31.90942 31.95876 36.89572 39.17141 37.86621 40.05988 43.43113 54.7392 58.68327 58.68694 58.20451 58.06356 83.60287 739.5899 958.7651 319.1062 80.53686 71.00551 45.73779 34.97981 38.36805 35.16299 33.36277 154.986 187.1504 149.4666
55.74388 609.9453 785.441 55.74388 55.51834 52.33807 51.5876 45.65821 36.26947 39.60365 95.4645 96.04945 107.7317 114.448 110.7517 95.67149 67.08404 38.98699 40.54655 41.66764 42.08152 47.09318 56.20607 56.20607 54.44971 45.06303 40.78207 39.27722 39.11312 39.27081 39.67797 39.67312 34.05783 31.58722 31.58722 36.46776 83.88374 93.43866 41.79856 40.38442 37.43323 39.16067 39.17191 39.17191 39.17191 39.12839 37.67784 42.22572 54.83925 58.68694 58.68694 58.68694 96.13097 898.8484 1226.19 153.8412 69.70792 45.95259 32.12769 31.66829 32.75722 32.51397 32.86999 33.36277 33.36277 31.58505
52.49635 52.05472 53.93386 55.28893 52.71643 51.60035 51.60035 51.25941 39.89287 35.55219 39.72388 39.7132 64.05334 111.2252 108.3212 108.3223 91.07774 59.86963 41.01977 41.01977 41.01977 46.13166 54.30431 55.27065 47.11206 43.14017 43.14017 43.09327 42.00455 39.65574 39.67847 39.67994 34.57192 31.58724 31.58722 34.25598 430.8823 670.6174 70.88828 41.80221 41.89804 41.09734 39.19035 39.17191 39.03507 32.72197 26.61394 26.61394 26.93883 39.54065 54.17357 58.68694 72.50661 80.59848 80.59847 62.3682 33.47599 31.66829 31.66829 31.66829 31.37294 32.61591 33.29335 33.36277 33.22015 30.83605
50.56096 50.56096 50.56096 51.32013 51.5356 49.20048 45.94989 49.11972 39.39689 35.72595 35.584 35.55219 38.53277 44.99945 43.1586 43.4489 42.77649 38.66894 38.74147 37.36617 38.09256 38.6512 36.75262 41.03254 40.98299 41.60799 42.88771 43.32488 45.74611 45.38567 43.90709 42.98084 43.66378 40.36786 37.2523 35.53751 101.9813 146.4831 41.79856 41.79856 41.84995 41.90618 41.55244 41.39526 33.95435 26.61394 26.61394 26.29093 25.25295 24.06555 24.86247 35.72129 50.23058 59.74511 54.09709 29.34003 30.10671 29.80651 29.73236 29.85482 29.28787 29.64985 31.09662 34.12353 34.04069 30.16472
48.12204 48.9045 47.64624 45.08974 44.88078 41.56218 40.2418 40.18825 37.65149 36.50506 36.39719 37.10508 41.63251 43.1586 42.75025 39.80473 36.56584 35.48385 35.57017 35.57392 35.83146 36.25216 36.41509 36.41509 36.41509 36.41509 50.90444 48.62675 46.67603 46.67603 96.7555 78.54508 42.56079 42.41927 42.0547 39.19678 37.60055 38.02733 39.27409 40.33388 41.87506 41.90618 41.68774 37.2738 25.4719 25.84722 24.93574 33.20208 43.57944 29.36011 36.94452 37.67212 38.92749 38.92749 38.73784 31.1998 29.12601 29.12601 29.12601 29.14226 32.27852 34.45891 34.04928 34.55056 35.33862 34.18806
46.34432 46.34431 46.34431 42.61538 40.28907 41.8001 42.87225 43.41203 42.91019 37.65781 36.50506 36.50506 37.38152 38.50261 36.54497 32.5617 32.43776 33.09126 34.49979 35.34386 35.84826 36.26404 36.41509 36.41509 36.41509 58.8754 298.932 295.9717 241.1122 232.9197 273.5084 158.1553 42.41928 42.41927 42.41927 42.22202 38.40973 37.96233 38.16517 38.72193 41.17066 62.58354 96.22893 24.42903 24.37671 24.37671 26.16778 52.32452 53.8142 54.23051 49.00058 39.42749 38.92749 38.92749 38.43163 37.53733 35.77456 33.99358 33.89174 43.35895 39.50974 34.50346 34.52436 34.54442 36.95366 35.74445
46.34431 46.34431 45.70829 43.22683 43.05718 46.44446 54.24778 678.0186 767.1349 45.98788 41.31961 36.8471 36.96632 37.0457 37.00284 32.93042 32.93566 32.48699 32.50008 34.33009 35.13874 35.4781 41.59949 41.29932 43.49873 111.5924 157.7803 231.782 318.5877 310.6078 262.712 214.7849 191.9863 37.07206 36.68057 37.34672 36.37851 41.00938 41.43447 41.43447 41.43447 242.0855 528.6025 33.16809 28.35944 28.38056 25.28604 26.08112 25.84527 40.9436 45.95922 38.92749 38.92749 38.92749 38.97414 36.95094 36.92171 36.92171 39.90137 46.1777 47.87669 44.84874 44.20987 43.27109 44.83583 35.45663
46.34431 46.83735 45.51734 41.96622 41.65002 42.88806 44.61552 60.24815 48.76314 46.47504 40.57541 37.0457 37.0457 37.04569 37.0457 35.83365 34.97866 35.08125 34.97763 35.10385 35.13874 49.40366 54.31723 54.31723 54.31723 54.31723 51.97589 123.7141 112.2477 172.2584 194.6169 204.0715 91.24445 49.17807 48.65408 37.99445 35.83068 36.58312 38.73809 41.34409 41.43447 36.89056 51.7534 55.70127 33.87206 33.87206 29.42066 24.18656 24.18585 24.18585 27.08121 35.91072 42.36131 42.99007 45.84425 43.78086 38.10585 38.13332 45.02127 46.17771 562.41 767.6967 74.00208 46.17771 46.17771 39.01654
50.09763 48.5661 48.66165 47.06932 41.83199 41.65002 42.35292 47.93252 47.44848 47.04287 45.47331 41.16323 37.0457 38.8977 44.45805 48.31255 46.65801 37.7014 315.3794 101.6578 35.32106 45.01104 51.23908 52.57401 53.62791 54.3171 44.58742 36.20736 36.20736 36.20736 41.94225 50.49813 50.49968 50.49968 50.45199 43.10637 36.41522 36.0444 36.53663 37.93793 115.8138 159.684 168.5706 137.3781 79.33907 34.06659 30.94793 33.61987 41.43057 40.98068 37.28637 47.3637 48.23931 48.23931 48.23931 48.23931 47.92784 44.61906 45.806 45.60003 132.0889 290.8679 187.7466 68.77695 67.73405 43.87386
53.08522 53.40425 49.98533 50.46512 42.94946 41.65002 45.38947 48.27606 48.27606 48.27606 48.29274 58.42518 50.31202 57.00387 57.42127 57.42127 57.42128 42.15784 35.13874 35.4239 43.28196 47.27441 51.59536 51.59536 51.60469 51.51274 48.07428 41.16296 37.09241 38.0035 45.35141 48.31971 49.49279 50.49981 48.75885 39.60846 38.14447 36.57613 36.53641 56.90387 175.9936 182.2778 176.408 55.23022 34.52069 34.52069 34.52069 34.57544 41.01718 43.1397 43.21849 47.33691 48.35048 48.64402 48.92236 48.89641 46.74355 38.63552 29.4809 29.81578 28.50083 29.9663 44.91224 88.51574 90.46442 72.32937
73.77321 70.47911 57.23318 57.13353 54.1176 51.68215 51.32238 63.92564 70.0398 68.05801 68.83968 74.92604 70.72126 58.0372 57.08688 57.12212 56.47767 50.47337 39.01395 44.80698 50.60464 51.59537 51.59536 52.1545 57.04513 52.94944 49.58882 49.58882 49.08548 48.36427 41.56493 41.31911 42.16444 48.64553 50.69032 50.64094 48.21132 39.84575 35.66414 69.3597 176.4364 172.6282 167.0777 52.9624 36.10242 34.97369 36.18047 39.61019 43.06432 43.1397 43.1397 44.68096 50.83232 51.38622 51.41424 51.31018 48.69436 31.51457 28.97469 31.04718 36.43275 36.89016 62.4334 89.59911 90.9343 72.99354
74.10593 66.02275 57.18019 57.18019 57.18019 57.18019 72.93456 116.1061 116.1211 95.21256 74.92603 74.92604 75.19394 72.26439 55.921 54.46526 54.44718 54.44718 54.44719 50.44615 37.04098 43.77667 47.45142 62.63198 720.5533 255.8315 57.82167 49.70139 47.41071 40.1806 40.15185 41.31911 42.3325 55.46699 73.0599 63.034 52.40942 35.44551 35.44551 35.80281 42.64758 51.05179 80.2677 41.87007 39.48824 39.58872 41.6871 43.81923 78.44634 135.7002 160.3972 138.5858 51.41424 51.41424 51.41424 51.41424 57.96876 47.29253 41.25143 40.50908 40.50908 41.7613 62.19404 63.87859 90.04728 39.84654
544.8886 541.2857 84.45 54.63322 58.28785 96.19381 114.684 297.0932 494.3015 182.7853 78.85606 81.67098 85.39284 84.29402 73.53654 52.63945 52.38294 53.14478 53.01987 46.81767 37.06147 37.02921 37.02921 57.82549 688.2836 282.1106 63.29313 59.83161 41.3115 34.0662 36.4763 43.74768 53.73213 89.33435 100.4059 100.4059 89.73435 53.24963 35.44551 38.64282 42.09752 42.09752 42.0334 39.61721 39.48824 39.69499 46.41253 47.83115 142.8247 247.7975 247.7975 229.8754 143.3236 167.0307 108.3661 81.83182 94.02272 84.65794 55.4471 51.09173 38.63115 38.69439 39.51009 36.8251 36.08796 31.91351
215.2187 119.1285 35.00222 30.99155 33.38934 65.37678 85.80051 877.3191 1432.442 1114.614 240.5256 99.48681 88.40366 89.78864 86.38413 53.52626 49.19673 48.47738 48.47737 48.36076 41.44501 37.31065 38.70535 45.63485 45.76366 49.79382 56.25297 55.13297 49.07126 37.18024 41.12164 93.72338 100.0517 100.4059 100.4059 100.4059 100.4059 95.95779 77.98181 54.89084 43.21896 54.80712 83.54552 44.87025 45.33115 45.96389 47.83116 47.83115 122.1436 226.4403 247.7975 247.7975 247.7537 211.276 116.2772 96.79319 96.79319 96.79319 96.79319 56.16177 35.7097 35.7097 35.71067 35.42964 33.47015 32.21733
33.6585 35.45255 38.2474 39.97894 36.50969 34.89102 32.5789 875.8065 1432.442 1247.663 963.3692 262.502 133.5234 124.2475 65.49132 62.83494 62.0116 58.73269 53.50625 51.28377 50.4104 43.69073 40.62148 40.62148 40.62148 40.62148 42.40495 54.26613 54.41302 51.61597 63.58476 86.99431 89.81272 96.13347 98.67052 94.42477 93.59196 109.9079 149.1831 146.5648 138.5338 140.4242 160.8494 99.14522 67.0544 72.40315 72.07478 90.2365 99.36983 99.42814 125.7969 121.6103 82.09843 66.18451 69.17726 87.89614 88.91142 96.40843 96.7932 85.72675 42.92587 35.7097 35.7097 35.11069 33.78636 33.46354
43.07718 46.68713 57.94546 56.05637 47.24238 57.35855 58.73561 212.7615 706.9564 327.8343 110.0043 112.6789 115.7787 63.71443 62.96461 62.96461 62.91633 60.26555 57.42586 56.89816 58.44933 59.01764 45.61624 46.87756 47.05534 46.87527 43.67329 54.39283 55.79132 63.15046 89.52108 110.422 107.0071 88.13921 106.0167 131.2645 140.1098 149.1198 159.3716 154.5339 151.5286 159.4495 204.1504 190.2899 121.6187 79.14182 79.14182 79.70388 76.66113 79.48997 102.0136 116.7079 93.83923 65.37098 65.37098 63.72337 63.13568 62.33475 55.71866 72.79854 46.39042 38.30081 41.08066 38.99976 34.08953 33.75171
