Scenarios/Global_Grid/data/country_data_population_distribution/processed/density_grids/pol.asc
ncols 243
nrows 141
xllcorner 14
yllcorner 49
[rows 29 to 57 of 141, columns 0 to 65 of 243]
0 0 0 0 0 0 0 0 0 0 0 43.22861 38.80862 42.12553 53.97068 76.6674 161.0853 113.0092 26.17886 26.17886 26.17886 33.89429 53.83022 69.24231 85.58774 76.97966 30.23909 30.65609 30.06779 63.02539 75.81735 75.81735 75.61559 75.37405 71.57041 38.79313 20.70308 20.70308 20.70308 21.29481 41.11615 57.478 63.22992 63.22992 63.22992 63.22992 58.71595 50.44194 35.27164 21.8709 18.82156 18.18489 27.11539 35.20565 31.21284 38.10394 34.90739 35.96873 35.86859 31.66374 23.29137 23.20513 23.20513 23.20513 23.20513 23.12497
0 0 0 0 0 0 0 0 0 0 0 0 189.5533 189.5533 189.5533 189.5533 189.5533 189.5532 58.24324 56.27623 56.54941 82.33499 85.839 85.839 85.839 85.839 48.88331 30.7804 30.68619 48.00556 65.65459 58.41748 65.09874 43.78895 42.23159 35.6151 26.92438 28.80708 26.02718 23.76298 34.86201 45.54514 53.85756 62.35586 63.22992 63.02091 56.67958 50.78659 36.86196 18.18489 18.31944 18.18489 58.30857 85.14649 59.77628 65.81525 35.96873 35.96873 35.19692 26.37395 23.20513 23.20513 23.20513 23.20513 23.20513 23.20513
0 0 0 0 0 0 0 0 0 0 0 163.6252 237.9919 200.57 189.6753 189.5533 189.5533 189.5532 132.1453 86.19805 85.839 85.839 85.839 85.839 85.839 85.839 85.77708 55.42581 41.81738 38.07407 40.53799 42.60508 39.69315 38.86357 38.72535 38.72535 36.90813 31.73773 30.41921 30.41922 30.41922 30.41922 30.41921 40.38833 48.89396 52.29033 50.78659 50.78659 49.98716 46.82064 75.39818 52.86179 81.08567 68.99527 36.67269 35.96873 35.96874 35.96873 35.96874 34.34581 29.45862 27.18632 23.20746 23.20513 23.20514 23.20513
0 0 0 0 0 0 0 0 0 0 0 0 281.6363 284.1935 215.0382 189.5533 189.5533 574.3767 1435.339 869.8862 119.5247 85.83899 85.83899 85.83899 85.839 85.83899 74.82988 60.46804 43.5114 43.5114 43.51139 43.51139 43.5114 39.85492 38.09929 38.45861 37.91968 37.26576 31.86903 30.41922 30.41922 30.41277 29.74837 30.41655 32.02389 47.575 50.78659 50.7866 50.78659 50.78659 80.67705 92.33523 91.95852 89.93317 88.63589 45.97764 35.96873 35.96873 35.96873 35.96873 35.96873 35.43145 29.20319 23.20513 23.20513 23.20513
0 0 0 0 0 0 0 0 0 0 0 0 0 284.1015 419.8922 1401.853 1520.786 1611.809 1682.796 1682.796 117.3096 87.9875 85.83899 85.839 85.83899 83.92328 46.13198 43.55387 43.16297 42.03114 40.16777 40.45343 36.61525 35.09878 37.50515 37.74442 37.74441 37.74441 36.12881 28.78706 28.28912 26.16088 25.20923 27.508 34.34117 49.4443 50.78659 50.98977 52.98823 55.57946 77.78992 83.06446 20.47197 32.18922 51.72236 27.96139 21.90655 24.37006 28.17724 29.2918 35.86245 35.96873 35.14923 28.63403 27.82152 28.76948
0 0 0 0 0 0 0 0 0 0 0 0 0 280.0016 281.8197 1227.589 1682.796 1682.796 1682.796 1682.796 1516.008 662.8627 148.7923 76.49073 71.37028 54.50426 47.3815 45.21802 38.45822 33.63235 33.63235 33.63234 33.51991 33.71288 34.77545 37.48777 37.7307 37.74441 31.43914 25.15256 25.15068 25.15068 23.26776 25.73458 36.7135 44.3218 50.78659 50.78659 50.78659 51.4736 56.42604 77.64747 41.33633 18.28357 18.28357 18.28357 18.28357 18.28357 18.28357 18.28357 26.27863 30.90572 26.13491 34.19188 34.36153 34.36153
0 0 0 0 0 0 0 0 0 0 0 0 0 112.4534 151.4026 590.6132 1297.601 1678.752 1682.795 1682.796 1682.796 1341.775 827.988 50.73299 50.73299 49.66934 46.50252 45.21814 45.08356 43.72421 38.64035 33.46818 32.98151 32.46458 32.3952 33.0234 36.90041 38.78687 36.08728 29.76294 25.38265 25.81484 19.01213 15.51415 15.51415 15.74319 24.68288 26.46517 35.31202 33.69051 23.60001 17.39351 23.4989 19.31147 19.00821 18.87196 20.74818 21.29358 21.31548 22.28089 23.1396 23.16141 23.16141 29.09517 33.86535 34.36153
0 0 0 0 0 0 0 0 0 0 0 0 0 0 151.4026 151.4026 205.9935 1091.908 993.0199 497.396 736.0043 1232.94 667.3834 91.64797 50.73299 50.66625 47.90849 296.3209 912.1956 713.9464 51.36733 43.62525 42.97408 40.97348 41.87447 33.13141 37.11306 38.8208 38.8208 38.80547 38.52588 37.23467 18.69102 15.51415 15.51415 15.51415 15.51415 15.51415 15.51415 15.51415 15.51415 20.00315 27.09864 26.64692 27.09864 27.09864 27.09864 26.73736 24.34259 23.51622 23.16141 23.16141 23.16141 23.16141 23.88391 28.12573
0 0 0 0 0 0 0 0 0 0 0 0 0 0 145.7481 144.5447 156.4955 325.3242 86.23031 30.51095 26.37666 48.26254 138.2398 119.8798 38.46574 48.60589 75.62032 612.9051 1039.002 683.3013 45.21814 45.21814 45.03632 38.74525 36.85733 33.04788 34.20339 35.15417 37.86399 35.70977 33.30599 32.44204 25.98431 15.93974 15.56766 16.02151 15.89609 15.51415 15.51415 15.51415 15.51415 16.48117 20.82941 23.35078 27.07856 26.94231 26.65974 26.75781 26.79254 25.88974 23.52246 33.47831 242.0955 102.4466 23.36752 23.16141
0 0 0 0 0 0 0 0 0 0 0 0 0 0 75.64273 131.5621 137.3366 137.3367 137.1668 116.1111 47.62646 31.23202 27.47485 26.37666 26.61638 45.23744 309.0985 912.7359 65.58447 44.31798 39.08109 37.50476 36.76925 34.2216 34.46701 37.03909 34.37329 33.40165 33.45701 32.84359 32.43716 32.43716 32.41102 30.45144 17.85905 16.73168 16.5507 15.63366 15.51415 15.51415 15.51415 15.51415 16.98072 20.45406 21.7307 22.86796 21.6883 21.64363 22.57207 23.16141 23.16141 152.4313 649.5657 636.7224 272.9237 23.16141
0 0 0 0 0 0 0 0 0 0 0 0 0 0 48.97127 122.1727 137.3366 137.3367 137.3366 137.3176 90.10909 39.39637 40.39257 69.4764 96.11385 65.95449 47.7664 46.10748 45.64814 41.00545 34.63079 34.63079 34.63079 34.63079 71.04739 93.36005 92.91879 90.50285 75.53154 37.77459 32.43716 33.35227 36.278 32.43716 27.27432 16.73168 16.73167 16.379 15.82602 15.89415 15.75834 15.77784 19.49735 21.59492 21.59492 21.59492 21.59492 21.59492 22.81971 23.16141 24.33315 68.07503 154.1951 23.16141 24.10376 29.42684
0 0 0 0 0 0 0 0 0 0 0 0 0 27.63902 60.48869 89.06834 125.5799 105.1572 106.857 136.9621 93.74726 36.76955 37.29123 87.57776 101.2137 101.2137 100.4028 64.7122 45.12723 35.67402 34.78522 34.7619 34.66996 34.63079 41.26699 40.42492 68.94959 93.36004 93.36005 89.99238 69.65407 77.68988 73.9334 23.17238 19.03767 16.73167 16.73167 16.73168 16.73168 16.63837 16.72907 16.91191 20.26169 21.59492 21.59492 21.59492 21.59492 21.59492 21.83529 23.16141 23.16141 23.16141 23.16141 23.48432 31.15952 37.03109
0 0 0 0 0 0 0 0 0 0 0 0 0 29.54387 27.33628 27.33628 49.50051 43.9641 37.67305 51.6851 33.55529 31.8241 30.92319 54.86376 91.0937 101.2137 101.2137 101.2137 89.97322 35.21316 35.21316 35.16832 34.91883 34.63266 34.63079 37.83199 89.91682 93.36005 93.36004 93.29123 86.17568 91.66163 81.76734 69.94032 17.65033 16.77184 16.73602 17.2853 16.73167 16.73167 16.73167 15.4789 14.97069 15.55564 16.62787 16.60221 17.20165 18.17879 16.33321 17.79088 21.46038 33.99757 34.02163 36.6244 38.41561 37.03109
0 0 0 0 0 0 0 0 0 0 0 0 0 31.37162 27.33628 27.33628 27.59151 29.48179 33.01238 33.01238 33.01238 31.80528 27.42216 27.42216 71.05366 101.2137 101.0446 90.49868 56.23946 35.21316 35.21316 35.21316 35.19225 36.20592 38.21108 41.43709 56.21271 75.07267 39.69162 36.26196 28.15127 28.70015 22.7019 21.20347 20.76042 20.71533 20.43662 20.946 19.71542 19.72599 19.33718 17.28973 14.96826 14.96826 14.96826 14.96826 14.96826 14.96826 14.96826 14.96826 37.51913 69.03727 67.86723 62.46314 68.49666 64.55527
0 0 0 0 0 0 0 0 0 0 0 0 76.79285 28.19277 32.38907 28.54445 27.33628 32.36393 33.87098 33.01238 33.01238 32.41991 27.5728 29.8385 68.60461 87.0358 80.33147 70.62537 60.37922 52.69455 35.21316 41.22426 70.25201 46.19667 41.4603 41.4603 41.4603 37.51186 28.65614 28.04708 28.04708 26.35137 21.07364 21.0512 21.0512 21.0512 21.04159 20.47138 20.04583 20.04583 20.04583 17.80903 14.96826 14.96826 14.96826 14.96826 14.96826 15.24897 16.92293 22.87515 55.67854 69.03727 69.03727 69.03727 69.03726 69.03727
0 0 0 0 0 0 0 0 0 0 0 58.4699 42.87442 41.58046 43.00005 42.53705 36.81807 41.58923 37.36599 33.01912 35.43361 55.13408 50.34342 46.84701 64.67953 65.54148 70.47271 70.54459 71.16459 78.13525 74.71398 72.9939 78.85946 73.23682 53.08075 41.4603 41.4603 41.4603 35.81078 28.04775 30.47151 27.46549 21.0512 21.0512 21.0512 21.0512 20.64042 20.04583 20.04583 20.04583 22.33234 49.26753 44.7383 33.40689 26.11621 21.50752 26.74956 29.27526 45.04514 66.05035 69.03726 69.03727 69.03726 69.03727 69.03727 63.93253
0 0 0 0 0 0 0 0 28.06221 49.04009 41.50672 43.00006 43.00005 43.00005 43.00005 43.00005 42.80746 41.02447 35.11353 33.88185 36.12928 63.71878 64.89861 64.89861 64.89861 64.91874 66.66535 67.69292 66.70145 70.18454 63.28312 78.85946 78.85946 78.85946 75.6934 42.04934 41.4603 45.34781 49.86744 50.95525 54.73313 50.0379 35.51374 20.47147 20.15719 20.29082 20.09047 20.04583 20.04583 20.04583 23.15031 50.69629 51.28931 51.28931 40.71442 30.06301 30.06301 32.28678 53.49807 69.03727 67.63762 68.11579 68.19285 51.6936 47.32473 37.47786
0 0 0 0 0 0 0 31.56028 26.19452 26.19451 28.24334 41.77898 43.00005 43.00006 43.00006 43.00006 39.76664 35.34122 34.06113 34.06113 36.35228 48.00013 63.20286 64.89861 64.89861 64.89861 63.04296 35.91158 32.04174 25.01539 49.25191 74.96397 78.85946 78.85946 76.50323 55.46042 50.0086 54.64738 54.74374 54.74374 54.74374 54.74374 54.53851 31.08064 20.04715 20.04583 20.04583 20.04583 20.04583 20.14981 32.51586 48.69462 51.28931 51.26935 44.04367 30.55867 30.06301 30.06301 46.08348 45.95172 33.26918 35.61755 37.3647 33.21515 32.69941 52.1247
0 0 0 0 0 0 0 0 26.19452 26.19452 26.20549 35.72115 39.94395 39.23375 39.1269 39.59451 42.7932 36.25957 34.06113 34.31113 52.23003 64.89861 65.06617 64.9229 64.89861 64.078 62.12322 44.16223 24.6253 24.6253 24.99806 44.50494 75.02267 78.7266 72.56543 59.04239 47.06918 51.5489 53.34708 54.74374 54.74375 54.74374 54.74375 55.03565 44.79712 34.58075 37.22082 39.30116 40.45907 44.37937 45.69801 48.95573 51.28931 51.28931 38.68422 30.06301 30.06301 30.06301 30.06301 30.06301 31.08207 32.20127 32.69941 32.69941 203.4152 560.1221
0 0 0 0 0 0 0 37.50331 26.19452 26.19452 26.48387 33.10907 37.08418 37.08418 37.08418 35.65369 36.95344 33.90484 33.11825 42.3339 65.37038 66.63924 67.08828 66.44953 64.32793 52.4612 36.99233 31.85466 30.33987 26.5724 26.97283 31.64717 41.85847 45.54782 42.24924 42.24924 42.24924 42.27596 48.56997 54.74374 54.61709 51.34206 53.09274 59.58753 59.64766 57.08315 48.66598 45.69801 45.698 45.40014 44.19128 42.77822 42.90333 41.06391 34.29455 30.063 30.06301 30.06301 30.06301 30.06301 30.06301 38.03713 42.30097 44.59005 46.42908 47.22135
0 0 0 0 0 0 0 0 0 26.03147 28.93729 31.31485 33.52686 35.34549 35.58276 34.0344 31.25209 31.25209 38.20124 61.07654 67.15488 67.15488 67.15488 67.15488 52.58916 35.84737 35.83364 35.83364 35.83365 36.34449 40.96019 42.24924 42.24924 42.24924 42.24924 42.24924 44.78195 47.57327 52.40792 50.42732 45.38593 43.72962 43.85401 50.64448 57.26508 54.29226 45.93412 45.69801 45.698 43.37424 38.59924 37.64533 37.64533 37.64532 35.96777 31.13746 31.3338 30.88232 30.06301 30.063 30.06301 41.97702 47.92316 47.92316 47.92316 47.63428
0 0 0 0 0 0 0 0 0 0 0 28.3428 31.16806 31.25209 31.25209 31.25209 31.25209 30.32915 38.58128 64.95486 67.15488 67.15488 67.15488 58.80379 42.69394 42.91623 36.68011 36.1442 35.83364 37.88155 36.29286 124.4757 253.6052 848.6915 647.4381 47.06337 51.25793 51.62477 50.07579 45.06342 45.84718 46.62081 44.61145 45.01502 45.95109 45.698 45.698 45.698 45.69801 45.698 41.84877 37.83325 37.64533 39.10006 48.09697 59.98556 63.78907 63.71316 52.86406 48.77468 37.62176 48.69881 51.24971 47.61034 46.92958 46.04467
0 0 0 0 0 0 0 0 0 0 0 0 0 30.83819 31.25209 30.46081 24.99711 21.3948 27.90387 61.11044 67.15488 67.15488 67.15488 50.59496 47.89106 47.84715 47.40206 46.57594 49.5905 61.54528 63.3052 1239.049 1420.135 1608.619 1436.925 295.4159 52.29606 52.42784 51.69616 51.62477 51.62477 51.6194 47.23205 45.698 45.6885 45.49517 45.66005 45.04395 44.8963 40.18077 42.30544 45.8772 46.23114 53.25323 63.79152 63.79152 63.79151 63.79152 63.79152 63.79152 63.79152 63.79152 59.62034 41.33957 53.73946 46.36947
0 0 0 0 0 0 0 0 0 0 0 0 0 0 29.30172 21.03227 20.75528 20.75528 26.79658 48.33659 65.91691 67.15488 61.47093 47.91986 47.89138 47.89138 47.89138 47.89138 58.26835 68.46818 68.63299 71.00484 177.0583 749.767 836.1322 209.362 53.07 48.70654 45.40347 45.56984 46.21175 45.77434 43.78791 43.96014 43.75095 43.62135 43.77586 21.29751 12.10187 11.75981 24.60125 46.3022 46.3022 46.58851 50.52071 54.37326 58.03855 63.15849 63.79152 63.79152 63.79152 63.25376 55.93263 41.27597 184.6438 62.52841
0 0 0 0 0 0 0 0 0 0 0 0 0 0 0 0 19.39627 20.64226 180.5939 331.3649 66.3205 60.79035 47.89737 47.89138 47.89138 47.89138 47.82582 43.195 42.2387 63.65333 67.66022 47.54425 45.15387 53.07 53.07 53.07 52.49226 45.88953 43.62135 43.62135 43.62135 43.62135 43.62135 43.40404 42.64811 41.06485 33.76538 12.4227 11.75981 11.75981 11.97447 25.57074 46.23785 46.3022 46.3022 46.17 45.45256 45.7132 54.44358 59.19068 65.66225 61.29573 59.2271 55.28378 56.16908 127.6916
0 0 0 0 0 0 0 0 0 0 0 0 0 0 0 0 0 0 223.6176 465.7335 262.9247 53.57174 39.96329 37.21345 33.43814 34.18024 30.20221 25.41552 25.28184 28.26237 30.42806 25.28184 27.237 50.00928 49.44463 47.80727 46.36909 45.14264 43.22246 43.62135 43.62081 35.14755 32.17851 31.32971 30.70299 30.64957 30.33759 18.49126 11.80443 11.75981 11.75981 23.28045 41.73774 46.30153 46.30175 46.21611 44.97551 44.78146 62.6912 74.4543 79.92173 78.43406 66.76271 70.89465 153.682 172.6843
0 0 0 0 0 0 0 0 0 0 0 0 0 0 0 0 0 0 0 79.62267 30.70996 30.87561 30.88678 30.92966 30.93153 30.93153 30.33861 25.44308 25.28184 25.28184 25.28184 25.32759 25.50732 25.51692 25.51765 22.12498 19.97218 19.97218 20.17606 28.68822 32.32375 29.72383 30.64957 30.64957 30.64957 30.5854 28.4101 27.40041 13.93167 11.75981 11.75981 16.76157 42.57257 46.29965 46.29966 46.29905 46.03183 49.18473 69.06184 83.5382 92.3831 148.4721 168.1347 162.4016 139.2334 148.6783
0 0 0 0 0 0 0 0 0 0 0 0 0 0 0 0 0 0 0 30.13112 30.19314 30.19314 30.19314 30.96158 32.22768 32.78606 32.55787 33.08844 39.32683 39.98779 41.13447 35.69246 25.51765 25.51765 23.59623 19.97375 19.97218 19.97218 19.97218 20.88656 20.82242 58.13075 74.72971 47.00225 27.04597 27.17974 25.54086 25.54086 18.48391 11.81993 11.75981 11.75981 25.12067 46.68781 47.99745 46.73106 51.74157 68.82082 83.59246 83.59246 82.56624 78.2218 96.41808 69.98816 68.19968 68.19969
0 0 0 0 0 0 0 0 0 0 0 0 0 0 0 0 0 0 0 30.08689 30.19314 30.24446 32.33334 34.33871 34.74539 34.74539 34.74539 41.00598 51.60535 51.60535 51.60535 51.13895 30.84806 25.75606 24.38589 20.87533 19.97218 20.08255 35.59458 80.8007 81.49583 82.70998 82.70997 79.72643 40.02617 25.54085 25.54085 25.54086 25.4489 37.58494 45.63111 11.75981 30.77371 51.17556 52.05915 50.74674 54.33543 64.36193 72.8569 76.4091 61.13177 57.14335 57.14378 65.79964 68.12367 68.19968
