Scenarios/Global_Grid/data/country_data_population_distribution/processed/density_grids/sau.asc
ncols 520
nrows 390
xllcorner 34
yllcorner 16
[rows 132 to 164 of 390, columns 74 to 147 of 520]
4.727834 4.663765 3.153416 2.953793 2.953793 2.953793 2.953793 2.953793 2.953793 2.953793 2.953793 2.953793 2.953793 2.953793 2.953793 2.953793 2.953793 2.953793 2.953793 2.953793 2.953793 2.953793 2.953793 2.953793 2.953793 2.953793 2.953793 2.953793 2.953793 2.953793 2.953793 2.953793 2.953793 2.953793 2.953793 2.953793 2.953793 2.953793 2.953793 2.953793 2.953793 2.953793 2.953793 2.953793 2.953793 2.953793 2.953793 2.953793 2.953793 2.953793 2.880641 1.910116 1.233821 1.232232 1.232232 1.232232 1.232232 1.232232 1.232232 1.232232 1.232232 1.232232 1.232232 1.232232 1.328587 1.680771 2.140034 2.412067 1.615787 1.232232 1.439407 8.784431 9.361403 9.361403
4.727834 4.727834 4.339226 3.070971 2.953793 2.953793 2.953793 2.953793 2.953793 2.953793 2.953793 2.953793 2.953793 2.953793 2.953793 2.953793 2.953793 2.953793 2.953793 2.953793 2.953793 2.953793 2.953793 2.953793 2.953793 2.953793 2.953793 2.953793 2.953793 2.953793 2.953793 2.953793 2.953793 2.953793 2.953793 2.953793 2.953793 2.953793 2.953793 2.953793 2.953793 2.953793 2.953793 2.953793 2.953793 2.953793 2.953793 2.953793 2.953793 2.953793 2.953793 2.953793 2.511944 1.506493 1.232232 1.232232 1.232232 1.266953 1.522215 1.780364 2.083805 2.409826 2.713727 3.066019 3.360223 3.374044 3.374044 3.374044 3.27666 1.554013 5.471766 9.361404 9.361403 9.361403
4.727834 4.727834 4.727834 4.575649 3.994709 3.585875 3.178579 2.953793 2.953793 2.953793 2.953793 2.953793 2.953793 2.953793 2.953793 2.953793 2.953793 2.953793 2.953793 2.953793 2.953793 2.953793 2.953793 2.953793 2.953793 2.953793 2.953793 2.953793 2.953793 2.953793 2.953793 2.953793 2.953793 2.953793 2.953793 2.953793 2.953793 2.953793 2.953793 2.953793 2.953793 2.953793 2.953793 2.953793 2.953793 2.953793 2.953793 2.953793 2.953793 2.953793 2.953793 2.973408 3.329317 3.371576 3.258172 3.183164 3.191417 3.336279 3.374044 3.374044 3.374044 3.374044 3.374044 3.374044 3.374044 3.374044 3.374044 3.374044 3.374044 4.3402 9.361404 9.361404 9.361404 9.361403
4.727834 4.727834 4.727834 4.727834 4.727834 4.727834 4.727195 4.37152 3.153414 2.953793 2.953793 2.953793 2.953793 2.953793 2.953793 2.953793 2.953793 2.953793 2.953793 2.953793 2.953793 2.953793 2.953793 2.953793 2.953793 2.953793 2.953793 2.953793 2.953793 2.953793 2.953793 2.953793 2.953793 2.953793 2.953793 2.953793 2.953793 2.953793 2.953793 2.953793 2.953793 2.953793 2.953793 2.953793 2.953793 2.953793 2.953793 2.953793 2.953793 2.953793 2.953793 3.200785 3.374044 3.374044 3.374044 3.374044 3.374044 3.374044 3.374044 3.374044 3.374044 3.374044 3.374044 3.374044 3.374044 3.374044 3.374044 3.374044 3.374044 3.375978 8.644317 9.361403 9.361403 9.361403
4.727834 4.727834 4.727834 4.727834 4.727834 4.727834 4.727834 4.727834 3.738013 2.953793 2.953793 2.953793 2.953793 2.953793 2.953793 2.953793 2.953793 2.953793 2.953793 2.953793 2.953793 2.953793 2.953793 2.953793 2.953793 2.953793 2.953793 2.953793 2.953793 2.953793 2.953793 2.953793 2.953793 2.953793 2.953793 2.953793 2.953793 2.953793 2.953793 2.953793 2.953793 2.953793 2.953793 2.953793 2.953793 2.953793 2.953793 2.953793 2.953793 2.953793 3.147575 3.37241 3.374044 3.374044 3.374044 3.374044 3.374044 3.374044 3.374044 3.374044 3.374044 3.374044 3.374044 3.374044 3.374044 3.374044 3.374044 3.374044 3.374044 3.374044 8.041101 9.361403 9.361403 9.361403
4.727834 4.727834 4.727834 4.727834 4.727834 4.727834 4.727834 4.724897 3.391886 2.953793 2.953793 2.953793 2.953793 2.953793 2.953793 2.953793 2.953793 2.953793 2.953793 2.953793 2.953793 2.953793 2.953793 2.953793 2.953793 2.953793 2.953793 2.953793 2.953793 2.953793 2.953793 2.953793 2.953793 2.953793 2.953793 2.953793 2.953793 2.953793 2.953793 2.953793 2.953793 2.953793 2.953793 2.953793 2.953793 2.953793 2.953793 2.953793 2.953793 2.953793 3.211373 3.374044 3.374044 3.374044 3.374044 3.374044 3.374044 3.374044 3.374044 3.374044 3.374044 3.374044 3.374044 3.374044 3.374044 3.374044 3.374044 3.374044 3.374044 3.539476 8.978464 9.361404 9.361404 9.361404
4.727834 4.727834 4.727834 4.727834 4.727834 4.727834 4.727834 3.982668 2.953793 2.953793 2.953793 2.953793 2.953793 2.953793 2.953793 2.953793 2.953793 2.953793 2.953793 2.953793 2.953793 2.953793 2.953793 2.953793 2.953793 2.953793 2.953793 2.953793 2.953793 2.953793 2.953793 2.953793 2.953793 2.953793 2.953793 2.953793 2.953793 2.953793 2.953793 2.953793 2.953793 2.953793 2.953793 2.953793 2.953793 2.953793 2.953793 2.953793 2.953793 2.953793 3.231376 3.374044 3.374044 3.374044 3.374044 3.374044 3.374044 3.374044 3.374044 3.374044 3.374044 3.374044 3.374044 3.374044 3.374044 3.374044 3.374044 3.374044 3.374044 5.802557 9.361404 9.361404 9.361404 9.361403
4.727834 4.727834 4.727834 4.727834 4.727834 4.727834 4.451668 3.011169 2.953793 2.953793 2.953793 2.953793 2.953793 2.953793 2.953793 2.953793 2.953793 2.953793 2.953793 2.953793 2.953793 2.953793 2.953793 2.953793 2.953793 2.953793 2.953793 2.953793 2.953793 2.953793 2.953793 2.953793 2.953793 2.953793 2.953793 2.953793 2.953793 2.953793 2.953793 2.953793 2.953793 2.953793 2.953793 2.953793 2.953793 2.953793 2.953793 2.953793 2.953793 2.953793 3.110394 3.374044 3.374044 3.374044 3.374044 3.374044 3.374044 3.374044 3.374044 3.374044 3.374044 3.374044 3.374044 3.374044 3.374044 3.374044 3.374044 3.374044 4.576589 9.182458 9.361403 9.361403 9.361403 9.361403
4.727834 4.727834 4.727834 4.727834 4.727834 4.727834 3.511096 2.953793 2.953793 2.953793 2.953793 2.953793 2.953793 2.953793 2.953793 2.953793 2.953793 2.953793 2.953793 2.953793 2.953793 2.953793 2.953793 2.953793 2.953793 2.953793 2.953793 2.953793 2.953793 2.953793 2.953793 2.953793 2.953793 2.953793 2.953793 2.953793 2.953793 2.953793 2.953793 2.953793 2.953793 2.953793 2.953793 2.953793 2.953793 2.953793 2.953793 2.953793 2.953793 2.953793 2.974372 3.270558 3.374044 3.374044 3.374044 3.374044 3.374044 3.374044 3.374044 3.374044 3.374044 3.374044 3.374044 3.374044 3.374044 3.374044 3.374044 3.374044 6.196636 9.361403 9.361404 9.361404 9.361404 9.361403
4.727834 4.727834 4.727834 4.727834 4.727834 4.712954 2.992031 2.953793 2.953793 2.953793 2.953793 2.953793 2.953793 2.953793 2.953793 2.953793 2.953793 2.953793 2.953793 2.953793 2.953793 2.953793 2.953793 2.953793 2.953793 2.953793 2.953793 2.953793 2.953793 2.953793 2.953793 2.953793 2.953793 2.953793 2.953793 2.953793 2.953793 2.953793 2.953793 2.953793 2.953793 2.953793 2.953793 2.953793 2.953793 2.953793 2.953793 2.953793 2.953793 2.953793 2.953793 3.096008 3.352566 3.374044 3.374044 3.374044 3.374044 3.374044 3.374044 3.374044 3.374044 3.374044 3.374044 3.374044 3.374044 3.374044 3.374044 3.374044 3.849702 7.872025 8.91491 7.163562 6.702074 9.361403
4.727834 4.727834 4.727834 4.727834 4.727834 4.706912 3.026186 2.953793 2.953793 2.953793 2.953793 2.953793 2.953793 2.953793 2.953793 2.953793 2.953793 2.953793 2.953793 2.953793 2.953793 2.953793 2.953793 2.953793 2.953793 2.953793 2.953793 2.953793 2.953793 2.953793 2.953793 2.953793 2.953793 2.953793 2.953793 2.953793 2.953793 2.953793 2.953793 2.953793 2.953793 2.953793 2.953793 2.953793 2.953793 2.953793 2.953793 2.953793 2.953793 2.953793 2.953793 3.200596 3.373774 3.374044 3.374044 3.374044 3.374044 3.374044 3.374044 3.374044 3.374044 3.374044 3.374044 3.374044 3.374044 3.374044 3.374044 3.374044 3.374044 3.374044 3.374044 3.374044 3.400795 9.086626
4.727834 4.727834 4.727834 4.727834 4.727834 4.727834 3.811971 2.953793 2.953793 2.953793 2.953793 2.953793 2.953793 2.953793 2.953793 2.953793 2.953793 2.953793 2.953793 2.953793 2.953793 2.953793 2.953793 2.953793 2.953793 2.953793 2.953793 2.953793 2.953793 2.953793 2.953793 2.953793 2.953793 2.953793 2.953793 2.953793 2.953793 2.953793 2.953793 2.953793 2.953793 2.953793 2.953793 2.953793 2.953793 2.953793 2.953793 2.953793 2.953793 2.953793 3.008352 3.33827 3.374044 3.374044 3.374044 3.374044 3.374044 3.374044 3.374044 3.374044 3.374044 3.374044 3.374044 3.374044 3.374044 3.374044 3.374044 3.374044 3.374044 3.374044 3.374044 3.374044 3.375353 5.393229
4.727834 4.727834 4.727834 4.727834 4.727834 4.727834 4.687116 3.223233 2.953793 2.953793 2.953793 2.953793 2.953793 2.953793 2.953793 2.953793 2.953793 2.953793 2.953793 2.953793 2.953793 2.953793 2.953793 2.953793 2.953793 2.953793 2.953793 2.953793 2.953793 2.953793 2.953793 2.953793 2.953793 2.953793 2.953793 2.953793 2.953793 2.953793 2.953793 2.953793 2.953793 2.953793 2.953793 2.953793 2.953793 2.953793 2.953793 2.969656 3.154923 3.202729 3.343449 3.374044 3.374044 3.374044 3.374044 3.374044 3.374044 3.374044 3.374044 3.374044 3.374044 3.374044 3.374044 3.374044 3.374044 3.374044 3.374044 3.374044 3.374044 3.374044 3.374044 3.374044 3.49383 4.741014
4.727834 4.727833 4.727834 4.727834 4.727834 4.727833 4.727834 4.063887 2.953793 2.953793 2.953793 2.953793 2.953793 2.953793 2.953793 2.953793 2.953793 2.953793 2.953793 2.953793 2.953793 2.953793 2.953793 2.953793 2.953793 2.953793 2.953793 2.953793 2.953793 2.953793 2.953793 2.953793 2.953793 2.953793 2.953793 2.953793 2.953793 2.953793 2.953793 2.953793 2.953793 2.953793 2.953793 2.961594 2.968614 2.953793 3.016051 3.281523 3.374044 3.374044 3.374044 3.374044 3.374044 3.374044 3.374044 3.374044 3.374044 3.374044 3.374044 3.374044 3.374044 3.374044 3.374044 3.374044 3.374044 3.374044 3.374044 3.374044 3.374044 3.374044 3.374044 3.374044 3.721677 4.741014
4.727834 4.727834 4.727834 4.727834 4.727834 4.727834 4.727834 4.637769 3.001095 2.953793 2.953793 2.953793 2.953793 2.953793 2.953793 2.953793 2.953793 2.953793 2.953793 2.953793 2.953794 2.953793 2.953793 2.953793 2.953793 2.953793 2.953793 2.953793 2.953793 2.953793 2.953793 2.953793 2.953794 2.953793 2.953793 2.953793 2.953793 2.953793 2.953793 2.953793 2.953793 2.953793 3.100412 3.321162 3.366453 3.340754 3.372226 3.374044 3.374044 3.374044 3.374044 3.374044 3.374044 3.374044 3.374044 3.374044 3.374044 3.374044 3.374044 3.374044 3.374044 3.374044 3.374044 3.374044 3.374044 3.374044 3.374044 3.374044 3.374044 3.374044 3.374044 3.374044 3.97599 4.741014
4.727834 4.727834 4.727834 4.727834 4.727834 4.727834 4.727834 4.727834 3.345889 3.729773 4.468769 3.598129 2.956983 2.953793 2.953793 2.953793 2.953793 2.953793 2.953793 2.953793 2.953793 2.953793 2.953793 2.953793 2.953793 2.953793 2.953793 2.953793 2.953793 2.953793 2.953793 2.953793 2.953793 2.953793 2.953793 2.953793 2.953793 2.953793 2.953793 3.101506 3.268017 3.28587 3.373979 3.374044 3.374044 3.374044 3.374044 3.374044 3.374044 3.374044 3.374044 3.374044 3.374044 3.374044 3.374044 3.374044 3.374044 3.374044 3.374044 3.374044 3.374044 3.374044 3.374044 3.374044 3.374044 3.374044 3.374044 3.374044 3.374044 3.374044 3.374044 3.374044 4.257499 4.741014
4.727834 4.727834 4.727834 4.727834 4.727834 4.727834 4.727834 4.727834 4.396456 4.720242 4.727834 4.727834 4.282273 3.414538 2.953928 2.953793 2.953793 2.953793 2.953793 2.953793 2.953793 2.953793 2.953793 2.953793 2.953793 2.953793 2.953793 2.953793 2.953793 2.953793 2.953793 2.953793 2.953793 2.953793 2.953793 2.953793 2.953793 2.953793 2.953793 3.012665 3.145635 3.34028 3.374044 3.374044 3.374044 3.374044 3.374044 3.374044 3.374044 3.374044 3.374044 3.374044 3.374044 3.374044 3.374044 3.374044 3.374044 3.374044 3.374044 3.374044 3.374044 3.374044 3.374044 3.374044 3.374044 3.374044 3.374044 3.374044 3.374044 3.374044 3.374044 3.374044 4.552683 4.741014
4.727834 4.727834 4.727834 4.727834 4.727833 4.727834 4.727833 4.727834 4.727834 4.727833 4.727834 4.727834 4.727834 4.727834 4.341654 3.384694 2.953793 2.953793 2.953793 2.953793 2.953793 2.953793 2.953793 2.953793 2.953793 2.953793 2.953793 2.953793 2.953793 2.953793 2.953793 2.953793 2.953793 2.953793 2.953793 2.953793 2.953793 2.953793 2.953793 3.073324 3.335307 3.37331 3.374044 3.374044 3.374044 3.374044 3.374044 3.374044 3.374044 3.374044 3.374044 3.374044 3.374044 3.374043 3.374044 3.374044 3.374044 3.374044 3.374044 3.374044 3.374044 3.374044 3.374044 3.374044 3.374044 3.374044 3.374044 3.374044 3.374044 3.374044 3.374044 3.45411 4.73527 4.741014
4.727834 4.727834 4.727834 4.727834 4.727834 4.727834 4.727834 4.727834 4.727834 4.727834 4.727834 4.727834 4.727834 4.727834 4.727834 4.456692 2.953793 2.953793 2.953793 2.953793 2.953793 2.953793 2.953793 2.953793 2.953793 2.953793 2.953793 2.953793 2.953793 2.953793 2.953793 2.953793 2.953793 2.953793 2.953793 2.953793 2.953793 2.953793 2.953793 2.981676 3.151774 3.334714 3.374044 3.374044 3.374044 3.374044 3.374044 3.374044 3.374044 3.374044 3.374044 3.374044 3.374044 3.374044 3.374044 3.374044 3.374044 3.374044 3.374044 3.374044 3.374044 3.374044 3.374044 3.374044 3.374044 3.374044 3.374044 3.374044 3.374044 3.374044 3.374044 3.70576 4.741015 4.741015
4.727834 4.727834 4.727834 4.727834 4.727834 4.727834 4.727834 4.727834 4.727834 4.727834 4.727834 4.727834 4.727834 4.727834 4.727834 4.723946 3.171405 2.953793 2.953793 2.953793 2.953793 2.953793 2.953793 2.953793 2.953793 2.953793 2.953793 2.953793 2.953793 2.953793 2.953793 2.953793 2.953793 2.953793 2.953793 2.953793 2.953793 2.953793 2.953793 2.953793 2.953793 2.976951 3.23481 3.374044 3.374044 3.374044 3.374044 3.374044 3.374044 3.374044 3.374044 3.374044 3.374044 3.374044 3.374044 3.374044 3.374044 3.374044 3.374044 3.374044 3.374044 3.374044 3.374044 3.374044 3.374044 3.374044 3.374044 3.374044 3.374044 3.374044 3.374044 3.923902 4.741014 4.741014
4.727834 4.727834 4.727834 4.727834 4.727834 4.727834 4.727834 4.727834 4.727834 4.727834 4.727834 4.727834 4.727834 4.727834 4.727834 4.727834 4.130174 2.976344 2.953793 2.953793 2.953793 2.953793 2.953793 2.953793 2.953793 2.953793 2.953793 2.953793 2.953793 2.953793 2.953793 2.953793 2.953793 2.953793 2.953793 2.953793 2.953793 2.953793 2.953793 2.953793 2.953793 2.953793 2.960229 3.093841 3.1591 3.183129 3.147905 3.114172 3.115391 3.133532 3.178059 3.360455 3.374044 3.374044 3.374044 3.374044 3.374044 3.374044 3.374044 3.374044 3.374044 3.374044 3.374044 3.374044 3.374044 3.374044 3.374044 3.374044 3.374044 3.374044 3.374044 3.715341 4.741014 4.741014
7.038323 6.981459 6.854891 4.936052 4.727834 4.727834 4.727834 4.727834 4.727834 4.727834 4.727834 4.727834 4.727834 4.727834 4.727834 4.727834 4.727834 4.350877 3.274875 2.953793 2.953793 2.953793 2.953793 2.953793 2.953793 2.953793 2.953793 2.953793 2.953793 2.953793 2.953793 2.953793 2.953793 2.953793 2.953793 2.953793 2.953793 2.953793 2.953793 2.953793 2.953793 2.953793 2.953793 2.953793 2.953793 2.953793 2.953793 2.953793 2.953793 2.953793 2.953793 3.108009 3.374044 3.374044 3.374044 3.374044 3.374044 3.374044 3.374044 3.374044 3.374044 3.374044 3.374044 3.374044 3.374044 3.374044 3.374044 3.374044 3.374044 3.374044 3.374044 3.381176 4.543463 4.741014
7.663425 7.663425 7.663425 7.657355 5.800397 4.99823 4.727834 4.727834 4.727834 4.727834 4.727834 4.727834 4.727834 4.727834 4.727834 4.727834 4.727834 4.727834 4.680871 3.677649 2.953793 2.953793 2.953793 2.953793 2.953793 2.953793 2.953793 2.953793 2.953793 2.953793 2.953793 2.953793 2.953793 2.953793 2.953793 2.953793 2.953793 2.953793 2.953793 2.953793 2.953793 2.953793 2.953793 2.953793 2.953793 2.953793 2.953793 2.953793 2.953793 2.953793 2.953793 3.179063 3.374044 3.374044 3.374044 3.374044 3.374044 3.374044 3.374044 3.374044 3.374044 3.374044 3.374044 3.374044 3.374044 3.374044 3.374044 3.374044 3.374044 3.374043 3.374044 3.374044 4.141151 4.741014
7.663426 7.663425 7.663425 7.663425 7.663425 7.501822 6.365326 5.818801 5.76042 5.116844 5.4673 6.805784 5.726587 4.727834 4.727834 4.727834 4.727834 4.754211 4.727834 4.727829 3.812325 2.953793 2.953793 2.953793 2.953793 2.953793 2.953793 2.953793 2.953793 2.953793 2.953793 2.953793 2.953793 2.953793 2.953793 2.953793 2.953793 2.953793 2.953793 2.953793 2.953793 2.953793 2.953793 2.953793 2.953793 2.953793 2.953793 2.953793 3.00471 3.11305 3.223623 3.372897 3.374044 3.374044 3.374044 3.374044 3.374044 3.374044 3.374044 3.374044 3.374044 3.374044 3.374044 3.374044 3.374044 3.374044 3.374044 3.374044 3.374044 3.374044 3.374044 3.374044 3.799927 4.741014
7.663425 7.663426 7.663425 7.663426 7.663426 7.663426 7.663425 7.663425 7.663425 7.556154 7.462209 7.663425 7.583924 5.775657 4.72859 4.727834 5.010878 6.928575 6.254672 6.035725 5.066592 3.23872 2.953793 2.953793 2.953793 2.953793 2.953793 2.953793 2.953793 2.953793 2.953793 2.953793 2.953793 2.953793 2.953793 2.953793 2.953793 2.953793 2.953793 2.953793 2.953793 2.953793 2.953793 2.953793 2.953793 2.953793 2.953793 2.960814 3.352203 3.374044 3.374044 3.374044 3.374044 3.374044 3.374044 3.374044 3.374044 3.374044 3.374044 3.374044 3.374044 3.374044 3.374044 3.374044 3.374044 3.374044 3.374044 3.374044 3.374044 3.374044 3.374044 3.374044 3.545963 4.741015
7.663425 7.663425 7.663425 7.663425 7.663425 7.663425 7.663425 7.663425 7.663425 7.663425 7.663425 7.663425 7.663425 7.663425 7.054729 6.891684 7.584449 7.663425 7.663425 7.663425 7.499181 5.689373 2.953793 2.953793 2.953793 2.953793 2.953793 2.953793 2.953793 2.953793 2.953793 2.953793 2.953793 2.953793 2.953793 2.953793 2.953793 2.953793 2.953793 2.953793 2.953793 2.953793 2.953793 2.953793 2.953793 2.953793 2.953793 2.953793 3.353604 3.374044 3.374044 3.374044 3.374044 3.374044 3.374044 3.374044 3.374044 3.374044 3.374044 3.374044 3.374044 3.374044 3.374044 3.374044 3.374044 3.374044 3.374044 3.374044 3.374044 3.374044 3.374044 3.374044 3.396859 4.734311
7.663424 7.663425 7.663425 7.663426 7.663425 7.663425 7.663425 7.663425 7.663425 7.663425 7.663425 7.663425 7.663425 7.663425 7.663425 7.663425 7.663425 7.663425 7.663425 7.663425 7.663426 7.486937 3.112372 2.953793 2.953793 2.953793 2.953793 2.953793 2.953794 2.953793 2.953793 2.953793 2.953794 2.953793 2.953793 2.953793 2.953793 2.953793 2.953793 2.953793 2.953793 2.953793 2.953793 2.953793 2.953793 2.953793 2.953793 2.953793 3.325385 3.374044 3.374044 3.374044 3.374044 3.374044 3.374044 3.374044 3.374044 3.374044 3.374044 3.374044 3.374044 3.374044 3.374044 3.374044 3.374044 3.374044 3.374044 3.374044 3.374044 3.374044 3.374044 3.374044 3.374044 4.724901
7.663425 7.663424 7.663425 7.663425 7.663425 7.663425 7.663425 7.663424 7.663425 7.663425 7.663425 7.663425 7.663425 7.663424 7.663425 7.663425 7.663425 7.663425 7.663425 7.663424 7.663425 7.663424 13.68499 14.07175 9.68835 3.464224 2.953793 2.953793 2.953793 3.874579 3.404955 2.953793 2.953793 2.953793 2.953793 2.953793 2.953793 2.953793 2.953793 2.953793 2.953793 2.953793 2.953793 2.953793 2.953793 2.953793 2.953793 2.953793 3.139242 3.374044 3.374044 3.374044 3.374044 3.374044 3.374044 3.374044 3.374044 3.374044 3.374044 3.374044 3.374044 3.374044 3.374044 3.374044 3.374044 3.374044 3.374044 3.374044 3.374044 3.374044 3.374044 3.374044 3.392885 4.740793
7.663425 7.663425 7.663425 7.663425 7.663425 7.663425 7.663425 7.663425 7.663425 7.663425 7.663425 7.663425 7.663425 7.663425 7.663425 7.663425 7.663425 7.663425 7.663425 7.663425 7.663425 7.663425 15.64018 23.97809 23.97809 21.44914 11.97587 8.971708 17.30069 23.43855 17.192 2.953793 3.057951 2.953793 3.194478 4.003242 3.132554 3.007608 2.953793 2.953793 2.953793 2.953793 2.953793 2.953793 2.953793 2.953793 2.953793 2.969673 3.189553 3.374044 3.374044 3.374044 3.374044 3.374044 3.374044 3.374044 3.374044 3.374044 3.374044 3.374044 3.374044 3.374044 3.374044 3.374044 3.374044 3.374044 3.374044 3.374044 3.374044 3.374044 3.374044 3.374044 3.462116 4.741014
7.663424 7.663425 7.663425 7.663425 7.663425 7.663425 7.663425 7.663425 7.663425 7.663425 7.663425 7.663425 7.663425 7.663425 7.663425 7.663425 7.663425 7.663425 7.663425 7.663425 7.663425 7.663425 10.19547 23.87933 23.97809 23.97809 23.97809 23.97809 23.97809 23.97809 23.44001 21.77567 22.18799 21.17115 22.5601 22.5933 22.88673 18.32503 2.979126 2.953793 2.953793 2.953793 2.953793 2.953793 2.953793 2.953793 2.953793 3.066193 3.374044 3.374044 3.374044 3.374044 3.374044 3.374044 3.374044 3.374044 3.374044 3.374044 3.374044 3.374044 3.374044 3.374044 3.374044 3.374044 3.374044 3.374044 3.374044 3.374044 3.374044 3.374044 3.374044 3.374044 3.594266 4.741014
7.663425 7.663425 7.663425 7.663425 7.663425 7.663425 7.663425 7.663425 7.663425 7.663425 7.663425 7.663425 7.663425 7.663425 7.663425 7.663425 7.663425 7.663425 7.663425 7.663425 7.663425 7.663425 7.663425 10.40218 11.26365 12.09411 20.94394 23.97809 23.97809 23.97809 23.97809 23.97809 23.97809 23.97809 23.97809 23.97809 23.97809 15.14056 3.259738 2.953793 2.953793 2.953793 2.953793 2.953793 2.953793 2.953793 2.953793 3.054149 3.374044 3.374044 3.374044 3.374044 3.374044 3.374044 3.374044 3.374044 3.374044 3.374044 3.374044 3.374044 3.374044 3.374044 3.374044 3.374044 3.374044 3.374044 3.374044 3.374044 3.374044 3.374044 3.374044 3.374044 3.72992 4.741014
0 7.663425 7.663424 7.663425 7.663425 7.663426 7.663425 7.663425 7.663426 7.663426 7.663426 7.663426 7.663426 7.663425 7.663426 7.663425 7.663426 7.663425 7.663426 7.663425 7.663426 7.663425 7.663426 7.663426 7.663426 7.663426 14.20297 23.97809 23.97809 23.97809 23.97809 23.97809 23.97809 23.97809 23.97809 23.97809 23.97809 23.97809 19.52284 14.07042 4.804577 3.248628 3.267299 2.953793 2.953793 2.953793 2.960247 3.314251 3.374044 3.374044 3.374044 8.55137 5.496673 3.375775 3.374044 3.374044 3.374044 3.374044 3.374044 3.374044 3.374044 3.374044 3.374044 3.374044 3.374044 3.374044 3.374044 3.374044 3.374044 3.374044 3.374044 3.374044 3.85164 4.741014
0 0 7.663425 7.663425 7.663425 7.663425 7.663425 7.663425 7.663424 7.663425 7.663424 7.663425 7.663425 7.663425 7.663425 7.663425 7.663425 7.663425 7.663424 7.663425 7.663425 7.663425 7.663425 7.663425 7.663424 7.663425 16.242 23.97809 23.97809 23.97809 23.97809 23.97809 23.97809 23.97809 23.97809 23.97809 23.97809 23.97809 23.97809 23.97809 19.63242 22.31444 20.99484 6.728127 2.953794 2.953793 37.72573 36.46477 32.56527 29.42658 36.95019 64.15011 26.78242 3.720342 3.374044 3.374044 3.374044 3.374044 3.374044 3.374044 3.374044 3.374044 3.374044 3.374044 3.374044 3.374044 3.374044 3.374044 3.374044 3.374044 3.374044 3.374044 3.680618 4.740727
