Scenarios/Global_Grid/data/country_data_population_distribution/processed/density_grids/sau.asc
ncols 520
nrows 390
xllcorner 34
yllcorner 16
[rows 99 to 131 of 390, columns 296 to 369 of 520]
9.619333 9.619333 9.619333 9.619333 9.619332 9.619333 9.619333 9.619333 9.619333 9.619333 9.619332 9.619333 9.619333 9.619333 9.619333 9.619333 9.619333 9.619333 9.619333 9.619333 9.619333 9.619333 9.619333 9.619333 9.619333 9.619333 9.619333 9.619333 9.619333 9.619333 9.619333 9.619333 9.619333 9.619333 9.619333 9.619333 9.619332 9.930047 12.76386 13.03619 13.0362 13.0362 13.03619 13.03619 13.0362 13.03619 13.0362 13.03619 13.0362 13.03619 13.03619 13.0362 13.03619 13.0362 13.0362 13.03619 13.03619 13.0362 13.03619 13.03619 0 0 0 0 0 0 0 0 0 0 0 0 0 0
9.619332 9.619332 9.619332 9.619332 9.619332 9.619332 9.619332 9.619332 9.619332 9.619333 9.619332 9.619332 9.619332 9.619332 9.619332 9.619333 9.619332 9.619332 9.619332 9.619332 9.619332 9.619332 9.619332 9.619332 9.619332 9.619332 9.619332 9.619333 9.619332 9.619332 9.619332 9.619333 9.619332 9.619332 9.619332 9.619332 9.619332 11.46456 13.03619 13.0362 13.03619 13.03619 13.03619 13.03619 13.03619 13.03619 13.03619 13.03619 13.03619 13.0362 13.03619 13.03619 13.03619 13.03619 13.03619 13.0362 13.03619 13.03619 13.0362 13.03619 0 0 0 0 0 0 0 0 0 0 0 0 0 0
9.619332 9.619333 9.619332 9.619333 9.619333 9.619333 9.619333 9.619333 9.619333 9.619332 9.619333 9.619332 9.619333 9.619333 9.619333 9.619333 9.619333 9.619333 9.619333 9.619332 9.619333 9.619332 9.619333 9.619333 9.619333 9.619333 9.619333 9.619332 9.619333 9.619333 9.619333 9.619332 9.619333 9.619333 9.619333 9.619333 9.619333 11.73519 13.03619 13.03619 13.03619 13.03619 13.03619 13.03619 13.03619 13.03619 13.03619 13.03619 13.03619 13.03619 13.03619 13.03619 13.03619 13.03619 13.03619 13.03619 13.03619 13.03619 13.03619 13.0362 13.03619 13.03619 13.03619 0 0 0 0 0 0 0 0 0 0 0
9.619332 9.619332 9.619332 9.619332 9.619333 9.619332 9.619332 9.619332 9.619332 9.619332 9.619333 9.619332 9.619332 9.619332 9.619332 9.619332 9.619332 9.619332 9.619332 9.619332 9.619332 9.619332 9.619332 9.619332 9.619332 9.619332 9.619332 9.619332 9.619332 9.619332 9.619333 9.619332 9.619332 9.619332 9.619332 9.619332 9.619333 10.87317 11.66747 13.03619 13.0362 13.0362 13.0362 13.03619 13.03619 13.03619 13.03619 13.03619 13.03619 13.0362 13.03619 13.03619 13.03619 13.03619 13.03619 13.0362 13.03619 13.03619 13.03619 13.03619 13.03619 13.0362 13.03619 13.03619 0 0 0 0 0 0 0 0 0 0
9.619333 9.619333 9.619333 9.619333 9.619333 9.619333 9.619333 9.619333 9.619333 9.619333 9.619333 9.619333 9.619333 9.619333 9.619333 9.619333 9.619333 9.619333 9.619333 9.619333 9.619333 9.619333 9.619333 9.619333 9.619333 9.619333 9.619333 9.619333 9.619333 9.619333 9.619333 9.619333 9.619333 9.619333 9.619333 9.619333 9.619332 9.619333 9.942785 13.03619 13.03619 13.03619 13.0362 13.03619 13.03619 13.03619 13.03619 13.03619 13.03619 13.0362 13.03619 13.03619 13.03619 13.03619 13.03619 13.0362 13.03619 13.03619 13.03619 13.03619 13.03619 13.0362 13.03619 0 0 0 0 0 0 0 0 0 0 0
9.619332 9.619332 9.619332 9.619332 9.619332 9.619332 9.619332 9.619332 9.619332 9.619332 9.619332 9.619332 9.619332 9.619332 9.619332 9.619332 9.619332 9.619332 9.619332 9.619332 9.619332 9.619332 9.619332 9.619332 9.619332 9.619332 9.619332 9.619332 9.619332 9.619332 9.619332 9.619332 9.619332 9.619332 9.619332 9.619332 9.619332 9.619332 9.805501 12.95451 13.03619 13.03619 13.03619 13.03619 13.03619 13.03619 13.03619 13.03619 13.03619 13.03619 13.03619 13.03619 13.03619 13.03619 13.03619 13.03619 13.03619 13.03619 13.03619 13.03619 13.03619 13.03619 13.03619 13.03619 0 0 0 0 0 0 0 0 0 0
9.619332 9.619333 9.619332 9.619332 9.619333 9.619332 9.619332 9.619332 9.619332 9.619332 9.619333 9.619332 9.619332 9.619332 9.619332 9.619332 9.619333 9.619332 9.619332 9.619332 9.619332 9.619332 9.619332 9.619333 9.619332 9.619332 9.619332 9.619332 9.619332 9.619333 9.619332 9.619332 9.619332 9.619332 9.619332 9.619332 9.619333 9.619332 9.619332 11.74608 13.03619 13.03619 13.03619 13.03619 13.03619 13.03619 13.03619 13.03619 13.03619 13.0362 12.24768 11.2303 13.00553 13.03619 13.03619 13.0362 13.03619 13.03619 13.03619 13.03619 13.03619 13.03619 13.03619 13.03619 13.03619 13.03619 0 0 0 0 0 0 0 0
9.619332 9.619333 9.619332 9.619333 9.619333 9.619332 9.619333 9.619332 9.619333 9.619332 9.619333 9.619332 9.619333 9.619332 9.619333 9.619332 9.619333 9.619333 9.619333 9.619332 9.619332 9.619332 9.619332 9.619333 9.619333 9.619332 9.619333 9.619332 9.619333 9.619332 9.619333 9.619332 9.619333 9.619332 9.619332 9.619332 9.619333 9.619332 9.619333 11.90482 13.03619 13.03619 13.03619 13.03619 13.03619 13.03619 13.03619 13.03619 13.03619 13.03619 6.457474 4.247627 5.569602 12.52386 13.03619 13.03619 13.03619 13.03619 13.03619 13.03619 13.03619 13.03619 13.03619 13.03619 13.03619 13.03619 0 0 0 0 0 0 0 0
9.619333 9.619333 9.619333 9.619333 9.619333 9.619333 9.619333 9.619333 9.619333 9.619333 9.619333 9.619333 9.619333 9.619333 9.619333 9.619333 9.619333 9.619333 9.619333 9.619333 9.619333 9.619333 9.228305 7.85109 6.426087 7.512427 9.618829 9.619332 9.619333 9.619333 9.619333 9.619333 9.619333 9.619333 9.619333 9.619333 9.619333 9.619333 10.68922 13.01804 13.0362 13.03619 13.0362 13.03619 13.0362 13.03619 13.0362 13.03619 13.0362 13.0362 5.851367 4.247627 4.247627 6.722295 7.322577 6.224095 9.09908 11.16876 12.85402 13.0362 13.03619 13.03619 13.0362 13.03619 13.0362 13.03619 0 0 0 0 0 0 0 0
9.619332 9.619332 9.619332 9.619332 9.619332 9.619332 9.619332 9.619332 9.619332 9.619332 9.619332 9.619332 9.619332 9.619333 9.619332 9.619332 9.619332 9.619332 9.619332 9.025599 3.932561 2.507819 1.474049 1.426185 1.426185 1.426185 3.410458 7.506516 9.618829 9.619332 9.619332 9.619332 9.619332 9.619333 9.619332 9.619332 9.619332 8.118875 10.48231 13.0362 13.03619 13.03619 13.03619 13.03619 13.03619 13.03619 13.03619 13.03619 13.03619 13.03619 4.994835 4.247627 4.247627 4.247627 4.247627 4.247627 4.247627 4.247627 5.250622 9.341496 13.03593 13.03619 13.03619 13.03619 13.03619 13.03619 0 0 0 0 0 0 0 0
9.619333 9.619332 9.619333 9.619332 9.619332 9.619333 9.619332 9.619333 9.619333 9.619333 9.619332 9.619333 9.619333 9.619333 9.619332 9.619333 9.619333 9.619333 9.619333 8.965767 1.426185 1.426186 1.426186 1.426185 1.426185 1.426185 1.426185 1.426185 3.39306 6.068458 7.856174 9.408023 9.619333 9.619333 9.619333 9.619333 8.836244 1.915491 9.18032 13.03619 12.97285 4.727422 4.693075 12.98654 13.03619 10.06722 12.97867 13.03619 13.03619 12.61516 4.260067 4.247627 4.247627 4.247627 4.247627 4.247627 4.247627 4.247627 4.247627 4.247627 9.804498 13.03619 13.03619 13.03619 13.03619 0 0 0 0 0 0 0 0 0
9.619332 9.619332 9.619332 9.619332 9.619332 9.619332 9.619332 9.619333 9.619332 9.619333 9.619332 9.619333 9.619332 9.619333 9.619332 9.619333 9.619332 9.619332 9.619332 8.418933 1.426185 1.426185 1.426185 1.426185 1.426185 1.426185 1.426185 1.426185 1.426185 1.426185 1.426185 1.662111 3.238212 5.025692 6.813321 8.941233 7.582404 1.426185 7.265561 9.855593 1.448624 1.426185 1.426185 9.588014 12.77612 1.869295 4.999534 6.369124 5.33717 4.386517 4.247627 4.247627 4.247627 4.247627 4.247627 4.247627 4.247627 4.247627 4.247627 4.247627 4.848224 12.41608 13.03619 13.03619 12.92449 13.03619 0 0 0 0 0 0 0 0
9.619332 9.619332 9.619332 9.619332 9.619333 9.619332 9.619333 9.619332 9.619332 9.619332 9.619333 9.619332 9.619333 9.619332 9.619333 9.619332 9.619333 9.619333 9.619333 4.289918 1.426185 1.426186 1.426185 1.426185 1.426185 1.426186 1.426185 1.426185 1.426185 1.426185 1.426185 1.426185 1.426185 1.426185 1.426185 1.573814 2.71134 1.426185 1.426185 1.426185 1.426185 1.426185 1.426185 1.784022 2.643222 1.426185 1.426185 1.426186 1.426185 1.79396 4.247627 4.247627 4.247627 4.247627 4.247627 4.247627 4.247627 4.247627 4.247627 4.247627 4.247627 8.733402 12.92251 12.4127 13.03619 12.97593 13.0362 13.03619 13.03619 0 0 0 0 0
9.619332 9.619333 9.619332 9.619333 9.619332 9.619332 9.619333 9.619332 9.619333 9.619332 9.619333 9.619332 9.619333 9.619332 9.619333 9.619332 9.619333 9.619333 9.619333 6.395694 1.426185 1.426185 1.426185 1.426185 1.426185 1.426185 1.426185 1.426185 1.426185 1.426185 1.426185 1.426185 1.426185 1.426185 1.426185 1.426185 1.426185 1.426185 1.426185 1.426185 1.426185 1.426185 1.426185 1.426185 1.426185 1.426185 1.426185 1.426185 1.426185 1.432104 3.198282 4.247627 4.247627 4.247627 4.247627 4.247627 4.247627 4.247627 4.247627 4.247627 4.247627 4.696428 4.607965 5.068025 12.18664 12.97497 13.03619 13.03619 13.03619 13.03619 13.03619 0 13.03619 13.03619
9.619332 9.619332 9.619332 9.619332 9.619333 9.619332 9.619332 9.619332 9.619332 9.619333 9.619333 9.619332 9.619332 9.619333 9.619332 9.619332 9.619332 9.619332 9.619332 6.010976 1.426185 1.426185 1.426185 1.426185 1.426185 1.426185 1.426185 1.426185 1.426185 1.426185 1.426185 1.426185 1.426185 1.426186 1.426185 1.426185 1.426185 1.426186 1.426185 1.426186 1.426185 1.426186 1.426185 1.426186 1.426185 1.426185 1.426185 1.426185 1.426185 1.426185 1.901379 4.247627 4.247627 4.247627 4.247627 4.247627 4.247627 4.247627 4.247627 4.247627 4.247627 4.247627 4.247627 4.247627 6.452328 12.93303 13.03619 13.03619 13.03619 13.03619 13.03619 13.03619 13.03619 13.03619
9.619333 9.619332 9.619333 9.619332 9.619332 9.619333 9.619332 9.619333 9.619332 9.619333 9.619332 9.619333 9.619332 9.619333 9.619332 9.619333 9.46283 9.472168 9.428364 3.150367 1.426185 1.426185 1.426185 1.426185 1.426185 1.426185 1.426185 1.426185 1.426185 1.426185 1.426185 1.426185 1.426185 1.426185 1.426185 1.426185 1.426185 1.426185 1.426185 1.426185 1.426185 1.426185 1.426185 1.426185 1.426185 1.426185 1.426185 1.426185 1.426185 1.426185 1.99867 4.247627 4.247627 4.247627 4.247627 4.247627 4.247627 4.247627 4.247627 4.247627 4.247627 4.247627 4.247627 4.247627 4.247627 8.69184 13.03619 13.03619 13.03619 13.03619 13.23874 40.83414 59.61143 73.14948
9.619333 9.619333 9.619333 9.619333 9.619332 9.619333 9.619333 9.012005 5.873308 9.619333 9.619332 9.619333 9.619333 8.876434 9.619333 9.619333 8.499618 4.466706 4.465755 1.426185 1.426185 1.426185 1.426185 1.426185 1.426185 1.426185 1.426185 1.426185 1.426185 1.426185 1.426185 1.426185 1.426185 1.426185 1.426185 1.426185 1.426185 1.426185 1.426185 1.426185 1.426185 1.426185 1.426185 1.426185 1.426185 1.426185 1.426185 1.426185 1.426185 1.426185 2.095961 4.247627 4.247627 4.247627 4.247627 4.247627 4.247627 4.247627 4.247627 4.247627 4.247627 4.247627 4.247627 4.247627 4.247627 4.369556 11.56031 13.08854 27.39787 55.54567 73.06216 84.81373 84.81372 80.23997
9.619332 9.619332 9.619332 9.619332 9.619332 9.619332 8.440974 2.344084 3.177607 5.203911 3.747036 8.141361 5.278005 1.567231 5.292719 8.813754 7.754785 1.426185 1.426185 1.426185 1.426185 1.426185 1.426185 1.426185 1.426185 1.426185 1.426185 1.426185 1.426185 1.426185 1.426185 1.426185 1.426185 1.426185 1.426185 1.426185 1.426185 1.426185 1.426185 1.426185 1.426185 1.426185 1.426185 1.426185 1.426185 1.426185 1.426185 1.426185 1.426185 1.426185 2.193252 4.247627 4.247627 4.247627 4.247627 4.247627 4.247627 4.247627 4.247627 4.247627 4.247627 4.247627 4.247627 4.247627 4.247627 4.247627 17.6137 82.6231 84.71124 84.81373 84.81372 84.81373 84.81373 62.62484
9.619332 9.619333 9.619332 9.619333 9.619333 9.619332 7.916155 1.426185 1.426185 1.426185 1.426185 1.426185 1.426185 1.426185 1.426185 1.439301 2.119782 1.426185 1.426185 1.426185 1.426185 1.426185 1.426185 1.426185 1.426185 1.426185 1.426185 1.426185 1.426185 1.426185 1.426185 1.426185 1.426185 1.426185 1.426185 1.426185 1.426186 1.426185 1.426185 1.426185 1.426185 1.426185 1.426185 1.426185 1.426185 1.426185 1.426185 1.426185 1.426185 1.426186 2.290543 4.247627 4.247627 4.247627 4.247627 4.247627 4.247627 4.247627 4.247627 4.247627 4.247627 4.247627 4.247627 4.247627 4.247627 4.247627 4.247627 54.25266 84.81373 84.81373 84.81373 84.81373 84.81373 84.81373
9.619332 9.619332 9.619332 9.619332 9.619332 9.619332 8.984826 1.426185 1.426186 1.426185 1.426186 1.426185 1.426185 1.426185 1.426186 1.426185 1.426185 1.426185 1.426186 1.426185 1.426186 1.426185 1.426185 1.426185 1.426185 1.426185 1.426186 1.426185 1.426186 1.426186 1.426185 1.426185 1.426185 1.426185 1.426185 1.426185 1.426186 1.426185 1.426186 1.426185 1.426186 1.426185 1.426186 1.426185 1.426186 1.426185 1.426185 1.426185 1.426186 1.426186 2.387834 4.247627 4.247627 4.247627 4.247627 4.247627 4.247627 4.247627 4.247627 4.247627 4.247627 4.247627 4.247627 4.247627 4.247627 4.247627 4.247627 15.65033 84.31696 84.81373 84.81373 84.81374 84.81373 84.81372
9.619332 9.619332 9.619331 9.619332 9.619332 9.619331 7.749657 1.438255 1.426185 1.426185 1.426185 1.426185 1.426185 1.426185 1.426185 1.426185 1.426185 1.426185 1.426185 1.426185 1.426185 1.426185 1.426185 1.426185 1.426185 1.426185 1.426185 1.426185 1.426185 1.426185 1.426185 1.426185 1.426185 1.426185 1.426185 1.426185 1.426185 1.426185 1.426185 1.426185 1.426185 1.426185 1.426185 1.426185 1.426185 1.426185 1.426185 1.426185 1.426185 1.426185 2.485125 4.247627 4.247627 4.247627 4.247627 4.247627 4.247627 4.247627 4.247627 4.247627 4.247627 4.247627 4.247627 4.247627 4.247627 4.247627 4.247627 4.247627 59.02617 84.81373 84.81374 84.81373 84.81374 84.81373
9.619332 9.619333 9.619332 9.619333 9.619333 9.619332 5.152863 1.426185 1.426185 1.426185 1.426185 1.426185 1.426185 1.426185 1.426185 1.426185 1.426185 1.426185 1.426185 1.426185 1.426185 1.426185 1.426185 1.426185 1.426185 1.426185 1.426185 1.426185 1.426185 1.426185 1.426185 1.426185 1.426185 1.426185 1.426185 1.426185 1.426185 1.426185 1.426185 1.426185 1.426185 1.426185 1.426185 1.426185 1.426185 1.426229 1.426185 1.426185 1.426185 1.426185 2.582866 4.247627 4.247627 4.247627 4.247627 4.247627 4.247627 4.247627 4.247627 4.247627 4.247627 4.247627 4.247627 4.247627 4.247627 4.247627 4.247627 4.247627 14.17721 80.24789 84.81373 84.81373 84.81373 84.81373
9.619332 9.619333 9.619332 9.619333 9.619333 9.619332 5.152863 1.426185 1.426185 1.426185 1.426186 1.426185 1.426185 1.426185 1.426185 1.426185 1.426185 1.426185 1.426185 1.426185 1.426185 1.426185 1.426185 1.426185 1.426185 1.426185 1.426185 1.426185 1.426185 1.426185 1.426185 1.426185 1.426185 1.426185 1.426185 1.426185 1.426186 1.426185 1.426185 1.426185 1.426185 1.426185 1.426186 1.426185 1.500479 3.127163 2.046259 2.687255 3.867546 4.028759 4.219559 4.247627 4.247627 4.247627 4.247627 4.247627 4.247627 4.247627 4.247627 4.247627 4.247627 4.247627 4.247627 4.247627 4.247627 4.247627 4.247627 4.247627 4.247627 17.99957 46.52343 78.23441 84.81373 84.81374
9.619333 9.619333 9.619333 9.619333 9.619332 9.619333 5.152863 1.426185 1.426186 1.426185 1.426186 1.426185 1.426186 1.426186 1.426186 1.426186 1.426186 1.426186 1.426186 1.426185 1.426186 1.426186 1.426186 1.426186 1.426186 1.426186 1.426186 1.426185 1.426186 1.426186 1.426185 1.426186 1.426186 1.426186 1.426186 1.426186 1.426185 1.426185 1.426186 1.426185 1.426185 1.426185 1.426185 1.426185 2.132738 4.247627 4.247627 4.247627 4.247627 4.247627 4.247627 4.247627 4.247627 4.247627 4.247627 4.247627 4.247627 4.247627 4.247627 4.247627 4.247627 4.247627 4.247627 4.247627 4.247627 4.247627 4.247627 4.247627 8.646473 47.52975 9.087064 9.776133 70.91399 84.81374
9.619332 9.619333 9.619332 9.619333 9.619333 9.619332 5.152863 1.426185 1.426185 1.426185 1.426185 1.426185 1.426185 1.426185 1.426185 1.426185 1.426185 1.426185 1.426185 1.426185 1.426185 1.426185 1.426185 1.426185 1.426185 1.426185 1.426185 1.426185 1.426185 1.426185 1.426185 1.426185 1.426185 1.426185 1.426185 1.426185 1.426185 1.426185 1.426185 1.426185 1.426185 1.426185 1.426185 1.426185 2.255134 4.217316 4.247627 4.247627 4.247627 4.247627 4.247627 4.247627 4.247627 4.247627 4.247627 4.247627 4.247627 4.247627 4.247627 4.247627 4.247627 4.247627 4.247627 4.247627 4.247627 4.247627 4.247627 4.247627 10.89828 84.81373 71.54691 18.22768 35.18679 84.81373
9.619333 9.619333 9.619333 9.619333 9.619333 8.497804 2.790669 1.426185 1.426185 1.426185 1.426186 1.426185 1.426185 1.426185 1.426185 1.426185 1.426185 1.426185 1.426185 1.426185 1.426185 1.426185 1.426185 1.426185 1.426185 1.426185 1.426185 1.426185 1.426185 1.426185 1.426185 1.426185 1.426185 1.426185 1.426185 1.426185 1.426186 1.426185 1.426185 1.426185 1.426185 1.426185 1.426185 1.426185 1.426185 3.864632 4.247627 4.247627 4.247627 4.247627 4.247627 4.247627 4.247627 4.247627 4.247627 4.247627 4.247627 4.247627 4.247627 4.247627 4.247627 4.247627 4.247627 4.247627 4.247627 4.247627 4.247627 4.247627 15.345 84.81374 84.81373 84.81374 82.81284 84.81374
9.619332 9.619332 9.619332 9.619332 9.563555 1.939067 1.426185 1.426185 1.426185 1.426185 1.426185 1.426185 1.426185 1.426185 1.426185 1.426185 1.426185 1.426185 1.426185 1.426185 1.426185 1.426185 1.426185 1.426185 1.426185 1.426185 1.426185 1.426185 1.426185 1.426185 1.426185 1.426185 1.426185 1.426185 1.426185 1.426185 1.426185 1.426185 1.426185 1.426185 1.426185 1.426185 1.426185 1.426185 1.426185 3.932618 4.247627 4.247627 4.247627 4.247627 4.247627 4.247627 4.247627 4.247627 4.247627 4.247627 4.247627 4.247627 4.247627 4.247627 4.247627 4.247627 4.247627 4.247627 4.247627 4.247627 4.247627 4.247627 22.05883 84.81373 84.81373 84.81373 84.81373 84.81373
9.619332 9.619332 9.619332 9.466714 7.817734 1.426185 1.426185 1.426185 1.426185 1.426185 1.426186 1.426185 1.426185 1.426185 1.426185 1.426185 1.426185 1.426185 1.426185 1.426185 1.426185 1.426185 1.426185 1.426185 1.426185 1.426185 1.426185 1.426185 1.426185 1.426185 1.426185 1.426185 1.426185 1.426185 1.426186 1.426185 1.426186 1.426185 1.426185 1.426185 1.426185 1.426185 1.426186 1.426185 1.426185 4.000605 4.247627 4.247627 4.247627 4.247627 4.247627 4.247627 4.247627 4.247627 4.247627 4.247627 4.247627 4.247627 4.247627 4.247627 4.247627 4.247627 4.247627 4.247627 4.247627 4.247627 4.247627 4.247627 28.77268 84.81374 84.81373 84.81373 84.81373 84.81374
7.115338 5.180316 3.5197 1.782511 1.426185 1.426185 1.426185 1.426185 1.426185 1.426185 1.426185 1.426185 1.426185 1.426185 1.426185 1.426185 1.426185 1.426185 1.426186 1.426185 1.426185 1.426185 1.426185 1.426185 1.426185 1.426185 1.426185 1.426185 1.426185 1.426185 1.426185 1.426185 1.426185 1.426185 1.426185 1.426185 1.426185 1.426185 1.426185 1.426185 1.426185 1.426185 1.426185 1.426185 1.426185 4.068592 4.247627 4.247627 4.247627 4.247627 4.247627 4.247627 4.247627 4.247627 4.247627 4.247627 4.247627 4.247627 4.247627 4.247627 4.247627 4.247627 4.247627 4.247627 4.247627 4.247627 4.247627 4.247627 37.80533 84.81373 84.81374 84.81373 84.81374 84.81374
1.426185 1.426185 1.426185 1.426185 1.426185 1.426185 1.426185 1.426185 1.426185 1.426185 1.426185 1.426185 1.426185 1.426185 1.426185 1.426185 1.426185 1.426185 1.426185 1.426185 1.426185 1.426185 1.426185 1.426185 1.426185 1.426185 1.426185 1.426185 1.426185 1.426185 1.426185 1.426185 1.426185 1.426185 1.426185 1.426185 1.426185 1.426185 1.426185 1.426185 1.426185 1.426185 1.426185 1.426185 1.426185 4.136578 4.247627 4.247627 4.247627 4.247627 4.247627 4.247627 4.247627 4.247627 4.247627 4.247627 4.247627 4.247627 4.247627 4.247627 4.247627 4.247627 4.247627 4.247627 4.247627 4.247627 4.247627 4.247627 52.47214 84.81373 84.81373 84.81374 84.81374 84.81373
1.557095 1.426185 1.426185 1.426185 1.426185 1.426185 1.426185 1.426185 1.426185 1.426185 1.426185 1.426185 1.426185 1.426185 1.426185 1.426185 1.426185 1.426185 1.426185 1.426185 1.426185 1.426186 1.426185 1.426185 1.426185 1.426185 1.426185 1.426185 1.426185 1.426185 1.426185 1.426185 1.426185 1.426185 1.426185 1.426185 1.426185 1.426185 1.426185 1.426185 1.426185 1.426185 1.426185 1.426185 1.430322 4.205469 4.247627 4.247627 4.247627 4.247627 4.247627 4.247627 4.247627 4.247627 4.247627 4.247627 4.247627 4.247627 4.247627 4.247627 4.247627 4.247627 4.247627 4.247627 4.247627 4.247627 4.247627 8.760341 76.06128 84.81373 84.81374 84.81373 84.81374 84.81373
7.269869 5.512214 2.655531 1.426185 1.426185 1.426185 1.426185 1.426185 1.426185 1.426185 1.426185 1.426185 1.426185 1.426185 1.426185 1.426185 1.426185 1.426185 1.426185 1.426185 1.426185 1.426185 1.426185 1.426185 1.426185 1.426185 1.426185 1.426185 1.426185 1.426185 1.426185 1.426185 1.426185 1.426185 1.426185 1.426185 1.426185 1.426185 1.426185 1.426185 1.426185 1.426185 1.426186 1.426185 2.323829 4.247627 4.247627 4.247627 4.247627 4.247627 4.247627 4.247627 4.247627 4.247627 4.247627 4.247627 4.247627 4.247627 4.247627 4.247627 4.247627 4.247627 4.247627 4.247627 4.247627 4.247627 4.247627 49.1256 84.81373 84.81373 84.81373 84.81373 84.81373 84.81373
7.573212 7.573211 7.525035 5.085193 1.789702 1.426185 1.426185 1.426186 1.426185 1.426186 1.426185 1.426186 1.426185 1.426185 1.426185 1.426186 1.426185 1.426185 1.426185 1.426186 1.426185 1.426186 1.426185 1.426185 1.426185 1.426186 1.426185 1.426185 1.426185 1.426185 1.426185 1.426185 1.426185 1.426186 1.426185 1.426186 1.426185 1.426186 1.426185 1.426186 1.426185 1.426186 1.426185 1.426186 3.629206 4.247627 4.247627 4.247627 4.247627 4.247627 4.247627 4.247627 4.247627 4.247627 4.247627 4.247627 4.247627 4.247627 4.247627 4.247627 4.247627 4.247627 4.247627 4.247627 4.247627 4.247627 4.247627 44.52969 84.81373 84.81373 84.81372 84.81373 84.81372 84.81373
