Scenarios/Global_Grid/data/country_data_population_distribution/processed/density_grids/sau.asc
ncols 520
nrows 390
xllcorner 34
yllcorner 16
[rows 264 to 296 of 390, columns 148 to 221 of 520]
259.1088 259.1088 259.1088 259.1088 259.1088 74.47363 31.40756 31.40756 31.40756 31.40756 31.40756 31.40756 31.40756 31.40756 31.40756 31.40756 31.40756 31.40756 31.40756 31.40756 31.40756 31.40756 31.40756 31.40756 31.40756 31.40756 31.40756 31.40756 31.40756 31.40756 31.03783 12.08816 8.142768 8.142769 8.142768 8.142769 8.142769 8.142769 8.142768 8.142769 8.142768 8.142768 8.142769 8.142768 7.923759 3.513803 2.63505 2.63505 2.63505 2.63505 2.63505 2.63505 2.63505 2.63505 2.63505 2.63505 2.63505 2.63505 2.63505 2.63505 2.63505 2.63505 2.63505 2.63505 2.63505 2.63505 2.63505 2.63505 2.63505 2.63505 2.63505 2.63505 2.63505 2.63505
259.1088 259.1088 259.1088 259.1088 259.0612 109.4741 31.40756 31.40756 31.40756 31.40756 31.40756 31.40756 31.40756 31.40756 31.40756 31.40756 31.40756 31.40756 31.40756 31.40756 31.40756 31.40756 31.40756 31.40756 31.40756 31.40756 31.40756 31.40756 31.40756 31.40756 24.99069 9.998394 8.539874 8.142768 8.142768 8.142768 8.142768 8.142768 8.142769 8.142768 8.142769 8.142768 8.142768 8.142768 6.907165 2.63505 2.63505 2.63505 2.63505 2.63505 2.63505 2.63505 2.63505 2.63505 2.63505 2.63505 2.63505 2.63505 2.63505 2.63505 2.63505 2.63505 2.63505 2.63505 2.63505 2.63505 2.63505 2.63505 2.63505 2.63505 2.63505 2.63505 2.63505 2.63505
259.1088 259.1088 259.1088 259.1088 127.9346 31.40756 31.40756 31.40756 31.40756 31.40756 31.40756 31.40756 31.40756 31.40756 31.40756 31.40756 31.40756 31.40756 31.40756 31.40756 31.40756 31.40756 31.40756 31.40756 31.40756 31.40756 31.40756 31.40756 31.40756 31.40756 31.40756 31.40756 18.72385 8.142769 8.142769 8.142769 8.142768 8.142768 8.142769 8.142769 8.142769 8.142768 8.142769 8.142769 6.43565 2.63505 2.63505 2.63505 2.63505 2.63505 2.63505 2.63505 2.63505 2.63505 2.63505 2.63505 2.63505 2.63505 2.63505 2.63505 2.63505 2.63505 2.63505 2.63505 2.63505 2.63505 2.63505 2.63505 2.63505 2.63505 2.63505 2.63505 2.63505 2.63505
259.1088 259.1088 259.1088 259.1088 190.029 31.40897 31.40756 31.40756 31.40756 31.40756 31.40756 31.40756 31.40756 31.40756 31.40756 31.40756 31.40756 31.40756 31.40756 31.40756 31.40756 31.40756 31.40756 31.40756 31.40756 31.40756 31.40756 31.40756 31.40756 31.40756 31.40756 30.01806 8.80226 8.142768 8.142769 8.142768 8.142768 8.142768 8.142769 8.142768 8.142769 8.142768 8.142768 8.142768 6.38871 2.63505 2.63505 2.63505 2.63505 2.63505 2.63505 2.63505 2.63505 2.63505 2.63505 2.63505 2.63505 2.63505 2.63505 2.63505 2.63505 2.63505 2.63505 2.63505 2.63505 2.63505 2.63505 2.63505 2.63505 2.63505 2.63505 2.63505 2.63505 2.63505
259.1088 259.1088 259.1088 259.1088 223.383 116.1582 31.40756 31.40756 31.40756 31.40756 31.40756 31.40756 31.40756 31.40756 31.40756 31.40756 31.40756 31.40756 31.40756 31.40756 31.40756 31.40756 31.40756 31.40756 31.40756 31.40756 31.40756 31.40756 31.40756 31.40756 31.40756 31.29034 17.62052 16.59583 8.142769 8.142769 8.142769 8.142769 8.142769 8.142769 8.142769 8.142769 8.142769 8.142769 7.734017 2.696396 2.63505 2.63505 2.63505 2.63505 2.63505 2.63505 2.63505 2.63505 2.63505 2.63505 2.63505 2.63505 2.63505 2.63505 2.63505 2.63505 2.63505 2.63505 2.63505 2.63505 2.63505 2.63505 2.63505 2.63505 2.63505 2.63505 2.63505 2.63505
259.1088 259.1088 259.1088 259.1088 259.1088 161.1271 31.40756 31.40756 31.40756 31.40756 31.40756 31.40756 31.40756 31.40756 31.40755 31.40756 31.40756 31.40756 31.40756 31.40756 31.40756 31.40755 31.40756 31.40756 31.40756 31.40756 31.40756 31.40756 31.40756 31.40756 31.40756 31.40756 31.37034 22.96708 8.142769 8.142768 8.142768 8.142768 8.142769 8.142768 8.142768 8.142768 8.142768 8.142768 8.142769 3.918581 2.63505 2.63505 2.63505 2.63505 2.63505 2.63505 2.63505 2.63505 2.63505 2.63505 2.63505 2.63505 2.63505 2.63505 2.63505 2.63505 2.63505 2.63505 2.63505 2.63505 2.63505 2.63505 2.63505 2.63505 2.63505 2.63505 2.63505 2.63505
259.1088 259.1088 259.1088 259.1088 252.1129 72.78964 31.19803 24.33637 30.96612 31.40756 31.40756 31.40756 31.40756 31.40756 31.40756 31.40756 31.40756 31.40756 31.40756 31.40756 31.40756 31.40756 31.40756 31.40756 31.40756 31.40756 31.40756 31.40756 31.40756 31.40756 31.40756 25.9008 17.21202 8.142769 8.142769 8.142769 8.142769 8.142769 8.142769 8.142769 8.142769 8.142769 8.142769 8.142769 8.142769 6.235959 2.63505 2.63505 2.63505 2.63505 2.63505 2.63505 2.63505 2.63505 2.63505 2.63505 2.63505 2.63505 2.63505 2.63505 2.63505 2.63505 2.63505 2.63505 2.63505 2.63505 2.63505 2.63505 2.63505 2.63505 2.63505 2.63505 2.63505 2.63505
259.1088 259.1088 259.1088 259.1088 158.7583 31.28836 30.85201 17.9647 30.35919 29.98387 29.34904 30.43825 31.40756 31.40756 31.40756 31.40756 31.40756 31.40756 31.40756 31.40756 31.40756 31.40756 31.40756 31.40756 31.40756 31.40756 31.40756 31.40756 31.40756 31.40756 31.40756 28.56926 20.03564 12.80071 8.142768 8.142768 8.142768 8.142768 8.142768 8.142768 8.142768 8.142768 8.142768 8.142768 8.142768 8.059368 3.070136 2.63505 2.63505 2.63505 2.63505 2.63505 2.63505 2.63505 2.63505 2.63505 2.63505 2.63505 2.63505 2.63505 2.63505 2.63505 2.63505 2.63505 2.63505 2.63505 2.63505 2.63505 2.63505 2.63505 2.63505 2.63505 2.63505 2.63505
259.1088 253.7515 161.9362 133.6662 91.78062 19.96456 16.91605 16.19921 27.10908 16.0444 15.95796 16.27308 21.97923 31.37626 31.40756 31.40756 31.40756 31.40756 31.40755 31.40756 31.40755 31.40756 31.40756 31.40756 31.40756 31.40756 31.40756 31.40756 31.40756 31.40756 31.40756 31.40755 31.40755 21.08965 8.142769 8.142768 8.142769 8.142768 8.142769 8.142768 8.142769 8.142768 8.142768 8.142768 8.142769 8.142768 4.610185 2.63505 2.63505 2.63505 2.63505 2.63505 2.63505 2.63505 2.63505 2.63505 2.63505 2.63505 2.63505 2.63505 2.63505 2.63505 2.63505 2.63505 2.63505 2.63505 2.63505 2.63505 2.63505 2.63505 2.63505 2.63505 2.63505 2.63487
203.1286 54.50457 15.95796 15.95796 15.95796 15.95796 15.95796 15.95796 17.57773 15.95796 15.95796 15.95796 16.97587 31.16674 31.40756 31.40756 31.40756 31.40756 31.40756 31.40756 31.40756 31.40756 31.40756 31.40756 31.40756 31.40756 31.40756 31.40756 31.40756 31.40756 31.40756 31.56955 32.17753 21.91491 8.142769 8.142768 8.142768 8.142768 8.142769 8.142768 8.142769 8.142768 8.142768 8.142768 8.142768 8.142768 6.842563 2.637745 2.63505 2.63505 2.63505 2.63505 2.63505 2.63505 2.63505 2.63505 2.63505 2.63505 2.63505 2.63505 2.63505 2.63505 2.63505 2.63505 2.63505 2.63505 2.63505 2.63505 2.63505 2.63505 2.63505 2.63505 2.63505 2.633684
16.16998 15.95796 15.95796 15.95796 15.95796 15.95796 15.95796 15.95796 15.95796 15.95796 15.95796 15.95796 24.33948 28.40277 23.94706 26.37808 31.34623 31.40756 31.40756 31.40756 31.40756 31.40756 31.40756 31.40756 31.40756 31.40756 31.40756 31.40756 31.40756 31.40756 31.51766 32.71504 32.86766 21.74208 8.756525 8.145611 8.443883 8.190529 8.142769 8.142768 8.142769 8.142768 8.142768 8.142768 8.142769 8.142768 8.142769 4.904783 2.63505 2.63505 2.63505 2.63505 2.63505 2.63505 2.63505 2.63505 2.63505 2.63505 2.63505 2.63505 2.63505 2.63505 2.63505 2.63505 2.63505 2.63505 2.63505 2.63505 2.63505 2.63505 2.63505 2.63505 2.634519 2.632696
15.95796 15.95796 15.95796 15.95796 15.95796 15.95796 15.95796 15.95796 15.95796 15.95796 15.95796 15.95796 24.06687 18.22849 15.95796 15.95796 17.82062 21.42229 26.99421 31.40756 31.40756 31.40756 31.40756 31.40756 31.40756 31.40756 31.40756 31.40756 31.40756 31.40756 31.78322 32.86766 32.86767 20.51761 10.95362 10.92689 11.13813 9.878813 8.142769 8.142768 8.142769 8.142768 8.142769 8.278277 10.09277 8.228339 8.142769 5.858064 2.63505 2.63505 2.63505 2.63505 2.63505 2.63505 2.63505 2.63505 2.63505 2.63505 2.63505 2.63505 2.63505 2.63505 2.63505 2.63505 2.63505 2.63505 2.63505 2.63505 2.63505 2.63505 2.63505 2.634958 2.633036 2.632674
15.95796 15.95796 15.95796 15.95796 15.95796 15.95796 15.95796 15.95796 15.95796 15.95796 15.95796 15.95796 15.95796 15.95796 15.95796 15.95796 15.95796 15.95796 19.95868 31.40756 31.40756 31.40756 31.40756 31.40756 31.40756 31.40756 31.40756 31.40756 31.40756 31.40756 31.47198 32.84667 32.86767 17.83189 11.13813 11.13813 11.13812 11.13577 10.25563 8.228046 8.754498 8.872499 8.966045 10.7676 10.80292 8.147091 8.142769 4.351894 2.687935 2.63505 2.63505 2.63505 2.63505 2.63505 2.63505 2.63505 2.63505 2.63505 2.63505 2.63505 2.63505 2.63505 2.63505 2.63505 2.63505 2.63505 2.63505 2.63505 2.63505 8.648386 4.816514 2.63307 2.632674 2.632674
15.95796 15.95796 15.95796 15.95796 15.95796 15.95796 15.95796 15.95796 15.95796 15.95796 15.95796 15.95796 15.95796 15.95796 15.95796 15.95796 15.95796 15.95796 19.55457 25.7308 31.40756 31.40756 31.40756 31.40756 31.40756 31.40756 31.40756 31.40756 31.40756 31.40756 31.65618 32.81496 30.33287 11.39308 11.13812 11.13813 11.13813 11.13813 11.13812 9.684031 10.69746 11.13813 11.13813 11.13812 11.10093 9.535983 9.890602 10.18934 9.946102 2.916286 2.63505 2.63505 2.63505 2.63505 2.63505 2.63505 2.63505 2.63505 2.63505 2.63505 2.63505 2.63505 2.63505 2.63505 2.63505 2.63505 2.63505 2.63505 6.937455 17.93351 2.894573 2.632674 2.632674 2.632674
15.95796 15.95796 15.95796 15.95796 15.95796 15.95796 15.95796 15.95796 15.95796 15.95796 15.95796 15.95796 15.95796 15.95796 15.95796 15.95796 15.95796 15.95796 15.95796 23.54094 31.40756 31.40756 31.40756 31.40756 31.40756 31.40756 31.40756 31.40756 31.40756 31.40756 32.307 32.86766 26.1579 11.13813 11.13813 11.13813 11.13813 11.13813 11.13813 11.13813 11.13813 11.13813 11.13813 11.13813 11.13813 11.13813 11.13813 11.13813 8.926873 2.63505 2.63505 2.63505 2.63505 2.63505 2.63505 2.63505 2.63505 2.63505 2.63505 2.63505 2.63505 2.63505 2.63505 3.201714 10.60613 9.261191 13.79895 13.74849 17.99974 17.21797 2.632674 2.632674 2.632674 2.632674
15.95796 15.95796 15.95796 15.95796 15.95796 15.95796 15.95796 15.95796 15.95796 15.95796 15.95796 15.95796 15.95796 15.95796 15.95796 15.95796 15.95796 15.95796 16.43071 30.93822 31.40756 31.40756 31.40756 31.40756 31.40756 31.40756 31.40756 31.40756 31.40756 31.48891 32.85062 32.86766 29.94648 11.13813 11.13813 11.13812 11.13813 11.13812 11.13813 11.13812 11.13813 11.13812 11.13812 11.13812 11.13813 11.13812 11.13813 11.13813 9.986179 2.63505 2.63505 2.63505 2.63505 2.63505 2.63505 2.63505 2.63505 2.63505 2.63505 2.63505 2.63505 2.63505 2.63505 6.834752 19.43917 19.43917 19.43917 19.43917 19.43917 10.0433 2.632674 2.632674 2.632674 2.632674
15.95796 15.95796 15.95796 15.95796 15.95796 15.95796 15.95796 15.95796 15.95796 15.95796 15.95796 15.95796 15.95796 15.95796 15.95796 15.95796 15.95796 15.95796 15.95796 27.47176 19.46133 18.06623 18.28892 30.00797 31.40756 31.40755 31.40756 31.40755 31.40756 31.59025 32.86767 32.86767 27.68593 11.13813 11.13813 11.13813 11.13813 11.13813 11.13813 11.13813 11.13813 11.13813 11.13813 11.13813 11.13813 11.13812 11.13813 11.13813 11.12491 3.799758 2.63505 2.63505 2.63505 2.63505 2.63505 2.63505 2.63505 2.63505 2.63505 2.63505 2.63505 2.63505 2.63505 3.773553 18.41369 19.43917 19.43917 19.43917 19.43917 17.64401 13.66327 3.947583 2.632674 2.632674
15.95796 15.95796 15.95796 15.95796 15.95796 15.95796 15.95796 15.95796 15.95796 15.95796 15.95796 15.95796 15.95796 15.95796 15.95796 15.95796 15.95796 15.95796 15.95796 15.95796 15.95796 15.95796 15.95796 16.52645 29.22137 31.40756 31.40756 31.40756 31.40756 31.99781 32.86767 32.86767 29.96728 11.19414 11.13813 11.13813 11.13813 11.13813 11.13813 11.13813 11.13813 11.13813 11.13813 11.13813 11.13813 11.13813 11.13813 11.14851 13.29887 12.64616 4.270975 2.63505 2.63505 2.63505 2.63505 2.63505 2.63505 2.63505 2.63505 2.63505 2.63505 3.059783 8.267857 9.865539 18.36158 19.43917 19.43917 19.43917 19.43917 19.43917 19.43917 7.327885 2.632674 2.632674
15.95796 15.95796 15.95796 15.95796 15.95796 15.95796 15.95796 15.95796 15.95796 15.95796 15.95796 15.95796 15.95796 15.95796 15.95796 15.95796 15.95796 15.95796 15.95796 15.95796 15.95796 15.95796 15.95796 15.99298 30.97735 31.40756 31.40756 31.40756 31.44144 32.66753 32.86766 32.86767 32.86766 13.81008 11.13813 11.13813 11.13813 11.13813 11.13813 11.13813 11.13813 11.13813 11.13813 11.13813 11.13813 11.13813 11.77528 17.36451 19.43917 19.43917 8.875814 2.63505 2.63505 2.63505 2.63505 2.63505 2.63505 2.63505 2.63505 2.63505 2.63505 12.3724 19.43917 19.43917 19.43917 19.43917 19.43917 19.43917 19.43917 19.43917 19.43917 11.81989 2.632674 2.632674
15.95796 15.95796 15.95796 15.95796 15.95796 15.95796 15.95796 15.95796 15.95796 15.95796 15.95796 15.95796 15.95796 15.95796 15.95796 15.95796 15.95796 15.95796 15.95796 15.95796 15.95796 15.95796 15.95796 15.95796 25.37422 31.40756 31.40756 34.04973 58.62788 32.86767 32.86766 32.86766 32.86766 14.64407 11.13813 11.13813 11.13813 11.13813 11.13813 11.13813 11.13813 11.13813 11.13813 11.13813 11.13813 11.13813 16.47365 19.43917 19.43917 19.43917 14.1707 4.193225 2.63505 4.734832 12.94046 14.95391 13.3619 3.753157 2.63505 2.63505 6.917943 19.20171 19.43917 19.43917 19.43917 19.43917 19.43917 19.43917 19.43917 19.43917 19.43917 15.46338 2.632674 2.632674
15.95796 15.95796 15.95796 15.95796 15.95796 15.95796 15.95796 15.95796 15.95796 15.95796 15.95796 15.95796 15.95796 15.95796 15.95796 15.95796 15.95796 15.95796 15.95796 15.95796 15.95796 15.95796 15.95796 15.95796 16.23018 26.32466 29.45127 30.71074 68.59322 32.86767 32.86767 32.86767 32.86766 15.02945 11.13813 11.13813 11.13813 11.13813 11.13813 11.13813 11.13812 11.13813 11.13813 13.1916 17.94951 12.67023 18.15432 19.43917 19.43917 19.43917 19.43917 18.83549 14.1145 17.93626 19.43917 19.43917 19.43917 17.1515 6.560306 7.642083 18.80562 19.43917 19.43917 19.43917 19.43917 19.43917 19.43917 19.43917 19.43917 19.43917 19.43917 19.39512 7.96057 2.632674
15.95796 15.95796 15.95796 15.95796 15.95796 15.95796 15.95796 15.95796 15.95796 15.95796 15.95796 15.95796 15.95796 15.95796 15.95796 15.95796 15.95796 15.95796 15.95796 15.95796 15.95796 15.95796 15.95796 15.95796 15.95796 15.95796 15.95796 44.66733 105.7023 32.86766 32.86766 32.86766 32.86767 16.8504 11.13812 11.13812 11.13812 11.13813 11.13813 11.13813 11.13813 14.30653 35.81768 50.59739 51.91425 43.10121 19.43917 19.43917 19.43917 19.43917 19.43917 19.43917 19.43917 19.43917 19.43917 19.43917 19.43917 19.43917 19.43917 19.43917 19.43917 19.43917 19.43917 19.43917 19.43917 19.43917 19.43917 19.43917 19.43917 19.43917 19.43917 19.43917 18.64336 5.310175
15.95796 15.95796 15.95796 15.95796 15.95796 15.95796 15.95796 15.95796 15.95796 15.95796 15.95796 15.95796 15.95796 15.95796 15.95796 15.95796 15.95796 15.95796 15.95796 15.95796 15.95796 15.95796 15.95796 16.16909 25.46409 25.12023 15.95796 85.62444 156.0736 44.70393 32.86766 32.86767 32.86766 16.90684 11.13813 11.13813 11.13813 11.13813 11.13813 11.13813 19.20974 48.73306 51.91426 51.91426 50.70346 29.11413 19.43917 19.43917 19.43917 19.43917 19.43917 19.43917 19.43917 19.43917 19.43917 19.43917 19.43917 19.43917 19.43917 19.43917 19.43917 19.43917 19.43917 19.43917 19.43917 19.43917 19.43917 19.43917 19.43917 19.43917 19.43917 19.43917 18.40597 5.524191
18.28576 21.65799 15.95796 15.95796 15.95796 15.95796 15.95796 15.95796 15.95796 15.95796 15.95796 15.95796 15.95796 15.95796 15.95796 15.95796 15.95796 15.95796 15.95796 15.95796 15.95796 15.95796 15.95796 16.90385 27.27951 21.88056 24.14162 142.7639 156.1529 110.7237 32.86767 32.86767 32.86767 15.11926 11.13813 11.13813 11.13813 11.13813 11.13813 11.13813 34.88687 51.91426 51.91426 51.91426 37.18395 19.43917 19.43917 19.43917 19.43917 19.43917 19.43917 19.43917 19.43917 19.43917 19.43917 19.43917 19.43917 19.43917 19.43917 19.43917 19.43917 19.43917 19.43917 19.43917 19.43917 19.43917 19.43917 19.43917 19.43917 19.43917 19.43917 19.43917 12.3971 2.632674
31.40756 31.40756 31.40356 16.11773 15.95796 15.95796 15.95796 15.95796 15.95796 15.95796 15.95796 15.95796 15.95796 15.95796 15.95796 15.95796 15.95796 15.95796 15.95796 15.95796 15.95796 15.95796 15.95796 25.72586 28.6849 18.18106 23.82235 30.81415 111.472 131.0672 32.86766 32.86766 32.86766 16.12402 11.13812 11.13813 11.13813 11.13813 11.13812 11.13813 45.84885 51.91425 51.91425 48.20762 20.02106 19.43917 19.43917 19.43917 19.43917 19.43917 19.43917 19.43917 19.43917 19.43917 19.43917 19.43917 19.43917 19.43917 19.43917 19.43917 19.43917 19.43917 19.43917 19.43917 19.43917 19.43917 19.43917 19.43917 19.43917 19.43917 19.43917 18.7575 4.222104 2.632674
0 0 31.40756 29.51344 19.87305 16.18978 15.95796 15.95796 15.95796 15.95796 15.95796 15.95796 15.95796 15.95796 15.95796 15.95796 15.95796 15.95796 15.95796 15.95796 15.95796 15.95796 17.45704 28.29547 30.02176 29.74168 30.02176 38.52931 147.6848 156.3397 101.8613 47.8184 32.86766 17.38197 11.13813 11.13813 11.13813 11.13813 11.13813 11.13813 47.89064 51.91426 51.91426 50.4381 42.33756 37.18194 19.85578 19.43917 19.43917 19.43917 19.43917 19.43917 19.43917 19.43917 19.43917 19.43917 19.43917 19.43917 19.43917 19.43917 19.43917 19.43917 19.43917 19.43917 19.43917 19.43917 19.43917 19.43917 19.43917 19.43917 19.43917 16.07103 2.632674 2.632674
0 0 0 0 31.40756 21.53779 15.95796 15.95796 15.95796 15.95796 15.95796 15.95796 15.95796 15.95796 15.95796 15.95796 15.95796 15.95796 15.95796 15.95796 15.95796 17.88349 28.20729 30.02176 30.02176 30.02176 30.02176 30.02176 32.83689 67.11707 158.6071 157.354 184.9566 155.0389 39.49626 11.13812 11.13812 11.13813 11.13812 17.66411 51.85321 51.91426 51.91426 49.95555 45.3715 45.3715 29.45906 19.43917 19.43917 19.43917 19.43917 19.43917 19.43917 19.43917 19.43917 19.43917 19.43917 19.43917 19.43917 19.43917 19.43917 19.43917 19.43917 19.43917 19.43917 19.43917 19.43917 19.43917 19.43917 19.43917 19.43917 18.90314 2.970058 2.632674
0 0 0 0 0 0 15.95796 15.95796 15.95796 15.95796 15.95796 15.95796 15.95796 15.95796 15.95796 15.95796 15.95796 15.95796 15.95796 15.95796 18.0461 28.61983 30.02176 30.02176 30.02176 30.02176 30.02176 30.02176 30.02176 33.21366 153.4809 159.8351 258.1343 411.7396 311.9666 180.9369 11.13813 11.13813 16.1897 39.81385 51.91426 51.91426 51.91426 48.34694 45.37151 45.37151 41.99113 22.32796 19.43917 19.43917 19.43917 19.43917 19.43917 19.43917 19.43917 19.43917 19.43917 19.43917 19.43917 19.43917 19.43917 19.43917 19.43917 19.43917 19.43917 19.43917 19.43917 19.43917 19.43917 19.43917 19.43917 15.09226 2.632674 2.632674
0 0 0 0 0 0 0 0 15.95796 15.95796 15.95796 15.95796 15.95796 15.95796 15.95796 15.95796 15.95796 15.95796 15.95796 16.05134 27.84192 30.02176 30.02176 30.02176 30.02176 30.02176 30.02176 30.02176 30.02176 30.02176 97.78921 159.8351 219.059 412.5791 413.2384 408.8051 38.59495 38.48649 51.75668 51.91426 51.91426 51.91426 51.91426 46.68763 45.3715 45.37151 45.3715 41.5105 21.91437 19.43917 19.43917 19.43917 19.43917 19.43917 19.43917 19.43917 19.43917 19.43917 19.43917 19.43917 19.43917 19.43917 19.43917 19.43917 19.43917 19.43917 19.43917 19.43917 19.43917 19.43917 19.43917 13.28309 2.632674 2.632674
0 0 0 0 0 0 0 0 0 0 15.95796 15.95796 15.95796 15.95796 15.95796 15.95796 15.95796 15.95796 15.95796 15.95796 25.19252 30.02176 30.02176 30.02176 30.02176 30.02176 30.02176 30.02176 30.02176 30.02176 30.23919 59.56671 284.7737 376.456 413.2384 413.2384 308.2579 73.35132 51.91426 51.91426 51.91426 51.91426 51.91426 46.17076 45.3715 45.3715 45.3715 45.3715 34.49184 19.43917 19.43917 19.43917 19.43917 19.43917 19.43917 19.43917 19.43917 19.43917 19.43917 19.43917 19.43917 19.43917 19.43917 19.43917 19.43917 19.43917 19.43917 19.43917 19.43917 19.43917 19.43917 16.86102 2.632674 2.632674
0 0 31.40756 31.40756 0 0 0 0 0 0 0 15.95796 15.95796 15.95796 15.95796 15.95796 15.95796 15.95796 15.95796 15.95796 25.76957 30.02176 30.02177 30.02176 30.02176 30.02176 30.02177 30.02176 30.02176 30.02176 30.02176 30.02176 30.02177 73.51999 297.1976 407.2899 132.267 51.91426 51.91425 51.91426 51.91425 51.91426 51.34504 45.73179 45.37151 45.3715 45.37151 45.18852 24.89385 19.43917 19.43917 19.43917 19.43917 19.43917 19.43917 19.43917 19.43917 19.43917 19.43917 19.43917 19.43917 19.43917 19.43917 19.43917 19.43917 19.43917 19.43917 19.43917 19.43917 19.43917 19.43917 10.08356 2.632674 2.632674
0 0 0 31.40756 0 0 0 0 0 0 0 0 0 15.95796 15.95796 15.95796 15.95796 15.95796 15.95796 15.95796 20.48127 30.02177 30.02176 30.02176 30.02176 30.02177 30.02176 30.02177 30.02176 30.02176 30.02176 30.32999 35.66358 42.11502 168.9239 355.0466 51.91426 51.91426 51.91425 51.91425 51.91425 51.91426 47.86374 45.37151 45.37151 45.37151 45.3715 44.42665 19.43917 19.43917 19.43917 19.43917 19.43917 19.43917 19.43917 19.43917 19.43917 19.43917 19.43917 19.43917 19.43917 19.43917 19.43917 19.43917 19.43917 19.43917 19.43917 19.43917 19.43917 19.43917 19.43917 16.34128 3.156608 2.632674
0 0 0 0 0 0 0 0 0 0 0 0 15.95796 15.95796 15.95796 15.95796 15.95796 15.95796 15.95796 15.95796 16.0324 26.96276 30.02176 30.02176 30.02176 30.02176 30.02176 30.02176 30.02176 30.02176 30.02176 40.08607 42.261 42.261 92.48624 137.2808 51.91425 51.91425 51.91426 51.91425 51.91426 51.4368 45.48497 45.3715 45.37151 45.3715 45.37151 45.36963 29.59106 19.43917 19.43917 19.43917 19.43917 19.43917 19.43917 19.43917 19.43917 19.43917 19.43917 19.43917 19.43917 19.43917 19.43917 19.43917 19.43917 19.43917 19.43917 19.43917 19.43917 19.43917 19.43917 16.87156 3.080951 2.632674
