Scenarios/Global_Grid/data/country_data_population_distribution/processed/density_grids/sau.asc
ncols 520
nrows 390
xllcorner 34
yllcorner 16
[rows 297 to 329 of 390, columns 222 to 295 of 520]
2.632674 2.632674 2.632674 2.632674 2.632674 2.632674 2.632674 2.632674 2.632674 2.632674 2.632674 2.632674 2.632674 2.632674 2.632674 2.632674 2.632674 2.632674 2.632674 2.632674 2.632674 2.632674 2.632674 2.632674 2.632674 2.632674 3.178734 3.343227 3.343227 3.343227 3.343227 3.343227 3.343227 3.343227 3.343227 3.343227 3.343227 3.343227 3.343227 3.343227 3.343227 3.343227 3.343227 3.343227 3.343227 3.343227 3.343227 3.343227 3.343227 3.343227 3.079116 0.8347495 0.8347495 0.8347495 0.8347495 0.8347495 0.8347495 0.8347495 0.8347495 0.8347495 0.8347495 0.8347495 0.8347495 0.8347495 0.8347495 0.8347495 0.8347495 0.8347495 0.8347495 0.8347495 0.8347495 0.8347495 0.8347495 0.8347495
2.632674 2.632674 2.632674 2.632674 2.632674 2.632674 2.632674 2.632674 2.632674 2.632674 2.632674 2.632674 2.632674 2.632674 2.632674 2.632674 2.632674 2.632674 2.632674 2.632674 2.632674 2.632674 2.632674 2.632674 2.632674 2.632674 3.22107 3.343227 3.343227 3.343227 3.343227 3.343227 3.343227 3.343227 3.343227 3.343227 3.343227 3.343227 3.343227 3.343227 3.343227 3.343227 3.343227 3.343227 3.343227 3.343227 3.343227 3.343227 3.295166 1.638089 0.9123157 0.8347495 0.8347495 0.8347495 0.8347495 0.8347495 0.8347495 0.8347495 0.8347495 0.8347495 0.8347495 0.8347495 0.8347495 0.8347495 0.8347495 0.8347495 0.8347495 0.8347495 0.8347495 0.8347495 0.8347495 0.8347495 0.8347495 0.8347495
2.632674 2.632674 2.632674 2.632674 2.632674 2.632674 2.632674 2.632674 2.632674 2.632674 2.632674 2.632674 2.632674 2.632674 2.632674 2.632674 2.632674 2.632674 2.632674 2.632674 2.632674 2.632674 2.632674 2.632674 2.632674 2.652631 3.211913 3.343227 3.343227 3.343227 3.343227 3.343227 3.343227 3.343227 3.343227 3.343227 3.343227 3.343227 3.343227 3.343227 3.343227 3.343227 3.343227 3.343227 3.343227 3.343227 3.343227 3.343227 2.907774 0.8347495 0.8347495 0.8347495 0.8347495 0.8347495 0.8347495 0.8347495 0.8347495 0.8347495 0.8347495 0.8347495 0.8347495 0.8347495 0.8347495 0.8347495 0.8347495 0.8347495 0.8347495 0.8347495 0.8347495 0.8347495 0.8347495 0.8347495 0.8347495 0.8347495
2.632674 2.632674 2.632674 2.632674 2.632674 2.632674 2.632674 2.632674 2.632674 2.632674 2.632674 2.632674 2.632674 2.632674 2.632674 2.632674 2.632674 2.632674 2.632674 2.632674 2.632674 2.632674 2.632674 2.632674 2.632674 2.632674 2.918636 3.343227 3.343227 3.343227 3.343227 3.343227 3.343227 3.343227 3.343227 3.343227 3.343227 3.343227 3.343227 3.343227 3.343227 3.343227 3.343227 3.343227 3.343227 3.343227 3.343227 3.343227 3.240622 0.8347495 0.8347495 0.8347495 0.8347495 0.8347495 0.8347495 0.8347495 0.8347495 0.8347495 0.8347495 0.8347495 0.8347495 0.8347495 0.8347495 0.8347495 0.8347495 0.8347495 0.8347495 0.8347495 0.8347495 0.8347495 0.8347495 0.8347495 0.8347495 0.8347495
2.632674 2.632674 2.632674 2.632674 2.632674 2.632674 2.632674 2.632674 2.632674 2.632674 2.632674 2.632674 2.632674 2.632674 2.632674 2.632674 2.632674 2.632674 2.632674 2.632674 2.632674 2.632674 2.632674 2.632674 2.946547 3.214498 3.332263 3.343227 3.343227 3.343227 3.343227 3.343227 3.343227 3.343227 3.343227 3.343227 3.343227 3.343227 3.343227 3.343227 3.343227 3.343227 3.343227 3.343227 3.343227 3.343227 3.343227 3.343227 3.316602 0.8347495 0.8347495 0.8347495 0.8347495 0.8347495 0.8347495 0.8347495 0.8347495 0.8347495 0.8347495 0.8347495 0.8347495 0.8347495 0.8347495 0.8347495 0.8347495 0.8347495 0.8347495 0.8347495 0.8347495 0.8347495 0.8347495 0.8347495 0.8347495 0.8347495
2.632674 2.632674 2.632674 2.632674 2.632674 2.632674 2.632674 2.632674 2.632674 2.632674 2.632674 2.632674 2.632674 2.632674 2.632674 2.632674 2.632674 2.632674 2.632674 2.632674 2.632674 2.632674 2.632674 2.726495 3.293065 3.343227 3.343227 3.343227 3.342426 3.342434 3.343228 3.343227 3.343227 3.343228 3.343227 3.343227 3.343227 3.343227 3.343227 3.343227 3.343227 3.343227 3.343227 3.343228 3.343227 3.343227 3.343227 3.343227 3.183261 0.8347495 0.8347496 0.8347495 0.8347496 0.8347495 0.8347496 0.8347496 0.8347496 0.8347496 0.8347496 0.8347496 0.8347496 0.8347495 0.8347496 0.8347495 0.8347496 0.8347495 0.8347496 0.8347496 0.8347496 0.8347496 0.8347496 0.8347495 0.8347496 0.8347495
2.632674 2.632674 2.632674 2.632674 2.632674 2.632674 2.632674 2.632674 2.632674 2.632674 2.632674 2.632674 2.632674 2.632674 2.632674 2.632674 2.632674 2.632674 2.632674 2.632674 2.632674 2.632674 2.632674 2.632674 2.957259 3.341839 3.3415 3.258044 2.78374 3.182877 3.343227 3.343227 3.343227 3.343227 3.343227 3.343227 3.343227 3.343227 3.343227 3.343227 3.343227 3.338846 3.199934 3.010468 2.87835 2.75308 2.744714 3.343227 2.191785 0.8347495 0.8347495 0.8347495 0.8347496 0.8347494 0.8347495 0.8347495 0.8347495 0.8347496 0.8347496 0.8347496 0.8347495 0.8347495 0.8347495 0.8347495 0.8347495 0.8347495 0.8347495 0.8347496 0.8347495 0.8347495 0.8347495 0.8347495 0.8347495 0.8347495
2.632674 2.632674 2.632674 2.632674 2.632674 2.632674 2.632674 2.632674 2.632674 2.632674 2.632674 2.632674 2.632674 2.632674 2.632674 2.632674 2.632674 2.632674 2.632674 2.632674 2.632674 2.632674 2.632674 2.632674 2.632674 2.665704 2.640111 2.632674 2.632674 2.833954 3.066872 2.893601 2.720477 2.606581 2.547618 2.367918 2.117399 1.908268 1.88562 1.877083 1.725679 1.527734 1.464291 1.464291 1.464291 1.464291 1.7501 3.055334 0.834996 0.8347495 0.843565 0.8507256 0.8347495 0.8347495 0.8347495 0.8347495 0.8347495 0.8347495 0.8347495 0.8347495 0.8347495 0.8347495 0.8347495 0.8347495 0.8347495 0.8347495 0.8347495 0.8347495 0.8347495 0.8347495 0.8347495 0.8347495 0.8347495 0.8347495
2.632674 2.632674 2.632674 2.632674 2.632674 2.632674 2.632674 2.632674 2.632674 2.632674 2.632674 2.632674 2.632674 2.632674 2.632674 2.632674 2.632674 2.632674 2.632674 2.632674 2.632674 2.632674 2.632674 2.632674 2.632674 2.632674 2.632674 2.632674 2.632674 2.632077 1.473525 1.464291 1.464291 1.464291 1.464291 1.464291 1.464291 1.464291 1.464291 1.464291 1.464291 1.464291 1.464291 1.464291 1.464291 1.464291 1.486182 1.532 1.346923 1.406874 1.45801 1.097909 0.8347495 0.8347495 0.8347495 0.8347495 0.8347495 0.8347495 0.8347495 0.8347495 0.8347495 0.8347495 0.8347495 0.8347495 0.8347495 0.8347495 0.8347495 0.8347495 0.8347495 0.8347495 0.8347495 0.8347495 0.8347495 0.8347495
2.632674 2.632674 2.632674 2.632674 2.632674 2.632674 2.632674 2.632674 2.632674 2.632674 2.632674 2.632674 2.632674 2.632674 2.632674 2.632674 2.632674 2.632674 2.632674 2.632674 2.632674 2.632674 2.632674 2.632674 2.632674 2.632674 2.632674 2.632674 2.632674 2.630996 1.503274 1.464291 1.464291 1.464291 1.464291 1.464291 1.464291 1.464291 1.464291 1.464291 1.464291 1.464291 1.464291 1.464291 1.464291 1.464291 1.464291 1.464291 1.464291 1.464291 1.464291 1.156929 0.8347494 0.8347495 0.8347495 0.8347495 0.8347495 0.8347495 0.8347494 0.8347495 0.8347494 0.8347495 0.8347495 0.8347495 0.8347494 0.8347495 0.8347494 0.8347494 0.8347494 0.8347494 0.8347494 0.8347495 0.8347494 0.8347494
2.632674 2.632674 2.632674 2.632674 2.632674 2.632674 2.632674 2.632674 2.632674 2.632674 2.632674 2.632674 2.632674 2.632674 2.632674 2.632674 2.632674 2.632674 2.632674 2.632674 2.632674 2.632674 2.632674 2.632674 2.632674 2.632674 2.632674 2.632674 2.632674 2.632674 2.18798 2.089769 1.581612 1.464291 1.464291 1.464291 1.464291 1.464291 1.464291 1.464291 1.464291 1.464291 1.464291 1.464291 1.464291 1.464291 1.464291 1.464291 1.464291 1.464291 1.464291 1.215948 0.8347495 0.8347495 0.8347495 0.8347495 0.8347495 0.8347495 0.8347495 0.8347495 0.8347495 0.8347495 0.8347495 0.8347496 0.8347495 0.8347496 0.8347495 0.8347495 0.8347495 0.8347496 0.8347495 0.8347496 0.8347495 0.8347496
2.632674 2.632674 2.632674 2.632674 2.632674 2.632674 2.632674 2.632674 2.632674 2.632674 2.632674 2.632674 2.632674 2.632674 2.632674 2.632674 2.632674 2.632674 2.632674 2.632674 2.632674 2.632674 2.632674 2.632674 2.632674 2.632674 2.632674 2.632674 2.632674 2.632674 2.632674 2.405258 1.467936 1.464291 1.464291 1.464291 1.464291 1.464291 1.464291 1.464291 1.464291 1.464291 1.464291 1.464291 1.464291 1.464291 1.464291 1.464291 1.464291 1.464291 1.464291 1.274968 0.8347495 0.8347495 0.8347494 0.8347495 0.8642782 1.037174 0.8400283 0.8347495 0.8347495 0.8347495 0.8347494 0.8347495 0.8347494 0.8347495 0.8347495 0.8347495 0.8347494 0.8347495 0.8347494 0.8347495 0.8347495 0.8347495
2.632674 2.632674 2.632674 2.632674 2.632674 2.632674 2.632674 2.632674 2.632674 2.632674 2.632674 2.632674 2.632674 2.632674 2.632674 2.632674 2.632674 2.632674 2.632674 2.632674 2.632674 2.632674 2.632674 2.632674 2.632674 2.632674 2.632674 2.632674 2.632674 2.632674 2.632674 2.429507 1.585282 1.464291 1.464291 1.464291 1.464291 1.464291 1.464291 1.464291 1.464291 1.464291 1.464291 1.464291 1.464291 1.464291 1.464291 1.464291 1.464291 1.464291 1.464291 1.333987 0.8347495 0.9005027 1.089989 1.282346 1.445167 1.421175 0.8347495 0.8347495 0.8347495 0.8347495 0.8347495 0.8347495 0.8347495 0.8347495 0.8347495 0.8347495 0.8347495 0.8347495 0.8347495 0.8347495 0.8347495 0.8347495
2.632674 2.632674 2.632674 2.632674 2.632674 2.632674 2.632674 2.632674 2.632674 2.632674 2.632674 2.632674 2.632674 2.632674 2.632674 2.632674 2.632674 2.632674 2.632674 2.632674 2.632674 2.632674 2.632674 2.632674 2.632674 2.632674 2.632674 2.632674 2.632674 2.632674 2.630283 2.02866 2.012466 1.464291 1.464291 1.464291 1.464291 1.464291 1.464291 1.464291 1.464291 1.464291 1.464291 1.464291 1.464291 1.464291 1.464291 1.464291 1.464291 1.464291 1.464291 1.430457 1.334804 1.461406 1.464291 1.464291 1.464291 1.349162 0.8347495 0.8347495 0.8347495 0.8347495 0.8347495 0.8347495 0.8472127 0.9118395 0.9740154 1.036163 1.09831 1.160455 1.2226 1.288181 1.375515 1.466667
2.632674 2.632674 2.632674 2.632674 2.632674 2.632674 2.632674 2.632674 2.632674 2.632674 2.632674 2.632674 2.632674 2.632674 2.632674 2.632674 2.632674 2.632674 2.632674 2.632674 2.632674 2.632674 2.632674 2.632674 2.632674 2.632674 2.632674 2.632674 2.632674 2.632674 2.405233 1.464291 1.46482 1.464291 1.464291 1.464291 1.464291 1.464291 1.464291 1.464291 1.464291 1.464291 1.464291 1.464291 1.464291 1.464291 1.464291 1.464291 1.464291 1.464291 1.464291 1.464291 1.464291 1.464291 1.464291 1.464291 1.464291 1.404358 1.271999 1.358908 1.44023 1.521536 1.602839 1.684142 1.752982 1.761081 1.761081 1.761081 1.761081 1.761081 1.761081 1.761081 1.761081 1.761081
2.632674 2.632674 2.632674 2.632674 2.632674 2.632674 2.632674 2.632674 2.632674 2.632674 2.632674 2.632674 2.632674 2.632674 2.632674 2.632674 2.632674 2.632674 2.632674 2.632674 2.632674 2.632674 2.632674 2.632674 2.632674 2.632674 2.632674 2.632674 2.632674 2.583119 1.660093 1.464291 1.464291 1.464291 1.464291 1.464291 1.464291 1.464291 1.464291 1.464291 1.464291 1.464291 1.464291 1.464291 1.464291 1.464291 1.464291 1.464291 1.464291 1.464291 1.464291 1.464291 1.464291 1.464291 1.464291 1.464291 1.464291 1.612328 1.761081 1.761081 1.761081 1.761081 1.761081 1.761081 1.761081 1.761081 1.761081 1.761081 1.761081 1.761081 1.761081 1.761081 1.761081 1.761081
2.632674 2.632674 2.632674 2.632674 2.632674 2.632674 2.632674 2.632674 2.632674 2.632674 2.632674 2.632674 2.632674 2.632674 2.632674 2.632674 2.632674 2.632674 2.632674 2.632674 2.632674 2.632674 2.632674 2.632674 2.632674 2.632674 2.632674 2.632674 2.632674 2.421614 1.464291 1.464291 1.464291 1.464291 1.464291 1.464291 1.464291 1.464291 1.464291 1.464291 1.464291 1.464291 1.464291 1.464291 1.464291 1.464291 1.464291 1.464291 1.464291 1.464291 1.464291 1.464291 1.464291 1.464291 1.464291 1.464291 1.464291 1.675269 1.761081 1.761081 1.761081 1.761081 1.761081 1.761081 1.761081 1.761081 1.761081 1.761081 1.761081 1.761081 1.761081 1.761081 1.761081 1.761081
10.62389 3.438921 2.632674 2.632674 2.632674 2.632674 2.632674 2.632674 2.632674 2.632674 2.632674 2.632674 2.632674 2.632674 2.632674 2.632674 2.632674 2.632674 2.632674 2.632674 2.632674 2.632674 2.632674 2.632674 2.632674 2.632674 2.632674 2.632674 2.632674 2.530301 1.464291 1.464291 1.464291 1.464291 1.464291 1.464291 1.464291 1.464291 1.464291 1.464291 1.464291 1.464291 1.464291 1.464291 1.464291 1.464291 1.464291 1.464291 1.464291 1.464291 1.464291 1.464291 1.464291 1.464291 1.464291 1.464291 1.464291 1.717747 1.761081 1.761081 1.761081 1.761081 1.761081 1.761081 1.761081 1.761081 1.761081 1.761081 1.761081 1.761081 1.761081 1.761081 1.761081 1.761081
98.44322 35.23472 2.632674 2.632674 6.42568 13.61871 6.192545 34.02813 8.56722 2.632674 2.632674 2.632674 2.632674 2.632674 2.632674 2.632674 2.632674 2.632674 2.632674 2.632674 2.632674 2.632674 2.632674 2.632674 2.632674 2.632674 2.632674 2.632674 2.632674 2.612404 1.464291 1.464291 1.464291 1.464291 1.464291 1.464291 1.464291 1.464291 1.464291 1.464291 1.464291 1.464291 1.464291 1.464291 1.464291 1.464291 1.464291 1.464291 1.464291 1.464291 1.464291 1.464291 1.464291 1.464291 1.464291 1.464291 1.464291 1.716424 1.761081 1.761081 1.761081 1.761081 1.761081 1.761081 1.761081 1.761081 1.761081 1.761081 1.761081 1.761081 1.761081 1.761081 1.761081 1.761081
100.9774 93.1917 2.632674 2.632674 24.47021 87.34018 91.5425 100.3265 9.919031 2.632674 2.632674 2.632674 2.632674 2.632674 2.632674 2.632674 2.632674 2.632674 2.632674 2.632674 2.632674 2.632674 2.632674 2.632674 2.632674 2.632674 2.632674 2.560789 2.327264 2.287415 1.464291 1.464291 1.464291 1.464291 1.464291 1.464291 1.464291 1.464291 1.464291 1.464291 1.464291 1.464291 1.464291 1.464291 1.464291 1.464291 1.464291 1.464291 1.464291 1.464291 1.464291 1.464291 1.464291 1.464291 1.464291 1.464291 1.464291 1.688247 1.761081 1.761081 1.761081 1.761081 1.761081 1.761081 1.761081 1.761081 1.761081 1.761081 1.761081 1.761081 1.761081 1.761081 1.761081 1.761081
100.9774 95.52325 39.6019 57.24168 97.45083 100.9774 100.9774 74.79034 2.632674 2.632674 2.632674 2.632674 2.632674 2.632674 2.632674 2.632674 2.632674 2.632674 2.632674 2.632674 2.632674 2.632674 2.632674 2.632674 2.632419 2.623874 2.04657 1.508394 1.464291 1.464291 1.464291 1.464291 1.464291 1.464291 1.464291 1.464291 1.464291 1.464291 1.464291 1.464291 1.464291 1.464291 1.464291 1.464291 1.464291 1.464291 1.464291 1.464291 1.464291 1.464291 1.464291 1.464291 1.464291 1.464291 1.464291 1.464291 1.464291 1.65333 1.761081 1.761081 1.761081 1.761081 1.761081 1.761081 1.761081 1.761081 1.761081 1.761081 1.761081 1.761081 1.761081 1.761081 1.761081 1.761081
100.9774 100.9774 100.9774 100.9774 100.9774 100.9774 100.9774 53.51943 2.632674 2.632674 2.632674 2.632674 2.632674 2.632674 2.632674 2.632674 2.632674 2.632674 2.632674 2.632674 2.632674 2.632674 2.632674 2.590077 1.662172 1.573649 1.464291 1.464291 1.464291 1.464291 1.464291 1.464291 1.464291 1.464291 1.464291 1.464291 1.464291 1.464291 1.464291 1.464291 1.464291 1.464291 1.464291 1.464291 1.464291 1.464291 1.464291 1.464291 1.464291 1.464291 1.464291 1.464291 1.464291 1.464291 1.464291 1.464291 1.464291 1.651022 1.761081 1.761081 1.761081 1.761081 1.761081 1.761081 1.761081 1.761081 1.761081 1.761081 1.761081 1.761081 1.761081 1.761081 2.586973 12.26177
100.9774 100.9774 100.9774 100.9774 100.9774 100.9774 100.9774 65.11875 2.632674 2.632674 2.632674 2.632674 2.632674 2.632674 2.632674 2.632674 2.632674 2.632674 2.632674 2.632674 2.632674 2.632674 2.632674 1.978607 1.464291 1.464291 1.464291 1.464291 1.464291 1.464291 1.464291 1.464291 1.464291 1.464291 1.464291 1.464291 1.464291 1.464291 1.464291 1.464291 1.464291 1.464291 1.464291 1.464291 1.464291 1.464291 1.464291 1.464291 1.464291 1.464291 1.464291 1.464291 1.464291 1.464291 1.464291 1.464291 1.464291 1.68879 1.761081 1.761081 1.761081 1.761081 1.761081 1.761081 1.761081 1.761081 1.761081 1.761081 1.761081 1.761081 1.761081 7.340024 20.25881 22.76196
100.9774 100.9774 100.9774 100.9774 100.9774 100.9774 100.9774 29.29243 2.632674 2.632674 2.632674 2.632674 2.632674 2.632674 2.632674 2.632674 2.632674 2.632674 2.632674 2.632674 2.632674 2.632674 2.632674 1.952276 1.464291 1.464291 1.464291 1.464291 1.464291 1.464291 1.464291 1.464291 1.464291 1.464291 1.464291 1.464291 1.464291 1.464291 1.464291 1.464291 1.464291 1.464291 1.464291 1.464291 1.464291 1.464291 1.464291 1.464291 1.464291 1.464291 1.464291 1.464291 1.464291 1.464291 1.464291 1.464291 1.466161 1.742833 1.761081 1.761081 1.761081 1.761081 1.761081 1.761081 1.761081 1.761081 1.761081 1.761081 1.761081 4.234122 12.44279 22.30259 22.76196 22.76196
100.9774 100.9774 100.9774 100.9774 100.9774 100.6054 78.13777 3.39643 2.632674 2.632674 2.632674 2.632674 2.632674 2.632674 2.632674 2.632674 2.632674 2.632674 2.632674 2.632674 2.632674 2.632674 2.62696 2.230383 1.529486 1.464291 1.464291 1.464291 1.464291 1.464291 1.464291 1.464291 1.464291 1.464291 1.464291 1.464291 1.464291 1.464291 1.464291 1.464291 1.464291 1.464291 1.464291 1.464291 1.464291 1.464291 1.464291 1.464291 1.464291 1.464291 1.464291 1.464291 1.464291 1.464291 1.464291 1.464291 1.511511 1.761081 1.761081 1.761081 1.761081 1.761081 1.761081 1.761081 1.761081 1.761081 1.761081 1.761081 5.391698 21.95033 22.76196 22.76196 22.76196 22.76196
85.49569 100.9774 100.9774 100.9774 90.49149 55.39829 36.30234 2.632674 2.632674 2.632674 2.632674 2.632674 2.632674 2.632674 2.632674 2.632674 2.632674 2.632674 2.632674 2.632674 2.632674 2.632674 2.045043 1.464291 1.464291 1.464291 1.464291 1.464291 1.464291 1.464291 1.464291 1.464291 1.464291 1.464291 1.464291 1.464291 1.464291 1.464291 1.464291 1.464291 1.464291 1.464291 1.464291 1.464291 1.464291 1.464291 1.464291 1.464291 1.464291 1.464291 1.464291 1.464291 1.464291 1.464291 1.464291 1.464291 1.578414 1.761081 1.761081 1.761081 1.761081 1.761081 1.761081 1.761081 1.761081 1.761081 1.761081 7.235636 19.80303 22.76196 22.76196 22.76196 22.76196 22.76196
46.48884 57.59883 82.48369 98.53934 71.90733 45.61506 38.90063 2.632674 2.632674 2.632674 2.632674 2.632674 2.632674 2.632674 2.632674 2.632674 2.632674 2.632674 2.632674 2.632674 2.632674 2.243248 1.469284 1.464291 1.464291 1.464291 1.464291 1.464291 1.464291 1.464291 1.464291 1.464291 1.464291 1.464291 1.464291 1.464291 1.464291 1.464291 1.464291 1.464291 1.464291 1.464291 1.464291 1.464291 1.464291 1.464291 1.464291 1.464291 1.464291 1.464291 1.464291 1.464291 1.464291 1.464291 1.464291 1.464291 1.698775 1.761081 1.761081 1.761081 1.761081 1.761081 1.761081 1.761081 1.761081 1.761081 9.863313 22.76183 22.76196 22.76196 22.76196 22.76196 22.76196 22.76196
45.91722 45.61506 45.61506 47.65076 46.47576 45.61506 45.61493 13.00728 2.632674 2.632674 2.632674 2.632674 2.632674 2.632674 2.632674 2.632674 2.632674 2.632674 2.632674 2.632674 2.590894 1.511338 1.464291 1.464291 1.464291 1.464291 1.464291 1.464291 1.464291 1.464291 1.464291 1.464291 1.464291 1.464291 1.464291 1.464291 1.464291 1.464291 1.464291 1.464291 1.464291 1.464291 1.464291 1.464291 1.464291 1.464291 1.464291 1.464291 1.464291 1.464291 1.464291 1.464291 1.464291 1.464291 1.464291 1.464291 1.723482 1.761081 1.761081 1.761081 1.761081 1.761081 1.761081 1.761081 1.761081 1.879732 16.17868 22.76196 22.76196 22.76196 22.76196 22.76196 22.76196 22.76196
70.80956 45.64744 45.61506 45.61506 45.61506 45.61506 45.61506 42.0808 3.951496 2.632674 2.632674 2.632674 2.632674 2.632674 2.632674 2.632674 2.632674 2.632674 2.632674 2.632674 2.297383 1.464291 1.464291 1.464291 1.464291 1.464291 1.464291 1.464291 1.464291 1.464291 1.464291 1.464291 1.464291 1.464291 1.464291 1.464291 1.464291 1.464291 1.464291 1.665054 1.918956 1.627314 1.464291 1.464291 1.464291 1.464291 1.464291 1.464291 1.464291 1.464291 1.464291 1.464291 1.464291 1.464291 1.464291 1.502681 1.756003 1.761081 1.761081 1.761081 1.761081 1.761081 1.761081 1.761081 1.762339 13.43444 22.76196 22.76196 22.76196 22.76196 22.76196 22.76196 22.76196 22.76196
81.00188 46.14156 45.61506 45.61506 45.61506 45.61506 45.61506 45.61506 22.95094 2.632674 2.632674 2.632674 2.632674 2.632674 2.632674 2.632674 2.632674 2.632674 2.632674 2.632674 2.313524 1.591116 1.464291 1.464291 1.464291 1.464291 1.464291 1.464291 1.464291 1.464291 1.464291 1.464291 1.464291 1.464291 1.464291 1.464291 1.464291 1.638043 2.027185 2.205373 2.254882 2.232441 1.712658 1.464291 1.464291 1.464291 1.464291 1.464291 1.464291 1.464291 1.464291 1.464291 1.464291 1.464291 1.464291 1.71396 1.761081 1.761081 1.761081 1.761081 1.761081 1.761081 1.761081 1.761081 5.639321 22.76196 22.76196 22.76196 22.76196 22.76196 22.76196 22.76196 22.76196 22.76196
96.32407 69.68323 45.61506 45.61506 45.61506 45.61506 45.61506 45.61506 30.77141 2.632674 2.632674 2.632674 2.632674 2.632674 2.632674 2.632674 2.632674 2.632674 2.632674 2.632674 1.548673 1.464291 1.464291 1.464291 1.464291 1.464291 1.464291 1.464291 1.464291 1.464291 1.464291 1.464291 1.464291 1.464291 1.464291 1.464291 1.464291 1.87528 2.254883 2.254882 2.254883 2.254882 2.225907 1.799454 1.482044 1.464291 1.464291 1.464291 1.464291 1.464291 1.464291 1.464291 1.464291 1.464291 1.486439 1.760961 1.761081 1.761081 1.761081 1.761081 1.761081 1.761081 1.761081 1.761081 4.362414 22.51156 22.76196 22.76196 22.76196 22.76196 22.76196 22.76196 22.76196 22.76196
77.12946 46.86779 45.61506 45.61506 45.61505 45.61506 45.61506 45.61506 36.71936 2.718499 2.632674 2.632674 2.632674 2.632674 2.632674 2.632674 2.632674 2.632674 2.632674 2.343992 1.507843 1.464291 1.464291 1.464291 1.464291 1.464291 1.464291 1.464291 1.464291 1.464291 1.464291 1.464291 1.464291 1.551386 1.795101 1.570213 1.576649 2.195013 2.254883 2.254882 2.254883 2.254882 2.254883 2.246655 1.56945 1.464291 1.464291 1.464291 1.464291 1.464291 1.464291 1.464291 1.464291 1.464291 1.585163 1.761081 1.761081 1.761081 1.761081 1.761081 1.761081 1.761081 1.761081 1.761081 1.761081 16.22187 22.76196 22.76196 22.76196 22.76196 22.76196 22.76196 22.76196 22.76196
74.73801 45.61506 44.79996 38.58057 45.55043 45.61506 45.61506 45.61506 45.61506 4.319554 4.055025 27.49241 35.30804 19.54223 2.632674 2.632674 2.632674 2.632674 2.632674 2.536086 2.589262 1.755922 1.464291 1.464291 1.464291 1.464291 1.464291 1.464291 1.464291 1.464291 1.464291 1.464291 1.464291 2.109721 2.254883 1.961315 2.161328 2.254883 2.254883 2.254883 2.254883 2.254883 2.254883 2.066247 1.50645 1.464291 1.464291 1.464291 1.464291 1.464291 1.464291 1.464291 1.572577 1.782412 1.625248 1.761136 1.764917 1.761081 1.761081 1.761081 1.761081 1.761081 1.761081 1.761081 1.761081 11.8251 22.76196 22.76196 22.76196 22.76196 22.76196 22.76196 22.76196 22.76196
