Scenarios/Global_Grid/data/country_data_population_distribution/processed/density_grids/sdn.asc
ncols 429
nrows 341
xllcorner 21
yllcorner 8
[rows 31 to 61 of 341, columns 280 to 349 of 429]
3.293367 3.293368 3.293368 3.293368 3.293368 3.293368 3.293367 3.293368 3.293368 3.293368 3.293367 3.293368 3.293368 3.293368 3.293367 3.293368 3.293368 3.293368 3.293367 3.245346 3.110933 3.02122 3.02122 3.02122 3.02122 3.02122 3.02122 3.02122 3.02122 3.02122 3.02122 3.02122 3.02122 3.02122 3.02122 3.02122 3.02122 3.02122 3.02122 3.02122 3.02122 3.02122 3.02122 3.02122 3.02122 3.02122 3.02122 3.02122 3.02122 3.02122 3.02122 3.02122 3.02122 3.02122 3.02122 3.02122 3.02122 3.02122 3.02122 3.02122 3.02122 3.02122 3.02122 3.02122 3.02122 3.02122 3.02122 3.02122 3.02122 3.02122
3.293368 3.293368 3.293368 3.293368 3.293368 3.293368 3.293368 3.293368 3.293368 3.293368 3.293368 3.293368 3.293368 3.293368 3.293368 3.293368 3.293368 3.293368 3.293368 3.293368 3.293256 3.164049 3.02122 3.02122 3.02122 3.02122 3.02122 3.02122 3.02122 3.02122 3.02122 3.02122 3.02122 3.02122 3.02122 3.02122 3.02122 3.02122 3.02122 3.02122 3.02122 3.02122 3.02122 3.02122 3.02122 3.02122 3.02122 3.02122 3.02122 3.02122 3.02122 3.02122 3.02122 3.02122 3.02122 3.02122 3.02122 3.02122 3.02122 3.02122 3.02122 3.02122 3.02122 3.02122 3.02122 3.02122 3.02122 3.02122 3.02122 3.02122
3.293367 3.293368 3.293367 3.293368 3.293367 3.293368 3.293367 3.293368 3.293367 3.293368 3.293367 3.293368 3.293367 3.293368 3.293367 3.293368 3.293367 3.293368 3.293367 3.293367 3.293367 3.293368 3.10183 3.02122 3.02122 3.02122 3.02122 3.02122 3.02122 3.02122 3.02122 3.02122 3.02122 3.02122 3.02122 3.02122 3.02122 3.02122 3.02122 3.02122 3.02122 3.02122 3.02122 3.02122 3.02122 3.02122 3.02122 3.02122 3.02122 3.02122 3.02122 3.02122 3.02122 3.02122 3.02122 3.02122 3.02122 3.02122 3.02122 3.02122 3.02122 3.02122 3.02122 3.02122 3.02122 3.02122 3.02122 3.02122 3.02122 3.02122
3.293367 3.293368 3.293367 3.293368 3.293367 3.293368 3.293367 3.293368 3.293367 3.293368 3.293367 3.293368 3.293367 3.293367 3.293367 3.293368 3.293367 3.293368 3.293367 3.293367 3.293367 3.293368 3.274728 3.122195 3.052376 3.02122 3.02122 3.02122 3.02122 3.02122 3.02122 3.02122 3.02122 3.02122 3.02122 3.02122 3.02122 3.02122 3.02122 3.02122 3.02122 3.02122 3.02122 3.02122 3.02122 3.02122 3.02122 3.02122 3.02122 3.02122 3.02122 3.02122 3.02122 3.02122 3.02122 3.02122 3.02122 3.02122 3.02122 3.02122 3.02122 3.02122 3.02122 3.02122 3.02122 3.02122 3.02122 3.02122 3.02122 3.02122
3.293368 3.293368 3.293368 3.293368 3.293368 3.293367 3.293368 3.293368 3.293368 3.293368 3.293368 3.293367 3.293368 3.293368 3.293368 3.293368 3.293368 3.293368 3.293368 3.293368 3.293368 3.293367 3.293368 3.293367 3.29125 2.990036 2.887209 2.925264 2.963321 3.00138 3.021211 3.02122 3.02122 3.02122 3.02122 3.02122 3.02122 3.02122 3.02122 3.02122 3.02122 3.02122 3.02122 3.02122 3.02122 3.02122 3.02122 3.02122 3.02122 3.02122 3.02122 3.02122 3.02122 3.02122 3.02122 3.02122 3.02122 3.02122 3.02122 3.02122 3.02122 3.02122 3.02122 3.02122 3.02122 3.02122 3.02122 3.02122 3.02122 3.02122
3.293368 3.293367 3.293368 3.293367 3.293368 3.293367 3.293368 3.293367 3.293368 3.293367 3.293368 3.293367 3.293368 3.293368 3.293368 3.293367 3.293368 3.293367 3.293368 3.293368 3.293368 3.293367 3.293368 3.293367 3.293368 3.145285 2.792517 2.792517 2.792517 2.792517 2.810741 2.848785 2.886839 2.91806 2.922598 2.924444 2.92629 2.928136 2.929982 2.931828 2.933674 2.94444 2.998639 3.02122 3.02122 3.02122 3.02122 3.02122 3.02122 3.02122 3.02122 3.02122 3.02122 3.02122 3.02122 3.02122 3.02122 3.02122 3.02122 3.02122 3.02122 3.02122 3.02122 3.02122 3.02122 3.02122 3.02122 3.02122 3.02122 3.02122
3.293368 3.293368 3.293368 3.293368 3.293368 3.293368 3.293368 3.293368 3.293368 3.293368 3.293368 3.293368 3.293368 3.293368 3.293368 3.293368 3.293368 3.293368 3.293368 3.293368 3.293368 3.293368 3.293368 3.293368 3.293368 3.262177 2.829614 2.792517 2.792517 2.792517 2.792517 2.792517 2.792517 2.792517 2.792517 2.792517 2.792517 2.792517 2.792517 2.792517 2.792517 2.792517 2.793092 2.831226 2.891941 2.95266 3.009205 3.02122 3.02122 3.02122 3.02122 3.02122 3.02122 3.02122 3.02122 3.02122 3.02122 3.02122 3.02122 3.02122 3.02122 3.02122 3.02122 3.02122 3.02122 3.02122 3.02122 3.02122 3.02122 3.02122
3.293367 3.293368 3.293368 3.293368 3.293367 3.293368 3.293367 3.293368 3.293367 3.293368 3.293368 3.293368 3.293368 3.293368 3.293367 3.293368 3.293368 3.293368 3.293367 3.293367 3.293368 3.293368 3.293367 3.293368 3.293368 3.293367 3.170238 2.792516 2.792517 2.792517 2.792517 2.792516 2.792517 2.792516 2.792517 2.792516 2.792517 2.792517 2.792516 2.792517 2.792517 2.792516 2.792517 2.792516 2.792517 2.792516 2.796693 2.845393 2.906108 2.966828 3.016465 3.02122 3.02122 3.02122 3.02122 3.02122 3.02122 3.02122 3.02122 3.02122 3.02122 3.02122 3.02122 3.02122 3.02122 3.02122 3.02122 3.02122 3.02122 3.02122
3.293368 3.293367 3.293368 3.293367 3.293368 3.293368 3.293368 3.293367 3.293368 3.293367 3.293368 3.293367 3.293368 3.293368 3.293368 3.293367 3.293368 3.293367 3.293368 3.293368 3.293368 3.293367 3.293368 3.293367 3.293368 3.293368 3.290409 2.8475 2.792517 2.792517 2.792517 2.792517 2.792517 2.792517 2.792517 2.792517 2.792517 2.792517 2.792517 2.792517 2.792517 2.792517 2.792517 2.792517 2.792517 2.792517 2.792517 2.792517 2.792517 2.792517 2.803601 2.859559 2.920275 2.980997 3.020419 3.02122 3.02122 3.02122 3.02122 3.02122 3.02122 3.02122 3.02122 3.02122 3.02122 3.02122 3.02122 3.02122 3.02122 3.02122
3.293367 3.293368 3.293368 3.293368 3.293368 3.293368 3.293367 3.293368 3.293368 3.293368 3.293368 3.293368 3.293368 3.293368 3.293367 3.293368 3.293368 3.293368 3.293368 3.293368 3.293368 3.293368 3.293368 3.293368 3.293368 3.293367 3.293368 3.123499 2.793204 2.792517 2.792517 2.792517 2.792517 2.792517 2.792517 2.792517 2.792517 2.792517 2.792517 2.792517 2.792517 2.792517 2.792517 2.792517 2.792517 2.792517 2.792517 2.792517 2.792517 2.792517 2.792517 2.792517 2.792517 2.792517 2.813813 2.873726 2.931055 2.959153 2.980518 3.001882 3.019467 3.02122 3.02122 3.02122 3.02122 3.02122 3.02122 3.02122 3.02122 3.02122
3.293368 3.293367 3.293368 3.293367 3.293368 3.293368 3.293368 3.293367 3.293368 3.293367 3.293368 3.293368 3.293368 3.293368 3.293368 3.293368 3.293368 3.293368 3.293368 3.293368 3.293368 3.293367 3.293368 3.293367 3.293368 3.293368 3.293367 3.28503 2.802326 2.792517 2.792517 2.792517 2.792517 2.792517 2.792517 2.792517 2.792517 2.792517 2.792517 2.792517 2.792517 2.792517 2.792517 2.792517 2.792517 2.792517 2.792517 2.792517 2.792517 2.792517 2.792517 2.792517 2.792517 2.792517 2.792517 2.792517 2.792517 2.792517 2.792517 2.792517 2.796296 2.815903 2.837263 2.858624 2.879986 2.901348 2.92271 2.944073 2.965437 2.986801
3.293368 3.293368 3.293368 3.293368 3.293368 3.293368 3.293368 3.293368 3.293368 3.293368 3.293368 3.293368 3.293368 3.293368 3.293368 3.293368 3.293368 3.293368 3.293368 3.293368 3.293368 3.293368 3.293368 3.293368 3.293368 3.293368 3.293368 3.221653 2.792517 2.792517 2.792517 2.792517 2.792517 2.792517 2.792517 2.792517 2.792517 2.792517 2.792517 2.792517 2.792517 2.792517 2.792517 2.792517 2.792517 2.792517 2.792517 2.792517 2.792517 2.792517 2.792517 2.792517 2.792517 2.792517 2.792517 2.792517 2.792517 2.792517 2.792517 2.792517 2.792517 2.792517 2.792517 2.792517 2.792517 2.792517 2.792517 2.792517 2.792517 2.792517
3.293367 3.293367 3.293367 3.293368 3.293367 3.293367 3.293367 3.293367 3.293367 3.293367 3.293367 3.293367 3.293367 3.293367 3.293367 3.293367 3.293367 3.293367 3.293367 3.293367 3.293367 3.293368 3.293367 3.293367 3.293367 3.293367 3.293368 3.148212 2.792517 2.792517 2.792517 2.792517 2.792517 2.792517 2.792517 2.792517 2.792517 2.792517 2.792517 2.792517 2.792517 2.792517 2.792517 2.792517 2.792517 2.792517 2.792517 2.792517 2.792517 2.792517 2.792517 2.792517 2.792517 2.792517 2.792517 2.792517 2.792517 2.792517 2.792517 2.792517 2.792517 2.792517 2.792517 2.792517 2.792517 2.792517 2.792517 2.792517 2.792517 2.792517
3.293367 3.293368 3.293367 3.293368 3.293367 3.293368 3.293367 3.293368 3.293367 3.293368 3.293367 3.293368 3.293367 3.293368 3.293367 3.293368 3.293367 3.293368 3.293367 3.293368 3.293367 3.293368 3.293367 3.293368 3.293367 3.293367 3.293368 3.074773 2.792517 2.792516 2.792517 2.792516 2.792516 2.792516 2.792517 2.792516 2.792517 2.792516 2.792516 2.792516 2.792517 2.792516 2.792517 2.792516 2.792517 2.792516 2.792517 2.792517 2.792517 2.792516 2.792516 2.792516 2.792517 2.792517 2.792517 2.792516 2.792517 2.792516 2.792516 2.792516 2.792517 2.792516 2.792517 2.792517 2.792516 2.792516 2.792517 2.792516 2.792517 2.792517
3.293367 3.293367 3.293367 3.293367 3.293367 3.293367 3.293367 3.293367 3.293367 3.293367 3.293367 3.293367 3.293367 3.293367 3.293367 3.293367 3.293367 3.293367 3.293367 3.293367 3.293367 3.293367 3.293367 3.293367 3.293367 3.293367 3.293367 3.001333 2.792517 2.792517 2.792517 2.792517 2.792517 2.792517 2.792517 2.792517 2.792517 2.792517 2.792517 2.792517 2.792517 2.792517 2.792517 2.792517 2.792517 2.792517 2.792517 2.792517 2.792517 2.792517 2.792517 2.792517 2.792517 2.792517 2.792517 2.792517 2.792517 2.792517 2.792517 2.792517 2.792517 2.792517 2.792517 2.792517 2.792517 2.792517 2.792517 2.792517 2.792517 2.792517
3.293368 3.293368 3.293368 3.293368 3.293368 3.293368 3.293368 3.293368 3.293368 3.293368 3.293368 3.293368 3.293368 3.293368 3.293368 3.293368 3.293368 3.293368 3.293368 3.293368 3.293368 3.293368 3.293368 3.293368 3.293368 3.293367 3.293368 2.927893 2.792517 2.792517 2.792517 2.792517 2.792517 2.792517 2.792517 2.792517 2.792517 2.792517 2.792517 2.792517 2.792517 2.792517 2.792517 2.792517 2.792517 2.792517 2.792517 2.792517 2.792517 2.792517 2.792517 2.792517 2.792517 2.792517 2.792517 2.792517 2.792517 2.792517 2.792517 2.792517 2.792517 2.792517 2.792517 2.792517 2.792517 2.792517 2.792517 2.792517 2.792517 2.792517
3.293368 3.293368 3.293368 3.293368 3.293368 3.293368 3.293368 3.293368 3.293368 3.293368 3.293368 3.293368 3.293368 3.293368 3.293368 3.293368 3.293368 3.293368 3.293368 3.293368 3.293368 3.293368 3.293368 3.293368 3.293368 3.293368 3.293368 2.855576 2.792517 2.792517 2.792517 2.792517 2.792517 2.792517 2.792517 2.792517 2.792517 2.792517 2.792517 2.792517 2.792517 2.792517 2.792517 2.792517 2.792517 2.792517 2.792517 2.792517 2.792517 2.792517 2.792517 2.792517 2.792517 2.792517 2.792517 2.792517 2.792517 2.792517 2.792517 2.792517 2.792517 2.792517 2.792517 2.792517 2.792517 2.792517 2.792517 2.792517 2.792517 2.792517
3.293368 3.293368 3.293368 3.293367 3.293368 3.293368 3.293368 3.293368 3.293368 3.293368 3.293368 3.293367 3.293368 3.293368 3.293368 3.293367 3.293368 3.293367 3.293368 3.293368 3.293368 3.293367 3.293368 3.293367 3.293368 3.293368 3.281523 2.798393 2.792517 2.792517 2.792517 2.792517 2.792517 2.792517 2.792517 2.792517 2.792517 2.792517 2.792517 2.792517 2.792517 2.792517 2.792517 2.792517 2.792517 2.792517 2.792517 2.792517 2.792517 2.792517 2.792517 2.792517 2.792517 2.792517 2.792517 2.792517 2.792517 2.792517 2.792517 2.792517 2.792517 2.792517 2.792517 2.792517 2.792517 2.792517 2.792517 2.792517 2.792517 2.792517
3.293368 3.293368 3.293368 3.293368 3.293368 3.293368 3.293368 3.293368 3.293368 3.293368 3.293368 3.293368 3.293368 3.293368 3.293368 3.293368 3.293368 3.293368 3.293368 3.293368 3.293368 3.293368 3.293368 3.293368 3.293368 3.293368 3.218586 2.792517 2.792517 2.792517 2.792517 2.792517 2.792517 2.792517 2.792517 2.792517 2.792517 2.792517 2.792517 2.792517 2.792517 2.792517 2.792516 2.792517 2.792517 2.792517 2.792517 2.792517 2.792517 2.792517 2.792517 2.792517 2.792517 2.792517 2.792516 2.792517 2.792516 2.792517 2.792517 2.792517 2.792517 2.792517 2.792517 2.792517 2.792517 2.792517 2.792517 2.792517 2.792517 2.792517
3.293368 3.293368 3.293368 3.293368 3.293368 3.293368 3.293368 3.293368 3.293368 3.293368 3.293368 3.293368 3.293368 3.293368 3.293368 3.293368 3.293368 3.293368 3.293368 3.293368 3.293368 3.293368 3.293368 3.293368 3.293368 3.293368 3.149772 2.792517 2.792517 2.792517 2.792517 2.792517 2.792517 2.792517 2.792517 2.792517 2.792517 2.792517 2.792517 2.792517 2.792517 2.792517 2.792517 2.792517 2.792517 2.792517 2.792517 2.792517 2.792517 2.792517 2.792517 2.792517 2.792517 2.792517 2.792517 2.792517 2.792517 2.792517 2.792517 2.792517 2.792517 2.792517 2.792517 2.792517 2.792517 2.792517 2.792517 2.792517 2.792517 2.792517
3.293368 3.293368 3.293368 3.293368 3.293368 3.293368 3.293368 3.293368 3.293368 3.293368 3.293368 3.293368 3.293368 3.293368 3.293368 3.293368 3.293368 3.293368 3.293368 3.293368 3.293368 3.293368 3.293368 3.293368 3.293368 3.293368 3.121954 2.792517 2.792517 2.792517 2.792517 2.792517 2.792517 2.792517 2.792517 2.792517 2.792517 2.792517 2.792517 2.792517 2.792517 2.792517 2.792517 2.792517 2.792517 2.792517 2.792517 2.792517 2.792517 2.792517 2.792517 2.792517 2.792517 2.792517 2.792517 2.792517 2.792517 2.792517 2.792517 2.792517 2.792517 2.792517 2.792517 2.792517 2.792517 2.792517 2.792517 2.792517 2.792517 2.792517
3.293367 3.293367 3.293367 3.293367 3.293367 3.293367 3.293368 3.293367 3.293367 3.293367 3.293367 3.293367 3.293367 3.293367 3.293367 3.293367 3.293367 3.293367 3.293367 3.293367 3.293367 3.293367 3.293367 3.293367 3.293367 3.293368 3.228217 2.792517 2.792517 2.792517 2.792517 2.792517 2.792517 2.792517 2.792517 2.792517 2.792517 2.792517 2.792517 2.792517 2.792517 2.792517 2.792517 2.792517 2.792517 2.792517 2.792517 2.792517 2.792517 2.792517 2.792517 2.792517 2.792517 2.792517 2.792517 2.792517 2.792517 2.792517 2.792517 2.792517 2.792517 2.792517 2.792517 2.792517 2.792517 2.792517 2.792517 2.792517 2.792517 2.792517
3.293368 3.293367 3.293367 3.293368 3.293367 3.293367 3.293368 3.293368 3.293367 3.293367 3.293367 3.293368 3.293367 3.293367 3.293367 3.293368 3.293367 3.293367 3.293367 3.293367 3.293367 3.293368 3.293367 3.293367 3.293367 3.293368 3.293169 2.844252 2.792517 2.792517 2.792517 2.792517 2.792517 2.792517 2.792517 2.792517 2.792516 2.792517 2.792517 2.792517 2.792517 2.792517 2.792516 2.792517 2.792517 2.792517 2.792517 2.792517 2.792517 2.792517 2.792517 2.792517 2.792517 2.792517 2.792516 2.792517 2.792517 2.792517 2.792517 2.792517 2.792517 2.792517 2.792516 2.792517 2.792517 2.792517 2.792517 2.792517 2.792517 2.792517
3.293368 3.293368 3.293368 3.293368 3.293368 3.293368 3.293368 3.293368 3.293368 3.293368 3.293368 3.293368 3.293368 3.293368 3.293368 3.293368 3.293368 3.293368 3.293368 3.293368 3.293368 3.293368 3.293368 3.293368 3.293368 3.293368 3.293368 2.962147 2.792517 2.792517 2.792517 2.792517 2.792517 2.792517 2.792517 2.792517 2.792517 2.792517 2.792517 2.792517 2.792517 2.792517 2.792517 2.792517 2.792517 2.792517 2.792517 2.792517 2.792517 2.792517 2.792517 2.792517 2.792517 2.792517 2.792517 2.792517 2.792517 2.792517 2.792517 2.792517 2.792517 2.792517 2.792517 2.792517 2.792517 2.792517 2.792517 2.792517 2.792517 2.792517
3.293367 3.293368 3.293367 3.293367 3.293367 3.293367 3.293367 3.293367 3.293367 3.293368 3.293367 3.293368 3.293367 3.293367 3.293367 3.293367 3.293367 3.293368 3.293367 3.293367 3.293367 3.293368 3.293367 3.293368 3.293367 3.293367 3.293368 3.081329 2.792517 2.792516 2.792516 2.792517 2.792516 2.792517 2.792516 2.792516 2.792516 2.792517 2.792516 2.792516 2.792517 2.792516 2.792517 2.792516 2.792516 2.792517 2.792517 2.792516 2.792516 2.792516 2.792516 2.792517 2.792517 2.792517 2.792516 2.792516 2.792516 2.792517 2.792516 2.792516 2.792516 2.792516 2.792517 2.792516 2.792516 2.792517 2.792517 2.792516 2.792517 2.792516
3.293368 3.293368 3.293368 3.293368 3.293368 3.293368 3.293368 3.293368 3.293368 3.293368 3.293368 3.293368 3.293368 3.293368 3.293368 3.293368 3.293368 3.293368 3.293368 3.293368 3.293368 3.293368 3.293368 3.293368 3.293368 3.293368 3.293368 3.200512 2.792517 2.792517 2.792517 2.792517 2.792517 2.792517 2.792517 2.792517 2.792517 2.792517 2.792517 2.792517 2.792517 2.792517 2.792517 2.792517 2.792517 2.792517 2.792517 2.792517 2.792517 2.792517 2.792517 2.792517 2.792517 2.792517 2.792517 2.792517 2.792517 2.792517 2.792517 2.792517 2.792517 2.792517 2.792517 2.792517 2.792517 2.792517 2.792517 2.792517 2.792517 2.792517
3.293368 3.293367 3.293368 3.293367 3.293368 3.293367 3.293368 3.293367 3.293368 3.293367 3.293368 3.293367 3.293368 3.293368 3.293368 3.293368 3.293368 3.293368 3.293368 3.293368 3.293368 3.293367 3.293368 3.293368 3.293368 3.293368 3.293367 3.288726 2.823486 2.792516 2.792517 2.792516 2.792516 2.792517 2.792517 2.792516 2.792517 2.792516 2.792517 2.792517 2.792517 2.792517 2.792517 2.792516 2.792517 2.792517 2.792517 2.792517 2.792517 2.792516 2.792517 2.792516 2.792517 2.792516 2.792517 2.792516 2.792517 2.792516 2.792517 2.792517 2.792517 2.792517 2.792517 2.792516 2.792516 2.792517 2.792517 2.792516 2.792517 2.792516
3.293367 3.293367 3.293367 3.293367 3.293367 3.293367 3.293367 3.293367 3.293367 3.293367 3.293367 3.293367 3.293367 3.293367 3.293367 3.293367 3.293367 3.293367 3.293367 3.293367 3.293367 3.293367 3.293367 3.293367 3.293367 3.293368 3.293367 3.293367 2.938026 2.792517 2.792517 2.792517 2.792517 2.792517 2.792517 2.792517 2.792517 2.792517 2.792517 2.792517 2.792516 2.792517 2.792517 2.792517 2.792516 2.792517 2.792517 2.792517 2.792517 2.792517 2.792516 2.792517 2.792517 2.792517 2.792517 2.792517 2.792517 2.792517 2.792517 2.792517 2.792517 2.792517 2.792517 2.792517 2.792517 2.792517 2.792517 2.792517 2.792517 2.792517
3.293368 3.293368 3.293368 3.293367 3.293368 3.293367 3.293368 3.293367 3.293368 3.293368 3.293368 3.293368 3.293368 3.293368 3.293368 3.293367 3.293368 3.293368 3.293368 3.293368 3.293368 3.293367 3.293368 3.293367 3.293368 3.293368 3.293367 3.293368 3.057184 2.792517 2.792517 2.792517 2.792517 2.792517 2.792517 2.792517 2.792517 2.792517 2.792517 2.792517 2.792517 2.792517 2.792517 2.792517 2.792517 2.792517 2.792517 2.792517 2.792517 2.792517 2.792517 2.792517 2.792517 2.792517 2.792517 2.792517 2.792517 2.792517 2.792517 2.792517 2.792517 2.792517 2.792517 2.792517 2.792517 2.792517 2.792517 2.792517 2.792517 2.792517
3.293368 3.293368 3.293368 3.293368 3.293368 3.293368 3.293368 3.293368 3.293368 3.293368 3.293368 3.293368 3.293368 3.293368 3.293368 3.293368 3.293368 3.293368 3.293368 3.293368 3.293368 3.293368 3.293368 3.293368 3.293368 3.293368 3.293368 3.293368 3.103456 2.792517 2.792517 2.792517 2.792517 2.792517 2.792517 2.792517 2.792517 2.792517 2.792517 2.792517 2.792517 2.792517 2.792517 2.792517 2.792517 2.792517 2.792517 2.792517 2.792517 2.792517 2.792517 2.792517 2.792517 2.792517 2.792517 2.792517 2.792517 2.792517 2.792517 2.792517 2.792517 2.792517 2.792517 2.792517 2.792517 2.792517 2.792517 2.792517 2.792517 2.792517
3.293367 3.293368 3.293368 3.293368 3.293367 3.293368 3.293367 3.293368 3.293368 3.293368 3.293368 3.293368 3.293367 3.293368 3.293368 3.293368 3.293368 3.293368 3.293368 3.293368 3.293368 3.293368 3.293367 3.293368 3.293368 3.293367 3.293368 3.293368 3.067451 2.792517 2.792517 2.792517 2.792517 2.792517 2.792517 2.792517 2.792517 2.792516 2.792517 2.792517 2.792517 2.792517 2.792517 2.792517 2.792517 2.792516 2.792517 2.792517 2.792517 2.792516 2.792517 2.792516 2.792517 2.792517 2.792517 2.792517 2.792517 2.792517 2.792517 2.792516 2.792517 2.792517 2.792517 2.792516 2.792517 2.792517 2.792517 2.792517 2.792517 2.792517
