Scenarios/Global_Grid/data/country_data_population_distribution/processed/density_grids/sdn.asc
ncols 429
nrows 341
xllcorner 21
yllcorner 8
[rows 186 to 216 of 341, columns 210 to 279 of 429]
4.524387 4.524387 4.524387 4.524387 4.957044 21.70228 21.75871 21.75871 21.75871 21.75871 21.75871 21.75871 21.75871 21.75871 21.75871 17.49627 6.24995 6.440526 6.24995 6.24995 6.24995 6.24995 6.24995 11.69125 21.25112 21.75871 21.75871 21.75871 21.75871 21.75871 21.75871 21.75872 21.75871 21.75871 21.75871 21.75871 21.75871 21.75871 21.75871 21.75871 21.75871 17.39369 6.24995 6.24995 6.24995 6.24995 6.24995 7.511245 48.92004 51.65436 51.65436 51.65436 51.65436 51.65436 51.65436 51.65436 51.65436 51.65436 51.65436 54.59671 62.79106 63.08619 63.08619 63.08619 63.08619 63.08619 63.08619 63.08619 154.0664 163.2384
14.58795 9.994106 8.339751 10.78398 13.90125 21.75871 21.75871 21.75871 21.75871 21.75871 21.75871 21.75871 21.75871 21.75871 21.75871 21.49243 14.51612 20.72648 9.517663 6.24995 6.24995 6.24995 6.782398 19.88894 21.75871 21.75872 21.75871 21.75871 21.75871 21.75871 21.75871 21.75872 21.75871 21.75871 21.75871 21.75871 21.75871 21.75871 21.75871 21.75871 21.75871 21.75589 9.214682 6.24995 6.24995 6.24995 6.24995 28.19215 66.01936 64.38835 61.67397 58.81576 52.49091 51.65436 51.65436 51.65436 51.65436 51.65436 53.02582 62.42124 63.08619 63.08619 63.08619 63.08619 63.08619 63.08619 63.08619 63.08619 136.9335 163.2384
21.75871 21.75871 21.75871 21.75871 21.75871 21.75871 21.75871 21.75871 21.75871 21.75871 21.75871 21.75871 21.75871 21.75871 21.75871 21.75871 21.75871 21.75302 7.745379 6.249949 8.685819 14.91548 19.63255 21.75871 21.75871 21.75871 21.75871 21.75871 21.75871 21.75871 21.75871 21.75871 21.75871 21.75871 21.75871 21.75871 21.75871 21.75871 21.75871 21.75871 21.75871 16.34508 6.289405 6.249949 6.249949 6.249949 6.268708 54.55616 66.55972 66.55972 66.55972 66.55972 61.50883 51.69879 51.65435 51.65435 51.65435 51.65435 55.05945 64.78553 66.16648 64.73496 63.08619 63.08619 63.08619 63.08619 63.08619 63.08619 92.02729 163.2384
21.75871 21.75871 21.75871 21.75871 21.75871 21.75871 21.75871 21.75871 21.75871 21.75871 21.75871 21.75871 21.75871 21.75871 21.75871 21.75871 21.75871 20.47323 6.24995 6.24995 13.81528 21.75871 21.75871 21.75871 21.75871 21.75871 21.75871 21.75871 21.75871 21.75871 21.75871 21.75871 21.75871 21.75871 21.75871 21.75871 21.75871 21.75871 21.75871 21.75871 21.75871 20.01223 16.75092 12.48362 6.343632 6.24995 18.39925 66.55972 66.55972 66.55972 66.55972 66.55972 66.55972 62.31184 55.16692 51.67446 51.65436 51.65436 57.55464 66.55972 66.55972 64.65291 63.08619 63.08619 63.0862 63.08619 63.08619 63.08619 63.41368 141.3615
21.75871 21.75872 21.75871 21.75872 21.75871 21.75871 21.75871 21.75871 21.75872 21.75871 21.75872 21.75871 21.75871 21.75871 21.75872 21.75871 21.75872 21.75856 9.881188 6.24995 17.36195 21.75871 21.75872 21.75871 21.75872 21.75871 21.75872 21.75871 21.75872 21.75871 21.75872 21.75871 21.75872 21.75871 21.75872 21.75871 21.75872 21.75871 21.75871 21.75871 21.75872 21.75871 21.75872 21.75871 16.21684 6.657331 21.87408 66.55972 66.55972 66.55972 66.55972 66.55972 66.55972 66.55972 66.55972 64.01289 57.99388 53.08956 60.11271 66.55972 66.55972 65.98203 63.65577 63.08619 63.08619 63.08619 63.08619 63.08619 63.08619 99.64732
21.75872 21.75871 21.75871 21.75871 21.75871 21.75872 21.75871 21.75871 21.75871 21.75872 21.75871 21.75872 21.75871 21.75872 21.75871 21.75872 21.75871 21.75872 19.14654 13.89169 21.75657 21.75871 21.75871 21.75872 21.75871 21.75871 21.75871 21.75872 21.75871 21.75872 21.75871 21.75871 21.75871 21.75871 21.75871 21.75871 21.75871 21.75871 21.75871 21.75871 21.75871 21.75871 21.75871 21.75872 21.75871 16.62234 20.51721 66.55971 66.55972 66.55972 66.55972 66.55972 66.55972 66.55972 66.55972 66.55972 66.55972 66.55372 66.40853 66.55972 66.55971 66.55972 66.14964 63.09156 63.08619 63.08619 63.08619 63.08619 65.11272 149.3545
21.75871 21.75871 21.75871 21.75871 21.75871 21.75871 21.75871 21.75871 21.75871 21.75871 21.75871 21.75871 21.75871 21.75871 21.75871 21.75871 21.75871 21.75871 21.75871 21.75871 21.75871 21.75871 21.75871 21.75871 21.75871 21.75871 21.75871 21.75871 21.75871 21.75871 21.75871 21.75871 21.75871 21.75871 21.75871 21.75871 21.75871 21.75871 21.75871 21.75871 21.75871 21.75871 21.75871 21.75871 21.75871 21.75871 29.61747 66.55972 66.55971 66.55972 66.55972 66.55972 66.55972 66.55971 66.55972 66.55972 66.55972 66.55972 66.55972 66.55971 66.55972 66.55971 66.55972 64.73906 63.08619 63.08619 63.08619 63.08619 75.98406 162.8473
21.75872 21.75871 21.75872 21.75871 21.75872 21.75872 21.75872 21.75872 21.75871 21.75872 21.75872 21.75872 21.75872 21.75872 21.75871 21.75872 21.75871 21.75872 21.75872 21.75872 21.75871 21.75872 21.75872 21.75872 21.75871 21.75872 21.75871 21.75872 21.75871 21.75872 21.75871 21.75872 21.75871 21.75872 21.75871 21.75872 21.75871 21.75872 21.75872 21.75872 21.75871 21.75872 21.75871 21.75872 21.75872 21.75872 23.36885 65.1591 66.55972 66.55972 66.55972 66.55972 66.55972 66.55972 66.55972 66.55972 66.55972 66.55972 66.55972 66.55972 66.55972 66.55972 66.55972 66.33453 63.08619 63.08619 63.08619 63.08619 63.08619 117.5055
21.75871 21.75871 21.75871 21.75871 21.75871 21.75871 21.75871 21.75871 21.75871 21.75871 21.75871 21.75871 21.75871 21.75871 21.75871 21.75871 21.75871 21.75871 21.75871 21.75871 21.75871 25.49713 26.90818 21.75871 21.75871 21.75871 21.75871 21.75871 21.75871 21.75871 21.75871 21.75872 21.75871 21.75871 21.75871 21.75871 21.75871 21.75871 21.75871 21.75871 21.75871 21.75871 21.75871 21.75871 21.75871 21.75871 21.75871 54.74081 66.55972 66.55972 66.55972 66.55972 66.55972 66.55972 66.55972 66.55972 66.55972 66.55972 66.55972 66.55972 66.55972 66.55972 66.55972 66.55972 65.49645 63.08619 63.08619 63.08619 63.08619 69.85929
21.75872 21.75871 21.75872 21.75871 21.75872 21.75872 21.75872 21.75872 21.75871 21.75872 21.75871 21.75871 21.75872 21.75872 21.75871 21.75872 21.75871 21.75872 21.75871 21.75872 21.75871 21.88351 30.93023 27.23949 23.71896 30.84992 27.76223 22.14959 24.27949 21.75872 21.79551 22.30603 21.75871 21.75872 21.75871 21.75872 21.75871 21.75872 21.75872 21.75871 21.75871 21.75872 21.75871 21.75872 21.75871 21.75872 21.75871 40.07449 66.55972 66.55972 66.55972 66.55972 66.55972 66.55972 66.55972 66.55972 66.55972 66.55972 66.55972 66.55972 66.55972 66.55972 66.55972 66.55972 66.55972 64.1332 63.08619 63.08619 63.08619 63.08619
21.75871 21.75871 21.75871 21.75871 21.75871 21.75871 21.75871 21.75871 21.75871 21.75871 21.75871 21.75871 21.75871 21.75871 21.75871 21.75871 21.75871 21.75871 21.75871 21.75871 21.75871 21.75871 21.75871 30.36037 39.24802 39.24802 39.16715 37.53944 38.63589 33.00582 36.74944 39.03088 33.57751 24.24348 21.75871 21.75871 21.75871 21.75871 21.75871 21.75871 21.75871 21.75871 21.75871 21.75871 21.75871 21.75871 21.75871 22.91814 60.45318 66.55972 66.55972 66.55972 66.55972 66.55972 66.55972 66.55972 66.55972 66.55972 66.55972 66.55972 66.55972 66.55972 66.55972 66.55972 66.55972 66.45185 63.08619 63.08619 63.08619 63.08619
21.75871 21.75871 21.75871 21.75871 21.75871 21.75871 21.75871 21.75871 21.75871 21.75871 21.75871 21.75871 21.75871 21.75871 21.75871 21.75871 21.75871 21.75871 21.75871 21.75871 21.75871 21.75871 21.75871 27.45826 39.24802 39.24802 39.24802 39.24802 39.24802 39.24802 39.24802 39.24802 39.24802 29.97835 21.75871 21.75871 21.75871 21.75871 21.75871 21.75871 21.75871 21.75871 21.75871 21.75871 21.75871 21.75871 21.75871 21.75871 25.32965 52.44159 66.55971 66.55972 66.55971 66.55972 66.55972 66.55971 66.55971 66.55971 66.55972 66.55972 66.55971 66.55972 66.55971 66.55972 66.55971 66.52399 63.08619 63.08619 63.08619 63.08619
21.75871 21.75871 21.75871 21.75871 21.75871 21.75871 21.75871 21.75871 21.75871 21.75871 21.75871 21.75871 21.75872 21.75871 21.75871 21.75871 21.75871 21.75871 21.75871 21.75871 21.75871 21.75871 21.75871 32.77774 39.24802 39.24802 39.24802 39.24802 39.24802 39.24802 39.24802 39.24802 39.24802 26.47321 21.75871 21.75871 21.75871 21.75871 21.75871 21.75871 21.75871 21.75871 21.75871 21.75871 21.75871 21.75871 21.75871 21.75871 21.75871 21.80205 39.13074 64.398 66.55971 66.55972 66.55971 66.55972 66.55972 66.55971 66.55972 66.55972 66.55971 66.55972 66.55971 66.55972 66.55971 65.90364 63.08619 63.08619 63.08619 63.08619
21.75872 21.75871 21.75871 21.75871 21.75871 21.75871 21.75871 21.75871 21.75871 21.75871 21.75871 21.75871 21.75871 21.75871 21.75871 21.75871 21.75871 21.75871 21.75871 21.75871 21.75871 21.75871 31.66694 38.98017 39.24802 39.24802 39.24802 39.24802 39.24802 39.24802 39.24802 39.24802 37.13326 21.89909 21.75871 21.75871 21.75871 21.75872 21.75871 21.75871 21.75871 21.75871 21.75871 21.75871 21.75871 21.75872 21.75871 21.75871 21.75871 21.75872 21.75871 28.01251 56.69894 66.55972 66.55972 66.55972 66.55972 66.55972 66.55972 66.55972 66.55972 66.55972 66.55972 66.55972 66.55972 64.09164 63.08619 63.08619 63.08619 63.08619
21.75871 21.75871 21.75871 21.75871 21.75871 21.75872 21.75871 21.75871 21.75871 21.75871 21.75871 21.75872 21.75871 21.75871 21.75871 21.75871 21.75871 21.75871 21.75871 21.75871 21.75871 21.75871 31.91303 39.24802 39.24802 39.24802 39.24802 39.24802 39.24802 39.24802 39.24802 39.24802 32.82032 21.75871 21.75871 21.75872 21.75871 21.75871 23.53295 23.62499 21.75871 21.75871 21.75871 21.75871 21.75871 21.75871 21.75871 21.75871 21.75871 21.75871 21.75871 21.75871 23.24852 64.19937 66.55971 66.55972 66.55972 66.55972 66.55972 66.55972 66.55972 66.55971 66.55972 66.55972 66.55971 63.9702 63.85993 63.08718 63.08619 63.08619
21.75871 21.75871 21.75871 21.75871 21.75871 21.75871 21.75872 21.75871 21.75871 21.75871 21.75871 21.75871 21.75871 21.75871 21.75871 21.75871 21.75871 21.75871 21.75871 21.75871 21.75871 21.75871 21.75941 31.4605 39.24802 39.24802 39.24802 39.24802 39.24802 39.24802 39.24802 39.24802 30.17357 30.28481 24.77128 21.82266 21.75871 22.20604 35.48788 38.71353 22.16784 21.75871 21.75871 21.75871 21.75872 21.75871 21.75871 21.75871 21.75871 21.75871 21.75871 21.75871 21.75871 50.8012 66.55972 66.55972 66.55972 66.55972 66.55972 66.55972 66.55972 66.55972 66.55972 66.55972 66.55972 66.053 66.52399 66.18441 63.87028 63.14209
21.75872 21.75871 21.75871 21.75871 21.75872 21.75872 21.75871 21.75872 21.75871 21.75872 21.75871 21.75871 21.75872 21.75872 21.75871 21.75872 21.75871 21.75872 21.75872 21.75872 21.75871 21.75871 21.75871 27.79671 39.24802 39.24802 39.24802 39.24802 39.24802 39.24802 39.24802 39.19126 35.50851 39.24802 39.24802 36.35678 28.95028 32.71687 39.24802 39.03251 22.23679 21.75872 21.75871 21.75872 21.75872 21.75872 21.75871 21.75871 21.75871 21.75872 21.75872 21.75871 21.75872 35.56279 66.55972 66.55972 66.55972 66.55972 66.55972 66.55972 66.55972 66.55972 66.55972 66.55972 66.55972 66.55972 66.55972 66.55972 66.55972 64.94209
21.75872 21.75871 21.75872 21.75871 21.75872 21.75872 21.75872 21.75872 21.75872 21.75872 21.75872 21.75872 21.75872 21.75872 21.75871 21.75872 21.75872 21.75872 21.75872 21.75872 21.75871 21.75872 30.49325 39.17261 39.24802 39.24802 39.24802 39.24802 39.24802 39.24802 39.24802 39.24802 39.24802 39.24802 39.24802 39.24802 39.24802 39.24802 39.24802 37.65567 21.75872 21.75872 21.75872 21.75872 21.75872 21.75872 21.75872 21.75872 21.75872 21.75872 21.75872 21.75872 23.23887 27.31249 64.23502 66.55972 66.55972 66.55972 66.55972 66.55972 66.55972 66.55972 66.55972 66.55972 66.55972 66.55972 66.55972 66.55972 66.55972 66.19289
21.75872 21.75871 21.75872 21.75871 21.75872 21.75872 21.75871 21.75871 21.75871 21.75872 21.75871 21.75871 21.75872 21.75871 21.75871 21.75872 21.75871 21.75871 21.75871 21.75871 21.75871 21.75871 25.03146 38.06446 39.24802 39.24802 39.24802 39.24802 39.24802 39.24802 39.24802 39.24802 39.24802 39.24802 39.24802 39.24802 39.24802 39.24802 39.24802 39.21873 23.11895 21.75872 21.75871 21.75871 21.75872 21.75871 22.20531 25.9818 29.84522 32.17097 34.60476 37.64304 39.24738 39.24802 55.01337 66.55972 66.55972 66.55972 66.55972 66.55972 66.55972 66.55972 66.55972 66.55972 75.41595 96.09405 104.9707 72.30718 71.99273 90.75113
21.75872 21.75872 21.75872 21.75872 21.75872 21.75872 21.75872 21.75871 21.75872 21.75871 21.75872 21.75872 21.75872 21.75872 21.75872 21.75872 21.75872 21.75872 21.75872 21.75871 21.75872 21.75871 31.68191 39.24802 39.24802 39.24802 39.24802 39.24802 39.24802 39.24802 39.24802 39.24802 39.24802 39.24802 39.24802 39.24802 39.24802 39.24802 39.24802 39.24802 28.61914 21.75872 21.75872 27.18369 32.45801 34.55941 38.56848 39.24802 39.24802 39.24802 39.24802 39.24802 39.24802 39.24802 45.28406 66.55972 66.55972 66.55972 66.55972 66.55972 66.55972 66.55972 66.55972 62.10782 88.99068 117.4165 117.4165 117.1947 117.4106 117.4125
21.75871 21.75871 21.75871 21.75871 21.75871 21.75871 21.75871 21.75871 21.75871 21.75871 21.75871 37.03636 75.27882 72.46419 60.71483 48.7639 34.62616 21.75871 21.75871 21.75871 21.75871 25.60279 39.24624 39.24802 39.24802 39.24802 39.24802 39.24802 39.24802 39.24802 39.24802 39.24802 39.24802 39.24802 39.24802 39.24802 39.24802 39.24802 39.24802 39.24802 38.5824 28.25712 27.23746 38.50941 39.24802 39.24802 39.24802 39.24802 39.24802 39.24802 39.24802 39.24802 39.24802 39.24802 39.29883 52.53922 66.43344 66.55972 66.55972 66.55971 66.55972 66.55971 66.55972 48.19735 67.47974 117.4165 117.4165 117.4165 117.4165 117.4165
21.75872 21.75871 21.75872 21.75871 21.75872 21.75871 26.07616 43.73429 75.09744 63.12716 55.0994 68.49083 88.42719 88.42719 88.42718 88.42719 84.94353 23.52131 21.75871 21.75872 21.75871 24.66793 39.24802 39.24802 39.24802 39.24802 39.24802 39.24802 39.24802 39.24802 39.24802 39.24802 39.24802 39.24802 39.24802 39.24802 39.24802 39.24802 39.24802 39.24802 39.24802 39.24802 39.24802 39.24802 39.24802 39.24802 39.24802 39.24802 39.24802 39.24802 39.24802 39.24802 39.24802 39.24802 39.24802 39.24802 49.72285 66.55972 66.55972 66.55972 66.55972 66.55972 65.28368 47.49318 56.61439 117.4103 117.4165 117.4165 117.4165 117.4165
21.75872 21.75871 21.75872 21.75871 21.75871 27.63256 72.66792 88.17837 88.42719 88.42719 88.42719 88.42719 88.42719 88.42719 88.42719 88.42719 88.42719 28.7984 24.85845 26.66053 27.17149 36.81151 39.24802 39.24802 39.24802 39.24802 39.24802 39.24802 39.24802 39.24802 39.24802 39.24802 39.24802 39.24802 39.24802 39.24802 39.24802 39.24802 39.24802 39.24802 39.24802 39.24802 39.24802 39.24802 39.24802 39.24802 39.24802 39.24802 39.24802 39.24802 39.24802 39.24802 39.24802 39.24802 39.24802 39.24802 41.33367 65.57973 66.55972 66.55972 66.55972 66.55972 47.368 42.93725 99.85322 117.4165 117.4165 117.4165 117.4165 117.4165
21.75872 21.75871 21.75871 21.75871 21.75871 21.75872 26.23675 85.20534 88.42719 88.42719 88.42719 88.42719 88.42719 88.42719 88.42719 88.42719 88.25024 46.17839 39.06129 39.24802 39.24802 39.24802 39.24802 39.24802 39.24802 39.24802 39.24802 39.24802 39.24802 39.24802 39.24802 39.24802 39.24802 39.24802 39.24802 39.24802 39.24802 39.24802 39.24802 39.24802 39.24802 39.24802 39.24802 39.24802 39.24802 39.24802 39.24802 39.24802 39.24802 39.24802 39.24802 39.24802 39.24802 39.24802 39.24802 39.24802 39.24802 41.2673 46.52098 57.81166 55.97774 52.791 42.87117 69.42755 117.4165 117.4165 117.4165 117.4165 117.4165 117.4165
21.75872 21.75871 21.75872 21.75871 21.75871 21.87188 23.73284 70.81825 88.42719 88.42719 88.42718 88.42719 88.42719 88.42719 88.42718 88.42719 88.07835 84.19621 54.91367 39.24802 39.24802 39.24802 39.24802 39.24802 39.24802 39.24802 39.24802 39.24802 39.24802 39.24802 39.24802 39.24802 39.24802 39.24802 39.24802 39.24802 39.24802 39.24802 39.24802 39.24802 39.24802 39.24802 39.24802 39.24802 39.24802 39.24802 39.24802 39.24802 39.24802 39.24802 39.24802 39.24802 39.24802 39.24802 39.24802 39.24802 39.24802 39.24802 40.62187 42.62199 42.62199 42.62199 42.62199 77.05618 117.4165 117.4165 117.4165 117.4165 117.4165 117.4165
21.75872 21.75871 21.75871 21.75871 22.64752 61.58915 76.51947 70.73631 88.42719 88.42719 88.42719 88.42719 88.42719 88.42719 88.42719 88.42719 88.42719 88.42719 78.58121 39.34356 39.24802 39.24802 39.24802 39.24802 39.24802 39.24802 39.24802 39.24802 39.24802 39.24802 39.24802 39.24802 39.24802 39.24802 39.24802 39.24802 39.24802 39.24802 39.24802 39.24802 39.24802 39.24802 39.24802 39.24802 39.24802 39.24802 39.24802 39.24802 39.24802 39.24802 39.24802 39.24802 39.24802 39.24802 39.24802 39.24802 39.24802 39.65576 42.11418 42.62199 42.62199 42.62199 42.75903 93.95998 117.4165 117.4165 117.4165 117.4165 117.4165 117.4165
27.29597 21.75871 22.42814 48.65978 71.46881 88.42719 88.42718 88.42719 88.42719 88.42718 88.42719 88.42718 88.42719 88.42719 88.42719 88.42718 88.42719 88.42718 88.42719 53.26067 39.24802 39.51135 39.24802 39.24802 39.24802 39.24802 39.24802 39.24802 39.24802 39.24802 39.24802 39.24802 39.24802 39.24802 39.24802 39.24802 39.24802 39.24802 39.24802 39.24802 39.24802 39.24802 39.24802 39.24802 39.24802 39.24802 39.24802 39.24802 39.24802 39.24802 39.24802 39.24802 39.24802 39.24802 39.24802 39.24802 39.24802 40.36942 42.62199 42.62199 42.62199 42.62199 81.33589 117.4165 117.4165 117.4165 117.4165 117.4165 117.4165 117.4165
85.30489 72.2743 69.3635 88.42719 88.42719 88.42718 88.42718 88.42718 88.42719 88.42718 88.42719 88.42718 88.42719 88.42718 88.42719 88.42718 88.42719 88.42718 88.42719 77.97623 63.16019 79.97609 41.342 39.24802 39.24802 39.24802 39.24802 39.24802 39.24802 39.24802 39.24802 39.24802 39.24802 39.24802 39.24802 39.24802 39.24802 39.24802 39.24802 39.24802 39.24802 39.24802 39.24802 39.24802 39.24802 39.24802 39.24802 39.24802 39.24802 39.24802 39.24802 39.24802 39.24802 39.24802 39.24802 39.24802 39.24802 39.77279 42.61897 42.62199 42.62199 42.62199 105.6878 117.4165 117.4165 117.4165 117.4165 117.4165 117.4165 117.4165
88.42719 88.42719 88.42719 88.42719 88.42719 88.42719 88.42719 88.42719 88.42719 88.42719 88.42719 88.42719 88.42719 88.42719 88.42719 88.42719 88.42719 88.42719 88.42719 88.42719 88.42719 88.42719 56.0768 39.24802 39.24802 39.24802 39.24802 39.24802 39.24802 39.24802 39.24802 39.24802 39.24802 39.24802 39.24802 39.24802 39.24802 39.24802 39.24802 39.24802 39.24802 39.24802 39.24802 39.24802 39.24802 39.24802 39.24802 39.24802 39.24802 39.24802 39.24802 39.24802 39.24802 39.24802 39.24802 39.24802 39.24802 39.24802 41.74569 42.62199 42.62199 50.74735 117.3532 117.4165 117.4165 117.4165 117.4165 117.4165 117.4165 117.4165
88.42719 88.42719 88.42719 88.42719 88.42719 88.42719 88.42719 88.42719 88.42719 88.42719 88.42719 88.42719 88.42719 88.42719 88.42719 88.42719 88.42719 88.42719 88.42719 88.42719 88.42719 88.42719 68.7457 39.24802 39.24802 39.24802 39.24802 39.24802 39.24802 39.24802 39.24802 39.24802 39.24802 39.24802 39.24802 39.24802 39.24802 39.24802 39.24802 39.24802 39.24802 39.24802 39.24802 39.24802 39.24802 39.24802 39.24802 39.24802 39.24802 39.24802 39.24802 39.24802 39.24802 39.24802 39.24802 39.24802 39.24802 39.24802 40.79251 42.62199 42.622 59.97679 117.4165 117.4165 117.4165 117.4165 117.4165 117.4165 117.4165 117.4165
88.42719 88.42719 88.42719 88.42718 88.42719 88.42719 88.42719 88.42719 88.42719 88.42719 88.42719 88.42719 88.42719 88.42719 88.42718 88.42719 88.42718 88.42719 88.42719 88.42719 88.42718 88.42623 63.32361 39.24802 39.24802 39.24802 39.24802 39.24802 39.24802 39.24802 39.24802 39.24802 39.24802 39.24802 39.24802 39.24802 39.24802 39.24802 39.24802 39.24802 39.24802 39.24802 39.24802 39.24802 39.24802 39.24802 39.24802 39.24802 39.24802 39.24802 39.24802 39.24802 39.24802 39.24802 39.24802 39.24802 39.24802 39.25781 41.94349 42.62199 42.7876 94.16227 92.96423 116.6942 117.4165 117.4165 117.4165 117.4165 117.4165 117.4165
