Scenarios/Global_Grid/data/country_data_population_distribution/processed/density_grids/sdn.asc
ncols 429
nrows 341
xllcorner 21
yllcorner 8
[rows 186 to 216 of 341, columns 280 to 349 of 429]
163.2384 163.2384 163.2384 163.2384 163.2384 163.2384 163.2384 163.2384 163.2384 163.2384 163.2384 163.2384 164.5772 168.4219 213.6313 213.9567 213.9567 213.9567 201.4863 201.5214 211.1084 213.8204 213.9567 678.7761 924.3304 924.3304 874.803 183.4664 68.85669 68.8567 68.85669 68.8567 68.8567 68.8567 68.85669 68.8567 68.85669 68.8567 33.20679 4.116149 4.116149 4.116149 4.116149 4.116149 4.116149 4.116149 4.116149 4.116149 4.116149 4.476309 8.263002 10.5669 10.40166 7.89324 6.635722 5.842591 5.049445 4.294699 4.116149 4.116149 4.116149 4.116149 7.420348 13.18007 13.18007 13.18007 13.18007 13.18007 13.18007 13.18007
163.2384 163.2384 163.2384 163.2384 163.2384 163.2384 163.2384 163.2384 163.2384 163.2384 163.2384 163.2384 163.2384 163.2384 199.3648 213.9567 213.9567 213.9567 213.9567 213.9567 213.9567 213.9567 214.5302 827.8194 859.6656 924.3304 924.3304 481.2607 68.8567 68.8567 68.8567 68.8567 68.8567 68.8567 68.8567 68.8567 68.8567 52.7266 4.623272 4.116149 4.116149 4.116149 4.116149 4.116149 4.116149 4.116149 4.116149 4.39449 8.045123 12.32736 13.18007 13.18007 13.18007 13.18007 13.18007 13.18007 13.18007 13.06887 11.8452 10.38654 9.081602 9.755975 12.80348 13.18007 13.18007 13.18007 13.18007 13.18007 13.18007 13.18007
163.2384 163.2384 163.2384 163.2384 163.2384 163.2384 163.2384 163.2384 163.2384 163.2384 163.2384 163.2384 163.2384 166.7358 209.4762 213.9567 213.9567 213.9567 213.9567 213.9567 213.9567 213.9567 215.3757 332.5508 428.5263 889.1954 920.4348 627.2531 68.8567 68.8567 68.8567 68.8567 68.8567 68.8567 68.8567 71.03294 69.77438 12.12414 4.116149 4.116149 4.116148 4.116148 4.116148 4.116149 4.116148 4.116149 6.479869 12.18811 13.18007 13.18007 13.18007 13.18007 13.18007 13.18007 13.18007 13.18007 13.18007 13.18007 13.18007 13.18007 13.18007 13.18007 13.18007 13.18007 13.18007 13.18007 13.18007 13.18007 13.18007 13.18007
163.2384 163.2384 163.2384 163.2384 163.2384 163.2384 163.2384 163.2384 163.2384 163.2384 163.2384 163.2384 163.2384 164.5971 183.28 213.432 213.9567 213.9567 213.9567 213.9567 213.9567 213.9567 213.9567 213.9567 223.1961 289.3809 626.9605 920.8884 346.8934 68.8567 68.8567 68.8567 68.8567 68.8567 68.8567 69.74857 85.97194 77.8345 49.68105 23.64016 4.933806 4.116149 4.116149 4.116149 4.116149 7.326944 12.96365 13.18007 13.18007 13.18007 13.18007 13.18007 13.18007 13.18007 13.18007 13.18007 13.18007 13.18007 13.18007 13.18007 13.18007 13.18007 13.18007 13.18007 13.18007 13.18007 13.18007 13.18007 13.18007 13.18007
163.2384 163.2384 163.2384 163.2384 163.2384 163.2384 163.2384 163.2384 163.2384 163.2384 163.2384 163.2384 163.2384 163.2384 163.2384 174.8402 201.9228 213.9567 213.9567 213.9567 213.9567 213.9567 213.9567 213.9567 213.9567 213.9567 219.8861 871.2362 906.1954 222.8318 68.8567 68.85669 68.8567 68.8567 68.8567 68.8567 72.70203 93.03221 93.03221 93.03221 85.73411 57.39389 24.31088 4.317061 7.094758 13.09143 13.18007 13.18007 13.18007 13.18007 13.18007 13.18007 13.18007 13.18007 13.18007 13.18007 13.18007 13.18007 13.18007 13.18007 13.18007 13.18007 13.18007 13.18007 13.18007 13.18007 13.18007 13.18007 13.18007 13.18007
163.2384 163.2384 163.2384 163.2384 163.2384 163.2384 163.2384 163.2384 163.2384 163.2384 163.2384 163.2384 163.2384 163.2384 163.2384 163.2384 163.2846 178.8801 206.4931 213.9567 213.9567 213.9567 213.9567 213.9567 213.9567 213.9567 213.9567 737.868 924.3304 777.5129 157.2738 68.8567 68.8567 68.85669 68.8567 68.8567 78.7816 93.0322 93.03221 93.0322 93.03221 93.03221 93.03221 86.87384 26.75309 13.18007 13.18007 13.18007 13.18007 13.18007 13.18007 13.18007 13.18007 13.18007 13.18007 13.18007 13.18007 13.18007 13.18007 13.18007 13.18007 13.18007 13.18007 13.18007 13.18007 13.18007 13.18007 13.18007 13.18007 13.18007
163.2384 163.2384 163.2384 163.2384 163.2384 163.2384 163.2384 163.2384 163.2384 163.2384 163.2384 163.2384 163.2384 163.2384 163.2384 163.2384 163.2384 168.4192 211.1051 213.9567 213.9567 213.9567 213.9567 213.9567 213.9567 213.9567 213.9567 274.4566 923.1106 924.3304 298.4209 68.8567 68.8567 68.8567 68.8567 75.69118 91.83687 93.03222 93.03222 93.03222 93.03221 93.03222 93.03221 93.03221 42.38886 13.18007 13.18007 13.18007 13.18007 13.18007 13.18006 13.18007 13.18006 13.18007 13.18007 13.18007 13.18007 13.18007 13.18007 13.18007 13.18007 13.18007 13.18006 13.18007 13.18007 13.18007 13.18007 13.18007 13.18007 13.18007
163.2384 163.2384 163.2384 163.2384 163.2384 163.2384 163.2384 163.2384 163.2384 163.2384 163.2384 163.2384 163.2384 163.2384 163.2384 163.2384 163.2384 169.1431 212.4156 213.9567 213.9567 213.9567 213.9567 213.9567 213.9567 213.9567 213.9567 215.2652 671.7465 760.9802 79.58475 68.8567 68.8567 68.8567 79.93821 93.02489 93.03221 93.03221 93.03221 93.03221 93.03221 93.03221 93.03221 93.03221 56.69805 13.18007 13.18007 13.18007 13.18007 13.18007 13.18007 13.18006 13.18007 13.18007 13.18007 13.18007 13.18007 13.18007 13.18007 13.18007 13.18007 13.18007 13.18007 13.18007 13.18007 13.18007 13.18007 13.18007 13.18007 13.18007
158.9819 163.2384 163.2384 163.2384 163.2384 163.2384 163.2384 163.2384 163.2384 163.2384 163.2384 163.2384 163.2384 163.2384 163.2384 163.2384 163.2384 163.2384 206.1881 213.9567 213.9567 213.9567 213.9567 213.9567 213.9567 213.9567 213.9567 213.9567 418.515 769.0057 565.2775 68.8567 68.8567 68.8567 75.84149 93.03221 93.03221 93.03221 93.03221 93.03221 93.03221 93.03221 93.03221 93.03222 70.92912 13.18007 13.18007 13.18007 13.18007 13.18007 13.18007 13.18007 13.18007 13.18007 13.18007 13.18007 13.18007 13.18007 13.18007 13.18007 13.18007 13.18007 13.18007 13.18007 13.18007 13.18007 13.18007 44.71674 185.3818 13.18007
115.0283 163.2384 163.2384 163.2384 163.2384 163.2384 163.2384 163.2384 163.2384 163.2384 163.2384 163.2384 163.2384 163.2384 163.2384 163.2384 133.0303 95.38003 174.6166 213.9567 213.9567 213.9567 213.9567 213.9567 213.9567 213.9567 213.9567 195.7263 89.6832 161.9095 128.6711 71.85796 68.8567 68.8567 68.86922 86.45069 93.03221 93.03222 93.03222 93.03222 93.03221 93.03222 93.03221 93.03222 84.98418 13.18007 13.18007 13.18007 13.18007 13.18007 13.18007 13.18007 13.18007 13.18007 13.18007 13.18007 13.18007 13.18007 13.18007 13.18007 13.18007 13.18007 13.18007 13.18007 13.18007 13.18007 13.18007 912.7838 2205.446 2061.288
84.93139 163.2384 163.2384 163.2384 163.2384 163.2384 163.2384 163.2384 163.2384 163.2384 163.2384 163.2384 163.2384 113.4787 68.1688 69.79721 66.72838 66.65105 69.73495 169.944 213.9567 213.9567 213.9567 213.9567 213.9567 213.9567 213.4276 94.78571 89.60832 89.60833 89.60833 89.55795 84.90895 77.34476 72.48631 75.96447 93.03207 93.03221 93.03221 93.03221 93.03222 93.03221 93.03222 93.03222 92.8997 17.30242 13.18007 13.18007 13.18007 13.18007 13.18007 13.18007 13.18007 13.18007 13.18007 13.18007 13.18007 13.18007 13.18007 13.18007 13.18007 13.18007 13.18007 13.18007 13.93688 15.27657 13.49726 694.4434 2258.771 2567.881
80.20007 161.9284 163.2384 163.2384 163.2384 163.2384 163.2384 163.2384 163.2384 163.2384 163.2384 163.2384 163.2384 112.9873 66.65105 66.65105 66.65105 66.65105 66.65105 84.82471 213.1725 213.9567 213.9567 213.9567 213.9567 213.9567 213.9567 145.3982 89.60834 89.60833 89.60834 89.60833 89.60833 89.60833 89.60833 89.35079 90.7104 93.03069 93.03221 93.03221 93.03221 93.03221 93.03222 93.03221 93.03222 28.63581 13.18007 13.18006 13.18006 13.18006 13.18006 13.18007 13.18006 13.18006 13.18007 13.18007 13.18007 13.18006 13.18006 13.18006 13.18007 13.18007 13.18007 13.18007 22.08373 25.41073 18.26451 13.18006 186.4085 2021.429
63.08619 98.05301 142.5324 163.2384 163.2384 163.2384 163.2384 163.2384 163.2384 163.2384 163.2384 163.2384 163.2384 118.5577 66.65105 66.65105 66.65105 66.65105 66.65105 66.65105 172.4625 213.9567 213.9567 213.9567 213.9567 213.9567 175.5125 94.08673 89.60833 89.60832 89.60833 89.60833 89.60832 89.60832 89.60833 89.60832 89.60833 92.04541 93.03221 93.0322 93.03221 93.0322 93.03221 93.0322 93.03221 40.10171 13.18007 13.18006 13.18007 13.18006 13.18007 13.18007 13.18007 13.18006 13.18007 13.18006 13.18007 13.18006 13.18007 13.18007 13.18007 13.18007 15.05172 17.51548 25.40125 25.41073 25.24339 23.24021 22.11319 25.16847
63.08619 63.08619 70.99812 82.91991 158.644 163.2384 163.2384 163.2384 163.2384 163.2384 163.2384 163.2384 163.2384 122.6928 66.65105 66.65105 66.65105 66.65105 66.65105 66.65105 88.72755 147.1964 213.9567 213.9567 213.9567 213.9567 213.9567 95.31174 89.60833 89.60834 89.60833 89.60834 89.60834 89.60834 89.60833 89.60834 89.60833 90.06702 93.00912 93.03221 93.03221 93.03221 93.03221 93.03221 93.03221 51.56762 13.18007 13.18007 13.18007 13.18007 13.18007 13.18007 13.18007 13.18007 13.18007 13.18007 13.18007 13.18007 13.18007 13.18007 13.18007 14.77658 25.0747 25.41073 25.41073 25.41073 25.41073 25.41073 25.41073 25.41073
63.08619 63.08619 63.08619 63.08619 150.0607 163.2384 163.2384 163.2384 163.2384 163.2384 163.2384 163.2384 163.2384 125.914 66.65105 66.65105 66.65105 66.65105 66.65105 66.65105 66.65105 114.5069 213.9567 213.9567 213.9567 191.7245 175.726 93.77665 89.60833 89.60833 89.60833 89.60833 89.60833 89.60833 89.60833 89.60833 89.60833 89.60833 92.40997 93.03222 93.03221 93.03222 93.03222 93.03222 93.03221 63.03353 13.18007 13.18007 13.18007 13.18007 13.18007 13.18007 13.18007 13.18007 13.18007 13.18007 13.18007 13.18007 13.18007 13.18007 13.18007 21.23537 25.41073 25.41073 25.41073 25.41073 25.41073 25.41073 25.41073 25.41073
63.08619 63.08619 63.08619 63.08619 113.545 163.2384 163.2384 163.2384 163.2384 163.2384 163.2384 163.2384 163.2384 146.0701 91.55229 66.65105 66.65105 66.65105 66.65105 66.65105 66.65105 77.34244 77.85863 89.26867 207.9833 149.3887 89.9044 89.60833 89.60833 89.60834 89.60833 89.60833 89.60834 89.60834 89.60833 89.60833 89.60833 89.60834 91.0176 92.96581 93.03221 93.03222 93.03221 93.03221 93.03221 74.49944 13.18007 13.18007 13.18007 13.18007 13.18007 13.18007 13.18007 13.18007 13.18007 13.18007 13.18007 13.18007 13.18007 13.18007 15.84407 25.30289 24.58179 25.41073 25.41073 25.41073 25.41073 25.41073 25.41073 25.41073
63.08619 63.08619 63.08619 63.08619 74.46756 160.368 163.2384 163.2384 163.2384 163.2384 163.2384 154.8258 93.08744 66.76316 68.06661 66.65105 66.65105 66.65105 66.65105 66.65105 66.65105 66.65105 66.65105 78.06739 212.6211 212.924 177.6259 89.60833 89.60833 89.60833 89.60833 89.60833 89.60833 89.60833 89.60833 89.60833 89.60833 89.60833 89.60833 76.36517 67.97112 68.10406 71.48372 75.36224 79.36697 74.1937 13.18007 13.18007 13.18007 13.18007 13.18007 13.18007 13.18007 13.18007 13.18007 13.18007 13.18007 13.18007 13.18007 13.19209 18.82442 19.73629 21.3112 25.41073 25.41073 25.41073 25.41073 25.41073 25.41073 25.41073
63.08933 63.08619 63.08619 63.08619 88.13145 159.4852 163.2384 163.2384 163.2384 166.0265 161.2288 84.27127 66.65105 66.65105 66.65105 66.65105 66.65105 66.65105 66.65105 66.65105 66.65105 66.65105 66.65105 128.3334 213.9567 153.8719 91.39481 89.60833 89.60833 89.60833 89.60833 89.60833 89.60833 89.60833 89.60833 89.60833 89.60833 89.60833 89.60833 89.01868 71.84676 63.23559 63.23559 63.23559 63.23559 63.18694 45.8308 28.28241 15.70144 13.18007 13.18007 13.18222 22.02315 36.23977 50.36785 28.00451 13.18007 13.18007 13.18007 15.10596 19.10072 19.10072 23.46694 25.41073 25.41073 25.41073 25.41073 25.41073 25.41073 25.41073
63.08619 63.08619 63.08619 63.08619 99.50918 158.3789 163.2384 163.2384 163.2384 175.974 145.507 66.65105 66.65105 66.65105 66.65105 66.65105 66.65105 66.65105 66.65105 66.65105 66.65105 66.65105 66.65105 185.2487 213.9567 213.9567 210.9323 91.22784 89.60833 89.60832 89.60833 89.60832 89.60833 89.60832 89.60833 89.60832 89.60833 89.60832 89.60833 89.60833 89.20318 72.57581 63.23559 63.23558 63.23559 63.23559 63.23559 63.23558 62.24777 53.26296 42.42721 48.7184 63.23559 63.23558 63.23559 61.02737 20.7623 15.32117 14.94686 18.31639 19.10072 19.10072 23.90583 25.41073 25.41073 25.41073 25.41073 25.41073 25.41073 25.41073
84.69682 63.08619 63.08619 63.08619 63.08619 129.1842 163.2384 163.2384 165.0573 186.6077 160.9925 66.65105 66.65105 66.65105 66.65105 66.65105 66.65105 66.65105 66.65105 66.65105 66.65105 66.65105 66.65105 180.1054 213.9567 213.9567 169.3679 89.73785 89.60833 89.60833 89.60833 89.60833 89.60834 89.60834 89.60833 89.60834 89.60833 89.60834 89.60834 89.60822 76.48366 50.21096 50.90616 63.23559 63.23559 63.23559 63.23559 63.23559 63.23559 63.23559 63.23559 63.23559 63.23559 63.23559 63.23559 45.44325 19.12177 19.10073 19.10073 19.10073 19.10072 19.10073 23.04424 25.41073 25.41073 25.41073 25.41073 25.41073 25.41073 25.41073
117.4165 98.74982 65.8392 78.29459 73.26823 104.7784 173.2286 163.2384 179.0222 191.3655 175.9352 66.65105 66.65105 66.65105 66.65105 66.65105 66.65105 66.65105 66.65105 66.65105 66.65105 66.65105 66.65105 86.69151 158.5199 203.103 100.1122 89.60833 89.60833 89.60833 89.60833 89.60833 89.60833 89.60833 89.60833 86.30708 89.55274 81.43884 55.91755 29.83016 16.86653 16.86653 21.92236 60.3037 63.23559 63.23559 63.23559 63.23559 63.23559 63.23559 63.23559 63.23559 63.23559 63.23559 63.23559 33.61173 19.10072 19.10072 19.10072 19.10072 19.10072 19.10072 21.12033 25.41073 25.41073 25.41073 25.41073 25.41073 25.41073 25.41073
117.4165 117.4165 127.797 191.3655 191.3655 191.3655 191.3555 178.2796 190.4077 191.3655 190.5758 71.8068 66.65105 66.65105 66.65105 66.65105 66.65105 66.65105 66.65105 66.65105 66.65105 66.65105 66.65105 66.65105 66.65105 69.84614 75.04849 85.47295 89.60832 89.60833 89.60833 89.60833 89.36089 76.17846 45.95462 18.34498 22.09539 17.43429 16.86653 16.86653 16.86653 16.86653 16.86653 32.8505 63.23173 63.23559 63.23559 63.2356 63.23559 63.23559 63.23559 63.23559 63.23559 63.23559 48.4104 20.18032 19.10072 19.10072 19.10072 19.10072 19.10072 19.10072 19.26561 24.91017 25.41073 25.41073 25.41073 25.41073 25.41073 25.41073
117.4166 117.4165 119.0484 191.1696 191.3655 191.3655 191.3655 191.3655 191.3655 191.3655 187.4317 68.78601 66.65105 66.65105 66.65105 66.65105 66.65105 66.65105 66.65105 66.65105 66.65105 66.65105 66.65105 66.65105 66.65105 66.65105 66.65105 67.35644 87.22287 89.60833 89.60833 89.94165 64.64389 17.49257 16.86653 16.86653 16.86653 16.86653 16.86653 16.86653 16.86653 16.86653 16.86653 16.86653 46.2459 63.23559 63.23559 63.23559 63.23559 63.23559 63.23559 63.2356 60.63585 38.09328 19.6083 19.10073 19.10072 19.10073 19.10073 19.10073 19.10072 19.10073 19.10072 22.54525 25.41073 25.41073 25.41073 25.41073 25.41073 25.41073
117.4165 117.4165 117.4165 184.7437 191.3655 191.3655 191.3655 191.3655 191.3655 191.3655 191.3655 84.9217 66.65105 66.65105 66.65105 66.65105 66.65105 66.65105 66.65105 66.65105 66.65105 66.65105 66.65105 66.65105 66.65105 66.65105 66.65105 66.65105 82.2393 89.60833 89.60833 92.40604 94.97713 47.64581 16.86653 16.86653 16.86653 16.86653 16.86653 16.86653 16.86653 16.86653 16.86653 16.86653 19.37811 53.53645 63.23559 63.23559 63.23559 63.23559 63.23559 63.23559 41.22311 19.10073 19.10073 19.10073 19.10073 19.10073 19.10073 19.10073 19.10073 19.10073 19.10072 19.25905 20.78525 21.00234 21.21082 21.41703 25.29186 24.88635
117.4165 117.4165 121.3545 188.5993 191.3655 191.3655 191.3655 191.3655 191.3655 191.3655 191.3655 86.35462 66.65105 66.65105 66.65105 66.65105 66.65105 66.65105 66.65105 66.65105 66.65105 66.65105 66.65105 66.65105 66.65105 66.65105 66.65105 66.65105 85.6252 89.60833 90.3814 94.74452 94.97713 80.44637 16.92123 16.86653 16.86653 16.86653 16.86653 16.86653 16.86653 16.86653 16.86653 16.86653 16.86653 19.47668 53.35419 63.23559 63.23559 63.23559 63.23559 63.23559 61.42299 28.05371 19.10072 19.10072 19.10072 19.10072 19.10072 19.10072 19.10072 19.10072 19.10072 19.10072 19.10072 19.10072 19.10072 19.79996 25.41073 24.99244
117.4165 117.4165 145.9735 191.3655 191.3655 191.3655 191.3655 191.3655 191.3655 191.3655 187.0515 72.40884 66.65105 66.65105 66.65105 66.65105 66.65105 66.65105 66.65105 66.65105 66.65105 66.65105 66.65105 66.65105 66.65105 66.65105 74.79889 85.89596 91.88276 92.20551 94.75655 94.97714 94.97713 94.97713 35.55455 16.86653 16.86653 16.86653 16.86653 16.86653 16.86653 16.86653 16.86653 16.86653 16.86653 16.86653 19.81351 54.11614 63.23559 63.23559 63.2356 63.23559 63.23559 58.8494 24.13688 19.10072 19.10072 19.10072 19.10072 19.10072 19.10072 19.10072 19.10072 19.10072 19.10072 19.10072 19.10072 21.40809 25.41073 25.3335
117.4165 117.4165 170.7496 191.3655 191.3655 191.3655 191.3655 191.3655 191.3655 191.3655 145.4363 66.65105 66.65105 66.65105 66.65105 66.65105 66.65105 66.65105 66.65105 66.65105 66.65105 66.65105 66.65105 66.65105 66.60361 85.93092 111.57 112.7305 110.8284 99.41488 96.26486 94.97713 94.97713 94.97713 82.48644 20.61758 16.86653 16.86653 16.86653 16.86653 16.86653 16.86653 16.86653 16.86653 16.86653 16.86653 16.86653 21.0907 57.08702 63.23559 63.23559 63.23559 63.23559 63.23559 54.48335 19.68383 19.10072 19.10072 19.10072 19.10072 19.10072 19.10072 19.10072 19.10072 19.10072 19.10072 19.10072 22.75981 25.41073 25.41073
117.4165 154.8652 191.3655 191.3655 191.3655 191.3655 191.3655 191.3655 191.3655 191.3655 95.48038 66.65105 66.65105 66.65105 66.65105 66.65105 66.65105 66.65105 66.65105 66.65105 66.65105 66.65105 66.65105 66.65105 44.02229 74.25931 112.7305 112.7305 112.7305 109.3065 112.3474 101.7799 96.56796 96.92409 94.97713 67.91822 16.93895 16.86653 16.86653 16.86653 16.86653 16.86653 16.86653 16.86653 16.86653 16.86653 16.86653 16.86653 23.79832 59.61774 63.23559 63.23559 63.23559 63.23558 63.23559 38.22771 19.10072 19.10072 19.10072 19.10072 19.10072 19.10072 19.10072 19.10072 19.10072 19.10072 19.10072 20.08282 22.16583 22.44787
117.4165 127.6185 149.695 191.3655 191.3655 191.3655 191.3655 191.3655 191.3655 168.0176 66.63325 66.65105 66.65105 66.65105 66.65105 66.65105 66.65105 66.65105 66.65105 66.65105 66.65105 66.65105 66.65105 55.45904 12.87795 38.68083 112.7305 112.7305 112.7305 112.7305 112.7305 112.5844 111.0562 100.5937 94.97713 94.97713 50.67263 16.86653 16.86653 16.86653 16.86653 16.86653 16.86653 16.86653 16.86653 16.86653 16.86653 16.86653 16.86653 28.82109 54.65378 63.2356 63.23559 63.2356 63.23559 61.92669 41.97643 31.37619 20.41018 19.10072 19.10072 19.10072 19.10072 19.10072 19.10072 19.10072 19.10072 19.10072 19.10072 19.10072
117.4165 117.4165 146.4793 191.3655 191.3655 191.3655 191.3655 191.3655 157.3655 66.85716 60.26411 66.5598 66.65105 66.65105 66.65105 66.65105 66.65105 66.65105 66.65105 66.65105 65.22215 48.03102 26.48598 11.54268 11.03447 19.61414 111.5392 112.7305 112.7305 112.7305 112.7305 112.7305 112.7305 112.7305 105.8154 95.36908 93.93407 31.88839 16.86653 16.86653 16.86653 16.86653 16.86653 16.86653 16.86653 16.86653 16.86653 16.86653 16.86653 16.86653 17.8502 45.72901 63.23559 63.2356 63.23559 63.23559 63.23559 63.2356 61.72155 51.87844 40.57819 28.57225 19.5892 19.10073 19.10073 19.10073 19.10072 19.10073 19.10072 19.10073
117.4165 117.4165 118.4428 131.0363 179.0846 190.996 191.3655 139.5551 60.3515 57.4746 57.4746 63.26696 65.80982 64.45943 66.65105 66.65105 66.65105 66.65105 66.65105 49.39865 15.95711 11.03447 11.03447 11.03447 11.03447 41.42838 112.7305 112.7305 112.7305 112.7305 112.7305 112.7305 112.7305 112.7305 108.9704 95.13567 94.97713 73.90007 16.86653 16.86653 16.86653 16.86653 16.86653 16.86653 16.86653 16.86653 16.86653 16.86653 16.86653 16.86653 16.86653 19.59078 34.35171 39.59466 36.56939 59.9645 63.23559 63.23559 63.23559 63.23559 63.23559 63.23559 54.24865 19.10072 19.10072 19.10072 19.10072 19.10072 19.10072 19.10072
