Scenarios/Global_Grid/data/country_data_population_distribution/processed/density_grids/sdn.asc
ncols 429
nrows 341
xllcorner 21
yllcorner 8
[rows 248 to 278 of 341, columns 140 to 209 of 429]
16.34159 16.34159 16.34159 16.34159 16.34159 16.34159 16.34159 16.34159 16.34159 16.34159 16.34159 16.34159 20.96495 27.47492 27.47492 27.47492 27.47492 27.47492 27.47492 27.47492 27.47492 27.47492 27.47492 27.47492 27.47492 27.47492 27.47492 27.47492 27.47492 27.47492 20.82461 11.26956 11.19917 11.19917 11.19917 11.19917 11.19917 11.19917 11.19917 11.19917 11.19917 11.19917 11.80474 12.06562 12.06562 12.06562 12.06562 12.06562 12.06562 12.06562 12.06562 12.06562 12.06562 12.06562 12.06562 12.06562 12.06562 12.06562 12.06562 12.06562 12.06562 12.06562 14.02295 14.28863 14.28863 14.28863 14.28863 14.28863 14.28863 14.28863
21.96248 17.39675 16.34159 16.34159 16.34159 16.34159 16.34159 16.34159 16.34159 16.34159 16.34159 16.34159 17.50055 27.41158 27.47492 27.47492 27.47492 27.47492 27.47492 27.47492 27.47492 27.47492 27.47492 27.47492 27.47492 27.47492 27.47492 27.47492 27.47492 19.28431 11.27637 11.19917 11.19917 11.19917 11.19917 11.19917 11.19917 11.19917 11.19917 11.19917 11.19917 11.19917 11.66932 12.06562 12.06562 12.06562 12.06562 12.06562 12.06562 12.06562 12.06562 12.06562 12.06562 12.06562 12.06562 12.06562 12.06562 12.06562 12.06562 12.06562 12.06562 12.2927 14.26246 14.28863 14.28863 14.28863 14.28863 14.28863 14.28863 14.28863
26.43064 26.21625 20.5432 16.85794 16.34159 17.12899 21.16887 24.22277 25.3255 25.98902 25.73552 25.31717 22.69483 26.27603 27.47492 27.47492 27.47492 27.47492 27.47492 27.47492 27.47492 27.47492 27.47492 27.47492 27.47492 27.47492 27.47492 27.47492 22.09764 11.20087 11.19917 11.19917 11.19917 11.19917 11.19917 11.19917 11.19917 11.19917 11.19917 11.19917 11.19917 11.19917 11.48201 12.06562 12.06562 12.06562 12.06562 12.06562 12.06562 12.06562 12.06562 12.06562 12.06562 12.06562 12.06562 12.06562 12.06562 12.06562 12.06562 12.06562 12.06562 13.12547 14.28863 14.28863 14.28863 14.28863 14.28863 14.28863 14.28863 14.28863
26.43065 26.43064 26.43065 26.37787 26.03004 26.34485 26.43065 26.43064 26.43065 26.43064 26.43065 26.43064 26.43065 27.11832 27.47492 27.47492 27.47492 27.47492 27.47492 27.47492 27.47492 27.47492 27.47492 27.47492 27.47492 27.47492 27.47492 27.42425 14.00626 11.19917 11.19917 11.19917 11.19917 11.19917 11.19917 11.19917 11.19917 11.19917 11.19917 11.19917 11.19917 11.19917 11.38567 12.06562 12.06562 12.06562 12.06562 12.06562 12.06562 12.06562 12.06562 12.06562 12.06562 12.06562 12.06562 12.06562 12.06562 12.06562 12.06562 12.06562 12.06562 13.28495 14.28863 14.28863 14.28863 14.28863 14.28863 14.28863 14.28863 14.28863
26.43064 26.43065 26.43064 26.43065 26.43064 26.43065 26.43064 26.43065 26.43064 26.43065 26.43064 26.43065 26.43064 27.03595 27.47492 27.47492 27.47492 27.47492 27.47492 27.47492 27.47492 27.47492 27.47492 27.47492 27.47492 27.47492 27.01974 19.70107 11.19917 11.19917 11.19917 11.19917 11.19917 11.19917 11.19917 11.19917 11.19917 11.19917 11.19917 11.19917 11.19917 11.19917 11.52855 12.06562 12.06562 12.06562 12.06562 12.06562 12.06562 12.06562 12.06562 12.06562 12.06562 12.06562 12.06562 12.06562 12.06562 12.06562 12.06562 12.06562 12.06562 12.21281 12.82567 12.75206 12.67061 13.91425 14.28863 14.28863 14.28863 14.28863
26.43064 26.43064 26.43064 26.43064 26.43064 26.43064 26.43064 26.43064 26.43064 26.43064 26.43064 26.43064 26.43064 26.95472 27.47492 27.47492 27.47492 27.47492 27.47492 27.47492 27.47492 27.47492 27.47492 27.47492 27.47492 26.81968 14.78759 11.19917 11.19917 11.19917 11.19917 11.19917 11.19917 11.19917 11.19917 11.19917 11.19917 11.19917 11.19917 11.19917 11.19917 11.19917 11.5859 12.06562 12.06562 12.06562 12.06562 12.06562 12.06562 12.06562 12.06562 12.06562 12.06562 12.06562 12.06562 12.06562 12.06562 12.06562 12.06562 12.06562 12.06562 12.06562 12.06562 12.06562 12.06562 13.04638 14.28863 14.28863 14.28863 14.28863
26.43064 26.43064 26.43064 26.43064 26.43064 26.43064 26.43064 26.43064 26.43064 26.43064 26.43064 26.43065 26.43064 26.87349 27.47492 27.47492 27.47492 27.47492 27.47492 27.47492 27.47492 27.47492 27.47492 27.47492 27.17111 15.9677 11.19917 11.19917 11.19917 11.19917 11.19917 11.19917 11.19917 11.19917 11.19917 11.19917 11.19917 11.19917 11.19917 11.19917 11.19917 11.19917 11.38252 12.06562 12.06562 12.06562 12.06562 12.06562 12.06562 12.06562 12.06562 12.06562 12.06562 12.06562 12.06562 12.06562 12.06562 12.06562 12.06562 12.06562 12.06562 12.06562 12.06562 12.06562 12.06562 12.24278 14.23376 14.28863 14.28863 14.28863
26.43064 26.43064 26.43064 26.43064 26.43064 26.43064 26.43064 26.43064 26.43064 26.43064 26.43064 26.43064 26.43064 26.79226 27.47492 27.47492 27.47492 27.47492 27.47492 27.47492 27.47492 27.47492 27.47492 27.47492 18.43633 11.19917 11.19917 11.19917 11.19917 11.19917 11.19917 11.19917 11.19917 11.19917 11.19917 11.19917 11.19917 11.19917 11.19917 11.19917 11.19917 11.19917 11.22871 12.05689 12.06562 12.06562 12.06562 12.06562 12.06562 12.06562 12.06562 12.06562 12.06562 12.06562 12.06562 12.06562 12.06562 12.06562 12.06562 12.06562 12.06562 12.06562 12.06562 12.06562 12.06562 12.06562 13.55245 14.28863 14.28863 14.28863
26.43064 26.43064 26.43064 26.43064 26.43064 26.43064 26.43064 26.43064 26.43064 26.43064 26.43064 26.43064 26.43064 26.71089 27.47492 27.47492 27.47492 27.47492 27.47492 27.47492 27.47492 27.47492 27.47492 23.3616 11.30101 11.19917 11.19917 11.19917 11.19917 11.19917 11.19917 11.19917 11.19917 11.19917 11.19917 11.19917 11.19917 11.19917 11.19917 11.19917 11.19917 11.19917 11.19917 11.96645 12.06562 12.06562 12.06562 12.06562 12.06562 12.06562 12.06562 12.06562 12.06562 12.06562 12.06562 12.06562 12.06562 12.06562 12.06562 12.06562 12.06562 12.06562 12.06562 12.06562 12.06562 12.06562 12.69606 14.28863 14.28863 14.28863
31.95071 26.43064 26.43064 26.43064 26.43064 26.43064 26.43064 26.43064 26.43064 26.43064 26.43064 26.43065 26.43064 26.62914 27.47492 27.47492 27.47492 27.47492 27.47492 27.47492 27.47492 27.47492 25.7366 14.75368 11.19917 11.19917 11.19917 11.19917 11.19917 11.19917 11.19917 11.19917 11.19917 11.19917 11.19917 11.19917 11.19917 11.19917 11.19917 11.19917 11.19917 11.19917 11.19917 11.96872 12.06562 12.06562 12.06562 12.06562 12.06562 12.06562 12.06562 12.06562 12.06562 12.06562 12.06562 12.06562 12.06562 12.06562 12.06562 12.06562 12.06562 12.06562 12.06562 12.06562 12.06562 12.06562 12.10404 11.96775 12.22104 12.65145
70.60397 41.92143 26.43064 26.43065 26.43065 26.43065 26.43064 26.43065 26.43064 26.43065 26.43064 26.43065 26.43064 26.54737 27.47492 27.47492 27.47492 27.47492 27.47492 27.47492 27.47492 22.85717 12.20442 11.19917 11.19917 11.19917 11.19917 11.19917 11.19917 11.19917 11.19917 11.19917 11.19917 11.19917 11.19917 11.19917 11.19917 11.19917 11.19917 11.19917 11.19917 11.19917 11.19917 11.99093 12.06562 12.06562 12.06562 12.06562 12.06562 12.06562 12.06562 12.06562 12.06562 12.06562 12.06562 12.06562 12.06562 12.06562 12.06562 12.06562 12.06562 12.06562 12.06562 12.06562 12.06562 12.06562 12.06562 10.18048 9.157592 9.157592
73.14025 57.93155 26.43064 26.43064 26.43065 26.43065 26.43064 26.43065 26.43064 26.43064 26.43064 26.43065 26.43064 26.04013 18.44738 26.73748 27.47492 27.47492 27.47492 27.47492 24.19159 12.43622 11.19917 11.19917 11.19917 11.19917 11.19917 11.19917 11.19917 11.19917 11.19917 11.19917 11.19917 11.19917 11.19917 11.19917 11.19917 11.19917 11.19917 11.19917 11.19917 11.19917 11.19917 12.02902 12.06562 12.06562 12.06562 12.06562 12.06562 12.06562 12.06562 12.06562 12.06562 12.06562 12.06562 12.06562 12.06562 12.06562 12.06562 12.06562 12.06562 12.06562 12.06562 12.06562 12.06562 12.06562 12.06562 11.35618 9.157592 9.157592
73.14025 50.51326 26.43065 26.43065 26.43065 26.43065 26.43065 26.43065 26.43065 26.43065 26.43065 26.43064 26.43065 26.43056 11.71508 17.17554 25.16462 25.11838 24.06993 20.48792 12.01607 11.19917 11.19917 11.19917 11.19917 11.19917 11.19917 11.19917 11.19917 11.19917 11.19917 11.19917 11.19917 11.19917 11.19917 11.19917 11.19917 11.19917 11.19917 11.19917 11.19917 11.19917 11.23192 12.06562 12.06562 12.06562 12.06562 12.06562 12.06562 12.06562 12.06562 12.06562 12.06562 12.06562 12.06562 12.06562 12.06562 12.06562 12.06562 12.06562 12.06562 12.06562 12.06562 12.06562 12.06562 12.06562 12.06562 10.73422 9.157592 9.157592
73.14025 41.67125 26.43064 26.43064 26.43064 26.43064 26.43064 26.43064 26.43064 26.43064 26.43064 26.43064 26.43064 26.43064 12.75393 11.19917 11.19917 11.19917 11.19917 11.19917 11.19917 11.19917 11.19917 11.19917 11.19917 11.19917 11.19917 11.19917 11.19917 11.19917 11.19917 11.19917 11.19917 11.19917 11.19917 11.19917 11.19917 11.19917 11.19917 11.19917 11.19917 11.19917 11.19923 11.91412 12.06562 12.06562 12.06562 12.06562 12.06562 12.06562 12.06562 12.06562 12.06562 12.06562 12.06562 12.06562 12.06562 12.06562 12.06562 12.06562 12.06562 12.06562 12.06562 12.06562 12.06562 12.06562 12.06562 9.551719 9.157592 9.157592
71.44378 32.61595 26.43065 26.43065 26.43065 26.43065 26.43065 26.43065 26.43065 26.43065 26.43065 26.43065 26.43065 26.43065 13.5768 11.19917 11.19917 11.19917 11.19917 11.19917 11.19917 11.19917 11.19917 11.19917 11.19917 11.19917 11.19917 11.14248 10.26359 11.12802 11.19917 11.19917 11.19917 11.19917 11.19917 11.19917 11.19917 11.19917 11.19917 11.19917 11.19917 11.19917 11.19917 11.64172 12.06562 12.06562 12.06562 12.06562 12.06562 12.06562 12.06562 12.06562 12.06562 12.06562 12.06562 12.06562 12.06562 12.06562 12.06562 12.06562 12.06562 12.06562 12.06562 12.06562 12.06562 12.06562 12.06562 10.06757 9.157593 9.157593
26.6546 26.43064 26.43064 26.43064 26.43064 26.43064 26.43064 26.43064 26.43064 26.43064 26.43064 26.43064 26.43064 26.43064 12.90822 11.19917 11.19917 11.19917 11.19917 11.19917 11.19917 11.19917 11.19917 11.19917 11.19917 11.19917 11.19917 9.323587 7.378621 9.350451 11.19917 11.19917 11.19917 11.19917 11.19917 11.19917 11.19917 11.19917 11.19917 11.19917 11.19917 11.19917 11.19917 11.52483 12.06562 12.06562 12.06562 12.06562 12.06562 12.06562 12.06562 12.06562 12.06562 12.06562 12.06562 12.06562 12.06562 12.06562 12.06562 12.06562 12.06562 12.06562 12.06562 12.06562 12.06562 12.06562 10.84981 9.265144 9.157592 9.157592
26.43064 26.43065 26.43064 26.43065 26.43065 26.43065 26.43064 26.43065 26.43064 26.43065 26.43064 26.43065 26.43064 26.43065 13.21138 11.19917 11.19917 11.19917 11.19917 11.19917 11.19917 11.19917 11.19917 11.19917 10.36694 9.277473 8.750376 7.403727 7.378621 7.60412 11.19917 11.19917 11.19917 11.19917 11.19917 11.19917 11.19917 11.19917 11.19917 11.19917 11.19917 11.19917 11.19917 11.45913 12.06562 12.06562 12.06562 12.06562 12.06562 12.06562 12.06562 12.06562 12.06562 12.06562 12.06562 12.06562 12.06562 12.06562 12.06562 12.06562 12.06562 12.06562 12.06562 12.05263 9.577292 9.863909 9.158485 9.157592 9.157592 9.157592
26.43064 26.43064 26.43064 26.43064 26.43064 26.43064 26.43064 26.43064 26.43064 26.43064 26.43064 26.43064 26.43064 26.43064 17.65294 11.19917 11.19917 11.19917 11.19917 11.19917 11.19917 11.0869 10.39548 8.656366 7.378884 7.378622 7.378622 7.378621 7.378622 7.562107 11.19917 11.19917 11.19917 11.19917 11.19917 11.19917 11.19917 11.19917 11.19917 11.19917 11.19917 11.19917 11.19917 11.45795 12.06562 12.06562 12.06562 12.06562 12.06562 12.06562 12.06562 12.06562 12.06562 12.06562 12.06562 12.06562 12.06562 12.06562 12.06562 12.06562 12.06562 11.7987 10.22426 6.966822 7.455172 9.157592 9.157592 9.157592 9.157593 9.157593
26.43065 26.43065 26.43065 26.43065 26.43065 26.43065 26.43065 26.43065 26.43065 26.43065 26.43065 26.43064 26.43065 26.43065 22.36945 11.19907 10.58019 9.977503 9.447819 8.869059 8.115954 7.459745 7.378622 7.378622 7.378622 7.378622 7.378622 7.378622 7.378622 7.746398 11.19917 11.19917 11.19917 11.19917 11.19917 11.19917 11.19917 11.19917 11.19917 11.19917 11.19917 11.19917 11.19917 11.49451 12.06562 12.06562 12.06562 12.06562 12.06562 12.06562 12.06562 12.06562 12.06562 12.06562 12.06562 12.06562 12.06562 11.45345 9.494811 8.332065 7.224241 5.600829 4.901602 4.901603 8.987454 9.157593 9.157593 9.157593 9.157593 9.157593
26.43064 26.43064 26.43064 26.43064 26.43064 26.43064 26.43064 26.43064 26.43064 26.43064 26.43064 26.43064 26.43064 26.43064 26.12695 9.544177 7.378621 7.378622 7.378621 7.378621 7.378621 7.378621 7.378621 7.378621 7.378621 7.378621 7.378621 7.378621 7.378621 8.113671 11.19917 11.19917 11.19917 11.19917 11.19917 11.19917 11.19917 11.19917 11.19917 11.19917 11.19917 11.19917 11.19917 11.65105 12.06562 12.06562 12.06562 12.06562 12.06562 12.06562 8.634729 12.018 12.06562 12.06562 12.06562 12.06562 11.08756 6.082782 4.901602 4.901602 4.901602 4.901602 4.901603 4.901602 8.906566 9.157592 9.157592 9.157592 9.157592 9.157592
26.43065 26.43065 26.43065 26.43065 26.43065 26.43065 26.43065 26.43065 26.43065 26.43065 26.43065 26.43065 26.43065 26.43065 26.43065 14.99384 7.378621 7.378622 7.378622 7.378622 7.378621 7.378622 7.378621 7.378622 7.378622 7.378622 7.378621 7.378622 7.378621 8.280387 11.19917 11.19917 11.19917 11.19917 11.19917 11.19917 11.19917 11.19917 11.19917 11.19917 11.19917 11.19917 11.19917 11.50137 12.05399 12.06562 12.06562 12.06562 12.06562 12.06562 5.476351 8.973898 12.06562 11.87628 9.29784 6.333238 4.971862 4.901602 4.901603 4.901602 4.901603 4.901602 4.901603 4.901602 7.458493 9.157592 9.157592 9.157592 9.157592 9.157593
26.43064 26.43064 26.43064 26.43064 26.43064 26.43064 26.43064 26.43064 26.43064 26.43064 26.43064 26.43065 26.43064 26.43064 26.43064 21.75644 7.378622 7.378622 7.378622 7.378622 7.378622 7.378622 7.378622 7.378622 7.378622 7.378622 7.378622 7.378622 7.378622 7.856503 11.03019 11.19917 11.19917 11.19917 11.19917 11.19917 11.19917 11.19917 11.19917 11.19917 11.19917 11.19917 11.19917 11.19917 11.47556 12.0381 12.06562 12.06562 12.06562 11.55455 4.975793 5.174231 7.153505 5.260942 4.901602 4.901602 4.901602 4.901602 4.901602 4.901602 4.901602 4.901602 4.901602 4.901602 5.39726 9.059195 9.157592 9.157592 9.157592 9.157593
26.43064 26.43064 26.43064 26.43064 26.43064 26.43064 26.43064 26.43064 26.43064 26.43064 26.43064 26.43064 26.43064 26.43064 26.43064 26.36442 10.43829 7.378622 7.378621 7.378621 7.378621 7.378621 7.378621 7.378621 7.378621 7.378621 7.378621 7.378621 7.378621 7.378621 7.567774 8.826262 9.939115 10.66293 10.78459 11.19464 11.19917 11.19917 11.19917 11.19917 11.19917 11.19917 11.19917 11.19917 11.19917 11.40556 12.00598 12.06562 12.06562 9.678446 4.901603 4.901603 4.901602 4.901603 4.901602 4.901602 4.901602 4.901603 4.901602 4.901603 4.901602 4.901603 4.901603 4.901603 4.901602 6.631606 9.06914 9.157591 9.157592 9.157592
26.43064 26.43064 26.43064 26.43064 26.43064 26.43064 26.43064 26.43064 26.43064 26.43064 26.43064 26.43065 26.43064 26.43064 26.43064 26.43064 15.26993 7.378622 7.378622 7.378622 7.378622 7.378622 7.378622 7.378622 7.378622 7.378622 7.378622 7.378622 7.378622 7.378622 7.378622 7.378622 7.378622 7.491592 7.379254 11.11966 11.19917 11.19917 11.19917 11.19917 11.19917 11.19917 11.19917 11.19917 11.19917 11.19917 11.34052 11.87206 12.06562 7.355561 4.901603 4.901602 4.901602 4.901602 4.901602 4.901602 4.901603 4.901602 4.901602 4.901602 4.901602 4.901602 4.901603 4.901602 4.901602 4.901602 5.962234 8.82935 9.157592 9.157592
26.43065 26.43064 26.43065 26.43064 26.43064 26.43064 26.43065 26.43064 26.43065 26.43064 26.43065 26.43064 26.43065 26.43064 26.43065 26.43064 17.22307 7.378622 7.378622 7.378621 7.378622 7.378622 7.378622 7.378622 7.378622 7.378621 7.378622 7.378622 7.378622 7.378621 7.378622 7.378622 7.378622 7.378621 7.378622 10.65591 11.19917 11.19917 11.19917 11.19917 11.19917 11.19917 11.19917 11.19917 11.19917 11.19917 11.19917 11.19943 10.51995 5.148794 4.901603 4.901603 4.901602 4.901603 4.901602 4.901603 4.901603 4.901603 4.901602 4.901603 4.901602 4.901603 4.901603 4.901603 4.901602 4.901603 4.901602 5.471248 8.438401 9.157591
26.43064 26.43064 26.43064 26.43064 26.43064 26.43064 26.43064 26.43064 26.43064 26.43064 26.43064 26.43064 26.43064 26.43064 26.43064 26.43064 24.15787 7.683814 7.378621 7.378621 7.378621 7.378621 7.378621 7.378621 7.378621 7.378621 7.378621 7.378621 7.378621 7.378622 7.378622 7.378622 7.378621 7.378621 7.378621 9.365161 11.19917 11.19917 11.19917 11.19917 11.19917 11.19917 11.19917 11.19917 11.19917 11.19917 11.19917 10.58368 5.591833 4.901602 4.901602 4.901602 4.901602 4.901602 4.901602 4.901602 4.901602 4.901602 4.901602 4.901602 4.901602 4.901602 4.901602 4.901602 4.901602 4.901602 4.901602 4.901602 5.131647 7.896068
26.43065 26.43065 26.43065 26.43065 26.43065 26.43065 26.43065 26.43065 26.43064 26.43065 26.43064 26.43065 26.43065 26.43065 26.43064 26.43065 26.43064 13.89878 7.378622 7.378622 7.378622 7.378622 7.378622 7.378622 7.378622 7.378622 7.378622 7.378622 7.378622 7.378622 7.378622 7.378622 7.378622 7.378622 7.378622 7.593607 10.38163 11.19917 11.19917 11.19917 11.19917 11.19917 11.19917 11.19917 11.19917 11.19917 11.19917 8.647691 4.901602 4.901602 4.901603 4.901602 4.901602 4.901602 4.901603 4.901602 4.901603 4.901602 4.901602 4.901602 4.901602 4.901602 4.901603 4.901602 4.901602 4.901602 4.901603 4.901602 4.901602 4.943428
26.43064 26.43064 26.43064 26.43064 26.43064 26.43064 26.43064 26.43064 26.43064 26.43064 26.43064 26.43064 26.43064 26.43064 26.43064 26.43064 26.43064 22.3853 7.381006 7.378622 7.378622 7.378622 7.378622 7.378622 7.378622 7.378622 7.378622 7.378622 7.378622 7.378622 7.378622 7.378622 7.378622 7.378622 7.378622 7.689266 11.19238 11.19917 11.19917 11.19917 11.19917 11.19917 11.19917 11.19917 11.19917 11.19917 11.19886 9.651773 6.694021 6.934314 7.174605 7.237797 6.203362 4.901602 4.901602 4.901602 4.901602 4.901602 4.901602 4.901602 4.901602 4.901602 4.901602 4.901602 4.901602 4.901602 4.901602 4.901602 4.901602 4.901602
26.43064 26.43064 26.43064 26.43064 26.43064 26.43064 26.43064 26.43064 26.43064 26.43064 26.43064 26.43065 26.43064 26.43064 26.43064 26.43064 26.43064 26.43064 10.5158 7.378622 7.378622 7.378622 7.378622 7.378622 7.378622 7.378622 7.378622 7.378622 7.378622 7.378622 7.378622 7.378622 7.378622 7.378622 7.378622 7.428581 10.47918 11.19917 11.19917 11.19917 11.19917 11.19917 11.19917 11.19917 11.19917 10.86077 8.612784 7.378622 7.378622 7.378622 7.378622 7.378622 7.373363 5.522556 4.901603 4.901602 4.901603 4.901603 4.901603 4.901602 4.901603 4.901603 4.901603 4.901602 4.901603 4.901602 4.901603 4.901602 4.901603 4.901603
26.43064 26.43064 26.43064 26.43064 26.43064 26.43064 26.43064 26.43064 26.43064 26.43064 26.43064 26.43064 26.43064 26.43064 26.43064 26.43064 26.43064 26.43064 14.4143 7.378621 7.378622 7.378621 7.378622 7.378622 7.378622 7.378621 7.378622 7.378621 7.378622 7.378621 7.378621 7.378621 7.378622 7.378621 7.378621 7.378622 7.783272 10.77593 11.19917 11.19917 11.19917 11.19917 11.19917 11.19917 9.944332 7.685829 7.378622 7.378622 7.378621 7.378622 7.378621 7.378622 7.378621 6.549588 4.901603 4.901603 4.901602 4.901603 4.901602 4.901603 4.901602 4.901603 4.901602 4.901603 4.901602 4.901603 4.901602 4.901602 4.901603 4.901602
26.43064 26.43065 26.43064 26.43065 26.43065 26.43065 26.43064 26.43065 26.43064 26.43064 26.43064 26.43065 26.43064 26.43065 26.43064 26.43065 26.43064 26.43065 20.97551 7.378621 7.378621 7.378621 7.378621 7.378621 7.378621 7.378621 7.378621 7.378621 7.378621 7.378621 7.378621 7.378621 7.378621 7.378621 7.378621 7.378621 7.378621 8.074298 10.99431 10.74849 10.51212 11.19901 10.93603 8.72722 7.379048 7.378621 7.378621 7.378621 7.378621 7.378621 7.378622 7.378621 7.378621 7.320208 5.032371 4.901602 4.901603 4.901603 4.901603 4.901603 4.901603 4.901602 4.901603 4.901603 4.901603 4.901602 4.901603 4.901603 4.901603 4.901603
