Scenarios/Global_Grid/data/country_data_population_distribution/processed/density_grids/sen.asc
ncols 159
nrows 112
xllcorner -17
yllcorner 12
[rows 32 to 63 of 112, columns 72 to 143 of 159]
19.153 19.15301 19.153 19.15301 19.153 19.153 19.153 19.153 19.153 19.15301 19.153 19.15301 19.15301 19.0368 17.19573 15.94699 4.267225 4.267225 4.267225 4.267225 4.267225 4.267225 4.267225 4.267225 4.267225 4.267225 4.267225 4.267225 4.267225 4.267225 4.267225 4.267225 4.267225 4.267225 4.267225 4.267225 4.267225 4.267225 4.267225 4.267225 10.55333 48.0811 36.50209 33.91626 33.91626 33.91626 33.91626 33.91626 33.91626 33.91626 33.91626 33.91626 33.91626 33.91626 36.83266 0 0 0 0 0 0 0 0 0 0 0 0 0 0 0 0 0
19.15301 19.15301 19.15301 19.15301 19.15301 19.15301 19.15301 19.15301 19.15301 19.15301 19.15301 19.15301 19.15301 19.15301 19.15301 11.91787 4.267225 4.267225 4.267225 4.267225 4.267225 4.267225 4.267225 4.267225 4.267225 4.267225 4.267225 4.267225 4.267225 4.267225 4.267225 4.267225 4.267225 4.267225 4.267225 4.267225 4.267225 4.267225 4.267225 4.267225 4.733821 25.08101 33.91626 33.91626 33.91626 33.91626 33.91626 33.91626 33.91626 33.91626 33.91626 33.91626 33.91626 33.91626 44.04248 48.64429 0 0 0 0 0 0 0 0 0 0 0 0 0 0 0 0
19.15301 19.15301 19.15301 19.15301 19.15301 19.15301 19.15301 19.15301 19.15301 19.15301 19.15301 19.15301 19.15301 19.15301 18.63003 7.584066 4.267225 4.267225 4.267225 4.267225 4.267225 4.267225 4.267225 4.267225 4.267225 4.267225 4.267225 4.267225 4.267225 4.267225 4.267225 4.267225 4.267225 4.267225 4.267225 4.267225 4.267225 4.267225 4.267225 5.560354 24.76111 33.91626 33.91626 33.91626 33.91626 33.91626 33.91626 33.91626 33.91626 33.91626 33.91626 33.91626 33.91626 33.91626 40.29827 0 0 0 0 0 0 0 0 0 0 0 0 0 0 0 0 0
19.15301 19.15301 19.15301 19.15301 19.15301 19.15301 19.15301 19.15301 19.15301 19.15301 19.15301 19.15301 19.15301 18.8311 6.054619 4.267225 4.267225 4.267225 4.267225 4.267225 4.267225 4.267225 4.267225 4.267225 4.267225 4.267225 4.267225 4.267225 4.267225 4.267225 4.267225 4.267225 4.267225 4.267225 4.267225 4.267225 4.267225 4.267225 7.813987 28.3198 33.91626 33.91626 33.91626 33.91626 33.91626 33.91626 33.91626 33.91626 33.91626 33.91626 33.91626 33.91626 33.91626 33.91626 33.91626 39.20398 35.95266 0 0 0 0 0 0 0 0 0 0 0 0 0 0 0
19.15301 19.15301 19.15301 19.15301 19.15301 19.15301 19.15301 19.15301 19.15301 18.62002 15.23417 14.46391 14.46391 11.32712 4.267225 4.267225 4.267225 4.267225 4.267225 4.267225 4.267225 4.267225 4.267225 4.267225 4.267225 4.267225 4.267225 4.267225 4.267225 4.267225 4.267225 4.267225 4.267225 4.267225 4.267225 4.267225 4.267225 4.267225 22.79251 33.91626 33.91626 33.91626 33.91626 33.91626 33.91626 33.91626 33.91626 33.91626 33.91626 33.91626 33.91626 33.91626 33.91626 33.91626 33.91626 33.91626 34.1123 0 0 0 0 0 0 0 0 0 0 0 0 0 0 0
19.15301 19.15301 19.15301 19.15301 19.15301 19.15301 19.153 19.15301 14.42254 4.797507 4.267225 4.267225 4.267225 4.267225 4.267225 4.267225 4.267225 4.267225 4.267225 4.267225 4.267225 4.267225 4.267225 4.267225 4.267225 4.267225 4.267225 4.267225 4.267225 4.267225 4.267225 4.267225 4.267225 4.267225 4.267225 4.267225 4.267225 10.29041 32.0592 33.91626 33.91626 33.91626 33.91626 33.91626 33.91626 33.91626 33.91626 33.91626 33.91626 33.91626 33.91626 33.91626 33.91626 33.91626 33.91626 33.91626 33.91626 33.91626 30.20301 0 0 0 0 0 0 0 0 0 0 0 0 0
19.15301 19.15301 19.15301 19.15301 19.15301 19.15301 19.15301 19.15301 13.35171 4.267225 4.267225 4.267225 4.267225 4.267225 4.267225 4.267225 4.267225 4.267225 4.267225 4.267225 4.267225 4.267225 4.267225 4.267225 4.267225 4.267225 4.267225 4.267225 4.267225 4.267225 4.267225 4.267225 4.267225 4.267225 4.267225 4.267225 8.971411 33.31398 33.91626 33.91626 33.91626 33.91626 33.91626 33.91626 33.91626 33.91626 33.91626 33.91626 33.91626 33.91626 33.91626 33.91626 33.91626 33.91626 33.91626 33.91626 33.91626 33.91626 33.91626 32.41802 26.27013 26.21451 0 0 0 0 0 0 0 0 0 0
19.15301 19.15301 19.15301 19.15301 19.15301 19.15301 19.15301 19.15301 17.61916 4.687395 4.267225 4.267225 4.267225 4.267225 4.267225 4.267225 4.267225 4.267225 4.267225 4.267225 4.267225 4.267225 4.267225 4.267225 4.267225 4.267225 4.267225 4.267225 4.267225 4.267225 4.267225 4.267225 4.267225 4.267225 4.267225 4.267225 4.277588 15.61939 30.9843 33.91626 33.91626 33.91626 33.91626 33.91626 33.91626 33.91626 33.91626 33.91626 33.91626 33.91626 33.91626 33.91626 33.91626 33.91626 33.91626 33.91626 33.91626 33.91626 33.91626 33.91626 30.44797 26.05644 26.94008 0 0 0 0 0 0 0 0 0
19.15301 19.15301 19.15301 19.15301 19.15301 19.15301 19.15301 19.15301 19.15301 9.3251 4.267225 4.267226 4.267225 4.267225 4.267225 4.267226 4.267225 4.267226 4.267225 4.267226 4.267225 4.267226 4.267225 4.267226 4.267225 4.267225 4.267225 4.267225 4.267226 4.267225 4.267226 4.267225 4.267226 4.267225 4.267226 4.267225 4.267226 4.267225 9.285114 32.45773 33.91626 33.91626 33.91626 33.91626 33.91626 33.91626 33.91626 33.91626 33.91626 33.91626 33.91626 33.91626 33.91626 33.91626 33.91626 33.91626 33.91626 33.91626 33.91626 33.91626 33.78347 27.18885 26.05644 26.05644 27.30782 0 0 0 0 0 0 0
19.15301 19.15301 19.15301 19.15301 19.15301 19.15301 19.15301 19.15301 19.15301 10.47403 4.267225 4.267225 4.267225 4.267225 4.267225 4.267225 4.267225 4.267225 4.267225 4.267225 4.267225 4.267225 4.267225 4.267225 4.267225 4.267225 4.267225 4.267225 4.267225 4.267225 4.267225 4.267225 4.267225 4.267225 4.267225 4.267225 4.267225 4.267225 4.267225 10.94232 30.1053 33.91626 33.91626 33.91626 33.91626 33.91626 33.91626 33.91626 33.91626 33.91626 33.91626 33.91626 33.91626 33.91626 33.91626 33.91626 33.91626 33.91626 33.91626 33.91626 33.91626 31.11135 26.05644 26.05644 26.11215 0 0 0 0 0 0 0
19.15301 19.15301 19.15301 19.15301 19.15301 19.15301 19.15301 19.15301 19.15301 10.88753 4.267225 4.267225 4.267225 4.267225 4.267226 4.267225 4.267225 4.267225 4.267225 4.267225 4.267225 4.267225 4.267225 4.267225 4.267225 4.267225 4.267226 4.267226 4.267225 4.267225 4.267225 4.267225 4.267225 4.267226 4.267225 4.267225 4.267225 4.267226 4.267225 4.267226 22.75284 33.91626 33.91626 33.91626 33.91626 33.91626 33.91626 33.91626 33.91626 33.91626 33.91626 33.91626 33.91626 33.91626 33.91626 33.91626 33.91626 33.91626 33.91626 33.91626 33.91626 32.73692 26.05644 26.05644 26.05644 0 0 0 0 0 0 0
19.15301 19.15301 19.15301 19.15301 19.15301 19.15301 19.15301 19.15301 19.15301 11.30102 4.267225 4.267225 4.267225 4.267225 4.267225 4.267225 4.267225 4.267225 4.267225 4.267225 4.267225 4.267225 4.267225 4.267225 4.267225 4.267225 4.267225 4.267225 4.267225 4.267225 4.267225 4.267225 4.267225 4.267225 4.267225 4.267225 4.267225 4.267225 4.267225 7.496011 33.68187 33.91626 33.91626 33.91626 33.91626 33.91626 33.91626 33.91626 33.91626 33.91626 33.91626 33.91626 33.91626 33.91626 33.91626 33.91626 33.91626 33.91626 33.91626 33.91626 33.91626 30.4052 26.05644 26.05644 26.05644 26.60455 0 0 0 0 0 0
19.15301 19.15301 19.15301 19.15301 19.15301 19.15301 19.15301 19.15301 19.15301 11.71452 4.267225 4.267225 4.267225 4.267225 4.267225 4.267225 4.267225 4.267225 4.267225 4.267225 4.267225 4.267225 4.267225 4.267225 4.267225 4.267225 4.267225 4.267225 4.267225 4.267225 4.267225 4.267225 4.267225 4.267225 4.267225 4.267225 4.267225 4.267225 4.267225 14.0456 33.91626 33.91626 33.91626 33.91626 33.91626 33.91626 33.91626 33.91626 33.91626 33.91626 33.91626 33.91626 33.91626 33.91626 33.91626 33.91626 33.91626 33.91626 33.91626 33.91626 33.91626 27.92471 26.05644 26.05644 26.05644 26.05644 26.05644 26.78959 0 0 0 0
19.15301 19.15301 19.15301 19.15301 19.15301 19.15301 19.15301 19.15301 18.3246 9.746816 4.267225 4.267225 4.267225 4.267225 4.267225 4.267225 4.267225 4.267225 4.267225 4.267225 4.267225 4.267225 4.267225 4.267225 4.267225 4.267225 4.267225 4.267225 4.267225 4.267225 4.267225 4.267225 4.267225 4.267225 4.267225 4.267225 4.267225 4.267225 4.267225 19.81261 33.91626 33.91626 33.91626 33.91626 33.91626 33.91626 33.91626 33.91626 33.91626 33.91626 33.91626 33.91626 33.91626 33.91626 33.91626 33.91626 33.91626 33.91626 33.91626 33.91626 33.21319 26.13383 26.05644 26.05644 26.05644 26.05644 26.05644 26.05644 26.16425 32.25499 0 0
19.153 19.15301 19.153 19.15301 19.153 19.153 19.153 19.15301 11.48934 4.267226 4.267225 4.267226 4.267225 4.267226 4.267225 4.267226 4.267225 4.267226 4.267225 4.267226 4.267225 4.267226 4.267225 4.267226 4.267226 4.267225 4.267226 4.267225 4.267226 4.267225 4.267226 4.267225 4.267226 4.267226 4.267226 4.267225 4.267225 4.267225 6.913849 31.2253 33.91626 33.91626 33.91626 33.91626 33.91626 33.91626 33.91626 33.91626 33.91626 33.91626 33.91626 33.91626 33.91626 33.91626 33.91626 33.91626 33.91626 33.91626 33.91626 33.91626 30.79664 26.05644 26.05644 26.05644 26.05644 26.05644 26.05644 26.05644 26.05644 26.05644 66.35622 0
19.15301 19.15301 19.15301 19.15301 19.15301 22.01234 29.78632 18.99099 8.800505 4.267225 4.267225 4.267225 4.267225 4.267225 4.267225 4.267225 4.267225 4.267225 4.267225 4.267225 4.267225 4.267225 4.267225 4.267225 4.267225 4.267225 4.267225 4.267225 4.267225 4.267225 4.267225 4.267225 4.267225 4.267225 4.267225 4.267225 4.267225 4.267225 15.43537 33.91626 33.91626 33.91626 33.91626 33.91626 33.91626 33.91626 33.91626 33.91626 33.91626 33.91626 33.91626 33.91626 33.91626 33.91626 33.91626 33.91626 33.91626 33.91626 33.91626 32.90934 15.44729 16.93649 21.49226 25.48282 26.05644 26.05644 26.05644 26.05644 26.05644 26.05644 30.43943 77.09013
19.25839 19.15301 19.15301 19.15301 19.15301 32.25756 45.17007 20.92889 4.267226 4.267225 4.267226 4.267225 4.267225 4.267225 4.267226 4.267225 4.267226 4.290894 5.512342 12.65105 5.692873 4.267225 4.267226 4.267225 4.267225 4.267226 4.267225 4.267226 4.267225 4.267226 4.267225 4.267225 4.267225 4.267226 4.267225 4.267226 4.267225 4.267225 9.568628 33.91626 33.91626 33.91626 33.91626 33.91626 33.91626 33.91626 33.91626 33.91626 33.91626 33.91626 33.91626 33.91626 33.91626 33.91626 33.91626 33.91626 33.91626 33.91626 33.91626 18.28972 8.81285 8.812849 8.81285 9.378168 18.45262 26.05644 26.05644 26.05644 26.05644 26.05644 26.05644 34.42274
34.57027 31.18409 28.41885 29.61114 34.71295 44.11343 45.37617 45.28709 37.6348 25.86824 14.12523 4.94378 4.267225 4.267225 4.267225 4.267225 4.267225 14.60359 24.31797 24.31797 19.73261 4.267225 4.267225 4.267225 4.267225 4.267225 4.267225 4.267225 4.267225 4.267225 4.267225 4.267225 4.267225 4.267225 4.267225 4.267225 4.267225 4.267225 7.989436 33.91626 33.91626 33.91626 33.91626 33.91626 33.91626 31.88722 22.94199 26.56473 30.75046 33.78275 33.91626 33.91626 33.91626 33.91626 33.91626 33.91626 33.91626 32.91599 21.83198 8.812862 8.81285 8.81285 8.81285 8.81285 16.44017 26.05644 26.05644 26.05644 26.05644 26.05644 26.05644 33.22252
35.56361 35.56361 35.56361 35.56361 40.38133 45.37617 45.37617 45.37617 45.37617 45.37617 45.37617 42.81447 31.74884 5.09122 4.278885 7.467183 15.2465 24.3154 24.31797 24.31797 24.08914 18.67378 11.8828 5.578261 4.267225 4.267225 4.267225 4.267225 4.267225 4.267225 4.267225 4.267225 4.267225 4.267225 4.267225 4.267225 4.267225 4.267225 4.988543 33.75343 33.91626 33.91626 33.91626 33.91626 27.36764 11.36082 8.81285 8.812849 8.81285 10.00738 14.12726 18.42603 22.89704 26.45045 23.61279 19.69667 15.78906 10.24194 8.81285 8.812849 8.81285 8.812849 8.81285 8.81285 16.34836 26.05644 26.05644 26.05644 26.05644 26.05644 25.9614 0
35.56361 35.56361 35.56361 35.56509 43.13643 45.37617 45.37617 45.37617 45.37617 45.37617 45.37617 45.37617 45.37617 18.96539 21.85838 24.31797 24.31797 24.31797 24.31797 24.31797 24.31797 24.31797 24.31797 23.83117 18.28542 11.16191 5.190406 4.267226 4.267225 4.267226 4.267225 4.267226 4.267225 4.267226 4.267225 4.267226 4.267225 4.267226 4.267226 31.51638 33.91626 33.91626 33.46351 20.72638 9.026025 8.812851 8.812851 8.812851 8.81285 8.812851 8.812851 8.812851 8.81285 8.812851 8.81285 8.812851 8.81285 8.812851 8.81285 8.812851 8.81285 8.812851 8.81285 8.81285 16.25641 26.05644 26.05644 26.05644 26.05644 26.05644 25.04417 0
35.56361 35.56361 35.56361 36.70015 45.37617 45.37617 45.37617 45.37617 45.37617 45.37617 45.37617 45.37617 45.07513 24.36446 24.31797 24.31797 24.31797 24.31797 24.31797 24.31797 24.31797 24.31797 24.31797 24.31797 24.31797 24.31797 23.6083 17.56322 9.195066 4.282972 4.267225 4.267225 4.267225 4.267225 4.267225 4.267225 4.267225 4.267225 4.267225 28.89736 33.91626 31.17572 14.57045 8.812849 8.812849 8.81285 8.812849 8.812849 8.812849 8.81285 8.81285 8.812849 8.812849 8.812849 8.812849 8.81285 8.812849 8.81285 8.812849 8.81285 8.812849 8.81285 8.812849 8.81285 16.14587 26.05644 26.05643 26.05644 26.05643 26.05644 25.3288 0
35.56361 35.56361 35.56361 38.4771 45.37617 45.37617 45.37617 45.37617 45.37617 45.37617 45.37617 45.37617 43.95333 24.31797 24.31797 24.31797 24.31797 24.31797 24.31797 24.31797 24.31797 24.31797 24.31797 24.31797 24.31797 24.31797 24.31797 24.31797 24.31797 20.4213 11.62097 4.759223 4.267225 4.267226 4.267225 4.267225 4.267225 4.267225 4.267225 26.26822 27.07944 10.88666 8.81285 8.81285 8.81285 8.81285 8.81285 8.81285 8.81285 8.81285 8.81285 8.81285 8.81285 8.81285 8.81285 8.812851 8.81285 8.81285 8.81285 8.81285 8.81285 8.81285 8.81285 8.812851 16.02222 26.05644 26.05644 26.05644 26.05644 26.05644 26.05644 0
35.56361 35.56361 35.56361 38.22457 45.37617 45.37617 45.37617 45.37617 45.37617 45.37617 45.37617 45.37617 42.8082 24.31797 24.31797 24.31797 24.31797 24.31797 24.31797 24.31797 24.31797 24.31797 24.31797 24.31797 24.31797 24.31797 24.31797 24.31797 24.31797 24.31797 24.31797 22.3936 19.12667 20.24931 19.96946 19.66832 19.28199 18.84081 18.39963 20.24379 9.044062 8.81285 8.81285 8.81285 8.81285 8.81285 8.81285 8.81285 8.81285 8.81285 8.81285 8.81285 8.81285 8.81285 8.81285 8.81285 8.81285 8.81285 8.81285 8.81285 8.81285 8.81285 8.81285 8.81285 15.89858 26.05644 26.05644 26.05644 26.05644 26.05644 26.05644 24.29091
35.56361 35.56361 35.56361 39.09712 45.37617 45.37617 45.37617 45.37617 45.37617 45.37617 45.37617 45.37617 42.19832 24.31797 24.31797 24.31797 24.31797 24.31797 24.31797 24.31797 24.31797 24.31797 24.31797 24.31797 24.31797 24.31797 24.31797 24.31797 24.31797 24.31797 24.31797 24.32023 25.61816 26.62359 26.62359 26.62359 26.62359 26.62359 26.62359 20.21298 8.81285 8.81285 8.81285 8.81285 8.81285 8.81285 8.81285 8.81285 8.81285 8.81285 8.81285 8.81285 8.81285 8.81285 8.81285 8.81285 8.81285 8.81285 8.81285 8.81285 8.81285 8.81285 8.81285 8.81285 15.78908 26.05644 26.05644 26.05644 26.05644 26.05644 26.05644 26.05644
35.56361 35.56361 35.56361 41.65349 45.37617 45.37617 45.37617 45.37617 45.37617 45.37617 45.37617 45.37617 42.23544 24.3256 24.31797 24.31797 24.31797 24.31797 24.31797 24.31797 24.31797 24.31797 24.31797 24.31797 24.31797 24.31797 24.31797 24.31797 24.31797 24.31797 24.31797 24.95892 26.62359 26.62359 26.62359 26.62359 26.62359 26.62359 26.62359 20.99648 8.81285 8.81285 8.81285 8.81285 8.81285 8.81285 8.81285 8.81285 8.81285 8.81285 8.81285 8.812849 8.81285 8.81285 8.81285 8.81285 8.81285 8.81285 8.81285 8.81285 8.81285 8.81285 8.81285 8.81285 12.96447 25.53492 26.05644 26.05644 26.05644 26.05644 26.05644 26.05644
35.56361 35.56361 35.75168 44.55439 45.37617 45.37617 45.37617 45.37617 45.37617 45.37617 45.37617 45.37617 45.37617 35.26097 24.31797 24.31797 24.31797 24.31797 24.31797 24.31797 24.31797 24.31797 24.31797 24.31797 24.31797 24.31797 24.31797 24.31797 24.31797 24.31797 24.49687 26.13601 26.62359 26.62359 26.62359 26.62359 26.62359 26.62359 26.55961 14.32885 8.81285 8.81285 8.81285 8.81285 8.81285 8.81285 8.81285 8.81285 8.81285 8.81285 8.81285 8.81285 8.81285 8.81285 8.81285 8.81285 8.81285 8.81285 8.81285 8.81285 8.81285 8.81285 8.81285 8.81285 15.31213 26.00187 26.05644 26.05644 26.05644 26.05644 26.05644 26.05644
35.56361 35.56361 39.39671 45.37617 45.37617 45.37617 45.37617 45.37617 45.37617 45.37617 45.37617 45.37617 45.37617 44.64809 24.41693 24.31797 24.31797 24.31797 24.31797 24.31797 24.31797 24.31797 24.31797 24.31797 24.31797 24.31797 24.31797 24.31797 24.31797 24.31797 25.80775 26.62359 26.62359 26.62359 26.62359 26.62359 26.62359 26.62359 16.03145 8.812849 8.81285 8.812849 8.81285 8.812849 8.81285 8.812849 8.81285 8.812849 8.81285 8.812849 8.81285 8.812849 8.81285 8.81285 8.81285 8.81285 8.81285 8.812849 8.81285 8.812849 8.81285 8.812849 8.81285 8.812849 17.54289 26.05644 26.05644 26.05644 26.05644 26.05644 26.05644 26.05644
35.56361 41.63481 45.36161 45.37617 45.37617 45.37617 45.37617 45.37617 45.37617 45.37617 45.37617 45.37617 45.37617 45.29534 24.60221 24.31797 24.31797 24.31797 24.31797 24.31797 24.31797 24.31797 24.31797 24.31797 24.31797 24.31797 24.31797 24.31797 24.38069 25.84562 26.61735 26.62359 26.62359 26.62359 26.62359 26.62359 26.62359 24.59163 9.127165 8.81285 8.81285 8.81285 8.81285 8.81285 8.81285 8.81285 8.81285 8.81285 8.81285 8.81285 8.81285 8.81285 8.81285 8.81285 8.812851 8.81285 8.81285 8.81285 8.812851 8.81285 8.812851 8.81285 8.81285 8.81285 17.12373 25.9123 25.98071 25.73075 26.05644 26.05644 26.05644 26.05644
36.4914 45.36522 45.37617 45.37617 45.37617 45.37617 45.37617 45.37617 45.37617 45.37617 45.37617 45.37617 45.37617 43.41518 24.31797 24.31797 24.31797 24.31797 24.31797 24.31797 24.31797 24.31797 24.31797 24.31797 24.31797 24.31797 24.31797 24.31797 24.85553 26.62359 26.62359 26.62359 26.62359 26.62359 26.62359 26.62359 23.70769 10.9749 8.81285 8.81285 8.81285 8.81285 8.81285 8.81285 8.81285 8.81285 8.81285 8.81285 8.81285 8.812851 8.81285 8.81285 8.81285 8.81285 8.81285 8.812851 8.81285 8.812851 8.81285 8.81285 8.81285 8.812851 8.81285 8.812851 8.81285 8.826038 8.816577 10.82382 26.05644 26.05644 26.05644 26.05644
35.58965 44.54104 45.37617 45.37617 45.37617 45.37617 45.37617 45.37617 45.37617 45.37617 45.37617 45.37617 45.37617 44.99803 26.24019 24.31797 24.31797 24.31797 24.31797 24.31797 24.31797 24.31797 24.31797 24.31797 24.31797 24.31797 24.31797 24.31797 24.48216 26.61345 26.62359 26.62359 26.62359 26.62359 26.62359 26.59543 11.30458 8.81285 8.81285 8.81285 8.81285 8.81285 8.81285 8.81285 8.81285 8.81285 8.81285 8.81285 8.81285 8.81285 8.81285 8.81285 8.81285 8.81285 8.81285 8.81285 8.81285 8.81285 8.81285 8.81285 8.81285 8.81285 8.81285 8.812849 8.81285 8.81285 8.81285 10.65356 25.98724 26.05644 26.05644 26.05644
35.56361 42.82003 45.37617 45.37617 45.37617 45.37617 45.37617 45.37617 45.37617 45.37617 45.37617 45.37617 45.37617 45.37617 28.8527 24.31797 24.31797 24.31797 24.31797 24.31797 24.31797 24.31797 24.31797 24.31797 24.31797 24.31797 24.31797 24.45927 25.96158 26.62359 26.62359 26.62359 26.62359 26.62359 26.62359 23.14954 8.81285 8.81285 8.81285 8.81285 8.81285 8.81285 8.81285 8.81285 8.81285 8.81285 8.81285 8.81285 8.81285 8.81285 8.81285 8.81285 8.81285 8.81285 8.81285 8.81285 8.81285 8.81285 8.81285 8.81285 8.81285 8.81285 8.81285 8.81285 8.81285 8.81285 8.81285 9.982578 26.00955 26.05644 26.05644 26.05644
36.32829 44.81078 45.37617 45.37617 45.37617 45.37617 45.37617 45.37617 45.37617 45.37617 45.37617 45.37617 45.37617 45.37617 28.28591 24.31797 24.31797 24.31797 24.31797 24.31797 24.31797 24.31797 24.31797 24.31797 24.31797 24.31797 24.51112 26.16279 26.62359 26.62359 26.62359 26.62359 26.62359 26.62359 26.62359 15.14495 8.81285 8.81285 8.81285 8.81285 8.81285 8.81285 8.81285 8.81285 8.81285 8.81285 8.81285 8.81285 8.81285 8.81285 8.81285 8.81285 8.81285 8.81285 8.81285 8.81285 8.81285 8.81285 8.81285 8.81285 8.81285 8.81285 8.81285 8.81285 8.81285 8.81285 8.81285 8.814587 22.6397 26.05644 26.05644 26.05644
