Scenarios/Global_Grid/data/country_data_population_distribution/processed/density_grids/sen.asc
ncols 159
nrows 112
xllcorner -17
yllcorner 12
[rows 64 to 95 of 112, columns 72 to 143 of 159]
63.43131 45.37617 45.37617 45.37617 45.37617 45.37617 45.37617 45.37617 45.37617 45.37617 45.37617 45.37617 45.37617 42.66002 24.56794 24.31797 24.31796 24.31797 24.31797 24.31797 24.31797 24.31797 24.31797 24.31797 24.31797 24.89365 26.38754 26.62359 26.62359 26.62359 26.62359 26.62359 26.62359 26.62359 26.62359 14.36346 8.81285 8.81285 8.81285 8.81285 8.812849 8.81285 8.81285 8.81285 8.81285 8.81285 8.81285 8.81285 8.81285 8.81285 8.81285 8.812849 8.81285 8.81285 8.81285 8.81285 8.81285 8.81285 8.81285 8.81285 8.81285 8.812849 8.81285 8.81285 8.81285 8.81285 8.81285 8.81285 25.64955 26.05643 26.05643 26.05643
94.70988 45.37617 45.37617 45.37617 45.37617 45.37617 45.37617 45.37617 45.37617 45.37617 45.37617 45.37617 44.57915 31.40028 24.31797 24.31797 24.31797 24.31797 24.31797 24.31797 24.31797 24.31797 24.31797 24.32526 25.43197 26.59477 26.62359 26.62359 26.62359 26.62359 26.62359 26.62359 26.62359 26.62359 26.62359 13.39575 8.812851 8.812851 8.812851 8.81285 8.81285 8.81285 8.812851 8.81285 8.81285 8.81285 8.812851 8.81285 8.81285 8.81285 8.81285 8.81285 8.812851 8.812851 8.81285 8.81285 8.812851 8.81285 8.81285 8.81285 8.812851 8.81285 8.812851 8.81285 8.812851 8.81285 8.81285 8.820971 26.04641 26.05644 26.05644 26.05644
103.6281 50.67892 45.37617 45.37617 45.37617 45.37617 45.37617 45.37617 45.37617 45.37617 45.37617 43.21966 28.15257 24.31797 24.31797 24.31797 24.31797 24.31797 24.31797 24.31797 24.31797 24.31797 24.31797 24.56539 26.62359 26.62359 26.62359 26.62359 26.62359 26.62359 26.62359 26.62359 26.62359 26.62359 26.62359 22.68694 13.62502 14.18224 8.81285 9.183719 12.82651 8.812849 8.81285 8.812849 8.81285 8.812849 8.812849 8.81285 8.81285 8.81285 8.812849 8.812849 8.812849 8.812849 8.812849 8.812849 8.812849 8.81285 8.812849 8.812849 8.812849 8.81285 8.812849 8.81285 8.812849 8.81285 8.812849 8.883334 26.05644 26.05644 26.05644 26.05644
104.0171 67.67269 45.37617 45.37617 45.37617 45.37617 45.37617 45.37617 45.37617 45.37617 45.37617 30.13214 24.31797 24.31797 24.31797 24.31797 24.31797 24.31797 24.31797 24.31797 24.31797 24.31797 24.31797 24.76206 26.62359 26.62359 26.62359 26.62359 26.62359 26.62359 26.62359 26.62359 26.62359 26.62359 26.62359 26.62359 26.62359 24.21067 17.38012 21.8166 24.81846 9.844882 8.81285 8.812849 8.812849 8.812849 8.81285 8.812849 8.81285 8.812849 8.81285 8.812849 8.81285 8.812849 8.81285 8.812849 8.81285 8.81285 8.81285 8.812849 8.81285 8.812849 8.81285 8.81285 8.81285 8.812849 8.81285 8.955723 26.05644 26.05644 26.05644 26.05644
102.8942 0 0 65.46709 51.39641 51.74367 47.5816 45.37617 44.14107 42.04485 38.77666 24.38827 24.31797 24.31797 24.31797 24.31797 24.31797 24.31797 24.31797 24.31797 24.31797 24.31797 24.31797 25.53329 26.62359 26.62359 26.62359 26.62359 26.62359 26.62359 26.62359 26.62359 26.62359 26.62359 26.62359 26.62359 26.62359 26.62359 26.62359 26.62359 26.62359 25.72876 16.79701 8.81285 8.81285 8.81285 8.81285 8.81285 8.81285 8.81285 8.81285 8.81285 8.81285 8.81285 8.81285 8.81285 8.81285 8.812849 8.81285 8.81285 8.81285 8.81285 8.81285 8.812849 8.81285 8.81285 8.81285 9.028111 26.05644 26.05644 26.05644 26.05644
0 0 0 0 0 0 0 0 31.93247 24.31797 24.31797 24.31797 24.31797 24.31797 24.57045 25.30583 25.49929 24.42218 24.31797 24.31797 24.31797 24.31797 25.33194 26.62344 26.62359 26.62359 26.62359 26.62359 26.62359 26.62359 26.62359 26.62359 26.62359 26.62359 26.62359 26.62359 26.62359 26.62359 26.62359 26.62359 26.62359 26.62359 26.43599 13.56805 8.81285 8.81285 8.81285 8.81285 8.81285 8.81285 8.81285 8.81285 8.81285 8.81285 8.81285 8.81285 8.81285 8.81285 8.81285 8.81285 8.81285 8.81285 8.81285 8.81285 8.81285 8.81285 8.81285 9.100498 26.05644 26.05644 26.05644 26.05644
0 0 0 0 0 0 0 0 0 24.31797 24.31797 24.31797 24.31797 24.40932 26.07664 26.62359 26.62359 26.24691 24.70053 24.31797 24.31797 24.95235 26.57966 26.62359 26.62359 26.62359 26.62359 26.62359 26.62359 26.62359 26.62359 26.62359 26.62359 26.62359 26.62359 26.62359 26.62359 26.62359 26.62359 26.62359 26.62359 26.62359 26.62359 15.39441 8.812849 8.812849 8.81285 8.812849 8.81285 8.812849 8.812849 8.812849 8.81285 8.812849 8.81285 8.812849 8.81285 8.812849 8.81285 8.812849 8.81285 8.81285 8.81285 8.812849 8.81285 8.812849 8.81285 9.172886 26.05644 26.05644 26.05644 26.05643
0 0 0 0 0 0 0 0 0 24.55239 24.31797 24.31797 24.31797 25.38865 26.62359 26.62359 26.62359 26.62359 26.52646 25.5504 25.52308 26.56135 26.62359 26.62359 26.62359 26.62359 26.62359 26.62359 26.62359 26.62359 26.62359 26.62359 26.62359 26.62359 26.62359 26.62359 26.62359 26.62359 26.62359 26.62359 26.62359 23.89943 17.5313 8.884083 8.812851 8.812851 8.81285 8.812851 8.81285 8.812851 8.812851 8.812851 8.81285 8.812849 8.81285 8.812851 8.81285 8.81285 8.81285 8.812851 8.81285 8.81285 8.81285 8.81285 8.81285 8.81285 8.81285 9.245275 26.05644 26.05644 26.05644 26.05644
0 0 0 0 0 0 0 0 0 50.83655 24.86168 27.25157 0 0 0 29.96489 26.62359 26.62359 26.62359 26.62359 26.62359 26.62359 26.62359 26.62359 26.62359 26.62359 26.62359 26.62359 26.62359 26.62359 26.62359 26.62359 26.62359 26.62359 26.62359 26.62359 26.62359 26.62359 26.62359 26.62359 23.18229 9.670263 8.81285 8.81285 8.81285 8.81285 8.81285 8.81285 8.81285 8.81285 8.81285 8.81285 8.81285 8.81285 8.81285 8.81285 8.81285 8.812851 8.81285 8.81285 8.81285 8.812851 8.81285 8.812851 8.81285 8.81285 8.81285 9.317662 26.05644 26.05644 26.05644 26.05644
0 0 0 0 0 0 0 0 0 0 0 0 0 0 0 0 30.48813 26.62359 26.62359 26.62359 26.62359 26.62359 26.62359 26.62359 26.62359 26.62359 26.62359 26.62359 26.62359 26.62359 26.62359 26.62359 26.62359 26.62359 26.62359 26.62359 26.62359 26.62359 26.62359 26.62359 20.81735 10.05078 8.81285 8.81285 8.81285 8.81285 8.81285 8.81285 8.81285 8.81285 8.81285 8.81285 8.81285 8.81285 8.81285 8.81285 8.81285 8.81285 8.81285 8.81285 8.81285 8.81285 8.81285 8.81285 8.81285 8.81285 8.81285 9.390049 26.05644 26.05644 26.05644 26.05644
46.7498 40.02385 0 0 0 0 0 0 0 0 0 0 0 0 0 0 0 26.62359 26.62359 26.62359 26.62359 26.62359 26.62359 26.62359 26.70581 35.9059 39.13122 46.8112 0 0 31.74277 26.91228 28.84857 26.62359 26.62359 26.62359 26.62359 26.62359 26.62359 26.62359 26.62359 25.94476 12.83456 8.81285 8.81285 8.812851 8.81285 8.812851 8.81285 8.81285 8.81285 8.81285 8.81285 8.81285 8.81285 8.81285 8.81285 11.483 10.7541 8.81285 8.81285 8.81285 8.81285 8.812851 8.81285 8.81285 8.81285 9.462438 26.05644 26.05644 26.05644 26.05644
35.49714 35.49714 49.26545 0 0 0 0 0 0 0 0 0 0 0 0 0 0 41.02613 26.62359 26.62359 26.62359 26.62359 26.83756 50.64017 0 0 0 0 0 0 0 52.70959 50.10334 26.62359 26.62359 26.62359 26.62359 26.62359 26.62359 26.62359 26.62359 26.62359 26.62349 21.71351 8.81285 8.81285 8.81285 8.81285 8.81285 8.81285 8.81285 8.81285 8.81285 8.81285 8.81285 11.87004 17.82107 26.3862 25.14229 14.77973 8.81285 8.81285 8.81285 8.81285 8.81285 8.81285 8.81285 9.34869 25.38948 26.05644 26.05644 26.05644
35.49714 35.49714 35.49714 39.27478 0 0 0 0 0 0 0 0 0 0 0 0 0 0 0 34.29383 28.25297 41.91215 0 0 0 0 0 0 0 0 0 0 59.93814 49.46837 33.13864 26.62359 26.62359 26.62359 26.62359 26.62359 26.62359 26.62359 26.62359 20.85547 8.812849 8.81285 8.81285 14.34284 13.04821 9.498452 8.812849 8.812849 8.81285 8.81285 12.18449 23.67697 26.62359 26.62359 26.62359 26.61268 15.39635 8.998999 8.81285 8.81285 8.81285 8.81285 8.81285 8.812849 11.52491 22.62301 26.05644 26.05644
35.49714 35.49714 35.49714 35.49714 35.49714 41.50353 58.82524 0 0 0 0 0 0 0 0 0 0 0 0 0 0 0 0 0 0 0 0 0 0 0 0 0 0 55.56787 28.64672 26.62359 26.62359 26.62359 26.62359 26.62359 26.62359 26.62359 26.62359 26.45939 17.0837 16.9315 18.26199 26.46241 26.62359 24.42223 10.45303 8.81285 8.81285 14.40561 25.16649 26.62359 26.62359 26.62359 26.62359 26.62359 26.62359 24.37383 9.683872 8.81285 8.81285 8.81285 8.81285 8.81285 8.81285 9.185683 14.30021 23.70921
35.49714 35.49714 35.49714 35.49714 35.49714 35.49714 35.49714 35.49714 37.3471 49.20465 0 0 0 0 0 0 0 0 0 0 0 0 0 0 0 0 0 0 0 0 0 0 0 48.04527 32.75679 31.92779 26.62359 26.62359 26.62359 26.62359 26.62359 26.62359 26.62359 26.62359 26.62359 26.62359 26.62359 26.62359 26.62359 26.52336 12.16228 8.902758 20.53599 26.60959 26.62359 26.62359 26.62359 26.62359 26.62359 26.62359 26.62359 26.62359 22.11652 8.871855 8.81285 8.81285 8.81285 8.812851 8.81285 8.633542 7.986244 8.898169
35.49714 35.49714 35.49714 35.49714 35.49714 35.49714 35.49714 35.49714 35.49714 35.49714 44.80399 0 0 0 0 0 0 0 0 0 0 0 0 0 0 0 0 0 0 0 0 0 81.2104 63.37386 62.2869 37.91924 26.62359 26.62359 26.62359 26.62359 26.62359 26.62359 26.62359 26.62359 26.62359 26.62359 26.62359 26.62359 26.62359 26.62359 20.61077 23.33317 26.62359 26.62359 26.62359 26.62359 26.62359 26.62359 26.62359 26.62359 26.62359 26.62359 26.62359 15.62514 8.812851 8.812849 8.81285 8.812849 8.81285 8.765477 8.147732 7.986048
35.49714 35.49714 35.49714 35.49714 35.49714 35.49714 35.49714 35.49714 35.49714 35.49714 35.49714 35.49714 37.72706 35.96419 61.13653 0 0 0 0 0 0 0 0 0 0 0 0 0 0 116.4159 105.3467 73.32533 63.37387 63.37387 63.37387 43.52739 26.62359 26.62359 26.62359 26.62359 26.62359 26.62359 26.62359 26.62359 26.62359 26.62359 26.62359 26.62359 26.62359 26.62359 26.62359 26.62359 26.62359 26.62359 26.62359 26.62359 26.62359 26.62359 26.62359 26.62359 26.62359 26.62359 26.62359 26.62359 14.37213 8.812851 8.81285 8.81285 8.710243 8.605035 8.339025 7.986048
35.49714 35.49714 35.49714 35.49714 35.49714 35.49714 35.49714 35.49714 35.49714 35.49714 35.49714 35.49714 35.49714 35.49714 35.49714 35.49714 35.91216 0 0 0 0 0 0 0 0 109.0776 84.37408 79.31741 63.72823 63.37387 63.37387 63.37387 63.37387 63.37387 63.37387 60.36523 38.27941 26.65771 26.62359 26.62359 26.62359 26.62359 26.62359 26.62359 26.62359 26.62359 26.62359 26.62359 26.62359 26.62359 26.62359 26.62359 26.62359 26.62359 26.62359 26.62359 26.62359 26.62359 26.62359 26.62359 26.62359 26.62359 26.62359 26.62359 19.68837 8.624514 8.372888 8.70718 8.243933 7.986048 7.986049 7.986048
35.49714 35.49714 35.49714 35.49714 35.49714 35.49714 35.49714 35.49714 35.49714 35.49714 35.49714 35.49714 35.49714 35.49714 35.49714 35.49714 35.49714 35.52028 78.92888 112.789 114.2243 117.7582 0 0 0 63.4593 63.37387 63.37387 63.37386 63.37387 63.37386 63.37387 63.37386 63.37387 63.37386 63.37387 63.37387 34.22581 26.62359 26.62359 26.62359 26.62359 26.62359 26.62359 26.62359 26.62359 26.62359 26.62359 26.62359 26.62359 26.62359 26.62359 26.62359 26.62359 26.62359 26.62359 26.62359 26.62359 26.62359 26.62359 26.62359 26.51943 26.62359 26.62359 17.32664 8.005747 7.986048 8.006996 7.986048 7.986048 7.986049 7.986049
35.49714 35.49714 35.49714 35.49714 35.49714 35.49714 35.49714 35.49714 35.49714 35.49714 35.49714 35.49714 35.49714 35.49714 35.49714 35.49714 35.49714 35.49714 35.49714 35.49714 56.20774 63.37387 63.37387 63.37387 63.37387 63.37387 63.37387 63.37387 63.37387 63.37387 63.37387 63.37387 63.37387 63.37387 63.37387 63.37387 63.37387 30.70569 26.62359 26.62359 26.62359 26.62359 26.62359 26.62359 26.62359 26.62359 26.62359 26.62359 26.62359 26.62359 26.62359 26.62359 26.62359 26.62359 26.62359 26.62359 26.62359 26.62359 26.62359 25.58895 19.13703 15.80703 19.25713 18.53578 14.63573 7.986049 7.986049 7.986049 7.986049 7.986049 7.986049 7.986049
35.49714 35.49714 35.49714 35.49714 35.49714 35.49714 35.49714 35.49714 35.49714 35.49714 35.49714 35.49714 35.49714 35.49714 35.49714 35.49714 35.49714 35.49714 35.49714 35.49714 46.24346 63.37386 63.37387 63.37386 63.37387 63.37387 63.37387 63.37387 63.37386 63.37387 63.37386 63.37387 63.37386 63.37387 63.37386 63.37387 63.37386 37.71258 26.62359 26.62359 26.62359 26.62359 26.62359 26.62359 26.62359 26.62359 26.62359 26.62359 26.62359 26.62359 26.62359 26.62359 26.62359 26.62359 26.62359 26.62359 26.62359 26.62359 26.62359 21.75241 13.41049 13.41049 13.41049 13.41049 11.67043 7.986049 7.986048 7.986049 7.986048 7.986049 7.986049 7.986049
35.49714 35.49714 35.49714 35.49714 35.49714 35.49714 35.49714 35.49714 35.49714 35.49714 35.49714 35.49714 35.49714 35.49714 35.49714 35.49714 35.49714 35.49714 35.49714 35.49714 45.81066 63.37387 63.37386 63.37387 63.37386 63.37387 63.37387 63.37386 63.37387 63.37386 63.37387 63.37386 63.37387 63.37387 63.37387 63.37387 63.37387 59.28411 27.80333 26.62359 26.62359 26.62359 26.62359 26.62359 26.62359 26.62359 26.62359 26.62359 26.62359 26.62359 26.62359 26.62297 26.46466 26.45491 26.62359 26.62359 26.62359 26.62359 24.33224 14.7306 13.41049 13.41049 13.41049 13.41049 13.31649 10.40829 8.228155 7.986048 7.986048 7.986049 7.986049 7.986048
35.49714 36.11563 45.58883 53.78187 52.4164 36.09573 35.49714 35.49714 35.49714 35.49714 35.49714 35.49714 35.49714 35.49714 35.49714 38.70815 35.49714 35.49714 36.42238 47.74852 61.98122 63.73694 63.37386 63.37386 63.37386 63.37386 63.37387 63.37386 63.37387 63.37386 63.37387 63.37386 63.37387 63.37386 63.37387 63.37386 63.37387 63.24044 53.1217 28.19417 26.62359 26.62359 26.62359 26.62359 26.62359 26.62359 24.51506 19.51031 21.45458 25.78636 20.69706 16.29718 14.33305 18.16277 24.5264 26.62359 26.62359 19.56078 13.87013 13.41049 13.41049 13.41049 13.41049 13.41049 13.41049 13.41049 10.39639 7.986049 7.986048 7.986049 7.986048 7.986048
66.29681 79.61035 82.98857 82.98856 82.98857 55.59087 35.49714 35.49714 35.49714 35.49714 35.49714 35.49714 35.49714 35.49714 61.6453 82.33095 70.71285 77.79169 74.57658 82.98857 82.98857 82.24497 75.62368 69.91628 70.75524 63.44999 63.37387 63.37387 63.37387 63.37387 63.37387 63.37387 63.37387 63.37387 63.37387 63.37387 63.37387 63.37387 63.37044 41.15968 26.62359 26.62359 26.62359 26.62359 26.62359 26.22109 17.56608 13.41049 13.41049 13.51254 13.41049 13.41049 13.41049 13.41049 14.47697 22.20432 18.67539 13.43963 13.41049 13.41049 13.41049 13.41049 13.41049 13.41049 13.41049 13.41049 11.38571 8.06334 7.986049 7.986048 7.986048 7.986048
82.80948 82.98856 82.98856 82.98856 82.98856 66.09967 35.49714 35.49714 35.49714 35.49714 35.49714 36.20507 62.71946 72.37832 82.98856 82.98856 82.98856 82.98856 82.98857 82.98856 82.98856 82.98856 82.98856 82.98856 82.98856 68.04803 63.37387 63.37387 63.37387 63.37387 63.37387 63.37387 63.37387 63.37387 63.37387 63.37387 63.37387 63.37387 63.37387 51.42793 26.62359 26.62359 26.62359 26.62359 26.62359 26.62359 25.57751 15.91624 13.41049 13.41049 13.41049 13.41049 13.41049 13.41049 13.41049 13.43316 13.70632 13.41049 13.41049 13.41049 13.41049 13.41049 13.41049 13.41049 13.41049 13.41049 13.28301 13.11082 13.01062 10.12737 7.986048 7.986049
80.42429 82.98857 82.98857 82.98856 82.98857 63.61724 35.49714 35.49714 35.49714 35.49714 35.49714 45.45896 82.98857 82.98857 82.98857 82.98856 82.98857 82.98858 82.98857 82.98856 82.98857 82.98856 82.98857 82.82695 78.17287 69.39417 63.37387 63.37387 63.37387 63.37387 63.37387 63.37387 63.37387 63.37387 63.37387 63.37387 63.37387 63.37387 63.37387 54.40068 26.62359 26.62359 26.62359 26.62359 26.62359 26.62359 26.62359 25.15529 13.81611 13.41049 13.41049 13.41049 13.41049 13.41049 13.41049 13.41049 13.41049 13.41049 13.41049 13.41049 13.41049 13.41049 13.41049 13.41049 13.41049 13.41049 13.41049 13.41049 13.41049 13.26112 11.51997 9.146622
73.52811 81.64275 82.98856 82.98856 82.98856 82.56462 66.899 69.519 43.07014 39.47211 69.98768 82.10033 82.98857 82.98856 82.98856 82.98857 82.98856 82.98856 82.98857 82.98857 82.98856 82.98856 82.98856 79.39836 63.37387 63.37386 63.37387 63.37387 63.37387 63.37387 63.37387 63.37387 63.37387 63.37387 63.37387 63.37387 63.37387 63.37387 63.37387 63.3719 41.33345 26.62359 26.62359 26.62359 26.62359 26.62359 26.62359 20.90446 13.41049 13.41049 13.41049 13.41049 13.41049 13.41049 13.41049 13.41049 13.41049 13.41049 13.41049 13.41049 13.41049 13.41049 13.41049 13.41049 13.41049 13.41049 13.41049 13.41049 13.41049 13.41049 13.41049 11.77394
72.9801 80.1503 82.98856 82.98856 82.98856 82.98857 82.98856 82.98856 76.71007 79.77725 82.98857 82.98856 82.98857 82.98856 82.98856 82.98856 82.98857 82.98856 82.98856 82.98856 82.98856 82.98856 82.98857 82.82367 64.73902 63.37386 63.37387 63.37386 63.37386 63.37386 63.37386 63.37386 63.37386 63.37386 63.37386 63.37386 63.37386 63.37386 63.37386 63.37387 40.71503 26.62359 26.62359 26.62359 26.62359 26.62359 26.62359 26.08196 15.31153 13.41484 13.41049 13.40852 13.41049 13.41049 13.41049 13.41049 13.41049 13.41049 13.41049 13.41049 13.41049 13.41049 13.41049 13.41049 13.41049 13.41049 13.41049 13.41049 13.41049 13.41049 13.41049 13.40329
81.82854 81.38013 82.98857 82.98857 82.98857 82.98857 82.98857 82.98857 82.98857 82.98857 82.98857 82.98857 82.98856 82.98857 82.98856 82.98857 82.98857 82.98857 82.98856 82.98857 82.98857 82.98857 72.9073 78.92648 75.13879 63.37387 63.37387 63.37387 63.37387 63.37387 63.37387 63.37386 63.37387 63.37387 63.37387 63.37387 63.37387 63.37387 63.37387 63.37387 39.76538 26.62359 26.62359 26.62359 26.62359 26.62359 26.62359 26.62359 26.32707 14.80727 13.40731 13.40147 13.4068 13.41042 13.40863 13.41044 13.41049 13.41049 13.41049 13.41049 13.41049 13.41049 13.41049 13.41049 13.41049 13.41049 13.41049 13.41049 13.41049 13.41049 13.41049 13.41049
110.9356 83.24795 82.98857 82.98857 82.98857 82.98857 82.98857 82.98857 82.98857 82.98857 82.98857 82.98857 82.98857 82.98857 82.98858 82.98857 82.98857 82.98857 82.98857 82.98857 82.29562 73.26544 64.14375 63.37387 63.37386 63.37387 63.37386 63.37386 63.37387 63.37386 63.37387 63.37387 63.37387 63.37386 63.37387 63.37386 63.37387 63.37386 63.37386 63.37386 43.92339 26.62359 26.62359 26.62359 26.62359 26.62359 26.62359 26.62359 26.62359 17.75054 13.39925 13.39925 13.39925 13.40191 13.39927 13.40705 13.41049 13.41049 13.41049 13.41042 13.40966 13.41049 13.41049 13.41049 13.41049 13.41049 13.41049 13.41049 13.41049 13.41049 13.41049 13.41049
97.00092 82.98857 82.98857 82.98857 82.98857 82.98857 82.98857 82.98857 82.98857 82.98857 82.98857 82.98857 82.98857 82.98857 82.98857 82.98857 82.98857 82.98857 82.98857 82.98857 81.76943 64.53195 63.37387 63.37387 63.37387 63.37387 63.37387 63.37387 63.37387 63.37387 63.37386 63.37387 63.37387 63.37387 63.37387 63.37387 63.37387 63.37387 63.37387 63.37387 40.49018 26.62359 26.62359 26.62359 26.62359 26.62359 26.62359 26.62359 26.62359 20.44884 13.39925 13.39925 13.39925 13.39925 13.39925 13.39973 13.40561 13.40908 13.40877 13.40116 13.40053 13.40895 13.41049 13.41049 13.41049 13.41049 13.41049 13.41049 13.41049 13.41049 13.41049 13.41049
82.95962 69.26175 68.3987 68.57525 69.79034 70.56563 70.42078 71.11369 71.89709 71.79731 71.42415 71.53194 71.64046 71.7617 71.88757 72.0138 72.15251 72.29743 72.44247 72.42358 59.38938 56.57716 56.58003 56.68974 56.68936 57.18478 56.65233 56.39843 57.202 57.25206 57.24294 56.84333 55.75351 55.9662 55.8392 53.58167 53.96281 54.38171 55.89417 59.07175 40.29155 26.62359 26.62359 26.62359 26.62359 26.62359 26.62359 26.62359 26.62359 22.07815 13.39925 13.39925 13.39925 13.39925 13.39925 13.39925 13.39925 13.39925 13.3995 13.39925 13.39925 13.40377 13.41049 13.41049 13.41049 13.41049 13.41049 13.41049 13.41049 13.41049 13.41049 13.41049
