Scenarios/Global_Grid/data/country_data_population_distribution/processed/density_grids/sen.asc
ncols 159
nrows 112
xllcorner -17
yllcorner 12
[rows 32 to 63 of 112, columns 0 to 71 of 159]
0 0 0 0 0 0 0 0 0 0 0 0 0 0 0 0 0 0 0 0 0 0 0 0 0 0 0 0 0 0 0 172.9383 172.9383 172.9383 98.90064 80.51949 80.51949 80.51949 80.5195 80.51949 128.4109 169.5511 150.044 132.4527 80.51949 80.51949 80.5195 80.51949 80.51949 80.51949 80.51949 80.51949 80.51949 80.51949 80.51949 80.51949 41.02473 19.15301 19.15301 19.15301 19.153 19.15301 19.153 19.15301 19.15301 19.15301 19.153 19.15301 19.153 19.15301 19.153 19.153
0 0 0 0 0 0 0 0 0 0 0 0 0 0 0 0 0 0 0 0 0 0 0 0 0 0 0 0 0 0 0 172.9383 172.9383 172.9383 152.6907 80.51949 80.51949 80.51949 80.51949 82.33311 162.1429 172.9383 172.9383 157.578 93.00841 81.95134 80.51949 80.51949 80.51949 80.51949 80.51949 80.51949 80.51949 80.51949 80.51949 80.51949 38.81956 19.15301 19.15301 19.15301 19.15301 19.15301 19.15301 19.15301 19.15301 19.15301 19.15301 19.15301 19.15301 19.15301 19.15301 19.15301
0 0 0 0 0 0 0 0 0 0 0 0 0 0 0 0 0 0 0 0 0 0 0 0 0 0 0 0 0 0 172.9383 172.9383 172.9383 172.9383 172.0761 150.9674 123.0138 80.51949 82.31247 157.6217 172.9383 172.9383 172.9383 172.8406 164.9267 107.994 80.51949 80.51949 80.51949 80.51949 80.51949 80.51949 80.51949 80.51949 80.51949 80.51949 42.03126 19.15301 19.15301 19.15301 19.15301 19.15301 19.15301 19.15301 19.15301 19.15301 19.15301 19.15301 19.15301 19.15301 19.15301 19.15301
0 0 0 0 0 0 0 0 0 0 0 0 0 0 0 0 0 0 0 0 0 0 0 0 0 0 0 0 0 172.9383 172.9383 172.9383 172.9383 172.9383 172.9383 172.9383 169.2072 83.84761 123.1616 172.9383 172.9383 172.9383 172.9383 172.9383 172.9383 145.3421 80.51949 80.5195 80.5195 80.5195 80.5195 80.51949 80.5195 80.5195 80.5195 80.51949 45.24295 19.15301 19.15301 19.15301 19.15301 19.15301 19.15301 19.15301 19.15301 19.15301 19.15301 19.15301 19.15301 19.15301 19.15301 19.15301
0 0 0 0 0 0 0 0 0 0 0 0 0 0 0 0 0 0 0 0 0 0 0 0 0 0 0 0 0 172.9383 172.9383 172.9383 172.9383 172.9383 172.9383 172.9383 172.9383 156.1991 172.2656 172.9383 172.9383 172.9383 172.9383 172.9383 172.9383 158.5531 80.52 80.51949 80.51949 80.51949 80.51949 80.51949 80.51949 80.51949 80.51949 80.51949 48.45464 19.15301 19.15301 19.15301 19.15301 19.15301 19.15301 19.15301 19.15301 19.15301 19.15301 19.15301 19.15301 19.15301 19.15301 19.15301
0 0 0 0 0 0 0 0 0 0 0 0 0 0 0 0 0 0 0 0 0 0 0 0 0 0 0 0 172.9383 172.9383 172.9383 172.9383 172.9383 172.9383 172.9383 172.9383 172.9383 172.9383 172.9383 172.9383 172.9383 172.9383 172.9383 172.9383 172.9383 172.9383 119.0081 80.5195 80.5195 80.5195 80.5195 80.5195 80.5195 80.51949 80.5195 80.5195 51.66633 19.15301 19.15301 19.15301 19.15301 19.15301 19.153 19.15301 19.15301 19.15301 19.153 19.15301 19.15301 19.15301 19.15301 19.15301
0 0 0 0 0 0 0 0 0 0 0 0 0 0 0 0 0 0 0 0 0 0 0 0 0 0 0 172.9383 172.9383 172.9383 172.9383 172.9383 172.9383 172.9383 172.9383 172.9383 172.9383 172.9383 172.9383 172.9383 172.9383 172.9383 172.9383 172.9383 172.9383 172.9383 168.6648 83.45667 80.51949 80.51949 80.51949 80.51949 80.51949 80.51949 80.51949 80.51949 54.87801 19.15301 19.15301 19.15301 19.15301 19.15301 19.15301 19.15301 19.15301 19.15301 19.15301 19.15301 19.15301 19.15301 19.15301 19.15301
0 0 0 0 0 0 0 0 0 0 0 0 0 0 0 0 0 0 0 0 0 0 0 0 0 0 172.9383 172.9383 172.9383 172.9383 172.9383 172.9383 172.9383 172.9383 172.9383 172.9383 172.9383 172.9383 172.9383 172.9383 180.7897 215.7123 208.2821 182.2597 172.9383 172.9383 172.9383 103.9409 80.51949 80.51949 80.51949 80.51949 80.51949 80.51949 114.7477 155.9993 92.77326 19.15301 19.15301 19.15301 19.15301 19.15301 19.15301 19.15301 19.15301 19.15301 19.15301 19.15301 19.15301 19.15301 19.15301 19.15301
0 0 0 0 0 0 0 0 0 0 0 0 0 0 0 0 0 0 0 0 0 0 0 0 0 172.9383 172.9383 172.9383 172.9383 172.9383 172.9383 172.9383 172.9383 172.9383 172.9383 172.9383 172.9383 188.0028 218.6149 246.9089 267.8452 269.1177 269.1177 263.3358 252.2474 222.8651 176.4955 133.2317 88.33427 81.97056 123.2122 144.799 301.2769 353.063 482.5762 519.8525 394.0207 19.15301 19.15301 19.15301 19.15301 19.15301 19.15301 19.15301 19.15301 19.15301 19.15301 19.15301 19.15301 19.15301 19.15301 19.15301
0 0 0 0 0 0 0 0 0 0 0 0 0 0 0 0 0 0 0 0 0 0 0 0 0 276.1468 172.9383 172.9383 172.9383 172.9383 172.9383 172.9383 172.9383 172.9383 172.9383 185.5134 245.0331 268.97 269.1177 269.1177 269.1177 269.1177 269.1177 262.7567 258.5656 258.5656 245.8005 247.3611 258.5476 326.7079 519.8525 519.8525 519.8525 519.8525 519.8525 519.8525 508.9446 115.5723 19.15301 19.15301 19.15301 19.15301 19.15301 19.15301 19.15301 19.15301 19.15301 19.15301 19.15301 19.15301 19.15301 19.15301
0 0 0 0 0 0 0 0 0 0 0 0 0 0 0 0 0 0 0 0 0 0 0 1257.025 535.2297 514.9465 199.5409 172.9383 172.9383 172.9383 172.9383 172.9383 172.9383 172.9383 248.2672 468.0198 449.9928 269.1177 269.1177 269.1177 269.1177 269.1177 269.1177 261.7128 258.5656 258.5656 258.5656 258.5656 258.5656 359.0028 519.8525 519.8526 519.8526 519.8526 519.8526 519.8526 519.8526 320.7673 21.92056 19.15301 19.15301 19.15301 19.153 19.15301 19.15301 19.15301 19.15301 19.15301 19.15301 19.15301 19.15301 19.15301
0 0 0 0 0 0 0 0 0 0 0 0 0 0 0 0 0 0 0 0 0 1534.593 1534.593 1532.92 715.0662 535.2298 284.4896 172.9383 211.8726 275.3752 313.3361 392.2598 427.3132 399.3236 505.1723 535.2298 512.1454 293.544 269.1177 269.1177 269.1177 269.1177 269.1177 265.1102 258.5656 258.5656 258.5656 258.5656 258.5656 408.7416 519.8525 519.8525 519.8525 519.8525 519.8525 519.8525 519.8525 519.8525 441.2668 284.9121 302.9853 242.0618 44.80225 19.15301 29.2944 19.15301 19.15301 19.15301 19.15301 19.15301 19.15301 19.15301
0 0 0 0 0 0 0 0 0 0 0 0 0 0 0 0 0 0 21694.86 24450.72 4027.855 1534.593 1534.593 1534.593 987.1507 535.2297 514.1597 418.5357 511.9086 535.2297 535.2297 535.2297 535.2297 535.2297 535.2297 535.2297 505.6072 273.9104 269.1177 269.1177 269.1177 269.1177 269.1177 266.6178 258.5656 258.5656 258.5656 258.5656 258.5656 337.218 519.8525 519.8525 519.8525 519.8525 519.8525 519.8525 519.8525 519.8525 519.8525 519.8525 519.8525 519.8525 489.0685 434.6448 509.8564 185.9867 19.15301 19.15301 19.15301 19.15301 19.15301 19.15301
0 0 0 0 0 0 0 0 0 0 0 0 0 0 0 17154.54 17154.54 18047.78 20598.34 24000.68 12370.51 1534.593 1534.593 1534.593 1326.356 562.3637 535.2297 535.2297 535.2297 535.2297 535.2297 535.2297 535.2297 535.2297 535.2297 535.2297 535.2297 410.7242 269.1177 269.1177 269.1177 269.1177 269.1177 268.4997 259.6909 258.5656 258.5656 258.5656 258.5656 345.3872 519.8525 519.8525 519.8525 519.8525 519.8525 519.8525 519.8525 519.8525 519.8525 519.8525 519.8525 519.8525 519.8525 519.8525 519.8525 377.6085 23.13583 19.15301 19.15301 19.15301 19.15301 19.15301
0 0 0 0 0 0 0 0 0 0 0 0 0 0 17154.54 17154.54 17154.54 17567.29 24344.46 24452.4 10447.38 1534.593 1534.593 1534.593 1534.593 570.8691 535.2297 535.2297 535.2297 535.2297 535.2298 535.2298 535.2297 535.2297 535.2297 535.2297 535.2298 434.2411 269.1177 269.1177 269.1177 269.1177 269.1177 269.1177 266.87 259.3194 258.5656 258.5656 258.5656 287.8729 519.797 519.8525 519.8525 519.8525 519.8525 519.8525 511.8354 305.7231 458.0585 500.9622 355.6006 510.9774 519.8525 519.8525 519.8525 180.0869 34.47223 21.88749 19.153 19.15301 19.153 19.15301
0 0 0 0 0 0 0 0 0 0 0 0 0 0 0 0 17154.54 17154.54 17154.54 0 0 1534.593 1534.593 1534.593 1490.775 455.8414 488.0826 517.4462 535.2297 535.2297 535.2297 535.2297 535.2297 535.2297 535.2297 535.2297 535.2297 391.6635 269.1178 269.1177 269.1177 269.1177 269.1177 269.1177 266.1303 259.0168 258.5656 258.5656 258.5656 258.5656 489.409 519.8525 519.8525 519.8525 519.8525 519.8525 451.7706 92.07661 108.9237 225.3134 92.07661 260.9601 410.8744 351.6507 121.7913 49.15632 35.56361 33.60337 20.79337 19.15301 19.15301 19.15301
0 0 0 0 0 0 0 0 0 0 0 0 0 0 0 0 17154.54 17154.54 17154.54 0 0 0 0 1534.593 1378.162 419.014 419.014 430.2609 486.0087 535.2297 535.2297 535.2297 535.2297 520.5729 436.054 428.9613 471.666 293.5003 269.1177 269.1177 269.1177 269.1177 269.1177 269.1177 259.5591 258.5656 258.5656 258.5656 258.5656 258.5656 374.7093 519.8525 519.8525 519.8525 519.8525 519.8525 495.8795 92.07661 92.07661 92.07661 92.07661 92.07661 91.22298 38.06181 35.56361 35.56361 35.56361 35.56361 33.50587 28.74063 25.24885 21.75692
0 0 0 0 0 0 0 0 0 0 0 0 0 0 0 0 0 0 0 0 0 0 0 0 1120.355 419.014 419.014 419.014 419.1201 501.8824 535.2297 535.2297 534.433 468.4161 419.014 419.014 419.014 391.9778 357.1968 306.715 258.5248 239.628 245.4055 252.3494 258.6754 258.5656 258.5656 258.5656 258.5656 258.5656 267.1477 519.5312 519.8526 519.8525 519.8526 519.8525 457.1816 92.07661 92.07661 92.07661 92.0766 92.07661 83.61764 37.21314 35.56361 35.56361 35.56361 35.56361 35.56361 35.56361 35.56361 35.56361
0 0 0 0 0 0 0 0 0 0 0 0 0 0 0 0 0 0 0 0 0 0 0 0 516.1526 419.014 419.014 419.014 419.014 433.9407 534.7197 533.9822 463.9061 419.014 419.014 419.014 419.014 419.014 419.014 289.3835 167.077 166.9015 166.9015 170.4392 203.9311 188.6286 190.3184 217.0313 254.5694 258.5656 273.2243 510.2559 519.8526 519.8525 519.8526 460.3253 176.5247 92.07661 92.07661 92.07661 92.0766 82.17437 43.03757 35.56361 35.56361 35.56361 35.56361 35.56361 35.56361 35.56361 35.56361 35.56361
0 0 0 0 0 0 0 0 0 0 0 0 0 0 0 0 0 0 0 0 0 0 0 0 0 419.014 419.014 419.014 419.014 419.1147 453.9521 435.0764 419.014 419.014 419.014 419.014 419.014 419.014 419.014 220.2089 166.9015 166.9015 166.9015 166.9015 166.9015 166.9015 166.9015 156.4783 114.8157 132.7809 182.9693 404.373 358.8771 286.2436 158.3285 93.59513 92.07661 92.07661 92.078 96.40882 81.74675 36.66784 35.56361 35.56361 35.56361 35.56361 42.51643 35.86279 35.56361 35.56361 35.56361 35.56361
0 0 0 0 0 0 0 0 0 0 0 0 0 0 0 0 0 0 0 0 0 0 0 0 0 419.014 419.014 419.014 419.014 419.014 419.014 419.014 419.014 419.014 419.014 419.014 419.014 419.014 340.0078 169.0368 166.9015 166.9015 166.9015 166.9015 166.9015 166.9015 166.9015 130.1481 92.07661 92.07661 92.0766 92.07661 92.07661 92.07661 92.0766 92.07661 92.07661 92.07661 99.65491 115.4505 104.2596 68.1217 36.16398 36.98264 57.94659 85.14032 101.8565 64.96415 35.56361 35.56361 35.56361 35.56361
0 0 0 0 0 0 0 0 0 0 0 0 0 0 0 0 0 0 0 0 0 0 0 0 0 0 419.014 419.014 419.014 419.014 419.014 419.014 419.014 419.014 419.014 418.9962 391.0688 235.5465 168.3533 166.9015 166.9015 166.9015 166.9015 166.9015 166.9015 166.9015 166.6205 96.69751 92.07661 92.07661 92.07661 92.07661 95.67204 106.7526 94.17759 92.07661 92.07661 100.0143 115.8065 112.1298 104.0171 104.0171 102.984 101.0304 104.0171 104.0171 81.77701 35.59296 35.56361 35.56361 35.56361 35.56361
0 0 0 0 0 0 0 0 0 0 0 0 0 0 0 0 0 0 0 0 0 0 0 0 0 0 0 0 419.014 419.014 419.014 419.014 419.014 419.014 419.014 275.3708 166.9015 166.9015 166.9015 166.9015 166.9015 166.9015 166.9015 166.9015 166.9015 166.9015 166.7955 155.2706 148.4426 133.4794 93.72015 93.14011 112.6487 114.5018 92.74818 92.07661 92.64973 114.904 117.0402 113.4485 104.0172 104.0172 104.0172 104.0172 104.0172 104.0172 104.0172 49.85492 35.56361 35.56361 35.56361 35.56361
0 0 0 0 0 0 0 0 0 0 0 0 0 0 0 0 0 0 0 0 0 0 0 0 0 0 0 0 0 419.014 419.014 419.014 419.014 419.014 415.7114 182.1959 166.9015 166.9015 166.9015 166.9015 166.9015 166.9015 166.9015 166.9015 166.9015 168.1583 184.1318 206.7967 238.8668 215.8075 113.0727 113.747 117.0402 117.0399 115.3491 114.5446 114.6213 117.0402 117.0402 115.2806 104.0171 104.0171 104.0171 104.0171 104.0171 104.0171 104.0171 53.53219 35.56361 35.56361 35.56361 35.56361
0 0 0 0 0 0 0 0 0 0 0 0 0 0 0 0 0 0 0 0 0 0 0 0 0 0 0 0 0 419.014 419.014 419.014 419.014 419.014 365.3822 166.9015 166.9015 166.9015 166.9015 166.9015 166.9015 166.9015 166.9015 166.9015 166.9015 218.7986 322.6011 322.6011 322.6011 187.2906 117.0402 117.0402 117.0402 117.0402 117.0402 117.0402 117.0402 117.0402 117.0402 114.6054 104.0172 104.0172 104.0172 104.0172 104.0171 87.08342 49.91288 37.26465 35.56361 35.56361 35.56361 35.56361
0 0 0 0 0 0 0 0 0 0 0 0 0 0 0 0 0 0 0 0 0 0 0 0 0 0 0 0 0 419.014 419.014 419.014 419.014 419.014 280.4633 166.9015 166.9015 166.9015 166.9015 166.9015 166.9015 166.9015 166.9015 166.9015 213.6884 318.6728 322.6011 322.6011 322.6011 132.0808 117.0402 117.0402 117.0402 117.0402 117.0402 117.0402 117.0402 116.0112 112.7752 110.375 104.1547 104.0171 104.0171 104.0171 92.39706 44.35246 37.45368 35.56361 35.56361 35.56361 35.56361 35.56361
0 0 0 0 0 0 0 0 0 0 0 0 0 0 0 0 0 0 0 0 0 0 0 0 0 0 0 0 0 0 419.014 419.014 419.014 407.3224 179.7307 166.9015 166.9015 166.9015 166.9015 166.9015 166.9015 166.9015 166.9015 227.5972 318.8602 322.601 322.601 322.6011 322.601 142.156 117.0402 117.0402 117.0402 117.0402 117.0402 117.0402 115.0448 111.2639 110.9821 110.9821 105.5783 104.0171 104.0171 104.0171 104.0171 102.4205 42.30195 35.56361 35.56361 35.56361 35.56361 35.56361
0 0 0 0 0 0 0 0 0 0 0 0 0 0 0 0 0 0 0 0 0 0 0 0 0 0 0 0 0 0 0 419.014 419.014 413.3771 248.5949 166.9015 166.9015 166.9015 166.9015 166.9015 166.9015 166.9015 166.9015 263.3693 322.6011 322.6011 322.6011 322.6011 322.6011 254.9245 168.1042 117.0402 117.0402 117.0402 117.0402 116.9295 111.3239 110.9821 110.9821 110.9821 107.7048 104.0171 104.0171 104.0171 104.0172 104.0172 46.5705 35.56361 35.56361 35.56361 35.56361 35.56361
0 0 0 0 0 0 0 0 0 0 0 0 0 0 0 0 0 0 0 0 0 0 0 0 0 0 0 0 0 0 0 419.014 419.014 341.9197 166.9015 166.9015 166.9015 166.9015 166.9015 166.9015 164.2878 132.7755 139.7952 145.576 140.019 240.0835 322.4215 322.601 322.601 322.6011 295.7039 156.7106 117.0402 117.0402 117.0402 115.9447 110.9821 110.9821 110.9821 110.9821 110.5812 105.2156 104.0172 104.0171 104.0171 104.0171 55.6082 35.56361 35.56361 35.56361 35.56361 35.56361
0 0 0 0 0 0 0 0 0 0 0 0 0 0 0 0 0 0 0 0 0 0 0 0 0 0 0 0 0 0 0 0 419.014 273.8185 166.9015 166.9015 166.9015 166.9015 166.9015 163.0307 121.9432 120.7296 120.7296 120.7296 120.7296 120.7296 200.8163 322.6011 322.601 322.601 322.6011 322.3656 263.9083 203.4143 233.6643 219.7026 110.9821 110.9821 110.9821 110.9821 110.9821 110.5562 105.3961 104.0171 104.0172 104.0171 49.81586 35.56361 35.56361 35.56361 35.56361 35.56361
0 0 0 0 0 0 0 0 0 0 0 0 0 0 0 0 0 0 0 0 0 0 0 0 0 0 0 0 0 0 0 0 0 323.6393 166.9015 166.9015 166.9015 166.9015 155.7795 123.2404 120.7296 120.7296 120.7296 120.7296 120.7296 120.7296 142.4563 322.5674 322.601 322.6011 322.601 322.6011 322.6011 322.6011 322.601 313.3472 177.6328 111.4241 110.9821 110.9821 110.9821 110.9821 106.4959 104.0171 104.0172 96.27676 36.03867 35.56361 35.56361 35.56361 35.56361 35.56361
0 0 0 0 0 0 0 0 0 0 0 0 0 0 0 0 0 0 0 0 0 0 0 0 0 0 0 0 0 0 0 0 0 172.0401 166.9015 165.2832 166.9015 163.8448 120.8611 120.7296 120.7296 120.7296 120.7296 120.7296 120.7296 138.0522 285.9697 322.6011 322.601 322.6011 322.601 322.6011 322.6011 322.6011 322.601 322.6011 322.6011 204.7158 110.9821 110.9821 110.9821 110.3466 104.0972 104.0172 104.0172 104.0172 100.7487 91.57053 64.94053 40.50146 35.56361 35.56361
