Scenarios/Global_Grid/data/country_data_population_distribution/processed/density_grids/sen.asc
ncols 159
nrows 112
xllcorner -17
yllcorner 12
[rows 0 to 31 of 112, columns 72 to 143 of 159]
0 30.18625 22.95628 0 31.98482 28.34577 29.77879 29.62107 29.5679 29.9729 0 29.84391 0 0 0 0 0 0 0 0 0 0 0 0 0 0 0 0 0 0 0 0 0 0 0 0 0 0 0 0 0 0 0 0 0 0 0 0 0 0 0 0 0 0 0 0 0 0 0 0 0 0 0 0 0 0 0 0 0 0 0 0
0 24.87094 31.98482 31.98483 31.98482 31.98482 31.98483 31.98483 31.98483 31.98483 31.97481 31.98483 31.96429 31.99322 31.98906 31.996 32.09719 31.98483 31.98483 31.98482 0 0 0 0 0 0 0 0 0 0 0 0 0 0 0 0 0 0 0 0 0 0 0 0 0 0 0 0 0 0 0 0 0 0 0 0 0 0 0 0 0 0 0 0 0 0 0 0 0 0 0 0
31.98482 31.98483 31.98482 31.98482 31.98482 31.98482 31.98483 31.98482 31.98483 31.98482 31.98482 31.98482 31.98483 31.98482 31.98483 31.98482 31.98482 31.98482 31.98483 31.98482 40.34764 50.89316 0 0 0 0 0 0 0 0 0 0 0 0 0 0 0 0 0 0 0 0 0 0 0 0 0 0 0 0 0 0 0 0 0 0 0 0 0 0 0 0 0 0 0 0 0 0 0 0 0 0
31.98482 31.98483 31.98483 31.98482 31.98482 31.98483 31.98483 31.98483 31.98483 31.98483 31.98483 31.98483 31.98482 31.98483 31.98483 31.98483 31.98482 31.98483 31.98482 31.98483 31.98483 35.54901 31.98483 0 0 0 0 0 0 0 0 0 0 0 0 0 0 0 0 0 0 0 0 0 0 0 0 0 0 0 0 0 0 0 0 0 0 0 0 0 0 0 0 0 0 0 0 0 0 0 0 0
31.98482 31.98482 31.98482 31.98482 31.98482 31.98482 31.98482 31.98482 31.98482 31.98482 31.98482 31.98482 31.98483 31.98482 31.98482 31.98482 31.98482 31.98482 31.98483 31.98482 31.98482 31.98482 31.98482 32.00791 0 0 0 0 0 0 0 0 0 0 0 0 0 0 0 0 0 0 0 0 0 0 0 0 0 0 0 0 0 0 0 0 0 0 0 0 0 0 0 0 0 0 0 0 0 0 0 0
31.98482 31.98483 31.98482 31.98483 31.98482 31.98482 31.98482 31.98483 31.98482 31.98482 31.98482 31.98483 31.98482 31.98483 31.98482 31.98483 31.98482 31.98483 31.98482 31.98482 31.98482 31.98483 31.98482 31.98483 32.12299 0 0 0 0 0 0 0 0 0 0 0 0 0 0 0 0 0 0 0 0 0 0 0 0 0 0 0 0 0 0 0 0 0 0 0 0 0 0 0 0 0 0 0 0 0 0 0
31.98482 31.98482 31.98482 31.98482 31.98482 31.98482 31.98482 31.98482 31.98483 31.98482 31.98482 31.98482 31.98483 31.98482 31.98482 31.98482 31.98482 31.98482 31.98483 31.98482 31.98482 31.98482 31.98483 31.98482 31.98482 31.98482 37.08414 0 0 0 0 0 0 0 0 0 0 0 0 0 0 0 0 0 0 0 0 0 0 0 0 0 0 0 0 0 0 0 0 0 0 0 0 0 0 0 0 0 0 0 0 0
31.98482 31.98483 31.98482 31.98483 31.98482 31.98482 31.98482 31.98482 31.98482 31.98483 31.98483 31.98483 31.98482 31.98483 31.98482 31.98483 31.98482 31.98483 31.98482 31.98483 31.98482 31.98483 31.98482 31.98483 31.98482 31.98483 31.98482 37.31842 0 0 0 0 0 0 0 0 0 0 0 0 0 0 0 0 0 0 0 0 0 0 0 0 0 0 0 0 0 0 0 0 0 0 0 0 0 0 0 0 0 0 0 0
31.98482 31.98482 31.98482 31.98482 31.98482 31.98482 31.98482 31.98482 31.98482 31.98482 31.98482 31.98482 31.98482 31.98482 31.98482 31.98482 31.98482 31.98482 31.98482 31.98482 31.98482 31.98482 31.98482 31.98482 31.98482 31.98482 31.98482 31.98482 61.0766 0 0 0 0 0 0 0 0 0 0 0 0 0 0 0 0 0 0 0 0 0 0 0 0 0 0 0 0 0 0 0 0 0 0 0 0 0 0 0 0 0 0 0
31.98482 31.98482 31.98482 31.98482 31.98482 31.98482 31.98482 31.98482 31.98482 31.98482 31.98482 31.98482 31.98482 31.98482 31.98482 31.98482 31.98482 31.98482 31.98482 31.98482 31.98482 31.98482 31.98482 31.98482 31.98482 31.98482 31.98482 31.98482 63.34279 0 0 0 0 0 0 0 0 0 0 0 0 0 0 0 0 0 0 0 0 0 0 0 0 0 0 0 0 0 0 0 0 0 0 0 0 0 0 0 0 0 0 0
31.98483 31.98482 31.98483 31.98483 31.98483 31.98483 31.98483 31.98483 31.98483 31.98483 31.98483 31.98482 31.98483 31.98482 31.98483 31.98482 31.98483 31.98482 31.98483 31.98482 31.98483 31.98482 31.98483 31.98483 31.98483 31.98483 31.98483 31.98483 33.44693 40.90257 0 0 0 0 0 0 0 0 0 0 0 0 0 0 0 0 0 0 0 0 0 0 0 0 0 0 0 0 0 0 0 0 0 0 0 0 0 0 0 0 0 0
31.98483 31.98483 31.98483 31.98483 31.98483 31.98483 31.98483 31.98483 31.98483 31.98483 31.98483 31.98483 31.98482 31.98483 31.98483 31.98483 31.98482 31.98483 31.98482 31.98483 31.98483 31.98483 31.98483 31.98483 31.98482 31.98483 31.98483 31.98483 31.98483 31.98483 36.8773 0 0 0 0 0 0 0 0 0 0 0 0 0 0 0 0 0 0 0 0 0 0 0 0 0 0 0 0 0 0 0 0 0 0 0 0 0 0 0 0 0
31.98483 31.98483 31.98483 31.98483 31.98482 31.98483 31.98482 31.98483 31.98483 31.98483 31.98483 31.98483 31.98482 31.98483 31.98483 31.98483 31.98482 31.98483 31.98482 31.98483 31.98482 31.98483 31.98483 31.98483 31.98483 31.98483 31.98483 31.98482 31.98483 31.98482 31.98483 0 0 0 67.25665 0 0 0 0 0 0 0 0 0 0 0 0 0 0 0 0 0 0 0 0 0 0 0 0 0 0 0 0 0 0 0 0 0 0 0 0 0
31.98482 31.98483 31.98482 31.98483 31.98482 31.98483 31.98482 31.98483 31.98483 31.98483 31.98483 31.98483 31.98482 31.98483 31.98483 31.98483 31.98483 31.98483 31.98482 31.98483 31.98483 31.98483 31.98482 31.98483 31.98483 31.98483 31.98482 31.98482 31.98483 31.98482 31.98483 45.36787 32.77814 31.98483 56.84545 0 54.26447 60.39728 62.81053 94.35083 0 0 0 0 0 0 0 0 0 0 0 0 0 0 0 0 0 0 0 0 0 0 0 0 0 0 0 0 0 0 0 0
31.98483 31.98482 31.98483 31.98482 31.98483 31.98483 31.98483 31.98482 31.98483 31.98482 31.98483 31.98482 31.98483 31.98482 31.98483 31.98482 31.98483 31.98482 31.98483 31.98482 31.98482 31.98482 31.98483 31.98482 31.98483 31.98483 31.98483 31.98482 31.98482 31.98483 31.98482 31.98483 31.98482 35.41859 62.46873 62.81052 62.81052 62.81052 62.81052 62.83005 66.38354 60.44713 49.33725 0 0 0 0 0 0 0 0 0 0 0 0 0 0 0 0 0 0 0 0 0 0 0 0 0 0 0 0 0
31.98483 31.98483 31.98483 31.98483 31.98483 31.98483 31.98483 31.98483 31.98483 31.98483 31.98483 31.98483 31.98482 31.98483 31.98483 31.98483 31.98483 31.98483 31.98482 31.98483 31.98483 31.98483 31.98483 31.98483 31.98483 31.98483 31.98483 31.98483 31.98483 31.98483 31.98483 37.089 50.96065 61.68464 62.81052 62.81052 62.81052 62.81052 62.81052 62.81052 62.81052 62.81052 62.81047 0 0 0 0 0 0 0 0 0 0 0 0 0 0 0 0 0 0 0 0 0 0 0 0 0 0 0 0 0
21.62553 21.77526 21.84321 21.91116 21.97911 22.04706 22.0734 23.4736 29.48866 31.98482 31.98482 31.98482 31.98483 31.98482 31.98482 31.98482 31.98482 31.98482 31.98483 31.98482 31.98482 31.98482 31.98482 31.98482 31.98482 31.98482 31.98482 31.98482 31.98482 31.98482 32.20664 54.42576 62.81052 62.81052 62.81052 62.81052 62.81052 62.81052 62.81052 62.81052 62.81052 62.81052 62.80971 0 0 0 0 0 0 0 0 0 0 0 0 0 0 0 0 0 0 0 0 0 0 0 0 0 0 0 0 0
19.15301 19.15301 19.15301 19.15301 19.15301 19.15301 19.15301 19.15301 19.19455 22.95731 25.8746 27.05916 30.80195 31.98482 31.98482 31.98482 31.98482 31.98482 31.98482 31.98482 31.98482 31.98482 31.98482 31.98482 31.98482 31.98482 31.98482 31.98482 31.98482 32.29683 52.15579 62.81052 62.81052 62.81052 62.81052 62.81052 62.81052 62.81052 62.81052 62.81052 62.81052 62.81052 62.81052 51.01194 0 0 0 0 0 0 0 0 0 0 0 0 0 0 0 0 0 0 0 0 0 0 0 0 0 0 0 0
19.15301 19.15301 19.15301 19.15301 19.15301 19.15301 19.15301 19.15301 19.15301 19.15301 19.15301 19.15301 20.85173 30.09921 31.98482 31.98482 31.98482 31.98482 31.98482 31.98482 31.98482 31.98482 31.98482 31.98482 31.98482 31.98482 31.98482 31.98482 32.01285 50.08168 62.81052 62.81052 62.81052 62.81052 62.81052 62.81052 62.81052 62.81052 62.81052 62.81052 62.81052 62.81052 62.81052 62.53918 0 0 0 0 0 0 0 0 0 0 0 0 0 0 0 0 0 0 0 0 0 0 0 0 0 0 0 0
19.15301 19.15301 19.15301 19.15301 19.15301 19.15301 19.15301 19.15301 19.15301 19.15301 19.15301 19.15301 19.15301 20.20144 29.17881 31.98482 31.98482 31.98482 31.98482 31.98482 31.98482 31.98482 31.98482 31.98482 31.98482 31.98482 31.98482 31.98482 39.818 62.81052 62.81052 62.81053 62.81052 62.81052 62.81052 62.81052 62.81052 62.81052 62.81052 62.81052 62.81052 62.81052 62.81052 62.81052 45.0383 0 0 0 0 0 0 0 0 0 0 0 0 0 0 0 0 0 0 0 0 0 0 0 0 0 0 0
19.15301 19.15301 19.15301 19.15301 19.15301 19.15301 19.15301 19.15301 19.15301 19.15301 19.15301 19.15301 19.15301 18.69482 10.91168 25.47348 31.98482 31.98482 31.98483 31.98482 31.98482 31.98482 31.98482 31.98482 31.98482 31.98482 31.98482 31.98482 44.84439 62.81052 62.81052 62.81052 62.81052 62.81052 62.81052 62.81052 62.81052 62.81052 62.81052 62.81052 62.81052 62.81052 62.81052 62.81052 57.0171 0 0 0 0 0 0 0 0 0 0 0 0 0 0 0 0 0 0 0 0 0 0 0 0 0 0 0
19.15301 19.15301 19.15301 19.15301 19.15301 19.15301 19.15301 19.15301 19.15301 19.15301 19.15301 19.15301 17.14709 7.179329 4.267225 8.395832 31.6096 31.98482 31.98482 31.98482 31.98482 31.98482 31.98482 31.98482 31.98482 31.98482 31.98482 31.98482 49.37538 62.81052 62.81052 62.81053 62.81052 62.81052 62.81052 62.81052 62.81052 62.81052 62.81052 62.81052 62.81052 62.81052 62.81052 62.81052 61.38877 0 0 0 0 0 0 0 0 0 0 0 0 0 0 0 0 0 0 0 0 0 0 0 0 0 0 0
19.15301 19.15301 19.15301 19.15301 19.15301 19.15301 19.15301 19.15301 19.15301 19.15301 19.15301 19.15301 6.724905 4.267225 4.267225 4.267225 31.05245 31.98482 31.98483 31.98482 31.98482 31.98482 31.98482 31.98482 31.98482 31.98482 31.98482 31.98482 53.90637 62.81052 62.81052 62.81052 62.81052 62.81052 62.81052 62.81052 62.81052 62.81052 62.81052 62.81052 62.81052 62.81052 62.81052 62.81052 62.81052 52.86826 0 0 0 0 0 0 0 0 0 0 0 0 0 0 0 0 0 0 0 0 0 0 0 0 0 0
19.15301 19.15301 19.15301 19.15301 19.15301 19.15301 19.15301 19.15301 19.15301 19.15301 19.15301 14.33181 5.700114 4.267225 4.267225 4.267225 27.61623 31.98482 31.98482 31.98482 31.98482 31.98482 31.98482 31.98482 31.98482 31.98482 31.98482 31.98482 58.98905 62.81052 62.81052 62.81052 62.81052 62.81052 62.81052 62.81052 62.81052 62.81052 62.81052 62.81052 62.81052 62.81052 62.81052 62.81052 62.81052 62.50362 43.72823 0 0 0 0 0 0 0 0 0 0 0 0 0 0 0 0 0 0 0 0 0 0 0 0 0
19.15301 19.15301 19.15301 19.15301 19.15301 19.15301 19.15301 19.15301 19.15301 19.15301 17.23496 4.383184 4.267225 4.267225 4.267225 4.267225 6.087074 18.76148 28.08031 31.98483 31.98483 31.98483 31.98483 31.98483 31.98483 31.98483 31.98483 35.77977 62.80866 62.81052 62.81052 62.81052 62.81052 62.81052 62.81052 62.81052 62.81052 62.81052 62.81052 62.81052 62.81052 62.81052 62.81052 62.81052 62.81052 61.91219 0 0 0 0 0 0 0 0 0 0 0 0 0 0 0 0 0 0 0 0 0 0 0 0 0 0
19.15301 19.15301 19.15301 19.15301 19.15301 19.15301 19.15301 19.15301 19.15301 19.15301 11.39661 4.267225 4.267225 4.267225 4.267225 4.267225 4.267225 4.267225 27.31703 31.98483 31.98483 31.98483 31.98483 31.98483 31.98483 31.98483 31.98483 43.70685 62.81052 62.81052 62.81052 62.81052 62.81052 62.81052 62.81052 62.81052 62.81052 62.81052 62.81052 62.81052 62.81052 62.81052 62.81052 62.81052 62.81052 62.81052 52.54861 58.50707 0 0 0 0 0 0 0 0 0 0 0 0 0 0 0 0 0 0 0 0 0 0 0 0
19.15301 19.15301 19.15301 19.15301 19.15301 19.15301 19.15301 19.15301 19.15301 19.15301 7.976012 4.267225 4.267225 4.267225 4.267225 4.267225 4.267225 17.66644 31.55168 31.98482 31.98483 31.98483 31.98483 31.98482 31.98483 31.98483 31.98483 51.63578 62.81052 62.81052 62.81052 62.81052 62.81052 62.81052 62.81052 62.81052 62.81052 62.81052 62.81052 62.81052 62.81052 62.81052 62.81052 62.81052 62.81052 62.81052 62.81052 55.993 34.00452 33.18146 0 0 0 0 0 0 0 0 0 0 0 0 0 0 0 0 0 0 0 0 0 0
19.15301 19.15301 19.153 19.15301 19.15301 19.15301 19.15301 19.15301 19.15301 19.15301 12.17961 4.267225 4.267225 4.267225 4.267225 4.267225 4.267225 23.62566 31.98482 31.98483 31.98483 31.98483 31.60084 22.4705 4.728195 5.135768 5.543342 7.438786 26.03825 62.81052 62.81052 62.81052 52.05791 55.94614 62.81052 62.81052 62.81052 62.81052 62.81052 62.81052 62.81052 62.81052 62.81052 62.81052 62.81052 62.81052 62.62647 40.66099 33.91626 32.63054 0 0 0 0 0 0 0 0 0 0 0 0 0 0 0 0 0 0 0 0 0 0
19.15301 19.15301 19.15301 19.15301 19.15301 19.15301 19.15301 19.15301 19.15301 18.20874 8.923242 4.267225 4.267225 4.267225 4.267225 4.267225 4.267225 24.45305 31.98483 31.98483 31.98482 31.98483 31.84566 9.022941 4.267225 4.267226 4.267225 4.267225 8.225153 22.50382 29.39109 36.27851 19.14578 4.417782 15.64831 33.74296 54.26335 62.81052 62.81052 62.81052 62.81052 62.81052 62.81052 62.81052 62.81052 62.81052 54.77405 33.91626 33.91626 33.68379 0 33.45836 33.77494 0 0 0 0 0 0 0 0 0 0 0 0 0 0 0 0 0 0 0
19.15301 19.15301 19.15301 19.15301 19.15301 19.15301 19.15301 19.15301 19.15301 13.44117 4.267225 4.267225 4.267226 4.267225 4.267225 4.267225 4.267225 18.65744 31.98483 31.98483 31.98483 31.98483 31.98483 14.67474 4.267225 4.267225 4.267225 4.267225 4.267225 4.267225 4.267225 4.267226 4.267225 4.267225 4.267225 4.267225 6.445021 41.63144 62.81052 62.81052 62.81052 62.81052 62.81052 62.81052 60.25319 53.64491 39.38477 33.91626 33.91626 33.91626 33.91626 33.91626 33.88802 0 0 0 0 0 0 0 0 0 0 0 0 0 0 0 0 0 0 0
19.15301 19.15301 19.15301 19.15301 19.153 19.15301 19.15301 19.15301 19.15301 18.23846 10.03466 4.267225 4.267225 4.267225 4.267225 4.267225 4.267225 4.560426 25.17655 27.01263 27.48521 27.8195 18.48652 5.561485 4.267225 4.267225 4.267225 4.267225 4.267225 4.267225 4.267225 4.267225 4.267225 4.267225 4.267225 4.267225 4.267225 4.313118 29.5254 61.71353 62.81052 62.81052 62.81052 50.49759 34.68163 33.91626 33.91626 33.91626 33.91626 33.91626 33.91626 33.91626 33.91626 0 0 0 0 0 0 0 0 0 0 0 0 0 0 0 0 0 0 0
19.15301 19.15301 19.15301 19.15301 19.15301 19.15301 19.15301 19.15301 19.15301 19.15301 19.15229 15.52998 10.53767 5.762786 4.267225 6.446857 4.271712 4.267225 4.267226 4.267225 4.267225 4.267225 4.267225 4.267225 4.267225 4.267225 4.267225 4.267225 4.267225 4.267225 4.267225 4.267226 4.267225 4.267225 4.267225 4.267225 4.267225 4.267225 4.267225 18.47073 57.47914 62.81052 50.21498 33.91626 33.91626 33.91626 33.91626 33.91626 33.91626 33.91626 33.91626 33.91626 33.91626 110.0097 0 0 0 0 0 0 0 0 0 0 0 0 0 0 0 0 0 0
