Scenarios/Global_Grid/data/country_data_population_distribution/processed/density_grids/tun.asc
ncols 110
nrows 182
xllcorner 7
yllcorner 30
[rows 93 to 123 of 182, columns 0 to 70 of 110]
0 0 0 0 0 0 0 0 0 0 0 0 0 0 0 0 0 0 0 4.009634 4.009634 4.133757 10.19025 13.97992 13.97992 13.97992 13.97992 13.97992 13.97992 13.97992 21.59362 59.59057 34.79237 4.057683 2.303081 2.303081 2.303081 2.303081 2.303081 2.303081 2.303081 2.303081 2.327713 17.3786 27.2405 25.49825 20.25268 20.35645 42.96344 46.82804 36.18872 27.2405 27.2405 27.2405 27.2405 27.63528 33.72836 38.99127 44.24927 46.82804 46.82804 35.53554 28.7735 30.57167 30.60513 30.60513 30.60513 30.60513 30.60513 29.08843 30.58785
0 0 0 0 0 0 0 0 0 0 0 0 0 0 0 0 0 0 0 4.009634 4.009634 4.009634 4.022026 9.616916 13.97992 13.97992 13.97992 13.97992 13.97992 13.97992 12.436 10.48039 2.303081 2.303081 2.303081 2.303081 2.303081 2.303081 2.303081 2.303081 2.303081 2.303081 2.303081 2.714588 19.78573 27.2405 27.2405 27.2405 29.19492 32.82871 27.67013 27.2405 27.2405 27.2405 27.2405 27.2405 27.2405 27.2405 27.24074 29.91961 32.59209 27.41373 27.24446 29.82411 29.44102 30.60513 30.60513 27.71818 22.10878 18.30213 20.10144
0 0 0 0 0 0 0 0 0 0 0 0 0 0 0 0 0 0 0 4.550235 4.009634 4.009634 4.009634 4.141227 12.2764 13.97992 13.97992 13.97992 13.94687 9.277605 2.868103 2.303081 2.303081 2.303081 2.303081 2.303081 2.303081 2.303081 2.303081 2.303081 2.303081 2.303081 2.303081 2.303081 3.725952 22.67401 27.2405 27.2405 27.2405 27.2405 27.2405 27.2405 27.2405 27.2405 27.2405 27.2405 27.2405 27.2405 27.2405 27.2405 24.84343 26.14356 27.2405 23.58872 13.95575 21.37657 25.17323 19.05173 18.05956 18.05956 18.05956
0 0 0 0 0 0 0 0 0 0 0 0 0 0 0 0 0 0 0 0 4.008741 4.009634 4.009634 4.009634 5.52431 12.37955 13.97992 12.73585 5.587523 2.303081 2.303081 2.303081 2.303081 2.303081 2.303081 2.303081 2.303081 2.303081 2.303081 2.303081 2.303081 2.303081 2.303081 2.303081 2.303081 4.833747 25.2023 27.2405 20.1134 18.96445 24.60861 27.07745 27.21245 27.2405 27.2405 27.2405 27.09951 27.03755 23.94822 18.08935 7.871906 7.707458 9.398043 7.748694 7.657715 6.679802 3.215044 3.094184 5.368953 9.758984 12.79325
0 0 0 0 0 0 0 0 0 0 0 0 0 0 0 0 0 0 0 0 2.592211 4.009634 4.009634 4.009634 4.009634 4.080867 7.258782 3.075424 2.303081 2.303081 2.303081 2.303081 2.303081 2.303081 2.303081 2.303081 2.303081 2.303081 2.303081 2.303081 2.303081 2.303081 2.303081 2.303081 2.303081 2.303081 4.558136 5.038939 4.84344 4.503232 6.349488 7.657715 7.724554 8.037017 8.322897 8.106099 7.66187 7.714079 7.657715 7.657715 7.657716 7.657715 7.657715 7.657715 7.596887 3.709569 2.978921 2.978921 2.978921 2.978921 2.978921
0 0 0 0 0 0 0 0 0 0 0 0 0 0 0 0 0 0 0 0 0 3.293579 4.009634 4.009634 3.815169 2.830816 2.303081 2.303081 2.303081 2.303081 2.303081 2.303081 2.303081 2.303081 2.303081 2.303081 2.303081 2.303081 2.303081 2.303081 2.303081 2.303081 2.303081 2.303081 2.303081 2.303081 2.303081 3.004681 4.420681 6.454879 7.657714 7.657714 7.657714 7.657714 7.657714 7.657714 7.657714 7.657714 7.657715 7.657714 7.657714 7.657714 7.657715 7.657714 6.323579 3.267492 2.978921 2.97892 2.97892 2.97892 2.97892
0 0 0 0 0 0 0 0 0 0 0 0 0 0 0 0 0 0 0 0 0 0 3.07186 2.655932 2.313326 2.303081 2.303081 2.303081 2.303081 2.303081 2.303081 2.303081 2.303081 2.303081 2.303081 2.303081 2.303081 2.303081 2.303081 2.303081 2.303081 2.303081 2.303081 2.303081 2.303081 2.303081 2.303081 2.784176 4.420681 6.831899 7.657715 7.576977 7.464328 7.657715 7.657715 7.657714 7.657715 7.657715 7.657715 7.657715 7.657715 7.657715 7.657715 7.657715 7.657715 7.059307 4.543761 2.981236 2.978921 2.978921 2.978921
0 0 0 0 0 0 0 0 0 0 0 0 0 0 0 0 0 0 0 0 0 0 1.806978 2.303081 2.303081 2.303081 2.303081 2.303081 2.303081 2.303081 2.303081 2.303081 2.303081 2.303081 2.303081 2.303081 2.303081 2.303081 2.303081 2.303081 2.303081 2.303081 2.303081 2.303081 2.303081 2.303081 2.303081 3.298662 4.420681 4.609806 5.496111 4.585975 4.664009 7.237816 7.657715 7.657714 7.657715 7.657715 7.657715 7.657715 7.657715 7.657715 7.657715 7.657715 7.657715 7.657714 7.657715 4.142496 2.978921 2.978921 2.978921
0 0 0 0 0 0 0 0 0 0 0 0 0 0 0 0 0 0 0 0 0 0 0 2.303081 2.303081 2.303081 2.303081 2.303081 2.303081 2.303081 2.303081 2.303081 2.303081 2.303081 2.303081 2.303081 2.303081 2.303081 2.303081 2.303081 2.303081 2.303081 2.303081 2.303081 2.303081 2.303081 2.303081 3.091593 4.420681 4.420682 4.420681 4.420682 4.420681 4.976798 7.108958 7.657715 7.657715 7.657715 7.657715 7.657715 7.657715 7.657715 7.657715 7.657715 7.657715 7.657715 7.657715 6.538875 2.978921 2.978921 2.978921
0 0 0 0 0 0 0 0 0 0 0 0 0 0 0 0 0 0 0 0 0 0 0 2.303081 2.303081 2.303081 2.303081 2.303081 2.303081 2.303081 2.303081 2.303081 2.303081 2.303081 2.303081 2.303081 2.303081 2.303081 2.303081 2.303081 2.303081 2.303081 2.303081 2.303081 2.303081 2.303081 2.303081 2.796114 4.420681 4.420682 4.420681 4.420682 4.420681 4.420682 5.141432 7.198826 7.657714 7.657715 7.657715 7.657715 7.657715 7.657715 7.657715 7.657715 7.657715 7.657715 7.657715 7.657463 5.969836 3.011898 2.978921
0 0 0 0 0 0 0 0 0 0 0 0 0 0 0 0 0 0 0 0 0 0 0 2.142571 2.303081 2.303081 2.303081 2.303081 2.303081 2.303081 2.303081 2.303081 2.303081 2.303081 2.303081 2.303081 2.303081 2.303081 2.303081 2.303081 2.303081 2.303081 2.303081 2.303081 2.303081 2.303081 2.303081 2.610878 4.420681 4.420681 4.420681 4.420681 4.420681 4.420681 4.420681 4.43899 5.924677 7.657715 7.657715 7.657715 7.657715 7.657715 7.657715 7.657715 7.657715 7.657715 7.657715 7.657715 7.657715 10.16831 11.15664
0 0 0 0 0 0 0 0 0 0 0 0 0 0 0 0 0 0 0 0 0 0 0 0 2.303081 2.303081 2.303081 2.303081 2.303081 2.303081 2.303081 2.303081 2.303081 2.303081 2.303081 2.303081 2.303081 2.303081 2.303081 2.303081 2.303081 2.303081 2.303081 2.303081 2.303081 2.303081 2.303081 2.335807 4.296958 4.420681 4.420681 4.420681 4.420681 4.420681 4.420681 4.420681 4.469153 6.919861 7.657715 7.657714 7.657715 7.657714 7.657715 7.657714 7.657715 7.657714 7.657715 7.657714 7.657715 7.657715 11.01584
17.88378 0 0 0 0 0 0 0 0 0 0 0 0 0 0 0 0 0 0 0 0 0 0 0 0 1.518168 2.074531 2.303081 2.303081 2.303081 2.303081 2.303081 2.303081 2.303081 2.303081 2.303081 2.303081 2.303081 2.303081 2.303081 2.303081 2.303081 2.303081 2.303081 2.303081 2.303081 2.303081 2.303081 3.764562 4.420681 4.420681 4.420681 4.420681 4.420681 4.420681 4.420681 4.420681 4.662754 6.898594 7.657715 7.657714 7.657715 7.657714 7.657715 7.657714 7.657715 7.657714 7.657715 7.657714 7.657714 7.657715
17.88378 17.88378 17.88378 17.88378 0 0 0 0 0 0 0 0 0 0 0 0 0 0 0 0 0 0 0 0 0 0 0 0 1.7095 2.263216 2.303081 2.303081 2.303081 2.303081 2.303081 2.303081 2.303081 2.303081 2.303081 2.303081 2.303081 2.303081 2.303081 2.303081 2.303081 2.303081 2.303081 2.303081 3.412637 4.420681 4.420681 4.420681 4.420681 4.420681 4.420681 4.420681 4.420681 4.420681 4.517429 5.296235 7.227002 7.657715 7.657714 7.657715 7.657714 7.657714 7.657714 7.657714 7.657714 7.657715 7.657715
17.88378 17.88378 17.88379 0 0 0 0 0 0 0 0 0 0 0 0 0 0 0 0 0 0 0 0 0 0 0 0 0 0 0 1.461469 2.303081 2.303081 2.303081 2.303081 2.303081 2.303081 2.303081 2.303081 2.303081 2.303081 2.303081 2.303081 2.303081 2.303081 2.303081 2.303081 2.303081 2.827347 4.420681 4.420681 4.420681 4.420681 4.420681 4.420681 4.420681 4.420681 4.420681 4.420681 4.420681 6.505436 7.657715 7.657714 7.657715 7.657714 7.657715 7.657714 7.657715 7.657714 7.657714 7.657715
17.88378 17.88378 22.70781 0 0 0 0 0 0 0 0 0 0 0 0 0 0 0 0 0 0 0 0 0 0 0 0 0 0 0 0 2.303066 2.303081 2.303081 2.303081 2.303081 2.303081 2.303081 2.303081 2.303081 2.303081 2.303081 2.303081 2.303081 2.303081 2.303081 2.303081 2.303081 2.335397 4.308495 4.420681 4.420681 4.420681 4.420681 4.420681 4.420681 4.420681 4.420681 4.420681 4.420681 4.478582 6.1647 7.641683 7.657715 7.657715 7.657715 7.657715 7.657715 7.657716 7.657715 7.657715
17.88378 17.88378 37.5499 0 0 0 0 0 0 0 0 0 0 0 0 0 0 0 0 0 0 0 0 0 0 0 0 0 0 0 0 0 2.276564 2.303081 2.303081 2.303081 2.303081 2.303081 2.303081 2.303081 2.303081 2.303081 2.303081 2.303081 2.303081 2.303081 2.303081 2.303081 2.303081 3.909893 4.420681 4.420681 4.420681 4.420681 4.420681 4.420681 4.420681 4.420681 4.420681 4.420681 4.420681 4.420681 5.403461 7.456273 7.657714 7.657715 7.657714 7.657715 7.657715 7.657715 7.657715
17.88378 17.88378 51.14349 0 0 0 0 0 0 0 0 0 0 0 0 0 0 0 0 0 0 0 0 0 0 0 0 0 0 0 0 0 0 2.282794 2.303081 2.303081 2.303081 2.303081 2.303081 2.303081 2.303081 2.303081 2.303081 2.303081 2.303081 2.303081 2.303081 2.303081 2.303081 3.522354 4.420681 4.420681 4.420681 4.420681 4.420681 4.420681 4.420681 4.420681 4.420681 4.420681 4.420681 4.420681 4.420681 4.876441 7.072377 7.657715 7.657715 7.657714 7.657715 7.657715 7.657715
17.88378 17.88379 0 0 0 0 0 0 0 0 0 0 0 0 0 0 0 0 0 0 0 0 0 0 0 0 0 0 0 0 0 0 0 0 2.295402 2.303081 2.303081 2.303081 2.303081 2.303081 2.303081 2.303081 2.303081 2.303081 2.303081 2.303081 2.303081 2.303081 2.303081 2.994499 4.420681 4.420681 4.420681 4.420681 4.420681 4.420681 4.420681 4.420681 4.420681 4.420681 4.420681 4.420681 4.420681 4.420681 4.527272 6.177869 7.62051 7.657715 7.657714 7.657714 7.657714
17.88378 17.9764 0 0 0 0 0 0 0 0 0 0 0 0 0 0 0 0 0 0 0 0 0 0 0 0 0 0 0 0 0 0 0 0 1.492489 2.303081 2.303081 2.303081 2.303081 2.303081 2.303081 2.303081 2.303081 2.303081 2.303081 2.303081 2.303081 2.303081 2.303081 2.524278 4.420681 4.420681 4.420681 4.420681 4.420681 4.420681 4.420681 4.420681 4.420681 4.420681 4.420681 4.420681 4.420681 4.420681 4.420681 4.420681 5.148791 6.558274 6.769669 7.641968 7.657715
17.88378 24.24743 0 0 0 0 0 0 0 0 0 0 0 0 0 0 0 0 0 0 0 0 0 0 0 0 0 0 0 0 0 0 0 0 0 1.90853 2.303081 2.303081 2.303081 2.303081 2.303081 2.303081 2.303081 2.303081 2.303081 2.303081 2.303081 2.303081 2.303081 2.304758 4.251784 4.420681 4.420681 4.420681 4.420681 4.420681 4.420681 4.420681 4.420681 4.420681 4.420681 4.420681 4.420681 4.420681 4.420681 4.420681 4.420681 4.420681 4.420681 4.763732 5.132699
17.88378 18.18762 0 0 0 0 0 0 0 0 0 0 0 0 0 0 0 0 0 0 0 0 0 0 0 0 0 0 0 0 0 0 0 0 0 0 2.303081 2.303081 2.303081 2.303081 2.303081 2.303081 2.303081 2.303081 2.303081 2.303081 2.303081 2.303081 2.303081 2.303081 3.587457 4.420681 4.420681 4.420681 4.420681 4.420681 4.420681 4.420681 4.420681 4.420681 4.420681 4.420681 4.420681 4.420681 4.420681 4.420681 4.420681 4.420682 3.900689 3.689043 4.352176
17.88378 20.46609 0 0 0 0 0 0 0 0 0 0 0 0 0 0 0 0 0 0 0 0 0 0 0 0 0 0 0 0 0 0 0 0 0 0 2.303081 2.303081 2.303081 2.303081 2.303081 2.303081 2.303081 2.303081 2.303081 2.303081 2.303081 2.303081 2.303081 2.303081 2.645229 4.410017 4.420681 4.420681 4.420681 4.420681 4.420681 4.420681 4.420681 4.420681 4.420681 4.420681 4.420681 4.420681 4.420681 3.978582 2.715293 1.581427 0.5946643 0.3838921 1.829683
17.88378 26.71838 0 0 0 0 0 0 0 0 0 0 0 0 0 0 0 0 0 0 0 0 0 0 0 0 0 0 0 0 0 0 0 0 0 0 2.2797 2.303081 2.303081 2.303081 2.303081 2.303081 2.303081 2.303081 2.303081 2.303081 2.303081 2.303081 2.303081 2.303081 2.303081 3.783501 4.420681 4.420681 4.420681 4.420681 4.420681 4.420681 4.420681 4.420681 4.420681 4.420681 4.420681 4.008015 2.719361 0.4782865 0.3832073 0.3832074 0.3832073 0.3832073 0.3844938
17.88378 20.90377 0 0 0 0 0 0 0 0 0 0 0 0 0 0 0 0 0 0 0 0 0 0 0 0 0 0 0 0 0 0 0 0 0 0 2.113437 2.303081 2.303081 2.303081 2.303081 2.303081 2.303081 2.303081 2.303081 2.303081 2.303081 2.303081 2.303081 2.303081 2.303081 2.821905 4.420681 4.420681 4.420681 4.420681 4.420681 4.420681 4.416616 3.84757 2.878916 1.91037 0.941932 0.3860765 0.3832073 0.3832073 0.3832073 0.3832073 0.3832073 0.3832073 0.3832073
17.88378 24.26784 0 0 0 0 0 0 0 0 0 0 0 0 0 0 0 0 0 0 0 0 0 0 0 0 0 0 0 0 0 0 0 0 0 0 1.922922 2.303081 2.303081 2.303081 2.303081 2.303081 2.303081 2.303081 2.303081 2.303081 2.303081 2.303081 2.303081 2.303081 2.303081 2.311429 4.149413 4.420681 4.054364 3.320995 2.587687 1.74687 0.7827383 0.3832073 0.3832073 0.3832073 0.3832073 0.3832073 0.3832073 0.3832073 0.3832073 0.3832073 0.3832073 0.3832073 0.3832073
17.88378 23.56571 0 0 0 0 0 0 0 0 0 0 0 0 0 0 0 0 0 0 0 0 0 0 0 0 0 0 0 0 0 0 0 0 0 0 1.732408 2.303081 2.303081 2.303081 2.303081 2.303081 2.303081 2.303081 2.303081 2.303081 2.303081 2.303081 2.249316 1.938724 1.59471 1.250726 1.235175 0.7501507 0.3832074 0.3832073 0.3832074 0.3832073 0.3832073 0.3832073 0.3832073 0.3832073 0.3832074 0.3832073 0.3832074 0.3832074 0.3832073 0.3832073 0.3832073 0.3832073 0.3832073
17.88378 17.88378 36.81292 0 0 0 0 0 0 0 0 0 0 0 0 0 0 0 0 0 0 0 0 0 0 0 0 0 0 0 0 0 0 0 0 0 1.541893 2.303081 2.303081 2.303081 2.303081 2.303081 2.244041 1.958016 1.649592 1.341191 1.032813 0.7068108 0.416641 0.3832074 0.3832073 0.3832073 0.3832073 0.3832073 0.3832073 0.3832073 0.3832074 0.3832073 0.3832073 0.3832073 0.3832073 0.3832073 0.3832073 0.3832073 0.3832073 0.3832073 0.3832073 0.3832073 0.3832074 0.3832073 0.3832073
17.88378 17.88379 17.88378 32.68468 0 0 0 0 0 0 0 0 0 0 0 0 0 0 0 0 0 0 0 0 0 0 0 0 0 0 0 0 0 0 0 0 0 1.888471 1.580052 1.271656 0.9632832 0.6549333 0.4056189 0.3832073 0.3832073 0.3832073 0.3832073 0.3832073 0.3832073 0.3832074 0.3832073 0.3832073 0.3832074 0.3832074 0.3832074 0.3832074 0.3832074 0.3832074 0.3832073 0.3832074 0.3832074 0.3832074 0.3832073 0.3832074 0.3832074 0.3832074 0.3832073 0.3832073 0.3832073 0.3832074 0.3832074
17.88379 17.88379 17.88378 17.88379 0 0 0 0 0 0 0 0 0 0 0 0 0 0 0 0 0 0 0 0 0 0 0 0 0 0 0 0 0 0 0 0 0 0 0.3882629 0.3832074 0.3832073 0.3832073 0.3832073 0.3832074 0.3832074 0.3832074 0.3832073 0.3832073 0.3832073 0.3832074 0.3832073 0.3832074 0.3832073 0.3832074 0.3832074 0.3832074 0.3832073 0.3832074 0.3832073 0.3832074 0.3832074 0.3832074 0.3832073 0.3832074 0.3832073 0.3832073 0.3832073 0.3832073 0.3832074 0.3832074 0.3832074
17.88379 17.88379 17.88379 28.95338 0 0 0 0 0 0 0 0 0 0 0 0 0 0 0 0 0 0 0 0 0 0 0 0 0 0 0 0 0 0 0 0 0 0 0 0.4264903 0.3832998 0.3832073 0.3832073 0.3832073 0.3832073 0.3832073 0.3832073 0.3832073 0.3832073 0.3832073 0.3832073 0.3832073 0.3832073 0.3832073 0.3832073 0.3832073 0.3832073 0.3832073 0.3832073 0.3832073 0.3832073 0.3832073 0.3832073 0.3832073 0.3832073 0.3832073 0.3832073 0.3832073 0.3832073 0.3832073 0.3832073
