Scenarios/Global_Grid/data/country_data_population_distribution/processed/density_grids/tun.asc
ncols 110
nrows 182
xllcorner 7
yllcorner 30
[rows 62 to 92 of 182, columns 0 to 70 of 110]
0 0 0 0 0 0 0 0 0 0 0 0 0 0 0 0 0 0 0 0 0 0 0 0 0 0 0 0 0 0 0 0 0 0 0 0 56.42134 56.42134 56.42134 56.42134 56.42134 56.42134 54.83904 28.56308 25.31188 25.31188 24.35139 21.65393 21.4224 21.4224 21.4224 21.4224 21.4224 21.4224 22.93156 65.80711 81.18961 81.2989 81.2989 81.2989 96.67553 183.6542 182.478 71.19477 64.21948 64.62146 65.14861 65.0358 64.54087 64.37271 66.0165
0 0 0 0 0 0 0 0 0 0 0 0 0 0 0 0 0 0 0 0 0 0 0 0 0 0 0 0 0 0 0 0 0 0 0 49.42743 56.42134 56.42134 56.42133 56.42134 56.42133 56.42134 53.26291 25.31188 25.31188 24.34562 21.81149 21.4224 21.4224 21.4224 21.4224 21.4224 21.52131 35.50973 48.37411 81.29488 81.2989 81.2989 81.2989 81.2989 81.78106 142.0167 152.3061 64.14548 64.1469 65.60826 66.16854 66.1871 66.70371 67.0621 67.1335
0 0 0 0 0 0 0 0 0 0 0 0 0 0 0 0 0 0 0 0 0 0 0 0 0 0 0 0 0 0 0 0 0 0 45.2796 56.42134 56.42134 55.77667 41.89518 40.67461 54.00973 56.42134 56.09142 44.03347 27.64726 22.32218 21.4224 21.4224 21.4224 21.4224 21.4224 21.4224 23.91794 44.82769 49.95194 60.78907 67.39069 70.48051 81.2989 81.51396 167.8172 183.6542 182.6102 71.46698 65.81908 66.13628 66.16854 66.52288 67.1335 67.1335 67.1335
0 0 0 0 0 0 0 0 0 0 0 0 0 0 0 0 0 0 0 0 0 0 0 0 0 0 0 0 0 0 0 0 0 0 0 37.78633 35.8105 27.60214 26.17722 26.17722 27.1657 39.26519 36.85215 29.25064 26.17722 25.16817 21.48562 21.4224 21.4224 21.4224 21.4224 21.45916 29.4862 43.7874 49.83282 49.83282 49.83282 66.98682 81.13709 81.60987 104.8415 152.757 183.6542 88.10809 66.16854 66.16854 66.16854 66.8164 67.13351 67.13351 67.13351
0 0 0 0 0 0 0 0 0 0 0 0 0 0 0 0 0 0 0 0 0 0 0 0 0 0 0 0 0 0 0 0 0 0 0 26.17722 26.17722 26.17722 26.17722 26.17722 26.17722 26.17722 26.17722 26.17722 26.17722 26.17722 24.66574 22.81526 21.4224 21.87063 32.68123 44.6517 49.83282 49.83282 49.83282 49.83282 49.83282 49.86796 64.99357 81.29891 81.29891 98.54855 153.4024 67.0308 66.16854 66.16854 66.16854 66.90684 67.13351 67.1335 67.13351
0 0 0 0 0 0 0 0 0 0 0 0 0 0 0 0 0 0 0 0 0 0 0 0 0 0 0 0 0 0 0 0 0 0 0 26.01995 26.17722 26.17722 26.17722 26.17722 26.17722 26.17722 26.17722 26.17722 26.17722 26.17722 26.17722 25.76493 23.98868 25.88683 28.89865 48.52334 49.83282 49.83282 49.83282 49.83282 49.83282 49.83282 51.18204 80.58427 81.2989 80.92023 58.0938 54.71777 57.00515 60.15069 62.17094 47.07742 53.17133 66.50897 67.1335
0 0 0 0 0 0 0 0 0 0 0 0 0 0 0 0 0 0 0 0 0 0 0 0 0 0 0 0 0 0 0 0 0 0 0 24.04166 25.41358 26.15462 26.17722 26.17722 26.17722 26.17722 26.17722 26.17722 26.17587 26.13242 26.08145 26.03084 26.03038 26.03038 26.03038 32.51651 49.02324 49.83282 49.83282 49.19172 49.83282 49.83282 49.83282 62.11625 64.99506 50.97217 45.03344 45.03344 44.07466 41.45194 40.5146 40.34577 40.34577 56.12823 67.13351
0 0 0 0 0 0 0 0 0 0 0 0 0 0 0 0 0 0 0 0 0 0 0 0 0 0 0 0 0 0 0 0 0 0 34.06828 24.07709 24.07709 24.2776 25.02516 25.94191 51.89068 28.28145 26.17722 28.43928 26.05922 26.03038 26.03038 26.03038 26.03038 26.03038 25.20749 18.99513 29.46079 40.92338 26.62822 33.31568 51.43327 51.90537 50.83338 45.56299 45.03344 45.03344 45.03344 45.03344 45.03344 42.17956 40.34577 40.34577 40.34577 44.54768 56.96127
102.9973 0 0 0 0 0 0 0 0 0 0 0 0 0 0 0 0 0 0 0 0 0 0 0 0 0 0 0 0 0 0 0 0 0 37.35546 24.07709 24.07709 24.07709 24.07709 24.17522 77.51591 101.265 70.9683 114.7954 29.12843 26.03038 25.88604 25.77597 26.03038 26.03038 22.5264 18.81662 18.81662 18.81662 19.78143 47.11433 52.13122 52.13122 49.9231 45.03344 45.03344 45.03344 45.03344 45.02837 42.06242 40.59279 40.34577 40.34577 40.34577 40.3195 38.73784
0 0 0 0 0 0 0 0 0 0 0 0 0 0 0 0 0 0 0 0 0 0 0 0 0 0 0 0 0 0 0 0 0 39.93813 24.16616 24.07709 24.07709 24.07709 24.07709 24.07709 94.0773 138.7358 138.7358 138.7358 93.32768 24.62487 20.33003 19.07847 21.09098 23.59987 22.70273 18.86091 19.20621 42.14102 45.54181 52.13122 52.13122 52.13122 49.45795 45.03344 45.03344 45.03344 45.03344 45.03344 41.85977 40.34577 40.34577 40.34577 40.15087 28.38795 23.12321
0 0 0 0 0 0 0 0 0 0 0 0 0 0 0 0 0 0 0 0 0 0 0 0 0 0 0 0 0 0 0 0 34.78215 26.17294 24.07709 24.07709 24.07709 24.07709 24.07709 24.07709 46.26423 130.4927 138.7358 138.7358 138.7358 87.81334 19.59522 18.81662 18.81662 18.81662 18.86519 18.89859 24.79049 52.13122 52.13122 52.13122 52.13122 52.13122 50.05813 46.53195 45.03344 45.03344 45.03344 43.56832 40.7432 40.34578 40.34577 40.34577 35.81725 23.55241 23.12321
0 0 0 0 0 0 0 0 0 0 0 0 0 0 0 0 0 0 0 0 0 0 0 0 0 0 0 0 0 0 0 30.74393 24.07709 24.07709 24.07709 24.07709 24.07709 24.07709 24.07709 24.07709 24.07709 59.25654 115.2576 137.8388 138.7358 138.7358 81.04475 18.81662 18.81662 18.81662 18.81662 22.00864 48.70668 52.13122 52.13122 52.13122 52.13122 52.13122 52.13122 50.98388 45.22891 45.03344 44.18197 41.6942 40.34577 40.34577 40.34577 38.42409 24.20056 23.1232 23.1232
0 0 0 0 0 0 0 0 0 0 0 0 0 0 0 0 0 0 0 0 0 0 0 0 0 0 0 0 0 13.53861 9.475072 29.7616 24.07709 24.43716 24.79557 24.07709 24.07709 24.07709 24.07709 24.07709 24.07709 24.34461 46.17984 107.3008 138.7358 138.7358 134.1488 25.51859 18.81662 62.23243 114.2432 116.4123 71.00239 52.13122 52.13122 52.13122 52.13122 52.13122 52.13122 43.90891 31.26714 31.37266 32.96982 28.70953 30.48239 28.28523 25.74047 23.14193 23.1232 23.1232 23.1232
0 0 0 0 0 0 0 0 0 0 0 0 0 0 0 0 0 0 0 0 0 0 0 0 0 0 0 18.02445 7.880215 7.141233 36.55725 57.76991 52.50885 53.14962 48.2318 27.45608 24.07709 24.07709 24.07709 24.07774 24.07709 100.4981 138.7358 138.7358 138.7358 138.7358 138.7358 96.51109 42.19737 107.434 132.7227 132.7227 120.7824 52.13122 52.13122 52.13122 52.13122 49.72074 35.87653 20.57803 19.60679 19.60679 19.60679 20.37774 23.08726 23.12321 23.12321 23.1232 23.12321 23.12321 23.12321
0 0 0 0 0 0 0 0 0 0 0 0 0 0 0 0 0 0 0 0 0 0 0 0 0 11.65269 7.327705 7.141232 7.141232 7.141233 20.01972 57.39846 57.77018 57.77019 57.77019 55.35073 38.09134 34.32272 38.07232 39.83609 62.83647 138.7255 138.7358 138.7358 138.7358 138.1544 136.6102 134.2898 132.7227 132.7227 132.6857 127.8843 130.6873 66.66508 50.06617 41.95295 33.68821 21.35259 20.28726 19.86297 19.60679 19.60679 19.60679 19.60679 22.01024 23.1232 23.1232 23.1232 23.1232 23.1232 23.1232
0 0 0 0 0 0 0 0 0 0 0 0 0 0 0 0 0 0 0 0 0 0 0 0 0 7.141233 7.141233 7.141233 7.141233 18.77536 57.44053 57.77019 56.35772 48.0626 47.62043 50.90223 45.61702 40.05344 40.05344 57.75934 113.0121 138.7358 138.7358 138.7358 138.7358 136.4052 132.7227 132.5856 113.7089 61.90764 21.98047 20.28881 21.38817 20.32621 20.50817 20.28726 20.28726 20.28726 20.28726 19.95585 19.60679 19.60679 19.60679 19.60679 19.61592 22.63584 23.1232 23.12321 23.1232 23.96768 29.06022
0 0 0 0 0 0 0 0 0 0 0 0 0 0 0 0 0 0 0 0 0 0 0 0 8.659586 7.141233 7.141233 7.175698 7.242951 43.56636 57.77019 57.77019 56.85034 42.1208 40.05344 40.05344 40.05344 40.05344 40.05344 108.1861 138.7358 133.7696 96.82645 79.83445 75.55519 65.35844 54.03611 32.17373 20.28726 20.28726 20.28726 20.28726 20.28726 20.28726 20.28726 20.28726 20.04668 19.83187 19.83371 19.62398 19.60679 19.60679 19.60679 19.60679 19.60679 20.58903 23.1232 23.1232 23.12519 31.58367 41.14457
0 0 0 0 0 0 0 0 0 0 0 0 0 0 0 0 0 0 0 0 0 0 0 0 7.141233 7.141232 7.141233 13.54799 22.92055 46.40728 57.77018 57.77019 57.77018 50.3246 40.05344 40.05344 40.05344 40.05344 40.05344 57.91703 136.4585 57.81675 24.74327 24.74327 24.74327 24.74327 24.74327 23.78591 20.51737 20.28726 20.28726 20.28726 20.28726 20.28726 20.28726 20.28726 20.14384 19.61059 19.60679 19.60679 19.60679 19.60679 19.60679 19.6068 19.60679 18.15441 17.35945 16.58746 17.61543 31.71743 39.39949
0 0 0 0 0 0 0 0 0 0 0 0 0 0 0 0 0 0 0 0 0 0 0 0 7.141232 7.141233 7.141232 7.149384 16.53176 23.04479 43.52346 57.76933 55.17137 44.9562 40.05344 40.05344 40.05344 40.05344 40.05344 40.05344 52.07241 28.17101 25.1864 24.74327 24.74327 24.74327 24.63039 20.68538 20.28726 20.28726 20.28726 20.28726 20.28726 20.28726 20.28726 20.28726 20.28726 19.94591 19.60584 18.39195 17.43783 17.51973 18.50766 18.2415 16.49841 11.46461 10.55766 10.55766 10.55766 27.50217 36.58381
0 0 0 0 0 0 0 0 0 0 0 0 0 0 0 0 0 0 0 0 0 0 0 6.950172 7.141232 7.141233 7.141232 7.141232 7.159869 18.66676 22.76425 32.66958 36.10818 40.04375 40.05344 40.05344 40.05344 40.05344 40.05344 40.05344 40.05344 40.05344 28.6811 24.74327 24.74327 24.74327 24.73377 21.78996 20.46261 20.29136 20.28725 20.28726 20.28725 19.28273 15.82219 16.15658 17.59642 17.16648 12.89131 10.55789 10.55766 10.55766 10.55766 10.55766 10.55766 10.55766 10.55766 10.55766 10.55766 10.55766 10.55766
0 0 0 0 0 0 0 0 0 0 0 0 0 0 0 0 0 0 0 6.79387 7.141233 7.141232 7.141233 7.141232 7.141233 7.141233 7.141233 13.15099 45.9715 34.85891 22.76425 22.76425 22.76425 26.24497 31.13202 38.47278 40.05344 40.05344 40.05344 40.05344 40.05344 40.05344 29.09414 24.74327 24.74327 24.74327 24.74327 24.74327 24.74327 24.5826 21.97917 20.28726 18.34098 11.65357 11.04957 11.04957 11.04957 11.04957 11.04957 10.8869 10.59162 10.55766 10.55766 10.55766 11.94921 13.89691 11.8228 10.59145 10.55766 10.55766 10.55766
0 0 0 0 0 0 0 0 0 0 0 0 0 0 0 0 0 0 5.67835 6.697923 5.922609 5.410373 10.73523 11.91368 11.87739 12.19961 12.67956 33.55032 61.86827 58.79272 23.64574 22.76425 22.76425 22.76425 22.76425 31.43805 40.05344 40.05344 39.98422 37.91484 38.24602 39.94735 28.45275 24.74327 24.2717 22.62426 21.41431 22.04346 20.47218 12.26966 18.95852 18.75914 16.5075 11.13255 11.04957 11.04957 11.04957 11.04957 11.04957 11.25519 16.27859 10.87894 13.00306 20.74159 29.32349 30.60513 30.60513 22.37947 10.55766 10.55766 10.55766
0 0 0 0 0 0 0 0 0 0 0 0 0 0 0 0 0 4.463886 4.335281 4.009634 4.009634 4.347369 13.76626 13.97992 13.97992 13.97992 13.97992 36.97221 61.86827 61.86827 31.84303 22.76425 22.76425 22.76425 22.76425 26.35765 25.45309 22.98609 22.83633 22.76425 22.89775 23.73459 23.82512 15.87968 11.36253 11.04957 11.04957 11.04957 11.04957 11.04957 11.04957 11.04957 11.04957 11.04957 11.04957 11.04957 11.04957 11.04957 17.72357 28.32484 30.60513 30.56502 30.60513 30.60513 30.60513 30.60513 30.60513 30.60362 19.80315 10.55766 10.55766
0 0 0 0 0 0 0 0 0 0 0 0 0 0 0 0 0 3.591661 4.009634 4.009634 4.009634 5.37334 13.97992 13.97992 13.97992 13.97992 13.97992 37.85308 61.86827 61.86827 50.72962 22.76425 22.76425 22.76425 22.76425 22.76425 22.76425 22.76425 22.76425 22.76425 22.76425 22.76425 20.00772 11.13828 11.04957 11.04957 11.04957 11.04957 11.04957 11.04957 11.04957 11.04957 11.04957 11.04957 11.04957 11.04957 11.04957 11.04957 26.67049 30.60513 30.60513 30.60513 30.60513 30.60513 30.60513 30.60513 30.60513 30.60513 30.60473 28.07105 27.09429
0 0 0 0 0 0 0 0 0 0 0 0 0 0 0 0 0 3.771397 4.009634 4.009634 4.009634 5.179997 13.97992 13.97992 13.97992 13.97992 13.97992 33.22925 61.86827 61.86827 61.8483 47.86031 32.68587 22.76425 22.76425 22.76425 22.76425 22.76425 22.76425 22.76425 22.76425 21.09332 11.95398 11.04957 11.04957 11.04957 11.04957 11.04957 11.04957 11.04957 11.04957 11.04957 11.04957 11.04957 11.04957 11.04957 11.04957 11.04957 25.69888 30.60513 30.60513 30.60513 30.60513 30.60513 30.60513 30.60513 30.60513 30.60513 30.60513 30.60513 30.60513
0 0 0 0 0 0 0 0 0 0 0 0 0 0 0 0 0 3.838938 4.009634 4.009634 4.009634 4.0338 12.63125 13.97992 13.97992 13.97992 13.97992 34.00624 61.86827 61.86827 61.86828 61.86828 58.7263 24.28811 22.76425 22.76425 22.76425 22.76425 22.76425 22.76425 21.90319 12.78668 11.04957 11.04957 11.04957 11.04957 11.04957 11.04957 11.04957 11.04957 11.04957 11.04957 11.04957 11.04957 11.04957 11.04957 11.04957 11.27779 28.8553 30.60513 30.60513 30.60513 30.60513 30.60513 30.60513 30.60513 30.60513 30.60513 30.60513 30.60513 30.60513
0 0 0 0 0 0 0 0 0 0 0 0 0 0 0 0 0 4.17122 4.009634 4.009634 4.009634 4.436167 12.66621 13.97992 13.97992 13.97992 13.97992 23.97553 60.70696 61.86827 61.86827 61.86827 61.86827 39.94085 22.76425 22.76425 22.76425 22.76425 22.76425 19.86953 12.59229 11.04957 11.04957 11.04957 11.04957 11.04957 11.04957 11.04957 11.04957 11.04957 11.04957 11.04957 11.04957 14.59338 20.30801 22.18829 24.06852 26.06549 31.89797 30.60513 30.60513 30.60513 30.60513 30.60513 30.60513 30.60513 30.60513 30.60513 30.60513 30.60513 30.60513
0 0 0 0 0 0 0 0 0 0 0 0 0 0 0 0 0 6.359382 4.009634 4.009634 4.009634 9.033299 13.97992 13.97992 13.97992 13.97992 13.97992 13.97992 23.12291 60.52799 61.86827 61.86827 61.86827 59.21627 26.3428 22.76425 22.76425 22.32226 16.15799 11.1329 11.04957 11.04957 11.04957 11.04957 11.04957 11.04957 11.04957 11.04957 11.04957 11.04957 11.04957 11.04957 14.89006 42.66061 46.82803 46.82803 46.82803 46.82803 40.89302 30.60513 30.60513 30.60513 30.60513 30.60513 30.60513 30.60513 30.60513 30.60513 30.60513 30.60513 30.60513
0 0 0 0 0 0 0 0 0 0 0 0 0 0 0 0 0 4.741835 4.009634 4.009634 4.009634 8.953749 13.97992 13.97992 13.97992 13.97992 13.97992 13.97992 13.97992 46.03139 61.86827 61.86827 61.86827 61.86827 52.95491 22.95964 18.26937 8.926205 9.938845 11.04957 11.04957 11.04957 11.04957 11.04957 11.04957 11.04957 11.04957 11.04957 11.04957 11.04957 11.04957 17.98364 42.61526 46.82803 46.82803 46.82803 46.82803 46.82803 46.82802 36.46514 30.60513 30.60513 30.60513 30.60513 30.60513 30.60513 30.60513 30.60513 30.60513 30.60513 30.60513
0 0 0 0 0 0 0 0 0 0 0 0 0 0 0 0 0 0 5.215022 4.009634 4.009634 9.902394 13.97992 13.97992 13.97992 13.97992 13.97992 13.97992 13.97992 21.78098 60.87438 61.86827 61.86827 61.86827 60.54176 20.28128 2.584527 2.303081 2.31975 4.007575 6.806016 9.604894 11.0492 11.04957 11.04957 11.04957 11.04957 11.04957 13.20751 23.28384 29.05768 34.52225 46.78871 46.82803 46.82803 46.82803 46.82804 46.82803 46.82804 44.60842 31.27625 30.60513 30.60513 30.60513 30.60513 30.60513 30.60513 30.60513 30.60513 30.60513 30.60513
0 0 0 0 0 0 0 0 0 0 0 0 0 0 0 0 0 0 8.320037 4.009634 4.009634 9.499896 13.97992 13.97992 13.97992 13.97992 13.97992 13.97992 13.97992 13.97992 40.93223 61.86827 61.86827 51.60988 13.69691 2.303081 2.303081 2.303081 2.303081 2.303081 2.303081 2.303081 11.81887 19.87068 14.75074 11.14865 11.04957 11.04957 18.07928 46.82804 46.65178 37.15559 29.25065 28.95427 33.08162 41.52045 46.82803 46.82804 46.82804 46.82804 35.80029 31.06195 30.60513 30.60513 30.60513 30.60513 30.60513 30.60513 30.60513 30.60513 30.60513
