Scenarios/Global_Grid/data/country_data_population_distribution/processed/density_grids/uzb.asc
ncols 411
nrows 206
xllcorner 56
yllcorner 37
[rows 105 to 139 of 206, columns 240 to 319 of 411]
8.584234 8.584234 8.584234 8.584234 8.584234 8.584234 8.584234 8.584234 8.584234 8.584234 8.584234 8.584234 8.584234 8.584234 8.584234 8.584234 8.584234 8.584234 8.584234 8.584234 8.584234 8.584234 43.89076 69.60799 69.60799 69.60799 69.60799 69.60799 69.60799 69.60799 69.60799 69.60799 69.60799 69.60799 69.60799 67.64701 61.71365 69.44353 69.60799 69.59632 68.64858 67.10897 65.59295 64.25443 62.95237 59.41092 0 0 0 0 0 0 0 0 0 0 0 0 0 0 0 0 0 0 0 0 0 0 0 0 0 0 0 0 149.8149 190.5983 190.5983 190.5983 190.5983 190.5983
8.584234 8.584234 8.584234 8.584234 8.584234 8.584234 8.584234 8.584235 8.584234 8.584234 8.584234 8.584234 8.584234 8.584234 8.584234 8.584234 8.584234 8.584234 8.584235 8.584234 8.584234 8.584234 59.07364 69.60799 69.60799 69.60799 69.60799 69.60799 69.60799 69.60799 69.60799 69.60799 69.60799 69.60799 69.60799 69.60799 69.60799 69.60799 69.60799 69.60799 69.60799 69.60799 69.60799 69.60799 69.60799 69.60799 69.60799 49.14308 0 0 0 0 0 0 0 0 0 0 0 0 0 0 0 0 0 0 0 0 0 0 0 0 0 187.5631 190.5983 190.5983 190.5983 190.5983 190.5983 367.1759
8.584234 8.584233 8.584234 8.584234 8.584234 8.584234 8.584233 8.584233 8.584234 8.584234 8.584233 8.584233 8.584233 8.584234 8.584234 8.584234 8.584234 8.584233 24.57614 54.07028 54.71505 56.6755 68.58438 69.60799 69.60799 69.60799 69.608 69.60799 69.60799 69.60799 69.608 69.60799 69.608 69.60799 69.60799 69.60799 69.608 69.60799 69.608 69.60799 69.60799 69.60799 69.60799 69.60799 69.60799 69.60799 69.608 69.60799 60.05875 0 0 0 174.0988 0 0 0 0 0 0 0 0 0 0 0 0 0 0 0 0 0 0 0 189.5872 190.5983 190.5983 190.5983 190.5983 190.5983 190.5983 192.5844
8.584234 8.584234 8.584234 8.584233 8.584234 8.584234 8.584234 8.584233 8.584234 8.584234 8.584234 8.584233 8.584233 8.584233 8.584233 8.584234 8.584234 8.584234 24.06112 69.60799 69.60799 69.60799 69.60799 69.60799 69.60799 69.60799 69.60799 69.60799 69.60799 69.60799 69.60799 69.60799 69.60799 69.60799 69.60799 69.60799 69.60799 69.60799 69.60799 69.60799 69.60799 69.60799 69.60799 69.60799 69.60799 69.60799 69.60799 69.60799 69.60799 69.60799 69.60799 69.60799 0 0 0 0 0 0 0 0 0 0 0 0 0 0 0 0 0 0 0 182.3208 190.5983 190.5983 190.5983 190.5983 190.5983 190.5983 190.5983 190.5983
8.584234 8.584234 8.584234 8.584234 8.584233 8.584233 8.584234 8.584234 8.584234 0 0 0 0 0 8.584234 8.584233 8.584234 8.584233 19.06079 69.60799 69.60799 69.60799 69.60799 69.60799 69.60799 69.60799 69.60799 69.60799 69.60799 69.60799 69.60799 69.60799 69.60799 69.60799 69.60799 69.60799 69.60799 69.60799 69.60799 69.60799 69.60799 69.60799 69.60799 69.60799 69.60799 69.60799 69.60799 69.60799 69.60799 69.60799 69.60799 69.60799 0 0 0 0 0 0 0 0 0 0 0 0 0 0 0 0 0 0 173.1445 190.5983 190.5983 190.5983 190.5983 190.5983 190.5983 190.5983 190.5983 190.5983
8.584233 8.584234 8.584233 8.584232 0 0 0 0 0 0 0 0 0 0 0 0 0 8.584234 0 0 69.60799 69.60799 69.60799 69.60799 69.60799 69.60799 69.60799 69.60799 69.60799 69.60799 69.60799 69.60799 69.60799 69.60799 69.60799 69.60799 69.608 69.60799 69.608 69.60799 69.608 69.60799 69.608 69.60799 69.60799 69.60799 69.608 69.60799 69.608 69.60799 69.60799 90.86082 0 0 0 0 0 0 0 0 0 0 0 0 181.8469 176.5735 170.8345 118.9414 0 0 190.5983 190.5983 190.5983 190.5983 190.5983 190.5983 190.5983 190.5983 190.5983 190.5983
8.584234 8.584234 8.584233 8.584234 8.584234 8.584233 8.584233 8.584233 0 8.584233 8.584233 8.584233 8.584234 8.584233 8.584233 8.584233 8.584234 0 0 0 0 0 0 69.60799 69.60799 69.60799 69.60799 69.60799 69.60799 69.60799 69.60799 69.60799 69.60799 69.60799 69.60799 69.60799 69.60799 69.60799 69.608 69.60799 69.608 69.60799 69.608 69.60799 69.60799 69.60799 69.608 69.60799 69.60799 69.60799 69.60799 83.3905 0 0 0 0 0 0 0 0 0 0 0 0 0 185.9319 185.9319 147.2932 184.2168 190.5983 190.5983 190.5983 190.5983 190.5983 190.5983 190.5983 190.5983 190.5983 190.5983 190.5983
8.584234 8.584234 8.584234 8.584234 8.584234 8.584234 8.584234 8.584234 8.584233 8.584233 8.584234 8.584234 8.584234 8.584234 8.584234 8.584234 8.584233 8.584234 8.584233 8.584234 8.584233 8.584234 9.241965 69.60799 0 0 69.60799 0 0 69.60799 69.60799 69.60799 69.60799 69.60799 69.60799 69.60799 69.60799 69.60799 69.60799 69.60799 69.60799 69.60799 69.60799 69.60799 69.60799 69.60799 69.60799 69.60799 69.60799 90.56054 0 0 0 0 0 0 0 0 0 0 0 0 0 0 0 185.9319 185.9319 185.9319 186.6396 189.8871 190.5983 190.5983 190.5983 190.5983 190.5983 190.5983 190.5983 190.5983 190.5983 190.5983
8.584234 8.584234 8.584234 8.584234 8.584234 8.584234 8.584234 8.584234 8.584234 8.584234 8.584234 8.584234 8.584234 8.584234 8.584234 8.584234 8.584234 8.584234 8.584234 8.584234 8.584234 8.584233 25.03409 69.60799 69.60799 69.60799 69.60799 0 0 0 0 69.60799 69.60799 69.60799 69.60799 69.60799 69.60799 69.60799 69.60799 69.60799 69.60799 69.60799 69.60799 69.60799 69.60799 69.60799 69.60799 69.60799 69.60799 117.8709 0 0 0 0 0 0 0 0 0 0 0 0 0 0 0 185.9319 185.9319 185.9319 185.9319 186.1918 189.4383 190.5983 190.5983 190.5983 190.5983 190.5983 190.5983 190.5983 190.5983 190.5983
8.584234 8.584233 8.584234 8.584233 8.584234 8.584233 8.584234 8.584233 8.584234 8.584233 8.584234 8.584233 8.584234 8.584233 8.584234 8.584234 8.584233 8.584234 8.584233 8.584234 8.584233 8.584234 11.13951 67.56618 69.60799 69.60799 69.60799 69.60799 69.60799 0 0 0 0 69.60799 69.60799 69.60799 69.60799 69.60799 69.60799 69.60799 69.60799 69.60799 69.60799 69.60799 69.60799 69.60799 69.60799 69.60799 69.60799 70.22923 101.1815 0 0 0 0 0 0 0 0 0 0 0 0 0 0 185.9319 185.9319 185.9319 185.9319 185.9319 185.9945 188.3831 190.5903 190.5983 190.5983 190.5983 190.5983 190.5983 190.5983 190.5983
8.584234 8.584234 8.584234 8.584234 8.584233 8.584234 8.584234 8.584234 8.584234 8.584234 8.584233 8.584234 8.584233 8.584234 8.584233 8.584234 8.584234 8.584233 8.584234 8.584233 8.584234 8.584234 8.584234 55.52931 69.60799 69.60799 69.60799 69.60799 69.60799 69.60799 69.60799 69.60799 69.60799 69.60799 69.60799 0 0 0 69.60799 69.60799 69.60799 69.60799 69.60799 69.60799 69.60799 69.60799 69.608 69.60799 69.60799 69.60799 69.60799 69.60799 74.49999 114.7704 0 0 0 0 0 0 0 0 0 0 0 185.7966 185.9319 185.9319 185.9319 185.9319 185.9319 185.9319 187.0734 190.0531 190.5983 190.5983 190.5983 190.5983 190.5983 190.5983
8.584234 8.584234 8.584235 8.584234 8.584234 8.584234 8.584235 8.584234 8.584234 8.584234 8.584234 8.584234 8.584234 8.584234 8.584234 8.584235 8.584234 8.584234 8.584234 8.584234 8.584234 8.584234 27.83594 69.24501 69.60799 69.608 69.60799 69.608 69.608 69.60799 69.60799 69.608 69.60799 69.60799 69.60799 69.60799 69.60799 69.60799 69.60799 69.60799 69.60799 69.60799 69.60799 69.608 69.60799 69.608 69.60799 69.60799 69.60799 69.608 69.60799 69.608 69.60799 69.608 77.96526 0 0 0 0 0 0 0 0 0 0 0 185.8704 185.9319 185.9319 185.9319 185.9319 185.9319 185.9319 186.233 189.0115 190.5934 190.5983 190.5983 190.5983 190.5983
8.584233 8.584234 8.584234 8.584234 8.584233 8.584234 8.584233 8.584234 8.584233 8.584234 8.584233 8.584233 8.584233 8.584234 8.584233 8.584233 8.584234 8.584233 8.584234 8.584233 8.584234 16.36857 65.73161 69.60799 69.60799 69.60799 69.60799 69.60799 69.60799 69.60799 69.60799 69.60799 69.60799 69.60799 69.60799 69.60799 0 0 69.60799 69.60799 69.60799 69.60799 69.60799 69.60799 69.60799 69.60799 69.60799 69.60799 69.60799 69.60799 69.60799 69.60799 69.60799 69.60799 69.60799 72.66193 118.8545 0 0 0 0 0 0 0 0 0 181.7121 185.9319 185.9319 185.9319 185.9319 185.9319 185.9319 185.9319 185.9319 187.2986 190.0305 190.5983 190.5983 190.5983
8.584234 8.584233 8.584234 8.584233 8.584234 8.584234 8.584234 8.584233 8.584234 8.584233 8.584234 8.584234 8.584234 8.584233 8.584234 8.584234 8.584233 8.584234 8.584234 8.584234 9.150766 55.24064 69.60799 69.60799 69.60799 69.60799 69.60799 69.60799 69.60799 69.60799 69.60799 69.60799 69.60799 69.60799 69.60799 69.60799 69.60799 0 69.60799 69.60799 69.60799 69.60799 69.60799 69.60799 69.60799 69.60799 69.60799 69.60799 69.60799 69.60799 69.60799 69.60799 69.60799 69.60799 69.60799 69.60799 69.60799 69.60799 139.1399 0 0 0 0 0 0 0 0 182.0653 185.8807 185.9319 185.9319 185.9319 185.9319 185.9319 185.9319 185.9319 186.1389 188.3603 190.597 190.5983
8.584234 8.584234 8.584234 8.584234 8.584234 8.584234 8.584234 8.584233 8.584234 23.00064 132.5387 93.41511 8.584234 8.584233 8.584234 57.65466 170.8504 43.73261 8.584233 8.584234 36.06589 69.60799 69.60799 69.60799 69.608 69.60799 69.608 69.60799 69.60799 69.60799 69.60799 69.60799 69.608 69.60799 69.60799 69.60799 69.60799 69.60799 0 0 69.60799 69.60799 69.60799 69.60799 69.60799 69.60799 69.60799 69.60799 69.60799 69.60799 69.60799 69.60799 69.60799 69.60799 69.60799 69.60799 121.4823 136.1192 170.3562 185.8062 183.0835 182.5431 0 0 0 0 0 0 183.4463 185.9319 185.9319 185.9319 185.9319 185.9319 185.9319 185.9319 185.9319 185.9319 188.4023 190.5983
8.584233 8.584234 8.584234 8.584233 8.584233 8.584234 8.584233 8.584234 8.584234 150.9125 233.993 232.9415 165.6878 136.3648 176.8108 233.3293 233.993 208.7831 31.73214 18.34048 67.59203 69.60799 69.60799 69.60799 69.60799 69.60799 69.60799 69.60799 69.60799 69.60799 69.60799 69.60799 69.60799 69.60799 69.60799 69.60799 69.60799 69.60799 69.60798 69.60799 0 0 69.60799 69.60799 69.60799 69.60799 69.60799 69.60799 69.60799 69.60799 69.60799 69.60799 69.60799 69.60799 69.60799 73.4852 185.5364 185.9319 185.9319 185.9319 185.9319 185.9319 182.4602 0 0 181.9453 182.5238 185.54 185.9319 185.9319 185.9319 185.9319 185.9319 185.9319 185.9319 185.9319 185.9319 185.9319 186.6437 190.5983
8.584234 8.584234 8.584234 8.584235 8.584234 8.584235 8.584234 8.584235 58.75646 233.1221 233.993 233.993 233.993 233.993 233.993 233.993 233.993 233.993 141.3587 56.48592 69.608 69.60799 69.60799 69.60799 69.60799 69.60799 69.608 69.60799 69.60799 69.60799 69.608 69.60799 69.608 69.60799 69.60799 69.60799 69.608 69.60799 69.60799 69.60799 69.60799 69.60799 69.60799 69.60799 69.608 69.60799 69.608 69.60799 69.60799 69.60799 69.608 69.60799 69.608 69.60799 69.60799 78.8848 124.4006 171.1026 185.9319 185.9319 185.9319 185.9319 185.9319 185.9319 185.9319 185.9319 185.9319 185.9319 185.9319 185.9319 185.9319 185.9319 185.9319 185.9319 185.9319 185.9319 185.9319 185.9319 187.4014 190.5983
8.584233 8.584233 8.584233 8.584233 8.584233 8.584233 8.584233 8.584233 124.2965 233.993 233.993 233.993 233.993 233.993 233.993 233.993 233.993 233.993 230.6295 202.5199 186.5077 173.5418 160.6068 154.226 152.7907 106.656 69.60799 69.60799 69.60799 69.60799 69.60799 69.60799 69.60799 69.60799 69.60799 69.60799 69.60799 69.60799 69.60799 69.60799 69.60799 69.60799 69.60799 69.60799 69.60799 69.60799 69.60799 69.60799 69.60799 69.60799 69.60799 69.60799 69.60799 69.60799 69.60799 69.60799 100.1875 185.929 185.9319 185.9319 185.9319 185.9319 185.9319 185.9319 185.9319 185.9319 185.9319 185.9319 185.9319 185.9319 185.9319 185.9319 185.9319 185.9319 185.9319 185.9319 185.9319 185.9319 188.3667 190.5983
8.584234 8.584234 8.584234 8.584234 8.584234 8.584233 8.584234 8.584234 142.3694 233.993 233.993 233.993 233.993 233.993 233.993 233.993 233.993 233.993 233.993 233.993 233.993 233.993 233.993 233.993 233.993 196.6683 69.60799 69.60799 69.60799 69.60799 69.60799 69.60799 69.60799 69.60799 69.60799 69.60799 69.60799 69.60799 69.60799 69.60799 69.60799 69.60799 69.60799 69.60799 69.608 69.60799 69.608 69.60799 69.608 69.60799 69.608 69.60799 69.608 69.60799 69.608 71.86517 166.5717 185.9319 185.9319 185.9319 185.9319 185.9319 185.9319 185.9319 185.9319 185.9319 185.9319 185.9319 185.9319 185.9319 185.9319 185.9319 185.9319 185.9319 185.9319 185.9319 185.9319 185.9319 189.0501 190.5983
8.584234 8.584234 8.584234 8.584233 8.584234 8.584233 8.584234 8.584233 38.17977 233.993 233.993 233.993 233.993 233.993 233.993 233.993 233.993 233.993 233.993 233.993 233.993 233.993 233.993 233.993 233.993 144.9389 69.60799 69.608 69.608 69.608 69.60799 69.608 69.60799 69.608 69.608 69.608 69.60799 69.608 69.60799 69.608 69.60799 69.608 69.60799 69.608 69.60799 69.608 69.60799 69.608 69.60799 69.608 69.60799 69.608 69.60799 69.608 69.60799 122.3055 185.9319 185.9319 185.9319 185.9319 185.9319 185.9319 185.9319 185.9319 185.9319 185.9319 185.9319 185.9319 185.9319 185.9319 185.9319 185.9319 185.9319 185.9319 185.9319 185.9319 185.9319 185.9896 190.2503 190.5983
8.584234 8.584234 8.584233 8.584234 8.584234 8.584234 8.584234 8.584234 64.87561 233.993 233.993 233.993 233.993 233.993 233.993 233.993 233.993 233.993 233.993 233.993 233.993 233.993 233.993 233.993 233.993 124.1724 69.60799 69.60799 69.60799 69.60799 69.60799 69.60799 69.60799 69.60799 69.60799 69.60799 69.60799 69.60799 69.60799 69.60799 69.60799 69.60799 69.60799 69.60799 69.60799 69.60799 69.60799 69.60799 69.60799 69.60799 69.60799 69.60799 69.60799 69.60799 81.56567 180.0799 185.9319 185.9319 185.9319 185.9319 185.9319 185.9319 185.9319 185.9319 185.9319 185.9319 185.9319 185.9319 185.9319 185.9319 185.9319 185.9319 185.9319 185.9319 185.9319 185.9319 185.9319 186.9251 190.5983 190.5983
8.584234 8.584234 8.584235 8.584234 8.584234 8.584234 8.584234 8.584234 107.3825 233.993 233.993 233.993 233.993 233.993 233.993 233.993 233.993 233.993 233.993 233.993 233.993 233.993 233.993 233.993 233.993 137.4652 69.60799 69.60799 69.60799 69.60799 69.60799 69.60799 69.60799 69.60799 69.60799 69.60799 69.60799 69.60799 69.60799 69.60799 69.60799 69.608 69.60799 69.60799 69.60799 69.60799 69.60799 69.608 69.60799 69.60799 69.60799 69.60799 69.60799 69.608 140.6805 185.9319 185.9319 185.9319 185.9319 185.9319 185.9319 185.9319 185.9319 185.9319 185.9319 185.9319 185.9319 185.9319 185.9319 185.9319 185.9319 185.9319 185.9319 185.9319 185.9319 185.9319 185.9319 186.9034 190.5921 190.5983
8.584233 8.584233 8.584233 8.584233 8.584233 8.584233 8.584233 8.66474 165.8294 233.993 233.993 233.993 233.993 233.993 233.993 233.993 233.993 233.993 233.993 233.993 233.993 233.993 233.993 233.993 233.993 178.3248 69.60799 69.60799 69.60799 69.60799 69.60799 69.60799 69.60799 69.60799 69.60799 69.60799 69.60799 69.60799 69.60799 69.60799 69.60799 69.60799 69.60799 69.60799 69.60799 69.60799 69.60799 69.60799 69.60799 69.60799 69.60799 69.60799 69.60799 69.60799 164.8809 185.9319 185.9319 185.9319 185.9319 185.9319 185.9319 185.9319 185.9319 184.9584 168.2243 147.0992 127.1688 129.4273 185.9319 185.9319 185.9319 185.9319 185.9319 185.9319 185.9319 185.9319 185.9319 186.0403 190.583 190.5983
8.584233 8.584234 8.584234 8.584234 8.584233 8.584234 8.584233 74.82058 233.993 233.993 233.993 233.993 233.993 233.993 233.993 233.993 233.993 233.993 233.993 233.993 233.993 233.993 233.993 233.993 233.993 230.3494 145.3585 69.60799 69.60799 69.60799 69.608 69.60799 69.608 69.60799 69.60799 69.60799 69.608 69.60799 69.608 69.60799 69.608 69.60799 69.608 69.60799 69.608 69.60799 69.608 69.60799 69.608 69.60799 69.608 69.60799 69.608 69.60799 100.8457 134.9452 139.049 143.1528 145.414 142.4613 138.647 126.1504 105.5706 77.41668 69.60799 69.608 69.60799 113.471 185.9319 185.9319 185.9319 185.9319 185.9319 186.298 187.7991 188.6976 189.0862 188.804 191.2314 190.8929
8.584234 8.584233 8.584233 8.584233 8.584234 8.584233 8.882685 186.135 233.993 233.993 233.993 233.993 233.993 233.993 233.993 233.993 233.993 233.993 233.993 233.993 233.993 233.993 233.993 233.993 233.993 233.993 233.9462 120.7426 69.60799 69.60799 69.60799 69.60799 69.60799 69.60799 69.60799 69.60799 69.60799 69.60799 69.60799 69.60799 69.60799 69.60799 69.60799 69.60799 69.60799 69.60799 69.60799 69.60799 69.60799 69.60799 69.60799 69.60799 69.60799 69.60799 69.60799 69.60799 69.60799 69.60799 69.60799 69.60799 69.60799 69.60799 69.60799 69.60799 69.60799 69.60799 69.60799 137.6918 187.7964 190.4939 0 0 0 0 0 0 0 0 0 0
8.584233 8.584233 8.584233 8.584233 8.584233 8.584233 45.17957 182.1145 187.1367 233.993 233.993 233.993 233.993 233.993 233.993 233.993 233.993 233.993 233.993 233.993 233.993 233.993 233.993 233.993 233.993 233.993 217.7304 117.1131 69.60799 69.60799 69.60799 69.60799 69.60799 69.60799 69.60799 69.60799 69.60799 69.60799 69.60799 69.60799 69.60799 69.60799 69.60799 69.60799 69.60799 69.60799 69.60799 69.60799 69.60799 69.60799 69.60799 69.60799 69.60799 69.60799 69.60799 69.60799 69.60799 69.60799 69.60799 69.60799 69.60799 69.60799 69.60799 69.60799 75.93573 0 0 0 0 0 0 0 0 124.924 118.5602 137.6501 0 0 0 0
8.584234 8.584234 8.584233 8.584234 8.584234 8.584234 8.584233 32.24574 191.9801 233.993 233.993 233.993 233.993 233.993 233.993 233.993 233.993 233.993 233.993 233.993 233.993 233.993 233.993 233.993 233.993 233.993 147.8973 69.60799 69.608 69.608 69.608 69.608 69.608 69.608 69.608 69.60799 69.608 69.60799 69.608 69.608 69.608 69.60799 69.608 69.608 69.608 69.608 69.608 69.60799 69.60799 69.60799 69.60799 69.608 69.608 69.60799 69.608 69.60799 69.608 69.60799 69.608 69.608 69.60799 69.60799 69.60799 69.608 69.62354 106.6505 0 0 0 105.6799 78.29053 69.608 69.60799 69.608 69.60799 69.608 0 0 0 0
8.584233 8.584234 8.584233 8.584233 8.584233 11.65658 83.20036 215.5983 233.993 233.993 233.993 233.993 233.993 233.993 233.993 233.993 233.993 233.993 233.993 233.993 233.993 233.993 233.993 233.993 233.993 233.993 192.7925 85.67222 69.60799 69.60799 69.60799 69.60799 69.60799 69.60799 69.60799 69.60799 69.60799 69.60799 69.60799 69.60799 69.60799 69.60799 69.60799 69.60799 69.60799 69.60799 69.60799 69.60799 69.60799 69.60799 69.60799 69.60799 69.60799 69.60799 69.60799 69.60799 69.60799 69.60799 69.60799 69.60799 69.60799 69.60799 69.60799 69.60799 69.60799 69.60799 69.60799 69.60799 69.60799 69.60799 69.68499 0 161.0439 0 0 0 0 0 0 0
58.76733 65.85484 100.3682 137.9854 178.1567 219.2166 233.993 233.993 233.993 233.993 233.993 233.993 233.993 233.993 233.993 233.993 233.993 233.993 233.993 233.993 233.993 233.993 233.993 233.993 233.993 233.993 233.993 227.608 159.1637 83.68623 69.60799 69.60799 69.60799 69.60799 69.60799 69.60799 69.60799 69.60799 69.60799 69.60799 69.60799 69.60799 69.60799 69.60799 69.60799 69.60799 69.60799 69.60799 69.60799 69.60799 69.60799 69.60799 69.60799 69.60799 69.60799 69.60799 69.60799 69.60799 69.60799 69.60799 69.60799 69.60799 69.60799 69.60799 69.60799 69.60799 69.60799 69.60799 69.60799 69.60799 69.60799 240.9578 0 0 0 0 0 0 0 0
233.993 233.993 233.993 233.993 233.993 233.993 233.993 233.993 233.993 233.993 233.993 233.993 233.993 233.993 233.993 233.993 233.993 233.993 233.993 233.993 233.993 233.993 233.993 233.993 233.993 233.993 233.993 233.993 233.993 227.7384 186.4802 166.4226 155.5257 139.8777 113.2949 86.24879 69.78757 69.60799 69.60799 69.60799 69.60799 69.60799 69.60799 69.60799 69.60799 69.60799 69.60799 69.60799 69.60799 69.60799 69.60799 69.60799 69.60799 69.60799 69.60799 69.60799 69.60799 69.60799 69.60799 69.60799 69.60799 69.60799 69.60799 69.60799 69.60799 69.60799 69.60799 69.60799 69.60799 69.60799 65.97505 96.77361 0 0 0 0 0 0 0 0
233.993 233.993 233.993 233.993 233.993 233.993 233.993 233.993 233.993 233.993 233.993 233.993 233.993 233.993 233.993 233.993 233.993 233.993 233.993 233.993 233.993 233.993 233.993 233.993 233.993 233.993 233.993 233.993 233.993 233.993 233.993 233.993 233.993 233.993 233.993 233.993 223.4118 196.5563 169.5185 113.3817 69.60799 69.60799 69.60799 69.60799 69.60799 69.60799 69.60799 69.60799 69.60799 69.60799 69.60799 69.60799 69.60799 69.60799 69.60799 69.60799 69.60799 69.60799 69.60799 69.60799 69.60799 69.60799 69.60799 69.60799 69.60799 69.60799 69.60799 69.60799 69.60799 69.60799 68.84906 0 80.47803 0 0 0 0 0 0 0
233.993 233.993 233.993 233.993 233.993 233.993 233.993 233.993 233.993 233.993 233.993 233.993 233.993 233.993 233.993 233.993 233.993 233.993 233.993 233.993 233.993 233.993 233.993 233.993 233.993 233.993 233.993 233.993 233.993 233.993 233.993 233.993 233.993 233.993 233.993 233.993 233.993 233.993 233.993 189.6396 69.60799 69.608 69.60799 69.60799 69.60799 69.60799 69.60799 69.608 69.60799 69.60799 69.60799 69.60799 69.60799 69.608 69.60799 69.60799 69.60799 69.60799 69.60799 69.60799 69.608 69.60799 69.60799 69.60799 69.60799 69.60799 69.608 69.60799 69.60799 69.60799 69.60799 60.32264 56.83994 131.6495 0 0 0 0 0 0
233.993 233.993 233.993 233.993 233.993 233.993 233.993 233.993 233.993 233.993 233.993 233.993 233.993 233.993 233.993 233.993 233.993 233.993 233.993 233.993 233.993 233.993 233.993 233.993 233.993 233.993 233.993 233.993 233.993 233.993 233.993 233.993 233.993 233.993 233.993 233.993 233.993 233.993 233.993 224.5893 71.48862 69.60799 69.60799 69.60799 69.60799 69.60799 69.60799 69.60799 69.60799 69.60799 69.60799 69.60799 69.60799 69.60799 69.60799 69.60799 69.60799 69.60799 69.60799 69.60799 69.60799 69.60799 69.60799 69.60799 69.60799 69.60799 69.60799 61.50471 0 0 65.26017 0 0 0 0 0 0 0 0 0
233.993 233.993 233.993 233.993 233.993 233.993 233.993 233.993 233.993 233.993 233.993 233.993 233.993 233.993 233.993 233.993 233.993 233.993 233.993 233.993 233.993 233.993 233.993 233.993 233.993 233.993 233.993 233.993 233.993 233.993 233.993 233.993 233.993 233.993 233.993 233.993 233.993 230.0086 183.0158 151.4139 75.94949 69.60799 69.60799 69.60799 69.60799 69.60799 69.60799 69.60799 69.60799 69.60799 69.60799 69.60799 69.60799 69.60799 69.60799 69.60799 69.60799 69.60799 69.60799 69.60799 69.60799 69.60799 69.60799 69.60799 69.60799 69.60799 69.60799 56.80952 0 0 0 0 0 0 0 0 0 0 0 0
233.993 233.993 233.993 233.993 233.993 233.993 233.993 233.993 233.993 233.993 233.993 233.993 233.993 233.993 233.993 233.993 233.993 233.993 233.993 233.993 233.993 233.993 233.993 233.993 233.993 233.993 233.993 233.993 233.993 233.993 233.993 233.993 233.993 233.993 233.993 233.993 205.6918 87.94865 69.60799 69.60799 69.60799 69.60799 69.60799 69.60799 69.60799 69.60799 69.60799 69.60799 69.60799 69.60799 69.60799 69.60799 69.60799 69.60799 69.60799 69.60799 69.60799 69.60799 69.60799 69.60799 69.60799 69.60799 69.60799 69.60799 69.60799 69.60799 69.57975 0 0 0 0 0 0 0 0 0 0 0 0 0
