Scenarios/Global_Grid/data/country_data_population_distribution/processed/density_grids/uzb.asc
ncols 411
nrows 206
xllcorner 56
yllcorner 37
[rows 35 to 69 of 206, columns 160 to 239 of 411]
0 0 0 0 0 0 0 0 0 0 0 0 0 0 0 0 0 0 0 0 0 0 0 0 0 0 0 0 0 0 0 0 0 0 0 0 0 0 0 0 0 0 0 0 0 0 0 0 0 0 0 0 0 0 0 0 0 0 0 0 0 0 0 0 0 0 0 0 0 0 0 0 0 0 0 0 0 0 0 0
0 0 0 0 0 0 0 0 0 0 0 0 0 0 0 0 0 0 0 0 0 0 0 0 0 0 0 0 0 0 0 0 0 0 0 0 0 0 0 0 0 0 0 0 0 0 0 0 0 0 0 0 0 0 0 0 0 0 0 0 0 0 0 0 0 0 0 0 0 0 0 0 0 0 0 0 0 0 0 0
0 0 0 0 0 0 0 0 0 0 0 0 0 0 0 0 0 0 0 0 0 0 0 0 0 0 0 0 0 0 0 0 0 0 0 0 0 0 0 0 0 0 0 0 0 0 0 0 0 0 0 0 0 0 0 0 0 0 0 0 0 0 0 0 0 0 0 0 0 0 0 0 0 0 0 0 0 0 0 0
0 0 0 0 0 0 0 0 0 0 0 0 0 0 0 0 0 0 0 0 0 0 0 0 0 0 0 0 0 0 0 0 0 0 0 0 0 0 0 0 0 0 0 0 0 0 0 0 0 0 0 0 0 0 0 0 0 0 0 0 0 0 0 0 0 0 0 0 0 0 0 0 0 0 0 0 0 0 0 0
0 0 0 0 0 0 0 0 0 0 0 0 0 0 0 0 0 0 0 0 0 0 0 0 0 0 0 0 0 0 0 0 0 0 0 0 0 0 0 0 0 0 0 0 0 0 0 0 0 0 0 0 0 0 0 0 0 0 0 0 0 0 0 0 0 0 0 0 0 0 0 0 0 0 0 0 0 0 0 0
0 0 0 0 0 0 0 0 0 0 0 0 0 0 0 0 0 0 0 0 0 0 0 0 0 0 0 0 0 0 0 0 0 0 0 0 0 0 0 0 0 0 0 0 0 0 0 0 0 0 0 0 0 0 0 0 0 0 0 0 0 0 0 0 0 0 0 0 0 0 0 0 0 0 0 0 0 0 0 0
0 0 0 0 0 0 0 0 0 0 0 0 0 0 0 0 0 0 0 0 0 0 0 0 0 0 0 0 0 0 0 0 0 0 0 0 0 0 0 0 0 0 0 0 0 0 0 0 0 0 0 0 0 0 0 0 0 0 0 0 0 0 0 0 0 0 0 0 0 0 0 0 0 0 0 0 0 0 0 0
0 0 0 0 0 0 0 0 0 0 0 0 0 0 0 0 0 0 0 0 0 0 0 0 0 0 0 0 0 0 0 0 0 0 0 0 0 0 0 0 0 0 0 0 0 0 0 0 0 0 0 0 0 0 0 0 0 0 0 0 0 0 0 0 0 0 0 0 0 0 0 0 0 0 0 0 0 0 0 0
0 0 0 0 0 0 0 0 0 0 0 0 0 0 0 0 0 0 0 0 0 0 0 0 0 0 0 0 0 0 0 0 0 0 0 0 0 0 0 0 0 0 0 0 0 0 0 0 0 0 0 0 0 0 0 0 0 0 0 0 0 5.686492 6.081437 0 0 0 0 0 0 0 0 0 0 0 0 0 0 0 0 0
0 0 0 0 0 0 0 0 0 0 0 0 0 0 0 0 0 0 0 0 0 0 0 0 0 0 0 0 0 0 0 0 0 0 0 0 0 0 0 0 0 0 0 0 0 0 0 0 0 0 0 0 0 0 0 0 0 0 6.912278 8.572248 8.584234 8.584234 8.584234 8.559001 0 0 0 0 0 0 0 0 0 0 0 0 0 0 0 0
0 0 0 0 0 0 0 0 0 0 0 0 0 0 0 0 0 0 0 0 0 0 0 0 0 0 0 0 0 0 0 0 0 0 0 0 0 0 0 0 0 0 0 0 0 0 0 0 0 0 0 0 0 0 0 6.988719 8.550168 8.584234 8.584234 8.584234 8.584234 8.584234 8.584234 8.584234 7.760684 0 0 0 0 0 0 0 0 0 0 0 0 0 0 0
0 0 0 0 0 0 0 0 0 0 0 0 0 0 0 0 7.379034 7.744624 8.09894 8.454244 8.584234 8.584234 8.34394 7.570247 6.953043 6.396886 5.830013 5.255253 0 0 0 0 0 0 0 0 0 0 0 0 0 0 0 0 0 0 0 0 0 0 0 0 6.910858 8.557889 8.584234 8.584234 8.584233 8.584234 8.584234 8.584234 8.584234 8.584234 8.584234 8.584234 8.584234 5.839311 0 0 0 0 0 0 0 0 0 0 0 0 0 0
0 0 0 0 0 0 0 0 7.106907 7.513047 7.964712 8.35333 8.582673 8.584234 8.584235 8.584234 8.584235 8.584234 8.584234 8.584234 8.584234 8.584234 8.584235 8.584234 8.584234 8.584234 8.584234 8.584234 8.584234 8.584234 8.584234 8.584234 8.584234 8.584234 8.584234 8.544836 8.167873 7.687388 7.290443 6.918672 6.480699 6.104296 5.869394 5.588429 5.371445 5.129553 0 0 0 6.409892 8.419983 8.584234 8.584234 8.584235 8.584234 8.584234 8.584234 8.584234 8.584234 8.584234 8.584234 8.584233 8.584234 8.584234 8.584234 8.517606 0 0 0 0 0 0 0 0 0 0 0 0 0 0
0 7.135015 7.581552 8.016566 8.422848 8.584233 8.584234 8.584233 8.584234 8.584233 8.584234 8.584234 8.584234 8.584234 8.584234 8.584234 8.584234 8.584235 8.584235 8.584233 8.584234 8.584234 8.584234 8.584233 8.584234 8.584233 8.584234 8.584234 8.584234 8.584233 8.584234 8.584234 8.584234 8.584234 8.584234 8.584233 8.584234 8.584234 8.584234 8.584234 8.584234 8.584233 8.584234 8.584234 8.584234 8.584234 8.584234 8.584234 8.584234 8.584234 8.584234 8.584234 8.584233 8.584234 8.584234 8.584234 8.584234 8.584234 8.584233 8.584234 8.584234 8.584234 8.584233 8.584234 8.584234 8.584234 7.326546 0 0 0 0 0 0 0 0 0 0 0 0 0
8.584234 8.584234 8.584234 8.584234 8.584233 8.584234 8.584233 8.584234 8.584234 8.584233 8.584234 8.584233 8.584234 8.584234 8.584234 8.584234 8.584234 8.584233 8.584233 8.584233 8.584234 8.584233 8.584234 8.584234 8.584233 8.584234 8.584234 8.584233 8.584234 8.584234 8.584233 8.584234 8.584234 8.584233 8.584234 8.584233 8.584234 8.584233 8.584234 8.584234 8.584234 8.584234 8.584234 8.584233 8.584234 8.584234 8.584234 8.584233 8.584234 8.584234 8.584233 8.584234 8.584234 8.584234 8.584234 8.584234 8.584233 8.584234 8.584234 8.584234 8.584234 8.584234 8.584233 8.584234 8.584233 8.584234 8.584233 7.129872 0 0 0 0 0 0 0 0 0 0 0 0
8.584235 8.584234 8.584234 8.584234 8.584235 8.584235 8.584234 8.584233 8.584234 8.584234 8.584234 8.584234 8.584234 8.584234 8.584234 8.584234 8.584234 8.584234 8.584235 8.584234 8.584234 8.584234 8.584234 8.584235 8.584235 8.584234 8.584234 8.584234 8.584234 8.584234 8.584234 8.584233 8.584234 8.584235 8.584234 8.584234 8.584234 8.584234 8.584234 8.584234 8.584234 8.584235 8.584234 8.584234 8.584234 8.584234 8.584234 8.584235 8.584234 8.584234 8.584235 8.584234 8.584234 8.584234 8.584234 8.584234 8.584234 8.584234 8.584235 8.584234 8.584234 8.584234 8.584233 8.584234 8.584234 8.584234 8.584234 8.584234 8.198003 0 0 0 0 0 0 0 0 0 0 0
8.584234 8.584234 8.584233 8.584234 8.584233 8.584234 8.584234 8.584233 8.584234 8.584234 8.584234 8.584233 8.584234 8.584233 8.584234 8.584233 8.584234 8.584233 8.584234 8.584233 8.584234 8.584233 8.584234 8.584233 8.584234 8.584233 8.584234 8.584233 8.584234 8.584233 8.584234 8.584233 8.584234 8.584233 8.584234 8.584233 8.584234 8.584233 8.584234 8.584234 8.584234 8.584233 8.584234 8.584233 8.584234 8.584233 8.584234 8.584233 8.584234 8.584233 8.584234 8.584233 8.584233 8.584234 8.584233 8.584234 8.584233 8.584234 8.584234 8.584234 8.584234 8.584234 8.584234 8.584234 8.584233 8.584234 8.584233 8.584234 8.584234 8.565882 6.369214 0 0 0 0 0 0 0 0 0
8.584234 8.584234 8.584234 8.584234 8.584234 8.584234 8.584234 8.584234 8.584234 8.584234 8.584234 8.584234 8.584234 8.584234 8.584234 8.584234 8.584234 8.584234 8.584234 8.584234 8.584234 8.584234 8.584234 8.584234 8.584234 8.584234 8.584234 8.584234 8.584234 8.584234 8.584234 8.584234 8.584234 8.584234 8.584234 8.584234 8.584234 8.584234 8.584234 8.584234 8.584234 8.584234 8.584234 8.584234 8.584234 8.584234 8.584234 8.584234 8.584234 8.584234 8.584234 8.584234 8.584234 8.584234 8.584234 8.584234 8.584234 8.584234 8.584234 8.584234 8.584234 8.584234 8.584234 8.584234 8.584234 8.584234 8.584234 8.584234 8.584234 8.584234 8.584234 8.065442 0 0 0 0 0 0 0 0
8.584233 8.584233 8.584233 8.584233 8.584233 8.584233 8.584233 8.584233 8.584233 8.584233 8.584233 8.584233 8.584233 8.584233 8.584233 8.584233 8.584233 8.584233 8.584233 8.584233 8.584233 8.584233 8.584233 8.584233 8.584233 8.584233 8.584233 8.584233 8.584233 8.584233 8.584233 8.584233 8.584233 8.584233 8.584233 8.584233 8.584234 8.584233 8.584233 8.584233 8.584233 8.584233 8.584233 8.584233 8.584233 8.584233 8.584234 8.584233 8.584233 8.584233 8.584233 8.584233 8.584233 8.584234 8.584233 8.584233 8.584233 8.584233 8.584233 8.584233 8.584233 8.584233 8.584233 8.584233 8.584233 8.584234 8.584233 8.584233 8.584233 8.584233 8.584233 8.584233 8.584233 6.706376 0 0 0 0 0 0
8.584233 8.584234 8.584234 8.584234 8.584234 8.584234 8.584234 8.584234 8.584234 8.584234 8.584234 8.584233 8.584234 8.584234 8.584234 8.584234 8.584234 8.584234 8.584234 8.584234 8.584234 8.584234 8.584234 8.584234 8.584234 8.584234 8.584234 8.584234 8.584234 8.584234 8.584234 8.584234 8.584234 8.584234 8.584234 8.584234 8.584234 8.584233 8.584234 8.584234 8.584234 8.584234 8.584234 8.584234 8.584234 8.584234 8.584234 8.584233 8.584234 8.584234 8.584234 8.584234 8.584234 8.584234 8.584234 8.584234 8.584233 8.584234 8.584234 8.584234 8.584234 8.584234 8.584234 8.584234 8.584234 8.584234 8.584234 8.584234 8.584234 8.584234 8.584234 8.584234 8.584234 8.584234 8.16855 0 0 0 0 0
8.584234 8.584234 8.584234 8.584234 8.584234 8.584234 8.584234 8.584234 8.584234 8.584234 8.584234 8.584234 8.584234 8.584234 8.584234 8.584234 8.584234 8.584234 8.584234 8.584234 8.584234 8.584234 8.584234 8.584234 8.584234 8.584234 8.584234 8.584234 8.584234 8.584234 8.584234 8.584234 8.584234 8.584234 8.584234 8.584234 8.584233 8.584234 8.584233 8.584234 8.584234 8.584234 8.584234 8.584234 8.584234 8.584234 8.584234 8.584234 8.584234 8.584234 8.584235 8.584234 8.584234 8.584234 8.584234 8.584234 8.584234 8.584233 8.584234 8.584234 8.584234 8.584233 8.584234 8.584234 8.584234 8.584234 8.584234 8.584234 8.584234 8.584234 8.584234 8.584234 8.584234 8.584233 8.584234 7.889764 0 0 0 0
8.584234 8.584234 8.584234 8.584234 8.584234 8.584234 8.584235 8.584234 8.584234 8.584234 8.584234 8.584235 8.584234 8.584234 8.584234 8.584234 8.584234 8.584234 8.584234 8.584234 8.584234 8.584234 8.584234 8.584234 8.584234 8.584234 8.584234 8.584234 8.584234 8.584234 8.584234 8.584234 8.584234 8.584234 8.584234 8.584234 8.584234 8.584235 8.584234 8.584234 8.584234 8.584234 8.584234 8.584235 8.584234 8.584234 8.584234 8.584235 8.584234 8.584234 8.584234 8.584234 8.584234 8.584234 8.584234 8.584234 8.584234 8.584234 8.584234 8.584234 8.584234 8.584234 8.584234 8.584234 8.584234 8.584234 8.584234 8.584234 8.584234 8.584234 8.584234 8.584234 8.584234 8.584234 8.584234 8.584234 0 0 0 0
8.584234 8.584233 8.584234 8.584233 8.584233 8.584234 8.584234 8.584234 8.584233 8.584234 8.584233 8.584234 8.584233 8.584234 8.584233 8.584234 8.584233 8.584234 8.584234 8.584234 8.584233 8.584233 8.584233 8.584234 8.584234 8.584234 8.584233 8.584233 8.584233 8.584234 8.584234 8.584234 8.584233 8.584234 8.584233 8.584234 8.584233 8.584234 8.584233 8.584234 8.584233 8.584234 8.584233 8.584234 8.584233 8.584234 8.584233 8.584234 8.584233 8.584234 8.584233 8.584234 8.584234 8.584233 8.584234 8.584233 8.584234 8.584233 8.584234 8.584233 8.584234 8.584233 8.584233 8.584234 8.584234 8.584233 8.584234 8.584233 8.584234 8.584234 8.584234 8.584233 8.584233 8.584233 8.584233 8.584233 6.257617 0 0 0
8.584234 8.584234 8.584234 8.584234 8.584234 8.584234 8.584234 8.584234 8.584234 8.584234 8.584234 8.584234 8.584234 8.584234 8.584234 8.584234 8.584233 8.584234 8.584234 8.584234 8.584234 8.584234 8.584233 8.584234 8.584234 8.584234 8.584233 8.584234 8.584234 8.584234 8.584234 8.584234 8.584233 8.584234 8.584234 8.584234 8.584234 8.584234 8.584234 8.584234 8.584234 8.584234 8.584234 8.584234 8.584234 8.584234 8.584234 8.584234 8.584234 8.584234 8.584234 8.584234 8.584234 8.584234 8.584234 8.584234 8.584234 8.584234 8.584234 8.584234 8.584234 8.584233 8.584234 8.584234 8.584234 8.584234 8.584234 8.584233 8.584234 8.584234 8.584234 8.584234 8.584234 8.584234 8.584234 8.584234 8.401902 0 0 0
8.584234 8.584234 8.584234 8.584234 8.584234 8.584234 8.584234 8.584234 8.584234 8.584234 8.584234 8.584234 8.584234 8.584234 8.584234 8.584234 8.584234 8.584234 8.584234 8.584234 8.584234 8.584234 8.584234 8.584234 8.584234 8.584234 8.584234 8.584234 8.584234 8.584234 8.584234 8.584234 8.584234 8.584234 8.584234 8.584234 8.584234 8.584234 8.584234 8.584234 8.584234 8.584234 8.584234 8.584234 8.584234 8.584234 8.584234 8.584234 8.584234 8.584234 8.584234 8.584234 8.584234 8.584234 8.584234 8.584234 8.584234 8.584234 8.584234 8.584234 8.584234 8.584234 8.584234 8.584234 8.584234 8.584234 8.584234 8.584234 8.584234 8.584234 8.584234 8.584234 8.584234 8.584234 8.584234 8.584234 8.584234 0 0 0
8.584234 8.584233 8.584234 8.584233 8.584234 8.584235 8.584234 8.584234 8.584233 8.584234 8.584233 8.584234 8.584233 8.584234 8.584233 8.584234 8.584233 8.584234 8.584234 8.584234 8.584233 8.584234 8.584233 8.584234 8.584234 8.584234 8.584233 8.584235 8.584233 8.584234 8.584234 8.584234 8.584233 8.584234 8.584233 8.584234 8.584233 8.584234 8.584233 8.584234 8.584233 8.584234 8.584233 8.584234 8.584233 8.584234 8.584233 8.584234 8.584233 8.584234 8.584234 8.584234 8.584234 8.584233 8.584234 8.584233 8.584234 8.584233 8.584234 8.584233 8.584234 8.584233 8.584234 8.584234 8.584234 8.584233 8.584234 8.584233 8.584234 8.584235 8.584234 8.584233 8.584234 8.584233 8.584234 8.584233 8.584234 7.858939 0 0
8.584234 8.584234 8.584234 8.584234 8.584234 8.584234 8.584234 8.584234 8.584234 8.584234 8.584234 8.584234 8.584234 8.584234 8.584234 8.584234 8.584234 8.584234 8.584234 8.584234 8.584234 8.584234 8.584234 8.584234 8.584234 8.584234 8.584234 8.584234 8.584234 8.584234 8.584234 8.584234 8.584234 8.584234 8.584234 8.584234 8.584234 8.584235 8.584234 8.584234 8.584234 8.584234 8.584234 8.584235 8.584234 8.584234 8.584234 8.584234 8.584234 8.584234 8.584234 8.584234 8.584234 8.584234 8.584234 8.584234 8.584234 8.584234 8.584234 8.584234 8.584234 8.584234 8.584234 8.584234 8.584234 8.584234 8.584234 8.584234 8.584234 8.584234 8.584234 8.584234 8.584234 8.584234 8.584234 8.584234 8.584235 8.584234 0 0
8.584234 8.584234 8.584234 8.584235 8.584234 8.584234 8.584234 8.584234 8.584234 8.584234 8.584234 8.584234 8.584234 8.584234 8.584234 8.584234 8.584234 8.584234 8.584234 8.584234 8.584234 8.584234 8.584234 8.584234 8.584234 8.584234 8.584234 8.584234 8.584234 8.584234 8.584234 8.584234 8.584234 8.584234 8.584234 8.584234 8.584234 8.584234 8.584234 8.584234 8.584234 8.584234 8.584234 8.584234 8.584234 8.584234 8.584234 8.584234 8.584234 8.584234 8.584234 8.584234 8.584234 8.584234 8.584234 8.584234 8.584234 8.584234 8.584234 8.584234 8.584234 8.584234 8.584234 8.584234 8.584234 8.584234 8.584234 8.584234 8.584234 8.584234 8.584234 8.584234 8.584234 8.584234 8.584234 8.584234 8.584234 8.584234 6.788605 0
8.584234 8.584234 8.584234 8.584234 8.584234 8.584234 8.584234 8.584234 8.584234 8.584234 8.584234 8.584233 8.584234 8.584234 8.584234 8.584234 8.584234 8.584234 8.584234 8.584234 8.584234 8.584234 8.584234 8.584234 8.584234 8.584234 8.584234 8.584234 8.584234 8.584234 8.584234 8.584234 8.584234 8.584234 8.584234 8.584234 8.584234 8.584233 8.584234 8.584234 8.584234 8.584234 8.584234 8.584233 8.584234 8.584234 8.584234 8.584234 8.584234 8.584234 8.584234 8.584234 8.584234 8.584234 8.584234 8.584234 8.584233 8.584234 8.584234 8.584234 8.584234 8.584234 8.584234 8.584234 8.584234 8.584234 8.584234 8.584234 8.584234 8.584234 8.584234 8.584234 8.584234 8.584234 8.584233 8.584234 8.584233 8.584234 8.540123 0
8.584234 8.584233 8.584234 8.584233 8.584234 8.584234 8.584234 8.584234 8.584234 8.584234 8.584233 8.584234 8.584233 8.584234 8.584234 8.584234 8.584233 8.584234 8.584234 8.584234 8.584234 8.584234 8.584234 8.584234 8.584234 8.584234 8.584234 8.584234 8.584234 8.584234 8.584234 8.584234 8.584233 8.584234 8.584234 8.584234 8.584233 8.584234 8.584233 8.584234 8.584233 8.584234 8.584233 8.584234 8.584233 8.584234 8.584233 8.584234 8.584234 8.584234 8.584234 8.584234 8.584234 8.584233 8.584234 8.584233 8.584234 8.584233 8.584234 8.584233 8.584234 8.584233 8.584234 8.584234 8.584234 8.584234 8.584234 8.584234 8.584234 8.584234 8.584234 8.584234 8.584234 8.584233 8.584234 8.584234 8.584234 8.584233 8.584234 5.867039
8.584233 8.584234 8.584233 8.584234 8.584233 8.584233 8.584233 8.584233 8.584233 8.584233 8.584234 8.584233 8.584234 8.584233 8.584234 8.584233 8.584233 8.584233 8.584233 8.584234 8.584234 8.584233 8.584234 8.584233 8.584233 8.584233 8.584233 8.584233 8.584234 8.584233 8.584234 8.584233 8.584234 8.584233 8.584234 8.584233 8.584234 8.584233 8.584234 8.584233 8.584234 8.584233 8.584234 8.584233 8.584234 8.584233 8.584234 8.584233 8.584234 8.584233 8.584233 8.584233 8.584233 8.584234 8.584233 8.584234 8.584233 8.584234 8.584233 8.584234 8.584233 8.584234 8.584233 8.584234 8.584233 8.584233 8.584233 8.584233 8.584233 8.584234 8.584233 8.584234 8.584233 8.584233 8.584233 8.584234 8.584233 8.584233 8.584233 8.420926
8.584234 8.584234 8.584234 8.584234 8.584234 8.584234 8.584234 8.584234 8.584234 8.584234 8.584234 8.584234 8.584234 8.584234 8.584234 8.584234 8.584234 8.584234 8.584234 8.584234 8.584234 8.584234 8.584234 8.584234 8.584234 8.584234 8.584234 8.584234 8.584234 8.584234 8.584234 8.584234 8.584234 8.584234 8.584234 8.584234 8.584234 8.584234 8.584234 8.584234 8.584234 8.584234 8.584234 8.584234 8.584234 8.584234 8.584234 8.584234 8.584234 8.584234 8.584234 8.584234 8.584234 8.584234 8.584234 8.584234 8.584234 8.584234 8.584234 8.584234 8.584234 8.584234 8.584234 8.584234 8.584234 8.584234 8.584234 8.584234 8.584234 8.584234 8.584234 8.584234 8.584234 8.584234 8.584234 8.584234 8.584234 8.584234 8.584234 8.584234
8.584233 8.584233 8.584233 8.584233 8.584233 8.584234 8.584233 8.584233 8.584233 8.584233 8.584234 8.584234 8.584233 8.584233 8.584233 8.584233 8.584233 8.584233 8.584233 8.584233 8.584233 8.584233 8.584233 8.584233 8.584233 8.584233 8.584233 8.584233 8.584233 8.584233 8.584233 8.584233 8.584233 8.584233 8.584233 8.584233 8.584233 8.584233 8.584233 8.584233 8.584234 8.584234 8.584234 8.584234 8.584233 8.584233 8.584233 8.584233 8.584233 8.584233 8.584233 8.584233 8.584233 8.584233 8.584233 8.584233 8.584234 8.584233 8.584234 8.584233 8.584234 8.584233 8.584233 8.584233 8.584233 8.584233 8.584234 8.584233 8.584233 8.584233 8.584233 8.584233 8.584233 8.584233 8.584233 8.584233 8.584234 8.584233 8.584233 8.584234
8.584234 8.584234 8.584234 8.584234 8.584234 8.584234 8.584234 8.584234 8.584234 8.584234 8.584234 8.584233 8.584234 8.584234 8.584234 8.584234 8.584234 8.584234 8.584234 8.584234 8.584234 8.584234 8.584234 8.584234 8.584234 8.584234 8.584234 8.584234 8.584234 8.584234 8.584234 8.584233 8.584234 8.584234 8.584234 8.584234 8.584234 8.584233 8.584234 8.584234 8.584234 8.584234 8.584234 8.584233 8.584234 8.584233 8.584234 8.584234 8.584234 8.584234 8.584234 8.584234 8.584234 8.584234 8.584234 8.584234 8.584233 8.584234 8.584234 8.584234 8.584234 8.584234 8.584234 8.584234 8.584234 8.584234 8.584234 8.584234 8.584234 8.584234 8.584234 8.584234 8.584234 8.584234 8.584234 8.584234 8.584233 8.584234 8.584234 8.584234
8.584234 8.584234 8.584234 8.584234 8.584234 8.584234 8.584234 8.584234 8.584234 8.584234 8.584234 8.584234 8.584234 8.584234 8.584234 8.584234 8.584234 8.584234 8.584234 8.584234 8.584234 8.584234 8.584234 8.584234 8.584234 8.584234 8.584234 8.584234 8.584234 8.584234 8.584234 8.584234 8.584234 8.584234 8.584234 8.584234 8.584234 8.584234 8.584234 8.584234 8.584234 8.584234 8.584234 8.584234 8.584234 8.584234 8.584234 8.584234 8.584234 8.584234 8.584234 8.584234 8.584234 8.584234 8.584234 8.584234 8.584234 8.584234 8.584234 8.584234 8.584234 8.584234 8.584234 8.584234 8.584234 8.584234 8.584234 8.584234 8.584234 8.584234 8.584234 8.584234 8.584234 8.584234 8.584234 8.584234 8.584234 8.584234 8.584234 8.584234
