Scenarios/Global_Grid/data/country_data_population_distribution/processed/density_grids/uzb.asc
ncols 411
nrows 206
xllcorner 56
yllcorner 37
[rows 140 to 174 of 206, columns 240 to 319 of 411]
233.993 233.993 233.993 233.993 233.993 233.993 233.993 233.993 233.993 233.993 233.993 233.993 233.993 233.993 233.993 233.993 233.993 233.993 233.993 233.993 233.993 233.993 233.993 233.993 233.993 233.993 233.993 233.993 233.993 233.993 233.993 233.993 233.993 233.993 233.993 222.806 92.15757 69.60799 69.60799 69.60799 69.60799 69.60799 69.60799 69.60799 69.60799 69.60799 69.60799 69.60799 69.60799 69.60799 69.60799 69.60799 69.60799 69.60799 69.60799 69.60799 69.60799 69.60799 69.60799 69.60799 69.60799 69.60799 69.60799 69.60799 69.60799 69.60799 0 0 0 0 0 0 0 0 0 0 0 0 0 0
233.993 233.993 233.993 233.993 233.993 233.993 233.993 233.993 233.993 233.993 233.993 233.993 233.993 233.993 233.993 233.993 233.993 233.993 233.993 233.993 233.993 233.993 233.993 233.993 233.993 233.993 233.993 233.993 233.993 233.993 233.993 233.993 233.993 233.993 233.993 117.2083 69.608 69.60799 69.608 69.60799 69.60799 69.60799 69.60799 69.60799 69.60799 69.60799 69.60799 69.60799 69.60799 69.60799 69.60799 69.60799 69.608 69.60799 69.60799 69.60799 69.60799 69.60799 69.60799 69.60799 69.60799 69.60799 69.60799 69.60799 69.60799 69.60799 66.30551 0 0 0 0 0 0 0 0 0 0 0 0 0
233.993 233.993 233.993 233.993 233.993 233.993 233.993 233.993 233.993 233.993 233.993 233.993 233.993 233.993 233.993 233.993 233.993 233.993 233.993 233.993 233.993 233.993 233.993 233.993 233.993 233.993 233.993 233.993 233.993 233.993 233.993 233.993 233.993 233.993 233.9926 71.10297 69.608 69.608 69.60799 69.60799 69.60799 69.60799 69.608 69.43748 68.24043 0 68.11168 0 69.39912 69.60464 69.60799 69.60799 69.60799 69.60799 69.60799 69.60799 69.60799 69.60799 69.60799 69.608 69.60799 69.60799 69.60799 69.60799 69.608 69.60799 63.54361 0 0 0 0 0 0 0 0 0 0 0 0 0
233.993 233.993 233.993 233.993 233.993 233.993 233.993 233.993 233.993 233.993 233.993 233.993 233.993 233.993 233.993 233.993 233.993 233.993 233.993 233.993 233.993 233.993 233.993 233.993 233.993 233.993 233.993 233.993 233.993 233.993 233.993 233.993 233.993 233.993 233.993 80.30125 69.60799 69.60799 69.60799 69.60799 69.6041 69.09782 68.60025 0 0 0 0 0 0 0 68.45029 68.61285 69.37196 69.60799 69.60799 69.60799 69.60799 69.60799 69.60799 69.60799 69.60799 69.60799 69.60799 69.60799 69.60799 58.3921 0 0 0 0 0 0 0 0 0 0 0 0 0 0
233.993 233.993 233.993 233.993 233.993 233.993 233.993 233.993 233.993 233.993 233.993 233.993 233.993 233.993 233.993 233.993 233.993 233.993 233.993 233.993 233.993 233.993 233.993 233.993 233.993 233.993 233.993 233.993 233.993 233.993 233.993 233.993 233.993 233.993 233.993 183.2416 78.9782 69.60799 69.60799 69.48199 0 0 0 0 0 0 0 0 0 0 0 0 0 0 0 68.0947 68.49174 68.65218 68.52784 68.91171 69.56937 68.78869 69.5779 69.60799 64.16254 0 0 0 0 0 0 0 0 0 0 0 0 0 0 0
230.0046 233.993 233.993 233.993 233.993 233.993 233.993 233.993 233.993 233.993 233.993 233.993 233.993 233.993 233.993 233.993 233.993 233.993 233.993 233.993 233.993 233.993 233.993 233.993 233.993 233.993 233.993 233.993 233.993 233.993 233.993 233.993 233.993 233.993 233.993 233.993 214.6788 113.9198 0 0 0 0 0 0 0 0 0 0 0 0 0 0 0 0 0 0 0 0 0 0 0 0 0 0 0 0 0 0 0 0 0 0 0 0 0 0 0 0 0 0
139.5876 224.2434 233.993 233.993 233.993 233.993 233.993 233.993 233.993 233.993 233.993 233.993 233.993 233.993 233.993 233.993 233.993 233.993 233.993 233.993 233.993 233.993 233.993 233.993 233.993 233.993 233.993 233.993 233.993 233.993 233.993 233.993 233.993 233.993 233.993 233.993 233.993 233.6387 149.8437 0 0 0 0 0 0 0 0 0 0 0 0 0 0 0 0 0 0 0 0 0 0 0 0 0 0 0 0 0 0 0 0 0 0 0 0 0 0 0 0 0
113.8941 131.9968 225.27 233.993 233.993 233.993 233.993 233.993 233.993 233.993 233.993 233.993 233.993 233.993 233.993 233.993 233.993 233.993 233.993 213.685 195.5192 208.3296 224.674 233.9657 233.993 233.993 233.993 233.993 233.993 233.993 233.993 233.993 233.993 233.993 233.993 233.993 233.993 233.993 230.7396 0 0 0 0 0 0 0 0 0 0 0 0 0 0 0 0 0 0 0 0 0 0 0 0 0 0 0 0 0 0 0 0 0 0 0 0 0 0 0 0 0
113.8941 113.8941 148.5266 233.1668 233.993 233.993 233.993 233.993 233.993 233.2519 216.6015 193.5193 170.4398 178.3432 230.1518 233.993 233.993 233.993 206.5251 116.9452 113.8941 113.8941 113.8941 121.342 138.3148 206.7166 233.993 233.993 233.993 233.993 233.993 233.993 233.993 233.993 233.993 233.993 233.993 233.993 233.993 182.9478 0 0 0 0 0 0 0 0 0 0 0 0 0 0 0 0 0 0 0 0 0 0 0 0 0 0 0 0 0 0 0 0 0 0 0 0 0 0 0 0
113.8941 113.8941 113.8941 196.5307 233.993 233.993 233.9094 204.8667 155.9303 120.3727 113.8941 113.8941 113.8941 113.8941 133.1639 198.26 210.5622 172.6456 121.9806 113.8941 113.8941 113.8941 113.8941 113.8941 113.8941 175.9442 233.993 233.993 233.993 213.2846 182.9276 208.2359 231.4093 233.993 233.993 233.993 233.993 233.993 233.993 233.1009 0 0 0 0 0 0 0 0 0 0 0 0 0 0 0 0 0 0 0 0 0 0 0 0 0 0 0 0 0 0 0 0 0 0 0 0 0 0 0 0
113.8941 113.8941 113.8941 116.1231 138.0556 157.2801 140.0905 113.8941 113.8941 113.8941 113.8941 113.8941 113.8941 113.8941 113.8941 113.8941 113.8941 113.8941 113.8941 113.8941 113.8941 113.8941 113.8941 113.8941 113.8941 181.5338 229.3763 227.5777 221.9743 171.1271 113.8941 113.8941 119.5402 154.6366 189.2749 217.5071 233.7025 205.2664 153.3366 0 0 0 0 0 0 0 0 0 0 0 0 0 0 0 0 0 0 0 0 0 0 0 0 0 0 0 0 0 0 0 0 0 0 0 0 0 0 0 0 0
113.8941 113.8941 113.8941 113.8941 113.8941 113.8941 113.8941 113.8941 113.8941 113.8941 113.8941 113.8941 113.8941 113.8941 113.8941 113.8941 113.8941 113.8941 113.8941 113.8941 113.8941 113.8941 113.8941 113.8941 113.8941 113.8941 113.8941 113.8941 113.8941 113.8941 113.8941 113.8941 113.8941 113.8941 113.8941 113.8941 118.6541 0 0 0 0 0 0 0 0 0 0 0 0 0 0 0 0 0 0 0 0 0 0 0 0 0 0 0 0 0 0 0 0 0 0 0 0 0 0 0 0 0 0 0
113.8941 113.8941 113.8941 113.8941 113.8941 113.8941 113.8941 113.8941 113.8941 113.8941 113.8941 113.8941 113.8941 113.8941 113.8941 113.8941 113.8941 113.8941 113.8941 113.8941 113.8941 113.8941 113.8941 113.8941 113.8941 113.8941 113.8941 113.8941 113.8941 113.8941 113.8941 113.8941 113.8941 113.8941 113.8941 113.8941 113.8941 112.0761 0 0 0 0 0 0 0 0 0 0 0 0 0 0 0 0 0 0 0 0 0 0 0 0 0 0 0 0 0 0 0 0 0 0 0 0 0 0 0 0 0 0
113.8941 113.8941 113.8941 113.8941 113.8941 113.8941 113.8941 113.8941 113.8941 113.8941 113.8941 113.8941 113.8941 113.8941 113.8941 113.8941 113.8941 113.8941 113.8941 113.8941 113.8941 113.8941 113.8941 113.8941 113.8941 113.8941 113.8941 113.8941 113.8941 113.8941 113.8941 113.8941 113.8941 113.8941 113.8941 113.8941 113.8941 113.8941 113.4937 104.9635 91.95244 0 0 0 0 0 0 0 0 0 0 0 0 0 0 0 0 0 0 0 0 0 0 0 0 0 0 0 0 0 0 0 0 0 0 0 0 0 0 0
113.8941 113.8941 113.8941 113.8941 113.8941 113.8941 113.8941 113.8941 113.8941 113.8941 113.8941 113.8941 113.8941 113.8941 113.8941 113.8941 113.8941 113.8941 113.8941 113.8941 113.8941 113.8941 113.8941 113.8941 113.8941 113.8941 113.8941 113.8941 113.8941 113.8941 113.8941 113.8941 113.8941 113.8941 113.8941 113.8941 113.8941 113.8941 113.8941 113.8941 113.8941 113.8941 113.7097 0 0 0 0 0 0 0 0 0 0 0 0 0 0 0 0 0 0 0 0 0 0 0 0 0 0 0 0 0 0 0 0 0 0 0 0 0
113.8941 113.8941 113.8941 113.8941 113.8941 113.8941 113.8941 113.8941 113.8941 113.8941 113.8941 113.8941 113.8941 113.8941 113.8941 113.8941 113.8941 113.8941 113.8941 113.8941 113.8941 113.8941 113.8941 113.8941 113.8941 113.8941 113.8941 113.8941 113.8941 113.8941 113.8941 113.8941 113.8941 113.8941 113.8941 113.8941 113.8941 113.8941 113.8941 113.8941 113.8941 113.8941 113.8941 113.8941 0 0 0 0 0 0 0 0 0 0 0 0 0 0 0 0 0 0 0 0 0 0 0 0 0 0 0 0 0 0 0 0 0 0 0 0
113.8941 113.8941 113.8941 113.8941 113.8941 113.8941 113.8941 113.8941 113.8941 113.8941 113.8941 113.8941 113.8941 113.8941 113.8941 113.8941 113.8941 113.8941 113.8941 113.8941 113.8941 113.8941 113.8941 113.8941 113.8941 113.8941 113.8941 113.8941 113.8941 113.8941 113.8941 113.8941 113.8941 113.8941 113.8941 113.8941 113.8941 113.8941 113.8941 113.8941 113.8941 113.8941 113.8941 113.8941 0 0 0 0 0 0 0 0 0 0 0 0 0 0 0 0 0 0 0 0 0 0 0 0 0 0 0 0 0 0 0 0 0 0 0 0
113.8941 113.8941 113.8941 113.8941 113.8941 113.8941 113.8941 113.8941 113.8941 113.8941 113.8941 113.8941 113.8941 113.8941 113.8941 113.8941 113.8941 113.8941 113.8941 113.8941 113.8941 113.8941 113.8941 113.8941 113.8941 113.8941 113.8941 113.8941 113.8941 113.8941 113.8941 113.8941 113.8941 113.8941 113.8941 113.8941 113.8941 113.8941 113.8941 113.8941 113.8941 113.8941 113.8941 113.8941 94.97327 0 0 0 0 0 105.3622 108.4529 0 82.7235 0 0 0 0 0 0 0 0 0 0 0 0 0 0 0 0 0 0 0 0 0 0 0 0 0 0
113.8941 113.8941 113.8941 113.8941 113.8941 113.8941 113.8941 113.8941 113.8941 113.8941 113.8941 113.8941 113.8941 113.8941 113.8941 113.8941 113.8941 113.8941 113.8941 113.8941 113.8941 113.8941 113.8941 113.8941 113.8941 113.8941 113.8941 113.8941 113.8941 113.8941 113.8941 113.8941 113.8941 113.8941 113.8941 113.8941 113.8941 113.8941 113.8941 113.8941 117.2807 125.4605 126.5216 127.7737 132.0997 132.3167 132.3356 132.3356 132.3355 132.3356 132.3356 132.3356 132.3356 132.3356 131.6301 0 0 0 0 0 0 0 0 0 0 0 0 0 0 0 0 0 0 0 0 0 0 0 0 0
113.8941 113.8941 113.8941 113.8941 113.8941 113.8941 113.8941 113.8941 113.8941 113.8941 113.8941 113.8941 113.8941 113.8941 113.8941 113.8941 113.8941 113.8941 113.8941 113.8941 113.8941 113.8941 113.8941 113.8941 113.8941 113.8941 113.8941 113.8941 113.8941 113.8941 113.8941 113.8941 113.8941 113.8941 113.8941 113.8941 113.8941 113.8941 113.8941 113.8941 125.7302 132.3355 132.3356 132.3355 132.3356 132.3355 132.3356 132.3355 132.3356 132.3355 132.3356 132.3355 132.3356 132.3355 132.3356 124.4811 0 0 0 0 0 0 0 0 0 0 0 0 0 0 0 0 0 0 0 0 0 0 0 0
113.8941 113.8941 113.8941 113.8941 113.8941 113.8941 113.8941 113.8941 113.8941 113.8941 113.8941 113.8941 113.8941 113.8941 113.8941 113.8941 113.8941 113.8941 113.8941 113.8941 113.8941 113.8941 113.8941 113.8941 113.8941 113.8941 113.8941 113.8941 113.8941 113.8941 113.8941 113.8941 113.8941 113.8941 113.8941 113.8941 113.8941 113.8941 113.8941 113.8941 121.3689 132.3356 132.3356 132.3356 132.3356 132.3356 132.3356 132.3356 132.3356 132.3356 132.3356 132.3356 132.3356 132.3356 132.3356 132.3356 101.1686 0 0 0 0 0 0 0 0 0 0 0 0 0 0 0 0 0 0 0 0 0 0 0
113.8941 113.8941 113.8941 113.8941 113.8941 113.8941 113.8941 113.8941 113.8941 113.8941 113.8941 113.8941 113.8941 113.8941 113.8941 113.8941 113.8941 113.8941 113.8941 113.8941 113.8941 113.8941 113.8941 113.8941 113.8941 113.8941 113.8941 113.8941 113.8941 113.8941 113.8941 113.8941 113.8941 113.8941 113.8941 113.8941 113.8941 113.8941 113.8941 113.8941 114.257 128.7317 132.3355 132.3356 132.3355 132.3356 132.3356 132.3355 132.3356 132.3355 132.3355 132.3356 132.3355 132.3355 132.3356 132.6976 0 0 0 0 0 0 0 0 0 0 0 0 0 0 0 0 0 0 0 0 0 0 0 0
113.8941 113.8941 113.8941 113.8941 113.8941 113.8941 113.8941 113.8941 113.8941 113.8941 113.8941 113.8941 113.8941 113.8941 113.8941 113.8941 113.8941 113.8941 113.8941 113.8941 113.8941 113.8941 113.8941 113.8941 113.8941 113.8941 113.8941 113.8941 113.8941 113.8941 113.8941 113.8941 113.8941 113.8941 113.8941 113.8941 113.8941 113.8941 113.8941 113.8941 113.8941 124.8324 132.3355 132.3356 132.3355 132.3356 132.3356 132.3356 132.3356 132.3356 132.3355 132.3356 132.3355 142.5591 0 0 0 0 0 0 0 0 0 0 0 0 0 0 0 0 0 0 0 0 0 0 0 0 0 0
113.8941 113.8941 113.8941 113.8941 113.8941 113.8941 113.8941 113.8941 113.8941 113.8941 113.8941 113.8941 113.8941 113.8941 113.8941 113.8941 113.8941 113.8941 113.8941 113.8941 113.8941 113.8941 113.8941 113.8941 113.8941 113.8941 113.8941 113.8941 113.8941 113.8941 113.8941 113.8941 113.8941 113.8941 113.8941 113.8941 113.8941 113.8941 113.8941 113.8941 113.8941 124.8629 132.3355 132.3356 132.3355 132.3356 132.3355 132.3356 132.3355 132.3356 132.3355 132.3355 132.3355 132.4128 0 0 0 0 0 0 0 0 0 0 0 0 0 0 0 0 0 0 0 0 0 0 0 0 0 0
113.8941 113.8941 113.8941 113.8941 113.8941 113.8941 113.8941 113.8941 113.8941 113.8941 113.8941 113.8941 113.8941 113.8941 113.8941 113.8941 113.8941 113.8941 113.8941 113.8941 113.8941 113.8941 113.8941 113.8941 113.8941 113.8941 113.8941 113.8941 113.8941 113.8941 113.8941 113.8941 113.8941 113.8941 113.8941 113.8941 113.8941 117.2387 123.8081 122.123 114.9153 130.6488 132.3356 132.3356 132.3356 132.3356 132.3356 132.3356 132.3356 132.3356 132.3356 132.3356 132.3356 148.0674 197.3658 0 0 0 0 0 0 0 0 0 0 0 0 0 0 0 0 0 0 0 0 0 0 0 0 0
113.8941 113.8941 113.8941 113.8941 113.8941 113.8941 113.8941 113.8941 113.8941 113.8941 113.8941 113.8941 113.8941 113.8941 113.8941 113.8941 113.8941 113.8941 113.8941 113.8941 113.8941 113.8941 113.8941 113.8941 113.8941 113.8941 113.8941 113.8941 113.8941 113.8941 113.8941 113.8941 113.8941 113.8941 113.8941 113.8941 116.219 131.1132 132.3356 132.3356 130.5465 132.3355 132.3356 132.3356 132.3356 132.3355 132.3356 132.3356 132.3356 132.3355 132.3356 132.3356 132.3356 189.5465 0 0 0 0 0 0 0 0 0 0 0 0 0 0 0 0 0 0 0 0 0 0 0 0 0 0
113.8941 113.8941 113.8941 113.8941 113.8941 113.8941 113.8941 113.8941 113.8941 113.8941 113.8941 113.8941 113.8941 113.8941 113.8941 113.8941 113.8941 113.8941 113.8941 113.8941 113.8941 113.8941 113.8941 113.8941 113.8941 113.8941 113.8941 113.8941 113.8941 113.8941 113.8941 113.8941 113.8941 113.8941 113.8941 115.3254 128.3119 132.3356 132.3356 132.3356 132.3356 132.3356 132.3356 132.3356 132.3356 132.3356 132.3355 132.3356 132.3356 132.3356 132.3355 132.3356 132.3356 142.1359 0 0 0 0 0 0 0 0 0 0 0 0 0 0 0 0 0 0 0 0 0 0 0 0 0 0
113.8941 113.8941 113.8941 113.8941 113.8941 113.8941 113.8941 113.8941 113.8941 113.8941 113.8941 113.8941 113.8941 113.8941 113.8941 113.8941 113.8941 113.8941 113.8941 113.8941 113.8941 113.8941 113.8941 113.8941 113.8941 113.8941 113.8941 113.8941 113.8941 113.8941 113.8941 113.8941 113.8941 113.8941 117.5281 130.0678 132.3355 132.3356 132.3355 132.3356 132.3355 132.3356 132.3355 132.3356 132.3355 132.3356 132.3355 132.3356 132.3355 132.3356 132.3355 132.3356 132.3355 164.8378 0 0 0 0 0 0 0 0 0 0 0 0 0 0 0 0 0 0 0 0 0 0 0 0 0 0
113.8941 113.8941 113.8941 113.8941 113.8941 113.8941 113.8941 113.8941 113.8941 113.8941 113.8941 113.8941 113.8941 113.8941 113.8941 113.8941 113.8941 113.8941 113.8941 113.8941 113.8941 113.8941 113.8941 113.8941 113.8941 113.8941 113.8941 113.8941 113.8941 113.8941 113.8941 113.8941 113.8941 120.7945 131.7018 132.3355 132.3356 132.3355 132.3355 132.3355 132.3356 132.3355 132.3355 132.3355 132.3356 132.3355 132.3355 132.3355 132.3355 132.3355 132.3355 132.3355 132.3356 175.6403 0 0 0 0 0 0 0 0 0 0 0 0 0 0 0 0 0 0 0 0 0 0 0 0 0 0
113.8941 113.8941 113.8941 113.8941 113.8941 113.8941 113.8941 113.8941 113.8941 113.8941 113.8941 113.8941 113.8941 113.8941 113.8941 113.8941 113.8941 113.8941 113.8941 113.8941 113.8941 113.8941 113.8941 113.8941 113.8941 113.8941 113.8941 113.8941 113.8941 113.8941 113.8941 114.4949 125.0831 132.3339 132.3355 132.3355 132.3356 132.3355 132.3356 132.3355 132.3356 132.3355 132.3356 132.3355 132.3356 132.3355 132.3355 132.3355 132.3356 132.3356 132.3356 132.3355 132.3356 142.3016 0 0 0 0 0 0 0 0 0 0 0 0 0 0 0 0 0 0 0 0 0 0 0 0 0 0
113.8941 113.8941 113.8941 113.8941 113.8941 113.8941 113.8941 113.8941 113.8941 113.8941 113.8941 113.8941 113.8941 113.8941 113.8941 113.8941 113.8941 113.8941 113.8941 113.8941 113.8941 113.8941 113.8941 113.8941 113.8941 113.8941 113.8941 113.8941 113.8941 113.8941 113.8941 122.4297 132.3355 132.3356 132.3356 132.3355 132.3356 132.3356 132.3355 132.3356 132.3355 132.3356 132.3356 132.3356 132.3355 132.3356 132.3355 132.3356 132.3355 132.3356 132.3355 132.3356 132.3355 132.3356 144.3988 0 0 0 0 0 0 0 0 0 0 0 0 0 0 0 0 0 0 0 0 0 0 0 0 0
113.8941 113.8941 113.8941 113.8941 113.8941 113.8941 113.8941 113.8941 113.8941 113.8941 113.8941 113.8941 113.8941 113.8941 113.8941 113.8941 113.8941 113.8941 113.8941 113.8941 113.8941 113.8941 113.8941 113.8941 113.8941 113.8941 113.8941 113.8941 113.8941 113.8941 113.8941 126.7009 132.3356 132.3356 132.3356 132.3356 132.3356 132.3356 132.3356 132.3356 132.3356 132.3356 132.3356 132.3356 132.3356 132.3356 132.3356 132.3356 132.3356 132.3356 132.3356 132.3356 132.3356 132.3356 148.2896 0 0 0 0 0 0 0 0 0 0 0 0 0 0 0 0 0 0 0 0 0 0 0 0 0
113.8941 113.8941 113.8941 113.8941 113.8941 113.8941 113.8941 113.8941 113.8941 113.8941 113.8941 113.8941 113.8941 113.8941 113.8941 113.8941 113.8941 113.8941 113.8941 113.8941 113.8941 113.8941 113.8941 113.8941 113.8941 113.8941 113.8941 113.8941 113.8941 113.8941 114.623 130.8079 132.3356 132.3356 132.3356 132.3356 132.3356 132.3356 132.3356 132.3356 132.3356 132.3356 132.3356 132.3356 132.3356 132.3356 132.3356 132.3356 132.3356 132.3356 132.3356 132.3356 132.3356 132.3356 138.1664 133.9342 157.8611 0 0 0 0 0 0 0 0 0 0 0 0 0 0 0 0 0 0 0 0 0 0 0
113.8941 113.8941 113.8941 113.8941 113.8941 113.8941 113.8941 113.8941 113.8941 113.8941 113.8941 113.8941 113.8941 113.8941 113.8941 113.8941 113.8941 113.8941 113.8941 113.8941 113.8941 113.8941 113.8941 113.8941 113.8941 113.8941 113.8941 113.8941 113.8941 115.8934 128.3481 132.3355 132.3355 132.3355 132.3355 132.3355 132.3355 132.3355 132.3355 132.3355 132.3355 132.3355 132.3355 132.3355 132.3355 132.3355 132.3355 132.3356 132.3355 132.3355 132.3355 132.3355 132.3355 132.3355 132.3355 132.3355 132.3355 198.7899 0 0 0 0 0 0 0 0 0 0 0 0 0 0 0 0 0 0 0 0 0 0
113.8941 113.8941 113.8941 113.8941 113.8941 113.8941 113.8941 113.8941 113.8941 113.8941 113.8941 113.8941 113.8941 113.8941 113.8941 113.8941 113.8941 113.8941 113.8941 113.8941 113.8941 113.8941 113.8941 113.8941 113.8941 113.8941 113.8941 115.7078 123.2704 131.3826 132.3356 132.3355 132.3356 132.3355 132.3355 132.3355 132.3356 132.3355 132.3356 132.3355 132.3356 132.3356 132.3356 132.3355 132.3356 132.3355 132.3356 132.3356 132.3355 132.3355 132.3356 132.3355 132.3355 132.3356 132.3356 132.3355 132.3356 144.1103 191.454 0 0 0 0 0 0 0 0 0 0 0 0 0 0 0 0 0 0 0 0 0
