Scenarios/Global_Grid/data/country_data_population_distribution/processed/density_grids/uzb.asc
ncols 411
nrows 206
xllcorner 56
yllcorner 37
[rows 70 to 104 of 206, columns 80 to 159 of 411]
12.32619 12.32619 12.32619 12.32619 12.32619 12.32619 12.32619 12.32619 12.32619 12.32619 12.32619 12.32619 12.32619 12.32619 12.32619 12.32619 12.32619 12.32619 12.32619 12.32619 12.32619 12.32619 12.32619 12.32619 12.32619 12.32619 12.32619 12.32619 12.32619 12.32619 12.32619 12.32619 12.32619 12.32619 12.32619 12.32619 12.32619 12.32619 12.32619 12.32619 12.32619 12.32619 12.32619 12.32619 12.32619 12.32619 12.32619 12.32619 12.32619 12.32619 12.32619 12.32619 12.32619 12.32619 12.32619 12.32619 12.32619 12.32619 12.32619 12.32619 12.32619 12.32619 12.32619 12.32619 12.32619 12.32619 12.32619 12.32619 12.0235 8.952332 8.584233 8.584234 8.584234 8.584234 8.584233 8.584234 8.584235 8.584234 8.584234 8.584234
12.32619 12.32619 12.32619 12.32619 12.32619 12.32619 12.32619 12.32619 12.32619 12.32619 12.32619 12.32619 12.32619 12.32619 12.32619 12.32619 12.32619 12.32619 12.32619 12.32619 12.32619 12.32619 12.32619 12.32619 12.32619 12.32619 12.32619 12.32619 12.32619 12.32619 12.32619 12.32619 12.32619 12.32619 12.32619 12.32619 12.32619 12.32619 12.32619 12.32619 12.32619 12.32619 12.32619 12.32619 12.32619 12.32619 12.32619 12.32619 12.32619 12.32619 12.32619 12.32619 12.32619 12.32619 12.32619 12.32619 12.32619 12.32619 12.32619 12.32619 12.32619 12.32619 12.32619 12.32619 12.32619 12.32619 12.32619 12.31954 9.733174 8.584234 8.584234 8.584234 8.584234 8.584234 8.584234 8.584234 8.584234 8.584234 8.584234 8.584234
12.32619 12.32619 12.32619 12.32619 12.32619 12.32619 12.32619 12.32619 12.32619 12.32619 12.32619 12.32619 12.32619 12.32619 12.32619 12.32619 12.32619 12.32619 12.32619 12.32619 12.32619 12.32619 12.32619 12.32619 12.32619 12.32619 12.32619 12.32619 12.32619 12.32619 12.32619 12.32619 12.32619 12.32619 12.32619 12.32619 12.32619 12.32619 12.32619 12.32619 12.32619 12.32619 12.32619 12.32619 12.32619 12.32619 12.32619 12.32619 12.32619 12.32619 12.32619 12.32619 12.32619 12.32619 12.32619 12.32619 12.32619 12.32619 12.32619 12.32619 12.32619 12.32619 12.32619 12.32619 12.32619 12.32619 12.32619 10.80755 8.584233 8.584233 8.584233 8.584233 8.584234 8.584233 8.584233 8.584233 8.584233 8.584233 8.584234 8.584233
19.91305 12.44221 12.32619 12.32619 12.32619 12.32619 12.32619 12.32619 12.32619 12.32619 12.32619 12.32619 12.32619 12.32619 12.32619 12.32619 12.32619 12.32619 12.32619 12.32619 12.32619 12.32619 12.32619 12.32619 12.32619 12.32619 12.32619 12.32619 12.32619 12.32619 12.32619 12.32619 12.32619 12.32619 12.32619 12.32619 12.32619 12.32619 12.32619 12.32619 12.32619 12.32619 12.32619 12.32619 12.32619 12.32619 12.32619 12.32619 12.32619 12.32619 12.32619 12.32619 12.32619 12.32619 12.32619 12.32619 12.32619 12.32619 12.32619 12.32619 12.32619 12.32619 12.32619 12.32619 12.32619 12.32619 11.73876 8.734037 8.584234 8.584234 8.584235 8.584234 8.584234 8.584234 8.584234 8.584234 8.584235 8.584234 8.584234 8.584234
0 0 12.60554 12.32619 12.32619 12.32619 12.32619 12.32619 12.32619 12.32619 12.32619 12.32619 12.32619 12.32619 12.32619 12.32619 12.32619 12.32619 12.32619 12.32619 12.32619 12.32619 12.32619 12.32619 12.32619 12.32619 12.32619 12.32619 12.32619 12.32619 12.32619 12.32619 12.32619 12.32619 12.32619 12.32619 12.32619 12.32619 12.32619 12.32619 12.32619 12.32619 12.32619 12.32619 12.32619 12.32619 12.32619 12.32619 12.32619 12.32619 12.32619 12.32619 12.32619 12.32619 12.32619 12.32619 12.32619 12.32619 12.32619 12.32619 12.32619 12.32619 12.32619 12.32619 12.32619 12.2375 9.31632 8.584234 8.584234 8.584234 8.584234 8.584234 8.584234 8.584234 8.584234 8.584234 8.584234 8.584234 8.584234 8.584234
0 0 0 12.32619 12.32619 12.32619 12.32619 12.32619 12.32619 12.32619 12.32619 12.32619 12.32619 12.32619 12.32619 12.32619 12.32619 12.32619 12.32619 12.32619 12.32619 12.32619 12.32619 12.32619 12.32619 12.32619 12.32619 12.32619 12.32619 12.32619 12.32619 12.32619 12.32619 12.32619 12.32619 12.32619 12.32619 12.32619 12.32619 12.32619 12.32619 12.32619 12.32619 12.32619 12.32619 12.32619 12.32619 12.32619 12.32619 12.32619 12.32619 12.32619 12.32619 12.32619 12.32619 12.32619 12.32619 12.32619 12.32619 12.32619 12.32619 12.32619 12.32619 12.32619 12.32619 10.34359 8.584233 8.584234 8.584233 8.584234 8.584233 8.584234 8.584234 8.584233 8.584234 8.584234 8.584234 8.584234 8.584234 8.584233
0 0 0 12.37414 12.32619 12.32619 12.32619 12.32619 12.32619 12.32619 12.32619 12.32619 12.32619 12.32619 12.32619 12.32619 12.32619 12.32619 12.32619 12.32619 12.32619 12.32619 12.32619 12.32619 12.32619 12.32619 12.32619 12.32619 12.32619 12.32619 12.32619 12.32619 12.32619 12.32619 12.32619 12.32619 12.32619 12.32619 12.32619 12.32619 12.32619 12.32619 12.32619 12.32619 12.32619 12.32619 12.32619 12.32619 12.32619 12.32619 12.32619 12.32619 12.32619 12.32619 12.32619 12.32619 12.32619 12.32619 12.32619 12.32619 12.32619 12.32619 12.32619 12.32619 12.32619 9.117349 8.584233 8.584234 8.584234 8.584233 8.584234 8.584233 8.584234 8.584234 8.584234 8.584233 8.584234 8.584234 8.584234 8.584233
0 0 0 0 13.44238 12.32619 12.32619 12.32619 12.32619 12.32619 12.32619 12.32619 12.32619 12.32619 12.32619 12.32619 12.32619 12.32619 12.32619 12.32619 12.32619 12.32619 12.32619 12.32619 12.32619 12.32619 12.32619 12.32619 12.32619 12.32619 12.32619 12.32619 12.32619 12.32619 12.32619 12.32619 12.32619 12.32619 12.32619 12.32619 12.32619 12.32619 12.32619 12.32619 12.32619 12.32619 12.32619 12.32619 12.32619 12.32619 12.32619 12.32619 12.32619 12.32619 12.32619 12.32619 12.32619 12.32619 12.32619 12.32619 12.32619 12.32619 12.32619 12.32619 12.31775 8.703552 8.584234 8.584234 8.584234 8.584234 8.584234 8.584234 8.584234 8.584234 8.584234 8.584234 8.584234 8.584233 8.584234 8.584234
0 0 0 0 0 15.76484 12.32619 12.32619 12.32619 12.32619 12.32619 12.32619 12.32619 12.32619 12.32619 13.68023 13.36729 12.32619 12.32619 12.32619 12.32619 12.32619 12.32619 12.32619 12.32619 12.32619 12.32619 12.32619 12.32619 12.32619 12.32619 12.32619 12.32619 12.32619 12.32619 12.32619 12.32619 12.32619 12.32619 12.32619 12.32619 12.32619 12.32619 12.32619 12.32619 12.32619 12.32619 12.32619 12.32619 12.32619 12.32619 12.32619 12.32619 12.32619 12.32619 12.32619 12.32619 12.32619 12.32619 12.32619 12.32619 12.32619 12.32619 12.32619 12.05462 8.584233 8.584233 8.584234 8.584234 8.584233 8.584233 8.584234 8.584233 8.584233 8.584233 8.584234 8.584233 8.584234 8.584233 8.584233
0 0 0 0 0 0 0 0 0 0 0 0 0 0 0 0 0 0 12.5869 12.32619 12.32619 12.32619 12.32619 12.32619 12.32619 12.32619 12.32619 12.32619 12.32619 12.32619 12.32619 12.32619 12.32619 12.32619 12.32619 12.32619 12.32619 12.32619 12.32619 12.32619 12.32619 12.32619 12.32619 12.32619 12.32619 12.32619 12.32619 12.32619 12.32619 12.32619 12.32619 12.32619 12.32619 12.32619 12.32619 12.32619 12.32619 12.32619 12.32619 12.32619 12.32619 12.32619 12.32619 12.32619 11.67218 8.584234 8.584234 8.584234 8.584234 8.584234 8.584234 8.584233 8.584234 8.584233 8.584234 8.584233 8.584234 8.584233 8.584234 8.584234
0 0 0 0 0 0 0 0 0 0 0 0 0 0 0 0 0 0 0 16.00049 13.27948 12.32619 12.32619 12.32619 12.32619 12.32619 12.32619 12.32619 12.32619 12.32619 12.32619 12.32619 12.32619 12.32619 12.32619 12.32619 12.32619 12.32619 12.32619 12.32619 12.32619 12.32619 12.32619 12.32619 12.32619 12.32619 12.32619 12.32619 12.32619 12.32619 12.32619 12.32619 12.32619 12.32619 12.32619 12.32619 12.32619 12.32619 12.32619 12.32619 12.32619 12.32619 12.32619 12.32619 11.28973 8.584234 8.584233 8.584234 8.584233 8.584233 8.584233 8.584233 8.584233 8.584233 8.584233 8.584234 8.584233 8.584234 8.584233 8.584234
0 0 0 0 0 0 0 0 0 0 0 0 0 0 0 0 0 0 0 0 0 13.75003 12.32619 12.32619 12.32619 12.32619 12.32619 12.32619 12.32619 12.32619 12.32619 12.32619 12.32619 12.32619 12.32619 12.32619 12.32619 12.32619 12.32619 12.32619 12.32619 12.32619 12.32619 12.32619 12.32619 12.32619 12.32619 12.32619 12.32619 12.32619 12.32619 12.32619 12.32619 12.32619 12.32619 12.32619 12.32619 12.32619 12.32619 12.32619 12.32619 12.32619 12.32619 12.32619 10.92302 8.584234 8.584234 8.584234 8.584234 8.584234 8.584234 8.584234 8.584234 8.584234 8.584234 8.584234 8.584234 8.584234 8.584234 8.584234
0 0 0 0 0 0 0 0 0 0 0 0 0 0 0 0 0 0 0 0 17.58649 12.65026 12.32619 12.32619 12.32619 12.32619 12.32619 12.32619 12.32619 12.32619 12.32619 12.32619 12.32619 12.32619 12.32619 12.32619 12.32619 12.32619 12.32619 12.32619 12.32619 12.32619 12.32619 12.32619 12.32619 12.32619 12.32619 12.32619 12.32619 12.32619 12.32619 12.32619 12.32619 12.32619 12.32619 12.32619 12.32619 12.32619 12.32619 12.32619 12.32619 12.32619 12.32619 12.32619 12.02316 8.976036 8.584234 8.584233 8.584234 8.584233 8.584234 8.584233 8.584234 8.584233 8.584234 8.584233 8.584234 8.584233 8.584234 8.584233
0 0 0 0 0 0 0 0 0 0 0 0 0 0 0 0 0 0 0 0 12.32619 12.32619 12.32619 12.32619 12.32619 12.32619 12.32619 12.32619 12.32619 12.32619 12.32619 12.32619 12.32619 12.32619 12.32619 12.32619 12.32619 12.32619 12.32619 12.32619 12.32619 12.32619 12.32619 12.32619 12.32619 12.32619 12.32619 12.32619 12.32619 12.32619 12.32619 12.32619 12.32619 12.32619 12.32619 12.32619 12.32619 12.32619 12.32619 12.32619 12.32619 12.32619 12.32619 12.32619 12.32619 11.396 8.629139 8.584234 8.584234 8.584234 8.584234 8.584234 8.584234 8.584234 8.584234 8.584234 8.584234 8.584234 8.584235 8.584234
0 0 0 0 0 0 0 0 0 0 0 0 0 0 0 0 0 0 0 0 13.49254 12.32619 12.32619 12.32619 12.32619 12.32619 12.32619 12.32619 12.32619 12.32619 12.32619 12.32619 12.32619 12.32619 12.32619 12.32619 12.32619 12.32619 12.32619 12.32619 12.32619 12.32619 12.32619 12.32619 12.32619 12.32619 12.32619 12.32619 12.32619 12.32619 12.32619 12.32619 12.32619 12.32619 12.32619 12.32619 12.32619 12.32619 12.32619 12.32619 12.32619 12.32619 12.32619 12.32619 12.32619 12.32619 10.46684 8.584234 8.584235 8.584234 8.584234 8.584234 8.584234 8.584234 8.584234 8.584234 8.584235 8.584234 8.584234 8.584234
0 0 0 0 0 0 0 0 0 0 0 0 0 0 0 0 0 0 0 0 0 12.32619 12.32619 12.32619 12.32619 12.32619 12.32619 12.32619 12.32619 12.32619 12.32619 12.32619 12.32619 12.32619 12.32619 12.32619 12.32619 12.32619 12.32619 12.32619 12.32619 12.32619 12.32619 12.32619 12.32619 12.32619 12.32619 12.32619 12.32619 12.32619 12.32619 12.32619 12.32619 12.32619 12.32619 12.32619 12.32619 12.32619 12.32619 12.32619 12.32619 12.32619 12.32619 12.32619 12.32619 12.32619 12.28535 9.53362 8.584233 8.584234 8.584233 8.584234 8.584233 8.584234 8.584234 8.584234 8.584233 8.584234 8.584234 8.584234
0 0 0 0 0 0 0 0 0 0 0 0 0 0 0 0 0 0 0 12.85775 12.32619 12.32619 12.32619 12.32619 12.32619 48.72588 118.2808 180.9908 194.1648 156.5147 108.9316 12.3458 12.32619 12.32619 12.32619 12.32619 12.32619 12.32619 12.32619 12.32619 12.32619 12.32619 12.32619 12.32619 12.32619 12.32619 12.32619 12.32619 12.32619 12.32619 12.32619 12.32619 12.32619 12.32619 12.32619 12.32619 12.32619 12.32619 12.32619 12.32619 12.32619 12.32619 12.32619 12.32619 12.32619 12.32619 12.32619 11.35629 8.609853 8.584234 8.584234 8.584234 8.584233 8.584234 8.584234 8.584234 8.584233 8.584234 8.584233 8.584234
0 0 0 0 0 0 0 0 0 0 0 0 0 0 0 0 0 0 0 0 0 12.3674 12.32619 12.32619 133.3457 269.0904 269.2932 269.2932 269.2932 269.2932 269.2932 23.76776 12.32619 12.32619 12.32619 12.32619 12.32619 12.32619 12.32619 12.32619 12.32619 12.32619 12.32619 12.32619 12.32619 12.32619 12.32619 12.32619 12.32619 12.32619 12.32619 12.32619 12.32619 12.32619 12.32619 12.32619 12.32619 12.32619 12.32619 12.32619 12.32619 12.32619 12.32619 12.32619 12.2293 11.02039 9.496143 8.59161 8.584234 8.584234 8.584234 8.584235 8.584234 8.584234 8.584234 8.584234 8.584234 8.584234 8.584234 8.584235
0 0 0 0 0 0 0 0 0 0 0 0 0 0 0 0 0 0 0 0 0 0 0 58.42192 263.5266 269.2932 269.2932 269.2932 269.2932 269.2932 269.2932 44.517 12.32619 12.32619 12.32619 12.32619 12.32619 12.32619 12.32619 12.32619 12.32619 12.32619 12.32619 12.32619 12.32619 12.32619 12.32619 12.32619 12.32619 12.32619 12.32619 12.32619 12.32619 12.32619 12.32619 12.32619 12.32619 12.32619 12.32619 12.32619 12.32619 12.32619 11.88564 10.36749 8.904031 8.584233 8.584233 8.584235 8.584233 8.584235 8.584235 8.584235 8.584233 8.584235 8.584233 8.584235 8.584235 8.584235 8.584233 8.584235
0 0 0 0 0 0 0 0 0 0 0 0 0 0 0 0 0 0 0 0 0 0 0 0 254.0807 269.2932 269.2932 269.2932 269.2932 269.2932 269.2932 167.5155 12.32619 12.32619 12.32619 12.32619 12.32619 12.32619 12.32619 12.32619 12.32619 12.32619 12.32619 12.32619 12.32619 12.32619 12.32619 12.32619 12.32619 12.32619 12.32619 12.32619 12.32619 12.32619 12.32619 12.32619 12.32619 12.32619 12.32619 12.32619 12.32619 11.40015 8.640448 8.584234 8.584234 8.584234 8.584234 8.584234 8.584234 8.584234 8.584234 8.584233 8.584234 8.584235 8.584234 8.584235 8.584234 8.584234 8.584234 8.584233
0 0 0 0 0 0 0 0 0 0 0 0 0 0 0 0 0 0 0 0 0 0 0 0 0 0 191.9402 269.2932 269.2932 269.2932 269.2932 269.2647 107.3714 12.32619 12.32619 12.32619 12.32619 12.32619 12.32619 12.32619 12.32619 12.32619 12.32619 12.32619 12.32619 12.32619 12.32619 12.32619 12.32619 12.32619 12.32619 12.32619 12.32619 12.32619 12.32619 12.32619 12.32619 12.32619 12.32619 12.32619 12.32619 12.32619 10.67432 8.588915 8.584234 8.584234 8.584234 8.584233 8.584234 8.584233 8.584234 8.584234 8.584234 8.584234 8.584234 8.584234 8.584234 8.584234 8.584234 8.584234
0 0 0 0 0 0 0 0 0 0 0 0 0 0 0 0 0 0 0 0 0 0 269.2932 269.2932 247.9907 0 0 186.0733 269.2932 269.2932 269.2932 269.2932 260.787 120.604 16.45557 12.32619 12.32619 12.32619 12.32619 12.32619 12.32619 12.32619 12.32619 12.32619 12.32619 12.32619 12.32619 12.32619 12.32619 12.32619 12.32619 12.32619 12.32619 12.32619 12.32619 12.32619 12.32619 12.32619 12.32619 12.32619 12.32619 12.32619 12.32619 10.59448 8.58549 8.584234 8.584234 8.584234 8.584234 8.584234 8.584234 8.584234 8.584234 8.584234 8.584234 8.584234 8.584234 8.584234 8.584234 8.584234
0 0 0 0 0 0 0 0 0 0 0 0 0 0 0 0 0 0 0 0 0 0 269.0532 269.2932 269.2932 269.2932 269.2932 269.2932 269.2932 269.2932 269.2932 269.2932 269.2932 269.2932 213.7927 49.94405 12.32619 12.32619 12.32619 12.32619 12.32619 12.32619 12.32619 12.32619 12.32619 12.32619 12.32619 12.32619 12.32619 12.32619 12.32619 12.32619 12.32619 12.32619 12.32619 12.32619 12.32619 12.32619 12.32619 12.32619 12.32619 12.32619 12.32619 12.32619 10.50418 8.584234 8.584234 8.584234 8.584234 8.584234 8.584234 8.584234 8.584234 8.584234 8.584234 8.584234 8.584234 8.584234 8.584234 8.584234
0 0 0 0 0 0 0 0 0 0 0 0 0 0 0 0 0 0 0 0 0 0 149.7986 269.2932 269.2932 269.2932 269.2932 269.2932 269.2932 269.2932 269.2932 269.2932 269.2932 269.2932 269.2932 258.4449 96.23716 12.32619 12.32619 12.32619 12.32619 12.32619 12.32619 12.32619 12.32619 12.32619 12.32619 12.32619 12.32619 12.32619 12.32619 12.32619 12.32619 12.32619 12.32619 12.32619 12.32619 12.32619 12.32619 12.32619 12.32619 12.32619 12.32619 12.32619 12.32618 10.39592 8.584233 8.584233 8.584233 8.584233 8.584233 8.584233 8.584233 8.584233 8.584233 8.584233 8.584233 8.584233 8.584233 8.584233
0 0 0 0 0 0 0 0 0 0 0 0 0 0 0 0 0 0 0 0 0 0 0 174.0787 269.2932 269.2932 269.2932 269.2932 269.2932 269.2932 269.2932 269.2932 269.2932 269.2932 269.2932 269.2932 268.3444 137.7682 13.20947 12.32619 12.32619 12.32619 12.32619 12.32619 12.32619 12.32619 12.32619 12.32619 12.32619 12.32619 12.32619 12.32619 12.32619 12.32619 12.32619 12.32619 12.32619 12.32619 12.32619 12.32619 12.32619 12.32619 12.32619 12.32619 12.32619 12.32436 10.2863 8.584233 8.584234 8.584233 8.584233 8.584233 8.584234 8.584233 8.584233 8.584233 8.584233 8.584233 8.584234 8.584233
0 0 0 0 0 0 0 0 0 0 0 0 0 0 0 0 0 0 0 0 0 0 0 0 269.2932 269.2932 269.2932 269.2932 269.2932 269.2932 269.2932 269.2932 269.2932 269.2932 269.2932 269.2932 269.2932 269.2932 198.683 34.95118 12.32619 12.32619 12.32619 12.32619 12.32619 12.32619 12.32619 12.32619 12.32619 12.32619 12.32619 12.32619 12.32619 12.32619 12.32619 12.32619 12.32619 12.32619 12.32619 12.32619 12.32619 12.32619 12.32619 12.32619 12.32619 12.32619 12.31911 10.18011 8.584234 8.584234 8.584234 8.584234 8.584233 8.584234 8.584234 8.584234 8.584233 8.584234 8.584233 8.584234
0 0 0 0 0 0 0 0 0 0 0 0 0 0 0 0 0 0 0 0 0 0 0 202.9148 269.2932 269.2932 269.2932 269.2932 269.2932 269.2932 269.2932 269.2932 269.2932 269.2932 269.2932 269.2932 269.2932 269.2932 269.2932 247.4063 98.11898 12.32619 12.32619 12.32619 12.32619 12.32619 12.32619 12.32619 12.32619 12.32619 12.32619 12.32619 12.32619 12.32619 12.32619 12.32619 12.32619 12.32619 12.32619 12.32619 12.32619 12.32619 12.32619 12.32619 12.32619 12.32619 12.32619 12.31045 10.07734 8.584234 8.584234 8.584234 8.584234 8.584234 8.584234 8.584234 8.584234 8.584234 8.584234 8.584234
0 0 0 0 0 0 0 0 0 0 0 0 0 0 0 0 0 0 0 0 0 0 166.4797 269.2932 269.2932 269.2932 269.2932 269.2932 269.2932 269.2932 269.2932 269.2932 269.2932 269.2932 269.2932 269.2932 269.2932 269.2932 269.2932 269.2932 269.2866 181.9236 32.72785 12.32619 12.32619 12.32619 12.32619 12.32619 12.32619 12.32619 12.32619 12.32619 12.32619 12.32619 12.32619 12.32619 12.32619 12.32619 12.32619 12.32619 12.32619 12.32619 12.32619 12.32619 12.32619 12.32619 12.32619 12.32619 12.29837 9.975954 8.584234 8.584233 8.584233 8.584234 8.584234 8.584233 8.584234 8.584233 8.584233 8.584234
0 0 0 0 0 0 0 0 0 0 0 0 0 0 0 0 0 0 0 0 0 0 193.4574 269.2932 269.2932 269.2932 269.2932 269.2932 269.2932 269.2932 269.2932 269.2932 269.2932 269.2932 269.2932 269.2932 269.2932 269.2932 269.2932 269.2932 269.2932 269.2932 246.7369 102.1602 13.08436 12.32619 12.32619 12.32619 12.32619 12.32619 12.32619 12.32619 12.32619 12.32619 12.32619 12.32619 12.32619 12.32619 12.32619 12.32619 12.32619 12.32619 12.32619 12.32619 12.32619 12.32619 12.32619 12.32619 12.32619 12.28037 9.851969 8.584233 8.584233 8.584233 8.584233 8.584233 8.584233 8.584233 8.584233 8.584233
0 0 0 0 0 0 0 0 0 0 0 0 0 0 0 0 0 0 0 0 0 0 194.8683 269.2932 269.2932 269.2932 269.2932 269.2932 269.2932 269.2932 269.2932 269.2932 269.2932 269.2932 269.2932 269.2932 269.2932 269.2932 269.2932 269.2932 269.2932 269.2932 269.2932 269.2932 209.5426 64.27953 12.32619 12.32619 12.32619 12.32619 12.32619 12.32619 12.32619 12.32619 12.32618 12.32619 12.32618 12.32619 12.32619 12.32619 12.32619 12.32619 12.32619 12.32619 12.32619 12.32619 12.32619 12.32619 12.32619 12.32619 12.25305 9.728129 8.584233 8.584234 8.784252 13.97857 21.33544 28.69146 36.04664 43.40098
0 0 0 0 0 0 0 0 0 0 0 0 0 0 0 0 0 0 0 0 0 0 0 192.7543 267.1117 269.2932 269.2932 269.2932 269.2932 269.2932 269.2932 269.2932 269.2932 269.2932 269.2932 269.2932 269.2932 269.2932 269.2932 269.2932 269.2932 269.2932 269.2932 269.2932 269.2932 267.35 184.0554 118.4437 69.08536 12.32619 12.32619 12.32619 12.32619 12.68736 72.59497 112.8113 107.6549 70.03024 26.36581 12.32619 12.32619 12.32619 12.32619 12.32619 12.32619 12.32619 12.32619 12.32619 12.32619 12.32619 12.32619 12.21936 22.89402 40.12236 47.65167 49.86129 49.86129 49.86129 49.86129 49.86129
0 0 0 0 0 0 0 0 0 0 0 0 0 0 0 0 0 0 0 0 0 0 0 0 0 168.0681 262.5036 269.2932 269.2932 269.2932 269.2932 269.2932 269.2932 269.2932 269.2932 269.2932 269.2932 269.2932 269.2932 269.2932 269.2932 269.2932 269.2932 269.2932 269.2932 269.2932 269.2932 269.2932 269.0669 153.0677 13.76383 12.32619 12.32619 152.3196 269.2932 269.2932 269.2932 269.2932 268.3404 237.7767 193.1776 130.7303 35.33636 12.32619 12.32619 12.32619 12.32619 12.32619 12.32619 12.32619 12.32619 12.32619 13.73939 40.40405 49.86129 49.86129 49.86129 49.86129 49.86129 49.86129
0 0 0 0 0 0 0 0 0 0 0 0 0 0 0 0 0 0 0 0 0 0 0 0 0 0 0 175.2018 265.8843 269.2932 269.2932 269.2932 269.2932 269.2932 269.2932 269.2932 269.2932 269.2932 269.2932 269.2932 269.2932 269.2932 269.2932 269.2932 269.2932 269.2932 269.2932 269.2932 269.2932 269.2932 106.2787 12.32619 53.93077 267.6356 269.2932 269.2932 269.2932 269.2932 269.2932 269.2932 269.2932 269.2932 263.7581 176.3954 56.15089 12.32619 12.32619 12.32619 12.32619 12.32619 12.32619 12.32619 12.32619 14.0902 41.41911 49.86129 49.86129 49.86129 49.86129 49.86129
0 0 0 0 0 0 0 0 0 0 0 0 0 0 0 0 0 0 0 0 0 0 0 0 0 0 0 0 0 229.4449 269.2932 269.2932 269.2932 269.2932 269.2932 269.2932 269.2932 269.2932 269.2932 269.2932 269.2932 269.2932 269.2932 269.2932 269.2932 269.2932 269.2932 269.2932 269.2932 269.2932 269.2263 217.492 237.8172 269.2932 0 0 0 106.3562 0 269.2932 269.2932 269.2932 269.2932 269.2932 263.5421 112.9895 12.32619 12.32619 12.32619 12.32619 12.32619 12.32619 12.32619 12.32619 14.6707 42.57673 49.86129 49.86129 49.86129 49.86129
0 0 0 0 0 0 0 0 0 0 0 0 0 0 0 0 0 0 0 0 0 0 0 0 0 0 0 0 0 0 0 177.8055 196.8631 185.3588 181.1378 168.7439 155.7384 154.8875 152.4579 0 0 0 0 0 0 197.2813 253.3723 269.021 269.2932 269.2932 269.2932 269.2932 269.2932 238.5912 0 0 0 0 0 0 266.1524 257.7176 269.2932 269.2932 269.2932 269.2011 156.2057 15.53679 12.32619 12.32619 12.32619 12.32619 12.32619 12.32619 12.32619 15.34583 43.64906 49.86129 49.86129 49.86129
