Scenarios/Global_Grid/data/country_data_population_distribution/processed/density_grids/zwe.asc
ncols 193
nrows 177
xllcorner 25
yllcorner -22
[rows 60 to 89 of 177, columns 68 to 135 of 193]
11.8321 11.8321 11.8321 11.8321 11.8321 11.8321 11.8321 11.8321 11.8321 24.90007 29.79392 29.79392 29.79391 29.79391 29.79392 29.79391 29.79392 29.79392 29.79392 29.79391 29.79392 29.79391 29.79392 29.79391 29.79391 29.79391 29.79392 29.79391 29.79392 29.79391 29.79391 29.79391 29.79392 29.79391 29.79392 29.79391 29.79392 29.79391 27.77431 26.98118 26.98119 26.98118 26.98119 26.98119 26.98119 26.98118 26.98119 26.98118 26.98118 26.98118 26.98118 26.98118 26.98119 26.98118 29.74825 34.40366 34.40366 34.40366 481.376 1135.986 34.40366 34.40366 34.40366 34.40366 34.40366 34.40366 34.40366 34.40366
11.8321 11.8321 11.8321 11.8321 11.8321 11.8321 11.8321 11.8321 13.85863 18.71022 24.48925 29.79391 29.79391 29.79391 29.79391 29.79391 29.79391 29.79391 29.79391 29.79391 29.79391 29.79391 29.79391 29.79391 29.79391 29.79391 29.79391 29.79391 29.79391 50.03767 69.36209 29.79391 29.79391 29.79391 29.79391 29.79391 29.79391 29.79391 29.38626 27.58772 26.98118 26.98119 26.98118 26.98118 26.98118 26.98119 26.98118 26.98119 26.98118 26.98119 26.98118 26.98119 26.98118 26.98118 27.67354 27.90181 32.79082 34.40366 35.47681 83.40249 34.40366 34.40366 34.40366 34.40366 34.40366 34.40366 34.40366 34.40366
11.8321 11.8321 11.8321 11.8321 11.8321 11.8321 11.8321 11.87531 27.9358 29.79391 29.79391 29.79391 29.79391 29.79391 29.79391 29.79391 29.79391 29.79391 29.79391 29.79392 29.79391 29.79391 29.79391 29.79391 29.79391 29.79391 29.79391 29.79391 29.79391 175.2873 906.209 188.5573 29.79391 29.79391 29.79391 29.79391 29.79391 29.79391 29.79391 29.78281 28.32335 26.98118 26.98118 26.98118 26.98118 26.98119 26.98118 26.98119 26.98118 26.98119 26.98118 26.98119 26.98118 26.98118 27.52159 103.7207 28.41941 33.9181 34.40366 34.40366 34.40366 34.40366 34.40366 34.40366 34.40366 34.40366 34.40366 34.40366
11.8321 11.8321 11.8321 11.8321 11.8321 11.66704 10.78436 11.79448 29.79392 29.79391 29.79391 29.79391 29.79391 29.79392 29.79391 29.79391 29.79391 29.79391 29.79391 29.79392 29.79391 29.79392 29.79391 29.79392 29.79391 29.79392 29.79391 29.79392 29.79391 29.79392 30.07627 29.79392 29.79391 29.79392 29.79391 29.79392 29.79391 29.79391 29.79391 29.79392 29.70754 27.91245 25.96314 26.98119 26.98118 26.98118 26.98118 26.98118 26.98118 26.98118 26.98118 26.98119 26.98118 30.94693 62.22359 236.4444 145.9932 29.99505 32.90208 34.40366 34.40366 34.40366 34.40366 34.40366 34.40366 34.40366 34.40366 34.40366
11.8321 11.8321 11.8321 11.8321 11.77025 10.68057 10.42773 11.59411 29.79391 29.79391 29.79391 29.79391 29.79391 29.79391 29.79391 29.79391 29.79391 29.79391 29.79391 29.79391 29.79391 29.79391 29.79391 29.79391 29.79391 29.79391 29.79391 29.79391 29.79391 29.79391 29.79391 29.79391 29.79391 29.79391 29.79391 29.79391 29.79391 29.79391 29.79391 29.79391 29.79391 24.73007 21.98952 23.64537 26.66496 26.98118 26.98118 26.98118 26.98118 26.98118 26.98118 26.98118 62.24994 290.6396 345.0012 344.3071 226.8937 29.99476 31.11389 34.40366 34.40366 34.40366 34.40366 34.40366 34.40366 34.40366 34.40366 34.40366
11.8321 11.8321 11.8321 11.8321 11.39945 10.42773 10.42773 11.1291 29.79391 29.79391 29.79391 29.79391 29.79391 29.79391 29.79391 29.79391 29.79391 29.79391 29.79391 29.79391 29.79391 29.79391 29.79391 29.79391 29.79391 29.79391 29.79391 29.79391 29.79391 29.79391 29.79391 29.79391 29.79391 29.79391 29.79391 29.79391 29.79391 29.79391 29.79391 29.79391 29.79391 23.75504 21.94648 21.94648 22.09595 24.70884 26.98118 26.98118 26.98118 26.98118 26.98118 124.8263 349.6759 380.4911 380.491 380.4911 163.192 29.99476 30.17413 30.62528 32.51984 34.40366 34.40366 34.40366 34.40366 34.40366 34.40366 34.40366
11.64872 11.47163 11.24121 11.04295 10.73949 10.42773 10.42773 10.52064 29.65921 29.79391 29.79391 29.79391 29.79391 29.79391 29.79391 29.79391 29.79391 29.79391 29.79391 29.79391 29.79391 29.79391 29.79391 29.79391 29.79391 29.79391 29.79391 29.79391 29.79391 29.79391 29.79391 29.79391 29.79391 29.79391 29.79391 29.79391 29.79391 29.79391 29.79391 29.79391 29.79391 27.00935 21.94648 21.94648 21.94648 23.98911 28.85823 28.30268 27.35008 26.98118 26.98118 130.1783 356.1157 380.4911 380.4911 328.4999 118.3473 29.99476 29.99476 29.99477 30.19655 30.63491 32.16874 33.58514 34.09464 34.33512 34.40366 34.40366
10.42773 10.42773 10.42773 10.42773 10.42773 10.42773 10.42773 10.42773 28.89417 29.79391 29.79391 29.79391 29.79391 29.79391 29.79391 29.79391 29.79391 29.79391 29.79391 29.79391 29.79391 29.79391 29.79391 29.79391 29.79391 29.79391 29.79391 29.79391 29.79391 29.79391 29.79391 29.79391 29.79391 29.79391 29.79391 29.79391 29.79391 29.79391 29.79391 29.79391 29.79391 29.41306 21.94648 21.94648 21.94648 26.6768 29.99476 29.99476 29.98476 29.3606 28.37336 27.46362 41.26746 147.3525 166.5481 38.88725 29.99476 29.99476 29.99476 29.99476 29.99476 29.99476 29.99476 29.99476 29.99476 30.0738 31.75699 33.61347
10.42773 10.42773 10.42773 10.42773 10.42773 10.42773 10.42773 10.42773 28.22689 29.79391 29.79391 29.79391 29.79391 29.79391 29.79391 29.79391 29.79391 29.79391 29.79391 29.79391 29.79391 29.79391 29.79391 29.79391 29.79391 29.79391 29.79391 29.79391 29.79391 29.79391 29.79391 29.79391 29.79391 29.79391 29.79391 29.79391 29.79391 29.79391 29.79391 29.79391 29.79391 27.31571 21.94648 21.94648 21.94648 28.06684 29.99476 29.99476 29.99476 29.99476 29.99476 29.99476 29.99476 29.99476 29.99477 29.99476 29.99476 29.99476 29.99477 29.99476 29.99476 29.99476 29.99476 29.99476 29.99476 29.99476 30.12028 33.95165
10.42773 10.42773 10.42773 10.42773 10.42773 10.42773 10.42773 10.42773 28.77681 29.79391 29.10608 29.79391 29.79391 29.79391 29.79391 29.79391 29.79391 29.79391 29.79391 29.79391 29.79391 29.79391 29.79391 29.79391 29.79391 29.79391 29.79391 29.79391 29.79391 29.79391 29.79391 29.79391 29.79391 29.79391 29.79391 29.79391 29.79391 29.79391 29.79391 29.79391 29.75645 23.57092 21.94648 21.94648 21.94648 28.89381 29.99476 29.99476 29.99476 29.99476 29.99476 29.99476 29.99476 29.99476 29.99476 29.99476 29.99476 29.99477 29.99477 29.99476 29.99476 29.99476 29.99476 29.99476 29.99476 29.99476 30.15106 31.86686
10.42773 10.42773 10.42773 10.42773 10.42773 10.42773 10.42773 10.42773 12.44203 13.56599 10.53015 13.67174 16.56851 20.3371 21.27386 26.00484 26.94286 25.60163 25.85423 26.37943 24.80319 24.24858 25.05072 24.47522 23.68434 25.42713 26.92521 27.31715 27.58843 28.25161 28.23076 28.30976 28.32594 28.1047 28.08871 29.79391 29.79391 29.79391 29.79391 29.79392 27.41656 21.94648 21.94648 21.94648 21.94648 27.51244 28.80601 29.99476 29.99476 29.99476 29.99477 29.99476 29.99476 29.99476 29.99476 29.99476 29.99476 29.99476 29.99476 29.99476 29.99476 29.99476 29.99476 29.99477 29.99476 29.99476 29.99476 29.99476
10.42773 10.42773 10.42773 10.42773 10.42773 10.42773 10.42773 10.42773 10.42773 10.42773 10.42773 10.42773 10.42773 10.42773 10.42773 20.10833 21.49111 21.49111 21.49111 21.49111 21.49111 21.49111 21.49111 21.49111 21.49111 21.49111 21.49111 21.49111 21.49111 21.49111 21.49111 21.49111 21.49111 21.49111 21.91345 27.33364 26.57655 25.46705 24.67429 24.67532 22.5448 21.94648 21.94648 21.94648 21.94648 21.94648 22.49416 26.96256 26.97631 28.16258 29.99476 29.99477 29.99476 29.99476 29.99476 29.99476 29.99476 29.99476 29.99476 29.99476 29.99476 29.99476 29.99476 29.99476 29.99476 29.99476 29.99477 29.99476
10.42773 10.42773 10.42773 10.42773 10.42773 10.42773 10.42773 10.42773 10.42773 10.42773 10.42773 10.42773 10.42773 10.42773 10.42773 18.07639 21.49111 21.49111 21.49111 21.49111 21.49111 21.49111 21.49111 21.49111 21.49111 21.49111 21.49111 21.49111 21.49111 21.49111 21.49111 21.49111 21.49111 21.54025 21.70027 21.93543 21.94648 21.94648 21.94648 21.94648 21.94648 21.94648 21.94648 21.94648 21.94648 21.94648 21.94648 21.94648 21.94648 22.60164 24.2296 28.85605 29.99477 29.99477 29.99477 29.99477 29.99477 29.99477 29.99477 29.99477 29.99477 29.99477 29.99477 29.99477 29.99477 29.99477 29.99477 29.99477
10.42773 10.42773 10.42773 10.42773 10.42773 10.42773 10.42773 10.42773 10.42773 10.42773 10.42773 10.42773 10.42773 10.42773 10.42773 15.76539 21.49111 21.49111 21.49111 21.49111 21.49111 21.49111 21.49111 21.49111 21.49111 21.49111 21.49111 21.49111 21.49111 21.49111 21.54799 21.7048 21.84757 21.94339 21.94648 21.94648 21.94648 21.94648 21.94648 21.94648 21.94648 21.94648 21.94648 21.94648 21.94648 21.94648 21.94648 21.94648 21.94648 21.94648 21.94648 22.66584 24.5325 27.68894 26.86176 26.63562 28.49108 28.98895 29.99476 29.99476 29.99476 29.99476 29.99476 29.99476 29.99476 29.99476 29.99476 29.99476
10.42773 10.42773 10.42773 10.42773 10.42773 10.42773 10.42773 10.42773 10.42773 10.42773 10.42773 10.42773 10.42773 10.42773 10.42773 12.03657 21.49111 21.49111 21.49111 21.49111 21.49111 21.49111 21.49111 21.49111 21.49111 21.49111 21.49111 21.49111 21.56039 21.89622 21.94648 21.94648 21.94648 21.94648 21.94648 21.94648 21.94648 21.94648 21.94648 21.94648 21.94648 21.94648 21.94648 21.94648 21.94648 21.94648 21.94648 21.94648 21.94648 21.94648 21.94648 21.94648 21.94648 21.94648 21.94648 21.94648 21.94648 22.25692 23.16973 23.73422 25.86001 29.74158 29.99476 29.99476 29.99476 29.99477 29.99476 29.99476
10.42773 10.42773 10.42773 10.42773 10.42773 10.42773 10.42773 10.42773 10.42773 10.42773 10.42773 10.42773 10.42773 10.42773 10.42773 12.40714 21.49111 21.49111 21.49111 21.49111 21.49111 21.49111 21.49111 21.49111 21.49111 21.49111 21.49111 21.49111 21.49471 21.92721 21.94648 21.94648 21.94648 21.94648 21.94648 21.94648 21.94648 21.94648 21.94648 21.94648 21.94648 21.94648 21.94648 21.94648 21.94648 21.94648 21.94648 21.94648 21.94648 21.94648 21.94648 21.94648 21.94648 21.94648 21.94648 21.94648 21.94648 21.94648 21.94648 21.94648 21.94648 25.70277 29.38193 29.97591 29.99477 29.99476 29.99476 29.99476
10.42773 10.42773 10.42773 10.42773 10.42773 10.42773 10.42773 10.42773 10.42773 10.42773 10.42773 10.42773 10.42773 10.42773 10.42773 14.89146 21.49111 21.49111 21.49111 21.49111 21.49111 21.49111 21.49111 21.49111 21.49111 21.49111 21.49111 21.49111 21.49111 21.85218 21.94648 21.94648 21.94648 21.94648 21.94648 21.94648 21.94648 21.94648 21.94648 21.94648 21.94648 21.94648 21.94648 21.94648 21.94648 21.94648 21.94648 21.94648 21.94648 21.94648 21.94648 21.94648 21.94648 21.94648 21.94648 21.94648 21.94648 21.94648 21.94648 21.94648 21.94648 21.94648 22.55527 22.89463 28.02321 29.99476 29.99476 29.99476
10.42773 10.42773 10.42773 10.42773 10.42773 10.42773 10.42773 10.42773 10.42773 10.42773 10.42773 10.42773 10.42773 10.42773 10.42773 15.2438 21.49111 21.49111 21.49111 21.49111 21.49111 21.49111 21.49111 21.49111 21.49111 21.49111 21.49111 21.49111 21.49111 21.71836 21.94648 21.94648 21.94648 21.94648 21.94648 21.94648 21.94648 21.94648 21.94648 21.94648 21.94648 21.94648 21.94648 21.94648 21.94648 21.94648 21.94648 21.94648 21.94648 21.94648 21.94648 190.6639 693.9409 21.94648 21.94648 21.94648 21.94648 21.94648 21.94648 21.94648 21.94648 21.94648 21.94648 21.94648 22.04071 22.22126 27.69721 29.99476
10.42773 10.42773 10.42773 10.42773 10.42773 10.42773 10.42773 10.42773 10.42773 10.42773 10.42773 10.42773 10.42773 10.42773 10.42773 15.0045 21.49111 21.49111 21.49111 21.49111 21.49111 21.49111 21.49111 21.49111 21.49111 21.49111 21.49111 21.49111 21.49111 21.59458 21.94648 21.94648 21.94648 21.94648 21.94648 21.94648 21.94648 21.94648 21.94648 21.94648 21.94648 21.94648 21.94648 21.94648 21.94648 21.94648 21.94648 21.94648 21.94648 164.1553 661.8535 1127.385 1129.73 21.94648 21.94648 21.94648 21.94648 21.94648 21.94648 21.94648 21.94648 21.94648 21.94648 21.94648 21.88938 18.45272 18.50035 20.70053
10.42773 10.42773 10.42773 10.42773 10.42773 10.42773 10.42773 10.42773 10.42773 10.42773 10.42773 10.42773 10.42773 10.42773 10.42773 13.94634 21.49111 21.49111 21.49111 21.49111 21.49111 21.49111 21.49111 21.49111 21.49111 21.49111 21.49111 21.49111 21.49111 21.49572 21.90898 21.94648 21.94648 21.94648 21.94648 21.94648 21.94648 21.94648 21.94648 21.94648 21.94648 21.94648 21.94648 21.94648 21.94648 21.94648 21.94648 21.94648 21.94648 99.24905 273.7722 939.9987 308.8229 21.94648 21.94648 21.94648 21.94648 21.94648 21.94648 21.94648 21.94648 21.94648 21.94648 21.94648 21.80354 18.67996 18.34072 18.34072
10.42773 10.42773 10.42773 10.42773 10.42773 10.42773 10.42773 10.42773 10.42773 10.42773 10.42773 10.42773 10.42773 10.42773 10.42773 13.75347 21.49111 21.49111 21.49111 21.49111 21.49111 21.49111 21.49111 21.49111 21.49111 21.49111 21.49111 21.49111 21.49111 21.49111 21.81567 21.94648 21.94648 21.94648 21.94648 21.94648 21.94648 21.94648 21.94648 21.94648 21.94648 21.94648 21.94648 21.94648 21.94648 21.94648 21.94648 21.94648 32.24214 189.572 238.1201 132.1498 22.68718 21.94648 21.94648 21.94648 21.94648 21.94648 21.94648 21.94648 21.94648 21.94648 21.94648 21.94648 19.2834 18.34072 18.34072 18.34072
10.42773 10.42773 10.42773 10.42773 10.42773 10.42773 10.42773 10.42773 10.42773 10.42773 10.42773 10.42773 10.42773 10.42773 10.42773 13.30947 21.49111 21.49111 21.49111 21.49111 21.49111 21.49111 21.49111 21.49111 21.49111 21.49111 21.49111 21.49111 21.49111 21.49111 21.59805 21.85266 21.94648 21.94648 21.94648 21.94648 21.94648 21.94648 21.94648 21.94648 21.94648 21.94648 21.94648 21.94648 21.94648 21.94648 21.94648 21.94648 56.46319 313.3454 310.8843 310.4957 96.23122 21.94648 21.94648 21.94648 21.94648 21.94648 21.94648 21.94648 21.94648 21.94648 21.94648 21.94648 18.97052 18.34072 18.34072 18.34072
10.42773 10.42773 10.42773 10.42773 10.42773 10.42773 10.42773 10.42773 10.42773 10.42773 10.42773 10.42773 10.42773 10.42773 10.42773 10.44289 12.09466 14.19077 18.44677 21.49111 21.49111 21.49111 21.49111 21.49111 21.49111 21.49111 21.49111 21.49111 21.49111 21.49111 21.49111 21.56866 21.94219 21.94648 21.94648 21.94648 21.94648 21.94648 21.94648 21.94648 21.94648 21.94648 21.94648 21.94648 21.94648 21.94648 21.94648 21.94648 34.82912 59.32668 120.4014 74.62871 34.97237 21.94648 21.94648 21.94648 21.86082 21.94648 21.94648 21.94648 21.78212 21.94648 19.61426 18.93716 18.56691 18.34072 18.34072 18.34072
12.65414 10.42773 10.42773 10.42773 10.42773 10.42773 10.42773 10.42773 10.42773 10.42773 10.42773 10.42773 10.42773 10.42773 10.42773 10.42773 10.42773 10.42773 14.14748 21.49111 21.49111 21.49111 21.49111 21.49111 21.49111 21.49111 21.49111 21.49111 21.49111 21.49111 21.49111 21.50052 21.94074 21.94648 21.94648 21.94648 21.94648 21.94648 21.94648 21.94648 21.94648 21.94648 21.94648 21.94648 21.94648 21.94648 21.94648 21.94648 21.94648 21.94648 21.94648 21.94648 21.94648 21.94648 21.941 21.94648 18.1312 18.08891 19.8854 20.17346 18.47351 19.72843 18.85083 18.34072 18.34072 18.34072 18.34072 18.34072
14.74888 10.42773 10.42773 10.42773 10.42773 10.42773 10.42773 10.42773 10.42773 10.42773 10.42773 10.42773 10.42773 10.42773 10.42773 10.80649 10.82625 10.60737 12.45044 21.48203 21.49111 21.49111 21.49111 21.49111 21.49111 21.49111 21.49111 21.49111 21.49111 21.49111 21.49111 21.52925 21.94648 21.94648 21.94648 21.94648 21.94648 21.94648 21.94648 21.94329 20.49372 18.5192 18.52567 19.66327 20.58493 21.55495 21.94648 21.88916 20.11242 17.43822 20.354 19.42333 18.18986 17.29915 16.72303 18.02241 16.99777 16.48598 17.24306 18.34028 18.34072 18.34072 18.34072 18.34072 18.34072 18.34072 18.34072 18.34072
15.06228 10.57508 10.42773 10.42773 10.42773 10.42773 10.42773 10.42773 10.42773 10.42773 10.42773 10.42773 10.47139 10.79639 10.44808 11.57109 11.68375 11.68375 11.68375 12.16812 14.49655 18.53565 21.40876 21.49111 21.49111 21.49111 21.49111 21.49111 21.49111 21.49111 21.49111 21.50821 21.89674 21.94648 21.94648 21.94648 21.94648 21.94648 21.02117 18.10208 16.48599 16.48598 16.48599 16.48599 16.48599 16.49141 17.00223 16.95349 16.48599 16.48598 16.48599 16.48598 16.48599 16.48599 16.48598 16.48599 16.48599 16.9422 18.32798 18.34072 18.34072 18.34072 18.34072 18.34072 18.34072 18.34072 18.34072 18.34072
15.41328 12.48773 10.42773 10.42773 10.42773 10.42773 10.42773 10.42773 10.42773 10.42773 10.42773 10.63242 11.46092 11.68375 11.56431 11.68375 11.68375 11.68375 11.68375 11.68375 11.68375 11.68375 12.19337 16.46783 20.50157 21.49111 21.49111 21.49111 21.49111 21.49111 21.49111 21.49111 21.52843 21.87104 21.94648 21.94648 21.85431 19.26567 16.5751 16.48599 16.48599 16.48599 16.48599 16.48599 16.48599 16.48599 16.48599 16.48599 16.48599 16.48599 16.48598 16.48599 16.48599 16.48599 16.48599 16.48599 16.48599 16.48599 16.77273 17.49862 18.34072 18.34072 18.34072 18.34072 18.34072 18.34072 18.34072 18.34072
14.34221 10.49267 10.42773 10.42773 10.42773 10.42773 10.42773 10.42773 10.42773 10.43524 10.85027 11.58233 11.68375 11.68375 11.68375 11.68375 11.68375 11.68375 11.68375 11.68375 11.68375 11.68375 11.68375 11.68375 11.88898 14.92051 19.26329 21.48688 21.49111 21.49111 21.49111 21.49111 21.49111 21.53671 21.89107 21.73853 17.77241 16.48598 16.48598 16.48599 16.48598 16.48599 16.48598 16.48598 16.48598 16.48598 16.48598 16.48599 16.48598 16.48599 16.48598 16.48598 16.48598 16.48598 16.48599 16.48598 16.48598 16.81289 17.70986 18.19888 18.34072 18.34072 18.34072 18.34072 18.34072 18.34072 18.34072 18.34072
12.70166 10.42773 10.42773 10.42773 10.42773 10.42773 10.42773 10.42773 10.48281 11.36154 11.68375 11.68375 11.68375 11.68375 11.68375 11.68375 11.68375 11.68375 11.68375 11.68375 11.68375 11.68375 11.68375 11.68375 11.68375 11.68375 11.68375 12.72369 18.42366 21.49111 21.49111 21.49111 21.49111 21.49111 21.43404 17.91809 16.48599 16.48599 16.48599 16.48599 16.48599 16.48599 16.48599 16.48599 16.48599 16.48599 16.48599 16.48599 16.48599 16.48599 16.48599 16.48599 16.48599 16.48599 16.48599 16.48599 16.48599 16.59064 16.92472 18.16762 18.34072 18.34072 18.34072 18.34072 18.34072 18.34072 18.34072 18.34072
11.41414 10.42773 10.42773 10.42773 10.42773 10.42773 10.42773 10.55686 11.40678 12.07582 12.28219 11.68375 11.68375 11.68375 11.68375 11.68375 11.68375 11.68375 11.68375 11.68375 11.68375 11.68375 11.68375 11.68375 11.68375 11.68375 11.68375 11.68375 11.68841 16.02711 21.41179 21.49111 21.49111 21.49111 18.60066 16.48599 16.48599 16.48599 16.48599 16.48599 16.48599 16.48599 16.48599 16.48599 16.48599 16.48599 16.48599 16.48598 16.48599 16.48598 16.48599 59.90822 16.48599 16.48599 16.48598 16.48598 16.48599 16.48599 16.48599 16.70724 18.33411 18.34072 18.34072 18.34072 18.34072 18.34072 18.34072 18.34072
