Scenarios/Global_Grid/data/country_data_population_distribution/processed/density_grids/zwe.asc
ncols 193
nrows 177
xllcorner 25
yllcorner -22
[rows 30 to 59 of 177, columns 68 to 135 of 193]
0 0 0 0 0 0 0 0 0 7.776236 7.776236 7.776236 7.776236 7.776236 7.776235 7.776235 7.776235 7.776236 7.776235 7.776236 7.776235 7.776236 7.776235 7.776236 7.776236 7.776236 7.776235 7.776235 7.776235 7.776236 7.776236 7.776235 7.776235 7.776236 12.50125 19.64601 19.64601 19.64601 19.64601 19.64601 19.64601 19.646 19.64601 19.64601 19.646 19.64601 19.64601 19.646 19.64601 19.64601 19.64601 19.64601 19.64601 19.64601 19.64601 20.13902 20.924 20.924 20.924 20.924 20.924 20.924 20.924 20.924 21.13895 40.60333 51.70438 51.77528
0 0 0 0 0 0 0 0 0 7.776236 7.776236 7.776236 7.776236 7.776236 7.776236 7.776236 7.776236 7.776236 7.776235 7.776236 7.776236 7.776236 7.776236 7.776236 7.776236 7.776236 7.776236 7.776236 7.776236 7.776236 7.776236 7.776236 7.781698 9.409664 9.177929 19.30691 19.64601 19.64601 19.64601 19.64601 19.64601 19.64601 19.64601 19.64601 19.64601 19.64601 19.64601 19.64601 19.64601 19.64601 19.64601 19.64601 19.64601 19.64601 19.64601 20.24859 20.924 20.924 20.924 20.924 20.924 20.924 20.924 20.924 26.94089 51.77528 51.77528 51.77528
0 0 0 0 0 0 0 0 0 7.776236 7.776236 7.776236 7.776236 7.776236 7.776236 7.776236 7.776236 7.776236 7.776236 7.776236 7.776236 7.776236 7.776236 7.776236 7.776236 7.776236 7.776236 7.776236 7.776236 7.776236 9.087237 15.20878 16.81492 19.646 19.64601 19.64601 19.64601 19.64601 19.64601 19.64601 19.64601 19.64601 19.64601 19.64601 19.64601 19.64601 19.64601 19.64601 19.64601 19.64601 19.64601 19.64601 19.64601 19.64601 19.64601 20.3251 20.924 20.924 20.924 20.924 20.924 20.924 20.924 20.924 39.732 51.77528 51.77528 51.77528
0 0 0 0 0 0 0 11.8321 11.8321 7.776236 7.776235 7.776236 7.776236 7.776236 7.776236 7.776236 7.776236 7.776236 7.776236 7.776236 7.776236 7.776236 7.776236 7.776236 7.776236 7.776236 7.776236 7.776236 9.32079 13.50251 17.04412 19.646 19.64601 19.646 19.646 19.646 19.64601 19.64601 19.64601 19.646 19.64601 19.646 19.64601 19.64601 19.64601 19.64601 19.64601 19.64601 19.64601 19.646 19.64601 19.646 19.64601 19.646 19.65167 20.78374 20.924 20.924 20.924 20.924 20.924 20.924 20.924 21.16144 50.21286 51.77528 51.77528 51.77528
0 0 0 0 0 0 11.8321 11.8321 11.8321 7.903555 7.776236 7.776236 7.776235 7.776236 7.776235 7.776236 7.776235 7.776235 7.776235 7.776236 7.776235 7.776236 7.776235 7.776236 7.776235 7.776236 7.776235 7.776236 8.031087 14.69531 19.64526 19.64601 19.646 19.64601 19.646 19.64601 19.64601 19.646 19.646 19.64601 19.646 19.64601 19.646 19.64601 19.646 19.64601 19.646 19.646 19.646 19.646 19.646 19.64601 19.66553 19.72017 19.77658 20.924 20.924 20.924 20.924 20.924 20.924 20.924 20.924 21.33299 51.00845 51.77528 51.77528 51.77528
0 0 0 0 11.8321 11.8321 11.8321 11.8321 11.65677 9.878087 7.812433 7.776236 7.776236 7.776236 7.776236 7.776236 7.776236 7.776236 7.776236 7.776237 7.776236 7.776236 7.776236 7.776236 7.776236 7.776236 7.776236 7.776236 7.776236 7.776236 17.52097 19.646 19.646 19.64601 19.646 19.646 19.646 19.646 19.646 19.646 19.646 19.646 19.646 19.646 19.646 19.646 19.64601 19.64601 19.64601 19.646 19.64601 19.646 20.34825 20.57635 20.52532 20.924 20.924 20.924 20.924 20.924 20.924 20.924 20.924 28.45153 51.77527 51.77528 51.77528 51.77528
0 0 11.8321 11.8321 11.8321 11.8321 11.8321 11.8321 11.8321 11.8321 11.1079 8.379547 7.776236 7.776236 7.776236 7.776236 7.776236 7.776236 7.776236 7.776236 7.776236 7.776236 7.776236 7.776236 7.776236 7.776236 11.82362 19.69815 19.93345 24.90492 27.84235 19.64601 19.64601 19.64601 19.64601 19.64601 19.64601 19.64601 19.64601 19.64601 19.64601 19.64601 19.64601 19.64601 19.64601 19.64601 19.64601 19.64601 19.64601 19.64601 19.64601 19.75111 20.69036 20.924 20.924 20.924 20.924 20.924 20.924 20.924 20.924 20.924 24.96 48.9213 51.77528 51.77528 51.77528 51.77527
11.8321 11.8321 11.8321 11.8321 11.8321 11.8321 11.8321 11.8321 11.8321 11.8321 11.8321 9.354031 7.776236 7.776236 7.776236 7.776236 7.776236 7.776236 7.776236 7.776236 7.776236 7.776236 7.776236 7.776236 8.750203 21.36525 35.088 35.13043 35.13043 35.13043 34.85471 21.09125 19.64601 19.64601 19.64601 19.64601 19.64601 19.64601 19.64601 19.64601 19.64601 19.64601 19.64601 19.64601 19.64601 19.646 19.64601 19.64601 19.86387 20.18688 20.60457 20.77983 20.924 20.924 20.924 20.92399 20.924 20.924 20.924 20.924 20.924 20.924 38.83829 51.77528 51.77528 51.77528 51.77528 51.77528
11.8321 11.8321 11.8321 11.8321 11.8321 11.8321 11.8321 11.8321 11.8321 11.8321 11.8321 10.24781 7.776236 7.776236 7.776236 7.776236 7.776236 7.776236 7.776236 7.776236 7.776236 7.776236 7.776236 11.03007 34.02595 35.13042 35.13043 35.13042 35.13043 35.13042 35.13042 33.07272 25.72549 20.44212 19.646 19.64601 19.64601 19.64601 19.64601 19.64601 19.64601 19.64601 19.646 19.64601 19.646 19.64601 19.64601 19.66896 20.5768 20.924 20.924 20.924 20.924 20.924 20.924 20.924 20.924 20.924 20.924 20.924 20.924 20.924 44.28146 51.77528 51.77528 51.77528 51.77528 51.77528
11.8321 11.8321 11.8321 11.8321 11.8321 11.8321 11.8321 11.8321 11.8321 11.8321 11.8321 11.26762 7.776236 7.776236 7.776236 7.776236 7.776236 7.776236 7.776236 7.776236 7.776236 7.776236 7.776236 24.87263 35.13043 35.13042 35.13043 35.13042 35.13042 35.13042 35.13042 35.13042 35.13043 32.79729 25.56883 21.02993 19.64601 19.64601 19.64601 19.64601 19.64601 19.64601 19.64601 19.64601 19.64601 19.64601 19.64601 19.66062 20.20682 20.924 20.924 20.924 20.924 20.924 20.924 20.924 20.99226 20.93265 20.924 20.924 20.924 21.84248 45.88361 51.77528 51.77528 51.77528 51.77528 51.77528
11.8321 11.8321 11.8321 11.8321 11.8321 11.8321 11.8321 11.8321 11.8321 11.8321 11.8321 11.7734 8.820175 7.776235 7.776236 7.776235 7.776235 7.776236 7.776236 7.776235 7.776235 7.776235 16.36581 33.03071 35.13043 35.13042 35.13043 35.13042 35.13043 35.13042 35.13043 35.13042 35.13043 35.13042 35.13042 34.7617 31.33835 30.69045 20.89442 19.646 19.64601 19.646 19.646 19.64601 19.64601 19.68016 20.25016 20.82583 20.924 20.924 20.924 20.924 20.924 20.924 20.924 20.924 343.3418 158.9396 20.924 20.924 186.0096 105.4175 51.77528 51.77527 51.77528 51.77528 51.77528 51.77528
11.8321 11.8321 11.8321 11.8321 11.8321 11.8321 11.8321 11.8321 11.8321 11.8321 11.8321 11.8321 11.54931 9.390633 7.776236 7.776236 7.776236 7.776236 10.6671 9.722342 7.776236 14.47876 33.77835 35.13043 35.13042 35.13043 35.13043 35.13043 35.13043 35.13042 35.13042 35.13043 35.13043 35.13043 35.13042 35.13043 35.13042 35.13043 26.57957 19.64601 19.64601 19.64601 19.64601 19.64601 19.78595 20.53638 20.924 20.924 20.924 20.924 20.924 20.924 20.924 20.924 20.924 20.924 222.9589 430.6367 140.9655 329.5963 563.6801 202.5455 51.77528 51.77528 51.77528 51.77528 51.77528 51.77528
11.8321 11.8321 11.8321 11.8321 11.8321 11.8321 11.8321 11.8321 11.8321 11.8321 11.8321 11.8321 11.8321 12.24299 21.60801 19.18187 28.41716 32.32937 35.11192 32.33068 18.24743 32.23776 35.13043 35.13043 35.13043 35.13043 35.13043 35.13043 35.13043 35.13043 35.13043 35.13043 35.13043 35.13043 35.13043 35.13043 35.13043 35.13043 33.26152 23.66188 19.646 20.11946 20.63882 20.47112 20.85211 20.924 20.924 20.924 20.924 20.924 20.924 20.924 20.924 20.924 20.924 20.924 21.70698 367.0673 303.1964 507.2797 561.8706 86.98362 51.77527 51.77528 51.77528 51.77528 51.77528 51.77528
11.8321 11.8321 11.8321 11.8321 11.8321 11.8321 11.8321 11.8321 11.8321 11.8321 11.8321 11.8321 11.8321 17.01271 35.13042 35.13043 35.13042 35.13042 35.13043 35.13042 35.13042 35.13043 35.13042 35.13043 35.13042 35.13043 35.13042 35.13043 35.13042 35.13043 35.13043 35.13043 35.13042 35.13043 35.13042 35.13043 35.13042 35.13042 35.13042 34.59724 23.79985 20.84146 20.924 20.924 20.924 20.924 20.924 20.924 20.924 20.924 20.924 20.924 20.924 20.924 20.924 20.924 20.924 20.924 20.924 69.60303 179.0862 53.1379 51.77528 51.77528 51.77528 51.77527 51.77528 51.77528
11.8321 11.8321 11.8321 11.8321 11.8321 11.8321 11.8321 11.8321 11.8321 11.8321 11.8321 11.8321 11.8321 24.57417 35.13043 35.13043 35.13043 35.13043 35.13043 35.13043 35.13043 35.13043 35.13043 35.13043 35.13042 35.13043 35.13043 35.13043 35.13043 35.13043 35.13042 35.13043 35.13043 35.13043 35.13043 35.13043 35.13043 35.13043 35.13043 35.13043 34.86258 27.76804 20.924 20.924 20.924 20.924 20.924 20.924 20.924 20.924 20.924 20.924 20.924 20.924 20.924 20.924 20.924 20.924 20.924 20.924 21.33324 47.2578 51.77528 51.77528 51.77528 51.77528 51.77528 51.77528
11.8321 11.8321 11.8321 11.8321 11.8321 11.8321 11.8321 11.8321 11.8321 11.8321 11.8321 11.8321 12.34135 33.91788 35.13043 35.13042 35.13043 35.13043 35.13043 35.13042 35.13043 35.13042 35.13043 35.13042 35.13043 35.13042 35.13043 35.13042 35.13043 35.13042 35.13043 35.13042 35.13043 35.13042 35.13043 35.13042 35.13042 35.13043 35.13042 35.13042 33.70147 25.92673 21.13584 20.924 20.924 20.924 20.924 20.924 20.924 20.924 20.924 20.924 20.924 20.924 20.924 20.924 20.924 20.924 20.924 20.924 20.924 41.90581 51.77528 51.77528 51.77528 51.77528 51.77528 51.77528
11.8321 11.8321 11.8321 11.8321 11.8321 11.8321 11.8321 11.8321 11.8321 11.8321 11.8321 11.8321 11.8359 34.62745 35.13042 35.13042 35.13042 35.13042 35.13042 35.13043 35.13042 35.13043 35.13042 35.13043 35.13043 35.13043 35.13042 35.13043 35.13042 35.13043 35.13043 35.13043 35.13042 35.13043 35.13042 35.13042 35.13042 35.13042 35.13042 34.40416 28.33461 26.98118 26.37264 21.92715 20.924 20.924 20.924 20.924 20.924 20.924 20.924 20.924 20.924 20.924 20.924 20.924 20.924 20.924 20.924 20.924 20.924 38.87363 51.77528 51.77528 51.77528 51.77528 51.77528 51.77528
11.8321 11.8321 11.8321 11.8321 11.8321 11.8321 11.8321 11.8321 11.8321 11.8321 11.8321 11.8321 16.90868 35.12865 35.13043 35.13042 35.13043 35.13043 35.13042 35.13042 35.13042 35.13042 35.13042 35.13042 35.13043 35.13042 35.13042 35.13042 35.13042 35.13042 35.13043 35.13042 35.13043 35.13043 35.13043 35.13042 35.13043 35.13043 35.13042 34.24863 27.56727 26.98118 26.98118 24.429 20.924 20.924 20.924 20.924 20.924 20.924 20.924 20.924 20.924 20.924 20.924 20.924 20.924 20.924 22.59739 27.6044 33.48438 48.79487 51.77528 51.77528 51.77528 51.77528 51.77528 51.77528
11.8321 11.8321 11.8321 11.8321 11.8321 11.8321 11.8321 11.8321 11.8321 11.8321 11.8321 11.8321 20.64464 35.13042 35.13042 35.13042 35.13042 35.13043 35.13042 35.13042 35.13043 35.13042 35.13042 35.13042 35.13043 35.13042 35.13042 35.13042 35.13043 35.13042 35.13043 35.13042 35.13042 35.13042 35.13042 35.13042 35.13043 35.13042 35.13042 35.13042 28.0751 26.98118 26.98118 26.76886 22.6096 20.924 20.924 20.924 20.924 20.924 20.924 20.924 20.924 20.924 20.924 24.43318 44.29993 48.86297 51.73798 51.77528 51.77528 51.77528 51.77528 51.77528 51.77528 51.77528 51.77528 51.77528
11.8321 11.8321 11.8321 11.8321 11.8321 11.8321 11.8321 11.8321 11.8321 11.8321 11.8321 11.84284 27.08779 35.13042 35.13043 35.13043 35.13043 33.39901 30.38147 30.3227 33.79177 33.28159 30.98872 31.97114 34.98059 35.13042 35.13042 35.13042 35.13043 35.13043 35.13043 35.13042 35.13043 35.13043 35.13043 35.13042 35.13043 35.13043 35.13042 34.93206 27.29608 26.98118 26.98118 26.98118 26.54133 21.971 20.924 20.924 20.924 20.924 20.924 20.924 20.924 20.924 20.924 36.12863 51.77528 51.77528 51.77528 51.77528 51.77527 51.77528 51.77528 51.77528 51.77528 51.77528 51.77528 51.77528
11.8321 11.8321 11.8321 11.8321 11.8321 11.8321 11.8321 11.8321 11.8321 11.8321 17.02966 23.71733 35.13042 35.13042 35.01025 32.78517 32.01685 29.99386 29.79391 29.79391 29.79391 29.79391 29.79391 29.79391 31.99191 35.13042 35.13043 35.13042 35.13043 35.13042 35.13043 35.13042 35.13043 35.13042 35.13043 35.13042 35.13043 35.13043 35.13043 30.09914 26.98118 26.98118 26.98118 26.98118 26.98118 26.71358 23.85376 23.26641 20.924 20.924 20.924 20.924 20.924 20.924 22.74962 50.14522 51.77528 51.77528 51.77528 51.77528 51.77528 51.77528 51.77528 51.77528 51.77528 51.77528 51.77528 51.77528
11.8321 11.8321 11.8321 11.8321 11.8321 11.8321 11.8321 11.8321 11.8321 15.71412 34.446 35.13042 35.13043 34.82717 31.55721 29.79391 29.79391 29.79391 29.79391 29.79391 29.79391 29.79391 29.79391 29.79391 29.90162 34.16966 35.13042 35.13042 35.13042 35.13042 35.13042 35.13042 35.13042 35.13042 35.13042 35.13042 35.13042 35.13042 35.13043 31.48046 26.98118 26.98118 26.98118 26.98118 26.98118 26.98118 26.98118 26.89882 24.56153 21.19683 20.924 20.924 20.924 20.924 31.88329 51.77528 51.77528 51.77528 51.77528 51.77528 51.77528 51.77528 51.77528 51.77528 51.77528 51.77528 51.77528 51.77528
11.8321 11.8321 11.8321 11.8321 11.8321 11.8321 11.8321 11.8321 11.8321 17.78111 35.13042 34.95537 33.19402 30.3702 29.79391 29.79391 29.79391 29.79391 29.79391 29.79391 29.79391 29.79391 29.79391 29.79391 29.79391 31.03056 35.12915 35.13043 35.13042 35.13043 35.13042 35.13043 35.13042 35.13043 35.13042 35.13043 35.13042 35.13042 34.83778 27.11541 26.98118 26.98119 26.98118 26.98118 26.98118 26.98119 26.98118 26.98119 26.98118 23.54465 22.68651 20.924 21.00603 32.39859 50.72275 51.77528 51.77528 51.77528 51.77527 51.77527 51.77528 51.77528 51.77528 51.77528 51.77527 50.89591 51.77528 51.77528
11.8321 11.8321 11.8321 11.8321 11.8321 11.8321 11.8321 11.8321 11.8321 13.81546 31.52336 30.08422 29.79391 29.79391 29.79391 29.79391 29.79391 29.79391 29.79391 29.79391 29.79391 29.79391 29.79391 29.79391 29.79391 29.79391 33.76754 35.13042 35.13042 35.13042 35.13042 35.13042 35.13042 35.13042 35.13042 35.13042 35.13042 35.13042 31.21573 26.98118 26.98118 26.98118 26.98118 26.98118 26.98118 26.98118 26.98118 26.98118 26.98118 26.90577 26.75924 24.006 33.40295 51.77528 50.03804 47.55487 48.10286 50.8639 48.55147 47.26612 43.92648 46.0625 48.32277 48.60999 46.84384 36.38277 36.93424 36.1129
11.8321 11.8321 11.8321 11.8321 11.8321 11.8321 11.8321 11.8321 11.8321 20.51405 29.79391 29.79391 29.79391 29.79391 29.79391 29.79391 29.79391 29.79391 29.79391 29.79391 29.79391 29.79391 29.79391 29.79391 29.79391 29.79391 31.01269 35.04079 35.13042 35.13042 35.13042 35.13042 35.13042 35.13043 35.13042 35.13042 35.13042 34.65384 27.897 26.98119 26.98118 26.98119 26.98118 26.98118 26.98118 26.98119 26.98118 26.98118 26.98118 26.98119 26.98118 26.98119 27.5312 32.08804 34.59543 34.40366 34.40366 34.40366 34.40366 34.40366 34.40366 34.40366 34.40366 34.40366 34.40366 34.40366 34.40366 34.40366
11.8321 11.8321 11.8321 11.8321 11.8321 11.8321 11.8321 11.8321 11.98871 25.3788 29.79391 29.79391 29.79391 29.79391 29.79391 29.79391 29.79391 29.79391 29.79391 29.79391 29.79391 29.79391 29.79391 29.79391 29.79391 29.79391 29.79391 31.43586 34.82244 35.13042 35.13043 35.01945 34.77779 35.13042 35.13042 35.13042 35.13042 30.75109 26.98118 26.98118 26.98118 26.98118 26.98118 26.98118 26.98118 26.98118 26.98118 26.98118 26.98118 26.98118 26.98118 26.98118 26.98118 29.67146 34.40366 34.40366 34.40366 34.40366 34.40366 34.40366 34.40366 34.40366 34.40366 34.40366 34.40366 34.40366 34.40366 34.40366
11.8321 11.8321 11.8321 11.8321 11.8321 11.8321 11.8321 11.90419 24.58944 29.79391 29.79391 29.79391 29.79391 29.79391 29.79391 29.79391 29.79391 29.79391 29.79391 29.79391 29.79391 29.79391 29.79391 29.79391 29.79391 29.79391 29.79391 29.79391 30.83715 34.78214 34.16675 30.51196 30.97804 33.99247 32.38126 31.53046 31.4187 27.7651 26.98118 26.98118 26.98118 26.98118 26.98118 26.98118 26.98118 26.98118 26.98118 26.98118 26.98118 26.98118 26.98118 26.98118 26.98118 28.18392 34.40366 34.40366 34.40366 34.40366 34.40366 34.40366 34.40366 34.40366 34.40366 34.40366 34.40366 34.40366 34.40366 34.40366
11.8321 11.8321 11.8321 11.8321 11.8321 11.8321 11.8321 12.17267 26.37277 29.79391 29.79391 29.79391 29.79391 29.79391 29.79391 29.79391 29.79391 29.79391 29.79391 29.79391 29.79391 29.79391 29.79391 29.79391 29.79391 29.79391 29.79391 29.79391 29.79391 30.46652 30.18864 29.79391 29.79391 29.79391 29.79391 29.79391 29.7041 27.07227 26.98118 26.98118 26.98119 26.98118 26.98119 26.98119 26.98118 26.98118 26.98118 26.98118 26.98118 26.98118 26.98118 26.98118 26.98118 27.15024 34.19528 34.40366 34.40366 34.40366 34.40366 34.40366 34.40366 34.40366 34.40366 34.40366 34.40366 34.40366 34.40366 34.40366
11.8321 11.8321 11.8321 11.8321 11.8321 11.8321 11.8321 11.8321 15.59403 24.01744 29.79391 29.79391 29.79391 29.79391 29.79391 29.79391 29.79391 29.79391 29.79391 29.79391 29.79391 29.79391 29.79391 29.79391 29.79391 29.79391 29.79391 29.79391 29.79391 29.79391 29.79391 29.79391 29.79391 29.79391 29.79391 29.79391 29.79391 27.72212 26.98118 26.98118 26.98118 26.98118 26.98118 26.98118 26.98118 26.98118 26.98118 26.98118 26.98118 26.98118 26.98118 26.98118 26.98118 26.98118 31.94834 34.40366 34.40366 34.40366 34.40366 34.40366 34.40366 34.40366 34.40366 34.40366 34.40366 34.40366 34.40366 34.40366
11.8321 11.8321 11.8321 11.8321 11.8321 11.8321 11.8321 11.8321 11.8321 20.09758 29.79391 29.79391 29.79391 29.79392 29.79391 29.79392 29.79391 29.79391 29.79391 29.79392 29.79391 29.79392 29.79391 29.79392 29.79391 29.79392 29.79391 29.79392 29.79391 29.79392 29.79391 29.79392 29.79391 29.79392 29.79391 29.79391 29.79391 29.2082 26.98253 26.98118 26.98118 26.98118 26.98118 26.98119 26.98118 26.98118 26.98119 26.98118 26.98118 26.98118 26.98118 26.98118 26.98119 26.98118 30.92401 34.40366 34.40366 34.40366 739.4279 597.3455 34.40366 34.40366 34.40366 34.40366 34.40366 34.40366 34.40366 34.40366
