Scenarios/Global_Grid/data/country_data_population_distribution/processed/density_grids/zwe.asc
ncols 193
nrows 177
xllcorner 25
yllcorner -22
[rows 90 to 119 of 177, columns 68 to 135 of 193]
14.92309 11.85107 10.42773 10.42773 10.42773 10.42773 11.38274 11.63724 11.68375 12.86472 15.30821 13.94653 12.53055 11.68971 11.68375 11.68375 11.68375 11.68375 11.68375 11.68375 11.68375 11.68375 11.68375 11.68375 11.68375 11.68375 11.68375 11.68375 11.68375 11.68375 15.86549 21.49111 21.49111 19.59608 12.4152 14.87443 16.48599 16.48599 16.48598 16.48598 16.48599 16.48599 16.48599 16.48599 16.48598 16.48599 16.48598 16.48599 16.48599 16.48599 20.09398 861.6217 646.9763 209.6128 16.48599 16.48599 16.48599 16.48599 16.48599 16.51227 17.89749 18.33584 18.34072 18.34072 18.34072 18.34072 18.34464 18.34072
15.42614 13.02951 10.42773 10.42773 10.58351 13.26858 15.31731 14.79796 12.91845 13.16913 15.35805 15.35805 15.35805 14.83893 12.7949 11.6844 11.68375 11.68375 11.68375 11.68375 11.68375 11.68375 11.68375 11.68375 11.68375 11.68375 11.68375 11.68375 11.68375 11.68375 11.72338 19.17015 21.49111 16.43845 11.68375 11.79374 14.82912 16.48598 16.48598 16.48599 16.48598 16.48598 16.48598 16.48598 16.48598 16.48598 16.48598 16.48598 16.48598 155.3293 801.0946 933.4836 933.4836 647.567 30.11493 16.48598 16.48598 16.48598 16.48598 16.48598 17.05438 18.3233 18.34072 18.34072 18.34072 19.09347 21.96115 18.34072
15.42614 14.45848 11.27414 12.0859 14.53189 15.35805 15.35805 15.35805 15.35805 15.27531 15.35805 15.35805 15.35805 15.35805 15.35805 14.58841 13.03911 11.72896 11.68375 11.68375 11.68375 11.68375 11.68375 11.68375 11.68375 11.68375 11.68375 11.68375 11.68375 11.68375 11.68375 14.37833 18.25834 11.74483 11.75979 11.7099 11.78998 14.1018 16.32408 16.48598 16.48598 16.48598 16.48598 16.48598 16.48598 16.48598 16.48598 16.48598 16.48599 70.01821 916.2924 921.8809 869.1584 68.02425 16.48598 16.48598 18.99408 21.7719 19.37524 19.60988 18.78535 18.38066 20.36554 18.52707 20.04882 23.44947 21.8975 18.34072
15.42614 15.42614 15.39811 15.35805 15.35805 15.35805 15.35805 15.35805 15.35805 15.35805 15.35805 15.35805 15.35805 15.35805 15.35805 15.35805 15.35805 14.60527 12.46508 11.68375 11.68375 11.68375 11.68375 11.68375 11.68375 11.68375 11.68375 11.68375 11.68375 11.68375 11.68375 11.70955 11.81618 11.68375 12.2857 12.48211 12.17782 12.44671 14.45015 16.48599 16.48599 16.48599 16.48599 16.48599 16.48599 16.48599 16.48599 16.48599 16.48599 16.48598 314.5373 101.8366 27.75294 16.48599 17.3312 20.79024 23.23598 24.04174 24.04174 24.04174 24.04174 23.76064 24.04174 23.49036 24.04174 24.04174 21.269 18.34072
15.42614 15.42614 15.41053 15.35805 15.35805 15.35805 15.35805 15.35805 15.35805 15.35805 15.35805 15.35805 15.35805 15.35805 15.35805 15.35805 15.35805 15.35805 15.34641 14.01823 12.14752 11.68375 11.68375 11.68375 11.68375 11.68375 11.68375 11.68375 11.68375 11.68375 11.68375 11.68375 11.68375 11.68375 11.71896 12.47928 12.49711 12.49711 12.95737 16.42113 16.48598 16.48599 16.48599 16.48599 16.48599 16.48599 16.48599 16.48599 16.48598 16.48599 16.48598 16.48599 20.56023 21.89666 23.40983 24.04174 24.04174 24.04174 24.04174 24.04174 24.04174 24.04174 24.04174 24.04174 24.04174 24.04174 20.97585 18.34072
15.42614 15.42614 15.41945 15.35805 15.35805 15.35805 15.35805 15.35805 15.35805 15.35805 15.35805 15.35805 15.35805 15.35805 15.35805 15.35805 15.35805 15.35805 15.35805 15.35805 13.74928 11.68375 11.68375 11.68375 11.68375 11.68375 11.68375 11.68375 11.68375 11.68375 11.68375 11.68375 11.68375 11.68375 11.87134 12.49711 12.49711 12.49711 12.49711 14.39874 16.46741 16.48599 16.48598 16.48598 16.48598 16.48599 16.48598 16.48599 16.48598 16.48599 16.48598 18.09781 24.03717 24.04174 24.04174 27.3932 85.29105 24.04174 24.04174 24.04174 24.04174 24.04174 24.04174 24.04174 24.04174 24.04174 21.38895 18.34072
15.42614 15.42614 15.40613 15.35805 15.35805 15.35805 15.35805 15.35805 15.35805 15.35805 15.35805 15.35805 15.35805 15.35805 15.35805 15.35805 15.35805 15.35805 15.35805 15.0762 11.91513 11.68375 11.68375 11.68375 11.68375 11.68375 11.68375 11.68375 11.68375 11.68375 11.68375 11.68375 11.68375 11.98864 12.4544 12.49711 12.49711 12.49711 12.49711 12.49711 14.33309 16.48598 16.48599 16.48599 16.48599 16.48598 16.48599 16.48599 16.48599 16.48599 16.48598 19.17817 24.04174 24.04174 24.04174 94.1814 145.3131 24.04174 24.04174 24.04174 24.04174 24.04174 24.04174 24.04174 24.04174 24.04174 22.13534 18.34072
15.42614 15.42614 15.40937 15.35805 15.35805 15.35805 15.35805 15.35805 15.35805 15.35805 15.35805 15.35805 15.35805 15.35805 15.35805 15.35805 15.35805 15.35805 15.35805 15.2028 12.54519 11.68375 11.68375 11.68375 11.68375 11.68375 11.68375 11.68375 11.68375 11.68375 11.68375 11.68375 11.68375 11.80042 12.35079 12.49711 12.49711 12.49711 12.49711 12.49711 12.79277 15.64259 16.48599 16.48599 16.48599 16.48598 16.48599 16.48598 16.48599 16.48598 16.48599 20.58868 24.04174 24.04174 63.70311 153.8902 152.314 47.14118 24.04174 24.04174 24.04174 24.04174 24.04174 24.04174 24.04174 24.04174 22.86454 18.34651
15.42614 15.42614 15.42606 15.38949 15.35841 15.35805 15.35805 15.35805 15.35805 15.35805 15.35805 15.35805 15.35805 15.35805 15.35805 15.35805 15.35805 15.35805 15.35805 15.35805 15.33377 13.03865 11.68375 11.68375 11.68375 11.68375 11.68375 11.68375 11.68375 11.68375 11.68375 11.68375 11.68375 11.68375 12.11495 12.49711 12.49711 12.49711 12.49711 12.49711 12.49711 12.56946 15.73756 16.48598 16.48598 16.48599 16.48599 16.48598 16.48598 16.48598 16.48599 17.98727 23.39289 24.04174 24.48298 133.8761 155.4129 63.36489 24.04174 24.04174 24.04174 24.04174 24.04174 24.04174 24.04174 24.04174 24.04174 19.68195
15.42614 15.42614 15.42614 15.42614 15.40001 15.35901 15.35805 15.35805 15.35805 15.35805 15.35805 15.35805 15.35805 15.35805 15.35805 15.35805 15.35805 15.35805 15.35805 15.35805 15.35006 12.69596 11.68375 11.68375 11.68375 11.68375 11.68375 11.68375 11.68375 11.68375 11.68375 11.68375 11.68375 11.68375 12.206 12.49711 12.49711 12.49711 12.49711 12.49711 12.49711 12.54182 16.16041 16.48598 16.48598 16.48598 16.48598 16.48598 16.48598 16.48598 16.48599 16.48598 21.13387 24.04174 24.04174 73.01008 106.5528 24.04206 24.04174 24.04174 24.04174 24.04174 24.04174 24.04174 24.04174 24.04174 24.04174 21.81415
15.42614 15.42614 15.42614 15.42614 15.42614 15.40321 15.35848 15.35805 15.35805 15.35805 15.35805 15.35805 15.35805 15.35805 15.35805 15.35805 15.35805 15.35805 15.35805 15.35805 15.10705 11.96494 11.68375 11.68375 11.68375 11.68375 11.68375 11.68375 11.68375 11.68375 11.69953 11.74335 11.68375 11.73434 12.43093 12.49711 12.49711 12.49711 12.49711 12.49711 12.49711 12.63885 16.48144 16.48599 16.48599 16.48599 16.48599 16.48599 16.48599 16.48599 16.48599 16.48599 22.76088 24.04174 24.04174 24.04174 24.04174 24.04174 24.04174 24.04174 24.04174 24.04174 24.04174 24.04174 24.04174 24.04174 24.04174 20.98268
15.42614 15.42614 15.42614 15.42614 15.42614 15.42614 15.3848 15.35805 15.35805 15.35805 15.35805 15.35805 15.35805 15.35805 15.35805 15.35805 15.35805 15.35805 15.35805 15.35805 15.35805 14.80263 12.00348 11.68375 11.68375 11.68375 11.68375 11.68375 11.68375 11.68375 11.68607 12.38842 12.25633 12.37534 12.49711 12.49711 12.49711 12.49711 12.49711 12.49711 12.49711 12.88674 16.21244 14.24858 15.64049 16.48599 16.48599 16.48599 16.48599 16.48599 16.48598 16.48599 23.56002 24.04174 24.04174 24.04174 24.04174 24.04174 24.04174 24.04174 24.04174 24.04174 24.04174 24.04174 24.04174 24.04174 24.37072 30.67556
15.42614 15.42614 15.42614 15.42614 15.42614 15.42614 15.41982 15.36164 15.35805 15.35805 15.35805 15.35805 15.35805 15.35805 15.35805 15.35805 15.35805 15.35805 15.35805 15.35805 15.35805 15.35805 14.15244 11.68375 11.68375 11.68375 11.68375 11.68395 12.16586 13.33403 13.41916 12.22457 12.49711 12.49711 12.49711 12.49711 12.49711 12.49711 12.49711 12.49711 12.49711 12.49711 12.85822 12.49711 12.49815 14.17557 16.48598 16.2723 16.16194 16.48599 16.48598 18.05726 24.03102 24.04174 24.04174 24.04174 24.04174 24.04174 24.04174 24.04174 24.04174 24.04174 24.04174 24.04174 24.04174 24.04174 24.45889 33.48264
15.42614 15.42614 15.42614 15.42614 15.42614 15.42614 15.42614 15.40244 15.35845 15.35805 15.35805 15.35805 15.35805 15.35805 15.35805 15.35805 15.35805 15.35805 15.35805 15.35805 15.35805 15.35805 15.35611 13.07447 11.68979 11.68375 11.68375 13.00349 15.35805 15.35805 15.35805 13.35106 12.49711 12.49711 12.49711 12.49711 12.49711 12.49711 12.49711 12.49711 12.49711 12.49711 12.49711 12.49711 12.49711 12.51063 13.96161 12.82003 14.46748 16.48599 17.02566 23.55698 24.04174 24.04174 24.04174 24.0633 26.86206 27.07353 25.59824 24.07189 24.04174 24.04174 24.04174 24.04174 24.04174 24.04174 27.62471 33.78902
15.42614 15.42614 15.42614 15.42614 15.42614 15.42614 15.42614 15.42614 15.41157 15.36537 15.35805 15.35805 15.35805 15.35805 15.35805 15.35805 15.35805 15.35805 15.35805 15.35805 15.35805 15.35805 15.35805 15.26651 13.56787 13.02477 13.53869 15.30606 15.35805 15.35805 16.48467 22.26038 15.2584 12.49711 12.49711 12.49711 12.49711 12.49711 12.49711 12.49711 12.49711 12.49711 12.49711 12.49711 12.49711 12.49711 12.49711 12.49711 13.05207 13.43902 12.50808 21.64611 24.04174 24.04174 24.04174 26.78396 31.60183 31.60183 31.60183 27.33744 24.04174 24.04174 24.56714 26.99939 26.29557 27.36897 31.43467 34.36871
15.4185 15.42614 15.42614 15.42614 15.42614 15.42614 15.42614 15.42614 15.42614 15.40544 15.35814 15.35805 15.35805 15.35805 15.35805 15.35805 15.35805 43.56062 252.7578 15.35805 15.35805 99.41042 15.35805 15.35805 15.35805 15.35805 15.35805 15.35805 15.35805 16.57419 22.62315 23.5689 22.64735 12.69649 12.49711 12.49711 12.49711 12.49711 12.49711 12.49711 12.49711 12.49711 12.49711 12.49711 12.49711 12.49711 12.49711 12.49711 12.49711 12.49711 12.49711 13.69874 14.50663 23.82116 28.41755 31.24452 31.60183 31.60183 31.60183 32.10503 34.58629 38.14751 48.56109 51.02153 51.02153 51.02153 39.56364 34.36871
14.23232 15.22474 15.42614 15.42614 15.42614 15.42614 15.04239 15.40983 15.42614 15.42614 15.40764 15.36007 15.35805 15.35805 15.35805 15.35805 15.35805 42.89279 1270.165 903.0472 1001.462 1179.702 46.67204 16.35353 15.35805 15.35805 15.35805 15.92509 21.38352 23.56545 23.5689 23.5689 23.5689 14.31682 12.49711 12.49711 12.49711 12.49711 12.49711 12.49711 12.49711 12.49711 12.49711 12.49711 12.49711 12.49712 12.49711 12.49711 12.49711 12.49711 12.49711 12.49711 14.29707 27.6605 31.58652 31.60183 31.60183 31.60183 31.60183 31.68842 44.98318 51.02153 51.02153 51.02153 51.02153 51.02153 40.04663 34.36871
13.77836 14.01787 15.26951 15.42614 15.42614 15.42614 14.12731 14.56618 14.63273 14.41494 14.24339 14.36501 15.19135 15.35805 15.35805 15.35805 15.35805 20.50084 1215.376 1383.137 1383.137 1383.137 1210.824 1012.226 156.1155 15.35805 15.35805 17.24573 22.87984 23.56891 23.5689 23.5689 23.5689 19.61882 13.06179 12.49711 12.49711 12.49711 12.49711 12.49711 12.49711 12.49711 12.49711 12.49711 12.49711 12.49711 12.49711 12.49711 12.49711 12.49711 12.49711 12.49711 25.45203 31.60183 31.60183 31.60183 31.60183 31.60183 31.60183 31.60183 44.74294 51.02153 51.02153 51.02153 51.02153 51.02153 46.28634 34.36871
13.77836 13.77836 14.07259 15.01163 15.42614 15.16118 13.79759 13.77836 13.77836 13.77836 13.77836 13.77836 14.01681 15.35805 15.35805 15.35805 15.35805 420.7544 1329.64 1370.005 1383.137 1383.137 1383.137 1383.137 242.9633 15.35805 17.35675 23.33011 23.5689 23.5689 23.5689 23.5689 23.5689 23.5689 15.21927 12.49711 12.49711 12.49711 12.49711 12.49711 12.49711 12.49711 12.49711 12.49711 12.49711 12.49711 12.49711 12.49711 12.49711 12.49711 12.49711 17.60509 31.59465 31.60183 31.60183 31.60183 31.60183 31.60183 31.60184 31.60183 50.32116 51.02153 51.02153 51.02153 51.02153 51.02153 48.73941 34.67084
13.77836 13.77836 13.77836 13.82791 14.27363 14.12267 13.77836 13.77836 13.77836 13.77836 13.77836 13.77836 13.77837 14.69757 15.35805 15.35805 15.35805 131.8797 212.1672 185.5269 1180.719 1383.137 1383.137 1383.137 947.1326 15.35805 21.12159 23.5689 23.5689 23.5689 23.5689 23.5689 23.5689 23.5689 23.41637 19.01795 16.6572 12.5125 12.49711 12.49711 12.49711 12.49711 12.49711 12.49711 12.49711 12.49711 12.49711 12.49711 12.49711 12.49711 12.49711 26.51298 31.60183 31.60183 31.60183 31.60183 31.60183 31.60183 31.60183 33.25611 39.964 44.76427 50.98044 51.02153 51.02153 51.02153 51.02153 44.52554
13.77836 13.77836 13.77836 13.77836 13.77836 13.77836 13.77836 13.77836 13.77836 13.77836 13.77836 13.77836 13.77836 13.78863 14.75905 15.35805 15.35805 15.35805 15.35732 18.88235 1173.236 641.6193 705.3109 665.8559 209.6463 18.36306 23.4826 23.5689 23.5689 23.5689 23.5689 23.5689 23.5689 23.5689 23.5689 23.5689 19.77569 12.49711 12.49711 12.49711 12.49711 12.49711 12.49711 12.49711 12.49711 12.49711 12.49711 12.49711 12.49711 12.49711 12.73081 30.80805 31.60183 31.60183 31.60183 31.60183 31.60183 31.60183 31.60184 31.60183 31.60184 31.60183 39.86098 51.02153 51.02154 51.02153 51.02154 51.02153
13.77836 13.77836 13.77836 13.77836 13.77837 13.77836 13.77837 13.77836 13.77836 13.77836 13.77836 13.77836 13.77836 13.77836 13.79191 14.63827 15.35805 15.35805 14.73034 13.4311 83.29802 15.78847 13.43115 14.49516 16.44446 22.60827 23.5689 23.56891 23.5689 23.56891 23.5689 23.5689 23.5689 23.56891 23.5689 23.5689 18.84925 12.49711 12.49711 12.49711 12.49711 12.49711 12.49711 12.49711 12.49711 12.49711 12.49711 12.49711 12.49711 12.49711 16.12765 31.60183 31.60183 31.60183 31.60183 31.61882 239.4682 114.2855 31.60183 31.60183 31.60183 31.60183 44.5809 51.02153 51.02153 51.02153 51.02153 51.02153
13.77837 13.77836 13.77836 13.77836 13.77836 13.77836 13.77836 13.77836 13.77837 13.77836 13.77836 13.77837 13.77836 13.77836 13.77836 13.79945 14.88924 13.57874 13.47992 13.4311 13.4311 13.4311 13.4311 13.44553 19.24243 23.49287 23.5689 23.56891 23.5689 23.56891 23.5689 23.5689 23.5689 23.56891 23.5689 23.5689 20.25887 12.49711 12.49711 12.49711 12.49711 12.49711 12.49711 12.49711 12.49711 12.49711 12.49711 12.49711 12.49711 12.49711 23.52009 31.60184 31.60183 31.60183 31.60184 74.76013 579.9772 737.3488 216.2972 31.60183 31.60183 33.54426 50.81587 51.02153 51.02153 51.02153 51.02153 51.02153
13.77836 13.77836 13.77836 13.77836 13.77836 13.77836 13.77836 13.77836 13.77836 13.77836 13.77836 13.77836 13.77836 13.77836 13.77836 13.77836 13.57872 13.4311 13.4311 13.4311 13.4311 13.4311 13.4311 13.4311 13.4311 17.94437 19.63182 23.5689 23.5689 23.5689 23.5689 23.5689 23.5689 23.5689 23.5689 23.5689 23.30597 14.7427 12.49711 12.49711 12.49711 12.49711 12.49711 12.49711 12.49711 12.49711 12.49711 12.49711 12.49711 13.13867 37.211 32.78252 31.60183 31.60183 31.60183 31.60183 31.60183 288.1263 332.0967 31.60183 31.60183 31.94804 39.92077 47.62899 51.02153 51.02153 51.02153 51.02153
13.77837 13.77836 13.77837 13.77836 13.77837 13.77836 13.77837 13.77836 13.77837 13.77837 13.77836 13.77837 13.77836 13.77836 13.76882 13.67188 13.43196 13.4311 13.4311 13.4311 13.4311 13.4311 13.4311 13.4311 13.4311 13.4311 16.44608 23.5689 23.56891 23.5689 23.5689 23.56891 23.56891 23.5689 23.44481 21.38346 18.82244 13.65795 12.49711 12.49711 12.49711 12.49711 12.49712 12.49711 12.49711 12.49711 12.49711 12.49711 12.49711 18.70545 39.38976 38.62344 34.24284 31.83662 31.60184 31.80424 34.20285 31.60183 31.60184 31.60183 31.60184 31.60183 31.60184 34.95157 50.86768 51.02154 51.02153 51.02153
13.77836 13.77836 13.77836 16.41694 13.77836 13.77836 13.77836 13.77836 13.77836 13.77836 13.04418 13.17142 12.81717 12.30605 13.51487 13.52198 13.4311 13.4311 13.4311 13.4311 13.4311 13.4311 13.4311 13.4311 13.4311 13.4311 18.6455 23.5689 23.56891 23.5689 23.5689 23.5689 23.56891 23.5689 23.43511 13.484 12.49711 12.49711 12.49711 12.49711 12.49711 12.49711 12.49711 12.49711 12.49711 12.49711 12.49711 12.49711 12.49711 22.19116 39.38975 39.38976 39.38976 38.80082 36.31305 34.3084 39.3666 35.73726 31.68539 31.60183 31.60183 31.60183 31.60183 31.60183 33.57586 48.94526 51.02153 51.02154
13.76896 15.14929 25.4772 65.88114 38.89829 13.77836 13.77836 13.77836 13.66343 12.86036 12.08009 12.06308 12.06308 12.53655 13.58183 13.4311 13.4311 13.4311 13.4311 13.4311 13.4311 13.4311 13.4311 13.69024 18.31252 16.59475 18.24454 23.5689 23.5689 23.5689 23.5689 23.5689 23.5689 23.5689 23.5689 13.2759 12.49711 12.49711 12.49711 12.49711 12.49711 12.49711 12.49711 12.49711 12.49711 12.49711 12.49711 12.49711 12.49711 32.23785 39.38976 39.38976 39.38976 39.38976 39.38975 39.38976 39.38976 39.38976 37.21132 32.13516 31.60183 31.60184 31.60183 31.60184 31.60183 34.85275 50.76008 51.02153
0 39.00601 72.6738 72.67379 63.88166 45.44581 13.00984 13.12757 12.2077 12.06308 12.06308 12.06308 12.26259 13.51591 13.43941 13.4311 13.4311 13.4311 13.4311 13.4311 13.4311 13.4311 13.4311 13.4311 19.0667 23.45726 23.5689 23.5689 23.5689 23.5689 23.5689 23.5689 23.5689 23.56891 23.5689 14.34229 12.49711 12.49711 12.49711 12.49711 12.49711 12.49711 12.49711 12.49711 12.49711 12.49711 12.49711 12.81221 24.68525 39.17601 39.38975 39.38976 39.38975 39.38975 39.38976 39.38975 39.38975 39.38975 39.38976 36.16455 33.91399 31.67108 31.60184 31.60183 31.60183 31.60183 41.78566 51.02153
0 20.47563 51.60181 72.6738 36.66654 12.49402 12.06308 12.06308 12.06308 12.06308 12.06308 12.06308 12.29264 13.33606 13.4311 13.4311 13.4311 13.4311 13.4311 13.4311 13.4311 13.4311 13.4311 13.4311 13.74329 22.00735 23.5689 23.5689 23.5689 23.5689 23.5689 23.5689 23.5689 23.5689 23.5689 18.44426 12.26985 12.49711 12.49711 12.49711 12.49711 12.49711 12.49711 12.49711 12.49711 12.49711 13.41133 34.81157 39.38976 39.38976 39.38975 39.38976 39.38976 39.38976 39.38976 39.38976 39.38976 39.38976 39.38976 39.38976 39.38976 39.1311 37.31122 33.87323 33.43377 32.47489 34.27205 51.02153
0 12.18698 15.87367 47.03149 12.24131 12.06308 12.06308 12.06308 12.06308 12.06308 12.06308 12.06308 12.06308 12.49101 13.4311 13.4311 13.4311 13.4311 13.4311 13.4311 13.4311 13.4311 13.4311 13.4311 13.4311 15.95425 22.12848 23.56891 23.5689 23.56891 22.38731 18.61504 18.46845 16.90581 14.46172 11.59744 11.94868 12.49711 12.49711 12.49711 12.49711 12.49711 12.49711 12.49712 12.49711 12.49711 29.44168 39.29273 39.38975 39.38976 39.38976 39.38976 39.38975 39.38976 39.38976 39.38975 39.38976 39.38975 39.38976 39.38975 39.38976 39.38975 39.38976 39.38976 39.38976 39.38975 37.67485 50.99096
