Scenarios/Global_Grid/data/country_data_population_distribution/processed/density_grids/zwe.asc
ncols 193
nrows 177
xllcorner 25
yllcorner -22
[rows 60 to 89 of 177, columns 0 to 67 of 193]
24.22038 24.22037 0 0 0 0 0 0 0 0 0 0 0 0 2.380667 2.412479 2.412479 2.412479 2.412479 2.412479 2.412479 2.412479 2.412479 2.412479 2.412479 2.412479 2.412479 2.412479 2.412479 2.412479 2.412479 2.412479 2.412479 2.412479 2.412479 2.412479 2.412479 2.412479 2.412479 2.412479 2.412479 2.412479 2.412479 2.412479 2.412479 2.412479 2.412479 2.412479 3.551406 11.8298 11.8321 11.8321 11.8321 11.8321 11.8321 11.8321 11.8321 11.8321 11.8321 11.8321 11.8321 11.8321 11.8321 11.8321 11.8321 11.8321 11.8321 11.8321
24.22038 24.22038 0 0 0 0 0 0 0 0 0 0 0 0 1.996889 2.412479 2.412479 2.412479 2.412479 2.412479 2.412479 2.412479 2.412479 2.412479 2.412479 2.412479 2.412479 2.412479 2.412479 2.412479 2.412479 2.412479 2.412479 2.412479 2.412479 2.412479 2.412479 2.412479 2.412479 2.412479 2.412479 9.838363 2.412479 2.412479 2.412479 2.412479 2.412479 2.412479 2.424691 3.511839 3.20699 9.24789 11.8321 11.8321 11.8321 11.8321 11.8321 11.8321 11.8321 11.8321 11.8321 11.8321 11.8321 11.8321 11.8321 11.8321 11.8321 11.8321
24.22038 24.22037 25.57372 0 0 0 0 0 0 0 0 0 0 0 0 2.365176 2.412479 2.412479 2.412479 2.412479 2.412479 2.412479 2.412479 2.412479 2.412479 2.412479 2.412479 2.412479 2.412479 2.412479 2.412479 2.412479 2.412479 2.412479 2.412479 2.412479 2.412479 2.412479 2.412479 2.412479 5.720592 59.13903 2.412479 2.412479 2.412479 2.412479 2.412479 2.412479 2.412479 2.412479 2.412479 3.239943 5.174779 6.857224 8.706521 11.65689 11.8321 11.8321 11.8321 11.8321 11.8321 11.8321 11.8321 11.8321 11.8321 11.8321 11.8321 11.8321
24.22037 28.91186 59.97179 0 0 0 0 0 0 0 0 0 0 0 0 2.005644 2.412479 2.412479 2.412479 2.412479 2.412479 2.412479 2.412479 2.412479 2.412479 2.412479 2.412479 2.412479 2.412479 2.412479 2.412479 2.412479 2.412479 2.412479 2.412479 2.412479 2.412479 2.412479 2.412479 2.412479 64.00871 50.17433 2.412479 2.412479 2.412479 2.412479 2.412479 2.412479 2.412479 2.412479 2.412479 2.412479 2.412479 2.412479 2.412479 10.80124 11.8321 11.8321 11.8321 11.8321 11.8321 11.8321 11.8321 11.8321 11.8321 11.8321 11.8321 11.8321
24.22037 43.26171 71.23861 0 0 0 0 0 0 0 0 0 0 0 0 0 2.402063 2.412479 2.412479 2.412479 2.412479 2.412479 2.412479 2.412479 2.412479 2.412479 2.412479 2.412479 2.412479 2.412479 2.412479 2.412479 2.412479 2.412479 2.412479 2.412479 2.412479 2.412479 7.945956 40.4189 110.8943 59.94935 2.412479 2.412479 2.412479 2.412479 2.412479 2.412479 2.412479 2.412479 2.412479 2.412479 2.412479 2.412479 2.417206 5.400534 10.96629 11.8321 11.8321 11.8321 11.8321 11.8321 11.8321 11.8321 11.8321 11.8321 11.8321 11.8321
53.88131 71.48582 72.26658 0 0 0 0 0 0 0 0 0 0 0 0 0 2.142836 2.412479 2.412479 2.412479 2.412479 2.412479 2.412479 2.412479 2.412479 2.412479 2.412479 2.412479 2.412479 2.412479 2.412479 2.412479 2.412479 2.412479 2.412479 2.412479 2.412479 30.29844 109.8344 111.3514 111.3514 90.28846 2.412479 2.412479 2.412479 2.412479 2.412479 2.412479 2.412479 2.412479 2.412479 2.412479 2.412479 2.412479 2.412479 2.412479 2.959218 6.348436 8.630112 11.8321 11.8321 11.8321 11.82983 11.60694 11.40009 11.8321 11.8321 11.8321
64.81381 72.27729 72.27729 71.84856 0 0 0 0 0 0 0 0 0 0 0 0 0 2.372262 2.412479 2.412479 2.412479 2.412479 2.412479 2.412479 2.412479 2.412479 2.412479 2.412479 2.412479 2.412479 2.412479 2.412479 2.412479 2.412479 2.412479 2.412479 11.40025 101.8433 111.3514 111.3514 111.3514 61.10491 2.412479 2.412479 2.412479 2.412479 2.412479 2.412479 2.412479 2.412479 2.412479 2.412479 2.412479 2.412479 2.412479 2.412479 2.412479 2.412479 2.720268 10.01242 11.50912 11.0877 10.65164 10.42773 10.42782 11.44246 11.8321 11.80656
70.28802 72.27729 72.27729 68.37993 0 0 0 0 0 0 0 0 0 0 0 0 0 0 2.406735 2.412479 2.412479 2.412479 2.412479 2.412479 2.412479 2.412479 2.412479 2.412479 2.412479 2.412479 2.412479 2.412479 2.412479 2.412479 2.412479 2.412479 5.512989 101.4105 111.3514 111.0392 96.95881 7.329736 2.412479 2.412479 2.412479 2.412479 2.412479 2.412479 2.412479 2.412479 2.412479 2.412479 2.412479 2.412479 2.412479 2.412479 2.412479 2.846066 7.21665 11.08325 11.29833 11.14822 11.03902 10.45738 10.42773 10.50868 10.66892 10.46327
72.27728 72.27729 72.27729 0 0 0 0 0 0 0 0 0 0 0 0 0 0 0 1.891045 2.36068 2.412479 2.412479 2.412479 2.412479 2.412479 2.412479 2.412479 2.412479 2.412479 2.412479 2.412479 2.412479 2.412479 2.412479 2.412479 2.412479 2.412479 55.90828 78.28651 24.12865 4.090189 2.412479 2.412479 2.412479 2.412479 2.412479 2.412479 2.412479 2.412479 2.412479 2.412479 2.412479 2.412479 2.412479 2.412479 2.412479 2.412479 5.461903 11.80526 11.78647 11.72733 11.53527 10.62836 10.42773 10.42773 10.42773 10.42773 10.42773
72.27332 70.28436 68.37913 0 0 0 0 0 0 0 0 0 0 0 0 0 0 0 0 0 2.412479 2.412479 2.412479 2.412479 2.412479 2.412479 2.412479 2.412479 2.412479 2.412479 2.412479 2.412479 2.412479 2.412479 2.412479 2.412479 2.412479 3.020942 2.412479 2.412479 2.412479 2.412479 2.412479 2.412479 2.412479 2.412479 2.412479 2.412479 2.412479 2.412479 2.412479 2.412479 2.412479 2.412479 2.412479 2.412479 6.841463 10.18663 10.55264 10.42773 10.42773 10.42773 10.42773 10.42773 10.42773 10.42773 10.42773 10.42773
0 0 0 0 0 0 0 0 0 0 0 0 0 0 0 0 0 0 0 0 2.104513 2.412479 2.412479 2.412479 2.412479 2.412479 2.412479 2.412479 2.412479 2.412479 2.412479 2.412479 2.412479 2.412479 2.412479 2.412479 2.412479 2.412479 2.412479 2.412479 2.412479 2.412479 2.412479 2.412479 2.412479 2.412479 2.412479 2.412479 2.412479 2.412479 2.412479 2.412479 2.412479 2.412479 2.412479 3.616639 10.41505 10.42773 10.42773 10.42773 10.42773 10.42773 10.42773 10.42773 10.42773 10.42773 10.42773 10.42773
0 0 0 0 0 0 0 0 0 0 0 0 0 0 0 0 0 0 0 0 0 0 2.295634 2.412479 2.412479 2.412479 2.412479 2.412479 2.412479 2.412479 2.412479 2.412479 2.412479 2.412479 2.412479 2.412479 2.412479 2.412479 2.412479 2.412479 2.412479 2.412479 2.412479 2.412479 2.412479 2.412479 2.412479 2.412479 2.412479 2.412479 2.412479 2.412479 2.412479 2.414849 6.508307 9.473678 10.42773 10.42773 10.42773 10.42773 10.42773 10.42773 10.42773 10.42773 10.42773 10.42773 10.42773 10.42773
68.74707 0 0 0 0 0 0 0 0 0 0 0 0 0 0 0 0 0 0 0 0 0 0 2.412479 2.412479 2.412479 2.412479 2.412479 2.412479 2.412479 2.412479 2.412479 2.412479 2.412479 2.412479 2.412479 2.412479 2.412479 2.412479 2.412479 2.412479 2.412479 2.412479 2.412479 2.412479 2.412479 2.412479 2.412479 2.412479 2.412479 2.412479 2.412479 2.412479 5.162346 10.42773 10.42773 10.42773 10.42773 10.42773 10.42773 10.42773 10.42773 10.42773 10.42773 10.42773 10.42773 10.42773 10.42773
72.20022 0 0 0 0 0 0 0 0 0 0 0 0 0 0 0 0 0 0 0 0 0 0 2.388869 2.412479 2.412479 2.412479 2.412479 2.412479 2.412479 2.412479 2.412479 2.412479 2.412479 2.412479 2.412479 2.412479 2.412479 2.412479 2.412479 2.412479 2.412479 2.412479 2.412479 2.412479 2.412479 2.412479 2.412479 2.412479 2.412479 2.412479 2.412479 2.412479 4.603321 9.448144 10.42773 10.42773 10.42773 10.42773 10.42773 10.42773 10.42773 10.42773 10.42773 10.42773 10.42773 10.42773 10.42773
72.27729 70.14033 0 0 0 0 0 0 0 0 0 0 0 0 0 0 0 0 0 0 0 0 0 2.407912 2.412479 2.412479 2.412479 2.412479 2.412479 2.412479 2.412479 2.412479 2.412479 2.412479 2.412479 2.412479 2.412479 2.412479 2.412479 2.412479 2.412479 2.412479 2.412479 2.412479 2.412479 2.412479 2.412479 2.412479 2.412479 2.412479 2.412479 2.412479 2.412479 2.412479 2.77097 6.737423 9.814718 10.42773 10.42773 10.42773 10.42773 10.42773 10.42773 10.42773 10.42773 10.42773 10.42773 10.42773
72.27729 79.3792 0 0 0 0 0 0 0 0 0 0 0 0 0 0 0 0 0 0 0 0 0 2.320182 2.412479 2.412479 2.412479 2.412479 2.412479 2.412479 2.412479 2.412479 2.412479 2.412479 2.412479 2.412479 2.412479 2.412479 2.412479 2.412479 2.412479 2.412479 2.412479 2.412479 2.412479 2.412479 2.412479 2.412479 2.412479 2.412479 2.412479 2.412479 2.412479 2.412479 2.412479 2.412479 4.833863 7.452507 9.316407 10.4191 10.42773 10.42773 10.42773 10.42773 10.42773 10.42773 10.42773 10.42773
73.18513 0 0 0 0 0 0 0 0 0 0 0 0 0 0 0 0 0 0 0 0 0 0 0 2.412479 2.412479 2.412479 2.412479 2.412479 2.412479 2.412479 2.412479 2.412479 2.412479 2.412479 2.412479 2.412479 2.412479 2.412479 2.412479 2.412479 2.412479 2.412479 2.412479 2.412479 2.412479 2.412479 2.412479 2.412479 2.412479 2.412479 2.412479 2.412479 2.412479 2.412479 2.412479 2.412479 2.412479 2.412479 3.17377 6.550461 10.42773 10.42773 10.42773 10.42773 10.42773 10.42773 10.42773
0 0 0 0 0 0 0 0 0 0 0 0 0 0 0 0 0 0 0 0 0 0 0 0 2.043565 2.407975 2.412479 2.412479 2.412479 2.412479 2.412479 2.412479 2.412479 2.412479 2.412479 2.412479 2.412479 2.412479 2.412479 2.412479 2.412479 2.412479 2.412479 2.412479 2.412479 2.412479 2.412479 2.412479 2.412479 2.412479 2.412479 2.412479 2.412479 2.412479 2.412479 2.412479 2.412479 2.412479 2.412479 2.412479 3.071254 10.32331 10.42773 10.42773 10.42773 10.42773 10.42773 10.42773
0 0 0 0 0 0 0 0 0 0 0 0 0 0 0 0 0 0 0 0 0 0 0 0 0 0 2.274548 2.412479 2.412479 2.412479 2.412479 2.412479 2.412479 2.412479 2.412479 2.412479 2.412479 2.412479 2.412479 2.412479 2.412479 2.412479 2.412479 2.412479 2.412479 2.412479 2.412479 2.412479 2.412479 2.412479 2.412479 2.412479 2.412479 2.412479 2.412479 2.412479 2.412479 2.412479 2.412479 2.422899 7.765432 10.42773 10.42773 10.42773 10.42773 10.42773 10.42773 10.42773
0 0 0 0 0 0 0 0 0 0 0 0 0 0 0 0 0 0 0 0 0 0 0 0 0 0 0 2.348837 2.412479 2.412479 2.412479 2.412479 2.412479 2.412479 2.412479 2.412479 2.412479 2.412479 2.412479 2.412479 2.412479 2.412479 2.412479 2.412479 2.412479 2.412479 2.412479 2.412479 2.412479 2.412479 2.412479 2.412479 2.412479 2.412479 2.412479 2.412479 2.412479 2.412479 2.412479 5.503626 10.42773 10.42773 10.42773 10.42773 10.42773 10.42773 10.42773 10.42773
0 0 0 0 0 0 0 0 0 0 0 0 0 0 0 0 0 0 0 0 0 0 0 0 0 0 0 1.967479 2.412479 2.412479 2.412479 2.412479 2.412479 2.412479 2.412479 2.412479 2.412479 2.412479 2.412479 2.412479 2.412479 2.412479 2.412479 2.412479 2.412479 2.412479 2.412479 2.412479 2.412479 2.412479 2.412479 2.412479 2.412479 2.412479 2.412479 2.412479 2.412479 2.412479 2.412479 3.061008 8.573988 10.42773 10.42773 10.42773 10.42773 10.42773 10.42773 10.42773
0 0 0 0 0 0 0 0 0 0 0 0 0 0 0 0 0 0 0 0 0 0 0 0 0 0 0 0 2.412479 2.412479 2.412479 2.412479 2.412479 2.412479 2.412479 2.412479 2.412479 2.412479 2.412479 2.412479 2.412479 2.412479 2.412479 2.412479 2.412479 2.412479 2.412479 2.412479 2.412479 2.412479 2.412479 2.412479 2.412479 2.412479 2.412479 2.412479 2.412479 2.412479 2.412479 2.412479 2.650598 7.609205 10.42773 10.42773 10.42773 10.42773 10.42773 10.42773
0 0 0 0 0 0 0 0 0 0 0 0 0 0 0 0 0 0 0 0 0 0 0 0 0 0 0 2.938597 2.412479 2.412479 2.412479 2.412479 2.412479 2.412479 2.412479 2.412479 2.412479 2.412479 2.412479 2.412479 2.412479 2.412479 2.412479 2.412479 2.412479 2.412479 2.412479 2.412479 2.412479 2.412479 2.412479 2.412479 2.412479 2.412479 2.412479 2.412479 2.412479 2.412479 2.412479 2.412479 2.412479 2.441594 6.464534 10.40621 10.42773 10.42773 10.42773 10.42773
0 0 0 0 0 0 0 0 0 0 0 0 0 0 0 0 0 0 0 0 0 0 0 0 0 0 0 2.650015 2.412479 2.412479 2.412479 2.412479 2.412479 2.412479 2.412479 2.412479 2.412479 2.412479 2.412479 2.412479 2.412479 2.412479 2.412479 2.412479 2.412479 2.412479 2.412479 2.412479 2.412479 2.412479 2.412479 2.412479 2.412479 2.412479 2.412479 2.412479 2.412479 2.412479 2.412479 2.412479 2.412479 2.412479 4.033876 13.21871 13.79772 13.90023 14.00904 14.04493
0 0 0 0 0 0 0 0 0 0 0 0 0 0 0 0 0 0 0 0 0 0 0 0 0 0 0 0 2.466474 2.412479 2.412479 2.412479 2.412479 2.412479 2.412479 2.412479 2.412479 2.412479 2.412479 2.412479 2.412479 2.412479 2.412479 2.412479 2.412479 2.412479 2.412479 2.412479 2.412479 2.412479 2.412479 2.412479 2.412479 2.412479 2.412479 2.412479 2.412479 2.412479 2.412479 2.412479 2.412479 2.412479 4.398844 15.3857 15.42614 15.42614 15.42614 15.42614
0 0 0 0 0 0 0 0 0 0 0 0 0 0 0 0 0 0 0 0 0 0 0 0 0 0 0 0 0 2.412479 2.412479 2.412479 2.412479 2.412479 2.412479 2.412479 2.412479 2.412479 2.412479 2.412479 2.412479 2.412479 2.412479 2.412479 2.412479 2.412479 2.412479 2.412479 2.412479 2.412479 2.412479 2.412479 2.412479 2.412479 2.412479 2.412479 2.412479 2.412479 2.412479 2.412479 2.412479 2.412479 3.670229 15.01752 15.42614 15.42614 15.42614 15.42614
0 0 0 0 0 0 0 0 0 0 0 0 0 0 0 0 0 0 0 0 0 0 0 0 0 0 0 0 0 2.474246 2.412479 2.412479 2.412479 2.412479 2.412479 2.412479 2.412479 2.412479 2.412479 2.412479 2.412479 2.412479 2.412479 2.412479 2.412479 2.412479 2.412479 2.412479 2.412479 2.412479 2.412479 2.412479 2.412479 2.412479 2.412479 2.412479 2.412479 2.412479 3.26697 9.212815 12.00249 11.75037 15.17751 15.42614 15.42614 15.42614 15.42614 15.42614
0 0 0 0 0 0 0 0 0 0 0 0 0 0 0 0 0 0 0 0 0 0 0 0 0 0 0 0 0 3.545416 2.412479 2.412479 2.412479 2.412479 2.412479 2.412479 2.412479 2.412479 2.412479 2.412479 2.412479 2.412479 2.412479 2.412479 2.412479 2.412479 2.412479 2.412479 2.412479 2.412479 2.412479 2.412479 2.412479 2.412479 2.412479 2.412479 2.412479 3.604141 12.77374 15.42614 15.42614 15.42614 15.42614 15.42614 15.42614 15.42614 15.42614 15.42614
0 0 0 0 0 0 0 0 0 0 0 0 0 0 0 0 0 0 0 0 0 0 0 0 0 0 0 0 0 0 2.436626 2.412479 2.412479 2.412479 2.412479 2.412479 2.412479 2.412479 2.412479 2.412479 2.412479 2.412479 2.412479 2.412479 2.412479 2.412479 2.412479 2.412479 2.412479 2.412479 2.548477 3.705007 4.470535 5.858671 7.064588 8.980131 8.873812 12.24718 15.42614 15.42614 15.42614 15.42614 15.42614 15.42614 15.42614 15.42614 15.42614 15.42614
0 0 0 0 0 0 0 0 0 0 0 0 0 0 0 0 0 0 0 0 0 0 0 0 0 0 0 0 0 0 3.10962 2.412479 2.412479 2.412479 2.412479 2.412479 2.412479 2.412479 2.412479 2.412479 2.412479 2.412479 2.412479 2.412479 2.412479 2.412479 2.412479 2.412479 2.412479 3.746921 14.06688 15.42614 15.42614 15.42614 15.42614 15.42614 15.42614 15.42614 15.42614 15.42614 15.42614 15.42614 15.42614 15.42614 15.42614 15.42614 15.42614 15.42614
