Scenarios/Heterogeneous/data/country_data_population_distribution/processed/density_grids/afg.asc
ncols 357
nrows 228
xllcorner 60
yllcorner 29
cellsize 0.041666666666667
NODATA_value -9999
[rows 32 to 63 of 228, columns 73 to 145 of 357]
0 0 0 0 0 0 0 0 0 0 0 0 0 0 0 0 0 0 0 0 0 0 0 0 0 0 0 0 0 0 0 0 0 0 0 0 0 0 0 0 0 0 0 60.52441 72.53594 72.53672 72.53671 68.80637 34.26004 31.08657 31.08657 31.08658 31.08657 31.08657 31.08657 31.08657 21.70068 12.36107 12.36107 12.36107 12.36107 12.69358 14.32203 15.4996 16.23206 16.48161 28.45679 41.6449 41.6449 41.6449 41.6449 41.6449 41.6449
0 0 0 0 0 0 0 0 0 0 0 0 0 0 0 0 0 0 0 0 0 0 0 0 0 0 0 0 0 0 0 0 0 0 0 0 0 0 0 0 0 59.13153 72.53672 72.53672 72.53672 72.53672 72.53672 72.53672 50.53616 31.08658 31.08658 31.08658 31.08658 31.08658 31.08658 28.20151 13.0474 12.36107 12.36107 12.36107 12.36107 12.36107 12.36107 12.36107 12.36107 13.16337 31.86498 41.6449 41.6449 41.6449 41.6449 41.6449 41.6449
0 0 0 0 0 0 0 0 0 0 0 0 0 0 0 0 0 0 0 0 0 0 0 0 0 0 0 0 0 0 0 0 0 0 0 0 0 0 0 0 0 53.65582 72.53672 72.53671 72.53672 72.53672 72.53671 72.53671 62.76664 31.08658 31.08658 31.08658 31.08657 31.08658 31.08658 18.55879 12.36107 12.36107 12.36107 12.36107 12.36107 12.36107 12.36107 12.36107 12.36107 12.36107 16.11565 41.14692 41.6449 41.6449 41.6449 41.6449 41.6449
0 0 0 0 0 0 0 0 0 0 0 0 0 0 0 0 0 0 0 0 0 0 0 0 0 0 0 0 0 0 0 0 0 0 0 0 0 0 0 0 0 0 72.53672 72.53672 72.53672 72.53672 72.53672 72.53672 72.30902 35.55963 31.08658 31.08657 31.08658 31.08658 31.08658 14.21164 12.36107 12.36107 12.36107 12.36107 12.36107 12.36107 12.36107 12.36107 12.36107 12.36107 12.36107 40.58636 41.6449 41.6449 41.6449 41.6449 41.6449
0 0 0 0 0 0 0 0 0 0 0 0 0 0 0 0 0 0 0 0 0 0 0 0 0 0 0 0 0 0 0 0 0 0 0 0 0 0 0 0 0 0 72.53672 72.53672 72.53672 72.53672 72.53672 72.53673 72.53673 70.11766 47.79957 31.08658 31.08658 31.08658 28.71234 12.36685 12.36107 12.36107 12.36107 12.36107 12.36107 12.36107 12.36107 12.36107 12.36107 12.36107 12.36107 36.97514 41.6449 41.6449 41.6449 41.6449 41.6449
0 0 0 0 0 0 0 0 0 0 0 0 0 0 0 0 0 0 0 0 0 0 0 0 0 0 0 0 0 0 0 0 0 0 0 0 0 0 0 0 0 0 33.29831 54.76945 72.25046 72.53671 72.53672 72.53672 72.53672 117.3877 117.5661 96.20844 90.45171 73.26575 43.67378 12.4882 12.36107 12.36107 12.36107 12.36107 12.36107 12.36107 12.36107 12.36107 12.36107 12.36107 12.36107 26.81677 41.6449 41.6449 41.6449 41.6449 41.6449
0 0 0 0 0 0 0 0 0 0 0 0 0 0 0 0 0 0 0 0 0 0 0 0 0 0 0 0 0 0 0 0 0 0 0 0 0 0 0 0 0 0 22.5931 22.61461 32.48932 56.84473 58.50328 54.07844 65.35561 74.24995 92.76952 123.1526 127.7135 127.7135 127.6951 74.2832 12.60447 12.36107 12.36107 12.36107 12.36107 12.36107 12.36107 12.36107 12.36107 12.36107 12.36107 12.52618 23.04417 35.09274 48.62051 66.47283 72.22413
0 0 0 0 0 0 0 0 0 0 0 0 0 0 0 0 0 0 0 0 0 0 0 0 0 0 0 0 0 0 0 0 0 0 0 0 0 0 0 0 0 22.5969 22.61461 22.6146 22.61461 22.61461 22.61461 22.6146 22.61461 22.61461 22.61461 41.00028 110.6556 127.7135 127.7135 127.7135 47.94477 12.36107 12.36107 12.36107 12.36107 12.36107 12.36107 12.36107 12.36107 12.36107 12.36107 12.36107 13.4701 47.92843 73.89396 78.04159 83.90244
0 0 0 0 0 0 0 0 0 0 0 0 0 0 0 0 0 0 0 0 0 0 0 0 0 0 0 0 0 0 0 0 0 0 0 0 0 0 0 0 23.41542 22.6146 22.61461 22.6146 22.6146 22.61461 22.6146 22.6146 22.6146 22.61461 22.6146 22.61461 28.62413 96.52975 127.7135 127.7135 103.9609 19.64265 12.36107 12.36107 12.36107 12.36107 12.36107 12.36107 12.36107 12.36107 12.36107 16.60108 51.7856 73.29293 73.29293 73.29293 81.12859
0 0 0 0 0 0 0 0 0 0 0 0 0 0 0 0 0 0 0 0 0 0 0 0 0 0 0 0 0 0 0 0 0 0 0 0 0 0 0 0 22.6146 22.6146 22.61461 22.6146 22.6146 22.61461 22.61461 22.6146 22.61461 22.6146 22.6146 22.61461 22.61461 23.01503 91.96695 127.7135 127.7135 90.51837 12.36107 12.36107 12.36107 12.36107 12.36107 12.36107 12.36107 35.27383 61.19576 71.87138 73.29293 73.29293 73.29293 73.29293 82.15419
0 0 0 0 0 0 0 0 0 0 0 0 0 0 0 0 0 0 0 0 0 0 0 0 0 0 0 0 0 0 0 0 0 0 0 0 0 0 0 22.94865 22.61461 22.61461 22.61461 22.6017 22.59639 22.59771 22.61461 22.61461 22.61388 22.53361 22.49949 22.529 22.46158 22.30931 22.31017 54.74344 77.4826 59.11982 12.36107 12.36107 12.36107 12.36107 12.36107 25.13786 39.29038 65.33243 73.29293 73.29293 73.29293 73.29293 73.29293 76.32385 84.31872
0 0 0 0 0 0 0 0 0 0 0 0 0 0 0 0 0 0 0 0 0 0 0 0 0 0 0 0 0 0 0 0 0 0 0 0 0 0 0 22.53177 22.35419 22.20044 22.11304 22.0579 22.05638 22.07514 22.18912 22.20703 22.1141 22.05638 22.05638 22.05638 22.05638 22.05638 22.05638 22.05638 22.05638 26.79728 13.95959 12.36107 13.45548 29.08058 52.83351 72.96449 73.29293 73.29292 73.29293 73.29294 73.29293 73.29293 73.36767 81.92428 80.33421
0 0 0 0 0 0 0 0 0 0 0 0 0 0 0 0 0 0 0 0 0 0 0 0 0 0 0 0 0 0 0 0 0 0 0 0 0 0 22.53131 22.07129 22.05638 22.05638 22.05638 22.05638 22.05638 22.05638 22.05638 22.05638 22.05638 22.05638 22.05638 22.05638 22.05638 22.05638 22.05638 22.05638 35.4999 72.76291 69.01177 58.06013 68.03212 73.29292 73.29293 73.29294 73.29293 73.29293 73.29293 73.29293 73.29293 73.29293 73.29293 73.29292 72.29338
0 0 0 0 0 0 0 0 0 0 0 0 0 0 0 0 0 0 0 0 0 0 0 0 0 0 0 0 0 0 0 0 0 0 0 0 0 0 22.05638 22.05638 22.05638 22.05638 22.05638 22.05638 22.05638 22.05638 22.05638 22.05638 22.05638 22.05638 22.05638 22.05638 22.05638 22.05638 22.05638 22.05638 31.63327 62.03099 73.29293 73.29293 73.29293 73.29293 73.29293 73.29293 73.29293 73.29293 73.29293 73.29293 73.29293 73.29293 73.29293 73.29293 67.94375
0 0 0 0 0 0 0 0 0 0 0 0 0 0 0 0 0 0 0 0 0 0 0 0 0 0 0 0 0 0 0 0 0 0 0 0 0 0 22.05638 22.05638 22.05638 22.05638 22.05638 22.05638 22.05638 22.05638 22.05638 22.05638 22.05638 22.05638 22.05638 22.05638 22.05638 22.05638 22.05638 22.05638 22.05638 33.35084 73.29293 73.29293 73.29293 73.29293 73.29293 73.29293 73.29293 73.29293 73.29293 73.29293 73.29293 73.29293 73.29293 73.29293 73.03006
0 0 0 0 0 0 0 0 0 0 0 0 0 0 0 0 0 0 0 0 0 0 0 0 0 0 0 0 0 0 0 0 0 0 0 0 0 0 22.08695 22.05638 22.05638 22.05638 22.05638 22.05638 22.05638 22.05638 22.05638 22.05638 22.05638 22.05638 22.05638 22.05638 22.05638 22.05638 22.05638 22.05638 22.05638 35.68265 67.1552 73.29293 73.29293 73.29293 73.29293 73.29293 73.29293 73.29293 73.29293 73.29293 73.29293 73.29293 73.29293 75.0322 77.69044
0 0 0 0 0 0 0 0 0 0 0 0 0 0 0 0 0 0 0 0 0 0 0 0 0 0 0 0 0 0 0 0 0 0 0 0 0 0 22.41564 22.05638 22.05638 22.05638 26.99634 24.3994 22.05638 22.05638 22.05638 22.05638 22.05638 22.05638 22.05638 22.05638 22.05638 22.05638 22.05638 22.05638 22.05638 22.05638 52.77952 73.29293 73.29293 73.29293 73.29293 73.29293 73.29293 73.29293 73.29293 75.07655 77.1017 76.83324 79.78246 82.68668 82.69167
0 0 0 0 0 0 0 0 0 0 0 0 0 0 0 0 0 0 0 0 0 0 0 0 0 0 0 0 0 0 0 0 0 0 0 0 0 0 22.50207 22.05638 24.30421 40.46968 52.00666 32.03281 22.05638 22.05638 22.05638 22.05638 22.05638 22.05638 22.05638 22.05638 22.05638 22.05638 22.05638 22.05638 22.05638 46.94909 73.22365 73.29292 73.29293 73.29293 73.29293 73.29293 73.29293 73.93506 80.25587 82.68291 82.69167 82.69167 82.69167 82.69167 82.69167
0 0 0 0 0 0 0 0 0 0 0 0 0 0 0 0 0 0 0 0 0 0 0 0 0 0 0 0 0 0 0 0 0 0 0 0 0 25.43246 30.66606 41.72263 51.10691 52.26899 52.26899 38.74318 22.05638 22.05638 22.05638 22.05638 22.05638 22.05638 22.05693 28.7049 33.46785 24.85602 22.05638 22.05638 22.05638 35.48293 72.70448 73.29293 73.29292 73.29293 73.29292 73.29293 73.29293 77.03287 82.69167 82.69167 82.69167 82.69167 82.69167 82.69167 82.69167
0 0 0 0 0 0 0 0 0 0 0 0 0 0 0 0 0 0 0 0 0 0 0 0 0 0 0 0 0 0 0 0 0 0 0 0 0 51.60119 52.26899 52.26899 52.26899 52.26899 52.26898 46.07147 23.53808 22.05638 28.13607 24.96321 33.1594 31.2775 45.75005 52.26899 52.26898 44.63437 24.56417 24.17485 24.40448 24.11086 52.38727 73.29293 73.29293 73.29293 73.29293 73.29293 73.26194 68.20043 80.43742 82.69167 82.69167 82.69167 82.69167 82.69167 82.69167
0 0 0 0 0 0 0 0 0 0 0 0 0 0 0 0 0 0 0 0 0 0 0 0 0 0 0 0 0 0 0 0 0 0 0 0 49.33921 52.26899 52.26899 52.26899 52.26899 52.26899 52.26899 52.26899 46.17721 45.70106 52.03731 51.93612 52.26899 52.26899 52.26899 52.26899 52.26899 38.53747 27.32635 27.32635 27.32635 27.32635 35.43275 71.82113 73.29293 73.26373 65.85389 58.128 53.24117 47.44994 65.52563 82.69167 82.69167 82.69167 82.69167 82.69167 82.69167
0 0 0 0 0 0 0 0 0 0 0 0 0 0 0 0 0 0 0 0 0 0 0 0 0 0 0 0 0 0 0 0 0 0 0 51.18026 52.26899 52.26899 52.26899 52.26899 52.26899 52.26899 52.26899 52.26899 52.26899 52.26899 52.26899 52.26899 52.26899 52.26899 52.26899 52.26899 43.25796 30.97012 27.32635 27.32635 27.32635 27.32635 27.32635 45.33709 62.4636 51.37438 47.44994 47.44994 47.44994 47.44994 60.71472 82.69167 82.69167 82.69167 82.69167 82.69167 82.69167
0 0 0 0 0 0 0 0 0 0 0 0 0 0 0 0 0 0 0 0 0 0 0 0 0 0 0 0 0 0 0 0 39.3079 45.87004 52.26701 52.26899 52.26899 56.3362 52.26899 52.26899 52.26899 52.26899 52.26899 52.26899 52.26899 52.26899 52.26899 52.26899 52.26899 52.26899 52.26899 51.5012 27.62065 27.32635 27.32635 27.32635 27.32635 27.32635 27.32635 33.92154 47.49187 47.44994 47.44994 47.44994 47.44994 47.44994 47.89605 73.3579 80.43983 82.69167 82.69167 82.69167 82.69167
0 0 0 0 0 0 0 0 0 0 0 0 0 0 0 0 0 0 0 0 0 0 0 0 0 0 0 0 0 0 42.18099 52.256 52.26899 52.26899 59.10523 64.71906 68.26457 80.90841 69.71486 52.26899 52.26899 52.26899 52.26898 54.47623 56.20266 52.26899 52.26898 52.26899 52.26898 52.26899 52.26899 41.6787 27.32635 27.32635 27.32635 27.32635 27.32635 27.32635 27.91127 45.45378 47.44994 47.44994 47.44994 47.44994 47.44994 47.44994 47.44994 47.48184 59.48279 82.69167 82.69167 82.69167 82.69167
0 0 0 0 0 0 0 0 0 0 0 0 0 0 0 0 0 0 0 0 0 0 0 0 0 0 0 53.46267 49.694 48.21173 53.65034 52.27181 52.26899 56.35096 83.35514 83.98235 83.98235 83.98235 67.02798 52.27502 52.26899 52.26899 67.91026 117.7739 122.3314 84.35305 52.26899 52.26899 52.26899 52.26899 52.26899 37.58276 27.32635 27.32635 27.32635 27.32635 27.32635 27.32635 30.44497 47.44994 47.44994 47.44994 47.44994 47.44994 47.44994 47.44994 47.44994 47.44994 64.53675 82.69167 82.69167 82.69167 82.69167
0 0 0 0 0 0 0 0 0 0 0 0 0 0 0 0 0 0 0 0 0 0 0 0 0 56.08102 58.53598 58.53598 58.53598 58.53598 58.53598 57.00761 69.17831 83.85899 83.98235 83.98235 83.98235 83.98235 81.5946 82.56271 67.95638 59.58477 97.75031 122.357 122.357 117.9359 88.57936 74.15971 84.64909 104.8809 98.88812 27.32638 27.32635 27.32635 27.32635 27.32635 27.32635 27.32635 60.24412 76.35535 69.72807 47.44995 47.44994 47.44995 47.44995 47.44994 47.44994 47.44995 47.51167 70.91959 82.69167 82.69167 82.69167
0 0 0 0 0 0 0 0 0 0 0 0 0 0 0 0 0 0 0 0 0 0 0 0 45.62348 58.53598 58.53598 58.53598 58.53598 58.53598 58.53598 58.53598 61.75466 77.94662 83.98235 83.98235 83.98235 83.98235 83.98235 83.98235 83.98235 83.98235 93.36023 122.357 122.357 122.357 122.357 122.357 122.357 122.357 122.1098 71.35727 62.70149 59.66711 37.96153 27.32635 27.32635 70.35979 108.0322 107.9773 67.86494 47.44994 47.44994 47.44994 47.44994 47.44994 47.44994 47.44994 47.44994 62.40687 82.69167 82.69167 82.69167
0 0 0 0 0 0 0 0 0 0 0 0 0 0 0 0 0 0 0 0 0 0 0 41.64511 42.29207 58.53598 58.53598 58.53598 58.53598 58.53598 58.53598 58.53598 58.53598 58.81972 78.3203 83.98235 83.98235 83.98235 83.98235 83.98235 83.98235 83.98235 176.587 258.8159 122.357 122.357 122.357 122.357 122.357 121.4823 92.17476 70.24837 108.0322 108.0322 106.3308 91.12321 93.7734 108.0208 108.0322 94.22161 47.99743 47.44994 47.5322 48.88903 48.7788 47.44994 47.44994 47.44994 47.44994 67.48571 82.69167 82.69167 82.69167
0 0 0 0 0 0 0 0 0 0 0 0 0 0 0 0 0 31.19839 33.57272 35.8127 36.55045 36.6647 37.98965 57.80894 58.53598 58.53598 58.53598 58.53598 58.53598 58.53598 58.53598 58.53598 58.53598 58.53598 66.90309 83.9636 83.98235 83.98235 83.98235 83.98235 86.17752 240.0647 517.3529 203.5596 111.1078 122.357 114.1522 111.7326 106.5624 82.39312 53.95268 80.91499 108.0322 107.2883 108.0322 108.0322 108.0322 108.0322 108.0322 81.70143 51.79894 51.85476 53.21918 53.95268 51.71417 47.46054 47.44994 47.40839 47.21172 48.20016 78.21059 82.69167 82.69167
0 0 0 0 0 0 0 0 0 0 0 0 0 35.70366 36.63948 36.6647 36.6647 36.6647 36.6647 36.6647 36.6647 36.6647 43.78163 64.05972 63.29813 59.31795 58.53598 58.53598 58.53598 58.53599 58.53598 58.53599 58.53598 58.53599 58.53598 69.42429 70.09045 83.98234 83.98234 94.69557 676.7588 738.0214 738.0215 426.2051 84.26689 94.98235 86.93134 83.98234 83.98235 70.52003 53.95268 76.68164 66.94692 61.90791 74.93708 102.2773 105.3251 105.6046 98.90824 68.31273 53.95269 53.95268 53.95268 53.95268 53.95268 38.14258 23.86858 18.38942 16.82397 24.50323 23.39603 20.8291 67.83546
0 0 0 0 0 0 0 0 0 0 0 32.01524 36.54598 36.6647 36.6647 36.6647 36.6647 36.6647 36.6647 36.6647 36.6647 36.6647 52.06193 70.11731 69.90862 59.47017 58.53598 58.53598 58.53598 58.53598 58.53598 58.53598 58.53598 58.53598 58.53598 58.53598 58.66367 82.21681 83.98235 88.94879 716.101 717.2502 393.0172 215.457 83.98234 83.98235 83.98235 83.98235 83.98235 74.67941 53.95268 53.95268 53.95268 53.95268 53.95268 60.19638 55.18756 55.11457 53.95268 53.95268 53.95268 53.95268 53.95268 53.95268 53.95268 50.07966 16.54264 14.27856 14.27856 14.27856 14.27856 14.27856 15.76412
0 0 28.072 27.95627 27.84054 27.7248 27.80231 28.60014 29.37254 29.49662 31.41135 36.43557 36.6647 36.6647 36.6647 36.6647 36.6647 36.6647 36.6647 36.6647 36.6647 42.71515 67.40833 70.1173 70.03072 61.4887 58.53598 60.73123 59.15365 58.53598 58.53598 58.55913 59.39761 60.71741 58.79794 58.53598 58.53598 78.75771 83.98234 83.98235 108.756 166.9623 83.98235 83.98235 83.98235 83.98234 83.98235 83.98234 83.98235 72.08398 53.95269 53.95268 53.95269 53.95269 53.95269 53.58365 53.95269 53.95269 53.95269 53.95269 53.95269 53.95269 53.95269 53.95269 53.95269 53.95269 28.55056 14.27856 14.27856 14.27856 14.27856 14.27856 14.27856
