Scenarios/Heterogeneous/data/country_data_population_distribution/processed/density_grids/afg.asc
ncols 357
nrows 228
xllcorner 60
yllcorner 29
cellsize 0.041666666666667
NODATA_value -9999
[rows 64 to 95 of 228, columns 146 to 218 of 357]
38.34148 100.7489 100.7489 100.7489 100.7489 100.7489 100.7489 100.7489 96.89774 57.88131 56.31321 56.31321 54.91756 53.28223 53.28223 53.28223 53.28223 53.12805 47.39343 40.64022 40.47535 31.65379 27.25328 25.25131 30.81689 26.95098 25.2513 25.2513 25.2513 25.25131 25.2513 25.25131 25.2513 25.25131 25.2513 25.25131 25.25131 23.58154 22.01723 21.44014 21.44013 21.44014 21.44013 21.44014 21.44013 21.44009 21.40781 21.42279 21.36328 21.31194 21.31194 21.31194 24.32423 41.35687 43.56829 43.56829 43.56829 43.56829 43.56829 43.56828 43.56829 43.56829 43.41784 38.43723 38.22606 38.22606 38.30084 55.63268 42.80689 37.43332 34.62262 38.83833 28.85096
44.44051 100.7489 100.7489 100.7489 100.7489 100.7489 100.7489 100.7489 99.76797 64.47047 56.30854 55.15339 53.56708 53.28223 53.28223 53.28223 53.28223 51.87248 40.84705 40.64022 38.41598 25.25131 25.25131 25.25131 25.25131 25.2513 25.25131 25.2513 25.25131 25.2513 25.25131 25.2513 25.25131 25.2513 25.25131 25.2513 25.2513 25.07092 22.23114 21.44013 21.44014 21.44013 21.44014 21.44014 21.44014 21.44013 21.44014 21.44013 21.36814 21.31194 21.31194 28.21605 42.97816 43.56829 43.56829 43.56829 43.56829 43.56829 43.56829 43.56829 43.56829 43.56829 43.56829 38.93226 38.22606 38.22606 38.22606 38.22606 34.99438 26.98862 26.97302 26.97302 26.97302
14.79618 53.92315 92.69021 100.7489 100.7489 100.7489 100.7489 100.7489 94.64674 64.24699 55.44259 53.28223 53.28223 53.28223 53.28223 53.28223 53.28223 53.28223 43.47765 36.34973 29.34553 25.2513 25.2513 25.25131 25.2513 25.2513 25.2513 25.2513 25.2513 25.2513 25.2513 25.2513 25.2513 25.2513 25.2513 25.2513 24.50054 22.34826 21.44013 21.44013 21.44013 21.44013 21.44013 21.44013 21.44013 21.44013 21.44013 21.44013 21.39736 21.32565 29.51332 42.68434 43.56828 43.56828 43.56828 43.56828 43.56828 43.56828 43.56828 43.56828 43.56828 43.56829 42.57178 38.59866 38.22606 38.22605 38.22606 38.22605 38.15826 32.03247 26.97302 26.97302 26.97302
14.27856 14.27856 16.74557 56.46375 73.13268 82.53226 94.05687 100.7489 100.7454 96.09179 52.44392 40.56349 39.74457 25.214 32.20208 44.56671 40.85728 38.3602 25.80484 18.41494 18.82536 21.04911 23.23553 25.25131 25.2513 25.25131 25.2513 25.25131 25.2513 25.25131 25.25131 25.25131 25.25131 25.03467 24.84476 21.96384 21.67263 21.44013 21.44013 21.44013 21.44013 21.44013 21.44013 21.44013 21.44013 21.44013 21.44013 21.44013 21.44013 30.21385 43.49205 43.56828 43.56828 43.46033 43.36895 43.45028 42.85555 42.57489 41.36222 41.80758 42.78223 42.88356 39.15292 38.22606 38.22606 38.22606 38.22606 37.16373 34.72135 30.19687 26.97302 26.97302 26.97302
14.27856 14.27856 14.27856 14.27856 14.27856 14.27856 49.19862 84.64524 50.43056 26.1824 18.74399 18.3849 18.3849 18.3849 18.3849 18.3849 18.3849 18.3849 18.3849 18.3849 18.3849 18.43072 21.69001 25.25131 25.25131 25.25131 25.25131 25.25131 25.25131 25.25131 25.25131 25.05823 22.72965 21.51427 21.6184 21.44013 21.44013 21.44013 21.44013 21.44013 21.44013 21.44013 21.44013 21.44013 21.44013 21.44013 21.44013 21.44013 21.44013 31.9351 42.6957 43.34012 41.32756 38.64382 38.6327 38.34562 38.22606 38.22605 38.22606 38.22605 38.22606 38.22605 38.22606 38.22605 38.22606 38.01127 34.91978 32.07674 31.39179 31.35065 29.7055 27.38721 26.97302
14.27856 14.27856 14.27856 14.27856 14.27856 14.27856 14.66965 18.30404 18.3849 18.3849 18.3849 18.3849 18.3849 18.3849 18.3849 18.3849 18.3849 18.3849 18.3849 18.3849 18.3849 22.08031 25.25131 25.25131 25.25131 25.25131 25.25131 25.25131 25.25131 25.25131 25.25131 25.11878 23.60388 21.44014 21.44013 21.44014 21.44014 21.44013 21.44014 21.44014 21.44014 21.44013 21.44013 21.44013 21.44014 21.44014 21.44014 21.44014 21.44013 21.44013 24.79 34.22005 37.68991 38.22606 38.22606 38.22606 38.22606 38.22606 38.22606 38.22606 38.22606 38.22606 38.22605 38.22606 38.22606 36.75406 31.39179 31.39179 31.39179 31.39179 31.39179 28.89573 26.97302
14.27856 14.27856 14.27856 14.27856 14.27856 14.27856 14.3896 18.16988 18.3849 18.3849 18.3849 18.3849 18.3849 18.3849 18.3849 18.3849 18.3849 18.3849 18.3849 18.3849 18.3849 18.54924 23.4522 25.25131 25.2513 25.25131 25.2513 25.25131 25.2513 25.25131 25.2513 25.25131 25.13461 21.68509 21.44013 21.44013 21.44013 21.44013 21.44013 21.44013 21.44013 21.44013 21.44013 21.44014 21.44013 21.44013 21.44013 21.44013 21.44013 20.73586 13.6487 11.36143 12.38279 29.77044 38.22606 38.22606 38.22606 38.22606 38.22606 38.22606 38.22606 38.22605 38.22606 38.22606 38.22606 37.27063 31.59082 31.39179 31.39179 31.39179 31.39179 29.95562 26.98108
14.27856 14.27856 14.27856 14.27856 14.27856 14.68133 17.16966 18.2614 18.3849 18.3849 18.3849 18.3849 18.3849 18.3849 18.3849 18.3849 18.3849 18.3849 18.3849 18.3849 18.3849 19.24493 24.93954 25.2513 25.25131 25.25131 25.25131 25.25131 25.25131 25.25131 25.25131 25.25131 24.84369 21.55426 21.44014 21.44014 21.44014 21.44014 21.44014 21.44014 21.44014 21.44014 21.44014 21.44013 21.44014 21.44014 21.44014 21.44014 21.44014 17.73634 11.36143 11.36143 11.36143 19.31144 38.22606 38.22606 38.19489 38.22606 38.22606 38.22606 38.22606 38.22606 38.22605 38.22606 38.22606 38.22606 33.94205 31.39179 31.39179 31.39179 31.39179 31.39179 30.29381
14.27856 14.27856 14.43763 15.76498 16.14302 16.82032 18.3849 18.3849 18.3849 18.3849 18.3849 18.3849 18.3849 18.3849 18.3849 18.3849 18.3849 18.3849 18.3849 18.3849 20.63331 25.14305 25.25131 25.25131 25.25131 25.25131 25.25131 25.25131 25.25131 25.25131 24.49621 24.80062 23.44465 22.08051 22.47186 24.35045 23.51228 22.43467 21.65905 21.44013 21.50917 25.39338 24.85252 23.15292 21.44013 21.44013 21.44013 22.05685 17.82593 11.93686 11.36143 11.36143 11.36143 11.97525 24.90287 19.70792 13.54813 25.01636 38.13256 38.22606 38.22605 38.22606 38.22605 38.22606 38.22606 38.21935 32.00738 31.39179 31.39179 31.39179 31.39179 31.39179 31.39179
14.27856 14.27856 15.45335 18.3849 18.3849 18.3849 18.3849 18.3849 18.3849 18.3849 18.3849 18.3849 18.3849 18.3849 18.3849 18.3849 18.3849 18.3849 18.3849 18.38491 22.48267 25.25131 25.25131 25.2513 25.25131 25.2513 25.25131 25.12004 22.65186 18.07997 15.26211 24.25908 29.85956 29.41243 30.0518 30.66255 30.66255 30.66255 30.35632 28.35958 29.55055 30.66256 30.66256 29.47021 29.51916 30.08568 29.70112 30.44371 14.17206 11.36143 11.36143 11.36143 11.36143 11.36143 11.36143 11.36143 11.36143 11.36143 15.53528 30.45429 38.22605 38.22606 38.22605 38.22606 38.22606 35.95673 31.39179 31.39179 31.39179 31.39179 31.39179 31.39179 31.39179
15.08955 17.01965 17.39372 18.3849 18.3849 18.3849 18.3849 18.3849 18.3849 18.3849 18.3849 18.3849 18.3849 18.3849 18.3849 18.3849 18.3849 18.3849 18.3829 22.22499 25.2513 25.2513 25.2513 25.11665 23.28713 20.11273 17.8942 16.02711 15.15495 15.15495 16.93192 23.18665 29.79116 30.66256 30.66256 30.66256 30.66256 30.66256 30.66256 30.66256 30.66256 30.66256 30.66256 30.66256 30.66256 30.66256 30.66256 30.66256 22.12761 11.36143 11.36143 11.36143 11.36143 11.36143 11.36143 11.36143 11.36143 11.36143 11.36143 12.25418 31.35425 38.22606 38.18865 38.01426 37.36694 35.40408 31.39179 31.39179 31.39179 31.39179 31.39179 31.39179 32.35805
14.74706 15.99755 16.90433 16.48516 17.13315 18.3849 18.3849 18.3849 18.3849 18.3849 18.3849 18.3849 18.3849 18.3849 18.3849 18.3849 18.25533 17.22926 16.56527 17.17025 20.05656 20.48989 18.46703 15.89122 15.15495 15.15495 15.15495 15.15495 15.15495 15.15495 15.15495 15.16068 22.37725 30.66256 30.66256 30.66256 30.66256 30.66255 30.66256 30.66255 30.66256 30.66256 30.66256 30.66255 30.66256 30.66256 30.66256 30.66256 19.26539 11.36143 11.36143 11.36143 11.36143 11.36143 11.36143 11.36143 11.36143 11.36143 11.36143 11.36143 11.78898 14.06293 12.45094 13.06406 12.99434 18.31041 30.55681 31.39179 31.39179 31.39179 31.39179 40.90658 52.21912
14.27856 14.27856 14.27856 14.27856 14.85241 18.3849 18.3849 18.3849 18.3849 18.3849 18.3849 18.3849 18.3849 18.3849 18.3849 17.79974 15.63673 15.15495 15.15495 15.15495 15.15495 15.15495 15.15495 15.15495 15.15495 15.15495 15.15495 15.15495 15.15495 15.15495 15.15495 15.9907 29.06396 30.66256 30.66256 30.66256 30.66256 30.66256 30.44821 30.58024 30.66256 30.65538 30.66256 30.66256 30.66256 30.66256 30.66256 30.66256 20.90637 11.36143 11.36143 11.36143 11.36143 11.36143 11.36143 11.36143 11.36143 11.36143 11.36143 11.36143 11.36143 11.36143 11.36143 11.36143 11.36143 11.36143 24.35334 31.39179 31.39179 31.39179 34.7085 51.51464 53.33052
14.27856 14.27856 14.27856 14.27856 16.58299 18.3849 18.3849 18.3849 18.3849 18.3849 18.3849 18.3849 18.3849 18.3849 18.3849 15.93539 15.15495 15.15495 15.15495 15.15495 15.15495 15.15495 15.15495 15.15495 15.15495 15.15495 15.15495 15.15495 15.15495 15.15495 15.15495 15.54481 16.65364 23.89196 30.64915 30.38 27.62264 25.43495 19.57618 16.11259 16.78197 23.13346 29.49147 26.68751 29.16221 30.66256 30.66256 30.47221 16.72666 11.36143 11.36143 11.36143 11.36143 11.36143 11.36143 11.36143 11.36143 11.36143 11.36143 11.36143 11.36143 11.36143 11.36143 11.36143 11.36143 22.2262 51.17538 50.1917 46.94439 45.60083 42.55505 53.33052 53.33052
14.27856 14.27856 14.27856 14.27856 14.60501 18.0305 18.3849 18.3849 18.3849 18.3849 18.3849 18.3849 18.3849 18.3849 17.31756 15.15566 15.15495 15.15495 15.15495 15.15495 15.15495 15.15495 15.15495 15.15495 15.15495 15.15495 15.15495 15.15495 15.15495 15.15495 15.15998 15.8663 15.96477 15.96477 16.9238 16.66293 15.96477 15.96477 15.96477 15.96477 15.96477 15.96477 15.96477 15.96477 16.30127 25.76831 28.08674 17.71869 11.36143 11.36143 11.36143 11.36143 11.36143 11.36143 11.36143 11.36143 11.36143 11.36143 11.36143 11.36143 11.36143 11.36143 11.36143 11.99899 23.87792 52.67492 59.31623 59.31623 59.31623 59.31623 57.85972 54.33964 53.33052
14.27856 14.27856 14.27856 14.27856 14.34972 15.21301 16.80647 16.78822 16.79318 16.78337 17.49648 17.97531 16.51876 15.60743 15.33611 15.15495 15.15495 15.15495 15.15495 15.15495 15.15495 15.15495 15.15495 15.15495 15.15495 15.15495 15.15495 15.15495 15.15495 15.19396 15.79543 15.96477 15.96477 15.96477 15.96477 15.96477 15.96477 15.96477 15.96477 15.96477 15.96477 15.96477 15.96477 15.96477 22.02232 26.84824 26.84824 16.05869 11.36143 11.36143 11.36143 11.36143 11.36143 11.36143 11.36143 11.36143 11.36143 11.36143 11.36143 11.36143 11.36143 11.36143 13.80572 70.38557 112.0408 88.49308 59.31623 59.31623 59.31623 59.31623 59.31623 59.30956 65.03496
14.27856 14.27856 14.27856 14.27856 14.45786 15.14489 15.15496 15.15495 15.15496 15.15496 15.15496 15.15496 15.15495 15.15496 15.15495 15.15496 15.15495 15.15496 15.15495 15.15496 15.15495 15.15496 15.15495 15.15496 15.15495 15.15496 15.15495 15.15496 15.15495 15.16408 15.85593 15.96477 15.96477 15.96477 15.96477 15.96477 15.96477 15.96477 15.96477 15.96477 15.96477 15.96477 15.96477 18.36181 26.68372 26.84825 17.11237 11.50649 11.36143 11.36143 11.36143 11.36143 11.36143 11.36143 11.36143 11.36143 11.36143 11.36143 11.36143 11.36143 19.75996 37.43594 72.7438 112.0408 112.0408 111.9995 96.52459 61.33433 59.31624 59.31623 59.31623 104.1825 537.1204
17.16253 14.27856 14.27856 14.27856 14.27947 14.58496 15.08648 15.15495 15.15495 15.15495 15.15495 15.15495 15.15495 15.15495 15.15495 15.15495 15.15495 15.15495 15.15495 15.15495 15.15495 15.15495 15.15495 15.15495 15.15495 15.15495 15.15495 15.15495 15.15495 15.27081 15.93812 15.96477 15.96477 15.96477 15.96477 15.96477 15.96477 15.96477 15.96477 15.96477 15.96477 15.96477 15.96477 21.34127 26.84825 26.84824 17.32798 11.36143 11.36143 11.36143 11.36143 11.36143 11.36143 11.36143 11.36143 11.36143 11.36143 11.36143 11.36143 11.36143 54.4426 112.0408 112.0408 112.0408 112.0408 112.0408 112.0408 92.53756 59.31623 59.31623 59.31623 105.7258 510.7629
18.89664 14.27856 14.27856 14.27856 14.27856 14.27856 14.43392 15.09612 15.15495 15.15495 15.15495 15.15495 15.15495 15.15495 15.15495 15.15495 15.15495 15.15495 15.15495 15.15495 15.15495 15.15495 15.15495 15.15495 15.15495 15.15495 15.15495 15.15495 15.22452 15.80857 15.96477 15.96477 15.96477 15.96477 15.96477 15.96477 15.96477 15.96477 15.96477 15.96477 15.96477 15.96477 15.96477 19.23529 26.84825 26.84825 20.78224 11.36143 11.89263 11.36146 11.36143 11.36143 17.46452 24.56774 20.4115 19.09439 24.49131 22.40095 19.21188 22.75096 52.21489 112.0408 112.0408 112.0408 112.0408 112.0408 112.0408 96.08284 59.31623 59.31623 59.31624 59.31623 60.49991
21.33104 14.4725 14.27856 14.27856 14.27856 14.27856 14.27856 14.50793 15.0084 15.15495 15.15495 15.15495 15.15495 15.15495 15.15495 15.15495 15.15495 15.15495 15.15495 15.15495 15.15495 15.15495 15.15495 15.15495 15.15495 15.15495 15.15495 15.15495 15.29456 15.5136 15.96204 15.96477 15.96477 15.96477 15.96477 15.96477 16.79826 15.96477 15.96477 15.96477 15.96738 22.04359 23.30055 25.46824 26.84825 26.84825 26.54286 25.32623 26.75359 22.98909 17.45552 21.87235 26.90534 28.05059 28.05059 28.05059 28.05059 28.05059 28.05059 28.05059 54.40304 112.0408 112.0408 112.0408 112.0408 112.0408 111.7734 69.66421 59.31623 59.31623 59.31623 59.31623 352.0274
21.65766 16.65903 14.27856 14.27856 14.27856 14.27856 14.27856 14.27856 14.66589 15.15495 15.15495 15.15495 15.15495 15.15495 15.15495 15.15495 15.15495 15.15495 15.15495 15.15495 15.15495 15.15495 15.15495 15.15495 15.15495 15.15495 15.15495 15.15495 15.15495 15.37332 15.82362 15.89698 15.96477 15.96477 15.96477 31.5265 49.59103 30.76165 23.58885 31.87105 23.36753 26.83482 26.84825 26.84825 26.84824 26.84825 26.84825 26.84825 26.84825 26.84825 26.86586 27.79917 28.05059 28.05059 28.05059 28.05059 28.05059 28.05059 28.05059 28.05059 38.26647 111.8914 112.0408 112.0408 112.0408 112.0408 112.0408 103.3949 69.0158 59.31623 104.5442 315.4522 655.7415
30.26653 14.32326 14.27856 14.27856 14.27856 14.27856 14.33094 15.50109 15.04151 15.15495 15.15495 15.15495 15.15495 15.15495 15.15495 15.15495 15.15495 15.15495 15.15495 15.15495 15.15495 15.15495 15.15495 15.15495 15.15495 15.15495 15.15495 15.15495 15.15495 15.15495 15.15495 32.12063 22.19894 27.57805 37.71231 43.23925 50.83411 50.83411 50.83411 50.83411 49.01474 31.34446 30.56404 33.63255 27.01633 26.84824 26.84824 26.84824 26.84824 26.84824 26.84824 27.0869 27.99363 28.05059 28.05059 28.05059 28.05059 28.05059 28.05059 28.05059 30.46646 75.38198 68.25349 84.80978 105.371 112.0408 112.0408 112.0408 95.36726 91.90285 607.2889 667.6094 667.6094
35.34929 19.9572 15.80307 17.12476 18.21463 28.84984 32.99269 33.26554 28.06037 17.33912 15.15495 15.15495 15.15495 15.15495 15.15495 15.15495 15.15495 15.15495 15.15495 15.15495 15.15495 15.15495 15.15495 15.15495 15.15495 15.15495 15.15495 15.15495 15.15495 15.15495 22.15871 50.65887 50.83411 50.83411 50.83411 50.83412 50.83411 50.83411 50.83411 50.83411 50.83411 50.83412 50.83411 50.83412 38.06521 36.77166 38.77225 26.84825 26.84825 26.84825 26.84825 26.84825 27.88154 28.05059 28.05059 28.05059 28.05059 28.05059 28.05059 28.05059 29.95564 36.54311 36.54556 36.54556 68.56554 112.0408 112.0408 112.0408 112.0408 228.5408 495.053 555.6288 519.3617
35.34945 35.33503 35.05315 35.34944 35.34945 35.34944 35.34945 35.34944 35.34944 32.28703 20.70477 15.15495 15.15495 15.15495 15.15495 15.15495 15.15495 15.15495 15.15495 15.15495 15.15495 15.15495 15.15495 15.15495 15.15495 15.15495 15.15495 15.15495 15.15495 15.15495 32.1059 50.83411 50.83411 50.83411 50.83411 50.83412 50.83412 50.83412 50.83411 50.83412 50.83411 50.83411 50.83411 50.83412 50.83411 50.81959 37.55202 26.84825 26.84825 26.84825 26.84825 26.89025 28.01002 28.05059 28.05059 28.05059 28.05059 28.0927 30.01209 32.62675 36.07423 36.54556 36.54556 36.54556 50.7147 109.8817 112.0408 112.0408 204.4108 356.8269 356.8272 371.2529 402.9339
35.34944 35.34945 35.34944 35.34945 35.34945 35.34945 35.34945 35.34945 35.34944 35.34944 32.63518 22.56167 15.21301 15.15495 15.15496 15.15495 15.15496 15.15495 15.15496 15.15495 15.15496 15.15495 15.15496 15.15495 15.15496 15.15496 15.15495 15.15495 15.15495 15.15495 34.745 50.83411 50.83412 50.83411 50.83412 50.83411 50.83411 50.83411 50.83412 50.83411 50.83412 50.83411 50.83412 50.83411 50.83412 42.37309 26.84825 26.84824 26.84824 26.84824 26.84825 26.91527 27.90182 29.99764 31.82044 32.46699 34.11826 35.68402 36.54556 36.54556 36.54556 36.54556 36.54556 36.54556 36.54556 52.25061 75.40874 88.78831 271.3001 328.1124 324.5473 335.7027 360.6328
35.34944 35.34944 35.34944 35.34944 35.34945 35.34944 35.34944 35.34944 35.34944 35.34944 35.34944 34.2709 15.69301 15.15495 15.15495 15.15495 15.15495 15.15495 15.15495 15.15495 15.15495 15.15495 15.15495 15.15495 15.15495 15.15495 15.15495 15.15495 15.15495 15.15495 30.66874 50.83411 50.83411 50.83411 50.83411 50.83411 50.83411 50.83411 50.83411 50.83411 50.83411 50.83411 50.83411 50.83411 50.83411 35.56519 26.84824 26.84825 26.84824 26.86862 27.51752 28.36917 28.97669 35.53396 36.54556 36.54556 36.54556 36.54556 36.54556 36.54556 36.54556 36.54556 36.54556 36.54556 36.54556 36.54556 36.54556 86.37642 326.0261 328.8168 329.1843 410.9797 707.6121
35.34945 35.34945 35.34945 35.34945 35.34945 35.34945 35.34945 35.34945 35.34945 35.34945 35.34945 33.14046 18.76796 15.15495 15.15495 15.15495 15.15495 15.15495 15.15495 15.15496 15.15495 15.15496 15.15496 15.15495 15.15495 15.15495 15.15495 15.15495 15.15495 15.15495 19.84991 50.83412 50.83412 50.83411 50.83412 50.83411 50.83412 50.83411 50.83412 50.83412 50.83412 50.83411 50.83412 50.83411 50.83412 37.64221 26.84825 26.84824 26.84902 28.67245 29.05914 29.05914 29.05914 31.69821 36.09141 36.54556 36.54556 36.54556 36.54556 36.54556 36.54556 36.54556 36.54556 36.54556 36.54556 36.54556 43.32342 255.1284 315.1162 326.0958 330.5808 420.4804 912.4912
35.34945 35.34945 35.34945 35.34945 35.34945 35.34945 35.34945 35.34945 35.34945 35.34945 35.34945 35.34945 34.58756 24.52748 21.83796 16.6175 15.15495 15.15495 15.15495 15.15495 15.15495 15.15495 15.15495 15.15495 15.15495 15.15495 15.15495 15.15495 15.15495 15.15495 31.99409 50.83411 50.83411 49.33556 48.02279 50.24443 50.83411 50.83412 50.83411 50.83411 50.83411 50.83412 50.83411 50.83412 50.12484 28.66029 27.4054 28.25654 28.35139 29.05914 29.05914 29.05914 29.05914 29.05914 30.95105 36.54556 36.54556 36.56024 48.5966 51.11382 44.97108 39.22835 36.54556 36.54556 36.54556 36.54556 80.66399 318.2822 308.8166 308.8166 308.8166 308.8166 639.0298
35.34945 35.34945 35.34945 35.34945 35.34945 35.34945 35.34945 35.34945 35.34945 35.34945 35.34945 35.34945 35.34945 35.34945 35.34945 22.01466 15.15495 15.15495 15.15495 15.15495 15.15495 15.15495 15.15495 15.15495 15.15495 15.15495 15.15495 15.15495 15.40126 30.46677 44.90752 46.62362 45.32994 44.48381 44.07035 45.19873 46.19951 48.08371 47.95171 47.19397 47.98313 49.42046 50.8289 50.83411 49.09439 28.07598 29.04744 29.05914 29.05914 29.05914 29.05914 29.05914 29.05914 29.05914 29.86133 36.67467 48.87452 55.7923 59.92813 59.92813 59.92813 59.50283 53.16159 49.99423 45.25529 38.56753 87.59637 400.6909 373.8285 322.6234 313.0153 308.8166 308.8166
35.34945 35.34945 35.34945 35.34945 35.34945 35.34945 35.34945 35.34945 35.34945 35.34945 35.34945 35.34945 35.34945 35.34945 34.63278 18.28766 15.15495 15.15495 15.15495 15.15495 15.15495 15.6298 15.15495 15.15495 15.18334 15.15496 15.15495 15.52494 20.28031 43.44201 44.07035 44.07035 44.07035 44.07035 44.07035 44.07035 44.07035 44.07035 44.07035 44.07035 44.07035 44.07042 44.71019 47.1688 45.2037 31.75262 29.05914 29.05914 29.05914 29.05914 29.05914 29.05914 29.05914 29.05914 29.05914 45.15599 59.92812 59.92812 59.92813 59.92813 59.92813 59.92813 59.92812 59.92812 59.92813 59.40817 203.018 402.8781 402.8781 402.8781 367.3776 310.6651 2972.581
35.34945 35.34945 35.34945 35.34944 35.34945 35.34945 35.34945 35.34945 35.34945 35.34945 35.34945 35.34945 35.34944 35.96225 34.17448 16.45476 15.15495 15.15496 16.04436 22.13303 33.17091 39.83822 36.58814 37.98542 38.07484 33.8964 32.1398 34.20384 41.76101 42.67098 44.07035 44.07035 44.07035 44.07035 44.07035 44.07035 44.07035 44.07035 44.07035 44.07035 44.07035 44.07035 44.07035 44.07035 44.07035 31.07131 29.05914 29.05914 29.05914 29.05914 29.05914 29.05914 29.05914 29.05914 29.05914 39.92509 59.92813 59.92812 59.92812 59.92812 59.92812 59.92812 59.92812 65.59116 110.7134 109.9143 307.058 402.8781 402.8781 402.8781 403.7399 3525.418 8249.737
35.34945 35.34945 35.34945 35.34945 35.34945 35.34945 35.34945 35.34945 35.34945 35.34945 35.34945 35.34945 35.34945 40.78895 41.69996 24.25891 18.13913 30.1627 41.01125 41.72285 41.76101 41.76101 41.76101 41.76101 41.76101 41.76101 41.76101 41.76101 41.98328 43.24092 44.07035 44.07035 44.07035 44.07035 44.07035 44.07035 44.07035 44.07035 44.07035 44.07035 44.07035 44.07035 44.07035 44.07035 44.07035 33.19037 29.05914 29.05914 29.05914 29.05914 29.05914 29.05914 29.05914 29.05914 29.05914 31.0801 52.88603 59.92812 59.92813 59.92812 59.92812 59.92812 59.92813 63.20779 180.3694 202.4168 363.1158 402.8781 402.8781 402.8781 1196.514 10960.28 11329.02
