Scenarios/Heterogeneous/data/country_data_population_distribution/processed/density_grids/afg.asc
ncols 357
nrows 228
xllcorner 60
yllcorner 29
cellsize 0.041666666666667
NODATA_value -9999
[rows 160 to 191 of 228, columns 73 to 145 of 357]
4.371994 3.265052 2.704402 2.704401 2.704402 2.704401 2.704401 2.704401 14.91987 28.97486 28.97486 28.97486 28.97486 28.97486 28.97486 28.97486 28.97486 28.97486 28.97486 28.97486 28.97486 28.97486 28.97486 28.97486 28.97486 28.97486 28.97486 28.97486 28.97486 28.97486 31.81602 84.89651 84.97703 84.97703 84.97704 84.97703 84.97704 84.97703 84.97704 84.97704 84.97703 84.97704 34.60417 24.86325 24.86325 24.86325 24.86325 24.86325 24.86325 24.86325 24.86325 24.86325 18.40417 17.10309 17.10309 17.10309 17.10309 17.10309 44.54623 59.33455 96.6306 129.8746 129.8746 129.8746 57.6947 16.24767 16.24767 16.24767 14.3813 12.51741 11.21361 11.92861 10.17408
4.557036 4.505999 3.16244 2.704401 2.704401 2.704401 2.704402 2.704401 18.92645 28.97486 28.97486 28.97486 28.97486 28.97486 28.97486 28.97486 28.97486 28.97486 28.97486 28.97486 28.97486 28.97486 28.97486 28.97486 28.97486 28.97486 28.97486 28.97486 28.97486 28.97486 28.97486 68.22784 84.97704 84.97703 84.97704 84.97703 84.97704 84.97703 84.97704 84.97703 84.97703 82.71445 25.03442 24.86325 24.86325 24.86325 24.86325 24.86325 24.86325 24.86325 24.86325 24.86325 20.21128 18.51459 17.72981 20.52045 58.44207 104.3534 153.1839 155.4411 136.7478 129.8746 129.8746 129.8746 128.6564 84.4796 17.28725 14.67461 10.17408 10.17408 10.17408 10.17408 10.17408
4.557036 4.557036 4.294531 2.919194 2.704402 2.704401 2.704402 2.704401 20.36516 28.97486 28.97486 28.97486 28.97486 28.97486 28.97486 28.97486 28.97486 28.97486 28.97486 28.97486 28.97486 28.97486 28.97486 28.97486 28.97486 28.97486 28.97486 28.97486 28.97486 28.97486 28.97486 64.36788 84.97704 84.97703 84.97704 84.97703 84.97704 84.97703 84.97704 84.97704 84.97703 83.73113 39.07502 24.86325 24.86325 24.86325 24.86325 24.86325 24.86325 24.86325 24.86325 24.86325 24.86325 24.86325 92.51199 152.0607 156.3347 156.3347 156.3347 146.3278 129.8745 129.8746 129.8745 129.8746 129.8745 124.5451 27.13893 10.19607 10.17408 10.17408 10.17408 10.17408 10.17408
4.557036 4.557036 4.557036 4.450992 4.290533 4.327124 3.734175 3.111569 24.57337 28.97486 28.97486 28.97486 28.97486 28.97486 28.97486 28.97486 28.97486 28.97486 28.97486 28.97486 28.97486 28.97486 28.97486 28.97486 28.97486 28.97486 28.97486 28.97486 28.97486 28.97486 36.74789 102.5512 85.01587 84.97704 84.97703 84.97704 84.97703 84.97704 84.97703 85.132 96.64654 105.0969 70.22964 24.86325 24.86325 24.86325 24.86325 24.86325 24.86325 24.86325 24.86325 24.86325 24.86325 24.86325 139.5349 156.3346 156.3347 156.3346 156.3347 146.3819 129.8746 129.8746 129.8746 129.8745 120.3182 43.05802 10.17408 10.17408 10.17408 10.17408 10.17408 10.17408 10.17408
4.557036 4.557036 4.557036 4.557036 4.557036 4.557036 4.557036 6.427454 28.97486 28.97486 28.97486 28.97486 28.97486 28.97486 28.97486 28.97486 28.97486 28.97486 28.97486 28.97486 28.97486 28.97486 28.97486 28.97486 28.97486 28.97486 28.97486 28.97486 28.97486 28.97486 71.44284 115.1126 110.4294 93.17262 93.62401 104.6409 113.0337 111.912 110.2767 112.8602 115.1126 115.1126 33.90328 24.86325 24.86325 24.86325 24.86325 24.86325 24.86325 24.86325 24.86325 24.86325 24.86325 50.92634 156.3243 156.3347 156.3347 156.3347 156.3347 141.797 129.8745 219.3259 450.56 498.7551 366.1376 32.81443 10.17408 10.17408 10.17408 10.17408 10.17408 10.17408 10.17408
4.557036 4.557036 4.557036 4.557036 4.557036 4.557036 4.557036 10.60558 28.97486 28.97486 28.97486 28.97486 28.97486 28.97485 28.97486 28.97486 28.97485 28.97486 28.97486 28.97486 28.97486 28.97486 28.97486 28.97486 28.97485 28.97486 28.97485 28.97486 28.97485 28.97486 62.59599 115.1126 115.1126 115.1126 115.1126 115.1126 115.1126 115.1126 115.1126 115.1126 115.1126 102.9315 27.54368 24.86325 24.86325 24.86325 24.86325 24.86325 24.86325 24.86325 24.86325 24.86325 24.87171 105.4475 156.3347 156.3347 156.3347 156.3347 152.6406 125.2755 159.2988 812.4205 849.1359 849.1359 849.1359 835.4393 774.3873 517.129 10.17408 10.17408 10.17408 10.17408 10.17408
4.557036 4.557036 4.557036 4.557036 4.557036 4.557036 4.557036 13.14087 28.97486 28.97485 28.97486 28.97485 28.97486 28.97486 28.97486 28.97485 28.97486 28.97485 28.97486 28.97486 28.97486 28.97485 28.97486 28.97485 28.97486 28.97486 28.97486 28.97485 28.97486 29.01489 37.42149 93.92147 115.1126 115.1126 115.1126 115.1126 115.1126 115.1126 115.1126 115.1126 115.1126 85.09746 24.86325 24.86325 24.86325 24.86325 24.86325 24.86325 24.86325 24.86325 24.86325 24.86325 25.74537 116.1249 156.3347 156.3347 156.3347 142.3568 49.36931 17.72135 55.99117 722.5083 849.1359 849.1359 849.1359 849.1359 849.1359 372.7643 10.17408 10.17408 10.17408 10.17408 10.17408
4.557036 4.557036 4.557036 4.557036 4.557036 4.557036 4.557036 14.44062 28.97486 28.97486 28.97486 28.97486 28.97486 28.97486 28.97486 28.97486 28.97486 28.97486 28.97486 28.97486 28.97486 28.97486 28.97486 28.97486 28.97486 28.97486 28.97486 28.97486 28.97486 31.35594 41.50474 91.36597 115.1126 115.1126 115.1126 115.1126 115.1126 115.1126 115.1126 115.1126 115.1126 57.37489 24.86325 24.86325 24.86325 24.86325 24.86325 24.86325 24.86325 24.86325 24.86325 24.86325 42.13471 144.0872 156.3347 154.812 120.6303 34.8343 17.72135 17.72135 24.72051 508.4951 849.1359 849.1359 849.1359 849.1359 849.1359 548.356 13.29422 10.17408 10.17408 10.17408 10.20029
4.557036 4.557036 4.557036 4.557036 4.557036 4.557036 4.557036 19.96589 33.416 31.24015 29.05043 28.97486 28.97486 28.97486 28.97486 28.97486 28.97486 28.97486 28.97486 28.97486 28.97486 28.97485 28.97486 28.97486 28.97486 28.97486 28.97486 28.97486 28.97486 35.82556 41.50474 76.10358 115.1126 115.1126 115.1126 115.1126 115.1126 115.1126 115.1126 97.87349 82.59267 32.03814 24.86325 24.86325 24.86325 24.86325 24.86325 24.86325 24.86325 24.86325 24.86325 23.31826 31.44005 93.81219 83.92117 33.25566 17.72135 17.72135 17.72135 17.73046 433.8261 849.1359 849.1359 849.1358 849.1359 849.1359 849.1359 848.5866 42.10305 10.17408 10.17408 10.17408 10.3699
4.557036 4.557036 4.557036 4.557036 4.557036 4.557036 4.557036 24.153 41.50474 41.50474 40.51327 37.38178 34.9123 33.15588 30.26942 28.97486 28.97486 28.97486 28.97486 28.97486 28.97486 28.97486 28.97486 28.97486 28.97486 28.97486 28.97486 28.97486 31.05697 40.99925 41.50474 42.24931 57.48722 54.21652 65.95534 74.10577 79.72293 68.79854 52.59946 41.50989 37.29251 24.86325 24.86325 24.86325 24.86325 24.86325 24.86325 24.86325 24.86325 24.86325 24.86325 20.89381 17.72135 17.72135 17.72135 17.72135 17.72135 17.72135 17.72135 214.0858 842.4968 849.1359 849.1359 849.1359 849.1359 849.1359 849.1359 599.6367 10.17408 10.17408 10.17408 10.17408 10.20324
4.557036 4.557036 4.557036 4.557036 4.557036 4.557036 4.557036 25.41323 41.50474 41.50474 41.50474 41.50474 41.50474 41.50474 41.49165 39.5303 35.6229 33.56678 30.5392 29.37094 29.31846 29.53891 28.97486 28.97486 28.97486 28.97486 28.97486 29.15192 38.11557 41.50474 41.50474 41.50474 41.50474 41.50474 41.50474 41.50474 41.50474 41.50474 41.50474 41.50474 34.91108 24.86325 24.86325 24.86325 24.86325 24.86325 24.86325 24.86325 24.86325 24.86325 24.38381 18.07457 17.72135 17.72135 17.72135 17.72135 17.72135 17.72135 17.72135 261.1483 430.2202 504.1452 586.9174 587.7621 647.9587 839.6206 849.1359 437.7603 10.17408 12.01728 17.89497 12.51556 10.30928
4.489257 4.364016 4.108927 3.764665 3.359215 3.232847 6.23549 34.34868 41.50474 41.50474 41.50474 41.50474 41.50474 41.50474 41.50474 41.50474 41.50474 41.50474 41.50474 41.50474 41.50474 41.45325 37.61177 31.54767 28.97486 28.97486 29.7068 36.70023 41.50474 41.50474 41.50474 41.50474 41.50474 41.50474 41.50474 41.50474 41.50474 41.50474 41.50474 41.50474 34.43811 24.86325 24.86325 24.86325 24.86325 24.86325 24.86325 24.86325 24.86325 24.43499 19.73811 17.72135 17.72135 17.72135 17.72135 17.72135 17.72135 17.72135 17.72135 17.72135 17.72135 12.76252 10.17408 10.17408 10.17408 31.50368 167.9365 133.6021 15.85138 22.7467 23.3335 23.33006 21.35439
2.626396 2.533109 2.533109 2.533109 2.533109 2.533109 23.43723 41.50474 41.50474 41.50474 41.50474 41.50474 41.50474 41.50474 41.50474 41.50474 41.50474 41.50474 41.50474 41.50474 41.50474 41.50474 41.50474 41.14477 35.83947 36.08601 41.00414 41.50474 41.50474 41.50474 41.50474 41.50474 41.50474 41.50474 41.50474 41.50474 41.50474 41.50474 41.50474 41.50474 33.49715 24.86325 24.86325 24.86325 24.86325 24.86325 24.86325 24.86324 22.76262 18.57856 17.72135 17.72135 17.72135 17.72135 17.72135 17.72135 17.72135 17.72135 17.72135 17.72135 17.72135 13.52889 10.17408 10.17408 10.17408 10.17408 10.17408 13.20733 23.27863 23.3335 23.3335 23.3335 22.33715
2.533109 2.533109 2.533109 2.533109 2.533109 2.533109 5.626148 17.98125 19.09066 20.75275 22.08367 23.05869 22.84887 22.80679 22.32098 21.71256 21.37079 22.2387 22.59818 22.10092 20.03509 21.8766 31.40053 41.43493 41.50474 41.50474 41.50474 41.50473 41.50474 41.50473 41.50474 41.50473 41.50474 41.50474 41.50474 41.50474 41.50474 41.50473 41.50474 41.50474 31.36092 21.94244 22.51648 22.31162 22.79641 22.65788 22.12482 19.75993 17.72135 17.72135 17.72135 17.72135 17.72135 17.72135 17.72135 17.72135 17.72135 17.72135 17.72135 17.72135 17.72135 13.01884 10.17408 10.17408 10.17408 10.17408 10.17408 17.9749 23.3335 23.3335 23.3335 23.3335 23.3335
2.533109 2.533109 2.533109 2.533109 2.533109 2.533109 2.533109 7.223516 9.507216 9.507215 9.507216 9.507215 9.507216 9.507216 9.507216 9.507215 9.507216 9.507215 9.507216 9.507216 9.507216 9.507215 9.507216 22.2099 36.16282 35.80287 25.67508 20.70966 18.53199 21.99107 15.69025 14.18301 21.13934 25.17838 27.35257 27.19391 25.33012 22.78213 27.91376 24.82552 18.81128 17.72135 17.72135 17.72135 17.72135 17.72135 17.72135 17.72135 17.72135 17.72135 17.72135 17.72135 17.72135 17.72135 17.72135 17.72135 17.72135 17.72135 17.72135 17.72135 17.3076 10.52299 10.17408 10.17408 10.17408 10.17408 10.17408 19.88194 23.3335 23.3335 23.3335 23.3335 23.3335
2.533109 2.533109 2.533109 2.533109 2.533109 2.533109 2.533109 8.42288 9.507216 9.507216 9.507216 9.507216 9.507217 9.507216 9.507216 9.507216 9.507216 9.507216 9.507216 9.507216 9.507216 9.507216 9.507216 9.507216 9.507216 9.507216 9.507216 9.507216 9.507216 9.507216 9.507216 9.507216 9.507217 9.507216 9.507216 9.507216 9.507216 9.507216 9.507217 9.507216 15.79744 17.72135 17.72135 17.72135 17.72135 17.72135 17.72135 17.72135 17.72135 17.72135 17.72135 17.72135 17.72135 17.72135 17.72135 17.72135 17.72135 17.72135 17.72135 17.72135 15.82432 10.17408 10.17408 10.17408 10.17408 10.17408 10.17408 21.2002 23.3335 23.3335 23.3335 23.3335 23.3335
2.533109 2.533109 2.533109 2.533109 2.533109 2.533109 2.533109 7.718534 9.507216 9.507216 9.507216 9.507216 9.507216 9.507216 9.507216 9.507216 9.507216 9.507216 9.507216 9.507216 9.507216 9.507216 9.507216 9.507216 9.507216 9.507217 9.507216 9.507216 9.507216 9.507215 9.507216 9.507216 9.507216 9.507216 9.507217 9.507216 9.507217 9.507216 9.507216 9.507216 17.20768 17.72135 17.72135 17.72135 17.72135 17.72135 17.72135 17.72135 17.72135 17.72135 17.72135 17.72135 17.72135 17.72135 17.72135 17.72135 17.72135 17.72135 17.72135 17.72135 13.55905 10.17408 10.17408 10.17408 10.17408 10.17408 10.81712 23.00294 23.3335 23.3335 23.3335 23.3335 23.3335
2.533109 2.533109 2.533109 2.533109 2.533109 2.513439 3.627097 9.259342 9.507216 9.507216 9.507216 9.507216 9.507215 9.507216 9.507215 9.507216 9.507216 9.507216 9.507215 9.507216 9.507215 9.507216 9.507216 9.507216 9.507216 9.507216 9.507216 9.507216 9.507216 9.507216 9.507216 9.507216 9.507216 9.507216 9.507216 9.507216 9.507216 9.507216 9.507216 9.685852 17.70007 17.72135 17.72135 17.72135 17.72135 17.72135 17.72135 17.72135 17.72135 17.72135 17.72135 17.72135 17.72135 17.72135 17.72135 17.72135 17.72135 17.72135 17.72135 17.69647 10.93289 10.17408 10.17408 10.17408 10.17408 10.17408 18.36329 23.3335 23.3335 23.3335 23.3335 23.3335 23.3335
2.533109 2.533109 2.533109 2.533109 2.526936 2.284478 2.234497 7.96885 9.507216 9.507216 9.507216 9.507216 9.507216 9.507216 9.507216 9.507216 9.507215 9.507216 9.507216 9.507216 9.507216 9.507216 9.507216 9.507216 9.507216 9.507216 9.507216 9.507216 9.507216 9.507216 9.507216 9.507216 9.507215 9.507216 9.507216 9.507216 9.507216 9.507216 9.507216 10.27441 17.72135 17.72135 17.72135 17.72135 17.72135 17.72135 17.72135 17.72135 17.72135 17.72135 17.72135 17.72135 17.72135 17.72135 17.72135 17.72135 17.72135 17.72135 17.72135 14.95981 10.17408 10.17408 10.17408 10.17408 10.17408 14.98248 22.93249 23.3335 23.3335 23.3335 23.3335 23.3335 23.3335
2.533109 2.533109 2.533109 2.533109 2.38599 2.219544 2.219544 3.610322 8.927773 9.507216 9.507216 9.507216 9.507216 9.507216 9.507216 9.507216 9.507216 9.507215 9.507216 9.507216 9.507216 9.507215 9.507216 9.507215 9.507216 9.507216 9.507216 9.507216 9.507216 9.507216 9.507216 9.507215 9.507216 9.507216 9.507216 9.507216 9.507216 9.507216 9.507216 11.10806 17.72135 17.72135 17.72135 17.72135 17.72135 17.72135 17.72135 17.72135 17.72135 17.72135 17.72135 17.72135 17.72135 17.72135 17.72135 17.72135 17.72135 17.72135 16.93317 10.64422 10.17408 10.17408 10.17408 10.17408 13.98162 23.32776 23.3335 23.3335 23.3335 23.3335 23.3335 23.3335 23.3335
2.533109 2.533109 2.533109 2.484544 2.261993 2.219544 2.219544 2.219544 3.026477 8.951531 9.507216 9.507215 9.507215 9.507216 9.507215 9.507215 9.507216 9.507215 9.507216 9.507215 9.507216 9.507215 9.507215 9.507215 9.507216 9.507215 9.507216 9.507215 9.507215 9.507215 9.507215 9.507215 9.507216 9.507215 9.507216 9.507215 9.507215 9.507215 9.507216 12.87877 17.72135 17.72135 17.72135 17.72135 17.72135 17.72135 17.72135 17.72135 17.72135 17.72135 17.72135 17.72135 17.72135 17.72135 17.72135 17.72135 17.72135 17.72135 14.05739 10.17408 10.17408 10.17408 10.17408 10.17408 18.02722 21.5148 23.3335 23.3335 23.3335 23.3335 23.3335 23.3335 23.3335
2.533109 2.533109 2.345598 2.220957 2.219544 2.219544 2.219544 2.219544 2.219544 5.333392 9.507216 9.507216 9.507216 9.507216 9.507216 9.507216 9.507216 9.507216 9.507216 9.507216 9.507216 9.507216 9.507216 9.507216 9.507216 9.507216 9.507216 9.507216 9.507216 9.507216 9.507215 9.507216 9.507215 9.507216 9.507216 9.507216 9.507216 9.507216 9.507216 13.57751 17.72135 17.72135 17.72135 17.72135 17.72135 17.72135 17.72135 17.72135 17.72135 17.72135 17.72135 17.72135 17.72135 17.72135 17.72135 17.72135 17.72135 17.72135 12.11615 10.17408 10.17408 10.17408 10.17408 10.17408 10.17408 10.19911 21.51277 23.3335 23.3335 23.3335 23.3335 23.3335 23.3335
1.83943 1.731818 2.043227 2.219544 2.219544 2.219544 2.219544 2.219544 2.219544 2.275617 7.749856 9.507215 9.507215 9.507216 9.507216 9.507215 9.507216 9.507215 9.507215 9.507216 9.507216 9.507215 9.507216 9.507215 9.507215 9.507216 9.507216 9.507215 9.507216 9.507215 9.507216 9.507215 9.507216 9.507215 9.507216 9.507215 9.507215 9.507215 9.507216 14.69063 17.72135 17.72135 17.72135 17.72135 17.72135 17.72135 17.72135 17.72135 17.72135 17.72135 17.72135 17.72135 17.72135 17.72135 17.72135 17.72135 17.72135 16.85449 10.28712 10.17408 10.17408 10.17408 10.17408 10.17408 10.17408 10.17408 21.73633 23.3335 23.3335 23.3335 23.3335 23.3335 23.3335
1.315192 1.315192 1.830795 2.219544 2.219544 2.219544 2.219544 2.219544 2.219544 2.219544 2.869034 8.066505 9.507216 9.507216 9.507215 9.507216 9.507216 9.507216 9.507216 9.507216 9.507216 9.507216 9.507216 9.507216 9.507216 9.507216 9.507216 9.507216 9.507216 9.507216 9.507216 9.507216 9.507215 9.507216 9.507216 9.507216 9.507216 9.507216 9.507215 15.18469 17.72135 17.72135 17.72135 17.72135 17.72135 17.72135 17.72135 17.72135 17.72135 17.72135 17.72135 17.72135 17.72135 17.72135 17.72135 17.72135 17.72135 12.72588 10.17408 10.17408 10.17408 10.17408 10.17408 10.17408 10.17408 10.17408 22.41172 23.3335 23.3335 23.3335 23.3335 23.3335 23.3335
1.315192 1.315192 1.65825 2.219544 2.219544 2.219544 2.219544 2.219544 2.219544 2.219544 2.219544 2.568583 4.568009 8.460303 9.507215 9.507216 9.507215 9.507216 9.507215 9.507215 9.507215 9.507215 9.507215 9.507216 9.507215 9.507215 9.507215 9.507216 9.507215 9.507216 9.507215 9.507216 9.507216 9.507216 9.507215 9.507216 9.507215 9.507216 9.507216 15.27179 17.72135 17.72135 17.72135 17.72135 17.72135 17.72135 17.72135 17.72135 17.72135 17.72135 17.72135 17.72135 17.72135 17.72135 17.72135 17.72135 16.71393 10.24951 10.17408 10.17408 10.17408 10.17408 10.17408 10.17408 10.17408 10.17408 22.51267 23.3335 23.3335 23.3335 23.3335 23.3335 23.3335
1.315192 1.319495 1.750244 2.219544 2.219544 2.219544 2.219544 2.219544 2.219544 2.219544 2.219544 2.219544 2.219544 2.817089 8.015512 9.507216 9.507215 9.507216 9.507215 9.507215 9.507215 9.507216 9.507215 9.507216 9.507215 9.507215 9.507215 9.507216 9.507215 9.507216 9.507215 9.507216 9.507216 9.507216 9.507215 9.507216 9.507215 9.507216 9.507216 15.58588 17.72135 17.72135 17.72135 17.72135 17.72135 17.72135 17.72135 17.72135 17.72134 17.72135 17.72135 17.72135 17.72135 17.72135 17.72135 17.72134 13.78197 10.17408 10.17408 10.17408 10.17408 10.17408 10.17408 10.17408 10.17408 10.17408 19.46506 23.3335 23.3335 23.3335 23.3335 23.3335 23.3335
1.317981 1.953514 2.219543 2.219544 2.219543 2.219543 2.219544 2.219544 2.219543 2.219544 2.219543 2.219543 2.219543 2.219543 2.391146 5.51264 9.076262 9.507216 9.507216 9.507216 9.507216 9.507216 9.507216 9.507216 9.507216 9.507216 9.507216 9.507216 9.507216 9.507216 9.507216 9.507216 9.507216 9.507216 9.507216 9.507216 9.507216 9.507216 9.507216 4.719966 2.425624 6.461461 9.176448 9.319002 14.60112 17.72048 17.72135 17.72135 17.72135 17.72135 17.72135 17.72135 17.72135 17.72135 17.72135 17.72135 11.8595 10.17408 10.17408 10.17408 10.17408 10.17408 10.17408 10.17408 10.17408 10.17408 15.72687 23.3335 23.3335 23.3335 23.3335 23.3335 23.3335
1.909517 2.219544 2.219544 2.219544 2.219544 2.219544 2.219544 2.219544 2.219544 2.219544 2.219544 2.219544 2.219544 2.219544 2.219544 2.219544 3.026686 7.197602 9.50106 9.507217 9.507217 9.507216 9.507216 9.507216 9.507216 9.507217 9.507217 9.507216 9.507217 9.507216 9.507217 9.507216 9.507216 9.507216 9.507216 9.507216 9.507216 9.507217 9.507216 2.420547 0.7891602 0.7891602 0.7891602 0.7891602 0.7891602 2.586337 4.661432 5.562063 8.506152 10.97749 14.43815 16.5182 15.87576 17.57695 17.72135 15.79092 10.18802 10.17408 10.17408 10.17408 10.17408 10.17408 10.17408 10.17408 10.17408 10.17408 15.63141 23.3335 23.3335 23.3335 23.3335 23.3335 23.3335
1.495552 2.149417 2.219544 2.219544 2.219544 2.219544 2.219544 2.219544 2.219544 2.219544 2.219544 2.219544 2.219544 2.219544 2.219544 2.219544 2.219544 2.219544 4.117579 7.735567 9.507216 9.507216 9.507216 9.507216 9.507216 9.507216 9.507216 9.507216 9.507216 9.507216 9.507216 9.507216 9.507216 9.507216 9.507216 9.507216 9.507216 9.507216 9.507216 2.135369 0.7891601 0.7891601 0.7891601 0.7891601 0.7891601 0.7891602 0.7891601 0.7891601 0.7891601 0.7891601 0.7891601 0.7891602 0.7891601 1.46745 2.684891 3.887932 5.729373 7.829301 8.837278 8.738745 9.341784 10.16562 10.17408 10.17408 10.17408 10.17408 16.01169 23.3335 23.3335 23.3335 23.3335 23.3335 23.3335
1.900786 2.220133 2.219544 2.219544 2.219544 2.219544 2.219544 2.219544 2.219544 2.219544 2.219544 2.219544 2.219544 2.219544 2.219544 2.219544 2.219544 2.219544 2.219544 2.243388 6.860374 9.507215 9.507215 9.507215 9.507215 9.507215 9.507215 9.507215 9.507215 9.507215 9.507215 9.507215 9.507216 9.507215 9.507215 9.507215 9.507215 9.507215 9.507216 1.891305 0.7891601 0.7891602 0.7891601 0.7891602 0.7891602 0.7891602 0.7891602 0.7891602 0.7891602 0.7891602 0.7891602 0.7891602 0.7891601 0.7891602 0.7891601 0.7891602 0.7891602 0.7891602 0.7891602 0.7891602 0.7891602 1.389895 2.85696 4.052158 4.425447 5.860286 9.914392 17.29328 19.93842 22.89931 23.3335 23.3335 23.3335
1.544178 2.337416 2.266996 2.221112 2.219544 2.219544 2.219544 2.219544 2.219544 2.219544 2.219544 2.219544 2.219544 2.219544 2.219544 2.219544 2.219544 2.219544 2.219544 2.219544 2.289645 8.038373 9.507216 9.507216 9.507216 9.507216 9.507216 9.507216 9.507216 9.507216 9.507216 9.507216 9.507217 9.507216 9.507216 9.507216 9.507216 9.507216 9.507216 1.454008 0.7891601 0.7891602 0.7891601 0.7891602 0.7891601 0.7891602 0.7891601 0.7891602 0.7891601 0.7891602 0.7891601 0.7891602 0.7891601 0.7891602 0.7891601 0.7891602 0.7891602 0.7891602 0.7891602 0.7891602 0.7891602 0.7891602 0.7891601 0.7891602 0.7891602 0.7891602 1.965761 3.361833 3.361833 4.062736 10.76863 17.6984 22.21002
1.339631 2.234887 2.383121 2.322513 2.225099 2.219544 2.219544 2.219544 2.219543 2.219544 2.219544 2.219544 2.219544 2.219544 2.219544 2.219544 2.219544 2.219544 2.219544 2.219544 2.219543 8.248676 9.507215 9.507216 9.507215 9.507215 9.507216 9.507216 9.507216 9.507216 9.507216 9.507216 9.507216 9.507216 9.507215 9.507216 9.507215 9.507216 9.507216 1.190535 0.7891602 0.7891601 0.7891602 0.7891601 0.7891602 0.7891601 0.7891602 0.7891602 0.7891602 0.7891601 0.7891602 0.7891601 0.7891602 0.7891601 0.7891602 0.7891601 0.7891602 0.7891601 0.7891602 0.7891601 0.7891602 0.7891601 0.7891602 0.7891601 0.7891601 0.7891601 2.459027 3.361832 3.361833 3.361832 3.361832 3.361833 3.502793
