Scenarios/Heterogeneous/data/country_data_population_distribution/processed/density_grids/afg.asc
ncols 357
nrows 228
xllcorner 60
yllcorner 29
cellsize 0.041666666666667
NODATA_value -9999
[rows 32 to 63 of 228, columns 219 to 291 of 357]
132.7568 0 0 0 0 178.3746 196.9275 149.56 141.0201 122.2441 102.8007 102.8007 102.8007 102.8007 102.8007 102.8007 102.8007 102.8007 102.8007 102.8007 102.8007 102.8007 88.70345 72.93795 72.93795 88.76682 101.0982 101.0982 101.0982 101.0982 101.0982 101.0982 101.0982 131.9451 172.1594 172.1594 172.1594 118.9974 35.07769 35.07769 35.07769 58.8788 116.2323 51.49604 30.63521 30.4537 30.4537 30.4537 30.4537 30.4537 30.4537 30.4537 30.16098 17.64281 16.82093 15.1583 0 0 0 0 0 0 0 0 0 0 0 0 0 0 0 0 0
125.5243 126.5024 126.4923 118.4467 116.8937 194.9368 202.1072 194.7397 144.781 111.1927 102.8007 102.8007 102.8007 102.8007 102.8007 102.8007 102.8007 102.8007 102.8007 102.8007 102.8007 102.8007 102.6094 75.99017 74.75469 99.06522 101.0982 101.0982 101.0982 101.0982 101.0982 101.0982 101.0982 121.0232 166.4565 172.1594 161.9679 50.79315 35.07769 35.07769 35.34154 65.35577 116.7935 116.7935 61.47827 30.4537 30.4537 30.4537 30.4537 30.4537 30.4537 30.4537 30.4537 18.97927 16.82093 14.37016 0 0 0 0 0 0 0 0 0 0 0 0 0 0 0 0 0
95.35379 95.35378 95.35378 95.35378 116.4841 197.3295 202.1072 202.1072 188.3298 96.92254 102.8007 102.8007 102.8007 102.8007 102.8007 102.8007 102.8007 102.8007 102.8007 102.8007 102.8007 102.8007 102.8007 86.93935 82.87704 101.0982 101.0982 101.0982 101.0982 101.0982 101.0982 101.0982 101.0982 101.0982 108.9634 141.3572 153.3006 74.07544 117.3839 121.8568 107.3057 116.7916 116.7935 115.7645 36.50331 30.4537 30.4537 30.4537 30.4537 30.4537 30.4537 30.4537 30.4537 21.5414 16.82093 0 0 0 0 0 0 0 0 0 0 0 0 0 0 0 0 0 0
95.35378 95.35379 95.35379 95.35379 154.5302 202.1072 202.1072 202.1072 202.1072 106.3105 73.13896 101.9574 102.8007 102.8007 102.8007 102.8007 102.8007 102.8007 102.8007 102.8007 102.8007 102.8007 102.8007 93.00556 84.3794 92.92802 113.7973 130.1383 108.4788 105.1809 101.0982 101.0982 101.0982 101.0982 101.0982 101.0982 101.0982 148.8233 192.5898 189.5767 121.474 116.7935 116.7935 114.7127 72.07874 50.87316 30.4537 30.4537 30.4537 30.4537 30.4537 30.4537 30.4537 28.80856 18.59759 16.5309 0 0 0 0 0 0 0 0 0 0 0 0 0 0 0 0 0
95.35379 95.35378 95.35379 95.35379 137.9037 202.1072 202.1072 202.1072 201.1806 95.01957 53.803 59.77281 84.79216 102.8007 102.8007 102.8007 102.8007 102.8007 102.8007 102.8007 102.8007 102.8007 102.405 55.65617 48.89465 48.89465 55.62081 116.6143 143.9306 137.451 112.2018 106.0787 101.4656 101.0982 101.0982 101.0982 108.9063 191.3849 192.5898 177.1368 63.8734 115.1978 116.7935 116.7935 116.6552 62.24078 30.80194 30.4537 30.4537 30.4537 30.4537 30.4537 30.4537 29.24799 18.46138 16.82094 0 0 0 0 0 0 0 0 0 0 0 0 0 0 0 0 0
95.35378 95.35379 95.35379 95.35379 134.0907 201.4506 202.1072 202.1072 121.0824 53.803 53.803 53.803 54.92586 77.20217 100.5761 102.8007 102.8007 102.8007 102.7745 102.5031 100.9725 116.4518 137.193 133.3289 101.9204 53.03986 48.89465 70.69321 140.28 143.9306 143.9306 143.9306 139.8539 109.3671 101.0982 101.0982 102.0709 185.0636 192.5898 190.0002 43.53481 47.40284 63.96551 59.23044 77.89067 31.87031 31.56046 31.00663 30.46154 30.4537 30.4537 30.4537 30.03722 20.08316 16.82093 16.82093 13.79982 0 0 0 0 0 0 0 0 0 0 0 0 0 0 0 0
95.35378 95.35378 95.35378 95.35378 141.3398 165.2724 187.1533 186.3989 98.08398 53.803 53.803 53.803 53.803 113.7098 168.7189 113.0311 131.842 100.9737 91.92257 89.82441 89.33472 110.516 138.6301 138.6301 138.6301 126.7493 77.52516 48.89465 70.18382 137.6407 143.9306 143.9306 143.9306 143.4638 120.5822 110.1807 123.0982 192.5898 192.5898 192.5898 76.46718 39.02531 39.02531 39.02531 39.02531 33.75919 31.61075 31.61076 31.28833 30.63643 30.4537 30.4537 30.4537 23.94666 16.82093 16.82093 16.73705 0 0 0 0 0 0 0 0 0 0 0 0 0 0 0 0
102.1031 95.35378 95.35378 95.35378 144.2589 162.7952 162.7952 162.7952 158.9162 85.41338 72.93837 242.0092 189.3069 289.0942 294.2238 212.6754 193.0056 89.37743 89.32587 89.32587 89.32587 128.6845 138.6301 138.6301 138.6301 138.6301 113.9956 48.89465 48.89465 70.08171 134.7574 143.9306 143.9305 143.9306 143.9305 143.9306 159.7894 192.1748 137.8069 101.1707 41.68941 39.02531 39.02531 39.02531 39.02531 33.2654 31.61075 31.61075 31.61075 31.58028 31.14794 31.06946 30.77532 18.3619 16.82093 16.82093 16.82093 15.6718 0 0 0 0 0 0 0 0 0 0 0 0 0 0 2.267105
127.7388 113.9914 117.3026 92.98463 141.7864 162.7952 162.7952 169.632 284.0306 311.6935 238.4456 312.0008 312.0008 312.0008 312.0008 285.3098 102.1774 89.32587 89.32587 89.32587 89.32587 130.4102 138.6301 138.6301 138.6301 138.6301 99.73037 49.29114 48.89465 48.89465 69.79443 137.1005 143.9305 143.9305 143.9305 143.9305 143.7201 80.90183 39.02531 39.02531 39.02531 39.02531 39.02531 39.02531 39.02531 35.14335 31.61076 31.61075 31.61075 31.61076 31.61076 31.61076 30.68507 19.77369 16.82093 16.82093 16.82093 16.82093 0 0 0 0 0 0 0 0 0 0 0 0 2.697682 2.126745 2.126745
132.2084 132.2084 132.1214 89.00359 101.1296 238.3834 193.4301 192.1891 307.347 312.0007 312.0008 312.0007 312.0008 312.0007 312.0008 295.8855 97.3483 89.32587 89.32587 89.32587 93.7291 137.1989 138.6301 138.6301 138.6301 138.6301 138.6301 106.6879 49.84668 48.89464 48.89464 56.09427 86.41148 141.008 143.9306 143.9306 109.9743 39.02531 39.02531 39.02531 39.02531 39.02531 39.02531 39.02531 39.02531 38.21245 31.82971 31.61076 31.61076 31.61076 31.61076 31.61076 31.61076 29.90841 18.3144 16.82093 16.82093 16.82094 14.28508 0 0 0 0 0 0 0 0 0 5.492484 2.126745 2.126745 2.126745 2.126745
132.2084 132.1812 95.177 75.38754 148.5736 254.9288 311.733 299.6218 312.0007 312.0007 312.0007 312.0007 312.0007 312.0007 312.0007 312.0007 185.0798 89.32587 89.32587 89.32587 89.32587 111.9635 138.6301 138.6301 138.6301 138.6301 138.6301 138.6301 92.44833 48.89465 48.89465 48.89465 48.89465 56.97012 70.4837 59.11134 66.98835 39.55057 39.02531 39.02531 39.02531 39.02531 39.02531 39.02531 39.02531 39.02531 35.71743 31.61076 31.61076 31.61076 31.61076 31.61075 31.61076 31.61076 26.68059 16.82093 16.82093 16.82093 16.69474 0 0 0 0 0 0 0 0 2.795703 2.126745 2.126745 2.126745 2.126745 2.126745
132.2084 132.2084 98.13664 75.38753 75.38754 77.90388 226.7954 312.0008 312.0008 312.0008 312.0008 312.0007 312.0008 312.0008 312.0008 312.0008 180.8733 80.73598 65.27398 58.72314 85.61426 102.1064 138.6301 138.6301 138.6301 138.6301 126.2302 47.76655 32.47821 48.18164 48.89465 48.89465 48.89465 48.89465 48.89465 48.89465 48.69074 40.73077 39.02531 39.02531 39.02531 39.02531 39.02531 39.02531 39.02531 39.02531 38.92602 32.33423 31.61075 31.61076 31.61076 30.73591 29.82367 25.02927 22.19729 16.77533 16.82093 16.82094 16.82094 15.38433 6.755736 0 0 0 0 5.898695 2.155278 2.126745 2.126745 2.126745 2.126745 2.126745 2.126745
132.2084 132.2084 129.3127 78.90652 75.38754 75.38754 80.77691 280.3577 312.0008 285.4211 244.6058 238.6319 248.4836 233.7103 235.4242 186.2172 57.42794 48.27424 46.9246 46.92459 55.2809 76.5481 121.7716 138.6301 138.6301 107.0702 42.7826 26.99128 26.99128 35.22544 37.47305 46.16527 48.89465 48.63362 48.36179 48.89465 44.58833 39.02531 38.82444 37.69551 39.02531 39.02531 38.93918 38.29993 39.02531 39.02531 39.02531 34.69059 31.61076 31.61076 31.61076 15.0853 6.762365 6.762365 6.821931 16.32244 16.82093 16.82093 16.82045 5.040854 2.126745 2.126745 2.126745 2.126745 2.126745 2.126745 2.126745 2.126745 2.126745 2.126745 2.126745 20.92273 0
132.2084 132.2084 119.0616 75.38754 75.38754 75.38754 75.38754 105.585 193.7994 172.6724 82.36527 30.60875 30.0859 25.90815 26.1374 30.52875 44.92335 46.9246 46.92459 46.9246 46.92459 46.92459 50.02489 121.5053 138.6301 65.5686 26.99128 26.99128 26.99128 26.99128 26.99128 27.63115 29.38678 27.80784 33.65915 43.96655 23.45062 21.61806 19.77448 19.86881 21.14885 21.66574 20.62946 20.81938 36.17447 39.02531 39.02531 37.39621 32.17044 31.61075 31.61076 29.08842 7.409286 6.762365 8.309369 11.17193 14.50637 16.78786 16.82093 10.39923 2.147083 2.126745 2.126745 2.126745 2.126745 2.126745 2.126745 2.126745 2.126745 2.24392 19.59902 0 0
132.2084 132.2084 124.0096 75.38754 75.38753 75.38754 75.38753 75.38754 77.45804 101.9396 103.3317 79.31887 33.09858 25.90815 25.90815 25.90815 38.49278 46.92459 46.92459 46.92459 46.92459 46.92459 46.92459 87.36454 89.82775 29.9903 26.99128 26.99128 26.99128 26.99128 26.99128 26.99128 26.99128 26.99128 29.8378 24.14178 19.77341 19.77341 19.77341 19.77341 19.77341 19.77341 19.77341 19.77341 21.59089 33.71507 39.02531 39.02531 38.51797 30.46869 21.39492 13.8987 6.762365 6.762365 6.762365 6.762365 6.762365 11.18072 16.82093 16.82093 4.682647 2.126745 2.126745 2.126745 2.126745 2.126745 2.126745 9.448428 0 0 0 0 0
132.2084 114.3856 96.69427 80.59492 75.45164 75.38754 75.38754 75.38754 86.40722 103.3317 103.3317 49.4333 25.90815 25.90815 25.90815 25.91389 44.80886 46.9246 46.92459 46.9246 46.92459 46.9246 46.9246 61.69566 29.40464 26.99128 26.99128 26.99128 26.99128 26.99128 26.99128 26.99128 26.99128 26.99128 25.93446 20.2324 19.77341 19.77341 19.77341 19.77341 19.77341 19.77341 19.77341 19.77341 19.77341 19.90788 24.59552 36.11142 39.02531 30.02439 6.762365 6.762365 6.762365 6.762365 6.762365 6.762365 6.762364 6.762365 13.86175 16.82093 13.36302 2.574067 2.126745 2.126745 2.481402 5.291397 6.672945 0 0 0 0 0 0
132.2084 102.9304 88.87756 86.94986 75.40792 76.98433 80.11802 96.75648 103.2752 103.3317 103.3317 102.3248 61.04115 25.90815 25.90815 25.90815 44.75658 46.9246 46.9246 46.9246 46.9246 46.9246 46.9246 37.53617 26.99128 26.99128 26.99128 26.99128 26.99128 26.99128 26.99128 26.99128 26.99128 26.99128 26.21099 19.96684 19.77341 19.77341 19.77341 19.77341 19.77341 19.77341 19.77341 19.77341 19.77341 19.77341 19.77341 19.62316 11.2746 8.175341 6.762365 6.762365 6.762365 6.762365 6.762365 6.762365 6.762365 6.762365 9.88776 12.71959 21.74727 10.03305 2.126745 2.126745 3.343792 0 0 0 0 0 0 0 0
132.2084 110.1263 88.87756 88.05025 87.02624 88.83261 89.39259 94.01879 97.77815 98.7802 101.233 103.3317 100.2357 43.56604 25.90815 27.07788 46.76507 46.9246 46.9246 46.92459 46.9246 46.92459 46.55748 30.09728 26.99128 26.99128 26.99128 26.99128 26.99128 26.99128 26.99128 26.99128 26.99128 26.99128 26.99128 22.03443 19.77341 19.77341 19.77341 19.77341 19.77341 19.77341 19.77341 19.77341 19.77341 19.77341 19.71605 13.69326 6.762365 6.762365 6.762365 6.762365 6.762365 6.762365 6.762365 6.762365 6.762365 6.762365 6.762365 6.762365 0 0 0 7.947403 4.243259 0 0 0 0 0 0 0 0
132.2084 127.3933 93.35351 88.87756 88.87756 88.87756 88.87756 88.87756 88.87756 88.87756 88.88811 93.55015 101.2751 61.59289 25.90815 28.33245 45.39278 46.92459 46.92459 46.9246 46.92459 46.9246 46.92459 44.26515 33.66189 26.99128 26.99128 26.99128 26.99128 26.99128 26.99128 26.99128 26.99128 26.99128 26.99067 20.95314 19.77341 19.77341 19.77341 19.77341 19.77341 19.77341 19.77341 19.77341 19.77341 19.77341 16.24326 6.762365 6.762365 6.762365 6.762365 6.762365 6.762365 6.762365 6.762365 6.762365 6.762365 6.762365 7.648102 29.04104 0 0 0 0 0 0 0 0 0 0 0 0 0
121.846 132.1983 121.1937 88.87756 88.87756 88.87756 88.87756 88.87756 88.87756 88.87756 88.87756 88.87756 77.97164 36.1462 25.90815 25.90815 39.07154 46.92459 46.92459 46.92459 46.92459 46.92459 46.92459 46.92459 46.71922 30.58029 26.99128 26.93187 26.94279 26.99128 26.99128 26.99128 26.98917 25.90274 22.4306 19.77646 19.77341 19.77341 19.77341 19.77341 19.77341 19.77341 19.77341 19.77341 19.77341 19.77341 15.51851 6.762365 6.762365 6.762365 6.762365 6.762365 6.762365 6.762365 6.762365 6.762365 6.762365 6.762365 9.500957 0 0 0 0 0 0 0 0 0 0 0 0 0 0
68.34669 92.31913 100.729 88.87756 88.87756 88.87756 88.87756 88.87756 88.87756 85.93578 75.27443 50.56013 30.33226 26.51425 25.90815 25.90815 26.61659 46.41644 41.96308 31.16684 22.34822 34.71609 46.87175 46.92459 46.92459 46.25719 29.48761 18.88992 18.97469 19.91452 20.02838 21.83869 22.16433 19.77341 19.77341 19.77341 19.77341 19.77341 19.77341 19.74485 19.1665 15.80674 10.59729 6.690562 19.76327 19.77341 9.501338 6.291551 6.629788 6.762365 6.762365 6.762365 6.762365 6.762365 6.762365 6.762365 6.762365 7.50837 26.30411 0 0 0 0 0 0 0 0 0 0 0 0 0 0
68.34668 68.34668 74.25619 85.10086 88.87756 88.87756 88.87756 88.87756 64.85971 27.67043 26.6779 26.6779 26.6779 26.55007 25.90815 25.79966 21.81785 21.27781 19.19203 17.62978 17.62978 17.62978 26.02135 32.32743 30.95015 22.51959 17.67998 17.62978 17.62978 17.62978 17.62978 17.62978 17.11443 19.59773 19.69264 19.77341 19.77341 19.77341 13.82288 3.782316 2.593003 2.593003 2.593003 2.593003 7.10113 10.20213 2.849546 2.593003 2.604591 3.463471 4.234099 6.145585 6.762365 6.762365 6.762365 6.762365 28.62645 0 0 0 0 0 0 0 0 0 0 0 0 0 0 0 0
68.34669 68.34669 68.34669 69.63892 75.04292 73.16457 73.95375 54.17905 26.68796 26.6779 26.6779 26.6779 26.6779 26.67778 39.34465 39.66335 17.62978 17.62978 17.62978 17.62978 17.62978 17.62978 17.62978 17.62978 17.62978 17.62978 17.62978 17.62978 17.62978 17.62978 17.62978 17.62978 8.273218 5.633092 13.22991 17.34627 19.68692 19.11895 4.591491 2.593003 2.593003 2.593003 2.593003 2.593003 2.593003 2.593003 2.593003 2.593003 2.593003 2.593003 2.593003 2.955192 4.748543 6.481651 6.762365 11.30382 0 0 0 0 0 0 0 0 0 0 0 0 0 0 0 0 0
68.34669 68.34668 68.34668 68.34668 68.34668 68.34668 68.34668 38.83933 26.6779 26.6779 26.6779 29.00215 41.00245 50.5961 72.58357 60.45396 17.62978 17.62978 17.62978 17.62978 17.62978 17.62978 17.62978 17.62978 17.62978 17.62978 17.62978 17.62978 17.62978 17.62978 17.62978 17.62978 14.05437 2.70665 2.593003 2.593003 7.955115 6.480317 2.593003 2.593003 2.593003 2.593003 2.593003 2.593003 2.593003 2.593003 2.593003 2.593003 2.593003 2.593003 2.593003 2.593003 2.593003 9.84252 0 0 0 0 0 0 0 0 0 0 0 0 0 0 0 0 0 0 0
68.34668 68.34668 68.34668 68.34668 68.34668 64.87651 51.79163 28.3126 29.34625 31.10253 42.66691 68.66121 74.60419 74.60419 74.60419 59.51297 17.62978 17.62978 17.62978 17.62978 17.62978 17.62978 17.62978 17.62978 17.62978 17.62978 17.62978 17.62978 17.62978 17.62978 17.62978 17.62978 11.35699 2.593003 2.593003 2.593003 2.593003 2.593003 2.593003 2.593003 2.593003 2.593003 2.593003 2.593003 2.593003 2.593003 2.593003 2.593003 2.593003 2.593003 2.593003 3.087307 0 0 0 0 0 0 0 0 0 0 0 0 0 0 0 0 0 0 0 0 0
69.53503 63.14188 53.95275 54.0775 44.36222 41.21117 39.36092 36.37524 36.3712 36.3712 52.53703 74.60419 74.60419 70.20949 72.44131 48.62108 17.62978 17.62978 17.62978 17.62978 17.62978 17.62978 17.62978 17.62978 17.62978 17.62978 17.62978 17.62978 17.62978 17.62978 17.62978 15.90156 12.16687 2.593003 2.593003 2.593003 2.593003 2.593003 2.593003 2.593003 2.593003 2.593003 2.593003 2.593003 2.593003 2.593003 2.593003 2.593003 2.593003 2.593003 2.593003 0 0 0 0 0 0 0 0 0 0 0 0 0 0 0 0 0 0 0 0 0 0
78.65654 67.84737 39.80587 39.80587 39.80587 39.80587 39.80587 37.26774 36.37119 36.37119 37.5546 58.2888 54.08367 38.3094 38.68223 36.28637 33.96749 22.60289 17.62978 17.62978 17.62978 17.62978 17.62978 17.62978 17.62978 17.62978 17.62978 17.62978 17.62978 17.62978 17.62978 10.7222 2.593003 2.593003 2.593003 2.593003 2.593003 2.593003 2.593003 2.593003 2.593003 2.593003 2.593003 2.593003 2.593003 2.593003 2.593003 2.593003 2.593003 2.593003 26.79931 0 0 0 0 0 0 0 0 0 0 0 0 0 0 0 0 0 0 0 0 0 0
79.38145 73.21056 39.85707 39.80587 39.80587 39.80587 39.39832 36.43713 36.37119 36.37119 36.3712 36.37119 36.3712 36.37119 36.3712 36.37119 36.3712 35.71472 20.63243 17.62978 17.62978 17.62978 17.62978 17.62978 17.62978 17.62978 17.62978 17.62978 17.62978 17.62978 17.62978 9.455964 2.593003 2.593003 2.593003 2.593003 2.593003 2.593003 2.593003 2.593003 2.593003 2.593003 2.593003 2.593003 2.593003 2.593003 2.593003 2.659698 6.740976 9.557333 16.31112 0 0 0 0 0 0 0 0 0 0 0 0 0 0 0 0 0 0 0 0 0 0
79.38145 67.50841 39.80587 39.80587 39.80587 39.80587 37.92651 36.37119 36.37119 36.37119 36.37119 36.37119 36.37119 36.37119 36.37119 36.37119 36.37119 36.37119 29.76476 17.62978 17.62978 17.62978 17.62978 17.62978 17.62978 17.62978 17.62978 17.62978 17.62978 17.62978 17.62978 11.8742 2.593003 2.593003 2.593003 2.593003 2.593003 2.593003 2.593003 2.593003 2.593003 2.593003 2.593003 2.593003 2.593003 2.593003 2.593003 2.909064 10.11755 10.3315 10.3315 10.3315 21.80688 0 0 0 0 0 0 0 0 0 0 0 0 0 0 0 0 0 0 0 0
79.30243 51.51866 39.80587 39.80587 39.80587 39.80587 37.88784 36.37119 36.37119 36.37119 36.37119 36.37119 36.37119 36.37119 36.37119 36.37119 36.37119 36.37119 36.36532 24.83512 17.62978 17.62978 17.62978 17.62978 17.62978 17.62978 17.62978 17.62978 17.62978 17.60938 8.176651 3.187429 2.593003 2.593003 2.593003 2.593003 2.593003 2.593003 2.593003 2.593003 2.593003 2.593003 2.593003 2.593003 2.593003 2.593003 2.67496 8.308902 10.3315 10.3315 10.3315 10.3315 10.3315 10.3315 29.81005 0 0 0 0 0 0 0 0 0 0 0 0 0 0 0 0 0 0
78.38122 40.74931 39.80587 39.80587 39.80587 39.80587 38.71641 36.37119 36.37119 36.37119 36.37119 36.37119 36.37119 36.37119 36.37119 36.3712 36.37119 36.37119 36.37119 36.10368 21.06514 17.62978 17.62978 17.62978 17.62978 15.69987 16.85541 17.62978 16.24869 5.95124 2.593003 2.593003 2.593003 2.593003 2.593003 2.593003 2.593003 2.593003 2.593003 2.593003 2.593003 2.593003 2.593003 2.593003 2.593003 2.593003 2.835409 10.03924 10.3315 10.3315 10.3315 10.3315 10.3315 10.3315 13.53895 0 0 0 0 0 0 0 0 0 0 0 0 0 0 0 0 0 0
65.61855 41.40065 39.80587 39.80587 41.57056 54.9007 61.84493 37.65968 36.37119 36.37119 36.37119 36.37119 36.37119 36.37119 36.37119 36.37119 36.37119 36.37119 36.37119 34.1799 17.74056 17.62978 17.62978 17.62978 15.49592 12.3458 11.26694 12.1616 5.491804 2.593003 2.593003 2.593003 2.593003 2.593003 2.593003 2.593003 2.593003 2.593003 2.593003 2.593003 2.593003 2.593003 2.593003 2.593003 2.593003 3.746347 9.516977 10.3315 10.3315 10.3315 10.3315 10.3315 10.3315 10.3315 10.3315 10.3315 34.74537 0 0 0 0 0 0 0 0 0 0 0 0 0 0 0 0
