Scenarios/Heterogeneous/data/country_data_population_distribution/processed/density_grids/ago.asc
ncols 314
nrows 351
xllcorner 11
yllcorner -18
cellsize 0.041666666666667
NODATA_value -9999
[rows 90 to 119 of 351, columns 69 to 137 of 314]
24.74816 24.74816 23.34773 9.672902 8.587367 8.587367 8.587368 8.587367 8.587368 8.587367 8.587368 8.587367 8.587368 8.587367 8.587368 8.587367 8.587368 8.587367 8.587368 7.355394 6.099682 6.099681 6.099682 6.099681 6.099681 6.099681 6.099681 6.099681 6.099682 6.099681 6.099682 6.310153 13.34984 13.46138 13.46138 13.46138 13.46138 13.46138 13.46138 13.46138 13.46138 13.46138 13.46138 13.46138 13.46138 13.46138 11.64286 10.81853 10.81853 10.81853 10.81853 10.81853 11.05028 11.55285 11.47153 8.985912 5.654266 6.339593 6.654975 6.984482 4.740433 4.007296 4.007296 4.007296 4.007296 4.007296 4.018991 4.439087 4.477619
24.74816 24.74816 24.74816 16.46103 8.587367 8.587367 8.587367 8.587367 8.587367 8.587367 8.587367 8.587367 8.587367 8.587367 8.587367 8.587367 8.587367 8.587367 8.209004 6.144386 6.099681 6.099681 6.099681 6.099681 6.099681 6.099681 6.099681 6.099681 6.099681 6.099681 6.099681 6.760374 13.46138 13.46138 13.46138 13.46138 13.46138 13.46138 13.46138 13.46138 13.46138 13.46138 13.46138 13.46138 13.46138 13.46138 11.64604 10.81853 10.81853 10.90159 11.38617 11.43163 11.55976 11.56304 11.56304 11.56304 11.56304 11.56304 11.56304 11.56304 11.14923 10.83179 10.14349 5.136993 4.024107 4.193094 4.39446 4.477619 4.477619
24.74816 24.74816 24.38998 11.89529 8.587367 8.587367 8.587367 8.587367 8.587367 8.587366 8.587367 8.587367 8.587367 8.587367 8.587367 8.587367 8.587367 8.587368 7.231426 6.099681 6.099681 6.099681 6.099681 6.099682 6.099681 6.099681 6.099681 6.099681 6.099681 6.099681 6.153637 11.11098 13.46138 13.46138 13.46138 13.46138 13.46138 13.46138 13.46138 13.46138 13.46138 13.46138 13.46138 13.46138 13.46138 13.46138 12.08016 11.35036 11.25379 11.46898 11.56304 11.56304 11.56304 11.56304 11.56304 11.56304 11.56304 11.56304 11.56304 11.56304 11.56304 11.56304 11.56304 11.36199 5.185827 4.477619 4.477619 4.477619 4.477619
24.74816 24.74816 19.8725 8.587368 8.587367 8.587368 8.587367 8.587368 8.587367 8.587368 8.587368 8.587368 8.587367 8.587368 8.587367 8.587368 8.587367 8.587368 6.822264 6.099681 6.099681 6.099681 6.099681 6.099681 6.382868 7.2444 6.429496 6.099681 6.129593 6.112308 9.230058 11.45554 12.52928 13.46138 13.46138 13.46138 13.46138 13.46138 13.46138 13.46138 13.46138 13.46138 13.46138 13.46138 13.46138 13.46138 12.28977 11.56304 11.56304 11.56304 11.56304 11.56304 11.56304 11.56304 11.56304 11.56304 11.56304 11.56304 11.56304 11.56304 11.51638 8.796957 7.023253 6.006818 4.477619 4.477619 4.46476 4.423779 4.362626
24.74816 24.74816 24.73174 23.88288 23.39369 15.26112 8.587367 8.587367 8.587367 8.587367 8.587367 8.587367 8.587367 8.587367 8.587367 8.587367 8.587367 8.587367 7.055107 6.099681 6.099681 6.099681 6.099681 6.099969 9.123291 9.912873 9.63371 8.005305 9.5888 9.598947 9.912872 9.912872 9.91752 12.12098 13.46138 13.46138 13.46137 13.46138 13.46138 13.46138 13.46138 13.46138 13.46137 13.46138 13.46137 13.46138 12.55217 11.56304 11.56304 11.56304 11.56304 11.56304 11.56304 11.56304 11.56304 11.56304 11.56304 11.56304 11.56304 11.53749 6.893681 3.926981 3.926981 3.929906 4.281988 4.241109 3.952438 3.926981 3.926981
24.74816 24.74816 24.74816 24.74816 24.74816 24.72081 12.79618 8.587368 8.587367 8.587368 8.587368 8.587368 8.587367 8.587368 8.587367 8.587368 8.587367 8.587368 9.173552 6.099681 6.099681 6.099681 6.099681 7.197793 9.896237 9.91115 9.912872 9.912872 9.912871 9.912872 9.912871 9.912872 9.912871 10.07083 12.5349 13.46138 13.46138 13.46138 13.46138 13.46138 13.46138 13.46138 13.46138 13.46138 13.46138 13.46138 12.76005 11.56304 11.56304 11.56304 11.56304 11.56304 11.56304 11.56304 11.56304 11.56304 11.56304 11.56304 11.56304 7.813289 3.926981 3.926981 3.926981 3.926981 3.926981 3.926981 3.926981 3.926981 3.926981
24.74816 24.74816 24.74816 24.74816 24.74816 24.74816 18.55476 8.587367 8.587367 8.587367 8.587367 10.92089 14.4027 13.9633 13.02792 13.27113 13.06518 14.55616 16.284 11.86787 9.519839 7.927005 8.207179 9.749828 9.845527 9.860754 9.912863 9.912871 9.912871 9.912872 9.912871 9.912871 9.912871 9.912871 14.34136 23.52488 14.47324 13.46137 13.46137 13.46137 13.46137 13.46137 13.46138 13.46137 13.46137 13.46137 12.92126 11.56304 11.56304 11.56304 11.56304 11.56304 11.56304 11.56304 11.56304 11.56304 11.56304 11.56304 11.56304 6.037857 3.926981 3.926981 3.926981 3.926981 3.926981 3.926981 3.926981 3.926981 3.926981
24.74816 24.74816 24.74816 24.74816 24.74816 24.74816 21.40044 8.587367 8.587367 9.142859 13.74521 16.46845 16.5823 16.5823 16.5823 16.5823 16.5823 16.5823 16.5823 16.5823 16.5823 16.5823 13.04523 9.845528 9.845527 9.845527 9.899348 9.912872 9.912871 9.912872 9.912871 9.912871 9.912871 10.19676 27.33429 32.8778 30.95621 18.25228 13.46138 13.46138 13.46138 13.46138 13.46138 13.35592 12.91656 12.38558 11.76647 11.56304 11.56304 11.56304 11.56304 11.56304 11.56304 11.56304 11.56304 11.56304 11.56304 11.56304 11.56304 5.64049 3.926981 3.926981 3.926981 3.926981 3.926981 3.926981 3.926981 3.926981 3.926981
24.74816 24.74816 24.74816 24.74816 24.74816 24.74816 24.50948 20.8022 21.38527 17.92093 16.5823 16.5823 16.5823 16.5823 16.5823 16.5823 16.5823 16.5823 16.5823 16.5823 16.5823 16.5823 15.07796 9.845527 9.845527 9.845527 9.875411 8.552575 8.319647 9.909236 9.619385 8.144226 9.45321 23.64462 32.8778 15.98437 10.21544 6.664344 9.349848 13.02295 13.46137 13.46137 13.46137 11.99645 11.56304 11.56304 11.56304 11.56304 11.56304 11.56304 11.56304 11.56304 11.56304 11.56304 11.56304 11.56304 11.56304 11.56304 11.56304 5.495037 3.926981 3.926981 3.926981 3.926981 3.926981 3.926981 3.926981 3.926981 3.926981
24.74816 24.74816 24.74816 24.74816 24.74816 24.74816 24.74816 24.74816 24.74816 20.64777 16.5823 16.5823 16.5823 16.5823 16.5823 16.5823 16.5823 16.5823 16.5823 16.5823 16.5823 16.47738 12.71209 9.845528 9.845527 9.845527 8.825592 4.90037 4.87042 6.063626 5.222047 4.87042 13.76443 32.8778 32.8778 12.38473 6.642932 6.642932 6.642932 7.099137 10.46302 13.33571 13.28609 11.73187 11.56304 11.56304 11.56304 11.56304 11.56304 11.56304 11.56304 11.56304 11.56304 11.56304 11.56304 10.5816 10.33239 11.56304 10.95109 4.412128 3.926981 3.926981 3.926981 3.926981 3.926981 3.926981 3.926981 3.926981 3.926981
24.74816 24.74816 24.74816 24.74816 24.74816 24.74816 24.74816 24.74816 24.74816 24.53215 20.11371 16.5823 16.5823 16.5823 16.5823 16.5823 16.5823 16.5823 16.5823 16.5823 16.20898 11.59676 9.845528 9.845527 9.845528 9.845527 8.864032 4.870421 4.87042 4.87042 4.87042 4.87042 5.190456 29.43456 30.64118 7.111657 6.642932 6.642932 6.642931 6.642932 6.642931 7.988507 11.85429 11.56304 11.56304 11.56304 11.56304 11.56304 11.56304 11.56304 11.56304 11.56304 11.56304 11.56304 11.56304 8.117648 3.996823 6.03582 4.675719 3.926981 3.926981 3.926981 3.926981 3.926981 3.926981 3.926981 3.926981 3.926981 3.926981
24.74816 24.74816 24.74816 24.74816 24.74816 24.74816 24.74816 24.74816 24.74816 24.74816 24.7473 12.91776 8.312968 12.79429 15.1682 15.37766 15.08389 16.41529 16.5823 16.26545 11.27266 9.845528 9.845528 9.845528 9.845528 9.845528 8.321681 4.87042 4.87042 4.87042 4.87042 4.87042 4.87042 10.07746 8.510225 6.624095 6.642932 6.642932 6.642932 6.642932 6.642932 7.462679 11.56304 11.56304 11.56304 11.56304 11.56304 11.56304 11.56304 11.56304 11.56304 11.56304 11.56304 11.56304 11.56304 7.665838 3.926981 3.926981 3.926981 3.926981 3.926981 3.926981 3.926981 3.926981 3.926981 3.926981 3.926981 3.926981 3.926981
24.74816 24.74816 24.74816 24.74816 24.74816 24.74816 24.74816 24.74816 24.74816 24.74816 24.74816 17.24911 6.592933 6.592934 6.592933 6.592934 6.592933 11.51105 16.57176 12.11724 9.845528 9.845528 9.845528 9.845528 9.845528 9.845528 6.647942 4.87042 4.87042 4.87042 4.87042 4.87042 4.87042 4.87042 4.87042 6.287993 6.642932 6.642932 6.642932 6.642932 6.642932 6.649209 10.09056 11.56304 11.56304 11.56304 11.56304 11.56304 11.56304 11.56304 11.56304 11.56304 11.56304 11.56304 11.56304 7.389534 3.926981 3.926981 3.926981 3.926981 3.926981 3.926981 3.926981 3.926981 3.926981 3.926981 3.926981 3.926981 3.926981
24.74816 24.74816 24.74816 24.74816 24.74816 24.74816 24.74816 24.74816 24.74816 24.74816 24.74816 23.6137 7.237156 6.592933 6.592934 6.592933 6.592934 9.539829 14.17143 9.845527 9.845528 9.845528 9.845528 9.845527 9.845528 8.980669 4.913875 4.87042 4.87042 4.87042 4.87042 4.87042 4.87042 4.87042 4.870431 6.411253 6.642932 6.642932 6.642932 6.642932 6.642932 6.642932 6.689063 7.287265 10.09271 11.56304 11.56304 11.56304 11.56304 11.56304 11.56304 11.56304 11.56304 11.56304 10.2718 4.413361 3.926981 3.926981 3.926981 3.926981 3.926981 3.926981 3.926981 3.926981 3.926981 3.926981 3.926981 3.926981 3.926981
24.74816 24.74816 24.74816 24.74816 24.74816 24.74816 24.74816 24.74816 24.74816 24.74816 24.74816 24.74816 9.519453 6.592934 6.592934 6.592934 6.592934 7.796504 10.50425 9.845528 9.845527 9.845528 9.845527 9.845528 9.832635 5.953058 4.45896 4.381616 4.87042 4.87042 4.87042 4.87042 4.87042 4.87042 5.223891 6.642932 6.642932 6.642932 6.642932 6.642932 6.642932 6.642932 6.642932 6.642932 9.181122 11.56304 11.56304 11.56304 11.56304 11.56304 11.56304 11.56304 11.56304 11.56304 6.808205 3.926981 3.927298 3.947174 4.093062 4.036385 3.926981 3.926981 3.926981 3.926981 3.926981 3.926981 3.926981 3.926981 3.926981
24.74816 24.74816 24.74816 24.74816 24.74816 24.74816 24.74816 24.74816 24.74816 24.74816 24.74816 21.81121 6.725073 6.592933 6.592934 6.592933 6.592934 7.97398 9.845528 9.845527 9.845527 9.845527 9.845528 9.845527 6.837052 3.519057 3.484789 3.561367 4.397243 4.16185 4.87042 4.87042 4.87042 4.87042 6.070394 6.642932 6.642931 6.642932 6.642931 6.642932 6.642931 6.642932 6.642932 7.182654 11.39495 11.56304 11.56304 11.56304 11.56304 11.56304 11.56304 11.56304 11.56304 11.56304 8.513662 4.171675 4.285423 4.291186 4.308801 4.24996 4.022748 3.926981 3.926981 3.926981 3.926981 3.926981 3.926981 3.926981 3.926981
24.74816 24.74816 24.74816 24.74816 24.74816 24.74816 24.74816 24.74816 24.74816 24.74816 22.29625 9.611699 6.592934 6.592934 6.592934 6.592934 6.592934 9.067112 9.845527 9.845527 8.971025 8.583145 9.06711 6.913275 3.526129 3.484789 3.484789 3.484789 3.48479 3.484817 4.749693 4.87042 4.87042 5.197404 6.637569 6.642932 6.642931 6.642932 6.642931 6.642932 6.642931 6.642932 6.642932 8.812682 11.56304 11.56304 11.56304 11.56304 11.56304 11.56304 11.56304 11.56304 11.56304 11.56304 9.278426 4.3088 4.3088 4.308801 4.3088 4.308801 4.307792 4.061354 4.050011 3.953324 3.926981 3.926981 3.926981 3.926981 3.926981
24.74816 24.74816 24.74816 24.74816 24.74816 24.74816 24.74816 24.74816 24.03879 19.28358 12.11858 9.456919 6.592934 6.592933 6.619401 8.578838 5.547881 6.30043 4.967723 4.030735 3.501895 3.484789 3.484789 3.484789 3.48479 3.484789 3.48479 3.484789 3.484789 3.484789 4.721795 4.87042 4.87042 5.71854 6.642932 6.642932 6.642932 6.642931 6.642932 6.642932 6.642932 6.642931 6.642932 10.36005 11.56304 11.56304 11.56304 11.56304 11.56304 11.56304 11.56304 11.56304 11.56304 11.56304 8.235514 4.308801 4.308801 4.308801 4.308801 4.308801 4.308801 4.308801 4.308801 4.27199 4.198012 3.985741 3.926981 3.926981 3.926981
24.74816 24.74816 24.74816 24.74816 24.74816 20.25483 16.80252 16.08583 13.0709 12.49036 12.49036 12.1026 9.0686 6.698223 9.949324 11.99163 8.263964 3.48479 3.48479 3.484789 3.48479 3.484789 3.48479 3.484789 3.48479 3.484789 3.48479 3.484789 3.48479 3.558074 4.856082 4.87042 4.87042 6.171922 6.642931 6.642932 6.642932 6.642932 6.642931 6.642932 6.642931 6.642932 6.828072 11.48328 11.56304 11.56304 11.56304 11.56304 11.56304 11.56304 11.56304 11.56304 11.56304 11.56304 7.201613 4.308801 4.3088 4.308801 4.308801 4.308801 4.3088 4.308801 4.308801 4.308801 4.308801 4.308465 4.132552 3.937184 3.926981
40.80695 33.52415 39.27295 24.74816 48.62082 14.30674 12.49036 12.49036 12.49036 12.49036 12.49036 12.49036 12.29838 11.76081 11.99163 11.99163 11.95848 7.447243 3.640371 3.48479 3.484789 3.48479 3.484789 3.48479 3.484789 3.484789 3.484789 3.48479 3.484789 3.704957 4.774693 5.037054 7.467995 7.675618 6.642932 6.642932 6.642932 6.642932 6.642932 6.642932 6.642932 6.642932 7.416086 11.56304 11.56304 11.56304 11.56304 11.56304 11.56304 11.56304 11.56304 11.56304 11.56304 11.56304 5.533418 4.308801 4.308801 4.308801 4.308801 4.308801 4.308801 4.308801 4.308801 4.308801 4.308801 4.308801 4.308801 4.280997 4.159075
56.96317 56.96317 56.96316 56.96317 56.96317 47.43382 21.12872 12.49036 12.49036 12.49036 12.49036 12.48521 12.05741 11.99163 11.99163 11.99163 11.99163 11.99163 11.10588 8.719935 6.421833 5.089255 3.608855 3.484789 3.484789 3.484789 3.484789 3.484789 3.484789 3.484789 5.570834 9.637899 10.26037 9.139754 8.90683 8.985131 7.646655 6.642932 6.642932 6.642932 6.642932 6.642932 8.088453 11.56304 11.56304 11.56304 11.56304 11.56304 11.56304 11.56304 11.56304 11.56304 11.56304 10.79452 4.325023 4.308801 4.308801 4.308801 4.308801 4.308801 4.308801 4.308801 4.308801 4.308801 4.308801 4.308801 4.308801 4.308801 4.281063
56.96317 56.96317 56.96317 56.96317 56.96317 56.96318 45.09218 12.49036 12.49036 12.49036 12.49036 12.43909 11.99163 11.99163 11.99163 11.99163 11.99163 11.99163 11.99163 11.99163 11.99163 11.99163 11.1361 8.707404 7.489272 4.113763 3.484789 3.484789 3.71454 7.162936 10.21306 10.26037 10.26037 10.26037 10.26037 10.26037 9.758902 6.648012 6.642932 6.642932 6.642932 6.642932 9.507513 11.56304 11.56304 11.56304 11.56304 11.56304 11.56304 11.56304 11.56304 11.56304 11.29344 7.753242 4.308801 4.308801 4.308801 4.308801 4.308801 4.308801 4.308801 4.308801 4.308801 4.308801 4.308801 4.308801 4.308801 4.308801 4.29376
56.96317 56.96317 56.96317 56.96317 56.96317 51.61573 30.63617 12.49035 12.49036 12.49035 12.49035 12.49035 12.09545 11.99163 11.99163 11.99163 11.99163 11.99163 11.99163 11.99163 11.99163 11.99163 11.99163 11.99163 11.99163 11.18822 8.729347 9.037072 9.709359 10.26037 10.26037 10.26037 10.26037 10.26037 10.26037 10.26037 10.26037 9.034522 6.668508 6.642932 6.642931 6.642931 8.957448 11.56304 11.56304 11.56304 11.56304 11.56304 11.56304 11.56304 11.56304 10.76756 4.807604 4.308801 4.741741 6.259606 4.308801 4.308801 4.308801 4.308801 4.308801 4.308801 4.308801 4.308801 4.308801 4.308801 4.308801 4.308801 4.308801
56.96317 56.96317 56.96317 56.96317 42.16655 12.55888 12.49036 12.49036 12.49036 12.49036 12.49036 12.49036 12.33431 11.99163 11.99163 11.99163 11.99163 11.99163 11.99163 11.99163 11.99163 11.99163 11.99163 11.99163 11.99163 11.99163 11.99163 22.96343 24.5686 10.26037 10.26037 10.26037 10.26037 10.26037 10.26037 10.26037 10.26037 10.26037 7.22065 6.642932 6.642932 6.642932 8.756254 11.56304 11.56304 11.56304 11.56304 11.56304 11.56304 11.56304 11.56304 11.29212 7.543782 8.803949 11.06848 11.55383 6.239384 4.308801 4.308801 4.308801 4.308801 4.308801 4.308801 4.308801 4.308801 4.308801 4.308801 4.308801 4.308801
56.96317 56.96317 56.96317 56.96317 54.73995 41.80259 40.89486 19.59742 12.49036 12.49036 12.49036 12.49036 12.49016 12.12078 11.99163 11.99163 11.99163 11.99163 11.99163 11.99163 11.99163 11.99163 11.99163 11.99163 11.99163 11.99163 17.39427 57.32985 42.70013 10.26037 10.26037 10.26037 10.26037 10.26037 10.26037 10.26037 10.26037 10.26037 8.250552 6.671244 6.642932 6.642931 9.540842 11.24293 11.50981 11.37107 11.09704 11.55261 11.56304 11.56304 11.56304 11.56304 11.56304 11.56304 11.56304 11.56304 11.15692 8.648959 85.55161 114.2817 113.6121 94.63608 4.308801 4.308801 4.308801 4.308801 4.308801 4.3088 4.308801
56.96317 56.96318 56.96317 56.96318 56.96318 56.96318 56.96317 31.12387 12.49036 12.49036 12.49036 12.49036 12.49036 33.05446 46.60528 17.51185 11.99163 11.99163 11.99163 11.99163 11.99163 11.99163 17.55527 32.2578 20.5297 12.01676 28.0908 57.3862 44.54346 10.26696 10.26037 10.26037 10.26037 10.26037 10.26037 10.26037 10.38164 10.55895 10.84032 10.04584 10.17929 10.22358 10.88494 10.88638 10.95867 10.90985 10.88638 11.15545 11.56304 11.56304 11.56304 11.56304 11.56304 11.56304 11.56304 11.56304 11.56304 11.56304 130.0996 202.6365 202.6365 149.3255 4.308801 4.308801 4.308801 4.308801 4.308801 4.308801 4.308801
56.96317 56.96317 56.96317 56.96317 56.96317 56.96317 56.96317 25.5897 12.49036 12.49036 12.49036 12.49036 15.34907 55.81205 57.38621 52.75726 45.2956 51.49132 55.26537 55.36925 49.46241 39.54401 52.98066 57.3862 57.38621 51.64654 56.52019 57.3862 57.38621 15.24694 10.26037 10.26037 10.26037 10.35651 10.57644 10.59681 10.8433 10.88638 10.88638 10.88638 10.88638 10.88638 10.88638 10.88638 10.88638 10.88638 10.88638 10.89014 11.536 11.56304 11.56304 11.56304 11.56304 11.56304 11.56304 11.56304 11.56304 19.4757 160.8224 202.6365 202.6364 104.0037 4.3088 4.308801 4.3088 4.308801 4.3088 4.308801 4.308801
56.96317 56.96317 56.96317 56.96317 56.96317 56.96317 56.96317 54.76476 13.40158 12.49036 12.49036 12.49036 31.77191 57.3862 57.3862 57.3862 57.3862 57.3862 57.3862 57.3862 57.3862 57.3862 57.3862 57.3862 57.3862 57.3862 57.3862 57.3862 57.3862 12.75007 10.26037 10.26037 10.26657 10.81979 10.88638 10.88638 10.88638 10.88638 10.88638 10.88638 10.88638 10.88638 10.88638 10.88638 10.88638 10.88638 10.88638 10.88638 11.19032 11.51433 11.56304 11.56304 11.56304 11.56304 11.56304 11.56304 11.8302 161.4356 202.6365 202.6365 202.6365 49.72634 4.308801 4.308801 4.308801 4.308801 4.308801 4.308801 4.308801
56.96318 56.96317 56.96317 56.96317 56.96317 56.96317 56.67506 32.4875 12.49036 12.49036 12.49036 12.49036 28.42489 57.3862 57.3862 57.3862 57.3862 57.3862 57.3862 57.3862 57.3862 57.3862 57.3862 57.3862 57.3862 57.3862 57.3862 57.3862 53.82782 10.29738 10.26037 10.26037 10.36073 10.88638 10.88638 10.88638 10.88638 10.88638 10.88638 10.88638 10.88638 10.88638 10.88638 10.88638 10.88638 10.88638 10.88638 10.88638 10.88638 10.91633 11.17911 11.35576 11.41659 11.56304 11.56304 11.56304 39.48787 202.6365 202.6364 202.6365 202.6364 119.0836 20.56586 4.308801 4.3088 5.056739 15.68603 6.618075 7.172096
56.96318 56.96317 56.96318 56.96317 56.96317 56.96317 43.36343 12.49036 12.49036 12.49036 12.49036 12.49036 16.14681 57.3862 57.38621 57.3862 57.3862 57.3862 57.3862 57.3862 57.3862 57.3862 57.3862 57.3862 57.3862 57.3862 57.3862 57.3862 54.98071 18.8604 10.41636 10.3792 10.54293 10.88638 10.88638 10.88638 10.88638 10.88638 10.88638 10.88638 10.88638 10.88638 10.88638 10.88638 10.88638 10.88638 10.88638 10.88638 10.88638 10.88638 10.88638 10.88638 10.88775 11.08171 11.19092 11.02198 63.27739 202.6365 202.6365 202.6365 202.6365 202.6365 197.4735 129.866 92.00419 177.7305 110.9186 13.45921 13.45921
