Scenarios/Heterogeneous/data/country_data_population_distribution/processed/density_grids/ago.asc
ncols 314
nrows 351
xllcorner 11
yllcorner -18
cellsize 0.041666666666667
NODATA_value -9999
[rows 90 to 119 of 351, columns 138 to 206 of 314]
4.477619 4.477619 4.477619 4.477619 4.477619 4.477619 4.477619 4.477619 4.477619 4.477619 4.477619 4.477619 4.477619 4.477619 4.477619 4.477619 4.477619 4.477619 10.3921 28.20259 29.16885 29.36979 29.36978 29.36979 29.36978 29.36978 29.36978 29.36979 29.36978 29.36979 29.36978 29.36978 19.13799 2.666261 2.666261 2.666261 2.666261 2.666261 2.666261 2.666261 2.666261 2.666261 2.666261 2.666261 2.666261 2.666261 2.666261 2.666261 2.666261 2.666261 2.666261 2.666261 2.666261 2.666261 2.666261 2.666261 2.666261 2.666261 2.666261 2.666261 2.666261 2.666261 2.666261 2.666261 2.454653 2.137637 2.137637 2.137637 2.137637
4.477619 4.477619 4.477619 4.477619 4.477619 4.477619 4.477619 4.477619 4.477619 4.477619 4.477619 4.477619 4.477619 4.477619 4.477619 4.477619 4.477619 4.477619 4.477684 24.1368 29.36979 29.36979 29.36979 29.36979 29.36979 29.36979 29.36979 29.36979 29.36979 29.36979 29.36979 29.36979 15.06303 2.666261 2.666261 2.666261 2.666261 2.666261 2.666261 2.666261 2.666261 2.666261 2.666261 2.666261 2.666261 2.666261 2.666261 2.666261 2.666261 2.666261 2.666261 2.666261 2.666261 2.666261 2.666261 2.666261 2.666261 2.666262 2.666261 2.666261 2.666261 2.666261 2.666261 2.666261 2.611664 2.137662 2.137637 2.137637 2.137637
4.477619 4.477619 4.477619 4.477619 4.477619 4.477619 4.477619 4.477619 4.477619 4.477619 4.477619 4.477619 4.477619 4.477619 4.477619 4.477619 4.477619 4.477619 4.477619 26.93171 29.36978 29.36978 29.36978 29.36978 29.36978 29.36978 29.36978 29.36978 29.36978 29.36978 29.36978 29.36978 21.11915 2.666261 2.666261 2.666261 2.666261 2.666261 2.666261 2.666261 2.666261 2.666261 2.666261 2.666261 2.666261 2.666261 2.666261 2.666261 2.666261 2.666261 2.666261 2.666261 2.666261 2.666261 2.666261 2.666261 2.666261 2.666261 2.666261 2.666261 2.666261 2.666261 2.666261 2.666261 2.553721 2.137637 2.137637 2.137637 2.137637
4.462969 4.477619 4.477619 4.477619 4.477619 4.477619 4.477619 4.477619 4.477619 4.477619 4.477619 4.477619 4.423846 4.349411 4.438926 4.206116 4.267976 4.361186 4.307064 24.23919 29.36979 29.36979 29.36979 29.36979 29.36979 29.36979 29.36979 29.36979 29.36979 29.36979 29.36979 29.36979 28.73254 2.765111 2.666261 2.666261 2.666261 2.666261 2.666261 2.666261 2.666261 2.666261 2.666261 2.666261 2.666261 2.666261 2.666261 2.666261 2.666261 2.666261 2.666261 2.666261 2.666261 2.666261 2.666261 2.666261 2.666261 2.666261 2.666261 2.666261 2.666261 2.666261 2.666261 2.666261 2.319561 2.137637 2.137637 2.137637 2.137637
3.984637 4.065319 4.450289 4.477619 4.477619 4.477619 4.477619 4.477618 4.477619 4.477619 4.477619 4.477619 4.275733 4.031997 4.046099 4.022498 4.022498 4.022498 4.022499 20.05322 29.36978 29.36978 29.36978 29.36978 29.36978 29.36979 29.36978 29.36978 29.36978 29.36978 29.36979 29.36979 29.36979 10.32316 2.666261 2.666261 2.666261 2.666261 2.666261 2.666261 2.666261 2.666261 2.666261 2.666261 2.666261 2.666261 2.666261 2.666261 2.666261 2.666261 2.666261 2.666261 2.666261 2.666261 2.666261 2.666261 2.666261 2.666261 2.666261 2.666261 2.666261 2.666261 2.666261 2.666261 2.26785 2.137637 2.137637 2.137637 2.137637
3.926981 3.963767 4.460285 4.477619 4.477619 4.477619 4.477619 4.477619 4.477619 4.477619 4.477619 4.425143 4.119678 4.022498 4.022499 4.022499 4.022499 4.022498 4.022498 10.08444 28.18391 29.36979 29.36979 29.36979 29.36979 29.36979 29.36979 29.36979 29.36979 29.36979 29.36979 29.36979 29.36979 25.29689 4.474125 2.666261 2.666261 2.666261 2.666261 2.666261 2.666261 2.666261 2.666261 2.666261 2.666261 2.666261 2.666261 2.666261 2.666261 2.666261 2.666261 2.666261 2.666261 2.666261 2.666261 2.666261 2.666261 2.666261 2.666261 2.666261 2.666261 2.666261 2.666261 2.666261 2.356894 2.137637 2.137637 2.137637 2.137637
3.926981 3.926981 3.974469 4.211425 4.222059 4.434272 4.477619 4.477619 4.477619 4.477618 4.253851 4.023599 4.022499 4.022498 4.022498 4.022499 4.022498 4.022498 3.984344 3.56275 5.703766 11.14556 23.81838 29.36978 29.36979 29.36979 29.36979 29.36979 29.36979 29.36978 29.36979 29.36979 29.36979 29.36978 27.48185 12.86018 2.666261 2.666261 2.666261 2.666261 2.666261 2.666261 2.666261 2.666261 2.666261 2.666261 2.666261 2.666261 2.666261 2.666261 2.666261 2.666261 2.666261 2.666261 2.666261 2.666261 2.666261 2.666261 2.666261 2.666261 2.666261 2.666261 2.666261 2.666261 2.537653 2.137637 2.137637 2.137637 2.137637
3.926981 3.926981 3.926981 3.926981 3.926981 4.129463 4.477619 4.477619 4.477619 4.477619 4.376481 4.060726 4.022499 4.022499 4.022499 4.022499 4.022499 4.022499 3.842693 3.508038 3.508038 3.508038 4.067224 10.63307 27.45471 29.36979 29.36979 29.36978 29.36979 29.36979 29.36979 29.36979 29.36979 29.36978 29.36979 29.33342 14.43625 3.144367 2.666261 2.666261 2.666261 2.666261 2.666261 2.666261 2.666261 2.666261 2.666261 2.666261 2.666261 2.666261 2.666261 2.666261 2.666261 2.666261 2.666261 2.666261 2.666261 2.666261 2.666261 2.666261 2.666261 2.666261 2.666261 2.666261 2.663065 2.190736 2.137637 2.137637 2.137637
3.926981 3.926981 3.926981 3.926981 3.926981 4.038823 4.477619 4.477619 4.477619 4.477619 4.477619 4.435764 4.400892 4.178333 4.022498 4.022499 4.022498 4.022498 3.852767 3.508038 3.508038 3.508038 3.508038 3.508038 27.69064 29.36979 29.36979 29.36979 29.36979 29.36979 29.36979 29.36979 29.36979 29.36979 29.36979 29.36978 29.36979 21.3367 2.666261 2.666261 2.666261 2.666261 2.666261 2.666261 2.666261 2.666261 2.666261 2.666261 2.666261 2.666261 2.666261 2.666261 2.666261 2.666261 2.666261 2.666261 2.666261 2.666261 2.666261 2.666261 2.666261 2.666261 2.666261 2.666261 2.666261 2.329025 2.137637 2.137637 2.137637
3.926981 3.926981 3.926981 3.926981 3.926981 4.083656 4.477619 4.477619 4.477619 4.477619 4.477619 4.477619 4.477619 4.29454 4.022498 4.022498 4.022499 4.022498 3.980997 3.522291 3.508038 3.508038 3.508038 3.508038 14.5867 28.77792 29.36979 29.36978 29.36979 29.36978 29.36979 29.36979 29.36979 29.36978 29.36979 29.36978 29.36979 29.36796 12.79389 2.666261 2.666261 2.666261 2.666261 2.666261 2.666261 2.666261 2.666261 2.666261 2.666261 2.666261 2.666261 2.666261 2.666261 2.666261 2.666261 2.666261 2.666261 2.666261 2.666261 2.666261 2.666261 2.666261 2.666261 2.666261 2.666261 2.349259 2.137637 2.137637 2.137637
3.926981 3.926981 3.926981 3.926981 3.926981 4.196582 4.477619 4.477619 4.477619 4.477619 4.477473 4.259467 4.073178 4.023343 4.022498 4.022499 4.022498 4.022499 4.022499 3.864309 3.553738 3.508038 3.508038 3.508038 3.508038 5.84763 13.61292 29.05198 29.36979 29.36979 29.36979 29.36979 29.36979 29.36979 29.36979 29.36979 29.36979 29.36979 13.55554 2.666261 2.666261 2.666261 2.666261 2.666262 2.666261 2.666262 2.666261 2.666261 2.666261 2.666261 2.666261 2.666261 2.666261 2.666261 2.666261 2.666261 2.666261 2.666261 2.666262 2.666262 2.666261 2.666261 2.666261 2.666261 2.666262 2.221452 2.137637 2.137637 2.137637
3.926981 3.926981 3.926981 3.926981 3.926981 4.221147 4.477619 4.477619 4.477619 4.477619 4.297709 4.022499 4.022499 4.022499 4.022498 4.022499 4.022498 4.022499 4.022499 4.022499 3.638113 3.508038 3.508038 3.508038 3.508038 3.508038 3.508039 27.82598 29.36978 29.36979 29.36978 29.36979 29.36979 29.36979 29.36978 29.36979 29.36978 29.36979 8.68084 2.666261 2.666261 2.666261 2.666261 2.666262 2.666261 2.666261 2.666261 2.666261 2.666261 2.666261 2.666262 2.666261 2.666261 2.666261 2.666261 2.666261 2.666261 2.666261 2.666261 2.666261 2.666261 2.666261 2.666261 2.666261 2.622384 2.138317 2.137638 2.137637 2.137638
3.926981 3.926981 3.926981 3.926981 3.926981 4.010906 4.446866 4.477619 4.477619 4.477619 4.213987 4.022499 4.022499 4.022499 4.022499 4.022499 4.022499 4.022498 4.022499 4.022498 3.642841 3.508038 3.508038 3.508038 3.508038 3.508038 3.508038 15.36945 29.35144 29.36978 29.36979 29.36979 29.36979 29.36978 29.36979 29.36978 29.36979 28.73267 3.611269 2.666261 2.666261 2.666261 2.666261 2.666261 2.628703 2.537307 2.666261 2.666261 2.666261 2.666261 2.666261 2.666261 2.666261 2.666261 2.666261 2.666261 2.666261 2.666261 2.666261 2.666261 2.666261 2.666261 2.666261 2.666261 2.548678 2.137637 2.137637 2.137637 2.137637
3.926981 3.926981 3.926981 3.926981 3.926981 3.926981 4.085435 4.477618 4.474593 4.332971 4.056162 4.022499 4.022499 4.022499 4.022498 4.022499 4.022498 4.022499 4.022499 4.022499 3.674716 3.508038 3.508038 3.508038 3.508038 3.508038 3.508038 5.21968 29.09496 29.36978 29.36979 29.36978 29.36979 29.36978 29.36978 29.36978 29.36979 23.40637 2.666261 2.666261 2.666261 2.666261 2.645931 2.154931 1.682175 1.655302 2.251485 2.561646 2.294632 2.608986 2.666261 2.666261 2.666261 2.666261 2.666261 2.666261 2.666261 2.666261 2.666261 2.666261 2.666261 2.664966 2.393693 2.087239 2.005951 2.137637 2.137637 2.137637 2.137637
3.926981 3.926981 3.926981 3.926981 3.926981 3.926981 3.937738 4.18019 4.068192 4.022499 4.022499 4.022499 4.022499 4.022499 4.022499 4.022499 4.022499 4.022499 4.022499 4.022499 3.61621 3.508038 3.508038 3.508038 3.508038 3.508038 3.508038 3.59945 24.65451 29.36978 29.36979 29.36978 29.36979 29.36978 29.36978 29.36978 29.36978 28.57922 10.98084 2.666261 2.666261 2.666261 2.178313 1.62151 1.62151 1.62151 1.62151 1.62151 1.62151 1.641584 1.965462 2.390713 2.426937 2.5555 2.635567 2.283771 2.011028 2.535947 2.666261 2.666261 2.525256 1.897663 1.62151 1.62151 1.818189 2.137637 2.137637 2.137637 2.137637
3.926981 3.926981 3.926981 3.926981 3.926981 3.926981 3.926981 3.995327 4.022498 4.022499 4.022498 4.022499 4.022499 4.022499 4.022498 4.022499 4.022498 4.022499 4.022499 4.022499 3.694789 3.508038 3.508038 3.508038 3.508038 3.508038 3.508038 3.508038 14.82137 29.36979 29.36978 29.36978 29.36978 29.36979 29.36978 29.36979 29.36978 29.36979 29.33822 21.81507 8.576476 2.666261 1.837897 1.62151 1.62151 1.62151 1.62151 1.62151 1.62151 1.62151 1.621509 1.62151 1.62151 1.62151 1.626542 1.621509 1.62151 1.700213 1.946962 1.846025 1.645519 1.62151 1.62151 1.621509 1.822578 2.137637 2.137637 2.137637 2.137637
3.926981 3.926981 3.926981 3.926981 3.926981 3.926981 3.926981 3.973506 4.022498 4.022498 4.022498 4.022498 4.022499 4.022499 4.022498 4.022499 4.022498 4.022499 4.022499 4.022499 3.671655 3.508038 3.508038 3.508038 3.508038 3.508038 3.508038 3.508038 5.388564 8.713127 26.66392 29.36979 29.36978 29.36979 29.36978 29.36979 29.36979 29.36979 29.36979 29.36979 29.18082 19.25026 3.711416 1.62151 1.621509 1.621509 1.621509 1.62151 1.621509 1.62151 1.621509 1.621509 1.62151 1.621509 1.621509 1.621509 1.621509 1.621509 1.621509 1.621509 1.621509 1.621509 1.621509 1.621509 1.813357 2.137637 2.137637 2.137637 2.137638
3.926981 3.926981 3.926981 3.926981 3.926981 3.926981 3.927813 4.000622 4.022498 4.022498 4.022498 4.022498 4.022499 4.022498 4.022498 4.022498 4.022498 4.022499 4.022499 4.022499 3.608233 3.508038 3.508038 3.508038 3.508038 3.508038 3.508038 3.508038 3.508038 3.508038 23.23221 29.36978 29.36978 29.36978 29.36978 29.36979 29.36978 29.36978 29.36978 29.36979 29.36978 29.36979 23.20031 1.986845 1.62151 1.62151 1.621509 1.62151 1.621509 1.621509 1.621509 1.62151 1.621509 1.621509 1.621509 1.621509 1.621509 1.621509 1.621509 1.621509 1.62151 1.621509 1.621509 1.621509 1.791371 2.137637 2.137638 2.137637 2.137637
3.926981 3.926981 3.926981 3.926981 3.926981 3.926981 3.962309 4.022498 4.022498 4.022499 4.022498 4.022499 4.022498 4.022499 4.022498 4.022499 4.022498 4.027503 4.217672 4.120049 3.512313 3.508038 3.508038 3.508038 3.508038 3.508038 3.508038 3.508038 3.508038 3.508038 21.94077 29.36979 29.36978 29.36979 29.36978 29.36979 29.36978 29.36979 29.36978 29.36979 29.36979 29.36979 29.36978 9.530072 1.62151 1.621509 1.62151 1.62151 1.62151 1.62151 1.62151 1.62151 1.62151 1.62151 1.62151 1.62151 1.62151 1.62151 1.621509 1.62151 1.621509 1.62151 1.621509 1.62151 1.87681 2.137637 2.137638 2.124244 2.021823
3.947268 3.926981 3.926981 3.926981 3.926981 3.931356 4.012801 4.062519 4.252429 4.297633 4.353559 4.38012 4.162676 4.022499 4.022499 4.098119 4.203475 4.257429 4.453994 4.15633 3.508038 3.508038 3.508038 3.508038 3.508038 3.508038 3.508038 3.508038 3.508038 3.508038 19.95634 29.36979 29.36979 29.36979 29.36979 29.36979 29.36979 29.36979 29.36979 29.36979 29.36979 29.36979 27.87593 5.471748 1.621509 1.62151 1.62151 1.62151 1.62151 1.62151 1.62151 1.62151 1.62151 1.62151 1.62151 1.62151 1.62151 1.62151 1.62151 1.62151 1.62151 1.62151 1.62151 1.62151 1.644657 1.835022 1.882907 1.712337 1.641208
3.930424 3.926981 3.926981 3.926981 3.926981 4.061412 4.201178 4.367455 4.453994 4.453994 4.453994 4.453994 4.253287 4.223426 4.27214 4.426043 4.453994 4.453994 4.453994 4.156629 3.508038 3.508038 3.508038 3.508038 3.508038 3.508038 3.508038 3.508038 3.508038 3.508038 12.25059 29.1859 29.36979 29.36978 29.36979 29.36978 29.36979 29.36978 29.36979 29.36978 27.16629 6.710562 2.890567 1.621509 1.62151 1.621509 1.621509 1.621509 1.62151 1.621509 1.621509 1.62151 1.621509 1.621509 1.621509 1.621509 1.621509 1.62151 1.621509 1.621509 1.621509 1.62151 1.621509 1.621509 1.621509 1.621509 1.621509 1.621509 1.621509
3.948915 3.926981 3.926981 3.988296 4.094132 4.441702 4.453994 4.453994 4.453994 4.453994 4.453994 4.453994 4.453994 4.453994 4.453994 4.453994 4.453994 4.453994 4.453994 4.342668 3.508038 3.508038 3.508038 3.508038 3.508038 3.508038 3.508038 3.508038 3.508038 3.508038 3.508038 20.91974 29.36978 29.36978 29.36978 29.36978 29.36978 29.36978 29.36979 29.36978 15.10348 1.621509 1.621509 1.621509 1.62151 1.621509 1.621509 1.621509 1.621509 1.621509 1.621509 1.62151 1.621509 1.621509 1.621509 1.621509 1.621509 1.62151 1.621509 1.621509 1.621509 1.621509 1.621509 1.621509 1.621509 1.621509 1.621509 1.621509 1.621509
4.181045 3.926981 3.926981 4.074056 4.453973 4.453994 4.453994 4.453994 4.453994 4.453994 4.453994 4.453994 4.453994 4.453994 4.453994 4.453994 4.453994 4.453994 4.453994 4.448791 3.668368 3.508038 3.508038 3.508038 3.508038 3.508038 3.508038 3.508038 3.508038 3.508038 3.508038 14.12214 29.36978 29.36979 29.36978 29.36978 29.36978 29.36978 29.36978 26.72034 2.613456 1.62151 1.621509 1.62151 1.621509 1.62151 1.621509 1.62151 1.621509 1.62151 1.621509 1.621509 1.621509 1.621509 1.62151 1.621509 1.62151 1.621509 1.62151 1.621509 1.62151 1.621509 1.62151 1.621509 1.621509 1.621509 1.62151 1.621509 1.62151
4.216961 3.926981 3.926981 4.056518 4.453994 4.453994 4.453994 4.453994 4.453994 4.453994 4.453994 4.453994 4.453994 4.453994 4.453994 4.453994 4.453994 4.453994 4.453994 4.453994 3.819963 3.508038 3.508038 3.508038 3.508038 3.508038 3.508038 3.508038 3.508038 3.508038 3.508038 26.51357 29.36979 29.36979 29.36979 29.36979 29.36979 29.36979 26.35248 13.78247 1.706229 1.621509 1.62151 1.621509 1.62151 1.621509 1.62151 1.621509 1.62151 1.621509 1.62151 1.62151 1.621509 1.62151 1.621509 1.62151 1.621509 1.62151 1.621509 1.62151 1.621509 1.62151 1.621509 1.62151 1.62151 1.62151 1.621509 1.62151 1.621509
4.135118 4.03101 4.122402 4.384786 4.453994 4.453994 4.453994 4.453994 4.453994 4.453994 4.453994 4.453994 4.453994 4.453994 4.453994 4.453994 4.453994 4.453994 4.453994 4.192952 3.513643 3.508038 3.508038 3.508038 3.508038 3.508038 3.508038 3.508038 3.508038 3.508038 7.18714 27.07711 29.36978 29.36978 29.36978 29.36978 19.16803 10.15207 6.129605 6.04762 3.175278 1.621509 1.621509 1.621509 1.62151 1.62151 1.621509 1.621509 1.621509 1.621509 1.621509 1.62151 1.621509 1.621509 1.621509 1.621509 1.621509 1.62151 1.621509 1.621509 1.621509 1.621509 1.621509 1.621509 1.621509 1.621509 1.621509 1.621509 1.621509
4.398075 4.453994 4.453994 4.453994 4.453994 4.453994 4.453994 4.453994 4.453994 4.453994 4.453994 4.453994 4.453994 4.453994 4.453994 4.453994 4.453994 4.453994 4.453994 3.919765 3.508038 3.508038 3.508038 3.508038 3.508038 3.508038 3.508038 3.508038 3.508038 3.508038 8.726503 18.28163 13.30601 29.36979 29.36979 29.17317 6.921241 6.047621 6.04762 6.047621 5.577635 2.461941 1.642482 1.62151 1.62151 1.62151 1.62151 1.62151 1.62151 1.62151 1.62151 1.62151 1.62151 1.62151 1.62151 1.62151 1.62151 1.62151 1.62151 1.62151 1.62151 1.62151 1.62151 1.62151 1.62151 1.62151 1.62151 1.62151 1.62151
5.817229 9.519709 5.574925 4.453994 4.453994 4.453994 4.453994 4.453994 4.453994 4.453994 4.453994 4.453994 4.453994 4.453994 4.453994 4.453994 4.453994 4.420051 4.237941 3.6822 3.508038 3.508038 3.508038 3.508038 3.508038 3.508038 3.508038 3.508038 3.508038 3.508038 3.508038 3.508038 3.630594 18.87296 23.15176 16.41596 6.04762 6.04762 6.04762 6.04762 6.04762 6.04762 5.55409 4.039431 2.362185 1.621509 1.62151 1.621509 1.62151 1.621509 1.62151 1.62151 1.62151 1.62151 1.621509 1.62151 1.621509 1.62151 1.62151 1.62151 1.621509 1.62151 1.621509 1.62151 1.62151 1.62151 1.621509 1.62151 1.621509
8.328671 13.45921 13.45826 9.891966 4.453994 4.453994 4.453994 4.453994 4.453994 4.453994 4.453994 4.453994 4.453994 4.453994 4.453054 4.214677 3.878852 3.570791 3.508038 3.508038 3.508038 3.508038 3.508038 3.508038 3.508038 3.508038 3.508038 3.508038 3.508038 3.508038 3.508038 3.508038 3.508038 3.701849 3.518883 3.833083 5.623143 6.047621 6.047621 6.04762 6.047621 6.04762 6.047621 6.04762 6.039457 5.30989 3.351548 2.094939 1.935183 1.622432 1.62151 1.62151 1.62151 1.62151 1.62151 1.62151 1.62151 1.62151 1.62151 1.62151 1.62151 1.62151 1.62151 1.62151 1.62151 1.62151 1.62151 1.62151 1.62151
12.28862 13.45921 13.45921 13.33824 5.704367 4.453994 4.453994 4.453994 4.453994 4.453994 4.453994 4.453994 4.453994 4.442837 3.813451 3.508038 3.508038 3.508038 3.508038 3.508038 3.508038 3.508038 3.508038 3.508038 3.508038 3.508038 3.508038 3.508038 3.508038 3.508038 3.508038 3.508038 3.508038 3.508038 3.508038 3.508038 4.533709 6.04762 6.04762 6.04762 6.04762 6.04762 6.04762 6.04762 6.04762 6.04762 6.04762 6.04762 6.04762 5.678935 4.671282 3.960956 3.242877 2.016418 1.62151 1.621509 1.62151 1.621509 1.62151 1.621509 1.62151 1.621509 1.62151 1.621509 1.62151 1.621509 1.62151 1.621509 1.62151
13.45921 13.45921 13.45921 13.45921 11.98493 5.260383 4.453994 4.453994 4.453994 4.453994 4.453994 4.453994 4.453994 4.403406 3.511998 3.508038 3.508038 3.508038 3.508038 3.508038 3.508038 3.508038 3.508038 3.508038 3.508038 3.508038 3.508038 3.508038 3.508038 3.508038 3.508038 3.508038 3.508038 3.508038 3.508038 3.508038 4.426051 6.047621 6.04762 6.047621 6.04762 6.047621 6.04762 6.047621 6.04762 6.047621 6.04762 6.047621 6.04762 6.047621 6.04762 6.04762 6.047621 5.998201 4.591863 2.083148 1.62151 1.62151 1.62151 1.62151 1.62151 1.62151 1.62151 1.62151 1.62151 1.62151 1.62151 1.62151 1.62151
