Scenarios/Heterogeneous/data/country_data_population_distribution/processed/density_grids/ago.asc
ncols 314
nrows 351
xllcorner 11
yllcorner -18
cellsize 0.041666666666667
NODATA_value -9999
[rows 150 to 179 of 351, columns 69 to 137 of 314]
33.22521 33.22521 33.22521 33.22521 33.22521 33.22521 33.22521 33.22521 33.22521 44.49362 49.54499 49.54499 49.54499 49.54499 49.54499 49.54499 49.54499 65.657 48.90846 14.67016 14.44395 14.44395 14.44395 14.44396 14.44395 14.44395 14.44395 14.44395 14.44395 14.44395 14.44395 14.44395 14.44395 14.44395 14.44395 14.44395 14.44396 14.44395 14.44395 14.44395 14.44395 14.44395 14.44396 14.44395 14.44395 14.44395 14.44395 14.44395 13.18353 7.126149 7.125701 7.125702 7.125701 7.125702 7.125701 7.125702 7.125701 7.125702 7.125701 7.125702 7.125701 7.125702 7.125701 7.125702 9.270105 17.05889 8.307635 4.65286 4.65286
33.22521 33.22521 33.22521 33.22521 33.22521 33.22521 33.22521 33.22521 34.01584 49.38017 49.54499 49.54499 49.54499 49.54499 49.56058 49.54499 49.54499 64.13213 83.61158 77.25501 55.6613 18.50955 14.44395 14.44396 14.44395 14.44396 14.44395 14.44395 14.44395 14.44396 14.44395 14.44396 14.44395 14.44396 14.44396 14.44395 14.44396 14.44395 14.44396 14.44395 14.44396 14.44395 14.44396 14.44395 14.44396 14.44395 14.44395 14.44395 14.44396 9.712241 7.125702 7.125701 7.125702 7.125701 7.125701 7.125702 7.125702 7.125701 7.125702 7.125701 7.125702 7.125701 7.125701 11.31139 16.21077 18.35219 17.63263 9.723565 5.537694
33.22521 33.22521 33.22521 33.22521 33.22521 33.22521 33.22521 33.22521 33.6081 48.83405 49.54499 49.54499 49.54499 93.5939 181.8419 142.4665 54.65931 72.02319 83.61159 83.61159 83.61159 66.20756 14.44396 14.44395 14.44396 14.44395 14.44396 14.44395 14.44396 14.44395 14.44396 14.44395 14.44396 14.44396 14.44396 14.44396 14.44395 14.44396 14.44396 14.44396 14.44396 14.44396 14.44395 14.44396 14.44395 14.44396 14.44395 14.44396 14.44395 11.05632 7.125701 7.125701 7.125701 7.125701 7.125701 7.125701 7.125701 7.125701 7.125701 7.125701 7.125701 7.125701 9.012082 17.98119 18.35219 18.35219 18.35219 18.35219 15.91089
33.22521 33.22521 33.22521 33.22521 33.22521 33.22521 33.22521 33.22521 33.22521 70.62788 131.3612 130.7361 168.5583 217.7921 218.3794 218.3794 156.9399 83.61159 83.61158 83.61158 83.61158 83.59779 25.15853 14.44396 14.44395 14.44395 14.44395 14.44395 14.44395 14.44395 14.44395 14.44395 14.44395 14.44395 14.44395 14.44395 14.44395 14.44395 14.44395 14.44395 14.44395 14.44395 14.44395 14.44395 14.44395 14.44395 14.44395 14.44395 14.44395 12.12305 7.125701 7.125701 7.125701 7.125701 7.125701 7.125701 7.125701 7.125701 7.125701 7.125701 7.252589 11.18742 17.36853 18.35219 18.35219 18.35219 18.35219 18.35219 17.38496
33.22521 33.22521 33.22521 33.22521 33.22521 33.22521 33.22521 33.22521 33.22521 139.329 218.3795 218.3795 218.3794 218.3795 218.3794 218.3795 187.8502 84.02226 83.61159 83.61158 83.61159 83.61159 51.78506 14.44395 14.44395 14.44395 14.44395 14.44395 14.44395 14.44395 14.44395 14.44395 14.44395 14.44395 14.44395 14.44395 14.44395 14.44395 14.44395 14.44395 14.44395 14.44395 14.44395 14.44395 14.44395 14.44395 14.44395 14.44395 14.44395 14.21395 7.792902 7.125701 7.125701 7.125701 7.125701 7.125701 7.125701 7.125701 7.306899 12.16947 16.91031 18.35219 18.35219 18.35219 18.35219 18.35219 18.35219 18.35219 17.56209
33.22521 33.22521 33.22521 33.22521 33.22521 33.22521 33.22521 33.22521 48.20138 184.1468 218.3795 218.3795 218.3795 218.3795 218.3795 218.3795 218.3795 187.7824 93.68333 83.61159 83.61159 83.61159 80.84961 24.39287 14.44396 14.44396 14.44396 14.44395 14.44396 14.44396 14.44396 14.44396 14.44396 14.44396 14.44396 14.44396 14.44395 14.44396 14.44396 14.44396 14.44396 14.44396 14.44395 14.44396 14.44395 14.44396 14.44396 14.44396 14.44396 14.44396 11.52806 7.125702 7.125702 7.125702 7.125702 7.125702 7.125702 7.174728 14.74597 18.35219 18.35219 18.35219 18.35219 18.35219 18.35219 18.35219 18.35219 18.35219 17.82212
42.54924 33.22521 33.22521 33.22521 33.22521 33.22521 33.22521 121.4678 214.2538 218.3794 218.3794 218.3794 218.3794 218.3794 218.3794 218.3794 218.3794 199.4119 92.4972 83.61159 83.61158 83.61159 83.61159 77.4575 31.78978 14.44395 14.44395 14.44395 14.44395 14.44396 14.44395 14.44395 14.44395 14.44395 14.44395 14.44395 14.44396 14.44395 14.44395 14.44395 14.44395 14.44395 14.44396 14.44395 14.44395 14.44395 14.44395 14.44395 14.44395 14.44395 10.35168 7.125701 7.125702 7.125701 7.125702 7.125702 7.125702 11.1417 18.35219 18.35219 18.35219 18.35219 18.35219 18.35219 18.35219 18.35219 18.35219 18.35219 18.28807
65.614 36.64748 33.22521 33.22521 33.22521 33.22521 34.20278 191.9459 218.3795 218.3795 218.3794 218.3794 218.3795 218.3794 218.3795 212.642 128.9174 85.39177 83.61159 83.61158 83.61159 83.61158 83.61159 83.61158 82.71999 51.12909 51.03354 27.88792 14.44395 14.44395 15.30514 14.44396 14.44396 14.44395 14.44395 14.44396 14.44395 14.44396 14.44395 14.44395 14.44396 14.44396 14.44395 14.44396 14.44396 14.44395 14.44396 14.44396 14.44396 14.5184 7.876204 7.125702 7.125701 7.125702 7.125702 7.125702 7.506663 16.9198 18.35219 18.35219 18.35219 18.35219 18.35219 18.35219 18.35219 18.35219 18.35219 18.35219 18.35219
68.96748 66.64865 36.77171 33.22521 40.11118 48.05582 66.73198 109.9697 193.7972 212.62 182.9783 210.8982 218.3795 218.3794 218.3795 159.3089 83.61159 83.61158 83.61159 83.61159 83.61159 83.61158 83.61159 83.61158 83.61159 83.61159 83.61159 81.71308 39.82463 35.79158 47.07717 29.5622 14.44395 14.44395 14.44395 16.95035 25.81282 24.10427 14.91146 14.44395 14.44395 14.44395 14.44395 14.44395 14.44395 14.44395 14.44395 14.44395 14.44395 15.81261 16.7992 9.600581 9.332778 13.52523 8.723809 7.125702 12.83101 18.35219 18.35219 18.35219 18.35219 18.35219 18.35219 18.35219 18.35219 18.35219 18.35219 18.35219 18.35219
68.96748 68.96748 58.77543 57.80457 68.87425 68.96748 68.57672 52.55312 52.40536 65.75601 52.41209 52.63041 114.9686 215.4178 218.3795 109.4641 83.61159 83.61159 83.61159 83.61159 83.61159 83.61159 83.61159 83.61159 83.61159 83.61159 83.61159 83.53368 50.30785 47.6218 47.6218 47.6218 45.67151 42.63364 39.54625 45.09107 47.6218 47.6218 39.69914 18.86979 14.44395 14.44395 14.44395 14.44395 14.44395 14.44395 14.44395 14.44395 14.44395 16.47407 18.35219 18.35219 18.35219 18.35219 18.24573 16.3994 18.19894 18.35219 18.35219 18.35219 18.35219 18.35219 18.35219 18.35219 18.35219 18.35219 18.35219 18.35219 18.35219
68.96748 68.96748 68.96748 68.96748 68.96748 68.96748 66.99601 52.40536 52.40536 52.40536 52.40536 52.40536 52.40536 101.2079 180.8885 84.27709 83.61159 83.61158 83.61158 83.61159 83.61159 83.61159 83.61159 83.61158 83.61158 83.61159 83.61158 80.19123 47.6218 47.6218 47.6218 47.6218 47.6218 47.6218 47.6218 47.6218 47.62179 47.6218 47.6218 47.4519 40.45011 17.12232 14.44395 14.44395 14.44395 14.44395 14.44395 14.44395 14.44395 17.21309 18.35219 18.35219 18.35219 18.35219 18.35219 18.35219 18.35219 18.35219 18.35219 18.35219 18.35219 18.35219 18.35219 18.35219 18.35219 18.35219 18.35219 18.35219 18.35219
68.96748 68.96748 68.96748 68.96748 68.96748 68.96748 64.49709 52.40536 52.40536 52.40536 52.40536 52.40536 52.40536 52.40536 53.32642 65.70853 78.59178 81.3121 70.17531 79.12553 80.98584 81.21461 83.61159 83.61159 83.61159 83.61159 81.63061 62.67802 47.6218 47.6218 47.6218 47.6218 47.6218 47.6218 47.6218 47.6218 47.6218 47.6218 47.6218 47.6218 47.6218 31.33344 14.44396 14.44395 14.44395 14.44395 14.44395 14.44395 14.77249 18.21062 18.35219 18.35219 18.35219 18.35219 18.35219 18.35219 18.35219 18.35219 18.35219 18.35219 18.35219 18.35219 18.35219 18.35219 18.35219 18.35219 18.35219 18.35219 18.35219
68.96748 68.96748 68.96748 68.96748 68.96748 68.96748 59.63494 52.40536 52.40536 52.40536 52.40536 52.40536 52.40536 52.40536 52.40536 52.40536 52.70755 54.81504 52.40536 52.95245 54.09737 53.90779 70.63293 81.54498 81.83262 81.65716 61.73738 47.6218 47.6218 47.62179 47.6218 47.6218 47.6218 47.6218 47.6218 47.62179 47.62179 47.6218 47.6218 47.62179 47.62179 46.81725 21.92122 14.44395 14.44396 14.44396 14.44396 14.45097 17.00107 18.35219 18.35219 18.35219 18.35219 18.35219 18.35219 18.35219 18.35219 18.35219 18.35219 18.35219 18.35219 18.35219 18.35219 18.35219 18.35219 18.35219 18.35219 18.35219 18.35219
68.96748 68.96748 68.96748 68.96748 68.96748 56.46202 46.59685 51.88637 52.40536 52.40536 52.40536 52.40536 52.40536 52.40536 52.40536 52.40536 52.40536 52.40536 52.40536 52.40536 52.40536 52.40536 50.76389 46.54878 47.44106 47.6218 47.6218 47.6218 47.6218 47.6218 47.6218 47.6218 47.6218 47.6218 47.6218 47.6218 47.6218 47.62179 47.6218 47.6218 47.6218 47.6218 45.30859 20.9983 14.44396 14.44395 14.44396 16.18956 18.35219 18.35219 18.35219 18.35219 18.35219 18.35219 18.35219 18.35219 18.35219 18.35219 18.35219 18.35219 18.35219 18.35219 18.35219 18.35219 18.35219 18.35219 18.35219 18.35219 18.35219
68.96748 68.96748 68.96748 64.57842 50.2724 46.1915 46.19013 48.80662 52.27861 52.40536 52.39859 52.40536 52.40536 52.40536 52.40536 52.40536 52.40536 52.40536 52.40536 52.40536 52.40536 51.97023 46.86441 46.19012 46.48177 47.62179 47.6218 47.6218 47.6218 47.62179 47.62179 47.6218 47.6218 47.6218 47.6218 47.6218 47.62179 47.6218 47.6218 47.6218 47.6218 47.6218 47.62179 45.20258 21.98122 14.44395 14.80116 18.16574 18.35219 18.35219 18.35219 18.35219 18.35219 18.35219 18.35219 18.35219 18.35219 18.35219 18.35219 18.35219 18.35219 18.35219 18.35219 18.35219 18.35219 18.35219 18.35219 18.35219 18.35219
68.96748 68.96748 68.96748 68.7537 50.43341 46.19012 46.19012 46.19013 47.16859 48.80626 46.48405 47.99136 51.50421 52.40536 52.40536 52.40536 52.40536 52.40536 52.40536 52.40536 52.40536 48.51565 46.19012 46.19012 46.38394 47.62179 47.6218 47.62179 47.6218 47.62179 47.6218 47.62179 47.6218 47.6218 47.62179 47.62179 47.6218 47.6218 47.62179 47.6218 47.6218 47.62179 47.6218 47.6218 46.52289 33.35954 17.65799 18.35219 18.35219 18.35219 18.35219 18.35219 18.35219 18.35219 18.35219 18.35219 18.35219 18.35219 18.35219 18.35219 18.35219 18.35219 18.35219 18.35219 18.35219 18.35219 18.35219 18.35219 18.35219
68.96748 68.96748 68.96748 68.96748 62.2422 46.19012 46.19012 46.19012 46.19012 46.19012 46.19012 46.19012 46.39788 49.46199 52.22294 52.40536 49.94753 49.03747 50.05002 51.40493 50.51216 46.20477 46.19012 46.19012 46.46095 47.62179 47.62179 47.62179 47.62179 47.6218 47.62179 47.62179 47.62179 47.62179 47.62179 47.62179 47.62179 47.62179 47.62179 47.62179 47.62179 47.62179 47.6218 47.62179 47.62179 47.62179 20.96596 18.35219 18.35219 18.35219 18.35219 18.35219 18.35219 18.35219 18.35219 18.35219 18.35219 18.35219 18.35219 18.35219 18.35219 18.35219 18.35219 18.35219 18.35219 18.35219 18.35219 18.35219 18.35219
68.96747 68.96748 68.96747 68.96748 68.76553 47.21061 46.19012 46.19012 46.19012 46.19012 46.19012 46.19012 46.19012 46.19012 47.0253 48.90321 46.31828 46.19012 46.19012 46.55296 46.27849 46.19012 46.19012 46.19012 46.20043 47.44929 47.62179 47.62179 47.62179 47.6218 47.62179 47.62179 47.62179 47.6218 47.62179 47.62179 47.6218 47.62179 47.62179 47.62179 47.6218 47.62179 47.6218 47.62179 47.6218 47.56861 21.14263 18.35219 18.35219 18.35219 18.35219 18.35219 18.35219 18.35219 18.35219 18.35219 18.35219 18.35219 18.35219 18.35219 18.35219 18.35219 18.35219 18.35219 18.35219 18.35219 18.35219 18.35219 18.35219
68.96748 68.96748 68.96748 68.96748 63.30368 46.22184 46.19013 46.19013 46.19013 46.19013 46.19013 46.19012 46.19013 46.19012 46.19013 46.19013 46.19012 46.19012 46.19012 46.19013 46.19013 46.19012 46.19012 46.19012 46.19013 40.45958 46.74863 47.6218 47.6218 47.62179 47.6218 47.6218 47.6218 47.6218 47.6218 47.6218 47.62179 47.6218 47.6218 47.6218 47.6218 47.6218 47.6218 47.6218 47.6218 39.2627 18.35219 18.35219 18.35219 18.35219 18.35219 18.35219 18.35219 18.35219 18.35219 18.35219 18.35219 18.35219 18.35219 18.35219 18.35219 18.35219 18.35219 18.35219 18.35219 18.35219 18.35219 18.35219 18.35219
68.96748 68.96748 68.96748 68.96748 55.38386 46.19012 46.19013 46.19012 46.19013 46.19012 46.19012 46.19012 46.19013 46.19012 46.19013 46.19012 46.19013 46.19012 46.19013 46.19012 46.19013 46.19012 46.19013 46.19012 46.19013 39.75201 31.51023 43.01335 47.6218 47.62179 47.6218 47.62179 47.6218 47.62179 47.62179 47.6218 47.62179 47.6218 47.62179 47.6218 47.62179 47.6218 47.62179 47.6218 47.54036 26.28658 18.35219 18.35219 18.35219 18.35219 18.35219 20.28551 24.10828 18.36627 18.35219 18.35219 18.35219 18.35219 18.35219 18.35219 18.35219 18.35219 18.35219 18.35219 18.35219 18.35219 18.35219 18.35219 18.35219
68.96747 68.96748 68.96747 68.96748 68.25466 53.51646 46.19012 46.19012 46.19012 46.19012 46.19012 46.19012 46.19012 46.19012 46.19012 46.19012 46.19012 46.19013 46.19012 46.19012 46.19012 46.19012 46.19012 46.19012 46.19012 39.4562 30.78723 31.16438 42.86055 47.6218 47.62179 47.6218 47.62179 47.6218 47.6218 47.62179 47.6218 47.62179 47.6218 47.62179 47.6218 47.19142 44.42462 42.04106 39.36674 35.27696 29.66721 27.86784 21.81979 23.80269 25.15544 31.00218 32.79731 29.57039 29.55372 25.69267 22.84802 23.61427 18.79951 18.35219 18.35219 18.35219 18.35219 18.35219 18.35219 18.35219 18.35219 18.35219 18.35219
68.96747 68.96748 68.96747 68.96748 68.96748 65.66245 46.42646 46.19012 46.19012 46.19012 46.19012 46.19012 46.19012 46.19012 46.19012 46.19012 46.19012 46.19012 46.19012 46.19012 46.19012 46.19012 46.19013 46.19012 46.19012 34.88896 30.78723 30.78724 31.8335 41.36375 47.6218 47.62179 47.62179 47.62179 47.62179 47.6218 47.6218 47.62179 46.57062 39.90519 36.35292 35.66105 35.46101 35.46101 35.46101 35.46101 35.46101 35.46101 35.46101 35.40543 33.00428 32.79731 32.79731 32.79731 32.79731 32.79731 32.79731 32.79731 21.71677 18.35219 18.35219 18.35219 18.35219 18.35219 18.35219 18.35219 18.35219 18.35219 18.35219
68.96748 68.96748 68.96748 68.96748 68.96748 68.96748 50.54404 46.19012 46.19012 46.19012 46.19012 46.19012 46.19012 46.19012 46.19012 46.19012 46.19012 46.19012 46.19012 46.19012 46.19012 46.19012 46.19012 46.19012 45.81814 32.53562 30.78723 30.78723 30.78723 31.00505 44.58913 47.62179 47.62179 47.62179 47.62179 47.62175 43.01483 37.08277 35.61521 35.46101 35.46101 35.46101 35.46101 35.46101 35.46101 35.46101 35.46101 35.46101 35.46101 35.45913 33.06356 32.7973 32.7973 32.7973 32.7973 32.7973 32.7973 32.7973 24.78875 18.35219 18.35219 18.35219 18.35219 18.35219 18.35219 18.35219 18.35219 18.35219 18.35219
68.96748 68.96748 68.96748 68.96748 68.96748 68.96748 67.08171 54.69186 46.29036 46.19012 46.19013 46.19013 46.19013 46.19012 46.19013 46.19013 46.19013 46.19012 46.19013 46.01543 46.19013 46.19012 46.19013 46.07684 36.24337 30.78724 30.78724 30.78724 30.78723 30.78723 33.64008 34.31652 33.88246 34.25486 36.72051 44.1162 35.46101 35.46101 35.46101 35.46101 35.46101 35.46101 35.46101 35.46101 35.46101 35.46101 35.46101 35.46101 35.46102 34.72581 32.7973 32.79731 32.7973 32.79731 32.7973 32.79731 32.79731 32.79731 28.09827 18.35219 18.35219 18.35219 18.35219 18.35219 18.35219 18.35219 18.35219 18.35219 18.35219
68.96748 68.96748 68.96748 68.96748 68.96748 68.96748 68.96748 68.96748 63.92479 51.70454 46.19012 46.19012 46.19012 46.19012 46.19012 46.19012 46.19012 46.19012 41.56327 33.00701 45.56058 45.95451 43.63292 36.35757 30.78723 30.78723 30.78723 30.78723 30.78723 30.78723 30.78723 30.78723 30.78723 30.78723 30.89618 40.85268 35.46101 35.46102 35.46101 35.46102 35.46101 35.46101 35.46101 35.46101 35.46101 35.46101 35.46101 35.46102 35.35389 33.08231 32.79731 32.7973 32.79731 32.7973 32.79731 32.79731 32.79731 32.79731 32.67992 22.38942 18.35219 18.35219 18.35219 18.35219 18.35219 18.35219 18.35219 18.35219 18.35219
68.96748 68.96748 68.96748 68.96748 68.96748 68.96748 68.96748 68.96748 68.96748 68.96738 63.59417 56.11694 49.87084 46.19467 46.19012 43.6255 37.33528 32.95216 30.82679 30.78723 36.23673 34.32448 30.78723 30.78723 30.78723 30.78723 30.78723 30.78723 30.78723 30.78723 30.78723 30.78723 30.78723 30.78723 30.78723 31.2022 35.03259 35.46101 35.46101 35.46101 35.46101 35.46101 35.46101 35.46101 35.46101 35.46101 35.46101 35.46101 34.88101 32.79731 32.79731 32.79731 32.79731 32.79731 32.79731 32.79731 32.79731 32.79731 32.79731 32.33002 22.85563 18.35219 18.35219 18.35219 18.35219 18.35219 18.35219 18.35219 18.35219
68.96748 68.96748 68.96748 68.96748 68.96748 68.96748 68.96748 68.96748 68.96748 68.96748 68.96748 68.96748 68.96748 65.10162 37.86918 30.79624 30.78723 30.78723 30.78723 30.78723 30.78723 30.78723 30.78723 30.78723 30.78723 30.78723 30.78723 30.78723 30.78723 30.78723 30.78723 30.78723 30.78723 30.78723 30.78723 30.78723 34.0744 35.46101 35.46102 35.46101 35.46101 35.46101 35.46101 35.46101 35.46101 35.46101 35.46101 35.46101 34.96426 32.79731 32.7973 32.79731 32.7973 32.79731 32.79731 32.79731 32.79731 32.79731 32.79731 32.79731 31.34186 24.43015 18.69863 18.35219 18.35219 18.35219 18.35219 18.35219 18.35219
98.89164 85.54854 71.23447 84.59016 86.16367 71.61428 68.96748 68.96748 68.96748 68.96748 68.96748 68.96748 68.96748 68.96748 66.25885 41.05564 30.78723 30.78723 30.78723 30.78723 30.78723 30.78723 30.78723 30.78723 30.78723 30.78723 30.78723 30.78723 30.78723 30.78723 30.78723 30.78723 30.78723 30.78723 30.78723 30.78723 32.08788 35.46101 35.46101 35.46101 35.46101 35.46101 35.46102 35.46101 35.46101 35.46101 35.46101 35.46101 35.461 33.36816 32.79731 32.7973 32.79731 32.79731 32.79731 32.79731 32.79731 32.7973 32.79731 32.7973 32.79731 32.7973 25.52024 18.35219 18.35219 18.35219 18.35219 18.35219 18.35219
115.2361 115.2361 114.8899 115.2361 115.2361 87.86505 68.96748 68.96748 68.96748 68.96748 68.96748 68.96748 68.96748 68.80699 65.89336 60.27552 30.78723 30.78724 30.78723 30.78723 30.78723 30.78723 30.78723 30.78724 30.78723 30.78723 30.78723 30.78723 30.78723 30.78724 30.78723 30.78723 30.78723 30.78723 30.78723 30.78723 32.92606 35.46101 35.46101 35.46101 35.46101 35.46101 35.46101 35.46101 35.46101 35.46101 35.46101 35.46101 35.46101 33.23641 32.79731 32.7973 32.79731 32.7973 32.79731 32.79731 32.79731 32.7973 32.79731 32.7973 32.79731 32.7973 28.32537 18.35219 18.35219 18.35219 18.35219 18.35219 18.35219
115.2361 115.2361 115.2361 115.2361 115.2361 92.10418 68.96748 68.96748 68.96748 68.96748 68.96748 68.94144 54.23087 31.51713 26.62539 41.37782 30.78724 30.78723 30.78724 30.78724 30.78724 30.78724 30.78724 30.78723 30.78724 30.78723 30.78724 30.78723 30.78723 30.78723 30.78724 30.78723 30.78724 30.78723 30.78723 30.78828 34.44576 35.46101 35.46101 35.46101 35.46101 35.46101 35.46101 35.46101 35.46101 35.46101 35.46101 35.46101 35.46101 34.66355 32.92639 32.79731 32.79731 32.79731 32.79731 32.79731 32.79731 32.79731 32.79731 32.79731 32.79731 32.79731 32.77269 26.557 18.78401 18.35219 18.35219 18.35219 18.35219
