Scenarios/Heterogeneous/data/country_data_population_distribution/processed/density_grids/ago.asc
ncols 314
nrows 351
xllcorner 11
yllcorner -18
cellsize 0.041666666666667
NODATA_value -9999
[rows 60 to 89 of 351, columns 207 to 275 of 314]
0 0 0 0 0 0 0 0 0 0 0 0 0 0 0 0 0 0 0 0 0 0 0 0 0 0 0 0 0 0 0 0 0 0 0 0 0 0 0 0 0 0 0 0 0 0 0 0 0 0 0 0 0 0 0 0 0 0 0 0 0 0 0 0 0 0 0 0 0
0 0 0 0 0 0 0 0 0 0 0 0 0 0 0 0 72.34704 18.6721 18.6721 18.6721 18.6721 18.6721 18.6721 26.97198 0 0 0 0 0 0 0 0 0 0 0 0 0 0 0 0 0 0 0 0 0 0 0 0 0 0 0 0 0 0 0 0 0 0 0 0 0 0 0 0 0 0 0 0 0
0 0 0 0 0 0 0 0 0 0 0 0 0 0 0 0 53.25479 18.6721 18.6721 18.6721 18.6721 18.6721 18.6721 49.20927 0 0 0 0 0 0 0 0 0 0 0 0 0 0 0 0 0 0 0 0 0 0 0 0 0 0 0 0 0 0 0 0 0 0 0 0 0 0 0 0 0 0 0 0 0
18.69034 18.68461 18.6721 18.6721 18.6721 18.67389 18.67301 18.6721 18.6721 18.6721 18.6721 18.6721 18.6721 18.6721 18.6721 18.6721 18.6721 18.6721 18.6721 18.6721 18.6721 18.6721 21.08851 0 0 0 0 0 0 0 0 0 0 0 0 0 0 0 0 0 0 0 0 0 0 0 0 0 0 0 0 0 0 0 0 0 0 0 0 0 0 0 0 0 0 0 0 0 0
18.6721 18.6721 18.6721 18.6721 18.6721 18.6721 18.6721 18.6721 18.6721 18.6721 18.6721 18.6721 18.6721 18.6721 18.6721 18.6721 18.6721 18.6721 18.6721 18.6721 18.6721 18.6721 39.37224 0 0 0 0 0 0 0 0 0 0 0 0 0 0 0 0 0 0 0 0 0 0 0 0 0 0 0 0 0 0 0 0 0 0 0 0 0 0 0 0 0 0 0 0 0 0
18.6721 18.6721 18.6721 18.6721 18.6721 18.6721 18.6721 18.6721 18.6721 18.6721 18.6721 18.6721 18.6721 18.6721 18.6721 18.6721 18.6721 18.6721 18.6721 18.6721 18.6721 18.6721 0 0 0 0 0 0 0 0 0 0 0 0 0 0 0 0 0 0 0 0 0 0 0 0 0 0 0 0 0 0 0 0 0 0 0 0 0 0 0 0 0 0 0 0 0 0 0
17.87908 18.6721 18.6721 18.6721 18.6721 18.6721 18.6721 18.6721 18.6721 18.6721 18.6721 18.6721 18.6721 18.6721 18.6721 18.6721 18.6721 18.6721 18.6721 18.6721 18.6721 18.6721 0 0 0 0 0 0 0 0 0 0 0 0 0 0 0 0 0 0 0 0 0 0 0 0 0 0 0 0 0 0 0 0 0 0 0 0 0 0 0 0 0 0 0 0 0 0 0
12.34601 18.6721 18.6721 18.6721 18.6721 18.6721 18.6721 18.6721 18.6721 18.6721 18.6721 18.6721 18.6721 18.6721 18.6721 18.6721 18.6721 18.6721 18.6721 18.6721 18.6721 19.94615 0 0 0 0 0 0 0 0 0 0 0 0 0 0 0 0 0 0 0 0 0 0 0 0 0 0 0 0 0 0 0 0 0 0 0 0 0 0 0 0 0 0 0 0 0 0 0
8.652825 18.67211 18.6721 18.6721 18.6721 18.6721 18.6721 18.67211 18.6721 18.67211 18.6721 18.67211 18.6721 18.6721 18.6721 18.6721 18.6721 18.6721 18.6721 18.6721 18.6721 27.65629 0 0 0 0 0 0 0 0 0 0 0 0 0 0 0 0 0 0 0 0 0 0 0 0 0 0 0 0 0 0 0 0 0 0 0 0 0 0 0 0 0 0 0 0 0 0 0
3.263776 16.76437 18.6721 18.67211 18.6721 18.67211 18.6721 18.6721 18.6721 18.67211 18.6721 18.67211 18.6721 18.67211 18.6721 18.6721 18.6721 18.67211 18.6721 18.6721 18.6721 21.7735 0 0 0 0 0 0 0 0 0 0 0 0 0 0 0 0 0 0 0 0 0 0 0 0 0 0 0 0 0 0 0 0 0 0 0 0 0 0 0 0 0 0 0 0 0 0 0
2.137637 12.38242 18.6721 18.6721 18.6721 18.6721 18.6721 18.6721 18.6721 18.6721 18.6721 18.6721 18.6721 18.6721 18.6721 18.6721 18.6721 18.6721 18.6721 18.6721 18.6721 18.6721 18.6721 18.6721 18.6721 18.6721 18.6721 18.6721 18.6721 18.6721 18.6721 18.6721 18.6721 18.6721 18.6721 18.6721 18.6721 18.67178 13.31868 12.76122 12.76122 12.76122 12.76122 12.76122 12.76122 12.76122 12.76122 12.76122 12.76122 12.76122 12.76122 16.29595 0 0 0 0 0 0 0 0 0 0 0 0 0 0 0 0 0
2.137637 6.987792 18.6721 18.6721 18.6721 18.6721 18.6721 18.6721 18.6721 18.6721 18.6721 18.6721 18.6721 18.6721 18.6721 18.6721 18.6721 18.6721 18.6721 18.6721 18.6721 18.6721 18.6721 18.6721 18.6721 18.6721 18.6721 18.6721 18.6721 18.6721 18.6721 18.6721 18.6721 18.6721 18.6721 18.6721 18.6721 18.6721 13.97752 12.76122 12.76122 12.76122 12.76122 12.76122 12.76122 12.76122 12.76122 12.76122 12.76122 12.76122 12.76122 12.76122 21.29107 0 0 0 0 0 0 0 0 0 0 0 0 0 0 0 0
2.137637 3.629545 18.66999 18.6721 18.6721 18.6721 18.6721 18.6721 18.6721 18.6721 18.6721 18.6721 18.6721 18.6721 18.6721 18.6721 18.6721 18.6721 18.6721 18.6721 18.6721 18.6721 18.6721 18.6721 18.6721 18.6721 18.6721 18.6721 18.6721 18.6721 18.6721 18.6721 18.6721 18.6721 18.6721 18.6721 18.6721 18.6721 13.58388 12.76122 12.76122 12.76122 12.76122 12.76122 12.76122 12.76122 12.76122 12.76122 12.76122 12.76122 12.76122 12.76122 14.767 0 0 0 0 0 0 0 0 0 0 0 0 0 0 0 0
2.137637 2.137637 15.34135 18.6721 18.6721 18.6721 18.6721 18.6721 18.6721 18.6721 18.6721 18.6721 18.6721 18.6721 18.6721 18.6721 18.6721 18.6721 18.6721 18.6721 18.6721 18.6721 18.6721 18.6721 18.6721 18.6721 18.6721 18.6721 18.6721 18.6721 18.6721 18.6721 18.6721 18.6721 18.6721 18.6721 18.6721 18.6721 13.24405 12.76122 12.76122 12.76122 12.76122 12.76122 12.76122 12.76122 12.76122 12.76122 12.76122 12.76122 12.76122 12.76122 12.76122 0 0 0 0 0 0 0 0 0 0 0 0 0 0 0 0
2.137637 2.137637 7.241657 18.6721 18.6721 18.6721 18.6721 18.6721 18.6721 18.6721 18.6721 18.6721 18.6721 18.6721 18.6721 18.6721 18.6721 18.6721 18.6721 18.6721 18.6721 18.6721 18.6721 18.6721 18.6721 18.6721 18.6721 18.6721 18.6721 18.6721 18.6721 18.6721 18.6721 18.6721 18.6721 18.6721 18.6721 18.59585 12.88815 12.76122 12.76122 12.76122 12.76122 12.76122 12.76122 12.76122 12.76122 12.76122 12.76122 12.76122 12.76122 12.76122 12.76122 0 0 0 0 0 0 0 0 0 0 0 0 0 0 0 0
2.137637 2.137637 2.352106 8.977695 16.71436 18.6721 18.6721 18.6721 18.6721 18.6721 18.6721 18.6721 18.6721 18.6721 18.6721 18.6721 18.6721 18.6721 18.6721 18.6721 18.6721 18.6721 18.6721 18.6721 18.6721 18.6721 18.6721 18.6721 18.6721 18.6721 18.6721 18.6721 18.6721 18.6721 18.67211 18.6721 18.6721 16.65921 12.76122 12.76122 12.76122 12.76122 12.76122 12.76122 12.76122 12.76122 12.76122 12.76122 12.76122 12.76122 12.76122 12.76122 12.76122 0 0 0 0 0 0 0 0 0 0 0 0 0 0 0 0
2.137637 2.137637 2.137637 2.137637 4.151902 10.37021 14.81222 18.6721 18.6721 18.6721 18.6721 18.6721 18.6721 18.6721 18.6721 18.6721 18.6721 18.6721 18.6721 18.6721 18.6721 18.6721 18.6721 18.6721 18.6721 18.6721 18.6721 18.6721 18.6721 18.6721 18.6721 18.6721 18.6721 18.6721 18.6721 18.6721 18.66984 13.69121 12.76122 12.76122 12.76122 12.76122 12.76122 12.76122 12.76122 12.76122 12.76122 12.76122 12.76122 12.76122 12.76122 12.76122 12.76122 0 0 0 0 0 0 0 0 0 0 0 0 0 0 0 0
2.137637 2.137637 2.137637 2.137637 2.137637 2.137638 2.186888 13.19186 18.6721 18.6721 18.6721 18.6721 18.6721 18.6721 18.6721 18.6721 18.6721 18.6721 18.6721 18.6721 18.6721 18.6721 18.6721 18.6721 18.6721 18.6721 18.6721 18.6721 18.6721 18.6721 18.6721 18.6721 18.6721 18.6721 18.6721 18.6721 17.25945 12.76122 12.76122 12.76122 12.76122 12.76122 12.76122 12.76122 12.76122 12.76122 12.76122 12.76122 12.76122 12.76122 12.76122 12.76122 13.67213 0 0 0 0 0 0 0 0 0 0 0 0 0 0 0 0
2.137638 2.137638 2.137638 2.137637 2.137638 2.137637 2.137638 4.017129 18.14465 18.6721 18.6721 18.6721 17.72342 18.34791 18.6721 18.6721 18.6721 18.6721 18.64397 15.95804 14.53987 12.48169 13.69936 18.6721 18.6721 18.6721 18.6721 18.6721 18.6721 18.6721 18.6721 18.6721 18.6721 18.6721 18.6721 18.6721 14.61858 12.76122 12.76122 12.76122 12.76122 12.76122 12.76122 12.76122 12.76122 12.76122 12.76122 12.76122 12.76122 12.76122 12.76122 12.76122 17.78893 0 0 0 0 0 0 0 0 0 0 0 0 0 0 0 0
2.137637 2.137637 2.137637 2.137637 2.137637 2.137637 2.137637 2.137637 11.09271 17.76165 18.04843 15.15453 8.446407 8.887851 13.65504 13.53843 9.959176 11.69027 10.00668 7.878695 7.878695 7.878695 8.330614 17.42423 18.6721 18.6721 18.6721 18.6721 18.6721 18.6721 18.6721 18.6721 18.6721 18.6721 18.6721 18.6721 14.47016 12.76122 12.76122 12.76122 12.76122 12.76122 12.76122 12.76122 12.76122 12.76122 12.76122 12.76122 12.76122 12.76122 12.76122 12.76122 0 0 0 0 0 0 0 0 0 0 0 0 0 0 0 0 0
2.137637 2.137637 2.137637 2.137637 2.137637 2.137637 2.137637 2.137637 4.612036 7.878695 7.878695 7.878695 7.878695 7.878695 7.878695 7.878695 7.878695 7.878695 7.878695 7.878695 7.878695 7.878695 7.878695 14.43873 18.6721 18.6721 18.6721 18.6721 18.6721 18.6721 18.6721 18.6721 18.6721 18.6721 18.6721 18.6721 14.13542 12.76122 12.76122 12.76122 12.76122 12.76122 12.76122 12.76122 12.76122 12.76122 12.76122 12.76122 12.76122 12.76122 12.76122 13.21083 0 0 0 0 0 0 0 0 0 0 0 0 0 0 0 0 0
2.137637 2.137638 2.137637 2.137638 2.137637 2.137638 2.137637 2.137637 3.797683 7.878695 7.878695 7.878695 7.878695 7.878695 7.878695 7.878695 7.878695 7.878695 7.878695 7.878695 7.878695 7.878695 7.878695 8.810478 16.99489 18.6721 18.6721 18.6721 18.6721 18.6721 18.6721 18.6721 18.6721 18.6721 18.6721 17.2888 12.76205 12.76122 12.76122 12.76122 12.76122 12.76122 12.76122 12.76122 12.76122 12.76122 12.76122 12.76122 12.76122 12.76122 12.76122 16.66469 0 0 0 0 0 0 0 0 0 0 0 0 0 0 0 0 0
2.137637 2.137637 2.137637 2.137637 2.137637 2.137637 2.137637 2.137637 2.62448 7.878695 7.878695 7.878695 7.878695 7.878695 7.878695 7.878695 7.878695 7.878695 7.878695 7.878695 7.878695 7.878695 7.878695 7.878695 9.496331 18.1726 18.6721 18.6721 18.6721 18.6721 18.6721 18.6721 18.6721 18.6721 18.6721 16.0877 12.76122 12.76122 12.76122 12.76122 12.76122 12.76122 12.76122 12.76122 12.76122 12.76122 12.76122 12.76122 12.76122 12.76122 12.76122 17.24795 0 0 0 0 0 0 0 0 0 0 0 0 0 0 0 0 0
2.137637 2.137637 2.137637 2.137637 2.137637 2.137637 2.137637 2.137637 2.138333 7.360786 7.878695 7.878695 7.878695 7.878695 7.878695 7.878695 7.878695 7.878695 7.878695 7.878695 7.878695 7.878695 7.878695 7.878695 7.878695 10.46908 13.74205 14.22741 14.09984 15.43511 17.21785 18.5687 18.6721 18.6721 18.6721 16.34224 12.76122 12.76122 12.76122 12.76122 12.76122 12.76122 12.76122 12.76122 12.76122 12.76122 12.76122 12.76122 12.76122 12.76122 12.76122 0 0 0 0 0 0 0 0 0 0 0 0 0 0 0 0 0 0
2.137637 2.137637 2.137637 2.137637 2.137637 2.137637 2.137637 2.137637 2.137637 6.379702 7.878695 7.878695 7.878695 7.878695 7.878695 7.878695 7.878695 7.878695 7.878695 7.878695 7.878695 7.878695 7.878695 7.878695 7.878695 7.878695 7.878695 7.878695 7.878695 7.878695 7.878695 8.170946 9.300364 9.326068 9.753472 10.68508 12.74927 12.76122 12.76122 12.76122 12.76122 12.76122 12.76122 12.76122 12.76122 12.76122 12.76122 12.76122 12.76122 12.76122 12.76122 0 0 0 0 0 0 0 0 0 0 0 0 0 0 0 0 0 0
2.137637 2.137637 2.137637 2.137637 2.137637 2.137637 2.137637 2.137637 2.137637 5.712911 7.878695 7.878695 7.878695 7.878695 7.878695 7.878695 7.878695 7.878695 7.878695 7.878695 7.878695 7.878695 7.878695 7.878695 7.878695 7.878695 7.878695 7.878695 7.878695 7.878695 7.878695 7.878695 7.878695 7.878695 7.878695 7.878695 10.37302 12.76122 12.76122 12.76122 12.76122 12.76122 12.76122 12.76122 12.76122 12.76122 12.76122 12.76122 12.76122 12.76122 13.26593 0 0 0 0 0 0 0 0 0 0 0 0 0 0 0 0 0 0
2.137638 2.137638 2.137638 2.137637 2.137638 2.137638 2.137638 2.137638 4.059707 7.694122 7.878695 7.878695 7.878695 7.878695 7.878695 7.878695 7.878695 7.878695 7.878695 7.878695 7.878695 7.878695 7.878695 7.878695 7.878695 7.878695 7.878695 7.878695 7.878695 7.878695 7.878695 7.878695 7.878695 7.878695 7.878695 7.878695 7.980786 12.2734 12.76122 12.76122 12.76122 12.76122 12.76122 12.76122 12.76122 12.76122 12.76122 12.76122 12.76122 12.76122 12.76122 0 0 0 0 0 0 0 0 0 0 0 0 0 0 0 0 0 0
2.137637 2.137637 2.137637 2.137638 2.137637 2.137637 2.137637 2.140957 7.60114 7.878695 7.878695 7.878695 7.878695 7.878695 7.878695 7.878695 7.878695 7.878695 7.878695 7.878695 7.878695 7.878695 7.878695 7.878695 7.878695 7.878695 7.878695 7.878695 7.878695 7.878695 7.878695 7.878695 7.878695 7.878695 7.878695 7.878695 7.878695 10.69047 12.76122 12.76122 12.76122 12.76122 12.76122 12.76122 12.76122 12.76122 12.76122 12.76122 12.76122 12.76122 12.76122 14.77819 0 0 0 0 0 0 0 0 0 0 0 0 0 0 0 0 0
2.137637 2.137637 2.137637 2.137637 2.137637 2.137637 2.137637 2.137637 7.244976 7.878695 7.878695 7.878695 7.878695 7.878695 7.878695 7.878695 7.878695 7.878695 7.878695 7.878695 7.878695 7.878695 7.878695 7.878695 7.878695 7.878695 7.878695 7.878695 7.878695 7.878695 7.878695 7.878695 7.878695 7.878695 7.878695 7.878695 7.878695 9.832046 12.76122 12.76122 12.76122 12.76122 12.76122 12.76122 12.76122 12.76122 12.76122 12.76122 12.76122 12.76122 12.76122 12.76122 17.20413 0 0 0 0 0 0 0 0 0 0 0 0 0 0 0 0
2.137637 2.137637 2.137637 2.137638 2.137637 2.137638 2.137637 2.330962 7.460196 7.878695 7.878695 7.878695 7.878695 7.878695 7.878695 7.878695 7.878695 7.878695 7.878695 7.878695 7.878695 7.878695 7.878695 7.878695 7.878695 7.878695 7.878695 7.878695 7.878695 7.878695 7.878695 7.878695 7.878695 7.878695 7.878695 7.878695 7.878695 9.653894 12.76122 12.76122 12.76122 12.76122 12.76122 12.76122 12.76122 12.76122 12.76122 12.76122 12.76122 12.76122 12.76122 12.76122 12.99873 0 0 0 0 0 0 0 0 0 0 0 0 0 0 0 0
