Scenarios/Heterogeneous/data/country_data_population_distribution/processed/density_grids/alb.asc
ncols 49
nrows 88
xllcorner 19
yllcorner 39
cellsize 0.041666666666667
NODATA_value -9999
[rows 0 to 69 of 88, columns 0 to 48 of 49]
0 0 0 0 0 0 0 0 0 0 0 0 0 0 0 0 0 7.598739 0 0 0 0 0 0 0 0 0 0 0 0 0 0 0 0 0 0 0 0 0 0 0 0 0 0 0 0 0 0 0
0 0 0 0 0 0 0 0 0 0 0 0 0 0 0 43.93478 5.331359 5.33455 0 0 0 0 0 0 0 0 0 0 0 0 0 0 0 0 0 0 0 0 0 0 0 0 0 0 0 0 0 0 0
0 0 0 0 0 0 0 0 0 0 0 0 0 0 0 5.331358 5.331358 6.379889 0 0 0 0 0 0 0 0 0 0 0 0 0 0 0 0 0 0 0 0 0 0 0 0 0 0 0 0 0 0 0
0 0 0 0 0 0 0 0 0 0 0 0 0 0 31.14995 5.331359 5.331359 5.422039 0 0 0 0 0 0 9.534872 13.28172 31.19746 0 0 0 0 0 0 0 0 0 0 0 0 0 0 0 0 0 0 0 0 0 0
0 0 0 0 0 0 0 0 0 0 0 0 0 22.77732 5.331358 5.331359 5.331359 5.331359 7.145566 0 16.60728 9.078125 6.365439 6.365439 6.365439 11.13497 13.92325 13.92325 0 0 0 0 0 0 0 0 0 0 0 0 0 0 0 0 0 0 0 0 0
0 0 0 0 0 0 0 0 0 0 0 0 36.53405 5.331358 5.331358 5.334679 6.060734 5.340896 5.120158 5.701106 6.365439 6.405648 7.716496 6.365439 6.365439 10.58678 13.92325 13.92325 35.60765 0 0 0 0 0 0 0 0 0 0 0 0 0 0 0 0 0 0 0 0
0 0 0 0 0 0 0 0 0 0 0 79.40264 20.08509 5.914311 7.640573 7.852204 8.538837 5.20414 5.117115 5.662989 6.047112 8.669925 16.93892 14.55745 7.837068 7.303555 12.98541 13.92325 13.92325 0 0 0 0 0 0 0 0 0 0 0 0 0 0 0 0 0 0 0 0
0 0 0 0 0 0 0 0 0 0 52.82341 41.04872 28.43733 8.518357 8.56471 8.56471 8.026293 5.138043 5.117115 4.429154 3.204904 3.204904 3.204904 9.118767 18.01346 125.8518 183.6223 21.19773 14.24521 51.44511 0 0 0 0 0 0 0 0 0 0 0 0 0 0 0 0 0 0 0
0 0 0 0 0 0 0 0 0 0 43.90404 31.81153 8.56471 8.564709 8.56471 8.564709 8.495842 5.901082 5.117116 5.055232 3.400418 3.204904 3.204904 8.329688 18.0786 18.35499 26.33079 26.8257 9.40567 13.06389 67.1314 67.84897 0 0 0 0 0 0 0 0 0 0 0 0 0 0 0 0 0
0 0 0 0 0 0 0 0 0 44.33438 43.90404 20.26698 8.56471 8.56471 8.563993 8.426991 8.364389 7.07199 4.969305 5.083377 3.354671 3.272241 4.148534 10.3113 16.04797 18.88766 19.20193 13.38729 7.284704 7.284704 7.5652 20.5013 29.55504 45.76851 98.70403 0 0 0 0 0 0 0 0 0 0 0 0 0 0
0 0 0 0 0 0 0 0 87.88844 84.49472 238.7768 76.544 50.96164 25.34998 8.527674 8.364058 8.364058 4.877176 1.987224 1.628485 4.904051 7.046831 5.351368 6.127797 6.251481 7.454824 12.539 9.271407 7.284703 13.11782 25.04699 31.95355 32.42551 31.12839 30.28903 66.59447 0 0 0 0 0 0 0 0 0 0 0 0 0
0 0 0 0 0 0 0 0 0 86.53371 145.7701 72.36575 70.61257 70.47034 41.69289 14.91035 20.07681 30.92846 6.354738 7.127116 11.91235 5.634121 3.771364 3.849484 4.551369 5.885093 5.974471 4.896145 4.907654 16.41352 28.848 62.4848 70.49904 74.0955 77.5846 50.28102 118.1035 0 0 0 0 0 0 0 0 0 0 0 0
0 0 0 0 0 0 0 0 0 0 70.61257 70.61257 70.61257 69.22464 53.12173 50.35786 49.31179 36.00659 14.26829 14.61209 14.60634 7.627108 4.415331 3.771364 3.8096 4.368701 4.652617 4.628192 6.282137 10.59557 13.11743 45.91383 46.38605 42.2535 39.21726 30.23232 27.25451 0 0 0 0 0 0 0 0 0 0 0 0
0 0 0 0 0 0 0 0 0 64.06588 0 482.2433 510.055 248.7123 58.19846 34.42159 8.89843 5.550313 6.864179 13.07601 13.71373 13.62947 13.47035 19.12933 22.1218 9.751813 4.600371 5.643437 11.33437 11.92101 11.92101 23.71598 27.21447 117.1018 83.33049 29.05065 33.04135 0 0 0 0 0 0 0 0 0 0 0 0
0 0 0 0 0 0 0 0 0 893.8618 2031.732 1886.798 1497.68 267.3102 91.73405 86.54671 76.9538 53.50418 4.436007 8.553555 13.19914 43.34191 13.23266 14.24919 28.63108 17.11114 5.540514 6.099764 10.46291 11.92101 11.92101 14.98517 25.09926 307.4889 596.3637 71.55346 37.65824 51.94176 0 0 0 0 0 0 0 0 0 0 0
0 0 0 0 0 0 0 0 0 76.9108 180.1567 616.5667 170.7601 100.3607 92.85743 79.17853 76.07693 60.05872 4.174561 4.086835 16.51942 111.3969 29.48644 10.90124 14.43595 4.738514 4.565564 4.565565 5.788649 9.890396 8.851063 9.921266 12.22036 87.7151 121.6317 63.71899 30.34465 41.2993 0 0 0 0 0 0 0 0 0 0 0
0 0 0 0 0 0 0 0 0 93.71081 98.42349 140.1283 134.436 125.9997 87.5828 66.30981 14.49114 19.80873 4.101488 4.086835 4.087235 5.815161 10.20527 10.20564 10.09684 7.538514 5.856236 7.399626 8.353964 8.46546 8.200335 7.96732 26.02754 60.02781 60.02781 43.50637 15.43851 39.61799 47.31264 0 0 0 0 0 0 0 0 0 0
0 0 0 0 0 0 0 0 0 62.93866 85.01904 128.3577 130.0325 109.4529 99.16994 96.94683 14.38059 9.653399 5.105272 4.986868 4.804627 4.354003 9.306637 10.20505 10.20307 9.697613 8.554152 8.46546 8.465461 7.850076 5.519614 7.064874 23.5633 38.61914 34.78349 17.44785 12.9398 23.13974 51.69186 0 0 0 0 0 0 0 0 0 0
0 0 0 0 0 0 0 0 0 55.80885 59.24547 74.72127 93.89968 101.0078 74.36045 68.14085 52.89643 16.00703 5.92196 5.884798 4.873976 4.204304 6.26208 9.991233 8.681646 7.530741 8.46546 8.46546 8.3193 4.447727 4.128565 5.490161 22.13275 22.64596 13.47187 9.329085 11.04698 10.64011 0 0 0 0 0 0 0 0 0 0 0
0 0 0 0 0 0 0 0 0 56.05299 55.72536 58.69151 75.13586 104.6139 71.00701 71.04482 84.02332 26.52259 7.349228 5.904419 10.53097 4.646781 6.227473 7.020506 7.02056 7.064092 7.163269 7.386867 5.951175 4.620495 4.820538 4.850645 17.34823 20.65976 20.08393 13.22536 10.36918 39.38479 0 0 0 0 0 0 0 0 0 0 0
0 0 0 0 0 0 0 0 0 0 0 0 177.6395 177.3083 156.3917 169.0113 109.5623 58.26561 36.25594 39.56184 43.72493 37.82582 33.12603 30.21863 5.365566 4.521058 2.797054 3.802006 4.767129 4.817295 9.466058 9.87003 13.62792 16.84172 16.09076 15.04113 15.04113 38.77112 0 0 0 0 0 0 0 0 0 0 0
0 0 0 0 0 0 0 0 0 0 0 0 0 177.6395 177.6395 1090.936 120.6481 69.64661 37.32699 41.63286 45.24431 45.2242 40.70069 25.48068 5.959152 1.97282 1.973419 3.595539 4.763625 8.915343 26.65019 26.91104 57.24977 22.33969 27.23901 17.52113 15.51017 0 0 0 0 0 0 0 0 0 0 0 0
0 0 0 0 0 0 0 0 0 0 0 0 0 177.8311 249.9033 273.8734 125.0433 90.39584 39.51393 43.91757 39.10152 22.7756 17.26783 14.34243 1.97282 6.726018 8.840813 9.498363 4.767131 20.92773 34.30607 52.18105 95.30798 77.04256 94.57142 52.7303 0 0 0 0 0 0 0 0 0 0 0 0 0
0 0 0 0 0 0 0 0 0 0 0 0 0 300.5068 293.861 261.5526 125.6628 66.43295 51.84645 32.94975 16.27942 10.08173 20.27542 35.82055 27.50898 10.22745 9.13284 9.091382 8.626326 22.69168 26.6234 36.54123 95.87326 162.6278 780.0246 30.87204 25.13978 0 0 0 0 0 0 0 0 0 0 0 0
0 0 0 0 0 0 0 0 0 0 0 0 0 288.3812 118.677 113.211 446.5351 244.5385 52.93714 33.89769 8.337867 8.337867 25.74394 221.2435 33.06359 22.7071 16.31911 19.71006 22.1183 13.88398 16.32828 36.91927 57.47814 88.11389 50.51878 48.42753 43.32533 0 0 0 0 0 0 0 0 0 0 0 0
0 0 0 0 0 0 0 0 0 0 42.05264 42.05264 0 89.95805 89.95805 189.7731 398.6869 217.8913 51.81522 44.95311 9.57813 20.78065 29.59391 256.1042 214.9313 40.02861 39.61355 37.43147 15.30768 8.093653 8.093654 21.59953 57.53179 56.93832 95.89735 106.3174 106.3174 0 0 0 0 0 0 0 0 0 0 0 0
0 0 0 0 0 0 0 0 0 0 42.05265 42.05264 42.05265 46.80622 119.6314 170.9574 221.2366 235.1643 117.5107 26.74422 23.472 34.63091 36.49592 37.55117 45.79051 41.23586 41.10286 41.33775 39.23532 20.20355 23.22087 32.97192 52.38431 60.84371 89.7688 120.5563 0 0 0 0 0 0 0 0 0 0 0 0 0
0 0 0 0 0 0 0 0 0 0 0 0 44.46305 42.05265 55.71509 153.2111 182.4233 201.8146 213.7789 79.36881 10.40926 23.70822 39.53149 50.37849 49.84104 46.12502 45.32834 45.32834 89.97579 104.2262 38.68134 32.3952 27.08889 49.65716 87.71691 0 0 0 0 0 0 0 0 0 0 0 0 0 0
0 0 0 0 0 0 0 0 0 0 0 348.0085 335.4456 100.0643 107.3568 141.5004 257.0702 392.5504 334.4437 188.9265 37.92308 11.49929 15.07747 21.50344 25.16869 32.43806 43.36344 45.32834 93.43091 123.7562 63.41508 25.77953 23.5899 28.52743 74.54746 28.0046 0 0 0 0 0 0 0 0 0 0 0 0 0
0 0 0 0 0 0 0 0 0 0 182.0805 262.3558 329.7144 199.4123 120.8485 181.7934 202.867 331.5796 257.2851 225.7762 137.39 14.18157 14.23502 14.85142 20.00189 20.57575 22.43184 13.59391 8.016863 7.333539 11.32847 21.63661 23.5899 23.90055 22.01295 16.03413 29.29708 0 0 0 0 0 0 0 0 0 0 0 0
0 0 0 0 0 0 0 0 0 181.1962 308.8414 233.3398 206.6138 246.2308 152.5104 248.5242 475.4161 1869.07 2504.62 554.4421 358.6638 195.1168 14.23502 14.23502 13.74163 14.8406 9.45487 6.516335 6.537851 6.537851 6.537851 13.98128 17.47558 14.15375 14.41238 14.98839 11.3876 0 0 0 0 0 0 0 0 0 0 0 0
0 0 0 0 0 0 0 0 0 0 3181.185 1626.507 502.8189 714.281 242.0484 332.0437 1819.647 2287.919 6654.766 7356.409 7008.707 1375.781 218.4675 226.582 6.654492 6.357708 6.357708 6.380732 6.420172 8.852585 13.93739 15.12631 5.179907 3.457408 5.280382 13.87953 49.28291 0 0 0 0 0 0 0 0 0 0 0 0
0 0 0 0 0 0 0 0 0 0 3183.174 2917.813 809.3586 447.4909 74.3101 223.8533 821.0685 499.7903 2845.83 9148.797 4642.434 1029.592 408.5312 413.5855 6.426595 6.357708 6.357708 10.95437 17.72643 21.9146 23.31641 16.31024 11.45599 3.738529 3.447134 8.393198 0 0 0 0 0 0 0 0 0 0 0 0 0
0 0 0 0 0 0 0 0 0 0 0 0 766.9061 430.3235 290.7014 55.75817 62.57098 139.3488 204.9102 1165.954 1191.357 332.5752 83.84299 207.023 38.03379 8.463005 20.76674 30.17037 30.38099 24.81889 24.31489 18.35649 14.06483 15.76038 21.26777 22.28072 0 0 0 0 0 0 0 0 0 0 0 0 0
0 0 0 0 0 0 0 0 0 0 0 118.0232 118.0232 115.8041 59.13988 47.27811 75.11059 79.2956 40.49047 33.47792 56.04903 65.67966 71.79759 84.88497 30.28876 21.77592 30.18477 35.1357 35.1357 36.26945 34.09897 26.45733 27.99955 31.71642 36.21845 33.7397 60.44055 0 0 0 0 0 0 0 0 0 0 0 0
0 0 0 0 0 0 0 0 0 0 0 117.0025 170.0608 819.5762 47.68475 32.4397 62.95597 78.16006 51.03314 31.66333 34.29691 55.30706 68.99716 45.75148 26.04174 35.16154 55.37243 38.85376 85.09114 56.29809 35.79442 173.9883 280.6218 40.49327 30.32718 29.43808 32.03058 0 0 0 0 0 0 0 0 0 0 0 0
0 0 0 0 0 0 0 0 0 0 97.10302 93.68871 105.6495 299.0632 56.33043 58.49815 61.11233 67.22489 35.27815 31.85137 64.78905 49.17193 34.07183 96.04894 187.8512 1156.068 582.8931 157.4708 103.9729 58.62086 33.94571 35.15438 42.53973 29.65778 29.43808 34.36467 54.31781 103.6511 0 0 0 0 0 0 0 0 0 0 0
0 0 0 0 0 0 0 0 0 0 59.7935 58.67329 70.77695 96.16248 73.01128 104.8923 24.31814 23.05036 45.93405 64.0818 90.19915 62.69033 57.42633 99.21356 185.4474 1687.106 1440.088 84.67247 78.60962 43.87766 33.17358 29.94149 28.17864 30.51637 39.02794 51.29829 56.79011 118.4611 0 0 0 0 0 0 0 0 0 0 0
0 0 0 0 0 0 0 0 0 0 64.33904 63.22698 77.24919 98.87884 126.6852 417.9035 106.1728 280.1179 94.63074 73.34286 91.01621 70.70605 57.63673 136.9125 195.018 263.3234 87.68993 58.98066 43.42344 58.46811 58.37641 18.74294 15.10317 40.62893 53.2065 53.2065 191.3677 139.5903 96.58338 92.77539 0 0 0 0 0 0 0 0 0
0 0 0 0 0 0 0 0 0 0 71.36316 77.4205 95.18147 123.5393 159.5915 162.4197 148.5515 162.1318 113.924 89.9541 97.90227 85.93346 92.88419 243.3993 156.5826 108.6814 36.42422 27.91529 25.6995 25.25352 16.90739 12.85159 15.00808 17.83677 26.29306 41.12185 79.092 76.16593 86.73484 92.7754 0 0 0 0 0 0 0 0 0
0 0 0 0 0 0 0 0 0 0 79.01517 79.01517 79.01517 79.31443 99.04652 143.5507 146.348 87.29791 83.17815 88.6273 105.9372 110.821 101.9225 114.6097 105.8684 113.8831 47.4073 29.69992 22.77612 12.87803 12.51459 11.96316 11.42512 14.94541 14.92526 32.08048 42.75962 44.88409 71.98441 92.77541 0 0 0 0 0 0 0 0 0
0 0 0 0 0 0 0 0 0 77.25694 77.25694 77.55551 78.1273 94.86715 92.1907 294.676 596.4186 286.2671 95.55738 70.07905 61.72594 60.68355 64.87022 83.16534 79.97961 46.87461 28.6479 37.47878 27.71081 10.56011 10.2745 9.111379 8.752738 14.01502 14.00727 19.44698 18.39159 13.11708 85.34239 246.7273 0 0 0 0 0 0 0 0 0
0 0 0 0 0 0 0 0 0 61.54663 75.33382 77.06735 87.12975 110.8891 115.3377 319.8629 357.6301 156.9095 131.8285 87.0209 51.42184 54.05211 59.93665 68.92083 67.86333 37.58337 8.237651 28.03204 56.46867 32.01114 15.28446 12.89572 13.40013 14.00452 14.00242 13.44053 13.07398 13.07398 412.4157 1173.666 389.2979 284.7406 215.9285 88.96532 18.22249 14.7048 14.41686 19.13705 0
0 0 0 0 0 0 0 0 0 40.73156 51.96497 63.00393 71.40578 75.73768 147.7279 139.832 141.8591 139.7492 138.6012 138.5824 115.7658 104.313 108.1675 70.18074 17.92973 9.536673 9.66486 30.27806 424.9499 21.71972 19.2293 18.28214 18.19535 17.81237 12.35405 13.98531 13.45213 16.50144 118.3623 116.9052 127.0997 87.39876 79.19035 70.2184 17.23215 14.39628 14.39628 16.00021 0
0 0 0 0 0 0 0 0 40.73156 40.85174 40.73156 46.57252 61.20621 79.74865 135.5346 120.8052 126.0671 185.5126 191.6456 148.8165 149.1375 413.7396 396.5269 33.21516 26.92393 21.37448 10.64704 12.42941 14.16079 15.47781 19.0602 13.35173 14.27077 7.738436 4.675107 10.06757 9.121711 16.1946 17.97554 56.65334 90.30343 94.32425 94.5976 83.55646 14.40055 14.39628 14.39628 0 0
0 0 0 0 0 0 0 0 72.47389 70.12256 47.62492 64.34727 75.96291 325.971 141.495 167.0895 233.3407 262.6236 195.8415 159.9596 142.4841 159.9496 142.6666 70.91795 70.04058 34.22858 13.57048 8.284552 7.184185 9.225133 11.34098 12.74893 4.117248 4.117248 4.29444 5.012628 5.030225 5.681258 5.352305 72.6106 103.2566 99.73124 93.99538 98.82085 39.20363 14.40077 13.6522 0 0
0 0 0 0 0 0 0 0 72.78136 70.46254 62.44106 64.70409 324.6426 3029.039 123.7729 131.1623 185.4038 96.94967 102.4516 127.1526 115.5481 88.93039 773.897 270.6715 22.84317 15.74232 15.74232 6.347986 4.485119 8.334768 7.886336 4.162071 2.746586 2.690428 2.958491 3.963434 4.92946 5.030225 12.24098 84.72755 96.66594 102.6784 102.6134 106.6637 103.3784 49.5926 32.7734 18.94173 0
0 0 0 0 0 0 0 53.48473 60.20914 54.91764 53.48473 60.75343 64.50996 177.4785 310.8779 398.3697 121.9009 71.36408 64.21819 74.42698 27.66869 38.6764 626.7415 459.27 28.16136 21.51212 32.76524 9.645507 2.652859 2.652859 2.652859 2.610801 2.52025 2.52025 2.52025 2.52025 4.077096 4.347251 41.51112 71.65106 90.29053 103.6758 103.0862 104.6456 96.40984 43.33751 36.80717 40.72361 31.67162
0 0 0 0 0 0 0 53.60013 53.66649 53.60058 54.69933 102.5811 118.1681 120.2749 152.995 115.1903 73.15938 69.94076 35.41156 29.28128 17.22264 17.60699 65.79228 40.57047 44.14135 35.95864 34.67485 12.88013 3.814575 3.279572 3.051974 3.093857 2.693863 2.391991 2.679189 3.518298 3.106233 4.029629 5.434093 22.46765 58.87967 620.5573 684.2028 106.3668 73.90949 39.06671 43.43213 105.1199 81.36333
0 0 0 0 0 0 0 0 53.68643 53.68643 53.68643 65.06673 90.53415 110.1804 109.9575 98.14894 67.63898 436.0607 34.73821 31.23308 16.34971 16.29597 35.60101 29.0826 18.36839 129.8713 78.33247 7.776436 7.280169 4.217593 3.52331 3.486035 3.17575 1.844911 1.766391 1.860731 1.58544 2.325771 3.893998 11.36168 43.12176 216.255 1610.587 96.96857 46.92645 40.50807 65.13186 149.6322 95.79855
0 0 0 0 0 0 0 0 53.68643 54.34241 65.56676 62.5125 61.93241 65.21026 85.07308 66.64996 28.56731 38.47323 41.41951 13.48389 14.43248 15.79689 8.25152 5.882863 5.882864 11.81473 10.84733 8.127714 9.049354 10.22359 5.483519 3.014566 3.005263 3.005263 2.739839 2.203852 2.226436 2.859537 3.826832 26.26256 43.75495 48.87565 58.26129 59.09639 35.70763 30.64328 37.38556 40.88752 48.33029
0 0 0 0 0 0 13.61433 0 0 77.22488 77.22488 76.13925 68.94905 44.37405 43.85493 48.72095 25.21983 27.26403 39.52175 43.27681 34.24913 16.78837 8.65896 5.539735 5.882863 6.355457 11.56812 11.41233 20.53049 105.3974 9.122037 3.226594 3.583146 4.152464 3.894241 3.738271 3.738271 3.738271 3.738271 16.38589 46.05051 46.09412 49.86184 50.80836 32.54754 26.87254 26.80872 0 0
0 0 0 0 0 0 13.61433 13.61433 0 77.22489 674.3745 2887.241 826.1948 41.27975 17.05953 17.74674 15.8102 17.59381 22.88417 32.97356 27.88083 20.10231 8.361908 4.113908 4.386666 4.519868 8.61166 10.41451 18.08324 52.49836 7.496903 4.417024 4.417024 4.417024 3.994413 3.738271 3.738271 3.616667 3.744832 5.851489 16.81822 8.730035 18.39197 26.24778 22.11524 23.44143 25.16292 0 0
0 0 0 0 0 0 14.38979 14.38979 14.38979 0 0 3472.367 252.2414 22.12437 16.41567 17.00555 15.33696 14.30025 20.1064 22.1462 21.64391 19.20304 11.20332 6.057013 4.28045 5.944021 7.145573 7.278684 6.897755 3.486428 3.447768 3.889315 3.462993 3.38228 3.078615 3.200152 3.005476 2.255166 5.26321 5.676919 5.678291 5.678291 10.99193 0 0 0 0 0 0
0 0 0 0 0 0 0 14.38979 14.38979 14.38979 0 14.38979 15.23283 19.58186 19.58186 17.4308 11.7977 10.62882 10.90063 16.24704 11.46476 14.04165 15.35856 9.193797 8.39097 8.075109 7.783757 8.809713 8.783542 5.130932 3.253165 3.020917 2.67677 1.708414 1.747397 1.913949 1.951183 2.028775 6.953203 6.675866 8.382385 8.524722 6.723804 0 0 0 0 0 0
0 0 0 0 0 0 0 0 14.38979 14.38979 14.38979 14.38979 14.58017 18.54739 19.58186 17.51214 14.08926 10.77781 8.259624 5.271952 5.964098 10.90268 15.27961 110.2311 16.62792 10.46963 8.169353 7.918356 7.444342 6.932032 5.388221 5.735349 5.552529 4.012336 1.665947 1.955878 2.129046 2.363846 10.68116 54.99267 98.66551 12.32892 8.033827 0 0 0 0 0 0
0 0 0 0 0 0 0 0 14.38979 14.38979 14.38979 14.38979 14.38979 14.90528 12.5003 11.45778 11.44756 11.44756 10.90602 6.500459 7.901992 11.17786 11.17786 76.76663 63.32601 12.21919 10.81662 16.79709 29.29499 6.97655 6.562321 6.472307 6.472306 5.610572 1.665946 2.089872 2.287534 2.319605 6.109726 21.97179 30.61917 10.18984 0 0 0 0 0 0 0
0 0 0 0 0 0 0 0 0 14.38979 14.38979 14.38979 14.38979 14.38494 11.68109 9.704706 10.35035 10.50741 7.539358 5.390781 3.734204 3.895981 7.946961 31.30391 53.1647 11.17786 15.41988 35.92328 33.16779 6.641623 6.472306 6.487622 9.966363 6.730179 3.815482 4.058909 2.841298 2.659981 2.672939 3.57749 4.188641 0 0 0 0 0 0 0 0
0 0 0 0 0 0 0 0 0 0 14.38979 14.38979 14.38979 14.38979 9.431176 5.484969 5.48497 5.485277 5.484969 5.478027 3.651895 3.141318 3.141318 3.8426 8.362599 9.991798 11.29212 17.30073 6.186057 3.54795 5.854389 125.1376 166.2349 6.782647 6.782647 5.807869 1.097691 1.499961 1.417092 1.863634 2.063955 0 0 0 0 0 0 0 0
0 0 0 0 0 0 0 0 0 0 0 14.38979 14.38979 14.34023 13.17954 10.64265 8.558702 9.005824 6.57875 5.484969 5.325308 4.071824 4.156626 4.375267 4.880908 6.265338 10.10084 11.81315 3.602083 1.866574 1.980369 3.3639 6.681059 6.782647 6.498315 4.631288 2.025559 1.034899 1.034899 1.034899 0 0 0 0 0 0 0 0 0
0 0 0 0 0 0 0 0 0 0 0 0 0 0 13.61433 13.61433 13.61433 13.61433 12.41937 8.531768 10.85074 11.69056 4.885858 5.237768 5.39161 6.40044 14.95861 20.3459 19.61349 6.901852 1.84894 1.650793 2.951549 4.149848 3.648958 3.543294 2.906482 11.99522 62.56255 1.034899 0 0 0 0 0 0 0 0 0
0 0 0 0 0 0 0 0 0 0 0 0 0 0 0 0 13.61433 13.61433 13.61433 13.61433 18.90079 19.5262 7.046748 6.486794 6.486794 6.486794 469.414 109.4135 21.09825 18.82281 8.168737 2.433477 1.540176 1.560964 2.948223 3.543295 3.543295 2.904816 1.328069 1.108173 0 0 0 0 0 0 0 0 0
0 0 0 0 0 0 0 0 0 0 0 0 0 0 0 0 0 13.61433 13.61433 13.61433 18.99301 14.67251 8.265225 7.336503 7.332309 19.3229 366.1008 311.9735 37.29251 28.48159 28.74463 5.20883 1.540176 1.72289 0 12.59078 0 7.082794 0 0 0 0 0 0 0 0 0 0 0
0 0 0 0 0 0 0 0 0 0 0 0 0 0 0 0 0 0 0 0 21.02039 17.28858 9.553041 9.115227 9.115227 21.11365 39.55599 7.689382 8.967976 43.18935 40.50357 1.711434 1.540176 6.252241 0 0 0 0 0 0 0 0 0 0 0 0 0 0 0
0 0 0 0 0 0 0 0 0 0 0 0 0 0 0 0 0 0 0 0 0 21.02039 18.15369 10.14943 9.115227 59.41773 88.83768 25.55841 5.071094 6.368852 6.036381 4.392391 0 0 0 0 0 0 0 0 0 0 0 0 0 0 0 0 0
0 0 0 0 0 0 0 0 0 0 0 0 0 0 0 0 0 0 0 0 0 0 21.02039 24.84904 36.24262 88.34272 77.55279 50.01056 39.68469 4.010719 2.025867 3.959381 0 0 0 0 0 0 0 0 0 0 0 0 0 0 0 0 0
0 0 0 0 0 0 0 0 0 0 0 0 0 0 0 0 0 0 0 0 0 21.02039 189.2402 566.0212 277.3895 75.27103 49.26317 42.52176 48.59946 20.88175 0.8074403 0.8130679 6.456029 0 0 0 0 0 0 0 0 0 0 0 0 0 0 0 0
0 0 0 0 0 0 0 0 0 0 0 0 0 0 0 0 0 0 0 0 0 0 0 714.4484 455.912 105.8234 43.84884 10.72401 13.73994 15.81926 7.460215 0.9953784 0.8074403 0 0 0 0 0 0 0 0 0 0 0 0 0 0 0 0
0 0 0 0 0 0 0 0 0 0 0 0 0 0 0 0 0 0 0 0 0 0 0 309.187 142.3365 90.01887 40.27599 4.739811 9.342409 9.170888 9.787131 1.707428 0.9408972 1.65431 0 0 0 0 0 0 0 0 0 0 0 0 0 0 0
0 0 0 0 0 0 0 0 0 0 0 0 0 0 0 0 0 0 0 0 0 0 0 309.187 306.2082 54.72976 4.758524 2.7811 3.039944 2.811755 2.815834 0 0 0 0 0 0 0 0 0 0 0 0 0 0 0 0 0 0
