Scenarios/Heterogeneous/data/country_data_population_distribution/processed/density_grids/aut.asc
ncols 195
nrows 72
xllcorner 9
yllcorner 46
cellsize 0.041666666666667
NODATA_value -9999
[rows 30 to 59 of 72, columns 68 to 135 of 195]
0 0 0 0 0 0 0 0 0 0 0 0 0 0 0 0 0 0 0 0 0 0 0 0 0 0 145.1298 242.5281 219.1424 596.3135 284.9487 214.5927 54.78615 36.25363 12.43224 15.65197 39.66801 42.11438 43.71853 48.02074 49.08644 68.25546 84.64539 84.64539 79.65003 62.98759 43.99269 35.02374 28.74335 10.41872 9.212766 9.235581 9.079155 8.317609 7.178654 5.8737 10.26946 15.56935 25.0334 131.1494 88.59566 9.194064 6.114319 11.4561 17.05029 14.84337 12.71743 15.05342
0 0 0 0 0 0 0 0 73.12395 64.67493 0 51.50713 46.64341 53.01786 63.49858 0 0 0 0 0 0 0 0 0 0 0 0 0 0 0 754.9454 123.177 99.88994 45.51796 20.86787 15.24551 39.81942 41.59729 41.57664 41.58665 52.95303 76.07893 80.0324 84.40614 84.64539 69.75111 24.47965 18.83057 14.7694 8.459942 8.370149 8.489396 7.567763 5.898826 5.731297 5.731297 6.308267 20.76066 25.61185 20.263 33.64592 21.45542 9.60196 8.674278 10.86082 15.31518 19.49944 13.69701
0 0 0 0 0 0 0 0 0 254.4 74.77786 42.8143 57.50624 44.99688 54.19894 49.55004 0 0 18.61647 16.98765 17.28401 18.14137 15.69759 0 0 0 0 0 0 0 434.8691 148.1711 56.06133 37.31938 29.6034 30.49554 30.98248 31.74606 34.91583 43.52531 63.14969 66.94666 67.8138 68.47626 64.60182 19.16102 21.41894 14.85198 8.384434 8.358733 8.358733 9.4156 12.02577 6.891226 6.349816 10.69377 17.07186 42.1046 20.94421 19.99987 20.68374 26.27183 25.85047 18.68888 7.287779 15.29093 21.91357 18.35489
0 0 33.83672 26.8544 26.83406 46.50072 85.53642 228.8788 284.3782 229.9698 144.3864 43.22331 37.1062 28.45825 34.98621 39.3158 35.63587 30.01987 23.35892 26.03925 33.73478 32.18326 26.70606 0 0 0 0 0 0 0 144.6341 105.7172 73.34687 23.23561 19.49073 29.56217 30.98247 30.98247 27.72735 22.59618 17.54296 24.58268 38.1306 51.37135 59.18582 51.35361 57.24396 50.28671 35.9255 24.45925 20.81769 20.81814 18.91215 14.36898 17.57121 26.75661 30.35419 95.69857 93.85786 67.57481 32.67973 33.17794 33.1963 27.90438 11.46466 8.706841 9.229568 6.719686
13.42809 12.56795 17.59127 31.49334 37.49832 80.57597 109.4111 246.5013 294.7397 160.4157 272.6432 153.0109 61.46453 47.76753 39.93718 36.6 35.83854 32.5849 32.58991 32.87714 22.76908 19.58801 16.24349 0 0 0 0 0 0 49.90794 52.54825 49.28794 44.86973 21.59876 19.7821 28.79176 30.98247 30.98462 31.0523 22.33238 15.28379 15.23522 13.55109 12.97508 18.04143 18.73673 55.38107 47.5141 25.72413 26.58321 26.71527 23.75805 17.0802 17.39804 75.21936 25.8123 29.24065 84.02023 111.3111 100.8012 56.02507 34.07056 32.3534 31.51802 30.74254 19.99753 2.312761 1.241692
11.72313 12.56795 13.37609 87.22963 92.80805 197.9664 303.2283 161.3437 83.35609 65.87874 68.17656 83.59023 102.4854 148.2889 148.0914 123.2929 84.99902 48.06057 33.73399 31.02788 17.34818 12.74731 6.464565 7.899806 17.0098 0 0 0 0 39.36879 35.87942 22.98516 24.85192 48.15432 23.24556 31.92121 33.58521 34.14838 36.89001 30.31409 16.8925 14.70776 13.19453 11.00078 7.767928 8.027414 44.5939 35.43714 30.92812 26.8142 26.59606 24.43744 17.89831 33.67382 115.6614 29.98692 31.60571 34.14106 37.5609 46.77393 43.46986 43.24091 44.30619 51.51447 42.64838 14.94867 1.792214 1.241692
104.0164 77.28168 94.49454 137.5813 223.94 501.6346 456.7267 210.212 78.56527 81.75432 78.75028 79.49203 114.9459 125.2961 145.4586 132.1191 60.36419 67.63966 39.68515 35.587 31.31025 18.55395 36.61866 115.3236 139.7249 133.6246 40.42667 27.68115 0 20.76181 19.39413 19.39413 33.01444 47.72287 22.55383 28.45828 36.94109 37.38176 36.5089 29.97399 21.77622 18.60346 21.49758 14.04193 10.93749 19.24548 28.64566 46.47302 47.10217 33.34789 33.49074 47.84618 29.94487 84.96746 65.2281 21.75011 28.28695 24.62765 3.893778 16.59535 43.24091 47.37448 62.77439 65.16074 36.60932 20.13892 9.744962 6.976969
148.5498 227.404 210.4443 111.1449 64.46252 42.73663 37.16409 34.74393 37.73302 61.3993 80.26803 53.15949 95.72996 127.1739 94.18686 76.11612 48.05875 59.35684 55.08144 36.0711 35.24647 35.24646 41.64859 126.1863 139.8363 89.68614 15.51025 15.51025 16.6581 19.84834 20.37275 40.77454 91.48577 123.7426 98.26776 26.31742 39.75312 56.80771 54.85236 20.59002 21.26692 23.42876 36.84759 37.34937 37.34937 34.43608 30.72777 40.72626 39.29427 37.10538 35.73059 28.01578 28.72522 28.37938 14.66938 15.8347 23.76686 25.51358 2.634091 4.605309 39.39559 23.80179 5.139749 5.005244 5.570876 6.886102 7.945236 6.662903
133.7374 101.715 52.96946 45.15113 43.51988 42.15583 34.69326 34.81855 38.81934 39.76078 55.14691 53.15949 51.21371 23.51232 19.06716 19.92819 20.82958 38.00342 27.49106 23.32586 26.19516 25.66841 87.91237 132.0737 139.1825 45.6989 15.51025 15.29795 14.63156 24.98532 27.92641 74.33048 198.258 181.0565 143.0848 27.29545 34.69037 53.89882 77.17496 78.66135 76.97544 39.97429 18.70549 119.3666 171.2677 51.78946 27.82981 14.90795 15.89494 21.35452 8.612734 15.70149 15.79846 19.19033 2.664823 3.978647 10.81638 4.116909 2.536038 2.83215 5.710684 4.212858 5.434158 5.531003 4.981031 4.484866 5.372959 6.476872
287.7131 51.54057 50.19993 45.95224 44.61797 41.57085 34.73699 34.64581 37.73898 39.22145 50.37623 53.15949 26.61962 18.36341 18.36341 20.51909 22.14189 22.14189 22.14189 22.14189 17.58117 20.12188 103.5172 130.1845 158.7096 53.37637 20.61932 17.50476 16.2962 53.3534 56.18689 73.86232 137.8331 142.161 124.405 55.8123 44.69321 26.36598 81.25729 80.44477 42.4668 9.640438 16.16001 12.36496 9.402612 13.11926 22.2542 11.77707 20.7352 11.35146 4.29427 3.666106 3.55665 3.415441 2.855377 2.664822 2.664823 3.37466 3.884898 3.827174 3.410089 3.103307 4.134061 5.684054 6.979158 6.813027 7.00387 7.006928
197.7653 95.37054 26.01718 29.37068 33.19716 35.12428 31.98699 33.05909 32.56287 30.21852 40.74706 35.89656 29.00518 26.16891 36.42266 39.90868 50.18331 23.28886 19.58823 41.09375 75.00263 80.80424 164.0216 172.9504 148.8107 86.96888 30.40917 30.95276 41.85315 74.13688 79.66133 292.119 88.49222 114.0104 95.31647 51.37822 31.04662 23.52188 70.89452 34.14029 7.13057 9.58837 14.52288 13.95248 9.402611 9.402611 9.402611 9.267221 5.139711 4.29427 4.294271 3.831305 3.55665 3.55665 3.552946 3.867534 6.231207 6.878263 5.653563 4.163431 4.143996 3.822433 4.500339 13.78924 19.78819 9.285996 7.016324 7.016324
97.17776 114.9142 40.02135 14.29069 18.51154 16.79686 16.26693 16.90015 16.73959 15.57002 17.2178 29.74536 33.73279 24.90013 32.70692 40.35797 47.41717 22.99168 24.95398 44.77399 68.475 54.74137 47.47686 60.20863 85.98461 61.85339 30.36174 27.24205 37.48935 35.7961 40.66329 47.70993 31.17948 29.67222 26.94057 11.46752 15.42524 23.37459 41.96014 21.91835 7.0495 8.144968 6.659014 7.383716 12.02386 9.584618 8.50214 7.269929 4.889634 4.667642 4.465343 4.990769 8.452341 9.961843 9.728018 18.139 12.85641 11.08043 7.784478 6.921831 7.308327 12.7785 16.46646 20.11779 20.6408 18.71741 26.40671 25.63842
55.20546 142.3058 45.14111 22.96017 6.461872 6.461873 6.287599 6.689754 9.186621 14.64223 14.82671 25.35525 31.23376 15.78101 19.71715 40.1383 33.95947 17.92746 22.23846 42.42491 46.05618 30.45185 17.17782 3.786292 6.395295 23.86576 23.73598 12.14653 13.44937 27.1391 37.04739 44.28189 29.67222 29.67222 28.85445 12.0656 12.5743 22.51696 19.57736 12.49182 7.598958 7.84673 5.362007 3.860625 28.04347 25.7766 7.942665 7.646045 9.691948 6.671077 6.446361 7.09841 16.83632 13.24616 13.0264 22.91978 20.56541 12.33124 15.4582 7.62797 10.07236 22.55092 25.06284 19.36429 20.94823 40.31783 68.57063 128.6909
68.33003 97.81934 29.96788 12.35966 6.461873 6.460329 4.935631 4.795762 4.809115 13.98385 14.82671 18.89062 32.747 21.70575 17.31566 38.94063 40.26284 23.27712 17.92746 19.62569 27.66908 30.40009 7.712214 3.783048 3.988584 8.984406 12.48444 12.11285 16.26795 56.30246 64.9164 54.5362 29.08207 19.4985 12.66119 10.33414 9.165224 8.74531 8.657688 8.451368 8.279282 10.84368 8.812801 5.827045 5.712286 37.41122 9.754952 8.478675 37.21832 34.51191 16.15302 15.25005 20.99844 19.04295 14.23052 17.99143 23.88254 20.83232 42.24641 32.69453 14.69728 47.75503 37.39505 23.99725 18.07518 23.11721 102.9248 455.8032
20.43699 16.47771 2.623714 2.41582 4.044548 4.524784 4.138367 4.795763 4.795762 10.37382 14.82671 14.82671 20.10588 20.92059 15.69818 18.82911 28.47811 26.76306 17.82103 17.92746 28.61997 21.87312 5.316538 3.783048 8.748894 12.11285 12.11285 12.11285 30.87766 64.93375 62.14841 37.07339 19.52001 8.676397 8.653539 8.725211 6.04065 5.6474 7.23775 8.220801 8.657689 19.33566 37.17228 40.87621 47.38314 52.91891 58.92313 49.24317 46.44681 46.43799 40.18366 34.56618 19.84671 21.13868 26.44366 61.55458 24.65086 20.73935 28.12486 30.07496 73.20041 59.08031 37.87531 14.18807 17.80949 21.33423 19.21703 30.3188
21.69912 21.69912 15.18617 2.337339 2.22187 2.22187 2.259373 4.606707 4.204333 4.850334 10.00093 11.49365 10.53502 15.87624 16.87658 16.87658 16.87658 16.87658 10.67317 11.40378 6.962657 4.922564 4.287579 5.365795 11.94613 12.0363 12.11285 12.11285 24.15113 59.91288 29.16278 20.73291 20.73291 18.14577 11.12463 8.469775 6.375953 4.613861 4.492093 4.672593 6.731996 31.90883 49.19462 50.77065 46.28413 49.82104 48.25489 44.19536 37.33038 16.91383 6.268156 10.73944 14.68758 16.2207 16.22195 75.47778 40.1246 21.47439 22.94509 22.85499 34.99551 41.31034 56.69841 21.64562 15.55702 17.53404 27.75087 19.47806
21.67041 21.69912 21.63825 8.733829 1.753765 1.195524 0 0 0 3.645216 6.407573 6.602357 6.602357 10.07171 17.53149 16.87658 16.87658 16.87658 8.5976 6.417922 6.253922 5.297458 5.268442 5.223104 5.305224 5.403537 8.038455 12.1127 17.54382 20.73291 20.73291 20.73291 20.15193 17.84997 7.475104 7.503857 7.503858 7.292652 11.61692 12.44798 10.58064 8.014517 27.55559 37.34111 27.403 7.136574 5.724116 10.98318 10.94825 8.335752 6.36388 8.778529 8.835484 15.17884 16.20026 14.86676 13.94709 20.54036 29.29847 29.31258 14.14122 42.27992 66.42735 16.29137 16.56237 22.65532 30.57668 36.71012
12.69248 0 0 0 0 0 0 0 3.003556 6.506334 6.602357 6.602357 6.645619 9.768304 24.61926 22.27908 16.87658 16.87658 10.18532 6.417922 6.417922 6.252433 5.339763 5.530419 5.654446 5.843673 11.05379 12.02819 13.59905 15.8583 11.63959 8.670254 6.371345 6.353597 6.620578 7.234192 7.503858 7.503858 7.503858 8.845597 12.12748 14.1587 14.21716 14.42214 10.75765 4.646469 6.203082 10.94738 10.08438 5.621716 6.143106 8.778539 8.759273 10.35957 9.645743 8.572706 8.572705 15.69342 37.56124 37.42958 31.19145 18.06242 16.9558 16.44868 14.5582 14.71621 9.032171 12.73026
0 0 0 0 0 0 0 3.81143 4.851864 5.842821 5.664303 5.897902 15.18052 25.26609 25.26609 24.37213 17.15968 16.87658 9.889318 6.417922 6.417922 11.86954 6.497783 11.63367 11.95483 11.87103 11.77339 10.75886 12.06512 11.96119 11.68998 11.99285 10.69783 11.29099 14.25157 10.61177 7.507664 7.503858 7.503858 7.503858 14.18965 31.33328 9.473629 10.37434 8.709315 7.712825 6.168893 10.1284 6.754558 5.455122 5.651125 9.029878 9.365412 8.572705 8.572705 8.572705 8.572705 8.572705 19.61288 39.58625 41.15794 33.85363 39.07767 33.42884 13.99447 9.931799 10.21934 16.2666
0 0 0 0 0 0 0 0 4.70776 4.72833 4.728329 4.72833 6.99355 15.01909 14.71733 13.9585 12.15498 14.24577 8.547479 7.687906 14.59682 57.88472 49.36308 24.38921 16.07551 10.72199 10.54974 12.92233 13.86756 13.41106 12.0953 17.46484 21.45314 21.45314 18.37264 15.4815 19.34299 16.09239 13.62744 9.226798 17.94702 33.06432 8.356281 8.356281 8.356281 8.356281 8.256005 7.108418 5.707909 6.782835 9.209737 12.09927 11.18141 9.682903 9.458557 11.40616 9.849077 9.932323 15.40875 24.17394 25.63866 28.70653 50.02443 34.12824 23.63122 10.46222 9.9318 9.931799
0 0 0 0 0 0 0 0 0 3.907946 3.887539 5.524774 8.291822 11.2516 10.22112 9.75205 9.760844 9.922666 11.56931 12.10789 21.27819 29.75458 60.58015 71.36254 34.73225 14.32676 14.46763 16.81074 15.68208 15.6065 16.72724 19.92068 19.42963 18.00027 15.49448 15.48737 47.76135 55.54465 26.89746 16.65647 46.90445 55.73012 9.485278 8.356282 30.43704 39.64069 23.83776 16.72325 15.79334 15.67907 13.93612 10.69643 12.35558 11.45799 10.57475 14.67137 20.67797 21.08617 24.52656 21.27585 21.47682 23.74035 95.29675 143.2807 26.83408 20.47284 18.41544 32.46542
0 0 0 0 0 0 0 0 0 0 0 9.542013 10.94075 10.51922 8.697591 8.766526 14.0854 13.39523 14.61167 25.31253 40.8442 78.38927 192.918 82.80028 42.63361 32.29795 20.90754 20.90178 19.48966 16.82708 16.3032 17.26026 15.84542 17.72438 19.91065 28.00043 55.53416 75.28441 46.42276 58.56627 135.9842 108.0096 59.65297 35.98333 60.04868 63.24891 23.20782 20.45672 16.68232 16.27364 15.6851 11.37617 11.30885 11.66042 11.66202 15.7177 20.67797 22.79544 31.86458 32.83109 32.93609 28.01028 39.83091 139.8483 32.79661 24.85471 24.77163 52.99165
0 0 0 0 0 0 0 0 0 0 0 10.43496 10.91653 10.13563 8.582691 13.71961 19.42241 18.9559 17.63951 18.0523 71.05802 273.7954 262.3226 127.5645 66.95514 37.48273 24.01934 20.03514 34.10103 21.27493 20.60666 23.45506 22.99567 23.88193 26.52547 26.02282 28.56565 49.1735 51.44762 193.3044 199.0922 105.8211 63.77067 65.24421 66.44269 63.55887 29.93537 21.7606 17.12082 14.50216 13.38929 12.09028 10.44161 17.99111 27.1479 32.05556 25.36817 36.10585 39.24691 39.84228 39.70388 37.47931 43.86351 40.13756 37.56028 22.40668 20.98563 32.02664
0 0 0 0 0 0 0 0 0 0 0 0 17.90157 39.03587 39.53945 49.11163 39.6687 20.47174 18.80812 17.63951 19.9305 22.75703 27.58303 45.86243 16.1859 22.65469 22.72469 22.08223 55.68114 34.05323 21.50421 24.53205 23.37542 23.41371 22.35105 18.70245 19.60271 18.97945 28.98858 69.25556 312.0678 324.5993 249.944 68.83482 60.28095 36.7797 37.4444 33.42289 17.19161 15.16374 14.97862 21.67993 31.87084 55.50776 83.62753 68.65561 54.89288 56.91342 54.38084 46.21896 154.3007 89.73991 53.8017 52.91771 46.47871 28.82825 23.93676 15.67422
0 0 0 0 0 0 0 0 0 0 0 0 0 50.07615 51.75648 21.5004 27.1132 17.33192 11.50974 10.4464 10.25356 10.16115 7.230012 7.17183 9.115897 16.5962 18.75558 24.01029 34.82162 22.31757 22.44334 24.00104 23.12374 20.40508 15.59614 17.06474 18.02217 15.84035 15.16477 15.96055 25.25933 18.44765 45.1191 58.18957 31.89138 35.19698 49.83028 42.72065 25.60485 18.637 21.83268 61.58984 49.15598 117.8201 187.0051 152.6096 77.61224 68.27549 69.63271 206.0699 228.6167 194.2538 81.97153 56.52103 64.12893 68.8681 31.56421 22.05799
0 0 0 0 0 0 0 0 0 0 0 0 0 0 0 8.453094 10.77427 11.32293 9.982656 7.890042 6.661657 7.13326 7.154646 7.154646 7.154646 11.96689 21.05705 21.05705 21.20881 29.92655 28.86781 24.85372 24.2358 22.72156 20.53593 18.14403 14.80047 11.77574 24.78108 38.10887 34.46356 35.84687 41.58578 55.7343 56.19253 50.66292 55.46051 66.42028 64.47532 55.33634 94.47074 117.9442 94.0361 172.3433 169.4279 164.8825 124.2995 479.4284 725.4642 261.9466 196.8068 97.02467 85.80787 85.40762 83.44826 81.97469 81.86686 77.3898
0 0 0 0 0 0 0 0 0 0 0 0 0 0 0 0 0 0 0 0 0 4.43419 0 5.823477 7.112681 13.7765 21.05705 21.05705 21.23978 26.86448 29.42628 25.70577 25.70577 25.80006 30.2294 28.12411 32.05263 31.383 34.90001 30.34745 31.39474 39.8808 52.01534 53.69997 54.18619 56.80838 135.4517 402.7059 332.7826 345.6379 279.4103 170.9168 175.1648 122.2397 97.2959 194.1292 193.0976 542.4291 825.6472 821.0654 751.4875 367.3468 83.91174 80.93888 81.87231 83.51447 91.79901 85.80677
0 0 0 0 0 0 0 0 0 0 0 0 0 0 0 0 0 0 0 0 0 0 0 0 0 0 0 19.09001 19.38904 16.39881 18.58664 21.83478 28.67317 32.46284 33.72505 33.72505 33.72506 33.72505 33.66651 30.12297 21.76566 40.96821 49.41197 51.58725 73.57926 321.373 468.209 468.209 464.7776 462.4699 365.3339 197.3708 151.8413 150.8654 112.6408 116.9845 162.9259 277.9248 824.5826 760.9592 389.4943 182.9344 94.75968 58.16814 67.98915 112.8804 107.7629 90.77627
0 0 0 0 0 0 0 0 0 0 0 0 0 0 0 0 0 0 0 0 0 0 0 0 0 0 0 0 0 0 0 0 0 17.53523 20.06888 21.85204 0 0 15.51441 11.85342 20.2585 25.82615 28.52257 51.65763 70.24447 122.9488 289.0091 219.3149 122.9715 105.3076 99.9227 91.20802 86.59977 103.1785 95.05215 83.80125 96.78983 114.8934 174.1777 180.5786 110.4225 116.3014 100.6434 50.77761 44.74677 66.49932 66.18899 67.09932
0 0 0 0 0 0 0 0 0 0 0 0 0 0 0 0 0 0 0 0 0 0 0 0 0 0 0 0 0 0 0 0 0 0 0 0 0 0 0 0 0 0 0 0 0 61.59752 73.69195 74.25404 51.6062 0 64.06264 76.08965 55.12011 55.12011 53.86829 41.67469 39.53358 40.61318 60.97867 60.97867 55.32553 24.60635 22.64006 30.58108 25.72653 16.51783 24.51157 38.48125
