Scenarios/Heterogeneous/data/country_data_population_distribution/processed/density_grids/bfa.asc
ncols 202
nrows 146
xllcorner -5
yllcorner 9
cellsize 0.041666666666667
NODATA_value -9999
[rows 58 to 86 of 146, columns 132 to 197 of 202]
95.11321 95.11321 81.34647 71.89791 68.71912 68.71912 78.82382 92.59214 92.59214 92.38128 91.20663 91.73592 78.61953 78.36124 69.21125 69.21125 69.21125 69.21125 62.64627 32.76765 32.76765 32.76765 32.76765 32.76765 32.76765 32.76765 32.76765 32.76765 32.76765 32.76765 32.76765 32.76765 32.76765 22.58669 19.67207 20.18493 21.22269 21.40485 21.24732 21.87857 21.87856 21.88132 25.39244 26.0379 26.0379 26.0379 26.0379 26.0379 26.24069 0 0 0 0 0 0 0 0 40.54408 43.34992 43.34992 43.34992 43.34992 43.34992 42.19021 0 0
95.11321 95.11322 95.11322 80.90877 68.71912 68.71912 80.99856 89.92949 76.62046 69.60322 69.71403 70.04475 69.21126 69.21126 69.21125 69.21125 69.21126 69.21125 67.92864 33.32066 32.76765 32.76765 32.76765 32.76765 32.76765 32.76765 32.76765 32.76765 32.76765 32.76765 32.76765 32.76765 32.76765 23.10312 20.11822 21.46533 21.87857 21.87857 21.87856 21.87856 21.87856 22.80186 26.0379 26.0379 26.0379 26.0379 26.0379 26.0379 26.0379 26.0379 26.0379 26.0379 26.07969 26.41928 42.66038 42.4069 42.05936 43.31844 43.34993 43.34993 43.34993 43.34993 43.34993 43.34993 42.83152 0
95.11322 95.11321 95.11321 85.24895 73.09231 75.26133 75.36033 72.69748 69.21125 69.21125 69.21125 69.21126 69.21125 69.21125 69.21125 69.21125 69.21125 69.21125 69.21125 41.07125 32.76765 32.76765 32.76765 32.76765 32.76765 32.76765 32.76765 32.76765 32.76765 32.76765 32.76765 32.76765 27.87736 21.99562 21.87856 21.87856 21.87856 21.87856 21.87856 21.87856 21.87856 23.44129 26.0379 26.0379 26.0379 26.0379 26.0379 26.0379 26.0379 26.0379 26.0379 26.0379 26.0379 26.88987 43.34992 43.34992 43.34992 43.34992 43.34992 43.34992 43.34992 43.34992 43.34992 43.34992 43.34992 0
95.18029 95.11321 95.659 96.65504 97.26316 95.5719 69.394 69.21125 69.21126 69.21125 69.21126 69.21126 69.21126 69.21126 69.21125 69.21125 69.21126 69.21125 69.21126 56.67394 32.76765 32.55055 30.96 31.81755 32.76715 32.76765 32.76765 32.76765 32.76765 32.76765 32.76765 29.90848 22.43229 21.87856 21.87856 21.87856 21.87856 21.87856 21.87856 21.87856 21.87856 23.86567 26.0379 26.0379 26.0379 26.0379 26.0379 26.0379 26.0379 26.0379 26.0379 26.0379 26.0379 28.01795 43.34992 43.34992 43.34992 43.34992 43.34992 43.34992 43.34992 43.34992 43.34992 43.34992 43.34992 40.17406
115.427 109.3649 97.24986 97.26337 97.26337 90.07653 69.21125 69.21125 69.21125 69.21125 69.21125 69.21125 69.21125 69.21126 69.21125 69.21125 69.21125 69.21125 69.21125 68.46468 35.52766 30.10694 29.80429 29.80429 30.66977 32.37701 32.76765 32.76765 32.76765 32.76765 32.76765 25.14436 21.87857 21.87856 21.87856 21.87856 21.87856 21.87856 21.87856 21.87856 23.59853 25.98081 26.0379 26.0379 26.0379 26.0379 26.0379 26.0379 26.0379 26.0379 26.0379 26.0379 26.0379 26.11081 34.05482 43.34992 43.34992 43.34992 43.34992 43.34992 43.34992 43.34992 43.34992 43.34992 43.34992 43.32032
118.2665 116.4773 97.47251 97.26337 97.26337 94.34186 81.15136 78.95182 69.22897 69.21125 69.21125 69.21125 69.21125 69.21125 69.21125 69.21125 69.21125 69.21125 67.89935 46.74377 29.96806 29.80429 29.80429 29.80429 29.80429 29.91164 32.21829 32.76765 32.76765 32.59134 26.27589 22.05022 21.87856 21.87856 21.87856 21.87856 21.87856 21.87856 21.87856 21.87857 24.45725 26.0379 26.0379 26.0379 26.0379 26.0379 26.0379 26.0379 26.0379 26.0379 26.0379 26.0379 26.0379 26.0379 26.37797 43.10014 43.34992 43.34992 43.34992 43.34992 43.34992 43.34992 43.34992 43.16236 42.29335 42.47694
118.2665 118.2025 98.90785 97.26337 97.26337 97.26337 97.26337 97.26337 78.36356 69.21126 69.21125 69.21126 69.21125 69.21126 65.25671 59.10209 62.77896 61.62076 36.48949 29.80429 29.80429 29.80429 29.80429 29.80429 29.80429 29.80429 30.75212 32.76765 32.76765 29.00214 21.87857 21.87856 21.87856 21.87856 21.87857 21.87856 21.87857 21.87856 21.87857 21.87857 23.97274 26.0379 26.0379 26.0379 26.0379 26.0379 26.0379 26.0379 26.0379 26.0379 26.0379 26.0379 26.0379 26.0379 26.0379 41.37503 43.34992 43.34992 43.34992 43.34992 43.34992 42.62307 40.81663 0 0 0
121.349 480.6752 372.8581 97.26337 97.26337 97.26337 97.26337 88.21994 69.62499 69.21125 69.21125 59.75097 58.44092 55.99395 51.24218 51.22799 51.22799 41.09054 29.80429 29.80429 29.80429 29.80429 29.80429 29.80429 29.80429 29.80429 29.81953 32.22776 28.94042 22.10448 21.87856 21.87856 21.87856 21.87856 21.87856 21.87856 21.87856 21.87857 21.87856 21.87856 22.38127 26.03629 26.0379 26.0379 26.0379 26.0379 26.0379 26.0379 26.0379 26.0379 26.0379 26.0379 26.0379 26.0379 26.0379 39.23496 43.34992 43.34992 43.34993 43.34992 43.34992 34.30741 0 0 0 0
230.3322 776.0276 199.1787 97.26337 97.26337 97.26337 97.26337 73.40649 69.21126 69.21126 64.33424 51.4138 51.22799 51.228 51.22799 51.228 51.22799 37.3504 29.80429 29.80429 29.80429 29.80429 29.80429 29.80429 29.80429 29.80429 29.80429 28.22319 21.87856 21.87856 21.87856 21.87857 21.87857 21.87856 21.87856 21.87856 21.87856 21.87856 21.87857 21.87856 22.37969 26.0379 26.0379 26.0379 26.0379 26.0379 26.0379 26.0379 26.0379 26.0379 26.0379 26.0379 26.0379 25.45245 19.83978 16.10206 21.5023 27.48735 33.4726 37.46589 19.49752 14.96652 0 0 0 0
207.8046 779.0964 535.4671 217.361 240.4938 112.1443 97.26273 87.81475 80.5403 65.91173 51.77922 51.228 51.228 51.228 51.228 51.228 51.228 33.6839 29.80429 29.80429 29.80429 29.80429 29.80429 29.80429 29.80429 29.80429 29.80429 29.76366 23.36208 21.87856 21.87856 21.87856 21.87856 21.87856 21.87856 21.87856 21.87856 21.87856 21.87856 21.87856 22.89717 26.0379 26.0379 26.0379 26.0379 26.0379 26.0379 26.0379 26.0379 26.0379 26.0379 26.01493 22.0969 15.91591 14.76199 14.76199 14.76199 14.76199 14.76199 14.82509 14.76199 14.76199 16.37146 0 0 0
568.4279 779.0964 683.8615 353.9065 267.6267 136.28 142.2412 103.9906 101.5683 90.576 51.70118 51.228 51.22799 51.228 51.22799 54.88277 77.50887 60.31465 29.81724 29.80429 29.80429 29.80429 29.80429 29.80429 29.80429 29.80429 29.80429 29.80639 29.44985 21.8839 21.87856 21.87856 21.87856 21.87856 21.87856 21.87856 21.87856 21.87856 21.87856 21.87856 25.10013 26.0379 26.0379 26.0379 26.0379 26.0379 26.0379 26.0379 26.0379 26.0379 26.0379 24.47814 14.76199 14.76199 14.76199 14.76199 14.76199 14.76199 14.76199 14.76199 14.76199 14.76199 14.76199 19.62092 0 0
138.6145 549.0858 641.486 267.6267 267.6267 234.1748 236.3924 158.3232 101.5683 101.5683 88.2151 51.22799 51.22799 51.22799 51.22799 59.87244 97.32825 83.31499 60.87505 46.78149 39.25335 31.40961 41.28978 45.53175 48.91251 52.57725 54.23806 61.65342 63.87994 48.69997 23.83226 21.87856 21.87856 21.87856 21.87857 21.87856 21.87856 21.87856 21.87856 21.87857 22.68657 24.98051 25.90308 26.0379 26.0379 26.0379 26.0379 26.0379 26.0379 26.0379 26.0379 21.478 14.76199 14.76199 14.76199 14.76199 14.76199 14.76199 14.76199 14.76199 14.76199 14.76199 14.76199 14.76199 24.50181 0
118.3142 192.7042 428.3353 267.6267 267.5778 264.1393 244.1241 179.4324 101.5683 101.5683 100.0918 72.5598 51.22799 57.42224 66.41291 61.96201 96.56921 92.19626 68.29238 63.87994 63.87995 62.93759 63.87994 63.87994 63.87995 63.87994 63.87995 63.87995 63.87994 63.87994 57.48275 29.86412 21.87856 21.87856 21.87856 21.87856 21.87856 21.87856 21.87856 21.87856 21.87856 21.87856 22.21285 28.87199 39.55842 40.6487 35.88615 29.26299 26.20086 26.0379 26.13247 16.06853 14.76199 14.76199 14.76199 14.76199 14.76199 14.76199 14.76199 14.76199 14.76199 14.76199 14.76199 14.76199 14.88071 0
118.3141 138.6726 263.2402 267.6267 221.0847 164.0775 168.0833 107.2648 101.5683 100.8533 97.8893 85.48081 67.25418 85.81525 98.1713 98.17131 98.1713 98.17131 86.91855 64.99232 63.87995 63.87995 63.87995 63.87995 63.87995 63.87995 63.87995 63.87995 63.87995 63.87995 63.87995 62.67926 26.46434 21.87856 21.87857 21.87856 21.87857 21.87856 21.87857 21.87856 21.87857 21.87856 21.87857 39.4796 55.27209 55.27209 55.27209 55.27209 49.57625 48.58723 54.01574 25.35182 14.76199 14.76199 14.76199 14.76199 14.76199 14.76199 14.76199 14.76199 14.76199 14.76199 14.76199 14.76199 14.76199 16.40066
118.3141 149.903 265.9204 255.9076 169.037 163.5385 160.9426 104.6678 101.5099 76.49848 75.87129 73.67687 86.08966 92.48434 98.1713 98.1713 98.1713 98.10052 96.00206 87.47865 63.87994 63.87995 63.87995 63.87995 63.87995 63.87996 63.87995 63.87995 63.87995 63.87995 63.87996 63.87995 36.01119 21.87856 21.87857 21.87856 21.87857 21.87856 21.87857 21.87857 21.87857 21.87856 21.87856 36.91469 55.27209 55.2721 55.27209 55.2721 55.27209 55.2721 55.27209 46.76323 15.31635 14.76199 14.76199 14.76199 14.76199 14.76199 14.76199 14.76199 14.76199 14.76199 14.76199 14.76199 14.76199 14.76199
122.0158 133.0645 135.6403 118.8997 115.1136 118.6511 109.3505 102.9818 99.09589 73.75761 73.67687 73.67687 85.61727 96.51489 86.29204 78.828 91.15375 92.55413 64.51607 63.87995 63.87995 63.87995 63.87995 63.87996 63.87995 63.87995 63.87995 63.87995 63.87995 63.87995 63.87996 63.87995 43.52793 21.87856 21.87857 21.87856 21.87857 21.87856 21.87857 21.87856 21.87857 21.87856 21.87857 45.04868 55.2721 55.2721 55.2721 55.2721 55.2721 55.2721 55.27209 55.2721 31.94919 14.76199 14.76199 14.76199 14.76199 14.76199 14.76199 14.76199 14.76199 14.76199 14.76199 14.76199 14.76199 14.76199
156.1802 131.1634 131.1634 127.4653 110.0309 108.6433 108.4012 103.0822 95.13354 73.67687 73.67686 73.67686 73.67687 73.87949 66.57544 63.87995 68.0828 75.42482 63.87994 63.87994 63.87994 63.87995 63.87994 63.87995 63.87994 63.87995 63.87995 63.87994 63.87995 63.87994 63.87995 63.87994 46.88362 21.87856 21.87856 21.87856 21.87856 21.87856 21.87856 21.87856 21.87856 21.87856 21.87856 51.86335 55.27209 55.2721 55.27209 55.2721 55.27209 55.2721 55.27209 55.2721 41.20083 14.76199 14.76199 22.19903 46.527 66.46397 80.90468 80.44386 21.58129 14.76199 14.76199 14.76199 14.76199 14.76199
137.6915 131.1634 131.1634 131.1634 114.6875 108.6433 108.6433 129.0711 175.157 84.49596 73.67687 73.67687 73.67687 73.67687 73.15962 64.5523 63.87995 63.87995 63.87995 63.87995 63.87995 63.87995 63.87995 63.87995 63.87995 63.87995 63.87995 63.87995 63.87995 63.87995 63.87995 63.87995 55.36267 23.11093 21.90635 21.92066 21.87856 21.87856 21.87856 21.87856 21.87856 21.87856 21.88941 53.93941 55.27209 55.27209 55.27209 55.27209 55.27209 55.27209 55.27209 55.27209 51.38699 43.59804 42.85532 89.03075 113.5699 113.5699 113.5699 113.5518 35.22841 14.76199 14.76199 14.76199 14.76199 14.76199
143.9386 131.1634 131.1634 131.1634 123.7312 110.8545 113.5262 138.8878 214.7376 155.4418 86.73784 88.30018 73.67687 73.67687 73.67687 67.35922 63.87995 63.87995 63.87995 63.87995 63.87995 63.87995 63.87995 63.87995 63.87995 63.87995 63.87995 63.87995 63.87995 63.87995 61.93158 45.73668 26.38747 24.96084 24.85458 24.38984 22.74507 21.87856 21.87856 21.87856 21.87856 21.87856 22.38298 54.77282 55.27209 55.27209 55.27209 55.27209 55.27209 55.27209 55.27209 55.27209 55.27209 55.27209 55.27209 83.86678 113.5699 113.5699 113.5699 110.9867 16.34497 14.76199 14.76199 14.76199 14.76199 14.76199
141.7655 138.1227 135.4355 132.189 131.589 131.7798 139.5479 141.7882 188.5126 272.1515 269.1427 247.1493 75.12907 73.67687 73.67687 67.1843 63.87996 63.87995 63.87995 63.87996 63.87996 63.87995 63.87995 63.87995 63.87996 63.87995 63.87995 63.87996 63.87995 51.42242 26.93493 24.96084 24.96084 24.96084 24.96084 24.96084 24.73927 22.4579 22.67787 21.87856 21.87857 21.87857 29.36962 54.9671 55.27209 55.2721 55.27209 55.2721 55.27209 55.2721 93.94123 306.1091 320.9993 247.8268 87.00854 86.52927 113.5699 113.5699 113.5699 113.5699 40.63652 14.76199 14.76199 14.76199 14.76199 14.76199
141.7882 141.7882 141.7882 141.7882 139.3196 137.7713 141.7882 141.7882 209.5481 272.6216 272.6216 272.6216 100.5713 74.8008 65.38858 65.03323 63.97732 63.87994 63.87995 63.87995 63.87995 63.87995 63.87995 63.87995 63.87995 63.87995 63.87995 63.87995 63.87995 35.10941 24.96084 24.96084 24.96084 24.96084 24.96084 24.96084 24.96084 24.95942 24.33899 21.88012 21.87856 21.87856 66.66055 68.3203 55.95968 55.2721 55.27209 55.27209 55.46786 59.62107 109.5778 144.6927 85.43301 85.13175 84.65147 92.03401 113.5699 113.5699 113.5699 113.5699 33.88938 14.76199 14.76199 14.76199 14.76199 14.76199
141.7882 141.7882 141.7882 141.7882 141.7882 141.7882 141.7882 141.7882 147.4938 217.0138 272.6216 272.6216 138.4919 95.43166 95.56665 97.06803 85.56655 77.74549 76.3306 64.17221 63.87995 63.87994 63.87995 63.87994 63.87995 63.87995 63.87995 63.87995 63.52829 37.16928 24.96084 24.96084 24.96084 24.96084 24.96084 24.96084 24.96084 24.96084 24.96084 23.62751 22.41427 21.88186 75.31372 85.13175 80.48457 72.37119 68.01322 58.43408 78.42502 85.13175 85.13174 85.13175 85.13174 78.80205 51.66342 44.97864 81.33499 112.7554 113.5699 113.5699 26.19208 14.76199 14.76199 14.76199 14.76199 14.76199
141.7882 141.7882 141.7882 141.7882 141.7882 141.7882 141.7882 141.7882 141.7882 111.6361 124.4725 188.0785 124.7184 97.64867 97.64867 97.64868 97.64867 97.64868 97.64867 88.57812 70.13233 63.87995 63.87994 63.87995 63.58095 48.95373 34.93576 29.20205 25.33971 24.96753 24.96084 24.96084 24.96084 24.96084 24.96084 24.96084 24.96084 24.96084 24.96084 24.78797 24.93956 26.21555 76.39402 85.13174 85.13175 85.13174 85.13175 81.85717 85.13175 85.13174 85.13175 81.32581 58.277 43.53669 41.73875 41.73875 41.73875 57.45069 104.4036 113.5699 77.21398 14.76199 14.76199 14.76199 14.76199 14.76199
141.7882 141.7882 141.7882 141.7882 141.7882 141.7882 141.7882 141.7882 125.0482 35.36598 34.15513 34.19831 90.45248 97.64868 97.64868 97.64868 97.64868 97.64868 97.64868 97.64868 97.23475 85.76958 60.81369 53.50503 34.34959 24.96084 24.96084 24.96084 24.96084 24.96084 24.96084 24.96084 24.96084 24.96084 24.96084 24.96084 24.96084 24.96084 24.96084 24.96084 24.96084 35.92239 42.30854 52.63295 75.78476 84.5306 85.13175 85.13175 85.13175 85.09769 65.50409 47.00921 41.73875 41.73875 41.73875 41.73875 41.73875 41.73875 55.09144 78.96527 45.66912 14.76199 14.76199 14.76199 14.76199 14.76199
125.6716 124.9147 141.6984 121.4056 135.6398 141.0488 139.2073 141.5629 58.87196 34.15513 34.15513 98.70548 110.8819 97.72923 97.64867 97.64868 97.64867 97.64867 97.64867 97.64867 97.64867 78.42323 36.2199 36.07249 28.92035 24.96084 24.96084 24.96084 24.96084 24.96084 24.96084 24.96084 24.96084 24.96084 24.96083 24.96084 24.96084 24.96084 24.73628 22.12923 26.81611 41.68496 41.73875 41.73875 41.98349 54.04969 66.84557 84.75247 84.37823 59.6357 41.73875 41.73876 41.73876 41.73875 41.73875 41.73875 41.73875 41.73875 41.73875 41.73875 25.47928 14.76199 14.76199 14.76199 14.76199 19.08552
108.2099 108.1882 117.9611 106.4387 86.05158 89.67972 91.6473 89.44386 34.22437 34.15513 38.25027 139.9909 143.8917 127.7531 75.55653 69.4724 80.58767 97.34918 88.54544 97.42223 94.5248 44.91106 36.0725 36.07249 29.70527 24.96084 24.96084 24.96084 24.96084 24.96084 24.96084 24.96084 24.96084 24.96084 24.96084 24.96084 24.96084 24.96084 23.90276 14.1201 15.65181 36.50994 41.73875 41.73875 41.73875 41.73875 41.73875 57.82014 54.81107 41.73875 41.73875 41.73875 41.73875 41.73875 41.73875 41.73875 41.73875 41.73875 41.73875 41.73875 30.93883 14.76199 14.76199 14.76199 31.49915 0
108.1882 108.1882 106.6367 87.4878 85.73032 85.73032 85.73032 72.09753 35.16971 34.15514 36.5522 142.346 144.1804 137.7708 64.11229 63.41867 63.42729 68.08013 63.41867 83.83251 69.10309 36.0725 36.0725 36.0725 32.09997 24.96084 24.96084 24.96084 24.96084 24.96084 24.96084 24.96084 24.96084 24.96084 24.96084 24.96084 24.96084 24.96084 23.66984 14.1201 14.1201 18.78904 34.08645 41.44196 41.73876 41.73876 41.73876 41.73876 41.73876 41.73876 41.73876 41.73876 41.73876 41.73876 41.73876 41.73876 41.73876 41.73876 41.73876 41.73876 40.45723 17.45908 14.76199 37.10225 0 0
108.1882 108.1882 93.66275 85.73032 85.73032 85.73032 85.73032 68.48466 34.15514 34.15513 34.15514 112.9365 144.4184 144.4184 76.70143 63.41867 63.41867 63.41867 63.41867 64.42614 41.22187 36.07249 36.07249 36.07249 33.38248 24.96084 24.96084 24.96084 24.96084 24.96084 24.96084 24.96084 24.96084 24.96084 24.96084 24.96084 24.96084 24.96084 19.11191 14.1201 14.1201 14.1201 14.1201 24.42622 41.24839 41.73875 41.73875 41.73875 41.73875 41.73875 41.73875 41.73875 41.73875 41.73875 41.73875 41.73875 41.73875 41.73875 41.73875 41.73875 41.73875 31.06355 35.87072 0 0 0
107.4964 94.3688 87.4307 87.30942 85.88866 85.73032 85.73032 60.24804 34.15514 34.15513 34.15514 56.65476 144.4184 144.4184 87.44215 63.41867 63.41867 63.41867 63.41867 53.74605 36.0725 36.07249 36.07249 36.07249 35.63018 26.35841 24.96084 24.96084 24.96084 24.96084 24.96084 24.96084 24.96084 24.96084 24.96084 24.96084 24.96084 24.96084 15.95767 14.1201 14.1201 14.1201 14.1201 14.1201 17.17361 33.28929 37.24947 39.44044 41.21764 39.70968 41.73875 41.73875 41.73875 41.73875 41.73875 41.73875 41.73875 41.73875 41.73875 41.73875 41.73875 52.88894 0 0 0 0
