Scenarios/Heterogeneous/data/country_data_population_distribution/processed/density_grids/bfa.asc
ncols 202
nrows 146
xllcorner -5
yllcorner 9
cellsize 0.041666666666667
NODATA_value -9999
[rows 58 to 86 of 146, columns 0 to 65 of 202]
0 0 0 0 0 0 0 0 0 0 0 0 0 0 0 0 0 0 0 0 0 0 0 0 0 0 0 0 0 0 0 0 0 0 0 0 47.94355 41.07456 41.07456 41.07456 41.07456 41.07456 41.07456 42.74712 50.95934 52.67799 52.67799 52.67799 53.59155 59.75401 58.19903 57.85149 56.93008 39.89444 22.39311 18.52624 18.52625 18.52624 18.52624 57.46108 93.02122 93.02122 42.19677 40.87054 36.93325 35.9432
0 0 0 0 0 0 0 0 0 0 0 0 0 0 0 0 0 0 0 0 0 0 0 0 0 0 0 0 0 0 0 0 0 0 0 0 0 0 41.07456 41.07456 41.07456 41.07456 41.07456 42.92012 52.67799 52.67799 52.67799 52.67799 52.70079 57.9714 32.01437 22.09416 19.76458 18.52625 18.52625 18.52625 18.52624 18.52625 18.55354 72.66045 93.02122 93.02122 52.85975 35.83969 35.33163 36.11867
0 0 0 0 0 0 0 0 0 0 0 0 0 0 0 0 0 0 0 0 0 0 0 0 0 0 0 0 0 0 0 0 0 0 0 0 0 0 41.03835 41.07456 41.07456 41.07456 41.07471 42.45639 52.6217 52.67799 52.67799 52.67799 52.678 52.67799 32.48525 18.52624 18.52624 18.52624 18.52624 18.52624 18.52624 18.52624 20.70987 88.4555 93.02122 91.60278 38.62767 35.32587 35.32587 35.3337
0 0 0 0 0 0 0 0 0 0 0 0 0 0 0 0 0 0 0 0 0 0 0 0 0 0 0 0 0 0 0 0 0 0 0 0 0 0 41.0005 41.07456 41.07456 41.07597 42.94627 44.53595 49.84065 52.67799 52.67799 52.67799 52.67592 46.91883 43.72026 33.98937 32.72943 39.8301 37.30542 40.67977 39.74464 20.8344 27.37944 93.02122 93.02122 93.02122 81.20267 49.41425 35.32587 35.32587
0 0 0 0 0 0 0 0 0 0 0 0 0 0 0 0 0 0 0 0 0 0 0 0 0 0 0 0 0 0 0 0 0 0 0 0 0 0 41.07449 41.07456 41.07456 42.57374 44.53595 44.53595 50.21252 52.678 52.67799 52.67799 50.06084 44.48646 44.48646 44.48646 44.48646 44.48646 44.48646 44.48646 44.48646 42.15751 57.25583 93.02122 93.02122 93.02122 93.02122 90.24581 36.86905 35.32587
0 0 0 0 0 0 0 0 0 0 0 0 0 0 0 0 0 0 0 0 0 0 0 0 0 0 0 0 0 0 0 0 0 0 0 0 0 41.0133 41.07456 41.07456 41.07456 42.91191 44.53595 44.53595 47.0958 52.40874 52.67799 53.10233 47.54192 44.48646 44.48646 44.48646 44.48646 44.48646 44.48646 44.48646 51.14228 44.50783 78.24851 93.02122 93.02122 93.02122 93.02122 83.9725 35.32756 35.32587
0 0 0 0 0 0 0 0 0 0 0 0 0 0 0 0 0 0 0 0 0 0 0 0 0 0 0 0 0 0 0 0 0 0 0 0 0 41.04332 41.07456 41.07456 41.07456 42.10181 44.53595 44.53595 44.53595 47.49759 52.67784 62.09256 83.07485 49.93538 44.48646 44.48646 44.48646 44.48646 44.68331 70.16738 92.41594 73.89383 81.89547 93.02122 93.02122 93.02122 93.02122 93.02122 49.61022 35.32587
0 0 0 0 0 0 0 0 0 0 0 0 0 0 0 0 0 0 0 0 0 0 0 0 0 0 0 0 0 0 0 0 0 0 0 0 0 40.99582 41.07456 41.07456 41.07456 42.30011 44.53595 44.53595 44.53595 44.53595 45.50328 57.53896 86.39694 83.80997 52.42064 44.48646 44.48646 44.48646 64.84742 93.02122 93.02122 93.02122 93.02122 93.02122 93.02122 93.02122 93.02122 93.02122 87.92298 80.41629
0 0 0 0 0 0 0 0 0 0 0 0 0 0 0 0 0 0 0 0 0 0 0 0 0 0 0 0 0 0 0 0 0 0 0 0 30.71906 30.73196 34.52113 38.94436 42.19599 44.46794 44.53595 44.79542 61.44522 74.42731 80.63824 86.06797 86.39694 86.39695 59.52522 44.48646 44.48646 44.51709 64.94438 90.80357 93.02122 93.02122 93.02122 93.02122 93.02122 93.02122 93.02122 93.02122 91.03414 75.25739
0 0 0 0 0 0 0 0 0 0 0 0 0 0 0 0 0 0 0 0 0 0 0 0 0 0 0 0 0 0 0 0 0 0 0 0 23.76118 22.58696 22.58696 22.68837 39.22726 44.53595 48.07823 74.95816 86.39695 86.39694 86.39694 86.39694 86.39695 86.39694 57.49718 45.21648 45.21358 46.16926 47.38298 51.43816 71.52135 90.35611 93.02122 91.248 88.47228 72.93037 61.2888 78.40172 73.34027 70.10674
0 0 0 0 0 0 0 0 0 0 0 0 0 0 0 0 0 0 0 0 0 0 0 0 0 0 0 0 0 0 0 0 0 0 0 24.4762 22.58696 22.58696 22.58696 22.58696 50.23286 71.82005 77.07304 86.39694 86.39694 86.39694 86.39694 86.39694 86.39694 86.39694 86.39694 78.51543 53.66481 47.38299 47.38298 47.38299 47.38298 51.56592 58.84999 48.17218 47.71542 47.71542 47.71542 52.42792 70.10673 70.10674
0 0 0 0 0 0 0 0 0 0 0 0 0 0 0 0 0 0 0 0 0 0 0 0 0 0 0 0 0 0 0 0 0 0 23.16471 22.58696 22.58696 22.58697 22.58696 22.58696 65.20911 86.39694 86.39695 86.39694 86.39694 86.39694 86.39694 86.39694 86.39695 86.39694 86.39694 86.39694 65.07024 47.38299 47.38298 47.38298 47.38299 47.38298 47.43105 47.71076 47.71543 47.71543 47.71543 64.05929 70.10674 70.10674
0 0 0 0 0 0 0 0 0 0 0 0 0 0 0 0 0 0 0 0 0 0 0 0 0 0 0 0 0 0 0 0 0 0 43.61853 22.58696 22.58696 22.58696 22.58696 49.84463 86.37376 86.39694 86.39695 86.39694 86.39694 86.39694 86.39694 86.39694 86.39695 86.39694 86.39694 86.39694 54.55287 47.38298 47.38298 47.38298 47.38298 47.38298 47.38298 47.53877 47.71543 47.71543 47.71543 62.06247 70.10674 70.10674
0 0 0 0 0 0 0 0 0 0 0 0 0 0 0 0 0 0 0 0 0 0 0 0 0 0 0 0 0 0 0 0 0 26.07663 22.58696 44.21426 46.87329 22.58696 54.86548 86.88694 86.39694 86.39695 86.39694 86.39695 86.39694 86.39695 86.39694 86.39695 86.39694 86.39695 85.47679 51.34504 47.47523 47.38299 47.38298 47.38298 47.38298 47.38299 47.38298 47.54293 47.71543 47.71543 47.71543 59.2845 70.10673 70.10674
0 0 0 0 0 0 0 0 0 0 0 0 0 0 0 0 0 0 0 0 0 0 0 0 0 0 0 0 0 0 0 0 80.61988 66.92887 97.59963 113.416 104.9152 27.06813 94.6356 88.91273 95.42859 94.90093 86.39694 86.39694 86.39694 86.39695 86.39694 86.39695 86.39695 86.39695 64.36942 47.38299 47.38298 47.38298 47.38298 47.38298 47.38298 47.38298 47.45172 47.70867 47.71543 47.71543 47.71543 52.72762 70.10674 70.10673
0 0 0 0 0 0 0 0 0 0 0 0 0 0 0 0 0 0 0 0 0 0 0 0 0 0 0 0 0 0 0 75.63821 109.214 115.1546 115.8118 118.8555 79.44923 51.36767 98.98714 97.12324 99.76246 99.74243 86.75053 86.39694 86.39694 86.39695 86.39694 86.39695 86.39694 79.35925 53.82416 47.38299 47.38298 47.38299 47.38298 47.38298 47.38298 47.38298 47.5304 47.71543 47.71543 47.71543 47.91955 62.29796 70.10674 70.10674
0 0 0 0 0 0 0 0 0 0 0 0 0 0 0 0 0 0 0 0 0 0 54.25763 52.66258 55.46713 54.68109 54.65678 54.65678 54.65678 54.16034 55.03375 53.87823 66.82377 75.91797 77.0862 82.67162 101.9051 106.5716 99.76245 99.76246 99.76245 99.76246 88.05958 86.39695 86.39694 86.02187 85.38297 86.39695 86.18927 67.62322 64.27468 62.29257 62.50362 61.8119 60.48736 58.55183 56.38592 53.87492 60.43457 59.86402 88.85334 112.776 113.0989 76.6047 69.44186 70.10281
0 0 0 0 0 0 0 0 0 0 0 0 0 0 0 0 0 0 0 0 50.77393 46.66356 46.66356 46.66356 52.8213 54.65679 54.65678 54.65679 54.554 53.97549 53.87823 53.87823 57.12132 74.27273 74.27273 74.27273 74.27273 91.48989 99.76246 99.76244 99.76246 99.76246 83.4125 75.54643 73.34759 66.20162 60.87809 66.44676 71.42812 66.94921 64.83302 64.83302 64.83302 64.83302 64.83302 64.83302 64.83302 64.83302 64.83302 64.82634 86.93801 122.9388 122.9388 118.9124 73.43814 69.49062
0 0 0 0 0 0 0 0 0 0 0 0 0 0 0 0 0 0 0 50.02806 46.66356 46.66356 46.66356 46.66356 52.48879 54.65678 54.65678 54.64117 54.0064 53.87822 53.87822 53.87822 54.29692 74.09591 74.27273 74.27273 74.27273 93.60886 99.76246 99.76246 99.76246 99.76246 67.08984 60.82252 60.82252 60.82252 60.82252 55.57579 38.17203 64.65735 64.83302 64.83302 64.83302 64.83302 64.83302 64.83302 64.83302 64.81654 63.17788 61.65678 62.66344 79.02028 95.58777 96.97578 71.78359 69.05489
0 0 0 0 0 0 0 0 0 0 0 0 0 0 0 0 0 0 48.01411 46.66357 46.66357 46.66357 46.66357 46.66356 52.17112 54.65678 54.65678 54.65679 54.18133 53.87823 53.87823 53.87823 57.30209 74.27273 74.27274 74.27274 74.27273 95.79009 99.76246 99.76246 99.76246 94.15833 61.26129 60.82253 60.82253 60.82253 59.80314 45.82612 30.18454 39.1169 61.14666 64.83302 64.83302 64.83302 64.83302 64.83302 64.83302 64.58965 60.47681 60.44536 60.44536 60.44536 65.74954 68.05667 68.15475 68.42402
0 0 0 0 0 0 0 0 0 0 0 0 0 0 0 41.00153 46.07621 46.66356 46.66356 46.66356 46.66356 46.66356 46.66356 46.66356 52.62975 54.65678 54.65678 54.65678 54.30081 53.87822 53.87822 53.87822 56.72561 61.50235 61.36249 66.5375 80.70184 99.42234 99.76245 99.76245 99.76245 84.58651 60.82253 60.82253 60.82253 60.82252 46.65237 30.18454 30.25638 35.40987 36.42916 59.57225 64.83302 64.83302 64.83302 64.83302 64.83302 63.87019 60.54342 60.44536 60.44536 60.44536 66.08137 68.05666 68.05666 68.23788
0 0 0 0 0 0 0 0 0 0 0 0 0 0 0 0 0 43.7895 46.66356 46.66356 46.66356 46.66356 46.66356 46.66356 53.6396 54.65679 54.65678 54.65679 54.48568 53.87822 53.87822 53.87822 53.59174 48.73837 48.63082 48.63082 85.04014 99.76246 97.0204 99.73222 99.58147 65.97289 60.82253 60.82252 60.82253 59.52287 36.16053 30.18454 30.27098 35.26226 35.4241 44.83585 64.55486 64.83302 64.83302 60.47411 59.48261 60.40264 58.9802 60.44535 60.44536 60.44536 63.88337 68.05666 68.05666 68.05666
0 0 0 0 0 0 0 0 0 0 0 0 0 0 0 0 0 0 46.69244 46.66356 46.66357 46.66356 46.66356 47.03894 54.41568 54.65678 54.65679 54.65678 54.55253 53.96735 53.87823 53.87823 48.99396 48.63083 48.63082 48.63082 62.77288 83.99549 49.35617 66.80238 71.07586 60.82253 60.82253 60.82253 54.99719 30.72227 30.18454 30.18454 30.18454 33.81322 35.4241 35.4241 36.92273 46.47009 54.92941 53.91089 53.84958 53.84958 53.86909 79.5104 82.98058 69.39082 65.8195 68.05666 68.05667 68.05667
0 0 0 0 0 0 0 0 0 0 0 0 0 0 0 0 0 45.21795 54.36323 52.16141 51.76572 52.18501 51.66996 51.4488 54.78823 54.65679 54.65679 54.65679 54.65679 57.12265 58.34971 57.63613 56.76576 59.34155 61.56129 49.40404 48.63082 48.63082 48.63421 57.74552 60.82252 60.82252 60.82252 60.36101 37.73824 30.18454 30.18454 30.18454 30.18454 34.75011 35.4241 35.4241 35.4241 44.9707 53.8103 53.84958 53.84958 53.84958 81.13683 109.9532 109.9588 109.9267 102.1962 80.94283 70.53905 68.05666
0 0 0 0 0 0 0 0 0 0 0 0 0 0 0 0 0 53.80115 55.65899 55.65899 55.65899 55.40469 55.17075 55.17075 55.11422 55.08118 57.30698 57.34796 56.58723 58.59532 58.71595 58.71596 58.71595 87.18011 115.4159 107.6229 102.4598 53.87343 55.48189 60.82252 60.82253 60.82252 60.82253 45.70054 30.18454 30.18454 30.18454 30.18454 31.9698 35.34057 35.4241 35.4241 41.33844 53.36554 53.84958 53.84958 53.84958 69.09538 107.4327 109.9588 97.35342 99.25808 100.0561 89.8299 88.70316 80.20342
0 0 0 0 0 0 0 0 0 0 0 0 0 0 0 0 0 0 50.1273 55.65899 55.65899 55.58485 55.27105 55.17075 55.17075 56.41991 58.71595 58.71595 58.71595 58.71595 58.71595 58.71595 58.71595 81.6596 115.4159 115.4159 113.4831 73.3576 69.52048 67.32999 62.39767 60.82252 60.94152 53.19815 30.18454 30.18454 30.18454 30.18454 32.53962 35.4241 35.4241 35.4241 48.35074 53.84958 53.84958 53.84958 56.10001 104.6969 109.9588 109.9588 82.43768 67.03384 83.85119 89.8299 89.8299 89.8299
0 0 0 0 0 0 0 0 0 0 0 0 0 0 0 0 0 0 0 55.65899 55.65899 55.65899 55.64484 55.17076 55.44335 58.6362 58.71595 58.71595 58.71595 58.71595 58.71595 58.71595 58.71595 58.73019 81.10444 115.4159 114.2724 79.64651 69.57432 69.57432 68.9565 64.03238 64.12757 53.7798 30.18454 30.18454 30.18454 30.18454 31.7908 35.4241 35.4241 38.32423 52.36043 53.84958 53.84958 53.84958 75.04696 109.9588 109.9588 109.9588 88.98485 66.20292 67.56179 76.68782 79.74249 89.8299
0 0 0 0 0 0 0 0 0 0 0 0 0 0 0 0 0 0 0 55.03418 55.65899 55.65899 55.48886 55.17075 55.17344 57.88033 58.71595 58.71595 58.71595 58.71595 58.71595 58.71595 58.71595 58.71595 74.43317 114.8801 84.27148 69.57431 69.57432 69.57432 69.57432 69.57431 69.57388 49.11794 30.18454 30.18454 30.18454 30.18454 30.23872 33.87083 39.23073 71.26762 69.22079 78.91808 89.53773 100.709 109.5005 109.9588 109.9588 109.9588 100.2002 66.20291 66.20291 66.20291 71.98753 89.82989
0 0 0 0 0 0 0 0 0 0 0 0 0 0 0 0 0 0 0 55.65899 55.65899 55.65523 55.25393 55.17076 55.17075 55.39492 57.02086 58.14642 58.7155 58.71595 58.71595 58.71595 58.71595 58.71595 67.82162 74.28175 69.57432 69.57432 69.57432 69.57432 69.57432 69.57432 69.57432 62.15096 32.06557 30.18454 30.18454 30.18454 30.18454 30.45786 71.99043 109.9588 109.9588 109.9588 109.9588 109.9588 109.9588 109.9588 109.9588 109.9588 105.6738 66.20291 66.20291 66.2029 66.75236 75.84119
