Scenarios/Heterogeneous/data/country_data_population_distribution/processed/density_grids/bfa.asc
ncols 202
nrows 146
xllcorner -5
yllcorner 9
cellsize 0.041666666666667
NODATA_value -9999
[rows 58 to 86 of 146, columns 66 to 131 of 202]
53.0681 53.43965 55.44726 54.56211 65.94746 68.08655 68.33041 77.79321 81.21242 81.21242 81.0724 81.21417 79.32858 82.70306 83.72179 94.10057 88.34541 82.70306 100.1222 113.5787 95.29585 74.9837 98.15954 110.5347 106.406 119.0734 119.0734 119.0734 118.9006 118.0243 118.5679 116.6406 124.4107 128.8812 128.8812 128.8812 128.8812 128.8812 128.8812 98.1207 93.21527 98.86366 98.86366 106.7085 126.5829 158.7833 158.7833 156.1302 149.3698 155.5294 133.4762 150.4336 121.4398 119.5883 107.4342 76.92273 75.73654 75.73654 75.73654 86.90668 129.909 130.9594 111.2459 95.11321 95.11321 95.11321
56.00258 56.00602 56.00602 56.00602 61.02097 66.72101 71.58206 80.88972 80.28819 68.63057 54.95269 63.38104 82.70306 82.70306 82.70306 82.70306 82.70306 72.90472 52.15158 46.50672 45.72598 45.72598 71.84875 71.20979 105.2124 119.0124 118.0752 118.1562 117.8822 117.7936 116.6859 108.5299 108.6047 113.6194 120.2603 123.5523 127.1705 113.2368 102.6518 86.07484 94.27267 98.86366 145.6874 207.9741 173.1755 158.7834 158.7834 158.7834 158.7833 158.7833 158.7834 156.9586 125.317 119.5883 119.5883 97.95055 75.73655 75.73654 75.73569 79.09958 122.7446 130.9366 104.5702 95.11322 95.11322 95.11322
54.1386 56.00602 56.00602 56.00602 56.00602 56.02752 56.22723 61.50786 56.01657 51.63498 51.63498 52.47815 78.75473 82.70306 82.70306 82.70306 82.70306 70.66044 45.72598 45.72598 45.72598 45.72598 45.72598 69.16965 115.9762 116.6126 115.5589 117.3943 117.7936 123.0539 120.9735 108.5096 108.5096 108.5096 112.7771 115.1336 103.9645 84.47567 84.47567 84.47567 95.64435 93.57692 128.349 211.6407 203.3417 172.0657 158.9639 158.7834 148.7435 143.1151 153.9443 155.6324 124.1801 109.2437 116.9614 119.0353 92.95896 77.18823 73.91171 73.62612 73.62612 93.10814 100.0558 95.11321 95.11321 95.11321
46.85229 48.91962 55.98721 56.00602 56.00602 56.00602 56.00602 53.6011 51.63498 51.63499 51.63498 51.63499 66.21085 82.87226 82.70306 82.70306 82.70306 78.13009 45.72598 45.72598 45.72598 45.73137 74.26837 143.4306 124.86 115.5589 115.5589 117.0133 121.4344 156.6945 166.1698 122.9418 108.5096 108.5096 109.9446 115.1292 105.61 84.47567 84.47567 84.47567 84.47567 84.47567 150.8979 194.5187 213.222 216.1465 187.5695 158.79 92.82758 65.16013 65.87074 66.01583 101.0762 87.8054 75.17143 114.5501 119.5883 94.3808 73.62612 73.62612 73.62612 73.62612 81.19756 114.0657 105.8092 99.86536
35.38676 37.81259 44.80059 56.00603 56.00602 56.00602 55.87266 51.82716 51.63499 51.63499 51.63499 53.7051 83.77893 85.56841 82.92754 82.70306 82.70306 91.21617 54.46633 45.72598 45.85891 109.9222 159.2992 159.2991 134.4964 117.1301 133.1395 151.9233 164.084 164.8239 140.9759 107.5787 106.1656 108.5095 106.0236 105.5222 103.9304 88.11092 84.47568 382.5477 3724.97 6033.333 7236.408 779.496 222.7101 234.9622 235.5872 229.6884 71.91566 65.12901 65.12901 65.45687 70.56525 72.47647 72.47647 77.09104 88.70879 79.63898 101.4456 85.50724 83.74646 80.04578 76.71192 104.7526 107.1751 118.2533
35.79278 37.98104 38.40774 49.60566 56.00602 56.00602 56.00602 55.44785 53.1752 51.63499 54.20697 76.84254 85.7851 85.7851 84.73805 84.00435 134.812 178.83 178.8064 154.6824 149.7464 159.2991 159.2992 182.992 263.872 159.0749 160.6571 166.368 167.0007 141.7514 99.9117 99.91169 100.0284 101.3917 99.91169 99.91169 100.2383 99.86704 975.9435 6050.266 7304.78 7304.78 7304.78 2347.394 235.63 235.63 235.63 235.63 75.14295 65.12901 65.12901 65.12901 69.45596 72.47647 72.47647 72.47647 72.47647 72.47647 94.50304 110.444 110.444 109.9181 78.64843 73.62611 82.34258 118.2665
37.31199 37.99347 37.99347 38.90502 45.05373 55.30634 56.00602 56.00602 51.31587 49.48378 80.91254 85.7851 92.54311 112.3352 102.3289 136.7619 179.2386 179.2386 179.2386 209.1203 263.6098 226.2924 250.3529 308.3918 269.9301 159.5794 159.5854 166.8783 167.0007 109.575 99.91169 99.91168 99.91169 99.91169 99.98784 124.9214 178.14 183.8945 5363.997 7304.78 7304.78 7304.78 7304.78 3235.293 235.63 235.63 235.63 178.4298 65.28289 65.12901 65.12901 65.46356 72.39584 72.47647 72.47647 72.47647 72.47647 72.47647 72.60139 104.4635 110.444 110.444 94.18431 73.62612 75.42947 95.58405
61.97989 44.41719 37.99347 37.99347 37.99347 38.06938 43.17662 44.50426 38.12093 39.55325 76.74792 70.87189 120.101 143.9019 145.6497 157.9559 179.2386 179.2386 179.2386 192.8282 312.4001 312.8416 312.8416 312.8416 291.903 159.5794 159.6704 166.9837 142.4368 100.423 99.51811 88.83829 83.7752 80.11006 95.43618 180.9774 184.1872 184.1872 6775.978 7304.78 7304.78 7304.78 7304.78 5216.481 235.63 235.63 230.3943 104.9505 65.47747 65.12901 65.129 75.94498 81.2759 76.18087 72.47648 72.47647 72.47648 72.47647 72.47647 102.348 110.444 110.444 110.0762 101.9191 101.8419 113.573
70.10674 64.06686 37.99347 37.99347 37.99347 37.99347 37.99347 37.99347 38.6855 54.10114 59.27966 55.97121 55.97121 66.93655 135.3795 147.0375 167.9195 179.2386 179.2386 179.2386 288.4179 312.8416 312.8416 312.8416 292.6396 178.9989 159.5882 166.0571 124.611 96.63296 83.25348 73.90781 73.9078 73.9078 102.8552 179.7848 184.1872 184.1872 4140.216 7304.78 7304.78 7304.78 7304.78 5296.214 235.63 235.63 189.1691 81.61762 81.12833 70.40096 65.12907 96.08406 124.779 108.6084 73.44215 72.47648 76.20842 74.0443 73.06248 130.4281 135.6113 124.9908 112.1307 115.0065 143.9552 131.9224
70.10674 69.94279 45.02631 37.99347 37.99347 37.99347 37.99347 37.99347 40.70322 55.6943 55.97121 55.97121 55.97121 81.34376 112.4811 130.0449 128.4593 139.8213 179.2386 179.2386 263.0772 312.8416 312.8416 312.8416 312.8416 309.2511 165.6147 166.5385 167.0298 114.5838 73.9078 81.79478 101.1009 100.6749 96.5875 172.2326 184.1872 184.1872 726.9482 2625.88 2653.373 3330.698 4594.466 2999.331 161.5883 228.3169 146.3254 81.61762 81.61761 81.61762 73.76676 90.52936 124.779 124.779 102.7204 74.16407 97.99945 122.3611 107.7496 135.1836 147.6761 152.9166 151.1443 150.2573 152.9166 150.9828
70.10673 70.10673 49.76132 37.99347 37.99347 37.99347 37.99347 37.99347 37.99347 41.63253 55.25077 55.97121 55.97121 55.97121 55.97121 55.9945 56.81411 59.3889 177.6186 197.758 289.1216 312.8416 288.1156 261.6804 195.3364 204.7741 163.005 167.0298 167.0298 156.5016 124.286 139.427 141.4938 141.4938 126.8648 150.5587 159.3409 145.2828 293.2758 442.6196 442.6196 442.6196 339.0247 81.61761 81.61761 90.48612 81.61761 81.61761 81.61761 81.61762 81.61761 86.36361 119.6804 124.779 124.779 118.0285 124.6438 120.9563 110.9828 100.3115 111.4518 131.3191 152.9166 152.9166 152.9166 152.9166
70.10674 70.10674 66.95194 48.71499 37.99347 37.99347 37.99347 37.99347 37.99347 37.99347 50.74141 55.97121 55.97121 55.97121 55.97121 55.97121 55.97121 55.97121 261.3119 310.4073 292.2316 200.7705 147.9008 144.4444 144.4909 155.5158 161.9389 160.873 152.6542 149.9308 141.4938 141.4938 141.4938 141.4938 108.6725 102.146 102.146 102.146 296.4783 442.6196 419.9999 178.0089 83.41335 74.94731 81.61761 81.61762 81.61762 81.61762 81.61761 81.61762 81.61762 81.26845 105.7426 124.779 124.779 124.779 124.779 120.8161 98.28519 98.28519 98.28519 104.0543 151.6654 139.6526 134.8999 135.1722
70.10674 70.10674 70.10674 69.48958 43.81409 37.99347 37.99348 37.99347 37.99347 37.99347 43.71947 53.49809 55.97121 55.97121 55.97121 55.97121 55.97121 55.97121 129.9491 209.0302 177.0538 110.5938 78.03581 102.2394 139.2767 165.0793 148.0759 152.3679 134.4666 136.7538 140.2049 111.4373 75.27912 75.20926 90.43894 102.146 110.6494 309.8351 415.7797 435.4441 216.4444 60.66895 60.66895 63.98751 81.35199 72.57559 62.78328 102.6786 127.4156 130.4568 121.829 67.14717 64.60125 112.6176 124.779 124.779 124.779 112.2742 98.28519 98.28519 98.28519 98.56018 122.3484 114.3191 118.3141 118.3142
68.07897 61.60346 68.56445 67.84007 47.12449 37.99347 37.99347 37.99347 36.03622 35.10419 36.76315 29.43784 34.15385 46.73811 55.87149 55.97121 55.9712 55.97121 57.92627 68.17384 72.44555 64.92455 64.92455 107.9296 134.4666 135.766 156.584 202.407 149.7331 137.2037 110.9282 59.8097 59.8097 59.8097 66.60917 93.24529 187.9793 442.6196 336.0142 141.668 60.66895 60.66894 60.66895 60.66894 59.40355 53.67467 90.03534 139.9749 140.2399 122.6487 75.99673 63.01825 63.01824 98.84122 124.779 124.779 124.779 104.1441 98.28518 98.28518 98.28518 98.28519 98.28518 103.4556 118.3141 118.3142
61.84554 54.37258 54.92239 54.47174 49.36364 38.19593 37.99347 37.52113 29.30238 28.99849 31.18057 28.99786 28.99786 28.99786 32.41712 68.55139 68.45075 69.80214 70.31156 64.92455 64.92454 64.92455 76.7384 129.4306 135.8399 138.5147 140.4051 184.5029 169.8757 136.1262 110.7371 59.81971 59.8097 59.8097 59.8097 59.8097 66.2061 244.2842 61.01042 60.66895 60.66895 60.66895 60.66895 58.74204 51.40211 114.9459 140.2399 140.2399 111.0933 64.60802 63.01824 63.01824 63.01824 72.33136 119.5586 124.779 120.6763 99.00965 98.28519 98.28519 98.28519 98.28519 98.28519 99.24512 116.6102 118.3142
66.09339 55.42576 54.37257 54.37258 54.37257 51.90519 50.02544 54.1637 42.4517 31.16864 28.99786 28.99787 28.99787 28.99787 28.99787 78.63277 82.31299 82.31298 71.70942 70.11275 98.50346 120.7341 134.3088 138.3582 193.1094 204.4831 204.4831 204.4832 178.0998 80.97308 59.81194 59.8097 59.8097 59.8097 59.8097 59.8097 59.8097 60.37935 60.66895 60.66895 60.66895 60.58406 57.75515 54.07153 61.26174 128.9 140.2399 140.2399 71.78384 63.01824 63.01824 63.01825 63.01824 63.01824 84.80282 120.5031 100.159 98.28519 98.28519 98.28519 98.28519 98.28519 98.28519 108.2174 155.3557 135.927
70.10673 62.30041 56.0076 54.92986 54.37258 54.37258 54.37258 54.3878 54.89439 43.19824 28.99787 28.99786 28.99787 28.99786 29.06173 78.46373 82.31299 82.31298 82.31299 82.75623 117.7137 123.8258 101.2748 107.3745 200.9642 204.4831 204.4831 167.1444 113.5719 59.81547 59.79847 59.8097 59.8097 59.81799 60.03061 59.8097 59.94325 60.65643 60.66895 63.45844 73.06136 70.78492 51.26681 52.94845 118.6005 140.2399 140.2399 140.2399 90.29124 63.01824 62.06865 62.0975 63.01824 63.01824 63.01824 69.49545 93.96964 98.28519 98.28519 98.28519 98.28519 98.28519 114.0254 205.747 217.6874 216.9863
70.10674 69.94753 70.10674 63.86259 54.37257 54.37257 54.37257 68.76236 81.3555 32.53986 28.99786 28.99786 28.99786 33.60125 63.14541 82.31298 82.31298 82.31298 82.31298 82.31299 82.31957 82.31876 81.94485 147.8241 152.9939 109.183 82.12003 59.56709 59.30518 59.30518 59.53758 61.00863 60.20458 63.3528 64.95028 60.74303 60.49824 60.66895 60.85353 73.16682 56.36258 58.38892 51.26681 92.8078 140.2399 140.2399 139.2762 72.27863 55.68448 54.83448 53.35093 81.45095 131.844 79.47302 63.01824 63.01824 75.80749 98.28518 98.28518 98.28519 98.28518 98.28518 164.2438 217.2358 217.6874 209.8252
69.43623 68.49208 66.81268 60.83908 54.37257 54.37257 57.9007 82.35298 83.5391 76.8366 35.03219 28.99786 29.47631 60.64401 82.31298 82.31298 82.31298 82.31299 82.31298 69.37601 47.58298 42.07247 32.03074 36.25824 59.28064 59.30518 59.30518 59.30518 59.30518 59.30518 60.7531 64.69192 65.01614 65.05367 65.05367 64.11319 61.43372 60.66895 70.09084 77.1898 55.41974 51.26681 99.12174 140.1055 140.2399 140.2399 76.78719 51.66221 51.66221 66.83525 149.4962 155.0064 155.0064 152.4578 105.8913 86.99335 86.85881 97.96425 98.30643 98.42343 106.416 135.6763 161.211 200.193 217.6874 211.4027
68.42402 68.42402 57.50799 54.37258 56.46101 72.76205 81.43633 83.5391 83.5391 80.35344 39.36599 35.34015 40.80025 60.51849 52.41679 52.7587 73.15898 82.29864 54.23895 30.85342 28.06214 28.06214 28.06214 29.45638 48.01659 50.69571 48.70064 54.33783 59.30518 59.30519 62.11501 65.05367 65.05367 65.05367 65.05367 65.16644 65.29977 62.44857 76.68695 77.4988 59.59374 51.26681 96.64048 137.22 134.9561 87.04716 51.69502 51.6622 67.57668 147.0651 155.0064 155.0064 155.0064 150.908 102.7379 96.11259 96.11259 96.11259 144.2337 187.6284 183.4444 161.3985 161.3985 187.9511 217.6874 188.1222
68.34015 68.3194 61.17115 38.38162 42.24268 83.5391 76.38892 78.56207 61.46995 49.28987 43.08544 43.08544 43.08544 43.08544 43.08544 43.08544 51.00722 52.56075 28.37356 28.07608 28.06214 28.06214 28.06214 33.86673 43.27719 43.27923 43.27923 47.98129 59.30518 59.30518 59.30541 63.94151 65.05367 65.05367 65.22067 66.23627 66.26239 67.17629 75.52216 70.28811 51.3307 51.2668 51.2668 122.3792 90.33725 51.66221 51.66221 51.82147 80.59224 140.4484 136.179 139.7325 131.0844 106.2427 96.11259 96.11259 96.11259 96.04243 97.77584 563.0262 415.2213 128.2194 156.6265 193.1515 217.6874 190.5884
68.05666 68.05666 67.8741 37.80909 34.56274 48.66241 34.35793 36.73932 39.5491 42.1215 41.08207 42.90215 43.08544 43.08544 43.08544 43.08544 40.38707 28.99203 28.99203 28.65293 28.17659 28.06214 28.06214 30.11761 43.27923 43.27924 43.27923 43.8308 54.75089 59.26639 61.64367 64.83545 65.05367 65.05367 65.60947 66.26238 66.26238 66.26238 67.62084 62.73293 52.77974 51.26681 51.26959 68.15519 51.70912 51.66221 51.66221 59.01725 66.45532 120.9648 111.3173 96.11259 96.11259 96.11259 96.11259 96.11259 95.80875 95.44034 95.37916 97.61003 526.4606 167.4265 111.6148 198.964 217.6874 184.9355
68.05666 68.05666 67.56874 37.4385 34.27345 34.27345 34.27345 34.27345 34.27345 34.27345 34.27345 46.94378 49.85905 43.08544 43.08544 43.08544 33.17008 28.99203 28.99204 28.99203 28.99196 36.04821 39.64956 35.80457 44.3699 46.88803 45.17283 43.27924 43.65017 56.0074 59.36636 64.78436 65.05367 65.05366 65.89817 66.26238 66.26239 66.26238 66.26239 66.26238 63.03003 53.53846 51.44355 51.65661 51.66221 51.66221 52.605 65.05894 66.44865 116.7477 130.5242 148.447 148.6425 96.97306 96.11259 96.11259 95.67873 95.37916 95.37916 95.37917 107.5604 109.4617 152.1166 217.6874 217.6874 175.8032
68.05667 68.05667 56.36665 34.84283 34.27345 34.27345 34.27345 34.27345 34.27345 34.27345 34.27345 91.41059 111.6929 43.08544 43.08544 43.08544 35.1582 28.99203 28.99203 28.99203 28.99203 42.23677 49.3191 49.3191 49.3191 49.3191 49.23228 52.2431 52.30931 56.13503 56.13503 57.79709 63.71578 65.05367 65.60449 66.26238 66.26238 66.26238 66.26238 66.26238 66.26238 66.26238 59.79749 52.01727 51.66221 51.66221 57.03138 66.44865 66.44865 129.6812 135.8481 195.8546 196.1998 161.9427 124.7645 79.18809 83.95991 95.37916 95.37916 107.7746 109.448 109.4617 156.7234 175.1214 182.2017 149.5397
73.12109 69.41913 68.05667 37.68826 34.27345 34.27345 34.27345 34.27345 34.27345 34.27345 35.16544 77.93942 130.9462 43.08544 42.01178 42.44987 34.90298 28.99203 28.99203 28.99203 28.99203 42.8581 49.3191 49.3191 49.3191 49.3191 49.73637 55.84532 56.13503 56.13503 56.13503 56.13503 56.66122 63.28831 65.12946 66.21193 66.26239 66.26239 66.26239 66.26239 66.26239 66.26239 66.26238 56.62143 51.66221 51.6622 60.20384 66.44865 66.44865 119.1908 136.4669 188.9931 196.1997 196.1997 186.8259 62.64962 62.21586 81.80148 95.44189 108.3506 109.4617 109.4617 109.3955 108.4401 111.3626 136.119
89.8299 82.68121 72.68948 39.31375 34.44158 34.27345 34.27345 34.27345 34.27345 34.27345 81.49026 144.7999 135.8797 48.26527 29.11424 28.99203 29.01259 28.99203 28.99203 28.99203 28.99203 43.68864 49.3191 49.3191 49.3191 49.3191 49.52034 55.87693 56.13503 56.13503 56.13503 56.13503 56.13503 57.43707 64.35825 66.25095 66.26238 66.26238 66.26238 66.26238 66.26238 66.26238 66.26238 66.04945 60.61575 57.56227 65.79707 66.44865 66.44865 87.5429 131.2993 151.3313 196.0154 196.1997 131.6073 61.85933 61.85933 61.95319 85.90654 108.0704 109.4617 109.4617 108.9846 108.1882 108.1882 108.5635
89.8299 89.8299 89.8299 61.53107 54.42963 47.30776 36.67175 40.32785 35.85693 34.34153 72.17181 95.01546 81.97754 74.36504 28.99204 28.99204 28.99204 28.99204 28.99204 28.99204 28.99204 41.37502 49.3191 49.3191 49.3191 49.3191 49.3191 54.69101 56.13503 56.13503 56.13503 56.13504 56.2002 61.29042 65.33311 66.26239 66.26239 66.26239 66.26239 66.26239 66.26239 66.26239 66.26239 66.26239 66.26239 66.26556 66.13615 66.44865 66.44865 66.44865 99.18343 132.2589 143.0726 115.0888 82.59012 61.85933 61.85933 61.85933 75.58234 87.43097 109.4617 96.56734 108.6279 108.1882 108.1882 108.1882
89.32165 87.52265 79.4275 71.4576 60.16499 58.78131 57.92894 58.66537 54.2213 56.33105 75.94468 76.35178 76.35178 71.85981 28.99203 28.99203 28.99203 28.99203 28.99203 28.99203 32.32069 52.40276 54.67162 53.72235 54.20014 51.92118 51.40478 55.3685 56.13503 56.13503 56.13503 56.90582 63.23862 66.26239 66.26239 66.26239 66.26238 66.26239 66.26238 66.26239 66.26239 66.26239 66.26238 66.26239 66.26238 58.21222 50.73233 62.38504 66.44865 66.44865 70.75582 123.3507 104.648 61.85933 61.85933 61.85933 61.85933 61.85933 75.463 84.44648 84.44647 84.44648 92.41355 108.1882 108.1882 108.1882
70.53941 69.51176 68.93715 68.93714 63.45351 58.78131 58.78131 58.78131 58.78131 63.87004 76.32442 76.35178 76.35178 76.15725 53.88729 33.42903 28.99203 28.99204 28.99204 34.561 53.90895 56.55498 56.55498 56.55498 56.55498 56.40878 55.69911 56.13503 56.13503 56.13503 56.13503 60.86789 66.26238 66.26238 66.26239 66.26238 66.26238 66.26239 66.26238 66.26238 66.26238 66.26239 66.26238 64.7354 57.23513 48.06305 47.85499 52.50043 59.89324 64.69256 66.44865 69.42345 67.70803 61.85933 61.85933 61.85932 61.85933 61.85932 75.64729 84.44648 84.44648 84.44649 84.44648 84.44648 97.35792 108.1461
