Scenarios/Heterogeneous/data/country_data_population_distribution/processed/density_grids/bfa.asc
ncols 202
nrows 146
xllcorner -5
yllcorner 9
cellsize 0.041666666666667
NODATA_value -9999
[rows 29 to 57 of 146, columns 132 to 197 of 202]
48.50766 47.96302 47.98538 48.0092 48.02592 50.14604 54.99291 56.25146 58.02922 59.81865 61.27478 61.56147 61.62821 61.62821 61.62821 61.62822 63.12667 67.4205 65.60867 62.8159 63.62315 63.01362 57.60683 55.80382 58.91922 0 0 0 0 0 0 0 0 0 0 0 0 0 0 0 0 0 0 0 0 0 0 0 0 0 0 0 0 0 0 0 0 0 0 0 0 0 0 0 0 0
49.27694 48.01871 48.05531 48.05543 48.05543 48.05543 48.05543 48.05543 48.05543 48.72671 48.26344 51.36918 55.50839 61.43781 62.45896 68.58508 71.02543 71.03489 71.03489 71.03489 71.03489 71.03489 71.03489 69.5241 41.68405 44.79656 0 0 0 0 0 0 0 0 0 0 0 0 0 0 0 0 0 0 0 0 0 0 0 0 0 0 0 0 0 0 0 0 0 0 0 0 0 0 0 0
49.37135 48.05543 48.05543 48.05543 48.05543 48.05543 48.05543 48.05543 48.05543 48.05543 48.05543 48.05543 48.05543 53.87466 68.82943 71.03489 71.03489 71.03489 70.9842 66.64963 70.45551 68.07654 44.17909 42.67727 36.4321 36.4321 44.20893 0 0 0 0 0 0 0 0 0 0 0 0 0 0 0 0 0 0 0 0 0 0 0 0 0 0 0 0 0 0 0 0 0 0 0 0 0 0 0
50.17794 50.13533 48.05543 48.05543 48.05543 48.05543 48.05543 48.05543 48.05543 48.05543 48.05543 48.05543 48.05543 48.06349 65.08955 71.03489 71.03489 65.4043 42.2753 36.4321 39.95313 38.61671 36.43211 36.4321 36.43211 36.4321 52.92892 0 0 0 0 0 0 0 0 0 0 0 0 0 0 0 0 0 0 0 0 0 0 0 0 0 0 0 0 0 0 0 0 0 0 0 0 0 0 0
53.42051 55.0158 49.72957 48.05543 48.05543 48.05543 48.05543 48.05543 48.05543 48.05543 48.05543 48.05543 48.05543 48.05543 52.44051 68.81031 61.39575 46.26254 36.4321 36.43211 36.4321 36.43211 36.4321 36.43211 36.4321 36.18366 37.43579 47.20565 47.92344 48.37505 52.35032 0 0 0 0 0 0 0 0 0 0 0 0 0 0 0 0 0 0 0 0 0 0 0 0 0 0 0 0 0 0 0 0 0 0 0
55.04028 55.04029 53.25198 60.33159 62.77545 56.05081 60.48222 48.05543 48.05543 48.05543 48.05543 48.05543 48.05543 48.05543 48.05543 42.57644 32.23337 36.26373 36.4321 36.4321 36.4321 36.4321 36.4321 36.4321 36.43517 36.04712 35.02471 35.02471 35.02471 35.02471 41.23537 0 0 0 0 0 0 0 0 0 0 0 0 0 0 0 0 0 0 0 0 0 0 0 0 0 0 0 0 0 0 0 0 0 0 0
55.04028 55.04028 60.18476 85.18905 86.28448 86.20921 66.09949 48.05543 48.05543 48.05543 48.05543 48.05543 48.05543 46.465 35.22892 31.04096 31.00353 32.74231 36.36524 36.4321 36.4321 36.4321 36.4321 36.96376 41.35707 42.99069 35.28812 35.02471 35.02471 35.02471 35.02471 36.48287 37.19964 41.72462 0 0 0 0 0 0 0 0 0 0 0 0 0 0 0 0 0 0 0 0 0 0 0 0 0 0 0 0 0 0 0 0
55.04028 55.20028 78.95987 86.28448 86.28448 82.71479 51.48867 40.20951 36.75938 41.93033 47.56062 44.51746 35.31884 32.82935 31.00353 31.00353 31.00353 31.00353 31.39112 34.69604 36.38659 36.46504 40.28422 44.37296 44.83058 44.83058 36.7261 35.02471 35.02471 35.02471 35.02471 35.02471 35.02471 35.26535 35.81867 44.36087 0 0 0 0 0 0 0 0 0 0 0 0 0 0 0 0 0 0 0 0 0 0 0 0 0 0 0 0 0 0
55.04028 67.04067 86.28448 86.28448 86.28448 84.99706 51.05304 32.91659 31.93978 31.93978 32.05151 32.07943 31.93978 31.46676 31.00353 31.00353 31.00353 31.00353 31.00353 31.00353 31.32385 38.52373 44.83057 44.83057 44.83057 44.83057 36.96986 35.02471 35.02471 35.02471 35.02471 35.02471 35.02471 35.61615 35.70991 35.70991 0 0 0 0 0 0 0 0 0 0 0 0 0 0 0 0 0 0 0 0 0 0 0 0 0 0 0 0 0 0
55.04028 81.01936 86.28448 86.28448 86.02453 72.882 50.50338 31.93978 31.93978 31.93978 31.93978 31.93978 31.93978 31.78178 31.45733 31.00354 31.00353 31.00354 31.00354 31.00354 31.00353 43.46461 44.83058 44.83058 44.83058 44.83058 41.23108 35.02471 35.02471 35.02471 35.02471 35.02471 35.02843 35.70008 35.70991 35.70991 46.92118 0 0 0 0 0 0 0 0 0 0 0 0 0 0 0 0 0 0 0 0 0 0 0 0 0 0 0 0 0
59.38769 83.73949 86.28448 86.28448 67.93586 31.93978 31.93978 31.93978 31.93978 31.93978 31.93978 31.93978 31.93978 31.93978 31.86395 31.02254 31.00353 31.00353 31.00353 31.00353 31.00353 34.20802 41.03363 44.81452 44.83058 44.83057 44.57882 36.67072 35.39145 35.41651 37.46337 41.44234 42.382 35.70991 35.70991 35.70991 35.70991 35.70991 50.80226 0 0 0 0 0 0 0 0 0 0 0 0 0 0 0 0 0 0 0 0 0 0 0 0 0 0 0
70.90055 83.93193 86.28448 86.28448 68.51772 38.45076 31.93978 31.93978 31.93978 31.93978 31.93978 31.93978 31.93978 31.93978 31.93978 31.35391 31.00353 31.00353 31.00353 31.00353 31.00353 31.00353 31.00353 34.20277 42.76278 44.83058 44.83058 44.79602 44.83058 44.81271 44.83058 44.83058 43.1166 35.70991 35.70991 35.70991 35.70991 35.70991 35.70991 40.28174 57.03275 0 0 0 0 0 0 0 0 0 0 0 0 0 0 0 0 0 0 0 0 0 0 0 0 0
70.90054 71.13877 75.5988 81.71174 92.04057 169.0667 148.4582 47.14594 31.93978 31.93978 31.93978 31.93978 31.93978 31.93978 31.93978 31.89435 31.72426 31.00354 31.00353 31.00353 31.00353 31.00354 31.00353 31.00354 34.7602 44.83058 44.83058 44.83057 44.83058 44.83057 44.83058 44.83057 41.04329 35.7099 35.7099 36.01041 0 0 36.03028 35.72651 35.97532 36.2398 0 0 0 0 0 0 0 0 0 0 0 0 0 0 0 0 0 0 0 0 0 0 0 0
70.90054 70.90054 70.90055 70.90054 118.8309 217.6283 217.6283 114.429 31.93978 31.93978 31.93978 31.93978 31.93978 31.93978 31.93978 39.9141 44.30143 34.32375 31.00353 31.00353 31.00353 31.00353 31.80986 36.36564 35.56743 44.83058 44.83058 44.83058 44.83058 44.83058 44.83642 44.86254 39.61681 35.70991 35.70991 36.03291 0 0 0 0 0 0 0 0 0 0 0 0 0 0 0 0 0 0 0 0 0 0 0 0 0 0 0 0 0 0
70.90055 70.90054 70.90055 80.23392 211.6037 217.6283 217.6283 182.1363 31.93978 44.62311 44.06025 34.20435 31.93978 31.93978 31.93978 43.29812 46.23573 43.92896 31.01654 31.00353 31.00353 31.00353 32.6227 45.01281 44.51748 44.89689 44.88065 44.87413 44.84111 44.84566 44.90993 45.01107 43.1301 35.72389 35.70991 36.02412 0 0 0 0 0 0 0 0 0 0 0 0 0 0 0 0 0 0 0 0 0 0 0 0 0 0 0 0 0 0
70.90055 70.90054 70.90055 70.90054 168.4585 217.6283 217.6283 217.5915 186.8929 217.0435 217.6242 126.6737 31.93978 31.93978 31.93978 43.95852 46.23572 46.23572 39.7285 34.32918 32.5228 39.38456 43.79881 45.01281 45.01281 45.01281 45.01281 45.01281 44.9341 44.99905 45.01165 45.01281 39.52345 35.70991 35.70991 36.0134 0 0 0 0 0 0 0 0 0 0 0 0 0 0 0 0 0 0 0 0 0 0 0 0 0 0 0 0 0 0
70.90054 70.90054 70.90055 70.90055 104.2651 166.4129 215.7545 217.6283 167.4931 118.9162 64.62148 31.93978 31.93978 31.93978 31.93978 44.039 46.23573 46.23573 46.23573 46.23573 45.57261 45.59724 45.09439 45.01281 45.01281 45.01281 45.01281 45.01281 45.01281 45.01281 45.01281 45.01281 40.1958 35.70991 36.13019 39.52988 0 0 0 0 0 0 0 0 0 0 0 0 0 0 0 0 0 0 0 0 0 0 0 0 0 0 0 0 0 0
70.90054 70.90054 70.90054 77.33805 97.67464 108.2791 212.8313 217.6283 77.96505 31.93978 31.93978 31.93978 31.93978 31.93978 31.93978 37.7122 46.23572 46.23572 46.23572 46.23572 46.23572 46.23572 45.5966 45.01605 45.01281 45.01281 45.01281 45.01281 45.01281 45.01281 45.01281 44.82248 38.36485 37.38428 42.52097 43.54212 0 0 0 0 0 0 0 0 0 0 0 0 0 0 0 0 0 0 0 0 0 0 0 0 0 0 0 0 0 0
70.90055 70.90055 70.90055 95.71627 98.61395 98.61395 106.7597 107.6932 77.70291 34.90372 31.93978 31.93978 31.93978 31.93978 31.93978 35.12498 46.23573 46.23573 46.23573 46.23573 46.23573 46.23573 46.23573 45.87183 45.01281 45.01281 45.01281 45.01281 45.01281 45.01281 45.01281 44.40973 44.31187 45.01281 45.01196 43.26904 0 0 0 0 0 0 0 0 0 0 0 0 0 0 0 0 0 0 0 0 0 0 0 0 0 0 0 0 0 0
70.90054 70.90055 74.54784 98.61194 98.61395 97.03161 87.13419 86.22807 86.22807 81.35178 51.60832 32.06196 31.93978 31.93978 37.46414 79.31576 54.73363 46.23572 46.23572 46.23572 46.23572 46.23573 46.23572 46.18498 45.27106 45.01281 45.01281 45.01281 45.01281 45.01281 45.01281 45.01281 44.86765 39.33802 31.28183 30.83461 0 0 0 0 0 0 0 0 0 0 0 0 0 0 0 0 0 0 0 0 0 0 0 0 0 0 0 0 0 0
74.41106 70.90185 80.29082 98.61395 98.61395 94.72814 86.22807 86.22807 86.22807 86.22807 86.22807 73.10593 43.88692 48.3526 74.21915 86.22807 75.20072 46.23572 46.23572 46.23572 46.23572 46.23572 46.23572 46.23572 46.23289 45.74447 45.01281 44.42156 44.41018 45.01281 41.13202 42.21088 32.85266 30.78884 29.99655 21.41838 19.67207 20.21448 0 0 0 0 0 0 0 0 0 0 0 0 0 0 0 0 0 0 0 0 0 0 0 0 0 0 0 0
82.50671 79.28802 82.25082 94.8033 98.61395 91.65424 86.22807 86.22806 86.22806 86.22806 86.22806 86.22806 86.22807 86.22806 86.22807 86.22806 85.64553 50.84852 46.23572 46.23572 46.23572 46.23572 46.23572 46.23572 45.81479 42.28726 37.70517 33.61731 34.05669 34.52876 34.3445 30.56432 30.56432 30.56432 26.92697 19.67207 19.67207 19.67207 19.69263 27.53981 0 0 0 0 0 0 0 0 0 0 0 0 0 0 0 0 0 0 0 0 0 0 0 0 0 0
82.5469 82.50671 82.50671 91.06485 94.83428 86.89351 86.22806 86.22807 86.22806 86.22807 86.22806 86.22807 86.22806 86.22806 86.22806 86.22807 86.22806 82.25031 46.19373 45.07642 46.23572 46.23573 46.23572 46.23572 43.30971 32.76765 32.66355 30.87128 30.56432 30.56432 30.56432 30.56432 30.56432 30.56432 27.247 19.67207 19.67207 19.67207 19.67207 19.67207 24.81788 0 0 0 0 0 0 0 0 0 0 0 0 0 0 0 0 0 0 0 0 0 0 0 0 0
86.51297 82.5067 82.50671 85.07866 86.40419 86.22807 86.22807 86.22806 86.22806 86.22807 86.22807 86.22806 86.22807 86.22806 86.22807 86.22806 86.22807 86.22807 46.75004 34.01534 36.21107 43.85357 44.25941 41.25996 33.6217 32.76765 32.76765 32.41616 30.77389 30.56432 30.56432 30.56432 30.56432 30.56432 30.46976 20.44394 19.67207 19.67207 19.67207 19.67207 19.67207 22.8163 0 0 0 0 0 0 0 0 0 0 0 0 0 0 0 0 0 0 0 0 0 0 0 0
94.12488 83.07036 82.50671 82.33443 76.461 79.27451 85.7181 86.22807 87.92064 86.69228 86.22807 86.22807 86.22807 86.22807 86.44315 87.57095 88.30248 71.37131 37.63238 32.76765 32.76765 32.76765 32.76765 32.76765 32.76765 32.76765 32.76765 32.76765 31.87088 30.56432 30.56432 30.56432 30.56432 30.12155 24.04477 19.6738 19.67207 19.67207 19.67207 19.67207 19.67207 19.67207 21.06462 0 0 0 0 0 0 0 0 0 0 0 0 0 0 0 0 0 0 0 0 0 0 0
95.11321 89.89201 81.06921 72.53268 68.71912 68.71912 75.62273 88.74941 92.48987 90.68277 86.22807 86.73298 87.93945 90.33982 92.27728 92.59214 86.15611 59.77575 36.98549 32.76765 32.76765 32.76765 32.76765 32.76765 32.76765 32.76765 32.76765 32.76765 32.61972 30.65802 30.56432 30.56432 30.56432 24.82375 19.67207 19.67207 19.67207 19.67207 19.67207 19.67207 19.67207 19.67207 20.22967 24.90545 0 0 0 0 0 0 0 0 0 0 0 0 0 0 0 0 0 0 0 0 0 0
95.11321 87.90264 68.73124 68.71912 68.71912 68.93178 85.52198 92.59214 92.59214 90.82789 89.72078 92.56898 92.57823 92.59214 92.59213 87.01627 70.05289 69.21126 51.83504 32.76765 32.76765 32.76765 32.76765 32.76765 32.76765 32.76765 32.76765 32.76765 32.76765 31.94502 30.58776 30.56432 30.56432 22.22915 19.67207 19.67207 19.67207 19.67207 19.67207 19.76135 20.655 21.09699 25.28498 26.0379 26.03871 30.83982 0 0 0 0 0 0 0 0 0 0 0 0 0 0 0 0 0 0 0 0
95.11321 81.2887 68.71912 68.71912 68.71912 71.15385 91.45817 92.59215 92.59214 92.59213 92.59214 92.59213 92.59214 91.28967 79.28883 70.00308 69.21125 69.21125 57.87687 32.76765 32.76765 32.76765 32.76765 32.76765 32.76765 32.76765 32.76765 32.76765 32.76765 32.76765 32.15502 31.08373 28.04353 19.75183 19.67207 19.67207 19.67207 19.67207 19.67207 20.38988 21.87856 23.09367 26.0379 26.0379 26.0379 26.0379 28.82584 0 0 0 0 0 0 0 0 0 0 0 0 0 0 0 0 0 0 0
95.11322 90.15485 68.94621 68.71912 68.71912 68.71912 77.21223 92.59214 92.59214 92.59213 92.59214 92.59213 92.59214 88.68233 69.21125 69.21125 69.21125 69.21125 58.04712 32.76765 32.76765 32.76765 32.76765 32.76765 32.76765 32.76765 32.76765 32.76765 32.76765 32.76765 32.76765 32.76765 30.71491 19.74797 19.67207 19.67207 19.67207 19.67207 19.71931 21.47294 21.87856 22.62802 25.94572 26.0379 26.0379 26.0379 26.0379 27.16809 0 0 0 0 0 0 0 0 0 0 42.04586 43.34992 43.34992 43.34992 43.06868 39.71969 0 0
