Scenarios/Heterogeneous/data/country_data_population_distribution/processed/density_grids/bgd.asc
ncols 112
nrows 159
xllcorner 88
yllcorner 20
[rows 32 to 63 of 159, columns 0 to 71 of 112]
0 0 0 0 0 0 0 0 0 0 0 0 0 0 0 0 0 0 0 0 0 0 0 0 0 0 0 863.2566 944.4326 967.3893 987.4209 945.8613 899.5109 899.4598 1105.556 1442.098 1440.345 1443.015 1442.164 1484.686 1554.359 1339.923 692.724 692.7241 692.724 692.7241 1418.313 961.2094 850.3955 867.1642 1022.576 980.2468 559.014 0 0 0 0 0 0 0 0 0 0 0 0 0 0 0 0 0 0 0
0 0 0 0 0 0 0 0 0 0 0 0 0 0 0 0 0 0 0 0 0 0 0 0 0 0 0 928.2083 928.2376 928.2377 934.7786 929.1649 966.7243 1076.805 1061.362 1295.856 1329.674 1305.904 1245.859 1317.235 1498.773 1271.901 692.7241 692.7241 800.096 1139.473 1228.974 942.1943 880.7505 959.6617 1080.05 957.481 808.5652 795.7314 553.6766 0 0 0 0 0 0 0 0 0 0 0 0 0 0 0 0 0
0 0 0 0 0 0 0 0 0 0 0 0 0 0 0 730.7727 727.7214 0 670.7977 665.3265 668.408 870.2927 0 0 765.7285 0 1158.613 1029.847 928.4031 928.2377 928.2376 928.619 1019.25 1200.336 1204.114 1204.114 1204.114 1204.114 1204.114 1214.408 1377.516 1371.727 895.9332 692.7241 965.6036 1438.376 1002.9 880.7505 880.7505 979.1235 1080.05 1048.735 820.0167 808.5652 808.0626 800.5187 799.1036 769.8445 799.7268 728.7781 0 0 0 0 0 0 0 0 0 0 0 0
0 0 0 0 0 0 0 0 0 0 0 0 0 0 0 727.4668 734.4002 734.4002 678.7882 661.5913 639.7451 624.4237 624.4237 624.4237 624.4237 624.4237 1126.288 1208.22 1160.844 1212 1115.601 1064.355 974.2418 1093.475 1204.114 1204.114 1204.114 1204.114 1204.113 1229.226 1370.302 1372.674 1198.235 792.9333 1206.197 989.6737 886.3337 929.9398 935.9414 957.5375 1080.05 1051.068 855.2759 808.5219 804.2296 799.1036 799.1036 799.1036 943.9307 1079.185 1079.185 974.6272 651.4288 667.4988 802.4615 803.1179 822.4785 870.2361 812.3373 778.7106 800.9274 744.1601
0 0 0 0 0 0 0 0 0 0 0 0 0 0 0 734.4002 734.4002 734.4002 704.5468 661.5912 656.5589 651.1941 640.5084 639.8765 624.4237 624.4237 928.2035 1264.723 1264.723 1264.723 1185.775 775.3223 946.5455 980.0612 1178.102 1333.256 1251.193 1204.113 1204.113 1204.115 1337.405 1372.674 1218.514 1042.465 1062.751 1062.751 1034.607 1059.546 1047.932 1032.282 1080.05 1080.05 1048.366 881.6123 801.3851 799.1036 799.1036 799.1036 921.9007 1062.853 1079.185 1067.382 906.1083 803.1179 803.1179 803.1179 834.5763 870.236 870.2361 870.236 836.3826 785.4064
0 0 0 0 0 0 0 0 0 0 0 0 0 0 0 631.1575 600.1544 724.1783 716.3424 661.5912 661.5912 661.5912 661.5912 647.3995 637.5853 625.2262 937.4009 1201.429 1243.916 1196.407 787.2108 873.4548 973.5652 992.8333 1329.807 1355.564 1338.532 1299.296 1317.171 1347.937 1320.88 1373.135 1349.938 1281.384 1062.751 1062.751 1118.149 1296.91 1062.751 1093.962 1293.67 1291.208 1374.998 1460.16 1097.067 799.1036 799.1036 819.0399 921.9786 1073.959 1079.185 1054.824 815.3422 856.3097 877.8652 838.3381 834.0802 870.2361 870.2361 870.236 822.1236 785.3171
0 0 0 0 0 0 0 0 0 0 0 0 0 0 0 547.5294 547.5294 617.5762 586.9148 657.1504 663.0103 675.2337 692.4565 678.3742 680.8826 756.5714 922.2073 979.6506 1037.773 770.8517 754.0938 795.4926 980.3081 1233.824 1355.564 1355.564 1355.564 1376.55 1443.893 1578.989 1572.762 1564.356 1104.221 952.8376 1062.751 1119.182 1325.82 1403.094 1111.218 1341.124 1491.65 1491.65 1491.65 1491.65 1467.853 1064.032 999.6069 1033.616 1099.927 1091.854 1082.174 974.2023 832.8735 934.8361 990.6934 967.5573 935.0045 901.9637 876.139 1019.632 889.5066 783.1328
0 0 0 0 0 0 0 0 0 0 0 0 0 0 576.7457 547.5294 551.5462 548.7576 551.6577 692.4489 787.7454 806.0971 806.5884 808.0444 886.8224 946.2299 979.6506 979.6507 1041.436 978.8007 913.7879 757.9042 1116.35 1355.564 1508.048 1750.825 1772.778 1818.773 1456.818 1577.427 1429.566 1002.051 921.9363 898.6801 1110.854 1283.357 1366.42 1408.471 1327.413 1356.958 1469.254 1491.65 1491.65 1491.65 1468.619 1131.904 1104.433 1109.997 1134.401 1135.077 1131.432 1108.398 1102.137 1135.083 1042.283 981.1305 981.1305 981.1305 960.5137 1196.482 1145.662 888.9824
0 0 0 0 0 0 0 0 917.6772 886.5793 0 0 836.0247 901.8945 794.0509 708.1856 569.5813 571.7324 589.4239 702.5266 808.0445 808.0444 808.0444 808.0445 877.9646 979.6506 979.6506 979.6506 1048.776 1053.616 1171.142 1160.637 1233.793 1322.69 1638.579 3390.088 3294.711 2975 1450.607 1465.914 1487.996 923.9102 894.4294 894.4294 1100.191 1183.494 1211.941 1400.764 1408.471 1342.68 1306.01 1435.153 1475.678 1487.758 1467.079 1109.981 1104.433 1106.373 1131.884 1135.083 1135.083 1135.083 1135.083 1135.083 1100.269 984.3304 981.1305 983.7825 1194.356 1313.277 1313.26 1209.539
0 0 0 0 0 0 0 0 962.6713 943.861 805.0381 0 943.548 1008.602 1008.602 893.2266 593.7678 599.8953 599.8953 645.7529 808.0633 808.0445 808.0444 808.0444 986.6025 1429.128 1112.81 1166.869 1087.267 1057.242 1167.259 1197.725 1141.737 1026.181 1023.064 2777.42 3496.963 3289.571 1452.492 1431.816 1204.505 894.4294 894.4294 899.9703 1133.299 1183.494 1227.923 1408.471 1408.471 1327.568 1260.834 1260.834 1260.834 1268.33 1269.053 1230.344 1204.282 1419.344 1603.073 1313.661 1135.083 1135.083 1135.083 1135.083 1132.335 1007.546 981.1305 1092.438 1313.277 1313.277 1313.277 1209.357
0 0 0 0 0 0 0 0 1225.983 952.1395 998.4385 992.7016 1006.439 973.1916 885.532 717.6127 599.8953 599.8953 599.8953 733.979 981.903 840.2017 850.2792 1002.507 849.8621 1536.361 1562.788 1435.427 1169.898 1211.578 1202.6 1197.725 1125.815 1023.063 1023.064 2145.79 3492.13 3431.898 2001.071 1431.816 1337.793 962.0695 894.4294 894.4294 1099.35 1183.493 1184.636 1261.467 1296.27 1276.076 1260.834 1260.834 1260.834 1260.834 1260.834 1260.834 1393.353 2167.839 2335.849 2322.231 1660.509 1162.623 1135.083 1135.083 1135.083 1127.878 997.8015 1059.386 1313.277 1313.277 1313.277 1115.379
0 0 0 0 0 0 0 1570.956 1339.952 1103.875 1008.602 1004.92 907.2134 705.6859 594.6626 599.8953 599.8953 599.8953 599.8953 912.3502 995.7515 914.3635 999.5294 1438.412 1245.871 1562.788 1562.788 1400.313 1225.869 1225.869 1217.832 1179.999 1031.715 1023.064 1023.064 1484.279 1674.785 1461.61 1434.68 1431.816 1314.658 928.5681 894.4294 894.4294 925.0717 1096.861 1264.015 1247.745 1339.294 1308.222 1260.834 1260.834 1260.834 1260.834 1263.358 1265.424 1460.76 1657.333 2076.559 2224.071 2335.85 2075.221 1574.704 1135.083 1135.083 1432.298 1233.391 1059.237 1355.107 1293.322 1253.606 857.8439
0 0 0 0 0 0 1417.102 1341.01 1341.01 1234.114 1081.421 956.4093 587.2812 585.0015 589.5539 595.5021 599.8953 599.8953 636.3462 997.8812 1004.865 1004.865 1004.865 1410.018 1562.788 1562.788 1562.788 1338.492 955.2436 828.444 1167.445 1070.385 761.6835 978.9509 1027.572 1273.329 1410.349 1410.349 1411.481 1393.714 1345.259 1268.528 958.7457 899.082 953.7728 1029.989 1147.73 1371.755 1371.755 1371.398 1299.415 1260.834 1146.729 924.7557 1250.296 1476.191 1490.854 1490.854 1490.854 1735.801 2318.341 2335.849 2331.563 2005.464 1337.134 1586.28 1628.034 1610.28 1548.628 1089.361 986.4633 840.9096
0 0 0 0 0 0 1341.01 1341.01 1341.01 1341.01 1178.047 618.4109 588.3809 584.967 584.967 590.3155 607.7753 599.8953 756.881 997.5958 1004.865 1004.865 1004.865 1106.213 1332.45 1257.715 1089.436 829.6133 757.3801 757.3802 1023.997 835.7089 739.502 763.6499 1033.674 1410.349 1410.349 1399.913 1380.263 1359.851 1329.433 1326.053 1321.577 1187.38 984.7379 984.7745 1033.365 1368.722 1371.755 1552.265 1612.398 1382.469 820.4792 802.6852 922.0659 1351.787 1490.854 1490.854 1490.854 1711.561 2314.305 2335.85 2335.778 2164.663 1597.146 1617.247 1626.9 1614.228 1605.741 1097.634 1004.359 997.6334
0 0 0 0 0 1352.941 1341.01 1341.01 1341.01 1341.01 1384.758 1118.057 651.4658 584.967 584.9774 632.8336 710.6534 691.3576 759.9602 997.1065 1004.883 1019.699 1027.902 1014.343 851.852 802.4417 775.5985 787.6756 757.5528 757.3802 757.3802 748.4607 739.5242 739.502 792.7147 926.4437 1282.081 1308.531 1296.725 1303.24 1329.433 1122.956 1085.462 1029.032 984.7745 984.7744 988.0111 1312.998 1370.267 1452.946 1636.993 1567.732 908.891 802.6852 802.6852 1177.259 1478.266 1367.531 1320.366 1299.341 1959.488 2322.11 2335.437 1641.964 1437.106 1405.808 1400.982 1395.84 1370.841 1004.359 1004.359 1004.36
0 0 0 0 0 1497.559 1341.01 1341.01 1341.01 1355.935 1411.006 1420.38 1137.28 951.6015 697.7256 697.674 720.6346 720.6346 722.0533 1008.236 1054.584 1112.685 1113.876 1075.774 1016.479 940.2103 838.1712 843.289 821.9082 796.5947 780.3296 745.206 743.6202 739.59 740.2704 739.5527 1162.474 1296.725 1296.725 1299.999 1326.72 1089.794 984.7745 984.7745 984.7745 984.7745 1011.84 1371.756 1308.634 1246.905 1550.857 1296.366 810.5186 802.6852 802.6851 1025.309 1404.068 1245.709 1245.709 1246.881 1381.533 1431.654 1777.459 1486.49 1393.079 1393.079 1393.079 1393.079 1385.451 1163.015 1008.074 1004.359
0 0 0 0 0 0 1341.01 1342.179 1354.97 1404.322 1420.388 1418.18 1280.257 1121.513 770.6487 720.691 720.6346 720.6346 1017.73 1185.623 1145.586 1113.876 1113.876 1113.876 1113.876 1113.876 920.8115 845.7272 843.5521 843.5522 785.6949 748.91 748.6196 742.6915 748.5813 767.777 1216.128 1296.725 1296.725 1296.905 1323.444 1298.026 1703.023 1598.557 1114.733 1537.429 1685.539 1353.155 1237.282 1227.046 1121.762 836.1519 802.6852 802.6852 802.6852 1129.426 1274.114 1245.709 1245.709 1245.709 1322.427 1404.832 1404.832 1404.827 1396.846 1393.079 1393.013 1392.418 1389.947 1390.28 1226.107 1015.654
0 0 0 0 0 0 1785.86 1418.013 1416.616 1415.328 1420.388 1132.804 848.5427 848.5427 847.9909 790.9875 744.8456 720.9098 1102.345 1195.213 1186.665 1115.194 1113.876 1113.876 1113.876 1114.916 1120.67 1165.646 973.9826 844.4886 790.9798 749.1055 749.1055 749.1055 749.1055 753.0718 998.9141 1199.652 1333.645 1329.619 1338.877 1348.329 1764.064 2213.059 2035.067 2212.996 1697.696 1083.556 1216.256 1227.046 1227.046 1106.669 819.609 805.3691 816.561 926.55 1245.709 1245.709 1245.709 1257.821 1392.006 1404.832 1404.832 1403.106 1396.554 1391.262 1390.504 1389.569 1389.569 1389.569 1388.402 1265.073
0 0 0 0 0 0 0 1681.988 1420.388 1420.388 1420.388 1085.827 848.5427 848.5427 848.5427 848.5427 846.792 792.4799 1195.213 1196.369 1211.159 1100.489 1085.854 1089.957 1125.668 1182.52 1218.606 1221.576 1221.576 949.6269 750.0028 749.1055 749.1056 749.1055 749.1055 748.482 747.8312 822.2587 1370.484 1403.265 1403.264 1403.265 1786.709 2213.058 2213.059 1952.134 986.9337 965.767 1065.28 1183.171 1210.628 1017.814 985.6259 992.5602 960.5146 983.6513 1139.397 1245.015 1245.709 1256.765 1389.833 1404.832 1382.938 1275.554 1327.625 1375.163 1389.569 1389.569 1404.701 1393.242 1457.871 1567.922
0 0 0 0 0 0 0 0 1904.211 1420.388 1420.388 1029.245 848.5427 848.5428 848.5427 848.5427 1278.722 1427.783 1503.799 1507.253 1194.694 1073.316 1073.316 1073.316 1154.055 1195.904 1221.576 1221.576 1220.798 821.3525 749.1056 749.1055 749.1056 749.1055 748.8671 747.8452 747.8312 759.5353 1132.592 1403.264 1403.264 1403.265 1516.273 2213.058 2213.059 2053.438 998.4695 952.1556 952.1556 1092.914 1059.503 998.9438 998.9438 998.9438 998.9438 998.9438 999.7278 1127.857 1196.737 1261.076 1389.113 1317.049 1337.161 1235.151 1235.079 1294.879 1668.171 1511.5 1609.574 1879.675 2548.545 2030.388
0 0 0 0 0 0 0 0 0 0 0 1406.654 918.1378 848.5427 848.5427 848.5427 1125.494 1648.274 1680.934 1654.15 1453.971 1073.316 1073.316 1123.436 1157.683 1197.736 1221.576 1221.576 1221.576 1006.784 753.5061 749.1055 749.1055 894.6088 856.1066 747.8312 747.8312 747.8312 1114.263 1425.755 1426.15 1439.385 1568.633 2107.117 2186.252 1605.952 952.1557 952.1557 952.1557 998.7163 998.9438 998.9438 998.9438 998.9439 995.3527 987.6844 945.3816 1096.527 1118.106 1110.035 1115.621 1110.077 1144.042 1212.231 1235.079 1238.307 1469.525 1689.838 1752.042 2236.777 2567.365 2279.618
0 0 0 0 0 0 0 0 0 0 0 0 1434.701 1005.825 849.4894 990.7631 1407.882 4626.431 4092.383 2945.45 1665.09 1136.604 1147.531 1172.225 1179.53 1200.529 1221.576 1221.576 1221.576 1195.943 1122.257 1073.524 1072.207 1131.715 1106.622 747.9609 747.8311 758.4816 1283.205 1468.044 1467.944 1468.044 1550.159 1628.756 1882.383 2131.302 1256.137 1166.202 1236.54 1453.907 1293.749 1156.327 1254.838 1288.998 775.0674 683.5736 681.1173 721.9463 1105.877 1110.035 1110.035 1110.035 1110.035 1182.193 1235.079 1235.079 1235.079 1502.843 1701.838 2283.811 2567.365 2567.365
0 0 0 0 0 0 0 0 0 0 0 0 0 0 0 0 2278.54 4697.573 3948.954 4309.979 1562.621 1235.181 1346.229 1238.889 1177.993 1159.847 1132.099 1124.921 1213.8 1083.609 1062.752 1100.088 1040.643 1139.411 1139.411 1011.266 935.9898 1007.372 1446.81 1468.044 1468.044 1468.044 1473.948 1626.614 2130.985 2794.623 1735.598 1644.258 1542.04 1557.449 1540.41 1540.41 1540.41 1391.134 795.8942 680.4056 680.4056 812.5342 1110.035 1110.035 1110.035 1110.035 1149.605 1135.442 1234.54 1235.079 1239.077 1546.165 1592.766 1693.8 2129.312 2019.68
0 0 0 0 0 0 0 0 0 0 0 0 0 0 0 0 0 0 0 2110.305 0 1375.675 1413.335 1413.335 1228.196 1046.046 1044.157 1046.608 1044.904 793.0702 787.066 787.0659 787.0963 911.0864 976.3299 1051.569 1050.951 1191.619 1426.318 1468.044 1468.044 1468.044 1468.044 2093.616 2869.425 2869.425 2353.497 1867.175 1859.833 1789.533 1562.202 1540.41 1527.728 1177.299 680.4056 680.4056 680.4056 684.7682 1040.412 1155.458 1164.973 1130.212 1592.96 1532.221 1361.422 1235.079 1235.103 1484.273 1592.766 1592.766 1586.066 1582.654
0 0 0 0 0 0 0 0 0 0 0 0 0 0 0 0 0 0 0 0 0 0 1413.335 1413.301 1166.34 1095.447 1185.152 1267.475 845.0272 787.066 787.066 787.066 787.066 819.6991 1017.31 1050.951 1094.3 1205.26 1330.036 1453.233 1468.044 1603.791 1623.845 2709.462 2840.696 2328.208 1704.286 1867.811 1867.811 1867.811 1836.619 1478.44 1115.363 1038.541 713.959 680.4056 680.4056 680.4056 738.6531 1524.473 1648.494 1630.127 1681.228 1681.228 1622.271 1297.663 1322.354 1460.777 1592.766 1589.17 1583.407 1582.654
0 0 0 0 0 0 0 0 0 0 0 0 0 0 0 0 0 0 0 0 0 0 1192.905 1212.739 1123.232 1291.863 1376.798 1369.043 865.1002 787.2955 787.066 787.0659 787.066 931.3558 1050.951 1050.951 1131.908 1233.982 1151.51 1276.903 1673.006 2112.07 2068.318 2378.367 2065.341 1075.036 1393.06 1867.811 1867.811 1865.34 1787.772 1561.196 1091.386 1091.386 837.1127 680.4056 687.4298 719.9138 986.6131 2096.118 1681.228 1681.228 1681.228 1681.228 1667.352 1543.9 1536.87 1537.131 1609.273 1627.525 1631.648 1586.756
0 0 0 0 0 0 0 0 0 0 0 0 0 0 0 0 0 0 0 0 0 1146.671 1110.154 1110.515 1147.845 1380.262 1380.262 1378.249 1342.503 850.2775 790.12 828.8824 930.5458 1042.572 1050.951 1050.951 1089.81 1188.9 1006.508 1005.919 1367.745 2117.388 2117.388 2117.388 2117.388 1385.288 1126.14 1856.928 1867.811 1512.738 1311.401 1237.314 1108.55 1118.443 1008.782 1046.142 1171.013 1219.546 2366.92 2457.488 1761.429 1773.713 2683.166 1681.228 1680.035 1547.769 1536.999 1536.999 1595.012 1641.613 1642.318 1670.072
0 0 0 0 0 0 0 0 0 0 0 0 0 0 0 0 0 0 0 0 0 1099.178 1102.324 1109.396 1124.082 1309.901 1379.134 1380.265 1317.883 1306.845 1265.057 1282.366 1039.205 967.6898 1014.764 1050.951 1046.922 1013.417 1017.656 1101.678 1320.623 1993.707 2117.388 2117.388 2117.388 1487.167 1160.802 1253.965 1367.979 1286.028 1253.838 1253.838 1224.437 1207.568 1202.038 1207.953 1207.953 1972.374 2498.139 2498.139 4735.438 7085.03 8331.671 2178.117 1669.009 1552.036 1536.999 1536.998 1588.013 1641.613 1727.668 1902.997
0 0 0 0 0 0 0 0 0 0 0 0 0 0 0 0 0 0 0 0 0 1081.893 1099.178 1099.178 1123.072 1188.705 1512.576 1636.154 1448.739 1282.366 1282.366 1282.366 1215.943 1029.994 975.9616 979.7537 984.1528 966.3807 1142.724 1330.013 1330.013 1384.619 1635.483 2005.514 2117.388 1907.932 1155.594 1137.516 1239.64 1247.961 1253.838 1230.574 1208.234 1207.953 1207.953 1207.953 1620.329 2103.792 2498.139 2498.139 7135.412 8356.099 7118.984 1746.897 1599.869 1536.999 1536.999 1561.564 1602.058 1627.364 1627.195 1806.635
0 0 0 0 0 0 0 0 0 0 0 0 0 0 0 0 0 0 0 0 0 0 1099.178 1099.178 1099.178 1107.802 1567.341 1646.233 1572.172 1283.183 1282.366 1459.704 1741.915 1752.602 1721.804 1424.111 1360.648 1152.177 1269.054 1330.013 1330.013 1330.013 1333.713 1341.293 1354.236 1070.008 1052.258 1155.619 1238.591 1242.731 1248.288 1227.21 1209.638 1207.953 1207.953 1334.443 2374.547 2498.139 2498.139 2498.139 7209.03 8356.098 4750.821 1677.092 1542.273 1538.53 1549.272 1560.176 1559.73 1562.504 1548.1 1628.263
0 0 0 0 0 0 0 0 0 0 0 0 0 0 0 0 0 0 0 0 0 0 1089.85 1099.178 1099.178 1099.178 1315.491 1569.836 1646.233 1335.656 1282.366 1453.498 1752.602 1752.602 1752.602 1752.602 1752.602 1739.268 1350.001 1330.013 1330.013 1330.013 1331.713 1340.171 1331.566 1097.094 1072.814 1238.591 1238.591 1238.591 1238.836 1238.972 1407.281 1683.663 1659.518 1884.151 2822.109 3483.056 3678.633 4730.132 7382.36 8356.099 6211.587 1898.164 2074.38 2033.292 2091.288 2239.968 1828.679 1560.352 1548.099 1644.231
0 0 0 0 0 0 0 0 0 0 0 0 0 0 0 0 0 0 0 0 0 0 1044.221 1067.978 1099.178 1099.178 1101.317 1178.896 1251.376 1214.848 1275.219 1422.308 1754.67 1716.999 1619.257 1746.771 1752.602 1688.184 960.0947 1162.357 1211.358 1185.874 1261.858 1340.017 1252.776 993.4689 1055.529 1141.854 1166.521 1111.372 1096.45 1240.13 1240.202 1757.294 1878.136 1878.137 2719.686 5380.085 5420.422 5433.649 8034.468 8356.098 7955.024 2770.954 2111.939 2111.939 2135.823 2637.56 2418.837 1746.833 1619.762 1804.961
