Scenarios/Heterogeneous/data/country_data_population_distribution/processed/density_grids/bgd.asc
ncols 112
nrows 159
xllcorner 88
yllcorner 20
[rows 64 to 95 of 159, columns 0 to 71 of 112]
0 0 0 0 0 0 0 0 0 0 0 0 0 0 0 0 0 0 0 0 0 0 972.8624 998.7761 1045.718 1099.159 1101.147 1143.222 1144.743 1145.239 1661.669 1675.874 1499.272 1446.243 1181.314 1336.747 1699.099 1411.793 912.3233 912.3234 912.3234 912.3233 1088.565 1340.171 1258.622 993.4689 993.4689 993.4689 1025.187 1038.876 1086.007 1297.4 1248.303 1426.381 1878.136 1878.136 1878.136 3627.025 5420.422 5420.422 7149.155 8356.098 8356.098 6677.257 2610.418 2202.204 2309.912 2948.968 3272.705 2912.328 2001.611 2120.861
0 0 0 0 0 0 0 0 0 0 0 0 0 0 0 0 0 0 0 0 0 966.6614 968.4418 968.4418 986.5482 1108.392 1141.602 1144.743 1144.743 1211.371 1729.461 1589.325 1181.314 1181.314 1181.314 1181.314 1257.925 1066.639 912.3232 912.3233 912.3233 912.3233 982.0759 1326.337 1312.842 1004.358 1000.898 1013.667 1065.199 1071.177 1147.306 1693.609 1617.903 1469.942 1484.768 1878.136 1878.137 3194.379 5420.423 5420.422 8228.19 14198.7 7525.331 4912.732 2849.609 2820.904 3128.769 4244.112 4260.31 4152.976 3046.073 3551.335
0 0 0 0 0 0 0 0 0 0 0 0 0 0 0 0 0 0 992.7415 995.9241 996.8476 968.4417 968.4418 968.4417 993.8525 1128.447 1144.743 1144.743 1315.08 1716.816 1784.991 1646.002 1181.314 1181.314 1181.319 1404.574 1270.686 1101.195 1073.51 932.7833 912.3234 912.3233 912.3233 1293.836 1334.875 1122.788 1002.455 1011.697 1026.021 1032.38 1071.355 1590.551 1694.004 1692.628 1472.349 1683.407 1874.88 2380.696 5420.423 5420.422 9562.378 13222.98 14859.55 4871.167 2849.609 2849.609 3398.549 3380.115 4260.301 4260.31 2637.517 2301.353
0 0 0 0 0 0 0 0 0 0 0 0 0 0 0 0 0 0 929.1807 1028.13 1022.055 968.8575 968.4417 972.3996 1098.297 1119.583 1139.873 1181.373 1726.687 1784.992 1784.992 1650.999 1181.477 1181.314 1393.815 1499.579 1151.112 1098.168 1005.464 1041.524 885.1069 898.6985 945.9526 1168.064 1325.482 1084.693 1021.3 1002.455 1003.02 1010.754 1052.563 1375.137 1694.004 1618.266 1457.958 1460.742 1525.586 1641.477 5408.522 5420.423 64895.02 32082.56 18267.66 12480.4 2849.609 2849.609 2872.851 3356.513 3553.881 3800.971 2675.692 1774.147
0 0 0 0 0 0 0 0 0 0 0 0 0 0 0 0 0 0 1028.13 1028.13 1028.13 985.0266 969.4489 1067.249 1118.955 1118.959 1124.427 1153.875 1720.865 1633.498 1770.916 1550.747 1181.359 1172.811 1482.756 1417.464 1101.195 1101.195 952.007 844.7853 844.7853 844.7853 1172.36 1389.577 1389.548 1106.829 1047.228 1023.777 1018.766 1041.086 1041.086 1101.726 1493.025 1612.182 1457.958 1457.958 1457.958 3110.822 5492.25 5704.535 56477.38 64567.5 58770.53 15491.2 2849.609 2893.509 3014.615 2881.409 2881.409 2623.794 1878.661 1774.147
0 0 0 0 0 0 0 0 0 0 0 0 0 0 0 0 0 0 942.2075 1016.926 1027.887 1028.13 1029.823 1118.39 1118.955 1118.955 1118.955 1118.955 1553.026 1436.634 1313.476 1608.944 1123.719 1084.643 1162.845 1175.795 1098.526 1099.154 1033.833 844.7853 875.8459 912.7103 1233.742 1389.577 1389.577 1187.793 1047.228 1126.397 1050.947 1041.086 1041.086 1041.086 1145.872 1616.266 1495.911 1524.836 1491.039 2405.01 5751.63 6253.087 26170.13 84016.87 65461.54 26466.3 3555.737 3364.498 3578.968 3215.437 2881.409 2044.047 1790.048 1826.432
0 0 0 0 0 0 0 0 0 0 0 0 0 0 0 0 0 0 876.3215 947.3091 913.2986 1007.47 991.8545 1090.427 1172.714 1173.242 1118.955 1118.955 1150.002 1048.629 1027.869 1098.505 1084.043 1084.043 1084.043 1084.959 977.2377 877.8129 865.6414 879.373 925.184 928.9528 1094.831 1389.577 1389.577 1355.782 1183.687 1488.043 1519.231 1187.955 1041.086 1041.086 1164.928 1530.79 1538.93 1538.929 1538.929 1538.929 3010.003 6157.913 6285.042 7429.118 36381.63 30237.31 12585.21 5579.804 3660.915 3371.547 2812.668 2689.082 1825.706 1849.888
0 0 0 0 0 0 0 0 0 0 0 0 0 0 0 0 0 0 889.1935 897.5719 964.8141 983.1346 983.1346 1143.538 1231.817 1231.343 1135.22 1119.134 1029.895 979.9405 983.887 1047.835 1084.043 1084.043 1084.043 1084.043 1058.152 988.4156 952.6665 935.7435 928.9529 928.9528 959.2299 1216.236 1389.577 1448.417 1526.205 1527.533 1527.533 1524.979 1169.372 1060.334 1424.151 1557.114 1659.378 2041.101 1542.744 1544.21 1790.389 2481.548 4105.248 3844.084 6632.28 15976.78 11660.31 5464.314 3456.393 1846.556 1421.636 1516.448 1795.848 1870.9
0 0 0 0 0 0 0 0 0 0 0 0 0 0 0 0 0 0 971.1996 983.4498 983.1346 983.1346 983.1346 1005.189 1205.141 1231.817 1231.466 1214.746 1019.538 992.405 980.2649 988.8662 1073.749 1084.175 1084.33 1084.055 1030.619 992.7654 992.7654 972.2428 930.7188 952.1248 974.7131 965.1123 1323.549 1421.642 1522.485 1527.533 1527.533 1428.915 1082.624 1082.624 1082.624 2875.324 3249.734 3450.904 2174.921 1497.571 1571.359 1661.35 1803.252 1841.176 10711.09 17150.22 9351.099 4060.088 2552.323 1547.4 1422.38 1656.317 2099.766 2101.473
0 0 0 0 0 0 0 0 0 0 0 0 0 0 0 0 0 0 0 0 985.6006 983.1346 983.1346 1033.199 1231.795 1231.817 1216.791 1154.782 1068.754 1083.677 1051.81 1052.942 1087.738 1091.896 1091.951 1083.835 1026.23 1005.694 992.7654 992.3433 1020.893 1022.048 1034.322 1034.322 1106.637 1507.94 1527.533 1527.533 1527.533 1426.827 1087.598 1096.861 1101.966 3452.036 3225.311 3452.037 2770.526 1463.934 1462.261 1463.583 1731.678 1841.176 8418.54 8892.515 4310.293 3357.534 1544.028 1526.38 1548.55 1805.343 2070.407 1998.922
0 0 0 0 0 0 0 0 0 0 0 0 0 0 0 0 0 0 0 0 0 979.503 983.1347 1084.903 1156.252 1195.784 1120.457 1011.577 1086.178 1093.39 1093.39 1093.39 1093.39 1093.39 1093.39 1067.888 1049.885 1049.763 1035.75 1019.529 1018.725 1034.236 1034.322 1034.321 930.7398 890.8834 1452.35 1415.605 1379.778 1035.953 1081.511 1114.145 1114.145 1114.145 1114.145 2326.948 1823.937 1462.26 1462.26 1465.018 1624.489 1842.497 1997.625 2566.635 3201.684 3201.684 1544.027 1538.945 1567.029 1793.26 1796.851 1796.851
0 0 0 0 0 0 0 0 0 0 0 0 0 0 0 0 0 0 0 0 0 0 0 991.0158 969.296 965.7222 961.8906 939.9532 967.262 1064.72 1092.237 1090.909 1093.39 1093.39 1093.39 1066.676 1049.885 1049.885 1049.885 1043.68 1007.903 1009.327 1013.841 839.0788 818.5784 835.21 991.897 974.3655 1003.155 1010.037 1079.323 1145.238 1116.176 1115.971 1114.145 1114.145 0 1567.943 1786.684 1817.516 1825.448 1882.735 2009.864 2026.08 3027.025 3201.684 1329.655 1302.98 1471.588 1796.848 1796.851 1793.728
0 0 0 0 0 0 0 0 0 0 0 0 0 0 0 0 0 0 0 0 0 0 0 965.7222 965.7222 965.722 949.6831 939.9532 939.9533 943.4628 1030.828 1036.165 1059.695 1054.419 1003.242 977.7802 1049.885 1049.885 1049.885 1044.697 1006.432 1005.428 906.7452 803.8373 803.8373 843.9411 973.6124 973.6124 999.4227 1010.037 1110.544 1378.527 1335.624 1248.139 1264.032 1572.46 1572.46 1462.515 1079.121 1270.62 1844.465 1844.465 1938.234 2166.454 3193.627 3119.561 1297.723 1297.723 1305.522 1695.149 1743.583 1720.041
0 0 0 0 0 0 0 0 0 0 0 0 0 0 0 0 0 0 0 0 0 0 957.1646 929.4645 929.5442 867.8144 853.9469 890.9246 918.6689 977.1188 1013.891 1014.065 1014.065 1013.999 830.9582 802.2899 917.8403 1031.989 1049.885 1048.496 1011.607 1005.428 917.9397 803.8373 803.8373 821.3768 948.9747 973.6125 992.9897 1010.037 1283.869 1385.202 1385.203 1285.489 1408.688 1572.46 1559.999 1038.282 959.7224 959.7224 959.7225 1044.855 1356.471 1547.219 2569.294 1328.795 1297.723 1297.723 1297.723 1326.586 1633.966 1682.115
0 0 0 0 0 0 0 0 0 0 0 0 0 0 0 0 0 0 0 0 0 0 883.2537 840.8295 840.8296 840.8296 840.8296 853.9977 903.6541 996.2082 1014.065 1014.065 1014.065 1009.108 864.0663 798.7689 799.0308 841.1616 1020.053 1049.885 1024.553 1005.428 890.2407 803.8373 817.6913 803.8373 842.3611 966.451 983.4595 995.3398 1107.442 1242.027 1372.831 1374.265 1510.282 1572.46 1545.392 1032.069 959.7224 959.7225 959.7224 959.7998 1156.365 1414.843 1132.181 1239.218 1297.723 1297.723 1451.828 1581.304 1641.743 1670.145
0 0 0 0 0 0 0 0 0 0 0 0 0 0 0 0 0 0 0 0 0 0 840.8296 840.8296 840.8295 840.8296 840.8296 919.182 971.0953 983.1498 1007.8 1014.065 1028.408 1340.241 880.7055 847.1258 803.0325 798.7689 836.7849 968.7027 1003.944 942.1603 900.2464 981.7435 1143.991 821.221 784.9667 871.6149 869.8281 876.0015 919.2925 879.5637 1120.833 1126.037 1491.443 1555.142 1564.652 1475.324 961.9835 1086.203 1260.24 1315.159 1408.298 1400.606 1141.651 1377.969 2564.06 2279.749 1982.083 1668.237 2059.283 2054.844
0 0 0 0 0 0 0 0 0 0 0 0 0 0 0 0 0 0 0 0 0 1069.451 840.8296 841.4317 840.8296 843.4616 936.2284 935.4009 971.0953 971.0953 1023.126 1591.773 1862.707 1894.468 1046.058 878.8003 872.9902 844.8682 799.1468 770.2657 857.4147 821.2675 821.2675 1107.165 1225.967 1130.872 714.635 761.9888 864.0649 864.0649 864.0649 864.0649 913.4413 1008.396 1180.292 1355.629 1354.278 1312.369 1213.616 1243.996 1345.006 1414.843 1414.843 1268.116 1054.327 1056.084 1885.055 2669.378 2638.468 2195.636 2089.701 2171.944
0 0 0 0 0 0 0 0 0 0 0 0 0 0 0 0 0 0 0 0 0 0 0 0 959.9332 976.9067 975.3344 987.717 980.6523 971.0953 1236.874 1929.946 1929.946 1929.946 1650.272 950.4973 878.8004 878.7774 747.9089 726.5686 745.127 807.0323 829.5424 960.2382 1122.348 848.6009 713.2303 714.9736 836.4177 864.0649 864.0649 871.6841 956.4026 1008.396 1146.783 1225.839 1225.839 1226.77 1236.215 1243.996 1250.129 1327.591 1266.341 1072.458 1054.327 1054.327 1117.558 2669.378 2669.378 2499.042 2422.655 2135.58
0 0 0 0 0 0 0 0 0 0 0 0 0 0 0 0 0 0 0 0 0 0 0 0 0 0 0 1115.245 1082.856 1010.047 1330.604 1929.946 1929.946 1929.946 1926.24 1143.558 878.8004 878.2117 735.3036 726.5686 726.5686 726.5689 806.8389 821.2675 772.4146 741.5984 724.1802 713.2303 750.939 819.3084 861.0651 938.2308 1008.396 1008.396 1146.516 1225.839 1225.839 1225.839 1226.829 1243.557 1243.996 1181.075 1101.147 1059.322 1053.807 1054.327 1055.692 2669.378 2593.113 1904.119 1789.984 1791.842
0 0 0 0 0 0 0 0 0 0 0 0 0 0 0 0 0 0 0 0 0 0 0 0 0 0 1118.854 1137.328 1087.319 1079.656 1319.899 1883.73 1929.946 1929.946 1929.946 1780.298 1047.063 844.5327 727.1084 726.5685 726.5685 726.5686 770.4664 821.2675 818.3141 787.6514 727.9157 713.2303 713.3243 727.0287 898.592 996.4367 974.6386 1008.396 1150.579 1201.915 1168.104 1176.172 1042.554 1104.793 1202.271 1277.413 1277.844 1161.161 850.8847 909.1803 1054.327 2669.378 2449.805 1789.984 1789.984 1792.576
0 0 0 0 0 0 0 0 0 0 0 0 0 0 0 0 0 0 0 0 0 0 0 0 0 1132.753 1137.881 1137.574 1087.802 1079.656 1079.228 1440.283 1743.696 1857.374 1684.573 1793.698 1590.434 1023.337 827.3331 726.5686 734.8691 753.3423 797.4609 820.7406 858.2454 898.4181 874.8095 728.6746 866.1863 898.5558 915.7648 799.2833 640.1508 734.6628 875.8664 1013.792 970.7239 998.2799 968.4857 968.4856 932.7208 1019.144 1018.837 843.468 792.8107 792.8107 0 2109.351 1908.473 1789.984 1789.984 1930.792
0 0 0 0 0 0 0 0 0 0 0 0 0 0 0 0 0 0 0 0 0 0 0 0 0 1138.344 1137.923 1137.923 1086.288 1079.656 1074.86 1067.295 1067.295 1116.677 1067.295 1132.742 1240.51 1195.439 1059.674 726.5686 744.1864 815.8449 816.2836 816.2592 816.9598 863.5856 895.0829 893.8002 901.9312 901.9313 901.9312 688.6508 635.2851 635.2851 708.8606 1030.094 1094.886 1049.58 968.4857 946.1684 826.7522 796.7431 792.8519 792.8109 780.7662 766.3716 0 2029.707 1851.116 1775.298 1733.308 1810.483
0 0 0 0 0 0 0 0 0 0 0 0 0 0 0 0 0 0 0 0 0 0 0 0 0 1141.242 1137.923 1137.923 1087.459 1078.844 1069.308 1067.295 1067.295 1067.295 1067.295 1073.061 1217.188 1240.51 1228.665 1073.462 850.8405 815.8291 815.8292 815.8291 815.8292 819.5708 898.4444 901.9312 901.9312 901.9312 866.1959 654.4417 635.2851 635.2851 674.2442 983.2714 1053.389 1123.676 968.4856 920.2595 816.976 814.3887 777.2203 737.6378 694.7634 694.7634 0 2027.039 1728.26 1703.694 1703.694 1663.728
0 0 0 0 0 0 0 0 0 0 0 0 0 0 0 0 0 0 0 0 0 0 0 0 0 1137.923 1137.923 1122.599 1079.656 1078.117 1073.423 1067.295 1067.295 1067.295 1067.295 1067.295 1114.767 1240.51 1213.871 1221.267 1177.892 820.3671 754.0823 756.4205 697.0486 723.6428 758.2089 862.4003 901.9184 778.3721 641.8572 635.2851 635.2851 691.1302 925.7959 946.695 1058.946 1146.176 1055.479 1011.852 816.976 816.976 775.7257 694.7634 694.7635 694.7634 694.7634 1752.903 1703.694 1695.686 1647.995 1633.586
0 0 0 0 0 0 0 0 0 0 0 0 0 0 0 0 0 0 0 0 0 0 0 0 0 0 1115.602 1102.022 1035.854 1046.05 1044.821 1071.29 1080.582 1082.208 1083.182 1071.694 1076.343 1091.617 1131.335 1183.819 1691.803 2188.467 546.4119 541.016 541.016 550.3138 599.217 710.764 680.8845 641.2455 629.7952 633.8763 651.3527 859.0677 946.5159 946.6296 952.8151 1179.239 1222.511 1147.708 851.1535 816.976 747.6553 695.1542 694.7635 694.7635 694.7634 694.7634 1703.694 1696.689 1640.665 1633.23
0 0 0 0 0 0 0 0 0 0 0 0 0 0 0 0 0 0 0 0 0 0 0 0 0 0 1011.799 1011.131 1011.131 1011.131 1023.14 1083.324 1097.501 1097.501 1097.501 1097.437 814.588 669.7776 669.7776 2075.713 7314.608 2047.353 541.016 541.0159 548.2411 578.55 601.9393 602.1987 613.022 621.8104 621.8292 633.5113 750.2138 943.2088 943.2089 943.2269 943.9812 1003.99 1119.05 965.5621 853.9095 829.0171 827.0201 845.6629 754.4858 761.5307 704.5386 0 1703.694 1672.334 1633.23 1633.23
0 0 0 0 0 0 0 0 0 0 0 0 0 0 0 0 0 0 0 0 0 0 0 0 0 0 0 1033.249 1011.131 1011.131 1011.457 1091.479 1097.501 1097.286 970.6189 973.9554 880.8984 669.7777 669.7777 1079.672 6567.363 5504.614 1057.513 1105.499 936.3382 601.9392 601.9392 603.9836 684.6451 665.1357 684.198 746.7635 874.6137 1074.899 986.34 1053.464 947.4736 943.2089 930.5419 889.2717 851.6499 849.3793 863.5869 863.587 863.5869 863.5869 863.5869 863.5869 863.5869 1633.23 1589.379 1438.051
0 0 0 0 0 0 0 0 0 0 0 0 0 0 0 0 0 0 0 0 0 0 0 0 0 0 0 1216.557 1284.323 1266.896 1084.972 1015.872 1038.518 1004.181 759.8406 681.7292 695.8428 669.7777 669.7777 676.2928 1907.557 15627.32 2223.427 2051.672 1135.96 682.1696 759.3101 866.8752 939.6634 942.1388 852.5809 835.415 870.197 1141.026 1171.426 1202.137 1196.016 998.3478 905.6561 889.314 858.4215 835.2266 863.29 863.5869 863.5869 863.5869 1076.256 1008.32 1033.389 1633.23 1307.036 1293.314
0 0 0 0 0 0 0 0 0 0 0 0 0 0 0 0 0 0 0 0 0 0 0 0 0 0 1335.448 1356.3 1356.3 1356.3 1161.633 976.8709 976.8709 976.8708 973.4404 778.7883 669.7776 669.7776 669.7777 707.5833 748.6085 4348.311 954.9781 1470.386 803.2467 814.935 932.2624 943.9371 942.231 934.4709 862.4953 835.415 856.7077 1206.125 1206.489 1203.959 1140.31 972.35 899.0287 1141.526 1248.907 1237.801 1119.213 875.7589 863.587 907.4551 1669.568 1669.926 1669.926 0 1293.314 1293.315
0 0 0 0 0 0 0 0 0 0 0 0 0 0 0 0 0 0 0 0 0 0 0 0 0 0 1415.545 1356.3 1356.3 1356.3 1336.33 1054.205 976.8709 976.8709 977.2242 952.1747 689.6849 669.7776 669.7777 730.0488 748.6085 748.6085 779.6753 816.164 841.7528 881.5859 947.1934 947.1935 863.3471 827.2395 864.6861 835.415 964.5521 1208.714 1208.714 1204.029 1141.754 1125.929 1385.549 2041.362 2137.077 2141.773 2141.773 2075.724 895.4974 1171.168 1669.926 1669.926 1669.926 0 1293.314 1293.314
0 0 0 0 0 0 0 0 0 0 0 0 0 0 0 0 0 0 0 0 0 0 0 0 0 0 0 1359.177 1356.3 1352.576 1351.015 1318.631 989.9301 976.8709 1010.076 1027.755 907.195 712.0303 695.6678 747.8181 748.6085 738.5156 796.6724 777.0473 947.1935 947.1935 947.1934 947.1935 890.8685 833.553 890.3048 925.3134 1158.823 1208.714 1208.714 1168.413 1125.929 1059.78 1152.089 1835.375 2141.773 2140.81 2141.773 2141.773 1139.499 1333.74 1669.926 1669.926 1693.258 0 0 1293.314
79.72053 0 0 0 0 0 0 0 0 0 0 0 0 0 0 0 0 0 0 0 0 0 0 0 0 0 0 1280.433 1213.575 1180.909 1258.877 1317.509 1160.734 1039.293 1016.315 1043.614 1050.953 986.5675 881.7397 529.2436 701.0628 585.1231 629.0374 510.0226 686.9413 804.846 924.7873 947.1548 842.351 855.2892 1034.268 1055.832 1019.831 940.1262 1075.161 1123.155 1125.929 967.5328 854.9684 894.9282 1341.266 1537.788 1247.453 1554.678 1484.516 1668.448 1669.926 1672.222 1737.211 1746.976 0 1710.306
