Scenarios/Heterogeneous/data/country_data_population_distribution/processed/density_grids/bgr.asc
ncols 159
nrows 77
xllcorner 22
yllcorner 41
cellsize 0.041666666666667
NODATA_value -9999
[rows 31 to 61 of 77, columns 69 to 137 of 159]
18.82449 26.87565 27.72927 27.72927 27.72927 27.72927 46.30109 98.66576 98.66576 98.66576 98.66577 98.66576 98.66576 98.66577 70.49368 36.90396 36.72267 49.57768 69.81304 84.86081 84.74962 23.3868 12.91703 12.91703 12.91703 12.91703 12.91703 12.91703 15.38041 44.29136 74.66648 85.62905 50.09483 23.07503 23.07503 23.07503 23.07503 23.07503 23.07503 23.07503 22.36415 15.83275 16.20054 16.29382 16.13188 15.71286 15.71286 15.71286 15.71286 15.71286 15.71286 19.81503 38.04466 47.57731 47.57731 47.57731 47.57731 47.57731 47.57731 47.5773 47.57037 44.43479 47.97494 46.89718 51.74739 53.95045 48.46543 43.33552 23.08999
11.80993 12.6318 24.46241 27.72928 27.72928 27.72928 32.08931 66.39359 98.64119 98.66576 98.66576 98.66576 98.66576 95.5276 50.95551 38.72496 38.72496 38.72496 49.74108 84.30456 84.86082 50.08243 12.91703 12.91703 12.91703 12.91703 12.91703 12.91703 20.4831 82.353 85.55754 85.62904 72.95652 52.12787 38.18494 23.07503 23.07503 23.07503 23.07503 23.07503 23.07503 17.68626 15.71286 15.71286 15.71286 15.71286 15.71286 15.71286 15.71286 15.71286 15.71286 15.71286 18.6588 40.50826 47.57731 47.5773 47.57731 47.57731 47.57731 47.5773 47.57731 47.5773 59.00131 63.5158 63.5158 63.51559 55.70235 53.12484 30.5778
11.9472 11.80993 12.77918 24.60699 27.72927 27.72928 27.72927 27.72927 76.44955 98.66576 98.66576 98.66576 98.66576 77.7372 38.72496 38.72496 38.72496 39.43798 80.04835 84.86081 81.3368 23.53301 12.91703 12.91703 12.91703 12.91703 12.93326 20.25078 26.96326 27.20824 70.11698 85.62905 85.62905 85.62905 85.62858 69.1282 48.16552 53.75677 37.41836 23.07503 22.97443 16.77953 15.89781 15.71286 15.71286 15.71286 15.71286 15.71286 15.71286 15.71286 20.43724 24.65994 42.44722 50.9454 48.39598 47.57731 47.57731 47.5773 47.57731 47.86911 47.57731 47.61708 57.26 63.5158 63.03069 57.33272 53.60232 53.60232 53.60153
15.75431 11.80993 11.80993 14.33091 27.72928 27.72927 27.71005 27.36721 76.50416 98.47449 98.66576 98.66577 98.66576 98.63564 57.14083 41.86172 38.72496 38.06162 56.82032 75.14883 41.42079 18.77178 18.49343 22.42753 20.07624 23.17312 25.90988 27.20824 27.20824 27.20824 54.86877 85.62904 85.62904 85.62904 85.62904 85.62904 85.62904 85.62904 82.39376 32.72458 23.07503 23.07503 22.19535 16.70081 15.71286 15.71286 15.71286 15.71286 16.51213 25.31687 28.21864 29.6768 51.04282 56.63611 62.21596 60.36147 62.53056 62.39779 61.84601 63.88582 59.78694 61.74767 63.5158 63.5158 63.48113 55.01755 53.60232 53.60232 53.60232
21.6607 12.04837 21.04601 32.27337 25.71614 26.02199 24.82087 24.44235 64.43925 95.78585 96.05749 96.25919 96.77353 97.36707 95.89832 89.23914 32.44977 26.5841 29.57661 21.00031 19.85063 19.85063 19.85063 24.54263 27.20824 27.20824 27.20824 27.20824 27.20824 28.25506 39.78067 85.62905 85.62904 85.62905 85.62905 85.62904 85.62905 85.62905 85.62905 55.41539 24.00351 23.07503 23.35506 21.20016 15.75134 15.71286 15.71286 19.9512 25.78427 29.6768 29.6768 29.6768 32.78661 59.09093 64.22079 64.22079 64.22079 64.22079 64.22079 64.22079 66.48976 151.7969 83.22633 63.5158 63.5158 61.71302 53.99028 53.60232 53.60232
44.41143 43.6945 44.41143 43.97338 24.97737 24.44235 24.44235 24.44235 36.84784 94.23484 95.61745 95.61746 95.61745 95.61746 95.61746 95.61745 30.8802 26.45211 26.45211 24.77162 20.09309 19.85063 19.85063 21.45879 27.20073 27.20824 27.20824 27.20824 27.20824 54.74902 83.66411 85.62905 85.62905 85.62905 85.62905 85.62905 85.62905 85.62904 85.62905 85.62905 67.81415 62.27967 82.02892 22.14831 16.31241 17.77342 16.28326 27.43572 29.6768 29.6768 29.6768 29.6768 29.89051 49.09053 64.22079 64.22079 64.22079 64.22079 64.22079 77.23553 142.1839 421.8495 383.1309 98.90378 63.5158 63.5158 57.33214 53.60232 53.60232
44.41143 44.41143 44.41143 44.40551 26.90788 24.44235 24.44235 24.44235 24.44235 48.28105 85.5407 95.61746 95.61746 95.61745 95.61746 93.45112 27.73406 26.45211 26.45211 26.45211 22.33967 29.43469 28.36934 21.93246 26.60641 27.20824 27.38373 28.19322 27.20824 78.36285 85.62905 85.62905 85.62905 85.62905 85.62905 85.62905 85.62905 85.62905 85.62905 85.62905 85.62905 85.12545 65.00138 20.21926 16.85053 24.07665 27.99613 29.33486 29.6768 29.6768 29.6768 29.6768 29.6768 40.73332 61.19532 57.21431 60.80798 128.1318 240.7219 424.6245 430.3801 430.3801 421.6866 84.05437 63.5158 63.5158 61.44139 53.60233 53.60232
44.41143 44.41143 44.41143 40.0101 24.84933 24.44235 24.44235 24.44235 24.44235 24.44235 70.7559 95.61746 95.61746 95.61746 95.61746 95.05492 35.61314 26.45211 26.45211 26.45211 26.45227 37.31064 43.97921 36.20593 24.47543 35.49451 39.07421 34.75395 32.89978 55.01255 74.29446 85.62905 85.62905 85.62905 85.62905 85.62905 85.62906 85.62905 85.62906 82.178 78.576 42.00326 16.85053 16.85053 16.85053 16.90316 28.82368 29.6768 29.6768 29.6768 29.6768 29.6768 29.6768 29.94867 32.02533 31.99826 110.1756 236.9275 240.1727 386.7758 430.3801 430.3801 430.3801 257.2185 63.5158 63.5158 63.5158 0 0
44.41143 44.41143 44.41143 42.46193 25.63392 24.44235 24.44235 24.44235 24.44235 51.30643 94.23669 95.61746 95.61745 95.61746 95.61745 95.61746 43.27356 26.45211 26.45211 26.45211 42.94413 48.83551 66.84556 59.3898 29.23968 40.80021 41.39437 41.39437 41.39437 41.39437 52.75268 78.5765 85.62905 85.62905 85.62905 84.73715 52.68797 53.51347 42.62131 95.32338 17.03375 16.86112 16.85053 16.85053 16.85053 16.85053 23.46432 29.6768 29.6768 29.6768 29.6768 29.6768 29.6768 30.8287 31.95047 65.75716 185.5881 57.41352 33.3983 226.7998 430.3801 430.3801 430.3801 427.1073 171.3924 63.5158 63.5158 0 0
44.41143 44.41143 44.41143 25.66601 21.62251 24.44235 24.44235 24.44235 24.44235 68.75112 95.61746 95.61745 95.61746 98.12757 95.74611 95.61745 65.31946 61.56233 62.74323 87.10878 144.7021 144.8679 146.3818 140.3636 52.69969 41.39437 41.39437 41.39437 41.39437 41.39437 41.39437 60.65221 85.62904 85.62904 85.62904 84.39448 29.52777 33.12643 446.2827 536.0156 295.8583 20.55901 16.9401 16.85283 16.85053 16.85053 17.01591 26.62277 29.6768 29.6768 29.6768 29.6768 29.6768 29.73844 31.78383 32.06969 381.9232 404.6244 353.6644 430.3801 430.3801 430.3801 430.3801 0 0 0 0 0 0
37.91608 40.57788 42.54284 24.20617 14.93741 17.64894 19.158 17.33611 20.36132 33.60128 95.33675 93.58167 93.5435 142.9763 140.5798 109.0862 137.8598 146.3818 146.3818 146.3818 146.3818 146.3818 146.3818 146.3818 118.2218 41.39437 41.39437 41.39437 41.39437 41.39437 41.39437 66.65919 80.12863 81.24496 79.9155 36.01099 17.05388 230.259 613.636 594.2006 252.3748 17.05388 17.05388 17.02515 16.86061 16.85053 16.85053 17.56865 29.64869 29.6768 29.6768 29.6768 29.6768 28.22643 30.0638 31.95048 107.8494 179.3661 165.1026 389.9886 430.3801 430.3801 430.3801 0 24.35136 24.35136 0 0 0
33.70945 24.65733 15.38971 14.72415 14.52736 14.52736 14.52736 14.59615 14.85781 14.89548 23.60184 18.50869 72.04939 146.3818 146.3818 146.3818 146.3818 146.3818 146.3818 146.3818 146.3818 146.3818 146.3818 146.3818 97.1273 41.39437 41.39437 41.39437 41.39437 41.39437 41.39437 39.12308 27.81779 17.62419 21.39784 17.05388 17.05388 229.8537 540.5227 215.1496 17.05388 17.05388 17.05388 17.05388 17.02779 16.86144 16.85053 16.85053 18.83858 20.17114 22.67621 16.0517 14.94176 12.60104 15.07108 24.83632 27.50488 31.65563 31.95047 174.2332 430.3801 430.3801 430.3801 430.3801 84.50856 24.35137 24.35136 24.35136 0
32.54711 22.23889 14.52736 14.52736 14.52736 14.52736 14.60975 14.6244 14.66966 14.89548 14.89548 14.89548 88.55888 146.3818 146.3818 146.3818 146.3818 146.3818 146.3818 146.3818 146.3818 146.3818 139.2632 134.6822 144.2646 54.973 41.39437 41.39437 41.39437 41.39437 41.39437 33.2514 21.97392 17.31946 17.05388 17.05388 17.05388 17.10802 39.62306 17.05388 17.05388 17.05388 17.05388 17.03753 16.88251 16.85053 16.85053 15.9361 13.9435 13.24091 12.50904 12.50904 12.50904 12.50904 12.50904 12.50904 12.50904 14.31165 19.13904 46.86746 262.3208 231.3224 387.4961 399.1262 85.03259 24.35137 24.35137 24.35136 24.35137
28.2562 14.52736 14.52736 14.52736 14.52736 14.52736 14.69238 14.89548 14.89548 14.89548 14.89548 19.88432 43.07936 54.23568 83.29105 128.0238 146.3818 146.3818 146.3818 146.3818 135.4211 93.35728 52.11874 43.41617 67.23043 38.14112 41.39437 41.39437 41.39437 41.39437 41.39437 41.39437 36.22619 17.06348 17.05388 17.05388 17.05388 17.05388 17.05388 17.05388 17.05388 17.05388 17.05388 17.04306 16.90704 16.85053 16.85053 16.17201 13.36468 12.50904 12.50904 12.50904 12.50904 12.50904 12.50904 12.50904 12.50904 12.50904 14.0542 24.35137 24.35137 24.35137 32.30506 76.45426 23.05967 24.34477 24.35137 24.35137 24.35137
53.14337 68.93114 65.96638 54.30156 21.1823 14.52736 14.7136 14.89548 14.89548 14.89548 23.99994 38.91072 39.50472 39.50472 39.50472 93.62284 146.2529 146.3818 146.3818 146.3818 98.30687 66.87518 36.96537 36.77911 36.77912 36.9367 39.11652 41.29292 41.39437 41.39437 41.39437 40.75383 22.00824 17.05388 17.05388 17.05388 17.05388 17.05388 17.05388 17.05388 17.05388 17.05388 17.39602 17.63728 17.9283 16.95113 16.85053 16.84181 16.43489 12.37971 12.50904 12.50904 12.50904 12.50904 12.50904 12.50904 12.50904 12.50904 22.66626 24.35136 24.35136 24.35137 24.35136 19.48464 16.34066 20.27451 23.10705 21.91131 17.67073
93.24656 95.42234 95.42235 95.42235 78.21738 18.68592 14.56909 14.68308 14.87327 14.89548 31.03736 39.50472 39.50472 39.50472 39.50472 48.31995 142.267 146.3818 131.2626 39.47215 44.92029 83.39001 38.45143 36.77912 36.77912 36.77912 36.77912 38.24442 40.36561 40.58327 41.39437 30.9612 17.05388 17.05388 17.05388 17.05388 17.05388 17.05388 17.05388 17.05388 17.11533 18.41017 18.59482 18.59533 18.15394 9.576123 9.177032 7.701205 5.434946 6.635219 12.3048 12.50904 12.50904 12.50904 12.50904 12.50904 12.50904 12.50904 19.19419 24.35137 24.35136 24.35137 23.10765 16.55616 16.34066 16.34066 16.44205 16.34066 16.34066
92.22516 87.35081 89.12645 95.42235 95.42236 54.05564 14.8506 14.87437 14.89516 14.89548 28.74171 39.50472 39.50472 39.50472 57.55481 140.5526 146.3818 146.3818 87.20228 10.58493 10.58493 11.30957 20.47253 33.19186 36.70962 36.77912 36.77912 36.77912 36.81689 36.77911 36.99301 27.01698 16.6164 17.05376 17.05388 17.05388 17.81543 17.9011 17.90626 17.98933 18.44166 18.59533 18.59533 18.27007 10.17795 5.304444 5.304444 5.304444 5.304444 7.41613 12.2025 12.50904 12.50904 12.50904 12.50904 12.50904 12.50904 12.50904 15.87663 24.3419 24.35137 24.35137 18.88194 16.34066 16.34066 16.34066 16.34066 16.34066 16.34066
77.58485 77.58485 78.7813 94.5268 95.42234 43.46779 14.89548 14.89548 14.89548 14.89548 30.29746 39.50472 39.50472 39.50472 39.50472 77.93157 91.58752 103.6283 36.30345 10.58493 10.58493 19.54766 27.56465 32.18446 34.57652 35.64177 36.34554 36.77912 36.77912 36.76151 36.76567 20.4903 15.21732 15.35618 15.95798 16.67008 18.48142 18.51646 18.59533 18.59533 18.59533 18.59533 18.59533 17.48093 5.631793 5.304444 5.304444 5.304444 5.304444 6.828126 12.04078 12.50904 12.50904 12.50904 12.50904 12.50904 12.50904 9.333833 8.830141 9.259594 12.89662 14.3243 12.51565 14.29057 16.30939 12.91219 16.34066 16.57492 17.5641
70.07255 75.81913 78.17518 88.99705 93.27721 70.09116 46.29615 34.90897 34.29896 36.20416 43.28233 39.77577 39.50472 39.50472 44.56236 69.80721 62.8911 87.70588 38.36586 35.24889 15.25686 13.19627 32.45146 33.13848 33.13848 33.13848 33.2012 33.96926 34.17879 33.36219 25.7045 15.21732 15.21732 15.21732 15.21732 15.21732 15.39996 15.62676 15.71297 17.50196 18.59533 18.59533 18.59533 17.51255 6.80086 5.304444 5.304444 5.304444 5.304444 6.850904 12.43505 12.50904 12.50904 12.50904 12.50904 12.50904 12.50904 10.20449 5.013184 5.013184 5.013184 5.013184 5.013184 5.90208 9.430497 5.093185 11.05893 18.53139 18.58867
64.28848 73.48437 73.48437 73.48437 73.48437 73.51389 62.88684 46.72095 46.71026 46.71026 46.71026 45.32048 55.64665 45.40759 57.18925 89.30222 89.30222 89.30222 80.90253 89.30221 59.50383 10.58493 25.46731 34.54592 36.41688 35.21846 33.85596 33.13848 33.13848 33.13848 27.44932 15.21732 15.21732 15.21732 15.21732 15.21732 15.21732 15.21732 15.21732 17.42564 18.59533 18.59533 18.59533 18.59533 13.2149 5.304444 5.304444 5.304444 5.304444 5.304444 6.275774 7.781375 11.27235 11.12603 12.48919 12.50773 9.865458 0 4.885773 5.013184 5.013184 5.013184 5.013184 5.013184 5.013184 5.013184 12.76521 18.58867 18.58867
70.31133 73.48437 73.92351 81.07 90.70364 93.26229 59.10366 46.71026 46.71026 46.71026 46.71026 66.29959 89.30222 87.7392 87.06978 89.30221 89.30222 89.30221 89.30222 89.30221 89.30221 26.10817 25.76021 37.67969 38.78899 38.78899 38.75256 35.40548 33.13849 33.13848 31.37843 15.21732 15.21732 15.21732 15.21732 15.21732 15.21732 15.21732 15.21732 17.39351 18.59533 18.59533 18.59533 18.59533 13.23791 5.304444 5.304444 5.304444 5.304444 5.304444 5.304444 4.865897 0 0 0 0 0 0 0 25.80209 5.743375 5.013184 5.013184 5.013184 5.013184 5.013184 5.714357 13.05297 18.58867
91.86021 90.85748 92.63168 95.01921 95.01922 67.31086 46.71026 46.71026 46.71026 46.71026 46.84754 84.99654 89.30221 89.30221 89.30221 89.30221 89.30221 89.3022 89.30221 89.3022 97.81853 86.70822 38.8258 38.78899 38.78005 38.60096 36.83061 35.64847 33.50106 33.75138 33.98783 25.47371 19.08965 20.06274 19.35538 15.21732 15.21731 15.21732 15.46975 18.09978 18.59533 18.59533 18.59533 18.59533 15.10885 7.601285 5.304444 5.304444 5.304444 5.37064 5.056154 0 0 0 0 0 0 0 0 0 23.37564 5.013184 5.013184 5.013184 5.013184 5.013184 5.013184 5.02633 9.927632
95.01921 95.01922 95.01921 95.01921 95.01921 92.85516 56.47845 46.71026 46.71026 46.71026 46.71026 62.66117 57.58894 85.01902 107.3768 108.5692 104.9357 103.4721 102.6511 108.7508 119.1328 89.49275 36.95216 37.09856 35.46064 34.1123 34.1123 34.1123 34.1123 34.11229 34.1123 34.10611 32.38325 30.3076 29.95735 23.23866 19.95548 22.36306 15.34864 16.82155 18.59533 18.09752 16.33688 17.57701 18.5007 14.19787 7.177907 0 0 0 0 0 0 0 0 0 0 0 0 0 0 26.53168 7.564894 5.013184 5.013184 5.013184 5.013184 5.429632 5.461422
95.01921 95.01921 95.01922 95.01922 94.79095 57.81903 46.73848 46.71026 46.71026 46.71026 44.99945 30.09267 27.39286 54.78179 117.8791 119.3071 119.3071 119.3071 119.3071 119.3071 119.3071 119.2937 74.17831 34.11229 34.11229 34.11229 34.11229 34.11229 34.11229 34.11229 33.37451 29.89445 29.62142 30.00994 30.00994 30.00994 29.80452 30.00994 17.19296 15.21819 15.68956 0 0 0 0 0 0 0 0 0 0 0 0 0 0 0 0 0 0 0 0 0 0 25.49578 5.368874 0 0 0 0
95.01923 95.01922 95.01922 95.01922 95.01922 92.32413 73.76438 46.71026 45.61401 39.07383 29.19014 27.39286 27.39286 49.58089 118.9161 119.3071 119.3071 119.3071 119.3071 119.3071 119.3071 119.3071 107.6126 35.71483 34.11229 34.1123 34.11229 34.11229 32.82607 30.10161 29.16708 29.07247 29.85996 30.00994 30.00994 30.00995 30.00994 30.00995 26.86624 22.84639 18.43178 0 0 0 0 0 0 0 0 0 0 0 0 0 0 0 0 0 0 0 0 0 0 0 0 0 0 0 0
41.8753 83.18235 95.01921 95.01921 95.01921 95.01921 89.22357 41.72178 29.21072 27.96441 27.39286 27.39286 44.07362 111.0387 119.3071 119.3071 119.3071 119.3071 119.3071 119.3071 119.3071 119.3071 119.3071 74.11586 34.11229 34.11229 33.20391 32.58291 29.25693 28.94422 29.18167 29.95629 30.00994 30.00994 30.00994 30.00994 40.73333 41.87384 43.32994 43.91439 0 0 0 0 0 0 0 0 0 0 0 0 0 0 0 0 0 0 0 0 0 0 0 0 0 0 0 0 0
10.55623 17.17556 56.88116 38.72306 75.492 95.01921 69.76198 28.69072 28.37019 28.22507 27.59191 27.87193 44.66974 119.2962 119.3071 119.3071 119.3071 112.8315 48.74567 83.47722 82.31289 50.1652 65.06929 41.44235 34.11229 34.11229 30.9019 28.94422 28.95991 29.0335 29.51641 30.00994 30.00994 30.00994 30.00994 69.26351 0 0 0 0 0 0 0 0 0 0 0 0 0 0 0 0 0 0 0 0 0 0 0 0 0 0 0 0 0 0 0 0 0
10.55623 10.55623 11.69224 13.00895 17.42335 42.31167 33.06795 28.37019 28.37019 28.37019 28.35458 28.37019 28.37019 94.6358 120.595 119.5071 119.3141 30.34738 19.32907 19.32907 19.32907 22.77566 29.13357 34.1123 34.1123 32.39139 28.75074 28.94423 29.39531 30.00994 30.00994 30.00994 30.00994 30.00994 30.00994 0 0 0 0 0 0 0 0 0 0 0 0 0 0 0 0 0 0 0 0 0 0 0 0 0 0 0 0 0 0 0 0 0 0
11.30165 12.17034 12.07727 13.00895 13.00895 24.9848 46.38403 85.13487 88.33589 38.64576 54.38769 28.37019 41.77004 121.9907 122.5974 122.3915 122.1878 102.6588 36.04794 19.32907 18.77744 14.1889 13.39178 16.89748 12.88254 5.470349 9.919008 26.54297 29.06803 24.91139 0 0 0 27.19661 28.32988 99.86349 0 0 0 0 0 0 0 0 0 0 0 0 0 0 0 0 0 0 0 0 0 0 0 0 0 0 0 0 0 0 0 0 0
25.9342 13.72354 13.00895 13.00895 13.00895 18.9379 31.25822 31.25822 39.98107 105.159 122.529 99.45377 108.3932 122.5974 122.5974 122.5974 122.5974 122.5974 83.04901 19.32907 19.00194 6.509311 5.427464 5.427464 5.427464 5.427464 11.28349 28.91421 18.86253 0 0 0 0 0 0 0 0 0 0 0 0 0 0 0 0 0 0 0 0 0 0 0 0 0 0 0 0 0 0 0 0 0 0 0 0 0 0 0 0
39.27506 24.79343 13.00895 13.00895 13.00895 13.75149 30.59028 31.25822 31.25822 53.49819 121.5923 122.5974 122.5974 122.5974 122.5974 122.5974 111.3073 106.2996 58.39561 19.32907 19.32907 18.18246 12.1712 6.88827 5.427463 5.427463 22.54452 27.10336 15.07818 0 0 0 0 0 0 0 0 0 0 0 0 0 0 0 0 0 0 0 0 0 0 0 0 0 0 0 0 0 0 0 0 0 0 0 0 0 0 0 0
