Scenarios/Heterogeneous/data/country_data_population_distribution/processed/density_grids/bgr.asc
ncols 159
nrows 77
xllcorner 22
yllcorner 41
cellsize 0.041666666666667
NODATA_value -9999
[rows 31 to 61 of 77, columns 0 to 68 of 159]
0 0 0 0 0 0 0 0 0 0 0 0 0 0 0 0 0 0 13.76975 15.47609 15.47609 18.18903 28.64916 31.67491 31.00117 34.4262 46.36181 57.88462 57.88463 57.88462 57.29321 79.8755 22.74014 22.74014 22.74014 22.74014 22.74014 22.74014 28.76712 52.11072 62.35509 62.47771 62.47771 62.47771 62.14384 31.15439 24.70954 26.65741 29.04734 29.61989 29.61989 28.66469 25.99586 25.71662 25.71662 25.71662 24.8115 19.18126 16.92544 17.89735 31.01644 31.01644 31.01644 31.01644 31.01644 31.01644 31.01644 26.12682 11.80993
0 0 0 0 0 0 0 0 0 0 0 0 5.519216 6.303708 6.276512 6.276512 6.064633 6.276512 10.69249 15.39606 19.74569 40.6111 45.00701 45.007 45.00701 46.61267 57.04928 57.88462 57.88463 57.88463 300.8884 1026.372 509.9341 22.74013 138.2136 642.3918 682.1669 166.4942 96.07229 121.7181 43.62638 62.4777 62.47771 62.4777 58.58123 30.41599 29.6195 29.61989 29.61989 29.61989 29.61989 29.50258 26.18361 25.71661 25.71662 25.71662 25.71662 25.71662 25.71661 25.99953 30.01443 31.01644 31.01644 31.01644 31.01644 31.01644 31.01644 31.00805 14.92615
0 0 0 0 0 0 0 0 0 0 0 6.187801 6.276512 6.276512 6.276511 6.276511 6.276511 6.276511 7.323119 13.81249 18.77103 28.47064 45.007 45.00701 45.0089 48.24474 52.95768 56.23216 57.52831 64.99387 869.1639 1064.292 1063.983 1039.684 1062.639 1064.292 1064.292 1037.525 1037.019 636.2396 49.13544 54.37826 58.71247 53.08293 29.99912 25.0759 29.55845 29.61989 29.61989 29.61989 29.61989 29.41032 26.6344 25.71662 25.71662 25.71662 25.71662 25.71662 25.71662 25.71662 29.844 31.01644 31.01644 31.01644 31.01644 31.01644 31.01644 31.01644 21.79526
0 0 0 0 0 0 0 0 0 0 0 5.43086 6.276512 6.276512 6.276511 6.276512 6.276511 6.972439 6.874935 13.20567 15.16224 15.19129 26.166 37.82492 50.79913 53.01605 53.01604 53.01605 53.78054 495.8702 1064.292 1064.292 1064.292 1064.292 1064.292 1064.292 1064.292 1064.292 1064.292 475.2983 50.56797 45.75598 34.87418 22.52387 19.84241 19.09069 14.08109 21.77454 28.11233 29.80377 31.19682 31.62975 32.71167 24.64307 21.24443 23.37289 24.54291 26.09296 26.7536 32.84365 43.66196 42.41454 40.72462 38.98699 32.47005 31.01644 31.01644 31.01644 31.01644
0 0 0 0 0 0 0 0 0 0 0 0 6.26968 6.276512 6.276512 8.096219 11.32792 14.87578 15.08019 15.16224 15.16224 15.16224 20.97432 80.76335 151.5563 460.1516 471.3865 392.2036 498.8606 833.5964 1064.292 1064.292 1064.292 1064.292 1064.292 1064.292 1064.292 1064.292 1060.659 122.5994 49.47601 21.55508 19.84241 19.84241 19.84241 16.58099 10.42913 10.42912 16.29026 38.1891 33.61489 34.33565 41.90063 23.91853 21.48544 17.6985 22.03695 43.03157 44.38513 44.3847 44.41143 44.41143 44.41143 44.41143 42.10599 68.76211 83.99624 43.56908 38.71745
0 0 0 0 0 0 0 0 0 0 0 4.879365 6.276512 6.276512 6.276512 12.0034 15.16224 15.16224 15.16224 15.16224 15.16224 15.16224 19.24209 147.0269 168.495 229.6596 710.9926 1064.292 1064.292 1064.292 1064.292 1064.292 1064.292 1064.292 1064.292 1064.292 1051.5 713.6757 205.3268 50.36161 31.74915 19.84241 19.84241 19.84241 19.84241 13.40441 10.42913 10.42913 13.83778 32.48159 33.64661 39.44072 42.1241 42.1241 42.1241 33.64882 30.46905 44.41143 44.41143 44.41143 44.41143 44.41143 44.41143 44.41143 44.43775 112.6249 119.1013 72.74117 44.41143
0 0 0 0 0 0 0 0 0 0 0 5.713785 6.276512 6.276512 6.38893 9.687612 12.0483 12.67032 13.85205 14.25212 70.91364 120.0037 77.66978 168.495 168.495 168.495 198.9049 389.3259 962.454 1064.292 1064.292 1064.292 1064.292 1064.292 1064.292 1064.292 505.7696 50.56797 50.56797 50.35863 40.33506 28.32239 24.69083 33.16316 22.03517 15.47106 10.42913 10.92503 17.41006 21.38278 32.70102 41.61384 42.1241 42.1241 42.01685 18.27169 16.92539 32.54609 42.4075 44.41143 44.41143 44.41143 44.41143 44.41143 44.82592 83.14629 116.2155 59.03311 44.41143
0 0 0 0 0 0 0 0 0 0 0 2.439128 3.200619 2.740301 4.358613 8.160696 9.591159 9.591158 9.733523 10.70099 99.77103 168.495 168.495 168.495 168.495 168.495 168.495 177.1157 811.1567 1064.292 1064.292 1064.292 1064.292 1064.292 1064.292 1064.292 1047.198 452.882 50.56797 48.84163 40.93354 40.0585 39.76114 47.59906 49.95419 31.39896 10.42913 26.93712 31.82833 21.56255 32.61374 39.36737 40.7407 40.537 38.22013 17.07804 14.35672 14.35672 18.17902 33.83864 43.14404 44.41143 44.41143 44.41143 44.41143 44.41143 44.53326 44.41143 44.41143
0 0 0 0 0 0 0 0 0 0 0 3.247889 2.24515 2.24515 3.095512 7.082496 9.591159 9.591159 11.6583 13.06658 16.8086 50.3911 61.08683 113.2378 159.8249 168.495 168.495 185.9941 296.269 653.3727 1064.292 1064.292 1064.292 1064.292 1064.292 1064.292 1064.292 411.9064 50.56797 40.69926 26.41587 26.41588 26.41587 30.47744 42.71418 25.33226 25.02304 35.51368 33.86712 28.33904 35.93562 39.80997 40.27885 40.27885 38.5041 27.16507 15.41333 16.40879 15.0801 20.2618 24.05749 30.65674 33.20269 28.9157 25.98612 28.3243 37.89024 43.11161 44.41143
0 0 0 0 0 0 0 0 0 0 0 0 0 2.292621 2.24515 3.144888 7.309186 9.591159 10.62666 13.04018 16.64266 31.07568 35.59202 35.59201 46.02258 86.63146 155.339 168.495 168.495 171.3183 367.6107 903.9561 1064.292 1064.292 1039.316 946.7971 1053.952 555.4059 176.7524 26.64267 26.41588 26.41588 26.41588 26.41588 26.41588 29.79131 40.27885 40.27885 40.15339 40.2091 40.27884 40.27885 40.27885 40.27885 27.4145 21.35222 21.34829 21.46587 21.81186 21.81186 21.81186 21.81186 21.81186 21.81186 21.81186 21.81186 21.81186 22.14006 43.82205
0 0 0 0 0 0 0 0 0 0 0 0 0 17.46696 2.517164 2.24515 7.680415 10.22595 9.591159 11.84584 16.36964 35.40396 35.59201 35.59202 35.59202 35.59202 51.58976 140.5868 168.495 148.7038 45.97903 32.50351 525.9648 1034.185 726.7003 31.50677 617.5788 1064.292 717.7524 30.04748 26.41588 26.41587 26.41588 26.41588 26.41588 26.60235 35.14614 40.27837 40.27885 40.27885 40.27885 40.27885 40.27885 40.27885 25.28556 21.35222 21.37278 21.78861 21.81186 21.81186 21.81186 21.81186 21.81186 21.81186 21.81186 21.81186 24.7875 29.65551 36.53819
0 0 0 0 0 0 0 0 0 0 0 0 0 51.59349 32.7799 26.35371 44.0081 32.84108 9.59865 21.07418 35.12743 35.59202 35.59202 35.59201 35.59201 35.59201 35.59202 39.50644 72.94122 47.30298 31.50676 31.50676 31.50676 146.331 328.041 31.50676 530.7045 1064.292 1064.292 287.9602 26.41588 26.41587 26.41588 26.41587 26.41587 26.41587 26.41588 29.8847 31.26927 27.38639 34.18695 39.3187 40.27885 40.27885 38.37772 30.33891 21.35222 21.52779 21.80034 21.81186 21.90783 24.71437 24.65517 21.82022 22.08517 23.13442 30.43945 33.70945 33.70945
0 0 0 0 0 0 0 0 0 0 0 0 39.65959 52.06403 52.06404 52.06403 52.06404 52.06403 46.77644 39.00946 35.59954 35.59201 35.74977 35.95076 36.41623 35.59201 64.58708 35.87775 35.59202 35.0932 31.50822 31.50676 31.50677 31.50676 31.50676 31.50676 72.45885 94.02704 95.08497 34.94089 34.63943 30.41875 28.67945 26.79956 26.41587 26.41587 26.41588 26.41587 26.34361 24.8912 24.45739 25.38491 38.24983 40.27885 36.30869 22.06005 21.42071 22.20271 26.45311 24.10301 22.47009 26.85743 27.14979 26.41988 31.19466 33.58831 33.48567 33.70946 33.70945
0 0 0 0 0 0 0 0 0 0 0 48.16489 52.06403 52.06404 52.06403 52.06403 52.06403 52.06404 52.06404 52.05911 46.06262 36.6441 36.30081 36.32376 46.69793 111.2488 119.6743 100.5462 77.94675 84.10029 35.75254 33.31978 31.70886 31.50676 31.50676 31.50676 31.50676 31.50676 31.50676 31.5071 33.01235 37.89369 36.87889 35.35234 34.66983 35.65732 37.12775 43.63737 42.88291 24.67568 24.45739 24.45739 27.90141 51.46996 96.39938 143.9993 153.914 105.8845 59.22538 27.30592 27.13286 27.14979 27.14979 27.14979 27.28164 32.15793 33.70945 33.70945 33.70945
0 0 0 0 0 0 0 0 0 44.67105 47.88396 52.06404 52.06404 52.06403 52.06404 52.06403 52.06403 52.06403 52.06403 52.06403 46.15108 29.13223 36.32376 36.32376 36.32376 82.40076 120.2189 120.2189 117.4022 92.96717 35.60188 35.60188 32.76235 31.50676 31.50677 31.50676 31.50677 31.50677 31.50677 31.50676 31.50677 54.17216 52.36036 37.51717 36.76892 36.76892 47.445 74.94196 76.60876 71.87704 71.12772 45.52564 24.50607 31.36844 123.0612 161.1441 161.1441 161.1441 161.1441 59.23586 27.14979 27.14979 27.14979 27.14979 30.63774 35.96212 47.49295 33.70945 33.70945
0 0 0 0 0 0 0 0 0 46.66714 52.06404 52.06404 52.06404 52.06404 52.06404 52.06404 52.06404 52.06404 52.06404 45.436 14.15719 5.753422 29.8196 36.32376 59.80932 68.20355 120.2189 120.2189 56.40135 35.60189 35.60189 35.60188 35.39398 33.12759 31.50676 31.50677 31.50677 31.50676 31.50676 31.50677 31.50676 52.68724 55.60541 42.2897 36.74147 31.60773 36.71709 33.63664 57.17851 65.86403 76.60876 76.60875 64.95143 95.65089 145.4767 161.1441 161.1441 161.1441 148.7424 35.02755 27.50752 27.58449 42.18322 53.21268 74.3981 74.38941 77.56204 66.4937 79.12318
0 0 0 0 0 0 0 0 0 0 47.19706 52.06404 52.06404 52.06404 52.06404 52.06404 52.06403 43.47549 20.36797 5.321576 4.830985 4.830985 32.65971 30.84345 72.55555 120.2189 120.2189 120.2189 115.2137 81.25801 53.66191 35.43325 32.60032 31.50676 31.50676 31.50676 31.50677 31.50677 31.50677 31.50676 31.50676 49.0126 39.09224 36.28188 30.18106 20.30204 21.64391 20.30583 20.30203 20.50942 70.22389 76.60876 76.60876 142.5752 161.1441 161.1441 161.1441 161.1441 161.1441 94.74342 47.19504 50.9325 68.1669 77.58485 77.58485 77.58485 77.58485 77.58485 80.16291
0 0 0 0 0 0 0 0 0 0 0 47.33038 52.06403 52.06404 52.06404 52.06404 44.35624 5.763547 4.830985 4.830985 4.830985 5.660072 19.13312 18.06325 19.67178 43.74145 75.66017 67.36236 94.86637 87.46029 79.71024 35.76255 22.81762 20.44657 19.87045 31.50676 31.50677 31.50676 31.50677 31.50677 31.794 35.86442 31.79619 22.0015 20.30203 20.30203 20.30203 20.30203 20.30203 31.39872 75.96342 76.60875 88.35552 151.1665 161.1441 161.1441 161.1441 161.1441 161.1441 129.0812 81.97267 54.20162 61.49162 77.58485 77.58485 326.5961 967.6049 165.354 77.58485
0 0 0 0 0 0 0 0 0 0 0 0 51.01109 52.06403 52.06404 48.72138 11.65751 4.830985 4.830985 4.830985 4.830985 17.73829 24.54016 19.22175 18.41574 17.15767 10.18636 7.826043 7.202476 7.202476 7.202476 7.202475 7.202476 7.202475 8.015738 22.74192 30.80202 31.50677 30.8119 30.61051 30.70871 30.97959 23.69052 20.30203 20.30204 20.30204 20.30204 20.30204 22.93064 57.30981 76.21573 78.39567 141.6948 161.1441 161.1441 154.7754 157.5456 161.1441 165.8335 228.4752 273.4511 269.8016 72.14406 55.07206 880.1874 3373.238 3970.592 2896.834 201.027
0 0 0 0 0 0 0 0 0 0 0 0 0 46.9619 41.84974 9.912432 4.830985 4.830985 4.830985 4.830985 6.723719 25.80644 42.11525 25.12622 25.12085 23.4393 17.56103 18.9805 46.54399 47.32787 36.71049 18.53743 7.202476 7.202476 7.202475 9.723302 27.13511 30.6831 30.30906 30.30008 30.30008 30.30008 28.13195 20.30204 20.34715 23.71208 26.67837 36.13553 45.01274 46.61386 61.94794 92.18687 161.1441 161.1441 152.6725 123.9666 126.4046 112.4909 132.145 290.3556 185.1287 74.98484 51.0738 51.03477 1144.392 3831.198 2417.495 448.6986 51.03476
0 0 0 0 0 0 0 0 0 0 0 0 0 0 0 17.99551 11.56352 4.879014 4.830985 4.830985 7.729473 45.81072 101.4231 63.91055 52.35103 31.56326 50.18892 95.75542 108.7058 108.7058 108.7058 107.4721 83.90512 44.18448 37.57697 38.41797 25.5198 25.15258 28.78127 30.30008 30.30008 30.30008 30.44614 41.70272 43.76237 45.31987 45.31987 45.31987 45.31987 50.18888 58.9103 59.13874 127.3067 157.5923 134.4204 122.5255 50.18433 37.53028 119.5527 189.5432 64.53428 82.519 58.44276 51.03476 51.03476 209.0946 50.80171 43.58477 48.17415
0 0 0 0 0 0 0 0 0 0 0 0 0 0 0 0 0 0 0 10.35975 27.57258 72.90709 108.7058 108.7058 108.3221 108.3571 108.7058 108.7058 108.7058 103.1059 74.15892 108.0683 108.7058 89.81296 54.14491 50.39732 30.47358 25.14651 28.52802 30.30008 30.30008 30.30008 30.43296 41.10258 45.31987 45.31986 45.31987 45.31986 45.31987 47.88993 58.76209 58.91029 60.13245 122.6857 122.5255 119.519 43.68745 37.53028 50.00357 115.724 54.32894 69.11928 57.21774 51.03476 44.94604 37.77661 37.0029 32.4445 67.464
0 0 0 0 0 0 0 0 0 0 0 0 0 0 0 0 0 0 0 0 92.28891 108.7058 108.7058 108.7058 108.7058 108.7058 108.7058 108.7058 96.71249 41.18619 25.20221 52.78719 71.06733 50.91494 50.39756 50.39756 29.38438 25.14651 27.19703 29.51724 28.21558 29.80597 38.62711 45.31987 45.31986 45.31987 45.31987 45.31986 45.60201 55.78495 58.9103 58.9103 39.79341 46.85435 107.4552 70.9701 37.53027 37.53028 48.79907 98.25016 51.03476 51.03476 51.03476 51.03476 40.21371 32.4445 32.44451 32.44501 87.37793
0 0 0 0 0 0 0 0 0 0 0 0 0 0 0 0 0 0 0 0 82.93531 108.7058 108.7058 108.7058 84.97878 41.6196 67.82487 59.25975 31.47186 25.20221 25.20221 27.52773 44.96367 50.39756 50.39756 50.39756 37.88641 25.14651 26.0133 25.23919 25.14651 25.25159 39.71658 45.31987 45.31987 45.31987 45.31986 45.31987 52.60031 58.9103 58.9103 43.85206 9.43442 9.43442 9.48247 33.82309 37.53027 37.53022 103.3797 62.63478 50.2621 51.03476 51.03476 51.03476 37.66131 32.4445 32.4445 40.41061 95.01921
0 0 0 0 0 0 0 0 0 0 0 0 0 0 0 0 0 0 0 0 0 108.7058 108.7058 108.7058 52.88029 25.20221 25.20221 25.20221 25.20221 25.20221 25.20221 37.03986 50.39756 50.39756 50.39756 50.39756 49.10336 31.95157 25.14651 25.14651 25.14651 25.14651 33.41267 45.31987 45.31987 45.31986 45.31987 45.31987 46.48559 47.3101 20.52188 12.2878 9.434421 9.434421 9.434421 18.5703 24.10254 21.47515 19.01434 19.12166 29.96725 45.66903 43.42982 38.78169 39.02971 69.06055 82.57347 53.03125 63.4486
0 0 0 0 0 0 0 0 0 0 0 0 0 0 0 0 0 0 0 0 0 70.3522 95.92132 54.52585 25.71167 25.20221 25.20222 25.20221 25.20221 25.20221 26.01522 48.99258 50.39756 50.39756 47.179 40.45391 44.39208 42.7456 27.11594 25.14651 25.73523 25.96783 26.68601 45.00455 45.31986 45.31987 45.31986 44.89622 20.74924 9.43442 9.43442 9.43442 9.434419 9.43442 9.434419 9.43442 11.77748 17.28711 19.12166 19.12166 19.12166 18.66582 17.29352 17.29352 17.29352 17.29352 20.65833 10.86101 12.94192
0 0 0 0 0 0 0 0 0 0 0 0 0 0 0 0 0 0 0 0 0 0 25.09238 25.20221 25.20221 23.46315 23.22198 23.6924 21.28969 20.63815 19.40196 22.32878 39.55793 46.26004 28.40716 27.84958 27.84958 27.84958 27.77154 27.21502 27.83526 27.84958 27.84958 33.15754 42.13343 44.62127 45.31987 43.45086 13.82201 9.43442 9.43442 9.43442 9.43442 9.43442 9.43442 10.93165 18.72276 19.12166 19.12166 19.12166 19.12166 18.47548 17.29352 17.29352 17.29352 17.29352 15.74049 10.86956 10.55623
0 0 0 0 0 0 0 0 0 0 0 0 0 0 0 0 0 0 0 0 0 0 0 23.87078 20.75798 14.79966 14.48551 14.51522 14.37993 14.37993 14.37993 14.37993 14.37993 23.44888 27.84958 27.84958 27.84958 27.84958 27.84958 27.84958 27.84958 28.20613 33.0266 36.10086 36.41744 36.82572 41.52445 45.18028 44.10369 18.26744 9.43442 9.43442 9.43442 9.43442 9.43442 11.52709 19.02707 19.12166 19.12166 19.12166 19.12166 18.877 18.17208 17.29352 17.29352 17.29352 15.4789 11.96112 10.55623
0 0 0 0 0 0 0 0 0 0 0 0 0 0 0 0 0 0 0 0 0 0 0 0 14.75239 14.37993 14.37993 14.37993 14.37993 14.37993 14.22699 14.09464 28.71731 29.70994 34.88623 28.34204 27.84958 27.84958 30.936 33.54344 49.69455 53.62534 36.41744 36.41744 36.41745 36.41745 36.91179 41.53569 45.35571 42.64616 26.76896 17.78466 20.80662 14.86155 11.78684 14.71789 17.89827 19.12166 19.12166 19.12166 19.12166 21.40703 34.96352 17.4563 17.29352 17.29352 18.28961 15.82087 10.55623
0 0 0 0 0 0 0 0 0 0 0 0 0 0 0 0 0 0 0 0 0 0 0 0 14.35364 14.2213 14.23278 14.22132 14.34522 14.15566 18.90646 32.30411 38.87051 38.81712 38.87051 37.4515 60.63172 81.0592 89.09311 89.57803 89.57803 81.29891 36.41744 36.41744 36.41744 36.4198 44.91548 45.9785 45.89273 45.4884 35.85025 30.04437 30.04437 22.67109 15.51054 15.42877 17.79806 19.12166 19.12166 19.22603 26.93862 37.98695 39.27505 34.85474 18.9268 17.29352 23.21333 36.90928 18.98033
0 0 0 0 0 0 0 0 0 0 0 0 0 0 0 0 0 0 0 0 0 0 0 14.38111 13.95941 13.95941 13.95941 13.95941 13.95943 20.15641 38.55347 38.87051 38.87051 38.87051 38.87051 38.87051 46.84968 80.74049 89.57803 89.57803 89.57803 88.25085 37.13328 36.41744 36.41744 36.68789 45.24691 45.9785 45.9785 45.97436 37.74782 30.04438 30.04437 30.04438 19.39029 15.42877 15.73356 19.09068 34.42664 38.08997 38.58132 39.27506 39.27506 39.27506 36.8858 26.89891 38.58461 39.27506 39.27506
