Scenarios/Heterogeneous/data/country_data_population_distribution/processed/density_grids/bgr.asc
ncols 159
nrows 77
xllcorner 22
yllcorner 41
cellsize 0.041666666666667
NODATA_value -9999
[rows 0 to 30 of 77, columns 0 to 68 of 159]
0 0 0 0 0 0 0 0 0 0 0 0 0 0 0 30.65293 21.49941 22.88985 32.1567 0 0 0 0 0 0 0 0 0 0 0 0 0 0 0 0 0 0 0 0 0 0 0 0 0 0 0 0 0 0 0 0 0 0 0 0 0 0 0 0 0 0 0 0 0 0 0 0 0 0
0 0 0 0 0 0 0 0 0 0 0 0 0 0 0 21.41948 21.46879 21.81185 22.98173 23.20067 30.87025 0 0 0 0 0 0 0 0 0 0 0 0 0 0 0 0 0 0 0 0 0 0 0 0 0 0 0 0 0 0 0 0 0 0 0 0 0 0 0 0 0 0 0 0 0 0 0 0
0 0 0 0 0 0 0 0 0 0 0 0 0 0 0 21.46879 21.46879 21.57748 21.78528 27.01988 26.95701 33.80217 82.62585 78.79189 79.42744 0 0 0 0 0 0 0 0 0 0 0 0 0 0 0 0 0 0 0 0 0 0 0 0 0 0 0 0 0 0 0 0 0 0 0 0 0 0 0 0 0 0 0 0
0 0 0 0 0 0 0 0 0 0 0 0 0 0 20.84093 21.60506 24.47071 52.41505 47.25719 90.96156 79.57374 80.37642 100.6671 100.6671 100.6671 0 0 0 0 0 0 0 0 0 0 0 0 0 0 0 0 0 0 0 0 0 0 0 0 0 0 0 0 0 0 0 0 0 0 0 0 0 0 0 0 0 0 0 0
0 0 0 0 0 0 0 0 0 0 0 0 0 7.11992 32.27943 82.63669 84.61417 100.6671 100.6671 100.6671 100.6671 100.7111 101.0134 105.4055 0 0 0 0 0 0 0 0 0 0 0 0 0 0 0 0 0 0 0 0 0 0 0 0 0 0 0 0 0 0 0 0 0 0 0 0 0 0 0 0 0 0 0 0 0
0 0 0 0 0 0 0 0 0 0 6.242823 6.241164 6.241164 16.15195 43.45905 15.4544 65.09599 100.6671 100.6671 100.6671 100.6671 0 0 0 0 0 0 0 0 0 0 0 0 0 0 0 0 0 0 0 0 0 0 0 0 0 0 0 0 0 0 0 0 0 0 0 0 0 0 0 0 0 0 0 0 0 0 0 0
0 0 0 0 0 0 0 0 0 0 7.259716 6.759676 6.676467 10.97321 13.96634 19.75304 68.46278 99.92657 100.6671 100.6671 105.2464 0 0 0 0 0 0 0 0 0 0 0 0 0 0 0 0 0 0 0 0 0 0 0 0 0 0 0 0 0 0 0 0 0 0 0 0 0 0 0 0 0 0 0 0 0 0 0 0
0 0 0 0 0 0 0 0 0 21.47567 13.96634 13.66739 13.743 13.96634 12.8475 13.75576 11.70739 91.33587 100.6671 100.6671 0 0 0 0 0 0 0 0 0 0 0 0 0 0 0 0 0 0 0 0 0 0 0 0 0 0 0 0 0 0 0 0 0 0 0 0 0 0 0 0 0 0 0 0 0 0 0 0 0
0 0 0 0 0 0 0 0 0 16.41099 13.96634 13.96634 13.06586 12.8545 10.56933 9.130844 9.130845 24.95694 100.6482 100.6671 82.85191 0 0 0 0 0 0 0 0 0 0 60.46331 62.7388 61.39506 66.05465 50.61251 0 0 0 0 0 0 0 0 0 0 0 0 0 0 0 0 0 0 0 0 0 0 0 0 0 0 0 0 0 0 0 0 0
0 0 0 0 0 0 0 0 0 8.07556 10.1781 12.25277 9.320601 8.636364 9.130558 8.861497 8.529316 11.36947 84.67514 42.81235 26.87648 13.50569 17.74986 40.50948 0 0 0 66.31075 76.83018 78.74051 78.7405 78.74051 76.38397 74.28506 64.83952 36.15613 20.1067 21.20969 0 0 38.49503 44.51748 0 0 0 0 0 0 0 0 0 0 0 0 0 0 0 0 0 0 0 0 0 0 0 0 0 0 0
0 0 0 0 0 0 0 0 0 7.269033 6.426052 6.426052 6.620782 6.448616 6.93679 6.508335 7.734537 12.19931 13.50569 13.50569 13.50569 13.50569 21.79975 63.98269 64.7767 58.6415 76.65422 78.7405 78.7405 78.7405 78.18638 66.41424 26.43939 20.08614 20.08614 20.08614 20.08614 20.08614 20.22298 59.24552 64.24432 64.24432 64.24432 63.36578 59.33563 0 0 0 0 0 0 0 0 0 0 0 0 0 0 104.3426 66.88557 69.8976 0 0 0 0 0 0 0
0 0 0 0 0 0 0 0 0 0 6.437818 9.216196 13.03472 12.52659 13.3942 12.96282 13.5063 13.50569 13.50569 13.50569 13.50569 13.80604 14.22365 14.30118 15.33376 19.58483 22.50694 35.82777 38.71133 28.8181 16.46455 14.52544 15.63589 19.93815 20.08614 20.08614 20.08614 20.08614 25.73213 62.17704 64.24432 64.24432 64.24432 64.24432 35.93168 27.24752 30.62598 31.11894 37.00182 53.1916 0 0 0 0 0 0 0 0 39.18623 23.89006 23.88099 23.88099 23.88099 27.14065 58.66889 0 66.03226 136.2613 0
0 0 0 0 0 0 0 0 0 0 8.716215 13.69318 13.69318 13.69318 13.69318 13.68774 13.62114 13.50569 13.50569 13.50569 13.69037 14.25594 15.22105 17.04968 18.85662 19.68303 18.54507 16.63591 14.9142 14.9142 14.79898 14.52544 14.52544 18.28468 20.08614 20.08614 20.08614 20.08614 29.09972 54.28773 64.24432 64.24432 62.95552 49.04803 29.30182 26.03174 28.08363 31.11894 31.11894 31.11894 31.11894 31.26658 32.95822 34.66267 31.5927 28.27325 25.24766 25.24766 24.75819 23.88099 23.88099 23.88099 23.88099 23.88099 23.88099 23.88099 23.88099 23.07749 21.34358
0 0 0 0 0 0 0 0 0 0 0 0 13.69318 13.69318 13.69318 13.69318 13.60149 13.50569 13.58325 14.08141 14.28364 14.30117 18.63082 19.68303 19.68303 18.61081 15.25151 14.9142 14.9142 14.75705 14.57904 14.52544 14.52544 15.5562 18.96077 20.08614 20.08614 20.04411 19.38269 20.74769 36.44135 39.34984 29.67065 26.03174 26.03174 26.03174 26.4156 30.56489 31.11894 31.11894 31.14139 31.11894 30.48341 26.33008 27.12441 25.80714 25.24766 25.24766 25.2167 24.70899 23.88099 23.88099 23.93059 23.94322 23.88099 23.88099 23.88099 22.61842 21.34358
0 0 0 0 0 0 0 0 0 0 0 0 13.69318 13.69318 13.69318 13.35793 10.13794 13.59445 12.98166 14.30118 14.30118 14.37365 19.47741 21.51347 30.80799 23.49681 14.9142 14.9142 14.84706 14.59163 14.52544 14.52544 14.86971 19.55457 24.99415 22.4691 21.19813 20.0484 19.31651 19.31651 19.62982 21.08452 24.7251 26.03174 26.66603 27.53108 27.89465 29.19997 30.09844 38.20031 40.30373 34.7681 26.14504 25.24766 25.24766 26.02531 25.28874 25.24766 25.24766 25.24535 24.59967 25.0938 25.24623 25.18476 24.18456 23.88099 23.88099 24.92193 21.34358
0 0 0 0 0 0 0 0 0 0 0 0 13.67145 12.57768 7.203614 7.482726 5.938951 7.431981 5.424487 13.10566 15.09789 47.77406 52.50746 67.78558 68.81599 68.58612 49.5374 42.10869 51.4038 28.33763 42.47815 37.41887 23.68254 25.06612 25.06611 25.06611 25.06611 24.74149 21.83257 19.31845 19.31651 19.31651 24.7984 28.82031 29.47149 29.56042 29.56042 29.56042 30.45007 40.98232 41.12592 41.12336 32.77715 27.79037 28.29722 28.29453 26.13433 25.24766 25.24766 25.24766 25.24766 25.24766 25.24766 25.24766 27.41028 95.50528 114.6843 134.1307 31.76185
0 0 0 0 0 0 0 0 0 0 0 0 11.17887 12.31812 5.415993 5.134511 5.134511 5.134511 5.134511 11.85111 38.41318 68.81599 68.81599 68.81599 62.96053 68.81599 68.81599 68.81599 68.81599 68.81599 68.60204 53.21985 25.06611 25.06611 24.55115 24.65231 24.8467 24.14337 23.39655 20.54923 19.77765 19.78122 21.84774 27.57435 29.56042 29.56042 29.56042 29.56042 32.4016 41.12592 41.12592 41.12592 32.58005 28.63608 28.63608 28.63608 26.32569 25.24766 25.24766 25.24766 25.24766 25.24766 25.24766 25.24766 59.35792 145.7419 145.7419 145.4091 121.4834
0 0 0 0 0 0 0 0 0 0 0 0 0 9.203333 5.134511 5.134511 5.134511 5.134511 5.8836 11.81479 16.59834 28.82915 46.37924 44.04687 9.583682 63.33417 68.81599 68.81599 68.81599 58.92323 41.54643 25.08686 25.06611 24.9341 22.73639 22.53054 22.53054 22.74731 51.41879 33.43092 20.49113 20.49113 20.49113 20.7531 28.90501 29.56042 29.56042 29.56042 29.74794 38.56256 41.12592 41.12592 39.93181 35.90941 28.69135 28.63608 26.699 26.38004 26.33716 25.71631 35.65622 84.44947 116.6729 93.6834 112.4452 145.7419 145.7419 145.7419 145.7419
0 0 0 0 0 0 0 0 0 0 0 0 0 0 3.307091 4.100766 5.134511 5.134511 6.255111 12.12176 12.12176 12.12176 12.12176 12.07162 7.957267 10.73101 52.02826 65.96733 68.81599 68.81599 68.81599 61.05212 42.99941 33.26792 22.53054 22.53054 22.53054 42.27848 82.51093 72.05009 35.0065 20.49113 20.49113 23.45273 29.55995 29.56042 29.56042 29.56042 29.56042 32.53922 41.12592 41.83022 47.00915 45.38729 28.63608 29.04161 32.49979 32.56153 32.56153 53.25343 145.7419 145.7419 145.7419 145.7419 145.7419 145.7419 139.9926 94.17615 93.45144
0 0 0 0 0 0 0 0 0 0 0 0 0 0 0 0 2.847756 4.330421 11.06706 12.12176 12.12176 12.12176 11.70927 9.520267 7.236364 8.373129 14.73976 53.73278 68.81599 68.81599 68.81599 68.81599 68.81599 55.64591 22.53054 22.53054 22.53054 30.47005 82.51093 82.51093 77.88882 41.80536 20.49113 20.63915 28.83153 29.56042 29.56042 29.56042 33.9016 40.73249 44.2762 55.81323 56.13508 47.66916 29.03932 31.966 32.56153 32.56153 32.56153 82.26669 143.2644 145.7419 145.7419 145.7419 145.7419 145.7419 90.42043 25.73058 25.73058
0 0 0 0 0 0 0 0 0 0 0 0 0 0 0 0 0 0 0 10.99065 10.28832 8.806136 6.883434 6.800168 10.89914 30.52806 32.90075 38.98278 42.83739 55.4972 55.42387 67.28024 67.42794 29.08068 22.53379 37.73999 69.70361 73.2017 82.51093 82.51093 82.51093 82.05305 55.12715 29.39149 29.56042 29.56042 29.56042 39.9473 55.32875 55.51326 55.36983 56.13508 56.13508 55.84215 54.28328 39.71308 32.56153 32.56153 32.56153 32.56153 52.33689 119.7371 145.7419 145.7419 145.7419 145.7419 140.5555 122.6693 64.80936
0 0 0 0 0 0 0 0 0 0 0 0 0 0 0 0 0 0 0 0 6.453968 6.800168 6.800168 6.800168 20.41075 32.17613 32.17613 32.17613 32.17613 32.17613 32.17613 40.72894 30.8842 22.53054 41.45537 82.51093 82.51093 82.51093 82.51093 82.51093 82.51093 82.51093 82.51093 59.21589 29.56042 29.56042 29.56042 39.47392 56.13508 56.13508 56.13508 56.13508 56.13508 56.13508 56.13508 41.21667 32.59319 32.64631 39.24106 36.02257 55.83854 132.1952 145.7419 145.7419 145.7419 132.0386 90.50453 63.1501 40.27005
0 0 0 0 0 0 0 0 0 0 0 0 0 0 0 0 0 0 0 0 0 6.797166 6.800168 6.825954 24.25211 32.17613 32.17613 32.17613 32.17613 31.565 28.81841 26.3099 24.46757 23.76226 61.54853 82.51093 82.51093 82.51093 82.51093 82.51093 80.43665 76.10105 77.69492 51.28964 29.94792 29.09709 29.52566 43.48953 56.13508 56.13508 55.46542 52.06499 55.25074 55.62598 52.13652 43.22215 35.08493 37.05736 101.613 122.8232 141.1212 145.7419 145.7419 116.7844 98.96764 46.07112 44.39766 44.39766 44.39766
0 0 0 0 0 0 0 0 0 0 0 0 0 0 0 0 0 0 0 0 0 0 6.421834 6.806711 29.66774 32.17613 32.17613 32.17613 32.17613 29.79466 25.7693 25.7693 25.7693 26.56087 35.04996 81.7524 82.51093 82.51093 82.51093 72.17681 30.66096 33.38875 32.17011 30.65939 30.65939 20.84248 15.85264 28.66192 34.03703 48.99707 39.50548 35.24076 35.24076 35.24076 35.24076 35.24076 34.78967 28.1842 27.76676 44.379 59.77498 85.28977 94.74408 66.88891 44.39766 44.39766 44.39766 44.39766 44.39766
0 0 0 0 0 0 0 0 0 0 0 0 0 0 0 0 0 0 0 0 0 0 0 0 18.14552 31.84065 32.17613 32.17613 31.95392 26.58393 25.7693 25.7693 25.7693 40.37297 82.51093 82.51093 82.51093 82.51093 74.86967 31.78547 30.65939 30.65939 30.65939 30.65939 25.21623 15.37626 15.30751 15.30751 15.30751 31.11712 35.24076 35.24076 35.24076 35.24076 35.24076 35.24076 21.43947 9.002476 9.002476 9.002476 9.002476 22.61653 44.39766 44.39766 44.39766 44.39766 44.39766 44.39766 44.39766
0 0 0 0 0 0 0 0 0 0 0 0 0 0 0 0 0 0 0 0 0 0 0 0 12.18061 13.929 27.92513 32.17613 29.477 25.7693 25.7693 25.55664 23.28596 23.30503 35.82664 43.28069 80.64297 82.51093 81.68119 45.53936 30.65939 30.65939 30.65939 30.65939 24.04669 16.92902 15.30751 15.30751 15.30751 30.878 35.0943 33.07654 32.58976 34.23936 35.24076 32.90154 10.06752 9.002475 9.002475 9.002476 13.65454 41.19258 44.39766 44.39766 44.39766 44.39766 44.39766 44.39766 44.39766
0 0 0 0 0 0 0 0 0 0 0 0 0 0 0 0 0 0 0 0 0 0 0 8.49552 12.18061 12.18061 14.52408 20.86795 20.41089 20.37574 23.16635 22.93775 22.74014 22.74014 22.74014 27.39282 33.31975 46.23936 50.89682 32.36316 30.65939 30.65939 30.65939 28.45812 16.01373 15.30751 15.30751 20.29987 24.16829 27.09789 27.45896 27.06372 27.06371 29.95218 35.24076 29.20527 9.070767 9.002476 9.002476 9.002476 15.61414 26.94852 44.34284 44.39766 44.39766 44.39766 44.39766 44.39766 44.39766
0 0 0 0 0 0 0 0 0 0 0 0 0 0 0 0 0 0 0 0 0 0 12.04924 12.18061 12.18061 12.18061 12.18061 12.18061 13.76168 20.23826 22.74014 22.74014 22.74014 22.74014 22.74014 24.07396 29.63629 30.65939 30.65939 30.65938 30.65938 31.27208 39.95037 26.82309 15.3261 15.6334 15.30751 20.44145 25.50006 25.92077 27.06371 26.86657 26.524 26.70672 28.77961 14.50754 9.038587 9.002476 9.002476 9.002476 9.002476 9.641492 28.10048 27.98685 34.21939 44.39766 44.39766 44.39766 44.39766
0 0 0 0 0 0 0 0 0 0 0 0 0 0 0 0 0 0 0 0 0 12.49756 12.37396 12.18061 12.18061 12.18061 12.66622 17.27686 20.07503 22.74014 22.74014 22.74014 22.74014 22.74014 22.74014 22.74014 24.23067 30.58414 36.175 56.04916 49.02664 56.28978 62.47771 62.24237 46.64082 23.70036 21.81595 22.82211 23.75326 24.33191 26.75885 26.41176 25.71662 25.71662 25.71662 24.74004 9.1915 9.002476 11.7895 22.24191 22.83267 19.77557 19.89205 20.8066 36.76606 44.39766 42.65755 38.97179 33.30724
0 0 0 0 0 0 0 0 0 0 0 0 0 0 0 0 0 0 0 14.91487 15.4125 15.47609 13.52332 12.18063 12.18061 12.34891 23.42633 41.83686 28.87491 26.22202 22.74014 22.74014 22.74014 22.74013 22.74014 22.74013 22.74014 26.28629 58.86604 62.4777 62.47771 62.47771 62.47771 62.47771 46.85725 23.75327 23.75326 23.75326 23.75326 23.75326 25.55615 26.08246 25.71662 25.71662 25.71662 22.89643 10.42601 9.002475 16.75039 31.01644 31.01645 31.01644 31.01645 31.01645 31.28023 35.72129 31.02876 31.01644 30.94574
0 0 0 0 0 0 0 0 0 0 0 0 0 0 0 0 0 0 0 15.47609 15.47609 15.47609 15.47609 15.29665 15.34631 15.47123 28.11702 57.62609 57.61496 50.35339 37.05095 22.74014 22.74014 22.74014 22.74014 22.74014 22.74014 22.74014 52.06955 62.47771 62.4777 62.47771 62.47771 61.79928 49.15784 24.26549 23.75326 23.75326 24.15049 26.95749 29.27918 27.41679 25.71797 25.71662 25.71662 19.56236 11.06068 9.002476 9.059511 23.71292 31.01644 31.01644 31.01644 31.01644 31.01644 31.01644 31.01644 29.24793 25.666
