Scenarios/Heterogeneous/data/country_data_population_distribution/processed/density_grids/bgr.asc
ncols 159
nrows 77
xllcorner 22
yllcorner 41
cellsize 0.041666666666667
NODATA_value -9999
[rows 0 to 30 of 77, columns 69 to 137 of 159]
0 0 0 0 0 0 0 0 0 0 0 0 0 0 0 0 0 0 0 0 0 0 0 0 0 0 0 0 0 0 0 0 0 0 0 0 0 0 0 0 0 0 0 0 0 0 0 0 0 0 0 0 0 0 0 0 0 0 0 0 0 0 0 0 0 0 0 0 0
0 0 0 0 0 0 0 0 0 0 0 0 0 0 0 0 0 0 0 0 0 0 0 0 0 0 0 0 0 0 0 0 0 0 0 0 0 0 0 0 0 0 0 0 0 0 0 0 1380.885 1590.004 987.8096 645.3826 957.7924 858.8519 0 0 0 0 0 0 0 0 0 0 0 0 0 0 0
0 0 0 0 0 0 0 0 0 0 0 0 0 0 0 0 0 0 0 0 0 0 0 0 0 0 0 0 0 0 0 0 0 0 0 0 0 0 0 0 0 0 0 0 0 0 1570.787 34.16811 18.31116 18.31116 54.08651 86.35172 86.35172 86.35172 86.35173 93.92917 93.26736 0 0 0 0 0 0 0 0 0 0 0 0
0 0 0 0 0 0 0 0 0 0 0 0 0 0 0 0 0 0 0 0 0 0 0 0 0 0 0 0 0 0 0 0 0 0 0 0 0 0 0 973.5178 821.506 2080.175 4644.078 556.0486 29.31198 24.19518 20.87065 20.85358 19.69133 18.31128 27.96003 53.41952 85.24268 86.35172 86.35172 86.35172 86.35172 83.38684 65.26687 0 0 0 0 0 0 0 0 0 0
0 0 0 0 0 0 0 0 0 0 0 0 0 0 0 0 0 0 0 0 0 0 0 0 0 0 0 0 0 0 0 0 0 35.62546 39.55912 37.01413 31.27117 29.31199 29.31199 29.31199 29.31199 29.31199 29.31199 29.31199 29.31199 23.585 20.87065 20.87065 20.82084 18.35901 18.31116 18.75533 75.60471 86.35172 86.35172 86.35172 86.35172 80.80665 85.72898 83.15942 0 0 20.11502 16.23115 0 16.08646 18.2503 0 0
0 0 0 0 0 0 0 0 0 0 0 0 0 0 0 0 0 0 0 0 0 0 0 0 0 0 0 0 0 210.0695 117.4673 39.55912 39.55912 39.55912 39.55912 39.48273 30.92544 29.41186 29.31199 29.31199 29.31199 29.31199 29.31199 29.31199 29.29763 23.84823 20.87065 20.87065 20.87065 19.69218 18.33773 18.31116 32.71493 86.02106 86.35172 86.26782 67.26043 30.02576 40.39082 82.16553 47.6786 15.10857 15.10856 15.10857 15.10856 14.44588 12.19919 25.06027 0
0 0 0 0 0 0 0 0 0 0 0 0 0 0 0 0 0 0 0 0 0 0 0 0 0 0 0 0 287.1046 364.5526 252.9919 51.06273 39.55912 39.55912 39.4873 36.1157 32.79979 32.46149 31.50983 30.8605 31.61466 30.1764 29.31199 29.31199 25.17625 20.87065 20.87065 20.87065 20.87065 20.56245 18.45945 20.2863 32.53771 71.48795 86.35173 73.28116 10.84018 10.84018 10.84018 10.96014 12.2847 15.10856 15.10856 15.10856 15.10856 11.41525 10.09736 10.09736 10.38857
0 0 0 0 0 0 0 0 0 0 0 0 0 0 0 0 0 0 0 0 0 0 0 0 0 0 0 395.3993 364.5526 364.5526 364.5526 301.3895 103.0369 39.55912 36.60981 32.50569 32.50569 32.50569 32.50569 32.50569 32.50569 32.02767 30.19535 25.23461 20.92675 20.87065 20.87065 20.87065 23.56267 25.76483 30.66833 40.7153 42.51188 46.24198 54.52909 41.37068 20.18551 10.84018 10.84018 10.84018 12.89584 15.10856 15.10856 23.07525 17.7364 10.39748 10.09736 10.09736 10.09736
0 0 0 0 0 0 0 0 0 0 0 0 0 0 0 0 0 0 0 0 0 0 0 0 0 337.7154 364.5526 364.5526 364.5526 364.5526 364.5526 364.5526 283.3384 34.68337 33.08516 32.50569 32.50569 32.50569 32.50569 32.50569 32.50569 32.50569 33.58825 33.01141 28.70587 24.20111 26.88793 28.46877 22.38299 29.32566 37.835 42.51188 42.51188 42.51188 42.51188 42.51188 35.19985 14.22201 10.84018 10.84018 16.70082 26.03672 20.48112 27.80944 21.91863 12.47893 10.09736 10.09736 10.09736
0 0 0 0 0 0 0 0 0 0 0 0 0 0 0 0 0 0 0 0 0 0 0 0 199.6679 364.5526 364.5526 364.5526 364.4754 362.0257 364.5526 364.5526 260.3218 30.89521 30.9521 30.48048 29.32235 30.87224 32.50569 32.50569 32.58689 33.29811 33.49842 34.49911 34.49911 34.97128 50.11894 48.88475 31.58117 32.45933 41.65012 42.51188 42.51188 42.51188 42.51188 42.51188 42.51188 42.14433 27.38377 21.62815 28.03517 28.33804 28.33803 38.40756 39.99384 58.65769 31.64833 10.14684 10.09736
0 0 0 0 0 0 0 0 0 0 0 0 0 0 0 0 0 0 0 0 0 0 0 34.85752 152.9019 212.0574 112.3892 37.84081 158.5685 122.8811 298.2527 264.0595 104.1478 21.92745 21.92745 21.92745 21.92745 22.32413 24.77963 27.18371 33.75015 34.49911 34.44277 34.49911 36.46527 46.8169 52.35991 52.38191 52.25055 45.17725 43.27304 42.51188 42.51188 42.51188 42.51188 42.51188 40.48087 34.86598 28.37769 28.33804 28.33803 28.33803 29.10225 55.99553 65.0431 65.0431 65.0431 17.70934 29.88178
155.8491 28.97121 22.66993 25.69814 0 0 0 0 0 0 0 0 0 0 0 0 0 0 0 0 0 0 22.93477 22.02299 22.023 22.02299 22.02299 22.02299 22.02299 21.97323 21.92745 21.92745 21.92745 21.92745 21.92745 21.92745 21.92745 21.92745 21.92745 21.92745 51.56388 35.69448 34.49911 34.49911 41.10471 52.3819 52.3819 52.38191 52.3819 52.3819 49.16328 41.47555 38.94841 39.43921 42.51187 42.51187 32.75734 28.33804 28.33804 28.33804 28.33803 28.33804 31.03728 65.0431 65.0431 65.0431 65.0431 59.38518 63.88509
21.34358 21.34544 25.06767 26.60287 30.62316 30.24154 30.7616 32.87098 53.47771 46.80505 0 0 0 0 0 0 0 0 24.88433 22.03091 22.02174 22.02177 22.02229 22.02283 22.02299 22.02299 22.02299 22.02299 22.02299 22.00675 21.86964 21.84509 21.88089 21.92745 21.92745 21.92745 21.92745 21.92745 21.92745 26.29675 62.39974 53.3397 49.01218 48.79074 50.13129 52.3819 52.38191 42.48475 45.23571 50.22771 52.3819 45.23802 36.27039 36.28254 39.01084 40.77577 40.25011 28.80212 28.33804 28.33804 28.33803 28.33804 40.01744 65.04311 65.04311 65.04311 65.04311 65.04311 65.04311
21.34358 21.34498 26.13549 28.73588 30.8613 30.8613 30.8613 35.46478 56.21791 57.5686 57.56861 90.09716 0 0 50.9274 31.75737 21.12424 18.72682 18.60241 21.13875 22.02174 22.02174 22.02174 22.5423 24.64466 23.42263 22.02299 22.02299 21.67777 21.2773 20.97503 20.8506 20.84562 21.11776 32.30383 48.41661 47.48489 45.40779 46.35509 59.09547 64.55849 64.55849 64.55849 61.65773 52.89034 52.3819 42.67159 25.88928 24.89804 25.93151 40.88973 38.44756 36.27039 36.27039 36.27039 36.27039 30.06961 23.2202 26.55901 28.33804 27.82433 28.33756 53.34003 65.0431 65.0431 65.0431 65.0431 65.0431 65.0431
21.34358 21.34358 22.93579 28.53605 30.23317 30.8613 30.8613 30.86131 51.74446 57.56861 57.56861 57.5686 57.5686 57.5686 56.5518 35.10092 18.53404 18.53405 18.53405 18.57588 19.68245 21.68719 22.02174 24.06274 26.35177 26.31523 23.78878 22.32314 22.02124 20.8448 20.8448 20.8448 20.8448 20.8448 22.79104 63.85555 64.55849 64.5585 64.55849 64.55849 64.55849 64.5585 64.55849 62.48576 31.97724 29.8428 24.97581 24.96967 28.46452 28.29997 29.63677 30.69586 36.25336 36.27039 36.27039 29.09073 22.2725 21.83832 22.48572 23.07695 21.85775 25.4886 51.27634 65.04311 65.0431 65.0431 65.0431 81.87392 142.9052
21.34358 21.34358 21.71033 23.62461 22.51756 28.08389 30.86726 34.75479 52.60054 57.5686 57.5686 57.5686 57.5686 57.56861 56.45166 25.93011 18.53405 18.53404 18.53404 18.53404 18.65086 21.88265 22.02174 24.98426 26.35177 26.35177 26.35177 26.35177 26.31705 22.80708 20.8448 21.32948 28.57087 24.42595 27.84732 64.38731 64.55849 64.55849 64.55849 64.55849 64.55849 64.55849 64.55849 61.40691 26.93351 24.89804 26.33292 29.03645 29.60509 29.60509 29.60509 31.38526 36.27039 36.27039 35.37393 22.45808 21.83832 21.83832 21.87251 23.12858 24.11794 24.99174 26.49267 63.81915 64.45351 64.62818 65.0431 118.7537 181.2371
64.37378 25.43646 23.81953 31.39643 34.70146 31.97684 35.25895 40.56272 53.05433 57.56861 57.56861 57.5686 57.5686 57.5686 57.5686 50.36814 20.97134 22.56754 24.00549 20.33588 26.25902 29.03439 22.08993 23.99478 26.35177 26.35177 26.35177 26.67656 34.73849 36.78229 36.20346 39.05496 33.65974 31.92098 39.6163 59.17373 64.55849 64.55849 64.55849 64.55849 64.55849 64.55849 58.31518 34.72709 24.47209 24.89802 25.26475 28.89006 29.60509 29.60509 27.23583 24.94961 23.55351 36.75037 34.46074 22.40399 23.86459 26.81963 34.45049 31.00218 25.02346 25.02346 25.77228 52.29527 39.49344 42.60894 65.0431 65.588 78.08885
142.4715 81.28176 39.85754 40.56272 40.56272 40.56272 40.56272 41.65113 55.92813 57.56861 57.56861 57.56861 57.56861 57.5686 53.04726 35.84499 27.57282 31.34559 31.41357 30.25265 31.9015 31.9015 27.56274 26.08106 26.3054 26.35177 26.35177 29.15108 39.31838 39.31838 39.31838 39.30791 32.2453 31.92098 31.92098 42.77424 64.47763 60.39499 61.29752 55.43039 61.08954 43.9669 21.43898 19.28519 20.14265 21.84496 19.67869 21.17992 25.6857 25.95181 19.54066 19.49767 21.55606 46.31629 49.33256 42.8945 45.83598 48.02105 49.26935 34.15759 25.02346 25.02346 25.02346 25.02346 25.02346 28.18569 40.4495 51.93785 64.46011
46.11809 28.30964 40.33453 40.56272 40.56271 40.56271 48.87052 50.96018 52.45898 57.56861 57.5686 57.56861 55.83298 47.25889 31.39267 27.53266 27.81859 31.14322 31.9015 31.9015 31.9015 31.9015 31.9015 31.9015 31.08253 28.50831 27.09203 31.55717 32.87065 35.00858 36.4402 36.13106 32.34406 31.92098 31.92098 31.92098 32.85558 31.87329 20.70002 21.2574 21.02327 19.11302 19.11302 19.11302 19.11302 19.38267 19.4964 19.49767 19.49767 19.49767 19.49767 19.49767 22.98577 37.38745 45.12888 49.33256 49.33256 49.33256 45.25515 25.13162 22.5757 24.97044 25.02346 25.02346 25.02346 25.02346 29.17068 47.13012 56.48198
25.73058 27.29856 32.89989 30.33939 33.1854 40.56272 40.56272 40.69966 52.39598 55.8045 41.40317 36.66856 36.05235 35.02179 27.53471 27.53266 27.53266 27.53792 28.56906 29.13496 28.99493 31.68743 31.72444 31.82883 31.86461 31.1769 31.91085 31.91907 31.92098 31.92098 31.92098 31.92098 31.92098 31.92098 31.92098 31.92098 29.84351 23.06532 19.11302 19.17364 19.86179 19.11302 19.11302 24.19971 22.23284 35.35086 49.61326 73.89513 43.99063 48.7153 74.31376 105.3743 52.77052 31.34496 26.48824 46.78143 49.33256 49.33256 30.08906 20.64856 20.64856 22.60268 24.2548 24.71197 29.78519 31.96498 40.85875 48.50586 49.51519
25.73058 25.73058 25.2975 18.42606 14.85148 36.19296 40.56271 40.56272 40.56366 38.40913 35.77355 35.77355 35.77355 32.36499 27.53266 27.53266 27.53266 27.53266 27.53266 27.53266 27.53266 27.73903 26.66047 25.67464 25.94704 25.4799 31.46179 31.90838 31.92098 31.92098 31.92098 31.92098 31.92098 31.92098 31.92098 23.13366 19.44817 20.74513 56.58102 66.78973 76.76836 54.97783 40.43008 74.72021 77.18258 111.245 122.9682 122.9682 122.9682 122.9682 122.9682 122.9682 122.9682 122.823 47.01321 34.50207 45.61873 49.31021 45.90742 21.51201 20.64856 20.64856 20.64856 28.82503 39.38502 39.38502 39.38502 42.73662 49.51519
32.19693 33.44664 37.90139 22.59365 14.62159 22.97237 37.64568 40.00103 38.26243 36.038 35.77355 35.77355 35.77355 35.76479 31.75895 28.11616 27.53266 27.53266 27.53266 27.53266 27.53266 96.2086 89.34608 25.34709 25.34708 25.34709 25.68682 26.13229 27.4485 31.00888 31.92098 31.92098 31.92098 31.92098 31.92098 30.71462 21.92983 35.94761 78.26019 78.26019 78.26018 78.26019 78.26019 78.26019 88.85548 122.9682 122.9682 122.9682 122.9682 122.9682 122.9682 122.9682 108.1335 48.65631 26.92679 24.82299 26.40057 28.90427 26.39223 20.64856 20.64856 27.66886 25.13688 22.73657 38.52821 39.38502 39.38502 39.56907 46.29305
44.39766 44.39766 42.53778 33.53909 14.62159 14.62159 15.12525 18.81038 35.69637 35.77355 35.77355 35.77355 35.77355 35.77355 37.13772 35.72437 51.86314 51.09634 59.82896 65.95674 87.87024 133.545 55.12094 31.79086 25.76975 25.34709 25.34708 25.34709 26.05313 31.07718 31.92098 31.92098 31.92098 31.92098 31.92098 43.57907 58.31476 68.8146 78.26018 78.26018 78.26018 78.26019 78.26018 78.26018 78.32143 75.99291 50.61741 57.68678 84.31319 122.1898 122.9682 122.9682 103.2285 36.23799 25.2019 24.82299 24.82299 24.46174 34.84285 35.92919 47.15244 48.56279 39.69015 48.16618 92.63432 87.15681 50.20577 43.828 45.13953
44.39766 44.39766 27.98464 14.70328 14.62159 14.62159 14.11624 18.4261 33.28003 35.77355 35.77355 35.77355 35.77355 35.77355 51.97352 79.10554 84.86081 84.86081 111.9593 133.8279 133.8279 133.8279 126.7921 130.2834 82.65266 25.34709 25.34709 25.34709 25.34709 27.08833 16.68967 19.49364 16.05092 21.42667 20.39843 36.2809 75.01797 78.26018 78.26019 78.26019 78.26018 78.26018 78.26019 78.26018 64.12254 40.66462 36.43424 36.43424 36.43424 106.7727 122.9682 122.9682 122.9683 122.9682 107.6008 48.38333 24.82299 24.82299 41.12837 48.63295 48.63295 48.63294 48.55252 64.1431 97.66997 103.6946 100.341 81.88297 80.68026
44.39766 44.39766 31.42936 25.61642 21.62803 17.17075 13.5593 13.27958 16.25145 23.0847 35.77355 35.77355 35.77355 35.77355 63.56649 84.86082 84.86081 85.4023 128.4899 133.8279 133.8279 133.8279 133.8279 128.3165 81.71788 55.26277 25.34708 25.34709 25.34709 19.46638 11.49611 11.34492 11.34492 11.34492 13.23972 17.5626 47.54313 60.53327 63.40199 78.26019 78.26019 78.26018 78.26019 65.55343 42.91988 36.43424 36.43424 36.43424 36.43424 85.9594 120.0711 122.9682 122.9682 122.9682 122.9682 121.1643 76.08025 41.60473 48.27055 48.63294 48.63295 48.63294 48.63295 47.92306 27.47632 47.3804 106.5493 122.8044 127.9329
44.39766 40.96707 31.1007 27.72927 27.72927 26.27355 16.49592 13.27958 13.27958 17.91498 35.77355 45.03223 65.90565 41.5183 68.48776 84.8608 84.86081 84.86081 108.9876 133.8279 132.6317 107.9517 113.265 72.95161 68.84866 54.45449 30.57334 25.14483 25.27716 12.38261 11.34492 11.34492 11.34492 11.40212 33.6063 46.32669 46.32669 46.32669 53.54362 66.86315 66.04974 76.82218 77.53977 22.9045 20.98487 27.07821 35.49811 36.43424 36.43424 36.43424 54.31046 113.2576 121.3924 122.9682 113.3672 98.85555 52.53806 48.63295 48.63294 48.63294 48.63295 48.63295 48.63295 48.09572 33.49733 31.53859 29.42455 34.71328 47.01041
44.39766 34.47908 27.72927 27.72927 27.72927 27.72927 26.92397 20.92963 17.29182 17.85869 29.22319 69.59142 84.85968 83.333 84.86082 84.86082 84.86082 84.86082 85.12898 92.24753 89.09442 69.38966 69.38965 66.4685 34.17601 13.30688 13.30688 15.89489 15.98041 11.34636 11.34492 11.34492 11.34492 11.34492 28.62665 46.32669 46.32669 46.32669 46.32669 46.32669 46.32669 48.34005 58.31691 34.26595 19.58427 19.58427 21.10299 33.76094 36.43368 36.37275 23.12695 18.5181 16.84171 39.69512 16.99546 20.08856 36.08614 42.95688 43.29804 43.42535 38.16279 45.74075 48.63294 46.45609 26.71623 23.33086 24.66206 23.4018 23.33086
44.39766 38.36211 27.72927 27.72927 27.72928 27.72927 27.72927 27.72928 27.72928 27.72927 27.99103 68.52254 67.72205 81.65437 80.03883 84.76258 84.8608 84.8608 84.8608 84.8608 84.67895 72.95589 69.43359 47.45023 13.30688 13.30688 13.30688 13.30688 13.30688 12.31151 11.38617 11.34492 11.34492 12.58592 43.2813 43.74479 46.32669 46.32669 46.32669 46.32669 46.32669 44.00925 27.88561 19.58427 19.58427 19.58427 19.58427 19.58427 16.86221 15.3056 12.83179 12.8318 12.8318 12.83179 13.19811 14.31137 19.08682 34.81988 36.09974 36.09974 36.09974 37.65885 37.89399 39.85261 28.60715 26.46564 35.27347 32.09422 23.33086
29.28281 28.10932 27.72927 27.72927 27.72927 27.72927 27.72927 27.72927 27.72927 27.72927 29.33106 32.06434 32.06435 33.54376 32.06435 38.35434 53.601 68.01787 84.86081 84.8608 84.8608 84.86081 82.47264 75.61723 15.33375 13.30688 13.23907 13.06968 13.29961 13.2319 11.98504 11.34492 11.34492 13.09272 23.52713 29.86915 30.97984 40.14217 37.80913 35.59969 42.42748 33.92866 19.58427 19.58427 19.58427 19.58427 19.58427 17.36293 13.06332 12.8318 12.83179 12.8318 12.83179 22.13977 33.03721 36.09974 36.09974 36.09974 36.09974 36.09974 36.09974 36.09974 37.37365 38.86246 38.76638 38.3731 38.86246 37.64811 32.15175
27.73902 27.72927 27.72927 27.72927 27.72927 27.72927 27.72927 61.22663 71.82391 56.24475 67.91408 50.3161 40.65982 46.24305 32.09588 32.06434 32.75602 54.46205 84.86081 84.86082 83.5619 72.89432 73.05344 75.12676 15.73356 12.9782 12.92429 12.91703 12.97577 12.88082 12.33474 11.72944 14.3996 20.66773 23.07503 23.07503 23.07503 23.07503 23.07503 22.8763 20.37425 19.58427 19.58427 19.58427 19.58427 19.58427 19.58427 13.97822 12.83179 12.83179 12.83179 12.83179 12.8318 18.02562 32.29412 38.06159 41.9285 41.23838 40.07477 37.40366 36.09974 36.09974 36.6154 38.86246 38.86246 38.86246 38.86246 38.86246 38.86246
27.13025 27.72927 27.72927 27.72927 27.72927 27.72927 34.10174 80.23951 98.66577 98.66576 98.66576 98.66576 98.66576 98.66576 44.12184 32.06435 37.0952 84.56438 84.86081 84.86082 65.28268 14.05303 12.91703 12.91703 12.91703 12.91703 12.91703 12.91703 12.91703 12.91703 13.15646 55.9803 31.61261 23.07503 23.07503 23.07503 23.07503 23.07503 23.07503 22.99771 20.72849 17.36441 18.52883 19.58427 19.52873 17.90929 16.87909 15.96527 14.68887 14.43345 14.68576 13.31318 22.08318 35.6847 43.96194 47.41619 47.5773 47.57731 47.57731 46.35989 39.69866 36.77831 36.96288 38.86195 38.86246 38.86246 38.86246 38.86246 38.86246
