Scenarios/Heterogeneous/data/country_data_population_distribution/processed/density_grids/bwa.asc
ncols 224
nrows 221
xllcorner 20
yllcorner -26
[rows 108 to 134 of 221, columns 122 to 182 of 224]
2.081994 2.705729 2.705729 2.705729 3.101453 4.849556 5.427535 5.427535 5.427535 5.427535 5.427535 5.427535 5.427535 5.427535 5.427535 5.427535 5.427535 5.427535 5.427535 5.427535 5.427535 5.427535 5.427535 5.427535 5.427535 5.427535 5.427535 5.427535 5.427535 5.427535 5.427535 5.427535 5.427535 5.427535 5.427535 5.427535 5.427535 5.427535 5.427535 5.427535 5.427535 5.427535 5.427535 5.427535 5.427535 5.427535 5.427535 5.427535 5.427535 5.427535 5.427535 5.427535 5.427535 5.427535 5.427535 5.427535 5.427535 5.427535 5.427535 5.427535 5.427535
0.2725009 2.432673 2.709245 3.781357 5.304702 5.427535 5.427535 5.427535 5.427535 5.427535 5.427535 5.427535 5.427535 5.427535 5.427535 5.427535 5.427535 5.427535 5.427535 5.427535 5.427535 5.427535 5.427535 5.427535 5.427535 5.427535 5.427535 5.427535 5.427535 5.427535 5.427535 5.427535 5.427535 5.427535 5.427535 5.427535 5.427535 5.427535 5.427535 5.427535 5.427535 5.427535 5.427535 5.427535 5.427535 5.427535 5.427535 5.427535 5.427535 5.427535 5.427535 5.427535 5.427535 5.427535 5.427535 5.427535 5.427535 5.427535 5.427535 5.427535 5.427535
0.006601895 0.6020791 4.436335 5.427535 5.427535 5.427535 5.427535 5.427535 5.427535 5.427535 5.427535 5.427535 5.427535 5.427535 5.427535 5.427535 5.427535 5.427535 5.427535 5.427535 5.427535 5.427535 5.427535 5.427535 5.427535 5.427535 5.427535 5.427535 5.427535 5.427535 5.427535 5.427535 5.427535 5.427535 5.427535 5.427535 5.427535 5.427535 5.427535 5.427535 5.427535 5.427535 5.427535 5.427535 5.427535 5.427535 5.427535 5.427535 5.427535 5.427535 5.427535 5.427535 5.427535 5.427535 5.427535 5.427535 5.427535 5.427535 5.427535 5.427535 5.427535
0.006601895 0.006601895 2.129723 5.426803 5.427535 5.427535 5.427535 5.427535 5.427535 5.427535 5.427535 5.427535 5.427535 5.427535 5.427535 5.427535 5.427535 5.427535 5.427535 5.427535 5.427535 5.427535 5.427535 5.427535 5.427535 5.427535 5.427535 5.427535 5.427535 5.427535 5.427535 5.427535 5.427535 5.427535 5.427535 5.427535 5.427535 5.427535 5.427535 5.427535 5.427535 5.427535 5.427535 5.427535 5.427535 5.427535 5.427535 5.427535 5.427535 5.427535 5.427535 5.427535 5.427535 5.427535 5.427535 5.427535 5.427535 5.427535 5.427535 5.427535 5.427535
0.006601895 0.006601895 0.006601896 3.202149 5.427535 5.427535 5.427535 5.427535 5.427535 5.427535 5.427535 5.427535 5.427535 5.427535 5.427535 5.427535 5.427535 5.427535 5.427535 5.427535 5.427535 5.427535 5.427535 5.427535 5.427535 5.427535 5.427535 5.427535 5.427535 5.427535 5.427535 5.427535 5.427535 5.427535 5.427535 5.427535 5.427535 5.427535 5.427535 5.427535 5.427535 5.427535 5.427535 5.427535 5.427535 5.427535 5.427535 5.427535 5.427535 5.427535 5.427535 5.427535 5.427535 5.427535 5.427535 5.427535 5.427535 5.427535 5.427535 5.427535 5.427535
0.006601895 0.006601895 0.006601895 0.124425 4.134586 5.427535 5.427535 5.427535 5.427535 5.427535 5.427535 5.427535 5.427535 5.427535 5.427535 5.427535 5.427535 5.427535 5.427535 5.427535 5.427535 5.427535 5.427535 5.427535 5.427535 5.427535 5.427535 5.427535 5.427535 5.427535 5.427535 5.427535 5.427535 5.427535 5.427535 5.427535 5.427535 5.427534 5.427535 5.427535 5.427535 5.427535 5.427535 5.427535 5.427535 5.427534 5.427535 5.427535 5.427535 5.427535 5.427535 5.427535 5.427535 5.427535 5.427535 5.427535 5.427535 5.427535 5.427535 5.427535 5.427535
0.006601895 0.006601895 0.006601896 0.006601895 0.4968954 4.842014 5.427535 5.427535 5.427535 5.427535 5.427535 5.427535 5.427535 5.427535 5.427535 5.427535 5.427535 5.427535 5.427535 5.427535 5.427535 5.427535 5.427535 5.427535 5.427535 5.427535 5.427535 5.427535 5.427535 5.427535 5.427535 5.427535 5.427535 5.427535 5.427535 5.427535 5.427535 5.427535 5.427535 5.427535 5.427535 5.427535 5.427535 5.427535 5.427535 5.427535 5.427535 5.427535 5.427535 5.427535 5.427535 5.427535 5.427535 5.427535 5.427535 5.427535 5.427535 5.427535 5.427535 5.427535 5.427535
0.006601895 0.006601895 0.006601895 0.006601895 0.006601895 1.154576 5.255286 5.427535 5.427535 5.427535 5.427535 5.427535 5.427535 5.427535 5.427535 5.427535 5.427535 5.427535 5.427535 5.427535 5.427535 5.427535 5.427535 5.427535 5.427535 5.427535 5.427535 5.427535 5.427535 5.427535 5.427535 5.427535 5.427535 5.427535 5.427535 5.427535 5.427535 5.427535 5.427535 5.427535 5.427535 5.427535 5.427535 5.427535 5.427535 5.427535 5.427535 5.427535 5.427535 5.427535 5.427535 5.427535 5.427535 5.427535 5.427535 5.427535 5.427535 5.427535 5.427535 5.427535 5.427535
0.006601895 0.006601896 0.006601895 0.006601896 0.006601895 0.006601896 2.053406 5.4251 5.427535 5.427535 5.427535 5.427535 5.427535 5.427535 5.427535 5.427535 5.427535 5.427535 5.427535 5.427535 5.427535 5.427535 5.427535 5.427535 5.427535 5.427535 5.427535 5.427535 5.427535 5.427535 5.427535 5.427535 5.427535 5.427535 5.427535 5.427535 5.427535 5.427535 5.427535 5.427535 5.427535 5.427535 5.427535 5.427535 5.427535 5.427535 5.427535 5.427535 5.427535 5.427535 5.427535 5.427535 5.427535 5.427535 5.427535 5.427535 5.427535 5.427535 5.427535 5.427535 5.427535
0.006601895 0.006601895 0.006601895 0.006601895 0.006601896 0.006601895 0.006601896 3.078538 5.427535 5.427535 5.427535 5.427535 5.427535 5.427535 5.427535 5.427535 5.427535 5.427535 5.427535 5.427535 5.427535 5.427535 5.427535 5.427535 5.427535 5.427535 5.427535 5.427535 5.427535 5.427535 5.427535 5.427535 5.427535 5.427535 5.427535 5.427535 5.427535 5.427535 5.427535 5.427535 5.427535 5.427535 5.427535 5.427535 5.427535 5.427535 5.427535 5.427535 5.427535 5.427535 5.427535 5.427535 5.427535 5.427535 5.427535 5.427535 5.427535 5.427535 5.427535 5.427535 5.427535
0.006601896 0.006601895 0.006601896 0.006601895 0.006601896 0.006601895 0.006601896 0.09430367 4.064053 5.427535 5.427535 5.427535 5.427535 5.427535 5.427535 5.427535 5.427535 5.427535 5.427535 5.427535 5.427535 5.427535 5.427535 5.427535 5.427535 5.427535 5.427535 5.427535 5.427535 5.427535 5.427535 5.427535 5.427535 5.427535 5.427535 5.432943 6.238246 7.080464 7.374262 7.247814 6.562272 6.059307 5.659403 5.628384 6.430594 7.07113 7.053558 6.986998 6.177619 5.444648 5.427535 5.427535 5.43876 5.52847 5.482701 5.427535 5.427535 5.427535 5.427535 5.427535 5.427535
0.006601895 0.006601896 0.006601895 0.006601896 0.006601895 0.006601896 0.006601895 0.006601895 0.4568167 4.752385 5.427535 5.427535 5.427535 5.427535 5.427535 5.427535 5.427535 5.427535 5.427535 5.427535 5.427535 5.427535 5.427535 5.427535 5.427535 5.427535 5.427535 5.427535 5.427535 5.427535 5.427535 5.427535 5.427535 5.427535 5.53248 6.848374 7.560384 7.560385 7.560385 7.560385 7.560385 7.560385 7.560385 7.545796 7.560385 7.560385 7.560385 7.560385 7.560385 7.221561 6.642995 7.145785 7.520552 7.560385 7.544667 7.177079 5.936141 5.427535 5.427535 5.427535 5.427535
0.006601896 0.006601896 0.006601896 0.006601896 0.006601896 0.006601896 0.006601896 0.006601896 0.006601895 1.038281 5.221634 5.427535 5.427534 5.427535 5.427535 5.427535 5.427535 5.427535 5.427535 5.427535 5.427535 5.427535 5.427535 5.427535 5.427535 5.427535 5.427535 5.427535 5.427535 5.427535 5.427535 5.427535 5.427535 5.818644 7.238526 7.560386 7.560386 7.560386 7.560386 7.560385 7.560386 7.560386 7.560386 7.560386 7.560386 7.560386 7.560386 7.560385 7.560386 7.560386 7.560386 7.560386 7.560386 7.560385 7.560386 7.560386 7.386034 5.447647 5.427535 5.427535 5.427535
0.006601895 0.006601895 0.006601895 0.006601895 0.006601895 0.006601895 0.006601895 0.006601895 0.006601895 0.006601895 1.871204 5.414561 5.427535 5.438264 5.46432 5.427535 5.427535 5.427535 5.427535 5.427535 5.427535 5.427535 5.427535 5.427535 5.427535 5.427535 5.427535 5.427535 5.427535 5.427535 5.427535 5.427535 5.758769 7.29031 7.560386 7.560386 7.560386 7.560386 7.560385 7.560386 7.560386 7.560386 7.560385 7.560386 7.560385 7.560386 7.560385 7.560386 7.560385 7.560386 7.560385 7.560386 7.560386 7.560386 7.560386 7.408267 6.464033 5.427535 5.427535 5.427535 5.427535
0.006601895 0.006601895 0.006601895 0.006601895 0.006601895 0.006601895 0.006601895 0.006601895 0.006601895 0.006601895 0.006601895 2.880789 5.452268 6.967701 7.549367 7.461051 7.221606 7.005107 6.405192 5.85357 5.637156 5.528982 5.427535 5.427535 5.427535 5.427535 5.427535 5.427535 5.427535 5.427535 5.579846 6.554163 7.506759 7.560385 7.560385 7.560385 7.560385 7.560385 7.560385 7.560385 7.560385 7.560385 7.560385 7.560385 7.560385 7.560385 7.560385 7.560385 7.560385 7.560385 7.560385 7.560385 7.560385 7.560385 7.443733 5.601152 5.427535 5.427535 5.427535 5.427535 5.427535
0.006601895 0.006601895 0.006601895 0.006601895 0.006601895 0.006601895 0.006601895 0.006601895 0.006601895 0.006601895 0.006601895 0.05572863 5.941628 7.560385 7.560386 7.560386 7.560386 7.560385 7.560386 7.560385 7.560386 7.559587 7.433876 7.256485 7.322795 7.37595 7.300091 7.375123 7.198023 7.164348 7.495736 7.560386 7.560385 7.560386 7.560386 7.560386 7.560385 7.560386 7.560385 7.560386 7.560386 7.560386 7.560385 7.560386 7.560385 7.560386 7.560385 7.560385 7.560385 7.560386 7.560385 7.560386 7.560385 7.560385 7.4732 5.618184 5.711884 6.689207 6.881777 6.662624 6.366796
0.006601896 0.006601896 0.006601896 0.006601896 0.006601896 0.006601896 0.006601896 0.006601896 0.006601896 0.006601896 0.006601896 0.2074557 25.80727 11.50449 7.560385 7.560385 7.560385 7.560385 7.560385 7.560385 7.560385 7.560385 7.560385 7.560385 7.560385 7.560385 7.560385 7.560385 7.560385 7.560385 7.560385 7.560385 7.560385 7.560385 7.560385 7.560385 7.560385 7.560385 7.560385 7.560385 7.560385 7.560385 7.560385 7.560385 7.560385 7.560385 7.560385 7.560385 7.560385 7.560385 7.560385 7.560385 7.560385 7.560385 7.560385 7.553223 7.536717 7.560385 7.560385 7.560385 7.560385
0.006601895 0.006601896 0.006601895 0.006601895 0.006601895 0.006601895 0.006601895 0.006601896 0.006601895 0.006601896 0.006601895 12.07692 34.2054 30.00432 9.05807 7.560385 7.560385 7.560385 7.560385 7.560385 7.560385 7.560385 7.560385 7.560385 7.560385 7.560386 7.560385 7.560386 7.560385 7.560385 7.560385 7.560385 7.560385 7.560385 7.560385 7.560385 7.560386 7.560385 7.560385 7.560385 7.560385 7.560385 7.560385 7.560385 7.560386 7.560385 7.560386 7.560385 7.560385 7.560385 7.560385 7.560385 7.560386 7.560385 7.560386 7.560385 7.560385 7.560385 7.560385 7.560385 7.560385
0.006601895 0.006601895 0.006601895 0.006601895 0.006601895 0.006601895 0.006601895 0.006601895 0.006601895 0.006601895 0.9231333 29.62349 34.20541 34.2054 26.24191 7.80526 7.560386 7.560386 7.560386 7.560386 7.560385 7.560385 7.560385 7.560386 7.560385 7.560386 7.560385 7.560386 7.560385 7.560386 7.560385 7.560385 7.560386 7.560385 7.560386 7.560385 7.560386 7.560385 7.560386 7.560385 7.560386 7.560386 7.560386 7.560385 7.560386 7.560385 7.560386 7.560385 7.560386 7.560386 7.560386 7.560385 7.560386 7.560385 7.560386 7.560385 7.560386 7.560385 7.560386 7.560385 7.560386
0.006601896 0.006601895 0.006601896 0.006601896 0.006601896 0.006601895 0.006601896 0.006601895 0.006601896 0.006601895 14.86984 34.20541 34.20541 34.20541 34.20541 21.44106 7.560386 7.560385 7.560386 7.560385 7.560386 7.560386 7.560386 7.560385 7.560386 7.560385 7.560386 7.560385 7.560386 7.560385 7.560386 7.560386 7.560385 7.560386 7.560386 7.560386 7.560385 7.560386 7.560385 7.560386 7.560386 7.560386 7.560385 7.560386 7.560385 7.560386 7.560385 7.560386 7.560386 7.560386 7.560385 7.560386 7.560385 7.560386 7.560385 7.560386 7.560385 7.560386 7.560385 7.560386 7.560386
0.006601895 0.006601895 0.006601896 0.006601895 0.006601895 0.006601895 0.006601895 0.006601895 0.006601896 1.801172 31.45988 34.2054 34.2054 34.2054 34.2054 34.10991 16.42964 7.560385 7.560385 7.560385 7.560385 7.560385 7.560385 7.560385 7.560385 7.560385 7.560385 7.560385 7.560386 7.560385 7.560385 7.560385 7.560385 7.560385 7.560385 7.560385 7.560385 7.560385 7.560385 7.560385 7.560385 7.560385 7.560385 7.560385 7.560385 7.560385 7.560385 7.560386 7.560385 7.560385 7.560385 7.560385 7.560385 7.560385 7.560385 7.560385 7.560385 7.560385 7.560385 7.560385 7.560385
0.006601896 0.006601896 0.006601896 0.006601896 0.006601896 0.006601896 0.006601896 0.006601896 0.006601896 17.79712 34.2054 34.2054 34.2054 34.2054 34.2054 34.2054 33.12521 12.54271 7.560385 7.560385 7.560385 7.560385 7.560385 7.560385 7.560385 7.560385 7.560385 7.560385 7.560385 7.560385 7.560385 7.560385 7.560385 7.560385 7.560385 7.560385 7.560385 7.560385 7.560385 7.560385 7.560385 7.560385 7.560385 7.560385 7.560385 7.560385 7.560385 7.560385 7.560385 7.560385 7.560385 7.560385 7.560385 7.560385 7.560385 7.560385 7.560385 7.560385 7.560385 7.560385 7.560385
0.006601896 0.006601895 0.006601896 0.006601895 0.006601896 0.006601895 0.006601896 0.006601895 3.530119 32.76437 34.2054 34.2054 34.2054 34.2054 34.2054 34.2054 34.2054 30.91736 9.814285 7.560385 7.560386 7.560386 7.560386 7.560385 7.560386 7.560385 7.560386 7.560385 7.560386 7.560385 7.560385 7.560385 7.560385 7.560386 7.560385 7.560385 7.560385 7.560386 7.560385 7.560386 7.560385 7.560385 7.560385 7.560385 7.560385 7.560385 7.560385 7.560386 7.560385 7.560386 7.560385 7.560385 7.560385 7.560386 7.560385 7.560386 7.560385 7.560386 7.560385 7.560386 6.880567
0.006601896 0.006601895 0.006601896 0.006601895 0.006601896 0.006601895 0.006601896 0.006601895 20.58854 34.2054 34.2054 34.2054 34.2054 34.2054 34.20541 34.2054 34.2054 34.2054 27.69596 8.076508 7.560386 7.560386 7.560386 7.560386 7.560386 7.560385 7.560386 7.560385 7.560385 7.560385 7.560386 7.560386 7.560385 7.560386 7.560386 7.560386 7.560385 7.560386 7.560385 7.560386 7.560386 7.560386 7.560385 7.560386 7.560385 7.560386 7.560385 7.560386 7.560385 7.560386 7.560385 7.560386 7.560385 7.560386 7.560385 7.560386 7.560386 7.560386 7.311204 6.305917 1.092874
0.8927428 0.8758797 0.8771877 0.8591383 0.8547189 0.8751067 0.8600254 5.168832 33.7239 34.2054 34.2054 34.2054 34.2054 34.2054 34.2054 34.2054 34.2054 34.2054 34.2054 24.10045 10.57958 7.560386 7.560385 7.560386 7.560385 7.560386 7.560385 7.560385 7.560386 7.560386 7.560386 7.560385 7.560386 7.560385 7.560386 7.560385 7.560386 7.560385 7.560386 7.560385 7.560386 7.560386 7.560385 7.560385 7.560386 7.560386 7.560386 7.560386 7.560385 7.560385 7.560385 7.560386 7.560386 7.560386 7.560385 7.560386 6.117216 1.938201 0.2908324 0.007065546 0.007065546
2.260459 2.260459 2.260459 2.260459 2.260459 2.260459 2.260459 4.534589 34.2054 34.2054 34.2054 34.2054 34.2054 34.2054 34.2054 34.2054 34.2054 34.2054 34.2054 34.2054 34.14906 29.41074 19.84818 7.56409 7.560385 7.560385 7.560385 7.560385 7.560385 7.560385 7.560385 7.560385 7.560385 7.560385 7.560385 7.560385 7.560385 7.560385 7.560385 7.560385 7.560385 7.560385 7.560385 7.560385 7.560385 7.560385 7.560385 7.560385 7.560385 7.560385 7.560385 7.560385 7.560385 7.560385 7.560385 6.973254 0.7019518 0.007065545 0.007065545 0.007065545 0.007065545
2.260459 2.260459 2.260459 2.260459 2.260459 2.260459 2.260459 6.153566 34.20541 34.20541 34.20541 34.20541 34.20541 34.2054 34.20541 34.20541 34.20541 34.2054 34.20541 34.2054 34.20541 34.20541 34.20541 17.86526 7.560385 7.560385 7.560385 7.560385 7.560385 7.560385 7.560385 7.560385 7.560385 7.560385 7.560385 7.560385 7.560385 7.560385 7.560385 7.560385 7.560385 7.560385 7.560385 7.560385 7.560386 7.560385 7.560385 7.560386 7.560385 7.560385 7.560385 7.560385 7.560385 7.560385 7.535609 2.152895 0.007065546 0.06061795 0.1709612 0.510933 0.6006765
