Scenarios/Heterogeneous/data/country_data_population_distribution/processed/density_grids/bwa.asc
ncols 224
nrows 221
xllcorner 20
yllcorner -26
[rows 54 to 80 of 221, columns 0 to 60 of 224]
0 0 0 0 0 0 0 0 0 0 0 0 0 0 0 0 0 0 0 0 0 0 0 0 0 0 0 0 1.183234 1.183234 1.183234 1.183234 1.183234 1.183234 1.183234 1.183234 1.183234 1.183234 1.183234 1.183234 1.183234 1.183234 1.183234 1.183234 1.183234 1.183234 1.183234 1.183234 1.183234 1.183234 1.183234 1.183234 1.183234 1.183234 1.183234 1.183234 1.183234 1.183234 1.183234 1.183234 1.183234
0 0 0 0 0 0 0 0 0 0 0 0 0 0 0 0 0 0 0 0 0 0 0 0 0 0 0 0 1.183234 1.183234 1.183234 1.183234 1.183234 1.183234 1.183234 1.183234 1.183234 1.183234 1.183234 1.183234 1.183234 1.183234 1.183234 1.183234 1.183234 1.183234 1.183234 1.183234 1.183234 1.183234 1.183234 1.183234 1.183234 1.183234 1.183234 1.183234 1.183234 1.183234 1.183234 1.183234 1.183234
0 0 0 0 0 0 0 0 0 0 0 0 0 0 0 0 0 0 0 0 0 0 0 0 0 0 0 0 1.183234 1.183234 1.183234 1.183234 1.183234 1.183234 1.183234 1.183234 1.183234 1.183234 1.183234 1.183234 1.183234 1.183234 1.183234 1.183234 1.183234 1.183234 1.183234 1.183234 1.183234 1.183234 1.183234 1.183234 1.183234 1.183234 1.183234 1.183234 1.183234 1.183234 1.183234 1.183234 1.183234
0 0 0 0 0 0 0 0 0 0 0 0 0 0 0 0 0 0 0 0 0 0 0 0 0 0 0 0 1.183234 1.183234 1.183234 1.183234 1.183234 1.183234 1.183234 1.183234 1.183234 1.183234 1.183234 1.183234 1.183234 1.183234 1.183234 1.183234 1.183234 1.183234 1.183234 1.183234 1.183234 1.183234 1.183234 1.183234 1.183234 1.183234 1.183234 1.183234 1.183234 1.183234 1.183234 1.183234 1.183234
0 0 0 0 0 0 0 0 0 0 0 0 0 0 0 0 0 0 0 0 0 0 0 0 0 0 0 0 1.183234 1.183234 1.183234 1.183234 1.183234 1.183234 1.183234 1.183234 1.183234 1.183234 1.183234 1.183234 1.183234 1.183234 1.183234 1.183234 1.183234 1.183234 1.183234 1.183234 1.183234 1.183234 1.183234 1.183234 1.183234 1.183234 1.183234 1.183234 1.183234 1.183234 1.183234 1.183234 1.183234
0 0 0 0 0 0 0 0 0 0 0 0 0 0 0 0 0 0 0 0 0 0 0 0 0 0 0 0 1.183234 1.183234 1.183234 1.183234 1.183234 1.183234 1.183234 1.183234 1.183234 1.183234 1.183234 1.183234 1.183234 1.183234 1.183234 1.183234 1.183234 1.183234 1.183234 1.183234 1.183234 1.183234 1.183234 1.183234 1.183234 1.183234 1.183234 1.183234 1.183234 1.183234 1.183234 1.183234 1.183234
0 0 0 0 0 0 0 0 0 0 0 0 0 0 0 0 0 0 0 0 0 0 0 0 0 0 0 0 1.183234 1.183234 1.183234 1.183234 1.183234 1.183234 1.183234 1.183234 1.183234 1.183234 1.183234 1.183234 1.183234 1.183234 1.183234 1.183234 1.183234 1.183234 1.183234 1.183234 1.183234 1.183234 1.183234 1.183234 1.183234 1.183234 1.183234 1.183234 1.183234 1.183234 1.183234 1.183234 1.183234
0 0 0 0 0 0 0 0 0 0 0 0 0 0 0 0 0 0 0 0 0 0 0 0 0 0 0 0 1.183234 1.183234 1.183234 1.183234 1.183234 1.183234 1.183234 1.183234 1.183234 1.183234 1.183234 1.183234 1.183234 1.183234 1.183234 1.183234 1.183234 1.183234 1.183234 1.183234 1.183234 1.183234 1.183234 1.183234 1.183234 1.183234 1.183234 1.183234 1.183234 1.183234 1.183234 1.183234 1.183234
0 0 0 0 0 0 0 0 0 0 0 0 0 0 0 0 0 0 0 0 0 0 0 0 0 0 0 0 1.183234 1.183234 1.183234 1.183234 1.183234 1.183234 1.183234 1.183234 1.183234 1.183234 1.183234 1.183234 1.183234 1.183234 1.183234 1.183234 1.183234 1.183234 1.183234 1.183234 1.183234 1.183234 1.183234 1.183234 1.183234 1.183234 1.183234 1.183234 1.183234 1.183234 1.183234 1.183234 1.183234
0 0 0 0 0 0 0 0 0 0 0 0 0 0 0 0 0 0 0 0 0 0 0 0 0 0 0 0 1.183234 1.183234 1.183234 1.183234 1.183234 1.183234 1.183234 1.183234 1.183234 1.183234 1.183234 1.183234 1.183234 1.183234 1.183234 1.183234 1.183234 1.183234 1.183234 1.183234 1.183234 1.183234 1.183234 1.183234 1.183234 1.183234 1.183234 1.183234 1.183234 1.183234 1.183234 1.183234 1.183234
0 0 0 0 0 0 0 0 0 0 0 0 0 0 0 0 0 0 0 0 0 0 0 0 0 0 0 0 1.183234 1.183234 1.183234 1.183234 1.183234 1.183234 1.183234 1.183234 1.183234 1.183234 1.183234 1.183234 1.183234 1.183234 1.183234 1.183234 1.183234 1.183234 1.183234 1.183234 1.183234 1.183234 1.183234 1.183234 1.183234 1.183234 1.183234 1.183234 1.183234 1.183234 1.183234 1.183234 1.183234
0 0 0 0 0 0 0 0 0 0 0 0 0 0 0 0 0 0 0 0 0 0 0 0 0 0 0 0 1.183234 1.183234 1.183234 1.183234 1.183234 1.183234 1.183234 1.183234 1.183234 1.183234 1.183234 1.183234 1.183234 1.183234 1.183234 1.183234 1.183234 1.183234 1.183234 1.183234 1.183234 1.183234 1.183234 1.183234 1.183234 1.183234 1.183234 1.183234 1.183234 1.183234 1.183234 1.183234 1.183234
0 0 0 0 0 0 0 0 0 0 0 0 0 0 0 0 0 0 0 0 0 0 0 0 0 0 0 0 1.183234 1.183234 1.183234 1.183234 1.183234 1.183234 1.183234 1.183234 1.183234 1.183234 1.183234 1.183234 1.183234 1.183234 1.183234 1.183234 1.183234 1.183234 1.183234 1.183234 1.183234 1.183234 1.183234 1.183234 1.183234 1.183234 1.183234 1.183234 1.183234 1.183234 1.183234 1.183234 1.183234
0 0 0 0 0 0 0 0 0 0 0 0 0 0 0 0 0 0 0 0 0 0 0 0 0 0 0 0 1.183234 1.183234 1.183234 1.183234 1.183234 1.183234 1.183234 1.183234 1.183234 1.183234 1.183234 1.183234 1.183234 1.183234 1.183234 1.183234 1.183234 1.183234 1.183234 1.183234 1.183234 1.183234 1.183234 1.183234 1.183234 1.183234 1.183234 1.183234 1.183234 1.183234 1.183234 1.183234 1.183234
0 0 0 0 0 0 0 0 0 0 0 0 0 0 0 0 0 0 0 0 0 0 0 0 0 0 0 0 1.183234 1.183234 1.183234 1.183234 1.183234 1.183234 1.183234 1.183234 1.183234 1.183234 1.183234 1.183234 1.183234 1.183234 1.183234 1.183234 1.183234 1.183234 1.183234 1.183234 1.183234 1.183234 1.183234 1.183234 1.183234 1.183234 1.183234 1.183234 1.183234 1.183234 1.183234 1.183234 1.183234
0 0 0 0 0 0 0 0 0 0 0 0 0 0 0 0 0 0 0 0 0 0 0 0 0 0 0 0 1.183234 1.183234 1.183234 1.183234 1.183234 1.183234 1.183234 1.183234 1.183234 1.183234 1.183234 1.183234 1.183234 1.183234 1.183234 1.183234 1.183234 1.183234 1.183234 1.183234 1.183234 1.183234 1.183234 1.183234 1.183234 1.183234 1.183234 1.183234 1.183234 1.183234 1.183234 1.183234 1.183234
0 0 0 0 0 0 0 0 0 0 0 0 0 0 0 0 0 0 0 0 0 0 0 0 0 0 0 0 1.183234 1.183234 1.183234 1.183234 1.183234 1.183234 1.183234 1.183234 1.183234 1.183234 1.183234 1.183234 1.183234 1.183234 1.183234 1.183234 1.183234 1.183234 1.183234 1.183234 1.183234 1.183234 1.183234 1.183234 1.183234 1.183234 1.183234 1.183234 1.183234 1.183234 1.183234 1.183234 1.183234
0 0 0 0 0 0 0 0 0 0 0 0 0 0 0 0 0 0 0 0 0 0 0 0 0 0 0 0 1.183234 1.183234 1.183234 1.183234 1.183234 1.183234 1.183234 1.183234 1.183234 1.183234 1.183234 1.183234 1.183234 1.183234 1.183234 1.183234 1.183234 1.183234 1.183234 1.183234 1.183234 1.183234 1.183234 1.183234 1.183234 1.183234 1.183234 1.183234 1.183234 1.183234 1.183234 1.183234 1.183234
0 0 0 0 0 0 0 0 0 0 0 0 0 0 0 0 0 0 0 0 0 0 0 0 0 0 0 0 1.183234 1.183234 1.183234 1.183234 1.183234 1.183234 1.183234 1.183234 1.183234 1.183234 1.183234 1.183234 1.183234 1.183234 1.183234 1.183234 1.183234 1.183234 1.183234 1.183234 1.183234 1.183234 1.183234 1.183234 1.183234 1.183234 1.183234 1.183234 1.183234 1.183234 1.183234 1.183234 1.183234
0 0 0 0 0 0 0 0 0 0 0 0 0 0 0 0 0 0 0 0 0 0 0 0 0 0 0 0 1.183234 1.183234 1.183234 1.183234 1.183234 1.183234 1.183234 1.183234 1.183234 1.183234 1.183234 1.183234 1.183234 1.183234 1.183234 1.183234 1.183234 1.183234 1.183234 1.183234 1.183234 1.183234 1.183234 1.183234 1.183234 1.183234 1.183234 1.183234 1.183234 1.183234 1.183234 1.183234 1.183234
0 0 0 0 0 0 0 0 0 0 0 0 0 0 0 0 0 0 0 0 0 0 0 0 0 0 0 0 1.183234 1.183234 1.183234 1.183234 1.183234 1.183234 1.183234 1.183234 1.183234 1.183234 1.183234 1.183234 1.183234 1.183234 1.183234 1.183234 1.183234 1.183234 1.183234 1.183234 1.183234 1.183234 1.183234 1.183234 1.183234 1.183234 1.183234 1.183234 1.183234 1.183234 1.183234 1.183234 1.183234
0 0 0 0 0 0 0 0 0 0 0 0 0 0 0 0 0 0 0 0 0 0 0 0 0 0 0 0 1.183234 1.183234 1.183234 1.183234 1.183234 1.183234 1.183234 1.183234 1.183234 1.183234 1.183234 1.183234 1.183234 1.183234 1.183234 1.183234 1.183234 1.183234 1.183234 1.183234 1.183234 1.183234 1.183234 1.183234 1.183234 1.183234 1.183234 1.183234 1.183234 1.183234 1.183234 1.183234 1.183234
0 0 0 0 0 0 0 0 0 0 0 0 0 0 0 0 0 0 0 0 0 0 0 0 0 0 0 0 1.138661 1.141358 1.1451 1.145825 1.14923 1.15111 1.152924 1.156468 1.157534 1.158075 1.161972 1.163805 1.16528 1.16849 1.168834 1.170721 1.172792 1.173633 1.174915 1.175711 1.175986 1.179103 1.178697 1.179592 1.181769 1.181358 1.182337 1.182855 1.183234 1.183234 1.183234 1.183234 1.183234
0 0 0 0 0 0 0 0 0 0 0 0 0 0 0 0 0 0 0 0 0 0 0 0 0 0 0 0 0.9147795 0.9147796 0.9147795 0.9147795 0.9147795 0.9147795 0.9147795 0.9147795 0.9147795 0.9147795 0.9147795 0.9147795 0.9147795 0.9147795 0.9147795 0.9147795 0.9147795 0.9147796 0.9147795 0.9147795 0.9147795 0.9147795 0.9147795 0.9147795 0.9147795 0.9147795 0.9147795 0.9155685 0.9153688 0.9165988 0.916321 0.9167668 0.9176252
0 0 0 0 0 0 0 0 0 0 0 0 0 0 0 0 0 0 0 0 0 0 0 0 0 0 0 0 0.9147795 0.9147795 0.9147795 0.9147795 0.9147795 0.9147795 0.9147795 0.9147795 0.9147795 0.9147795 0.9147795 0.9147795 0.9147795 0.9147795 0.9147795 0.9147795 0.9147795 0.9147795 0.9147795 0.9147795 0.9147795 0.9147795 0.9147795 0.9147795 0.9147795 0.9147795 0.9147795 0.9147795 0.9147795 0.9147795 0.9147795 0.9147795 0.9147795
0 0 0 0 0 0 0 0 0 0 0 0 0 0 0 0 0 0 0 0 0 0 0 0 0 0 0 0 0.9147794 0.9147794 0.9147794 0.9147794 0.9147794 0.9147794 0.9147794 0.9147794 0.9147794 0.9147794 0.9147794 0.9147794 0.9147795 0.9147794 0.9147794 0.9147794 0.9147794 0.9147794 0.9147794 0.9147794 0.9147794 0.9147794 0.9147794 0.9147794 0.9147794 0.9147794 0.9147794 0.9147794 0.9147794 0.9147794 0.9147794 0.9147794 0.9147794
0 0 0 0 0 0 0 0 0 0 0 0 0 0 0 0 0 0 0 0 0 0 0 0 0 0 0 0 0.9147795 0.9147794 0.9147795 0.9147794 0.9147795 0.9147794 0.9147795 0.9147794 0.9147795 0.9147794 0.9147795 0.9147794 0.9147795 0.9147794 0.9147795 0.9147794 0.9147795 0.9147794 0.9147795 0.9147795 0.9147795 0.9147794 0.9147795 0.9147794 0.9147795 0.9147795 0.9147795 0.9147794 0.9147794 0.9147794 0.9147795 0.9147794 0.9147795
