Scenarios/Heterogeneous/data/country_data_population_distribution/processed/density_grids/bwa.asc
ncols 224
nrows 221
xllcorner 20
yllcorner -26
[rows 0 to 26 of 221, columns 61 to 121 of 224]
0 0 0 0 0 0 0 0 0 0 0 0 0 0 0 0 0 0 0 0 0 0 0 0 0 0 0 0 0 0 0 0 0 0 0 0 0 0 0 0 0 0 0 0 0 0 0 0 0 0 0 0 0 0 0 0 0 0 0 0 0
0 0 0 0 0 0 0 0 0 0 0 0 0 0 0 0 0 0 0 0 0 0 0 0 0 0 0 0 0 0 0 0 0 0 0 0 0 0 0 0 0 0 0 0 0 0 0 0 0 0 0 0 0 0 0 0 0 0 0 2.948038 1.377638
0 0 0 0 0 0 0 0 0 0 0 0 0 0 0 0 0 0 0 0 0 0 0 0 0 0 0 0 0 0 0 0 0 0 0 0 0 0 0 0 0 0 0 0 0 0 0 0 0 0 0 0 0 0 0 0 0 2.694462 1.395508 1.382387 1.382387
0 0 0 0 0 0 0 0 0 0 0 0 0 0 0 0 0 0 0 0 0 0 0 0 0 0 0 0 0 0 0 0 0 0 0 0 0 0 0 0 0 0 0 0 0 0 0 0 0 0 0 0 0 0 0 0 4.918868 1.382387 1.382387 1.382387 1.382387
0 0 0 0 0 0 0 0 0 0 0 0 0 0 0 0 0 0 0 0 0 0 0 0 0 0 0 0 0 0 0 0 0 0 0 0 0 0 0 0 0 0 0 0 0 0 0 1.434735 1.409109 1.337642 0 0 0 0 1.470281 1.382387 1.382387 1.382387 1.382387 1.382387 1.382387
0 0 0 0 0 0 0 0 0 0 0 0 0 0 0.8792613 0.9784222 1.095038 1.180422 1.183234 1.287998 2.130034 2.130034 13.05447 0 0 0 0 0 0 0 0 0 0 0 0 0 0 0 0 0 0 0 0 0 0 1.071223 1.223512 1.382387 1.382387 1.382387 1.251182 0 0 0 1.382387 1.382387 1.382387 1.382387 1.382387 1.382387 1.382387
0 0 0 0 0 0 0 0 0 1.052448 1.107451 1.162045 1.183234 1.183234 1.183234 1.183234 1.183234 1.183234 1.183234 1.307831 2.130034 2.130034 3.059066 0 0 0 0 0 0 0 0 0 0 0 0 0 0 0 0 0 0 0 0 1.368407 1.382387 1.382387 1.382387 1.382387 1.382387 1.382387 1.372379 1.233549 0 1.359713 1.382387 1.382387 1.382387 1.382387 1.382387 1.382387 1.382387
0 0 0 0 1.05626 1.111263 1.165259 1.183234 1.183234 1.183234 1.183234 1.183234 1.183234 1.183234 1.183234 1.183234 1.183234 1.183234 1.183234 1.327664 2.130034 2.130034 2.130034 0 0 0 0 0 0 0 0 0 0 0 0 0 0 0 0 0 0 0 1.355283 1.382387 1.382387 1.382387 1.382387 1.382387 1.382387 1.382387 1.382387 1.382387 1.382387 1.382387 1.382387 1.382387 1.382387 1.382387 1.382387 1.382387 1.382387
0.9658587 1.135315 1.183234 1.183234 1.183234 1.183234 1.183234 1.183234 1.183234 1.183234 1.183234 1.183234 1.183234 1.183234 1.183234 1.183234 1.183234 1.183234 1.183234 1.347497 2.130034 2.130034 2.130034 2.121067 0 0 0 0 0 0 0 0 0 0 0 0 0 0 0 0 1.462311 1.382387 1.382387 1.382387 1.382387 1.382387 1.382387 1.382387 1.382387 1.382387 1.382387 1.382387 1.382387 1.382387 1.382387 1.382387 1.382387 1.382387 1.382387 1.382387 1.382387
1.183234 1.183234 1.183234 1.183234 1.183234 1.183234 1.183234 1.183234 1.183234 1.183234 1.183234 1.183234 1.183234 1.183234 1.183234 1.183234 1.183234 1.183234 1.183234 1.36733 2.130034 2.130034 2.130034 2.130034 1.749227 0 0 0 0 0 0 0 0 0 0 0 0 0 1.663082 1.395459 1.382387 1.382387 1.382387 1.382387 1.382387 1.382387 1.382387 1.382387 1.382387 1.382387 1.382387 1.382387 1.382387 1.382387 1.382387 1.382387 1.382387 1.382387 1.382387 1.382387 1.382387
1.183234 1.183234 1.183234 1.183234 1.183234 1.183234 1.183234 1.183234 1.183234 1.183234 1.183234 1.183234 1.183234 1.183234 1.183234 1.183234 1.183234 1.183234 1.183234 1.387163 2.130034 2.130034 2.130034 2.130034 2.129101 1.89265 0 0 0 0 0 0 0 0 0 0 0 1.224163 1.382387 1.382387 1.382387 1.382387 1.382387 1.382387 1.382387 1.382387 1.382387 1.382387 1.382387 1.382387 1.382387 1.382387 1.382387 1.382387 1.382387 1.382387 1.382387 1.382387 1.382387 1.382387 1.382387
1.183234 1.183234 1.183234 1.183234 1.183234 1.183234 1.183234 1.183234 1.183234 1.183234 1.183234 1.183234 1.183234 1.183234 1.183234 1.183234 1.183234 1.183234 1.183234 1.406996 2.130034 2.130034 2.130034 2.130034 2.130034 2.130034 2.130034 0 0 0 0 0 0 0 0 0 1.012056 1.365099 1.382387 1.382387 1.382387 1.382387 1.382387 1.382387 1.382387 1.382387 1.382387 1.382387 1.382387 1.382387 1.382387 1.382387 1.382387 1.382387 1.382387 1.382387 1.382387 1.382387 1.382387 1.382387 1.382387
1.183234 1.183234 1.183234 1.183234 1.183234 1.183234 1.183234 1.183234 1.183234 1.183234 1.183234 1.183234 1.183234 1.183234 1.183234 1.183234 1.183234 1.183234 1.183234 1.426829 2.130034 2.130034 2.130034 2.130034 2.130034 2.130034 2.130034 1.753188 0 0 0 0 0 0 0 1.32063 1.596633 1.382387 1.382387 1.382387 1.382387 1.382387 1.382387 1.382387 1.382387 1.382387 1.382387 1.382387 1.382387 1.382387 1.382387 1.382387 1.382387 1.382387 1.382387 1.382387 1.382387 1.382387 1.382387 1.382387 1.382387
1.183234 1.183234 1.183234 1.183234 1.183234 1.183234 1.183234 1.183234 1.183234 1.183234 1.183234 1.183234 1.183234 1.183234 1.183234 1.183234 1.183234 1.183234 1.183234 1.446662 2.130034 2.130034 2.130034 2.130034 2.130034 2.130034 2.130034 2.130034 0 0 0 0 0 0 1.455512 2.130034 1.596633 1.382387 1.382387 1.382387 1.382387 1.382387 1.382387 1.382387 1.382387 1.382387 1.382387 1.382387 1.382387 1.382387 1.382387 1.382387 1.382387 1.382387 1.382387 1.382387 1.382387 1.382387 1.382387 1.382387 1.382387
1.183234 1.183234 1.183234 1.183234 1.183234 1.183234 1.183234 1.183234 1.183234 1.183234 1.183234 1.183234 1.183234 1.183234 1.183234 1.183234 1.183234 1.183234 1.183234 1.466496 2.130034 2.130034 2.130034 2.130034 2.130034 2.130034 2.130034 2.130034 0 0 0 0 0 0 2.115195 2.130034 1.596633 1.382387 1.382387 1.382387 1.382387 1.382387 1.382387 1.382387 1.382387 1.382387 1.382387 1.382387 1.382387 1.382387 1.382387 1.382387 1.382387 1.382387 1.382387 1.382387 1.382387 1.382387 1.382387 1.382387 1.382387
1.183234 1.183234 1.183234 1.183234 1.183234 1.183234 1.183234 1.183234 1.183234 1.183234 1.183234 1.183234 1.183234 1.183234 1.183234 1.183234 1.183234 1.183234 1.183234 1.486329 2.130034 2.130034 2.130034 2.130034 2.130034 2.130034 2.130034 2.130034 1.327496 0 0 0 1.612665 2.130034 2.130034 2.130034 1.5942 1.382387 1.382387 1.382387 1.382387 1.382387 1.382387 1.382387 1.382387 1.382387 1.382387 1.382387 1.382387 1.382387 1.382387 1.382387 1.382387 1.382387 1.382387 1.382387 1.382387 1.382387 1.382387 1.382387 1.382387
1.183234 1.183234 1.183234 1.183234 1.183234 1.183234 1.183234 1.183234 1.183234 1.183234 1.183234 1.183234 1.183234 1.183234 1.183234 1.183234 1.183234 1.183234 1.183234 1.506162 2.130034 2.130034 2.130034 2.130034 2.130034 2.130034 2.130034 2.130034 1.795469 0 0 2.090036 2.130034 2.130034 2.130034 2.130034 1.581745 1.382387 1.382387 1.382387 1.382387 1.382387 1.382387 1.382387 1.382387 1.382387 1.382387 1.382387 1.382387 1.382387 1.382387 1.382387 1.382387 1.382387 1.382387 1.382387 1.382387 1.382387 1.382387 1.382387 1.382387
1.183234 1.183234 1.183234 1.183234 1.183234 1.183234 1.183234 1.183234 1.183234 1.183234 1.183234 1.183234 1.183234 1.183234 1.183234 1.183234 1.183234 1.183234 1.183234 1.525995 2.130034 2.130034 2.130034 2.130034 2.130034 2.130034 2.130034 2.130034 2.130034 2.089999 2.130034 2.130034 2.130034 2.130034 2.130034 2.130034 1.581745 1.382387 1.382387 1.382387 1.382387 1.382387 1.382387 1.382387 1.382387 1.382387 1.382387 1.382387 1.382387 1.382387 1.382387 1.382387 1.382387 1.382387 1.382387 1.382387 1.382387 1.382387 1.382387 1.382387 1.382387
1.183234 1.183234 1.183234 1.183234 1.183234 1.183234 1.183234 1.183234 1.183234 1.183234 1.183234 1.183234 1.183234 1.183234 1.183234 1.183234 1.183234 1.183234 1.183234 1.545828 2.130034 2.130034 2.130034 2.130034 2.130034 2.130034 2.130034 2.130034 2.130034 2.130034 2.130034 2.130034 2.130034 2.130034 2.130034 2.130034 1.581745 1.382387 1.382387 1.382387 1.382387 1.382387 1.382387 1.382387 1.382387 1.382387 1.382387 1.382387 1.382387 1.382387 1.382387 1.382387 1.382387 1.382387 1.382387 1.382387 1.382387 1.382387 1.382387 1.382387 1.382387
1.183234 1.183234 1.183234 1.183234 1.183234 1.183234 1.183234 1.183234 1.183234 1.183234 1.183234 1.183234 1.183234 1.183234 1.183234 1.183234 1.183234 1.183234 1.183234 1.565661 2.130034 2.130034 2.130034 2.130034 2.130034 2.130034 2.130034 2.130034 2.130034 2.130034 2.130034 2.130034 2.130034 2.130034 2.130034 2.130034 1.578979 1.382387 1.382387 1.382387 1.382387 1.382387 1.382387 1.382387 1.382387 1.382387 1.382387 1.382387 1.382387 1.382387 1.382387 1.382387 1.382387 1.382387 1.382387 1.382387 1.382387 1.382387 1.382387 1.382387 1.382387
1.183234 1.183234 1.183234 1.183234 1.183234 1.183234 1.183234 1.183234 1.183234 1.183234 1.183234 1.183234 1.183234 1.183234 1.183234 1.183234 1.183234 1.183234 1.183234 1.585494 2.130034 2.130034 2.130034 2.130034 2.130034 2.130034 2.130034 2.130034 2.130034 2.130034 2.130034 2.130034 2.130034 2.130034 2.130034 2.130034 1.568041 1.382387 1.382387 1.382387 1.382387 1.382387 1.382387 1.382387 1.382387 1.382387 1.382387 1.382387 1.382387 1.382387 1.382387 1.382387 1.382387 1.382387 1.382387 1.382387 1.382387 1.382387 1.382387 1.382387 1.382387
1.183234 1.183234 1.183234 1.183234 1.183234 1.183234 1.183234 1.183234 1.183234 1.183234 1.183234 1.183234 1.183234 1.183234 1.183234 1.183234 1.183234 1.183234 1.183234 1.605327 2.130034 2.130034 2.130034 2.130034 2.130034 2.130034 2.130034 2.130034 2.130034 2.130034 2.130034 2.130034 2.130034 2.130034 2.130034 2.130034 1.566857 1.382387 1.382387 1.382387 1.382387 1.382387 1.382387 1.382387 1.382387 1.382387 1.382387 1.382387 1.382387 1.382387 1.382387 1.382387 1.382387 1.382387 1.382387 1.382387 1.382387 1.382387 1.382387 1.382387 1.382387
1.183234 1.183234 1.183234 1.183234 1.183234 1.183234 1.183234 1.183234 1.183234 1.183234 1.183234 1.183234 1.183234 1.183234 1.183234 1.183234 1.183234 1.183234 1.183234 1.62516 2.130034 2.130034 2.130034 2.130034 2.130034 2.130034 2.130034 2.130034 2.130034 2.130034 2.130034 2.130034 2.130034 2.130034 2.130034 2.130034 1.56394 1.382387 1.382387 1.382387 1.382387 1.382387 1.382387 1.382387 1.382387 1.382387 1.382387 1.382387 1.382387 1.382387 1.382387 1.382387 1.382387 1.382387 1.382387 1.382387 1.382387 1.382387 1.382387 1.382387 1.382387
1.183234 1.183234 1.183234 1.183234 1.183234 1.183234 1.183234 1.183234 1.183234 1.183234 1.183234 1.183234 1.183234 1.183234 1.183234 1.183234 1.183234 1.183234 1.183234 1.644993 2.130034 2.130034 2.130034 2.130034 2.130034 2.130034 2.130034 2.130034 2.130034 2.130034 2.130034 2.130034 2.130034 2.130034 2.130034 2.130034 1.561826 1.382387 1.382387 1.382387 1.382387 1.382387 1.382387 1.382387 1.382387 1.382387 1.382387 1.382387 1.382387 1.382387 1.382387 1.382387 1.382387 1.382387 1.382387 1.382387 1.382387 1.382387 1.382387 1.382387 1.382387
1.183234 1.183234 1.183234 1.183234 1.183234 1.183234 1.183234 1.183234 1.183234 1.183234 1.183234 1.183234 1.183234 1.183234 1.183234 1.183234 1.183234 1.183234 1.183234 1.664826 2.130034 2.130034 2.130034 2.130034 2.130034 2.130034 2.130034 2.130034 2.130034 2.130034 2.130034 2.130034 2.130034 2.130034 2.130034 2.130034 1.55588 1.382387 1.382387 1.382387 1.382387 1.382387 1.382387 1.382387 1.382387 1.382387 1.382387 1.382387 1.382387 1.382387 1.382387 1.382387 1.382387 1.382387 1.382387 1.382387 1.382387 1.382387 1.382387 1.382387 1.382387
1.183234 1.183234 1.183234 1.183234 1.183234 1.183234 1.183234 1.183234 1.183234 1.183234 1.183234 1.183234 1.183234 1.183234 1.183234 1.183234 1.183234 1.183234 1.183234 1.684659 2.130034 2.130034 2.130034 2.130034 2.130034 2.130034 2.130034 2.130034 2.130034 2.130034 2.130034 2.130034 2.130034 2.130034 2.130034 2.130034 1.550527 1.382387 1.382387 1.382387 1.382387 1.382387 1.382387 1.382387 1.382387 1.382387 1.382387 1.382387 1.382387 1.382387 1.382387 1.382387 1.382387 1.382387 1.382387 1.382387 1.382387 1.382387 1.382387 1.382387 1.382387
1.183234 1.183234 1.183234 1.183234 1.183234 1.183234 1.183234 1.183234 1.183234 1.183234 1.183234 1.183234 1.183234 1.183234 1.183234 1.183234 1.183234 1.183234 1.183234 1.704493 2.130034 2.130034 2.130034 2.130034 2.130034 2.130034 2.130034 2.130034 2.130034 2.130034 2.130034 2.130034 2.130034 2.130034 2.130034 2.130034 1.546939 1.382387 1.382387 1.382387 1.382387 1.382387 1.382387 1.382387 1.382387 1.382387 1.382387 1.382387 1.382387 1.382387 1.382387 1.382387 1.382387 1.382387 1.382387 1.382387 1.382387 1.382387 1.382387 1.382387 1.382387
