Scenarios/Heterogeneous/data/country_data_population_distribution/processed/density_grids/bwa.asc
ncols 224
nrows 221
xllcorner 20
yllcorner -26
[rows 135 to 161 of 221, columns 61 to 121 of 224]
0.5504259 0.5504259 0.5504259 0.5504259 0.5504259 0.5504259 0.5504259 0.5504259 0.5504259 0.5504259 0.5504259 0.5504259 0.5504259 0.6820519 2.260459 2.260459 2.260459 2.260459 2.260459 2.260459 2.260459 2.260459 2.260459 2.260459 2.260459 2.260459 2.260459 2.260459 2.260459 2.260459 2.260459 2.260459 2.260459 2.260459 2.260459 2.260459 2.260459 0.5489688 0 0 0 0 0 0 0 0 0 0 0 0 0 0.001513732 1.159394 2.260343 2.260459 2.260459 2.260459 2.260459 2.260459 2.260459 2.260459
0.5504259 0.5504259 0.5504259 0.5504259 0.5504259 0.5504259 0.5504259 0.5504259 0.5504259 0.5504259 0.5504259 0.5504259 0.5504259 0.672042 2.260459 2.260459 2.260459 2.260459 2.260459 2.260459 2.260459 2.260459 2.260459 2.260459 2.260459 2.260459 2.260459 2.260459 2.260459 2.260459 2.260459 2.260459 2.260459 2.260459 2.260459 2.260459 2.260459 0.5307419 0 0 0 0 0 0 0 0 0 0 0 0 0.007846407 1.261068 2.260459 2.260459 2.260459 2.260459 2.260459 2.260459 2.260459 2.260459 2.260459
0.5504259 0.5504259 0.5504259 0.5504259 0.5504259 0.5504259 0.5504259 0.5504259 0.5504259 0.5504259 0.5504259 0.5504259 0.5504259 0.656449 2.260459 2.260459 2.260459 2.260459 2.260459 2.260459 2.260459 2.260459 2.260459 2.260459 2.260459 2.260459 2.260459 2.260459 2.260459 2.260459 2.260459 2.260459 2.260459 2.260459 2.260459 2.260459 2.260459 0.5125151 0 0 0 0 0 0 0 0 0 0 0 0.01911397 1.357923 2.260459 2.260459 2.260459 2.260459 2.260459 2.260459 2.260459 2.260459 2.260459 2.260459
0.5504259 0.5504259 0.5504259 0.5504259 0.550426 0.550426 0.550426 0.5504259 0.550426 0.5504259 0.5504259 0.5504259 0.550426 0.619329 1.700865 1.701869 2.078653 2.260459 2.260459 2.260459 2.260459 2.260459 2.260459 2.260459 2.260459 2.260459 2.260459 2.260459 2.260459 2.260459 2.260459 2.260459 2.260459 2.260459 2.260459 2.260459 2.260459 0.4942882 0 0 0 0 0 0 0 0 0 0 0.03531647 1.449842 2.260459 2.260459 2.260459 2.260459 2.260459 2.260459 2.260459 2.260459 2.260459 2.260459 2.260459
0.5504259 0.5504259 0.5504259 0.5504259 0.5504259 0.5504259 0.5504259 0.5504259 0.5504259 0.5504259 0.5504259 0.5504259 0.5504259 0.5504259 0.5504259 0.5504259 1.683927 2.260459 2.260459 2.260459 2.260459 2.260459 2.260459 2.260459 2.260459 2.260459 2.260459 2.260459 2.260459 2.260459 2.260459 2.260459 2.260459 2.260459 2.260459 2.260459 2.260459 0.4760613 0 0 0 0 0 0 0 0 0 0.05645422 1.536825 2.260459 2.260459 2.260459 2.260459 2.260459 2.260459 2.260459 2.260459 2.260459 2.260459 2.260459 2.260459
0.5504259 0.5504259 0.5504259 0.5504259 0.5504259 0.5504259 0.5504259 0.5504259 0.5504259 0.5504259 0.5504259 0.5504259 0.5504259 0.5504259 0.5504259 0.5504259 1.674121 2.260459 2.260459 2.260459 2.260459 2.260459 2.260459 2.260459 2.260459 2.260459 2.260459 2.260459 2.260459 2.260459 2.260459 2.260459 2.260459 2.260459 2.260459 2.260459 2.260459 0.4578345 0 0 0 0 0 0 0 0 0.08252725 1.618875 2.260459 2.260459 2.260459 2.260459 2.260459 2.260459 2.260459 2.260459 2.260459 2.260459 2.260459 2.260459 2.260459
0.5504259 0.5504259 0.5504259 0.5504259 0.5504259 0.5504259 0.5504259 0.5504259 0.5504259 0.5504259 0.5504259 0.5504259 0.5504259 0.5504259 0.5504259 0.5504259 1.685419 2.260459 2.260459 2.260459 2.260459 2.260459 2.260459 2.260459 2.260459 2.260459 2.260459 2.260459 2.260459 2.260459 2.260459 2.260459 2.260459 2.260459 2.260459 2.260459 2.260459 0.4396077 0 0 0 0 0 0 0 0.1135353 1.695989 2.260459 2.260459 2.260459 2.260459 2.260459 2.260459 2.260459 2.260459 2.260459 2.260459 2.260459 2.260459 2.260459 2.260459
0.550426 0.5504259 0.550426 0.5504259 0.5504259 0.550426 0.5504259 0.550426 0.5504259 0.550426 0.5504259 0.550426 0.5504259 0.550426 0.5504259 0.550426 1.676615 2.260459 2.260459 2.260459 2.260459 2.260459 2.260459 2.260459 2.260459 2.260459 2.260459 2.260459 2.260459 2.260459 2.260459 2.260459 2.260459 2.260459 2.260459 2.260459 2.260459 0.4213808 0 0 0 0 0 0 0.1494785 1.768168 2.260459 2.260459 2.260459 2.260459 2.260459 2.260459 2.260459 2.260459 2.260459 2.260459 2.260459 2.260459 2.260459 2.260459 2.260459
0.5504259 0.5504259 0.5504259 0.5504259 0.5504259 0.5504259 0.5504259 0.5504259 0.5504259 0.5504259 0.5504259 0.5504259 0.5504259 0.5504259 0.5504259 0.5504259 1.689357 2.260459 2.260459 2.260459 2.260459 2.260459 2.260459 2.260459 2.260459 2.260459 2.260459 2.260459 2.260459 2.260459 2.260459 2.260459 2.260459 2.260459 2.260459 2.260459 2.260459 1.208175 0.9473366 0.9147346 0.8821329 0.8495315 0.81693 0.7886896 1.83541 2.260459 2.260459 2.260459 2.260459 2.260459 2.260459 2.260459 2.260459 2.260459 2.260459 2.260459 2.260459 2.260459 2.260459 2.260459 2.260459
0.5504259 0.5504259 0.550426 0.5504259 0.5504259 0.5504259 0.5504259 0.5504259 0.5504259 0.550426 0.5504259 0.5504259 0.5504259 0.550426 0.5504259 0.550426 1.703732 2.260459 2.260459 2.260459 2.260459 2.260459 2.260459 2.260459 2.260459 2.260459 2.260459 2.260459 2.260459 2.260459 2.260459 2.260459 2.260459 2.260459 2.260459 2.260459 2.260459 2.260459 2.260459 2.260459 2.260459 2.260459 2.260459 2.260459 2.260459 2.260459 2.260459 2.260459 2.260459 2.260459 2.260459 2.260459 2.260459 2.260459 2.260459 2.260459 2.260459 2.260459 2.260459 2.260459 2.260459
0.5504259 0.550426 0.5504259 0.550426 0.5504259 0.5504259 0.550426 0.5504259 0.5504259 0.5504259 0.5504259 0.550426 0.5504259 0.5504259 0.5504259 0.5504259 1.720214 2.260459 2.260459 2.260459 2.260459 2.260459 2.260459 2.260459 2.260459 2.260459 2.260459 2.260459 2.260459 2.260459 2.260459 2.260459 2.260459 2.260459 2.260459 2.260459 2.260459 2.260459 2.260459 2.260459 2.260459 2.260459 2.260459 2.260459 2.260459 2.260459 2.260459 2.260459 2.260459 2.260459 2.260459 2.260459 2.260459 2.260459 2.260459 2.260459 2.260459 2.260459 2.260459 2.260459 2.260459
0.5504259 0.5504259 0.5504259 0.550426 0.5504259 0.550426 0.5504259 0.5504259 0.5504259 0.5504259 0.5504259 0.550426 0.5504259 0.5504259 0.5504259 0.5504259 1.735469 2.260459 2.260459 2.260459 2.260459 2.260459 2.260459 2.260459 2.260459 2.260459 2.260459 2.260459 2.260459 2.260459 2.260459 2.260459 2.260459 2.260459 2.260459 2.260459 2.260459 2.260459 2.260459 2.260459 2.260459 2.260459 2.260459 2.260459 2.260459 2.260459 2.260459 2.260459 2.260459 2.260459 2.260459 2.260459 2.260459 2.260459 2.260459 2.260459 2.260459 2.260459 2.260459 2.260459 2.260459
0.5504259 0.5504259 0.5504259 0.5504259 0.5504259 0.5504259 0.5504259 0.5504259 0.5504259 0.5504259 0.5504259 0.5504259 0.5504259 0.5504259 0.5504259 0.5504259 1.732881 2.260459 2.260459 2.260459 2.260459 2.260459 2.260459 2.260459 2.260459 2.260459 2.260459 2.260459 2.260459 2.260459 2.260459 2.260459 2.260459 2.260459 2.260459 2.260459 2.260459 2.260459 2.260459 2.260459 2.260459 2.260459 2.260459 2.260459 2.260459 2.260459 2.260459 2.260459 2.260459 2.260459 2.260459 2.260459 2.260459 2.260459 2.260459 2.260459 2.260459 2.260459 2.260459 2.260459 2.260459
0.5504259 0.5504259 0.5504259 0.5504259 0.5504259 0.5504259 0.5504259 0.5504259 0.5504259 0.5504259 0.5504259 0.5504259 0.5504259 0.5504259 0.5504259 0.5504259 1.737853 2.260459 2.260459 2.260459 2.260459 2.260459 2.260459 2.260459 2.260459 2.260459 2.260459 2.260459 2.260459 2.260459 2.260459 2.260459 2.260459 2.260459 2.260459 2.260459 2.260459 2.260459 2.260459 2.260459 2.260459 2.260459 2.260459 2.260459 2.260459 2.260459 2.260459 2.260459 2.260459 2.260459 2.260459 2.260459 2.260459 2.260459 2.260459 2.260459 2.260459 2.260459 2.260459 2.260459 2.260459
0.5504259 0.5504259 0.5504259 0.5504259 0.5504259 0.5504259 0.5504259 0.5504259 0.5504259 0.5504259 0.5504259 0.5504259 0.5504259 0.5504259 0.5504259 0.5504259 0.9936746 1.488947 1.843673 2.182234 2.260459 2.260459 2.260459 2.260459 2.260459 2.260459 2.260459 2.260459 2.260459 2.260459 2.260459 2.260459 2.260459 2.260459 2.260459 2.260459 2.260459 2.260459 2.260459 2.260459 2.260459 2.260459 2.260459 2.260459 2.260459 2.260459 2.260459 2.260459 2.260459 2.260459 2.260459 2.260459 2.260459 2.260459 2.260459 2.260459 2.260459 2.260459 2.260459 2.260459 2.260459
0.550426 0.5504259 0.550426 0.5504259 0.5504259 0.5504259 0.5504259 0.550426 0.5504259 0.5504259 0.5504259 0.5504259 0.5504259 0.550426 0.5504259 0.5504259 0.9098126 1.055839 1.055839 1.075487 1.352128 1.711958 2.066713 2.259853 2.260459 2.260459 2.260459 2.260459 2.260459 2.260459 2.260459 2.260459 2.260459 2.260459 2.260459 2.260459 2.260459 2.260459 2.260459 2.260459 2.260459 2.260459 2.260459 2.260459 2.260459 2.260459 2.260459 2.260459 2.260459 2.260459 2.260459 2.260459 2.260459 2.260459 2.260459 2.260459 2.260459 2.260459 2.260459 2.260459 2.260459
0.5504259 0.5504259 0.5504259 0.5504259 0.5504259 0.5504259 0.5504259 0.5504259 0.5504259 0.5504259 0.5504259 0.5504259 0.5504259 0.5504259 0.5504259 0.5504259 0.9151862 1.055839 1.055839 1.055839 1.055839 1.055839 1.055839 1.217377 1.569133 1.923577 2.228073 2.260459 2.260459 2.260459 2.260459 2.260459 2.260459 2.260459 2.260459 2.260459 2.260459 2.260459 2.260459 2.260459 2.260459 2.260459 2.260459 2.260459 2.260459 2.260459 2.260459 2.260459 2.260459 2.260459 2.260459 2.260459 2.260459 2.260459 2.260459 2.260459 2.260459 2.260459 2.260459 2.260459 2.260459
0.5504259 0.5504259 0.5504259 0.5504259 0.5504259 0.5504259 0.5504259 0.5504259 0.5504259 0.5504259 0.5504259 0.5504259 0.5504259 0.5504259 0.5504259 0.5504259 0.9187935 1.055839 1.055839 1.055839 1.055839 1.055839 1.055839 1.055839 1.055839 1.055839 1.111878 1.433194 1.782274 2.129725 2.260459 2.260459 2.260459 2.260459 2.260459 2.260459 2.260459 2.260459 2.260459 2.260459 2.260459 2.260459 2.260459 2.260459 2.260459 2.260459 2.260459 2.260459 2.260459 2.260459 2.260459 2.260459 2.260459 2.260459 2.260459 2.260459 2.260459 2.260459 2.260459 2.260459 2.260459
0.5504259 0.5504259 0.5504259 0.5504259 0.5504259 0.5504259 0.5504259 0.5504259 0.5504259 0.5504259 0.5504259 0.5504259 0.5504259 0.5504259 0.5504259 0.5504259 0.923375 1.055839 1.055839 1.055839 1.055839 1.055839 1.055839 1.055839 1.055839 1.055839 1.055839 1.055839 1.055839 1.059567 1.282983 1.638998 1.991823 2.246919 2.260459 2.260459 2.260459 2.260459 2.260459 2.260459 2.260459 2.260459 2.260459 2.260459 2.260459 2.260459 2.260459 2.260459 2.260459 2.260459 2.260459 2.260459 2.260459 2.260459 2.260459 2.260459 2.260459 2.260459 2.260459 2.260459 2.260459
0.5504259 0.5504259 0.5504259 0.5504259 0.5504259 0.5504259 0.5504259 0.5504259 0.5504259 0.5504259 0.5504259 0.5504259 0.5504259 0.5504259 0.5504259 0.5504259 0.9255165 1.055839 1.055839 1.055839 1.055839 1.055839 1.055839 1.055839 1.055839 1.055839 1.055839 1.055839 1.055839 1.055839 1.055839 1.055839 1.055839 1.14953 1.486338 1.833325 2.174502 2.260459 2.260459 2.260459 2.260459 2.260459 2.260459 2.260459 2.260459 2.260459 2.260459 2.260459 2.260459 2.260459 2.260459 2.260459 2.260459 2.260459 2.260459 2.260459 2.260459 2.260459 2.260459 2.260459 2.260459
0.550426 0.5504259 0.550426 0.5504259 0.5504259 0.5504259 0.5504259 0.550426 0.5504259 0.550426 0.5504259 0.5504259 0.5504259 0.550426 0.550426 0.550426 0.9167326 1.055839 1.055839 1.055839 1.055839 1.055839 1.055839 1.055839 1.055839 1.055839 1.055839 1.055839 1.055839 1.055839 1.055839 1.055839 1.055839 1.055839 1.055839 1.055839 1.070717 1.335861 1.682379 2.031283 2.256085 2.260459 2.260459 2.260459 2.260459 2.260459 2.260459 2.260459 2.260459 2.260459 2.260459 2.260459 2.260459 2.260459 2.260459 2.260459 2.260459 2.260459 2.260459 2.260459 2.260459
0.5504259 0.5504259 0.5504259 0.5504259 0.5504259 0.5504259 0.5504259 0.5504259 0.5504259 0.5504259 0.5504259 0.5504259 0.5504259 0.5504259 0.5504259 0.5504259 0.9187166 1.055839 1.055839 1.055839 1.055839 1.055839 1.055839 1.055839 1.055839 1.055839 1.055839 1.055839 1.055839 1.055839 1.055839 1.055839 1.055839 1.055839 1.055839 1.055839 1.055839 1.055839 1.055839 1.055839 1.176602 1.523924 1.872805 2.191446 2.260459 2.260459 2.260459 2.260459 2.260459 2.260459 2.260459 2.260459 2.260459 2.260459 2.260459 2.260459 2.260459 2.260459 2.260459 2.260459 2.260459
0.5504259 0.5504259 0.5504259 0.5504259 0.5504259 0.5504259 0.5504259 0.5504259 0.5504259 0.5504259 0.5504259 0.5504259 0.5504259 0.5504259 0.5504259 0.5504259 0.9233003 1.055839 1.055839 1.055839 1.055839 1.055839 1.055839 1.055839 1.055839 1.055839 1.055839 1.055839 1.055839 1.055839 1.055839 1.055839 1.055839 1.055839 1.055839 1.055839 1.055839 1.055839 1.055839 1.055839 1.055839 1.055839 1.055839 1.083248 1.357181 1.702723 2.054609 2.258817 2.260459 2.260459 2.260459 2.260459 2.260459 2.260459 2.260459 2.260459 2.260459 2.260459 2.260459 2.260459 2.260459
0.5504259 0.5504259 0.550426 0.5504259 0.5504259 0.5504259 0.5504259 0.550426 0.5504259 0.550426 0.5504259 0.5504259 0.5504259 0.5504259 0.5504259 0.550426 0.9269448 1.055839 1.055839 1.055839 1.055839 1.055839 1.055839 1.055839 1.055839 1.055839 1.055839 1.055839 1.055839 1.055839 1.055839 1.055839 1.055839 1.055839 1.055839 1.055839 1.055839 1.055839 1.055839 1.055839 1.055839 1.055839 1.055839 1.055839 1.055839 1.055839 1.055839 1.19663 1.541032 1.886068 2.197775 2.260459 2.260459 2.260459 2.260459 2.260459 2.260459 2.260459 2.260459 2.260459 2.260459
0.5504259 0.5504259 0.5504259 0.5504259 0.5504259 0.5504259 0.5504259 0.5504259 0.5504259 0.5504259 0.5504259 0.5504259 0.5504259 0.5504259 0.5504259 0.5504259 0.9322503 1.055839 1.055839 1.055839 1.055839 1.055839 1.055839 1.055839 1.055839 1.055839 1.055839 1.055839 1.055839 1.055839 1.055839 1.055839 1.055839 1.055839 1.055839 1.055839 1.055839 1.055839 1.055839 1.055839 1.055839 1.055839 1.055839 1.055839 1.055839 1.055839 1.055839 1.055839 1.055839 1.055839 1.082227 1.370194 1.715459 2.05566 2.259036 2.260459 2.260459 2.260459 2.260459 2.260459 2.260459
0.5504259 0.5504259 0.5504259 0.5504259 0.5504259 0.5504259 0.5504259 0.5504259 0.5504259 0.5504259 0.5504259 0.5504259 0.5504259 0.5504259 0.5504259 0.5504259 0.9368334 1.055839 1.055839 1.055839 1.055839 1.055839 1.055839 1.055839 1.055839 1.055839 1.055839 1.055839 1.055839 1.055839 1.055839 1.055839 1.055839 1.055839 1.055839 1.055839 1.055839 1.055839 1.055839 1.055839 1.055839 1.055839 1.055839 1.055839 1.055839 1.055839 1.055839 1.055839 1.055839 1.055839 1.055839 1.055839 1.055839 1.055839 1.194298 1.53564 1.882178 2.197669 2.260459 2.260459 2.260459
0.5504259 0.5504259 0.550426 0.5504259 0.5504259 0.550426 0.5504259 0.5504259 0.5504259 0.5504259 0.5504259 0.5504259 0.5504259 0.5504259 0.5504259 0.5504259 0.9398635 1.055839 1.055839 1.055839 1.055839 1.055839 1.055839 1.055839 1.055839 1.055839 1.055839 1.055839 1.055839 1.055839 1.055839 1.055839 1.055839 1.055839 1.055839 1.055839 1.055839 1.055839 1.055839 1.055839 1.055839 1.055839 1.055839 1.055839 1.055839 1.055839 1.055839 1.055839 1.055839 1.055839 1.055839 1.055839 1.055839 1.055839 1.055839 1.055839 1.055839 1.083364 1.35884 1.697085 2.037414
