Scenarios/Heterogeneous/data/country_data_population_distribution/processed/density_grids/cmr.asc
ncols 196
nrows 290
xllcorner 8
yllcorner 1
cellsize 0.041666666666667
NODATA_value -9999
[rows 144 to 179 of 290, columns 0 to 79 of 196]
0 0 0 0 0 0 0 0 0 0 0 0 0 0 0 0 0 0 0 0 0 0 0 0 0 0 0 0 0 0 0 0 0 0 0 0 0 0 0 0 0 0 0 0 0 0 0 0 0 0 0 0 0 0 0 0 0 0 0 0 0 0 62.75545 0 0 0 0 0 0 0 0 0 0 0 0 0 0 0 0 0
0 0 0 0 0 0 0 0 0 0 0 0 0 0 0 0 0 0 0 0 0 0 0 0 0 0 0 0 0 0 0 0 0 0 0 0 0 0 0 0 0 0 0 0 0 0 0 0 0 0 0 49.70849 0 0 0 0 0 0 0 0 0 51.47828 73.661 73.661 56.46397 0 0 0 0 0 0 0 0 0 0 0 0 0 0 0
0 0 0 0 0 0 0 0 0 0 0 0 0 0 0 0 0 0 0 0 0 0 0 0 0 0 0 0 0 0 0 0 0 0 0 0 0 0 0 0 0 0 0 0 0 0 0 0 0 0 50.06613 48.19707 0 0 0 0 0 0 0 0 0 62.87583 73.661 73.661 73.661 62.93856 0 0 0 0 0 0 0 0 0 0 0 0 0 0
0 0 0 0 0 0 0 0 0 0 0 0 0 0 0 0 0 0 0 0 0 0 0 0 0 0 0 0 0 0 0 0 0 0 0 0 0 0 0 0 0 0 0 0 0 0 0 0 0 49.44127 48.19706 48.19706 0 0 0 0 0 0 0 0 0 72.67168 73.661 73.661 73.661 73.661 73.12341 66.15888 0 0 0 0 0 0 0 0 0 0 0 0
0 0 0 0 0 0 0 0 0 0 0 0 0 0 0 0 0 0 0 0 0 0 0 0 0 0 0 0 0 0 0 0 0 0 0 0 0 0 0 0 0 0 0 0 0 0 0 0 49.18734 48.19707 48.19706 48.19706 46.89277 0 37.89718 39.8755 42.16593 44.44836 65.25681 64.34077 73.52686 73.661 73.661 73.661 73.661 73.661 73.661 73.31451 0 0 0 0 0 0 0 0 0 0 0 0
0 0 0 0 0 0 0 0 0 0 0 0 0 0 0 0 0 0 0 0 0 0 0 0 0 0 0 0 0 0 0 0 0 0 0 0 0 0 0 0 0 0 0 0 0 0 0 48.88458 48.19707 48.19706 48.19707 48.19706 48.19706 48.19707 48.19707 48.19707 48.19707 48.19707 67.7039 73.661 73.661 73.661 73.661 73.661 73.661 73.661 73.661 72.00549 0 0 0 0 0 0 0 0 0 0 0 0
0 0 0 0 0 0 0 0 0 0 0 0 0 0 0 0 0 0 0 0 0 0 0 0 0 0 0 0 0 0 0 0 0 0 0 0 0 0 0 0 0 0 0 0 0 0 49.2061 48.19706 48.19706 48.19706 48.19706 48.19706 48.19706 48.19706 48.19706 48.19706 48.19706 48.19706 59.55845 73.661 73.661 73.661 73.661 73.661 73.661 73.661 73.661 73.43468 0 0 0 0 0 0 0 0 0 0 0 0
0 0 0 0 0 0 0 0 0 0 0 0 0 0 0 0 0 0 0 0 0 0 0 0 0 0 0 0 0 0 0 0 0 0 0 0 0 0 0 0 0 0 0 49.08123 50.11451 49.40924 48.19707 48.19707 48.19707 48.19707 48.19707 48.19707 48.19707 48.19707 48.19707 48.19707 48.19707 48.19707 54.87562 73.661 73.66101 73.661 73.66101 73.661 73.66101 73.66101 73.66101 73.661 73.66101 70.86527 0 0 0 0 0 0 0 0 0 0
0 0 0 0 0 0 0 0 0 0 0 0 0 0 0 0 0 0 0 0 0 0 0 0 0 0 0 0 0 0 0 0 0 0 0 0 0 0 0 0 0 0 50.3488 48.19707 48.19707 48.19707 48.19706 48.19707 48.19707 48.19707 48.19707 48.19707 48.19706 48.19707 48.19707 48.19707 48.19707 48.19707 54.29244 73.661 73.661 73.661 73.661 73.661 73.661 73.661 73.661 73.661 73.661 73.55499 0 0 0 0 0 0 0 0 0 0
0 0 0 0 0 0 0 0 0 0 0 0 0 0 0 0 0 0 0 0 0 0 0 0 0 0 0 0 0 0 0 0 0 0 0 0 0 0 0 0 0 0 49.57214 48.19706 48.19706 48.19706 48.19706 48.19706 48.19706 48.19706 48.19706 48.19706 48.19706 48.19706 48.19706 48.19706 48.19706 48.19809 68.93249 73.84207 73.661 73.661 73.661 73.661 73.661 73.661 73.661 73.661 73.661 73.661 71.827 0 72.70941 73.64999 0 0 0 0 0 0
0 0 0 0 0 0 0 0 0 0 0 0 0 0 0 0 0 0 0 0 0 0 0 0 0 0 0 0 0 0 0 0 0 0 0 0 0 0 0 0 0 0 48.61067 48.19706 48.19706 48.19706 48.19706 48.19706 48.19706 48.19706 48.19706 48.19706 48.19706 48.19706 48.19706 49.78943 76.15135 67.59356 83.04315 81.53683 75.05357 73.661 73.661 73.661 73.661 73.661 73.661 73.661 73.661 73.661 73.661 73.661 73.661 73.661 0 0 0 0 0 0
0 0 0 0 0 0 0 0 0 0 0 0 0 0 0 0 0 0 0 0 0 0 0 0 0 0 0 0 0 0 0 0 0 0 0 0 0 0 0 0 0 0 48.19706 48.19706 48.19706 48.19706 48.19706 48.19706 48.19706 48.19706 48.19706 48.19706 48.19706 48.19706 48.19706 50.66413 82.95418 83.04314 83.04314 83.04314 77.88077 73.661 73.661 73.661 73.661 73.661 73.661 73.661 73.661 73.661 73.661 73.661 73.661 73.661 0 0 0 0 0 0
0 0 0 0 0 0 0 0 0 0 0 0 0 0 0 0 0 0 0 0 0 0 0 0 0 0 0 0 0 0 0 0 0 0 0 0 0 0 0 0 0 50.13808 48.19706 48.19706 48.19706 48.19707 48.19706 48.19706 48.19706 48.19707 48.19706 48.19706 48.19706 48.19706 48.19706 48.19706 65.08043 83.04314 83.04314 83.04315 79.77705 73.661 73.661 73.661 73.661 73.661 73.661 73.661 73.661 73.661 73.661 73.661 73.661 73.661 0 0 0 0 0 0
0 0 0 0 0 0 0 0 0 0 0 0 0 0 0 0 0 0 0 0 0 0 0 0 0 0 0 0 0 0 0 0 0 0 0 0 0 0 72.04582 56.53974 0 47.56078 48.19706 48.19706 48.19706 48.19706 48.19707 48.19706 48.19706 48.19706 48.19706 48.19706 48.19707 48.19706 48.19707 48.19706 56.97426 83.04314 83.04315 83.04314 79.20746 73.661 73.661 73.661 73.661 73.661 73.661 73.661 73.661 73.661 73.661 73.661 73.661 73.661 73.49331 73.59695 55.60435 46.56816 46.3035 0
0 0 0 0 0 0 0 0 0 0 0 0 0 0 0 0 0 0 0 0 0 0 0 0 0 0 0 0 0 0 0 0 0 0 0 0 0 0 33.29862 27.88131 27.88131 34.35266 48.19706 48.19707 48.19706 48.19707 48.19706 48.19707 48.19706 48.19707 48.19706 48.19707 48.19706 48.19707 48.19706 48.19707 59.78866 83.04315 83.04315 83.04315 81.86982 86.05753 166.0894 79.56995 73.661 73.661 73.661 73.66101 73.661 73.66101 73.661 73.66101 73.661 73.661 73.661 73.66101 53.20424 40.33079 40.33079 40.33079
0 0 0 0 0 0 0 0 0 0 0 0 0 0 0 0 0 0 0 0 0 0 0 0 0 0 0 0 0 0 0 0 0 0 0 61.39125 59.68502 34.42588 27.88131 27.88131 27.88131 33.58602 48.19706 48.19706 48.19706 48.19706 48.19706 48.19706 48.19706 48.19706 48.19706 48.19706 48.19706 48.19706 48.19706 48.19706 70.80211 83.04314 83.04314 83.04314 83.04314 125.5445 210.9183 162.8549 107.8465 75.53459 73.661 73.661 73.661 73.661 73.661 73.661 73.661 73.661 73.661 73.661 51.60096 40.33078 40.33079 40.33079
0 0 0 0 0 0 0 0 0 0 0 0 0 0 0 0 0 0 0 0 0 0 0 0 0 0 0 0 0 0 0 0 0 0 0 30.00628 27.88131 27.88131 27.88131 27.88131 27.88131 37.18387 48.19706 48.19706 48.19706 48.19706 48.19706 48.19706 48.19706 48.19706 48.19706 48.19706 48.19706 48.19706 48.19706 56.26751 82.28332 83.04314 83.04315 83.04314 83.04315 158.3568 210.9183 210.9183 210.9183 169.2636 77.19079 73.661 73.661 73.661 73.661 73.661 73.661 73.661 73.661 73.661 49.76969 40.33079 40.33079 40.33078
0 0 0 0 0 0 0 0 0 0 0 0 0 0 0 0 0 0 0 0 0 0 0 0 0 0 0 0 0 0 0 0 0 0 0 27.88131 27.88131 27.88131 27.88131 27.88131 27.88131 28.75625 47.56145 48.19706 48.19706 48.19706 48.19706 48.19706 48.19707 48.19706 48.19706 50.18689 48.56153 48.19706 48.19706 63.41336 83.04315 83.04315 83.04314 83.04315 105.816 204.9406 210.9183 210.9183 210.9183 210.9183 197.8956 166.0064 158.9709 133.7841 81.32288 73.66101 73.661 73.661 73.66101 73.661 47.75586 40.33079 40.33079 40.33079
0 0 0 0 0 0 0 0 0 0 0 0 0 0 0 0 0 0 0 0 0 0 0 0 0 0 0 0 0 0 0 0 52.93983 40.29713 53.16113 27.88131 27.88131 27.88131 27.88131 27.88131 27.88131 28.90992 48.68312 48.19706 48.19706 48.19706 48.19706 48.19706 48.19706 48.19706 52.04201 79.96172 77.88136 65.43585 58.39954 74.7108 83.04314 83.04314 83.04314 83.04315 154.9254 210.9184 210.9183 210.9183 210.9183 210.9183 210.9183 210.9183 210.9183 210.9183 201.4285 123.3797 73.661 73.661 73.661 73.661 54.17245 40.33079 40.33079 40.33079
0 0 0 0 0 0 0 0 0 0 0 0 0 0 0 0 0 0 0 0 0 0 0 0 0 0 0 0 0 0 0 0 28.59058 27.88131 27.88131 27.88131 27.88131 27.88131 27.88131 27.88131 27.88131 31.02025 71.42355 59.43518 48.19706 48.19706 66.59676 320.0473 293.0164 58.54404 64.12903 83.04314 83.04315 83.04314 83.04314 83.04315 83.04315 83.04314 83.04315 110.9111 208.3921 210.9183 210.9183 210.9183 210.9183 210.9183 210.9183 210.9183 210.9183 210.9183 210.9183 207.9595 85.5489 73.661 73.661 74.06734 68.16017 50.09924 40.68925 40.38139
0 0 0 0 0 0 0 0 0 0 0 0 0 0 0 0 0 0 0 0 0 0 0 0 0 0 0 0 0 0 0 33.48071 27.88131 27.88131 27.88131 27.88131 27.88131 27.88131 27.88131 27.88131 27.88131 29.89246 78.18373 69.37078 48.19706 61.44916 253.7843 400.3816 400.3815 286.0341 87.16399 83.04315 83.04314 83.04314 83.04314 83.04315 83.04314 83.04315 83.04314 180.262 210.9183 210.9183 210.9183 210.9183 210.9183 210.9183 210.9183 210.9183 210.9183 210.9183 210.9183 210.9183 123.7098 76.54527 77.16045 82.41938 85.33598 85.33598 85.24879 40.86874
0 0 0 0 0 0 0 0 0 0 0 0 0 0 0 0 0 0 0 0 0 0 0 0 0 0 0 0 0 0 50.36436 27.88131 27.88131 27.88131 27.88131 27.88131 27.88131 27.88131 27.88131 27.88131 27.88131 51.54519 80.89896 79.04782 55.50434 146.4011 400.3816 400.3816 400.3816 394.0529 101.4954 83.44817 83.04314 83.04314 83.04314 83.04314 83.04314 83.08517 142.3303 223.9667 210.9183 210.9183 210.9183 210.9183 210.9183 210.9183 210.9183 210.9183 210.9183 210.9183 210.9183 210.9183 123.3151 85.33598 85.33598 85.33598 85.33598 85.33598 63.70312 40.33079
0 0 0 0 0 0 0 0 0 0 0 0 0 0 0 0 0 0 0 0 0 0 0 0 0 0 0 0 56.73375 27.9287 27.88131 27.88131 27.88131 27.88131 27.88131 27.88131 27.88131 27.88131 27.88131 27.88131 27.88131 71.19108 80.89896 80.89896 80.89896 150.627 400.3816 400.3815 400.3816 400.3815 363.9902 382.9042 320.0229 234.4091 261.1125 98.53331 123.8769 287.3074 272.4466 271.7419 227.3134 210.9183 210.9183 210.9183 210.9183 210.9183 210.9183 210.9183 210.9183 210.9183 210.9183 210.353 92.85934 85.33598 85.33597 85.33597 85.33597 85.33597 59.74783 40.33079
0 0 0 0 0 0 0 0 0 0 0 0 0 0 0 0 0 0 0 0 0 0 0 0 0 0 0 0 27.88131 27.88131 27.88131 27.88131 27.88131 27.88131 27.88131 27.88131 27.88131 27.88131 27.88131 27.88131 48.05442 80.87857 80.89896 80.89896 80.89896 81.0786 315.709 400.3816 400.3816 400.3816 400.3816 400.3816 400.3816 400.3816 400.3816 359.7175 382.6383 336.4284 272.4466 272.4466 252.0876 210.9183 210.9184 210.9183 210.9183 210.9183 210.9183 210.9183 210.9183 210.9183 210.9183 191.1263 85.33598 85.33598 85.33598 85.33598 85.33598 85.33598 71.41994 40.33079
0 0 0 0 0 0 0 0 0 0 0 0 0 0 0 0 0 0 0 0 0 0 0 0 0 0 0 35.51953 27.88131 27.88131 27.88131 27.88131 27.88131 27.88131 27.88131 27.88131 27.88131 27.88131 34.13342 59.62424 80.36002 80.89896 80.89896 80.89895 80.89896 80.89896 85.14297 186.3126 244.8907 400.3815 400.3815 400.3815 400.3815 400.3815 400.3815 400.3815 400.3815 338.4128 272.4466 272.4466 272.3852 239.9611 215.7843 210.9183 210.9183 210.9183 210.9183 210.9183 210.9183 209.5263 161.6265 95.91644 85.33597 85.33597 85.33597 85.33598 85.33597 85.33598 85.26375 46.62959
0 0 0 0 0 0 0 0 0 0 0 0 0 0 0 0 0 0 0 0 0 0 0 0 0 0 31.42222 27.88131 27.88131 27.88131 27.88131 27.88131 27.88131 27.88131 27.88131 27.88131 27.88131 27.88131 66.36265 80.89896 80.89896 80.89896 80.89896 80.89896 80.89896 80.89896 80.89896 80.89895 208.0194 400.3816 400.3815 400.3815 400.3815 400.3815 400.3815 400.3816 400.3815 284.6885 272.4466 272.4466 272.4466 272.4466 266.5245 249.5117 171.8685 106.078 125.3889 163.7171 145.546 95.31489 85.33598 85.33598 85.33598 85.33598 85.33598 85.33598 85.33598 85.33597 79.97507 44.53207
0 0 0 0 0 0 0 0 0 0 0 0 0 0 0 0 0 0 0 0 0 0 0 0 0 29.53847 27.88131 27.88131 27.88131 27.88131 27.88131 27.88131 27.88131 27.88131 27.88131 27.88131 27.88131 27.88131 42.00795 80.89896 80.89896 80.89896 80.89896 80.89896 80.89896 80.89896 80.89896 80.89896 370.8631 400.3815 400.3816 400.3815 400.3816 400.3815 400.3816 400.3816 380.9107 282.3003 272.4466 272.4466 272.4466 272.4466 272.4466 265.7727 100.7643 85.33598 85.33598 85.33598 85.33598 85.33598 85.33598 85.33598 85.33598 85.33598 85.33598 85.33598 85.33598 85.33598 51.51526 14.46365
0 0 0 0 0 0 0 0 0 0 0 0 0 0 0 0 0 0 0 0 0 0 0 63.3209 28.13016 27.88131 27.88131 27.88131 27.88131 27.88131 27.88131 27.88131 27.88131 27.88131 27.88131 27.88131 27.88131 27.88131 52.75738 80.89896 80.89896 80.89896 80.89896 80.89896 80.89896 80.89896 80.89896 80.89896 375.9073 400.3816 400.3815 400.3815 400.3815 400.3816 399.7304 324.8787 274.4307 272.4466 272.4466 272.4466 272.4466 272.4466 272.4466 200.0449 85.33597 85.33597 85.33597 85.33598 85.33597 85.33598 85.33597 85.33597 85.33597 85.33598 85.33597 85.33598 85.33597 85.33598 47.00138 6.773966
0 0 0 0 0 0 0 0 0 0 0 0 0 0 0 0 0 0 0 0 0 0 46.5392 27.88131 27.88131 27.88131 27.88131 27.88131 27.88131 27.88131 27.88131 27.88131 27.88131 27.88131 27.88131 27.88131 27.88131 27.88131 36.45379 69.14373 80.89896 80.89896 80.89896 80.89896 80.89895 80.89896 103.6051 128.7306 390.6869 400.3816 400.3816 400.3815 400.3815 400.3815 391.6645 272.7242 272.4466 272.4466 272.4466 272.4466 272.4466 272.4466 272.4466 126.0041 85.33597 85.33598 85.33598 85.33598 85.33598 85.33598 85.33598 85.33598 85.33598 85.33598 85.33598 85.33598 85.33598 85.33598 40.75076 6.773966
0 0 0 0 0 0 0 0 0 0 0 0 0 0 0 0 0 0 0 0 0 45.44496 27.88131 27.88131 27.88131 27.88131 27.88131 27.88131 27.88131 27.88131 27.88131 27.88131 27.88131 27.88131 27.88131 27.88131 27.88131 27.88131 27.88131 31.48475 65.21388 72.50076 80.89896 80.89896 80.89896 80.89896 160.3423 388.5051 400.3815 400.3816 400.3815 400.3816 400.3815 400.3816 400.3815 293.8109 272.4466 272.4466 272.4466 272.524 272.4466 272.4466 242.3069 85.33597 85.33597 85.33597 85.33597 85.33597 85.33597 85.33598 85.33598 85.33597 85.33597 85.33598 85.33598 85.33598 85.33597 85.33598 52.86906 6.773967
0 0 0 0 0 0 0 0 0 0 0 0 0 0 0 0 0 0 0 0 74.51378 27.88131 27.88131 27.88131 27.88131 27.88131 27.88131 27.88131 27.88131 27.88131 27.88131 27.88131 27.88131 27.88131 27.88131 27.88131 27.88131 27.88131 27.88131 27.88131 27.88131 30.25264 72.44731 80.89896 80.89896 80.89896 80.89896 270.4114 400.3816 400.3815 400.3815 400.3815 400.3816 400.3815 400.3815 355.955 304.2179 312.297 325.346 335.7196 337.7498 115.1532 89.75314 85.33597 85.33598 85.33598 85.33598 85.33597 85.33598 85.33597 85.33598 85.33598 85.33598 85.33597 85.33598 85.33597 85.33598 85.33597 64.75573 8.683806
0 0 0 0 0 0 0 0 0 0 0 0 0 0 0 0 0 0 0 0 0 27.88131 27.88131 27.88131 27.88131 27.88131 27.88131 27.88131 27.88131 27.88131 27.88131 27.88131 27.88131 27.88131 27.88131 27.88131 27.88131 27.88131 27.88131 27.88131 27.88131 27.88131 29.69945 49.07245 64.97318 80.16923 88.65594 233.2271 396.9038 400.3815 400.3815 380.0272 357.9429 377.1303 399.3728 377.3319 339.3416 339.3416 339.3416 339.3416 313.183 85.33598 85.33598 85.33598 85.33598 85.33598 85.33598 85.33598 85.33598 85.33598 85.33598 85.33598 85.33598 85.33598 85.33598 85.33598 85.33598 85.33598 85.26346 27.65667
0 0 0 0 0 0 0 0 0 0 0 0 0 0 0 0 0 0 0 0 52.84231 27.88131 27.88131 27.88131 27.88131 27.88131 27.88131 27.88131 27.88131 27.88131 27.88131 27.88131 27.88131 27.88131 27.88131 27.88131 27.88131 27.88131 27.88131 27.88131 27.88131 27.88131 27.88131 27.88131 27.88131 38.04475 179.2718 203.3713 212.4185 244.5835 314.4441 339.5119 339.3416 339.3416 357.7842 352.3776 339.3416 339.3416 339.3416 339.3416 275.3384 85.33597 85.33598 85.33597 85.33598 85.33598 85.33598 85.33597 85.33598 85.33597 85.33598 85.33598 85.33598 85.33597 85.33598 85.33597 85.33598 84.9686 44.74642 6.773966
0 0 0 0 0 0 0 0 0 0 0 0 0 0 0 0 0 0 0 0 31.68184 27.88131 27.88131 27.88131 27.88131 27.88131 27.88131 27.88131 27.88131 27.88131 27.88131 27.88131 27.88131 27.88131 27.88131 27.88131 27.88131 27.88131 27.88131 27.88131 27.88131 27.88131 27.88131 27.88131 28.06225 113.6158 203.3713 203.3712 203.3713 203.3713 243.5796 339.3416 339.3416 339.3416 339.3416 339.3416 339.3416 339.3416 339.3416 257.1966 88.38415 85.33597 85.33598 85.33598 85.33597 85.33597 85.33597 85.33598 85.33597 85.33598 85.33597 85.33597 85.33597 85.33598 85.33597 85.33598 85.19185 36.755 6.773966 6.773967
0 0 0 0 0 0 0 0 0 0 0 0 0 0 0 0 0 0 0 0 0 28.02012 27.88131 27.88131 27.88131 27.88131 27.88131 27.88131 27.88131 27.88131 27.88131 27.88131 27.88131 27.88131 27.88131 27.88131 27.88131 27.88131 27.88131 27.88131 27.88131 27.88131 27.88131 27.88131 57.21949 203.3712 203.3713 203.3712 203.7265 224.17 314.8114 339.3416 339.3416 339.3416 339.3416 339.3416 339.3416 339.3416 339.3416 109.4625 85.33598 85.33597 85.33597 85.33598 85.33597 85.33597 85.33597 85.33597 85.33598 85.33597 85.33597 85.33597 85.33597 85.33597 85.33597 85.33597 81.58838 9.49224 6.773966 6.773966
0 0 0 0 0 0 0 0 0 0 0 0 0 0 0 0 0 0 0 0 0 0 27.88131 27.88131 27.88131 27.88131 27.88131 27.88131 27.88131 27.88131 27.88131 27.88131 27.88131 27.88131 27.88131 27.88131 27.88131 27.88131 27.88131 27.88131 27.88131 27.88131 27.88131 27.88131 43.88527 202.8166 203.3712 208.7352 230.8235 240.1162 284.2701 339.3416 339.3416 339.3416 339.3416 340.8052 637.7457 828.8755 621.8364 542.2991 148.5179 85.33598 85.33598 85.33598 85.33597 85.33598 85.33597 85.33598 85.33597 85.33598 85.33597 85.33597 85.33597 85.33598 85.33597 85.33598 63.4212 6.773966 6.773967 6.773966
