Scenarios/Heterogeneous/data/country_data_population_distribution/processed/density_grids/cmr.asc
ncols 196
nrows 290
xllcorner 8
yllcorner 1
cellsize 0.041666666666667
NODATA_value -9999
[rows 180 to 215 of 290, columns 0 to 79 of 196]
0 0 0 0 0 0 0 0 0 0 0 0 0 0 0 0 0 0 0 0 0 0 27.88131 27.88131 27.88131 27.88131 27.88131 27.88131 27.88131 27.88131 27.88131 27.88131 27.88131 27.88131 27.88131 27.88131 27.88131 27.88131 27.88131 27.88131 27.88131 27.88131 27.88131 27.88131 111.4052 203.3712 204.273 237.764 240.1162 240.1162 240.7157 312.1966 339.3416 339.3416 339.3416 359.8445 1240.626 1248.191 1248.191 1248.191 1211.546 647.0698 85.33598 85.33598 85.33598 85.33598 85.33598 85.33598 85.33598 85.33598 85.33598 85.33598 85.33598 85.33598 85.33598 85.33598 81.26514 8.18952 6.773967 6.773967
0 0 0 0 0 0 0 0 0 0 0 0 0 0 0 0 0 0 0 0 0 28.99843 27.88131 27.88131 27.88131 27.88131 27.88131 27.88131 27.88131 27.88131 27.88131 27.88131 27.88131 27.88131 27.88131 27.88131 27.88131 27.88131 27.88131 27.88131 27.88131 27.88131 27.88131 31.7868 182.9302 203.3712 207.2045 240.1162 240.1162 240.1162 240.1162 285.6582 335.5561 323.462 314.277 642.2944 1247.366 1248.191 1248.191 1248.191 1248.191 986.2512 85.33598 85.33597 85.33598 85.33598 85.33598 85.33598 85.33597 85.33597 85.33597 85.33597 85.33597 85.33597 85.33598 85.33597 84.53197 11.30174 6.773966 6.773966
0 0 0 0 0 0 0 0 0 0 0 0 0 0 0 0 0 0 0 0 0 27.88131 27.88131 27.88131 27.87754 27.55103 27.88131 27.88131 27.88131 27.88131 27.88131 27.88131 27.88131 27.88131 27.88131 27.88131 27.88131 27.88131 27.88131 28.14259 29.09906 28.17188 27.88131 101.8733 203.3712 203.3713 209.7921 240.1162 240.1162 240.1162 240.1162 240.1162 241.2884 240.1162 240.1162 259.9813 643.2158 997.4307 971.4008 367.7667 444.0685 324.6179 85.33597 85.33598 85.33597 85.33597 85.33597 85.33598 85.33597 85.33598 85.33597 85.33597 85.33597 85.33598 85.33597 85.33598 65.47623 6.773967 6.773966 6.773967
0 0 0 0 0 0 0 0 0 0 0 0 0 0 0 0 0 0 0 0 30.27941 27.88131 27.88131 27.88131 26.12508 24.21516 25.22495 26.8921 27.54904 27.88131 27.88131 27.88131 27.88131 27.88131 27.88131 27.88131 27.88131 29.91911 34.29216 37.95083 38.65747 38.52014 37.15593 164.7932 203.3712 203.3713 218.1064 240.1162 240.1162 240.1162 240.1162 240.1162 240.1162 240.1162 240.1162 239.902 237.7495 153.1738 115.3731 115.3731 104.4836 85.68798 85.33598 85.33598 85.33598 85.33598 85.33598 85.33598 85.33597 85.33598 85.33597 85.33597 85.33598 85.33598 85.33597 85.33598 38.501 6.773966 6.773966 6.773966
0 0 0 0 0 0 0 0 0 0 0 0 0 0 0 0 0 0 0 0 29.5897 27.88131 27.88131 27.87018 24.75383 24.21453 24.21453 24.21453 25.58098 27.88131 27.88131 27.88131 27.88131 27.88131 27.88131 29.42999 34.74058 38.58632 38.65747 38.65747 38.65747 38.65747 38.65747 46.60571 81.59383 99.48011 238.3984 240.1162 240.1162 240.1162 240.1162 240.1162 240.1162 238.9209 233.1649 237.5211 237.2548 142.3415 115.3731 115.3731 91.75463 85.33598 85.33598 85.33598 85.33598 85.33598 85.33598 85.33598 85.33598 85.33598 85.33598 85.33598 85.33598 85.33598 85.33598 85.28504 39.82426 6.773966 6.773966 6.773966
0 0 0 0 0 0 0 0 0 0 0 0 0 0 0 0 0 0 0 0 24.34171 24.87122 26.36838 26.73325 24.21452 24.21452 24.21452 24.21452 24.38859 27.50198 30.19903 30.28425 28.20718 31.07878 35.9101 38.61108 38.65747 38.65747 38.65747 38.65747 38.65747 38.65747 38.65747 43.34171 82.85414 214.3956 240.1162 240.1162 240.1162 240.1162 240.1162 240.1162 232.4901 159.331 196.1305 237.2548 237.2548 193.6518 115.3731 115.3731 112.2325 94.87127 85.33598 85.33598 85.33598 85.33598 85.33598 85.33598 85.33598 85.33598 85.33598 85.33598 85.33598 85.33598 85.33598 47.01716 6.773967 6.773966 6.773967 6.773966
0 0 0 0 0 0 0 0 0 0 0 0 0 0 0 0 0 0 0 0 24.21452 24.21452 24.21452 24.21452 24.21452 24.21452 24.21452 24.21452 24.21452 26.8766 38.20845 38.65747 38.5633 38.65747 38.65747 38.65747 38.65747 38.65747 38.65747 38.65747 38.65747 38.65747 53.37362 80.56847 141.8699 240.1162 240.1162 240.1162 240.1162 240.1162 240.1162 217.6241 146.346 135.3232 194.8579 237.2548 237.2548 133.9821 115.3731 115.3731 115.3731 103.8798 85.33598 85.33597 85.33597 85.33597 85.33598 85.33597 85.33598 85.33597 85.33597 85.33597 85.33598 84.37819 34.83448 8.559196 6.773967 6.773966 6.773967 6.773966
0 0 0 0 0 0 0 0 0 0 0 0 0 0 0 0 0 0 0 0 24.21452 24.21452 24.21452 24.21452 24.21452 24.21452 24.21452 24.21452 24.21452 24.21452 30.79059 38.65747 38.65747 38.65747 38.65747 38.65747 38.65747 38.65747 38.65747 38.65747 38.65747 38.67956 96.69866 103.6362 132.0576 190.9255 146.763 199.1392 240.1162 239.2823 218.6669 138.539 135.3232 135.3232 168.6059 223.0971 237.2489 176.7017 116.0582 114.9934 104.9201 99.39291 82.0284 85.33597 85.33598 85.33598 85.33598 85.33597 85.33598 85.33597 85.33598 85.33597 85.33598 83.65827 7.08814 6.773966 6.773967 6.773967 6.773967 6.773967
0 0 0 0 0 0 0 0 0 0 0 0 0 0 0 0 0 0 0 0 24.21453 24.21452 24.21452 24.21452 24.21452 24.21452 24.21452 24.21452 24.21452 24.21453 25.62151 38.57162 38.65747 38.65747 38.65747 38.65747 38.65747 38.65747 38.65747 38.65747 38.65747 38.65747 79.09267 103.6362 103.6362 103.6362 103.6362 116.3143 221.5004 159.7869 135.3232 135.3232 135.3232 135.3232 135.3232 135.3232 198.681 237.2548 164.6542 109.2783 74.33763 74.15891 74.44845 76.37609 85.04962 85.33598 85.33598 85.33598 85.33598 85.33598 85.33598 85.33598 85.33598 74.27374 6.773967 11.90858 24.73739 23.60653 7.196484 6.773966
0 0 0 0 0 0 0 0 0 0 0 0 0 0 0 0 0 0 0 0 24.21453 24.21453 24.21452 24.21453 24.21452 24.21452 24.21453 24.21453 24.21452 24.21453 24.21452 34.68276 38.65747 38.65747 38.65747 38.65747 38.65747 38.65747 38.65747 38.65747 38.65747 38.65747 55.70612 101.7027 103.6362 103.6362 103.6362 103.6362 131.4176 135.3232 135.3232 135.3232 135.3232 135.3232 135.3232 135.3232 163.1833 216.8304 105.8709 84.27264 85.87004 74.15891 74.15891 74.15891 79.03503 83.15601 84.9836 85.33598 85.33598 85.33598 85.33598 85.33598 78.24854 54.21769 28.23071 32.9808 32.9985 32.9985 21.47606 6.773967
0 0 0 0 0 0 0 0 0 0 0 0 0 0 0 0 0 0 0 25.51133 24.21453 24.21453 24.21453 24.21453 24.21453 24.21453 24.21453 24.21453 24.21453 24.21453 24.21453 24.25097 31.45775 38.99845 38.65747 38.65747 38.65747 38.65747 38.65747 38.65747 38.65747 38.65747 38.65747 58.16021 103.6362 103.6362 103.6362 106.0682 134.8818 135.3232 135.3232 135.3232 135.3232 135.3232 135.3232 135.3232 137.0111 171.9643 74.15891 74.15891 74.15891 74.15891 74.15891 74.15891 74.15891 74.15891 81.93466 85.33598 85.33598 85.33598 85.33598 83.42549 41.7623 32.9985 32.9985 32.9985 32.9985 32.9985 32.96486 15.97056
0 0 0 0 0 0 0 0 0 0 0 0 0 0 0 0 0 0 28.16143 24.21452 24.21452 24.21452 24.21452 24.21452 24.21452 24.21452 24.21452 24.21452 24.21452 24.21452 24.21452 50.21505 131.2469 174.6282 83.78623 38.65747 38.65747 38.65747 38.65747 38.65747 38.65747 38.65747 38.65747 38.65883 85.80468 103.6362 103.6362 104.1898 132.5789 135.3232 135.3232 135.3232 135.3232 133.0515 113.2056 133.7145 121.156 93.5984 74.15891 74.15891 74.15891 74.15891 74.15891 74.15891 74.15891 74.15891 74.16131 78.04852 84.31178 85.33597 85.33597 71.62077 32.9985 32.9985 32.9985 32.9985 32.9985 32.9985 32.9985 31.89721
0 0 0 0 0 0 0 0 0 0 0 0 0 0 0 0 0 28.33731 24.21453 24.21452 24.21453 24.21452 24.21453 24.21452 24.21453 24.21452 24.21453 24.21452 24.21453 24.21453 24.21453 159.7023 178.4768 178.4768 144.6749 38.65746 38.65747 38.65746 38.65747 38.65746 38.65747 38.65746 38.65746 49.6156 78.02122 103.6362 103.6362 103.6362 112.8994 127.9299 135.3232 135.3232 135.3232 95.71252 5.501193 10.4792 5.501193 53.11538 74.15891 74.15891 74.15891 74.15891 74.15891 74.15891 74.15891 74.15891 74.15891 75.55811 85.33482 85.33598 85.33597 61.33574 32.9985 32.9985 32.9985 32.9985 32.9985 32.9985 32.9985 32.9985
0 0 0 0 0 0 0 0 0 0 0 0 0 0 0 0 0 24.41153 24.21453 24.21453 24.21453 24.21453 24.21453 24.21453 24.21453 24.21452 24.21453 24.21452 24.21453 24.21453 24.21453 151.7836 178.4768 178.4768 173.7072 40.47055 38.65747 38.65747 38.65747 38.65747 38.65747 38.65746 39.36303 93.94859 103.6362 103.6362 103.6362 103.6362 103.6362 111.6584 135.3232 135.3232 99.41435 24.58141 5.501193 5.501193 5.501193 25.43854 73.54365 74.15891 74.15892 74.15891 74.15892 74.15891 74.15891 74.15891 69.72957 64.54414 77.91571 85.33598 85.33598 48.65913 32.9985 32.9985 32.9985 32.9985 32.9985 32.9985 32.9985 32.9985
0 0 0 0 0 0 0 0 0 0 0 0 0 0 0 0 38.81598 24.21453 24.21453 24.21453 24.21453 24.21453 24.21453 24.21453 24.21453 24.21452 24.21453 24.21453 24.21453 24.21453 24.21452 150.4728 178.4768 178.4768 178.4768 116.8796 38.65747 38.65747 38.65747 38.65747 38.65747 38.65747 60.01767 103.6362 103.6362 103.6362 103.6362 103.6362 103.6362 86.97793 108.3605 122.2479 9.833579 5.501193 5.501194 5.501193 5.501193 5.501193 60.88361 74.15891 74.15891 74.15891 74.15891 74.15891 74.15891 68.86419 41.10413 34.87915 65.75361 83.32765 81.96661 35.9437 32.9985 32.9985 32.9985 32.9985 32.9985 32.9985 32.9985 32.9985
0 0 0 0 0 0 0 0 0 0 0 0 0 0 0 0 28.92249 24.21452 24.21452 24.21452 24.21452 24.21452 24.21452 24.21452 24.21452 24.21452 24.21452 24.21452 24.21452 24.21452 24.21452 116.1735 178.4768 178.4768 178.4768 174.2977 38.9816 38.65747 38.65747 38.65746 38.65747 38.65747 53.16153 98.22065 103.6362 103.6362 103.6362 103.6362 91.59715 12.05171 27.39127 48.01642 5.501193 5.501193 5.501193 5.501193 5.501193 5.501193 19.68598 55.19641 74.15891 74.15891 74.15891 70.745 50.16702 33.77837 32.9985 32.9985 36.39785 55.25207 39.64553 32.9985 32.9985 32.9985 32.9985 32.9985 32.9985 32.9985 32.9985 32.9985
0 0 0 0 0 0 0 0 0 0 0 0 0 0 0 64.97783 24.21452 24.21452 24.21452 24.21452 24.21452 24.21452 24.21452 24.21452 24.21452 24.21452 24.21452 24.21452 24.21452 24.21452 24.21452 94.49436 178.4768 178.4768 178.4768 171.3291 38.69399 38.65747 38.65747 38.65747 38.65747 38.65746 55.2061 101.2481 103.6362 103.6362 103.6362 103.6362 50.69325 5.501193 5.501193 5.501193 5.501193 5.501193 5.501193 5.501193 5.501193 5.501193 5.501193 7.954538 36.65294 47.17801 46.03824 34.37022 32.9985 32.9985 32.9985 32.9985 32.9985 32.9985 32.9985 32.9985 32.9985 32.9985 32.9985 32.9985 32.9985 32.9985 32.9985 32.9985
0 0 0 0 0 0 0 0 0 0 0 0 0 0 0 26.1305 24.21452 24.21452 24.21452 24.21452 24.21452 24.21452 24.21452 24.21452 24.21452 24.21452 24.21452 24.21452 24.21452 24.21452 97.45927 170.17 178.4768 178.4768 178.4768 91.45298 38.65747 38.65746 38.65747 38.65747 38.65747 53.17408 100.8111 103.6362 103.6362 103.6362 103.6362 103.6362 49.58689 5.501193 5.501193 5.501193 5.501193 5.501193 5.501193 5.501193 5.501193 5.501193 5.685925 23.55799 32.9985 32.9985 32.9985 32.9985 32.9985 32.9985 32.9985 32.9985 32.9985 32.9985 32.9985 32.9985 32.9985 32.9985 32.9985 32.9985 32.9985 32.9985 32.9985 26.41481
0 0 0 0 0 0 0 0 0 0 0 0 0 0 0 30.12242 24.21452 24.21453 24.21452 24.21452 24.21452 24.21452 24.21452 24.21452 24.21452 24.21452 24.21452 24.21452 24.21452 24.21452 130.9145 178.4768 178.4768 178.4768 178.4768 157.9887 69.93102 38.65747 38.65747 38.65747 38.65747 94.71036 103.6362 103.6362 103.6362 103.6362 103.6362 103.6362 95.03155 8.736299 5.501193 5.501193 5.501193 5.501193 5.501194 5.501193 5.501193 9.612935 26.62829 32.9985 32.9985 32.9985 32.9985 32.9985 32.9985 32.9985 32.9985 32.9985 32.9985 32.9985 32.9985 32.9985 32.9985 32.9985 32.9985 32.9985 32.9985 32.9985 32.99341 12.90383
0 0 0 0 0 0 0 0 0 0 0 0 0 32.08121 24.21452 24.21452 24.21452 24.21452 24.21452 24.21452 24.21452 24.21452 24.21452 24.21452 24.21452 24.21452 24.21452 24.21452 24.21452 24.21452 89.13888 178.4768 178.4768 178.4768 178.4768 178.4768 107.2709 38.65747 38.65747 38.65747 43.63689 103.3944 103.6362 103.6362 103.6362 103.6362 103.6362 103.6362 97.51624 7.289431 5.501193 5.501193 5.501193 5.501193 5.501193 5.501193 7.973598 31.09081 32.9985 32.9985 32.9985 32.9985 32.9985 32.9985 32.9985 32.9985 32.9985 32.9985 32.9985 32.9985 32.9985 32.9985 32.9985 32.9985 32.9985 32.9985 32.9985 32.9985 32.9985 24.91024
0 0 0 0 0 0 0 0 0 0 0 0 0 54.45578 24.21453 24.21452 24.21452 24.21452 24.21452 24.21452 24.21452 24.21452 24.21452 24.21452 24.21452 24.21452 24.21452 24.21452 24.21452 24.21452 114.1664 178.4768 178.4768 178.4768 178.4768 178.4768 109.7695 38.65747 38.65747 39.11003 84.00059 103.6362 103.6362 103.6362 103.6362 103.6362 103.6362 103.6362 54.8486 5.501193 5.501193 5.501193 5.501194 5.501193 5.501193 5.501193 13.25568 27.59097 12.56877 15.76905 32.9985 32.9985 32.9985 32.9985 32.9985 32.9985 32.9985 32.9985 32.9985 32.9985 32.9985 32.9985 32.9985 32.9985 32.9985 32.9985 32.9985 32.9985 32.9985 32.9985
0 0 0 0 0 0 0 0 0 0 0 0 0 24.21452 24.21452 24.21452 24.21452 24.21452 24.21452 24.21452 24.21453 24.21453 24.21452 24.21453 24.21452 24.21453 24.21453 24.21453 24.21452 28.73804 155.9215 178.4768 178.4768 178.4768 178.4768 178.4768 175.4989 99.87384 38.65747 64.2962 103.6362 103.6362 103.6362 103.6362 86.54611 51.18327 103.6362 93.61344 9.349833 5.501193 5.501193 5.501193 5.501193 5.501193 5.501193 5.501193 5.538759 5.653266 5.501193 15.87504 32.9985 32.9985 32.9985 32.9985 32.9985 32.9985 32.9985 32.9985 32.9985 32.9985 32.9985 32.9985 32.9985 32.9985 32.9985 32.9985 32.9985 32.9985 32.9985 32.9985
0 0 0 0 0 0 0 0 0 0 0 0 24.21452 24.21452 24.21452 24.21452 24.21452 24.21452 24.21452 24.21452 24.21452 24.21452 24.21452 24.21452 24.21452 24.21452 24.21452 26.74096 86.57461 153.5646 178.4768 178.4768 178.4768 178.4768 178.4768 178.4768 178.4768 91.65465 68.02263 85.40786 103.6362 103.6362 103.6362 103.325 24.78121 5.646552 63.67227 31.67637 5.501193 5.501193 5.501193 5.501193 5.501193 5.501193 5.501193 5.501193 5.501193 5.501193 10.10627 28.93041 32.9985 32.9985 32.9985 32.9985 32.9985 32.9985 32.9985 32.9985 32.9985 32.96327 32.9985 32.9985 32.9985 32.9985 32.9985 32.9985 32.9985 32.9985 32.9985 32.9985
0 0 0 0 0 0 0 0 0 0 0 24.21452 24.21452 24.21453 24.21452 24.21452 24.21452 24.21452 24.21453 24.21452 24.21452 24.21452 24.21452 24.21452 24.21452 24.21452 24.21452 86.59763 178.4768 178.4768 178.4768 178.4768 178.4768 178.4768 178.4768 178.4768 178.4768 125.6499 103.6362 103.6362 103.6362 103.6362 103.6362 50.51809 5.501193 5.501193 5.501194 5.501193 5.501193 5.501193 5.501193 5.501193 5.501194 5.501193 5.501193 5.501193 5.501193 6.052186 28.08451 32.9985 32.9985 32.9985 32.9985 32.9985 32.9985 32.9985 32.9985 26.099 25.73448 22.68631 32.1294 32.9985 32.9985 32.9985 32.9985 32.9985 32.9985 32.9985 32.9985 32.9985
0 0 0 0 0 0 0 0 0 0 0 24.21452 24.21452 24.21452 24.21452 24.21452 24.21452 24.21452 24.21452 24.21452 24.21452 24.21453 24.21452 24.21452 24.21452 24.21452 24.21452 51.47908 176.5359 178.4768 178.4768 178.4768 178.4768 178.4768 178.4768 178.4768 158.2917 103.6362 103.6362 103.6362 103.6362 103.6362 93.57293 9.173471 5.501193 5.501194 5.501193 5.501193 5.501193 5.501193 5.501193 5.501193 5.501193 5.501193 5.501193 5.501193 5.501193 14.96986 32.9985 32.9985 32.9985 32.9985 32.9985 32.9985 32.9985 32.9985 32.31115 21.31821 21.22154 21.69689 32.94957 32.9985 32.9985 32.9985 32.9985 32.9985 32.9985 32.9985 32.9985 32.9985
0 0 0 0 0 0 0 0 0 0 0 0 24.21452 24.21452 24.21453 24.21452 24.21452 24.21452 24.21452 24.21452 24.21452 24.21452 24.21452 24.21452 24.21452 24.21452 24.21452 75.2832 178.4768 178.4768 178.4768 178.4768 178.4768 178.4768 178.4768 178.1729 121.3903 103.6362 103.6362 103.6362 103.6362 103.6362 64.74471 5.501193 5.501193 5.501193 5.501194 5.501193 5.501193 5.501193 5.501193 5.501193 5.501194 5.501193 5.501193 5.501193 5.501193 19.9773 32.9985 32.9985 32.9985 32.9985 32.9985 32.9985 30.49549 31.17822 28.26467 21.22154 21.22154 23.46659 32.9985 32.9985 32.9985 32.9985 32.9985 32.9985 32.9985 32.9985 32.9985 32.106
0 0 0 0 0 0 0 0 0 0 0 0 24.21452 24.21453 24.21452 24.21452 24.21453 24.21452 0 24.21452 0 24.21452 24.21452 24.21452 24.21452 24.21452 24.21452 93.32703 178.4768 178.4768 189.1122 208.7184 178.4768 178.4768 178.4768 170.7199 103.6362 103.6362 103.6362 103.6362 103.6362 103.6362 66.37757 5.501193 5.501193 5.501193 5.501193 5.501193 5.501193 5.501193 5.501193 5.501193 5.501193 5.501193 5.501193 5.501193 5.501193 7.673521 15.52255 22.13711 30.72604 32.9985 32.9985 27.9593 22.27787 22.92826 21.45716 21.22154 21.22154 27.1888 32.9985 32.9985 32.9985 32.9985 32.9985 32.9985 32.9985 32.9985 32.9985 22.86664
0 0 0 0 0 0 0 0 0 0 0 0 0 0 0 0 0 0 0 24.21452 0 24.21452 24.21452 24.21452 28.70813 102.4853 160.6367 174.2565 178.4768 178.4768 296.5517 376.7888 233.1565 178.4768 178.4768 172.3735 105.4058 103.6362 103.6362 103.6362 103.6362 103.6362 101.2814 54.64191 12.71523 5.501193 5.501193 5.501193 5.501193 5.501193 5.501193 5.501193 5.501193 5.501193 5.501193 5.501193 5.501193 5.501193 5.501193 5.501193 12.98931 25.41262 25.31589 21.24708 21.22154 21.22154 21.22154 21.22154 21.22154 22.3224 31.29715 32.9985 32.9985 32.9985 32.9985 32.9985 32.9985 32.9985 29.64976 18.77748
0 0 0 0 0 0 0 0 0 0 0 0 0 0 0 0 0 0 0 0 0 24.21452 24.21452 27.66293 138.3259 178.4768 178.4768 178.4768 178.4768 189.8053 376.5846 384.0845 369.0419 237.9486 178.5129 164.2191 104.5822 103.6362 103.6362 103.6362 103.6362 103.6362 103.6362 103.6362 43.38561 5.501193 5.501193 5.501193 5.501193 5.501193 5.501193 5.501193 5.501193 5.501193 5.501193 5.501193 5.501193 5.501193 5.501193 6.81383 16.34977 21.22154 21.22154 21.22154 21.22154 21.22154 21.22154 21.22154 21.22154 21.22154 24.70577 32.9787 32.9985 32.9985 32.9985 32.9985 32.9985 32.9985 34.71444 79.46979
0 0 0 0 0 0 0 0 0 0 0 0 0 0 0 0 0 0 0 0 0 24.21452 24.21452 86.16415 178.4768 178.4768 178.4768 178.4768 178.4768 258.4792 384.0845 384.0845 384.0845 384.0845 351.21 128.436 103.6362 103.6362 103.6362 103.6362 103.6362 103.6362 103.6362 103.6362 26.80021 5.501194 5.501193 5.501193 5.501193 5.501193 5.501193 5.501193 5.501193 5.501193 5.501193 5.501193 5.501193 5.501193 6.274729 15.85304 21.22154 21.22154 21.22154 21.22154 21.22154 21.22154 21.22154 21.22154 21.22154 21.22154 21.22154 28.77575 32.9985 32.9985 32.9985 32.9985 32.9985 37.79724 93.954 98.00053
0 0 0 0 0 0 0 0 0 0 0 0 0 0 0 0 0 0 0 0 0 24.21452 29.35706 295.6458 223.9464 180.328 178.4768 178.4768 178.4768 332.5339 384.0845 384.0845 384.0845 384.0845 290.2758 103.6362 103.6362 103.6362 103.6362 103.6362 103.6362 103.6362 103.6362 90.43513 5.942829 5.501194 5.501193 5.501194 5.501193 5.501194 5.501193 5.501194 5.501193 5.501193 5.501193 5.501194 5.501193 5.501918 17.28327 21.22154 21.22154 21.22154 21.22154 21.22154 21.22154 21.22154 21.22154 21.22154 21.22154 21.22154 21.22154 22.81544 31.48033 32.9985 32.9985 32.9985 32.9985 68.27393 98.00053 98.00053
0 0 0 0 0 0 0 0 0 0 0 0 0 0 0 0 0 0 0 0 0 24.21452 196.9644 384.0845 384.0845 367.0877 306.6202 207.1402 193.4626 380.5109 384.0846 384.0845 384.0845 384.0845 200.4503 103.6362 103.6362 103.6362 103.6362 103.6362 103.6362 103.6362 117.3548 39.64747 5.501193 5.501193 5.501193 5.501193 5.501193 5.501193 5.501193 5.501193 5.501193 5.501193 5.501193 5.501193 5.501193 10.06504 21.22154 21.22154 21.22154 21.22154 21.22154 21.22154 21.22154 21.22154 21.22154 21.22154 21.22154 21.22154 21.22154 21.22154 24.009 32.91573 32.9985 40.75367 71.72596 97.21117 98.00053 98.00053
0 0 0 0 0 0 0 0 0 0 0 0 0 0 0 0 0 0 0 0 0 0 384.0845 384.0845 384.0845 384.0845 384.0845 380.538 367.9629 384.0845 384.0845 384.0845 384.0845 384.0845 139.6232 103.6362 103.6362 103.6362 103.6362 103.6362 103.6362 103.6362 1265.005 1458.149 5.501193 5.501193 5.501193 5.501193 5.501193 5.501193 5.501193 5.501193 5.501193 5.501193 5.501193 5.501193 6.272432 18.44064 21.22154 21.22154 21.22154 21.22154 21.22154 21.22154 21.22154 21.22154 21.22154 21.22154 21.22154 21.22154 21.22154 21.22154 21.22154 23.43922 35.8025 91.22599 98.00053 98.00053 98.00053 98.00053
0 0 0 0 0 0 0 0 0 0 0 0 0 0 0 0 0 0 0 0 0 0 0 384.0845 384.0845 384.0846 384.0846 384.0845 384.0846 384.0845 384.0845 384.0846 384.0845 384.0845 360.1464 281.7581 254.2833 103.6362 103.6362 103.6362 105.881 578.0746 2695.711 3187.216 486.3648 5.501193 5.501193 5.501193 5.501193 5.501193 5.501193 5.501193 5.501193 5.501193 5.501193 5.501193 12.06811 21.22154 21.22154 21.22154 21.22154 21.22154 21.22154 21.22154 21.22154 21.22154 21.22154 21.22154 21.22154 21.22154 21.22154 21.22154 21.22154 21.47565 75.24834 98.00053 98.00053 98.00053 98.00052 98.00053
0 0 0 0 0 0 0 0 0 0 0 0 0 0 0 0 0 0 0 0 0 0 0 384.0845 384.0845 384.0845 384.0845 384.0845 384.0845 384.0846 384.0845 384.0846 384.0845 384.0846 384.0845 384.0845 351.5042 106.243 130.3618 1878.843 2828.421 3202.302 3202.302 3202.302 963.9875 5.501193 5.501193 5.501193 5.501193 5.501193 6.3644 5.903487 5.501193 5.501193 5.501193 5.501193 12.88834 21.22154 21.22154 21.22154 21.22154 21.22154 21.22154 21.22154 21.22154 21.22154 21.22154 21.22154 21.22154 21.22154 21.25206 22.75845 25.10688 25.85164 44.70909 97.72611 98.00053 98.00053 98.00053 98.00053
0 0 0 0 0 0 0 0 0 0 0 0 0 0 0 0 0 0 0 0 0 0 0 384.0845 384.0845 384.0845 384.0845 384.0845 384.0845 384.0845 384.0845 384.0845 384.0845 384.0845 384.0846 1498.823 1358.751 1540.512 2265.723 3202.302 3202.302 3202.302 3202.302 3202.302 1425.538 6.25557 6.424952 6.615042 7.234641 9.795589 20.95134 19.50346 15.01119 15.05004 11.67559 16.14991 21.16197 21.22154 21.22154 21.22154 21.22154 21.22154 21.22154 21.22154 21.22154 21.22154 21.27003 21.54387 23.95639 25.14079 25.66696 26.07327 26.07327 26.07327 26.07327 70.00108 98.00053 98.00053 98.00053 98.00053
