Scenarios/Heterogeneous/data/country_data_population_distribution/processed/density_grids/cmr.asc
ncols 196
nrows 290
xllcorner 8
yllcorner 1
cellsize 0.041666666666667
NODATA_value -9999
[rows 108 to 143 of 290, columns 80 to 159 of 196]
0 0 0 0 0 0 0 0 0 0 0 0 0 0 0 0 0 0 0 0 0 0 0 0 0 0 0 8.358163 6.83445 6.83445 6.83445 6.83445 6.83445 6.83445 6.834449 6.83445 6.83445 6.83445 6.834449 6.83445 6.834449 6.83445 6.834449 6.83445 6.834449 6.83445 6.834449 6.83445 6.834449 6.83445 6.83445 93.33199 123.439 123.439 66.51735 20.24389 20.24389 20.24389 20.24389 20.24389 20.24389 20.24389 20.24389 20.24389 20.24389 20.24389 20.24389 20.24389 20.24389 20.24389 20.24389 20.24389 20.24389 20.24389 20.24389 20.24389 20.24389 20.24389 20.24389 20.24389
0 0 0 0 0 0 0 0 0 0 0 0 0 0 0 0 0 0 0 0 0 0 0 0 0 0 59.9676 6.83445 6.83445 6.83445 6.83445 6.83445 6.83445 6.83445 6.83445 6.83445 6.83445 6.83445 6.83445 6.83445 6.83445 6.83445 6.83445 6.83445 6.83445 6.83445 6.83445 6.83445 6.83445 6.83445 22.81315 122.807 123.439 123.437 36.52163 20.24389 20.24389 20.24389 20.24389 20.24389 20.24389 20.24389 20.24389 20.24389 20.24389 20.24389 20.24389 20.24389 20.24389 20.24389 20.24389 20.24389 20.24389 20.24389 20.24389 20.24389 20.24389 20.24389 20.24389 20.24389
0 0 0 0 0 0 0 0 0 0 0 0 0 0 0 0 0 0 0 0 0 0 0 0 0 0 7.903793 6.834449 6.83445 6.834449 6.834449 6.834449 6.83445 6.834449 6.83445 6.834449 6.834449 6.834449 6.83445 6.834449 6.83445 6.834449 6.83445 6.83445 6.83445 6.834449 6.83445 6.834449 6.83445 6.83445 73.99094 123.439 123.439 106.2229 20.24389 20.24389 20.24389 20.24389 20.24389 20.24389 20.24389 20.24389 20.24389 20.24389 20.24389 20.24389 20.24389 20.24389 20.24389 20.24389 20.24389 20.24389 20.24389 20.24389 20.24389 20.24389 20.24389 20.24389 20.24389 20.24389
0 0 0 0 0 0 0 0 0 0 0 0 0 0 0 0 0 0 0 0 0 0 44.19974 7.082562 6.834449 6.83445 6.83445 6.83445 6.83445 6.83445 6.83445 6.83445 6.83445 6.83445 6.83445 6.83445 6.83445 6.83445 6.83445 6.83445 6.834449 6.83445 6.83445 6.83445 6.83445 6.83445 6.83445 6.83445 6.834449 6.83445 98.13271 123.439 107.9126 43.30471 20.24389 20.24389 20.24389 20.24389 20.24389 20.24389 20.24389 20.24389 20.24389 20.24389 20.24389 20.24389 20.24389 20.24389 20.24389 20.24389 20.24389 20.24389 20.24389 20.24389 20.24389 20.24389 20.24389 20.24389 20.24389 20.24389
0 0 0 0 0 0 0 0 0 0 0 0 0 0 0 0 0 0 0 0 0 71.56618 6.834449 6.83445 6.83445 6.83445 6.83445 6.83445 6.83445 6.83445 6.83445 6.83445 6.834449 6.83445 6.83445 6.83445 6.83445 6.83445 6.83445 6.83445 6.834449 6.83445 6.83445 6.83445 6.83445 6.83445 6.83445 6.83445 6.83445 6.83445 29.09867 65.86013 23.7198 20.24389 20.24389 20.24389 20.24389 20.24389 20.24389 20.24389 20.24389 20.24389 20.24389 20.24389 20.24389 20.24389 20.24389 20.24389 20.24389 20.24389 20.24389 20.24389 20.24389 20.24389 20.24389 20.24389 20.24389 20.24389 20.24389 20.24389
0 0 0 0 0 0 0 0 0 0 0 0 0 0 0 0 0 0 0 0 0 71.25735 6.83445 6.834449 6.83445 6.83445 6.83445 6.83445 6.83445 6.83445 6.83445 6.83445 6.83445 6.83445 6.83445 6.83445 6.83445 6.83445 6.83445 6.83445 6.83445 6.83445 6.83445 6.834449 6.83445 6.83445 6.83445 6.83445 6.83445 6.834449 8.476872 20.23229 20.24389 20.24389 20.24389 20.24389 20.24389 20.24389 20.24389 20.24389 20.24389 20.24389 20.24389 20.24389 20.24389 20.24389 20.24389 20.24389 20.24389 20.24389 20.24389 20.24389 20.24389 20.24389 20.24389 20.24389 20.24389 20.24389 20.24389 20.24389
0 0 0 0 0 0 0 0 0 0 0 0 0 0 0 0 0 0 0 0 0 0 6.83445 6.834449 6.83445 6.83445 6.83445 6.83445 6.83445 6.83445 6.83445 6.83445 6.83445 6.83445 6.83445 6.83445 6.83445 6.83445 6.83445 6.83445 6.83445 6.834449 6.83445 6.834449 6.83445 6.83445 6.83445 6.83445 6.83445 6.843421 17.30923 20.24389 20.24389 20.24389 20.24389 20.24389 20.24389 20.24389 20.24389 20.24389 20.24389 20.24389 20.24389 20.24389 20.24389 20.24389 20.24389 20.24389 20.24389 20.24389 20.24389 20.24389 20.24389 20.24389 20.24389 20.24389 20.24389 20.24389 20.24389 20.24389
0 0 0 0 0 0 0 0 0 0 0 0 0 0 0 0 0 0 0 0 0 0 10.44212 6.834449 6.834449 6.834449 6.834449 6.834449 6.834449 6.834449 6.834449 6.834449 6.834449 6.834449 6.834449 6.834449 6.834449 6.834449 6.834449 6.834449 6.834449 6.834449 6.834449 6.83445 6.834449 6.834449 6.834449 6.834449 6.834449 10.06896 20.24389 20.24389 20.24389 20.24389 20.24389 20.24389 20.24389 20.24389 20.24389 20.24389 20.24389 20.24389 20.24389 20.24389 20.24389 20.24389 20.24389 20.24389 20.24389 20.24389 20.24389 20.24389 20.24389 20.24389 20.24389 20.24389 20.24389 20.24389 20.24389 20.24389
0 0 0 0 0 0 0 0 0 0 0 0 0 0 0 0 0 0 0 0 0 0 9.372112 6.83445 6.83445 6.83445 6.83445 6.834451 6.83445 6.834449 6.83445 6.83445 6.83445 6.83445 6.83445 6.83445 6.83445 6.83445 6.83445 6.83445 6.83445 6.83445 6.83445 6.83445 6.83445 6.83445 6.83445 6.83445 6.83445 14.06721 20.24389 20.24389 20.24389 20.24389 20.24389 20.24389 20.24389 20.24389 20.24389 20.24389 20.24389 20.24389 20.24389 20.24389 20.24389 20.24389 20.24389 20.24389 20.24389 20.24389 20.24389 20.24389 20.24389 20.24389 20.24389 20.24389 20.24389 20.24389 20.24389 20.24389
0 0 0 0 0 0 0 0 0 0 0 0 0 0 0 0 0 0 0 0 0 0 8.731776 6.83445 6.83445 6.83445 6.83445 6.83445 6.83445 6.83445 6.83445 6.83445 6.83445 6.83445 6.83445 6.83445 6.83445 6.83445 6.83445 6.83445 6.962178 6.83445 6.83445 6.83445 6.83445 6.83445 6.83445 6.83445 6.83445 17.36809 20.24389 20.24389 20.24389 20.24389 20.24389 20.24389 20.24389 20.24389 20.24389 20.24389 20.24389 20.24389 20.24389 20.24389 20.24389 20.24389 20.24389 20.24389 20.24389 20.24389 20.24389 20.24389 20.24389 20.24389 20.24389 20.24389 20.24389 20.24389 20.24389 20.24389
0 0 0 0 0 0 0 0 0 0 0 0 0 0 0 0 0 0 0 0 0 0 10.00855 6.834449 6.83445 6.834449 6.83445 6.834449 6.83445 6.834449 6.834449 6.834449 6.83445 6.834449 6.83445 6.834449 6.83445 6.834449 6.83445 6.834449 14.65751 8.908161 6.83445 6.834449 6.83445 6.834449 6.83445 6.834449 9.999778 20.04541 20.24389 20.24389 20.24389 20.24389 20.24389 20.24389 20.24389 20.24389 20.24389 20.24389 20.24389 20.24389 20.24389 20.24389 20.24389 20.24389 20.24389 20.24389 20.24389 20.24389 20.24389 20.24389 20.24389 20.24389 20.24389 20.24389 20.24389 20.24389 20.24389 20.24389
0 0 0 0 0 0 0 0 0 0 0 0 0 0 0 0 0 0 0 0 0 12.81246 12.3572 8.89222 6.834449 6.834449 6.834449 6.834449 6.834449 6.834449 6.834449 6.834449 6.834449 6.834449 6.834449 6.834449 6.834449 6.834449 6.834449 6.834449 9.712286 18.19273 12.76767 9.435167 9.287448 9.823943 6.834449 7.09326 16.496 20.24389 20.24389 20.24389 20.24389 20.24389 20.24389 20.24389 20.24389 20.24389 20.24389 20.24389 20.24389 20.24389 20.24389 20.24389 20.24389 20.24389 20.24389 20.24389 20.24389 20.24389 20.24389 20.24389 20.24389 20.24389 20.24389 20.24389 20.24389 20.24389 20.24389 20.24389
0 0 0 0 0 0 0 0 0 0 0 0 0 0 0 0 0 0 0 0 0 12.8536 12.36652 12.2876 8.694925 6.83445 6.83445 6.834449 6.834449 6.834449 6.834449 6.83445 6.83445 6.83445 6.83445 6.83445 6.83445 6.83445 6.834449 6.83445 6.83445 17.71793 20.24389 20.24389 20.24389 20.11919 17.041 18.26743 20.24389 20.24389 20.24389 20.24389 20.24389 20.24389 20.24389 20.24389 20.24389 20.24389 20.24389 20.24389 20.24389 20.24389 20.24389 20.24389 20.24389 20.24389 20.24389 20.24389 20.24389 20.24389 20.24389 20.24389 20.24389 20.24389 20.24389 20.24389 20.24389 20.24389 20.24389 20.24389
0 0 0 0 0 0 0 0 0 0 0 0 0 0 0 0 0 0 0 0 0 13.23016 12.36652 12.36652 12.29518 8.916158 6.83445 6.83445 6.83445 6.83445 6.83445 6.83445 6.83445 6.83445 6.83445 6.83445 6.83445 6.83445 6.83445 6.83445 6.83445 9.468136 14.72054 19.78047 20.24389 20.24389 20.24389 20.24389 20.24389 20.24389 20.24389 20.24389 20.24389 20.24389 20.24389 20.24389 20.24389 20.24389 20.24389 20.24389 20.24389 20.24389 20.24389 20.24389 20.24389 20.24389 20.24389 20.24389 20.24389 20.24389 20.24389 20.24389 20.24389 20.24389 20.24389 20.24389 20.24389 20.24389 20.24389 20.24389
0 0 0 0 0 0 0 0 0 0 0 0 0 0 0 0 0 0 0 0 0 13.02944 12.36652 12.36652 12.36652 12.33595 9.302862 6.843017 6.83445 6.83445 6.83445 6.83445 6.83445 6.83445 6.83445 6.83445 6.83445 6.83445 6.83445 6.83445 6.83445 6.83445 6.83445 8.619596 11.80084 14.96926 16.19164 15.36829 19.67619 20.24389 20.24389 20.24389 20.24389 20.24389 20.24389 20.24389 20.24389 20.24389 20.24389 20.24389 20.24389 20.24389 20.24389 20.24389 20.24389 20.24389 20.24389 20.24389 20.24389 20.24389 20.24389 20.24389 20.24389 20.24389 20.24389 20.24389 20.24389 20.24389 20.24389 20.24389
0 0 0 0 0 0 0 0 0 0 0 0 0 0 0 0 0 0 0 0 0 12.36652 12.36652 12.36652 12.36652 12.36652 12.36652 10.75212 8.869562 7.700255 7.392119 6.83445 6.834449 6.83445 6.834449 6.834449 6.83445 6.83445 6.834449 6.83445 6.834449 6.83445 6.834449 6.83445 6.834449 6.83445 6.834449 6.83445 16.78508 23.37111 20.37354 20.24389 20.24389 20.24389 20.24389 21.48667 26.53413 22.75325 20.24389 20.24389 20.24389 20.24389 20.24389 20.24389 20.24389 20.24389 20.24389 20.24389 20.24389 20.24389 20.24389 20.24389 20.24389 20.24389 20.24389 20.24389 20.24389 20.24389 20.24389 20.24389
0 0 0 0 0 0 0 0 0 0 0 0 0 0 0 0 0 0 0 0 12.39136 12.36652 12.36652 12.36652 12.36652 12.36652 12.36652 12.36652 12.36652 12.36652 12.25727 7.524446 6.834449 6.83445 6.83445 6.83445 6.83445 6.83445 6.834449 6.83445 6.83445 6.83445 6.834449 6.83445 6.83445 6.83445 6.83445 6.946283 28.78511 30.70857 29.58092 29.13409 29.40839 28.96057 29.01383 30.56545 30.70857 29.66494 20.24389 20.24389 20.24389 20.24389 20.24389 20.24389 20.24389 20.24389 20.24389 20.24389 20.24389 20.24389 20.24389 20.24389 20.24389 20.24389 20.24389 20.24389 20.24389 20.24389 20.24389 20.24389
0 0 0 0 0 0 0 0 0 0 0 0 0 0 0 0 0 0 0 12.63092 12.36652 12.36652 12.36652 12.36652 12.36652 12.36652 12.36652 12.36652 12.36652 12.36652 12.36652 8.592191 6.83445 6.83445 6.83445 6.83445 6.83445 6.83445 6.83445 6.83445 6.83445 6.83445 6.83445 6.83445 6.83445 6.83445 6.83445 7.159762 28.49622 30.70857 30.70857 30.70857 30.70857 30.70857 30.70857 30.70857 30.70857 28.17383 20.24389 20.24389 20.24389 20.24389 20.24389 20.24389 20.24389 20.24389 20.24389 20.24389 20.24389 20.24389 20.24389 20.24389 20.24389 20.24389 20.24389 20.24389 20.24389 20.24389 20.24389 20.24389
0 0 0 0 0 0 0 0 0 0 0 0 0 0 0 0 0 0 12.76105 12.36652 12.36652 12.36652 12.36652 12.36652 12.36652 12.36652 12.36652 12.36652 12.36652 12.36652 12.36652 7.550176 6.834449 6.83445 6.834449 6.83445 6.83445 6.83445 6.834449 6.83445 6.834449 6.83445 6.834449 6.83445 6.834449 6.83445 6.834449 20.12506 30.70857 30.70857 30.70857 30.70857 30.70857 30.70857 30.70857 30.70857 30.70857 25.27111 20.24389 20.24389 20.24389 20.24389 20.24389 20.24389 20.24389 20.24389 20.24389 20.24389 20.24389 20.24389 20.24389 20.24389 20.24389 20.24389 20.24389 20.24389 20.24389 20.24389 20.24389 20.24389
0 0 0 0 0 0 0 0 0 0 0 0 0 0 0 0 0 14.58269 12.36652 12.36652 12.36652 12.36652 12.36652 12.36652 12.36652 12.36652 12.36652 12.36652 12.36652 12.36652 12.36652 7.908009 6.83445 6.83445 6.83445 6.83445 6.83445 6.83445 6.83445 6.83445 6.83445 6.83445 6.83445 6.83445 6.83445 6.83445 6.865869 23.63059 30.70857 30.70857 30.70857 30.70857 30.70857 30.70857 30.70857 30.70857 30.70857 26.06342 20.24389 20.24389 20.24389 20.24389 20.24389 20.24389 20.24389 20.24389 20.24389 20.24389 20.24389 20.24389 20.24389 20.24389 20.24389 20.24389 20.24389 20.24389 20.24389 20.24389 20.24389 20.24389
0 0 0 0 0 0 0 0 0 0 0 0 0 0 0 0 0 12.66877 12.36652 12.36652 12.36652 12.36652 12.36652 12.36652 12.36652 12.36652 12.36652 12.36652 12.36652 12.36652 12.36652 11.94313 9.669842 7.342561 6.83445 6.83445 6.83445 6.83445 6.83445 6.83445 6.83445 6.83445 6.83445 6.83445 6.83445 6.83445 6.887864 27.66609 30.70857 30.70857 30.70857 30.70857 30.70857 30.70857 30.70857 30.70857 30.70857 25.71031 20.24389 20.24389 20.24389 20.24389 20.24389 20.24389 20.24389 20.24389 20.24389 20.24389 20.24389 20.24389 20.24389 20.24389 20.24389 20.24389 20.24389 20.24389 20.24389 20.24389 20.24389 20.24389
0 0 0 0 0 0 0 0 0 0 0 0 0 0 0 0 0 12.36652 12.36652 12.36652 12.36652 12.36652 12.36652 12.36652 12.36652 12.36652 12.36652 12.36652 12.36652 12.36652 12.36652 12.36652 12.36652 12.20382 10.21588 7.837175 6.886164 6.83445 6.83445 6.83445 6.83445 6.83445 6.83445 6.83445 6.83445 6.83445 14.84243 30.4464 30.70857 30.70857 30.70857 30.70857 30.70857 30.70857 30.70857 30.70857 30.70857 29.38062 23.60759 20.24389 20.24389 20.24389 20.24389 20.24389 20.24389 20.24389 20.24389 20.24389 20.24389 20.24389 20.24389 20.24389 20.24389 20.24389 20.24389 20.24389 20.24389 20.24389 20.24389 20.24389
0 0 0 0 0 0 0 0 0 0 0 0 0 0 0 0 0 12.36652 12.36652 12.36652 12.36652 12.36652 12.36652 12.36652 12.36652 12.36652 12.36652 12.36652 12.36652 12.36652 12.36652 12.36652 12.36652 12.36652 12.36652 12.36652 12.21659 11.51783 10.84561 9.870481 7.441905 6.83445 6.834449 6.834449 6.834449 6.83445 22.49451 30.70857 30.70857 30.70857 30.70857 30.70857 30.70857 30.70857 30.70857 30.70857 30.70857 30.70857 29.99962 25.4428 21.06083 20.24389 20.24389 20.24389 20.24389 20.24389 20.24389 20.24389 20.24389 20.24389 20.24389 20.24389 20.24389 20.24389 20.24389 20.24389 20.24389 20.24389 20.24389 20.24389
0 0 0 0 0 0 0 0 0 0 0 0 0 0 0 0 0 12.36652 12.36652 12.36652 12.36652 12.36652 12.36652 12.36652 12.36652 12.36652 12.36652 12.36652 12.36652 12.36652 12.36652 12.36652 12.36652 12.36652 12.36652 12.36652 12.36652 12.36652 12.36652 12.36652 12.27157 10.76958 9.728326 9.183117 9.012078 9.232534 25.03015 30.70857 30.70857 30.70857 30.70857 30.70857 30.70857 30.70857 30.70857 30.70857 30.70857 30.70857 30.70857 30.70857 30.06416 25.45813 21.53195 20.24389 20.24389 20.24389 20.24389 20.24389 20.24389 20.24389 20.24389 20.24389 20.24389 20.24389 20.24389 20.24389 20.24389 20.24389 20.24389 20.24389
0 0 0 0 0 0 0 0 0 0 0 0 0 0 0 0 0 12.36652 12.36652 12.36652 12.36652 12.36652 12.36652 12.36652 12.36652 12.36652 12.36652 12.36652 12.36652 12.36652 12.36652 12.36652 12.36652 12.36652 12.36652 12.36652 12.36652 12.36652 12.36652 12.36652 12.36652 12.36652 12.36652 12.36652 21.32709 23.90713 29.80002 30.70857 30.70857 30.70857 30.70857 30.70857 30.70857 30.70857 30.70857 30.70857 30.70857 30.70857 30.70857 30.70857 30.70857 30.70857 30.69349 28.51923 23.24796 23.23608 25.29709 22.07495 20.24389 20.24389 20.24389 20.24389 20.24389 20.24389 20.24389 20.24389 20.24389 20.24389 20.24389 20.24389
0 0 0 0 0 0 0 0 0 0 0 0 0 0 0 0 0 12.36652 12.36652 12.36652 12.36652 12.36652 12.36652 12.36652 12.36652 12.36652 12.36652 12.36652 12.36652 12.36652 12.36652 12.36652 12.36652 12.36652 12.36652 12.36652 12.36652 12.36652 12.36652 12.36652 12.36652 12.36652 12.36652 18.23129 30.28988 30.70857 30.70857 30.70857 30.70857 30.70857 30.70857 30.70857 30.70857 30.70857 30.70857 30.70857 30.70857 30.70857 30.70857 30.70857 30.70857 30.70857 30.70857 30.70857 30.70857 30.70857 30.70857 25.46332 20.24389 20.24389 20.24389 20.24389 20.24389 20.24389 20.24389 20.24389 20.24389 20.24389 20.24389 20.24389
0 0 0 0 0 0 0 0 0 0 0 0 0 0 0 12.55412 12.36652 12.36652 12.36652 12.36652 12.36652 12.36652 12.36652 12.36652 12.36652 12.36652 12.36652 12.36652 12.36652 12.36652 12.36652 12.36652 12.36652 12.36652 12.36652 12.36652 12.36652 12.36652 12.36652 12.36652 12.36652 12.36652 12.36652 24.23472 30.70857 30.70857 30.70857 30.70857 30.70857 30.70858 30.70857 30.70857 30.70857 30.70857 30.70857 30.70857 30.70857 30.70857 30.70857 30.70857 30.70857 30.70857 30.70857 30.70857 30.70857 30.70857 30.70857 29.01515 22.11091 20.24389 20.24389 20.24389 20.24389 20.24389 20.24389 20.24389 20.24389 20.24389 20.24389 20.24389
0 0 0 0 0 0 0 0 0 0 0 0 0 0 12.56898 12.36652 12.36652 12.36652 12.36652 12.36652 12.36652 12.36652 12.36652 12.36652 12.36652 12.36652 12.36652 12.36652 12.36652 12.36652 12.36652 12.36652 12.36652 12.36652 12.36652 12.36652 12.36652 12.36652 12.36652 12.36652 12.36652 12.36652 12.36652 24.50744 30.70857 30.70857 30.70857 30.70857 30.70857 30.70857 30.70857 30.70857 30.70857 30.70857 30.70857 30.70857 30.70857 30.70857 30.70857 30.70857 30.70857 30.70857 30.70857 30.70857 30.70857 30.70857 30.70857 30.70857 30.66719 20.85195 20.24389 20.24389 20.24389 20.24389 20.24389 20.24389 20.24389 20.24389 20.24389 20.24389
0 0 0 0 0 0 0 0 0 0 0 0 0 12.56311 12.36652 12.36652 12.36652 12.36652 12.36652 12.36652 12.36652 12.36652 12.36652 12.36652 12.36652 12.36652 12.36652 12.36652 12.36652 12.36652 12.36652 12.36652 12.36652 12.36652 12.36652 12.36652 12.36652 12.36652 12.36652 12.36652 12.45154 16.88191 24.40172 30.68888 30.70857 30.70857 30.70857 30.70857 30.70857 30.70857 30.70857 30.70857 30.70857 30.70857 30.70857 30.70857 30.70857 30.70857 30.70857 30.70857 30.70857 30.70857 30.70857 30.70857 30.70857 30.70857 30.70857 30.70857 30.70857 27.85893 20.27479 20.24389 20.24389 20.24389 20.24389 20.24389 20.24389 20.24389 20.24389 20.24389
0 0 0 0 0 0 0 0 0 0 0 0 12.74668 12.36652 12.36652 12.36652 12.36652 12.36652 12.36652 12.36652 12.36652 12.36652 12.36652 12.36652 12.36652 12.36652 12.36652 12.36652 12.36652 12.36652 12.36652 12.36652 12.36652 12.36652 12.36652 12.36652 12.36652 12.36652 12.36652 12.36652 22.11493 30.70857 30.70857 30.70857 30.70857 30.70857 30.70857 30.70857 30.70857 30.70857 30.70857 30.70857 30.70857 30.70857 30.70857 30.70857 30.70857 30.70857 30.70857 30.70857 30.70857 30.70857 30.70857 30.70857 30.70857 30.70857 30.70857 30.70857 30.70857 30.70857 24.10634 20.24389 20.24389 20.24389 20.24389 20.24389 20.24389 20.24389 20.24389 20.24389
0 0 0 0 0 0 0 0 0 0 0 0 12.36652 12.36652 12.36652 12.36652 12.36652 12.36652 12.36652 12.36652 12.36652 12.36652 12.36652 12.36652 12.36652 12.36652 12.36652 12.36652 12.36652 12.36652 12.36652 12.36652 12.36652 12.36652 12.36652 12.36652 12.36652 12.36652 12.36652 12.36652 27.20568 30.70857 30.70857 30.70857 30.70857 30.70857 30.70857 30.70857 30.70857 30.70857 30.70857 30.70857 30.70857 30.70857 30.70857 30.70857 30.70857 30.70857 30.70857 30.70857 30.70857 30.70857 30.70857 30.70857 30.70857 30.70857 30.70857 30.70857 30.70857 30.70857 30.70143 27.78256 20.24479 20.24389 20.24389 20.24389 20.24389 20.24389 20.24389 20.24389
0 0 0 0 0 0 0 0 0 0 0 13.66747 12.36652 12.36652 12.36652 12.36652 12.36652 12.36652 12.36652 12.36652 12.36652 12.36652 12.36652 12.36652 12.36652 12.36652 12.36652 12.36652 12.36652 12.36652 12.36652 12.36652 12.36652 12.36652 12.36652 12.36652 12.36652 12.36652 13.75627 15.78731 25.23412 30.70857 30.70857 30.70857 30.70857 30.70857 30.70857 30.70857 30.70857 30.70857 30.70857 30.70857 30.70857 30.70857 30.70857 30.70857 30.70857 30.70857 30.70857 30.70857 30.70857 30.70857 30.70857 30.70857 30.70857 30.70857 30.70857 30.70857 30.70857 30.70857 30.70857 30.70857 21.35673 20.24389 20.24389 20.24389 20.24389 20.24389 20.24389 20.24389
0 0 0 0 0 0 0 0 0 0 0 30.96923 27.14845 15.69158 12.36652 12.36652 12.36652 12.36652 12.36652 12.36652 12.36652 12.36652 12.36652 12.36652 12.36652 12.36652 12.36652 12.36652 12.36652 12.36652 12.36652 12.36652 12.36652 12.36652 12.36652 12.36652 12.36652 15.26473 29.15253 30.70857 30.70857 30.70857 30.70857 30.70857 30.70857 30.70857 30.70857 30.70857 30.70857 30.70857 30.70857 30.70857 30.70857 30.70857 30.70857 30.70857 30.70857 30.70857 30.70857 30.70857 30.70857 30.70857 30.70857 30.70857 30.70857 30.70857 30.70857 30.70857 30.70857 30.70857 30.70857 30.70857 22.08074 20.24389 20.24389 20.24389 20.24389 20.24389 20.24389 20.24389
0 0 0 0 0 0 0 0 0 0 0 29.23646 40.33078 40.32861 36.65955 32.0743 29.71444 14.11272 12.36652 12.36652 12.36652 12.36652 12.36652 12.36652 12.36652 12.36652 12.36652 12.36652 12.36652 12.36652 12.36652 12.36652 12.36652 12.36652 12.36652 12.36652 13.32034 24.54388 30.70857 30.70857 30.70857 30.70857 30.70857 30.70857 30.70857 30.70857 30.70857 30.70857 30.70857 30.70857 30.70857 30.70858 30.70857 30.70857 30.70857 30.70857 30.70857 30.70857 30.70857 30.70857 30.70857 30.70857 30.70857 30.70857 30.70857 30.70857 30.70857 30.70857 30.70857 30.70857 30.70857 30.40307 20.66219 20.24389 20.24389 20.24389 20.24389 20.24389 20.24389 20.24389
0 0 0 0 0 0 0 0 0 0 0 0 40.33079 40.33079 40.33079 40.33079 40.33079 35.28563 14.36135 12.36652 12.36652 12.36652 12.36652 12.36652 12.36652 12.36652 12.36652 12.36652 12.36652 12.36652 12.36652 12.36652 12.36652 12.36652 12.36652 13.19291 26.49032 30.70857 30.70857 30.70857 30.70857 30.70857 30.70857 30.70857 30.70857 30.70857 30.70857 30.70857 30.70857 30.70857 30.70857 30.70857 30.70857 30.70857 30.70857 30.70857 30.70857 30.70857 30.70857 30.70857 30.70857 30.70857 30.70857 30.70857 30.70857 30.70857 30.70857 30.70857 30.70857 30.70857 30.70857 30.69607 29.67899 28.04701 27.68799 28.08337 26.93701 20.24456 20.24389 20.24389
0 0 0 0 0 0 0 0 0 0 0 0 36.636 40.33079 40.33079 40.33079 40.33079 40.33079 25.92545 12.36652 12.36652 12.36652 12.36652 12.36652 12.36652 12.36652 12.36652 12.36652 12.36652 12.36652 12.36652 12.36652 12.36652 12.36652 12.36652 13.28583 29.94685 30.70857 30.70857 30.70857 30.70857 30.70857 30.70857 30.70857 30.70857 30.70857 30.70857 30.70857 30.70857 30.70857 30.70857 30.70857 30.70857 30.70857 30.70857 30.70857 30.70857 30.70857 30.70857 30.70857 30.70857 30.70857 30.70857 30.70857 30.70857 30.70857 30.70857 30.70857 30.70857 30.70857 30.70857 30.70857 30.70857 30.70857 30.70857 30.70857 30.70857 22.94271 20.24389 20.24389
