Scenarios/Heterogeneous/data/country_data_population_distribution/processed/density_grids/deu.asc
ncols 241
nrows 194
xllcorner 5
yllcorner 47
cellsize 0.041666666666667
NODATA_value -9999
[rows 30 to 59 of 194, columns 136 to 203 of 241]
1101.413 898.9065 298.3575 87.07609 69.20598 25.67465 27.7752 62.04864 45.17513 28.3823 50.36967 54.01738 56.95664 34.23737 25.39609 33.88954 36.27567 36.49598 89.67516 99.37938 54.4183 41.17624 23.97226 19.501 42.4481 77.61484 68.95547 33.677 21.24883 31.66066 45.47977 127.6602 57.84851 26.63566 38.44817 283.2883 375.7199 407.0777 67.94426 25.99509 24.82354 27.50172 24.58563 20.48289 20.23894 82.35137 48.83197 35.82894 18.77042 29.99293 33.77362 42.20027 31.79236 23.24199 20.2055 14.98379 15.66291 16.79729 17.83987 16.59649 16.44067 14.64017 15.01459 17.23083 15.5821 14.48644 23.33433 26.52813
242.1379 86.06047 61.83563 30.39455 38.15473 32.76527 36.59577 34.54313 39.92918 74.98637 45.58717 24.25363 25.18946 35.05044 29.42297 35.51618 40.9017 56.18269 128.2951 112.3748 46.89664 47.63674 21.34599 19.15698 27.05005 26.18332 49.10608 40.62914 24.45914 22.69662 24.34624 25.34507 26.90785 28.3767 36.24342 258.2984 322.7323 298.1926 354.1882 35.48188 27.51326 27.51326 27.55059 35.23552 81.28608 175.9702 193.6421 142.8012 50.32865 70.06383 67.38242 32.1149 18.77072 16.79716 13.81973 15.22099 15.46248 16.59319 21.50631 20.93783 19.47305 16.42344 34.49683 23.32558 14.50312 15.82192 17.11119 19.42901
62.51068 169.2964 96.4358 63.80116 50.83368 32.1769 24.52409 28.51124 27.03679 37.91988 100.6183 42.23732 26.89388 33.52768 45.23706 50.41935 46.70449 77.17709 99.27668 76.08906 46.77907 43.94201 22.4594 52.06292 82.61537 53.63133 29.63207 61.06332 57.24431 28.97499 22.72887 20.65153 25.8857 29.53412 29.30627 29.34927 42.8663 44.7315 28.23316 23.37885 26.75984 27.38857 25.98154 32.63908 32.19695 16.22307 39.18673 63.94807 53.0578 62.10309 64.67037 50.247 55.62234 78.70819 75.20863 18.37179 17.65332 14.05366 18.14956 21.9302 24.03726 76.1524 43.89228 26.7053 18.8624 25.38638 47.17346 48.20988
29.56005 354.1529 508.0188 320.9748 70.29243 46.77604 21.40912 27.00671 35.09871 75.68057 98.20277 94.14735 58.56961 51.18898 53.41465 85.274 222.3052 310.5183 523.093 85.11909 52.56509 30.10291 17.89315 16.65975 28.97501 8.242298 27.22367 30.85438 52.00178 58.71277 28.66115 15.1408 17.15515 24.81387 21.27715 21.23854 31.16726 30.96144 46.13657 22.03964 20.47569 20.98726 20.45414 15.6654 17.92463 15.40964 15.34855 18.60794 17.54885 32.02101 34.58999 23.1798 40.72691 106.4347 82.9074 25.26796 19.28941 20.88361 20.93692 22.53602 63.82962 89.4045 83.3101 38.17454 18.67372 18.02424 15.07251 18.29071
352.4998 285.7421 37.42517 38.97309 31.05643 23.74858 26.239 32.56528 22.21884 22.11024 37.71975 44.50865 52.50725 42.25317 55.67307 382.4051 791.0433 855.3419 855.3417 96.95981 65.8456 33.58049 40.51437 28.24022 16.14589 15.26119 15.71164 12.00426 34.34667 38.06718 25.06893 16.48841 17.95564 18.80773 20.65246 14.46892 19.26278 43.84872 47.89357 16.37782 13.20806 10.08404 12.24382 12.20024 12.87175 13.85331 15.8626 15.5322 15.64503 26.9829 18.72876 15.0997 31.21392 33.71993 27.00743 17.48627 20.93253 21.3072 21.12778 20.55172 26.92448 30.75937 37.55208 30.33517 30.08537 21.18324 19.03528 16.87304
633.3369 226.0543 36.96326 49.84674 31.43046 27.14325 51.99501 53.42212 28.6715 21.29449 28.64417 35.36596 30.05221 34.57002 30.00761 110.4775 359.3785 855.3418 855.3417 739.812 107.3363 104.8512 60.84277 59.45045 35.19542 25.09039 15.62467 14.07609 11.90327 17.14729 20.65578 16.65921 30.14961 99.95047 117.2437 17.6106 15.04985 42.78157 31.39295 7.899515 8.406015 8.706769 12.07098 11.46042 11.34832 20.6464 21.03488 16.46255 13.03234 18.22079 18.81498 16.87509 14.97127 15.6441 20.28148 23.70788 25.90256 18.42312 17.28979 21.74148 26.56233 229.6687 320.5341 118.9252 53.73322 36.30311 19.41137 15.84628
50.49429 65.95791 41.59969 45.11372 44.56028 45.75986 53.42211 53.42212 32.39502 24.78368 24.78368 26.00275 39.39614 35.42303 41.23526 105.2432 186.029 690.3974 718.0167 279.9318 118.5536 63.95049 52.56151 51.72173 35.31203 50.90624 42.53306 19.12133 18.53187 19.07639 17.74751 17.00238 17.09024 41.15258 42.51888 16.69043 11.13805 30.12864 59.10479 22.95824 15.01184 12.3876 12.83669 9.932597 8.422265 13.33856 68.75268 56.64893 178.7036 132.966 28.42903 27.1064 28.25729 24.21031 27.92157 29.86238 25.38798 20.21275 25.87988 34.51926 255.1855 789.6841 833.3854 731.265 131.2818 26.96917 23.09636 13.44942
62.27244 7.549206 30.1944 31.96567 27.80954 29.38236 31.74361 31.50568 46.86967 78.47354 56.41101 30.692 25.83368 23.601 27.38987 32.50935 38.8103 40.38676 34.50912 55.65771 61.62756 50.04815 20.49153 23.08511 26.50938 23.58737 23.53886 22.73679 20.02355 15.89085 15.45163 17.87551 21.72687 23.98574 18.54197 18.21586 15.37171 32.65324 62.27849 25.97239 16.86271 32.26672 31.60864 18.22235 9.947253 9.879604 148.4108 189.6304 204.7491 176.4711 26.513 21.11063 22.80152 25.31104 25.38213 27.97905 31.99857 28.98769 27.32224 31.37227 67.28156 336.8976 497.1465 327.1575 57.4763 26.50282 29.36779 22.06467
38.20387 12.50428 14.11232 17.22147 18.90857 21.3155 20.26653 23.05386 37.78378 64.32426 95.93153 79.91907 114.9182 101.881 47.7357 26.61035 28.02835 27.51433 28.14906 38.7625 48.12891 51.62315 32.64937 29.00525 28.29771 30.88184 29.97328 61.15175 125.2311 34.85575 22.34389 21.18883 75.08039 97.36755 92.41324 77.14436 22.50078 47.65358 62.28457 23.58645 77.45107 142.8031 144.136 65.54803 17.34016 28.00633 54.61696 111.9851 204.7491 141.7409 9.62034 8.79406 10.96875 17.35399 19.72828 23.68119 28.88578 28.02871 26.93344 91.38308 178.0306 51.55777 45.93342 56.7832 52.76192 21.59132 17.40902 19.30601
29.44079 55.50741 23.36437 15.70311 16.68811 20.96181 22.80903 22.82489 24.98803 26.81875 38.76629 109.5133 149.6259 143.5038 31.22167 27.71357 32.07574 32.3446 30.17974 33.6049 47.53444 64.80751 65.19082 68.18987 36.73343 28.81968 78.36777 121.5172 146.0901 146.0901 66.07394 22.80872 56.41531 53.37622 29.57102 18.72155 40.20653 59.2152 62.38482 12.30091 16.17203 46.83198 58.45469 25.42158 22.63174 30.70857 37.25931 72.9624 204.7491 204.7491 105.0937 12.7471 8.838148 9.037052 9.71014 11.20361 13.13565 14.89553 18.53385 30.6334 31.36393 35.18462 27.02727 23.50135 47.78787 46.22076 26.72492 30.16961
153.2299 195.046 132.8076 32.63622 25.38612 20.56692 20.87301 23.9773 22.83102 20.87259 24.32902 27.02589 78.82334 102.97 35.91136 21.83349 17.89079 16.13441 23.39731 31.71141 47.94968 65.92293 65.70322 35.46729 26.96889 24.33795 97.7237 131.7838 144.5638 83.87109 17.77666 15.36099 14.65065 14.74783 14.68321 13.96054 10.89034 14.47217 31.60054 13.60122 13.64003 18.36781 17.0148 16.04855 21.70016 97.35485 105.3033 32.54636 22.50674 0 29.68319 24.64456 14.21831 8.56026 55.05293 97.88367 111.4044 62.65532 36.75581 14.94318 19.98917 26.77849 26.54331 22.64418 17.46037 19.27404 22.80279 22.30245
88.15026 136.8906 108.9367 33.89964 23.20057 18.62209 24.82221 29.56169 26.1288 25.07004 22.47096 26.54293 23.80718 24.39474 19.63109 16.55718 27.29446 48.51613 94.03567 108.6966 53.46003 50.64378 53.84019 25.77308 18.51232 17.62253 19.64835 22.17383 27.13963 16.06919 17.02256 18.44263 14.32792 10.05542 10.33338 9.468657 9.485624 19.06756 16.9774 13.22654 15.93428 16.08834 13.37026 14.80349 16.19824 35.96387 80.22337 65.48086 21.62916 24.33258 24.64522 21.06669 10.59643 7.83998 9.508615 67.2475 102.6199 131.4458 129.0931 51.70634 11.87494 12.08303 14.03571 12.19203 19.86569 20.43126 20.43126 20.43126
71.31995 71.31995 63.36057 30.66033 25.42261 20.97686 21.15706 22.34272 33.70051 34.52162 34.52162 30.97619 9.789093 13.55139 17.72463 18.40613 42.87395 92.86476 114.8334 122.8601 117.184 92.84116 48.43928 19.95048 16.31687 14.91021 15.85123 17.96465 15.82723 21.16567 21.70591 19.26038 17.98333 15.36721 11.22713 8.506066 11.61826 32.08289 34.37911 30.8759 22.08391 14.80673 10.75962 14.64625 16.16416 18.76979 20.94374 21.01318 17.50646 18.11868 25.14925 27.35832 13.07026 10.43299 19.8992 20.80423 30.37842 130.8852 131.4458 128.0903 27.49094 12.29429 16.36872 15.73269 19.89799 20.43126 19.77512 19.80649
74.33311 71.25826 71.20468 47.3245 23.81158 21.15706 21.15706 21.15706 25.00873 33.98256 34.52162 28.88665 15.93565 14.26361 14.00131 21.55016 88.86031 84.29294 29.50041 30.20179 87.81849 108.7873 50.47302 23.02316 22.6641 17.87924 13.67875 15.21557 15.62536 21.3184 18.65052 19.79985 19.83507 19.83507 18.08693 13.34488 16.2626 28.80161 24.40933 25.75587 31.78681 28.35205 14.08339 14.78353 20.66959 14.80696 10.32428 14.34837 10.85839 11.48398 31.68333 39.30942 29.36301 23.10698 27.50709 30.31276 30.59346 77.39992 95.38319 65.07078 17.73441 16.36083 22.78553 24.48001 23.9304 20.02836 14.58181 13.86869
62.90528 52.41246 51.92066 57.35689 56.75084 47.34308 27.2534 21.15707 21.15707 25.26792 24.34423 18.3374 15.57789 15.89637 25.59141 30.96238 30.70663 22.42558 26.60689 18.72808 38.79511 24.55557 16.88824 21.05943 21.30117 18.83238 17.73782 19.51326 22.7371 16.55134 11.19321 18.67533 19.83507 18.61037 13.71293 16.62341 28.58262 29.86164 17.06438 13.20531 23.25511 27.07582 28.70499 31.84761 31.84761 31.84761 30.92337 31.72692 21.88751 19.34126 18.0579 37.55068 39.26706 35.01474 18.6545 23.74632 28.40688 17.7149 21.83311 28.81721 25.68641 18.79058 26.55322 26.55038 26.53979 22.14658 17.64024 13.87786
68.10409 48.98787 46.13987 28.98909 30.43752 54.46516 76.34187 61.57635 31.4578 21.15706 20.97062 19.16777 21.79601 33.60125 43.29732 47.42119 36.10423 18.6629 10.68501 9.506824 10.6019 15.93613 21.09369 21.07543 21.07543 21.07543 21.07543 21.06479 13.53047 14.45643 15.56256 15.00597 16.37772 17.41339 36.64816 60.21348 62.70486 62.31824 58.98554 45.8491 20.0159 20.0159 22.88874 31.48972 31.84761 31.84761 31.84761 31.81142 25.43902 24.69911 18.95469 24.2095 26.01804 21.2775 22.03113 26.94799 27.10096 28.60959 30.68334 30.68334 31.39186 30.65904 30.25945 27.19597 28.19873 33.5905 37.30301 29.74706
39.64509 22.34507 16.89142 16.03817 15.15332 18.76333 35.63351 60.10427 74.22496 56.86841 58.77451 44.18008 32.84641 36.37339 45.98808 49.19667 50.14032 28.13096 13.74946 10.28084 7.502642 17.16121 21.17759 21.07543 21.07543 21.07543 21.07543 29.66146 40.97434 31.49366 21.29743 13.93597 13.93597 13.93597 26.45986 62.76271 62.76271 62.76271 62.75423 37.21201 20.0159 20.0159 24.49711 31.35418 31.84761 31.84761 31.84761 28.73783 24.09278 23.60085 23.60085 23.60085 23.60085 23.60085 23.60084 22.0674 17.11786 18.04097 20.44412 26.38864 38.27719 30.68334 30.64817 27.99815 37.25142 37.55715 37.55715 37.55715
41.336 41.68944 17.93561 1.717562 0.2970444 16.09651 16.34173 19.10311 47.75737 97.78574 100.5182 90.50967 24.15657 19.30971 16.79202 17.0565 22.9279 21.96383 21.01985 21.35576 21.13326 16.67228 15.47077 19.70249 21.07543 31.94468 45.80988 72.07899 75.50803 75.50803 46.52673 13.93597 13.93597 13.93597 27.19486 53.71521 53.228 36.71824 33.00499 16.34045 19.93756 20.0159 22.4753 29.47359 31.64962 31.84761 31.84761 31.18788 29.87375 26.69568 37.28545 23.60084 23.60085 23.60084 21.51931 16.06807 15.92061 15.90485 15.84622 33.71505 50.65815 33.7229 30.68334 30.78961 36.21794 37.55715 37.55715 37.55715
38.64383 38.475 18.55801 15.30373 24.79121 28.84329 27.38206 25.93863 29.56209 76.21303 68.28136 94.76753 24.7827 22.16671 16.96014 15.49269 16.77374 24.78975 31.79772 32.44678 21.27672 12.37399 11.59309 13.72928 47.34307 185.2994 67.74426 74.50558 75.50803 71.26031 35.70511 15.03534 15.02894 14.49078 16.81552 15.41834 13.94294 14.32701 14.45847 19.16248 20.0159 19.54763 23.55346 26.4512 33.14044 31.84761 31.11459 31.72432 68.85009 85.71994 86.991 36.87975 23.60085 23.60085 23.60085 23.03288 27.40024 16.17787 19.03612 38.61082 51.32957 40.40053 43.2637 47.77182 56.691 48.92401 37.55715 37.55715
35.89681 33.2891 26.86407 19.78253 27.07582 23.67333 19.46905 23.85634 28.35252 37.44518 75.42461 84.71062 73.69621 34.04213 14.57533 13.32808 13.89805 15.9247 19.25846 41.96862 26.96997 22.10991 14.92519 27.54781 89.5523 289.4092 154.1091 61.00418 67.59312 39.6129 17.74061 17.6713 15.83539 14.98483 14.64127 14.19369 14.261 14.43309 14.43497 14.79903 16.82821 18.56524 53.04692 47.98502 50.76339 20.27786 14.34782 11.6582 15.8493 51.69033 68.1564 91.76881 73.44299 72.69484 57.90955 33.11337 30.90298 17.94661 26.40328 42.50226 51.33983 57.99628 63.23565 63.23565 63.23565 60.44325 52.05629 41.32571
67.9566 33.14405 27.78007 28.72593 31.87964 30.52355 22.85253 22.65493 23.44614 31.92205 65.65566 99.84735 95.13789 65.79728 21.66842 13.38467 11.06976 6.445784 2.969495 17.91764 12.8153 12.48192 14.01952 14.65501 99.81363 130.4467 194.0576 200.3229 58.26811 28.51702 28.51702 27.90389 19.5882 15.14612 14.53478 14.43497 14.43497 14.43497 14.43497 25.0003 48.20076 54.27623 54.68964 32.24731 29.28515 20.28497 16.38927 15.0566 15.22772 12.69694 26.24524 92.19485 92.23248 89.95538 59.62764 44.86355 36.1422 21.46236 39.69847 51.16541 51.33984 59.93153 63.23565 63.23565 63.23565 63.23565 62.30579 58.7989
77.477 41.45073 39.73043 39.39688 33.0526 29.79614 32.27386 32.21646 27.52548 54.92476 91.50945 93.12067 79.76815 38.40017 28.02868 18.96218 15.76421 14.35487 13.16539 13.31745 15.515 14.2894 11.74516 13.76104 17.06558 29.17851 43.03012 42.103 21.89069 22.18551 22.26797 19.78206 14.04304 15.0986 15.08485 14.98899 14.76412 14.43733 29.32682 48.77114 54.7514 54.79916 49.38443 28.97882 28.29082 28.29082 26.25937 23.32907 23.77762 28.1845 73.17302 92.23248 92.23248 92.23248 64.9744 41.59525 20.78247 30.8511 35.6931 35.38039 35.77387 43.81248 59.8983 56.43821 46.111 52.94344 43.72645 41.82574
47.85664 45.01978 34.55694 29.19732 23.65576 29.82436 54.43207 57.17662 65.48951 65.2282 76.89912 74.65293 59.67623 45.90357 31.24417 22.99521 22.06117 22.9655 23.93843 23.96992 23.96993 23.89115 20.23278 14.7085 23.29427 34.00243 40.2023 43.05006 26.6832 14.29624 13.73439 13.75875 17.31444 21.60789 17.31117 16.69031 23.52308 34.81402 30.59559 22.56759 34.64627 42.96717 37.18099 28.58896 28.29082 28.29082 26.95992 24.80926 26.96492 51.62803 88.59119 92.23247 92.23248 92.23248 75.94786 30.0029 29.34937 34.21953 34.21064 34.01122 34.01122 34.34852 34.01122 33.74126 34.73826 31.70184 32.77063 38.79088
71.10999 55.70328 32.0504 23.65382 20.67918 27.34398 63.10685 70.69158 70.83447 70.83447 70.83448 70.83447 70.83447 70.83447 70.83447 53.39345 24.60863 23.96993 23.96993 23.11794 22.34796 21.28879 20.56634 18.88288 24.63159 37.61013 31.61221 21.00691 14.61964 12.31822 14.28926 20.03856 24.60636 39.78519 39.68246 32.03604 37.0145 28.31637 21.95837 26.2135 24.73236 39.25022 41.1543 37.42196 28.56517 27.86126 25.89424 25.47746 27.50202 44.63498 59.23098 55.60461 50.0137 81.25106 91.21872 38.06247 31.74372 35.07274 34.42952 34.01122 34.01122 34.00975 32.86641 63.25606 38.38593 31.41922 31.41922 64.7862
35.89025 51.27154 28.3812 17.4327 17.35447 17.14558 26.84028 48.26211 51.77591 67.24377 57.18498 69.53473 70.83447 70.83447 70.83448 61.96803 28.06362 23.96993 23.96993 22.36493 20.36746 17.5225 19.32719 26.80072 39.35883 39.35883 39.35883 39.35883 38.86734 35.17656 23.29689 20.95102 28.1671 43.22686 40.20763 39.78519 39.78519 38.08981 28.50915 39.06199 33.58971 29.58137 26.02223 24.18069 22.0952 29.04086 28.22232 27.58969 29.06399 29.06399 29.06399 29.06399 29.06399 32.43454 55.07944 33.86541 35.16561 35.16561 34.52639 34.51051 44.26848 134.621 221.1338 259.2516 183.6663 90.68311 70.76456 80.73037
39.43553 46.7359 33.27149 21.38429 20.77765 19.80958 18.73113 18.46166 19.61809 23.85678 23.02637 28.58257 37.78144 45.23085 54.08044 44.34932 24.08998 24.01468 24.98469 25.16383 22.42865 32.7953 38.50486 39.35883 39.35883 39.35883 39.35883 39.35883 36.83878 21.0024 19.91186 19.43953 21.95148 28.58561 20.57877 26.35586 39.60021 19.54823 26.75795 46.3661 33.12519 17.48601 15.41974 14.62528 16.86181 28.91025 30.2008 29.82627 29.27065 29.01203 29.06399 29.06399 29.06399 29.25748 34.78994 35.16561 35.16561 35.16561 48.69271 95.22135 197.5639 260.9418 260.9418 260.9418 260.9418 241.1089 135.9501 130.9224
50.64104 50.64104 50.21096 27.08429 21.43041 21.48131 21.41918 22.69368 25.9472 24.60998 28.59535 29.12639 26.33505 26.23291 26.08306 25.98194 25.78135 25.7031 25.98194 25.98194 26.20527 26.49153 28.62131 33.51417 34.51574 36.29168 32.25479 37.96773 42.96953 42.04965 22.4701 19.11813 34.9185 17.05915 16.50194 18.22668 27.1475 16.50795 16.28601 30.90292 35.51464 15.14784 13.27176 9.271912 15.04826 28.11112 26.76169 18.40363 16.93499 25.14375 29.06399 29.06751 29.53979 37.21914 44.25717 37.01138 45.20081 81.25542 103.4712 174.7743 594.9441 307.3452 415.5064 356.2837 291.2489 263.4601 137.2672 230.2644
50.64104 50.64104 50.64104 50.63614 32.26979 21.634 21.6214 24.52703 27.43768 29.13112 29.5124 29.93303 29.92032 28.7253 25.98194 25.98193 25.98194 25.98193 25.98194 26.14347 26.44464 26.49153 26.49153 26.49153 26.06 25.60946 76.73464 101.5928 38.75262 33.96157 28.14837 36.1442 33.2998 21.21988 20.74669 16.94964 17.00221 15.08031 17.25366 28.06306 21.12306 20.42264 19.23876 14.88041 12.46283 19.30523 20.47494 17.58024 26.638 35.50464 46.68054 45.6628 57.83178 62.26879 65.32193 82.65108 100.4512 102.2187 103.336 157.5853 508.9986 517.9336 486.9592 491.4991 383.0614 238.6362 135.3943 395.4385
50.63216 50.63639 50.64104 50.64104 51.28123 35.83885 22.28222 28.03472 30.10603 32.41568 31.99038 32.58278 33.10273 31.23776 26.54482 25.98194 25.98194 26.35322 26.14291 26.32727 26.49152 26.49153 26.49152 26.49152 26.49152 26.49152 48.20586 130.5531 102.6818 94.76434 53.88139 64.62197 38.45746 21.66402 22.4255 19.36594 17.05979 87.35107 210.252 216.993 213.4668 162.3774 18.01674 16.47554 13.95104 15.33281 18.1738 27.3118 35.29639 42.16636 59.14184 62.19738 62.19738 64.48833 81.38548 85.77619 92.5165 93.51129 98.29203 103.0167 677.4587 923.0007 1728.781 1874.511 603.7495 1610.885 1854.099 3288.998
67.21474 40.70375 38.01882 41.00319 72.32632 74.91136 67.11031 45.15696 32.96029 33.10273 33.10273 33.10273 33.10273 33.0856 32.85109 30.82265 29.23562 31.30337 30.44234 29.79377 30.71023 30.8632 26.88414 26.49152 44.58758 98.33695 109.1612 130.8862 130.8862 130.8862 124.6288 111.83 33.63312 26.78297 26.84166 25.41763 26.35809 53.48468 143.4083 217.8378 217.3258 174.7348 33.82046 21.05671 21.0277 21.35956 20.11378 21.69934 38.28288 56.50591 62.19737 62.19738 62.19738 99.01218 181.7172 195.9485 273.9419 530.9195 324.3031 911.1929 1555.097 3608.849 3808.635 3807.119 3762.892 3808.635 3808.635 3776.279
