Scenarios/Heterogeneous/data/country_data_population_distribution/processed/density_grids/deu.asc
ncols 241
nrows 194
xllcorner 5
yllcorner 47
cellsize 0.041666666666667
NODATA_value -9999
[rows 30 to 59 of 194, columns 68 to 135 of 241]
103.7232 103.7232 0 0 0 0 0 0 0 0 0 0 2391.196 2391.196 0 0 108.8319 186.5381 283.1925 292.2742 292.5247 292.5247 292.5246 292.1808 221.2599 199.3941 186.1575 31.49623 72.69338 26.17167 22.74145 19.95018 20.71659 30.43953 58.47434 81.42463 110.925 259.8348 253.2712 101.3107 60.34356 59.94982 155.0699 174.4006 154.9482 90.33621 365.2858 159.5289 75.63708 376.0924 689.3918 576.3566 276.3437 234.3086 181.7737 223.7128 180.4429 116.1325 87.65571 258.2787 437.0611 484.8574 253.1496 249.0228 124.6741 383.5651 880.7943 1070.078
103.7232 103.7232 103.7232 103.7232 103.7232 0 0 0 0 0 44.18927 0 0 0 0 0 108.8319 105.989 108.8319 120.3501 185.1281 226.9304 125.871 95.08568 93.24516 68.21741 61.31277 35.46669 164.0232 175.5056 46.64789 38.83474 37.0446 31.6813 54.77621 109.7437 107.7969 528.1309 562.6248 97.41199 69.0211 84.54315 139.2317 1188.59 864.9463 238.8346 250.1594 72.11201 120.6071 260.4229 458.9204 659.6693 685.3433 300.7147 158.9257 179.4331 130.2756 129.2112 148.6753 153.7737 109.9128 247.6695 143.9814 61.5536 62.02367 100.0007 380.3748 457.366
49.81449 49.81449 49.81449 49.81449 71.00504 0 0 44.18927 44.18927 0 0 0 0 0 0 47.07934 89.02695 103.3526 64.7773 60.21116 96.62154 79.74525 39.58994 39.55901 39.15553 39.53525 39.04253 47.17511 59.42297 60.51876 67.29277 73.493 37.93258 37.49906 60.02384 107.7337 107.5599 107.4797 101.5897 65.61855 59.21429 54.78525 70.61022 1087.641 1005.246 492.8092 196.5211 165.9153 424.7686 463.6711 492.9366 1145.114 994.3077 385.2467 618.0036 1197.579 835.8324 457.8158 840.8854 280.269 109.8324 105.9707 87.82858 42.39162 85.16392 104.5962 75.17172 136.6642
49.90018 49.81449 49.8145 49.8145 49.81449 0 0 0 0 0 0 0 0 0 0 51.30224 53.09734 135.5212 140.4397 136.9853 145.6212 144.5728 42.37239 34.97429 24.21239 25.61211 34.15261 27.67627 29.0909 57.6637 172.0942 174.7333 136.7433 70.2382 76.9458 71.59798 100.1412 107.4797 151.4506 226.449 58.76687 57.26202 182.8437 709.9873 997.0065 534.0291 669.8886 523.3279 192.2341 338.109 727.6411 1371.284 1693.443 1803.062 2391.196 1929.185 654.3338 757.6074 720.6793 451.1351 137.6528 128.2292 96.81348 150.5108 106.6017 43.05122 62.6958 36.87379
52.55462 49.81449 49.81449 49.81449 57.82555 232.6927 605.5291 0 0 0 0 0 0 0 0 74.26389 71.3091 73.20318 146.3121 146.832 142.4726 112.8862 71.25824 73.38699 94.18126 76.76056 34.81669 18.14217 19.96173 44.24564 60.30254 72.33958 137.0516 108.1154 116.7528 135.7331 76.93269 142.617 438.5721 461.1466 409.5733 82.6353 95.72379 197.1572 272.5271 231.984 1174.181 1602.063 995.061 1107.746 1835.442 2038.828 2391.196 2391.196 2391.196 2391.196 1950.458 887.9997 583.8403 262.0232 237.7305 202.2873 171.6398 111.4172 55.22936 68.47829 76.92304 76.87337
72.16663 97.63823 80.75249 120.7976 511.6441 681.4241 681.4241 681.4241 0 44.18927 44.18927 44.18927 44.18927 0 0 0 728.2009 682.5201 597.3129 420.9738 111.1071 55.80825 61.6548 73.81049 67.95275 38.7491 27.00917 17.94013 24.36534 27.62899 48.24713 57.85124 60.2847 73.97047 116.329 216.1506 98.08252 273.071 446.0039 455.3863 262.7693 176.8386 102.1228 257.3373 787.9061 1034.414 2169.92 1827.56 1910.169 2352.049 2391.196 2391.196 2391.196 2391.196 2391.196 2383.208 1742.784 248.1034 153.1572 120.4543 145.2695 253.1133 213.1578 151.2982 73.64909 56.43656 92.02281 128.1188
277.7184 310.4852 297.8855 285.8729 393.3936 681.2712 681.4241 681.4241 681.4241 44.18927 44.18927 44.18927 44.18927 44.18927 44.18927 210.3394 637.8247 1562.769 1333.535 343.4581 114.3679 66.56673 47.92714 36.4732 31.11974 31.98273 28.81013 25.40978 25.83295 45.70458 62.38815 112.1626 49.34688 66.39129 109.736 74.17609 101.5991 240.6971 372.3862 455.6204 231.6689 146.087 253.2441 255.2581 735.3549 1150.798 2069.413 2391.196 2391.196 2391.196 2391.196 2391.196 2391.196 2391.196 2391.196 1807.535 751.3343 818.4775 664.1129 378.1832 63.40498 79.55313 63.27265 50.30482 57.38047 75.48718 54.17292 42.5201
244.1642 206.8957 243.1735 239.9798 270.5987 594.0549 681.4241 681.4241 681.424 44.18927 44.18927 44.20745 44.18927 127.0007 183.4853 285.2544 350.292 1113.276 1366.62 646.6123 115.8437 116.4702 117.543 115.5797 88.78699 53.31558 46.27065 39.86182 37.95051 40.28719 113.1329 123.679 112.9896 118.9671 88.02975 69.88683 97.9837 122.7068 92.65551 98.19283 184.1943 269.2978 170.8116 214.278 224.6207 222.0321 1323.021 2391.196 2391.196 2391.196 2391.196 2391.196 2391.196 2391.196 2391.196 2294.963 1543.719 1316.448 836.9278 367.0023 75.31751 22.45198 107.5405 532.1102 155.4896 69.82423 71.40737 58.43806
61.07448 61.07448 110.0668 177.6541 186.5486 167.1052 0 0 0 0 0 65.73466 77.45992 269.2162 294.4749 292.6709 725.6976 566.422 507.4796 144.029 111.0572 100.0799 87.54321 82.2215 72.13218 66.54417 65.76394 46.29867 52.01167 52.68363 105.0468 123.679 123.679 106.1748 63.82698 68.81658 73.09347 86.95149 86.29302 100.79 227.1039 174.8064 297.3969 527.0344 512.3132 471.2361 473.6895 1903.087 2391.196 2391.196 2391.196 2391.196 2391.196 2339.918 2391.196 2391.196 2391.196 2243.827 1239.237 265.7393 202.1002 139.3042 104.4078 484.8607 81.01835 76.75347 262.1029 182.8305
61.07447 63.6839 92.48722 133.353 122.0931 129.2975 185.6624 199.5699 199.5699 0 56.73175 61.71505 65.8015 122.5414 181.7478 102.4637 111.0572 111.0572 111.0572 98.02888 77.73224 66.7729 66.54417 66.54417 66.54417 66.132 52.41749 49.69889 53.85663 65.60206 93.71412 109.4055 120.9039 90.82858 28.48104 26.76371 36.49351 39.28245 118.4523 232.2997 234.1279 188.116 189.081 268.6931 509.5084 456.9671 419.5376 397.0745 1110.592 646.8448 2054.32 2147.913 1417.048 475.7532 1540.835 2309.464 2391.196 2391.196 2177.205 954.4369 773.4376 745.2288 364.757 51.87469 50.63055 62.87028 72.83543 27.60445
73.84167 131.544 138.0891 126.6423 111.2997 192.2598 199.5699 199.5699 180.6723 56.73175 56.73175 61.8206 64.60339 58.29576 65.24123 68.7379 54.38581 58.45824 73.08501 55.85145 50.06542 63.61894 64.29716 56.75943 53.42418 60.20697 70.91393 73.76039 74.67953 68.14896 37.88831 27.39602 62.40314 53.98687 34.32284 24.90143 38.36176 74.67678 81.73696 84.3896 99.9692 82.15116 98.74557 87.21411 154.2958 142.3098 238.3143 313.489 213.7297 228.42 292.7592 403.6986 388.1602 364.6862 294.403 545.5834 1255.398 1266.041 210.2249 142.584 153.1461 237.5785 434.0443 96.06543 303.5712 294.2782 58.96965 48.85735
74.95284 128.3204 129.2184 107.823 119.6358 193.495 199.3249 196.1451 116.0055 56.73175 56.73175 49.66914 44.10144 42.24766 245.2692 384.247 45.40213 29.61522 90.16914 142.5707 81.35605 43.98365 85.86774 52.43646 48.73437 50.53294 67.68372 75.86671 74.67952 73.94068 63.376 54.81487 80.66026 69.20905 55.62449 45.13212 55.81173 60.50582 69.0294 54.22429 44.31619 60.14889 48.30789 50.78285 134.2506 108.5285 74.992 249.3571 488.9826 408.9985 232.081 342.8235 370.1492 367.542 305.6719 298.34 304.6935 304.8624 280.1992 207.1916 166.4888 173.162 171.412 150.5955 225.6545 429.1972 101.993 75.38958
93.44823 127.1233 125.9525 115.1889 123.8642 151.2309 156.5745 179.3819 135.1389 96.13266 60.22057 47.33949 42.24766 42.24766 261.7686 363.1653 66.97969 46.12779 57.42716 59.05433 77.30865 114.5123 157.1072 158.2825 136.2816 71.08117 68.33434 111.1248 48.24812 34.30995 40.67706 39.36725 40.18174 118.3228 171.2532 81.32571 56.03119 56.28254 54.97213 63.554 92.87931 58.21704 52.10496 68.05808 121.7808 150.8115 168.7473 465.1716 495.4718 444.625 275.5742 214.8351 165.1529 210.8951 201.9419 244.4597 298.9778 205.9686 118.6651 155.6012 221.2553 238.8695 361.4738 202.2254 109.5833 47.48919 51.899 74.58422
125.8355 127.1233 127.1233 127.1233 127.4479 154.2468 152.0158 166.4796 178.6444 179.1434 116.4624 42.47724 51.61291 54.8686 63.64108 120.2532 144.1375 147.5874 142.1242 137.3051 190.0725 203.0568 202.6665 196.9242 195.359 196.1286 160.1548 116.0501 41.45069 32.721 32.78653 48.37867 107.6998 181.6786 180.9277 164.279 58.59955 43.45258 38.39493 113.1884 242.6443 39.79619 53.22807 120.0855 168.0219 221.3551 218.1884 177.3272 264.3629 316.855 155.4794 118.4208 92.81834 89.7399 75.37165 90.89651 107.9101 77.7173 149.1516 202.7599 515.1246 885.6503 855.2343 616.3965 183.2456 67.14561 82.09426 96.65572
135.5242 127.1233 127.6346 191.1767 221.6752 171.3234 151.2144 153.4909 176.4322 179.1434 174.4931 94.67482 76.79877 76.79877 76.81789 201.6107 689.9922 304.5025 237.106 154.8626 237.292 243.978 203.0568 203.0568 192.4587 142.2886 121.177 127.6277 130.1361 126.8732 104.312 37.71545 41.54166 67.0167 64.19468 87.91621 44.37367 53.71437 73.13159 36.64882 58.19506 41.71155 44.96421 104.4202 100.7384 48.57302 50.33315 65.55575 70.24123 82.37845 51.39761 83.96296 80.60503 66.1885 66.29819 112.7075 128.2318 93.46305 102.6768 145.7125 697.3486 1008.091 830.8484 606.3294 267.6003 65.46056 45.23311 55.51339
138.7505 140.6451 185.2626 227.3757 227.3757 227.0726 198.0187 208.5921 952.5692 1279.227 961.3615 226.2076 76.79877 78.15677 77.02884 78.64087 571.6093 1221.525 958.5062 970.0844 777.6152 714.2408 335.9721 256.406 202.346 199.7352 236.2596 154.9257 132.8862 99.82623 77.93897 44.29309 62.81547 53.41346 75.12582 122.2112 109.6649 93.46396 86.15944 70.64343 81.03282 94.16879 61.06502 61.38446 78.27683 76.18211 66.63361 68.03342 71.50822 48.22534 28.60977 29.21056 48.47243 49.73849 59.32628 74.47723 86.76289 69.7673 65.46297 106.4293 283.892 433.2449 312.6952 117.5689 58.84523 38.32386 36.74525 50.33026
175.8312 199.4819 216.8251 213.4464 209.9629 213.5529 221.2714 797.588 1540.097 1540.097 1516.155 401.0485 125.6436 100.5866 83.32539 86.96453 81.75043 158.157 189.0975 1538.184 1730.568 1718.881 1599.006 1573.617 875.785 586.8772 1053.6 444.0445 135.3445 116.0667 87.83865 117.5979 80.5803 64.2953 72.63981 57.7766 181.0771 144.4558 103.0497 86.15944 86.15944 86.15944 84.5389 79.92339 77.00842 76.79342 76.49178 76.47665 74.15953 57.28542 47.22161 46.75149 47.40361 48.47752 43.72493 50.73603 67.35873 83.56479 57.10346 46.88394 60.97127 70.77242 88.37051 63.84371 63.84371 60.05039 30.7843 38.38933
130.6895 115.8871 159.7851 196.0335 196.7187 192.2898 167.1458 647.2079 737.7488 1455.283 943.4723 129.0881 128.6196 127.5395 128.6042 129.7939 209.292 217.7479 211.5938 864.0573 1695.108 1730.568 1730.568 1730.568 1730.568 1730.568 1680.907 487.0339 162.8331 173.885 154.362 128.023 174.512 215.484 116.2841 184.2124 211.9666 211.9674 165.9065 75.92735 60.09455 59.57047 60.67332 60.57906 66.1704 71.31445 76.47665 76.47666 76.47666 76.46915 57.78471 46.72014 46.72014 46.71682 33.85178 44.72202 68.58393 56.11731 34.95387 30.28548 21.49991 34.90377 59.29379 56.50136 70.72678 104.2447 86.41115 56.9014
88.58291 88.5829 83.1633 97.66201 114.7048 135.9479 132.2595 132.2595 132.2595 136.241 133.9146 133.4329 131.6565 130.6933 148.944 189.0162 221.1137 223.3681 674.4233 1100.476 1148.172 1708.483 1625.718 1730.568 1730.568 1730.568 1730.568 594.2465 257.0548 278.5821 276.6887 168.6459 89.24093 56.04849 46.33822 60.03601 148.8035 149.6617 75.31778 88.71121 119.0999 72.13261 55.47398 54.42555 54.90506 55.19938 67.6656 77.43254 77.41443 84.48805 90.709 59.21297 56.27219 31.4411 16.32158 22.21143 58.1994 26.95577 22.39524 21.01195 15.93942 52.23982 31.08728 25.93183 87.7616 114.4695 175.4207 122.2499
88.58289 86.92973 78.31414 77.66365 77.66365 84.8195 123.5267 131.8871 131.4512 127.1405 120.5693 133.2382 133.6745 126.4719 146.8197 177.4661 222.0484 237.1671 840.2273 858.1346 576.1969 468.761 440.3581 869.8849 1033.62 1245.219 1020.295 436.8102 431.4882 432.0087 368.3092 195.6507 159.0717 174.2726 119.1318 53.03218 37.86775 31.87563 36.20561 52.11285 63.40044 63.40044 63.2431 60.9622 55.46207 57.04749 80.42809 97.89555 99.17163 99.28854 99.30823 90.8023 73.66917 72.1939 72.1939 67.43523 54.20131 28.18778 22.39524 22.20305 50.91232 147.0378 128.343 99.90482 138.3007 126.7718 194.423 152.928
88.58289 87.91991 82.83211 98.96412 119.7956 130.0517 123.188 81.26552 81.32996 81.15325 81.15325 82.11696 66.07343 60.08809 60.0881 84.27899 170.4544 122.7277 216.0014 171.6917 350.8385 385.3213 378.6474 481.204 482.1849 425.2007 152.1443 126.6891 183.0938 167.4632 222.783 174.6138 224.7352 241.6145 298.6031 77.58778 50.23937 52.95772 57.00534 63.25186 63.40044 63.40044 63.40044 68.62049 87.85241 98.2182 99.30821 99.30822 99.30823 99.30822 85.86777 71.93328 66.33695 72.08678 72.1939 72.1939 72.19389 37.21756 15.6008 11.91559 21.69574 29.79923 32.93656 110.6549 234.6786 234.6786 234.6786 190.5944
88.5829 87.92201 96.08907 129.3669 147.5337 145.5878 125.6892 86.42696 81.15325 81.15325 81.15325 92.25273 131.0218 81.8062 60.08809 38.7077 37.14959 66.10681 90.2582 75.62968 114.83 218.0978 181.6501 184.7786 206.9816 178.9071 103.6159 83.35482 111.7852 113.6347 98.19764 74.48135 265.9094 367.5659 355.6116 83.48172 56.69115 56.69115 57.68891 69.62077 77.1114 71.32946 88.5534 104.9231 106.2907 151.0574 135.6784 116.0555 76.26497 38.97338 38.78216 36.66367 36.66367 44.56475 72.1939 71.17708 68.10742 51.68976 13.71613 9.661702 13.00564 34.48014 35.19122 149.481 234.6786 173.0538 151.874 118.0293
82.07014 80.57088 82.69761 100.278 299.6801 354.914 196.7935 108.3913 92.59637 81.33188 82.38268 111.5741 213.2363 212.8742 179.4264 75.25124 47.7904 136.9621 100.201 83.30562 90.0731 90.34261 115.1164 177.6991 181.3013 181.3013 139.1306 71.30066 96.52889 83.38596 67.42538 56.0128 270.5852 195.5291 179.7477 80.58507 56.69115 57.83211 76.96885 82.10689 82.10689 82.10689 94.86816 103.3219 123.713 158.2027 102.8337 11.82242 4.700654 9.745353 48.50727 36.66367 44.7184 55.33234 63.14594 59.62619 59.06003 59.06002 36.99817 11.10927 19.27397 34.2153 34.2153 35.71941 153.4394 52.26439 45.54891 45.5489
78.74752 80.47022 80.50448 290.272 484.5281 484.5281 219.3159 110.7596 110.7596 109.1936 112.6177 112.9104 149.889 183.4692 213.9696 102.3221 20.36139 26.60915 47.20807 82.18407 90.34074 90.34074 90.34074 122.5342 155.1927 97.56639 46.92423 75.39519 82.10732 64.25712 47.42437 37.58752 50.13697 102.4445 106.647 75.77592 57.91216 74.62556 82.10688 82.10688 82.10688 82.10688 82.10688 85.25418 123.2451 47.63128 3.466794 3.466794 6.480347 27.89151 75.74078 72.27808 69.37049 66.02864 63.51075 62.48862 59.97385 56.90405 47.40407 34.82411 35.15449 34.2153 34.2153 35.7346 44.39102 45.54891 46.63444 66.05788
80.71614 81.55779 81.71658 301.8113 238.288 178.4288 130.7381 101.2234 109.4873 128.8699 145.1107 116.0785 111.9429 118.4708 132.6878 81.27708 69.40808 102.9678 104.6699 104.0833 96.77934 90.34074 90.34074 70.22865 51.68799 69.52339 84.52934 95.88538 83.62378 61.46261 66.80428 238.7082 107.1058 101.5072 103.2861 105.5434 72.05036 59.97773 62.098 64.58192 63.30194 71.17509 82.90887 82.10688 42.16795 3.466794 3.466794 4.159734 8.39939 8.451125 53.41574 75.75981 74.36745 67.1407 66.35061 66.35061 51.82425 45.17065 43.37447 40.87805 41.09306 35.04496 27.52321 26.59294 17.74853 19.3973 21.29033 23.80546
83.27823 84.09974 84.23639 84.36832 89.46758 89.13565 86.46829 84.22182 127.6742 306.2543 355.0605 241.1337 107.8976 106.894 106.7819 105.9651 71.12103 87.95728 104.66 81.49818 62.79076 74.14297 67.56274 49.8775 55.07214 83.54408 82.48259 60.36363 49.15122 52.51977 55.8504 68.74351 87.70065 106.1755 85.39022 83.95435 70.50071 48.80078 21.53193 35.53149 44.04144 87.72384 136.6985 87.63017 74.41399 7.67753 3.466794 4.246483 8.446529 12.88673 64.52219 75.75981 75.7598 74.23676 67.23913 59.39367 35.53535 36.95683 33.93352 30.32121 24.30822 21.21641 15.23682 14.79481 14.80981 22.34371 23.61371 22.63676
92.87706 90.0809 89.29327 89.29326 89.29327 80.92516 77.26269 77.26269 92.91845 159.9459 354.6869 355.0605 262.3755 113.6322 109.3031 112.5247 87.96216 29.75992 45.25641 36.10788 31.04736 47.58579 51.69865 75.63863 58.67747 46.49742 50.4844 45.09619 47.84814 45.10217 45.19786 47.15948 54.97823 108.8284 77.68315 62.02154 53.87354 42.3616 28.76176 44.72002 41.0806 38.78476 76.28441 73.18514 56.78542 21.11954 49.84154 69.53559 65.16193 75.75253 78.22558 76.44661 98.30856 161.6796 149.0798 72.9023 40.65165 36.63022 17.29672 12.64661 19.20098 21.06365 22.04843 18.70764 16.3701 71.00802 103.7959 87.05555
39.7706 73.8291 356.7031 425.0423 260.0792 163.7845 158.09 180.1328 267.1294 286.7376 306.0074 276.8042 161.8931 63.01778 83.46707 105.5945 54.43765 22.83345 22.83345 32.2906 77.4847 110.7846 110.8073 110.8073 87.51716 34.8885 66.61784 55.91975 45.08366 58.17819 84.28842 82.13541 124.0024 261.4848 181.4098 42.77337 38.99956 37.85001 40.47411 40.37753 35.90159 58.59988 150.3439 71.65977 49.84871 58.57262 81.74014 84.0187 97.64491 79.35851 81.77879 82.61148 170.3914 376.4809 377.3944 375.8551 105.8424 45.97254 32.01919 34.15081 35.259 24.95513 24.10882 25.14854 16.7761 17.87327 50.19574 75.64532
66.34898 76.81229 99.05426 58.99228 55.56566 118.541 178.0024 211.5521 257.5587 269.4957 282.2554 170.4401 148.2711 97.85857 61.23638 39.47713 29.49171 26.33388 27.38192 37.27369 37.92062 75.98173 91.41029 101.9619 109.013 44.21653 43.58996 46.96088 50.16277 66.42313 82.53505 110.3158 373.1854 464.6107 351.3557 52.79506 35.0337 36.09869 46.89621 60.80009 53.95992 119.1313 136.7505 156.5745 98.19428 103.2917 126.0004 123.4454 123.0009 126.7901 155.8912 136.6004 349.5998 377.3944 377.3944 377.3944 284.7023 124.8213 99.45549 92.38625 37.29032 33.8441 32.41233 32.46362 31.01883 44.18036 49.32708 49.89097
112.5725 108.2734 118.5615 80.608 64.78806 83.06858 152.0882 133.9119 164.0092 181.1428 218.4307 169.7658 149.3015 149.3015 77.5425 54.71531 32.11968 33.20409 40.9836 35.11192 28.9178 29.3027 47.20316 50.03014 45.74414 47.79378 49.98882 50.10704 50.42434 104.9034 122.1788 88.0601 297.9157 298.8963 224.9573 78.87083 71.78346 99.36106 113.4098 119.186 118.3794 119.1861 121.0339 141.0486 152.2602 160.1165 159.0652 139.1968 127.6181 154.2323 163.0566 206.9817 359.8391 366.7903 377.3944 348.452 193.5707 130.5424 99.20848 70.45485 49.63951 42.88711 36.93306 47.80762 118.7381 123.8407 60.46268 60.40914
