Scenarios/Heterogeneous/data/country_data_population_distribution/processed/density_grids/deu.asc
ncols 241
nrows 194
xllcorner 5
yllcorner 47
cellsize 0.041666666666667
NODATA_value -9999
[rows 90 to 119 of 194, columns 136 to 203 of 241]
28.16559 70.39047 84.43877 94.89214 85.74708 68.38833 33.61742 28.96952 30.79977 35.02641 77.74885 66.09924 68.37244 75.65927 71.00632 45.18391 83.71868 132.3865 116.6627 73.4765 65.5391 69.54075 89.55786 52.14547 44.06558 72.57733 84.28722 85.32246 136.5731 165.7127 280.8672 438.1018 144.938 214.9202 185.5415 185.013 242.4469 379.6545 1632.645 1710.503 1689.74 1710.499 1710.502 1710.503 1131.863 257.4952 251.8804 242.5075 132.8489 110.9854 200.3155 195.7634 200.5827 91.40071 47.47217 47.47217 58.40242 205.7954 212.3592 146.4472 68.12671 447.0038 471.5776 247.1159 244.1809 168.0532 149.5366 131.0774
77.46288 49.12431 38.85135 38.62916 35.06237 38.9469 42.37543 36.89572 34.91859 65.04193 75.36936 51.47228 44.00063 49.4388 44.40941 36.39331 49.70354 70.49147 71.94863 38.9803 68.96139 92.70793 94.83788 78.65584 44.91315 39.26329 58.24963 92.26608 123.4596 148.5759 214.7791 246.5329 266.4437 291.0312 228.8225 172.2226 226.1078 251.7574 1493.502 1594.17 939.2689 1026.829 911.2796 1076.739 165.8368 189.9137 188.7798 116.9292 127.8785 124.2119 126.2441 141.5564 105.0533 68.44012 50.30164 48.13031 62.59201 199.978 178.8649 139.1484 55.65603 267.2255 237.3853 322.0569 198.0394 109.3533 137.151 87.32349
63.91285 53.07942 25.92457 30.20618 34.4656 54.48753 126.9514 129.0599 53.24183 59.84829 58.4947 74.74579 75.61705 42.38179 37.84933 22.16671 26.24591 48.18428 41.4425 35.71698 37.23772 49.18356 57.31809 81.24855 80.69399 62.19782 86.37095 90.02795 87.74747 225.9533 296.1466 306.789 187.1774 115.8174 81.42572 81.42572 96.2068 86.75451 459.3744 334.3822 248.4554 330.7386 149.5388 118.3866 102.647 131.1665 88.34004 93.75623 135.642 141.8312 141.8312 141.8312 128.2064 103.3662 86.18475 79.36288 102.5811 97.84981 78.21007 60.37243 66.56802 89.71021 72.98107 68.81841 70.64182 79.09409 95.13531 51.1286
36.18589 37.46197 28.82175 42.95824 47.59556 40.43907 68.9769 88.61383 79.83743 83.17046 117.433 198.2532 198.3346 152.1158 87.94447 31.43796 56.1464 67.97834 76.73082 55.47681 37.602 46.09832 40.77033 43.90677 31.88323 81.36052 171.9997 180.302 126.9842 209.3894 306.858 306.8954 154.971 110.5625 99.37656 97.09071 95.82948 149.3761 193.945 164.9978 156.8956 233.7586 192.9648 117.9923 153.4533 157.5413 87.61636 102.1895 138.3993 137.8566 134.2891 140.7442 137.8283 80.0589 57.74702 48.12045 72.0189 63.50708 64.03786 65.26344 66.722 72.2043 68.09373 63.76773 65.19283 66.13675 163.9712 526.2082
105.2405 56.16544 51.11389 88.90974 84.04952 64.33978 56.72934 75.51781 65.84301 155.7972 212.5605 201.1795 200.1057 106.1428 48.23161 44.16932 59.18492 55.29078 55.56257 40.22046 48.22895 47.68778 37.535 50.04954 139.694 170.1692 221.0536 219.4227 121.8326 88.39715 111.7611 140.2593 98.019 112.0723 115.2929 123.2312 111.4686 117.4282 140.4911 111.3203 111.0537 111.2489 117.5261 238.6183 300.9123 161.4698 112.4541 116.8383 116.9505 111.9212 106.7301 110.9143 121.4327 163.9092 158.4637 127.6785 90.17437 220.4657 270.2462 222.6586 65.70611 56.00797 47.42431 47.79625 50.18214 51.13483 384.7339 563.0145
128.8969 102.32 62.09431 85.64046 111.2327 85.4009 79.50953 67.11121 64.95624 71.06908 70.65482 62.48429 69.59463 52.59148 41.90673 42.53661 54.00769 86.1385 64.97754 44.53613 44.23198 53.95347 75.91367 143.7882 184.0665 190.0986 213.9657 210.3906 114.7521 50.8266 86.07975 74.27878 90.79396 130.8476 225.3524 248.7526 104.662 100.9286 112.7492 163.6043 160.2439 173.1028 227.4589 340.9379 344.083 159.1869 97.45186 99.20037 108.8553 120.0751 79.24046 88.36819 89.85276 123.8118 128.6315 131.7922 103.6753 76.16288 364.4528 378.955 169.9803 93.97904 56.15821 66.60973 74.36156 79.56158 77.10605 81.57715
122.3339 83.12592 77.43392 73.70164 92.47364 92.60475 120.9426 258.7403 460.1833 641.6765 158.6096 59.85983 55.20363 75.352 71.19038 64.77907 65.08621 49.03256 44.3497 220.6472 142.6639 87.8926 80.68783 89.46991 103.317 91.90357 39.70257 48.27747 44.91048 64.1715 77.12427 47.20794 68.30386 115.6278 205.7613 297.5249 102.5556 123.5335 153.8975 192.1789 205.4167 177.0701 162.8846 192.9078 147.2969 97.45187 97.45187 146.4478 161.2338 94.60172 124.7501 125.828 62.20979 124.8734 120.8582 237.7836 223.5738 155.2332 78.96857 83.6337 135.4464 118.5976 99.59692 108.1112 112.4114 83.59489 94.66823 120.6296
87.4098 65.91718 61.41719 69.16657 246.1437 455.7267 555.6522 749.4048 762.1038 762.1038 631.9462 289.317 79.00834 134.2793 537.6736 467.2257 281.7761 89.59636 99.19009 350.7561 419.1823 286.1127 54.96558 104.9322 113.2755 51.41274 43.12174 45.21387 45.55865 47.26014 55.19894 68.42586 60.5499 52.01863 59.45314 137.651 252.0928 269.2663 131.7493 106.8928 139.8495 261.6666 438.2406 114.9468 92.98466 84.11912 81.39886 91.25545 86.95457 139.0497 150.4942 67.66779 67.37841 117.8143 105.5467 277.1882 81.00514 63.31048 65.96809 59.1247 57.24229 71.21041 97.35877 86.82397 55.60154 55.5966 109.6188 153.8823
272.8744 360.9883 187.4268 61.3102 115.2562 661.1389 762.1038 762.1038 762.1038 762.1038 762.1038 529.4166 103.829 79.48776 470.7408 732.0177 682.3824 337.6082 101.424 177.0674 426.9812 421.9203 381.9194 238.2054 61.03817 35.81882 48.28454 37.96682 141.0212 265.4494 117.729 131.795 148.3771 204.3862 222.3506 103.3673 85.65522 204.7615 97.73502 65.86757 60.99276 438.0374 602.8438 213.7065 70.29147 46.85099 54.52215 107.1817 121.472 134.0692 111.1329 81.51158 77.04482 173.79 215.105 259.5862 125.3941 71.90046 121.948 118.1198 58.16599 78.32104 84.4856 83.05471 97.14168 92.86597 115.6521 89.91052
593.3411 589.8755 343.1061 84.93034 94.11989 260.8398 379.5233 741.1803 762.1038 762.1038 684.4229 299.0851 71.38989 65.83294 285.3722 633.2607 328.7358 150.2043 56.85057 58.40978 767.8554 982.0122 982.0123 975.7325 128.6279 81.71488 87.14543 86.21172 199.2457 201.0947 129.6186 155.705 264.6636 551.7186 557.6723 436.6603 91.63543 57.64215 46.45848 49.60558 58.31775 120.9449 179.3226 391.5433 83.83777 44.55884 42.53284 121.7021 135.9525 134.6722 264.1183 290.4638 169.4721 130.1415 132.6853 160.098 158.8096 196.9117 169.6311 156.0709 117.9374 66.33929 251.2608 633.1924 409.1564 209.3909 80.56054 70.09764
284.2027 172.7253 106.2797 91.13508 99.13126 113.7448 326.7004 407.8532 259.6655 163.597 97.69569 60.03807 78.12011 106.2402 125.3494 86.4865 41.8822 59.09319 73.01736 60.45341 293.3053 781.3416 973.6026 697.6577 74.65104 67.60445 59.64732 81.78969 569.2938 163.6414 85.92772 97.78215 385.8674 557.6723 557.6724 267.9459 77.05624 62.56477 55.69844 148.8156 234.5035 169.2415 153.9555 93.03198 60.67852 78.3857 119.8347 285.3518 370.022 204.391 287.1963 407.6645 651.6754 629.4683 446.6876 454.8411 208.0467 209.6953 207.3082 153.7153 52.82049 73.92265 88.72754 568.2923 671.1386 282.2341 81.04156 77.50584
118.1684 111.0787 105.4339 74.51235 73.80482 120.1846 303.5365 282.542 76.53212 47.24316 37.54322 45.11431 125.1525 130.0735 94.75027 53.84315 52.23029 52.23029 48.72493 34.96764 87.53181 380.7094 289.1895 78.32497 146.3613 251.5839 82.32681 54.37162 102.5359 88.69513 90.52089 87.4486 469.8967 557.6724 557.6724 246.527 205.4819 67.51362 53.94324 134.1603 149.2662 186.193 349.3202 473.6077 229.8836 206.7309 179.7443 121.7568 195.0935 369.9722 441.0351 875.13 1037.227 1037.227 1037.227 919.6758 541.1687 377.2586 344.2747 153.1329 114.3183 129.2052 191.7334 193.347 116.8053 88.98447 82.67889 74.41819
98.15543 116.7825 67.95589 45.6185 57.31013 321.3497 393.8396 209.0904 50.9257 48.58455 54.19394 32.15023 66.58372 38.60909 36.06538 47.02621 50.2008 48.98076 35.53331 30.8099 44.3577 295.7401 257.2639 38.46647 25.31415 28.42004 25.79047 38.54687 40.02438 53.82805 115.4974 54.24936 148.0184 231.2311 294.5197 206.7343 52.72394 75.39806 176.2838 219.1382 267.3101 289.9444 337.6299 310.1104 382.6503 407.271 266.1805 175.4284 561.1713 520.7587 807.7555 1020.339 970.9184 1037.227 1037.227 1037.227 1021.996 262.0471 161.1099 97.62763 97.39297 116.057 141.7864 126.3774 65.40749 60.02247 67.16329 49.14762
81.62892 53.23571 55.86182 58.48129 42.33742 107.8364 146.6278 49.79118 37.51155 162.8789 153.7212 34.47911 33.5298 32.8526 32.8526 35.34959 43.91868 44.46127 44.46127 51.11071 81.19991 60.48936 48.75584 36.95813 59.35171 137.0222 92.47759 42.56008 111.9921 58.51366 47.39864 46.62172 127.7022 344.0032 98.50634 69.42408 65.06246 73.92074 98.40827 125.2126 218.1098 266.3678 680.6592 784.7044 444.3309 295.5299 330.4674 351.176 288.7358 255.5171 208.3731 257.2959 292.0018 809.4948 977.279 765.7277 427.6896 219.7863 171.9811 110.4434 85.51544 93.9967 100.1757 80.69796 62.19368 52.46808 50.60139 44.89927
44.23089 53.51221 88.59908 191.7103 131.8429 160.6676 310.7558 73.32078 50.13298 34.3798 33.14952 32.77749 32.04709 198.1782 305.0952 262.4302 271.2462 45.84353 44.46127 47.86929 52.85666 132.9205 208.1037 63.00888 59.55639 150.2844 141.037 41.65143 76.02134 81.50443 54.69685 52.94157 57.5275 91.87598 66.75134 69.66925 75.20408 81.30259 166.6169 229.7699 273.1952 296.1149 638.6517 814.2248 789.4399 415.4164 255.3722 536.558 454.6386 583.6557 331.3915 139.3944 267.8181 317.3375 303.0474 184.873 154.4112 287.3419 283.1062 78.87676 81.88218 88.14866 90.31341 53.58097 44.15173 49.51158 49.81195 43.31149
228.0094 125.0671 79.71014 124.9903 267.1728 373.1087 332.9536 130.4112 104.4036 94.83377 74.4749 58.64268 61.94708 155.3412 177.2567 296.2085 324.5449 140.5332 88.6805 81.84313 63.09985 328.3123 282.1637 76.23089 30.97302 26.7537 42.74646 32.33066 32.12703 59.77399 98.60995 137.6601 151.2272 134.0202 61.93465 141.4098 204.6668 156.3111 166.3808 205.1433 206.9678 227.4849 488.1412 814.2248 623.7892 332.4934 208.6201 141.2495 166.2138 299.4402 261.377 234.3733 372.1177 241.5549 238.8764 216.246 150.578 124.6029 112.9462 87.7533 99.58604 101.3737 101.0681 70.83443 45.43849 57.2845 53.68523 51.58202
330.2149 266.739 147.3181 95.1004 269.1731 235.8052 115.3223 100.8973 96.50533 105.8529 101.6756 66.05309 59.07516 51.24186 95.44529 332.2548 452.2555 389.9345 191.7491 131.5094 56.56884 69.57256 51.39926 36.70496 37.58018 35.49684 27.4587 27.96982 35.32439 120.7156 145.3673 154.898 119.3126 56.6088 69.04468 244.9247 313.5846 326.5403 349.6198 448.3189 193.2488 146.313 223.2392 404.4493 397.1484 228.4701 118.8748 156.106 224.5027 281.9098 242.3963 185.5115 177.7295 177.8702 244.2038 223.8658 133.0095 118.58 119.1028 110.2247 118.1306 182.9365 114.7733 116.2266 113.1817 71.66831 134.3675 106.2171
286.9955 197.4993 171.381 159.7098 58.77759 64.1208 57.48412 60.87447 78.8624 73.37197 92.03239 90.52195 53.84349 40.14943 44.10701 185.3524 103.3917 101.6096 86.23233 56.88143 33.02142 24.12419 23.63675 46.22547 38.42973 28.18214 33.97252 56.14883 41.3155 77.06972 131.0129 112.4049 59.29075 33.97704 44.47416 117.0057 171.3085 220.2484 357.1711 463.3304 126.6416 125.653 133.1533 154.5067 155.3305 97.26469 399.2722 441.0143 558.4571 429.9301 288.0435 205.5832 82.79637 97.02747 105.4411 253.6618 352.556 132.7879 112.8876 110.5207 107.9114 106.2972 94.54357 101.2607 0 0 0 0
111.805 50.85859 47.90779 88.1467 66.01812 46.94809 55.1968 70.08393 95.01614 93.95024 75.5345 67.86322 57.92005 56.7787 35.80757 38.03286 38.33242 36.56704 36.93641 34.64157 34.44374 29.19879 31.53087 33.81627 28.95559 54.71501 82.95293 90.37196 90.35268 81.69504 72.05721 79.5449 57.53913 42.84376 150.2252 327.9045 75.41902 71.22382 146.8256 167.052 154.3714 170.279 179.7309 117.5368 97.88949 84.15603 230.9431 287.6 322.8781 258.2625 351.3065 248.9881 86.03592 112.6455 98.82848 339.2213 545.8972 159.8966 79.06738 76.19411 79.9559 62.39229 0 0 0 0 0 0
63.47675 115.9954 95.86089 79.99409 50.05526 51.27252 58.85289 54.34531 29.41577 34.98902 85.71353 105.8222 80.82288 69.74551 51.64103 51.86913 46.88231 45.52417 40.50239 37.55124 35.10745 33.732 35.77607 38.28152 34.81125 52.70229 67.17057 54.39843 47.07001 47.88289 52.11986 57.64099 57.67595 220.8723 546.2007 560.1603 259.0783 67.73212 115.0957 182.7302 265.4748 272.6878 238.2078 149.6255 129.2619 124.3913 103.2671 128.1496 123.6944 248.6145 294.9088 286.3605 129.1335 144.2872 119.5524 126.9823 175.0936 94.97263 44.63107 41.19045 71.74164 0 0 0 0 0 0 0
45.67099 116.6281 127.0815 81.2758 69.50251 76.63169 73.56804 52.15859 38.56745 40.27794 109.1353 155.1693 109.551 51.59735 71.18221 65.56779 56.30899 55.79589 45.79272 43.05145 39.46264 41.22848 94.9362 63.43635 51.97889 52.35113 44.40579 39.75951 39.89273 38.37347 37.27193 33.59815 49.8502 215.1793 518.8296 562.6552 502.4824 139.8721 120.0126 178.0615 215.8536 376.1685 313.77 246.7454 113.9627 72.32408 64.8392 64.8392 83.69062 96.48981 92.38363 153.7528 176.4967 105.5305 120.0311 128.8369 194.6064 0 0 0 0 0 0 0 0 0 0 0
142.7692 146.031 134.9813 110.6811 79.59296 95.18311 81.0512 62.09818 47.25008 65.61244 122.7326 139.953 94.74084 50.54861 77.08591 85.27356 75.70042 63.67192 56.51267 38.20952 39.79029 59.94637 84.07322 107.7467 74.91531 70.19991 63.48415 70.44704 56.43893 46.5247 44.64272 42.74986 50.6231 55.70248 212.1951 381.2611 200.8847 74.55492 83.5571 89.95999 67.60751 138.3577 108.0838 71.65331 55.73007 60.65264 63.72071 84.6152 134.6534 102.4516 0 0 0 42.49874 63.10696 51.03773 0 0 0 0 0 0 0 0 0 0 0 0
84.44895 82.86642 70.02852 81.95573 86.79016 69.16463 103.3646 64.58377 77.3272 74.84522 106.9248 273.7301 228.4989 68.12949 65.82819 76.24311 68.98211 57.6032 36.24948 48.09264 49.28936 35.71521 60.52816 74.29082 121.731 87.39832 54.8159 67.03907 61.75019 56.00573 84.85382 62.93575 47.13192 45.46653 61.12562 137.341 177.4495 60.81425 45.37212 55.31144 55.3014 57.99876 147.4433 216.9836 0 0 0 0 0 0 0 0 0 0 0 0 0 0 0 0 0 0 0 0 0 0 0 0
44.31297 59.86252 65.31248 74.99056 59.18327 49.71816 95.59003 128.7695 188.6535 137.8871 228.2751 371.2156 413.0622 191.0635 72.77699 76.32861 69.95885 71.67858 40.37733 55.41336 61.86435 45.91592 147.1564 117.8928 159.8621 97.99691 87.15462 64.79878 77.46315 308.7538 239.4283 59.60135 31.86935 30.9962 28.91628 37.22926 38.39637 81.12405 56.1781 61.46732 77.83889 66.158 81.64434 0 0 0 0 0 0 0 0 0 0 0 0 0 0 0 0 0 0 0 0 0 0 0 0 0
40.53748 49.92588 70.87008 75.42982 57.76657 49.36778 121.6662 169.3502 273.9452 245.9328 235.0054 171.7068 152.7464 115.0788 169.2128 154.0212 87.33565 75.86813 60.20409 61.16096 55.52398 19.14867 49.11026 119.9426 193.6702 154.3972 133.2449 220.4923 483.0604 675.0921 602.1733 140.9536 50.41534 52.23817 56.51604 0 0 108.6733 127.4735 118.1242 93.12214 65.07993 0 0 0 0 0 0 0 0 0 0 0 0 0 0 0 0 0 0 0 0 0 0 0 0 0 0
28.83805 34.21683 34.54515 39.58898 83.90323 305.647 810.3015 816.7051 558.5731 301.7148 219.1656 207.5205 118.4952 94.7701 170.4462 234.7581 191.261 103.1333 78.18264 58.30152 54.86219 91.3839 97.66862 119.699 119.0486 80.64977 86.61768 84.88693 172.7471 425.5318 298.0924 186.704 82.02431 97.70958 76.81213 0 0 175.0983 140.3104 88.07084 93.1381 0 0 0 0 0 0 0 0 0 0 0 0 0 0 0 0 0 0 0 0 0 0 0 0 0 0 0
26.98278 35.67179 49.71465 50.53592 129.9414 217.8669 318.2035 523.3093 253.0005 215.0907 178.5893 140.0245 115.6239 98.08813 190.0718 222.734 210.3176 163.7844 93.54971 42.11101 39.34959 33.27549 60.22472 100.0786 135.6696 135.7424 134.6385 103.7773 86.82037 121.7432 152.0998 127.1005 108.8978 117.3456 109.8896 93.07696 0 0 0 39.02923 0 0 0 0 0 0 0 0 0 0 0 0 0 0 0 0 0 0 0 0 0 0 0 0 0 0 0 0
46.21349 45.94481 48.71244 52.56558 55.38725 108.0484 148.8089 167.6727 158.4961 156.7184 180.3664 312.9333 255.1615 205.5888 205.7162 154.5169 141.5798 203.7747 135.4379 67.88806 76.92595 52.58372 67.49249 85.43874 111.9313 137.2876 138.3001 116.7834 58.66771 98.36884 92.65281 64.64025 45.2486 144.4227 196.4169 211.4714 217.7491 0 0 0 0 0 0 0 0 0 0 0 0 0 0 0 0 0 0 0 0 0 0 0 0 0 0 0 0 0 0 0
45.8378 52.1803 55.33228 55.73573 59.37793 66.60918 94.38109 105.4669 146.8981 155.8823 197.4584 164.4156 155.049 167.6805 155.795 159.3194 139.8717 238.8918 270.0391 180.8967 110.114 95.88297 101.2404 86.87665 69.73573 68.01931 83.06065 70.21194 80.97852 56.31595 63.4693 65.09964 98.48206 157.4642 97.22017 74.18645 48.43597 0 0 0 0 0 0 0 0 0 0 0 0 0 0 0 0 0 0 0 0 0 0 0 0 0 0 0 0 0 0 0
72.83955 72.79409 72.83955 69.46325 65.33447 76.06417 85.80218 97.87781 99.11036 111.0053 150.2979 147.8736 127.8399 104.9674 114.2678 128.663 124.1644 196.42 270.0391 214.9749 90.99218 147.5575 116.4481 86.08928 86.11526 84.04554 72.89721 55.32723 59.11327 71.00977 68.3166 73.09939 78.84966 77.07346 66.59711 65.20045 53.26352 0 0 0 0 0 0 0 0 0 0 0 0 0 0 0 0 0 0 0 0 0 0 0 0 0 0 0 0 0 0 0
