Scenarios/Heterogeneous/data/country_data_population_distribution/processed/density_grids/deu.asc
ncols 241
nrows 194
xllcorner 5
yllcorner 47
cellsize 0.041666666666667
NODATA_value -9999
[rows 150 to 179 of 194, columns 136 to 203 of 241]
70.57795 68.92473 65.72059 75.25312 63.89686 45.45801 56.27528 58.25179 51.8145 73.56545 68.89532 99.32375 83.40137 84.57256 138.4945 172.6441 365.5753 664.7443 650.983 327.6641 160.1778 139.5632 117.5435 100.2373 84.6861 118.969 138.584 167.526 184.3681 206.4965 73.21968 66.4696 87.30846 69.61973 88.3661 97.16805 95.3373 87.5929 50.45976 47.94841 64.69691 65.34763 63.42903 57.25658 70.30029 99.53085 91.6791 53.65572 67.03576 80.6346 71.82572 68.96178 89.25484 343.7106 385.4552 359.2144 304.5027 106.1102 80.9611 51.58245 65.16424 66.89598 61.51366 90.34095 104.0547 121.2762 111.6865 110.9626
72.60712 91.82687 115.8649 132.3281 91.83026 40.22357 50.84249 53.24295 51.96326 52.08619 105.0809 334.4232 170.5715 99.99683 517.0077 856.7361 871.3533 966.2859 1019.952 932.7331 152.2703 151.6724 171.2811 170.7607 148.6328 99.74774 87.12284 103.5107 107.5326 98.94747 57.53933 60.31081 71.07291 56.23516 84.68975 93.43951 87.22124 87.09231 77.34123 44.31814 46.74926 61.35806 60.67129 54.97712 52.85086 54.86539 52.1263 46.23619 53.25845 82.48685 79.62761 63.3526 218.6343 271.2401 192.5602 84.3614 166.879 153.0543 131.9473 107.0785 110.6719 87.94976 57.00936 65.92118 74.53386 89.53765 89.1543 97.7961
151.4151 208.6885 232.5309 226.9364 149.3794 88.49917 80.57462 71.97775 68.10842 72.39313 77.39551 266.97 348.755 346.4002 256.7017 412.8805 754.1497 1019.952 891.4807 598.7473 268.4318 234.3927 144.3943 120.0283 15.10264 11.20016 17.67462 106.7583 144.048 86.83293 67.10197 78.26053 85.22588 85.2258 90.93381 100.5739 106.7859 108.3288 87.91459 58.07616 57.55764 65.51078 67.31113 67.55959 64.85581 68.17593 70.10116 82.66473 90.08975 92.77728 92.01528 71.73992 69.5077 75.7956 67.28642 84.82581 112.7545 133.8169 137.6962 115.5368 85.18941 65.80335 131.2648 140.3877 163.3724 144.9106 82.42277 111.394
90.64539 124.592 185.3018 300.6942 159.4135 108.6208 107.4285 104.4415 91.0363 90.65506 85.21506 100.6715 148.7973 167.9469 204.3884 158.5185 149.4094 509.3534 286.9934 344.023 265.4727 133.7845 119.9848 114.2273 68.00697 43.3932 139.4085 107.0946 55.30234 62.41648 67.09145 78.12583 82.76869 73.66829 65.52514 76.97849 130.5624 131.1617 93.84817 57.22511 77.24224 69.70213 67.04166 67.08797 67.25826 73.56858 83.35475 88.68616 126.1772 138.6876 133.143 79.96046 65.53028 65.72516 77.44758 102.5931 101.0659 90.82289 117.4574 115.3144 108.8786 129.1279 126.4225 132.5334 131.2578 122.1972 126.1985 153.1395
72.58412 92.90784 95.51858 96.26102 105.7913 90.74047 86.66196 102.1205 74.61044 59.26355 59.92533 60.38303 101.7102 76.23296 90.99337 80.19301 68.53297 109.3957 153.4438 185.4165 211.3295 156.7545 121.6414 121.1424 122.5856 199.6735 231.0694 125.616 46.18329 62.22396 66.78252 69.2845 67.8858 59.03844 57.55254 94.6267 133.6681 137.9931 108.9293 92.10831 121.4327 80.72329 203.8327 328.1236 204.3562 72.45882 69.83445 117.2426 146.7315 146.7315 100.7057 64.3233 64.33174 67.09498 82.93618 102.1395 84.87537 76.21285 133.7856 170.7395 166.3627 84.80609 83.28896 111.2951 136.3055 165.0714 183.7638 178.6753
91.8278 93.7396 94.69086 138.9417 137.3378 71.89937 54.83563 67.80601 78.43962 67.01565 67.32442 111.2647 94.8211 67.96101 186.7545 101.5807 72.77902 86.8175 91.4457 114.7568 208.1023 179.0711 121.9518 121.839 124.8239 142.2966 156.4202 118.2223 60.83695 64.25314 73.44588 106.7096 114.139 123.118 299.8063 257.2953 150.1969 215.0025 314.2996 124.6868 144.9489 84.83427 134.5734 381.5663 136.3174 78.50456 76.47578 78.11401 100.0864 94.49523 68.28855 68.97078 69.78352 61.469 61.7579 80.02942 94.20518 90.58348 125.9247 183.6561 161.371 161.0982 144.4202 264.7514 450.9704 503.7382 489.3962 431.8711
163.0176 154.5753 209.9262 211.9651 296.2928 98.1222 94.1188 85.51764 77.37986 77.80768 77.42261 128.3668 212.3199 202.9081 208.6927 125.1567 83.29073 158.3987 247.9476 263.1748 263.4435 216.6218 113.4541 115.8762 108.6381 103.4406 103.5195 113.8505 91.45543 93.00412 68.20004 101.6267 113.4876 391.23 544.2533 704.0747 682.9939 810.9982 195.9691 91.83488 62.6782 76.71243 84.07741 164.5838 113.2995 91.66241 83.05033 79.10461 74.52498 72.09072 74.30466 76.80946 76.76687 60.65336 58.13124 58.58199 102.4021 117.1352 103.8619 86.28538 110.8287 112.309 102.2403 98.24679 305.5929 638.099 501.1172 0
75.89608 92.66175 125.7608 123.4509 283.608 73.17511 99.63223 126.8597 86.77776 86.58359 91.31547 103.805 125.779 84.24164 93.69022 84.87202 61.28129 114.264 167.1521 205.02 199.8998 193.3845 95.54621 95.12068 102.6358 128.7595 145.2609 146.4302 121.1208 117.2454 95.20335 96.73879 237.1487 587.368 674.4916 739.3505 501.8004 215.2016 88.40398 84.29514 59.54506 64.11888 65.55548 62.61287 137.5446 94.72243 70.86473 77.50874 67.15034 83.51679 77.15816 71.89381 63.16834 58.52796 57.12037 57.26044 70.27846 63.41052 55.75586 57.25689 89.20127 114.3125 109.0166 95.92278 98.96906 104.3547 97.6875 0
99.58736 65.6651 136.3721 240.9463 275.7087 117.7866 100.9595 125.6913 116.8313 107.9781 171.5491 199.4218 147.1543 81.14975 72.75644 65.94041 58.24279 76.9496 133.9669 165.8313 155.3194 119.4952 107.6764 90.10498 98.31287 111.3484 145.3786 133.0216 121.0131 276.0292 317.5951 255.3972 134.8975 129.3478 142.7223 134.5795 125.2062 108.7207 105.4122 127.1939 132.7 105.1922 41.14164 50.69518 77.60244 73.11048 57.4267 48.95601 47.2225 55.7146 58.68853 58.49119 52.98161 69.10966 120.734 143.8801 74.07976 74.00251 70.07349 71.94948 82.22729 118.6885 126.8391 115.3252 102.8734 120.1619 0 0
158.8478 197.2135 464.3669 385.6346 436.4324 1157.177 246.15 175.2141 195.6597 209.2289 220.2404 220.3559 189.6991 79.60098 93.47261 103.1292 110.6064 135.4731 175.7032 202.0581 120.2892 156.0211 183.3995 107.6448 140.2444 415.2705 335.1491 146.2783 148.6966 243.7757 228.3954 178.9681 171.5695 115.9593 105.4185 90.97895 77.84937 87.42955 112.9094 158.6812 163.8705 124.1007 84.66167 74.79575 61.58514 57.36686 68.75954 72.27802 53.23224 145.3254 187.0113 71.2023 59.86649 60.90277 210.167 209.255 82.83196 78.77361 81.16302 100.6567 115.687 91.50645 60.98304 113.9694 162.3529 124.9837 0 0
94.69148 160.686 495.0367 838.4717 1453.498 1840.73 1448.465 356.723 180.1445 146.183 164.3657 137.0799 96.25694 103.5962 105.5918 130.4686 144.3701 163.5724 189.1602 198.5406 136.2379 127.0152 119.0964 242.9478 469.1453 528.6708 473.1657 134.0102 87.29764 102.5571 155.2224 234.2598 152.8291 63.36607 60.55108 65.4351 76.59121 65.04158 121.0076 144.2682 123.9957 85.10386 84.01789 90.66422 93.99817 87.04356 103.1787 95.05891 91.81361 275.4897 273.2659 88.80145 72.04627 69.70805 123.5057 121.0327 82.84548 79.94244 78.48896 87.87318 106.1786 125.6054 194.3521 207.2407 198.5996 207.3923 0 0
87.79832 173.9091 326.4018 1222.111 1664.888 1921.366 1783.636 357.3909 349.829 225.886 101.8279 88.35533 113.2678 122.4961 141.3538 158.526 158.0099 152.6778 210.6845 219.2977 173.4152 135.8246 233.7376 431.7982 490.0024 456.9975 350.6331 91.76266 82.52259 280.2711 379.597 85.57328 84.6958 101.1575 105.7144 125.9848 131.6848 132.6296 126.2272 50.81686 55.29014 57.08088 47.59667 86.83529 80.21794 60.13123 59.43383 65.20806 69.23473 86.21194 79.82138 72.40398 78.39017 100.8951 88.10583 63.4655 57.81384 65.43124 65.22493 68.49362 88.44115 118.6869 140.1154 138.3697 116.174 0 0 0
112.3312 106.2174 767.5 1764.681 1855.509 1902.587 1658.191 477.0444 385.0269 215.3851 84.12613 87.50665 141.3319 152.2677 159.5957 186.5807 199.0258 458.9171 315.1299 195.2233 192.1448 294.2593 370.878 409.1234 403.7088 276.7769 168.2206 94.95335 95.10759 521.3861 538.4984 82.37317 80.59801 123.9628 141.0951 145.8034 146.0097 145.7787 110.5488 93.16953 79.09093 54.80442 46.41502 69.35114 49.54992 48.25237 44.21888 44.76312 66.1744 75.45684 48.36162 54.87057 75.79678 78.97483 64.19109 136.0173 138.9558 122.0277 52.65924 48.22956 52.67066 100.6155 119.5597 0 0 0 0 0
149.0878 223.2523 302.192 301.912 583.0062 1465.214 1013.75 469.7937 392.1731 195.4741 96.48979 99.63181 105.8062 168.1091 170.4668 146.4118 143.1008 387.8358 1115.619 928.9814 652.4498 1224.444 688.6451 496.4948 411.6291 335.9286 169.517 140.7104 199.3099 555.1725 426.5431 102.647 88.90141 96.37688 148.4562 144.967 147.6991 152.1843 125.0942 113.0782 166.1422 143.8067 128.6479 163.8522 397.8741 252.6549 372.6195 194.8571 153.1876 122.4079 101.7269 101.3641 97.06034 96.98521 122.0777 197.5596 280.527 0 0 0 0 0 0 0 0 0 0 0
195.2132 161.94 143.1483 148.5475 264.6089 492.2223 98.18765 109.5465 116.0436 110.8276 142.7771 216.811 151.7066 237.7021 244.9783 339.4697 562.7728 390.187 1127.668 2848.449 3843.133 2573.634 1757.767 1510.301 426.0155 405.5114 250.5538 178.7244 163.8358 203.6056 167.1414 94.95448 81.8765 112.5952 107.7124 102.4258 115.2343 94.48429 69.54388 51.52374 112.8541 331.385 166.231 420.9203 336.9448 241.3257 330.1095 412.7562 395.2091 241.1333 239.0122 129.2937 97.97192 130.4498 171.1214 0 0 0 0 0 0 0 0 0 0 0 0 0
209.0475 228.4763 235.8509 272.8831 247.9355 93.27629 102.3005 110.6461 88.96738 89.18975 113.5913 158.8717 595.6358 927.0676 755.3766 916.4766 1730.448 3865.107 4668.563 4862.053 4862.053 4862.053 4862.053 2422.372 1480.453 526.4456 567.8986 586.3984 824.3316 403.8218 179.3812 173.5087 129.6353 131.235 143.5816 138.5611 68.21605 57.80191 59.38737 84.86379 129.2005 638.2313 407.9008 158.9082 57.50865 76.1881 137.8758 141.4631 120.5736 190.8284 162.2804 394.0963 374.0568 0 0 0 0 0 0 0 0 0 0 0 0 0 0 0
86.32439 98.62804 115.7432 271.4684 301.7794 92.4034 92.95998 155.6042 136.3464 100.7493 105.709 164.7865 245.6751 501.1807 334.9247 927.5165 1930.017 4111.486 4123.385 4795.311 4862.052 4862.053 4862.052 4862.052 3311.712 1379.169 787.0356 731.2988 206.754 73.83594 29.87936 72.28128 149.6152 75.28135 67.72814 125.2746 226.5906 83.44048 74.03661 76.34153 63.78794 74.97035 58.91297 66.07372 62.9273 239.0872 243.3934 143.2186 129.0842 204.6634 325.3042 0 0 0 0 0 0 0 0 0 0 0 0 0 0 0 0 0
90.33901 71.45148 75.50713 87.93401 365.7555 307.7271 96.85229 97.65777 131.8819 177.3309 235.6595 217.239 229.6418 389.6335 459.6367 670.7969 931.7087 835.5235 1102.116 3864.767 4862.053 4518.112 4540.462 4815.525 3815.366 1163.712 599.3231 498.5223 92.88593 1.409529 88.35594 242.2294 129.9115 110.5155 97.94861 88.0348 87.52126 87.53866 60.42246 53.35627 55.33132 56.28323 69.23994 97.3936 90.0097 116.261 146.9494 97.38277 50.63189 117.1048 0 0 0 0 0 0 0 0 0 0 0 0 0 0 0 0 0 0
159.2001 133.16 91.39039 153.5069 495.8835 406.2551 106.7853 123.2799 148.8372 257.9394 406.0729 208.3446 242.7684 228.5205 236.8631 357.4573 370.0832 399.0027 294.3876 565.0686 2479.348 528.7782 1391.081 2387.093 1409.18 452.6662 261.1625 306.2733 439.8093 308.0753 339.0597 371.0335 223.6354 102.1346 121.7818 185.0598 509.7014 324.2079 73.26625 63.74525 60.63955 60.22039 64.11259 90.2705 151.1297 140.9281 130.8452 67.33069 56.50748 74.89745 98.71555 0 0 0 0 0 0 0 0 0 0 0 0 0 0 0 0 0
185.994 285.3433 244.4889 342.5965 505.6067 373.0356 140.7242 96.64495 81.79492 229.1658 252.3527 437.2705 334.3379 186.5479 313.2174 360.674 360.5327 349.921 149.2583 175.2532 344.3027 296.406 523.0719 616.4205 239.9131 451.47 307.6157 126.2041 118.9201 75.58152 160.2879 389.0681 196.4772 76.82214 126.382 178.2138 232.021 86.66314 88.64498 91.0562 87.62988 89.51324 81.90797 108.8431 180.6919 214.371 164.6844 61.86689 66.51575 74.4734 75.79192 80.37787 0 0 0 0 0 0 0 0 0 0 0 0 0 0 0 0
107.4497 83.94107 75.86784 113.1951 174.4487 136.0177 116.255 116.5292 120.1788 136.9304 126.9764 412.0886 160.966 169.536 317.2537 295.3168 254.0026 242.6499 282.9113 185.2721 112.2321 324.6328 224.1772 136.4377 133.472 119.2321 93.26331 111.6235 156.4302 124.4991 99.74082 128.5544 128.3537 83.59233 106.101 157.6312 91.94169 97.26269 102.7915 88.76817 63.64407 68.34278 92.77876 102.1741 158.574 398.0673 267.7578 92.16689 76.50886 74.84963 96.09025 93.1172 88.02258 0 0 0 0 0 0 0 0 0 0 0 0 0 0 0
140.5114 95.07652 70.88476 91.40717 79.69596 79.79415 83.43347 87.36781 120.0591 126.1717 119.8036 74.42514 74.18094 122.5945 333.6709 396.2679 174.0184 214.5212 397.2031 72.69982 77.7629 77.07298 113.3259 150.6427 168.8881 106.9851 80.79987 105.0739 179.8056 161.2894 196.308 102.2435 104.3675 138.3125 135.52 125.0878 95.7888 103.8241 133.1982 120.4146 138.0631 105.3917 100.1322 97.56973 138.7882 238.1776 369.083 383.7828 135.8761 119.5645 125.9419 106.9148 131.177 186.0475 0 0 0 0 0 0 0 0 0 0 0 0 0 0
145.0491 85.2703 77.99803 67.03917 46.77573 65.87759 91.76656 71.78757 63.22507 115.6708 111.5288 90.34135 118.9877 232.5917 243.7121 79.55408 79.55408 374.4521 1285.428 217.9244 66.4825 63.32808 55.60503 125.2405 271.3802 201.7543 71.34571 113.6255 193.7205 267.2279 317.4211 255.3947 330.7239 252.8177 364.4991 270.1231 152.391 119.6881 206.1635 219.5163 194.5103 147.2079 107.1564 124.2841 124.2653 132.256 228.9035 344.2254 141.9726 93.05612 109.1888 84.54964 108.421 145.9399 154.0381 0 0 0 0 0 0 0 0 0 0 0 0 0
119.6112 61.46655 55.07875 60.97049 111.5906 167.7261 153.9018 103.836 41.6687 168.8877 350.0302 345.295 213.4919 109.6638 136.7806 152.5141 84.81191 120.9413 483.8183 547.4672 129.5777 55.60503 72.16118 260.3889 306.8293 92.89049 71.29026 72.79091 91.10356 147.499 244.6301 406.6471 602.9315 856.9078 1569.271 921.2621 359.0389 188.8958 172.7497 338.9487 442.7469 109.8179 158.9167 157.7081 126.6925 123.5519 242.164 336.4205 250.2936 126.1999 106.3222 106.3222 106.2922 166.7137 322.5802 1019.16 0 0 0 0 0 0 0 0 0 0 0 0
92.87004 46.56795 56.04456 83.50169 230.6371 537.2297 222.8617 164.1469 159.3816 353.4589 202.002 196.4778 245.2836 169.0766 92.16307 96.01926 96.41212 138.0218 77.62842 65.84131 56.48892 265.1796 279.6926 147.2461 112.8782 76.30737 72.07766 218.5733 144.3478 57.31416 101.0155 154.6251 294.587 685.4229 902.231 437.9339 178.4488 160.7242 103.6179 146.6789 223.6818 222.6697 180.7283 156.2654 108.572 124.7238 136.2345 141.0347 143.146 129.1788 102.3266 98.91248 96.93365 210.5283 298.5325 0 0 0 0 0 0 0 0 0 0 0 0 0
137.0337 58.06843 62.45451 66.72237 110.4686 172.8737 130.0629 91.78097 117.5809 260.2991 164.5458 115.9562 78.60835 55.01251 59.69933 80.21627 336.3026 474.1436 85.54749 80.99216 76.77788 559.7362 287.6045 138.8346 129.9797 153.2319 157.6659 350.298 336.0265 151.0831 72.39468 97.1175 133.0862 217.5166 237.6943 235.3517 132.3484 81.87773 84.0776 72.99038 80.30412 170.0457 194.5364 150.6924 73.48022 104.7413 63.24672 57.702 73.96041 97.2136 95.7542 105.1187 161.0945 233.7194 332.1881 0 0 0 0 0 0 0 0 0 0 0 0 0
57.41128 49.93108 57.44943 82.3792 45.47489 57.86638 52.12519 50.86168 48.00105 61.67173 74.38191 67.31238 82.23358 66.64736 72.92687 68.47058 143.5847 296.7755 115.2263 90.98116 52.6516 105.3131 92.35285 119.5451 145.4312 156.2523 212.3062 235.4676 112.9845 91.80474 73.4404 75.29292 130.8957 164.163 145.0296 89.29695 82.56706 76.71697 70.54882 70.76084 43.61588 37.89851 78.25964 90.08621 65.04137 43.8989 43.8989 43.8989 43.8989 43.82491 27.37694 225.8566 386.9832 299.3459 0 0 0 0 0 0 0 0 0 0 0 0 0 0
51.71432 56.445 123.9151 65.09408 44.54087 40.89856 26.70314 46.06358 56.061 68.51449 68.65511 170.7102 269.3022 165 59.09206 61.5723 72.6923 77.05237 93.70694 75.67075 44.43179 43.61468 45.50251 84.53832 126.5444 76.48658 125.2503 104.6207 85.74859 83.26175 46.91068 21.01402 48.70877 89.73882 86.09435 80.57631 0 0 60.2819 0 0 0 0 53.6987 37.99323 39.66174 38.50291 36.8292 32.30959 16.45825 13.27898 92.70545 67.18906 162.793 120.3727 78.55958 54.79773 270.1665 0 0 0 0 0 0 0 0 0 0
64.89308 66.40688 45.10587 33.96956 29.36773 31.0434 26.59075 36.78738 47.68187 62.73275 46.42091 240.1904 212.3998 102.1955 65.39656 53.01269 65.15378 53.32866 33.04502 29.29906 34.17788 39.1723 39.1723 40.26196 29.7904 28.29109 35.1216 84.97588 90.39624 85.57896 33.81984 17.73309 30.01366 95.78498 88.47712 105.4786 116.2172 0 0 0 0 0 0 0 37.74945 34.51593 0 0 0 0 0 13.47026 13.44486 54.07681 110.1912 136.3472 191.7967 157.2579 0 0 0 0 0 0 0 0 0 0
318.7038 129.2824 42.01307 28.98464 27.72398 27.71844 32.00417 43.98062 62.25767 144.3527 124.7363 27.94506 31.11333 51.68878 65.63049 64.50603 34.074 6.65003 6.605013 6.605013 14.61736 39.14623 36.30222 27.51162 27.31491 26.57093 26.29009 38.1474 62.65408 57.39309 0 0 0 0 0 0 0 0 0 0 0 0 0 0 0 0 0 0 0 0 0 15.04291 14.24304 14.24304 40.58693 53.07106 88.5052 62.4073 0 0 0 0 0 0 0 0 0 0
