Scenarios/Heterogeneous/data/country_data_population_distribution/processed/density_grids/dnk.asc
ncols 173
nrows 91
xllcorner 8
yllcorner 54
cellsize 0.041666666666667
NODATA_value -9999
[rows 36 to 71 of 91, columns 0 to 80 of 173]
0 0 0.4289858 2.713399 4.100033 27.68816 29.95963 31.57659 33.24658 32.41764 32.42981 12.72619 8.831318 9.469945 23.88054 32.00157 33.69584 45.81818 64.37586 64.38438 56.15063 19.86235 23.65147 21.18241 16.17549 14.81779 27.75107 29.06587 30.84054 37.70716 30.60693 30.26822 31.27934 108.1399 230.3863 67.13713 31.42809 48.74864 78.75394 73.12729 79.88055 53.44795 70.50581 54.42573 160.5513 248.8901 140.0751 52.65685 117.1125 228.4889 278.4266 200.7526 136.1627 188.2153 283.9034 401.9212 368.2289 349.1331 167.3996 138.3668 86.62528 33.3395 37.75769 39.41332 26.41876 22.41881 23.21892 29.05231 30.53266 0 0 0 0 0 0 0 0 0 0 0 0
0 0 0 17.28828 12.51203 18.59781 31.82499 32.40513 21.54507 6.085435 7.759796 14.77281 26.46175 20.11953 25.20355 37.42746 62.65076 81.01838 91.40092 49.31787 24.00172 22.64335 80.64604 84.94292 71.47549 49.97018 33.6562 23.45992 21.84168 37.52934 31.07567 30.93938 35.93962 37.32533 41.6455 49.27982 62.01862 49.16035 97.61922 59.32114 85.38764 77.77848 64.91992 31.4697 113.5179 87.69543 122.6145 71.50166 169.3939 195.704 392.1266 95.1757 268.3658 1254.756 678.7757 490.4444 447.6451 27.95973 34.4505 75.69658 43.69935 27.80847 66.60824 74.36685 78.97048 74.36686 59.34692 23.72483 0 0 0 0 0 0 0 0 0 0 0 0 0
0 0 28.92827 18.24471 11.76174 18.60143 27.82541 28.84414 12.06558 6.351552 6.602626 17.34394 26.89757 28.87454 24.00045 38.914 55.53661 76.4955 92.36549 72.08623 44.99459 180.5337 282.9408 176.3081 118.3888 117.1541 213.2549 217.2199 77.02458 38.26205 47.67168 49.34494 45.07117 46.6416 175.6015 390.2546 645.0716 979.0097 477.7072 215.7209 99.77611 93.01189 91.14152 74.72765 62.49066 40.32198 96.19518 110.3006 108.5566 232.5149 775.931 1113.139 2997.175 2529.592 1424.355 743.261 27.95973 27.95973 27.95973 41.62653 23.43252 21.46944 0 204.7857 177.4873 99.70108 0 0 0 0 0 0 0 0 0 0 0 0 0 0 0
0 0 34.52135 31.67536 29.03148 28.93608 21.32162 22.41162 21.09022 12.52418 12.631 19.91198 28.6373 27.82477 45.74418 38.24065 27.71253 27.23204 23.54941 30.84837 120.5552 165.8483 745.2122 1142.742 328.9442 183.4894 220.5628 276.916 174.1328 48.4218 40.8721 44.91893 49.08692 66.78791 85.07245 119.4021 448.9138 453.7698 486.3207 217.7534 87.28481 81.88358 99.18529 100.7682 192.567 276.8878 282.3989 211.0279 157.752 181.1158 1013.55 2311.534 5226.125 3359.94 0 0 0 27.95973 27.95973 21.00222 21.00546 21.00222 0 204.7857 204.7857 204.7857 204.7857 204.7857 0 0 0 0 0 0 0 0 0 0 0 0 0
0 0 64.66342 50.14245 32.35162 347.4219 455.2084 78.58995 25.15953 23.90786 26.43247 32.12192 32.13311 33.03405 136.862 169.4329 30.65534 30.65534 24.10981 20.45478 64.43153 98.24923 243.8478 169.435 73.40243 161.0599 231.0211 185.0771 55.11167 28.74891 28.32717 31.07433 29.92092 38.80069 55.25999 55.28263 56.50494 68.33961 56.4948 45.705 44.14357 46.13983 397.4583 76.92596 36.85884 42.86876 90.50539 96.15086 400.394 362.0219 539.0076 1495.052 1614.428 1278.897 456.4525 0 0 0 0 21.00222 21.00222 21.00222 0 0 0 0 0 0 0 0 0 0 0 0 0 0 0 0 0 0 0
0 0 86.77566 86.77566 0 0 914.7295 54.77081 46.72564 45.75706 45.75706 32.53078 24.23278 44.14486 53.49413 65.54755 22.72702 24.57862 28.82125 35.54065 39.31675 43.08362 113.3509 118.3456 69.689 26.30441 21.04696 20.17455 21.21444 22.17047 21.56531 20.95768 12.12995 10.08166 20.59892 50.69254 62.15056 43.945 38.11421 37.42819 37.65714 40.57501 257.9035 42.34867 76.55039 404.64 243.1894 394.976 401.8992 156.4429 211.6873 320.1324 324.0046 376.0143 294.4552 0 0 0 0 0 0 0 0 0 0 0 0 0 0 0 0 0 0 0 0 0 0 0 0 0 0
0 0 86.77567 86.77566 0 0 0 38.88042 37.95082 27.55396 22.41385 21.05501 25.15885 29.3121 32.46873 30.46339 19.823 30.9337 28.4029 45.25491 47.29594 45.20071 28.97058 19.85726 19.45751 19.57755 19.78063 23.79587 24.14927 24.43048 24.43048 27.7273 30.18649 27.61114 16.96358 62.3881 74.26441 21.63233 25.30639 31.68257 53.23521 39.98828 32.75742 30.58228 278.6405 368.2232 280.0332 95.48069 72.89257 71.62608 134.7263 121.0584 151.4978 165.6213 145.5573 0 0 0 0 0 0 19.81409 0 0 0 0 0 0 0 0 0 0 0 0 0 0 0 0 86.43696 0 0
0 0 86.77567 86.77566 0 0 16.55485 16.55485 16.55104 14.57058 32.85915 82.69241 76.55321 38.47716 32.69746 17.80701 14.33781 49.37293 45.10614 44.29643 20.90952 11.11265 12.18306 20.99679 46.57201 45.08618 54.13559 59.59551 45.80742 24.8714 24.43048 27.10074 36.88541 39.1609 38.09402 33.69712 28.35544 74.49681 148.8743 62.40501 61.38322 87.67316 70.57771 73.64836 63.3979 43.74482 41.17461 39.24295 42.30236 34.76416 274.2516 301.0857 151.7271 94.9976 84.00381 0 0 41.31902 41.31901 0 19.81409 19.81409 0 0 0 0 0 0 0 0 0 0 0 0 0 0 0 0 86.43695 86.43696 86.43696
0 0 0 86.77567 86.77567 0 0 0 16.55485 16.50712 102.6251 181.1243 206.1747 120.6969 41.74059 14.22543 14.22543 23.00003 40.50288 39.7215 29.8787 11.11356 11.11265 13.69062 60.16214 60.9184 60.9184 60.9184 56.43836 33.82719 30.36955 26.28785 25.9604 35.95105 37.50902 28.74997 20.4972 63.39253 63.2335 50.45435 59.14135 41.43622 59.12614 147.5254 200.4838 94.65475 173.6441 99.78239 36.35635 43.33975 106.7185 180.7048 73.91068 135.0693 110.8433 0 0 41.31901 41.31901 41.31901 19.81409 19.81409 19.81409 19.81409 38.04227 51.17134 51.17134 51.17134 0 0 0 0 0 20.69732 20.69732 0 0 0 0 0 86.43696
0 0 0 86.77567 84.10007 11.82985 11.82985 22.12205 16.33613 13.78132 13.68286 24.48495 124.8347 125.88 14.23426 13.1205 13.51551 12.55336 17.32562 19.31245 25.6113 19.62099 17.35554 31.09268 57.74854 60.52246 60.96543 61.11679 53.42409 35.17538 33.11162 30.00557 27.61209 27.46094 23.64893 48.03862 37.50075 53.36551 57.54588 66.87002 79.40591 92.88638 85.74138 272.4088 238.0171 124.5695 313.9281 125.2637 62.22633 46.72088 25.61124 32.84717 36.08291 45.55223 287.8188 0 0 0 0 0 0 0 27.57103 27.43098 24.25912 0 0 0 0 0 0 0 0 20.69732 20.69732 20.69732 20.69732 0 0 0 0
0 0 0 86.77566 58.47548 11.82985 20.5117 30.51357 23.48555 20.69579 17.74903 16.05096 17.47242 27.85716 19.63206 25.75623 21.96559 8.758922 8.758921 14.0003 26.53963 26.61693 26.61818 29.77309 30.72184 33.67861 57.31498 67.94869 69.86198 67.39806 59.82479 32.72297 32.35237 34.37388 56.86863 141.4857 94.68433 121.4697 79.75648 45.39404 47.78347 59.11387 147.9779 750.9095 1512.655 903.5495 366.9743 349.5446 52.97473 18.67643 19.14837 39.70831 39.85399 0 0 0 0 0 0 0 34.77173 31.24993 29.96792 24.25912 24.25912 0 0 0 0 0 0 0 0 0 0 20.69732 20.69732 20.69732 0 0 80.98752
0 0 0 0 30.82403 21.51552 25.8606 23.54315 23.41992 21.52063 18.17608 14.90357 15.47443 37.51573 59.42656 59.42656 59.15223 35.80829 37.78323 56.32385 51.75014 50.42988 33.69888 24.5009 23.88737 19.7309 15.0163 16.95987 27.78968 53.17475 63.82846 30.48695 30.75755 44.84075 50.83461 39.96962 59.28257 75.01557 73.5451 74.92319 250.728 166.216 213.7866 526.3555 435.5104 46.44627 43.70445 60.14411 77.47412 55.78764 24.03407 0 0 0 0 0 0 0 0 0 33.1496 30.58064 47.87143 49.26011 0 0 0 0 0 0 0 0 0 0 0 0 0 0 109.0467 109.0467 80.98752
0 0 0 0 15.38974 15.84393 42.03574 68.43123 27.50729 25.3152 18.89797 18.05227 20.71276 28.84882 55.43374 57.49581 50.07473 37.7165 71.73301 84.27357 84.27602 84.27602 84.05191 76.19953 67.89901 64.93743 51.03606 14.87241 14.09072 13.63195 34.24979 37.84966 53.10717 111.3741 77.36015 71.77982 128.7253 88.65838 73.2139 94.82121 401.1497 286.6665 33.12698 57.86666 116.8064 65.45964 39.72116 43.26899 53.61425 36.65077 0 0 0 18.45702 18.45702 18.45702 0 0 0 0 24.30322 35.18496 51.17134 51.17134 0 0 0 0 0 0 0 0 0 0 169.791 555.2685 677.9196 0 104.1174 101.0392 77.87301
0 0 0 18.61447 12.41027 11.77915 11.77915 28.66271 36.1727 32.81656 27.9909 23.85636 23.82595 29.77579 50.46523 52.76752 25.58902 27.42643 39.31255 55.00775 63.54103 70.54068 65.51306 69.6424 82.95947 99.89626 117.5076 85.88908 18.76784 22.84938 32.70266 33.2319 60.54555 104.5806 162.1976 290.2015 770.9682 893.9729 711.9519 57.9691 162.2323 117.9124 35.6967 34.54964 78.28435 71.80698 57.13554 143.135 153.5245 36.59715 0 0 0 18.45702 18.45702 18.45702 0 0 0 0 0 0 0 0 0 0 0 0 51.18456 51.18456 51.18456 51.18456 134.2172 169.791 169.791 161.3947 448.232 28.8002 28.8002 71.18104 97.27824
0 0 0 38.37897 38.22405 30.34196 19.90977 23.43522 38.24421 88.30811 145.4836 153.8052 110.1583 36.4411 32.40136 20.4941 17.65267 36.65145 42.38392 35.32423 35.57013 27.17758 21.34627 21.34627 21.34627 23.11354 39.88863 41.00755 25.42328 25.45544 27.93931 34.12322 75.13692 86.87936 128.8715 151.7311 952.291 832.1308 383.4915 271.4662 251.4674 46.245 39.60193 39.62558 45.78677 49.55888 69.22166 168.0331 647.0963 0 0 0 0 0 0 0 0 0 0 0 0 0 0 0 0 0 0 0 0 0 54.80381 54.80381 161.284 323.9442 530.5586 77.44456 47.26018 54.31707 51.58556 37.79015 51.95504
0 0 6.101502 27.21548 34.01958 38.37897 38.37897 40.50364 40.78892 46.20145 152.7606 190.3363 160.4037 32.23206 29.36785 29.22115 29.19661 27.67126 26.5044 26.80825 25.5151 22.77767 21.31114 22.58623 23.38448 23.42663 23.65255 24.12918 26.70001 38.16357 37.65726 47.00452 52.27611 70.39816 77.36469 60.52328 53.3805 60.89221 134.2257 263.4368 197.6318 126.7223 93.8382 90.32684 90.32683 0 0 0 0 0 0 21.94618 21.94618 0 0 0 0 0 0 0 0 0 0 0 0 0 0 0 0 0 54.80382 54.80383 54.80382 54.80382 124.8437 98.04881 85.99998 66.14294 84.11499 78.45675 31.55724
0 0 6.101501 6.101502 7.567229 17.74801 39.90697 48.92934 36.93699 44.77102 72.28761 136.9351 180.4091 48.63473 26.36641 30.29055 29.81159 20.87159 44.88457 61.5237 53.32803 23.84214 20.44843 20.81812 22.03788 22.35248 29.11232 34.56934 33.02034 35.66653 41.94442 43.00172 47.51725 64.11275 63.50732 62.63868 55.54608 49.39944 51.83997 102.267 147.075 281.5122 359.1225 96.99162 90.32683 0 0 0 0 0 0 19.86587 22.12138 22.34409 21.97735 25.0263 24.92124 24.92124 24.92125 0 0 0 15.26036 15.26036 0 0 0 0 0 0 0 0 0 0 124.2441 71.99091 59.60117 59.6272 57.03334 20.83766 15.04952
0 6.101501 6.101502 6.101501 5.696484 5.608697 38.37897 94.81126 149.6417 165.258 120.4534 109.4337 65.44514 32.48428 23.43962 30.61306 29.59289 22.30688 26.74129 24.12172 24.12172 30.24553 47.55871 21.9924 22.35704 19.78259 36.24514 39.65012 39.85692 32.14582 35.66667 47.53831 71.16161 177.7694 114.028 82.60612 61.99004 38.22983 96.93013 163.0665 496.4827 1186.601 1940.77 378.0702 378.0702 0 0 0 42.77867 391.6083 248.5076 44.06506 24.14775 29.36734 35.12473 39.24376 26.11416 28.15122 30.97276 34.07791 34.0779 0 15.26036 15.26036 13.72259 0 0 0 0 0 0 0 0 0 0 52.29354 84.18116 62.06301 32.97891 35.17521 61.77334
0 0 0 6.095515 5.416111 5.416049 5.416049 58.62466 537.7074 788.2991 767.3435 131.9108 64.29993 51.70365 50.57194 52.24373 35.57492 76.26717 47.58091 39.16629 35.06645 75.15673 80.26381 102.1178 109.635 35.66084 45.6815 30.0067 40.30731 39.34953 34.15762 30.30506 47.50392 148.0201 335.6887 863.3606 493.4799 271.1881 302.6526 314.3286 611.9185 882.2719 276.4459 152.0254 84.22358 114.294 117.1625 96.48868 53.6808 42.06538 40.80174 40.58344 43.02149 61.74844 55.70951 58.19279 93.32307 338.1489 63.93967 34.80959 34.1802 39.69236 40.63778 36.22581 32.71959 12.77338 12.77338 12.77338 0 0 0 0 0 53.53946 53.53946 53.43479 57.45618 108.8976 137.9445 194.7604 204.2343
0 0 0 0 0 5.416049 5.416049 5.416049 87.01245 753.531 1778.682 1378.452 523.3194 150.4365 102.0379 127.8543 229.6106 213.95 68.16314 56.73363 45.78928 57.80439 69.33456 92.3561 97.80234 28.09888 509.5788 271.2174 70.91337 33.78807 75.17286 104.6019 117.1014 181.6723 593.2333 1724.42 349.3704 129.6954 49.44843 30.24075 593.2791 655.8243 276.094 126.2409 94.4852 154.7065 77.00375 108.2186 82.6904 42.68719 42.08678 50.57272 68.03558 132.3207 159.2449 63.36274 146.7343 159.8886 134.1112 106.4918 298.9483 290.6557 166.3289 189.0328 43.23417 12.77338 0 0 0 0 0 0 0 53.53946 53.53946 0 35.9656 43.98536 50.56734 51.59717 30.17556
0 0 0 0 0 0 0 0 87.01244 87.01244 206.8161 1269.283 633.7977 163.348 83.97415 63.0906 85.18326 49.97388 55.02954 59.75554 46.08897 30.0541 29.47753 40.16212 50.94388 24.86868 166.4863 173.2561 58.31095 106.8503 131.4433 127.7047 70.56282 52.92175 111.4377 150.108 142.9906 76.28824 50.18893 30.24075 30.24075 17.44229 21.01083 34.13267 92.63628 164.1351 165.4957 87.89911 44.66154 44.18576 68.0239 64.84185 89.62914 155.9249 388.2795 381.7249 731.1964 637.9201 1270.568 411.545 280.7982 159.1387 56.07502 275.5793 145.9399 44.31281 0 0 0 0 0 0 0 0 0 0 81.87083 81.87083 116.4968 345.4986 383.9506
0 0 0 0 0 0 0 0 0 77.47021 58.60151 59.45706 0 0 59.13886 39.10783 31.90561 34.20119 31.50315 20.51705 19.90228 17.05169 19.95872 20.32863 24.28918 41.27494 27.96865 47.19814 62.49918 84.67068 104.9571 70.21612 36.55903 32.65244 42.12336 54.5609 45.87444 59.75993 77.23158 0 0 0 17.40591 17.20616 14.16855 14.14599 60.26697 89.10322 72.156 174.924 123.4778 122.7085 133.7671 215.7972 304.2073 807.4142 1693.585 3209.246 1598.424 137.8644 123.0333 101.5979 69.32742 69.98267 51.41574 41.23704 37.81238 0 0 0 0 0 0 0 0 0 110.2898 101.6903 99.6004 443.431 641.0311
0 0 0 0 0 0 0 0 0 10.27229 10.27229 10.27229 9.923295 0 0 24.82178 30.13247 34.77579 106.362 131.3773 36.50458 19.41635 22.21032 22.50704 35.58084 103.732 75.44305 54.45202 72.57769 48.41927 35.73351 37.87487 29.55271 23.99243 38.53119 103.0227 74.24178 37.36989 46.21241 40.11964 16.28578 16.28578 16.28578 16.28578 16.32826 19.16897 23.60518 28.0749 71.93131 161.1035 55.21777 106.3828 242.0989 146.1277 166.063 507.3236 780.0005 899.4328 807.8228 277.8956 211.2184 136.5457 242.075 181.5402 122.7949 134.1296 140.8084 740.4844 0 0 0 1019.191 0 0 617.6971 526.165 117.9442 152.5688 102.5448 69.99789 58.64921
0 0 0 0 0 0 0 0 0 10.27229 10.27229 10.27229 2.031126 2.343838 43.37519 43.37519 59.2647 91.0752 261.8903 152.7454 16.11915 19.89343 30.63225 31.36291 38.12267 65.68167 38.93499 23.4509 24.26978 22.64844 69.49094 61.69452 36.32569 23.771 27.64033 65.24429 58.58133 39.80564 34.44167 30.90257 0 0 7.350388 7.350388 0 26.88006 30.07579 41.62516 37.14429 29.04264 30.87215 84.42094 111.1573 94.87704 196.1977 118.5016 115.3971 141.9089 428.955 190.5001 226.8403 94.2824 110.8027 62.75805 61.79257 178.1786 442.9332 792.3822 796.2207 0 1019.191 1019.191 0 0 0 1011.532 400.3651 80.5724 48.01939 69.65632 74.46101
0 0 0 0 0 0 0 0 0 0 0 2.720173 1.414971 2.037257 42.81002 30.18644 30.98382 31.90809 42.88564 18.96529 17.86729 18.78194 26.94281 33.20926 39.4237 39.69245 30.16665 20.86472 20.86313 28.51938 129.3725 201.7218 94.09239 56.72371 187.1371 513.6118 294.1793 80.51037 30.56215 35.42957 36.39669 36.59591 36.4381 0 57.48462 528.2183 167.3166 37.6715 30.05535 35.63366 123.6597 144.7027 73.88026 66.93612 72.76163 81.3238 82.33105 87.92095 111.6946 151.3369 100.7419 34.87465 40.90842 65.0976 108.7466 92.99467 109.2909 298.6335 796.2206 0 0 0 0 0 0 0 16.34981 157.1228 228.0881 154.7497 104.0262
0 0 0 0 0 0 0 0 0 0 7.603938 7.603938 3.620946 0 0 23.95815 22.24369 22.78457 21.70282 18.53698 18.76497 18.17565 19.716 22.19139 40.98266 58.74247 28.44046 17.98571 24.29183 41.16862 52.87104 141.4317 53.61843 58.13132 187.1795 563.2866 220.0061 160.0213 28.19376 30.11161 33.71162 36.59591 36.59591 0 57.48461 57.48462 73.2999 73.54556 47.07867 42.29584 93.80405 105.7641 63.87894 59.55847 56.91858 41.24107 39.42052 46.61002 129.3657 209.6298 165.2616 89.57809 42.11236 54.38027 44.27947 41.32453 50.00932 56.01124 0 63.49787 0 0 0 0 0 0 16.3498 78.85815 87.03507 31.65565 26.40501
0 0 0 0 0 0 0 0 0 0 0 7.603938 7.603938 7.603939 7.603938 0 19.16509 19.44744 36.0171 39.63255 42.61691 17.80131 13.87007 28.39027 72.99509 72.52146 45.38814 17.84404 21.28959 21.01231 29.11296 39.24893 39.29812 39.85952 49.10687 49.54067 49.17428 48.36721 21.57865 18.72334 18.72334 0 0 0 0 0 0 31.88555 37.85973 69.39796 100.2659 45.29457 31.52411 39.93169 34.12291 20.69389 34.66904 54.50697 49.92136 106.7507 128.6936 98.59784 59.07124 38.4904 36.26397 41.44015 61.80689 63.49787 0 0 0 0 0 0 0 25.17006 17.83679 16.545 17.55289 17.79787 24.40472
0 0 0 0 0 0 0 0 0 0 0 7.603938 7.603938 7.603938 7.603938 40.22169 33.90374 44.26488 50.08108 49.03512 46.09046 22.69711 13.5026 12.3004 15.55209 19.45903 23.44571 23.69045 24.23211 23.62372 21.82598 29.46589 32.35407 33.34342 38.71776 47.46011 49.4375 73.4416 0 0 0 0 0 0 0 0 0 18.17158 18.17158 49.5495 56.41947 51.29943 50.34232 48.6609 33.44089 33.48208 36.61568 44.24853 52.47657 95.68379 56.37901 46.29852 39.79354 35.18534 60.90571 90.72249 87.95577 63.49788 0 39.1166 39.12312 0 0 0 0 25.17006 25.17006 0 0 0 0
0 0 0 0 0 0 0 0 0 0 0 7.603938 7.603938 7.603938 0 16.34406 16.10297 14.0134 21.26507 20.22886 16.71864 21.28588 24.97973 24.42468 21.77787 22.78573 23.76975 24.81146 24.96209 19.45407 15.38262 63.39129 51.50323 52.0936 56.85898 71.18897 73.4416 73.4416 0 0 0 125.5541 125.5541 0 0 0 0 18.17158 18.17158 56.21482 56.21482 56.21482 56.26434 365.4266 213.2936 74.01429 47.30257 58.06919 60.02854 93.1526 94.89388 161.8591 159.0865 111.9596 95.15393 85.03034 90.65189 0 29.95506 29.92091 24.65901 0 0 0 0 0 0 0 0 0 0
0 0 0 0 0 0 0 0 0 0 0 10.92473 7.603937 7.603938 0 16.26007 13.76845 18.40406 34.00866 34.17631 35.46317 47.70815 44.94559 46.38349 33.93273 25.93575 25.67368 24.35814 27.42743 32.65839 82.38086 170.6756 172.1048 482.0935 366.5741 105.7053 73.4416 70.05972 50.17514 125.5541 125.5541 125.3075 133.515 146.9326 82.74442 0 0 0 0 56.21481 56.04883 16.32062 50.39341 278.0709 533.2865 58.66643 45.50732 78.26846 110.1255 111.4106 115.4109 405.4749 1186.614 684.8298 281.7833 137.4724 124.0665 0 17.03411 18.00192 19.13468 0 0 0 0 0 0 0 0 0 0
0 0 0 0 0 0 0 0 0 0 0 0 0 0 0 13.60567 14.7726 17.13267 29.08863 25.76575 22.57966 39.27812 50.96161 49.04208 24.11309 19.66589 19.97409 19.5048 23.0161 46.00592 51.48615 61.20648 111.5928 404.8086 168.6516 60.11058 50.8228 50.32895 50.17514 66.75002 54.12858 44.51566 99.98911 102.3936 77.56007 97.41092 94.2879 87.87169 0 0 0 12.03499 12.03499 19.38583 19.38583 22.63976 20.20317 86.04076 60.91567 63.35881 97.25897 90.80879 187.0329 209.1714 480.7876 480.7875 0 7.496345 11.53918 14.8376 0 0 0 0 0 0 0 0 0 0 26.05841
0 0 0 0 0 0 0 0 0 0 0 0 0 0 0 20.85744 19.53853 17.33513 19.78032 25.72686 46.3674 69.59946 111.4497 24.28957 21.8219 20.34238 20.52871 20.95575 31.01073 32.49516 27.3995 21.94152 36.86092 56.12094 60.09441 53.30798 50.69684 50.69361 78.66598 57.34613 74.82278 97.91556 149.3903 95.44063 100.9904 101.9507 83.85394 76.73093 64.87852 0 0 0 57.66265 57.66265 0 0 14.2437 14.2437 14.2437 14.2437 35.82152 36.34647 41.24035 36.25618 32.32202 75.62209 47.04113 29.98843 18.74953 6.977647 0 0 0 0 0 0 17.30969 18.33684 29.67833 29.67833 26.05841
0 0 0 0 0 0 0 0 0 0 0 0 0 0 0 27.2898 27.2898 27.52702 34.91812 37.74067 232.2159 194.4366 62.13284 31.64801 25.79577 22.22927 21.59624 21.70844 42.8041 42.16817 32.52324 31.07952 35.02117 35.39101 36.15816 41.67483 50.25681 130.2903 198.4594 86.08801 99.25105 184.4305 449.2969 471.2787 277.9825 176.5316 119.6974 57.29218 53.02183 46.0224 0 0 0 56.14407 55.82626 45.81998 0 0 0 169.1911 169.1911 33.49195 34.0829 33.07467 171.9427 348.493 50.28125 42.26005 42.78501 0 0 0 22.7591 14.46183 12.97483 17.57986 17.58318 27.31392 29.67833 25.55129 22.73138
0 0 0 0 0 0 0 0 0 0 0 0 0 0 0 0 0 0 0 0 0 0 0 0 27.57582 22.2645 22.2635 22.63042 41.13579 48.03888 53.38998 60.21897 59.1805 34.76992 28.44444 31.04434 94.84275 180.8499 385.8896 189.8029 122.9847 236.1123 1035.998 1640.422 165.9894 83.83757 109.845 49.11941 46.02335 46.02241 0 0 0 36.5164 37.55964 36.46076 35.16406 180.4765 183.1781 169.1911 127.0992 37.9542 37.9542 37.9542 28.8861 29.19603 31.77345 39.80327 0 0 0 0 22.75911 20.28122 16.50029 17.29263 23.50499 26.92711 18.80848 18.23436 18.54062
0 0 0 0 0 0 0 0 0 0 0 0 0 0 0 0 0 0 0 0 0 0 0 0 0 0 0 0 0 39.14936 85.71132 87.38464 87.38464 136.5872 71.13592 52.45174 197.8945 0 0 118.1414 118.1414 118.1415 118.1415 0 39.13854 39.13854 39.13854 40.98889 46.02241 46.0224 0 0 0 0 0 35.06869 33.73442 29.87381 43.22363 159.6053 169.1911 0 32.09951 32.09951 32.04253 30.25054 28.98598 29.28826 0 0 22.20375 22.20375 22.75911 23.82976 137.5506 296.0806 93.51605 23.01574 19.59785 22.92266 21.97131
0 0 0 0 0 0 0 0 0 0 0 0 0 0 0 0 0 0 0 0 0 0 0 0 0 0 0 0 0 0 0 103.9563 0 0 0 0 0 0 0 0 0 0 0 0 0 0 0 0 0 0 0 0 0 0 0 0 0 29.71711 29.71711 0 0 0 32.09951 31.86815 27.96025 20.60676 10.29698 0 0 0 22.20375 22.20375 22.21373 25.04031 135.2288 434.8681 69.1721 19.16368 75.28723 58.09933 24.12855
