Scenarios/Heterogeneous/data/country_data_population_distribution/processed/density_grids/dza.asc
ncols 503
nrows 459
xllcorner -8
yllcorner 18
[rows 140 to 167 of 459, columns 189 to 251 of 503]
0.7981503 0.7981503 0.7981504 0.7981504 0.7981503 0.8015643 0.9098537 0.9141725 0.9141725 0.9141725 0.9141725 0.9141725 0.9141725 0.9141725 0.9141725 0.9141725 0.9141724 0.9141725 0.9141725 0.9141725 0.9141725 0.9141725 0.9141725 0.9141725 0.9141725 0.4782022 0.1192294 0.1192294 0.1192294 0.1192294 0.1192294 0.1192294 0.1192294 0.1192294 0.1192294 0.1192294 0.1192294 0.1192294 0.1192294 0.1192294 0.1192294 0.1192294 0.1192294 0.1192294 0.1192294 0.1192294 0.1192294 0.1192294 0.1192294 0.1192294 0.1192294 0.1192294 0.1192294 0.1192294 0.1192294 0.1192294 0.1192294 6.162294 8.668575 8.668575 8.668576 8.668576 7.176657
0.7981504 0.7981504 0.7981504 0.7981504 0.7981504 0.7981708 0.9021404 0.9141725 0.9141725 0.9141725 0.9141725 0.9141725 0.9141725 0.9141725 0.9141725 0.9141725 0.9141725 0.9141725 0.9141725 0.9141725 0.9141725 0.9141725 0.9141725 0.9141725 0.9141725 0.2693946 0.1192294 0.1192294 0.1192294 0.1192294 0.1192294 0.1192294 0.1192294 0.1192294 0.1192294 0.1192294 0.1192294 0.1192294 0.1192294 0.1192294 0.1192294 0.1192294 0.1192294 0.1192294 0.1192294 0.1192294 0.1192294 0.1192294 0.1192294 0.1192294 0.1192294 0.1192294 0.1192294 0.1192294 0.1192294 0.1192294 0.1192294 6.083575 8.668575 8.668575 7.737032 3.760951 1.031354
0.7981504 0.7981504 0.7981504 0.7981504 0.7981504 0.7981504 0.8483308 0.9141725 0.9141725 0.9141725 0.9141725 0.9141725 0.9141725 0.9141725 0.9141725 0.9141725 0.9141725 0.9141725 0.9141725 0.9141725 0.9141725 0.9141725 0.9141725 0.9141725 0.7639318 0.1192346 0.1192294 0.1192294 0.1192294 0.1192294 0.1192294 0.1192294 0.1192294 0.1192294 0.1192294 0.1192294 0.1192294 0.1192294 0.1192294 0.1192294 0.1192294 0.1192294 0.1192294 0.1192294 0.1192294 0.1192294 0.1192294 0.1192294 0.1192294 0.1192294 0.1192294 0.1192294 0.1192294 0.1192294 0.1192294 0.1192294 0.1192294 5.871236 8.032315 4.3578 1.200148 0.9777659 0.9777659
0.7981504 0.7981504 0.7981503 0.7981504 0.7981504 0.7981504 0.7981619 0.8996648 0.9141725 0.9141725 0.9141725 0.9141725 0.9141725 0.9141725 0.9141725 0.9141725 0.9141725 0.9141725 0.9141725 0.9141725 0.9141725 0.9141725 0.9141725 0.9141725 0.8699211 0.4030733 0.1192897 0.1192294 0.1192294 0.1192294 0.1192294 0.1192294 0.1192294 0.1192294 0.1192294 0.1192294 0.1192294 0.1192294 0.1192294 0.1192294 0.1192294 0.1192294 0.1192294 0.1192294 0.1192294 0.1192294 0.1192294 0.1192294 0.1192294 0.1192294 0.1192294 0.1192294 0.1192294 0.1192294 0.1192294 0.1192294 0.138106 2.787467 1.373215 0.9777659 0.9777658 0.9777659 0.9777658
0.7981504 0.7981504 0.7981504 0.7981504 0.7981504 0.7981504 0.7981504 0.8497211 0.9141725 0.9141724 0.9141725 0.9141725 0.9141725 0.9141725 0.9141725 0.9141725 0.9141725 0.9141725 0.9141725 0.9141725 0.9141725 0.9141725 0.9141725 0.9141725 0.9141725 0.9141725 0.6390454 0.1686467 0.1192294 0.1192294 0.1192294 0.1192294 0.1192294 0.1192294 0.1192294 0.1192294 0.1192294 0.1192294 0.1192294 0.1192294 0.1192294 0.1192294 0.1192294 0.1192294 0.1192294 0.1192294 0.1192294 0.1192294 0.1192294 0.1192294 0.1192294 0.1192294 0.1192294 0.1192294 0.1192294 0.3153637 0.7320467 0.9329228 0.9777659 0.9777659 0.9777659 0.9777659 0.9777659
0.7981504 0.7981504 0.7981504 0.7981504 0.7981504 0.7981503 0.7981504 0.828757 0.9141726 0.9141725 0.9141726 0.9141725 0.9141726 0.9141726 0.9141725 0.9141725 0.9141725 0.9141725 0.9141726 0.9141726 0.9141726 0.9141725 0.9141726 0.9141726 0.9141725 0.9141725 0.9141725 0.8184137 0.3116807 0.1192295 0.1192295 0.1192295 0.1192295 0.1192294 0.1192295 0.1192294 0.1192295 0.1192294 0.1192295 0.1192295 0.1192295 0.1192294 0.1192295 0.1192294 0.1192295 0.1192295 0.1192295 0.1192295 0.1192294 0.1192295 0.1192295 0.1192295 0.1192295 0.1968199 0.601119 0.8419141 0.8424132 0.9401286 0.977766 0.977766 0.977766 0.977766 0.977766
0.7981504 0.7981504 0.7981504 0.7981504 0.7981504 0.7981504 0.7981504 0.8527889 0.9141725 0.9141726 0.9141725 0.9141725 0.9141725 0.9141725 0.9141725 0.9141726 0.9141725 0.9141725 0.9141725 0.9141725 0.9141725 0.9141725 0.9141726 0.9141725 0.9141725 0.9141725 0.9141725 0.9141725 0.9052787 0.5313335 0.1319982 0.1192294 0.1192294 0.1192294 0.1192294 0.1192295 0.1192294 0.1192294 0.1192294 0.1192294 0.1192294 0.1192294 0.1192294 0.1192294 0.1192294 0.1192294 0.1192295 0.1192294 0.1192295 0.1192294 0.1192295 0.1364326 0.4549255 0.8074323 0.8424131 0.8424131 0.8439917 0.9570988 0.977766 0.9777659 0.977766 0.977766 0.977766
0.7981504 0.7981504 0.7981504 0.7981504 0.7981504 0.7981504 0.7981503 0.8095645 0.9122671 0.9141725 0.9141724 0.9141724 0.9141724 0.9141724 0.9141724 0.9141725 0.9141724 0.9141724 0.9141724 0.9141724 0.9141724 0.9141724 0.9141724 0.9141725 0.9141724 0.9141724 0.9141724 0.9141724 0.9141724 0.9141724 0.7390844 0.2462812 0.1192294 0.1192294 0.1192294 0.1192294 0.1192294 0.1192294 0.1192294 0.1192294 0.1192294 0.1192294 0.1192294 0.1192294 0.1192294 0.1192294 0.1192294 0.1192294 0.1192294 0.1192294 0.3025893 0.7317358 0.8424132 0.8424131 0.8424132 0.8424131 0.9097447 0.9777659 0.9777659 0.9777659 0.9777659 0.9777659 0.9777659
0.7981504 0.7981504 0.7981504 0.7981504 0.7981504 0.7981504 0.7981504 0.7981504 0.8780938 0.9141725 0.9141725 0.9141725 0.9141725 0.9141725 0.9141725 0.9141725 0.9141725 0.9141725 0.9141725 0.9141725 0.9141725 0.9141725 0.9141725 0.9141725 0.9141725 0.9141725 0.9141725 0.9141725 0.9141725 0.9141725 0.9141725 0.8870994 0.4486421 0.1207246 0.1192294 0.1192294 0.1192294 0.1192294 0.1192294 0.1192295 0.1192294 0.1192295 0.1192294 0.1192295 0.1192294 0.1192295 0.1192295 0.1192294 0.1815788 0.577842 0.840458 0.8424132 0.8424132 0.8424132 0.8424132 0.8844459 0.9762128 0.9777659 0.9777659 0.9777659 0.9777659 0.9777659 0.9777659
0.7981504 0.7981504 0.7981504 0.7981504 0.7981504 0.7981504 0.7981504 0.7981504 0.8319264 0.9141725 0.9141725 0.9141725 0.9141724 0.9141725 0.9141724 0.9139333 0.9122348 0.9131285 0.9141724 0.9141725 0.9141724 0.9141725 0.9141725 0.9141725 0.9141724 0.9141725 0.9141724 0.9141725 0.9141725 0.9141725 0.9141724 0.9141725 0.9141724 0.6691446 0.181697 0.1192294 0.1192294 0.1192294 0.1192294 0.1192294 0.1192294 0.1192294 0.1192294 0.1192294 0.1192294 0.1192294 0.1243436 0.4096247 0.792963 0.8424131 0.8424132 0.8424131 0.8424131 0.8424131 0.8704884 0.9733824 0.9777659 0.9777658 0.9777659 0.9777659 0.9777659 0.9777659 0.9777659
0.7981504 0.7981504 0.7981504 0.7827983 0.7055799 0.626314 0.5846238 0.6268718 0.6694173 0.893721 0.8923352 0.8904092 0.8883826 0.886352 0.8843136 0.8825175 0.8822498 0.8849334 0.8997166 0.9128617 0.9141725 0.9141725 0.9141725 0.9141725 0.9141725 0.9141725 0.9141725 0.9141725 0.9141725 0.9141725 0.9141725 0.9141725 0.9141725 0.9141725 0.833488 0.3311017 0.1192294 0.1192295 0.1192294 0.1192295 0.1192294 0.1192295 0.1192294 0.1192295 0.1192294 0.2455592 0.6807634 0.8424132 0.8424132 0.8424132 0.8424132 0.8424132 0.8424132 0.8531442 0.9617556 0.9777659 0.9777659 0.9777659 0.9777659 0.9777659 0.9777659 0.977766 0.9777659
0.5744855 0.4949275 0.4163438 0.3515964 0.3451521 0.3451521 0.3467305 0.5206301 0.8614364 0.8822499 0.88225 0.8822499 0.88225 0.8822499 0.88225 0.8822499 0.8822498 0.8822499 0.8822498 0.8850314 0.8995534 0.912766 0.9141725 0.9141725 0.9141725 0.9141725 0.9141725 0.9141725 0.9141725 0.9141725 0.9141725 0.9141725 0.9141725 0.9141725 0.9141725 0.90877 0.5515059 0.1387085 0.1192295 0.1192294 0.1192295 0.1192294 0.1192295 0.1435441 0.4967877 0.8273891 0.8424131 0.8424132 0.8424132 0.8424132 0.8424131 0.8424132 0.8439829 0.9414771 0.9777659 0.9777659 0.9777658 0.9777658 0.9777658 0.9777659 0.9777658 0.9777658 0.9777658
0.3451521 0.3451521 0.3451521 0.3451521 0.3451521 0.4318185 0.8054175 0.8822498 0.8822498 0.8822498 0.8822499 0.8822498 0.8822499 0.8822498 0.8822499 0.8822498 0.8822499 0.8822498 0.8822499 0.8822498 0.8822499 0.8849121 0.8993827 0.9126949 0.9141725 0.9141725 0.9141725 0.9141725 0.9141725 0.9141725 0.9141725 0.9141725 0.9141725 0.9141725 0.9141725 0.9141725 0.9141725 0.7596004 0.2413967 0.1192294 0.1192295 0.1192294 0.3079743 0.7387001 0.8424132 0.8424131 0.8424131 0.8424132 0.8424132 0.8424132 0.8424131 0.8424132 0.9136072 0.977766 0.9777659 0.977766 0.9777659 0.977766 0.9777659 0.977766 0.9777659 0.9777659 0.9777659
0.3451521 0.3451521 0.3451521 0.3451521 0.4732785 0.845275 0.8822499 0.8822499 0.8822498 0.8822499 0.8822499 0.8822499 0.8822499 0.8822499 0.8822499 0.8822499 0.8822499 0.8822499 0.8822499 0.8822499 0.8822499 0.8822499 0.8822499 0.7606549 0.6790524 0.7255399 0.7695451 0.8158953 0.8501746 0.8128254 0.7664874 0.7227547 0.6785637 0.6901682 0.7330812 0.7760674 0.8197629 0.8633738 0.8677776 0.4154442 0.1744357 0.5723227 0.8405154 0.8424131 0.8424132 0.8424131 0.8424131 0.8424132 0.8424132 0.8424131 0.8424131 0.8847604 0.9771731 0.977766 0.9777659 0.9777659 0.9777659 0.977766 0.9777659 0.9777659 0.9777659 0.9777659 0.9777659
0.3451521 0.3451521 0.3451521 0.5192056 0.8652854 0.8822499 0.8822499 0.8822499 0.8822499 0.8822498 0.8822499 0.8822499 0.8822499 0.8822499 0.8822499 0.8822498 0.8822499 0.8822499 0.8822499 0.8822499 0.8822499 0.8822499 0.7742181 0.5757553 0.5734265 0.5734264 0.5734265 0.5734265 0.5734265 0.5734265 0.5734265 0.5734265 0.5734265 0.5734265 0.5734265 0.5734264 0.5734265 0.5734265 0.5750966 0.6545797 0.8049857 0.8424132 0.8424132 0.8424132 0.8424132 0.8424131 0.8424132 0.8424132 0.8424132 0.8424132 0.8523329 0.9687301 0.9777658 0.9777659 0.9777659 0.9777659 0.977766 0.9777659 0.9777659 0.9777659 0.977766 0.9777659 0.9777659
0.3451521 0.3451521 0.5648253 0.8765005 0.8822499 0.8822499 0.8822499 0.8822499 0.8822499 0.8822499 0.8822499 0.8822499 0.8822499 0.8822499 0.8822499 0.8822499 0.8822499 0.8822499 0.8822499 0.8822499 0.8822499 0.795301 0.5800651 0.5734265 0.5734265 0.5734265 0.5734265 0.5734265 0.5734265 0.5734265 0.5734265 0.5734265 0.5734265 0.5734265 0.5734265 0.5734265 0.5734265 0.5734265 0.6227592 0.8213173 0.8424132 0.8424132 0.8424132 0.8424132 0.8424132 0.8424132 0.8424132 0.8424132 0.8424132 0.8424132 0.9179832 0.9777659 0.9777659 0.9777659 0.9777659 0.9777659 0.9777659 0.9777659 0.9777659 0.9777659 0.9777659 0.9777659 0.9777659
0.346755 0.6211197 0.8816484 0.8822499 0.8822499 0.8822499 0.8822499 0.8822499 0.8822499 0.8822499 0.8822499 0.8822499 0.8822499 0.8822499 0.8822499 0.8822499 0.8822499 0.8822499 0.8822499 0.8822499 0.8137795 0.5867509 0.5734264 0.5734264 0.5734265 0.5734265 0.5734265 0.5734264 0.5734264 0.5734264 0.5734265 0.5734264 0.5734265 0.5734264 0.5734265 0.5734265 0.5734265 0.6233094 0.8216745 0.8424132 0.8424132 0.8424132 0.8424132 0.8424131 0.8424132 0.8424132 0.8424131 0.8424132 0.8424131 0.8604057 0.9743254 0.9777659 0.9777659 0.977766 0.9777659 0.977766 0.9777659 0.977766 0.9777659 0.977766 0.9777659 0.9777659 0.9777659
0.6826706 0.8822498 0.88225 0.88225 0.8822498 0.88225 0.8822498 0.88225 0.8822498 0.88225 0.8822498 0.88225 0.88225 0.88225 0.8822498 0.88225 0.88225 0.88225 0.8822498 0.8279013 0.5946988 0.5734265 0.5734265 0.5734265 0.5734265 0.5734265 0.5734265 0.5734265 0.5734265 0.5734265 0.5734265 0.5734265 0.5734265 0.5734265 0.5734265 0.5734265 0.6238626 0.8220286 0.8424131 0.8424132 0.8424131 0.8424132 0.8424131 0.8424132 0.8424131 0.8424132 0.8424131 0.8424131 0.8424132 0.9313 0.977766 0.9777659 0.9777659 0.9777659 0.977766 0.9777659 0.9777659 0.9777659 0.9777659 0.9777659 0.9777659 0.9777659 0.9777659
0.8822499 0.8822499 0.8822498 0.8822498 0.8822499 0.8822499 0.8822499 0.8822499 0.8822499 0.8822498 0.8822499 0.8822499 0.8822499 0.8822499 0.8822499 0.8822498 0.8822499 0.8822498 0.8416687 0.6043254 0.5734265 0.5734265 0.5734265 0.5734265 0.5734265 0.5734265 0.5734265 0.5734265 0.5734265 0.5734265 0.5734265 0.5734264 0.5734265 0.5734264 0.5734265 0.6237757 0.8222905 0.8424132 0.8424132 0.8424132 0.8424132 0.8424131 0.8424132 0.8424132 0.8424132 0.8424132 0.8424132 0.8424132 0.8708639 0.9771841 0.9777659 0.9777659 0.9777658 0.9777659 0.9777658 0.9777659 0.9777659 0.9777659 0.9777659 0.9777659 0.9777659 0.9777659 0.9777659
0.8822498 0.8822498 0.8822498 0.88225 0.8822498 0.8822498 0.8822498 0.8822498 0.8822498 0.88225 0.8822498 0.8822498 0.8822498 0.8822498 0.8822498 0.88225 0.8808943 0.8005986 0.6174054 0.5734265 0.5734264 0.5734265 0.5734265 0.5734265 0.5734264 0.5734265 0.5734264 0.5734265 0.5734265 0.5734265 0.5734265 0.5734265 0.5734265 0.5734265 0.623323 0.8220055 0.8424131 0.8424131 0.8424131 0.8424131 0.8424131 0.8424132 0.8424131 0.8424131 0.8424131 0.8424131 0.8424131 0.8425216 0.9445086 0.9777659 0.9777659 0.9777659 0.9777659 0.9777659 0.9777659 0.9777659 0.9777659 0.9777659 0.9777659 0.9777659 0.9777659 0.9777659 0.9777659
0.8822499 0.8822499 0.8822498 0.8822499 0.8822499 0.8822498 0.8822499 0.8822498 0.8822499 0.8822499 0.8822499 0.8822499 0.8822499 0.8822498 0.8822499 0.802213 0.6202467 0.5734264 0.5734265 0.5734264 0.5734265 0.5734264 0.5734265 0.5734264 0.5734265 0.5734264 0.5734265 0.5734264 0.5734265 0.5734264 0.5734265 0.5734264 0.5734265 0.6228723 0.8217155 0.8424131 0.8424132 0.8424131 0.8424132 0.8424131 0.8424132 0.8424132 0.8424132 0.8424131 0.8424132 0.8424131 0.8424131 0.8835992 0.9777658 0.9777659 0.9777658 0.9777659 0.9777658 0.9777659 0.9777658 0.9777659 0.9777658 0.9777659 0.9777658 0.9777659 0.9777658 0.9777659 0.9777658
0.8822499 0.8822498 0.8822499 0.8822499 0.8822498 0.8822499 0.8822498 0.8822499 0.8822498 0.8822499 0.8822498 0.8822499 0.8822498 0.8822499 0.8041387 0.5854499 0.5734264 0.5734264 0.5734265 0.5734264 0.5734264 0.5734264 0.5734265 0.5734264 0.5734264 0.5734264 0.5734265 0.5734264 0.5734264 0.5734264 0.5734264 0.5734264 0.6224236 0.8214236 0.8424131 0.8424132 0.8424131 0.8424132 0.8424131 0.8424131 0.8424131 0.8424132 0.8424131 0.8424132 0.8424131 0.8424132 0.8444343 0.9559128 0.9777659 0.9777659 0.9777659 0.9777659 0.9777659 0.9777659 0.9777659 0.9777659 0.9777659 0.9777659 0.9777659 0.9777659 0.9777659 0.9777659 0.9777659
0.88225 0.8822498 0.88225 0.8822498 0.8822498 0.88225 0.88225 0.88225 0.8822498 0.8822498 0.8822498 0.88225 0.88225 0.8084849 0.587194 0.5734264 0.5734265 0.5734265 0.5734265 0.5734265 0.5734265 0.5734265 0.5734265 0.5734265 0.5734265 0.5734265 0.5734265 0.5715808 0.5607013 0.5708321 0.5734265 0.6219772 0.8211297 0.8424132 0.8424132 0.8424131 0.8424132 0.8424132 0.8424132 0.8424132 0.8424132 0.8424131 0.8424132 0.8424132 0.8424132 0.8424132 0.8969161 0.9777659 0.9777659 0.9777659 0.9777659 0.9777659 0.9777659 0.9777659 0.9777659 0.9777659 0.9777659 0.9777659 0.9777659 0.9777659 0.9777659 0.9777659 0.9777659
0.8822499 0.8822498 0.8822499 0.8822499 0.8822498 0.8822499 0.8822498 0.8822499 0.8822498 0.8822499 0.8822498 0.8822499 0.8144581 0.5894906 0.5734265 0.5734265 0.5734265 0.5734265 0.5734264 0.5734265 0.5734265 0.5734265 0.5734265 0.5734265 0.5706171 0.5461184 0.5172724 0.4907669 0.484828 0.4854887 0.6598929 0.9411795 0.8424132 0.8424132 0.8424131 0.8424132 0.8424132 0.8424132 0.8424132 0.8424132 0.8424132 0.8424132 0.8424132 0.8424132 0.8424132 0.8487329 0.9649312 0.9777659 0.9777659 0.9777659 0.9777659 0.9777659 0.9777659 0.9777659 0.9777659 0.9777659 0.9777659 0.9777659 0.9777659 0.9777659 0.9777659 0.9777659 0.9777659
0.88225 0.88225 0.88225 0.8822498 0.8822498 0.88225 0.88225 0.88225 0.88225 0.8822498 0.8822498 0.8204523 0.5926145 0.5734265 0.5734264 0.5734264 0.5734264 0.5734265 0.5734264 0.5734265 0.5734265 0.5734265 0.5733846 0.5328988 0.4891915 0.4848281 0.4848281 0.4848281 0.4848281 0.4848281 1.677411 0.9798768 0.8424131 0.8424132 0.8424131 0.8424131 0.8424131 0.8424132 0.8424132 0.8424132 0.8424131 0.8424132 0.8424131 0.8424132 0.8424132 0.9086184 0.9777659 0.9777659 0.9777659 0.9777659 0.9777659 0.9777659 0.9777659 0.9777659 0.9777659 0.9777659 0.9777659 0.9777659 0.9777659 0.9777659 0.9777659 0.9777659 0.9777659
0.8822499 0.8822499 0.8822499 0.8822499 0.8822499 0.8822499 0.8822499 0.8822499 0.8822498 0.8822499 0.8251034 0.5958503 0.5734264 0.5734264 0.5734264 0.5734265 0.5734264 0.5734264 0.5734264 0.5734264 0.5734264 0.5720674 0.5207398 0.484828 0.484828 0.484828 0.484828 0.484828 0.484828 1.04535 2.262586 0.9320511 0.8424131 0.8424132 0.8424131 0.8424132 0.8424131 0.8424131 0.8424131 0.8424131 0.8424131 0.8424132 0.8424131 0.8424132 0.8426993 0.959986 0.9777659 0.9777659 0.9777659 0.9777659 0.9777659 0.9777659 0.9777659 0.9777659 0.9777659 0.9777659 0.9777659 0.9777659 0.9777659 0.9777659 0.9777659 0.9777659 0.9777659
0.8822499 0.8822499 0.8822499 0.8822499 0.8822499 0.8822499 0.8822499 0.8822499 0.8822499 0.8290255 0.5984216 0.5734264 0.5734264 0.5734264 0.5734264 0.5734265 0.5734264 0.5734264 0.5734265 0.5734264 0.5686861 0.5098549 0.484828 0.484828 0.484828 0.484828 0.484828 0.484828 0.5951042 2.075684 2.262632 0.887595 0.8424131 0.8424132 0.8424131 0.8424132 0.8424131 0.8424132 0.8424131 0.8424132 0.8424131 0.8424132 0.8424131 0.8424132 0.8700771 0.9777659 0.9777659 0.9777659 0.9777659 0.9777659 0.9777659 0.9777659 0.9777659 0.9777659 0.9777659 0.9777659 0.9777659 0.9777659 0.9777659 0.9777659 0.9777659 0.9777659 0.9777659
0.8822498 0.8822498 0.8822498 0.88225 0.8822498 0.8822498 0.8822498 0.88225 0.8332044 0.6011312 0.5734264 0.5734265 0.5734264 0.5734265 0.5734264 0.5734265 0.5734264 0.5734265 0.5734264 0.5651461 0.5011702 0.484828 0.484828 0.484828 0.484828 0.484828 0.484828 0.484828 1.572135 2.262632 2.257762 0.8548936 0.8424131 0.8424132 0.8424131 0.8424132 0.8424131 0.8424132 0.8424131 0.8424132 0.8424131 0.8424132 0.8424131 0.8424132 0.9152348 0.9777659 0.9777659 0.9777658 0.9777659 0.9777658 0.9777659 0.9777658 0.9777659 0.9777658 0.9777659 0.9777658 0.9777659 0.9777658 0.9777659 0.9777658 0.9777658 0.9777659 0.9777659
