Scenarios/Heterogeneous/data/country_data_population_distribution/processed/density_grids/dza.asc
ncols 503
nrows 459
xllcorner -8
yllcorner 18
[rows 196 to 223 of 459, columns 189 to 251 of 503]
1.344249 1.344249 1.344249 1.344249 1.344249 1.344249 1.344249 1.344249 1.344249 1.362309 3.001601 5.557659 6.184957 6.184957 6.184957 6.184957 6.184957 5.974169 5.422347 5.422347 5.422347 5.422347 5.422347 5.422347 5.422347 5.422347 5.638465 8.495876 8.521369 8.521369 8.521368 8.521369 8.521368 8.521369 8.521368 8.521369 8.521368 5.071736 1.021922 1.021922 1.021922 1.021922 1.021922 1.021922 1.021922 1.021922 1.021922 1.021922 1.021922 1.021922 1.021922 1.021922 1.021922 1.021922 1.021922 1.021922 1.021922 1.021922 1.021922 1.021922 1.021922 1.021922 1.021922
1.344249 1.344249 1.344249 1.344249 1.344249 1.344249 1.344249 1.344249 1.344249 1.344249 1.344249 1.479716 3.543769 5.87324 6.184957 6.184957 6.069821 5.548308 5.422347 5.422347 5.422347 5.422347 5.422347 5.422347 5.422347 5.422347 6.393067 8.521368 8.521368 8.521368 8.521368 8.521368 8.521368 8.521368 8.521368 8.521368 8.479415 2.077276 1.021922 1.021922 1.021922 1.021922 1.021922 1.021922 1.021922 1.021922 1.021922 1.021922 1.021922 1.021922 1.021922 1.021922 1.021922 1.021922 1.021922 1.021922 1.021922 1.021922 1.021922 1.021922 1.021922 1.021922 1.021922
1.344249 1.344249 1.344249 1.344249 1.344249 1.344249 1.344249 1.344249 1.344249 1.344249 1.344249 1.344249 1.344249 1.706334 4.085962 5.828074 5.461458 5.422347 5.422347 5.422348 5.422347 5.422348 5.422347 5.422347 5.422347 5.422347 7.173161 8.521369 8.521369 8.521369 8.521369 8.521369 8.521369 8.521369 8.521369 8.521368 6.498357 1.021922 1.021922 1.021922 1.021922 1.021922 1.021922 1.021922 1.021922 1.021922 1.021922 1.021922 1.021922 1.021922 1.021922 1.021922 1.021922 1.021922 1.021922 1.021922 1.021922 1.021922 1.021922 1.021922 1.021922 1.021922 1.021922
1.344249 1.344249 1.344249 1.344249 1.344249 1.344249 1.344249 1.344249 1.344249 1.344249 1.344249 1.344249 1.344249 1.344249 1.344249 2.140172 4.755648 5.422347 5.422347 5.422347 5.422347 5.422347 5.422347 5.422347 5.422347 5.422347 7.953253 8.521368 8.521368 8.521368 8.521368 8.521368 8.521368 8.521368 8.521368 8.521368 3.461945 1.021922 1.021922 1.021922 1.021922 1.021922 1.021922 1.021922 1.021922 1.021922 1.021922 1.021922 1.021922 1.021922 1.021922 1.021922 1.021922 1.021922 1.021922 1.021922 1.021922 1.021922 1.021922 1.021922 1.021922 1.021922 1.021922
1.344249 1.344249 1.344249 1.344249 1.344249 1.344249 1.344249 1.344249 1.344249 1.344249 1.344249 1.344249 1.344249 1.344249 1.344249 1.344249 1.486277 3.667734 5.403186 5.422347 5.422347 5.422347 5.422347 5.422347 5.422347 5.639193 8.487642 8.521368 8.521368 8.521368 8.521368 8.521368 8.521368 8.521368 8.521368 7.782602 1.161857 1.021922 1.021922 1.021922 1.021922 1.021922 1.021922 1.021922 1.021922 1.021922 1.021922 1.021922 1.021922 1.021922 1.021922 1.021922 1.021922 1.021922 1.021922 1.021922 1.021922 1.021922 1.021922 1.021922 1.021922 1.021922 1.021922
1.344249 1.344249 1.344249 1.344249 1.344249 1.344249 1.344249 1.344249 1.344249 1.344249 1.344249 1.344249 1.344249 1.344249 1.344249 1.344249 1.344249 1.344249 2.457038 4.994941 5.422347 5.422347 5.422347 5.422347 5.422347 6.035845 7.357812 7.518196 7.691985 7.865783 8.039592 8.214742 8.492459 8.521369 8.521368 4.667226 1.021922 1.021922 1.021922 1.021922 1.021922 1.021922 1.021922 1.021922 1.021922 1.021922 1.021922 1.021922 1.021922 1.021922 1.021922 1.021922 1.021922 1.021922 1.021922 1.021922 1.021922 1.021922 1.021922 1.021922 1.021922 1.021922 1.021922
1.344249 1.344249 1.344249 1.344249 1.344249 1.344249 1.344249 1.344249 1.344249 1.344249 1.344249 1.344249 1.344249 1.344249 1.344249 1.344249 1.344249 1.344249 1.344249 1.635419 4.05559 5.422347 5.422347 5.422347 5.422347 6.522136 7.325761 7.325761 7.325761 7.325761 7.325761 7.325761 7.665124 8.477742 8.212735 1.580519 1.021922 1.021922 1.021922 1.021922 1.021922 1.021922 1.021922 1.021922 1.021922 1.021922 1.021922 1.021922 1.021922 1.021922 1.021922 1.021922 1.021922 1.021922 1.021922 1.021922 1.021922 1.021922 1.021922 1.021922 1.021922 1.021922 1.021922
1.344249 1.344249 1.344249 1.344249 1.344249 1.344249 1.344249 1.344249 1.344249 1.344249 1.344249 1.344249 1.344249 1.344249 1.344249 1.344249 1.344249 1.344249 1.344249 1.344249 1.344841 2.826287 5.181259 5.422347 5.422347 7.008428 7.325761 7.325761 7.325761 7.325761 7.325761 7.325761 7.325761 7.62438 5.315986 1.021922 1.021922 1.021922 1.021922 1.021922 1.021922 1.021922 1.021922 1.021922 1.021922 1.021922 1.021922 1.021922 1.021922 1.021922 1.021922 1.021922 1.021922 1.021922 1.021922 1.021922 1.021922 1.021922 1.021922 1.021922 1.021922 1.021922 1.021922
1.344249 1.344249 1.344249 1.344249 1.344249 1.344249 1.344249 1.344249 1.344249 1.344249 1.344249 1.344249 1.344249 1.344249 1.344249 1.344249 1.344249 1.344249 1.344249 1.344249 1.344249 1.344249 1.83753 4.409638 5.596965 7.3201 7.325761 7.325761 7.325761 7.325761 7.325761 7.325761 7.325761 7.325761 6.995953 5.862097 4.703485 3.544788 2.386007 1.287566 1.021922 1.021922 1.021922 1.021922 1.021922 1.021922 1.021922 1.021922 1.021922 1.021922 1.021922 1.021922 1.021922 1.021922 1.021922 1.021922 1.021922 1.021922 1.021922 1.021922 1.021922 1.021922 1.021922
1.344249 1.344249 1.344249 1.344249 1.344249 1.344249 1.344249 1.344249 1.344249 1.344249 1.344249 1.344249 1.344249 1.344249 1.344249 1.344249 1.344249 1.344249 1.344249 1.344249 1.344249 1.344249 1.344249 1.379243 3.615378 7.187692 7.325761 7.325761 7.325761 7.325761 7.325761 7.325761 7.325761 7.325761 7.325761 7.325761 7.325761 7.325761 7.325761 7.26536 3.152291 1.021922 1.021922 1.021922 1.021922 1.021922 1.021922 1.021922 1.021922 1.021922 1.021922 1.021922 1.021922 1.021922 1.021922 1.021922 1.021922 1.021922 1.081086 1.214434 1.230015 1.224219 1.218424
1.344249 1.344249 1.344249 1.344249 1.344249 1.344249 1.344249 1.344249 1.344249 1.344249 1.344249 1.344249 1.344249 1.344249 1.344249 1.344249 1.344249 1.344249 1.344249 1.344249 1.344249 1.344249 1.344249 1.344249 1.344249 2.480944 4.145133 4.751385 5.35766 5.96396 7.001427 7.32576 7.325761 7.325761 7.325761 7.325761 7.325761 7.325761 7.325761 7.325761 3.547163 1.021922 1.021922 1.021922 1.021922 1.021922 1.021922 1.021922 1.021922 1.021922 1.021922 1.021922 1.021922 1.021922 1.021922 1.034466 1.160216 1.31297 1.40656 1.407659 1.407659 1.407659 1.407659
1.344249 1.344249 1.344249 1.344249 1.344249 1.344249 1.344249 1.344249 1.344249 1.344249 1.344249 1.344249 1.344249 1.344249 1.344249 1.344249 1.344249 1.344249 1.344249 1.344249 1.344249 1.344249 1.344249 1.344249 1.344249 1.344249 1.344249 1.344249 1.344249 1.344249 1.614897 3.498109 5.349381 7.005334 7.325761 7.32576 7.325761 7.32576 7.325761 7.32576 3.733855 1.021922 1.021922 1.021922 1.021922 1.021922 1.021922 1.021922 1.021922 1.021922 1.021922 1.053789 1.161666 1.272811 1.310371 1.38063 1.407659 1.407659 1.407658 1.407659 1.407658 1.407658 1.407658
1.344249 1.344249 1.344249 1.344249 1.344249 1.344249 1.344249 1.344249 1.344249 1.344249 1.344249 1.344249 1.344249 1.344249 1.344249 1.344249 1.344249 1.344249 1.344249 1.344249 1.344249 1.344249 1.344249 1.344249 1.344249 1.344249 1.344249 1.344249 1.344249 1.170851 0.66071 0.5560578 0.5560578 0.7030187 2.185169 3.986465 5.783797 7.2106 7.325761 7.32576 3.920546 1.021922 1.021922 1.021922 1.021922 1.043652 1.147608 1.259501 1.371368 1.482724 1.593848 1.673109 1.676384 1.676384 1.521043 1.407659 1.407658 1.407659 1.407658 1.407659 1.407658 1.407658 1.407658
1.344249 1.344249 1.344249 1.344249 1.344249 1.344249 1.344249 1.344249 1.344249 1.344249 1.344249 1.344249 1.344249 1.344249 1.344249 1.344249 1.344249 1.344249 1.344249 1.344249 1.344249 1.344249 1.344249 1.344249 1.344249 1.344249 1.344249 1.344249 1.055745 0.5695677 0.5560578 0.5560578 0.5560578 0.5560578 0.5560578 0.5560578 0.5560578 0.9263325 2.607923 4.404816 3.41937 1.242661 1.354548 1.466427 1.578299 1.668442 1.676384 1.676384 1.676384 1.676384 1.676384 1.676384 1.676384 1.676384 1.509012 1.407658 1.407658 1.407658 1.407658 1.407658 1.407658 1.407658 1.407659
1.344249 1.344249 1.344249 1.344249 1.344249 1.344249 1.344249 1.344249 1.344249 1.344249 1.344249 1.344249 1.344249 1.344249 1.344249 1.344249 1.344249 1.344249 1.344249 1.344249 1.344249 1.344249 1.344249 1.344249 1.344249 1.344249 1.344249 1.338784 0.669371 0.5560578 0.5560578 0.5560578 0.5560578 0.5560578 0.5560578 0.5560578 0.5560578 0.5560578 0.7830337 1.322049 1.669875 1.676384 1.676384 1.676384 1.676384 1.676384 1.676384 1.676384 1.676384 1.676384 1.676384 1.676384 1.676384 1.676384 1.496834 1.407659 1.407659 1.407659 1.407659 1.407659 1.407659 1.407659 1.407659
1.344249 1.344249 1.344249 1.344249 1.344249 1.344249 1.344249 1.344249 1.344249 1.344249 1.344249 1.344249 1.344249 1.344249 1.344249 1.344249 1.344249 1.344249 1.344249 1.344249 1.344249 1.344249 1.344249 1.344249 1.344249 1.344249 1.344249 1.041206 0.5560578 0.5560578 0.5560578 0.5560578 0.5560578 0.5560578 0.5560578 0.5560578 0.8196822 1.360553 1.674478 1.676384 1.676384 1.676384 1.676384 1.676384 1.676384 1.676384 1.676384 1.676384 1.676384 1.676384 1.676384 1.676384 1.676384 1.676384 1.484235 1.407659 1.407659 1.407659 1.407659 1.407659 1.407659 1.407659 1.407659
1.344249 1.344249 1.344249 1.344249 1.344249 1.344249 1.344249 1.344249 1.344249 1.344249 1.344249 1.344249 1.344249 1.344249 1.344249 1.344249 1.344249 1.344249 1.344249 1.344249 1.344249 1.344249 1.344249 1.344249 1.344249 1.344249 1.344249 0.7032667 0.5560578 0.5560578 0.5560578 0.5560578 0.5560578 0.5569808 0.8581488 1.399056 1.67634 1.676384 1.676384 1.676384 1.676384 1.676384 1.676384 1.676384 1.676384 1.676384 1.676384 1.676384 1.676384 1.676384 1.676384 1.676384 1.676384 1.676384 1.470775 1.407658 1.407658 1.407658 1.407659 1.407659 1.407659 1.407659 1.407659
1.344249 1.344249 1.344249 1.344249 1.344249 1.344249 1.344249 1.338932 1.305659 1.268328 1.230998 1.193668 1.156339 1.119011 1.081684 1.044357 1.00703 0.969705 0.9323801 0.895056 0.8577326 0.8204098 0.7830877 0.7457664 0.7084457 0.6711257 0.6338065 0.5595993 0.5560578 0.5560578 0.5560578 0.5585613 0.8853912 1.435606 1.676384 1.676384 1.676384 1.676384 1.676384 1.676384 1.676384 1.676384 1.676384 1.676384 1.676384 1.676384 1.676384 1.676384 1.676384 1.676384 1.676384 1.676384 1.676384 1.676384 1.457343 1.407659 1.407659 1.407659 1.407659 1.407659 1.407659 1.407659 1.407659
0.887485 0.8391599 0.7908359 0.7425132 0.6941915 0.645871 0.5975519 0.560115 0.5560578 0.5560578 0.5560578 0.5560578 0.5560578 0.5560578 0.5560578 0.5560578 0.5560578 0.5560578 0.5560578 0.5560578 0.5560578 0.5560578 0.5560578 0.5560578 0.5560578 0.5560578 0.5560578 0.5560578 0.5560578 0.5573219 0.8851326 1.44988 1.676384 1.676384 1.676384 1.676384 1.676384 1.676384 1.676384 1.676384 1.676384 1.676384 1.676384 1.676384 1.676384 1.676384 1.676384 1.676384 1.676384 1.676384 1.676384 1.676384 1.676384 1.676384 1.444824 1.407659 1.407658 1.407659 1.407658 1.407659 1.407658 1.407659 1.407658
0.5560578 0.5560578 0.5560578 0.5560578 0.5560578 0.5560578 0.5560578 0.5560578 0.5560578 0.5560578 0.5560578 0.5560578 0.5560578 0.5560578 0.5560578 0.5560578 0.5560578 0.5560578 0.5560578 0.5560578 0.5560578 0.5560578 0.5927999 0.8591601 1.165345 1.471009 0.6857339 3.947258 54.31097 84.2817 1.676384 1.676384 1.676384 1.676384 1.676384 1.676384 1.676384 1.676384 1.676384 1.676384 1.676384 1.676384 1.676384 1.676384 1.676384 1.676384 1.676384 1.676384 1.676384 1.676384 1.676384 1.676384 1.676384 1.676384 1.432729 1.407659 1.407659 1.407659 1.407659 1.407659 1.407658 1.407659 1.407659
0.5560578 0.5560578 0.5560578 0.5560578 0.5560578 0.5560578 0.5750395 0.6508197 0.7039191 0.757018 0.8101164 0.8632142 0.9163118 0.9694088 1.022505 1.075601 1.128697 1.227745 1.513929 1.820079 2.126212 2.432328 2.7017 2.741527 2.741527 13.68189 71.91992 133.909 148.9327 81.11327 1.676384 1.676384 1.676384 1.676384 1.676384 1.676384 1.676384 1.676384 1.676384 1.676384 1.676384 1.676384 1.676384 1.676384 1.676384 1.676384 1.676384 1.676384 1.676384 1.676384 1.676384 1.676384 1.676384 1.676384 1.420506 1.407659 1.407659 1.407659 1.407659 1.407659 1.407659 1.407659 1.407658
1.98097 2.108701 2.236429 2.364154 2.491877 2.619596 2.728324 2.741527 2.741527 2.741527 2.741527 2.741527 2.741527 2.741527 2.741527 2.741527 2.741527 2.741527 2.741527 2.741527 2.741527 2.741527 2.741527 2.741527 84.6021 143.6429 148.9327 148.9327 148.9327 48.83889 1.676384 1.676384 1.676384 1.676384 1.676384 1.676384 1.676384 1.676384 1.676384 1.676384 1.676384 1.676384 1.676384 1.676384 1.676384 1.676384 1.676384 1.676384 1.676384 1.676384 1.676384 1.676384 1.660178 1.589468 1.409264 1.407658 1.407659 1.407659 1.407659 1.407659 1.407659 1.407659 1.407659
2.741527 2.741527 2.741527 2.741527 2.741527 2.741527 2.741527 2.741527 2.741527 2.741527 2.741527 2.741527 2.741527 2.741527 2.741527 2.741527 2.741527 2.741527 2.741527 2.741527 2.741527 2.741527 2.741527 35.90536 148.9316 148.9327 148.9327 148.9327 148.9327 18.63471 1.676384 1.676384 1.676384 1.676384 1.676384 1.676384 1.676384 1.676384 1.676384 1.676384 1.676384 1.676384 1.676384 1.676384 1.676384 1.676384 1.676384 1.676384 1.676384 1.676384 1.676384 1.676384 1.579262 1.407659 1.407659 1.407659 1.407659 1.407658 1.407659 1.407658 1.407659 1.407659 1.407659
2.741527 2.741527 2.741527 2.741527 2.741527 2.741527 2.741527 2.741527 2.741527 2.741527 2.741527 2.741527 2.741527 2.741527 2.741527 2.741527 2.741527 2.741527 2.741527 2.741527 2.741527 2.741527 2.743268 63.22257 148.9327 148.9327 148.9327 148.9327 148.9327 15.42946 1.676384 1.676384 1.676384 1.676384 1.676384 1.676384 1.676384 1.676384 1.676384 1.676384 1.676384 1.676384 1.676384 1.676384 1.676384 1.676384 1.676384 1.676384 1.676384 1.676384 1.676384 1.671954 1.478965 1.407658 1.407659 1.407658 1.407658 1.407658 1.407659 1.407658 1.407659 1.407659 1.407659
2.741527 2.741527 2.741527 2.741527 2.741527 2.741527 2.741527 2.741527 2.741527 2.741527 2.741527 2.741527 2.741527 2.741527 2.741527 2.741527 2.741527 2.741527 2.741527 2.741527 2.741527 2.748733 3.019242 40.45893 148.9327 148.9327 148.9327 148.9327 142.2523 2.042679 1.676384 1.676384 1.676384 1.676384 1.676384 1.676384 1.676384 1.676384 1.676384 1.676384 1.676384 1.676384 1.676384 1.676384 1.676384 1.676384 1.676384 1.676384 1.676384 1.676384 1.676384 1.633876 1.408075 1.407659 1.407659 1.407659 1.407659 1.407659 1.407659 1.407659 1.407659 1.407659 1.407659
2.999186 2.991433 2.98368 2.975927 2.968172 2.957215 2.943294 2.925559 2.899413 2.872966 2.846518 2.820069 2.810563 2.852361 2.897669 2.942975 2.98828 3.033584 3.078886 3.124186 3.169485 3.226626 3.257013 29.89713 148.9327 148.9327 148.9327 148.9327 122.2689 1.676384 1.676384 1.676384 1.676384 1.676384 1.676384 1.676384 1.676384 1.676384 1.676384 1.676384 1.676384 1.676384 1.676384 1.676384 1.676384 1.676384 1.676384 1.676384 1.676384 1.676384 1.671718 1.455014 1.407659 1.407659 1.407659 1.407659 1.407659 1.407659 1.407659 1.407659 1.407659 1.407659 1.407659
3.257013 3.257013 3.257013 3.257013 3.257013 3.257013 3.257013 3.257013 3.257013 3.257013 3.257013 3.257013 3.257013 3.257013 3.257013 3.257013 3.257013 3.257013 3.257013 3.257013 3.257013 3.257013 3.257013 45.28976 76.62766 132.9974 148.9327 148.9327 101.9192 1.676384 1.676384 1.676384 1.676384 1.676384 1.676384 1.676384 1.676384 1.676384 1.676384 1.676384 1.676384 1.676384 1.676384 1.676384 1.676384 1.676384 1.676384 1.676384 1.676384 1.664807 1.509295 1.407659 1.407659 1.407659 1.407659 1.407659 1.407659 1.407659 1.407659 1.407659 1.407659 1.407659 1.407659
3.257013 3.257013 3.257013 3.257013 3.257013 3.257013 3.257013 3.257013 3.257013 3.257013 3.257013 3.257013 3.257013 3.257013 3.257013 3.257013 3.257013 3.257013 3.257013 3.257013 3.257013 3.257013 3.257013 3.257013 3.257013 15.68575 103.3499 147.6012 43.05223 1.676384 1.676384 1.676384 1.676384 1.676384 1.676384 1.676384 1.676384 1.676384 1.676384 1.676384 1.676384 1.676384 1.676384 1.676384 1.676384 1.656367 1.578836 1.631082 1.67054 1.457437 1.407659 1.407658 1.407659 1.407658 1.407659 1.407658 1.407659 1.407658 1.407659 1.407659 1.407659 1.407659 1.407659
