Scenarios/Heterogeneous/data/country_data_population_distribution/processed/density_grids/dza.asc
ncols 503
nrows 459
xllcorner -8
yllcorner 18
[rows 0 to 27 of 459, columns 252 to 314 of 503]
0 0 0 0 0 0 0 0 0 0 0 0 0 0 0 0 0 0 0 0 0 0 0 0 0 0 0 0 0 0 0 0 0 0 0 0 0 0 0 0 0 0 0 0 0 0 0 0 0 0 0 0 0 0 0 0 0 0 0 0 0 0 0
0 0 0 0 0 0 0 0 0 0 0 0 0 0 0 0 0 0 0 0 0 0 0 0 0 0 0 0 0 0 0 0 0 0 0 0 0 0 0 0 0 0 0 0 0 0 0 0 0 0 0 0 0 0 0 0 0 0 0 0 0 0 0
0 0 0 0 0 0 0 0 0 0 0 0 0 0 0 0 0 0 0 0 0 0 0 0 0 0 0 0 0 0 0 0 0 0 0 0 0 0 0 0 0 0 0 0 0 0 0 0 0 0 0 0 0 0 0 0 0 0 0 0 0 0 0
0 0 0 0 0 0 0 0 0 0 0 0 0 0 0 0 0 0 0 0 0 0 0 0 0 0 0 0 0 0 0 0 0 0 0 0 0 0 0 0 0 0 0 0 0 0 0 0 0 0 0 0 0 0 0 0 0 0 0 0 0 0 0
0 0 0 0 0 0 0 0 0 0 0 0 0 0 0 0 0 0 0 0 0 0 0 0 0 0 0 0 0 0 0 0 0 0 0 0 0 0 0 0 0 0 0 0 0 0 0 0 0 0 0 0 0 0 0 0 0 0 0 0 767.814 767.814 767.814
0 0 0 0 0 0 0 0 0 0 0 0 0 0 0 0 0 0 0 0 0 0 0 0 0 0 0 0 0 0 0 0 0 0 0 0 0 0 0 0 0 0 0 0 0 0 0 0 0 0 0 0 0 0 0 0 0 343.6743 325.5428 272.3155 450.9088 767.7996 717.6034
0 0 0 0 0 0 0 0 0 0 0 0 0 0 0 0 0 0 0 0 0 0 0 0 0 0 0 0 0 0 0 0 0 0 0 0 0 0 0 0 0 0 0 0 0 0 0 0 0 0 0 0 0 0 0 320.4964 341.6808 343.6744 335.1513 278.2857 278.3105 592.8406 685.0569
0 0 0 0 0 0 0 0 0 0 0 0 0 0 0 0 0 0 0 0 0 0 0 0 0 0 0 0 0 0 0 0 0 0 0 0 0 6818.062 5770.649 4609.646 9616.455 23074.5 0 0 0 3854.197 6272.865 4986.598 4229.532 0 0 0 0 630.5675 630.5675 465.8336 326.1889 484.3476 496.8206 362.8317 335.3603 348.173 378.4555
0 0 0 0 0 0 0 0 0 0 0 0 0 0 0 0 0 0 0 0 0 0 0 0 0 0 0 0 0 0 0 0 0 0 0 0 2755.449 4210.256 4827.261 7923.798 8386.051 17982.13 11524.54 0 10978.21 11123.81 6407.184 3632.646 3804.622 1755.538 1710.846 2871.608 1701.192 606.8716 634.0017 505.6407 349.5042 794.8701 798.9082 486.6345 376.507 360.0711 315.9705
0 0 0 0 0 0 0 0 0 0 0 0 0 0 0 0 0 0 0 0 0 0 0 0 0 0 0 0 0 0 0 0 0 0 0 2908.825 2831.834 2562.829 3187.45 7706.717 7745.791 13654.1 14308.99 11271.88 11747.46 5323.008 1957.662 2626.742 4020.829 2574.276 1824.231 1253.97 586.5223 567.5543 702.8666 658.3008 673.2058 841.0094 770.4723 473.8495 408.7852 399.3454 878.3282
0 0 0 0 0 0 0 0 0 0 0 0 0 0 0 0 0 0 0 0 0 0 0 0 0 0 0 0 0 0 0 0 0 4077.847 3553.269 2873.635 2228.31 1255.892 1970.533 4628.726 3767.729 11020.87 9306.768 13516.53 13945.65 1783.63 2233.073 1666.678 2848.906 3000.576 2200.673 817.88 578.1508 568.1834 561.4847 567.5709 565.9254 569.5366 636.4622 482.1479 394.7995 384.0088 560.2945
0 0 0 0 0 0 0 0 0 0 0 0 0 0 0 0 0 0 0 0 0 0 481.962 482.0256 481.7557 482.1019 0 0 0 0 0 1730.875 2986.745 2670.926 2583.007 1593.512 927.0393 1578.463 1830.82 2003.645 1936.886 2589.071 3763.261 8344.304 8109.996 1663.649 1784.998 1283.102 902.7766 778.4075 267.3107 216.0146 372.9133 304.8586 335.6428 415.7601 498.33 500.012 475.8903 415.0474 341.9236 330.9257 551.637
0 0 0 0 0 0 0 0 0 0 0 0 0 0 0 0 0 0 507.9402 495.8787 481.962 481.953 469.5474 481.8578 425.2173 474.2736 482.1019 482.1018 461.659 447.9016 448.7328 874.3959 1417.669 940.424 1252.547 1170.47 937.024 1459.801 1541.688 901.6422 799.306 1170.945 1529.843 1474.887 1535.247 1275.929 678.5042 1251.019 703.5867 307.0892 225.2751 228.6341 339.1497 392.4869 235.6699 398.0198 469.6541 553.7149 706.7112 659.6637 422.4416 320.1441 583.1276
405.1322 405.1322 101.0036 101.0036 101.0036 229.0596 229.0596 229.0596 243.7205 270.9225 153.495 134.3229 214.0933 283.8129 283.813 149.0151 81.05938 175.3472 499.9304 497.5301 481.962 355.708 244.0839 407.1083 380.302 550.1248 661.1436 382.8797 284.0631 274.6767 383.5229 549.1956 615.2048 523.4213 218.9153 1150.453 2113.128 1684.069 1680.114 867.5417 702.7216 727.847 833.3544 1316.46 1470.061 482.1527 149.179 605.0449 295.0139 236.792 228.0317 381.83 623.5475 731.0333 749.2392 749.2392 384.2768 454.4362 577.8863 527.85 483.5072 320.4596 437.3355
405.1322 378.7846 102.9239 101.0036 168.5871 229.0596 229.0596 229.0596 261.3563 277.9875 199.8842 165.9596 257.2806 282.4322 283.8129 143.7761 46.07659 89.75842 118.34 250.7504 279.9479 196.3586 198.0871 265.2823 508.456 982.3244 981.452 436.9818 330.1167 504.0621 641.2336 665.0708 771.9551 645.8823 1146.797 2846.574 5433.875 2801.555 1115.916 553.3995 599.6384 564.4019 781.2939 1107.038 732.4938 11.36843 11.54091 46.29541 52.9788 52.7651 156.9225 204.7908 299.1713 112.7723 272.6097 435.636 328.9996 298.4163 318.9652 410.8501 467.7986 331.1161 410.0296
329.5196 259.4441 113.141 130.5148 209.7514 221.5656 209.035 226.7055 231.8281 192.3859 144.7271 134.6977 143.8435 76.84661 111.1664 49.14856 43.72044 41.06252 54.28343 147.8995 153.8311 153.8311 153.8311 158.1502 170.7124 204.046 267.0927 296.5933 398.7641 647.2645 675.5756 827.2579 773.6443 1165.508 3171.898 3029.764 5300.548 1910.966 516.4056 311.2616 249.553 165.5774 743.98 834.1771 399.7935 14.62761 38.72082 54.49588 94.66503 131.2591 141.1033 75.69511 51.50652 70.28611 152.1808 251.2984 259.8105 240.3545 269.9827 299.7943 354.2679 348.9492 375.679
238.4455 238.7889 230.4072 216.6437 225.5643 206.5492 198.0583 170.3063 103.3323 95.32236 102.5706 96.77522 108.0983 102.6241 85.42791 43.8527 50.14854 49.42309 103.8813 146.7632 147.5372 129.5571 155.353 163.9597 163.2489 161.0293 164.3002 332.1579 674.1654 818.1524 853.1401 700.1974 403.6001 726.919 700.8198 640.3602 616.4306 774.1469 28.63997 52.20639 56.47437 253.4358 650.2935 770.2039 215.5645 16.15089 133.907 264.6238 323.0519 188.2964 141.6887 123.8644 80.20814 65.70174 57.37437 89.50337 251.5699 294.998 232.202 234.854 440.4948 452.4811 442.1681
289.5739 311.3267 252.1654 231.6794 223.3075 172.2271 157.2934 157.2826 135.3079 98.4067 122.2384 184.1553 213.7534 213.7534 197.8007 166.2347 140.8805 142.1224 142.1224 113.8066 87.27571 78.43436 115.6056 124.5496 127.6965 127.6965 156.6765 246.0525 583.5203 748.7938 682.3582 238.3275 169.6995 583.2302 777.5488 553.4736 28.08279 10.65615 41.80864 56.47437 56.51935 76.77532 6.698474 184.4071 8.739024 15.52376 93.58627 305.3944 262.6208 254.9754 128.9928 119.1876 88.65923 69.66537 91.21866 118.6577 289.0748 398.6218 207.351 194.1368 652.7095 1122.708 576.0935
275.8833 277.7127 231.6794 235.4808 228.5439 157.2826 157.2826 157.2826 152.4167 136.2316 142.1999 197.0851 213.7534 213.0222 196.5531 187.6496 142.7087 142.1224 115.0817 73.76821 94.74349 425.6161 112.3663 112.9041 187.123 191.4773 194.7925 209.8479 209.8479 196.324 179.1102 137.7446 72.72754 60.54919 93.06084 115.5406 32.85379 7.05545 39.20458 131.9438 152.0213 126.8919 34.49094 1.44472 3.972751 23.55792 22.61622 81.78766 86.77049 119.3734 127.279 135.2606 103.1885 94.63492 125.5451 234.8115 362.463 244.7966 150.5677 154.4236 980.3864 1122.708 929.6274
178.6861 173.8 181.4953 230.7498 254.7369 200.3531 213.6003 341.2446 398.1912 173.1712 142.1999 188.6343 213.7534 230.055 202.9815 189.6866 155.705 142.1224 109.1577 74.41936 321.3958 1268.771 553.4236 112.3298 123.4376 116.9848 116.0261 200.6245 205.8437 198.0519 126.6755 50.36992 109.2764 1274.032 1779.655 129.0827 12.44343 25.07299 88.75151 213.1288 216.4727 171.2821 110.877 21.19652 35.78711 45.43602 48.07723 86.41816 89.84068 99.67097 132.4352 187.2238 175.0258 176.6225 136.2804 315.4886 338.1954 135.2622 135.5146 142.3346 407.2399 321.3313 316.8152
151.7673 149.182 151.3451 240.091 254.8518 266.8366 455.299 491.2819 491.2819 297.6846 175.8121 203.5132 318.1665 613.7136 744.398 732.0611 559.5985 201.7403 250.6898 681.3828 1233.165 2091.171 1041.816 216.3107 168.4662 156.1605 184.4493 211.1869 198.7511 186.4938 111.2052 68.55994 257.7229 1319.88 2373.013 1217.779 132.2483 135.2027 143.3255 204.5899 215.7864 163.317 104.578 45.47729 48.71462 70.62276 170.3111 97.41898 193.444 149.6685 108.9013 125.8553 154.356 254.9786 242.2623 220.7298 364.9987 306.7108 101.4907 95.58672 100.2008 114.8298 114.8649
506.5125 312.6633 359.9428 300.1252 315.7092 578.0036 599.6176 690.2222 729.5817 739.9863 675.3563 469.9037 433.2998 521.9164 448.7079 626.8696 721.8508 533.4625 354.8059 439.577 1151.717 1181.125 440.625 245.0643 218.7203 213.1301 213.1301 211.8377 191.4553 186.4876 119.3414 83.21015 160.3085 718.3381 820.3237 295.3461 163.4189 151.8855 194.2131 194.587 186.1738 131.5406 127.2423 78.34693 72.86219 153.9666 377.3226 382.2566 273.9596 130.7704 149.521 119.223 122.2678 166.9553 207.1235 145.2005 290.905 288.4556 93.99499 93.99499 95.31393 105.5922 115.3086
1604.243 922.7195 445.0749 465.4732 600.1481 591.8091 343.1284 450.4949 401.986 646.9995 413.52 295.5334 312.3471 286.355 286.3551 261.857 217.3399 217.3399 217.3399 217.3399 241.8456 245.9348 245.7596 241.4728 176.8195 164.663 172.2719 197.3135 175.1168 101.1397 71.08889 67.96361 63.66948 177.7482 186.7021 181.7825 176.2422 346.8771 443.9213 363.4642 122.1662 105.1583 207.103 158.3498 100.2034 103.5337 283.1729 393.4622 197.3238 213.5837 210.2101 144.2003 63.48336 93.07409 117.7151 108.9507 336.8857 348.715 154.629 93.99498 93.99498 94.40551 100.1867
1573.426 1099.734 959.6295 285.6374 311.9846 378.3432 177.8309 170.6086 170.1826 148.6543 136.1957 132.2113 176.0213 268.3619 270.584 189.6232 174.7466 217.3399 217.3399 146.3965 86.64209 104.2709 191.8786 195.6832 117.7425 119.9853 115.5109 74.16802 173.6621 195.8607 83.34226 57.76592 74.18781 118.3369 99.92953 129.7757 378.2813 451.6601 451.6601 451.6601 119.5152 46.21595 143.4235 227.8062 119.7555 97.35654 96.43861 106.8963 88.86922 73.43571 70.3457 68.22189 50.00361 56.3758 76.14159 281.6111 349.8114 345.2673 207.6437 70.46383 86.33822 91.26112 86.36485
425.2939 149.9239 236.1974 277.5241 278.1312 344.0528 341.572 160.8257 115.7897 85.24899 85.24899 85.24897 95.10321 154.6309 110.2135 60.19412 73.2214 140.4546 116.0097 63.04826 62.50389 62.50042 43.59192 39.71827 66.92241 119.9853 118.8869 71.5542 115.7205 175.3382 75.94652 21.06753 4.57918 4.58132 7.80053 23.55294 27.83424 202.4824 268.1432 253.3953 44.01771 41.26171 57.92009 127.9013 119.5048 88.26665 87.49587 53.57563 36.56939 44.09309 49.93952 48.64296 47.22846 50.00398 85.69559 331.2379 349.1523 272.237 37.12347 32.67074 69.87034 81.34646 81.34646
132.0291 148.4346 150.2312 169.764 251.2655 253.2383 249.4893 179.8527 85.24898 84.92301 78.99036 51.15964 46.89215 65.76985 44.04558 59.32512 59.41507 35.44016 52.62552 52.7705 61.56861 62.05746 40.00824 37.43652 42.23913 64.77128 79.57065 54.60889 59.89713 17.8513 30.87757 10.68003 7.833341 9.129686 23.52501 24.31233 24.31234 24.31233 26.75307 21.78258 38.51543 39.66579 26.38731 26.01407 53.69662 42.52109 39.96112 24.60447 24.29605 36.74094 47.61819 45.94221 45.87873 37.50063 38.70221 59.66166 92.24907 59.72418 52.20571 42.40928 79.39134 76.75484 81.34646
76.71873 101.9368 135.6142 149.9239 210.5823 100.9159 15.07244 16.59794 58.348 51.60482 37.42388 36.95431 36.95431 30.43368 24.79651 33.17414 48.82297 27.14569 27.14569 27.14569 27.47411 29.4391 29.53264 36.55787 37.43652 37.43652 36.98362 18.50151 17.85106 17.85106 16.0743 12.43761 18.50061 12.76016 16.51394 24.33585 27.79469 46.94288 49.63407 18.21092 18.80116 28.74468 23.8161 23.8161 23.87681 30.11159 44.87596 92.39611 67.5667 99.92216 187.7204 63.74307 48.78749 35.29133 31.90972 51.55888 59.72419 59.72418 59.72419 38.75781 37.05848 41.5225 49.20234
96.68095 92.69798 87.04103 119.4246 109.5857 66.41912 49.34604 13.92045 14.31748 44.413 46.81837 44.47458 35.71679 26.04566 24.79651 31.73208 28.54376 27.14267 27.10699 27.13406 27.14569 27.14569 27.14569 30.3751 37.32618 37.43652 34.92727 17.89953 17.85106 17.26828 12.72491 12.81059 46.69493 42.66956 46.85946 53.46761 59.7625 59.43509 51.00917 14.53483 14.53483 19.18288 24.11195 42.81456 69.80394 50.62893 58.91434 99.20055 99.24419 121.7711 194.2452 54.44482 52.44344 46.24051 32.44621 49.02201 59.72419 59.72419 58.20669 33.70778 30.86593 41.48523 41.48523
