Scenarios/Heterogeneous/data/country_data_population_distribution/processed/density_grids/dza.asc
ncols 503
nrows 459
xllcorner -8
yllcorner 18
[rows 84 to 111 of 459, columns 378 to 440 of 503]
35.10402 35.10402 35.10402 35.10402 36.79195 44.21407 37.11567 32.2207 48.87077 53.22992 38.34484 38.34484 38.34484 38.34484 37.27835 19.67351 14.29215 14.29216 14.29215 14.29215 14.29215 14.29216 14.29215 14.04334 13.42461 0 0 0 0 0 0 0 0 0 0 0 0 0 0 0 0 0 0 0 0 0 0 0 0 0 0 0 0 0 0 0 0 0 0 0 0 0 0
35.10402 35.10402 35.10402 35.64052 43.91711 44.53775 39.93088 31.6044 302.5251 404.5612 158.5861 33.42446 31.16459 30.43392 22.80208 14.29216 14.29216 14.29216 14.29216 12.71965 8.933228 5.397262 2.519701 0.5756611 0.5166105 1.777708 0 0 0 0 0 0 0 0 0 0 0 0 0 0 0 0 0 0 0 0 0 0 0 0 0 0 0 0 0 0 0 0 0 0 0 0 0
40.08649 37.84054 36.16697 43.07367 44.58699 44.53775 100.6626 238.4755 359.0298 393.2319 109.7908 24.3507 24.3507 24.3507 24.13191 16.47037 10.36398 6.562295 2.761112 0.5321856 0.5166105 0.5166105 0.5166106 0.5166106 0.5166105 0.5166106 0 0 0 0 0 0 0 0 0 0 0 0 0 0 0 0 0 0 0 0 0 0 0 0 0 0 0 0 0 0 0 0 0 0 0 0 0
46.53526 46.53526 46.53289 46.53526 46.38129 48.05379 157.4401 543.8239 458.7781 95.97755 24.3507 24.3507 24.3507 24.3507 22.85192 3.583423 0.5166104 0.5166104 0.5166104 0.5166104 0.5166104 0.5166104 0.5166104 0.5166104 0.5166104 0.5166104 0.6139158 0 0 0 0 0 0 0 0 0 0 0 0 0 0 0 0 0 0 0 0 0 0 0 0 0 0 0 0 0 0 0 0 0 0 0 0
29.31047 27.25824 25.04058 25.02399 25.32118 72.80704 171.4653 732.9839 99.77194 24.3507 24.3507 24.3507 24.3507 24.3507 17.89086 0.5166105 0.5166104 0.5166105 0.5166104 0.5166105 0.5166104 0.5166105 0.5166105 0.5166105 0.5166105 0.5166105 0.5166105 0.986005 0 0 0 0 0 0 0 0 0 0 0 0 0 0 0 0 0 0 0 0 0 0 0 0 0 0 0 0 0 0 0 0 0 0 0
16.63119 18.53854 41.04995 69.16964 97.28584 242.4087 1420.828 2180.583 259.2549 24.3507 24.3507 39.48362 86.04723 138.5698 154.0857 0.5166105 0.5166104 0.5166105 0.5166105 0.5166105 0.5166105 0.5166105 0.5166104 0.5166105 0.5166104 0.5166105 0.5166105 0.5166105 0 0 0 0 0 0 0 0 0 0 0 0 0 0 0 0 0 0 0 0 0 0 0 0 0 0 0 0 0 0 0 0 0 0 0
16.63119 43.89217 120.0242 62.51852 30.76515 981.4487 2210.856 1434.537 631.3215 218.4163 217.9048 195.8642 186.7237 177.0379 160.8386 4.341497 0.5166105 0.5166105 0.5166105 0.5166105 0.5166105 0.5166105 0.5166105 0.5166105 0.5166105 0.5166105 0.5166105 0.5166105 1.367908 0 0 0 0 0 0 0 0 0 0 0 0 0 0 0 0 0 0 0 0 0 0 0 0 0 0 0 0 0 0 0 0 0 0
17.18199 18.35196 26.20074 11.47713 11.47713 153.5568 893.9381 181.8914 138.5861 60.3448 25.59347 25.59347 25.59348 25.59348 25.59347 13.89931 0.5166105 0.5166105 0.5166105 0.5166105 0.5166105 0.5166105 0.5166105 0.5166105 0.5166105 0.5166105 0.5166105 0.5166105 0.9496909 0 0 0 0 0 0 0 0 0 0 0 0 0 0 0 0 0 0 0 0 0 0 0 0 0 0 0 0 0 0 0 0 0 0
19.0568 19.0568 16.29328 11.69542 11.47713 11.47713 117.702 57.43299 33.80066 18.82662 25.59347 25.59347 25.59347 25.59347 25.59347 23.90928 1.694739 0.5166105 0.5166105 0.5166105 0.5166105 0.5166105 0.5166105 0.5166105 0.5166105 0.5166105 0.5166105 0.5166105 0.5619349 0 0 0 0 0 0 0 0 0 0 0 0 0 0 0 0 0 0 0 0 0 0 0 0 0 0 0 0 0 0 0 0 0 0
19.0568 19.0568 19.0568 17.92204 12.74573 11.47713 21.79846 55.26932 8.32134 6.061138 9.056152 14.62066 20.47995 25.59347 25.59347 25.59347 11.513 0.5166105 0.5166105 0.5166105 0.5166105 0.5166105 0.5166105 0.5166105 0.5166105 0.5166105 0.5166104 0.5166105 0.5166105 1.369194 0 0 0 0 0 0 0 0 0 0 0 0 0 0 0 0 0 0 0 0 0 0 0 0 0 0 0 0 0 0 0 0 0
19.0568 19.0568 19.0568 19.0568 15.60927 11.47712 11.6232 51.32669 28.51229 6.057553 6.057553 6.057553 6.313399 24.47255 25.59347 25.59347 22.28563 0.8223026 0.5166105 0.5166105 0.5166105 0.5166104 0.5166105 0.5166105 0.5166105 0.5166105 0.5166105 0.5166105 0.5166105 0.6221488 1.391999 0 0 0 0 0 0 0 0 0 0 0 0 0 0 0 0 0 0 0 0 0 0 0 0 0 0 0 0 0 0 0 0
19.0568 19.0568 19.0568 19.0568 17.59411 11.47713 11.47712 35.19117 51.589 6.05921 6.057553 6.057553 6.057553 19.72127 25.59347 25.59347 25.59347 8.544065 0.5166104 0.5166105 0.5166105 0.5166104 0.5166104 0.5166105 0.5166104 0.5166105 0.5166105 0.5166105 0.5166104 0.5166105 0.5166104 0.5166105 0.5317892 1.005731 0 0 0 0 0 0 0 0 0 0 0 0 0 0 0 0 0 0 0 0 0 0 0 0 0 0 0 0 0
19.0568 19.0568 19.0568 19.0568 18.8459 11.47712 11.47712 21.21667 57.43299 9.43418 6.057553 6.057553 6.057553 7.95143 21.5527 25.59347 25.59347 18.95432 0.5166105 0.5166105 0.5166105 0.5166105 0.5166105 0.5166105 0.5166105 0.5166104 0.5166105 0.5166105 0.5166105 0.5166105 0.5166105 0.5166105 0.5166105 0.5166105 0.5166104 0.6696069 0 0 0 0 0 0 0 0 0 0 0 0 0 0 0 0 0 0 0 0 0 0 0 0 0 0 0
19.0568 19.0568 19.0568 19.0568 18.62719 11.47713 11.47713 30.7857 57.01554 8.431347 6.057554 6.057554 6.057554 6.057554 6.822172 19.2835 25.59348 25.51191 4.224525 0.5166105 0.5166105 0.5166105 0.5166105 0.5166105 0.5166105 0.5166105 0.5166104 0.5166105 0.5166105 0.5166105 0.5166105 0.5166105 0.5166105 0.5166104 0.5166105 0.5166105 0.8653219 0 0 0 0 0 0 0 0 0 0 0 0 0 0 0 0 0 0 0 0 0 0 0 0 0 0
19.0568 19.0568 19.0568 19.0568 18.42761 11.47712 11.47712 46.48222 49.79871 6.057553 6.057554 6.057553 6.057554 6.057554 6.057554 6.196442 16.52989 25.57758 14.12211 0.5166105 0.5166105 0.5166105 0.5166105 0.5166105 0.5166105 0.5166105 0.5166105 0.5166105 0.5166105 0.5166105 0.5166105 0.5166105 0.5166105 0.5166105 0.5166105 0.5166105 0.5166105 1.30747 0 0 0 0 0 0 0 0 0 0 0 0 0 0 0 0 0 0 0 0 0 0 0 0 0
19.0568 19.0568 19.0568 19.0568 17.3078 11.47713 16.0281 57.07343 39.60308 6.057554 6.057554 6.057554 6.057554 6.057554 6.057554 6.057554 6.057554 13.69152 22.91697 0.9480312 0.5166105 0.5166105 0.5166105 0.5166105 0.5166105 0.5166105 0.5166105 0.5166105 0.5166105 0.5166105 0.5166105 0.5166105 0.5166105 0.5166105 0.5166105 0.5166104 0.5166105 0.5166105 1.138759 0 0 0 0 0 0 0 0 0 0 0 0 0 0 0 0 0 0 0 0 0 0 0 0
17.85492 19.0568 19.0568 19.0568 15.87229 11.47712 30.60581 57.433 26.68336 6.057553 6.057553 6.057553 6.057553 6.057553 6.057553 6.057553 6.057553 6.057553 11.21617 6.854771 0.5166105 0.5166104 0.5166105 0.5166104 0.5166105 0.5166104 0.5166105 0.5166105 0.5166105 0.5166104 0.5166105 0.5166104 0.5166105 0.5166105 0.5166104 0.5166105 0.5166104 0.5166105 0.5166104 1.184394 0 0 0 0 0 0 0 0 0 0 0 0 0 0 0 0 0 0 0 0 0 0 0
13.94937 19.0568 19.0568 19.0568 14.70039 11.47713 44.97002 57.433 12.92774 6.057554 6.057553 6.057554 6.057554 6.057554 6.057553 6.057554 5.989604 4.725941 3.024636 1.283064 0.5166105 0.5166105 0.5166105 0.5166105 0.5166106 0.5166105 0.5166105 0.5166105 0.5166104 0.5166105 0.5166105 0.5166105 0.5166105 0.5166105 0.5166105 0.5166105 0.5166105 0.5166105 0.5166105 0.5166105 0 0 0 0 0 0 0 0 0 0 0 0 0 0 0 0 0 0 0 0 0 0 0
9.911754 19.0568 19.0568 19.0568 13.55791 12.01358 55.14854 50.54676 6.057553 6.057553 6.057553 6.057553 6.057553 5.809789 4.288615 2.587373 0.9542935 0.5166104 0.5166105 0.5166104 0.5166105 0.5166104 0.5166105 0.5166104 0.5166105 0.5166104 0.5166105 0.5166104 0.5166105 0.5166104 0.5166105 0.5166104 0.5166105 0.5166105 0.5166104 0.5166105 0.5166104 0.5166105 0.5166104 0.5166105 0.5522655 0 0 0 0 0 0 0 0 0 0 0 0 0 0 0 0 0 0 0 0 0 0
8.273451 17.15462 19.0568 18.1475 12.03154 19.79935 57.433 35.18022 6.057553 6.057553 5.517604 3.851305 2.150126 0.696839 0.5166105 0.5166104 0.5166105 0.5166104 0.5166105 0.5166104 0.5166105 0.5166104 0.5166105 0.5166104 0.5166105 0.5166104 0.5166105 0.5166104 0.5166105 0.5166104 0.5166105 0.5166104 0.5166105 0.5166105 0.5166105 0.5166105 0.5166104 0.5166105 0.5166104 0.5166105 0.5166104 0.9334972 0 0 0 0 0 0 0 0 0 0 0 0 0 0 0 0 0 0 0 0 0
8.911739 13.16459 18.12348 12.45179 11.47712 31.57062 57.43299 18.34231 5.593895 2.57527 0.5523339 0.5166106 0.5166105 0.5166105 0.5166105 0.5166105 0.5166105 0.5166105 0.5166105 0.5166105 0.5166105 0.5166105 0.5166105 0.5166105 0.5166105 0.5166105 0.5166105 0.5166105 0.5166105 0.5166105 0.5166105 0.5166105 0.5166105 0.5166105 0.5166105 0.5166105 0.5166105 0.5166105 0.5166105 0.5166105 0.5166105 0.7079967 0 0 0 0 0 0 0 0 0 0 0 0 0 0 0 0 0 0 0 0 0
9.070692 9.243005 12.36601 16.88995 40.87757 57.15239 52.39888 4.295377 0.906698 0.5166104 0.5166105 0.5166104 0.5166105 0.5166105 0.5166105 0.5166104 0.5166105 0.5166104 0.5166105 0.5166104 0.5166105 0.5166104 0.5166105 0.5166104 0.5166105 0.5166104 0.5166105 0.5166104 0.5166105 0.5166104 0.5166104 0.5166104 0.5166105 0.5166105 0.5166104 0.5166105 0.5166104 0.5166105 0.5166104 0.5166105 0.5166104 0.5408625 0 0 0 0 0 0 0 0 0 0 0 0 0 0 0 0 0 0 0 0 0
9.182118 7.765172 23.08737 55.8775 57.43299 41.69625 9.206092 0.5166105 0.5166104 0.5166104 0.5166105 0.5166105 0.5166105 0.5166104 0.5166105 0.5166104 0.5166104 0.5166104 0.5166104 0.5166104 0.5166105 0.5166105 0.5166104 0.5166104 0.5166104 0.5166104 0.5166105 0.5166105 0.5166104 0.5166104 0.5166105 0.5166105 0.5166104 0.5166105 0.5166104 0.5166104 0.5166104 0.5166104 0.5166104 0.5166105 0.5166104 0.5166104 0 0 0 0 0 0 0 0 0 0 0 0 0 0 0 0 0 0 0 0 0
9.202388 7.869139 9.819408 45.04251 20.04078 0.546683 0.5166105 0.5166105 0.5166105 0.5166105 0.5166105 0.5166105 0.5166105 0.5166105 0.5166105 0.5166105 0.5166105 0.5166105 0.5166105 0.5166105 0.5166105 0.5166104 0.5166105 0.5166105 0.5166105 0.5166105 0.5166105 0.5166105 0.5166105 0.5166105 0.5166105 0.5166105 0.5166105 0.5166105 0.5166105 0.5166105 0.5166104 0.5166105 0.5166104 0.5166105 0.5166105 0.5166105 0 0 0 0 0 0 0 0 0 0 0 0 0 0 0 0 0 0 0 0 0
9.202388 7.995304 7.754129 6.238766 0.7139735 0.5166104 0.5166104 0.5166104 0.5166105 0.5166104 0.5166104 0.5166104 0.5166104 0.5166104 0.5166104 0.5166104 0.5166104 0.5166104 0.5166104 0.5166104 0.5166105 0.5166104 0.5166105 0.5166105 0.5166104 0.5166105 0.5166105 0.5166105 0.5166104 0.5166104 0.5166105 0.5166105 0.5166104 0.5166105 0.5166104 0.5166104 0.5166104 0.5166104 0.5166104 0.5166105 0.5166104 0.5166104 0 0 0 0 0 0 0 0 0 0 0 0 0 0 0 0 0 0 0 0 0
9.202388 8.121469 7.75413 7.754131 4.554834 0.5166104 0.5166104 0.5166104 0.5166104 0.5166104 0.5166104 0.5166104 0.5166104 0.5166104 0.5166104 0.5166104 0.5166104 0.5166104 0.5166104 0.5166105 0.5166105 0.5166104 0.5166104 0.5166104 0.5166104 0.5166104 0.5166105 0.5166105 0.5166104 0.5166105 0.5166104 0.5166104 0.5166104 0.5166105 0.5166104 0.5166104 0.5166105 0.5166104 0.5166104 0.5166105 0.5166105 0.5166104 0 0 0 0 0 0 0 0 0 0 0 0 0 0 0 0 0 0 0 0 0
9.202388 8.247634 7.75413 7.75413 7.731277 2.767886 0.5166105 0.5166105 0.5166105 0.5166105 0.5166105 0.5166105 0.5166105 0.5166105 0.5166105 0.5166105 0.5166105 0.5166105 0.5166105 0.5166105 0.5166106 0.5166105 0.5166105 0.5166105 0.5166105 0.5166105 0.5166106 0.5166105 0.5166105 0.5166105 0.5166105 0.5166105 0.5166105 0.5166106 0.5166105 0.5166105 0.5166105 0.5166105 0.5166105 0.5166106 0.5166105 0.5166105 1.26978 0 0 0 0 0 0 0 0 0 0 0 0 0 0 0 0 0 0 0 0
9.202388 8.373798 7.75413 7.75413 7.75413 7.275744 1.381282 0.5166105 0.5166105 0.5166104 0.5166105 0.5166104 0.5166105 0.5166105 0.5166105 0.5166104 0.5166105 0.5166104 0.5166105 0.5166104 0.5166105 0.5166104 0.5166105 0.5166104 0.5166105 0.5166104 0.5166104 0.5166104 0.5166105 0.5166104 0.5166105 0.5166104 0.5166105 0.5166104 0.5166104 0.5166105 0.5166104 0.5166105 0.5166104 0.5166105 0.5166104 0.5166105 0.5122471 0.4509156 0 0 0 0 0 0 0 0 0 0 0 0 0 0 0 0 0 0 0
