Scenarios/Heterogeneous/data/country_data_population_distribution/processed/density_grids/ecu.asc
ncols 403
nrows 155
xllcorner -91
yllcorner -4
[rows 0 to 40 of 155, columns 279 to 371 of 403]
0 0 0 0 0 0 0 0 0 0 0 0 0 0 0 0 0 0 0 0 0 0 0 0 0 0 0 0 0 0 0 0 0 0 0 0 0 0 0 51.75876 51.90383 0 0 0 0 0 0 0 0 0 0 0 0 0 0 0 0 0 0 0 0 0 0 0 0 0 0 0 0 0 0 0 0 0 0 0 0 0 0 0 0 0 0 0 0 0 0 0 0 0 0 0 0
0 0 0 0 0 0 0 0 0 0 0 0 0 0 0 0 0 0 0 0 0 0 0 0 0 0 0 0 0 0 0 0 0 0 0 0 0 0 0 51.73708 59.49959 59.13518 26.86296 0 0 0 0 0 0 0 0 0 0 0 0 0 0 0 0 0 0 0 0 0 0 0 0 0 0 0 0 0 0 0 0 0 0 0 0 0 0 0 0 0 0 0 0 0 0 0 0 0 0
0 0 0 0 0 0 0 0 0 0 0 0 0 0 0 0 0 0 0 0 0 0 0 0 0 0 0 0 0 0 0 0 0 0 0 0 0 0 17.63825 19.58447 130.7629 76.33578 31.3057 13.91143 0 0 0 0 0 0 0 0 0 0 0 0 0 0 0 0 0 0 0 0 0 0 0 0 0 0 0 0 0 0 0 0 0 0 0 0 0 0 0 0 0 0 0 0 0 0 0 0 0
0 0 0 0 0 0 0 0 0 0 0 0 0 0 0 0 0 0 0 0 0 0 0 0 0 0 0 0 0 0 0 0 0 0 0 0 0 30.89586 17.63825 21.32648 130.3531 130.7702 130.7702 62.97202 8.949651 0 0 0 0 0 0 0 0 0 0 0 0 0 0 0 0 0 0 0 0 0 0 0 0 0 0 0 0 0 0 0 0 0 0 0 0 0 0 0 0 0 0 0 0 0 0 0 0
0 0 0 0 0 0 0 0 0 0 0 0 0 0 0 0 0 0 0 0 0 0 0 0 0 0 0 0 0 0 0 0 0 0 0 0 89.02275 52.72066 51.61718 15.79838 49.11062 123.3741 130.7702 63.28077 6.303892 22.38073 0 0 0 0 0 0 0 0 0 0 0 0 0 0 0 0 0 0 0 0 0 0 0 0 0 0 0 0 0 0 0 0 0 0 0 0 0 0 0 0 0 0 0 0 0 0 0
0 0 0 0 0 0 0 0 0 0 0 0 0 0 0 0 0 0 0 0 0 0 0 0 0 0 0 0 0 0 0 0 0 0 0 45.06473 88.90226 88.00849 18.55433 10.37033 10.24454 96.36485 125.4677 17.0154 7.531951 7.161465 9.869433 0 0 0 0 0 0 0 0 0 0 0 0 0 0 0 0 0 0 0 0 0 0 0 0 0 0 0 0 0 0 0 0 0 0 0 0 0 0 0 0 0 0 0 0 0 0
0 0 0 0 0 0 0 0 0 0 0 0 0 0 0 0 0 0 0 0 0 0 0 0 0 0 0 0 0 0 0 0 0 0 23.21386 23.21386 31.28384 88.04942 29.75718 10.24454 10.24454 106.2913 74.84818 14.04763 8.232463 8.232463 8.094062 7.420042 19.90483 0 0 0 0 0 0 0 0 0 0 0 0 0 0 0 0 0 0 0 0 0 0 0 0 0 0 0 0 0 0 0 0 0 0 0 0 0 0 0 0 0 0 0 0
0 0 0 0 0 0 0 0 0 0 0 0 0 0 0 0 0 0 0 0 0 0 0 0 0 0 0 0 0 0 0 0 0 23.21386 23.21386 23.21386 23.21386 63.08722 12.2053 10.57188 12.37488 70.96579 43.47577 26.11014 9.038266 8.232463 8.232463 7.040695 5.625453 1.882404 0 0 0 0 0 0 0 0 0 0 0 0 0 0 0 0 0 0 0 0 0 0 0 0 0 0 0 0 0 0 0 0 0 0 0 0 0 0 0 0 0 0 0
0 0 0 0 0 0 0 0 0 0 0 0 0 0 0 0 0 0 0 0 0 0 0 0 0 0 0 86.39579 0 0 33.65987 33.65987 23.21386 23.21386 23.21386 24.14358 37.36811 28.0742 11.39928 13.49551 14.10625 20.23191 26.83651 27.2872 21.15216 8.537738 8.232464 7.790716 6.159052 1.726695 1.762484 0 0 0 0 0 0 0 0 0 0 0 0 0 0 0 0 0 0 0 0 0 0 0 0 0 0 0 0 0 0 0 0 0 0 0 0 0 0 0 0 0 0
0 0 0 0 0 0 0 0 0 0 0 0 0 0 0 0 0 0 0 0 0 0 0 0 0 46.03002 86.3958 74.7353 46.96894 13.39015 29.95329 32.84337 25.36459 23.22295 22.27047 34.31962 51.47515 48.40593 35.21857 32.88659 21.52972 16.15181 17.30269 15.42176 24.41822 14.48298 8.232464 8.195568 4.738789 1.727367 1.726695 2.861765 0 0 0 0 0 0 0 0 0 0 0 0 0 0 0 0 0 0 0 0 0 0 0 0 0 0 0 0 0 0 0 0 0 0 0 0 0 0 0 0 0
0 0 0 0 0 0 0 0 0 0 0 0 0 0 0 0 0 0 0 0 0 0 0 21.25387 21.25387 29.66013 86.39342 68.83527 36.06401 13.7097 32.83009 33.65987 33.65987 31.03233 16.35742 23.84083 50.58989 51.47516 33.95724 29.42933 43.20699 15.69747 9.553125 6.282454 12.39547 24.9298 9.275354 4.517833 1.726727 1.726695 1.726695 1.726695 1.821073 10.7349 0 0 0 0 0 0 0 0 0 0 0 0 0 0 0 0 0 0 0 0 0 0 0 0 0 0 0 0 0 0 0 0 0 0 0 0 0 0 0
0 0 0 0 0 0 0 0 0 0 0 0 0 0 0 0 0 0 0 2888.296 2939.075 2494.511 59.08532 21.44237 21.25388 21.25388 57.21104 59.62053 39.74923 13.39015 27.83965 33.65988 33.65987 25.4249 13.02288 13.02288 37.64939 51.35231 31.13632 25.88276 38.51234 6.413696 2.480052 4.736711 6.572168 9.804241 3.270237 2.161525 1.758515 1.726695 1.726695 1.726695 1.726695 6.195542 13.9265 13.99457 0 0 0 0 0 0 0 0 0 0 0 0 0 0 0 0 0 0 0 0 0 0 0 0 0 0 0 0 0 0 0 0 0 0 0 0 0
0 0 0 0 0 0 0 0 0 0 0 0 0 0 0 0 0 0 159.9646 1184.575 2596.554 1320.372 71.71729 45.78139 21.25387 20.56763 18.76145 39.38091 37.72526 13.39015 15.87015 26.30039 19.23012 13.87605 13.02288 13.02288 39.16234 31.84769 26.29582 29.54331 23.07342 6.483235 2.480052 2.505996 4.196043 6.087107 3.116859 2.141811 1.777532 1.726695 2.195336 6.076544 3.954597 1.91077 12.74325 13.9265 25.2698 0 0 0 0 0 0 0 0 0 0 0 0 0 0 0 0 0 0 0 0 0 0 0 0 0 0 0 0 0 0 0 0 0 0 0 0
0 0 0 0 0 0 0 0 0 0 0 0 0 0 0 0 206.9761 167.3939 159.8552 407.7686 966.4922 127.5173 49.88881 54.09298 22.94545 20.1545 18.75155 18.9996 48.58141 27.43602 13.39015 13.3247 12.96197 13.00401 12.48587 11.39405 15.5073 15.83191 15.77199 20.54285 22.39317 9.829246 2.557398 2.480052 2.459163 2.182234 2.161525 2.161525 2.111453 1.871706 5.384423 7.898018 6.926324 3.463269 10.42066 13.9265 13.9265 13.73954 15.29993 0 0 0 0 0 0 0 0 0 0 0 0 0 0 0 0 0 0 0 0 0 0 0 0 0 0 0 0 0 0 0 0 0 0
0 0 0 0 0 0 0 0 0 0 0 0 0 0 74.81912 63.152 155.0453 193.543 153.0319 46.37506 41.6857 41.35249 41.35248 40.95983 28.29535 23.56001 15.68008 15.81646 22.01745 22.41033 13.39015 13.14544 11.11109 11.30617 10.92355 10.92357 11.79202 9.668795 8.930779 7.452392 6.303442 1.506984 1.48557 1.902377 2.227411 2.161525 2.161525 2.161525 2.161525 2.161525 14.9145 8.963037 7.898018 7.800833 7.663486 11.94129 13.16884 10.26264 7.61335 8.653422 13.56629 0 0 0 0 0 0 0 0 0 0 0 0 0 0 0 0 0 0 0 0 0 0 0 0 0 0 0 0 0 0 0 0
0 0 0 0 0 0 0 0 0 0 0 32.12778 32.05858 65.18757 74.81911 61.09093 127.1108 204.3406 160.8866 26.38806 27.05262 41.35249 37.09464 29.56906 23.28316 13.09314 9.540382 12.57756 18.67693 17.35931 13.39015 11.47769 8.646007 6.318882 8.870337 9.533942 8.280371 7.427313 5.730066 5.695919 6.714851 6.217034 0.6080019 1.277295 2.161525 2.161525 2.161525 2.161525 2.161525 2.161525 14.46571 18.77305 16.16494 11.66256 7.903168 7.517111 4.579867 3.611404 3.74368 6.535044 8.770697 10.13019 25.50937 0 0 0 348.2343 455.5998 189.6692 0 0 0 0 0 0 0 0 0 0 0 0 0 0 0 0 0 0 0 0 0 0 0 0
0 0 0 0 0 0 0 0 0 0 32.12713 32.08212 29.39675 74.74195 74.81912 60.96527 71.78713 202.9288 79.94205 24.28149 26.63707 34.01567 28.18445 26.29102 25.16969 8.816378 8.793803 8.793803 11.48471 13.8097 10.90919 3.813669 3.605037 3.605037 3.605037 4.766635 7.453763 7.453763 5.617841 5.55231 5.557065 5.4819 1.114024 1.639963 2.161525 2.161525 2.161525 2.161525 3.177094 3.758865 16.0631 19.4366 19.4366 14.60558 9.368468 7.114543 3.638933 3.611405 3.611404 11.83711 10.0456 9.506828 14.81878 15.41577 15.41577 272.4535 517.5077 244.1265 73.51994 0 0 0 0 0 0 0 0 0 0 0 0 0 0 0 0 0 0 0 0 0 0 0 0
0 0 0 0 0 0 0 0 0 0 28.03072 28.01824 27.62326 36.36637 49.66063 64.38373 29.92258 32.29115 24.0768 17.0724 11.34231 18.40672 26.29102 26.16125 24.98119 11.35227 8.793804 8.793803 9.379169 12.52971 4.353368 3.605037 3.605037 3.605037 3.605037 4.90046 7.354337 6.723288 5.552977 5.55231 5.55231 5.55231 2.706898 1.136164 2.055202 2.161525 2.161525 2.161525 2.914339 5.08163 6.060528 13.72253 19.0554 16.26039 10.25059 9.507341 6.025837 3.611404 3.611404 15.50196 32.93358 23.42062 22.61332 19.61043 15.41577 275.0053 437.7246 237.9211 0 0 0 0 0 0 0 0 0 0 0 0 0 0 0 0 0 0 0 0 0 0 0 0 0
0 0 0 0 0 0 0 0 0 0 22.73769 21.29469 18.71475 18.71475 23.81074 63.28696 34.3523 20.98089 11.94806 10.1992 10.1992 10.84882 24.47357 31.80303 24.76739 14.75201 8.793804 8.793804 8.793804 10.07355 3.900449 3.605037 3.605037 3.605037 3.605037 3.970389 5.530371 5.55231 5.55231 5.55231 5.55231 5.55231 5.112016 1.312336 1.097965 2.161525 2.161525 2.161525 2.162294 3.946696 5.08163 5.08163 7.550368 9.224055 10.11152 10.25059 17.21338 17.44572 11.66263 16.6113 57.9591 29.22842 23.91499 25.67326 75.27663 164.421 135.4483 96.678 96.34996 84.05096 0 0 0 0 0 0 0 0 0 0 0 0 0 0 0 0 0 0 0 0 0 0 0
0 0 0 0 0 0 0 0 0 0 18.71475 18.71475 34.45258 38.35159 45.64282 60.34506 54.26265 12.5257 10.1992 10.1992 10.1992 10.34883 47.63601 74.55096 59.55235 24.67401 13.44167 8.793803 8.793803 8.793803 7.859442 3.744522 3.605036 3.605037 3.605037 3.836052 4.910022 5.55231 5.55231 5.55231 5.55231 5.55231 5.55231 3.777139 0.6297515 1.55427 2.161525 2.161525 2.161525 2.65369 5.07026 5.081629 5.081629 5.081629 9.476531 10.25059 10.6269 18.84168 20.27951 29.71356 62.0369 53.19849 41.74796 74.42957 142.2993 41.64004 96.54191 158.14 100.3702 47.07833 49.03999 65.13309 0 0 0 0 0 0 0 0 0 0 0 0 0 0 0 0 0 0 0 0 0
0 0 0 0 0 0 0 0 0 0 0 0 67.22768 67.22767 67.1404 62.00008 28.04981 12.05877 12.27102 12.15244 12.95339 13.54241 17.08527 50.24294 60.24137 34.99677 25.12261 12.28182 11.56821 8.954494 9.463518 6.629492 3.605037 3.605037 3.622669 4.26758 5.398068 5.55231 5.55231 5.55231 5.55231 4.900468 5.43766 3.553917 0.6080019 0.819235 1.930006 2.161525 2.161525 2.161525 3.854946 5.110095 5.081629 5.08163 6.436894 10.08702 10.25059 14.02313 21.60835 42.33247 62.6305 61.023 62.34684 70.84232 135.1518 114.6305 71.54372 105.6048 58.77615 9.055382 6.785202 8.552571 11.2386 0 0 0 0 0 0 0 0 0 0 0 0 0 0 0 0 0 0 0 0
0 0 0 0 0 0 0 0 0 0 0 0 67.22767 48.63911 26.72604 16.66476 16.66476 16.20571 16.36536 13.87201 13.70175 13.70175 13.70175 17.62485 39.00142 27.80197 27.23402 21.26043 19.24608 18.01616 18.94392 11.57861 3.605037 3.60779 4.489835 5.552309 5.584723 5.552309 5.55231 5.552309 5.552309 4.261344 1.263009 0.9061003 0.6080019 0.6080019 0.9503681 2.137254 2.161525 2.227691 16.67867 20.04928 5.08163 5.107297 10.23044 14.86921 10.40573 11.85962 29.7983 57.78877 60.21714 39.749 35.62877 45.30062 64.1159 141.1973 83.0325 48.94019 26.76475 6.785202 7.020639 8.786633 10.51057 0 0 0 0 0 0 0 0 0 0 0 0 0 0 0 0 0 0 0 0
0 0 0 0 0 0 0 0 0 0 0 0 59.00668 19.68314 16.66476 16.66476 16.66476 16.03607 15.10802 13.7033 13.70175 13.70175 13.70175 13.70175 17.03341 27.80198 27.80197 25.56111 19.24608 19.24608 19.24608 15.87526 7.583527 6.275775 7.372743 10.97671 16.50464 9.997216 5.55231 5.55231 5.55231 5.546862 1.022724 0.6080019 0.6080019 0.6080019 0.6080019 2.177539 7.892503 12.97405 27.35216 27.34791 10.36195 15.01567 20.77596 23.66991 31.06816 37.52076 40.31408 63.13416 50.95707 32.20379 44.59624 54.61584 33.45457 113.1827 141.0529 46.92609 6.785202 6.365595 5.833629 6.674929 6.674928 0 0 0 0 0 0 0 0 0 0 0 0 0 0 0 0 0 0 0 0
0 0 0 0 0 0 0 0 0 0 0 31.65141 33.72922 19.22775 16.66476 16.66476 16.66476 15.79131 13.70175 13.70175 13.70175 13.70175 13.99914 24.80973 29.66727 28.2848 28.0824 25.54943 19.24608 19.24608 19.24608 19.24608 19.24336 18.56631 19.24608 19.24608 19.24608 14.33418 5.55231 5.55231 5.55231 5.55231 1.218196 0.6080019 0.6080019 0.6080019 1.40047 7.773068 11.9834 11.21866 11.1821 12.1738 25.46728 29.28617 30.94746 43.79864 48.06316 51.60091 318.5396 55.34281 50.79487 41.98765 44.95815 56.01127 41.23446 57.36024 95.7809 6.785202 6.785202 5.196455 3.449197 6.674929 6.67493 0 0 0 0 0 0 0 0 0 0 0 0 0 0 0 0 0 0 0 0
0 0 0 0 0 0 0 0 0 0 0 31.64288 31.34111 30.1907 19.68777 17.93659 20.77034 16.63499 14.09718 13.70175 13.70175 13.70175 28.59312 62.59073 62.59073 59.34513 42.68143 19.90478 19.24608 19.24608 19.24608 19.24608 19.24608 19.24608 19.24608 19.24608 19.24608 19.23871 9.96619 5.55231 5.55231 5.490052 1.206517 0.6080019 0.6080019 0.6080019 7.812099 11.9834 11.9834 10.78647 9.701972 9.701972 16.83912 40.49894 55.1654 61.34464 73.81816 101.1671 508.0842 546.0059 67.1581 50.8826 62.6672 57.60371 48.21065 29.87891 6.476503 2.133604 4.58937 0.9542558 0.5743766 2.881883 4.344944 50.39849 0 0 0 0 0 0 0 0 0 0 0 0 0 0 0 0 0 0 0
0 0 0 0 0 0 0 0 0 0 0 30.68289 30.55064 30.55064 30.55064 35.28967 37.25816 23.00837 13.8904 13.70175 13.70175 22.64595 58.19381 62.59073 62.59073 47.34968 19.4719 19.24608 20.20265 19.24608 19.24608 19.24608 19.24608 19.24608 19.24608 19.24608 19.24608 19.24608 13.29041 5.55231 5.581818 6.647521 6.036922 5.679845 1.613468 5.737915 14.64437 13.91081 11.73678 9.712344 9.681576 9.700789 14.79651 28.71483 35.31594 48.75671 116.2194 281.0604 683.3364 682.1274 100.8188 72.40465 99.8995 33.41628 27.90373 21.3489 0.6509806 0.2256566 0.2256566 0.2256566 0.3746531 1.592664 1.600007 15.38532 0 0 0 0 0 0 0 0 0 0 0 0 0 0 0 0 0 0 0
0 0 0 0 0 0 0 0 0 0 0 22.9704 23.75522 33.29389 33.43957 37.70259 37.87848 19.55552 18.30048 21.64491 30.17559 53.45072 62.59073 62.59072 62.59073 62.59073 50.52705 50.88928 50.30027 29.9831 22.63355 25.52306 27.26055 26.75475 20.85166 19.2815 19.24608 24.91292 29.74701 7.653029 8.23631 8.486093 8.486094 8.486093 8.427271 12.14065 15.72492 15.72492 15.00551 8.159756 8.271575 7.836072 39.71682 89.08698 46.99646 587.9356 451.7644 588.0317 683.3364 683.3364 261.1684 90.77813 109.7001 58.24559 25.22827 14.84764 0.2256566 0.2256566 0.2256566 0.2256566 0.3260863 1.55725 1.600007 1.600007 2.016634 28.32679 10.37057 23.95574 56.03867 0 38.0034 23.98911 0 0 0 0 0 0 0 0 0 0 0
0 0 0 0 0 0 0 0 0 0 0 0 22.9704 33.26104 36.52621 32.29106 27.77563 21.30899 22.9704 34.13674 62.59072 62.59073 62.59072 62.59072 62.59072 62.59072 62.59072 62.59073 62.59072 62.59073 51.02458 40.06196 41.71802 39.1994 42.28408 35.18933 33.37716 47.17666 14.42623 8.486094 8.486093 8.486094 8.486093 8.486094 8.486093 8.518466 12.27513 17.856 17.5339 62.66254 72.95338 93.07574 167.9662 283.8785 282.0157 758.5754 721.5632 691.6351 597.4056 683.3364 247.039 51.23872 35.66204 34.69018 7.58574 0.9601246 0.2256566 0.2256566 0.2256566 0.2256566 0.4397879 1.600007 1.600007 1.600007 1.734254 7.003479 10.07908 10.07908 10.07908 10.23641 10.77819 10.80684 17.35073 0 0 0 0 0 0 0 0 0 0
0 0 0 0 0 0 0 0 0 0 0 0 22.9704 31.19993 35.76908 24.40015 22.9704 22.9704 22.9704 23.2406 35.47895 62.45904 62.59073 62.59072 62.59073 62.59073 62.59072 62.59072 62.58923 56.41659 38.09596 36.78583 36.78583 33.78251 26.14378 25.87741 30.658 22.18803 8.486093 8.486093 8.486093 8.486093 8.486093 8.486093 8.486093 8.486093 9.688605 15.61611 14.06892 16.70062 15.89204 104.406 115.3683 234.9668 454.3808 565.3644 626.9661 492.3487 174.7195 262.3232 64.77839 13.43365 9.319279 8.545332 7.025949 1.896329 0.4455649 0.2256566 0.2256566 0.2256566 0.248198 1.418007 1.600007 1.642824 2.755455 9.951396 10.07908 10.07909 10.07908 10.07908 10.1979 10.66086 10.8088 20.68701 36.73236 136.1805 0 0 0 0 0 48.42003 54.22687
0 0 0 0 0 0 0 0 0 0 0 0 22.9704 22.9704 22.9704 22.9704 22.9704 22.9704 22.9704 22.9704 40.98982 62.59073 62.59073 62.59073 62.67384 62.59073 63.28309 68.06134 55.9571 36.78583 36.78583 36.78583 36.78583 31.157 25.83094 25.83094 22.12279 11.47608 9.403315 10.62619 14.38425 13.92683 15.17256 13.32778 10.31389 10.61265 16.51101 20.56513 22.61963 28.88597 26.67574 39.81075 104.2073 220.4342 579.1794 665.9564 314.1958 202.4781 40.40941 31.85361 18.09514 12.76673 8.566725 8.545332 4.068278 2.178035 2.081847 0.8033429 0.2256566 0.253761 1.156157 1.642017 1.764019 1.838026 1.840273 5.165493 10.07908 10.07908 10.07908 10.07908 11.27872 10.95326 10.8088 10.8088 140.9171 217.376 217.676 153.5662 30.07727 18.43748 18.43748 18.43748 18.43748
0 0 0 0 0 0 0 0 0 0 0 0 22.9704 22.9704 22.9704 22.9704 22.9704 23.39205 42.32888 41.38961 60.45533 62.00756 62.59073 65.34716 72.60262 69.9115 74.5041 75.86086 75.63509 54.3987 36.78583 36.78583 36.78583 30.57862 25.83094 25.83094 25.83094 25.83094 20.48294 17.28995 17.28995 17.28995 17.28995 20.01048 14.85097 21.88943 28.95769 29.36868 29.36868 29.36868 29.36867 29.37172 35.36982 452.3653 607.9337 343.4034 167.9403 143.015 30.50311 28.36128 19.44647 14.53282 7.790554 3.01117 2.207017 2.178036 2.178035 2.005342 0.2358348 1.057623 1.840273 1.840273 1.840273 1.840273 1.840273 3.944933 10.0067 10.07908 10.07908 10.07908 11.57365 18.98585 12.90858 11.61655 98.14215 116.8885 214.3584 210.6003 28.79693 18.43748 18.43748 18.43748 18.43748
0 0 0 0 0 0 0 0 0 0 0 0 47.46156 30.41859 22.9704 22.9704 25.89533 44.62839 51.56157 51.56157 51.67999 54.13761 60.4874 68.3786 75.86086 75.86086 75.86086 75.86086 75.86086 44.48223 36.78583 36.78583 36.78583 30.1519 25.83094 25.83094 25.83094 25.83094 21.92637 17.28995 17.28995 17.28995 17.6683 22.06759 14.23109 13.40687 13.54651 19.32868 28.81867 34.87345 45.70456 41.32888 33.91392 69.60835 433.269 181.7931 143.845 119.0622 22.1633 21.27226 21.27226 16.56374 2.510047 2.178035 2.178035 2.178035 2.178035 2.161497 1.11741 1.840273 1.840273 2.728353 6.484127 2.55566 1.840273 1.840273 7.44417 10.07908 10.07908 10.07908 19.70668 22.5584 16.15297 10.8088 28.59232 38.02832 200.239 217.676 90.84727 18.43748 18.43748 18.43748 18.43748
0 0 0 0 0 0 0 0 0 0 0 51.56157 51.56157 43.72599 31.15074 22.9704 31.45397 51.56157 51.56157 51.56157 51.56157 51.56153 51.13631 63.90148 70.07405 73.25418 73.08169 75.86086 67.57364 37.28682 36.78583 36.78583 36.78583 26.1106 25.83094 25.83094 25.83094 25.8342 23.03557 17.28995 17.28995 17.64924 20.08052 26.23645 17.7891 13.8277 13.40687 16.32947 26.00866 95.18909 241.1115 93.9397 82.30253 52.19784 89.13914 232.9175 174.4853 166.3358 78.78796 51.58433 21.27226 18.97526 9.001804 2.322183 2.178035 2.178035 2.178035 2.089601 1.842404 1.840273 1.840273 5.79759 14.26385 14.11612 8.458529 5.099241 14.09337 12.07339 10.10535 10.6785 33.39733 35.66307 25.98306 10.8088 28.54911 38.02832 125.7679 217.676 194.4951 58.50232 19.51942 18.26129 18.26427
0 0 0 0 0 0 0 0 0 0 51.56157 51.56157 51.56157 51.56157 41.7066 40.93255 47.61293 51.56157 51.56157 51.56157 37.53492 29.47526 43.66217 62.59073 62.59073 62.59073 62.72409 63.68382 46.8614 36.78583 36.78583 36.78583 36.04597 27.68856 25.83094 25.83094 25.83094 26.96508 29.29417 25.3888 21.01687 20.59736 24.25113 29.5736 28.20272 13.63596 13.6903 19.30583 25.51349 173.2869 333.0648 96.42741 78.09133 40.34127 77.20177 262.4937 228.5281 166.9762 162.7981 158.8839 55.99218 21.27226 21.234 19.96839 6.628903 2.178035 2.178035 1.932491 1.840273 1.840273 1.840273 1.844704 6.585632 13.8374 14.2794 14.70747 14.2794 14.2794 12.39498 10.07908 17.41987 31.40767 28.53172 10.75356 29.91189 38.02832 112.2438 217.524 217.676 212.8455 63.45944 17.24752 15.42764
0 0 0 0 0 0 0 0 0 0 51.56157 51.56156 51.34874 42.33315 38.25468 51.56157 51.19558 48.56269 37.90749 25.12978 13.60977 13.02771 55.34975 62.59073 62.59073 63.04761 81.90211 121.3609 104.6691 85.19241 37.60557 37.12674 36.76556 33.1446 27.9956 27.14285 26.06224 29.02926 29.41246 29.41246 29.39389 24.18425 21.18887 28.23581 25.45744 10.78347 15.65986 25.51349 25.51349 199.311 356.7687 131.2842 61.16335 26.29011 63.72273 198.9669 241.4745 146.1151 166.238 166.2379 162.9534 52.54486 21.27226 21.27226 13.91643 1.520712 2.080762 2.099355 2.0118 2.025276 1.956793 2.082485 2.178035 4.551091 9.980004 15.61949 16.21659 14.54431 12.99442 10.07908 10.07908 10.57724 11.75222 10.07908 37.56252 38.02832 70.24009 215.086 155.8661 61.97499 20.9699 17.51759 15.42764
0 0 0 0 0 0 0 0 0 51.56157 51.56157 48.3882 23.92209 17.83768 17.80476 26.24581 31.56359 13.0028 12.98646 12.98646 12.98645 12.98646 78.70946 110.5764 99.26453 89.71842 145.0835 167.0531 167.0531 80.33184 39.44688 39.44676 38.84779 35.79144 32.14166 29.41246 29.41246 29.41246 29.41246 29.41246 29.41246 21.2761 17.80133 20.83901 23.60918 10.71378 10.1261 15.1444 22.68565 322.541 826.743 431.7248 143.4267 214.144 163.3577 100.999 64.52124 61.26808 147.0443 166.238 166.238 76.69975 19.64116 11.52712 2.994711 1.204978 2.095545 2.178035 2.178035 2.178035 2.176201 2.178035 2.16879 1.609332 3.574455 17.10111 17.45213 16.31916 11.14939 10.07908 10.07908 10.07908 10.07908 10.62331 31.09979 27.695 22.34619 57.25615 21.02452 20.97629 20.92804 15.94852 15.42764
0 0 0 0 0 0 0 0 47.06842 49.26051 44.04976 25.4656 20.36052 18.5162 17.20653 14.69515 13.06888 12.98645 12.98646 12.98646 12.98646 12.98645 69.32154 162.9533 167.0531 167.0531 166.0215 167.0531 164.4676 63.47643 39.44688 39.44688 39.44688 37.38815 29.71155 29.41246 29.41246 29.41246 29.41246 29.41246 29.40376 18.51466 17.80133 17.80133 17.80133 13.49054 10.05117 138.4898 2118.847 3119.1 2337.894 2035.676 367.2038 298.8336 200.9207 124.3546 60.82186 60.82185 67.69591 147.7636 166.2379 153.2452 19.46046 1.193193 1.193193 1.409405 1.932344 1.420411 2.012586 1.972793 2.142215 1.982335 1.099932 0.4563358 13.68 17.45213 17.45213 13.35869 8.167482 9.440289 10.07908 10.143 10.49528 15.31453 20.97629 26.32234 28.38762 21.12836 20.97629 20.97629 20.97629 17.21315 15.42764
0 0 0 0 0 0 0 47.06842 47.06842 47.06791 36.16423 26.04114 26.04114 22.97057 13.84186 12.98646 12.98646 12.74154 12.77115 12.78991 12.97428 12.98645 33.60962 65.88819 106.0202 124.4681 133.5585 124.7624 97.39077 41.35043 39.44688 84.64738 208.6269 291.0775 327.0033 254.7088 132.7928 167.9357 112.4919 149.5123 42.41674 11.37928 15.9347 17.80133 17.80133 10.04912 9.545677 1790.39 5428.549 5367.379 2548.82 2081.588 225.3503 234.9971 224.1053 159.4739 60.82186 60.82186 60.82186 103.0439 165.1647 125.0644 13.39128 1.193193 1.65986 5.99043 2.453532 0.4563357 0.4563357 0.4563358 0.8345547 0.7090546 0.4563358 0.4563357 14.19509 17.45213 16.10241 1.787264 6.477345 7.071476 8.120745 12.97977 19.43969 20.61658 27.64099 45.01678 44.9623 49.15024 43.41517 25.66208 22.60006 25.72824 50.99208
0 0 0 0 0 0 47.06842 47.06842 47.06842 46.39563 30.07954 26.04115 26.04115 24.60159 22.16254 18.98125 12.59322 12.40343 12.39195 12.39195 14.22351 15.57465 39.16625 41.25637 63.87371 75.09133 75.09133 75.09133 90.04805 191.7008 172.6438 268.8621 367.6308 367.6309 367.6309 367.6309 367.6309 367.6309 367.6308 367.6309 298.7525 3.459788 3.576912 5.05401 5.745249 4.033306 4.869308 2766.225 5428.549 5428.549 2355.401 982.7119 314.5905 170.6674 168.8954 167.4651 120.7063 60.82186 60.82186 49.81625 25.35768 1.193193 1.193193 1.193193 3.595722 6.688834 5.473008 0.4947616 0.4563357 0.4563357 0.4563357 0.4563357 0.4563357 0.4563357 3.395495 7.245446 4.691939 0.8702857 6.501465 7.059668 7.059668 7.059668 12.39229 19.82412 21.43255 41.29733 41.85143 41.84877 60.85122 51.87519 42.23284 51.14935 83.2605
0 0 0 0 47.06842 47.06842 47.06842 47.06842 47.06842 47.06842 35.08509 26.02287 25.64494 25.25454 25.24009 17.65366 12.39195 12.43486 15.93352 19.11565 21.87222 21.96353 36.27297 41.25303 41.69647 88.81952 120.9062 245.0035 130.8649 183.4791 367.6308 367.6308 367.6308 367.6308 367.6308 293.6552 333.6566 306.1836 183.4622 192.6914 110.1366 6.562854 3.446706 3.446706 3.446706 3.446706 3.514904 2853.552 5428.549 5428.549 2205.215 1034.218 409.4252 294.4819 183.8774 151.0911 124.0582 14.10758 27.02776 11.96649 1.193193 1.193193 1.193193 1.193193 3.617458 6.688833 6.688833 3.916682 1.034132 0.4563357 0.4563357 0.4563358 0.4563357 0.4563357 0.4563357 0.4563357 0.4563357 1.279436 6.985257 7.059668 7.059668 7.059668 7.059668 15.12615 19.89734 32.97587 41.68949 42.44227 51.88427 58.70131 43.38724 53.87196 83.26049
0 0 0 47.06842 47.06842 47.06842 47.06842 47.06842 47.06842 47.06842 40.10824 25.78242 25.24009 25.12291 22.97408 20.57766 12.42732 15.48888 21.96353 21.96353 21.96353 21.76788 25.28586 38.68706 71.14329 110.1703 115.0992 335.9841 363.327 333.731 367.6308 367.6309 367.6308 367.6309 338.3164 81.50565 96.05618 51.9129 19.15578 19.15578 19.15578 18.89942 10.62647 3.446706 3.446706 3.446706 3.446706 2079.651 5428.549 5387.271 1687.161 952.1393 305.7167 198.0713 217.928 116.5581 41.25643 1.193193 1.389247 1.193193 1.193193 1.193193 1.193193 1.193193 3.712495 6.688834 6.688833 6.588494 1.37931 0.4563358 0.4563358 0.4563358 0.4563358 0.4563358 0.4563358 0.4563358 0.4563358 0.4563358 4.846483 9.865918 8.139157 7.059668 7.059669 11.15235 19.89735 25.38795 40.40548 43.01965 52.87835 54.86663 45.82441 75.92992 82.66226
