Scenarios/Heterogeneous/data/country_data_population_distribution/processed/density_grids/eri.asc
ncols 172
nrows 144
xllcorner 36
yllcorner 12
cellsize 0.041666666666667
NODATA_value -9999
[rows 34 to 67 of 144, columns 0 to 75 of 172]
0 0 0 0 0 0 0 0 0 0 0 0 0 0 0 0 0 0 0 0 0 38.7479 23.86326 23.86326 23.86326 23.86326 23.86326 23.86326 23.86326 23.86326 23.86326 23.86326 23.86326 23.86326 23.86326 23.86326 23.86326 23.86326 23.86326 23.86326 23.86326 23.86326 23.86326 23.86326 23.86325 23.86326 23.86326 23.86326 23.86326 23.86326 23.86325 23.86326 23.86326 28.8015 33.95963 33.95964 33.95963 33.95964 33.95963 33.95964 33.95963 33.95964 33.95963 33.95964 33.95963 33.95964 33.95963 33.95964 33.95963 33.95964 33.95963 33.95964 33.95964 33.95963 33.95964 33.95964
0 0 0 0 0 0 0 0 0 0 0 0 0 0 0 0 0 0 0 0 0 42.26699 23.86326 23.86326 23.86326 23.86326 23.86326 23.86326 23.86326 23.86326 23.86326 23.86326 23.86326 23.86326 23.86326 23.86326 23.86326 23.86326 23.86326 23.86326 23.86326 23.86326 23.86326 23.86326 23.86326 23.86326 23.86326 23.86326 23.86326 23.86326 23.86326 23.86326 23.86326 28.95238 33.95963 33.95964 33.95964 33.95964 33.95964 33.95964 33.95964 33.95964 33.95964 33.95964 33.95963 33.95964 33.95964 33.95964 33.95963 33.95964 33.95964 33.95964 33.95964 33.95963 33.95964 33.95963
0 0 0 0 0 0 0 0 0 0 0 0 0 0 0 0 0 0 0 0 0 0 27.39482 23.86326 23.86326 23.86326 23.86326 23.86326 23.86326 23.86326 23.86326 23.86326 23.86326 23.86326 23.86326 23.86326 23.86326 23.86326 23.86326 23.86326 23.86326 23.86326 23.86326 23.86326 23.86326 23.86326 23.86326 23.86326 23.86326 23.86326 23.86326 23.86326 23.86326 30.02801 33.95963 33.95963 33.95963 33.95963 33.95963 33.95963 33.95963 33.95963 33.95963 33.95963 33.95963 33.95963 33.95963 33.95963 33.95963 33.95963 33.95963 33.95963 33.95963 33.95963 33.95963 33.95963
0 0 0 0 0 0 0 0 0 0 0 0 0 0 0 0 0 0 0 0 0 0 0 26.4062 23.86326 23.86326 23.86326 23.86326 23.86326 23.86326 23.86326 23.86326 23.86326 23.86326 23.86326 23.86326 23.86326 23.86326 23.86326 23.86326 23.86326 23.86326 23.86326 23.86326 23.86326 23.86326 23.86326 23.86326 23.86326 23.86326 23.86326 23.86326 23.86326 26.99182 31.9399 29.72625 33.57005 33.95963 33.95963 33.95964 33.95963 33.95963 33.95963 33.95963 33.95964 33.95963 33.95963 33.95963 33.95963 33.95963 33.95963 33.95963 33.95963 33.95964 33.95963 33.95963
0 0 0 0 0 0 0 0 0 0 0 0 0 0 0 0 0 0 0 0 0 0 0 24.31746 23.86326 23.86326 23.86326 23.86326 23.86326 23.86326 23.86326 23.86326 23.86326 23.86326 23.86326 23.86326 23.86326 23.86326 23.86326 23.86326 23.86326 23.86326 23.86326 23.86326 23.86326 23.86326 23.86326 23.86326 23.86326 23.86326 23.86326 23.86326 23.86326 23.86326 23.86326 23.86326 31.01352 33.95964 33.95963 33.95964 33.95963 33.95964 33.95964 33.95964 33.95963 33.95964 33.95964 33.95964 33.95964 33.95964 33.95964 33.95964 33.95964 33.95963 33.95964 33.95963
0 0 0 0 0 0 0 0 0 0 0 0 0 0 0 0 0 0 0 0 0 0 0 23.86326 23.86326 23.86326 23.86326 23.86326 23.86326 23.86326 23.86326 23.86326 23.86326 23.86326 23.86326 23.86326 23.86326 23.86326 23.86326 23.86326 23.86326 23.86326 23.86326 23.86326 23.86326 23.86326 23.86326 23.86326 23.86326 23.86326 23.86326 23.86326 23.86326 23.86326 23.86326 23.86326 28.10633 33.95964 33.95964 33.95964 33.95964 33.95964 33.95964 33.95964 33.95964 33.95964 33.95964 33.95964 33.95964 33.95964 33.95964 33.95964 33.95964 33.95964 33.95964 33.95964
0 0 0 0 0 0 0 0 0 0 0 0 0 0 0 0 0 0 0 0 0 0 0 23.86326 23.86326 23.86326 23.86326 23.86326 23.86326 23.86326 23.86326 23.86326 23.86326 23.86326 23.86326 23.86326 23.86326 23.86326 23.86326 23.86326 23.86326 23.86326 23.86326 23.86326 23.86326 23.86326 23.86326 23.86326 23.86326 23.86326 23.86326 23.86326 23.86326 23.86326 23.86326 23.86326 24.7774 27.69345 32.7705 33.95963 33.95964 33.95963 33.95963 33.95963 33.95963 33.95963 33.95963 33.95963 33.95963 33.95963 33.95963 33.95963 33.95963 33.95964 33.95963 33.95963
0 0 0 0 0 0 0 0 0 0 0 0 0 0 0 0 0 0 0 0 0 0 0 25.33765 25.09342 24.45294 23.86326 23.86326 23.86326 23.86326 23.86326 23.86326 23.86326 23.86326 23.86326 23.86326 23.86326 23.86326 23.86326 23.86326 23.86326 23.86326 23.86326 23.86326 23.86326 23.86326 23.86326 23.86326 23.86326 23.86326 23.86326 23.86326 23.86326 23.86326 23.86326 23.86326 23.86326 23.86326 25.70861 33.95963 33.95963 33.95963 33.95963 33.95963 33.95963 33.95963 33.95964 33.95964 33.95963 33.95964 33.95963 33.95964 33.95963 33.95963 33.95964 33.95963
0 0 0 0 0 0 0 0 0 0 0 0 0 0 0 0 0 0 0 0 0 0 27.29329 27.06882 27.06882 26.7389 24.83131 23.86534 23.86326 23.86326 23.86326 23.86326 23.86326 23.86326 23.86326 23.86326 23.86326 23.86326 23.86326 23.86326 23.86326 23.86326 23.86326 23.86326 23.86326 23.86326 23.86326 23.86326 23.86326 23.86326 23.86326 23.86326 23.86326 23.86326 23.86326 23.86326 23.86326 23.86326 23.86871 32.46389 33.95963 33.95964 33.95963 33.95964 33.95963 33.95964 33.95964 33.95964 33.95963 33.95964 33.95963 33.95964 33.95964 33.95963 33.95964 33.95963
0 0 0 0 0 0 0 0 0 0 0 0 0 0 0 0 0 0 0 0 0 37.71825 27.06882 27.06882 27.06882 27.06882 27.06882 26.1174 24.18983 23.86326 23.86326 23.86326 23.86326 23.86326 23.86326 23.86326 23.86326 23.86326 23.86326 23.86326 23.86326 23.86326 23.86326 23.86326 23.86326 23.86326 23.86326 23.86326 23.86326 23.86326 23.86326 23.86326 23.86326 23.86326 23.86326 23.86326 23.86326 23.86326 23.86326 30.21167 33.95964 33.95964 33.95964 33.95964 33.95964 33.95963 33.95964 33.95964 33.95964 33.95963 33.95964 33.95964 33.95964 33.95964 33.95963 33.95964
0 0 0 0 0 0 0 0 0 0 0 0 0 0 0 0 0 0 0 0 0 28.02133 27.06882 27.06882 27.06882 27.06882 27.06882 27.06882 26.73477 24.3474 23.86326 23.86326 23.86326 23.86326 23.86326 23.86325 23.86326 23.86326 23.86326 23.86326 23.86326 23.86326 23.86326 23.86326 23.86326 23.86326 23.86326 23.86326 23.86326 23.86326 23.86326 23.86326 23.86326 23.86326 23.86326 23.86325 23.86326 23.86326 24.41436 32.69616 33.95964 33.95964 33.95964 33.95964 33.95964 33.95964 33.95964 33.95964 33.95964 33.95963 33.95964 33.95964 33.95963 33.95964 33.95964 33.95964
0 0 0 0 0 0 0 0 0 0 0 0 0 0 0 0 0 0 0 0 0 27.06882 27.06882 27.06882 27.06882 27.06882 27.06882 27.06882 27.06882 26.66912 24.17384 23.86326 23.86326 23.86326 23.86326 23.86326 23.86326 23.86326 23.86326 23.86326 23.86326 23.86326 23.86326 23.86326 23.86326 23.86326 23.86326 23.86326 23.86326 23.86326 23.86326 23.86326 23.86326 23.86326 23.86326 23.86326 23.86326 23.86326 29.69366 33.95963 33.95964 33.95964 33.95964 33.95964 33.95964 33.95964 33.95964 33.95964 33.95964 33.95963 33.95964 33.95964 33.95963 33.95964 33.95964 33.95964
0 0 0 0 0 0 0 0 0 0 0 0 0 0 0 0 0 0 0 0 39.70106 27.06882 27.06882 27.06882 27.06882 27.06882 27.06882 27.06882 27.06882 27.06882 25.7972 23.86326 23.86326 23.86326 23.86326 23.86326 23.86326 23.86326 23.86326 23.86326 23.86326 23.86326 23.86326 23.86326 23.86326 23.86326 23.86326 23.86326 23.86326 23.86326 23.86326 23.86326 23.86326 23.86326 23.86326 23.86326 23.86326 23.86326 31.40823 33.95964 33.95964 33.95964 33.95964 33.95964 33.95964 33.95964 33.95964 33.95964 33.95964 33.95964 33.95964 33.95964 33.95964 33.95964 33.95964 33.95964
0 0 0 0 0 0 0 0 0 0 0 0 0 0 0 0 0 0 0 0 29.03064 27.06882 27.06882 27.06882 27.06882 27.06882 27.06882 27.06882 27.06882 27.06882 26.62653 25.55072 24.35591 23.86326 23.86326 23.86325 23.86326 23.86326 23.86326 23.86326 23.86326 23.86325 23.86326 23.86326 23.86326 23.86326 23.86326 23.86326 23.86326 23.86325 23.86326 23.86326 23.86326 23.86326 23.86326 23.86326 23.86326 24.2233 32.47688 33.95963 33.95963 33.95963 33.95963 33.95963 33.95963 33.95963 33.95964 33.95963 33.95963 33.95963 33.95963 33.95964 33.95963 33.95963 33.95964 33.95963
0 0 0 0 0 0 0 0 0 0 0 0 0 0 0 0 0 0 0 0 27.06882 27.06882 27.06882 27.06882 27.06882 27.06882 27.06882 27.06882 27.06882 27.06882 27.06882 27.06882 27.06214 25.29897 23.86326 23.86326 23.86326 23.86326 23.86326 23.86326 23.86326 23.86326 23.86326 23.86326 23.86326 23.86326 23.86326 23.86326 23.86326 23.86326 23.86326 23.86326 23.86326 23.86326 23.86326 23.86326 23.86326 24.12926 30.18462 33.16219 33.95964 33.95964 33.95964 33.95964 33.95964 33.95964 33.95964 33.95964 33.95964 33.95964 33.95964 33.95964 33.95964 33.95964 33.95964 33.95964
0 0 0 0 0 0 0 0 0 0 0 0 0 0 0 0 0 0 0 41.68743 27.06882 27.06882 27.06882 27.06882 27.06882 27.06882 27.06882 27.06882 27.06882 27.06882 27.06882 27.06882 27.06882 26.93582 24.21984 23.86326 23.86326 23.86326 23.86326 23.86326 23.86326 23.86326 23.86326 23.86326 23.86326 23.86326 23.86326 23.86326 23.86326 23.86326 23.86326 23.86326 23.86326 23.86326 23.86326 23.86326 23.86326 23.86326 23.86326 24.1055 30.37083 33.95964 33.95964 33.95964 33.95964 33.95964 33.95964 33.95964 33.95964 33.95964 33.95964 33.95964 33.95964 33.95964 33.95964 33.95964
0 0 0 0 0 0 0 0 0 0 0 0 0 0 0 0 0 0 0 27.79392 27.06882 27.06882 27.06882 27.06882 27.06882 27.06882 27.06882 27.06882 27.06882 27.06882 27.06882 27.06882 27.06882 27.06882 26.73627 25.27852 24.17611 23.86326 23.86326 23.86326 23.86326 23.86326 23.86326 23.86326 23.86326 23.86326 23.86326 23.86326 23.86326 23.86326 23.86326 23.86326 23.86326 23.86326 23.86326 23.86326 23.86326 23.86326 23.86326 23.86326 24.73672 33.76797 33.95964 33.49678 33.95394 33.95963 33.95963 33.95963 33.95964 33.95963 33.95964 33.95963 33.95964 33.95964 33.95963 33.95964
0 0 0 0 0 0 0 0 0 0 0 0 0 0 0 0 0 0 0 27.06882 27.06882 27.06882 27.06882 27.06882 27.06882 27.06882 27.06882 27.06882 27.06882 27.06882 27.06882 27.06882 27.06882 27.06882 27.06882 27.06882 27.04766 26.3986 26.17157 26.88137 26.43573 25.78006 26.1319 25.59289 25.67118 26.26498 24.90847 23.86326 23.86326 23.86326 23.86326 23.86326 23.86326 23.86326 23.86326 23.86326 23.86326 23.86326 23.86326 23.86326 23.86326 24.39405 26.52332 25.40935 28.56724 28.32261 28.93226 32.46952 33.95964 33.95964 33.95964 33.95964 33.95964 33.95964 33.95964 33.95964
0 0 0 0 0 0 0 0 0 0 0 0 0 0 0 0 0 0 32.99651 27.06882 27.06882 27.06882 27.06882 27.06882 27.06882 27.06882 27.06882 27.06882 27.06882 27.06882 27.06882 27.06882 27.06882 27.06882 27.06882 27.06882 27.06882 27.06882 27.06882 27.06882 27.06882 27.06882 27.06882 27.06882 27.06882 27.06882 27.06641 25.85977 24.17407 23.86326 23.86326 23.86326 23.86326 23.86326 23.86326 23.86326 23.86326 23.86326 23.86326 23.86326 23.86326 23.86326 23.86326 23.86326 23.86326 23.86326 23.86326 24.38683 32.50088 33.95964 33.95964 33.95964 33.95964 33.95964 33.95964 33.95964
0 0 0 0 0 0 0 0 0 0 0 0 0 0 0 0 0 0 27.06882 27.06882 27.06882 27.06882 27.06882 27.06882 27.06882 27.06882 27.06882 27.06882 27.06882 27.06882 27.06882 27.06882 27.06882 27.06882 27.06882 27.06882 27.06882 27.06882 27.06882 27.06882 27.06882 27.06882 27.06882 27.06882 27.06882 27.06882 27.06882 27.06882 25.95688 24.11003 25.28829 25.16181 23.86728 23.86326 23.86326 23.86326 23.86326 23.86326 23.86326 23.86326 23.86326 23.86326 23.86326 23.86326 23.86326 23.86326 23.86326 23.86325 29.13559 33.95963 33.95964 33.95964 33.95964 33.95964 33.95964 33.95964
0 0 0 0 0 0 0 0 0 0 0 0 0 0 0 0 0 29.64139 27.06882 27.06882 27.06882 27.06882 27.06882 27.06882 27.06882 27.06882 27.06882 27.06882 27.06882 27.06882 27.06882 27.06882 27.06882 27.06882 27.06882 27.06882 27.06882 27.06882 27.06882 27.06882 27.06882 27.06882 27.06882 27.06882 27.06882 27.06882 27.06882 27.06882 26.97059 26.84114 27.06882 27.06882 24.79056 23.86326 23.86326 23.86326 23.86326 23.86326 23.86326 23.86326 23.86326 23.86326 23.86326 23.86326 23.86326 23.86326 23.86326 23.86326 26.84365 33.95963 33.95963 33.95963 33.95963 33.95963 33.95963 33.95963
0 0 0 0 0 0 0 0 0 0 0 0 0 0 0 0 0 27.06882 27.06882 27.06882 27.06882 27.06882 27.06882 27.06882 27.06882 27.06882 27.06882 27.06882 27.06882 27.06882 27.06882 27.06882 27.06882 27.06882 27.06882 27.06882 27.06882 27.06882 27.06882 27.06882 27.06882 27.06882 27.06882 27.06882 27.06882 27.06882 27.06882 27.06882 27.06882 27.06882 27.06882 25.88687 23.90521 23.86326 23.86326 23.86326 23.86326 23.86326 23.86326 23.86326 23.86326 23.86326 23.86326 23.86326 23.86326 23.86326 23.86326 23.86326 27.14345 33.95963 33.95963 33.95964 33.95963 33.95963 33.95964 33.95964
0 0 0 0 0 0 0 0 0 0 0 0 0 0 0 0 39.09734 27.06882 27.06882 27.06882 27.06882 27.06882 27.06882 27.06882 27.06882 27.06882 27.06882 27.06882 27.06882 27.06882 27.06882 27.06882 27.06882 27.06882 27.06882 27.06882 27.06882 27.06882 27.06882 27.06882 27.06882 27.06882 27.06882 27.06882 27.06882 27.06882 27.06882 27.06882 27.06882 27.06882 27.06882 25.94976 24.28984 24.34843 24.90481 25.08725 23.92399 23.86326 23.86326 23.86326 23.86326 23.86326 23.86326 23.86326 23.86326 23.86326 23.86326 23.86326 23.99405 32.86774 33.95964 33.95964 33.95964 33.95964 33.95964 33.95964
0 0 0 0 0 0 0 0 0 0 0 0 0 0 0 0 27.82171 27.06882 27.06882 27.06882 27.06882 27.06882 27.06882 27.06882 27.06882 27.06882 27.06882 27.06882 27.06882 27.06882 27.06882 27.06882 27.06882 27.06882 27.06882 27.06882 27.06882 27.06882 27.06882 27.06882 27.06882 27.06882 27.06882 27.06882 27.06882 27.06882 27.06882 27.06882 27.06882 27.06882 27.06882 27.06882 27.06882 27.06882 27.06882 27.06882 26.40245 24.7364 23.9041 23.86326 23.86326 23.86326 24.52932 25.37327 25.43322 24.21891 23.86326 23.86326 27.43859 35.70293 33.95964 33.95964 33.95963 33.95964 33.95964 33.95964
0 0 0 0 0 0 0 0 0 0 0 0 0 0 0 0 27.06882 27.06882 27.06882 27.06882 27.06882 27.06882 27.06882 27.06882 27.06882 27.06882 27.06882 27.06882 27.06882 27.06882 27.06882 27.06882 27.06882 27.06882 27.06882 27.06882 27.06882 27.06882 27.06882 27.06882 27.06882 27.06882 27.06882 27.06882 27.06882 27.06882 27.06882 27.06882 27.06882 27.06882 27.06882 27.06882 27.06882 27.06882 27.06882 27.06882 27.06882 27.06882 26.59711 25.27487 25.03684 26.61809 26.74915 27.06882 27.06882 25.07868 31.81589 98.57302 406.0245 364.5848 33.95964 33.95964 33.95964 33.95964 33.95964 33.95964
0 0 0 0 0 0 0 0 0 0 0 0 0 0 0 42.45759 27.06882 27.06882 27.06882 27.06882 27.06882 27.06882 27.06882 27.06882 27.06882 27.06882 27.06882 27.06882 27.06882 27.06882 27.06882 27.06882 27.06882 27.06882 27.06882 27.06882 27.06882 27.06882 27.06882 27.06882 27.06882 27.06882 27.06882 27.06882 27.06882 27.06882 27.06882 27.06882 27.06882 27.06882 27.06882 27.06882 27.06882 27.06882 27.06882 27.06882 27.06882 27.06882 27.06882 27.06882 27.06882 27.06882 27.06882 27.06882 27.06882 110.0098 400.8874 520.6728 520.6728 508.7549 74.99622 33.95964 33.95964 33.95964 33.95963 33.95964
0 0 0 0 0 0 0 0 0 0 0 0 0 0 0 32.9287 27.06882 27.06882 27.06882 27.06882 27.06882 27.06882 27.06882 27.06882 27.06882 27.06882 27.06882 27.06882 27.06882 27.06882 27.06882 27.06882 27.06882 27.06882 27.06882 27.06882 27.06882 27.06882 27.06882 27.06882 27.06882 27.06882 27.06882 27.06882 27.06882 27.06882 27.06882 27.06882 27.06882 27.06882 27.06882 27.06882 27.06882 27.06882 27.06882 27.06882 27.06882 27.06882 27.06882 27.06882 27.06882 27.06882 27.06882 27.06882 27.06882 42.10464 472.9054 520.6728 520.6728 520.6728 321.5807 37.85047 33.95964 33.95964 33.95964 33.95964
0 0 0 0 0 0 0 0 0 0 0 0 0 0 0 27.06882 27.06882 27.06882 27.06882 27.06882 27.06882 27.06882 27.06882 27.06882 27.06882 27.06882 27.06882 27.06882 27.06882 27.06882 27.06882 27.06882 27.06882 27.06882 27.06882 27.06882 27.06882 27.06882 27.06882 27.06882 27.06882 27.06882 27.06882 27.06882 27.06882 27.06882 27.06882 27.06882 27.06882 27.06882 27.06882 27.06882 27.06882 27.06882 27.06882 27.06882 27.06882 27.06882 27.06882 27.06882 27.06882 27.06882 27.06882 27.06882 27.06882 27.06882 389.7089 520.6728 520.6728 520.6728 520.6727 327.1025 33.95964 33.95963 33.95963 33.95963
0 0 0 0 0 0 0 0 0 0 0 0 0 0 0 27.06882 27.06882 27.06882 27.06882 27.06882 27.06882 27.06882 27.06882 27.06882 27.06882 27.06882 27.06882 27.06882 27.06882 27.06882 27.06882 27.06882 27.06882 27.06882 27.06882 27.06882 27.06882 27.06882 27.06882 27.06882 27.06882 27.06882 27.06882 27.06882 27.06882 27.06882 27.06882 27.06882 27.06882 27.06882 27.06882 27.06882 27.06882 27.06882 27.06882 27.06882 27.06882 27.06882 27.06882 27.06882 27.06882 27.06882 27.06882 27.06882 27.06882 55.75235 454.5365 520.6728 520.6728 520.6728 520.6728 310.6423 34.17779 33.95964 33.95963 33.95964
0 0 0 0 0 0 0 0 0 0 0 0 0 0 32.34332 27.06882 27.06882 27.06882 27.06882 27.06882 27.06882 27.06882 27.06882 27.06882 27.06882 27.06882 27.06882 27.06882 27.06882 27.06882 27.06882 27.06882 27.06882 27.06882 27.06882 27.06882 27.06882 27.06882 27.06882 27.06882 27.06882 27.06882 27.06882 27.06882 27.06882 27.06882 27.06882 27.06882 27.06882 27.06882 27.06882 27.06882 27.06882 27.06882 27.06882 27.06882 27.06882 27.06882 27.06882 27.06882 27.06882 27.06882 27.06882 27.06882 27.06882 93.10853 520.6728 520.6728 520.6728 520.6728 520.6728 519.8131 246.3526 33.95963 33.95964 33.95963
0 0 0 0 0 0 0 0 0 0 0 0 0 0 27.06882 27.06882 27.06882 27.06882 27.06882 27.06882 27.06882 27.06882 27.06882 27.06882 27.06882 27.06882 27.06882 27.06882 27.06882 27.06882 27.06882 27.06882 27.06882 27.06882 27.06882 27.06882 27.06882 27.06882 27.06882 27.06882 27.06882 27.06882 27.06882 27.06882 27.06882 27.06882 27.06882 27.06882 27.06882 27.06882 27.06882 27.06882 27.06882 27.06882 27.06882 27.06882 27.06882 27.06882 27.06882 27.06882 27.06882 27.06882 27.06882 27.06882 27.06882 144.0863 488.0126 520.6727 520.6728 520.6727 520.6728 520.6727 463.9221 33.95964 33.95963 33.95963
0 0 0 0 0 0 0 0 0 0 0 0 0 43.6669 27.06882 27.06882 27.06882 27.06882 27.06882 27.06882 27.06882 27.06882 27.06882 27.06882 27.06882 27.06882 27.06882 27.06882 27.06882 27.06882 27.06882 27.06882 27.06882 27.06882 27.06882 27.06882 27.06882 27.06882 27.06882 27.06882 27.06882 27.06882 27.06882 27.06882 27.06882 27.06882 27.06882 27.06882 27.06882 27.06882 27.06882 27.06882 27.06882 27.06882 27.06882 27.06882 27.06882 27.06882 27.06882 27.06882 27.06882 27.06882 27.06882 27.06882 94.24698 350.5741 520.6728 520.6727 520.6727 520.6727 520.6727 520.6727 520.335 72.56077 59.39042 48.93578
0 0 0 0 0 0 0 0 0 0 0 0 0 30.2134 27.06882 27.06882 27.06882 27.06882 27.06882 27.06882 27.06882 27.06882 27.06882 27.06882 27.06882 27.06882 27.06882 27.06882 27.06882 27.06882 27.06882 27.06882 27.06882 27.06882 27.06882 27.06882 27.06882 27.06882 27.06882 27.06882 27.06882 27.06882 27.06882 27.06882 27.06882 27.06882 27.06882 27.06882 27.06882 27.06882 27.06882 27.06882 27.06882 27.06882 27.06882 27.06882 27.06882 27.06882 27.06882 27.06882 27.06882 27.06882 27.06882 27.06882 119.6493 517.3456 520.6728 520.6728 520.6728 520.6728 520.6728 520.6728 509.003 127.4889 94.92017 94.92017
0 0 0 0 0 0 0 0 0 0 0 35.25327 27.06882 27.06882 27.06882 27.06882 27.06882 27.06882 27.06882 27.06882 27.06882 27.06882 27.06882 27.06882 27.06882 27.06882 27.06882 27.06882 27.06882 27.06882 27.06882 27.06882 27.06882 27.06882 27.06882 27.06882 27.06882 27.06882 27.06882 27.06882 27.06882 27.06882 27.06882 27.06882 27.06882 27.06882 27.06882 27.06882 27.06882 27.06882 27.06882 27.06882 27.06882 27.06882 27.06882 27.06882 27.06882 47.38634 49.1809 46.50284 44.44178 69.33113 55.1636 58.98273 85.89655 158.3482 226.7976 348.0018 515.338 520.6728 520.6727 520.6727 337.8736 94.92017 94.92017 94.92017
