Scenarios/Heterogeneous/data/country_data_population_distribution/processed/density_grids/est.asc
ncols 173
nrows 68
xllcorner 21
yllcorner 57
cellsize 0.041666666666667
NODATA_value -9999
[rows 0 to 34 of 68, columns 79 to 157 of 173]
0 0 0 0 0 0 0 0 0 0 0 0 0 0 0 0 0 0 0 0 0 0 0 0 0 0 0 0 0 0 0 0 0 0 0 0 0 0 0 0 0 0 0 0 0 0 0 0 0 1.981193 0 0 0 0 0 0 0 0 0 0 0 0 0 0 0 0 0 0 0 0 0 0 0 0 0 0 0 0 0
0 0 0 0 0 0 0 0 0 0 0 0 0 0 0 0 0 0 0 0 0 0 0 0 0 0 0 0 0 0 0 0 0 0 0 0 0 0 0 0 0 0 0 0 0 0 0 0 0 0 0 0 0 0 0 0 0 0 0 0 0 0 0 0 0 0 0 0 0 0 0 0 0 0 0 0 0 0 0
0 0 0 0 0 0 0 0 0 0 0 0 0 0 0 0 0 0 0 0 0 0 0 0 0 0 0 0 0 0 0 0 0 0 0 0 0 0 0 0 0 0 0 0 0 0 0 0 0 0 0 0 0 0 0 0 0 0 0 0 0 0 0 0 0 0 0 0 0 0 0 0 0 0 0 0 0 0 0
0 0 0 0 0 0 0 0 0 0 0 0 0 0 0 0 0 18.76673 0 0 0 0 0 0 0 0 0 0 0 0 0 0 0 10.66309 10.66309 15.0697 15.0697 0 0 0 0 0 0 0 0 0 0 0 0 0 0 0 0 2.720101 0 0 0 0 0 0 0 0 0 0 0 0 0 0 0 0 0 0 0 0 0 0 0 0 0
0 0 0 0 0 0 0 0 0 0 0 0 0 0 0 18.76673 19.39714 23.071 0 0 0 0 0 0 0 0 0 0 8.195288 9.403418 0 0 0 11.04847 13.72313 14.54275 0 8.816808 8.816808 0 2.496491 3.075447 4.516281 0 0 0 0 0 0 0 0 0 0 2.720101 0 0 0 0 0 0 0 0 0 0 0 0 0 0 0 0 0 0 0 0 0 0 0 0 0
0 0 0 0 0.3160402 0.3160402 0 0 0 0 1998.988 2083.647 0 0 0 0 25.25401 28.35196 30.2132 30.21319 0 0 0 0 0 0 0 0 7.732743 6.893797 3.386975 1.196122 2.56276 70.04598 68.63911 10.3797 0 8.816809 8.403785 8.816809 8.233233 2.867883 4.109904 4.681678 2.058924 1.450836 1.981193 1.981193 0 0 0 0 0 0 0 0 0 0 0 0 0 0 0 0 0 0 0 0 0 0 0 0 0 0 0 0 0 0 0
0 0 0 0 0.3160402 0.3160402 0.3160402 0 0 0 2083.648 1889.615 672.8246 600.3574 312.5231 0 0 0 0 0 0 0 0 0 0 0 0 0 0 20.04201 8.431458 2.52172 2.79053 34.08921 126.8321 13.80844 22.88226 2.423753 1.717085 10.84168 14.28601 2.368423 2.417952 2.559568 3.696218 3.693639 2.97684 1.494276 2.845088 2.237957 2.516572 3.458571 2.720101 0 1.22625 1.22625 1.22625 0 0 0 0 0 0 0 0 0 0 0 0 0 0 0 0 0 0 0 0 0 0
0 0 0 0 0 0.3160402 0.3160402 0 0 0 0 901.8188 1575.682 549.5894 443.6545 352.1765 110.5817 97.94116 41.70647 14.01721 87.579 23.37162 11.40852 13.74674 19.44439 24.23454 24.23454 7.119071 6.685776 9.339411 7.719849 7.791927 12.13302 7.947589 6.739717 3.120764 4.004094 2.368638 2.679498 4.07343 3.295992 1.161035 1.161524 1.626483 3.397709 3.864588 3.233997 1.157967 1.394014 1.152654 2.268296 3.90502 5.235937 98.7626 53.40772 3.264755 1.171044 1.279818 1.30087 1.367702 0 0 0 0 0 0 0 0 0 0 0 0 0 0 0 0 0 0 0
0 190.4763 190.7253 307.2465 379.0234 0 1974.238 1974.238 3508.713 3508.713 3508.713 0 960.9263 1042.208 770.6106 698.2429 648.8898 312.8594 19.10797 23.00062 17.07457 10.72464 8.342746 13.51539 25.90529 30.18535 25.41936 75.01078 8.980827 6.937571 9.828096 15.59458 18.89294 7.912312 4.778558 4.818712 2.861702 1.935046 1.651388 5.135587 4.104388 2.97192 2.881236 3.703139 4.692098 5.07672 3.460385 2.614824 3.991146 2.567041 2.652248 1.973541 4.004153 22.87282 10.20316 3.785379 2.958047 4.118731 5.244442 3.257779 3.640998 87.96538 378.6269 0 0 0 0 0 0 0 0 0 0 0 0 0 0 0 0
176.4467 176.3261 162.1471 192.0132 143.6734 459.5702 1212.893 1567.145 1995.186 3248.02 3064.852 2228.603 3399.243 3452.942 2547.218 347.5677 269.9827 121.0723 31.12879 297.5767 15.89244 17.51711 6.201273 11.2727 8.686399 31.93291 48.56165 74.02711 7.2654 7.478213 5.747856 4.501379 1.918368 1.679163 0.6423731 0.3834732 0.5198665 0.8996153 1.601948 1.785617 3.026498 5.067454 5.682002 8.80834 20.11477 7.174192 35.78507 60.95689 7.179464 16.08472 9.479115 9.239353 3.819043 6.778496 1.007524 0.8083965 1.611577 29.82761 5.291337 2.773058 3.73034 63.80846 46.46831 5.389067 20.13152 15.58331 5.019111 4.730946 9.593664 4.214817 0.4526047 8.211906 0.5858486 0.3976392 0.3433543 1.107032 8.497694 233.5428 42.15689
163.7095 75.32937 47.41261 41.33961 45.54188 60.17609 142.6261 663.6473 2927.854 4633.616 2271.52 1750.123 1343.293 629.6797 59.62909 242.9924 63.16311 12.29346 11.78006 6.921215 6.580268 35.40368 7.760546 10.14201 13.86233 11.2536 6.830498 7.745266 4.614776 0.5605255 0.5604467 0.5331191 0.522418 0.2475796 0.0328408 0.1718232 0.1652748 0.1643015 0.4099094 1.095036 2.218304 7.509799 8.550904 6.036042 10.07923 5.554627 11.3342 13.07868 11.79297 12.84247 27.3962 11.56123 5.608064 12.88902 31.29605 6.23725 2.836424 1.964477 2.572325 0.2613161 0.887247 1.310901 1.949651 4.183624 8.882778 18.78597 11.66359 10.49806 9.8533 34.84211 312.7308 308.4709 47.31254 33.45213 18.06092 6.788351 7.594002 17.06244 71.44646
34.05114 22.41419 95.07359 25.82165 31.9465 53.77173 144.2995 737.9492 742.9897 419.6357 452.2137 405.2813 154.9721 70.85032 488.7601 238.1598 43.17351 14.7457 173.9461 31.12067 45.30909 68.21038 9.635992 11.14523 394.9981 80.27385 11.35383 2.809889 1.9363 1.671576 1.197903 1.002497 1.002497 0.8784968 0.2431389 0.0006236631 0 0 0 0.8980869 2.287014 5.508737 8.70343 31.90337 185.5184 10.80967 44.728 8.524263 38.58313 794.7935 305.8493 114.4232 9.738115 11.00924 3.974182 7.125627 7.584204 4.462348 2.521124 1.621807 14.50981 16.81142 4.27306 421.6533 422.9305 188.5672 53.38524 7.482817 7.432353 63.96912 89.61841 41.58645 32.2637 111.2641 5242.292 359.7835 84.71494 11.80891 62.39876
67.76892 573.2161 963.5614 534.8209 75.23431 137.5392 475.1107 54.6534 419.3476 159.9416 20.04471 180.3111 161.3439 191.8772 53.67822 57.22486 51.39812 7.734986 10.42392 10.04277 15.40033 9.13637 4.668275 4.688589 7.86657 119.427 7.410758 1.952199 1.556902 1.52249 1.040112 11.09404 3.402515 1.002498 1.002276 0.77218 0.1313977 0 0 1.915987 5.945247 6.836098 14.49725 7.933616 7.911868 5.434793 5.380804 16.60154 36.88229 208.4979 98.12574 49.01825 9.653459 6.165996 4.18558 7.272189 22.90763 1.469601 2.235174 1.426627 0.3380429 0.3384384 1.779046 3.731988 8.205604 22.06032 0.7064338 0.5577922 0.981185 1.651123 4.454884 24.30548 22.44474 55.83911 128.2876 287.251 229.135 17.3893 5.998659
56.85812 35.75897 14.61786 16.05272 22.81467 28.45802 15.81713 30.68195 90.32727 40.60379 17.46558 10.45762 27.60276 55.50452 17.05767 13.07373 120.5221 11.27272 12.85254 11.5433 6.982785 11.57677 5.597146 6.256831 9.095098 10.08595 7.797464 4.577915 2.053449 1.127625 0.8943563 25.85923 22.44036 8.566696 3.003083 2.400646 18.20893 6.582412 29.89913 167.1017 103.7665 18.75546 11.78792 6.546333 2.616058 6.859906 9.306415 6.926698 7.026958 10.45534 42.58356 47.01922 10.88933 3.154655 3.199704 2.020921 2.191319 0.5376845 0.4331109 0.3426969 0.3626155 0.3861583 0.3664789 0.3178672 2.077881 2.299188 1.307678 2.024919 6.722123 7.192173 6.225167 2.282249 2.803172 3.300961 8.525068 9.954401 8.487668 6.325028 4.571834
42.51286 31.87077 25.71295 15.81538 25.55343 36.72243 41.43975 14.31768 67.19153 144.1183 36.17567 9.417654 10.94509 12.72961 11.21926 13.2748 22.57749 17.96177 20.94167 29.87851 12.75978 13.38337 12.68019 14.0466 50.0845 8.930244 4.683169 2.553408 1.895539 1.051099 0.4865307 1.803663 0.5291803 13.24096 7.893727 5.147622 15.97934 3.841034 3.34383 122.3247 55.84295 9.318429 8.034697 4.355907 4.175029 4.32679 7.617487 11.86451 6.24154 7.203916 3.415316 1.831588 26.81909 6.333759 5.833076 2.321292 1.670584 2.019123 0.4582681 0.4081849 0.4171229 0.2999255 0.06420796 0.2543077 0.7482761 0.4741789 0.3483365 0.4440063 0.03308907 0.6719854 0.7079634 46.1915 8.327118 5.700786 5.025923 1.305325 2.614715 6.368794 5.194633
50.63327 56.71132 31.94704 28.86199 24.67627 11.52696 9.763001 34.35446 137.0342 50.16608 231.4853 240.7923 82.06788 11.13506 10.68214 25.24044 50.66014 26.23063 33.0061 251.3138 223.5155 316.6789 128.1863 21.92584 2.49309 1.012482 1.59592 3.251796 3.693728 0.6966661 0.738984 2.496294 2.543234 3.155008 6.9439 18.03647 5.397104 23.89534 3.258399 2.585593 2.728969 3.399253 3.54373 68.58273 13.56152 16.99662 16.30308 6.679619 4.013002 1.796149 1.837512 1.680083 1.559975 2.145849 10.68476 16.14898 5.21914 1.764333 0.616536 0.36041 6.584342 15.72234 0.7182815 3.331039e-06 0.1095583 0.07314262 0.06628338 0.03309494 0.04177802 0.1021663 0.1406887 0.350781 1.905013 1.612603 1.253374 0.2092269 0.9905986 6.60557 6.76551
5.421641 3.889153 4.723269 22.93263 56.49355 26.88075 12.5022 11.45265 36.47027 21.50825 17.56946 217.5151 20.1903 16.70817 9.644921 31.45776 24.36602 9.585234 12.96694 19.68256 22.03507 34.13667 17.43609 7.001358 14.84503 2.696698 0.6720427 1.385488 0.8784608 0.2384953 0.3582478 2.244895 12.717 10.65549 37.49493 32.11567 2.977831 3.072719 3.280914 3.187423 5.277897 4.117086 5.079902 278.58 74.36533 12.98307 55.12305 69.61817 5.549569 5.720234 2.708214 2.692118 2.202598 2.190363 10.4394 16.75058 3.218259 0.71597 0.5578647 0.2125561 0.05410106 0.8537393 0.6665834 0.4055861 0.598034 0.4969363 0.3460781 0.1230769 0.1376289 0.1406887 0.1518794 0.6159449 1.859398 1.898231 2.392121 0.4467733 0.107169 0.1231686 0.1973086
76.7382 5.783415 3.764066 5.203798 17.10426 3.637503 4.123411 5.955855 5.163514 9.058146 9.638226 14.48008 21.40037 11.26201 5.569898 4.508654 2.750009 3.084328 1.590558 5.109229 14.61182 20.37042 9.46344 7.06006 11.37277 62.14189 5.847844 0.7489015 0.2514135 0.2380324 0.2366228 0.9509763 4.728281 7.355317 19.25691 6.508966 2.471916 1.067392 2.557536 9.476126 26.38295 14.86374 1.633389 1.635074 6.28894 27.31114 26.74977 33.61916 11.96772 11.98914 3.637052 3.743274 3.367826 4.062698 9.102488 9.378144 7.353655 0.7272364 0.8578755 0.9922842 0.5708914 0.1754223 0.4259954 0.6530049 0.6655062 0.6133949 0.4712946 0.4051851 0.3075413 0.3029716 0.2712523 0.9023162 57.61772 2.111694 0.7260557 0.4709732 0.0474007 0.05697871 0.07594288
2.83232 2.526535 3.243837 8.98416 6.674639 2.883842 2.120068 8.30487 16.4416 15.72248 11.22668 13.72064 49.85249 52.72695 11.05043 35.87836 18.1298 4.075811 2.099574 3.306008 4.549288 3.513105 1.649029 2.462723 0.6628226 1.661632 1.462606 1.67622 0.2966012 0.3713926 0.8078755 2.493089 4.826006 2.984915 2.300356 2.356038 2.1362 3.800911 34.54918 7.003856 6.511845 1.884751 4.798018 4.160362 5.37486 4.14316 4.81519 2.349247 4.121048 5.383704 36.06298 6.99112 3.3853 7.940169 22.82978 7.155396 2.125008 1.917452 1.758694 1.963274 0.9705819 0.0954299 0.0579146 0.2508921 0.4864639 0.8668491 2.172463 2.774738 0.4063792 0.9674296 1.042425 1.062843 3.512236 3.291144 1.335943 2.07252 1.136005 0.5823447 0.1838705
2.529578 1.896983 3.518059 17.94476 6.101769 1.824321 5.672177 7.335901 17.25448 19.43071 14.67653 294.606 313.606 16.55748 8.547919 9.330468 8.474997 3.960039 34.17048 4.490873 5.379327 5.596054 4.564857 1.49235 0.3636447 0.4183331 0.6295793 0.9058468 0.664822 0.7444789 2.190626 7.95326 1.753347 20.61567 15.2039 2.96135 2.333605 5.85736 41.69344 6.701018 4.367209 1.862281 1.664218 2.365172 2.674076 2.366982 2.25216 1.475121 1.602982 1.668569 4.674655 0.9794148 0.7436181 0.5526758 0.3950693 0.450467 1.407652 2.920997 1.312315 1.037593 0.6725441 0.3985999 1.423862 1.568772 1.560854 1.62638 7.717949 5.331052 0.7954713 1.31999 1.628627 1.931048 3.063899 2.681249 3.625616 5.151303 1.667842 2.649965 0.9665646
1.706645 2.341413 3.548063 4.676178 4.425902 1.878846 1.841589 2.516808 6.29226 6.360748 52.81473 109.9158 505.7632 97.93385 4.158248 3.648318 2.498764 3.184 2.413414 2.021476 2.513205 2.074538 1.01227 1.074048 0.7052634 1.253192 0.4240925 0.2704434 0.5292744 1.245654 3.741241 5.171958 3.372548 3.35411 2.737618 5.725953 3.616996 1.845752 3.559566 3.940591 3.146686 89.73 4.406083 4.190257 4.340287 2.124956 47.46988 26.60166 3.362694 4.859236 1.819364 0.9442366 0.831812 0.6331987 0.2337022 0.002066454 0.005856733 2.3326 3.53487 2.156496 6.347155 39.03915 14.73356 2.925671 3.097896 1.195752 1.325657 0.6459244 1.795972 2.133292 1.677285 2.362301 5.007907 0 0 0 0 0 0
12.17925 12.20657 6.151676 43.38945 24.38139 2.915994 3.616699 5.423023 26.47471 7.446414 18.08594 10.31222 5.369028 51.96859 34.85201 2.976989 2.371343 0.8451401 1.286557 1.776524 1.069066 1.293167 1.585601 1.62333 2.541421 3.238316 2.685328 1.610823 2.487921 4.935024 9.263716 11.21918 8.808953 5.335697 3.750921 3.403817 4.807788 15.47475 3.588943 7.285286 12.88402 16.3735 11.75925 7.875435 1.509671 2.162086 1.232725 1.078979 3.367118 4.19492 3.692516 0.6488513 0.6576647 0.5321652 0.6943515 1.116609 0.2911922 0.2971268 1.056272 2.776178 4.085837 2.790025 1.410941 2.419538 4.752476 13.13857 37.76635 21.71559 0 0 0 0 0 0 0 0 0 0 0
7.089023 8.378045 31.73469 325.0838 15.72052 12.81347 9.598386 3.901692 3.040415 4.692448 7.489781 9.845924 4.744501 5.503253 7.8752 2.390716 1.470616 0.9358578 1.037905 2.476604 0.8036969 0.6973768 0.9093297 1.449706 1.581973 2.463625 3.984365 38.97437 17.46572 137.3741 352.2263 85.30263 3.985374 9.508217 8.904003 3.252775 1.813354 1.66467 2.613326 1.331234 1.860665 0.8858584 0.7728781 1.226776 1.174256 1.340637 0.6012338 1.612148 2.87785 1.649966 0.6219838 0.3599752 0.5411001 0.5577215 0.6825135 1.749872 1.452245 1.474651 1.545081 2.544028 9.444934 3.890813 2.154946 5.518032 10.34227 6.397622 0 0 0 0 0 0 0 0 0 0 0 0 0
3.570381 4.58363 3.689986 2.629607 6.611673 25.43308 5.954305 2.831378 1.737124 1.828705 2.93134 5.300871 3.043231 1.115472 1.016762 0.8385965 2.912515 15.38972 0.7506486 1.973483 8.645611 1.116866 0.8027271 1.722916 2.236553 2.709774 4.970711 10.90128 13.92829 82.10234 30.79009 3.976086 2.575792 4.490454 6.099531 4.905361 3.479351 2.313208 1.807169 0.5132152 0.3418079 0.1851208 0.04604914 0.06164436 1.726807 2.108041 2.2402 2.519873 3.030288 1.448479 1.330206 1.373679 1.793697 3.020977 3.750686 25.07364 5.318651 3.542697 2.815053 2.089762 2.286836 1.772928 8.170166 105.2548 9.360138 0 0 0 0 0 0 0 0 0 0 0 0 0 0
4.438282 3.500866 3.504215 2.455903 2.748877 3.801653 9.971099 27.54601 3.113042 1.141035 0.7131194 0.9222496 1.115739 1.086967 1.834013 3.660223 0.871188 0.4983361 0.7075145 1.654401 23.2732 1.217027 1.825861 2.9844 3.42337 7.709334 192.7579 244.7568 17.46308 3.418523 1.768908 2.862866 4.878312 4.916965 5.235196 9.162633 1.60463 0.6122203 1.613499 4.298982 1.826043 2.113589 0.8125507 0.6301981 0.7987403 1.26044 2.865759 7.818938 7.020763 3.415568 2.273705 1.787392 3.898142 2.654545 4.337422 5.213675 10.86258 8.931582 29.18765 6.508079 2.010604 0.9819664 29.60066 38.934 40.83956 0 0 0 0 0 0 0 0 0 0 0 0 0 0
1.533935 1.047569 2.838895 3.451639 3.529265 4.338837 3.182738 2.992155 1.944447 0.3639102 0.1355367 0.5009716 97.75658 0.938392 2.154312 11.59 0.8172945 0.3414085 0.3879212 0.5927444 0.6918511 0.7015068 1.995393 2.317503 3.495081 5.198658 4.442988 44.48384 9.721193 4.872144 30.69946 5.067311 2.362438 0.9315245 1.257662 1.603742 1.281181 0.9832825 2.571183 2.433985 1.766021 1.633507 1.704084 1.518763 1.540744 1.455609 3.549873 4.371384 6.857789 7.6766 79.23062 4.26133 23.45354 9.555147 2.561482 6.404315 5.02054 4.40672 3.460927 3.619152 1.115474 1.391717 5.581281 11.95407 10.89566 7.125671 7.008624 0 0 0 0 0 0 0 0 0 0 0 0
3.435546 14.75302 7.890128 1.450024 0.7021676 0.2398718 1.804289 3.206678 2.035964 0.06265353 0.3125339 2.171858 0.8988075 1.199486 1.194801 2.816765 0.7169627 0.1926934 0.6010938 0.8660858 0.7636826 0.8361002 1.640589 2.094967 2.621485 2.689132 1.648498 1.305144 1.988251 2.512338 2.799772 7.643674 7.09153 1.826023 3.341913 20.26361 16.34412 4.586849 28.48339 9.635654 14.41793 3.913679 4.37706 4.360076 1.887812 4.157741 9.273646 6.510078 10.78166 113.6562 351.9389 16.96295 5.69801 21.4058 10.26698 6.658771 6.008855 2.57257 12.86654 8.236542 3.876965 3.182879 4.117292 3.085459 3.825114 3.998299 4.527599 11.18079 11.45909 0 0 0 0 0 0 0 0 0 0
1.802667 2.573187 2.778013 2.931884 6.427351 7.980341 2.489837 0.8196869 0.7110365 4.580526 8.670012 6.972857 1.792424 0.8362974 0.8877876 0.73879 1.41075 1.41919 3.450176 3.129626 4.544235 2.625337 1.490322 2.574575 2.125166 1.599107 1.406719 1.590234 1.242937 1.709187 3.686005 7.580981 5.9462 2.132961 4.788594 3.644839 1.40603 3.241572 25.35336 8.907303 14.24563 8.023978 9.643371 9.34105 2.006629 1.803096 3.092232 9.912734 4.651477 4.737494 7.466829 6.290083 3.252712 5.261125 24.60778 21.73226 5.198093 6.135623 6.841469 7.663484 14.19916 8.127162 2.265431 3.095148 5.73622 19.67424 7.550652 3.761366 23.32825 340.9425 0 0 0 0 0 0 0 0 0
2.147266 4.050612 10.52512 4.118246 22.21521 9.488736 5.878223 4.642899 2.474541 1.316232 2.371244 1.682923 1.173735 0.5814487 3.949987 16.07523 9.895513 145.431 59.67413 5.839031 6.009309 2.36876 1.331769 0.8416673 0.4561765 0.4009342 0.4144431 1.163104 1.547789 10.30005 97.408 6.363217 9.299647 8.203709 18.71429 4.378463 4.221663 8.410339 24.5169 17.90622 322.2727 11.95761 16.54608 16.94063 3.114755 1.514944 3.021237 5.477103 4.113075 2.475708 1.684764 1.814092 7.912452 16.44575 9.762436 23.68996 3.94656 4.023092 5.416242 2.192747 2.247694 0.9052904 1.166267 1.399779 1.575384 6.354978 8.934654 5.747427 51.9909 9.947997 0 0 0 0 0 0 0 0 0
1.437956 2.501613 5.334614 3.904295 40.30236 63.48155 4.748553 4.203429 2.473698 0.8314953 0.2923524 10.42246 0.5329016 0.6080222 2.934872 4.805463 2.638942 4.609879 4.054528 18.30009 0.9629582 2.311927 2.390586 1.740474 1.533608 1.837994 1.595876 1.4314 2.80552 5.535796 10.48461 1.729861 4.792664 4.339642 5.967375 3.019201 3.309898 3.539133 12.08107 20.4646 10.86321 10.58746 2.930572 3.36505 2.181671 2.677419 3.299184 3.3499 3.060243 4.47893 2.490403 1.603905 2.188486 2.340839 3.938639 6.160043 6.21777 6.480298 16.18616 7.957891 3.434312 3.014647 1.895258 1.80725 2.016041 2.825471 2.259057 12.44347 39.94195 11.86999 12.91493 0 0 0 0 0 0 0 0
0.07555605 0.1981756 0.3735469 0.4630555 2.004784 4.527573 2.842215 3.231644 2.877648 0.9566451 2.390695 17.43769 24.86052 2.453347 3.639848 1.403067 1.028261 4.235187 6.032378 4.891241 2.316336 1.954489 1.074563 0.3556657 0.364823 1.492102 4.235105 10.64086 22.2971 18.78086 50.53482 3.278603 1.09547 5.403324 2.125227 0.6522287 1.449864 1.962641 2.897031 2.976356 3.923872 3.754635 2.031622 1.098405 0.9674354 1.468055 1.719823 17.73699 21.03919 1.366083 1.415419 0.8267216 6.11483 2.998258 21.36154 69.91553 15.22575 12.57054 8.63064 7.615563 6.258045 4.101554 2.557004 2.383011 1.130732 1.066135 3.699238 4.432003 2.268955 10.75957 33.11495 0 0 0 0 0 0 0 0
1.92128 16.74549 15.09266 1.687741 2.417057 6.733638 34.96078 4.014099 3.342613 8.949976 10.97794 11.62796 16.24129 7.629033 6.487895 4.39443 2.53846 0.6922457 0.5768859 0.3737499 0.1952356 0.09096 0.1020637 0.1612892 0.5198247 3.819475 4.433958 20.09441 97.04093 19.83271 6.797756 9.081292 8.882946 5.655981 3.255901 1.772415 1.246717 2.087625 3.069653 39.47711 7.474749 3.034337 1.290663 0.6718627 0.5729689 0.5729689 0.5729689 1.143772 2.203766 6.597984 6.086629 1.276142 1.220274 1.954528 3.540148 7.592599 26.36178 73.71956 16.90061 18.16527 11.6703 14.69237 27.53856 5.205447 4.037362 4.502197 24.84967 19.01266 4.876333 5.081936 25.43966 0 0 0 0 0 0 0 0
18.58634 24.41813 6.926507 5.608446 6.114094 5.232622 5.622444 7.1573 8.103432 3.792817 4.055 8.655288 29.94784 13.47814 16.59386 5.061688 1.175129 0.3464535 0.1179731 0.1164475 0.1179731 0.1179731 0.1321904 0.2287109 0.7778314 3.724053 6.604931 12.67055 11.58198 21.29943 8.442083 10.3279 9.124308 6.073437 3.773222 2.863354 1.767622 1.337479 2.823581 4.336941 4.278653 3.344425 2.900389 2.654112 1.230353 0.5408603 0.5622622 1.408039 2.259757 8.746966 16.39366 3.076433 2.324928 3.365775 6.506001 14.76117 43.82625 87.56326 25.43679 17.78883 10.9231 12.29896 9.831789 8.261055 3.169775 1.534992 2.863035 2.49393 1.269549 1.790849 11.87663 0 0 0 0 0 0 0 0
23.32146 19.93149 12.10326 20.27891 144.0335 87.25023 14.80672 18.69591 26.87577 27.51087 8.893301 18.70179 3.402266 2.278126 3.41502 2.577266 0.6461197 0.2615812 0.1186565 0.1179731 0.1179731 0.1253501 0.1193879 0.1315997 1.618383 4.224894 6.420448 29.9494 11.52741 5.921619 5.55346 7.368577 6.391953 18.72151 8.362604 3.593296 4.028593 1.529001 1.498807 2.563911 7.042959 9.788171 7.777369 5.129153 3.082504 0.6240385 0.2813661 0.419734 0.4144715 0.5257636 1.620772 2.819613 2.808357 5.083014 3.823746 11.58731 21.49933 68.47427 59.96306 96.78881 20.28005 21.62487 19.78921 14.76982 4.258947 2.954473 2.936655 2.40586 0.6507331 0.2688599 0.2129493 0 0 0 0 0 0 0 0
48.34851 97.57323 55.29525 105.731 906.8478 952.7359 611.79 195.2096 345.9107 76.99964 2.129904 0.5786918 0.6829863 0.6979507 0.608262 0.4865846 0.3336517 0.1871039 0.1869754 0.1907174 0.211537 0.4512972 0.6849784 1.385229 4.595952 7.401375 5.46234 6.397661 8.420275 12.89318 46.63664 160.8383 32.48226 22.34133 18.28689 14.37887 14.25606 9.026082 2.427284 5.369749 6.504998 3.624623 6.007407 1.918439 1.658726 1.236047 0.8378921 0.5809754 2.050003 8.876908 5.908103 1.3805 3.483055 23.23489 30.28489 24.13366 24.12845 1332.832 1564.99 547.1183 36.26171 18.80798 22.6516 11.56904 12.96582 10.29289 16.22356 17.8708 4.594858 1.529935 1.491176 0.2457534 0.9297478 1.09939 1.09939 0 58.38708 108.7212 0
