Scenarios/Heterogeneous/data/country_data_population_distribution/processed/density_grids/fin.asc
ncols 278
nrows 266
xllcorner 20
yllcorner 59
cellsize 0.041666666666667
NODATA_value -9999
[rows 72 to 107 of 266, columns 80 to 159 of 278]
0 0 0 0 0 0 0 0 1.228846 1.563792 1.563792 1.563792 1.563792 1.563792 1.563792 1.563792 1.563792 1.563792 1.563792 1.563792 1.563792 1.563792 1.563792 1.563792 1.563792 1.563792 1.563792 1.563792 1.563792 1.563793 1.563792 1.563792 1.563792 1.563792 1.998727 7.579434 8.182091 8.182091 8.182091 8.182091 8.182091 8.182091 8.182091 8.182091 8.182091 8.182091 8.182091 8.182091 8.182091 8.182091 8.182091 8.182091 8.182091 8.182091 8.182091 8.182091 8.182091 8.182091 8.182091 8.182091 8.182091 8.182091 8.182091 8.182091 7.824343 5.666142 3.508158 1.220837 0.7713352 0.7713352 0.7713352 0.7713352 0.7713352 0.7713352 0.7713352 0.7713352 0.7713352 0.7713352 0.7713352 0.7713352
0 0 0 0 0 0 0 0 0 0 1.561331 1.58864 1.593242 1.597843 1.602444 1.606284 1.596489 1.606552 1.61997 1.621872 1.571392 1.563792 1.563792 1.563792 1.563792 1.563792 1.563792 1.563792 1.563792 1.563792 1.563792 1.563792 1.563792 1.563792 1.563792 3.891402 8.182091 8.18209 8.182091 8.18209 8.18209 8.18209 8.182091 8.18209 8.182091 8.18209 8.182091 8.18209 8.182091 8.18209 8.182091 8.18209 8.182091 8.18209 8.182091 8.18209 8.182091 8.18209 8.182091 8.182091 8.18209 8.182091 8.18209 8.18209 8.182091 8.182091 8.182091 7.99816 6.071021 3.710962 1.426522 0.7713351 0.7713352 0.7713352 0.7713352 0.7713352 0.7713351 0.7713352 0.7713351 0.7520043
0 0 0 0 0 0 0 0 0 0 0 1.309301 1.831986 1.831986 1.831986 1.831986 1.831987 1.831987 1.831986 1.831986 1.811313 1.763668 1.742128 1.720586 1.69904 1.677492 1.672473 1.634639 1.613819 1.593186 1.570255 1.563792 1.563792 1.563792 1.563792 1.572413 6.379258 8.182091 8.182091 8.182091 8.182091 8.182091 8.18209 8.182091 8.18209 8.182091 8.182091 8.182091 8.18209 8.182091 8.182091 8.182091 8.182091 8.182091 8.18209 8.182091 8.182091 8.182091 8.182091 8.182091 8.182091 8.182091 8.18209 8.18209 8.182091 8.182091 8.182091 8.182091 8.18209 8.182091 8.09012 5.990724 1.980307 0.7713352 0.7713352 0.7713352 0.7713352 0.7333987 0.6048762 0.5044034
0 0 0 0 0 0 0 0 0 0 0 0 0 1.802941 1.831986 1.831986 1.831986 1.831986 1.831986 1.831986 1.831986 1.831986 1.831986 1.831986 1.831986 1.831986 1.831986 1.831986 1.831986 1.831986 1.831437 1.81636 1.794827 1.773292 1.751754 1.730212 2.642173 7.969982 8.182091 8.182091 8.182091 8.182091 8.18209 8.182091 8.182091 8.182091 8.182091 8.182091 8.182091 8.182091 8.182091 8.182091 8.182091 8.182091 8.182091 8.182091 8.182091 8.182091 8.182091 8.18209 8.182091 8.182091 8.182091 8.182091 8.182091 8.182091 8.182091 8.18209 8.182091 8.182091 8.18209 8.182091 8.059936 7.055435 6.466004 4.955679 1.589921 1.526313 1.679005 1.829591
0 0 0 0 0 0 0 0 0 0 0 0 0 0 1.822812 1.831987 1.831987 1.831986 1.831986 1.831986 1.831987 1.831986 1.831987 1.831986 1.831986 1.831986 1.831987 1.831987 1.831987 1.831987 1.831986 1.831987 1.831986 1.831987 1.831986 1.831987 1.831986 4.885448 8.182091 8.182091 8.18209 8.182091 8.182091 8.18209 8.18209 8.182091 8.18209 8.182091 8.182091 8.182091 8.182091 8.182091 8.18209 8.182091 8.18209 8.182091 8.18209 8.182091 8.18209 8.182091 8.182091 8.182092 8.182091 8.182091 8.182091 8.182091 8.18209 8.18209 8.18209 8.18209 8.182091 8.18209 8.182091 8.182091 8.182091 8.180574 6.214743 2.454553 1.870108 1.870108
0 0 0 0 0 0 0 0 0 0 0 0 0 0 0 1.815865 1.831986 1.831986 1.831986 1.831986 1.831986 1.831986 1.831986 1.831986 1.831986 1.831986 1.831986 1.831986 1.831986 1.831986 1.831986 1.831986 1.831986 1.831986 1.831986 1.831986 1.831986 1.976539 7.059347 8.18209 8.182091 8.182092 8.182091 8.182091 8.182091 8.182091 8.182091 8.182091 8.182091 8.182092 8.182092 8.182091 8.182091 8.182091 8.18209 8.182091 8.182091 8.182091 8.18209 8.182091 8.182091 8.182091 8.182091 8.18209 8.18209 8.182091 8.182091 8.182091 8.182091 8.182091 8.182091 8.182091 8.18209 8.182091 8.182091 8.182091 8.182091 7.608723 3.754796 1.880617
0 0 0 0 0 0 0 0 0 0 0 0 0 0 0 0 1.819416 1.831986 1.831986 1.831986 1.831986 1.831986 1.831986 1.831987 1.831986 1.831986 1.831986 1.831986 1.831986 1.831986 1.831986 1.831986 1.831986 1.831986 1.831986 1.831986 1.831986 1.831986 3.235749 8.126459 8.182091 8.18209 8.182091 8.18209 8.182091 8.18209 8.182091 8.18209 8.182091 8.18209 8.18209 8.18209 8.182091 8.182091 8.182091 8.182091 8.182091 8.182091 8.18209 8.18209 8.182091 8.182091 8.18209 8.182091 8.182091 8.18209 8.182091 8.18209 8.182091 8.18209 8.18209 8.182091 8.182091 8.182091 8.182091 8.182091 8.182091 8.182091 8.18209 6.334515
0 0 0 0 0 0 0 0 0 0 0 0 0 0 1.820401 1.794809 1.831986 1.831986 1.831986 1.831986 1.831986 1.831986 1.831986 1.831986 1.831986 1.831986 1.831986 1.831986 1.831986 1.831986 1.831986 1.831986 1.831986 1.835606 1.847495 1.856323 1.859118 1.853954 1.845076 5.387183 8.182091 8.182091 8.182091 8.182091 8.18209 8.18209 8.18209 8.182091 8.182091 8.18209 8.182091 8.18209 8.182091 8.182091 8.182091 8.182091 8.18209 8.18209 8.182091 8.182091 8.182091 8.182091 8.182091 8.18209 8.182091 8.182092 8.18209 8.182091 8.18209 8.18209 8.182091 8.182091 8.182091 8.182091 8.18209 8.18209 8.182092 8.182091 8.182091 8.143797
0 0 0 0 0 0 0 0 0 0 0 0 0 0 1.831986 1.831986 1.831986 1.831986 1.831986 1.831986 1.831986 1.831986 1.831986 1.831987 1.831986 1.831986 1.831986 1.831986 1.831986 1.831986 1.831986 1.831986 1.852316 1.906836 1.909799 1.909799 1.909799 1.909799 1.897185 2.843592 8.182091 8.182091 8.182091 8.182091 8.182091 8.182091 8.182091 8.182091 8.182091 8.182091 8.182091 8.182091 8.182091 8.182091 8.182091 8.182091 8.182091 8.182091 8.182091 8.182091 8.18209 8.182091 8.182091 8.182091 8.182091 8.182091 8.182092 8.182091 8.182091 8.182091 8.182091 8.182091 8.182091 8.182091 8.182091 8.182091 8.182091 8.182091 8.182091 8.182091
0 0 0 0 0 0 0 0 0 0 0 0 0 0 1.831986 1.831986 1.831986 1.831986 1.831986 1.831986 1.831986 1.831986 1.831986 1.831986 1.831986 1.831986 1.831986 1.831986 1.831986 1.836544 1.850289 1.903775 1.884624 1.909799 1.909799 1.909799 1.909799 1.909799 1.909799 1.935547 7.698653 8.182091 8.18209 8.18209 8.182091 8.182091 8.182091 8.182092 8.182092 8.182091 8.18209 8.182091 8.182091 8.182091 8.182091 8.18209 8.18209 8.18209 8.182091 8.182091 8.18209 8.182091 8.18209 8.182091 8.182091 8.182091 8.18209 8.182091 8.18209 8.18209 8.182091 8.18209 8.182091 8.18209 8.182091 8.182091 8.182091 8.18209 8.18209 8.182091
0 0 0 0 0 0 0 0 0 0 0 0 0 1.820643 1.831986 1.831986 1.831986 1.831986 1.831986 1.831986 1.831986 1.831986 1.831986 1.831986 1.831986 1.831986 1.831986 1.847238 1.854169 1.904953 1.909799 1.909799 1.909799 1.909799 1.909799 1.909799 1.909799 1.909799 1.909799 1.909799 6.114077 8.182091 8.182091 8.18209 8.182091 8.182091 8.182091 8.18209 8.182091 8.182091 8.182091 8.18209 8.182091 8.182091 8.18209 8.182091 8.182091 8.182091 8.182091 8.18209 8.182091 8.182091 8.18209 8.182091 8.182091 8.18209 8.182091 8.182091 8.182091 8.18209 8.182091 8.182091 8.182091 8.18209 8.182091 8.182091 8.182091 8.182091 8.182091 8.182091
0 0 0 0 0 0 0 0 0 0 0 0 0 1.819645 1.831986 1.831986 1.831986 1.831986 1.831986 1.831986 1.831986 1.831986 1.831986 1.840108 1.863673 1.850002 1.905017 1.908998 1.909799 1.909799 1.909799 1.909799 1.909799 1.909799 1.909799 1.909799 1.909799 1.909799 1.909799 1.909799 4.912333 8.182091 8.18209 8.182091 8.182091 8.182091 8.18209 8.182091 8.182091 8.182091 8.182091 8.182091 8.182091 8.182091 8.182091 8.182091 8.182091 8.182091 8.182091 8.18209 8.182091 8.182091 8.182091 8.18209 8.18209 8.182091 8.182091 8.18209 8.18209 8.182091 8.182091 8.182091 8.182091 8.182091 8.182091 8.182091 8.182091 8.182091 8.182091 8.182091
0 0 0 0 0 0 0 0 0 0 0 0 0 1.820819 1.831986 1.831986 1.831986 1.831986 1.831986 1.831986 1.851104 1.849496 1.843891 1.899641 1.909799 1.909799 1.909799 1.909799 1.909799 1.909799 1.909799 1.909799 1.909799 1.909799 1.909799 1.909799 1.909799 1.909799 1.909799 1.909799 3.509886 8.18209 8.182091 8.18209 8.18209 8.18209 8.18209 8.182091 8.182091 8.18209 8.182091 8.182091 8.18209 8.18209 8.182091 8.182091 8.18209 8.18209 8.182091 8.18209 8.182091 8.182091 8.182091 8.18209 8.182091 8.182091 8.182091 8.182091 8.182091 8.18209 8.18209 8.18209 8.18209 8.18209 8.18209 8.18209 8.182091 8.182091 8.18209 8.182091
0 0 0 0 0 0 0 0 0 0 0 1.822325 1.830147 1.831986 1.831986 1.831986 1.831986 1.831988 1.868409 1.853557 1.869484 1.900927 1.909799 1.909799 1.909799 1.909799 1.909799 1.909799 1.909799 1.909799 1.909799 1.909799 1.909799 1.909799 1.909799 1.909799 1.909799 1.909799 1.909799 1.909799 2.200585 8.091692 8.182091 8.18209 8.18209 8.182091 8.18209 8.18209 8.182091 8.18209 8.18209 8.182091 8.182091 8.18209 8.18209 8.18209 8.18209 8.182091 8.18209 8.182091 8.18209 8.18209 8.182091 8.18209 8.182091 8.182091 8.18209 8.182091 8.182091 8.18209 8.18209 8.18209 8.18209 8.182091 8.18209 8.182091 8.18209 8.182091 8.18209 8.182091
0 0 0 0 0 0 0 0 0 0 1.894575 1.909799 1.905749 1.891444 1.854399 1.8593 1.876644 1.893982 1.908399 1.909799 1.909799 1.909799 1.909799 1.909799 1.909799 1.909799 1.909799 1.909799 1.909799 1.909799 1.909799 1.909799 1.909799 1.909799 1.909799 1.909799 1.909799 1.909799 1.909799 1.909799 2.431065 7.578115 8.182091 8.182091 8.182091 8.182091 8.182091 8.182091 8.182091 8.182091 8.182092 8.182092 8.18209 8.182091 8.182091 8.18209 8.18209 8.18209 8.182091 8.18209 8.182091 8.182092 8.182091 8.182091 8.182092 8.182091 8.182091 8.182091 8.18209 8.18209 8.182091 8.182091 8.182091 8.182091 8.182091 8.182091 8.18209 8.182091 8.18209 8.182091
0 0 0 0 0 0 0 0 1.908034 1.909799 1.909799 1.909799 1.909799 1.909799 1.909799 1.909799 1.909799 1.909799 1.909799 1.909799 1.909799 1.909799 1.909799 1.909799 1.909799 1.909799 1.909799 1.909799 1.909799 1.909799 1.909799 1.909799 1.909799 1.909799 1.909799 1.909799 1.909799 1.909799 2.11944 4.861615 7.824459 8.182091 8.182091 8.182091 8.182091 8.182091 8.182091 8.182091 8.182091 8.182091 8.182091 8.182091 8.182091 8.182091 8.182091 8.182091 8.182091 8.182091 8.182091 8.182092 8.182091 8.182091 8.182091 8.182091 8.182092 8.182091 8.182091 8.182091 8.182091 8.182092 8.182091 8.182091 8.182091 8.182091 8.182091 8.182091 8.182091 8.18209 8.182091 8.182091
0 0 0 0 0 0 0 0 1.8754 1.909799 1.909799 1.909799 1.909799 1.909799 1.909799 1.909799 1.909799 1.909799 1.909799 1.909799 1.909799 1.909799 1.909799 1.909799 1.909799 1.909799 1.909799 1.909799 1.909799 1.909799 1.909799 1.909799 1.909799 1.909799 1.909799 1.909799 1.947329 4.158544 7.439035 8.182091 8.18209 8.182091 8.182091 8.182091 8.18209 8.182091 8.18209 8.182091 8.18209 8.182091 8.182091 8.182091 8.182091 8.182091 8.182091 8.182091 8.18209 8.182091 8.18209 8.182091 8.18209 8.182091 8.18209 8.182091 8.18209 8.182091 8.18209 8.182091 8.18209 8.18209 8.182091 8.182091 8.182091 8.182091 8.18209 8.18209 8.182091 8.182091 8.182091 8.182091
0 0 0 0 0 0 0 0 1.898956 1.909799 1.909799 1.909799 1.909799 1.909799 1.909799 1.909799 1.909799 1.909799 1.909799 1.909799 1.909799 1.909799 1.909799 1.909799 1.909799 1.909799 1.909799 1.909799 1.909799 1.909799 1.909799 1.909799 1.909799 1.909799 1.909799 3.228065 6.776262 8.182091 8.182091 8.182091 8.182091 8.182091 8.18209 8.182091 8.182091 8.182091 8.182091 8.182091 8.182091 8.182091 8.182091 8.182091 8.182091 8.182091 8.182091 8.182091 8.18209 8.182091 8.182091 8.182091 8.182091 8.182091 8.182091 8.18209 8.182091 8.182091 8.182091 8.182091 8.182091 8.182091 8.182091 8.182091 8.182092 8.182091 8.182091 8.182091 8.182091 8.182091 8.182091 8.182091
0 0 0 0 0 0 0 0 1.909799 1.909799 1.909799 1.909799 1.909799 1.909799 1.909799 1.909799 1.909799 1.909799 1.909799 1.909799 1.909799 1.909799 1.909799 1.909799 1.909799 1.909799 1.909799 1.909799 2.60907 4.947095 7.520655 9.704871 12.09093 10.59065 4.81461 1.984528 3.136695 4.628407 6.120706 7.602969 8.18209 8.182091 8.182091 8.182091 8.182091 8.18209 8.18209 8.18209 8.182091 8.182091 8.18209 8.18209 8.18209 8.182091 8.18209 8.18209 8.18209 8.182091 8.18209 8.182091 8.18209 8.182091 8.18209 8.18209 8.18209 8.18209 8.18209 8.182091 8.18209 8.182091 8.18209 8.18209 8.18209 8.18209 8.18209 8.18209 8.18209 8.18209 8.18209 8.140522
0 0 0 0 0 0 0 0 1.89817 1.909799 1.909799 1.909799 1.909799 1.909799 1.909799 1.909799 1.909799 1.909799 1.909799 1.909799 4.734121 5.009371 4.91956 7.580256 9.699047 11.9769 15.09097 16.78053 18.43141 18.49932 18.49905 14.16854 6.185069 1.907856 1.905397 1.905397 1.905397 1.905397 1.905397 1.916004 2.828845 4.320436 5.812613 7.305379 8.17642 8.182091 8.182091 8.182091 8.182091 8.182091 8.18209 8.182091 8.18209 8.182091 8.182091 8.182091 8.18209 8.182091 8.18209 8.182091 8.18209 8.182091 8.182091 8.182091 8.18209 8.182091 8.182091 8.182091 8.18209 8.18209 8.182091 8.18209 8.182091 8.182091 8.182091 8.18209 8.182091 7.508393 1.878573 1.27071
0 0 0 0 0 0 0 0 0 1.905887 1.909799 1.909799 1.909799 1.909799 1.993303 3.83259 6.374471 8.915709 11.4563 13.99626 16.63869 18.49932 18.49932 18.49932 18.49932 18.49932 18.49932 18.49932 18.49245 14.08055 5.411802 1.905397 1.905397 1.905397 1.905397 1.905397 1.905397 1.905397 1.905397 1.905397 1.905397 1.905397 1.905397 1.905397 2.52668 4.01249 5.504548 7.009381 7.935194 7.96211 7.96479 7.967472 7.970203 7.924289 7.813531 7.702514 7.591496 7.480485 7.476472 8.131297 8.182091 8.182091 8.182091 8.182091 8.182091 8.182091 8.182091 8.182091 8.18209 8.182091 8.182091 7.846677 5.906106 5.725049 6.961874 8.182091 8.182091 7.954982 4.597425 1.169553
0 0 0 0 0 0 0 0 0 0 1.816668 1.883788 1.909799 11.11529 17.79725 18.49932 18.49932 18.49932 18.49932 18.49932 18.49932 18.49932 18.49932 18.49932 18.49932 18.49932 18.49932 17.8373 5.656921 1.905397 1.905397 1.905397 1.905397 1.905397 1.905397 1.905397 1.905397 1.905397 1.905397 1.905397 1.905397 1.905397 1.905397 1.905397 1.905397 1.905397 1.905397 1.905397 1.905397 1.905397 1.905397 1.905397 1.905397 1.905397 1.905397 1.905397 1.905397 1.905397 1.905397 2.195804 3.312945 4.481155 5.650351 6.826216 7.932426 8.182092 8.182091 7.614459 5.801122 4.536438 3.234378 1.724891 1.136702 1.136702 1.319778 3.994047 2.820061 1.574184 1.136702 1.136702
0 0 0 0 0 0 0 0 0 0 0 0 0 0 17.42346 18.49932 18.49932 18.49932 18.49932 18.49932 18.49932 18.49932 18.49932 18.49932 18.49932 18.49932 18.49932 18.03196 1.979937 1.905397 1.905397 1.905397 1.905397 1.905397 1.905397 1.905397 1.905397 1.905397 1.905397 1.905397 1.905397 1.905397 1.905397 1.905397 1.905397 1.905397 1.905397 1.905397 1.905397 1.905397 1.905397 1.905397 1.905397 1.905397 1.905397 1.905397 1.905397 1.905397 1.905397 1.905397 1.905397 1.905397 1.905397 1.842541 1.77748 2.49522 1.960223 1.49261 1.136703 1.136702 1.136702 1.136702 1.136702 1.136702 1.136702 1.136702 1.136702 1.136702 1.136702 1.136702
0 0 0 0 0 0 0 0 0 0 0 0 0 0 0 18.49932 18.49932 18.49932 18.49932 18.49932 18.49932 18.49932 18.49932 18.49932 18.49932 18.49932 18.49932 18.49932 2.783547 1.905397 1.905397 1.905397 1.905397 1.905397 1.905397 1.905397 1.905397 1.905397 1.905397 1.905397 1.905397 1.905397 1.905397 1.905397 1.905397 1.905397 1.905397 1.905397 1.905397 1.905397 1.92126 2.007264 2.067922 2.195621 2.147168 2.09821 2.049241 2.000262 1.836853 1.636624 1.499261 1.369556 1.217017 1.13709 1.136702 1.136703 1.136702 1.136702 1.136702 1.136702 1.136702 1.136702 1.136702 1.136702 1.136702 1.136702 1.136702 1.136702 1.136702 1.136702
0 0 0 0 0 0 0 0 0 0 0 0 0 0 0 17.10677 18.49932 18.49932 18.49932 18.49932 18.49932 18.49932 18.49932 18.49932 18.49932 18.49932 18.49932 18.49932 4.438195 1.905397 1.905397 1.905397 1.905397 1.905397 1.905397 1.905397 1.905397 1.905397 1.905397 1.905397 1.905397 1.905397 1.905397 1.905397 1.905397 1.905397 1.905397 1.905397 1.90884 2.055831 2.260122 2.299625 2.299625 2.299625 2.299625 2.299625 2.299625 2.299625 2.162575 1.335371 1.136702 1.136702 1.136702 1.136702 1.136702 1.136702 1.136702 1.136702 1.136702 1.136702 1.136702 1.136702 1.136702 1.136702 1.136702 1.136702 1.136702 1.136702 1.136702 1.136702
0 0 0 0 0 0 0 0 0 0 0 0 0 0 0 0 14.99401 18.49932 18.49932 18.49932 18.49932 18.49932 18.49932 18.49932 18.49932 18.49932 18.49932 18.49932 11.89442 7.985162 5.010554 1.960228 1.905397 1.905397 1.905397 1.905397 1.905397 1.905397 1.905397 1.905397 1.905397 1.905397 1.905397 1.905397 1.905397 1.905397 1.905397 2.005387 2.223291 2.299625 2.299625 2.299625 2.299625 2.299625 2.299625 2.299625 2.299625 2.299625 2.299625 2.206313 1.233145 1.136703 1.136702 1.136702 1.136703 1.136702 1.136702 1.136702 1.136702 1.136702 1.136702 1.136702 1.136702 1.136702 1.136702 1.136702 1.136702 1.136702 1.136702 1.136703
0 0 0 0 0 0 0 0 0 0 0 0 0 0 0 0 0 18.35264 18.49932 18.49932 18.49932 18.49932 18.49932 18.49932 18.49932 18.49932 18.49932 18.49932 15.48145 13.90658 13.90658 12.14904 7.214959 3.218524 3.698135 4.150605 4.603046 5.191613 5.507846 5.960204 6.210272 1.905397 2.242109 3.373235 3.088289 2.309162 2.176841 2.299323 2.299625 2.299625 2.299625 2.299625 2.299625 2.299625 2.299625 2.299625 2.299625 2.299625 2.185142 1.434533 1.136702 1.136702 1.136702 1.136702 1.136702 1.136702 1.136703 1.136702 1.136702 1.136702 1.136702 1.136702 1.136702 1.136702 1.136702 1.136702 1.136702 1.136702 1.136702 1.136702
0 0 0 0 0 0 0 0 0 0 0 0 0 0 0 0 0 0 17.62977 18.49932 18.49932 18.49932 18.49932 18.49932 18.49932 18.49932 18.49932 18.49932 15.90522 13.90658 13.90658 13.90658 13.90658 13.90658 13.90658 13.90658 13.90658 13.90658 13.90658 13.90658 13.75563 11.62725 11.5826 13.90658 13.77891 5.383039 2.299625 2.299625 2.299625 2.299625 2.299625 2.299625 2.299625 2.299625 2.299625 2.299625 2.299625 1.980589 1.238668 1.136703 1.136702 1.136702 1.136702 1.136702 1.136702 1.136702 1.136702 1.136703 1.136702 1.136702 1.136702 1.136702 1.136702 1.136702 1.136702 1.136702 1.136702 1.136702 1.136702 1.136702
0 0 0 0 0 0 0 0 0 0 0 0 0 0 0 0 0 0 0 18.27705 18.49932 18.49932 18.49932 18.49932 18.49932 18.49932 18.49932 18.49932 16.32901 13.90658 13.90658 13.90658 13.90658 13.90658 13.90658 13.90658 13.90659 13.90658 13.90658 13.90658 13.90658 13.90658 12.48883 8.042022 3.623953 2.299625 2.299625 2.299625 2.299625 2.299625 2.299625 2.299625 2.299625 2.299625 2.299625 2.299625 2.000258 1.160868 1.136702 1.136702 1.136702 1.136702 1.136703 1.136702 1.136702 1.136702 1.136702 1.136702 1.136702 1.136702 1.136702 1.136702 1.136702 1.136702 1.136702 1.136702 1.136702 1.136702 1.136703 1.136702
0 0 0 0 0 0 0 0 0 0 0 0 0 0 0 0 0 0 0 0 18.49932 18.49932 18.49932 18.49932 18.49932 18.49932 18.49932 18.48409 15.7585 13.90659 13.90658 13.90658 13.90658 13.90658 13.90658 13.90658 13.90658 13.90658 13.90658 13.63987 10.07461 5.528284 2.400303 2.299625 2.299625 2.299625 2.299625 2.299625 2.299625 2.299625 2.299625 2.299625 2.299625 2.299625 2.299625 2.299625 2.299625 2.148738 1.63741 1.188755 1.136702 1.136703 1.136703 1.136703 1.136702 1.136703 1.136703 1.136703 1.136702 1.136703 1.136703 1.136703 1.136703 1.136702 1.136703 1.136702 1.136703 1.136702 1.136703 1.136702
0 0 0 0 0 0 0 0 0 0 0 0 0 0 0 0 0 0 0 15.12576 18.49932 18.49932 18.49932 18.49932 18.49932 18.49932 18.48581 16.13204 13.90658 14.87049 13.90658 13.90658 13.90658 13.90658 13.90658 13.90658 13.90658 13.90658 11.14142 3.385587 2.299625 2.299625 2.299625 2.299625 2.299625 2.299625 2.299625 2.299625 2.299625 2.299625 2.299625 2.299625 2.299625 2.299625 2.299625 2.299625 2.299625 2.299625 2.299625 2.216258 1.734064 1.238638 1.136702 1.136702 1.303001 2.447196 3.6126 4.144278 1.136702 1.136702 1.136702 1.136702 1.136702 1.136702 1.136703 1.136702 1.136702 1.136702 1.136702 1.136702
0 0 0 0 0 0 0 0 0 0 0 0 0 0 0 0 0 0 18.49932 18.49932 18.49932 18.49932 18.49932 0 18.49932 18.49932 61.6528 129.754 199.7171 215.6394 165.3774 108.3932 15.13581 13.90658 13.90658 13.90658 12.37639 12.84464 3.456009 2.299625 2.299625 2.299625 2.299625 2.299625 2.299625 2.299625 2.299625 2.299625 2.299625 2.299625 2.299625 2.299625 2.299625 2.299625 2.299625 2.299625 2.299625 2.299625 2.299625 2.30029 2.831519 3.78338 4.42272 5.525637 6.592432 6.732832 6.732831 5.718158 1.136702 1.136702 1.136702 1.136702 1.136702 1.136703 1.136703 1.136702 1.136702 1.136702 1.136702 1.136702
0 0 0 0 0 0 0 0 0 0 0 0 0 0 0 0 0 0 0 0 0 18.49932 18.49932 0 0 223.9473 223.9473 223.9473 223.9473 223.9474 223.9473 223.9473 150.9598 36.18528 13.19568 7.76407 2.604901 2.334322 2.299625 2.299625 2.299625 2.299625 2.299625 2.299625 2.299625 2.299625 2.299625 2.299625 3.667816 5.224128 5.916784 5.91316 5.890663 5.868166 5.845805 5.823172 5.800675 5.778177 5.756277 6.273514 6.732832 6.732832 6.732832 6.732832 6.732832 6.732832 6.732831 5.634829 1.244171 1.225879 1.197968 1.192276 1.178438 1.168827 1.165764 1.162702 1.159639 1.156577 1.153514 1.150863
0 0 0 0 0 0 0 0 0 0 0 0 0 0 0 0 0 0 0 0 18.49932 18.49932 37.2963 211.5958 0 0 223.9473 223.9473 223.9473 223.9473 223.9473 223.9474 219.3052 112.7591 3.169143 2.299625 2.299625 2.299625 2.299625 2.299625 2.299625 2.299625 2.299625 2.299625 2.299625 2.492374 3.403294 4.86517 6.722692 6.732832 6.732832 6.732832 6.732832 6.732832 6.732831 6.732832 6.732832 6.732832 6.732832 6.732832 6.732831 6.732832 6.732831 6.732832 6.732832 6.732832 6.732832 5.582417 1.413527 1.413527 1.413527 1.413527 1.413527 1.413527 1.413527 1.413527 1.413527 1.413527 1.413527 1.413527
0 0 0 0 0 0 0 0 0 0 0 0 0 0 0 0 0 0 0 0 0 0 0 0 0 0 0 0 223.9473 223.9474 223.9473 28.33278 29.2947 2.299625 2.299625 2.299625 2.299625 2.299625 2.299625 2.299625 2.299625 2.299625 2.299625 2.600293 4.725673 6.51792 6.732832 6.732832 6.732831 6.732832 6.732832 6.732832 6.732832 6.732832 6.732832 6.732832 6.732831 6.732832 6.732832 6.732832 6.732832 6.732831 6.732832 6.732832 6.732831 6.732831 6.732832 5.501588 1.413527 1.413527 1.413527 1.413527 1.413527 1.413527 1.413527 1.413527 1.413527 1.413527 1.413527 1.413527
0 0 0 0 0 0 0 0 0 0 0 0 0 0 0 0 0 0 0 223.9473 223.9473 223.9473 0 0 0 0 0 0 0 0 0 0 2.299625 0 0 0 2.299625 2.299625 2.299625 2.299625 2.299625 2.299625 3.659596 6.063228 6.732832 6.732832 6.732832 6.732832 6.732832 6.732832 6.732831 6.732832 6.732832 6.732832 6.732832 6.732832 6.732832 6.732832 6.732832 6.732832 6.732831 6.732832 6.732832 6.732832 6.732831 6.732832 6.732832 5.420758 1.413527 1.413527 1.413527 1.413527 1.413527 1.413527 1.413527 1.413527 1.413527 1.413527 1.413527 1.413527
