Scenarios/Heterogeneous/data/country_data_population_distribution/processed/density_grids/fin.asc
ncols 278
nrows 266
xllcorner 20
yllcorner 59
cellsize 0.041666666666667
NODATA_value -9999
[rows 0 to 35 of 266, columns 160 to 239 of 278]
0 0 0 0 0 0 0 0 0 0 0 0 0 0 0 0 0 0 0 0 0 0 0.3332513 0.3095241 0.2942858 0.4091539 0.3650467 0.2838734 0.2453026 0.2307831 0.2307831 0 0 0 0 0 0 0 0 0 0 0 0 0 0 0 0 0 0 0 0 0 0 0 0 0 0 0 0 0 0 0 0 0 0 0 0 0 0 0 0 0 0 0 0 0 0 0 0 0
0 0 0 0 0 0 0 0 0 0 0 0 0 0 0 0 0 0 0 0 0.413124 0.2312964 0.2307831 0.2307831 0.2307831 0.2307831 0.2307831 0.2307831 0.2307831 0.2307831 0.2307831 0.3643222 0 0 0 0 0 0 0 0 0 0 0 0 0 0 0 0 0 0 0 0 0 0 0 0 0 0 0 0 0 0 0 0 0 0 0 0 0 0 0 0 0 0 0 0 0 0 0 0
0 0 0 0 0 0 0 0 0 0 0 0 0 0 0 0.36137 0.3119332 0.2372878 0.2307831 0.2307831 0.2307831 0.2307831 0.2307831 0.2307831 0.2307831 0.2307831 0.2307831 0.2307831 0.2307831 0.2307831 0.2307831 0.2307831 0.3442102 0 0 0 0 0 0 0 0 0 0 0 0 0 0 0 0 0 0 0 0 0 0 0 0 0 0 0 0 0 0 0 0 0 0 0 0 0 0 0 0 0 0 0 0 0 0 0
0.2556073 0.3653427 0.2535933 0.231088 0.3220972 0 0.4393772 0 0 0 0 0 0.4369864 0.3516959 0.2986593 0.2383224 0.2307831 0.2307831 0.2307831 0.2307831 0.2307831 0.2307831 0.2307831 0.2307831 0.2307831 0.2307831 0.2307831 0.2307831 0.2307831 0.2307831 0.2307831 0.2307831 0.230783 0.2307831 0.3304378 0 0 0 0 0 0 0 0 0 0 0 0 0 0 0 0 0 0 0 0 0 0 0 0 0 0 0 0 0 0 0 0 0 0 0 0 0 0 0 0 0 0 0 0 0
0.2307831 0.2307831 0.2307831 0.2307831 0.2307831 0.2307831 0.2307831 0.2307831 0.2641648 0.2473629 0.2323345 0.2307831 0.2307831 0.2307831 0.2307831 0.2307831 0.2307831 0.2307831 0.2307831 0.2307831 0.2307831 0.2307831 0.2307831 0.2307831 0.2307831 0.2307831 0.2307831 0.2307831 0.2307831 0.2307831 0.2307831 0.2307831 0.2307831 0.2307831 0.2307831 0.2307831 0.2515848 0.3507354 0 0 0 0 0 0 0 0 0 0 0 0 0 0 0 0 0 0 0 0 0 0 0 0 0 0 0 0 0 0 0 0 0 0 0 0 0 0 0 0 0 0
0.2307831 0.2307831 0.2307831 0.2307831 0.2307831 0.2307831 0.2307831 0.2307831 0.2307831 0.2307831 0.2307831 0.2307831 0.2307831 0.2307831 0.2307831 0.2307831 0.2307831 0.2307831 0.2307831 0.2307831 0.2307831 0.2307831 0.2307831 0.2307831 0.2307831 0.2307831 0.2307831 0.2307831 0.2307831 0.2307831 0.2307831 0.2307831 0.2307831 0.2307831 0.2307831 0.2307831 0.2307831 0.2307831 0.2307831 0.3150595 0 0 0 0 0 0 0 0 0 0 0 0 0 0 0 0 0 0 0 0 0 0 0 0 0 0 0 0 0 0 0 0 0 0 0 0 0 0 0 0
0.2307831 0.2307831 0.2307831 0.2307831 0.2307831 0.2307831 0.2307831 0.2307831 0.2307831 0.2307831 0.2307831 0.2307831 0.2307831 0.2307831 0.2307831 0.2307831 0.2307831 0.2307831 0.2307831 0.2307831 0.2307831 0.2307831 0.2307831 0.2307831 0.2307831 0.2307831 0.2307831 0.2307831 0.2307831 0.2307831 0.2307831 0.2307831 0.2307831 0.2307831 0.2307831 0.2307831 0.2307831 0.2307831 0.2894035 0.4079885 0.4269153 0.9857491 1.569553 0 0 0 0 0 0 0 0 0 0 0 0 0 0 0 0 0 0 0 0 0 0 0 0 0 0 0 0 0 0 0 0 0 0 0 0 0
0.2307831 0.2307831 0.2307831 0.2307831 0.2307831 0.2307831 0.2307831 0.2307831 0.2307831 0.2307831 0.2307831 0.2307831 0.2307831 0.2307831 0.2307831 0.2307831 0.2307831 0.2307831 0.2307831 0.2307831 0.2307831 0.2307831 0.2307831 0.2307831 0.2307831 0.2307831 0.2307831 0.2307831 0.2307831 0.2307831 0.2307831 0.2307831 0.2307831 0.2307831 0.2307831 0.2307831 0.2339836 0.3432547 0.4234699 0.424362 0.424362 0.424362 0.424362 0.424362 0.424362 0.4747379 0.8049567 1.224213 1.625533 0 0 0 0 0 0 0 0 0 0 0 0 0 0 0 0 0 0 0 0 0 0 0 0 0 0 0 0 0 0 0
0.2307831 0.2307831 0.2307831 0.2307831 0.2307831 0.2307831 0.2307831 0.2307831 0.2307831 0.2307831 0.2307831 0.2307831 0.2307831 0.2307831 0.2307831 0.2307831 0.2307831 0.2307831 0.2307831 0.2307831 0.2307831 0.2307831 0.2307831 0.2307831 0.2307831 0.2307831 0.2307831 0.2307831 0.2307831 0.2307831 0.2307831 0.2307831 0.2307831 0.2307831 0.2307831 0.2512664 0.3784496 0.424362 0.424362 0.424362 0.424362 0.424362 0.424362 0.424362 0.424362 0.424362 0.424362 0.424362 0.424362 0.424362 0.424362 0.5341508 0.8866423 1.039364 0 0 0 0 0 0 0 0 0 0 0 0 0 0 0 0 0 0 0 0 0 0 0 0 0 0
0.2307831 0.2307831 0.2307831 0.2307831 0.2307831 0.2307831 0.2307831 0.2307831 0.2307831 0.2307831 0.2307831 0.2307831 0.2307831 0.2307831 0.2307831 0.2307831 0.2307831 0.2307831 0.2307831 0.2307831 0.2307831 0.2307831 0.2307831 0.2307831 0.2307831 0.2307831 0.2307831 0.2307831 0.2307831 0.2307831 0.2307831 0.2307831 0.2307831 0.2307831 0.2834384 0.4064433 0.424362 0.424362 0.424362 0.424362 0.424362 0.424362 0.424362 0.424362 0.424362 0.424362 0.424362 0.424362 0.424362 0.424362 0.424362 0.424362 0.424362 0.424362 0.424362 0.424362 0.424362 0.5010237 0.902491 0 0 0 0 0 0 0 0 0 0 0 0 0 0 0 0 0 0 0 0 0
0.2307831 0.2307831 0.2307831 0.2307831 0.2307831 0.2307831 0.2307831 0.2307831 0.2307831 0.2307831 0.2307831 0.2307831 0.2307831 0.2307831 0.2307831 0.2307831 0.2307831 0.2307831 0.2307831 0.2307831 0.2307831 0.2307831 0.2307831 0.2307831 0.2307831 0.2307831 0.2307831 0.2307831 0.2307831 0.2307831 0.2307831 0.2307831 0.2580134 0.3455992 0.4226185 0.424362 0.424362 0.424362 0.424362 0.424362 0.424362 0.424362 0.424362 0.424362 0.424362 0.424362 0.424362 0.424362 0.424362 0.424362 0.424362 0.424362 0.424362 0.424362 0.424362 0.424362 0.424362 0.424362 0.424362 0.6336198 0 0 0 0 0 0 0 0 0 0 0 0 0 0 0 0 0 0 0 0
0.2307831 0.2307831 0.2307831 0.2307831 0.2307831 0.2307831 0.2307831 0.2307831 0.2307831 0.2307831 0.2307831 0.2307831 0.2307831 0.2307831 0.2307831 0.2307831 0.2307831 0.2307831 0.2307831 0.2307831 0.2307831 0.2307831 0.2307831 0.2307831 0.2307831 0.2307831 0.2307831 0.2307831 0.2307831 0.230783 0.2569433 0.3551418 0.4217002 0.424362 0.424362 0.424362 0.424362 0.424362 0.424362 0.424362 0.424362 0.424362 0.424362 0.424362 0.424362 0.424362 0.424362 0.424362 0.424362 0.424362 0.424362 0.424362 0.424362 0.424362 0.424362 0.424362 0.424362 0.424362 0.424362 0.424362 0.7876826 0 0 0 0 0 0 0 0 0 0 0 0 0 0 0 0 0 0 0
0.2307831 0.2307831 0.2307831 0.2307831 0.2307831 0.2307831 0.2307831 0.2307831 0.2307831 0.2307831 0.2307831 0.2307831 0.2307831 0.2307831 0.2307831 0.2307831 0.2307831 0.2307831 0.2307831 0.2307831 0.2307831 0.2307831 0.2307831 0.2307831 0.2307831 0.240257 0.2619861 0.2877231 0.3205041 0.3637813 0.4228074 0.424362 0.424362 0.424362 0.424362 0.424362 0.424362 0.424362 0.424362 0.424362 0.424362 0.424362 0.424362 0.424362 0.424362 0.424362 0.424362 0.424362 0.424362 0.424362 0.424362 0.424362 0.424362 0.424362 0.424362 0.424362 0.424362 0.424362 0.424362 0.424362 0.424362 0.7222882 0 0 0 0 0 0 0 0 0 0 0 0 0 0 0 0 0 0
0.2307831 0.2307831 0.2307831 0.2307831 0.2307831 0.2307831 0.2307831 0.2307831 0.2307831 0.2307831 0.2307831 0.2307831 0.2307831 0.2307831 0.2307831 0.2307831 0.2307831 0.2307831 0.2308522 0.2732268 0.2975608 0.3250631 0.3496667 0.3779089 0.4064138 0.4238514 0.424362 0.424362 0.424362 0.424362 0.424362 0.424362 0.424362 0.424362 0.424362 0.424362 0.424362 0.424362 0.424362 0.424362 0.424362 0.424362 0.424362 0.424362 0.424362 0.424362 0.424362 0.424362 0.424362 0.424362 0.424362 0.424362 0.424362 0.424362 0.424362 0.424362 0.424362 0.424362 0.424362 0.424362 0.424362 0.424362 0.6296557 0 0 0 0 0 0 0 0 0 0 0 0 0 0 0 0 0
0.2307831 0.2307831 0.2307831 0.2307831 0.2307831 0.2307831 0.2307831 0.2307831 0.2307831 0.2307831 0.2307831 0.2307831 0.2307831 0.2308995 0.2764686 0.3599439 0.3841931 0.4111538 0.424362 0.424362 0.424362 0.424362 0.424362 0.424362 0.424362 0.424362 0.424362 0.424362 0.424362 0.424362 0.424362 0.424362 0.424362 0.424362 0.424362 0.424362 0.424362 0.424362 0.424362 0.424362 0.424362 0.424362 0.424362 0.424362 0.424362 0.424362 0.424362 0.424362 0.424362 0.424362 0.424362 0.424362 0.424362 0.424362 0.424362 0.424362 0.424362 0.424362 0.424362 0.424362 0.424362 0.424362 0.424362 0.9763675 0 0 0 0 0 0 0 0 0 0 0 0 0 0 0 0
0.2307831 0.2307831 0.2307831 0.2307831 0.2307831 0.2307831 0.2307831 0.2307831 0.2307831 0.2404105 0.2782049 0.31113 0.3742811 0.398634 0.424362 0.424362 0.424362 0.424362 0.424362 0.424362 0.424362 0.424362 0.424362 0.424362 0.424362 0.424362 0.424362 0.424362 0.424362 0.424362 0.424362 0.424362 0.424362 0.424362 0.424362 0.424362 0.424362 0.424362 0.424362 0.424362 0.424362 0.424362 0.424362 0.424362 0.424362 0.424362 0.424362 0.424362 0.424362 0.424362 0.424362 0.424362 0.424362 0.424362 0.424362 0.424362 0.424362 0.424362 0.424362 0.424362 0.424362 0.424362 1.333913 0 0 0 0 0 0 0 0 0 0 0 0 0 0 0 0 0
0.2307831 0.2307831 0.2307831 0.2307831 0.2376189 0.2738599 0.3134576 0.3530397 0.3910511 0.4225155 0.424362 0.424362 0.424362 0.424362 0.424362 0.424362 0.424362 0.424362 0.424362 0.424362 0.424362 0.424362 0.424362 0.424362 0.424362 0.4243621 0.424362 0.424362 0.424362 0.424362 0.424362 0.424362 0.424362 0.424362 0.424362 0.424362 0.424362 0.424362 0.424362 0.424362 0.424362 0.424362 0.424362 0.424362 0.424362 0.424362 0.424362 0.424362 0.424362 0.4243621 0.424362 0.424362 0.424362 0.424362 0.424362 0.424362 0.424362 0.424362 0.424362 0.424362 0.781716 0 0 0 0 0 0 0 0 0 0 0 0 0 0 0 0 0 0 0
0.2717214 0.3155883 0.3486979 0.3882661 0.4209961 0.424362 0.424362 0.424362 0.424362 0.424362 0.424362 0.424362 0.424362 0.424362 0.424362 0.424362 0.424362 0.424362 0.424362 0.424362 0.424362 0.424362 0.424362 0.424362 0.424362 0.424362 0.424362 0.424362 0.424362 0.424362 0.424362 0.424362 0.424362 0.424362 0.424362 0.424362 0.424362 0.424362 0.424362 0.424362 0.424362 0.424362 0.424362 0.424362 0.424362 0.424362 0.424362 0.424362 0.424362 0.424362 0.424362 0.424362 0.424362 0.424362 0.424362 0.4243619 0.424362 0.463678 1.059813 0 0 0 0 0 0 0 0 0 0 0 0 0 0 0 0 0 0 0 0 0
0.424362 0.424362 0.424362 0.424362 0.424362 0.424362 0.424362 0.424362 0.424362 0.424362 0.424362 0.424362 0.424362 0.424362 0.424362 0.424362 0.424362 0.424362 0.424362 0.424362 0.424362 0.424362 0.424362 0.424362 0.424362 0.424362 0.424362 0.424362 0.424362 0.424362 0.424362 0.424362 0.424362 0.424362 0.424362 0.424362 0.424362 0.424362 0.424362 0.424362 0.424362 0.424362 0.424362 0.424362 0.424362 0.424362 0.424362 0.424362 0.424362 0.424362 0.424362 0.424362 0.424362 0.424362 0.424362 0.4773836 1.390387 0 0 0 0 0 0 0 0 0 0 0 0 0 0 0 0 0 0 0 0 0 0 0
0.424362 0.424362 0.424362 0.424362 0.424362 0.424362 0.424362 0.424362 0.424362 0.424362 0.424362 0.424362 0.424362 0.424362 0.424362 0.424362 0.424362 0.424362 0.424362 0.424362 0.424362 0.424362 0.424362 0.424362 0.424362 0.424362 0.424362 0.424362 0.424362 0.424362 0.424362 0.4243619 0.4243619 0.424362 0.424362 0.424362 0.424362 0.424362 0.424362 0.424362 0.424362 0.424362 0.424362 0.424362 0.424362 0.424362 0.424362 0.424362 0.424362 0.424362 0.424362 0.424362 0.424362 0.6440654 0 0 0 0 0 0 0 0 0 0 0 0 0 0 0 0 0 0 0 0 0 0 0 0 0 0
0.424362 0.424362 0.424362 0.424362 0.424362 0.424362 0.424362 0.424362 0.424362 0.424362 0.424362 0.424362 0.424362 0.424362 0.424362 0.424362 0.424362 0.424362 0.424362 0.424362 0.424362 0.424362 0.424362 0.424362 0.424362 0.424362 0.424362 0.424362 0.424362 0.424362 0.424362 0.4243619 0.424362 0.424362 0.424362 0.424362 0.424362 0.424362 0.424362 0.424362 0.4243619 0.424362 0.424362 0.424362 0.424362 0.424362 0.424362 0.424362 0.424362 0.424362 0.424362 0.424362 0 0 0 0 0 0 0 0 0 0 0 0 0 0 0 0 0 0 0 0 0 0 0 0 0 0 0 0
0.424362 0.424362 0.424362 0.424362 0.424362 0.424362 0.424362 0.424362 0.424362 0.424362 0.424362 0.424362 0.424362 0.424362 0.424362 0.424362 0.424362 0.424362 0.424362 0.424362 0.424362 0.424362 0.424362 0.424362 0.424362 0.424362 0.424362 0.424362 0.424362 0.424362 0.424362 0.424362 0.424362 0.424362 0.424362 0.424362 0.424362 0.424362 0.424362 0.424362 0.424362 0.424362 0.424362 0.424362 0.424362 0.424362 0.424362 0.424362 0.424362 0.424362 0.424362 0.5795251 0 0 0 0 0 0 0 0 0 0 0 0 0 0 0 0 0 0 0 0 0 0 0 0 0 0 0 0
0.424362 0.424362 0.424362 0.424362 0.424362 0.424362 0.424362 0.424362 0.424362 0.424362 0.424362 0.424362 0.424362 0.424362 0.424362 0.424362 0.424362 0.424362 0.424362 0.424362 0.424362 0.424362 0.424362 0.424362 0.424362 0.424362 0.424362 0.424362 0.424362 0.424362 0.424362 0.424362 0.424362 0.424362 0.424362 0.424362 0.424362 0.424362 0 0.424362 0.424362 0.424362 0.424362 0.424362 0.424362 0.424362 0.424362 0.424362 0.424362 0.424362 0.424362 1.110709 0 0 0 0 0 0 0 0 0 0 0 0 0 0 0 0 0 0 0 0 0 0 0 0 0 0 0 0
0.424362 0.424362 0.424362 0.424362 0.424362 0.424362 0.424362 0.424362 0.424362 0.424362 0.424362 0.424362 0.424362 0.424362 0.424362 0.424362 0.424362 0.424362 0.424362 0.424362 0.424362 0.424362 0.424362 0.424362 0.424362 0.424362 0.424362 0.424362 0.424362 0.424362 0.424362 0.424362 0.424362 0.424362 0.4243619 0.424362 0.424362 0.424362 0.424362 0.424362 0.424362 0.424362 0.4243619 0.424362 0.424362 0.424362 0.424362 0.424362 0.424362 0.424362 0.424362 1.25472 0 0 0 0 0 0 0 0 0 0 0 0 0 0 0 0 0 0 0 0 0 0 0 0 0 0 0 0
0.424362 0.424362 0.424362 0.424362 0.424362 0.424362 0.424362 0.424362 0.4243619 0.424362 0.424362 0.424362 0.424362 0.424362 0.424362 0.424362 0.424362 0.424362 0.424362 0.424362 0.424362 0.424362 0.4243619 0.424362 0.424362 0 0 0.424362 0 0.424362 0.424362 0.424362 0.424362 0.424362 0.4243619 0.424362 0.424362 0.424362 0.424362 0.424362 0.424362 0.424362 0.424362 0.424362 0.424362 0.424362 0.424362 0.424362 0.424362 0.424362 0.424362 0.424362 0.6769298 1.883837 0 0 0 0 0 0 0 0 0 0 0 0 0 0 0 0 0 0 0 0 0 0 0 0 0 0
0.424362 0.424362 0.424362 0.424362 0.424362 0.424362 0.424362 0.424362 0.424362 0.424362 0.424362 0.424362 0.424362 0.424362 0.424362 0.424362 0.424362 0.424362 0.424362 0.424362 0.424362 0.424362 0.424362 0.424362 0.424362 0 0 0.424362 0.424362 0.424362 0.424362 0 0 0.424362 0.424362 0.424362 0.424362 0.424362 0.424362 0.424362 0.424362 0.424362 0.424362 0.424362 0.424362 0.424362 0.424362 0.424362 0.424362 0.4773157 1.236232 0 0 0 0 0 0 0 0 0 0 0 0 0 0 0 0 0 0 0 0 0 0 0 0 0 0 0 0 0
0.424362 0.424362 0.424362 0.4243619 0.424362 0.424362 0.424362 0.424362 0.424362 0.424362 0.424362 0.424362 0.424362 0.424362 0.424362 0.424362 0.424362 0.4243619 0.424362 0.424362 0.424362 0.424362 0.4243619 0.424362 0.424362 0.424362 0.424362 0.424362 0.424362 0.424362 0.424362 0.424362 0.424362 0.424362 0.424362 0.424362 0.424362 0.424362 0.424362 0.424362 0.424362 0.424362 0.424362 0.424362 0.424362 0.424362 0.6394349 1.617584 0 0 0 0 0 0 0 0 0 0 0 0 0 0 0 0 0 0 0 0 0 0 0 0 0 0 0 0 0 0 0 0
0.424362 0.424362 0.424362 0.424362 0.424362 0.424362 0.424362 0.424362 0.424362 0.424362 0.424362 0.424362 0.424362 0.424362 0.424362 0.424362 0.424362 0.424362 0.424362 0.4243619 0.424362 0.424362 0.424362 0.424362 0.424362 0 0.4243619 0.424362 0.424362 0.424362 0.424362 0.424362 0.424362 0.424362 0.4243619 0.424362 0.424362 0.424362 0.4243619 0.424362 0.424362 0.424362 0.424362 0.8304513 1.718152 0 0 0 0 0 0 0 0 0 0 0 0 0 0 0 0 0 0 0 0 0 0 0 0 0 0 0 0 0 0 0 0 0 0 0
0.424362 0.424362 0.424362 0.424362 0.424362 0.424362 0.424362 0.424362 0.424362 0.424362 0.424362 0.424362 0.424362 0.424362 0.424362 0.424362 0.424362 0.424362 0.424362 0.424362 0.424362 0.424362 0.424362 0.424362 0.424362 0.424362 0.424362 0.424362 0.424362 0.424362 0.424362 0.424362 0.424362 0.424362 0.424362 0.424362 0.424362 0.424362 0.4243619 0.424362 0.424362 0.424362 0.7050514 0 0 0 0 0 0 0 0 0 0 0 0 0 0 0 0 0 0 0 0 0 0 0 0 0 0 0 0 0 0 0 0 0 0 0 0 0
0.424362 0.424362 0.424362 0.424362 0.424362 0.424362 0.424362 0.424362 0.424362 0.424362 0.424362 0.424362 0.424362 0.424362 0.424362 0.424362 0.424362 0.424362 0.424362 0.424362 0.424362 0.424362 0.424362 0.424362 0.424362 0.424362 0.424362 0.424362 0.424362 0.424362 0.424362 0.424362 0.424362 0.424362 0.424362 0.424362 0.424362 0.424362 0.424362 0.424362 0.424362 0.424362 0.424362 0.424362 0.424362 0.424362 0.424362 0.424362 0.424362 0.424362 0.6143152 0 0 0 0 0 0 0 0 0 0 0 0 0 0 0 0 0 0 0 0 0 0 0 0 0 0 0 0 0
0.424362 0.424362 0.424362 0.424362 0.424362 0.424362 0.424362 0.424362 0.424362 0.424362 0.424362 0.424362 0.424362 0.424362 0.424362 0.424362 0.424362 0.424362 0.424362 0.424362 0.424362 0.424362 0.424362 0.424362 0.424362 0.424362 0.424362 0.424362 0.424362 0.424362 0.424362 0.424362 0.424362 0.424362 0.424362 0.424362 0.424362 0.424362 0.424362 0.424362 0.424362 0.424362 0.424362 0.424362 0.424362 0.424362 0.424362 0.424362 0.424362 0.424362 0 0 0 0 0 0 0 0 0 0 0 0 0 0 0 0 0 0 0 0 0 0 0 0 0 0 0 0 0 0
0.424362 0.424362 0.424362 0.424362 0.424362 0.424362 0.424362 0.424362 0.424362 0.424362 0.424362 0.424362 0.424362 0.424362 0.424362 0.424362 0.424362 0.424362 0.424362 0.424362 0.424362 0.424362 0.424362 0.4243621 0.424362 0.424362 0.424362 0.424362 0.424362 0.424362 0.424362 0.424362 0.424362 0.424362 0.424362 0.424362 0.424362 0.424362 0.4243621 0.424362 0.424362 0.424362 0.424362 0.424362 0.424362 0.424362 0.424362 0.424362 0.424362 1.360265 0 0 0 0 0 0 0 0 0 0 0 0 0 0 0 0 0 0 0 0 0 0 0 0 0 0 0 0 0 0
0.424362 0.424362 0.424362 0.424362 0.424362 0.424362 0.424362 0.424362 0.424362 0.424362 0.424362 0.424362 0.424362 0.424362 0.424362 0.424362 0.424362 0.424362 0.424362 0.424362 0.424362 0.424362 0.424362 0.424362 0.424362 0.424362 0.424362 0.424362 0.424362 0.424362 0.424362 0.424362 0.424362 0.424362 0.424362 0.424362 0.424362 0.424362 0.424362 0.424362 0.424362 0.4243619 0.424362 0.424362 0.424362 0.424362 0.424362 0.424362 0.6058734 0 0 0 0 0 0 0 0 0 0 0 0 0 0 0 0 0 0 0 0 0 0 0 0 0 0 0 0 0 0 0
0.424362 0.424362 0.424362 0.424362 0.424362 0.424362 0.424362 0.424362 0.424362 0.424362 0.424362 0.424362 0.424362 0.424362 0.424362 0.424362 0.424362 0.424362 0.424362 0.424362 0.424362 0.424362 0.424362 0.424362 0.424362 0.424362 0.424362 0.424362 0.424362 0.424362 0.424362 0.424362 0.424362 0.424362 0.424362 0.424362 0.424362 0.424362 0.424362 0.424362 0.424362 0.424362 0.424362 0.424362 0.424362 0.424362 0.4254706 0.8391641 0 0 0 0 0 0 0 0 0 0 0 0 0 0 0 0 0 0 0 0 0 0 0 0 0 0 0 0 0 0 0 0
0.424362 0.424362 0.424362 0.424362 0.424362 0.424362 0.424362 0.424362 0.424362 0.424362 0.424362 0.424362 0.424362 0.424362 0.424362 0.424362 0.424362 0.424362 0.424362 0.424362 0.424362 0.424362 0.424362 0.424362 0.424362 0.424362 0.424362 0.424362 0.424362 0.424362 0.424362 0.424362 0.424362 0.424362 0.424362 0.424362 0.424362 0.424362 0.424362 0.424362 0.424362 0.424362 0.424362 0.424362 0.424362 0.4709824 0 0 0 0 0 0 0 0 0 0 0 0 0 0 0 0 0 0 0 0 0 0 0 0 0 0 0 0 0 0 0 0 0 0
0.424362 0.424362 0.424362 0.424362 0.424362 0.424362 0.424362 0.424362 0.424362 0.424362 0.424362 0.424362 0.424362 0.424362 0.424362 0.424362 0.424362 0.424362 0.424362 0.424362 0.424362 0.424362 0.424362 0.424362 0.424362 0.424362 0.424362 0.424362 0.424362 0.424362 0.424362 0.424362 0.424362 0.424362 0.424362 0.424362 0.424362 0.424362 0.424362 0.424362 0.424362 0.424362 0.424362 0.424362 0.6630792 0 0 0 0 0 0 0 0 0 0 0 0 0 0 0 0 0 0 0 0 0 0 0 0 0 0 0 0 0 0 0 0 0 0 0
