Scenarios/Heterogeneous/data/country_data_population_distribution/processed/density_grids/fin.asc
ncols 278
nrows 266
xllcorner 20
yllcorner 59
cellsize 0.041666666666667
NODATA_value -9999
[rows 108 to 143 of 266, columns 80 to 159 of 278]
0 0 0 0 0 0 0 0 0 0 0 0 0 0 0 0 0 0 0 0 0 0 0 0 0 0 0 0 0 0 0 0 0 0 0 2.299625 0 0 0 0 2.299625 6.732831 6.732831 6.732832 6.732832 6.732831 6.732832 6.732832 6.732832 6.732832 6.732832 6.732832 6.732832 6.732832 6.732832 6.732832 6.732832 6.732832 6.61006 5.775499 5.452183 5.140967 4.950661 4.791587 5.258762 5.553499 5.535996 4.45137 1.413527 1.413527 1.413527 1.413527 1.413527 1.413527 1.413527 1.413527 1.413527 1.413527 1.413527 1.413527
0 0 0 0 0 0 0 0 0 0 0 0 0 0 0 0 0 0 0 0 0 0 0 0 0 0 0 0 0 0 0 0 0 0 0 0 0 0 0 0 0 0 0 0 0 6.732832 6.732831 6.732832 6.732832 6.732832 6.732832 6.732832 6.732832 6.732832 6.732832 6.732832 6.732832 6.663402 4.105109 2.986611 2.986611 2.986611 2.986611 2.986611 2.986611 2.986611 2.986611 2.548569 1.413527 1.413527 1.413527 1.413527 1.413527 1.413527 1.413527 1.413527 1.413527 1.413527 1.413527 1.413527
0 0 0 0 0 0 0 0 0 0 0 0 0 0 0 0 0 0 0 0 0 0 0 0 0 0 0 0 0 0 0 0 0 0 0 0 0 0 0 0 0 0 0 0 0 0 6.732831 6.732831 6.732832 6.732832 6.732831 6.732831 6.732831 6.732831 6.732831 6.732831 6.704974 4.318676 2.986611 2.986611 2.986611 2.986611 2.986611 2.986611 2.986611 2.986611 2.986611 2.522128 1.413527 1.413527 1.413527 1.413527 1.413527 1.413527 1.413527 1.413527 1.413527 1.413527 1.413527 1.413527
0 0 0 0 0 0 0 0 0 0 0 0 0 0 0 0 0 0 0 0 0 0 0 0 0 0 0 0 0 0 0 0 0 0 0 0 0 0 0 6.732831 6.732831 0 0 0 0 0 0 6.732832 6.732831 6.732832 6.732832 6.732832 6.732832 6.732832 6.732832 6.727888 4.550901 2.986611 2.986611 2.986611 2.986611 2.986611 2.986611 2.986611 2.986611 2.986611 2.986611 2.509855 1.413527 1.413527 1.413527 1.413527 1.413527 1.413527 1.413527 1.413527 1.413527 1.413527 1.413527 1.413527
0 0 0 0 0 0 0 0 0 0 0 0 0 0 0 0 0 0 0 0 0 0 0 0 0 0 0 0 0 0 0 0 0 0 0 6.732831 6.732831 0 0 6.732831 6.732831 0 0 0 0 0 6.732831 6.732832 6.732832 6.732832 6.732832 6.732832 6.732832 6.732832 6.732832 5.066792 2.986611 2.986611 2.986611 2.986611 2.986611 2.986611 2.986611 2.986611 2.986611 2.986611 2.986611 2.986608 2.81294 2.531509 2.265535 1.977465 1.689311 1.443604 1.413527 1.413527 1.413527 1.413527 1.413527 1.413527
0 0 0 0 0 0 0 0 0 0 0 0 0 0 0 0 0 0 0 0 0 0 0 0 0 0 0 0 0 0 0 0 0 0 0 6.732831 6.732831 6.732831 0 0 0 0 0 0 0 6.732832 6.732831 6.732832 6.732831 6.732832 6.732832 6.732831 6.732832 6.512438 5.310417 3.227068 2.986611 2.986611 2.986611 2.986611 2.986611 2.986611 2.986611 2.986611 2.986611 2.986611 2.986611 2.986611 2.986611 2.986611 2.986611 2.986611 2.986611 2.536307 1.457621 1.413527 1.413527 1.413527 1.413527 1.413527
0 0 0 0 0 0 0 0 0 0 0 0 0 0 0 0 0 0 0 0 0 0 0 0 0 0 0 0 0 0 0 0 0 0 0 0 0 0 0 0 0 0 0 0 0 6.732831 6.732832 6.732832 6.732832 6.732832 6.732832 6.732832 6.732832 5.248823 3.060565 2.986611 2.986611 2.986611 3.902362 5.785807 7.495718 10.4515 13.00319 13.85546 3.262748 2.986611 2.986611 2.986611 2.986611 2.986611 2.986611 2.799067 2.076974 1.676156 1.413527 1.413527 1.413527 1.413527 1.413527 1.413527
0 0 0 0 0 0 0 0 0 0 0 0 0 0 0 0 0 0 0 0 0 0 0 0 0 0 0 0 0 0 0 0 0 0 0 0 0 0 0 0 0 0 0 0 6.732831 6.732831 6.732832 13.57997 13.45004 11.62876 10.18997 8.751099 8.110171 6.454205 3.433394 2.986611 4.828292 18.43415 40.52607 48.39359 48.39359 48.39359 45.03794 29.10491 31.33577 68.67963 80.76608 96.30061 109.8326 80.20135 5.504019 1.45826 1.413527 1.413527 1.413527 1.413527 1.413527 1.413527 1.413527 1.413527
0 0 0 0 0 0 0 0 0 0 0 0 0 0 0 0 0 0 0 0 0 0 0 0 0 0 0 0 0 0 0 0 0 0 0 0 0 0 0 0 0 0 0 0 6.732832 6.732832 48.39359 48.39359 48.39359 48.39359 48.39359 48.39359 48.39359 48.39359 48.05 39.54398 46.01234 47.83041 47.77369 47.91252 48.23507 48.38971 48.39359 48.39359 52.64587 111.9609 114.7885 114.7885 114.7885 114.7885 95.06033 9.734726 1.413527 1.413527 1.413527 1.413527 1.413527 1.413527 1.413527 1.413527
0 0 0 0 0 0 0 0 0 0 0 0 0 0 0 0 0 0 0 0 0 0 0 0 0 0 0 0 0 0 0 0 0 0 0 0 0 0 0 0 0 0 0 0 0 48.39359 48.39359 48.39359 48.39359 48.39359 48.39359 48.39359 48.39359 47.83021 46.56091 46.87121 45.8955 45.57725 45.57725 45.57725 45.57725 45.6997 46.19307 62.02557 80.88795 102.0056 114.7885 114.7885 114.7885 114.7885 114.7885 101.8806 60.35764 21.61927 1.422955 1.413527 1.413527 1.413527 1.413527 1.413527
0 0 0 0 0 0 0 0 0 0 0 0 0 0 0 0 0 0 0 0 0 0 0 0 0 0 0 0 0 0 0 0 0 0 0 0 0 0 0 0 0 0 48.39359 48.39359 48.39359 48.39359 48.39359 48.39359 48.39359 48.39359 48.39359 48.39359 48.39359 48.21445 45.9125 45.57726 45.57725 45.57726 45.57725 45.57726 45.57725 45.57725 45.57725 49.49715 82.65134 106.9223 114.7885 114.7885 114.7885 114.7885 114.7885 114.7885 114.7885 114.7885 96.25533 56.04396 12.02674 1.413527 1.413527 1.413527
0 0 0 0 0 0 0 0 0 0 0 0 0 0 0 0 0 0 0 0 0 0 0 0 0 0 0 0 0 0 0 0 4.33404 4.33404 4.334039 4.33404 4.33404 4.334039 0 0 0 0 48.39359 48.39359 48.39359 48.39359 48.39359 48.42687 51.27254 82.97672 77.66557 64.24649 48.83728 48.39359 48.36674 47.30691 45.58872 45.57725 45.57725 45.57725 45.57725 45.57725 45.57725 45.57726 61.65353 93.35239 114.7885 114.7885 114.7885 114.7885 114.7885 114.7885 114.7885 114.7885 114.7885 114.7885 112.2105 75.98325 42.62838 4.588775
0 0 0 0 0 0 0 0 0 0 0 0 0 0 0 0 0 0 0 0 0 0 0 0 0 0 0 0 0 4.33404 4.33404 4.33404 4.33404 4.33404 4.33404 4.33404 4.33404 4.33404 4.33404 4.33404 4.33404 4.33404 0 0 0 102.4957 87.70889 98.56377 114.7885 114.7885 114.7885 114.7885 111.0024 104.1645 105.5624 76.72015 71.30681 56.96934 45.79104 45.57726 45.57725 55.02221 64.24804 77.59357 113.6864 114.7885 114.7885 114.7885 114.7885 114.7885 114.7885 114.7885 114.7885 114.7885 114.7885 114.7885 114.7885 114.7885 102.5658 4.466394
0 0 0 0 0 0 0 0 0 0 0 0 0 0 0 0 0 0 0 0 0 0 0 0 0 0 0 0 0 4.33404 4.33404 4.33404 4.33404 4.33404 4.33404 4.33404 4.33404 4.33404 4.33404 4.33404 4.33404 4.33404 0 0 0 136.5639 136.5639 136.5639 0 114.7885 114.7885 114.7885 114.7885 114.7885 114.7885 114.7885 114.7885 114.7885 112.1514 100.0507 86.29382 111.6187 114.7885 114.7885 114.7885 114.7885 114.7885 114.7885 114.7885 114.7885 114.7885 114.7885 114.7885 114.7885 114.7885 114.7885 114.7885 114.7885 114.7885 71.88393
0 0 0 0 0 0 0 0 0 0 0 0 0 0 0 0 0 0 0 0 0 0 0 0 0 0 0 0 0 4.33404 4.33404 4.33404 4.33404 4.33404 4.33404 4.33404 4.33404 4.33404 0 0 0 0 0 0 136.5639 136.5639 136.5639 136.5639 136.5639 131.2666 114.7885 114.7885 114.7885 114.7885 114.7885 114.7885 114.7885 114.7885 114.7885 114.7885 114.7885 114.7885 114.7885 109.0163 83.69337 70.06767 108.1465 114.7885 114.7885 114.7885 114.7885 114.7885 114.7885 114.7885 114.7885 114.7885 114.7885 114.7885 114.7885 114.7885
0 0 0 0 0 0 0 0 0 0 0 0 0 0 0 0 0 0 0 0 0 0 0 0 0 0 0 0 0 0 0 0 0 4.33404 4.334041 4.33404 4.33404 0 0 0 0 0 10.6342 10.6342 0 136.5639 136.5639 136.5639 136.5639 136.564 151.3013 151.2433 143.4525 142.82 142.6535 133.5249 120.1596 114.7885 114.7885 114.7885 114.7885 111.0378 76.45667 33.63864 11.6103 12.04263 35.45522 44.71361 58.09637 114.6089 114.7885 114.7885 114.7885 114.7885 114.7885 114.7885 114.7885 114.7885 114.7885 114.7885
0 0 0 0 0 0 0 0 0 0 0 0 0 0 0 0 0 0 0 0 0 0 0 0 0 0 0 0 0 0 0 0 0 4.995657 4.995657 4.995657 4.995658 4.995658 4.995658 5.336184 10.56859 10.6342 10.6342 10.6342 10.6342 10.6342 10.6342 136.5639 134.0896 118.8744 116.9352 143.4927 163.2132 163.2132 163.2132 163.2132 152.9231 70.97801 74.81318 64.79199 55.32861 18.4365 11.6103 11.6103 11.6103 11.6103 11.6103 11.6103 11.6103 26.61868 91.41953 113.8579 114.7885 114.7885 114.7885 114.7885 114.73 50.06351 53.85399 67.17882
0 0 0 0 0 0 0 0 0 0 0 0 0 0 0 0 0 0 0 0 0 0 0 0 0 0 0 0 0 0 0 4.995658 4.995657 4.995658 4.995658 4.995657 4.995657 4.995657 4.995657 6.661761 10.6342 10.6342 10.6342 10.6342 10.6342 10.6342 10.63488 13.47663 18.67109 18.67109 18.67109 29.61769 55.36375 109.7991 128.3451 117.1747 35.95932 16.18097 15.76826 12.96581 11.6103 11.6103 11.6103 11.6103 11.6103 11.6103 11.6103 11.6103 11.10169 6.48046 11.56028 31.64404 56.69433 62.57051 52.71336 32.95303 51.99929 1.764664 1.764664 1.764664
0 0 0 0 0 0 0 0 0 0 0 0 0 0 0 0 0 0 0 0 0 0 0 0 0 0 0 0 4.995657 4.995657 4.995657 4.995657 4.995657 4.995658 4.995658 4.995658 4.995658 4.995658 5.054684 9.26485 10.6342 10.6342 10.6342 10.6342 10.6342 10.65775 14.41049 18.67109 18.67109 18.67109 18.67109 18.67109 18.38504 16.64114 16.18097 16.18097 16.18097 16.18097 16.18097 16.17078 14.32607 11.80462 11.6103 11.6103 11.6103 11.6103 11.6103 11.6103 8.463868 2.770135 5.015369 7.432845 9.909145 9.808455 5.520024 1.764664 1.764664 1.764664 1.764664 1.764664
0 0 0 0 0 0 0 0 0 0 0 0 0 0 0 0 0 0 0 0 0 0 0 0 0 0 0 0 0 38.36108 32.57286 24.00548 5.902315 4.995658 4.995658 4.995658 4.995657 4.995658 4.995657 5.089157 7.019652 8.718565 10.24445 10.6342 11.22574 16.2168 18.67109 18.67109 18.67109 18.67109 18.67109 18.67109 18.67109 18.4694 16.45533 16.18097 16.18097 16.18097 16.18097 16.18097 16.18097 15.49844 12.55787 11.6103 11.6103 11.6103 11.6103 11.6103 11.6103 11.22329 5.804755 1.764664 1.764664 1.764664 1.764664 1.764664 1.764664 1.764664 1.764664 1.764664
0 0 0 0 0 0 0 0 0 0 0 0 0 0 0 0 0 0 0 0 0 0 0 0 0 0 0 0 41.76118 41.76118 41.76118 41.76118 35.03268 11.07884 4.995658 4.995658 4.995658 4.995658 4.995658 4.995658 4.995658 4.995658 5.068378 6.276175 11.78461 17.67207 18.67109 18.67109 18.67109 18.67109 18.67109 18.67109 17.97025 17.36742 16.89813 16.18097 16.18097 16.18097 16.18097 16.18097 16.18097 16.18097 16.09292 13.29197 11.6103 11.6103 11.6103 11.6103 11.6103 11.6103 8.40543 5.966092 3.249472 1.764664 1.764664 1.764664 1.764664 1.764664 1.764664 1.764664
0 0 0 0 0 0 0 0 0 0 0 0 0 0 0 0 0 0 0 0 0 0 0 0 0 41.76118 41.76118 41.76118 41.76118 41.76118 41.76118 41.76118 41.76118 39.62053 13.97162 5.314761 4.995658 4.995657 4.995657 4.995657 4.995657 4.995657 4.995657 4.995657 4.995657 5.411615 7.72299 13.56144 18.64127 18.67109 18.67109 18.67109 17.93251 16.3093 16.18097 16.18097 16.18097 16.18097 16.18097 16.18097 16.18097 16.18097 16.18097 14.60228 11.61771 11.6103 11.6103 11.6103 11.6103 11.6103 11.6103 11.6103 6.500254 1.773935 1.764664 1.764664 1.764664 1.764664 1.764664 1.764664
0 0 0 0 0 0 0 0 0 0 0 0 0 0 0 0 0 0 0 0 0 0 0 0 41.76118 41.76118 41.76118 41.76118 41.76118 41.76118 41.76118 41.76118 41.76118 41.76118 34.69989 8.02732 4.995658 4.995657 4.995657 4.995658 4.995657 4.995658 4.995657 4.995657 4.995657 4.995657 4.995657 4.995657 6.046864 8.866363 11.71494 14.56443 17.39467 17.7231 16.35431 16.18413 16.64427 17.75655 18.10994 17.15709 16.46591 16.18114 16.60369 15.92554 14.12991 12.03038 11.6103 11.6103 11.6103 10.72648 7.220029 5.510164 7.85413 2.742163 1.764664 1.764664 1.764664 1.764664 1.764664 1.884053
0 0 0 0 0 0 0 0 0 0 0 0 0 0 0 0 0 0 0 0 0 0 0 0 41.76118 41.76118 41.76118 41.76118 41.76118 41.76118 41.76118 41.76118 41.76118 38.99895 9.183515 4.995657 4.995658 4.995657 4.995657 4.995657 4.995657 4.995657 4.995658 4.995657 4.995657 4.995657 4.995657 4.995657 4.995658 4.969577 3.53231 2.832548 2.571022 5.787037 9.738209 17.03057 17.87314 16.96285 18.6704 18.67109 18.67109 18.24331 17.01256 16.57054 16.45736 17.08028 16.02578 14.32928 11.88875 11.6103 11.25695 6.243062 3.755576 4.431296 9.709578 6.840374 1.823261 1.784169 1.996603 2.11147
0 0 0 0 0 0 0 0 0 0 0 0 0 0 0 0 0 0 0 0 0 0 0 0 41.76118 41.76118 41.76118 41.76118 41.76118 41.76118 41.76118 41.76118 41.76118 41.76118 38.25197 20.58791 6.589356 5.618362 5.528756 5.242227 4.998645 4.995658 4.995658 4.995658 4.995658 4.995658 4.995658 4.995658 4.995658 3.715616 2.477689 2.477689 2.477689 2.477689 2.477689 3.970355 13.88133 18.66864 16.83856 16.7576 18.67109 17.92048 14.52502 17.83095 18.19335 17.69785 17.96077 18.67109 17.55103 12.96111 11.6103 11.6103 11.6103 11.60616 8.563251 2.271326 1.929011 2.053676 2.136838 2.136839
0 0 0 0 0 0 0 0 0 0 0 0 0 0 0 0 0 0 0 0 0 5.376449 9.17522 10.08727 24.33759 31.78325 37.11406 41.39377 41.76118 41.76118 41.76118 41.76118 41.76118 41.76118 41.40215 23.32567 6.665275 6.665275 6.665275 6.665275 6.46619 5.96724 5.261863 4.995658 4.995658 4.995658 4.995658 4.995658 4.995658 4.434922 3.42165 2.593637 2.477689 2.477689 2.477689 2.477689 2.619314 9.031733 4.943933 2.705594 8.000663 4.157191 2.477689 3.539668 8.448543 13.70887 18.135 18.67109 18.67109 18.4713 14.55239 11.06814 8.815265 4.315996 2.136839 2.136839 2.136839 2.136839 2.136839 2.136839
0 0 0 0 0 0 0 0 0 0 0 0 0 0 0 0 0 0 0 0 5.376449 5.376449 5.376449 5.376449 5.376449 5.37645 5.37645 6.437105 11.42354 16.70151 19.15628 20.1888 21.46104 32.03309 41.62802 41.00505 14.34413 6.665275 6.665276 6.665275 6.665276 6.665275 6.636326 5.980206 5.560839 5.355918 5.046324 4.995658 4.995657 4.995658 4.59482 2.669312 2.47769 2.477689 2.47769 2.47769 2.477689 2.477689 2.477689 2.477689 2.47769 2.477689 2.477689 2.477689 2.47769 2.477689 3.293417 8.035474 13.2956 16.37009 13.44032 4.414933 2.142124 2.136839 2.136839 2.136839 2.136839 2.136839 2.136839 2.136839
0 0 0 0 0 0 0 0 0 0 0 0 0 0 0 0 0 5.376449 5.376449 5.376449 5.376449 5.376449 5.376449 5.376449 5.376449 5.376449 5.376449 5.376449 5.376449 5.376449 5.376449 5.376449 5.37645 5.376449 11.18676 27.30614 38.17202 22.36674 6.665276 6.665275 6.665275 6.665275 6.665276 6.665275 6.665275 6.665275 6.607198 6.223822 5.789772 5.355551 4.890187 2.981997 2.477689 2.47769 2.477689 2.477689 2.477689 2.477689 2.477689 2.477689 2.477689 2.47769 2.477689 2.477689 2.477689 2.477689 2.477689 2.477689 2.477689 2.477689 2.477689 2.477689 2.444242 2.318779 2.17336 2.136839 2.136839 2.136839 2.136839 2.136839
0 0 0 0 0 0 0 0 0 0 0 0 0 0 0 5.376449 5.376449 5.376449 5.37645 5.376449 5.376449 5.376449 5.376449 5.376449 5.376449 5.376449 5.352983 5.210063 5.370416 5.351797 5.311422 5.340626 5.376449 5.376449 5.362781 7.560738 15.41839 20.37893 7.064857 6.665275 6.665275 6.665275 6.665275 6.665275 6.665275 6.665275 6.665275 6.665275 6.665276 6.665275 4.537642 2.477689 2.477689 2.477689 2.477689 2.477689 2.477689 2.477689 2.477689 2.477689 2.477689 2.477689 2.477689 2.477689 2.47769 2.477689 2.477689 2.477689 2.477689 2.477689 2.477689 2.477689 2.477689 2.477689 2.450252 2.249708 2.136839 2.136839 2.136839 2.136839
0 0 0 0 0 0 0 0 0 0 0 0 0 0 13.79409 13.61554 11.79717 10.0379 8.302516 6.584915 5.488317 5.376449 5.376449 5.376449 5.287351 4.805154 4.541885 4.863622 4.844554 4.542209 4.420566 4.424205 4.887514 8.352463 10.24648 12.14383 12.38771 12.38335 10.91265 8.639793 8.32661 7.993489 7.279486 6.665275 6.665275 6.665275 6.665275 6.629792 6.481342 6.324561 6.224748 3.150695 2.477689 2.477689 2.477689 2.477689 2.477689 2.47769 2.477689 2.477689 2.477689 2.477689 2.477689 2.477689 2.477689 2.477689 2.477689 2.477689 2.477689 2.477689 2.477689 2.477689 2.477689 2.477689 2.477689 2.302752 2.1474 2.136839 2.136839 2.136839
0 0 0 0 13.79409 0 0 0 0 0 0 0 0 13.79409 13.79409 13.79409 13.79409 13.79409 13.79409 13.79409 13.64499 12.47555 8.528732 4.843234 4.643229 4.41454 4.41454 4.41454 4.41454 4.41454 4.41454 5.094465 11.03675 12.38771 12.38771 12.38771 12.38771 12.38771 12.38771 12.38771 12.38771 12.38771 12.3752 11.34585 9.573398 7.290945 6.406108 6.234482 6.22608 6.22608 6.22608 4.917686 2.569243 2.477689 2.477689 2.477689 2.477689 2.477689 2.477689 2.47769 2.477689 2.477689 2.477689 2.477689 2.477689 2.477689 2.477689 2.477689 2.477689 2.477689 2.47769 2.477689 2.47769 2.477689 2.477689 2.477689 2.448389 2.365604 2.369294 2.345208
0 0 0 0 0 0 0 0 0 0 0 13.79409 13.79409 13.79409 13.79409 13.79409 13.79409 13.79409 13.79409 13.79409 13.7739 12.735 11.30618 10.30777 7.143464 4.907108 4.41454 4.41454 5.046321 9.724973 10.65683 10.50911 12.38421 12.38771 12.38771 12.38771 12.38771 12.38771 12.38771 12.38771 12.38771 12.38771 12.38771 12.38771 8.08795 8.395996 6.763541 6.22608 6.22608 6.22608 6.22608 6.226079 5.350258 2.647352 2.477689 2.477689 2.477689 2.477689 2.47769 2.477689 2.47769 2.47769 2.477689 2.477689 2.477689 2.477689 2.477689 2.477689 2.477689 2.477689 2.477689 2.477689 2.477689 2.477689 2.477689 2.47769 2.477689 2.477689 2.47769 2.477689
0 0 0 0 0 0 0 13.79409 13.79409 13.79409 13.79409 13.79409 13.79409 13.79409 13.79409 13.79409 13.79409 13.79409 13.79409 13.79409 13.75621 12.66098 11.35607 11.2316 11.2316 11.0924 9.27499 6.956201 4.630149 7.463897 11.56534 12.38771 12.38771 12.38771 12.38771 12.38771 12.38771 12.38771 12.38771 12.38771 12.38771 12.38771 11.71015 9.503736 6.357703 6.22608 6.226079 6.22608 6.22608 6.226079 6.22608 6.226079 6.22608 5.465891 3.698735 2.509679 2.477689 2.477689 2.477689 2.477689 2.477689 2.477689 2.477689 2.477689 2.477689 2.47769 2.477689 2.477689 2.477689 2.47769 2.477689 2.477689 2.477689 2.358289 2.176498 2.076441 1.985655 2.106179 2.284978 2.374872
0 0 0 0 0 13.79409 13.79409 13.79409 13.79409 13.79409 13.79409 13.79409 13.79409 13.79409 13.79409 13.79409 13.79409 13.79409 13.79409 12.92571 12.32316 11.89845 11.25943 11.2316 11.2316 11.2316 11.2316 11.2316 11.7947 13.60361 17.78044 15.94344 14.30071 12.38771 12.38771 12.38771 12.38771 12.38771 12.38771 12.38771 12.36836 10.00603 6.302195 6.22608 6.22608 6.22608 6.22608 6.22608 6.22608 6.22608 6.22608 6.22608 6.22608 6.22608 6.22608 5.736212 3.244663 2.477689 2.477689 2.477689 2.477689 2.477689 2.477689 2.477689 2.477689 2.477689 2.47769 2.477689 2.47769 2.477689 2.477689 2.27405 1.991219 1.855271 1.760965 1.760965 1.760965 1.760965 1.760965 1.760965
0 0 0 0 0 0 13.79409 13.79409 13.79409 13.79409 13.79409 13.79409 13.79409 13.79409 13.79409 13.79409 13.79409 13.79409 13.79409 13.79409 12.14714 11.2316 11.2316 11.2316 11.2316 19.81102 22.41723 26.47486 29.20957 29.28319 29.28319 29.28319 29.22986 24.28467 17.24132 13.48472 12.12105 9.780104 9.473939 9.313065 7.077391 6.22608 6.22608 6.22608 6.22608 6.22608 6.22608 6.22608 6.226079 6.22608 6.22608 6.22608 6.22608 6.22608 6.22608 6.22608 5.4399 3.690723 2.484954 2.477689 2.477689 2.477689 2.477689 2.47769 2.477689 2.47769 2.477689 2.324878 2.076687 2.085546 1.911224 1.781223 1.760965 1.760965 1.760965 1.760965 1.760965 1.760965 1.760965 1.760965
0 33.58248 33.58248 0 20.62193 13.79409 13.79409 13.79409 13.79409 13.79409 13.79409 13.79409 13.79409 13.79409 13.79409 13.5945 13.68791 13.79409 13.79409 13.79409 13.78862 12.91162 11.51555 11.2316 13.72955 27.15612 29.28319 29.28319 29.28319 29.28319 29.28319 29.28319 29.28319 29.28319 29.28319 29.23033 27.06631 23.62371 14.97205 7.403255 6.22608 6.22608 6.22608 6.22608 6.22608 6.22608 6.22608 6.22608 6.22608 6.22608 6.22608 6.22608 6.22608 6.22608 6.22608 6.201763 5.945804 5.32665 3.673471 2.818609 2.646431 2.497375 2.47769 2.477689 2.47769 2.477689 2.47769 2.368901 2.10473 1.822558 1.760965 1.760965 1.760965 1.760965 1.760965 1.760965 1.760965 1.760965 1.760965 1.760965
