Scenarios/Heterogeneous/data/country_data_population_distribution/processed/density_grids/fin.asc
ncols 278
nrows 266
xllcorner 20
yllcorner 59
cellsize 0.041666666666667
NODATA_value -9999
[rows 36 to 71 of 266, columns 160 to 239 of 278]
0.424362 0.424362 0.424362 0.424362 0.424362 0.424362 0.424362 0.424362 0.424362 0.424362 0.424362 0.424362 0.424362 0.424362 0.424362 0.424362 0.424362 0.424362 0.424362 0.424362 0.424362 0.424362 0.424362 0.424362 0.424362 0.424362 0.424362 0.424362 0.424362 0.424362 0.424362 0.424362 0.424362 0.424362 0.424362 0.424362 0.424362 0.424362 0.424362 0.424362 0.424362 0.424362 0.4556896 0 0 0 0 0 0 0 0 0 0 0 0 0 0 0 0 0 0 0 0 0 0 0 0 0 0 0 0 0 0 0 0 0 0 0 0 0
0.424362 0.424362 0.424362 0.424362 0.424362 0.424362 0.424362 0.424362 0.424362 0.424362 0.424362 0.424362 0.424362 0.424362 0.424362 0.424362 0.424362 0.424362 0.424362 0.424362 0.424362 0.424362 0.424362 0.424362 0.424362 0.424362 0.424362 0.424362 0.424362 0.424362 0.424362 0.424362 0.424362 0.424362 0.424362 0.424362 0.424362 0.424362 0.424362 0.424362 0.424362 0.424362 0.4340381 0 0 0 0 0 0 0 0 0 0 0 0 0 0 0 0 0 0 0 0 0 0 0 0 0 0 0 0 0 0 0 0 0 0 0 0 0
0.424362 0.424362 0.424362 0.424362 0.424362 0.424362 0.424362 0.424362 0.424362 0.424362 0.424362 0.424362 0.424362 0.424362 0.424362 0.424362 0.424362 0.424362 0.424362 0.424362 0.424362 0.424362 0.424362 0.424362 0.424362 0.424362 0.424362 0.424362 0.424362 0.424362 0.424362 0.424362 0.424362 0.424362 0.424362 0.424362 0.424362 0.4251589 0.4321159 0.424362 0.424362 0.424362 0.4267973 0.698318 0 0 0 0 0 0 0 0 0 0 0 0 0 0 0 0 0 0 0 0 0 0 0 0 0 0 0 0 0 0 0 0 0 0 0 0
0.424362 0.424362 0.424362 0.424362 0.424362 0.424362 0.424362 0.424362 0.424362 0.424362 0.424362 0.424362 0.424362 0.424362 0.424362 0.424362 0.424362 0.424362 0.424362 0.424362 0.424362 0.424362 0.424362 0.424362 0.424362 0.424362 0.424362 0.424362 0.424362 0.424362 0.424362 0.4349929 0.4850648 0.5388287 0.5925772 0.6463105 0.7000284 0.7529355 0.7385131 0.6745942 0.6824877 0.7189055 0.7523 0.7713352 0 0 0 0 0 0 0 0 0 0 0 0 0 0 0 0 0 0 0 0 0 0 0 0 0 0 0 0 0 0 0 0 0 0 0 0
0.424362 0.424362 0.424362 0.424362 0.424362 0.424362 0.424362 0.424362 0.424362 0.424362 0.424362 0.424362 0.424362 0.424362 0.424362 0.424362 0.424362 0.424362 0.424362 0.424362 0.424362 0.424362 0.424362 0.424362 0.4245578 0.4558426 0.5096148 0.5633716 0.6171131 0.6708394 0.7245504 0.7676348 0.7713352 0.7713352 0.7713352 0.7713352 0.7713352 0.7713352 0.7713352 0.7713352 0.7713352 0.7713352 0.7713352 0.7713352 0.8315688 0 0 0 0 0 0 0 0 0 0 0 0 0 0 0 0 0 0 0 0 0 0 0 0 0 0 0 0 0 0 0 0 0 0 0
0.424362 0.424362 0.424362 0.424362 0.424362 0.424362 0.424362 0.424362 0.424362 0.4276129 0.435398 0.443213 0.4510276 0.4588419 0.4666559 0.4744695 0.4822829 0.4900959 0.4979086 0.505721 0.5342213 0.5879112 0.6416459 0.6953653 0.7488739 0.7713352 0.7713353 0.7713353 0.7713352 0.7713352 0.7713352 0.7713352 0.7713352 0.7713352 0.7713352 0.7713353 0.7713352 0.7713353 0.7713352 0.7713352 0.7713352 0.7713352 0.7713352 0.7713352 0.7713352 1.047523 0 0 0 0 0 0 0 0 0 0 0 0 0 0 0 0 0 0 0 0 0 0 0 0 0 0 0 0 0 0 0 0 0 0
0.7043269 0.7121308 0.7199343 0.7277376 0.7355404 0.7433431 0.7511453 0.7589472 0.7667488 0.7713051 0.7713352 0.7713352 0.7713352 0.7713352 0.7713352 0.7713352 0.7713352 0.7713352 0.7713352 0.7713352 0.7713352 0.7713352 0.7713353 0.7713352 0.7713352 0.7713352 0.7713352 0.7713352 0.7713352 0.7713352 0.7713352 0.7713352 0.7713352 0.7713352 0.7713352 0.7713352 0.7713352 0.7713352 0.7713352 0.7713352 0.7713352 0.7713352 0.7713352 0.7713352 0.7713352 0.7818993 0 0 0 0 0 0 0 0 0 0 0 0 0 0 0 0 0 0 0 0 0 0 0 0 0 0 0 0 0 0 0 0 0 0
0.7713352 0.7713352 0.7713352 0.7713352 0.7713352 0.7713352 0.7713352 0.7713352 0.7713352 0.7713352 0.7713352 0.7713352 0.7713352 0.7713352 0.7713352 0.7713352 0.7713352 0.7713352 0.7713352 0.7713352 0.7713352 0.7713352 0.7713352 0.7713352 0.7713352 0.7713352 0.7713353 0.7713352 0.7713352 0.7713352 0.7713352 0.7713352 0.7713352 0.7713352 0.7713352 0.7713352 0.7713352 0.7713352 0.7713353 0.7713352 0.7713352 0.7713352 0.7713352 0.7713352 0.7713352 0.7713352 0.9225791 0 0 0 0 0 0 0 0 0 0 0 0 0 0 0 0 0 0 0 0 0 0 0 0 0 0 0 0 0 0 0 0 0
0.7713352 0.7713352 0.7713352 0.7713352 0.7713352 0.7713353 0.7713352 0.7713352 0.7713352 0.7713352 0.7713352 0.7713352 0.7713352 0.7713352 0.7713352 0.7713352 0.7713352 0.7713352 0.7713352 0.7713352 0.7713353 0.7713352 0.7713352 0.7713353 0.7713352 0.7713352 0.7713352 0.7713352 0.7713352 0.7713352 0.7713352 0.7713352 0.7713352 0.7713352 0.7713353 0.7713352 0.7713352 0.7713352 0.7713352 0.7713353 0.7713352 0.7713352 0.7713352 0.7713352 0.7713352 0.7713352 0.7713353 0 0 0 0 0 0 0 0 0 0 0 0 0 0 0 0 0 0 0 0 0 0 0 0 0 0 0 0 0 0 0 0 0
0.7713352 0.7713352 0.7713352 0.7713352 0.7713352 0.7713352 0.7713352 0.7713352 0.7713352 0.7713352 0.7713352 0.7713352 0.7713352 0.7713352 0.7713352 0.7713352 0.7713352 0.7713352 0.7713352 0.7713352 0.7713352 0.7713352 0.7713352 0.7713352 0.7713352 0.7713352 0.7713352 0.7713352 0.7713352 0.7713352 0.7713352 0.7713352 0.7713352 0.7713352 0.7713352 0.7713352 0.7713352 0.7713352 0.7713352 0.7713352 0.7713352 0.7713352 0.7713352 0.7713352 0.7713352 0.7713352 0.6900192 0.3968966 0.7117239 0 0 0 0 0 0 0 0 0 0 0 0 0 0 0 0 0 0 0 0 0 0 0 0 0 0 0 0 0 0 0
0.7713352 0.7713352 0.7713352 0.7713352 0.7713352 0.7713352 0.7713352 0.7713352 0.7713352 0.7713352 0.7713352 0.7713352 0.7713352 0.7713352 0.7713352 0.7713352 0.7713352 0.7713352 0.7713352 0.7713352 0.7713352 0.7713352 0.7713352 0.7713352 0.7713352 0.7713352 0.7713352 0.7713352 0.7713352 0.7713352 0.7713352 0.7713352 0.7713352 0.7713352 0.7713352 0.7713352 0.7713352 0.7713352 0.7713352 0.7713352 0.7713352 0.7713352 0.7713352 0.7713352 0.7607992 0.4817919 0.1676082 0.1423768 0.1423768 0.1423768 0.1423768 0.1503692 0.3181985 0.5479583 0.7779054 0 0 0 0 0 0 0 0 0 0 0 0 0 0 0 0 0 0 0 0 0 0 0 0 0
0.7713352 0.7713352 0.7713352 0.7713352 0.7713353 0.7713352 0.7713352 0.7713352 0.7713353 0.7713352 0.7713352 0.7713352 0.7713353 0.7713352 0.7713352 0.7713352 0.7713352 0.7713352 0.7713352 0.7713353 0.7713352 0.7713352 0.7713352 0.7713352 0.7713353 0.7713352 0.7713352 0.7713352 0.7713352 0.7713352 0.7713352 0.7713352 0.7713352 0.7713352 0.7713352 0.7713352 0.7713352 0.7713352 0.7713352 0.7713352 0.7713352 0.7713353 0.7713352 0.6386803 0.2595906 0.1423768 0.1423768 0.1423768 0.1423768 0.1423768 0.1423768 0.1423768 0.1423768 0.1423768 0.1423768 0.1423768 0.1423768 0.1581971 0.3609337 0.6141593 0 0 0 0 0 0 0 0 0 0 0 0 0 0 0 0 0 0 0 0
0.7713352 0.7713352 0.7713352 0.7713352 0.7713352 0.7713352 0.7713352 0.7713352 0.7713352 0.7713352 0.7713352 0.7713352 0.7713352 0.7713352 0.7713352 0.7713352 0.7713352 0.7713352 0.7713352 0.7713352 0.7713352 0.7713352 0.7713352 0.7713352 0.7713352 0.7713352 0.7713352 0.7713352 0.7713352 0.7713352 0.7713352 0.7713352 0.7713352 0.7713352 0.7713352 0.7713352 0.7713352 0.7713352 0.7713352 0.7713352 0.7713352 0.7387143 0.412414 0.1489261 0.1423768 0.1423768 0.1423768 0.1423768 0.1423768 0.1423768 0.1423768 0.1423768 0.1423768 0.1423768 0.1423768 0.1423768 0.1423768 0.1423768 0.1423768 0.1423768 0.1423768 0.1423768 0.1427544 0.2810427 0 0 0 0 0 0 0 0 0 0 0 0 0 0 0 0
0.7713352 0 0.7713352 0.7713352 0.7713352 0.7713352 0.7713352 0.7713352 0.7713352 0.7713352 0.7713352 0.7713352 0.7713352 0.7713352 0.7713352 0.7713352 0.7713352 0.7713352 0.7713352 0.7713352 0.7713352 0.7713352 0.7713352 0.7713352 0.7713352 0.7713352 0.7713352 0.7713352 0.7713352 0.7713352 0.7713352 0.7713352 0.7713352 0.7713352 0.7713352 0.7713352 0.7713352 0.7713352 0.7713352 0.7713352 0.5758219 0.2123039 0.1423768 0.1423768 0.1423768 0.1423768 0.1423768 0.1423768 0.1423768 0.1423768 0.1423768 0.1423768 0.1423768 0.1423768 0.1423768 0.1423768 0.1423768 0.1423768 0.1423768 0.1423768 0.1423768 0.1423768 0.1423768 0.1423768 0.1423768 0.622071 0 0 0 0 0 0 0 0 0 0 0 0 0 0
0.7713352 0.7713352 0.7713352 0.7713352 0.7713352 0.7713352 0.7713352 0.7713352 0.7713353 0.7713352 0.7713353 0.7713352 0.7713352 0.7713352 0.7713352 0.7713352 0.7713352 0.7713352 0.7713352 0.7713352 0.7713352 0.7713352 0.7713352 0.7713351 0.7713351 0.7713352 0.7713352 0.7713352 0.7713352 0.7713352 0.7713352 0.7713352 0.7713352 0.7713352 0.7713352 0.7713352 0.7713352 0.7713352 0.7044737 0.3430498 0.1423859 0.1423768 0.1423768 0.1423768 0.1423768 0.1423768 0.1423768 0.1423768 0.1423768 0.1423768 0.1423768 0.1423768 0.1423768 0.1423768 0.1423768 0.1423768 0.1423768 0.1423768 0.1423768 0.1423768 0.1423768 0.1423768 0.1423768 0.1423768 0.1423768 0.1423768 0.4866669 0 0 0 0 0 0 0 0 0 0 0 0 0
0.7713352 0.7713352 0.7713352 0.7713353 0.7713352 0.7713352 0.7713352 0.7713352 0.7713352 0.7713352 0.7713352 0.7713352 0.7713352 0.7713352 0.7713352 0.7713352 0.7713352 0.7713352 0.7713352 0.7713352 0 0 0 0 0.7713352 0.7713352 0.7713353 0.7713352 0.7713353 0.7713352 0.7713352 0.7713352 0.7713352 0.7713352 0.7713352 0.7713352 0.765717 0.5064343 0.1771647 0.1423768 0.1423768 0.1423768 0.1423768 0.1423768 0.1423768 0.1423768 0.1423768 0.1423768 0.1423768 0.1423768 0.1423768 0.1423768 0.1423768 0.1423768 0.1423768 0.1423768 0.1423768 0.1423768 0.1423768 0.1423768 0.1423768 0.1423768 0.1423768 0.1423768 0.1423768 0.1423768 0.1423768 0.2895759 0 0 0 0 0 0 0 0 0 0 0 0
0.7713352 0.7713352 0.7713352 0.7713352 0.7713352 0.7713352 0.7713352 0.7713352 0.7713352 0.7713352 0.7713352 0.7713352 0.7713352 0.7713352 0.7713352 0.7713352 0.7713351 0.7713352 0.7713352 0.7713351 0.7713352 0.7713352 0.7713352 0 0 0.7713352 0.7713353 0.7713352 0.7713352 0.7713352 0.7713352 0.7713352 0.7713352 0.7713352 0.7713352 0.6580804 0.2793071 0.1423768 0.1423768 0.1423768 0.1423768 0.1423768 0.1423768 0.1423768 0.1423768 0.1423768 0.1423768 0.1423768 0.1423768 0.1423768 0.1423768 0.1423768 0.1423768 0.1423768 0.1423768 0.1423768 0.1423768 0.1423768 0.1423768 0.1423768 0.1423768 0.1423768 0.1423768 0.1423768 0.1423768 0.1423768 0.1423768 0.1423768 0.1981822 0 0 0 0 0 0 0 0 0 0 0
0.7713352 0.7713352 0.7713352 0.7713352 0.7713352 0.7713352 0.7713352 0.7713352 0.7713352 0.7713352 0.7713352 0.7713352 0.7713352 0.7713352 0.7713352 0.7713352 0.7713352 0.7713352 0.7713352 0.7713352 0.7713352 0.7713351 0 0 0 0.7713352 0.7713352 0.7713352 0.7713352 0.7713352 0.7713352 0.7713352 0.7713352 0.7479494 0.4370515 0.1541702 0.1423768 0.1423768 0.1423768 0.1423768 0.1423768 0.1423768 0.1423768 0.1423768 0.1423768 0.1423768 0.1423768 0.1423768 0.1423768 0.1423768 0.1423768 0.1423768 0.1423768 0.1423768 0.1423768 0.1423768 0.1423768 0.1423768 0.1423768 0.1423768 0.1423768 0.1423768 0.1423768 0.1423768 0.1423768 0.1423768 0.1423768 0.1423768 0.1423768 0.1450039 0.5178201 0 0 0 0 0 0 0 0 0
0.7713353 0.7713352 0.7713352 0.7713352 0.7713352 0.7713352 0.7713352 0.7713352 0.7713352 0.7713352 0.7713352 0.7713352 0.7713352 0.7713352 0.7713352 0.7713352 0.7713352 0.7713352 0.7713352 0.7713352 0.7713352 0.7713352 0.7713352 0.7713352 0.7713352 0.7713352 0.7713352 0.7713352 0.7713352 0.7713352 0.7713352 0.7713352 0.5995364 0.2277062 0.1423768 0.1423768 0.1423768 0.1423768 0.1423768 0.1423768 0.1423768 0.1423768 0.1423768 0.1423768 0.1423768 0.1423768 0.1423768 0.1423768 0.1423768 0.1423768 0.1423768 0.1423768 0.1423768 0.1423768 0.1423768 0.1423768 0.1423768 0.1423768 0.1423768 0.1423768 0.1423768 0.1423768 0.1423768 0.1423768 0.1423768 0.1423768 0.1423768 0.1423768 0.1423768 0.1423768 0.1423768 0.3458821 0 0 0 0 0 0 0 0
0.7713352 0.7713352 0.7713352 0.7713352 0.7713352 0.7713352 0.7713352 0.7713352 0.7713352 0.7713351 0.7713352 0.7713352 0.7713352 0.7713353 0.7713352 0.7713351 0.7713352 0.7713352 0.7713352 0.7713352 0.7713352 0.7713353 0.7713352 0.7713352 0.7713352 0.7713352 0.7713352 0.7713352 0.7713352 0.7713351 0.7180253 0.3676823 0.1433184 0.1423768 0.1423768 0.1423768 0.1423768 0.1423768 0.1423768 0.1423768 0.1423768 0.1423768 0.1423768 0.1423768 0.1423768 0.1423768 0.1423768 0.1423768 0.1423768 0.1423768 0.1423768 0.1423768 0.1423768 0.1423768 0.1423768 0.1423768 0.1423768 0.1423768 0.1423768 0.1423768 0.1423768 0.1423768 0.1423768 0.1423768 0.1423768 0.1423768 0.1423768 0.1423768 0.1423768 0.1429816 0.312712 0.5637606 0.5957977 0.7970048 0 0 0 0 0 0
0.7713352 0.7713352 0.7713352 0.7713352 0.7713352 0.7713352 0.7713352 0.7713352 0.7713352 0.7713352 0.7713352 0.7713352 0.7713352 0.7713352 0.7713352 0.7713352 0.7713352 0.7713352 0.7713352 0.7713352 0.7713352 0.7713352 0.7713352 0.7713352 0.7713352 0.7713352 0.7713352 0.7713352 0.7691014 0.5310784 0.1882531 0.1423768 0.1423768 0.1423768 0.1423768 0.1423768 0.1423768 0.1423768 0.1423768 0.1423768 0.1423768 0.1423768 0.1423768 0.1423768 0.1423768 0.1423768 0.1423768 0.1423768 0.1423768 0.1423768 0.1423768 0.1423768 0.1423768 0.1423768 0.1423768 0.1423768 0.1423768 0.1423768 0.1423768 0.1423768 0.1423768 0.1423768 0.1423768 0.1423768 0.1423768 0.1423768 0.1423768 0.1423768 0.1873848 0.4578837 0.590448 0.590448 0.590448 0.590448 0.590448 0.6058593 0.8364093 0 0 0
0.7713352 0.7713352 0.7713352 0.7713352 0.7713352 0.7713352 0.7713352 0.7713352 0.7713352 0.7713352 0.7713352 0.7713352 0.7713352 0.7713352 0.7713352 0.7713352 0.7713352 0.7713352 0.7713352 0.7713352 0.7713352 0.7713352 0.7713352 0.7713352 0.7713352 0.7713352 0.7713352 0.755138 0.3556918 0.1423768 0.1423768 0.1423768 0.1423768 0.1423768 0.1423768 0.1423768 0.1423768 0.1423768 0.1423768 0.1423768 0.1423768 0.1423768 0.1423768 0.1423768 0.1423768 0.1423768 0.1423768 0.1423768 0.1423768 0.1423768 0.1423768 0.1423768 0.1423768 0.1423768 0.1423768 0.1423768 0.1423768 0.1423768 0.1423768 0.1423768 0.1423768 0.1423768 0.1423768 0.1423768 0.1423768 0.1423768 0.1652333 0.3252682 0.5592506 0.590448 0.590448 0.590448 0.590448 0.590448 0.590448 0.590448 0.590448 0.590448 0.6213686 0.8345969
0.7713352 0.7713352 0.7713352 0.7713352 0.7713352 0.7713352 0.7713352 0.7713351 0.7713352 0.7713352 0.7713352 0.7713351 0.7713352 0.7713353 0.7713352 0.7713352 0.7713352 0.7713352 0.7713352 0.7713352 0.7713352 0.7713352 0.7713352 0.7713352 0.769438 0.6736749 0.525784 0.2894512 0.1423768 0.1423768 0.1423768 0.1423768 0.1423768 0.1423768 0.1423768 0.1423768 0.1423768 0.1423768 0.1423768 0.1423768 0.1423768 0.1423768 0.1423768 0.1423768 0.1423768 0.1423768 0.1423768 0.1423768 0.1423768 0.1423768 0.1423768 0.1423768 0.1423768 0.1423768 0.1423768 0.1423768 0.1423768 0.1423768 0.1423768 0.1423768 0.1423768 0.1423768 0.1423768 0.1455242 0.258779 0.4265006 0.5712951 0.590448 0.590448 0.590448 0.590448 0.590448 0.590448 0.590448 0.590448 0.590448 0.590448 0.590448 0.590448 0.590448
0.7713352 0.7713352 0.7713352 0.7713353 0.7713352 0.7713352 0.7713352 0.7713352 0.7713352 0.7713352 0.7713352 0.7713352 0.7713352 0.7713352 0.7713352 0.7713353 0.7713352 0.7713352 0.7713352 0.7713353 0.7586125 0.6360214 0.4881462 0.3403324 0.1944738 0.1423768 0.1423768 0.1423768 0.1423768 0.1423768 0.1423768 0.1423768 0.1423768 0.1423768 0.1423768 0.1423768 0.1423768 0.1423768 0.1423768 0.1423768 0.1423768 0.1423768 0.1423768 0.1423768 0.1423768 0.1423768 0.1423768 0.1423768 0.1423768 0.1423768 0.1423768 0.1423768 0.1423768 0.1423768 0.1423768 0.1423768 0.1423768 0.1423768 0.1423768 0.1423768 0.1423768 0.1423768 0.306674 0.5359665 0.590448 0.590448 0.590448 0.590448 0.590448 0.590448 0.590448 0.590448 0.590448 0.590448 0.590448 0.590448 0.590448 0.590448 0.590448 0.9427212
0.7713352 0.7713352 0.7713352 0.7713352 0.7713352 0.7713352 0.7713352 0.7713352 0.7713352 0.7713352 0.7713352 0.7713352 0.7713352 0.7713352 0.7713352 0.7713352 0.7713352 0.530561 0.4000099 0.3027142 0.1676775 0.1423768 0.1423768 0.1423768 0.1423768 0.1423768 0.1423768 0.1423768 0.1423768 0.1423768 0.1423768 0.1423768 0.1423768 0.1423768 0.1423768 0.1423768 0.1423768 0.1423768 0.1423768 0.1423768 0.1423768 0.1423768 0.1423768 0.1423768 0.1423768 0.1423768 0.1423768 0.1423768 0.1423768 0.1423768 0.1423768 0.1423768 0.1423768 0.1423768 0.1423768 0.1423768 0.1423768 0.1423768 0.1423768 0.1423768 0.1423768 0.3016553 0.586695 0.590448 0.590448 0.590448 0.590448 0.590448 0.590448 0.590448 0.590448 0.590448 0.590448 0.590448 0.590448 0.590448 0.590448 0.590448 0.590448 0
0.7713352 0.7713352 0.7713352 0.7713352 0.7713352 0.7713352 0.7713352 0.7713352 0.7713352 0.7713352 0.7713352 0.7713352 0.7713352 0.7713352 0.7713352 0.7565167 0.4210485 0.1455248 0.1423768 0.1423768 0.1423768 0.1423768 0.1423768 0.1423768 0.1423768 0.1423768 0.1423768 0.1423768 0.1423768 0.1423768 0.1423768 0.1423768 0.1423768 0.1423768 0.1423768 0.1423768 0.1423768 0.1423768 0.1423768 0.1423768 0.1423768 0.1423768 0.1423768 0.1423768 0.1423768 0.1423768 0.1423768 0.1423768 0.1423768 0.1423768 0.1423768 0.1423768 0.1423768 0.1423768 0.1423768 0.1423768 0.1423768 0.1423768 0.1423768 0.1913468 0.4110751 0.5838754 0.590448 0.590448 0.590448 0.590448 0.590448 0.590448 0.590448 0.590448 0.590448 0.590448 0.590448 0.590448 0.590448 0.590448 0.590448 0.590448 1.0803 0
0.7713352 0.7713353 0.7713352 0.7713352 0.7713352 0.7713352 0.7713352 0.7713353 0.7713352 0.7713352 0.7713352 0.7713352 0.7713352 0.7713353 0.686565 0.2724591 0.1423768 0.1423768 0.1423768 0.1423768 0.1423768 0.1423768 0.1423768 0.1423768 0.1423768 0.1423768 0.1423768 0.1423768 0.1423768 0.1423768 0.1423768 0.1423768 0.1423768 0.1423768 0.1423768 0.1423768 0.1423768 0.1423768 0.1423768 0.1423768 0.1423768 0.1423768 0.1423768 0.1423768 0.1423768 0.1423768 0.1423768 0.1423768 0.1423768 0.1423768 0.1423768 0.1423768 0.1423768 0.1423768 0.1423768 0.1423768 0.1423768 0.178909 0.3904749 0.5757983 0.590448 0.590448 0.590448 0.590448 0.590448 0.590448 0.590448 0.590448 0.590448 0.590448 0.590448 0.590448 0.590448 0.590448 0.590448 0.590448 1.222132 0 0 0
0.7713353 0.7713352 0.7713352 0.7713352 0.7713353 0.7713352 0.7713353 0.7713352 0.7713352 0.7713352 0.7713352 0.7713352 0.7713353 0.6150312 0.1816192 0.1423768 0.1423768 0.1423768 0.1423768 0.1423768 0.1423768 0.1423768 0.1423768 0.1423768 0.1423768 0.1423768 0.1423768 0.1423768 0.1423768 0.1423768 0.1423768 0.1423768 0.1423768 0.1423768 0.1423768 0.1423768 0.1423768 0.1423768 0.1423768 0.1423768 0.1423768 0.1423768 0.1423768 0.1423768 0.1423768 0.1423768 0.1423768 0.1423768 0.1423768 0.1423768 0.1423768 0.1423768 0.1423768 0.1423768 0.1423768 0.1465957 0.328889 0.5628784 0.590448 0.590448 0.590448 0.590448 0.590448 0.590448 0.590448 0.590448 0.590448 0.590448 0.590448 0.590448 0.590448 0.590448 0.590448 0.590448 1.292177 0 0 0 0 0
0.7713352 0.7713353 0.7713352 0.7713352 0.7713352 0.7713352 0.7713352 0.7713352 0.7713352 0.7713352 0.7713352 0.7713352 0.7713352 0.7490087 0.4883654 0.3853168 0.3129805 0.2470882 0.1668816 0.1423768 0.1423768 0.1423768 0.1423768 0.1423768 0.1423768 0.1423768 0.1423768 0.1423768 0.1423768 0.1423768 0.1423768 0.1423768 0.1423768 0.1423768 0.1423768 0.1423768 0.1423768 0.1423768 0.1423768 0.1423768 0.1423768 0.1423768 0.1423768 0.1423768 0.1423768 0.1423768 0.1423768 0.1423768 0.1423768 0.1423768 0.1423768 0.1423768 0.1423768 0.1423768 0.2137737 0.4963912 0.590448 0.590448 0.590448 0.590448 0.590448 0.590448 0.590448 0.590448 0.590448 0.590448 0.590448 0.590448 0.590448 0.590448 0.590448 0.590448 1.004714 0 0 0 0 0 0 0
0.7713352 0.7713353 0.7713352 0.7713352 0.7713352 0.7713352 0.7713352 0.7713352 0.7713352 0.7713352 0.6818541 0.6219763 0.5984309 0.5736083 0.4838834 0.475402 0.4754019 0.475402 0.474149 0.4248312 0.350889 0.2769181 0.2029186 0.1461169 0.1423768 0.1423768 0.1423768 0.1423768 0.1423768 0.1423768 0.1423768 0.1423768 0.1423768 0.1423768 0.1423768 0.1423768 0.1423768 0.1423768 0.1423768 0.1423768 0.1423768 0.1423768 0.1423768 0.1423768 0.1423768 0.1423768 0.1423768 0.1423768 0.1423768 0.1423768 0.1423768 0.1423768 0.1423768 0.1426413 0.4270034 0.590448 0.590448 0.590448 0.590448 0.590448 0.590448 0.590448 0.590448 0.590448 0.590448 0.590448 0.590448 0.590448 0.590448 0.590448 0.590448 1.58158 0 0 0 0 0 0 0 0
0.7713352 0.7713352 0.7713351 0.7713352 0.7713351 0.7713353 0.7713352 0.7713352 0.7713351 0.7371547 0.4762729 0.4754019 0.4754019 0.4754019 0.4754019 0.4754019 0.475402 0.4754019 0.475402 0.4754019 0.4754019 0.4754019 0.4754019 0.4582054 0.3884947 0.3154975 0.215992 0.1423767 0.1423768 0.1423768 0.1423768 0.1423768 0.1423768 0.1423768 0.1423768 0.1423768 0.1423767 0.1423768 0.1423768 0.1423768 0.1423768 0.1423768 0.1423768 0.1423768 0.1423768 0.1423768 0.1423768 0.1423767 0.1423768 0.1423768 0.1423768 0.1423767 0.1475544 0.4055746 0.590448 0.590448 0.590448 0.590448 0.590448 0.590448 0.590448 0.590448 0.590448 0.590448 0.590448 0.590448 0.590448 0.590448 0.620699 1.626293 0 0 0 0 0 0 0 0 0 0
0.7713352 0.7713352 0.7713352 0.7713352 0.7713352 0.7713352 0.7713352 0.7713352 0.7713352 0.6461173 0.4754019 0.4754019 0.4754019 0.4754019 0.4754019 0.4754019 0.4754019 0.4754019 0.4754019 0.4754019 0.4754019 0.4754019 0.4754019 0.4754019 0.4754019 0.4754019 0.4695645 0.2625787 0.1423768 0.1423768 0.1423768 0.1423768 0.1423768 0.1423768 0.1423768 0.1423768 0.1423768 0.1423768 0.1423768 0.1423768 0.1423768 0.1423768 0.1423768 0.1423768 0.1423768 0.1423768 0.1423768 0.1423768 0.1423768 0.1423768 0.1423768 0.158669 0.4503488 0.590448 0.590448 0.590448 0.590448 0.590448 0.590448 0.590448 0.590448 0.590448 0.590448 0.590448 0.590448 0.590448 0.590448 0.7807653 0 0 0 0 0 0 0 0 0 0 0 0
0.7713352 0.7713353 0.7713352 0.7713352 0.7713352 0.7713352 0.7713352 0.7713353 0.7713352 0.5543338 0.475402 0.475402 0.4754019 0.475402 0.4754019 0.475402 0.4754019 0.4754019 0.4754019 0.475402 0.475402 0.475402 0.4754019 0.475402 0.4754019 0.475402 0.475402 0.4731984 0.3324753 0.1450667 0.1423768 0.1423768 0.1423768 0.1423768 0.1423768 0.1423768 0.1423768 0.1423768 0.1423768 0.1423768 0.1423768 0.1423768 0.1423768 0.1423768 0.1423768 0.1423768 0.1423768 0.1423768 0.1423768 0.1423768 0.2113126 0.4987851 0.590448 0.590448 0.590448 0.590448 0.590448 0.590448 0.590448 0.590448 0.590448 0.590448 0.590448 0.590448 0.590448 0.5967623 1.64068 0 0 0 0 0 0 0 0 0 0 0 0 0
0.7713352 0.7713352 0.7713352 0.7713353 0.7713352 0.7713352 0.7713352 0.7713352 0.7227358 0.4813138 0.475402 0.475402 0.475402 0.4754019 0.475402 0.4754019 0.475402 0.4754019 0.475402 0.475402 0.4754019 0.475402 0.475402 0.4754019 0.475402 0.4754019 0.475402 0.475402 0.4751041 0.2406969 0.2124676 0.2069149 0.1919545 0.1486845 0.1423768 0.1423768 0.1423768 0.1423768 0.1423768 0.1423768 0.1423768 0.1423768 0.1423768 0.1423768 0.1423768 0.1423768 0.1423768 0.1423768 0.1448071 0.3349386 0.5736304 0.590448 0.590448 0.590448 0.590448 0.590448 0.590448 0.590448 0.590448 0.590448 0.590448 0.590448 0.590448 0.590448 0.9718622 0 0 0 0 0 0 0 0 0 0 0 0 0 0 0
0.7713352 0.7713352 0.7713352 0.7713352 0.7713352 0.7713352 0.7291951 0.6000822 0.4885489 0.4754019 0.4754019 0.4754019 0.4754019 0.4754019 0.4754019 0.4754019 0.4754019 0.4754019 0.4754019 0.4754019 0.4754019 0.4754019 0.4754019 0.4754019 0.4754019 0.4754019 0.4754019 0.4754019 0.4754019 0.4754019 0.4754019 0.4754019 0.4754019 0.4467345 0.3320479 0.2626993 0.212986 0.1634195 0.1423768 0.1423768 0.1423768 0.1423768 0.1423768 0.1424204 0.1621805 0.198237 0.2342886 0.278904 0.4179378 0.590448 0.590448 0.590448 0.5904479 0.590448 0.590448 0.590448 0.590448 0.590448 0.590448 0.5904479 0.590448 0.590448 0.654855 1.986977 0 0 0 0 0 0 0 0 0 0 0 0 0 0 0 0
0.7713352 0.7713352 0.7713353 0.7711948 0.6993462 0.5676112 0.4780445 0.475402 0.475402 0.475402 0.475402 0.475402 0.475402 0.475402 0.475402 0.475402 0.475402 0.475402 0.475402 0.475402 0.475402 0.475402 0.4754019 0.475402 0.475402 0.475402 0.475402 0.475402 0.475402 0.475402 0.475402 0.475402 0.475402 0.4754019 0.475402 0.475402 0.475402 0.4752427 0.4544668 0.4326443 0.4168307 0.4567383 0.5120384 0.5670872 0.590448 0.590448 0.590448 0.590448 0.590448 0.590448 0.590448 0.590448 0.590448 0.590448 0.590448 0.590448 0.590448 0.590448 0.590448 0.590448 0.590448 1.287304 0 0 0 0 0 0 0 0 0 0 0 0 0 0 0 0 0 0
