Scenarios/Heterogeneous/data/country_data_population_distribution/processed/density_grids/fra.asc
ncols 374
nrows 243
xllcorner -5
yllcorner 41
cellsize 0.041666666666667
NODATA_value -9999
[rows 136 to 169 of 243, columns 234 to 311 of 374]
20.5425 9.760163 18.01599 23.80753 23.13508 23.80561 39.96571 173.4154 73.31239 54.91532 65.87639 98.29064 2007.414 1060.461 1035.28 2059.657 1573.25 737.0974 357.5143 179.614 79.33536 100.4068 116.8352 195.2754 584.4164 235.3693 139.6226 125.5447 101.5398 66.23529 66.47986 40.47926 41.46533 33.5606 43.84476 69.31375 81.34061 99.53219 86.56055 123.6936 107.8173 95.67107 224.9157 168.9696 93.34064 95.60406 56.61422 120.4422 83.38896 31.49154 22.297 22.05049 67.98494 168.4393 323.8897 100.666 176.7774 41.43101 36.05006 29.23658 27.41993 38.27662 18.47819 21.12093 22.4336 13.00573 29.47939 53.21218 54.24947 58.62824 26.14068 13.47273 9.305436 8.908819 11.45242 21.75596 17.15583 15.35395
30.2896 8.072906 16.87172 27.87535 36.72253 35.14618 29.9543 39.2518 47.10006 64.56894 133.4287 258.473 1090.291 821.9977 718.9094 959.7878 983.2026 1015.139 36.79046 33.43486 56.06635 90.60423 102.428 206.5318 419.8947 542.8307 132.2801 103.3621 72.40442 65.68647 51.66664 40.19667 43.3935 68.87773 60.22598 124.2789 170.9993 102.445 120.3393 129.7762 173.6858 223.3418 258.3133 537.4509 442.3532 142.3237 87.78296 137.7021 115.7423 27.96749 21.55441 23.31256 51.89152 187.5789 365.7359 143.2888 87.99413 48.78299 32.83309 38.1459 53.3577 33.14338 11.01997 12.10786 12.07571 13.7981 15.65678 21.71877 30.88772 34.6194 21.29903 11.36726 8.617572 4.740264 3.091101 2.588233 12.6338 14.99883
15.47388 14.35278 39.99003 36.35391 33.22775 33.53732 26.39252 31.56781 75.42841 60.2714 185.0936 242.3885 467.3419 366.2481 156.1472 70.38135 68.578 61.24595 32.58175 18.32843 36.95072 69.25763 146.7866 208.8178 505.9263 489.943 149.4395 151.0182 117.3461 112.28 175.7904 169.5576 81.58174 95.85427 91.78602 151.9286 178.3457 194.7833 178.1329 172.7743 184.4442 413.356 369.209 532.5342 641.3387 202.563 62.49189 102.652 49.60008 16.88132 19.1227 39.8269 224.18 228.4354 127.2945 108.0162 6.603837 56.16254 65.75945 39.91531 70.86015 164.1241 16.86077 14.4987 14.15238 14.71711 14.71711 18.18387 22.74086 31.82249 18.53861 8.013121 4.382192 2.620565 2.588233 2.588233 2.607033 3.24413
20.09217 29.6501 44.74457 29.00367 19.75923 23.09732 23.2488 54.44175 106.6913 149.5753 186.8745 190.6217 164.6828 123.7586 114.2913 59.3868 44.92033 35.36422 55.78275 98.0805 132.9617 89.74646 88.62172 141.6243 224.685 320.2614 268.3754 117.7292 155.5193 115.7845 134.6387 147.4792 76.97221 58.59741 58.65213 87.03322 113.5838 58.57273 87.59606 72.16883 110.3769 339.1254 294.713 363.2305 322.3107 240.6308 88.66468 23.95745 18.1727 24.53457 87.00863 309.5626 283.783 141.9885 76.34079 28.94568 3.901685 5.416874 4.113646 5.543869 42.66133 48.77756 58.16556 32.52232 33.27365 15.25514 14.71711 15.45792 19.27157 16.37681 8.33527 8.217255 2.588233 2.588233 3.804135 9.160714 11.36562 4.258964
16.3077 19.93117 20.76607 19.51477 21.99383 25.85609 29.0648 86.35772 101.9573 165.4444 205.3905 211.6906 143.4859 71.47892 62.62156 37.84877 24.73799 32.52482 46.71088 16.39399 148.4724 317.5677 318.9252 200.2542 103.4286 298.536 193.5854 122.5057 109.6142 98.43658 68.0302 58.96117 36.81911 21.37019 36.18773 28.70103 23.65307 29.50257 39.65336 31.71756 78.76685 175.8931 157.8849 66.84071 131.5989 371.5556 136.0285 51.03786 65.16298 291.0035 408.2624 672.6559 309.587 71.27525 61.83388 3.217878 3.217878 2.459945 2.217292 6.874477 29.65458 133.4953 409.894 66.67918 45.76561 57.42524 33.77235 12.03702 15.27594 31.78927 14.47828 17.19905 6.683455 4.497715 5.326211 7.202685 10.09051 5.647892
14.20616 16.11456 17.40406 19.41573 24.58779 44.93393 69.50913 81.59202 100.0055 115.9654 126.4825 188.0199 91.32769 85.03994 79.57028 27.95427 23.51198 24.92134 32.1684 47.55669 281.4224 360.8429 421.7731 190.6418 160.304 186.9834 95.86415 74.08352 95.75673 89.49707 59.21669 55.96194 29.75587 19.49798 18.3619 19.34219 26.26294 47.5925 54.25687 177.2085 134.8954 90.92207 44.85622 47.05419 98.24857 654.5287 1383.912 473.1827 731.4487 669.6058 706.9756 341.6959 30.71842 40.02853 42.81739 10.35046 4.945799 2.888783 5.240175 12.18326 15.5619 32.11779 16.57518 45.18939 35.53377 77.19456 45.24583 6.445652 16.64338 29.41648 14.81285 15.68682 9.477591 5.10435 6.070219 5.910567 6.124861 5.866631
16.26567 19.05314 29.03173 36.49592 37.10369 36.21951 56.37943 61.08638 79.66849 94.99737 64.01099 58.90252 51.58141 105.641 71.36578 22.91245 10.10786 8.72668 16.20514 30.33253 59.36749 81.61871 116.021 123.0978 155.7641 375.3299 179.0812 144.6827 64.67812 44.46069 51.08966 46.33245 38.44556 30.76539 34.31013 34.55546 46.52147 184.9853 118.9967 114.127 94.22298 60.9633 50.62545 41.53615 32.44689 783.4067 3403.702 6924.615 2321.166 546.7455 324.3232 59.76371 44.56434 24.70775 17.97523 6.610236 6.089829 6.11836 8.391381 7.069999 5.095495 6.962645 8.486984 18.81021 17.72635 24.75786 11.2967 5.660998 16.9831 65.78562 35.29147 12.88587 10.40228 4.527091 4.310426 4.404919 4.643336 0
39.64791 62.47486 68.08978 58.24315 46.99197 51.48205 44.99076 55.73746 90.37529 91.55386 67.08212 37.93217 56.78065 39.39904 17.18542 14.05646 16.48248 8.232097 11.54591 24.65422 45.71399 46.35309 68.40311 61.3368 80.51298 142.6315 133.7356 97.73992 66.99706 162.8045 102.482 95.23669 54.43343 39.97236 35.70797 55.6133 99.81794 580.3288 159.2786 58.84227 20.964 13.42514 48.9604 57.96776 82.98204 444.9091 1833.036 3671.651 1065.847 220.8752 178.4903 107.6701 43.66386 20.94808 18.0701 10.169 9.17314 6.116346 4.609453 4.019807 4.79472 5.642646 8.606019 9.806711 9.806712 8.888772 8.083988 7.202527 43.94021 50.3766 34.56983 8.964584 0 0 3.539775 0 0 0
50.88751 80.08141 66.79451 73.32976 57.01992 55.6117 58.24528 42.30667 75.52055 80.10136 38.9375 33.38835 67.38309 69.00557 42.27785 11.68834 10.11821 7.250957 25.8742 31.59336 25.15549 38.11068 33.87925 58.73144 96.80199 177.5435 144.901 113.761 121.0406 208.4265 173.2971 113.9565 127.7662 117.3612 81.45467 86.45949 141.7885 116.7245 59.71984 18.11085 15.0182 14.85163 56.48426 75.7546 106.152 328.2361 560.0959 336.9574 340.5607 164.9137 176.7297 25.83544 18.45399 40.68863 40.30732 30.99017 41.14845 7.938628 3.582272 3.398185 4.282444 4.451816 6.457636 9.806711 9.806711 8.740877 5.324032 4.241693 8.601801 0 0 0 0 0 0 0 0 0
75.32352 79.36088 233.9404 584.7627 248.1862 158.9473 54.99114 54.99258 39.2024 21.70643 22.15195 27.69055 36.1212 65.24696 45.35728 12.07054 8.177552 7.27248 9.321859 27.06333 44.11045 27.61994 42.36676 49.27477 199.5479 496.042 656.6252 140.3293 137.9163 197.5112 930.0875 769.7852 387.578 125.8323 131.5277 129.864 112.8826 75.39244 74.34235 8.436817 10.97276 40.11602 50.37164 63.59319 95.06664 204.2414 352.81 275.8719 404.2504 96.9575 32.43141 18.08446 7.637095 8.465385 56.94952 29.47067 17.6342 10.12342 6.395484 4.362436 4.153064 4.23421 5.381184 8.962771 9.247913 7.60157 2.020046 2.020046 2.020046 1.717711 0 0 0 0 0 0 0 0
41.64331 44.04882 389.222 781.5829 298.2898 130.3283 92.70031 64.31522 38.81913 10.39849 14.50785 25.9247 24.09461 36.40771 38.60465 47.11192 40.13985 19.98 19.61385 23.34843 35.17448 43.228 36.35731 43.70366 86.82896 184.8498 297.249 198.4707 95.82516 133.1628 502.2908 610.298 208.8624 92.35131 92.21252 43.9366 71.23128 91.59711 53.75327 11.34855 17.7855 22.69429 10.40484 49.64339 74.62866 160.4453 255.9642 118.3876 67.88637 42.18871 11.11239 5.221488 3.638127 4.198416 5.399385 39.75791 28.72027 30.14804 20.04441 4.139591 4.120934 4.228188 5.662195 6.306257 8.467486 8.20542 3.593912 2.036943 3.391452 2.007624 1.238408 0 0 0 0 0 0 0
36.93897 35.2079 106.8689 126.6846 109.3121 95.31147 68.4466 42.69056 11.97688 8.268862 16.03023 18.98928 6.979661 15.38225 21.55051 28.95546 33.59725 26.68409 24.2241 68.00885 87.4659 31.27287 23.08175 45.3896 56.73489 123.9581 377.047 641.0414 374.2844 219.3685 103.6947 151.6859 122.1933 56.98632 48.50226 37.14209 33.98006 50.00798 46.69252 15.96049 13.37807 10.98785 10.79716 25.98706 56.35902 47.2668 45.43507 89.87306 109.6494 42.55867 23.06092 3.011592 2.653298 2.429904 10.60401 54.66373 17.80743 12.1888 9.201833 0.7057852 0.7398967 2.026319 5.662195 6.135503 8.467486 8.467487 8.467487 10.69729 25.5791 8.748149 7.140721 8.680411 0 0 0 0 0 0
21.64025 28.43637 32.93053 33.67986 21.22674 42.47477 45.45192 28.46098 11.85729 9.601282 5.668264 4.957993 8.45367 19.08243 46.79739 54.31187 47.33347 24.94226 19.67045 21.21752 47.13352 30.42008 29.8065 52.99067 87.23474 301.7036 827.2512 1478.226 1390.318 483.9419 168.3615 125.5176 80.27065 49.83968 37.14576 1.326151 3.071221 3.071221 5.411595 11.40388 4.37943 4.026672 4.210331 9.917558 21.25162 106.7145 26.14381 109.1848 173.3441 100.7137 20.62592 7.440695 5.952215 3.240038 4.533034 29.92062 10.42098 1.090878 0.7057852 0.7057853 0.7057853 0.8649127 3.431478 5.267612 6.321949 6.997489 15.20874 29.7633 82.73464 114.0478 13.38284 18.40356 0 0 0 0 0 0
11.85119 30.13204 53.67014 16.59222 10.2832 13.30112 12.47557 12.70943 9.95525 11.39601 8.596789 6.889468 8.347042 20.91079 35.8326 97.39311 108.1762 27.0898 22.61062 23.78217 27.15055 62.50251 42.42519 24.37575 50.97854 107.2896 553.8519 1399.523 556.1484 229.7694 172.523 95.88742 43.50315 31.63736 2.474328 1.607058 2.191482 2.777691 6.572595 8.030868 4.202124 5.540191 6.723005 6.889585 21.79648 69.12953 14.0084 21.75603 199.679 117.282 29.67606 21.96124 18.51647 8.586424 1.064768 1.008923 1.002323 0.9264744 0.7603409 0.7057852 0.7057852 0.7057853 2.44786 5.174777 5.174778 5.174778 14.22573 35.62805 160.4072 405.721 202.054 7.393413 1.264636 0 0 0 0 0
8.597854 17.35116 23.44563 12.11946 8.342257 7.201521 7.747938 10.51052 9.128972 7.871482 8.353214 6.488773 4.57815 6.090467 21.17581 10.22318 6.387498 16.06162 17.93589 24.63197 28.14991 34.91742 33.68108 19.39734 57.20654 201.3235 298.564 434.0264 223.1248 141.7806 83.18143 33.29878 13.25384 8.854868 4.187304 1.569383 2.13946 2.368174 7.875651 6.423412 4.202124 5.965745 7.676001 13.03676 16.80433 20.41536 12.06454 19.2671 21.7584 19.2994 29.17048 11.49773 8.575948 4.575924 1.825267 1.008923 1.175914 1.43067 0.9581015 0.8316138 0.9086975 0.9992416 8.526779 9.034303 9.391744 9.340932 13.95655 24.28203 34.26581 41.53501 10.71775 2.058654 2.058654 1.938506 1.11356 0 2.769253 0
9.393159 13.50143 15.33046 6.175526 18.48177 24.3441 11.44751 15.87671 8.598791 4.618764 7.724656 5.518734 3.597819 3.813648 7.159378 20.94955 14.4865 23.52828 19.09044 55.70626 76.96712 55.93991 32.54562 76.2496 288.7393 247.4745 200.9062 152.5839 127.4539 108.7845 58.4231 25.05904 5.818011 8.24697 4.190285 3.834901 5.970732 9.166 9.589528 6.473023 7.180091 6.499349 5.940354 5.950563 20.47893 22.38634 17.61953 48.80445 44.54921 19.53659 7.991277 10.91496 27.70078 14.98481 15.30016 8.182834 3.001651 1.885629 0.9327788 0.9311557 0.9702923 0.9445812 9.67972 13.5411 17.39045 21.43656 31.28589 30.32707 23.34202 31.92527 17.07205 3.974385 3.895478 3.885482 8.020535 5.542725 4.853733 4.853733
13.17027 17.795 25.6997 23.83954 18.35413 17.96482 4.457983 6.772816 6.465331 6.862799 10.22489 8.161325 8.004433 10.40855 16.24677 13.63063 9.617101 8.549459 13.82022 21.58925 52.5022 69.41245 91.42729 103.8069 244.3096 236.1604 222.9944 160.1183 133.4329 77.68726 61.39239 46.00659 14.31081 31.9655 8.123668 5.411531 8.372931 18.82473 63.94114 43.07815 18.26043 5.272407 3.381963 2.928141 9.284842 17.96083 11.95968 12.76896 7.158431 6.431716 4.445359 3.398342 3.232265 13.50726 30.00838 13.01011 5.414285 3.52476 1.371077 1.195872 1.419014 1.403445 11.08852 27.55605 25.64215 20.8116 19.32827 26.30328 25.06828 23.00662 10.11637 5.187634 5.14759 5.131173 8.32968 9.243134 3.264031 1.626477
12.076 99.39195 90.33194 13.46777 5.331493 5.375761 4.864053 2.415675 2.905345 5.751781 31.48386 20.03238 22.94807 19.9126 35.80765 13.96847 15.40052 18.87139 57.67994 200.1516 432.0271 139.8614 127.0832 131.5515 159.3716 139.4612 72.56654 42.09334 54.19581 106.4381 333.4394 146.5202 40.12399 22.07173 13.23839 15.94972 18.83452 24.02225 66.86571 61.34824 35.88293 15.09967 3.437816 2.045869 2.054131 7.438069 8.505413 4.771225 3.357726 3.167764 2.879104 3.427087 6.167806 9.721846 20.87074 12.10133 4.683522 3.875291 3.772123 1.485709 1.429241 2.844411 5.047578 3.660784 2.461991 4.117423 3.761525 6.854342 19.46468 15.34492 13.91095 6.329789 8.682535 5.632574 6.015339 7.051954 3.858272 1.508068
10.25509 26.05984 44.20759 8.574188 6.169763 4.227291 1.299476 2.802833 6.359172 9.781117 44.61808 58.56953 60.415 91.10278 102.161 50.61329 53.43946 29.67418 27.2493 51.3671 92.56065 94.81478 93.5382 77.32442 116.4014 77.55373 19.59786 39.36663 28.13738 32.17831 56.53702 96.99857 40.89507 37.68279 64.668 22.33564 11.51655 9.68187 13.44508 22.46982 20.49479 18.27075 10.59163 2.140444 2.063785 3.771605 6.782492 6.724643 6.040424 6.555639 10.60299 9.670995 8.779831 10.93927 24.26188 51.48574 81.52568 43.6615 25.8153 31.0284 11.05449 6.278723 6.293432 5.899764 6.177405 12.34194 11.76498 11.42546 22.40215 30.9359 31.803 28.20721 26.52569 6.821193 5.689703 6.200089 6.147614 2.572226
7.766875 3.679392 5.630075 7.814392 9.520332 9.395161 7.393026 3.89138 9.645361 11.05299 21.07994 58.09335 71.46665 210.3691 268.7907 295.7705 134.6136 37.18288 15.14282 9.601898 12.42921 18.64085 45.85895 109.1809 172.6603 94.64866 36.68357 39.3311 31.70259 41.4591 14.8727 17.85321 16.08293 14.47211 9.731711 3.754087 1.864426 2.706928 7.934235 19.38666 19.10872 14.11211 7.172752 2.780969 2.696907 3.042278 4.385082 4.805982 3.821467 2.755318 1.957844 7.926179 11.36669 103.9107 341.6546 74.89274 63.97039 71.78397 58.60167 38.98566 24.22668 7.067355 4.888937 7.471857 14.03353 14.6553 14.61475 14.2403 24.43962 36.81717 37.30132 9.826104 3.797521 3.54639 3.46008 2.912839 2.420383 0
5.227465 2.525344 4.559937 7.153144 7.261971 5.395126 1.609383 6.066434 16.87713 13.20383 14.06594 37.9116 38.82083 60.51482 239.7797 634.3973 230.689 62.91684 34.64452 27.01089 24.2085 42.29333 91.37647 153.242 133.0142 149.666 77.36834 54.4306 105.8679 91.2412 31.18385 15.20158 14.7092 16.3177 8.76519 0.7631866 1.389624 1.448087 1.528479 7.177587 17.85123 17.32642 4.93498 2.602648 2.32554 2.145946 2.170883 3.878762 15.6698 36.31728 15.94095 13.20125 32.59387 25.0542 18.76232 358.6558 334.2509 116.4602 43.94907 47.90239 48.29749 12.95862 4.459679 5.262757 74.41234 104.7413 32.88587 19.3197 19.54435 23.34296 7.310007 7.186718 6.313075 2.651311 1.733404 1.360616 0.844656 0
4.327479 2.681284 4.000313 7.151278 5.603937 5.494465 3.797048 5.441125 7.459292 13.6436 14.7656 22.68709 63.3161 112.9077 147.7922 171.8519 119.6039 106.958 96.38834 50.11337 55.10964 178.6819 329.1605 898.5671 880.115 219.7734 117.0895 74.736 82.72609 30.93833 28.11246 56.07109 23.0818 18.79803 10.54886 4.826549 2.233366 2.784579 4.283304 2.730659 4.734594 4.236852 3.510863 3.408995 3.67931 4.082381 6.56775 14.1675 18.27071 69.8141 50.29806 15.25007 33.39957 37.28617 218.0048 393.2768 351.9774 53.94316 63.86495 72.29149 66.36458 50.26544 20.56117 27.62095 55.84068 150.5548 60.58189 14.50988 9.595869 7.232897 7.014287 5.875922 2.091896 1.360616 1.349748 0.9041993 0 0
6.949242 2.837681 4.218585 5.690745 5.715074 6.462327 4.163494 5.629439 7.735995 10.46653 20.17208 38.24647 87.82014 152.7482 49.59379 51.15641 20.98007 55.64779 35.60269 22.26242 31.87475 178.4224 215.8395 385.123 430.1228 139.2518 54.10668 30.64304 44.15011 29.71144 43.09296 93.82657 42.79287 7.262466 6.717615 5.038786 2.078072 1.877486 3.186011 11.48757 3.546364 3.335973 3.157331 2.833987 2.326849 4.19873 8.851188 17.52481 23.70263 46.48146 18.36351 5.677832 18.43198 47.91304 149.8663 382.2207 112.7152 35.7879 22.56338 39.77456 59.83556 60.22408 27.0899 55.56523 28.55397 26.60505 22.28091 9.759595 5.946412 3.845118 2.05169 1.361892 1.363533 1.477081 0.8642451 0 0 0
3.75962 3.46377 3.806957 4.328185 6.428554 8.493435 5.28231 5.668159 9.86892 27.50765 60.51186 106.5295 89.29581 53.63396 81.02669 36.06131 19.5223 11.78425 14.18292 15.47144 18.13082 99.49331 129.6129 126.8353 93.51702 54.37976 28.7356 26.51359 24.31015 43.98169 15.80851 11.38792 16.79024 5.870708 6.668673 4.868184 2.830314 2.689507 8.707229 12.98962 2.943869 3.292371 2.863266 4.070657 4.995601 7.450069 10.99086 16.80911 16.11611 8.016866 5.000368 2.181499 17.79003 30.14686 119.5393 105.7408 19.72939 38.3657 26.21113 35.21542 14.35519 20.41813 9.963099 12.69939 20.42085 21.98976 23.21251 7.823103 7.823104 4.420773 2.653702 2.018116 2.611328 3.555109 2.330983 0 0 0
4.060324 3.93693 3.854439 7.362585 45.4077 8.433531 4.550632 16.25561 49.55883 53.9099 60.37943 69.44606 86.11555 72.64218 131.9008 32.90562 20.15486 16.19269 13.67096 14.88297 42.38395 76.12354 177.6448 197.7676 49.99833 31.5807 30.32834 39.72105 40.74184 66.62133 25.70074 28.94226 18.51315 12.41223 14.0468 9.918502 8.357436 6.076752 9.282252 5.205168 7.558787 4.764613 3.670632 4.417708 6.244776 3.845723 21.8597 48.34079 11.19267 6.930828 6.618047 6.464808 16.86013 47.15355 150.7607 67.5822 12.04411 10.46163 9.767572 8.448295 11.76152 12.71088 16.82648 11.42651 4.152548 5.655214 5.043652 8.105399 21.20432 16.65566 12.08817 7.664456 8.472004 5.448309 0.9279606 0.8346038 0 0
3.147265 3.156865 4.10969 8.325175 16.1736 14.28481 7.719001 47.46273 72.49428 70.10426 42.82828 34.75679 46.61001 40.38065 42.62849 64.54413 66.29935 27.83551 28.74529 70.35258 149.4193 160.9537 271.1158 81.70306 45.44822 42.67401 55.16726 73.86153 117.5242 175.9123 126.7198 57.27711 23.40484 51.29919 27.60719 19.07836 17.51928 6.238779 18.28023 2.903373 10.83264 16.69877 4.669234 4.426103 6.073167 4.79465 16.24967 33.27261 11.17122 6.658128 12.00278 13.9621 35.18338 20.20375 21.4512 11.17459 5.820131 21.02796 17.58546 5.700246 8.157501 19.23744 21.30731 10.12498 3.93506 3.119604 3.295668 12.31145 22.69059 108.0341 24.69313 11.17557 12.57036 12.55642 5.143365 0 0 0
2.937717 2.06825 6.483972 9.484542 37.73 25.29874 12.20224 7.506761 28.92215 43.05766 28.41922 21.97703 21.62122 23.429 28.80475 18.64901 27.02165 28.11699 18.25354 37.08838 111.1495 210.2551 297.8271 338.9254 387.5704 84.09768 69.96517 69.46426 87.90595 154.5313 125.664 48.29028 212.0687 267.0252 18.60002 6.669627 10.4427 10.09381 9.937719 5.028939 4.915342 5.012796 3.584696 2.967212 4.830037 4.060542 12.79426 22.99376 23.00585 130.8982 17.61122 16.75333 16.45765 7.519075 17.37144 10.26373 5.187358 2.909027 3.018533 2.432441 9.545655 15.69266 16.42664 15.93904 8.288656 3.059231 4.327011 9.154534 4.656532 64.84456 12.54918 7.84092 11.79092 12.33199 7.540764 3.853386 0 0
4.881159 6.576941 7.742753 12.44469 29.70667 39.25863 23.38409 36.05608 122.7873 88.8504 43.06908 27.30004 22.41717 32.97445 40.17144 39.33006 36.75857 19.553 16.20241 93.04939 129.7199 151.7061 253.5577 286.9615 235.7955 107.7551 99.26624 98.41248 70.02451 70.1502 58.74032 48.36958 67.95606 35.28457 19.77198 18.62641 35.79067 17.47228 8.399369 11.04593 11.14162 4.433369 2.641599 2.227119 2.348767 3.243768 12.76365 16.78606 18.64176 97.25758 68.54924 27.05628 17.66939 10.78181 13.51782 7.870732 4.803067 2.575288 2.575288 3.042672 2.899799 3.640257 9.093365 16.03451 14.41663 3.442101 3.246777 5.93349 4.831897 4.730895 4.71271 4.656538 5.511007 3.468384 1.756122 4.259377 5.291084 0
5.527801 10.06731 11.94239 17.69711 29.09974 38.73166 36.53418 67.98075 127.5717 191.2212 174.5784 74.08278 39.52856 52.04664 35.66046 15.82093 11.73141 14.28681 25.51838 100.6684 224.4756 347.0844 105.3788 229.1864 242.3379 121.8716 85.36277 107.8364 80.47026 55.4726 94.21111 165.4793 84.71684 40.80246 26.04792 34.33099 66.65308 24.85047 11.60394 8.362216 8.545502 4.715839 4.579469 3.303806 2.35924 4.057503 5.776228 7.756321 9.911484 22.36734 37.43564 44.90872 14.79071 8.662827 2.553386 2.424535 2.201169 2.083386 2.249342 3.471059 3.543039 2.880151 3.753511 6.476531 2.412132 1.358315 1.755251 6.777949 6.877461 6.908146 6.82042 4.745607 2.94305 1.748917 2.598039 5.246346 6.422981 5.132037
10.57167 9.793091 12.35989 13.51071 32.38763 81.95264 262.9941 113.3528 130.2372 125.3775 202.2412 84.10146 42.63334 21.66912 22.92182 28.57379 45.92208 60.96849 55.93213 63.90938 142.2674 285.8607 158.4216 101.49 93.07671 78.75015 69.26403 100.0643 46.31689 47.27371 78.29682 169.6068 102.0293 73.95031 64.63426 43.42204 19.80943 6.952456 8.377636 7.328312 5.960581 7.538596 6.121686 4.693678 4.395123 7.239579 7.63296 8.147292 7.399162 23.85266 27.1114 104.5362 103.4982 45.44031 6.500211 2.629196 2.031171 1.695765 2.606513 6.003549 7.693142 8.462411 3.326422 3.094876 1.414977 1.270235 1.928687 7.020623 6.575407 6.351711 6.332737 3.108079 1.646779 1.961794 6.005939 6.422981 6.422981 6.389057
12.1042 10.67415 11.48695 8.05041 9.260957 41.68599 97.3171 172.1902 250.0155 154.9196 144.3824 45.80073 27.15649 32.41042 18.77061 17.17514 31.16314 42.86078 36.54856 53.62437 348.4102 270.3766 71.46868 103.453 216.4645 179.7891 171.5008 88.24491 83.71111 71.70085 58.2868 37.9451 57.99659 58.78511 26.10385 24.21749 11.59072 4.028265 6.174559 14.98508 18.48726 7.879306 5.98531 12.13126 5.704402 6.764365 6.888821 7.548608 8.829808 10.72121 17.84825 64.06252 153.4757 50.72169 12.54313 9.728086 7.843155 3.203674 3.976165 7.939005 25.35859 28.73537 8.537158 2.159868 1.270235 1.277746 2.750833 7.590998 6.015056 4.830871 4.307142 1.741876 1.669452 2.203418 4.327046 12.12994 8.562698 8.176658
12.98855 13.02322 22.14793 25.80905 18.60587 23.05452 99.29886 719.3615 987.0275 262.9738 70.5853 52.01113 28.83043 9.035602 12.15211 12.89766 27.08513 71.92926 58.94173 53.45557 348.6936 421.38 118.643 205.2831 352.6495 401.4477 370.6686 261.4534 180.8737 104.4776 54.29122 48.3647 76.00855 66.71712 41.1847 42.01414 42.01414 33.02193 9.689344 9.334165 11.66648 4.89357 4.792368 4.996873 3.948972 5.000505 5.102959 4.772819 8.041864 10.04292 8.818638 28.74842 115.4286 63.36166 40.07306 31.17213 18.59121 18.42612 86.74937 88.41187 38.96439 31.75916 7.17749 1.998915 1.556292 2.240745 2.918842 10.38007 12.83945 8.437275 4.350692 1.97801 2.249835 2.950958 7.13652 18.19882 18.26807 9.689143
16.28207 10.83621 58.26852 64.92368 29.0555 37.81229 111.36 821.4772 1043.312 244.6193 102.6549 18.50335 19.24339 12.92301 12.80374 26.67669 39.35081 46.94542 66.9856 90.73571 138.0564 182.0088 183.3149 116.3643 185.3435 391.9398 273.937 182.839 167.8996 179.2967 307.0288 398.0458 226.1592 100.3902 58.48196 35.94301 32.57775 20.49269 13.64365 13.93841 12.10014 8.899097 15.02685 13.22285 3.395288 3.404914 7.856228 4.069955 25.74512 24.45172 15.57806 26.19046 44.47177 161.0344 131.349 56.41328 16.38846 51.21659 162.3205 159.914 90.25014 53.88664 10.34837 3.133478 3.030174 2.91986 2.913781 2.884077 3.088776 3.304159 3.74907 2.520977 3.772332 4.365238 9.134376 15.61501 20.42795 10.99498
13.52538 18.49651 46.17656 31.09243 57.44169 175.0266 200.181 238.6651 263.0192 155.009 93.52287 55.0061 45.57492 29.07648 38.51595 119.5548 126.3052 69.8783 26.0968 83.55106 136.9558 90.44306 183.5338 274.8275 288.6771 129.8142 130.5312 186.2515 202.2979 262.8935 508.2912 858.4358 321.7139 165.3708 97.44122 65.64346 52.74585 22.14015 10.29493 13.62617 14.35267 37.00922 45.15684 13.00005 4.065674 19.63641 15.61675 7.822524 34.24246 21.9199 14.45358 37.88968 50.12832 164.4868 97.41469 52.6525 62.28204 92.90091 159.5521 150.0915 78.70893 150.29 9.293702 3.277847 4.988215 2.97981 6.996148 3.11686 3.043806 3.687255 4.598844 2.223027 3.739944 5.671232 8.899912 9.656141 10.52185 9.70108
