Scenarios/Heterogeneous/data/country_data_population_distribution/processed/density_grids/fra.asc
ncols 374
nrows 243
xllcorner -5
yllcorner 41
cellsize 0.041666666666667
NODATA_value -9999
[rows 136 to 169 of 243, columns 156 to 233 of 374]
12.57639 13.02496 8.932624 12.41448 22.204 20.36092 14.57231 19.11454 21.52254 74.23709 85.30475 36.23397 12.73409 11.90714 12.19956 26.03405 23.39687 24.09748 19.90135 16.46179 41.44736 41.5339 32.39912 18.11794 28.26553 108.398 51.08639 12.9757 25.41832 25.98035 18.60411 14.64938 12.19116 5.204931 8.940248 11.90757 170.1776 38.74999 15.68171 14.24389 9.201578 11.11732 17.38171 19.15733 17.44831 17.99848 19.00841 21.91225 29.79903 31.67696 23.20452 13.22004 8.209626 6.48998 6.544276 6.664835 6.314095 3.472405 3.290793 4.050425 2.719297 3.60223 5.034337 9.58062 27.86535 79.1284 109.2423 233.5089 92.20009 12.79466 14.26725 10.48991 8.015276 10.5155 9.187444 10.17702 35.13946 48.3522
14.4439 15.52164 20.32284 37.36396 38.2775 29.14523 17.33833 22.92163 27.06554 71.62522 60.78048 31.64124 15.56198 17.54047 26.33139 34.39747 26.59086 24.73079 20.33606 21.0279 59.17092 47.34172 30.69012 27.11952 40.38012 78.39899 30.35786 26.84241 30.42938 40.80566 15.33817 17.78549 17.92773 17.49177 9.634617 22.31562 62.27022 111.5451 17.86917 9.644501 7.340113 24.73158 25.85079 22.8478 18.53159 17.46059 30.10081 116.9401 76.9873 18.90289 16.54819 10.57945 6.582309 7.192338 8.006937 6.699039 7.527125 5.117555 2.356562 3.595793 2.783104 3.375872 29.28626 19.74358 13.04535 27.9633 90.94126 345.3187 95.43056 38.65063 10.96927 5.873184 4.733492 5.077193 6.789196 9.584128 23.8983 36.95477
18.98616 21.7513 31.71022 55.33031 55.51586 27.47966 18.09873 19.60929 33.86996 39.27509 27.56862 23.77571 30.16245 48.38879 38.29695 28.76847 18.19971 13.30555 14.19896 30.71501 39.85382 38.87149 27.69669 20.96896 35.04253 43.20028 42.48211 41.63216 61.66716 70.82323 43.92216 19.38487 29.40118 29.14276 15.02709 25.83635 26.59176 18.30215 11.99042 9.046856 6.442628 18.30364 25.37717 11.47802 17.75852 33.60048 67.44532 68.3251 18.09728 16.707 8.814501 9.856063 7.481627 10.51584 19.59893 18.49914 9.652973 2.900371 3.468632 2.908199 2.271164 2.179463 4.25961 9.746413 9.834655 10.45475 37.87936 81.5205 103.112 23.01272 10.1037 9.585798 8.035465 5.377249 6.553731 6.877286 13.80541 16.32063
20.44181 29.79327 31.43847 32.33352 34.91859 30.66566 22.58883 34.68372 34.98539 35.37051 25.51154 26.02071 31.77179 79.12749 28.30581 20.85938 39.71129 45.7501 30.91738 39.38586 51.00571 59.93478 46.63034 34.44364 37.26735 47.12642 37.27249 45.89875 61.43089 84.96783 104.0815 29.81764 35.62994 28.40488 20.37835 13.67399 10.40956 7.564731 5.502187 11.15648 9.96956 6.919299 20.18347 12.84823 12.12377 18.01143 31.04401 43.4453 13.29929 15.15576 18.02285 49.48175 24.72842 8.02041 12.31642 9.061601 7.909093 6.662634 4.135413 1.996287 2.187882 2.449337 2.750777 9.348833 21.10883 22.612 24.61327 38.50051 114.9394 248.5472 73.2472 21.51636 9.195435 6.022556 6.133193 6.52678 38.0136 10.76584
43.244 48.7279 28.55178 50.90105 63.82278 52.26459 50.50095 40.10537 48.96697 41.70419 36.39734 23.04949 26.31324 26.42679 39.00807 34.4698 15.21287 10.94863 15.48508 40.80514 62.29951 200.8827 139.3841 105.5005 77.23738 52.2503 55.81369 70.30112 83.21482 299.8224 573.6697 128.3154 28.19888 20.14507 20.91935 16.67891 21.98053 14.58959 5.253919 7.618613 11.88039 10.64267 10.50612 13.24558 19.68262 13.08843 7.794138 8.081349 9.918037 13.11711 18.60789 52.37273 40.26295 7.084407 7.762652 4.660872 4.871754 5.224833 5.324491 2.45129 3.98856 3.679945 5.817566 13.7068 41.33855 23.16467 13.15237 24.91368 63.34571 166.8394 53.98027 18.28929 14.80539 7.731688 6.280863 5.012544 13.00551 11.91514
61.32856 69.85715 65.95903 148.1037 167.6544 137.8147 177.6711 156.3169 89.26147 50.40885 36.40498 25.48387 19.77284 15.97421 20.02274 16.82662 24.77308 19.56317 16.90291 37.98717 51.34909 88.32861 120.0734 116.2523 123.1063 77.44395 58.32549 57.73393 80.42883 106.6968 89.455 71.16111 25.23866 14.52706 12.49592 12.46572 19.27661 16.68941 5.742672 7.092054 11.46144 10.54669 43.20457 111.4116 49.8716 21.36481 13.77344 12.349 7.998372 8.487039 7.389601 3.185502 9.412007 7.987558 5.383159 6.208339 4.035428 5.279581 14.1832 12.36035 7.204415 4.42155 11.49728 12.55784 39.02529 31.93156 6.079893 9.105915 10.55778 29.45903 26.69229 34.21328 49.90713 16.96982 6.775191 4.862977 12.76234 14.60089
73.14159 95.45492 150.5525 338.8484 987.6649 1307.534 411.2507 150.2283 65.67094 34.74398 26.36313 21.6949 16.66866 16.90399 19.55621 29.74089 23.47906 16.96552 19.49957 47.59152 45.57786 65.95081 130.7209 185.985 394.9998 360.9505 293.2514 59.45187 66.75928 57.0088 46.35668 34.83134 27.43643 16.89699 15.94607 19.09769 14.93121 11.37368 9.932553 7.35804 12.13733 13.76009 11.79527 52.15279 50.17111 18.99637 16.9236 15.43355 11.25707 5.417702 3.634602 3.341376 6.265061 6.794385 5.116704 6.162539 5.467559 6.743408 14.54622 7.588499 6.236993 7.765842 8.573113 6.841352 7.374193 10.90371 7.179269 5.205787 12.44166 18.10368 8.917572 27.58486 38.11068 13.33164 9.477471 10.88372 39.62889 23.21856
163.5874 113.8747 132.0487 169.5704 287.016 153.2831 191.5738 81.6274 39.8927 33.48664 23.5106 25.67873 21.62279 45.59816 26.61095 49.01611 89.16991 126.9768 136.709 116.541 100.2888 163.2983 246.1237 786.1157 1008.539 689.3875 153.7893 47.04948 29.87556 39.50539 28.58224 20.82532 24.95933 24.5626 34.51341 14.64928 23.5829 32.5161 27.75131 10.84317 12.65615 14.39735 12.45021 21.48046 19.73806 18.59213 17.64679 24.09332 11.60598 4.301671 3.020522 3.742244 5.918263 5.220401 4.821867 8.161053 11.40086 10.95444 18.25197 38.20253 14.83046 13.52292 10.60038 8.511343 7.905399 8.37677 6.526557 3.772599 9.072938 25.67407 28.15314 27.43444 39.21681 34.18382 24.54851 14.29588 23.95201 21.8165
107.888 53.46415 54.48359 64.59782 73.9444 104.0266 71.68842 61.22776 53.98332 34.53283 34.37325 30.34688 23.30313 25.31975 29.00904 43.86135 53.61152 54.42513 106.806 144.4431 64.44933 149.623 131.6038 183.2756 293.5356 291.5313 65.64199 25.05079 21.5359 26.14499 26.25113 14.84938 16.37693 50.27275 117.8301 15.83679 17.55023 20.6753 14.4986 10.57112 13.55925 14.95471 13.91228 11.198 17.14214 17.44039 23.51854 19.79971 7.939379 4.152283 1.634903 3.419216 4.876054 8.930595 14.91835 13.43245 110.3076 35.1367 19.87353 24.65624 26.08149 17.16191 20.65458 12.26094 10.50946 7.542214 6.120326 4.698093 3.681377 4.999175 33.45979 90.65271 52.44674 27.38186 22.15017 20.38281 19.463 34.81162
28.4223 26.82835 21.41584 26.34749 43.07523 49.23466 36.73268 27.83734 43.04188 30.43398 25.49628 26.96919 25.39765 21.86938 22.12348 74.35189 62.56123 24.23152 19.58897 24.57011 26.54148 25.2842 30.00136 34.8523 42.1812 43.05199 32.32156 37.82964 77.19033 23.20325 20.90824 16.30591 15.38534 18.36191 43.53809 13.15145 8.617034 7.827095 9.328688 7.523136 7.23563 6.822914 11.41549 14.8718 16.7403 19.78339 21.14019 15.24087 7.430131 9.216936 7.487246 6.046253 8.319787 10.07102 7.993011 6.866056 10.52667 12.99322 24.88206 31.23178 27.0544 49.06208 97.33337 16.59474 10.10718 7.544675 4.645652 4.725525 4.437136 4.844211 26.0181 89.02401 30.95652 16.29823 18.27674 16.71815 12.04365 41.52823
24.34345 41.28288 26.69856 26.21803 40.88677 41.75143 19.55219 18.74697 18.80665 12.37252 21.50635 24.70516 22.31394 27.44159 26.90295 34.26416 35.36246 27.42401 18.55259 16.07442 13.64263 12.54295 16.09427 23.197 30.9983 36.24271 36.36968 55.44543 58.77747 24.84216 25.8244 48.06666 14.10142 15.46255 10.7591 7.394065 7.718363 10.29482 10.85184 9.105268 9.251848 9.489506 8.816683 16.17694 14.49962 32.63525 39.09288 26.98929 26.2068 20.78036 15.89665 14.33204 13.71894 7.985168 4.758932 6.24529 9.518632 10.83126 11.30138 23.08595 47.29716 154.802 158.8808 35.77621 20.18716 16.95163 10.34907 4.730263 5.355208 3.945995 4.087668 10.557 6.953811 12.08028 8.771534 9.204242 13.17158 25.24307
16.44456 17.88807 23.71558 25.02593 19.16843 19.19525 25.19283 24.01232 19.59918 18.62113 20.92654 16.33225 15.30081 17.96567 21.66419 22.30069 35.49245 36.24462 30.82547 27.2763 21.48961 14.24089 17.68168 19.89823 23.26076 30.87119 31.67536 84.10079 57.13086 41.52641 20.09257 73.36167 53.51122 26.63492 10.88662 7.263828 6.391645 7.78234 10.13329 10.01937 33.33149 17.09721 34.54536 35.53316 33.23056 89.85041 120.1737 51.16909 40.69157 36.69964 64.02735 41.71637 6.455741 5.579747 5.61868 5.684541 8.160676 8.797337 11.71896 29.84202 18.53097 23.18181 45.79617 25.40195 21.01767 12.65532 6.854033 5.379708 4.285483 4.816948 7.714797 9.884684 13.97899 17.44352 14.97082 10.20131 7.483707 25.40991
32.78769 31.75019 22.30568 17.42524 18.78133 14.05587 20.53756 29.2556 24.75502 64.25448 82.91371 20.71227 19.28095 23.51834 25.22106 61.35399 113.594 73.23178 45.47916 33.88476 28.93242 23.7328 68.52892 27.28063 26.58276 38.05743 50.4113 43.32853 78.2846 78.27636 78.10757 73.79629 183.6112 58.38335 29.20404 9.122274 8.821122 5.573504 9.096699 10.15708 15.33589 14.63846 34.46131 94.28831 97.13333 208.617 677.1614 447.5152 59.71603 43.65544 39.3955 25.53119 10.04327 8.013894 7.74737 21.18662 26.16424 8.582127 12.64267 23.08933 14.98761 9.343233 8.64486 8.183644 12.04519 12.25231 7.189184 7.603243 6.611661 6.94527 16.2438 10.17844 20.11982 20.30567 16.16729 7.013279 6.884611 8.120659
117.4412 63.78456 39.49308 9.93559 21.1757 35.8606 40.78207 32.60822 23.13977 39.8987 66.3158 37.16479 57.58743 46.9603 40.78023 34.70103 158.1516 174.2137 59.58192 47.3292 38.54272 29.89632 118.0643 101.6107 70.98191 47.06064 32.67605 16.8751 15.54829 20.95547 51.33097 67.96484 102.2983 54.32646 32.57875 16.36363 14.28682 9.436837 7.180777 7.949189 13.56645 23.66738 28.00628 73.28489 107.8357 268.0881 456.6259 137.4216 83.19243 21.21934 11.32685 17.20345 27.37004 12.03533 11.30022 14.86047 14.81074 7.088072 9.842538 21.41402 12.26665 5.601718 5.846667 7.650138 9.695674 26.74486 21.5354 12.44683 12.21392 12.06297 6.946043 4.643353 8.377297 7.558499 5.219778 6.135582 5.69838 6.092037
400.7724 129.6082 96.76012 79.57739 53.8742 105.7619 86.29751 50.17353 44.55925 42.29553 53.12778 55.59327 45.86522 44.30592 44.8709 40.12748 77.12466 125.5158 98.54307 47.47503 41.02156 44.33319 41.79429 39.49778 31.38144 24.17318 22.78746 18.42917 30.47865 23.12595 27.68233 35.64422 86.69473 196.3616 39.29319 18.24246 12.0915 13.86475 9.901545 10.87167 18.86114 80.40755 35.48347 34.2138 31.5415 30.31022 86.94702 109.9523 46.46754 20.05122 9.244392 14.61914 24.0263 13.96205 13.98425 7.857513 6.689332 4.79739 5.314807 16.24001 15.66702 8.338659 6.248599 8.181072 10.79192 12.9041 50.4317 36.16333 38.63755 12.457 7.244784 3.909978 4.186818 4.647221 6.365341 23.35664 6.777223 6.478207
266.5606 89.38474 48.90887 35.78084 52.99123 59.59575 22.48528 19.65225 31.04313 42.21536 28.43789 76.41387 36.29404 20.91671 26.80022 30.85528 59.63248 47.7952 57.00279 48.22811 39.37848 34.44093 30.20041 28.79773 7.380151 11.18328 15.63894 17.58737 38.05906 45.82442 46.91128 35.49734 29.29015 39.1963 18.92039 14.31449 10.04022 31.44163 11.82576 11.06125 15.56097 21.59287 19.37394 20.02984 14.60872 22.97399 30.94961 23.13022 18.99055 16.91875 10.79069 11.65427 13.48733 20.40008 18.7594 7.72618 7.567144 4.967924 4.024896 11.71301 8.575391 7.921339 17.25409 20.10512 15.63037 52.93215 153.2413 77.64952 26.04458 25.56109 15.95576 3.354832 2.770444 2.9935 9.405476 8.827206 9.887218 7.726764
44.09252 25.86153 20.06354 24.07866 18.15341 33.85118 40.40702 21.50529 22.95799 17.55845 12.8128 38.96053 44.94516 11.74179 18.52276 28.33798 44.12142 54.84182 37.10287 29.65139 40.26338 74.56355 51.55423 36.00475 14.87506 6.496762 7.405786 11.8805 58.87365 59.07597 44.72017 30.18788 29.49827 55.12601 20.99935 17.46528 12.80048 18.51958 11.42911 14.22858 21.29416 16.49319 14.06767 12.60019 12.59401 15.8115 26.82402 24.35398 18.7625 11.54012 10.83077 16.00086 14.8127 17.67935 11.91667 6.794268 6.486728 7.274 3.649927 3.503895 6.377179 4.737258 6.370643 5.767654 10.96657 19.27189 36.54933 24.54083 14.33024 19.93826 16.69187 2.29618 2.74748 2.257326 10.68775 11.54272 12.40272 13.78717
21.74569 19.81948 45.3288 14.98076 15.77934 18.49596 17.16358 10.91759 13.27787 8.991749 22.27444 39.9902 16.69512 8.342729 12.85941 18.05728 22.58656 27.00123 34.74771 41.97155 85.53708 92.59776 53.65006 46.17117 19.81068 11.8564 9.910525 9.68386 15.43246 47.7277 31.51243 21.1757 27.0102 33.08435 82.72957 22.80276 18.62584 11.30906 11.73191 39.80297 53.64155 39.41704 23.75393 11.47112 27.58349 15.17299 13.81664 20.70016 21.24358 10.36637 11.73819 13.71661 12.21369 9.786728 9.07353 9.822803 11.7348 11.49206 5.712072 7.264152 7.242139 5.307056 5.472703 5.343441 6.577615 14.4768 42.03545 30.71569 10.63898 10.05671 5.777827 4.816836 2.363543 1.481958 1.982731 5.272669 8.785552 11.03966
19.88705 21.02459 15.24666 11.74005 11.83794 17.58039 15.95884 18.01431 19.49964 52.24623 10.94105 12.34636 12.29689 11.12235 11.57131 16.07699 17.04705 29.84037 46.84533 24.83841 31.32119 17.70577 19.74741 16.58772 10.05972 20.62081 24.77241 10.06088 8.365567 11.30973 7.502492 14.89197 30.14302 35.26504 26.71542 22.51299 30.34239 15.85689 15.38134 58.38047 55.40494 30.711 17.43483 9.467632 16.09803 12.48167 11.48267 28.45186 14.09151 20.83229 22.1657 19.12886 18.96172 15.09405 16.39705 19.55801 19.9348 19.24355 12.7872 7.812865 7.881165 7.811202 5.968199 4.894233 6.037025 10.59875 21.63754 14.11753 12.06017 17.34858 12.70743 7.632432 3.709001 3.038933 2.912384 4.582843 10.72445 9.651625
23.83423 32.54224 72.64267 21.69455 15.35649 39.19117 55.50186 23.56868 12.067 11.78617 10.888 11.97432 12.51275 18.04037 21.63655 19.24944 24.04227 46.64 25.50339 20.92103 19.06179 15.87663 23.74882 20.06322 13.24491 19.87921 19.71524 10.77926 9.628038 5.618615 7.844565 19.92684 35.67561 33.12248 36.69399 70.74833 114.76 70.58963 29.3266 63.5411 26.99473 24.93032 22.26858 19.4236 13.01429 12.23051 10.65473 14.39617 10.82558 35.03876 27.41848 9.912223 10.61477 11.67099 10.60133 10.14271 7.683062 6.116121 6.139642 7.398833 7.688216 7.579197 3.254336 3.321194 5.371646 8.865123 10.3735 10.14423 8.328956 9.572509 14.7412 11.75863 11.009 6.500009 3.247456 3.3188 19.04443 9.445368
15.52791 16.65143 38.86843 23.10666 19.48381 29.01439 22.14401 19.00225 16.50184 31.27529 14.22187 12.93113 18.78429 17.07438 20.74607 14.17692 14.81728 15.54449 20.84908 22.29472 20.4633 17.24351 20.24921 12.72792 9.916261 14.49632 13.17145 8.524101 8.09548 5.634527 8.168145 14.30883 14.60123 19.68534 47.52033 146.0985 280.9789 194.3057 77.81221 37.26475 40.6446 92.44447 61.23414 23.15235 16.16333 9.569267 8.531878 9.387493 11.88244 14.7646 12.15401 14.58549 19.64441 17.17569 11.56923 9.861741 6.514857 6.841517 7.363459 7.508257 7.736651 5.994711 2.505533 3.943112 4.672562 10.51601 12.08052 7.166283 8.104463 9.590618 13.42011 18.89371 13.98608 7.10849 9.947821 5.104638 9.246942 6.482006
16.90771 14.91357 32.36103 42.33663 26.92002 28.60459 24.20063 21.26484 14.70752 14.36901 29.28191 30.9954 26.19032 19.03289 17.4733 29.66746 32.75098 20.2633 21.28922 31.74784 41.48992 28.78157 28.5574 17.48436 11.91531 17.2284 11.18442 8.141159 5.508481 5.213448 8.563621 11.64582 15.45443 24.68207 29.86894 50.63434 100.8454 201.2145 99.80991 43.79301 50.67552 248.7143 243.7511 79.74186 39.68103 21.60154 16.92201 14.71834 20.44096 27.65932 23.30787 19.8668 31.51712 20.22209 55.29993 33.57542 15.98109 11.78173 7.830585 8.72007 5.565342 2.558609 3.563105 2.944953 17.02757 31.96748 189.3289 147.298 36.52429 11.4062 127.4416 85.07119 42.57866 17.83313 11.78116 9.244355 8.409332 7.235217
16.12626 16.90989 26.80986 29.40794 36.51522 39.85397 38.50161 29.578 16.51776 32.89488 117.743 171.9344 52.13298 48.86526 66.31396 83.13554 104.0803 48.82664 26.20762 57.56372 108.0348 118.0158 89.45575 38.19701 22.92621 16.05946 6.639765 7.748458 5.703622 5.387197 7.250626 15.8968 30.47178 16.80895 21.49614 22.67332 38.56283 38.49072 31.97175 25.58259 24.81046 93.74771 159.5664 95.05035 49.12553 30.11588 27.59995 18.21435 17.87165 24.97416 23.59149 20.93345 35.27998 63.82728 115.6096 48.26548 29.68406 15.10099 10.38553 9.314983 2.631084 3.674821 6.53813 7.291868 25.68778 50.57137 45.95211 32.96953 19.09418 20.39975 116.5006 296.0207 246.5106 37.10883 16.28686 20.21777 7.534045 9.459867
16.82515 28.94044 52.86008 46.62321 113.2325 98.51691 56.98985 64.31429 27.69329 62.91007 177.0672 134.5398 85.02599 43.68448 39.06383 40.96158 65.03416 41.19212 68.59921 62.79977 100.113 237.0344 284.1223 118.1285 47.55299 40.91032 30.60668 18.33325 29.02086 12.26789 6.34667 22.427 28.21343 13.15805 16.72974 23.10164 32.13122 29.39769 26.28321 19.25721 54.82531 63.80288 31.11115 31.22502 23.22787 50.88737 84.49126 88.70988 28.50782 29.90819 21.08316 24.59592 47.13114 54.44203 71.86171 17.52122 11.48083 16.83881 35.42463 63.45972 33.75521 8.839098 12.02083 19.747 31.58473 29.75182 19.1119 22.13714 28.78694 29.39448 16.48078 31.27799 27.36142 19.20658 15.5718 6.320006 3.27176 7.539906
40.21952 56.24269 170.0417 145.9569 238.755 297.864 270.9056 147.4083 41.90788 33.46904 35.16565 50.26583 33.26389 28.79835 13.60055 11.39174 13.41135 25.66325 36.46384 28.41908 79.58821 244.564 301.8548 261.6752 50.9339 37.0843 17.37258 12.90917 7.471763 10.81501 14.67585 13.94371 13.06639 19.49113 23.71877 29.85511 28.69691 26.24756 21.1858 42.53212 47.29298 36.99495 40.69713 44.0481 22.32863 34.41845 107.5402 46.6352 31.58159 57.33056 54.91665 82.39766 53.27765 43.35677 28.53069 21.95858 25.74673 20.86437 20.5083 47.16237 8.197478 14.37872 22.86778 28.58697 45.17411 22.38671 22.53235 23.11049 22.40834 21.88425 13.00628 18.83949 16.34904 15.61767 14.78674 8.170746 4.33411 4.20611
69.05824 130.7693 207.686 142.1513 220.5623 285.9088 250.0687 84.03322 56.44543 50.03409 16.92213 33.71536 30.14671 16.59281 17.26168 12.78226 13.36216 16.80594 28.48674 20.68227 37.86902 59.00678 97.96972 79.9716 44.37653 24.63605 18.80941 16.79914 12.07583 14.84558 26.03117 21.67876 13.44355 21.36574 26.00648 44.63255 72.94405 68.92348 27.02736 35.33932 28.9257 31.24605 60.71856 43.7873 36.22069 49.97186 51.82869 119.958 180.811 219.9656 194.4952 66.41479 40.02499 33.56171 25.18597 46.56978 30.3089 16.1623 12.70227 14.08095 10.00242 12.06975 12.82551 14.28661 12.06096 18.17929 22.34761 18.83929 4.955482 5.864108 6.142922 12.56503 17.69912 17.71968 5.773736 2.902299 6.582759 5.460587
35.08048 35.33919 50.9119 33.72927 105.5435 123.899 67.99674 53.96581 46.6694 25.71862 14.9593 17.35107 19.93669 17.08381 10.58529 11.69349 32.51759 27.6268 14.228 12.33038 24.15888 31.36352 40.65098 38.48739 39.60872 38.69574 27.47272 13.05736 10.97028 13.17337 20.20364 18.2617 16.9142 19.51218 32.56293 124.4909 271.0092 229.784 21.01443 18.58169 22.67875 25.1844 25 17.228 18.91438 28.36819 41.51632 72.19028 232.603 1325.107 497.064 78.85873 52.36813 38.7358 23.10247 69.26487 31.58084 10.87585 13.36607 18.0001 28.94418 24.62227 20.62669 7.77266 5.491816 5.943729 13.56995 10.01852 3.586094 5.957327 5.081925 12.31168 14.45356 29.69847 24.33159 13.10015 5.909783 4.055733
33.3791 31.28466 30.11501 25.31741 39.51192 50.02087 35.65533 30.3443 22.31232 24.47476 19.43597 18.28339 18.10541 20.74338 17.46224 15.92988 26.6806 30.74892 21.42029 15.71078 21.44963 19.74304 23.25345 34.65701 37.55395 32.42992 35.24544 11.75707 11.81471 12.99255 13.00664 14.48433 16.5927 24.23616 25.83855 35.4264 153.5318 37.26608 24.68632 18.9818 27.96319 36.53897 24.552 17.61177 23.96805 29.51455 25.85915 80.17311 248.3307 226.8511 113.3947 60.86028 41.22973 27.85328 16.96521 9.039844 7.91854 9.032099 14.37579 14.31372 14.55982 23.14363 22.52277 17.89727 11.50197 4.54458 4.563625 4.041751 4.089531 3.203785 2.875556 3.248616 3.464109 46.82671 45.19428 10.20061 7.521857 3.514862
52.89384 51.99797 61.09879 162.3267 112.5248 69.91968 63.26226 33.00701 22.82751 22.77294 21.36296 17.05133 17.93289 20.43854 30.05392 29.54789 21.91611 18.23915 10.76364 22.08291 24.26255 17.92125 32.06301 36.09279 26.90106 15.52092 13.48508 17.14086 16.46227 18.35118 15.80929 15.55186 19.86813 19.7756 15.4126 32.8043 33.22478 29.99681 22.58116 19.57961 25.09403 33.41629 16.8772 27.05884 32.351 55.3166 91.85965 66.30313 94.81978 108.9283 46.00113 41.95903 41.01539 33.82229 16.77036 8.341728 7.877885 8.603357 8.826593 9.183291 15.21886 20.97578 22.50116 16.16366 3.096777 2.988415 3.173504 3.715893 3.408886 3.292029 3.253209 3.194253 3.015817 6.927722 14.75531 9.153803 5.515533 3.366552
118.2925 230.0148 618.768 726.1279 219.2221 160.8164 55.18715 54.08678 15.91495 18.93108 18.34816 14.51104 18.62465 22.39859 20.48739 26.89387 23.89995 19.2597 21.30724 20.81811 23.85741 25.39815 31.30632 33.72792 27.37232 22.79438 30.35983 28.41127 19.17029 18.20289 18.2303 18.2101 15.02141 10.63714 13.35702 18.80741 30.07521 33.58883 23.49296 14.71156 18.79471 17.42272 15.06194 36.10842 27.97868 26.58217 47.69188 46.048 61.36825 36.21425 23.42201 19.33541 21.89157 15.49909 12.63852 8.801356 7.845026 8.600678 9.035087 12.64728 11.21377 10.04121 31.05383 25.06894 8.840245 4.477748 2.256788 2.854905 3.965411 5.93526 4.883355 1.826965 2.646044 3.265722 3.872268 8.525462 7.499371 10.41894
109.0193 292.3872 1361.137 1039.703 285.0061 161.2642 61.24492 42.0317 28.45897 17.06811 20.48353 21.68051 25.86941 31.34014 29.30867 25.52859 21.2566 25.13305 24.58117 21.52351 28.85084 32.15527 28.96124 20.89207 99.90874 132.5513 90.86325 53.48022 17.42464 16.4364 15.34487 15.05302 14.29819 18.56255 22.57248 21.16909 18.49427 13.15236 10.357 13.80374 20.64013 14.04515 13.73221 50.97104 87.61053 30.4952 19.09337 20.74785 28.24309 26.84658 21.84497 17.2203 17.18019 14.14348 10.98928 10.12658 7.768924 7.997813 12.16645 12.99416 23.3889 24.09102 42.36749 32.35043 10.30704 11.76237 3.218365 3.495499 4.503682 8.106609 8.194475 4.2059 2.127621 4.858076 2.322422 7.855129 11.81888 16.58238
53.3375 146.263 156.7039 207.885 130.7668 99.73618 67.4493 75.81987 46.84322 87.81586 36.62151 22.97628 46.19023 130.1398 126.7847 104.944 77.89347 60.52509 49.41702 37.80115 43.02529 37.0011 43.97331 66.77159 142.6337 146.7958 55.265 38.19768 20.98923 16.7181 16.47234 14.06735 20.2408 23.17425 30.41198 30.31769 13.67279 9.279814 9.829157 26.22808 25.94793 19.49496 18.30761 18.39891 21.87344 13.6788 12.73083 13.73007 17.44681 11.05574 8.060363 10.17104 11.08112 15.73286 11.51121 10.96367 9.878433 7.236333 8.453069 15.42394 111.691 100.5275 81.00034 94.77428 43.66726 3.876891 3.460517 3.718257 5.203528 5.64066 7.778856 8.259917 7.653147 3.132706 1.229174 9.418135 12.32813 12.78314
39.12714 47.33189 69.15903 97.49303 56.20673 44.47099 66.63503 94.18822 107.0742 263.1744 92.81733 72.57198 77.49271 138.5862 146.845 142.2547 71.15933 102.195 68.7254 95.6266 81.35257 81.37066 104.6513 121.6971 84.67068 99.34597 50.94465 34.63964 15.41062 12.26652 14.26478 15.38569 11.53149 14.48157 27.67027 21.05114 13.13096 16.47346 27.03959 23.57037 39.00811 25.94238 25.38932 26.57195 13.08999 13.21682 14.4163 11.43504 11.79114 11.98644 14.4219 14.63443 18.22976 19.59551 10.08425 13.24916 13.09933 12.05207 12.70235 28.26486 111.9682 126.1108 133.984 133.984 109.2541 7.767603 4.656029 3.880467 4.900489 4.670681 9.418775 12.07031 11.73332 12.05869 11.99652 13.13431 10.69945 9.843435
24.33368 24.92865 29.01737 58.06607 50.88816 21.03123 42.11566 39.91521 42.28131 70.33694 95.49804 63.42877 87.78068 163.4862 192.0083 194.6711 151.6366 143.4435 107.4475 386.1757 410.6913 418.2606 221.3886 176.7215 153.247 119.6563 51.77402 20.68964 13.21289 9.789916 12.34769 22.71157 12.38082 13.66686 65.33884 30.17838 19.01994 31.74535 90.01936 449.8447 306.6789 27.76066 17.17744 11.91848 10.74489 12.6844 16.70874 22.25936 21.57081 30.7155 18.80802 11.36986 12.94743 15.90472 13.771 20.10848 17.73819 16.99502 33.23455 42.46855 45.90052 50.88968 109.6116 133.984 125.8949 54.66914 8.951531 7.756851 7.093381 6.262343 2.94159 2.695592 4.402843 13.62957 12.5977 16.41441 21.06257 25.70229
