Scenarios/Heterogeneous/data/country_data_population_distribution/processed/density_grids/fra.asc
ncols 374
nrows 243
xllcorner -5
yllcorner 41
cellsize 0.041666666666667
NODATA_value -9999
[rows 170 to 203 of 243, columns 78 to 155 of 374]
0 0 0 0 0 0 0 0 0 0 0 0 0 0 0 0 0 0 0 0 0 0 0 0 0 0 0 0 0 0 0 0 0 14.11464 14.09785 14.09785 13.7609 10.96296 9.166604 9.993982 8.038314 7.698218 10.19067 20.81044 69.74289 14.43937 10.47668 12.33523 21.32145 16.04788 12.55424 13.92859 16.5934 16.60643 11.79278 11.86251 17.87774 72.28439 82.50961 24.71191 12.51414 12.22657 7.041164 6.994347 7.470761 9.097183 13.5104 9.701348 14.27485 14.73285 14.36213 23.93408 17.43086 18.56505 32.51127 39.60562 34.48859 15.46444
0 0 0 0 0 0 0 0 0 0 0 0 0 0 0 0 0 0 0 0 0 0 0 0 0 0 0 0 0 0 0 0 0 18.10637 16.6101 15.40903 15.06624 13.02191 10.21724 10.99406 10.99592 10.81057 18.6427 17.98915 52.16203 13.74254 10.34324 14.60925 20.48001 21.02092 20.29035 20.59388 16.56234 16.31253 11.76982 21.4036 32.43748 35.51707 36.42635 13.77787 14.55369 19.36738 16.32466 14.84366 13.87927 53.92175 35.85335 14.48888 19.83784 14.87998 19.43343 15.32349 13.69011 51.09995 70.39882 70.39883 51.72211 19.02315
0 0 0 0 0 0 0 0 0 0 0 0 0 0 0 0 0 0 0 0 0 0 0 0 0 0 0 0 0 0 0 0 0 18.35527 18.35401 18.09959 17.99152 17.96625 16.74332 12.63945 10.89051 13.86191 21.69186 21.69186 21.61902 12.45056 10.51602 10.6728 13.48743 40.29989 40.31361 33.75864 18.24936 184.3297 193.468 19.26138 39.42532 46.92353 58.24037 23.90758 16.8762 17.96683 16.3932 23.45338 28.0225 29.21159 13.67008 17.82383 25.70466 21.50773 20.20566 20.75951 21.74426 33.61179 69.81053 52.57686 37.82558 20.58183
0 0 0 0 0 0 0 0 0 0 0 0 0 0 0 0 0 0 0 0 0 0 0 0 0 0 0 0 0 0 0 0 34.39133 29.50213 25.57325 21.09624 18.75879 20.07984 23.36399 19.34066 9.347615 26.08786 32.91325 22.53122 21.53978 16.31753 15.05954 17.30043 18.76117 30.82516 50.97092 80.49155 183.9839 664.5737 804.6782 175.429 31.57257 32.48487 102.1998 41.72002 14.26869 9.547482 8.192204 24.91117 20.13163 29.88469 27.76897 41.89534 48.33886 29.74002 18.20661 29.66192 37.62305 35.77493 40.38197 32.14324 15.75091 15.00328
0 0 0 0 0 0 0 0 0 0 0 0 0 0 0 0 0 0 0 0 0 0 0 0 0 0 0 0 0 0 0 0 48.62094 47.98375 36.3099 34.85061 29.02335 23.37062 23.60891 22.80739 11.87047 18.23815 18.73614 18.84653 19.30105 34.84945 33.92797 38.10229 33.6382 31.80732 30.8142 63.32392 185.8583 253.9627 357.5249 92.43255 48.69805 36.09865 28.69593 18.82921 17.30165 27.13922 15.98132 24.41368 17.77877 14.70657 26.13206 42.0113 56.77623 52.54986 23.46155 20.46685 29.79576 26.04769 33.25425 33.11357 16.50498 13.87921
0 0 0 0 0 0 0 0 0 0 0 0 0 0 0 0 0 0 0 0 0 0 0 0 0 0 0 0 0 0 0 0 74.14774 47.42618 44.28432 42.25059 32.42067 28.36753 26.02372 25.92028 16.77498 45.58265 60.55327 53.75094 55.57872 49.08974 83.05625 95.92729 38.55959 23.15701 25.43327 37.06287 40.83532 55.15564 99.08884 94.84384 70.16924 26.75953 32.62606 21.39838 20.90688 23.39387 21.11672 20.78586 20.016 16.39851 17.39868 20.11709 28.9669 30.0806 9.936055 17.10449 24.34154 25.29669 13.23168 27.55805 40.76237 17.04319
0 0 0 0 0 0 0 0 0 0 0 0 0 0 0 0 0 0 0 0 0 0 0 0 0 0 0 0 0 0 0 90.3524 166.7082 86.15385 80.01426 78.16421 30.82187 30.39434 50.42339 118.3826 189.2676 167.3587 96.39899 76.87594 93.07084 81.70806 59.44974 43.87597 32.05193 24.39198 44.00637 80.48617 88.54153 82.94994 54.42199 73.47701 53.74124 25.0303 48.31272 47.22353 27.00955 39.09099 24.37137 22.55692 52.46004 99.78499 15.96938 9.746709 7.483744 11.09876 11.50042 39.38741 62.1204 62.6488 40.11993 21.25074 36.60442 28.16634
0 0 0 0 0 0 0 0 0 0 0 0 0 0 0 0 0 0 0 0 0 0 0 0 0 0 0 0 0 0 0 122.3924 110.5134 92.30302 94.84399 89.98535 53.52855 48.52578 179.6882 258.8858 457.9254 256.2355 130.2337 107.9529 70.47734 70.06461 64.29875 65.04505 66.6286 37.524 40.07748 65.87783 66.16196 39.45176 32.56762 40.38037 36.02786 23.34393 22.30693 87.67486 97.02431 43.5086 23.00471 20.19084 25.625 31.58552 18.80847 16.68243 12.05291 11.04297 10.05994 10.32902 17.10811 34.34119 43.69078 29.07677 20.57872 30.45465
0 0 0 0 0 0 0 0 0 0 0 0 0 0 0 0 0 0 0 0 0 0 0 0 0 0 0 0 0 0 0 190.2095 176.0135 180.0925 265.9064 162.3486 65.00854 77.05633 73.59357 389.15 772.8178 419.5719 173.9759 105.2182 72.26548 74.2604 53.513 32.47528 33.11529 33.34238 40.92338 75.37311 83.13824 49.93709 36.78718 29.9057 34.69715 29.36911 64.46104 112.6361 59.42611 42.49476 42.59519 27.13581 22.30334 19.51591 19.83398 21.72614 20.5667 9.900705 8.934216 9.594689 11.16053 11.9479 12.28111 14.10685 18.44026 25.62183
0 0 0 0 0 0 0 0 0 0 0 0 0 0 0 0 0 0 0 0 0 0 0 0 0 0 0 0 0 0 0 414.5018 303.3047 201.1202 369.9264 194.9995 79.40684 69.0042 68.03561 86.47447 99.82001 87.62545 60.93932 57.10309 64.47709 58.11485 47.99262 40.20546 30.00883 34.01152 56.34556 146.2054 115.9812 44.69621 44.3855 28.2902 30.63098 42.0928 38.14509 69.96313 25.20622 16.99302 23.78524 49.21355 53.21261 40.25666 22.17766 13.43811 7.918726 8.25413 7.157841 7.49372 10.91181 9.671623 10.9846 17.06235 15.65011 56.23225
0 0 0 0 0 0 0 0 0 0 0 0 0 0 0 0 0 0 0 0 0 0 0 0 0 0 0 0 0 0 331.9528 363.9565 202.7799 76.27961 76.90025 69.19719 69.40876 69.84316 77.34257 71.24606 65.60316 63.87903 59.12132 55.63564 43.32596 43.92379 50.85403 60.66101 55.49897 33.62057 44.85674 38.64696 33.63591 22.62629 25.27258 24.50529 20.10031 27.15039 16.26772 30.92132 16.77273 19.39915 21.05204 19.64981 17.34912 30.45378 56.02716 55.01351 20.14065 9.046443 7.115035 7.889181 9.900203 11.53381 13.19109 20.32634 17.85336 17.08664
0 0 0 0 0 0 0 0 0 0 0 0 0 0 0 0 0 0 0 0 0 0 0 0 0 0 0 0 0 522.6114 452.5462 315.4138 134.4466 96.26362 62.27983 55.87515 52.98653 81.78751 104.4428 223.1407 62.46931 75.42208 70.68868 83.75413 61.17133 39.23993 39.65227 38.50987 40.55942 33.11759 35.97713 23.61876 18.59589 18.21296 23.4574 34.74403 34.56366 17.56141 21.43557 75.8591 24.62297 21.03772 18.52876 17.71689 23.15951 31.65596 30.98948 29.63556 20.22232 15.39494 10.70369 11.6115 11.81825 12.94067 13.87695 25.25368 32.94972 24.70549
0 0 0 0 0 0 0 0 0 0 0 0 0 0 0 0 0 0 0 0 0 0 0 0 0 0 0 0 1561.39 1321.942 1451.976 941.1325 153.8143 125.6578 66.08123 52.93086 48.30301 57.48968 62.45205 54.55168 48.85596 59.78565 47.37579 83.25898 93.60938 62.76609 106.4477 172.8793 71.09995 37.22345 33.56783 28.09194 34.29631 38.67131 24.66314 51.59896 43.19439 20.0503 25.03241 34.95209 14.50395 23.31029 18.3117 17.22414 19.0299 28.83519 19.30013 26.1803 23.99788 49.063 37.76018 10.77926 9.264172 12.08045 36.98632 119.3462 89.27393 20.44316
0 0 0 0 0 0 0 0 0 0 0 0 0 0 0 0 0 0 0 0 0 0 0 0 0 0 0 0 1737.558 1572.132 1712.071 873.7139 248.4879 172.9764 138.2281 111.7483 48.19481 48.69255 50.40686 31.9732 34.07229 50.6392 65.40409 94.66111 88.43314 53.42207 193.6001 209.9856 133.4617 49.23763 49.89946 62.00475 45.5857 41.74609 22.85393 32.13705 37.84624 74.03408 47.31083 31.63974 25.01288 24.70308 17.62082 32.4075 18.55178 32.27654 62.49464 80.63225 22.58388 16.28522 13.94677 13.46761 20.19898 25.00311 13.62806 41.95203 38.21264 18.58448
0 0 0 0 0 0 0 0 0 0 0 0 0 0 0 0 0 0 0 0 0 0 0 0 0 0 749.4616 750.5178 657.2557 391.1888 354.796 264.3044 211.6343 105.0508 101.5042 92.38176 47.62601 28.31864 34.11457 26.99771 18.71962 29.75454 20.22847 64.61717 67.74635 32.10051 26.18047 30.35671 47.46164 68.16742 66.00893 54.79253 45.57344 33.91257 100.2925 63.41346 72.18672 82.68602 67.34211 49.91237 40.08619 30.61414 33.04692 50.62284 17.10341 35.11942 52.92222 102.0641 37.34728 25.68893 21.95805 18.52665 28.32576 48.59152 15.27864 18.84382 14.27477 13.20405
0 0 0 0 0 0 0 0 0 0 0 0 0 0 0 0 0 0 0 0 0 0 0 1707.863 598.7927 489.6221 791.0259 414.8041 176.9284 189.4618 217.1542 155.624 175.8842 101.612 90.26874 58.21951 43.39819 27.71998 12.96256 23.83611 18.97317 22.6839 29.04006 75.9378 27.96913 18.27865 15.81601 17.15961 25.71292 52.06168 91.21684 292.371 221.4744 104.7601 87.69497 112.099 203.6411 242.0545 94.26515 83.71342 43.67514 34.64665 21.41357 22.00874 18.49914 20.37966 105.9366 164.1255 65.72741 81.10071 73.71776 37.40885 16.83722 29.80009 12.87404 12.51766 13.73436 15.67327
0 0 0 0 0 0 0 0 0 0 0 0 0 0 0 0 0 0 0 0 0 0 0 1481.75 262.7552 196.424 451.8303 172.8679 107.7037 108.0768 94.19231 127.3754 330.3259 216.944 66.22226 76.50782 38.36385 28.13961 17.30136 19.54075 49.5809 63.02176 36.36048 27.80729 21.17104 24.33388 26.11053 27.07419 49.57618 34.01341 145.0622 212.4249 67.28307 130.0823 260.4651 369.1263 565.821 1350.075 165.3509 210.0307 96.01355 41.50991 30.04409 32.0047 21.84874 23.51728 39.86676 126.5648 59.92198 54.66415 30.08247 17.76718 13.00517 13.70268 15.222 13.56431 13.97356 14.91478
0 0 0 0 0 0 0 0 0 0 0 0 0 0 0 0 0 0 0 0 0 0 0 0 526.5207 160.5753 178.312 79.79088 60.59871 87.55525 64.77578 69.30645 60.25586 97.03295 43.33876 37.5218 34.02411 25.97175 21.70041 23.0449 65.83228 124.1112 28.44946 16.43108 25.36357 19.19405 35.1902 61.96107 53.27198 22.75521 24.04346 57.98085 55.53602 67.37853 148.0321 421.0583 1764.645 2728.733 1454.45 256.5486 92.88883 33.08739 40.74249 36.31393 27.25216 24.47227 76.74134 202.9617 118.2013 50.18774 28.12921 33.7937 15.60055 17.91319 63.67009 30.66947 17.30204 18.13859
0 0 0 0 0 0 0 0 0 0 0 0 0 0 0 0 0 0 0 0 0 0 0 0 0 0 0 47.85476 0 0 0 45.17448 27.51654 15.79419 20.24133 30.99321 39.67079 26.07694 20.94675 12.0018 11.13841 17.84025 13.84289 12.6672 50.27317 23.35737 22.707 34.71236 34.92368 29.21121 21.26506 32.98714 58.09499 69.76534 41.96624 165.0862 379.2921 465.6029 266.1788 302.7332 210.695 201.9712 65.28822 38.55908 64.65981 64.47066 193.1252 532.0552 414.5483 110.818 54.85544 43.13876 26.96632 17.99423 17.76053 12.83231 19.59937 18.86031
0 0 0 0 0 0 0 0 0 0 0 0 0 0 0 0 0 0 0 0 0 0 0 0 0 0 0 0 0 0 0 0 0 22.47134 25.71382 24.30932 30.05383 14.95576 13.37015 19.1369 20.88081 17.52373 14.68706 41.56602 147.3761 55.21008 30.94502 25.41467 35.76734 44.77708 66.29345 100.6315 89.53072 45.93417 36.68068 95.13177 159.7454 141.0215 124.2357 246.4542 138.752 74.41567 86.89344 88.17896 77.32265 79.57175 185.9706 2121.121 936.6523 140.9943 62.22002 36.95243 21.52403 17.87676 21.63639 38.0623 17.54359 14.07274
0 0 0 0 0 0 0 0 0 0 0 0 0 0 0 0 0 0 0 0 0 0 0 0 0 0 0 0 0 0 0 0 0 24.65404 28.40527 44.97523 63.24287 27.60821 18.08869 12.4467 11.47064 8.864675 10.78355 20.04602 42.27948 58.16531 16.05592 16.36784 23.49206 52.73889 140.178 217.0507 57.24979 55.36268 40.95906 84.21912 111.9299 40.00953 60.05383 310.8818 191.6926 116.0856 93.55262 103.6419 91.79601 87.48865 320.7899 320.2749 336.3158 166.1855 81.2134 77.67373 59.28832 25.71 15.36943 23.02493 18.41702 19.90597
0 0 0 0 0 0 0 0 0 0 0 0 0 0 0 0 0 0 0 0 0 0 0 0 0 0 0 0 0 0 0 0 15.47314 20.53623 25.45975 32.23356 129.0015 31.20557 11.22437 4.535187 4.815528 9.510154 8.394125 7.980994 18.02421 22.26575 21.33728 17.4571 25.31069 30.30032 80.80061 117.3953 109.9253 70.94141 58.81018 63.26228 54.1813 25.92948 44.32989 34.2515 119.705 80.88387 135.4792 156.1243 86.9248 94.57643 71.70377 73.84908 92.6273 61.90863 31.84781 30.23393 27.91817 29.14154 40.04087 119.6301 39.22058 40.04014
0 0 0 0 0 0 0 0 0 0 0 0 0 0 0 0 0 0 0 0 0 0 0 0 0 0 0 0 0 0 0 17.49751 8.84685 6.702757 0 19.07346 18.83951 9.430289 5.605541 4.520632 4.566631 5.426845 5.530177 7.170529 15.52529 31.95904 15.84236 11.56871 16.27581 16.04819 14.32495 33.71546 117.7775 128.9895 78.60921 68.03372 36.48767 28.34436 35.85506 38.17053 46.94851 48.13431 61.1325 246.279 289.6123 255.6179 61.76635 47.49786 72.18636 83.48576 43.74669 27.32974 29.53399 56.96895 84.29092 245.8245 91.92113 72.21278
0 0 0 0 0 0 0 0 0 0 0 0 0 0 0 0 0 0 0 0 0 0 0 0 0 0 0 0 0 0 0 13.49195 11.27191 7.287674 0 10.02526 7.172868 7.200729 4.169543 3.503112 4.731975 4.71283 4.535776 4.765699 10.65636 8.992052 10.1566 11.82842 12.42925 11.58764 9.328984 6.29881 5.464256 8.468073 24.34501 22.26485 12.40008 13.68659 22.86749 30.31448 26.65575 25.10346 27.66099 36.67874 77.67722 108.6153 23.26032 29.15535 63.52004 79.35181 84.52859 20.04342 18.33395 28.7113 51.4757 65.89375 39.44613 49.51852
0 0 0 0 0 0 0 0 0 0 0 0 0 0 0 0 0 0 0 0 0 0 0 0 0 0 0 0 0 0 0 0 0 0 0 0 0 0 3.314006 3.892819 2.007418 1.517579 1.517579 1.517579 3.289396 2.763471 6.301432 9.346933 11.49051 8.454014 8.540052 17.37755 11.21187 4.520288 13.58417 11.05124 15.95499 6.777118 12.06488 8.124619 11.01875 11.79957 23.419 255.7992 67.87299 10.32335 4.972648 25.77201 63.50403 36.6932 18.43754 15.53042 10.3088 7.963401 22.95397 18.85723 14.00106 11.51073
0 0 0 0 0 0 0 0 0 0 0 0 0 0 0 0 0 0 0 0 0 0 0 0 0 0 0 0 0 0 0 0 0 0 0 0 0 0 0 0 0 0 2.294499 1.518439 1.756545 2.194229 2.518743 10.09746 10.23085 7.564783 7.452534 13.56305 9.012432 5.021081 4.598495 4.907173 7.595253 7.031455 5.463709 4.830394 11.40228 22.11665 30.73897 76.94063 134.3454 13.91349 5.966882 36.16494 54.28131 30.21514 14.83489 15.73191 15.77297 11.21578 17.66768 17.94044 11.08769 6.946157
0 0 0 0 0 0 0 0 0 0 0 0 0 0 0 0 0 0 0 0 0 0 0 0 0 0 0 0 0 0 0 0 0 0 0 0 0 0 0 0 0 0 0 0 0 0 0 0 4.762747 3.113008 3.606813 4.832019 3.985073 5.117789 5.005669 4.904394 6.686764 8.586429 8.676933 7.223386 7.671672 4.945519 24.38737 16.41467 35.53033 14.73417 15.86762 23.42472 36.06634 52.35534 37.72385 14.81692 12.32499 20.72255 18.66497 11.12973 11.2729 3.362783
0 0 0 0 0 0 0 0 0 0 0 0 0 0 0 0 0 0 0 0 0 0 0 0 0 0 0 0 0 0 0 0 0 0 0 0 0 0 0 0 0 0 0 0 0 0 0 0 0 2.561617 4.297096 4.382371 2.135668 1.663685 4.355602 4.904394 4.904395 4.904394 6.897103 7.864645 2.403397 1.565667 5.528645 5.880151 6.268254 33.33751 11.55238 3.4681 3.836346 22.077 58.11919 23.41178 10.04798 19.04892 42.50285 8.204237 4.424341 1.271419
0 0 0 0 0 0 0 0 0 0 0 0 0 0 0 0 0 0 0 0 0 0 0 0 0 0 0 0 0 0 0 0 0 0 0 0 0 0 0 0 0 0 0 0 0 0 0 0 0 0 0 3.013199 2.440513 1.23187 4.58632 4.904394 4.904394 5.038426 6.911834 7.89489 1.304272 2.312621 5.880151 5.880151 4.28931 12.12691 24.79625 9.23699 5.037325 8.077648 12.27661 9.518063 3.129253 25.52012 40.36589 16.72246 6.999992 4.847234
0 0 0 0 0 0 0 0 0 0 0 0 0 0 0 0 0 0 0 0 0 0 0 0 0 0 0 0 0 0 0 0 0 0 0 0 0 0 0 0 0 0 0 0 0 0 0 0 0 0 0 0 2.287237 13.76673 11.59 5.879412 6.542227 0 0 0 6.083686 5.478768 5.838304 5.880151 9.674591 10.10798 7.160963 6.458483 7.381277 2.856592 3.433737 5.266688 12.10811 19.90633 22.20765 21.82096 10.08874 13.31308
0 0 0 0 0 0 0 0 0 0 0 0 0 0 0 0 0 0 0 0 0 0 0 0 0 0 0 0 0 0 0 0 0 0 0 0 0 0 0 0 0 0 0 0 0 0 0 0 0 0 0 0 0 0 0 0 0 0 0 0 0 0 0 2.78208 1.847283 1.559493 1.569556 1.591585 1.682579 2.09292 2.109891 1.623885 2.892159 9.284503 7.034561 9.338822 7.516406 3.406666
0 0 0 0 0 0 0 0 0 0 0 0 0 0 0 0 0 0 0 0 0 0 0 0 0 0 0 0 0 0 0 0 0 0 0 0 0 0 0 0 0 0 0 0 0 0 0 0 0 0 0 0 0 0 0 0 0 0 0 0 0 0 0 1.664628 1.438035 1.392594 1.474052 1.620414 1.71256 2.186171 0 1.52111 6.1722 9.373712 7.499641 8.131597 8.332806 3.771424
0 0 0 0 0 0 0 0 0 0 0 0 0 0 0 0 0 0 0 0 0 0 0 0 0 0 0 0 0 0 0 0 0 0 0 0 0 0 0 0 0 0 0 0 0 0 0 0 0 0 0 0 0 0 0 0 0 0 0 0 0 0 0 0 0 1.054017 0 0 0 0 0 0 0 6.220638 0 0 0 0
0 0 0 0 0 0 0 0 0 0 0 0 0 0 0 0 0 0 0 0 0 0 0 0 0 0 0 0 0 0 0 0 0 0 0 0 0 0 0 0 0 0 0 0 0 0 0 0 0 0 0 0 0 0 0 0 0 0 0 0 0 0 0 0 0 0 0 0 0 0 0 0 0 0 0 0 0 0
