Scenarios/Heterogeneous/data/country_data_population_distribution/processed/density_grids/fra.asc
ncols 374
nrows 243
xllcorner -5
yllcorner 41
cellsize 0.041666666666667
NODATA_value -9999
[rows 68 to 101 of 243, columns 78 to 155 of 374]
54.82477 52.39073 32.4999 37.25584 35.08469 51.88118 34.31614 26.24428 21.04646 29.89815 29.97299 43.09156 50.21074 68.72674 54.18762 53.08274 68.13478 73.88595 102.0002 90.96978 95.92989 103.9616 99.96749 176.3155 114.5655 107.9273 147.8046 171.6121 122.8975 121.8297 132.3162 129.9594 110.4723 88.60926 71.67779 78.12616 54.24926 42.17414 59.88078 38.11485 23.91073 23.84819 77.56673 57.23889 39.93103 34.05632 21.55731 15.0217 37.27867 46.47376 148.398 225.2311 99.02567 36.38126 32.71692 27.38516 29.24854 33.78682 22.17647 19.07529 19.94235 22.51778 19.99689 19.58782 19.14938 28.67516 182.7693 59.65573 42.05809 48.86646 46.52043 31.6881 42.06677 78.65496 44.46357 32.85451 55.4566 57.2968
59.46519 53.77288 48.40612 46.63472 39.79849 24.13007 25.76725 34.28876 34.00368 27.57837 30.54421 29.18729 38.00354 55.63461 62.49256 82.86275 120.2023 108.1165 128.7023 123.9896 170.5436 157.2228 187.8806 268.3329 267.976 182.0026 209.4988 162.8878 185.9877 117.911 113.9976 118.4764 129.6548 93.40988 70.28495 52.0877 55.77461 58.77223 59.70428 34.7268 27.3445 24.45715 24.11374 34.4183 34.09536 35.36962 33.1607 34.09667 38.20124 54.9397 60.541 56.51279 39.01485 20.4798 21.8601 25.99018 29.37259 32.94934 19.42563 18.92154 18.48545 14.56137 32.14448 21.86329 21.09729 26.63295 28.94593 27.38703 152.9453 89.79134 56.98967 33.65336 37.21567 65.67123 33.22062 18.82117 47.9073 40.60336
129.841 116.4982 54.70375 71.71233 65.50551 24.48836 26.6846 46.86684 52.40104 48.9222 38.32381 36.32805 112.8783 245.3554 88.10331 106.4794 111.7637 110.6555 110.4138 137.5053 187.9597 266.7119 345.3183 326.6112 396.4549 358.634 424.4482 305.2328 132.3731 114.9354 95.45394 87.31693 98.81823 85.46315 63.96253 79.51728 87.86262 64.5956 55.4164 49.47255 37.97054 37.4297 57.61239 55.02214 62.07663 57.87619 58.49824 60.74135 49.34295 58.74015 66.33418 41.08183 25.97316 27.03627 39.85743 44.72316 80.77769 41.35021 24.00293 19.72763 11.81969 21.30003 101.6123 74.2757 29.87066 31.12012 37.78064 43.0749 58.99097 79.22564 63.86831 62.85988 57.36575 46.00656 37.85483 61.47813 99.91039 92.36104
94.75724 75.04548 62.85625 37.35246 34.14344 20.95257 22.98092 22.62803 30.05374 29.54038 31.46677 34.15833 34.74719 43.09025 50.52301 98.94514 88.41914 85.53175 231.2439 245.5101 241.1803 214.2594 350.1451 336.1304 1420.915 1683.162 2055.305 526.0331 410.5352 240.6155 222.3139 150.892 189.2524 123.7971 78.48489 93.28599 210.5538 247.0468 132.547 63.15931 52.93855 48.01633 92.17379 88.42097 89.83965 105.3048 96.72128 95.49031 139.9293 144.3082 76.14766 32.82592 109.2241 56.24482 52.01001 107.1557 172.3066 142.0788 47.51242 39.92159 27.89474 31.10184 41.88899 37.25198 30.54723 69.09716 66.00755 67.51652 84.38119 210.1608 219.4043 106.5506 68.0737 62.44444 75.38046 98.11985 101.8945 61.93747
67.65544 47.16781 33.8972 27.22937 26.83682 42.43127 24.9326 22.21174 17.82575 30.49845 47.81158 55.63387 35.09917 35.44039 39.79251 48.81294 65.25109 79.30946 232.0414 192.8607 283.7059 295.0498 500.3651 561.0432 2818.531 3807.954 3633.826 621.0873 425.7378 201.1146 262.1526 230.9264 232.3053 161.9944 96.90189 85.74409 268.9267 479.0692 119.8365 74.0641 111.474 126.5644 116.6787 87.99989 121.7459 178.9488 220.4729 312.4319 297.7983 161.8182 78.66224 55.57623 46.49861 53.86041 23.97622 33.2597 65.19069 43.58598 24.21922 14.84463 23.90798 41.25569 32.91951 32.06741 36.54967 79.9877 59.07619 67.02757 135.3062 207.4798 181.2622 141.389 107.5023 123.3671 122.5398 97.75541 80.61966 59.94415
54.20126 44.53242 26.91131 20.72819 13.39341 26.81303 28.66261 38.11465 39.37857 42.60957 47.57867 47.7073 43.04096 42.24998 18.21541 25.95649 69.4213 91.92329 93.13314 221.6119 170.4965 228.0135 290.2359 542.5407 1031.167 722.1593 522.7731 554.3088 348.2173 320.8839 312.0704 145.0487 96.44124 131.7182 107.1929 98.29401 106.2778 158.4892 117.4492 121.1221 43.40902 50.69882 58.35495 73.35204 106.5205 203.8531 662.0565 1480.387 910.7607 230.5471 118.9271 77.88522 55.1262 49.1194 35.35489 27.64993 18.73478 21.61327 21.93212 18.1917 19.93923 24.17727 26.06125 27.20308 40.8567 39.77103 78.17067 96.55311 138.9871 249.7046 240.1957 244.894 179.3014 154.9021 127.0345 151.6588 137.9509 163.9351
40.98878 39.71501 18.0987 14.44653 18.63011 23.76756 39.0235 40.77391 39.20031 35.74104 33.63358 23.6132 17.94534 17.94534 17.94534 45.79408 82.9911 101.2797 96.52132 130.7216 155.6142 172.2827 151.0134 520.9963 619.1536 464.0675 261.1872 335.4208 206.3188 231.2664 180.869 79.80993 70.05718 66.54269 66.73142 71.21872 78.0247 103.1334 84.35194 85.67552 40.63718 33.1217 42.67446 63.62667 72.39047 79.48014 174.1054 423.6481 340.7029 119.0753 62.9558 34.29835 34.06694 36.12336 37.13964 22.91308 18.12552 16.18792 21.2647 22.20267 31.60544 29.89228 71.47207 52.83347 56.26016 64.94301 80.7363 116.5891 148.4551 896.8777 1922.761 1525.205 182.0461 236.0959 175.1604 76.73901 99.77634 117.5699
58.14612 37.40246 28.99522 38.69415 73.38313 68.70248 57.6423 74.60299 58.02223 43.62652 34.00657 32.57512 45.27354 89.67265 93.47335 87.72678 71.63982 43.92464 51.81549 102.0714 132.2233 173.2504 183.1375 226.3367 230.6708 258.3427 287.9777 208.424 130.7269 161.9623 172.2178 105.8654 69.59428 54.93935 63.91896 74.92957 76.34593 78.03075 58.46772 52.51572 47.2636 43.82054 44.19324 62.04248 53.17091 57.55888 59.91734 73.91816 92.39442 72.67954 46.30048 36.49359 49.08464 44.98112 24.8226 28.92128 13.56561 17.16835 21.97108 32.49617 100.8828 39.80093 80.66764 60.12736 45.73544 45.02888 60.65858 143.1136 219.5787 668.3833 2516.752 2133.154 200.7278 192.1933 132.5257 69.99123 60.5079 88.41518
57.67651 47.34004 43.71189 45.03043 138.262 93.68893 67.37843 108.5402 211.0218 200.2473 53.93953 37.719 40.70596 88.03656 143.5402 104.6028 48.57924 58.39346 63.96785 90.46664 94.70775 96.91424 141.5816 177.5815 160.3684 199.4362 300.2935 144.7583 92.63762 271.3106 218.1645 73.97698 73.66966 74.17191 83.12448 171.4796 193.6104 54.7964 34.81049 33.94086 44.47563 45.45296 54.71465 70.96645 58.60003 45.03581 51.64642 50.52237 49.87202 48.96523 35.62157 50.38281 89.23408 59.09592 19.83091 37.55478 39.55706 29.22383 29.87474 31.08437 35.7215 31.424 35.52668 41.88624 38.50898 41.19579 81.13276 128.7245 219.8291 378.3001 792.7864 923.1226 254.6402 139.9708 83.09537 69.66987 49.14741 42.28627
54.08075 51.4374 38.66815 40.14328 43.81111 35.23507 58.18464 132.4989 176.3225 142.0308 54.42466 38.44716 35.85955 42.05916 116.4752 96.2328 50.58423 59.24247 68.4019 77.5862 93.65649 89.56875 106.1044 125.3326 122.8259 153.2966 81.85133 137.57 69.57552 112.5322 109.7764 74.00967 90.96809 98.21316 91.55113 48.3765 29.84809 24.66713 20.55912 27.67455 41.4334 32.85223 25.63615 38.23382 29.16832 41.49974 36.66074 42.92253 38.19716 43.63652 32.08445 25.82002 31.88543 31.75696 26.72155 29.67897 53.29759 36.17878 37.86922 46.49485 36.16326 35.22512 35.60652 48.03996 54.78514 81.45865 166.5709 128.7004 181.4136 239.1289 281.9484 242.8286 176.5007 146.3162 114.7881 77.99841 66.20857 43.29948
70.74376 55.60311 44.6051 47.31023 43.04829 42.745 62.61102 83.97617 78.86932 47.40552 35.2753 33.28041 31.17883 38.63511 72.46593 75.44082 49.32087 57.0345 68.67822 59.85117 86.3174 86.75514 75.54746 87.98946 126.5995 136.4902 134.2479 74.43465 61.62839 45.2213 41.04513 53.25265 55.74798 36.81575 39.94919 36.14458 31.03807 25.77503 34.22276 32.85301 35.51828 34.63823 86.82074 145.8291 69.91493 49.41209 42.92085 152.0427 225.286 82.58312 89.81548 42.68011 43.95742 36.34361 27.55622 45.02061 191.9386 291.9665 124.8336 88.87363 44.52356 31.59824 43.62882 68.55647 69.21019 61.06709 145.8616 147.0013 122.1297 108.2665 160.4727 168.9092 163.388 90.99586 63.31264 62.62674 62.53275 60.38183
69.6263 54.4192 51.9903 50.95417 52.45449 55.63421 56.00758 85.80428 215.3273 91.09686 55.23397 40.47081 34.32785 44.78835 50.86216 65.21431 53.4696 46.46884 63.71265 84.72831 85.16946 86.2754 81.01041 69.95357 97.26496 147.8853 142.6837 55.44215 44.19024 44.5647 42.146 37.00749 23.94341 33.1321 35.34659 30.71696 35.16066 27.97893 32.10685 38.80387 60.13491 41.63098 54.85816 58.43135 30.01202 32.99678 37.79385 177.5 342.8679 150.6177 114.1642 53.76421 37.23495 30.587 36.19114 38.62685 78.29065 220.2016 202.6743 91.12706 76.69227 57.56229 58.61108 92.86517 95.86622 48.38458 62.6263 108.0217 114.2429 98.31606 86.71449 85.32813 152.1246 118.6727 47.86419 35.89445 38.2646 34.91301
56.82396 74.78556 67.58591 77.84171 68.47476 66.16686 72.81086 102.7174 67.52071 59.38212 52.56674 44.31263 44.00376 84.65789 111.9401 87.96802 57.23672 51.32555 47.07291 56.48963 40.28388 63.54994 67.65347 53.26727 50.5853 53.81392 73.66835 61.68083 31.80153 26.97683 36.18256 40.52324 37.01027 57.29669 39.91843 33.78896 56.15517 56.81067 46.1944 37.52905 71.55808 85.90695 35.69475 28.69534 30.9697 27.36769 34.82955 46.57925 58.36715 47.07832 61.55242 33.94943 28.17893 39.52008 51.14094 42.92698 45.42076 63.08772 64.15726 73.49973 87.43145 63.08534 63.25267 65.76567 45.05346 45.34126 40.35284 38.29317 56.22477 75.95332 64.93728 61.94893 66.20692 65.26231 34.07658 21.9726 26.03897 29.78123
237.1895 178.0787 136.69 114.3976 114.3976 70.79636 59.32834 59.44248 53.01691 49.8115 47.13401 56.59636 70.63277 66.77645 84.06379 81.42931 83.24016 70.13597 53.36787 42.16399 46.92201 46.01225 45.81389 48.45947 49.86873 50.65874 47.42953 35.72462 35.75649 37.38692 36.8097 158.6434 315.9535 278.5403 38.45695 38.16702 39.127 42.97762 35.71712 31.14586 48.76657 71.85109 83.92524 74.51935 71.33436 167.0186 32.32859 27.42923 36.92826 32.99368 33.19229 31.10436 40.10786 42.3259 45.0976 45.7282 47.36958 81.67514 76.27524 60.98856 59.95998 59.74818 69.49869 135.8139 144.3113 82.76284 51.83712 34.74312 43.08115 51.97365 54.86681 40.48019 60.38624 51.71858 48.94612 63.09692 128.9163 34.42933
603.2621 304.6616 163.1154 147.2695 136.2478 110.9703 114.0178 129.0725 86.25201 94.24484 60.91824 60.76743 80.33576 87.23817 124.7225 176.8735 206.9886 114.9408 69.09057 53.95735 51.14773 49.23491 42.08406 40.44289 46.8219 63.95098 58.20226 33.12387 31.57441 41.73875 42.44257 46.69376 129.5992 89.1297 55.83462 42.53765 22.40762 15.694 13.4612 22.69139 36.57837 71.25021 96.4945 73.46303 149.4657 265.8049 48.28936 47.11339 53.60489 29.20221 27.9607 50.98936 86.69852 131.3475 173.4198 65.58525 45.88003 44.73872 51.24224 55.94824 55.49463 45.61441 67.44876 189.7267 191.2409 176.7433 68.3363 34.33969 55.33595 47.83466 46.09723 57.23292 62.21931 53.83895 50.4715 119.3289 185.9117 51.88712
960.5711 406.5262 196.3421 182.1539 145.3776 129.3916 117.7498 125.7645 115.7393 56.31203 45.41121 47.61437 70.92496 97.75998 128.8747 344.3112 301.8712 75.25329 36.11462 36.55178 46.4921 51.26628 48.29079 37.80094 48.40269 66.22983 57.96712 36.09373 35.73104 47.3511 47.43216 50.23736 44.94027 49.64006 56.909 47.27528 36.77245 28.40364 16.88561 17.37082 17.11556 19.5114 34.13256 37.69418 55.73289 61.04304 75.5904 90.70048 89.70238 79.67886 69.37803 72.55033 102.3262 57.0058 80.60754 122.9234 113.1157 51.65977 66.67844 66.8586 83.41163 53.34991 49.95888 76.72874 92.544 108.5975 21.99557 19.7059 43.50986 75.59212 79.62399 34.74876 30.97369 31.69097 25.81079 34.9646 34.60571 49.8531
424.7886 228.8189 147.2707 271.4268 137.4137 100.4664 71.09044 70.67481 98.67804 67.91611 61.89782 42.95347 44.88174 78.31596 103.6341 99.88263 97.94631 47.1907 43.68929 46.50338 50.88022 51.89603 51.87103 50.09977 52.9026 63.15097 55.56119 56.59734 55.93472 48.0052 47.80579 48.88093 44.53538 40.57121 26.79963 21.87268 24.2697 27.47779 31.32592 21.36868 19.03687 23.09734 29.91983 31.96976 40.95958 66.18683 74.97312 76.59081 79.76655 68.32569 68.99334 91.53828 75.74342 89.31309 155.6312 165.505 111.4405 124.9153 83.39839 61.09476 40.40362 33.17741 32.03485 50.4108 34.26168 13.26409 11.93762 11.72077 14.6093 25.83211 27.0997 22.05969 24.70245 19.58857 12.96734 22.24736 45.04417 51.8217
131.7171 140.0505 96.31364 96.09857 62.57793 93.71468 134.3625 100.5417 81.96705 71.12988 74.90473 84.00827 88.29146 54.0465 51.97863 62.25596 79.87066 60.28687 57.35598 58.78764 58.80533 58.80533 56.84536 46.07034 76.19745 79.3029 80.53988 79.08258 71.34199 40.17213 38.27491 43.0486 59.63381 44.6651 31.84842 28.518 34.58586 39.24561 26.90054 22.36734 78.81766 176.1251 29.81479 36.86357 60.11898 78.60378 86.05733 75.21164 85.75225 147.9908 211.3616 233.359 117.4184 173.8721 157.0639 147.9567 112.7123 80.21304 54.43171 54.00197 58.49809 45.7075 76.01672 173.9411 27.49387 11.58892 11.04641 11.98946 15.38013 13.74793 11.25995 17.15832 24.08617 42.40687 29.19923 27.71694 36.58807 38.95568
160.7585 165.5965 170.6255 145.7125 137.6293 59.47944 176.8056 126.1639 91.16361 84.3169 146.3655 94.26085 92.4713 65.30878 73.58499 95.52428 111.5297 84.55634 50.98484 56.41614 57.03199 53.62746 45.12464 47.14143 84.51627 97.45575 86.36968 75.71306 69.80618 60.66576 48.04732 48.07993 49.70449 52.25649 51.84456 48.56075 69.25999 111.5567 38.10515 22.54903 24.60831 27.31495 27.89602 57.91338 59.92157 60.94475 68.65711 77.53217 81.37804 93.77691 209.3649 618.1453 1113.423 798.4384 203.6605 295.4572 119.8904 78.46372 67.94067 50.68737 64.85925 52.9082 45.93535 109.0933 40.60163 16.22815 11.67915 30.754 53.0788 45.03588 12.76863 14.77814 22.32347 56.34044 62.03674 41.77034 36.25813 32.20869
160.7586 160.7585 0 0 0 103.6854 103.6854 94.17939 89.92566 145.4835 124.5359 102.3125 104.3888 99.94995 122.9593 179.5556 155.9787 109.6959 77.95354 76.39211 57.01923 80.59465 103.4891 109.3526 110.2102 160.5665 154.9703 78.41698 91.23727 135.4955 114.259 61.48945 56.84343 63.72871 70.1853 72.69033 70.72178 74.4507 60.47838 50.38531 60.52806 59.51753 51.68262 47.1638 44.84547 50.54206 57.80336 65.57563 122.561 182.4236 269.2522 1607.167 3142.724 2126.595 477.7996 320.3085 211.238 180.5934 110.6849 149.3172 85.41766 79.97041 57.74199 48.56866 37.59196 23.0843 20.40966 19.11715 38.91498 24.86569 16.53634 36.18343 38.80022 50.577 41.02 39.89968 45.17126 41.10791
0 0 0 0 0 103.6854 104.0631 72.86765 73.39454 99.66023 102.1752 175.4509 220.4506 137.2607 179.7416 222.155 173.0732 124.0265 108.0884 99.00676 73.07603 84.6455 86.85387 94.22925 110.2706 99.26899 96.37239 91.43568 133.401 148.3906 137.0792 111.4759 100.8849 131.1282 118.3333 103.7271 118.5562 117.5682 90.77898 72.12235 64.99585 82.02253 55.97033 84.25912 72.66226 52.92585 62.07918 73.95287 120.7127 132.926 248.2913 409.6916 1533.533 1217.99 793.4309 285.5044 156.8105 159.8473 158.5053 164.3185 199.0172 181.1688 43.65013 61.03683 66.16801 42.39429 27.64378 26.03974 27.40233 29.86538 20.54411 16.36279 35.9804 68.38788 58.91894 41.98137 48.15165 58.81717
0 0 206.4135 206.4135 206.4135 200.2807 134.2684 142.1325 156.4649 169.2665 189.3173 62.03747 62.60748 87.90427 174.8841 200.3555 217.2676 185.5938 115.6638 111.8948 92.31816 69.60587 62.97853 61.94168 67.26347 76.28985 99.00459 122.6186 195.9033 169.1477 190.8472 190.1893 148.0633 137.8924 72.08002 81.31519 175.0693 384.8279 95.01801 145.274 122.7458 91.04401 82.43251 188.8028 146.7419 113.5147 104.8641 107.91 121.8875 109.169 126.7724 123.314 289.7296 392.7317 233.1821 135.9269 72.80419 71.91015 93.28901 114.2998 115.6441 107.4829 65.72781 70.35202 80.15028 75.07909 49.34923 44.87026 38.23382 23.53816 21.27294 14.3744 26.58127 31.25394 36.80242 44.68982 44.46104 59.78246
0 0 0 0 206.4135 250.7843 274.248 241.561 252.8566 256.5275 179.9946 72.82685 57.58189 276.4303 271.1125 157.0867 175.9509 183.2549 138.577 305.1258 302.3193 102.1066 84.21357 92.09765 81.27244 135.0758 219.8766 207.3715 268.5424 169.629 166.8472 179.1698 146.892 114.537 135.5684 186.3904 214.4376 240.8775 119.325 131.5953 149.2645 107.9676 88.60792 81.55788 112.6066 116.9838 170.9984 196.0816 161.2429 100.7723 90.0633 90.20911 80.30153 91.82815 146.864 232.9478 57.63667 76.23122 62.48662 59.43824 87.49201 112.6175 76.20688 74.9183 74.19035 62.53057 58.99029 35.62285 36.02075 55.55735 54.27764 13.0735 14.95218 55.12219 70.65075 69.13461 183.9248 155.504
0 0 0 0 747.7777 600.6967 269.7323 262.0294 312.4537 466.5014 470.3958 909.2472 819.2865 570.6407 247.0508 192.6509 146.7557 168.1162 76.70388 49.35441 71.42527 101.084 145.3948 185.9586 116.0001 137.2384 475.6575 387.8748 555.9976 549.9487 413.8933 457.9051 252.1138 163.6818 163.731 182.8334 124.4807 127.2242 90.34954 96.24538 105.8193 89.14062 75.17507 63.05844 84.02111 86.12882 99.1939 124.57 75.01018 97.60324 137.1866 142.017 74.51152 53.99641 71.23184 134.7754 103.2405 59.64087 40.47032 58.92902 52.85264 45.42236 81.68569 232.4821 206.3005 97.8751 96.77933 67.45248 50.65265 45.51521 90.06331 51.02193 48.88677 43.29848 58.23009 90.67658 120.1377 100.4975
0 0 0 0 747.7777 728.4377 527.9429 805.0294 609.6782 678.8428 861.0566 1360.615 1366.554 1221.495 621.2261 154.9221 138.09 308.4142 76.9604 71.97482 107.1199 115.151 120.5988 123.5112 212.1882 374.0003 806.9009 935.222 2065.897 3431.241 891.1458 642.9086 314.9792 261.6668 193.1051 130.9817 101.1681 156.5789 120.3759 93.29398 159.8829 132.4984 67.32539 65.60336 68.74122 65.23649 69.49208 61.41309 83.15935 56.8202 63.52003 69.5256 72.95815 79.69382 77.97598 78.83434 53.14917 74.28647 49.73951 33.81073 35.48383 29.74293 243.8177 414.8505 411.7804 175.8864 94.01761 75.54321 55.90775 55.40885 96.47197 66.55057 60.87809 47.2878 74.68378 79.74431 101.6268 121.3206
0 0 0 0 0 0 0 0 986.7264 0 1014.325 1371.46 0 738.2379 562.0451 99.25443 86.82893 77.91699 76.43936 74.63641 77.42329 137.2757 235.5089 277.1602 391.8754 482.1142 1345.279 2393.651 4634.781 4534.432 1924.431 349.5663 232.1989 204.9612 194.9778 166.7755 127.8932 104.5803 70.03442 64.85051 75.48139 156.1983 156.5791 111.8598 54.06628 48.81073 62.14668 141.887 160.725 143.7157 45.15348 46.11135 56.96276 60.41296 64.73322 69.0062 49.88167 48.66984 66.2485 61.74315 28.08972 58.88916 104.6282 226.8708 341.2827 231.3607 87.94601 85.8377 78.44741 92.04153 133.0169 94.32069 65.11868 32.4679 42.72201 48.2545 41.06142 58.54321
0 0 0 0 0 0 0 0 0 0 0 0 0 251.0512 313.5471 185.1911 130.2696 86.31884 110.8748 116.4073 97.61385 87.41673 145.3465 180.3297 370.8715 908.0275 1019.231 2313.015 2786.821 2556.526 1080.88 466.6951 338.4467 288.1898 189.3342 176.033 164.6151 120.9484 81.67532 77.47414 104.0656 164.0565 149.2437 98.77655 81.92521 60.62178 64.13432 86.82643 88.59214 72.59875 51.88453 55.7238 57.93637 47.80318 47.04912 50.16804 52.20144 39.48074 157.3659 195.221 119.9292 34.24604 66.39505 70.92691 101.5842 76.95107 102.2652 70.93829 36.6567 83.83286 145.0336 177.6784 147.6273 26.78753 21.43116 21.81263 16.71073 20.41552
0 0 0 0 0 0 0 0 0 0 0 0 312.7411 342.9615 250.7786 183.7217 165.7809 95.91633 107.5752 118.4201 81.6044 82.58787 91.3395 104.0725 184.8917 359.2062 412.7006 369.2709 754.4938 868.4825 575.0035 408.5853 341.8488 302.4396 240.3086 198.4404 162.9769 110.3418 103.1697 87.27657 132.5388 150.7721 194.7247 141.82 126.4584 113.2761 77.7939 70.05764 72.11514 68.1492 65.07027 70.23917 75.60778 66.63427 36.57843 40.92679 31.53183 27.91465 31.47126 39.7616 68.87875 53.03717 78.67739 76.95377 54.56709 23.67631 18.15059 24.6906 20.00371 32.06793 37.45451 135.7514 125.1646 36.97878 20.30308 24.42159 54.41326 29.65266
0 0 0 0 0 0 0 0 0 0 0 0 280.1193 237.9864 176.3124 176.3124 214.1378 228.0183 169.3196 121.2249 73.73669 88.49206 187.4463 139.878 103.6499 129.4474 165.0314 183.605 232.6119 190.3814 181.0466 197.9892 198.695 215.1201 373.4265 498.4233 191.9965 104.7639 115.613 117.0981 89.77354 265.8734 223.9323 159.7734 272.0955 306.5618 178.2866 88.71085 76.03867 52.90679 50.12454 65.08521 54.11998 37.29453 26.50665 19.46292 21.80605 25.60976 32.97052 43.18151 68.64204 61.22253 61.16637 65.40673 39.69256 41.09187 32.30579 26.87623 16.33142 20.17371 34.45774 27.05014 40.50209 34.13966 28.58576 52.83818 87.64941 44.83664
0 0 0 0 0 0 0 0 0 211.3861 0 0 0 0 0 0 501.3971 331.929 154.9922 102.3462 83.03788 160.7881 171.5073 96.49047 140.0771 136.2811 134.4298 142.3299 217.9645 363.0503 143.756 198.5093 190.6306 138.0543 165.2808 251.5397 198.2823 125.7133 117.7246 90.35917 84.14147 129.5874 124.5668 268.3578 607.9885 617.0648 335.9928 105.7846 58.34691 38.49713 48.75244 43.95472 25.68468 17.3203 14.68829 12.40646 21.57244 27.13727 30.96221 53.53299 60.37214 65.48268 37.90585 21.85546 20.49853 32.85032 32.80454 36.51345 28.12105 26.64949 32.20955 20.78754 14.90901 36.95735 36.08945 37.79574 13.58108 34.13992
0 0 0 0 0 0 0 0 0 211.3861 211.3861 211.3861 211.3862 0 0 0 0 41.48004 66.70043 86.9857 86.93359 84.55632 85.50931 92.66362 112.9553 126.3992 127.0285 128.1573 130.9038 95.55532 91.51957 108.2907 93.08683 113.6892 124.0984 153.144 123.3218 103.7342 101.4627 103.9041 102.03 126.2794 170.4913 371.2789 613.2076 332.8849 133.2426 101.8799 74.62937 51.93914 55.46252 40.74115 23.30168 18.16917 21.38226 15.35186 18.92056 28.08833 28.65531 69.38532 105.333 83.39031 44.66198 24.89624 17.06961 20.36343 25.4596 119.1353 126.1319 56.31662 27.43622 20.45414 12.84897 132.9756 24.20745 19.09528 17.75206 17.93744
0 0 0 0 0 0 0 0 0 0 208.9535 202.6015 196.978 185.4459 0 0 41.48004 41.48004 49.25169 52.42061 88.29879 94.26937 90.84646 79.5632 97.70285 104.4226 100.6996 88.58997 88.21641 76.48939 80.0248 91.73834 90.87431 175.9809 494.8951 136.3935 139.7054 116.6732 90.3179 103.9355 97.92804 97.80171 105.275 230.5117 370.4688 250.0783 85.86444 55.47094 63.63576 67.58282 68.20467 60.5552 54.09719 39.84764 48.84064 37.90045 16.86351 22.21873 40.74734 90.10348 306.6073 453.1201 53.66786 36.19708 31.09548 15.05859 24.78098 49.50438 75.99743 80.97227 20.00273 9.834023 16.56682 19.58203 18.28497 17.59407 17.82698 19.51949
0 0 0 0 0 0 0 0 0 0 0 187.0859 187.0859 173.4762 172.1714 122.2813 90.02507 71.08948 73.33833 74.77219 52.98421 59.84729 80.21468 79.71764 75.58237 63.7981 62.19696 73.07886 70.33616 110.4078 118.9611 92.22163 107.605 242.3248 151.2176 136.3388 117.4802 93.48694 102.5112 108.6517 112.7261 102.9467 94.69614 133.1044 185.0401 81.70979 73.10521 72.86463 72.64812 71.20542 66.87403 60.32243 59.07081 42.40287 37.17057 67.7375 12.95135 16.03076 32.77158 39.80615 85.40162 45.19673 45.1681 30.03496 23.42909 20.63937 25.07457 22.18556 28.13348 20.44144 23.9171 17.41808 15.75838 12.90435 19.90349 24.97854 24.6787 25.9438
0 0 0 0 0 0 0 0 0 0 0 0 0 172.1714 123.4173 105.5656 128.1612 156.5681 109.7071 81.21185 83.02591 92.33028 93.06697 97.47839 74.31344 56.48466 59.36761 81.17333 81.17333 97.76658 94.319 85.04109 137.8324 119.4459 85.62519 97.6629 94.26662 102.5009 117.9493 131.9458 159.5286 176.4872 149.2274 118.2925 103.071 86.24235 49.05558 50.89423 61.43769 58.44062 59.17067 58.19995 62.38037 69.65837 85.33334 105.2044 89.93813 44.85473 30.64427 56.98749 70.24679 57.5557 27.01121 21.968 24.57906 24.66707 24.00426 18.05843 12.13336 13.6951 34.13866 16.71658 22.98222 20.20453 24.47456 38.35257 42.47709 43.97234
