Scenarios/Heterogeneous/data/country_data_population_distribution/processed/density_grids/gab.asc
ncols 156
nrows 152
xllcorner 8
yllcorner -3
cellsize 0.041666666666667
NODATA_value -9999
[rows 30 to 59 of 152, columns 68 to 135 of 156]
0 0 0 0 0 0 0 0 0 0 0 0 18.23889 17.55208 17.55208 17.55208 17.55208 17.55208 17.55208 17.55208 17.55208 17.55208 17.55208 16.5981 11.64095 7.47368 3.996964 3.712852 3.712852 3.712852 3.712852 3.712852 3.712852 3.712852 3.281077 2.454353 2.454353 2.454353 2.454353 2.454353 2.454353 2.454353 2.454353 2.454353 2.454353 2.454353 2.454353 2.454353 2.454353 2.454353 2.454353 2.454353 2.454353 2.454353 2.454353 2.454353 2.454353 2.454353 2.454353 2.454353 2.454353 2.454353 2.454353 2.454353 2.418407 2.271481 2.219293 2.217928
0 0 0 0 0 0 0 0 0 0 0 0 18.17429 17.55208 17.55208 17.55208 17.55208 17.55208 17.55208 17.55208 17.34336 13.13153 8.450236 4.306355 3.712853 3.712852 3.712853 3.712852 3.712853 3.712852 3.712852 3.712852 3.712853 3.603308 2.5452 2.454353 2.454353 2.454353 2.454353 2.454353 2.454353 2.454353 2.454353 2.454353 2.454353 2.454353 2.454353 2.454353 2.454353 2.454353 2.454353 2.454353 2.454353 2.454353 2.454353 2.454353 2.454353 2.454353 2.454353 2.454353 2.454353 2.454353 2.454353 2.413095 2.23057 2.217928 2.217928 2.217928
7.116438 7.036815 6.768908 5.243885 5.737271 5.38442 5.20505 5.041682 5.820874 5.501576 5.664524 11.6566 17.56306 17.55208 17.55208 17.55208 17.55208 17.55208 14.71981 9.279056 4.943475 3.712852 3.712852 3.712852 3.712852 3.712852 3.712853 3.712852 3.712853 3.712852 3.712852 3.712852 3.712852 3.300284 2.454353 2.454353 2.454353 2.454353 2.454353 2.454353 2.454353 2.454353 2.454353 2.454353 2.454353 2.454353 2.454353 2.454353 2.454353 2.454353 2.454353 2.454353 2.454353 2.454353 2.454353 2.454353 2.454353 2.454353 2.454353 2.454353 2.454353 2.454353 2.4347 2.248329 2.217928 2.217928 2.217928 2.217928
6.422834 6.422834 6.011035 3.712853 3.712852 3.712853 3.712852 3.712852 3.712852 3.712853 3.712852 3.712852 11.09444 17.55208 17.55118 15.20526 11.11975 6.503468 3.714096 3.712852 3.712852 3.712852 3.712852 3.712852 3.712853 3.712852 3.712853 3.712852 3.712852 3.712852 3.712853 3.712852 3.712853 3.424669 2.454353 2.454353 2.454353 2.454353 2.454353 2.454353 2.454353 2.454353 2.454353 2.454353 2.454353 2.454353 2.454353 2.454353 2.454353 2.454353 2.454353 2.454353 2.454353 2.454353 2.454353 2.454353 2.454353 2.454353 2.454353 2.454353 2.410249 2.308016 2.245291 2.217928 2.217928 2.217928 2.217928 2.217928
6.422834 6.422834 6.042423 3.712853 3.712852 3.712853 3.712852 3.712852 3.712852 3.712852 3.712852 3.712852 5.4683 10.9674 5.879592 3.712852 3.712852 3.712852 3.712852 3.712852 3.712852 3.712852 3.712852 3.712852 3.712853 3.712852 3.712852 3.712852 3.712852 3.712852 3.712852 3.712852 3.712852 2.922966 2.454353 2.454353 2.454353 2.454353 2.454353 2.454353 2.454353 2.454353 2.454353 2.454353 2.454353 2.454353 2.454353 2.454353 2.454353 2.454353 2.454353 2.454353 2.454353 2.454353 2.454353 2.454353 2.454353 2.454353 2.454353 2.448995 2.279889 2.217928 2.217928 2.217928 2.217928 2.217928 2.217928 2.217928
6.422834 6.422834 6.044815 3.756465 3.712852 3.712852 3.712852 3.712852 3.712852 3.712852 3.712852 3.712852 3.712852 3.712852 3.712852 3.712852 3.712853 3.712852 3.712852 3.712852 3.712852 3.712852 3.712852 3.712852 3.712852 3.712852 3.712852 3.712852 3.712852 3.712852 3.712852 3.712852 3.171512 2.559721 2.454353 2.454353 2.454353 2.454353 2.454353 2.454353 2.454353 2.454353 2.454353 2.454353 2.454353 2.454353 2.454353 2.454353 2.454353 2.454353 2.454353 2.454353 2.454353 2.454353 2.454353 2.454353 2.454353 2.454353 2.454353 2.383858 2.217928 2.217928 2.217928 2.217928 2.217928 2.217928 2.217928 2.217928
6.422834 6.422834 5.539194 3.772543 3.712852 3.712853 3.712852 3.712853 3.712852 3.712853 3.712852 3.712853 3.712852 3.712853 3.712852 3.712853 3.712852 3.712853 3.712852 3.712852 3.712852 3.712852 3.712853 3.712852 3.712853 3.712852 3.712853 3.712852 3.712853 3.712852 3.5891 2.529943 1.956947 2.454353 2.454353 2.454353 2.454353 2.454353 2.454353 2.454353 2.454353 2.454353 2.454353 2.454353 2.454353 2.454353 2.454353 2.454353 2.454353 2.454353 2.454353 2.454353 2.454353 2.454353 2.454353 2.454353 2.454353 2.454353 2.454353 2.382669 2.217928 2.217928 2.217928 2.217928 2.217928 2.217928 2.217928 2.217928
4.463477 2.862553 1.988549 2.76048 3.712852 3.712852 3.712852 3.712852 3.712852 3.712852 3.712852 3.712852 3.712852 3.712852 3.712852 3.712852 3.712852 3.712852 3.712852 3.712852 3.712852 3.712852 3.712852 3.712852 3.712852 3.712852 3.712852 3.712852 3.710613 3.056178 2.008474 1.834902 2.105846 2.454353 2.454353 2.454353 2.454353 2.454353 2.454353 2.454353 2.454353 2.454353 2.454353 2.454353 2.454353 2.454353 2.454353 2.454353 2.454353 2.454353 2.454353 2.454353 2.454353 2.454353 2.454353 2.454353 2.454353 2.454353 2.454353 2.443923 2.236292 2.217928 2.217928 2.217928 2.217928 2.217928 2.217928 2.217928
1.988531 1.988531 1.988531 2.604395 3.712853 3.712852 3.712853 3.712853 3.712853 3.712852 3.712853 3.712852 3.712853 3.712852 3.712853 3.712852 3.712853 3.712852 3.712853 3.712853 3.712853 3.712853 3.712852 3.712853 3.712852 3.712853 3.712852 3.464057 2.352164 1.834902 1.834902 1.834902 2.296121 2.454353 2.454353 2.454353 2.454353 2.454353 2.454353 2.454353 2.454353 2.454353 2.454353 2.454353 2.454353 2.454353 2.454353 2.454353 2.454353 2.454353 2.454353 2.454353 2.454353 2.454353 2.454353 2.454353 2.454353 2.454353 2.454353 2.454353 2.361259 2.217928 2.217928 2.217928 2.217928 2.217928 2.217928 2.217928
1.988531 1.988531 1.988531 2.603077 3.712853 3.712852 3.712853 3.712853 3.712853 3.712853 3.712853 3.712853 3.712852 3.712853 3.712853 3.712853 3.712853 3.712852 3.712853 3.712853 3.712853 3.712853 3.712853 3.712853 3.712853 3.710135 2.943814 1.909486 1.834902 1.834902 1.834902 1.834902 2.018672 2.377916 2.454353 2.454353 2.454353 2.454353 2.454353 2.454353 2.454353 2.454353 2.454353 2.454353 2.454353 2.454353 2.454353 2.454353 2.454353 2.454353 2.454353 2.454353 2.454353 2.454353 2.454353 2.454353 2.454353 2.454353 2.454353 2.454353 2.45315 2.268029 2.217928 2.217928 2.217928 2.217928 2.217928 2.217928
1.988531 1.988531 1.988531 2.934871 3.712852 3.712852 3.712852 3.712852 3.712852 3.712852 3.712852 3.712852 3.712852 3.712852 3.712853 3.712852 3.712852 3.712852 3.712852 3.712852 3.712852 3.712852 3.712852 3.712852 3.530006 2.417092 1.834902 1.834902 1.834902 1.834902 1.834902 1.834902 1.834902 2.041383 2.454353 2.454353 2.454353 2.454353 2.454353 2.454353 2.454353 2.454353 2.454353 2.454353 2.454353 2.454353 2.454353 2.454353 2.454353 2.454353 2.454353 2.454353 2.454353 2.454353 2.454353 2.454353 2.454353 2.454353 2.454353 2.454353 2.454353 2.429063 2.263361 2.217928 2.217928 2.217928 2.217928 2.217928
1.988531 1.988531 2.198006 3.566571 3.712852 3.712852 3.712852 3.712852 3.712852 3.712852 3.712852 3.712852 3.712852 3.712852 3.712852 3.712852 3.712852 3.712852 3.712852 3.712852 3.712852 3.712852 3.709085 3.059996 1.96038 1.834902 1.834902 1.834902 1.834902 1.834902 1.834902 1.834902 1.834902 1.920466 2.43817 2.454353 2.454353 2.454353 2.454353 2.454353 2.454353 2.454353 2.454353 2.454353 2.454353 2.454353 2.454353 2.454353 2.454353 2.454353 2.454353 2.454353 2.454353 2.454353 2.454353 2.454353 2.454353 2.454353 2.454353 2.454353 2.454353 2.454353 2.446316 2.340806 2.235426 2.217928 2.217928 2.217928
1.988531 2.044113 3.52962 3.712852 3.712852 3.712852 3.712852 3.712852 3.712852 3.712852 3.712852 3.712852 3.712852 3.712852 3.712852 3.712852 3.712852 3.712852 3.712852 3.712852 3.712852 3.503764 2.496577 1.965813 1.834902 1.834902 1.834902 1.834902 1.834902 1.834902 1.834902 1.834902 1.834902 1.83522 2.189455 2.27861 2.278097 2.444434 2.454353 2.454353 2.454353 2.454353 2.454353 2.454353 2.454353 2.454353 2.454353 2.454353 2.454353 2.454353 2.454353 2.454353 2.454353 2.454353 2.454353 2.454353 2.454353 2.454353 2.454353 2.454353 2.454353 2.454353 2.454353 2.454353 2.414347 2.218458 2.217928 2.217928
1.988531 2.213087 3.712031 3.712852 3.712852 3.712853 3.712852 3.712852 3.712852 3.712853 3.712852 3.712853 3.712852 3.712852 3.712852 3.712852 3.712852 3.712852 3.712852 3.699995 2.99825 2.117421 2.038494 1.914817 1.834902 1.834902 1.834902 1.834902 1.834902 1.834902 1.834902 1.834902 1.834902 1.834902 1.834902 1.834902 1.834902 1.969945 2.117092 2.285388 2.450851 2.454353 2.454353 2.454353 2.454353 2.454353 2.454353 2.454353 2.454353 2.454353 2.454353 2.454353 2.454353 2.454353 2.454353 2.454353 2.454353 2.454353 2.454353 2.454353 2.454353 2.454353 2.454353 2.454353 2.454353 2.288595 2.217928 2.217928
1.988531 2.686992 3.712852 3.712852 3.712853 3.712852 3.712853 3.712852 3.712853 3.712852 3.712853 3.712852 3.712852 3.712852 3.712853 3.712852 3.712852 3.712852 3.471408 2.436192 2.038494 2.038494 2.038494 1.903176 1.834902 1.834902 1.834902 1.834902 1.834902 1.834902 1.834902 1.834902 1.834902 1.834902 1.834902 1.834902 1.834902 1.834902 1.834902 1.834902 1.97874 2.366997 2.454353 2.454353 2.454353 2.454353 2.454353 2.454353 2.454353 2.454353 2.454353 2.454353 2.454353 2.454353 2.454353 2.454353 2.454353 2.454353 2.454353 2.454353 2.454353 2.454353 2.454353 2.454353 2.454353 2.434138 2.324548 2.235065
1.988531 3.214875 3.712852 3.712853 3.712852 3.712853 3.712852 3.712852 3.712852 3.712853 3.712852 3.712853 3.712852 3.712853 3.712853 3.712853 3.708946 3.024159 2.107452 2.038494 2.038494 2.038494 2.038494 1.945683 1.834902 1.834902 1.834902 1.834902 1.834902 1.834902 1.834902 1.834902 1.834902 1.834902 1.834902 1.834902 1.834902 1.834902 1.834902 1.834902 1.834902 1.86163 2.333601 2.454353 2.454353 2.454353 2.454353 2.454353 2.454353 2.454353 2.454353 2.454353 2.454353 2.454353 2.454353 2.454353 2.454353 2.454353 2.454353 2.454353 2.454353 2.454353 2.454353 2.454353 2.454353 2.454353 2.454353 2.432494
1.992729 3.536513 3.712853 3.712852 3.712852 3.712852 3.712853 3.712853 3.712853 3.712852 3.712852 3.712852 3.712852 3.712852 3.712853 3.623311 2.572633 2.038494 2.038494 2.038494 2.038494 2.038494 2.038494 2.017934 1.840085 1.834902 1.834902 1.834902 1.834902 1.834902 1.834902 1.834902 1.834902 1.834902 1.834902 1.834902 1.834902 1.834902 1.834902 1.834902 1.834902 1.834902 2.236234 2.454353 2.454353 2.454353 2.454353 2.454353 2.454353 2.454353 2.454353 2.454353 2.454353 2.454353 2.454353 2.454353 2.454353 2.454353 2.454353 2.454353 2.454353 2.454353 2.454353 2.454353 2.454353 2.454353 2.454353 2.454353
2.625783 3.712853 3.712853 3.712852 3.712853 3.712852 3.712853 3.712853 3.712853 3.712852 3.712853 3.712852 3.712852 3.712852 3.670549 2.342249 2.038494 2.038494 2.038494 2.038494 2.038494 2.038494 2.038494 2.038494 1.896988 1.834902 1.834902 1.834902 1.834902 1.834902 1.834902 1.834902 1.834902 1.834902 1.834902 1.834902 1.834902 1.834902 1.834902 1.834902 1.834902 1.883051 2.422583 2.454353 2.454353 2.454353 2.454353 2.454353 2.454353 2.454353 2.454353 2.454353 2.454353 2.454353 2.454353 2.454353 2.454353 2.454353 2.454353 2.454353 2.454353 2.454353 2.454353 2.454353 2.454353 2.454353 2.454353 2.454353
3.256063 3.712852 3.712852 3.712852 3.712852 3.712853 3.712852 3.712852 3.712852 3.712852 3.712852 3.712852 3.712852 3.712852 3.712852 3.371973 2.440998 2.038494 2.038494 2.038494 2.038494 2.038494 2.038494 2.038494 1.926998 1.834902 1.834902 1.834902 1.834902 1.834902 1.834902 1.834902 1.834902 1.834902 1.834902 1.834902 1.834902 1.834902 1.834902 1.834902 1.834902 2.115614 2.454353 2.454353 2.454353 2.475989 2.454353 2.454353 2.454353 2.454353 2.454353 2.454353 2.454353 2.454353 2.454353 2.454353 2.454353 2.454353 2.454353 2.454353 2.454353 2.454353 2.454353 2.454353 2.454353 2.454353 2.454353 2.454353
2.825247 3.712852 3.712852 3.712852 3.712852 3.712853 3.712852 3.712853 3.712852 3.644392 3.712852 3.712852 3.712852 3.712852 3.712852 3.712852 3.708204 2.99134 2.040865 2.038494 2.038494 2.038494 2.038494 2.038494 1.982194 1.834902 1.834902 1.834902 1.834902 1.834902 1.834902 1.834902 1.834902 1.834902 1.834902 1.834902 1.834902 1.868886 1.87155 1.853579 1.86671 2.075204 2.378022 2.866307 2.541288 2.996007 2.768802 2.455448 2.454353 2.454353 2.688384 2.468648 2.454353 2.454353 2.454353 2.454353 2.454353 2.454353 2.454353 2.454353 2.454353 2.454353 2.454353 2.454353 2.454353 2.454353 2.454353 2.454353
3.250221 3.330791 3.308211 3.284683 3.259667 3.234143 3.178813 3.105892 2.972065 2.765847 2.904501 3.074875 3.061517 3.037421 3.016962 3.006232 2.996032 2.720268 2.038494 2.038494 2.038494 2.038494 2.038494 2.038494 2.037899 1.87809 1.834902 1.834902 1.834902 1.834902 1.834902 1.834902 1.834902 1.834902 1.834902 1.834902 1.882303 2.038435 2.03848 2.038494 2.038494 2.038494 2.519749 3.0899 3.064101 3.0899 3.0899 2.867411 2.750661 2.680928 3.003222 2.922661 2.685933 2.62881 2.454353 2.454353 2.454353 2.454353 2.454353 2.454353 2.454353 2.454353 2.454353 2.454353 2.454353 2.454353 2.454353 2.454353
2.765245 2.765245 2.765245 2.765245 2.765245 2.765245 2.765245 2.765245 2.765245 2.765245 2.765245 2.765245 2.765245 2.765245 2.765245 2.765245 2.765229 2.264172 2.038494 2.038494 2.038494 2.038494 2.038494 2.038494 2.038494 1.966297 1.834902 1.834902 1.834902 1.834902 1.834902 1.834902 1.834902 1.834902 1.834902 1.834902 1.875207 2.038494 2.038494 2.038494 2.038494 2.038494 2.784693 3.0899 3.0899 3.0899 3.0899 3.0899 3.0899 3.0899 3.0899 3.0899 3.0899 3.06192 2.505701 2.454353 2.454353 2.454353 2.454353 2.454353 2.454353 2.454353 2.454353 2.454353 2.454353 2.454353 2.454353 2.454353
2.765245 2.765245 2.765245 2.765244 2.765245 2.765244 2.765245 2.765245 2.765245 2.765244 2.765245 2.765244 2.765245 2.765244 2.765245 2.702215 2.413775 2.038494 2.038494 2.038494 2.038494 2.038494 2.038494 2.038494 2.038494 1.988267 1.834902 1.834902 1.834902 1.834902 1.834902 1.834902 1.834902 1.834902 1.834902 1.83865 1.930304 2.038494 2.038494 2.038494 2.038494 2.042725 3.019922 3.0899 3.0899 3.0899 3.0899 3.0899 3.0899 3.0899 3.0899 3.0899 3.0899 3.0899 2.743482 2.454353 2.454353 2.454353 2.454353 2.454353 2.454353 2.454353 2.454353 2.454353 2.454353 2.454353 2.454353 2.454353
2.765245 2.765245 2.765245 2.765245 2.765245 2.765245 2.765245 2.765245 2.765245 2.765245 2.765245 2.765245 2.765245 2.762253 2.510013 2.062774 2.038494 2.038494 2.038494 2.038494 2.038494 2.038494 2.038494 2.038494 2.038494 1.960387 1.834902 1.834902 1.834902 1.834902 1.834902 1.834902 1.834902 1.834902 1.834902 1.909241 2.038494 2.038494 2.038494 2.038494 2.038494 2.189999 3.0899 3.0899 3.0899 3.0899 3.0899 3.0899 3.0899 3.0899 3.0899 3.0899 3.0899 3.0899 2.948441 2.464045 2.454353 2.454353 2.454353 2.454353 2.454353 2.454353 2.454353 2.454353 2.454353 2.454353 2.454353 2.454353
2.765245 2.765245 2.765245 2.765245 2.765245 2.765245 2.765245 2.765245 2.765245 2.765245 2.765245 2.765245 2.560538 2.137656 2.039435 2.038494 2.038494 2.038494 2.038494 2.038494 2.038494 2.038494 2.038494 2.038494 2.038494 2.019183 1.8508 1.834902 1.834902 1.834902 1.834902 1.834902 1.834902 1.848714 1.960182 2.0242 2.038494 2.038494 2.038494 2.038494 2.038494 2.405048 3.0899 3.0899 3.0899 3.0899 3.0899 3.0899 3.0899 3.0899 3.0899 3.0899 3.0899 3.0899 3.089886 3.014811 2.75397 2.726953 2.5955 2.790812 2.454353 2.454353 2.454353 2.454353 2.454353 2.454353 2.454353 2.454353
2.765245 2.765245 2.765245 2.765245 2.765245 2.765245 2.765245 2.765245 2.765245 2.765245 2.765245 2.490756 2.043916 2.038494 2.038494 2.038494 2.038494 2.038494 2.038494 2.038494 2.038494 2.038494 2.038494 2.038494 2.038494 2.038494 1.955259 1.834902 1.834902 1.834902 1.845401 1.911497 1.951931 2.028256 2.038494 2.038494 2.038494 2.038494 2.038494 2.038494 2.038494 2.597276 3.0899 3.0899 3.0899 3.0899 3.0899 3.0899 3.0899 3.0899 3.0899 3.0899 3.0899 3.0899 3.0899 3.0899 3.0899 3.0899 3.089903 5.047354 5.031552 4.912156 5.005395 4.886627 5.058756 4.288739 3.507973 2.874977
2.765245 2.765245 2.765245 2.765245 2.765245 2.765245 2.765245 2.765245 2.765245 2.765245 2.734349 2.109257 2.038494 2.038494 2.038494 2.038494 2.038494 2.038494 2.038494 2.038494 2.038494 2.038494 2.038494 2.038494 2.038494 2.038494 2.037749 1.961816 1.917246 1.935927 2.019173 2.038494 2.038494 2.038494 2.038494 2.038494 2.038494 2.038494 2.038494 2.038494 2.038494 2.783468 3.0899 3.0899 3.0899 3.0899 3.0899 3.0899 3.0899 3.0899 3.0899 3.0899 3.0899 3.0899 3.0899 3.0899 3.0899 3.0899 4.062964 5.586304 5.586304 5.586303 5.586304 5.586303 5.586303 5.586303 5.586304 5.585663
2.765245 2.765245 2.765245 2.765245 2.765245 2.765245 2.765245 2.765245 2.765245 2.765245 2.56168 2.039918 2.038494 2.038494 2.038494 2.038494 2.038494 2.038494 2.038494 2.038494 2.038494 2.038494 2.038494 2.038494 2.038494 2.038494 2.038494 2.038494 2.038494 2.038494 2.038494 2.038494 2.038494 2.038494 2.038494 2.038494 2.038494 2.038494 2.038494 2.038494 2.038494 2.977826 3.0899 3.0899 3.0899 3.0899 3.0899 3.0899 3.0899 3.0899 3.0899 3.0899 3.0899 3.0899 3.0899 3.0899 3.0899 3.358877 5.433601 5.586304 5.586304 5.586304 5.586304 5.586304 5.586304 5.586304 5.586304 5.586304
2.765245 2.765245 2.765245 2.765245 2.765245 2.765244 2.765245 2.765245 2.765245 2.765245 2.765245 2.70286 2.198731 2.038494 2.038494 2.038494 2.038494 2.038494 2.038494 2.038494 2.038494 2.038494 2.038494 2.038494 2.038494 2.038494 2.038494 2.038494 2.038494 2.038494 2.038494 2.038494 2.038494 2.038494 2.038494 2.038494 2.038494 2.038494 2.038494 2.038494 2.152792 3.089899 3.0899 3.0899 3.0899 3.0899 3.0899 3.0899 3.0899 3.0899 3.0899 3.0899 3.0899 3.0899 3.0899 3.0899 3.0899 3.265174 5.566239 5.586304 5.586304 5.586304 5.586304 5.586304 5.586304 5.586304 5.586304 5.586304
2.765245 2.765245 2.765245 2.765245 2.765244 2.765245 2.765245 2.765245 2.765245 2.765245 2.765245 2.765245 2.531239 2.038494 2.038494 2.038494 2.038494 2.038494 2.038494 2.038494 2.038494 2.038494 2.038494 2.038494 2.038494 2.038494 2.038494 2.038494 2.038494 2.038494 2.038494 2.038494 2.038494 2.038494 2.038494 2.038493 2.038494 2.038494 2.038494 2.038494 2.369781 3.0899 3.0899 3.089899 3.0899 3.0899 3.0899 3.0899 3.0899 3.089899 3.0899 3.0899 3.0899 3.0899 3.0899 3.0899 3.0899 3.0899 5.045147 5.586303 5.586304 5.586304 5.586304 5.586304 5.586304 5.586304 5.586304 5.586304
