Scenarios/Heterogeneous/data/country_data_population_distribution/processed/density_grids/gab.asc
ncols 156
nrows 152
xllcorner 8
yllcorner -3
cellsize 0.041666666666667
NODATA_value -9999
[rows 90 to 119 of 152, columns 0 to 67 of 156]
0 0 0 0 0 0 0 0 0 0 0 0 0 0 0 0 0 0 0 0 0 0 0 0 0 1.243154 1.243154 1.243154 1.243154 1.243154 1.243154 1.243154 1.243154 1.243154 1.243154 1.243154 1.243154 1.243154 1.243154 1.243154 1.243154 1.243154 1.243154 1.243154 1.243154 1.243154 1.243154 1.460736 1.933722 1.933722 1.933722 1.933722 1.933722 1.933722 1.933722 1.933722 1.933722 1.933722 1.933524 1.932754 1.932524 1.932478 1.932478 1.932478 1.932478 1.932478 1.932478 7.973146
0 0 0 0 0 0 0 0 0 0 0 0 0 0 0 0 0 0 0 0 0 0 0 0 0 0 1.243154 1.243154 1.243154 1.243154 1.243154 1.243154 1.243154 1.243154 1.243154 1.243154 1.243154 1.243154 1.243154 1.243154 1.243154 1.243154 1.243154 1.243154 1.243154 1.243154 1.243154 1.38608 1.933722 1.933722 1.933722 1.933722 1.933722 1.933722 1.933722 1.933722 1.933722 1.933722 1.933722 1.933722 1.933523 1.932539 1.932478 1.932479 1.932478 1.932479 1.932479 4.796827
0 0 0 0 0 0 0 0 0 0 0 0 0 0 0 0 0 0 0 0 0 0 0 0 0 0 0 1.243154 1.243154 1.243154 1.243154 1.243154 1.243154 1.243154 1.243154 1.243154 1.243154 1.243154 1.243154 1.243154 1.243154 1.243154 1.243154 1.243154 1.243154 1.243154 1.243154 1.34977 1.933722 1.933722 1.933722 1.933722 1.933722 1.933722 1.933722 1.933722 1.933722 1.933722 1.933713 1.932927 1.932479 1.932479 1.932478 1.932479 1.932478 1.932479 1.932478 1.932479
0 0 0 0 0 0 0 0 0 0 0 0 0 0 0 0 0 0 0 0 0 0 0 0 0 0 0 0 1.243154 1.243154 1.243154 1.243154 1.243154 1.243154 1.243154 1.243154 1.243154 1.243154 1.243154 1.243154 1.243154 1.243154 1.243154 1.243154 1.243154 1.246365 1.46601 1.729262 1.933723 1.933723 1.933723 1.933722 1.933723 1.933722 1.933723 1.933722 1.933723 1.933722 1.933285 1.932478 1.932478 1.932478 1.932478 1.932478 1.932478 1.932478 1.932478 1.932478
0 0 0 0 0 0 0 0 0 0 0 0 0 0 0 0 0 0 0 0 0 0 0 0 0 0 0 0 1.243154 1.243154 1.243154 1.243154 1.243154 1.243154 1.243154 1.243154 1.243154 1.243154 1.243154 1.243154 1.243154 1.243154 1.243154 1.243154 1.243154 1.346821 1.933722 1.933722 1.933722 1.933722 1.933722 1.933722 1.933722 1.933722 1.933722 1.933722 1.933722 1.933722 1.932927 1.932478 1.932479 1.932478 1.932479 1.932478 1.932479 1.932478 1.932479 1.932478
0 0 0 0 0 0 0 0 0 0 0 0 0 0 0 0 0 0 0 0 0 0 0 0 0 0 0 0 0 1.243154 1.243154 1.243154 1.243154 1.243154 1.243154 1.243154 1.243154 1.243154 1.243154 1.243154 1.243154 1.243154 1.243154 1.243154 1.243154 1.62454 1.933722 1.933722 1.933722 1.933722 1.933722 1.933722 1.933722 1.933722 1.933722 1.933722 1.933722 1.933722 1.933202 1.932478 1.932479 1.932478 1.932479 1.932478 1.932479 1.932479 1.932479 1.932478
0 0 0 0 0 0 0 0 0 0 0 0 0 0 0 0 0 0 0 0 0 0 0 0 0 0 0 0 0 1.243154 1.243154 1.243154 1.243154 1.243154 1.243154 1.243154 1.243154 1.243154 1.243154 1.243154 1.243154 1.243154 1.243154 1.243154 1.243154 1.458564 1.933722 1.933722 1.933722 1.933723 1.933722 1.933722 1.933722 1.933722 1.933723 1.933722 1.933723 1.933722 1.933169 1.932478 1.932478 1.932478 1.932479 1.932478 1.932478 1.932478 1.932478 1.932478
0 0 0 0 0 0 0 0 0 0 0 0 0 0 0 0 0 0 0 0 0 0 0 0 0 0 0 0 0 1.243154 1.243154 1.243154 1.243154 1.243154 1.243154 1.243154 1.243154 1.243154 1.243154 1.243154 1.243154 1.243154 1.243154 1.243154 1.243154 1.243265 1.73335 1.933722 1.933722 1.933722 1.933722 1.933722 1.933722 1.933722 1.933722 1.933722 1.933722 1.933722 1.933061 1.932478 1.932479 1.932478 1.932479 1.932479 1.932478 1.932478 1.932479 1.932478
0 0 0 0 0 0 0 0 0 0 0 0 0 0 0 0 0 0 0 0 0 0 0 0 0 0 0 0 0 0 1.243154 1.243154 1.243154 1.243154 1.243154 1.243154 1.243154 1.243154 1.243154 1.243154 1.243154 1.243154 1.243154 1.243154 1.243154 1.243154 1.311865 1.85088 1.933722 1.933722 1.933722 1.933722 1.933722 1.933722 1.933722 1.933722 1.933722 1.933722 1.933539 1.932537 1.932478 1.932478 1.932478 1.932478 1.932478 1.932478 1.932478 1.932478
0 0 0 0 0 0 0 0 0 0 0 0 0 0 0 0 0 0 0 0 0 0 0 0 0 0 0 0 0 0 1.243154 1.243154 1.243154 1.243154 1.243154 1.243154 1.243154 1.243154 1.243154 1.243154 1.243154 1.243154 1.243154 1.243154 1.243154 1.243154 1.243154 1.270679 1.520453 1.733551 1.889235 1.933722 1.933723 1.933722 1.933723 1.933722 1.933723 1.933722 1.933723 1.932994 1.932478 1.932478 1.932478 1.932478 1.932478 1.932478 1.932478 1.932478
0 0 0 0 0 0 0 0 0 0 0 0 0 0 0 0 0 0 0 0 0 0 0 0 0 0 0 0 0 0 1.243154 1.243154 1.243154 1.243154 1.243154 1.243154 1.243154 1.243154 1.243154 1.243154 1.243154 1.243154 1.243154 1.243154 1.243154 1.243154 1.243154 1.243154 1.243154 1.243154 1.283098 1.602638 1.809864 1.933722 1.933722 1.933722 1.933722 1.933722 1.933722 1.933605 1.933017 1.932605 1.932479 1.932478 1.932479 1.932478 1.932479 1.932478
0 0 0 0 0 0 0 0 0 0 0 0 0 0 0 0 0 0 0 0 0 0 0 0 0 0 0 0 0 0 1.243154 1.243154 1.243154 1.243154 1.243154 1.243154 1.243154 1.243154 1.243154 1.243154 1.243154 1.243154 1.243154 1.243154 1.243154 1.243154 1.243154 1.243154 1.243154 1.243154 1.243154 1.243154 1.302126 1.682508 1.607111 1.824266 1.986458 2.025552 1.940359 1.928874 1.933714 1.933702 1.895786 1.876483 1.891225 1.889681 1.88267 1.853998
0 0 0 0 0 0 0 0 0 0 0 0 0 0 0 0 0 0 0 0 0 0 0 0 0 0 0 0 0 0 0 1.243154 1.243154 1.243154 1.243154 1.243154 1.243154 1.243154 1.243154 1.243154 1.243154 1.243154 1.243154 1.243154 1.243154 1.243154 1.243154 1.244097 1.392662 1.537186 1.598301 1.61262 1.570588 1.636122 1.637734 1.865321 2.182734 2.186836 2.142381 1.784959 1.822253 1.933122 1.832311 1.762215 1.762215 1.762215 1.762215 1.762215
0 0 0 0 0 0 0 0 0 0 0 0 0 0 0 0 0 0 0 0 0 0 0 0 0 0 0 0 0 0 0 1.243154 1.243154 1.243154 1.243154 1.243154 1.243154 1.243154 1.243154 1.243154 1.243154 1.243154 1.243154 1.243154 1.243154 1.243154 1.356066 1.960907 2.186836 2.186836 2.186836 2.186836 2.186836 2.186836 2.186836 2.186836 2.186836 2.186836 2.186836 1.955941 1.762215 1.812404 1.834415 1.762215 1.762215 1.762215 1.762215 1.762215
0 0 0 0 0 0 0 0 0 0 0 0 0 0 0 0 0 0 0 0 0 0 0 0 0 0 0 0 0 0 0 0 1.243154 1.243154 1.243154 1.243154 1.243154 1.243154 1.243154 1.243154 1.243154 1.243154 1.243154 1.243154 1.262705 1.574924 2.086948 2.186836 2.186836 2.186836 2.186836 2.186836 2.186836 2.186836 2.186836 2.186836 2.186836 2.186836 2.186836 2.099658 1.762215 1.762215 1.762215 1.762215 1.762215 1.762215 1.762215 1.762215
0 0 0 0 0 0 0 0 0 0 0 0 0 0 0 0 0 0 0 0 0 0 0 0 0 0 0 1.243154 0 0 0 0 0 1.243154 1.243154 1.243154 1.243154 1.725786 1.315709 1.243154 1.243154 1.243154 1.243154 1.243169 1.926115 2.186836 2.186836 2.186836 2.186836 2.186836 2.186836 2.186836 2.186836 2.186836 2.186836 2.186836 2.186836 2.186836 2.186836 2.183024 1.784751 1.762215 1.762215 1.762215 1.762215 1.762215 1.762215 1.762215
0 0 0 0 0 0 0 0 0 0 0 0 0 0 0 0 0 0 0 0 0 0 0 0 0 0 0 0 0 0 0 0 0 0 1.243154 1.492158 1.751866 2.179129 1.740666 1.243154 1.243154 1.243154 1.24529 1.628921 2.186836 2.186836 2.186836 2.186836 2.186836 2.186836 2.186836 2.186836 2.186836 2.186836 2.186836 2.186836 2.186836 2.186836 2.186836 2.186836 1.83183 1.762215 1.762215 1.762215 1.762215 1.762215 1.762215 1.762215
0 0 0 0 0 0 0 0 0 0 0 0 0 0 0 0 0 0 0 0 0 0 0 0 0 0 0 0 0 0 0 0 0 0 0 2.186836 2.186836 2.186836 2.089985 1.370577 1.26116 1.512719 1.934669 2.186836 2.186836 2.186836 2.186836 2.186836 2.186836 2.186836 2.186836 2.186836 2.186836 2.186836 2.186836 2.186836 2.186836 2.186836 2.186836 2.186836 1.872263 1.762215 1.762215 1.762215 1.762215 1.762215 1.762215 1.762215
0 0 0 0 0 0 0 0 0 0 0 0 0 0 0 0 0 0 0 0 0 0 0 0 0 0 0 0 0 0 0 0 0 0 0 0 2.186836 2.186836 2.186836 2.073808 2.001332 2.186836 2.186836 2.186836 2.186836 2.186836 2.186836 2.186836 2.186836 2.186836 2.186836 2.186836 2.186836 2.186836 2.186836 2.186836 2.186836 2.186836 2.186836 2.186836 1.948359 1.762215 1.762215 1.762215 1.762215 1.762215 1.762215 1.762215
0 0 0 0 0 0 0 0 0 0 0 0 0 0 0 0 0 0 0 0 0 0 0 0 0 0 0 0 0 0 0 0 0 0 0 0 0 2.186836 2.186836 2.186836 2.186836 2.186836 2.186836 2.186836 2.186836 2.186836 2.186836 2.186836 2.186836 2.186836 2.186836 2.186836 2.186836 2.186836 2.186836 2.186836 2.186836 2.186836 2.186836 2.186836 2.164484 1.850663 1.762215 1.762215 1.762215 1.762215 1.762215 1.762215
0 0 0 0 0 0 0 0 0 0 0 0 0 0 0 0 0 0 0 0 0 0 0 0 0 0 0 0 0 0 0 0 0 0 0 0 0 0 2.186836 2.186836 2.186836 2.186836 2.186836 2.186836 2.186836 2.186836 2.186836 2.186836 2.186836 2.186836 2.186836 2.186836 2.186836 2.186836 2.186836 2.186836 2.186836 2.186836 2.186836 2.186836 2.186836 2.134179 1.765178 1.854738 2.46006 2.907361 3.392378 3.971401
0 0 0 0 0 0 0 0 0 0 0 0 0 0 0 0 0 0 0 0 0 0 0 0 0 0 0 0 0 0 0 0 0 0 0 0 0 0 2.186836 2.186836 2.186836 2.186836 2.186836 2.186836 2.186836 2.186836 2.186836 2.186836 2.186836 2.186836 2.186836 2.186836 2.186836 2.186836 2.186836 2.186836 2.186836 2.186836 2.186836 2.186836 2.191377 3.840679 5.090359 5.334782 5.440138 5.440139 5.440139 5.440139
0 0 0 0 0 0 0 0 0 0 0 0 0 0 0 0 0 0 0 0 0 0 0 0 0 0 0 0 0 0 0 0 0 0 0 0 0 0 2.186836 2.186836 2.186836 2.186836 2.186836 2.186836 2.186836 2.186836 2.186836 2.186836 2.186836 2.186836 2.186836 2.186836 2.186836 2.186836 2.186836 2.186836 2.186836 2.186836 2.186836 3.098262 5.995815 7.053427 5.671271 5.440138 5.440138 5.440139 5.440138 5.440138
0 0 0 0 0 0 0 0 0 0 0 0 0 0 0 0 0 0 0 0 0 0 0 0 0 0 0 0 0 0 0 0 0 0 0 0 0 0 2.186836 2.186836 2.186836 2.186836 2.186836 2.186836 2.186836 2.186836 2.186836 2.186836 2.186836 2.186836 2.186836 2.186836 2.186836 2.186836 2.186836 2.186836 2.186836 2.186836 4.585305 7.28789 7.340298 6.839299 5.440139 5.440139 5.440139 5.440139 5.440139 5.440139
0 0 0 0 0 0 0 0 0 0 0 0 0 0 0 0 0 0 0 0 0 0 0 0 0 0 0 0 0 0 0 0 0 0 0 0 0 0 0 2.186836 2.186836 2.186836 2.186836 2.186836 2.186836 2.186836 2.186836 2.186836 2.186836 2.186836 2.186836 2.186836 2.186836 2.186836 2.186836 2.186836 2.186836 2.917886 7.300487 7.340299 7.340299 6.996391 5.468019 5.440139 5.440139 5.440139 5.440138 5.440139
0 0 0 0 0 0 0 0 0 0 0 0 0 0 0 0 0 0 0 0 0 0 0 0 0 0 0 0 0 0 0 0 0 0 0 0 0 0 0 0 2.186836 2.186836 2.186836 2.186836 2.186836 2.186836 2.186836 2.186836 2.186836 2.186836 2.186836 2.186836 2.186836 2.186836 2.186836 2.186836 2.186836 2.902014 7.293536 7.340299 7.340299 7.340299 6.946326 5.830726 5.440139 5.440139 5.440139 5.440139
0 0 0 0 0 0 0 0 0 0 0 0 0 0 0 0 0 0 0 0 0 0 0 0 0 0 0 0 0 0 0 0 0 0 0 0 0 0 0 0 0 2.186836 2.186836 2.186836 2.186836 2.186836 2.186836 2.186836 2.186836 2.186836 2.186836 2.186836 2.186836 2.186836 2.186836 2.186836 3.79076 7.332418 7.340298 7.340299 7.340299 7.340299 7.340299 6.990903 5.520662 5.440139 5.440139 5.440139
0 0 0 0 0 0 0 0 0 0 0 0 0 0 0 0 0 0 0 0 0 0 0 0 0 0 0 0 0 0 0 0 0 0 0 0 0 0 0 0 0 0 2.186836 2.186836 2.186836 2.186836 2.186836 2.186836 2.186836 2.186836 2.186836 2.186836 2.186836 2.186836 2.186836 2.186836 5.249785 7.340299 7.340299 7.340299 7.340299 7.340299 7.340298 7.340299 6.368099 5.440139 5.440139 5.440139
0 0 0 0 0 0 0 0 0 0 0 0 0 0 0 0 0 0 0 0 0 0 0 0 0 0 0 0 0 0 0 0 0 0 0 0 0 0 0 0 0 0 0 2.186836 2.186836 2.186836 2.186836 2.186836 2.186836 2.186836 2.186836 2.186836 2.186836 2.186836 2.186836 2.186836 5.48913 7.340299 7.340299 7.340299 7.340299 7.340299 7.340299 7.340299 6.787882 5.440139 5.440139 5.440139
0 0 0 0 0 0 0 0 0 0 0 0 0 0 0 0 0 0 0 0 0 0 0 0 0 0 0 0 0 0 0 0 0 0 0 0 0 0 0 0 0 0 0 0 2.186836 2.186836 2.186836 2.186836 2.186836 2.186836 2.186836 2.186836 2.186836 2.186836 2.007131 1.593531 3.267972 5.507559 7.158707 7.340299 7.340299 7.340299 7.3403 7.340299 7.267132 5.709174 5.440139 5.440139
