Scenarios/Heterogeneous/data/country_data_population_distribution/processed/density_grids/gab.asc
ncols 156
nrows 152
xllcorner 8
yllcorner -3
cellsize 0.041666666666667
NODATA_value -9999
[rows 60 to 89 of 152, columns 68 to 135 of 156]
2.765245 2.765245 2.765245 2.765245 2.765245 2.765245 2.765245 2.765245 2.765245 2.765245 2.765245 2.765245 2.569593 2.038494 2.038494 2.038494 2.038494 2.038494 2.038494 2.038494 2.038494 2.038494 2.038494 2.038494 2.038494 2.038494 2.038494 2.038494 2.038494 2.038494 2.038494 2.038494 2.038494 2.038494 2.038494 2.038494 2.038494 2.038494 2.038494 2.038494 2.524668 3.0899 3.0899 3.0899 3.0899 3.0899 3.0899 3.0899 3.0899 3.0899 3.0899 3.0899 3.0899 3.0899 3.0899 3.0899 3.0899 3.0899 4.520905 5.512533 5.586303 5.586303 5.586303 5.586303 5.586303 5.586303 5.586303 5.586303
2.765245 2.765245 2.765245 2.765245 2.765245 2.765245 2.765245 2.765245 2.765245 2.765245 2.765245 2.765245 2.413244 2.038494 2.038494 2.038494 2.038494 2.038494 2.038494 2.038494 2.038494 2.038494 2.038494 2.038494 2.038494 2.038494 2.038494 2.038494 2.038494 2.038494 2.038494 2.038494 2.038494 2.038494 2.038494 2.038494 2.038494 2.038494 2.038494 2.038494 2.680014 3.0899 3.0899 3.0899 3.0899 3.0899 3.0899 3.0899 3.0899 3.0899 3.0899 3.0899 3.0899 3.0899 3.0899 3.0899 3.0899 3.0899 3.0899 4.488106 5.586304 5.586304 5.586304 5.586304 5.586304 5.586304 5.586304 5.586304
2.765245 2.765245 2.765245 2.765245 2.765245 2.765245 2.765245 2.765245 2.765245 2.765245 2.765245 2.765245 2.559016 2.040585 2.038494 2.038494 2.038494 2.038494 2.038494 2.038494 2.038494 2.038494 2.038494 2.038494 2.038494 2.038494 2.038494 2.038494 2.038494 2.038494 2.038494 2.038494 2.038494 2.038494 2.038494 2.038494 2.038494 2.038494 2.038494 2.038494 2.889438 3.0899 3.0899 3.0899 3.0899 3.0899 3.0899 3.0899 3.0899 3.0899 3.0899 3.0899 3.0899 3.0899 3.0899 3.0899 3.0899 3.0899 3.0899 3.425209 5.309894 5.586304 5.586304 5.586304 5.586304 5.586304 5.586304 5.586303
2.765245 2.765245 2.765245 2.765245 2.765245 2.765245 2.765245 2.765245 2.765245 2.765245 2.765245 2.765245 2.765245 2.369422 2.038494 2.038494 2.038494 2.038494 2.038494 2.038494 2.038494 2.038494 2.038494 2.038494 2.038494 2.038494 2.038494 2.038494 2.038494 2.038494 2.038494 2.038494 2.038494 2.038494 2.038494 2.038494 2.038493 2.038494 2.038494 2.04286 3.053764 3.0899 3.0899 3.0899 3.0899 3.0899 3.0899 3.0899 3.0899 3.0899 3.0899 3.0899 3.0899 3.0899 3.0899 3.0899 3.0899 3.0899 3.0899 3.0899 3.527004 5.528609 5.586304 5.586304 5.586304 5.586304 5.586304 5.586304
2.765245 2.765245 2.765245 2.765245 2.765245 2.765245 2.765245 2.765245 2.765245 2.765245 2.765245 2.765245 2.765245 2.759684 2.254408 2.038494 2.038494 2.038494 2.038494 2.038494 2.038494 2.038494 2.038494 2.038494 2.038494 2.038494 2.038494 2.038494 2.038494 2.038494 2.038494 2.038494 2.038494 2.038494 2.038494 2.038494 2.038494 2.038494 2.038494 2.146805 3.0899 3.0899 3.0899 3.0899 3.0899 3.0899 3.0899 3.0899 3.0899 3.0899 3.0899 3.0899 3.0899 3.0899 3.0899 3.0899 3.0899 3.0899 3.0899 3.0899 3.0899 4.685045 5.586304 5.586304 5.586304 5.586304 5.586304 5.586304
2.765245 2.765245 2.631345 2.539311 2.417838 2.052672 2.252258 2.760508 2.765245 2.765245 2.765245 2.765245 2.765245 2.765245 2.356889 2.038494 2.038494 2.038494 2.038494 2.038494 2.038494 2.038494 2.038494 2.038494 2.038494 2.038494 2.038494 2.038494 2.038494 2.038494 2.038494 2.038494 2.038494 2.038494 2.038494 2.038494 2.038494 2.038494 2.038494 2.366131 3.0899 3.0899 3.0899 3.0899 3.0899 3.0899 3.0899 3.0899 3.0899 3.0899 3.0899 3.0899 3.0899 3.0899 3.0899 3.0899 3.0899 3.0899 3.0899 3.0899 3.0899 3.589643 5.582568 5.586304 5.586304 5.586304 5.586304 5.586304
2.765244 2.661615 2.308666 1.932479 1.932478 1.932478 1.935282 2.594661 2.765244 2.765245 2.765244 2.765245 2.765244 2.765245 2.394678 2.038494 2.038494 2.038494 2.038494 2.038494 2.038494 2.038494 2.038494 2.038494 2.038494 2.038494 2.038494 2.038494 2.038494 2.038494 2.038494 2.038494 2.038494 2.038494 2.038494 2.038494 2.038494 2.121054 2.432116 2.951771 3.0899 3.0899 3.0899 3.0899 3.0899 3.0899 3.0899 3.0899 3.0899 3.0899 3.0899 3.0899 3.0899 3.0899 3.0899 3.0899 3.0899 3.0899 3.0899 3.0899 3.0899 3.0899 4.823375 5.586304 5.586303 5.586303 5.586303 5.586304
2.172533 1.956351 1.932479 1.932479 1.932479 1.932479 1.932479 2.198282 2.765245 2.765245 2.765245 2.765245 2.765245 2.765245 2.507081 2.038494 2.038494 2.038494 2.038494 2.038494 2.038494 2.038494 2.038494 2.038494 2.038494 2.038494 2.038494 2.038494 2.038494 2.038494 2.038494 2.038494 2.038494 2.038494 2.052396 2.382699 2.896392 3.081554 3.0899 3.0899 3.0899 3.0899 3.0899 3.0899 3.0899 3.0899 3.0899 3.0899 3.0899 3.0899 3.0899 3.0899 3.0899 3.0899 3.0899 3.0899 3.0899 3.0899 3.0899 3.0899 3.0899 3.0899 3.5233 5.569941 5.586304 5.586304 5.586304 5.586304
1.932479 1.932478 1.932478 1.932478 1.932478 1.932478 1.932479 1.938451 2.446803 2.765245 2.765245 2.765245 2.765245 2.765245 2.758967 2.418969 2.045528 2.038494 2.038494 2.038494 2.038494 2.038494 2.038494 2.038494 2.038494 2.038494 2.038494 2.038494 2.038494 2.038494 2.038494 2.038494 3.071146 5.055055 6.112505 6.080586 3.817898 3.0899 3.0899 3.0899 3.0899 3.0899 3.0899 3.0899 3.0899 3.0899 3.0899 3.0899 3.0899 3.0899 3.0899 3.0899 3.0899 3.0899 3.0899 3.0899 3.0899 3.0899 3.0899 3.0899 3.0899 3.0899 3.0899 4.834318 5.586304 5.586304 5.586304 5.586304
1.932478 1.932478 1.932478 1.932479 1.932479 1.932479 1.932479 1.932479 1.939527 2.43015 2.765245 2.765245 2.765244 2.765245 2.765245 2.765245 2.308083 2.038494 2.038494 2.038494 2.038494 2.038494 2.038494 2.038494 2.038494 2.038494 2.038494 2.038494 2.038951 2.81409 4.291781 5.843488 6.796854 6.797827 6.792004 5.424515 3.465452 3.0899 3.0899 3.0899 3.0899 3.0899 3.0899 3.0899 3.0899 3.0899 3.0899 3.0899 3.0899 3.0899 3.0899 3.0899 3.0899 3.0899 3.0899 3.0899 3.0899 3.0899 3.0899 3.0899 3.0899 3.0899 3.0899 3.7193 5.586304 5.586304 5.586304 5.586304
1.932478 1.932479 1.932478 1.932479 1.932478 1.932479 1.932478 1.932479 1.932478 1.932583 2.47608 2.765245 2.765244 2.765245 2.765245 2.765245 2.626725 2.038494 2.038494 2.038494 2.038494 2.038494 2.038494 2.038494 2.038494 2.038494 2.802525 4.483719 6.092839 6.797827 6.797827 6.797827 6.797828 6.797827 6.797827 6.797827 5.946589 3.725466 3.837391 3.249304 3.0899 3.0899 3.0899 3.0899 3.0899 3.0899 3.0899 3.0899 3.0899 3.0899 3.0899 3.0899 3.0899 3.0899 3.0899 3.0899 3.0899 3.0899 3.0899 3.0899 3.0899 3.0899 3.0899 3.092947 5.118927 5.586304 5.586303 5.586304
1.932478 1.932479 1.932479 1.932478 1.932478 1.932478 1.932478 1.932478 1.932479 1.932478 1.856218 2.154275 2.718382 2.765245 2.765245 2.765245 2.762389 2.113766 2.038494 2.038494 2.038494 2.038494 2.038494 2.156009 2.623458 5.645239 6.795956 6.797828 6.797827 6.797828 6.797828 6.797828 6.797828 6.797828 6.797828 6.797828 6.797828 6.797828 6.79144 5.909562 3.209588 3.0899 3.0899 3.0899 3.0899 3.0899 3.0899 3.0899 3.0899 3.0899 3.0899 3.0899 3.0899 3.0899 3.0899 3.0899 3.0899 3.0899 3.0899 3.0899 3.0899 3.0899 3.0899 3.0899 4.030155 5.586304 5.586304 5.586303
1.932478 1.932478 1.932478 1.932479 1.932478 1.932479 1.932478 1.932478 1.932478 1.932478 1.762385 1.74278 1.894795 2.496368 2.758766 2.765245 2.765245 2.356649 2.038494 2.038494 2.114065 2.503163 2.869169 3.134333 3.146476 5.083442 6.797827 6.797828 6.797827 6.797828 6.797828 6.797828 6.797828 6.797828 6.797827 6.797828 6.797827 6.797828 6.797828 6.797828 5.687187 3.123393 3.0899 3.0899 3.0899 3.0899 3.0899 3.0899 3.0899 3.0899 3.0899 3.0899 3.0899 3.0899 3.0899 3.0899 3.0899 3.0899 3.0899 3.0899 3.0899 3.0899 3.0899 3.0899 3.156333 5.331556 5.586304 5.586304
1.932478 1.932478 1.932478 1.932478 1.932478 1.932478 1.932478 1.932478 1.932478 1.917615 1.7497 1.742779 1.74278 1.742779 1.86229 2.18879 2.362471 2.45768 2.70645 2.935698 3.130209 3.146476 3.146476 3.146476 3.146476 4.711674 6.797827 6.797827 6.797827 6.797827 6.797827 6.797827 6.797827 6.797827 6.797827 6.797828 6.797827 6.797827 6.797827 6.797828 6.797827 3.429637 3.0899 3.0899 3.0899 3.0899 3.0899 3.0899 3.0899 3.0899 3.0899 3.0899 3.0899 3.0899 3.0899 3.0899 3.0899 3.0899 3.0899 3.0899 3.0899 3.0899 3.0899 3.0899 3.0899 4.333549 5.586304 5.586303
1.932478 1.932478 1.932478 1.932478 1.932478 1.932478 1.907054 1.848985 1.813376 1.759019 1.742779 1.74278 1.742779 1.74278 1.742779 1.74278 1.793118 2.911831 3.146475 3.146475 3.146475 3.146475 3.146476 3.146475 3.146476 3.950085 6.797828 6.797827 6.797828 6.797827 6.797827 6.797827 6.797828 6.797827 6.797828 6.797827 6.797827 6.797827 6.797828 6.797827 6.068231 3.1735 3.0899 3.0899 3.0899 3.0899 3.0899 3.0899 3.0899 3.0899 3.0899 3.0899 3.0899 3.0899 3.0899 3.0899 3.0899 3.0899 3.0899 3.0899 3.0899 3.0899 3.0899 3.0899 3.176492 5.18359 5.586304 5.586304
1.932478 1.932479 1.932478 1.932479 1.932478 1.89824 1.757884 1.742779 1.742779 1.74278 1.742779 1.74278 1.742779 1.74278 1.74278 1.74278 2.415068 3.146476 3.146476 3.146476 3.146476 3.146476 3.146476 3.146476 3.146476 3.379058 6.07651 6.797827 6.797828 6.797827 6.797828 6.797827 6.797828 6.797827 6.797828 6.797828 6.797828 6.797827 6.797828 6.780153 4.071576 3.0899 3.0899 3.0899 3.0899 3.0899 3.0899 3.0899 3.0899 3.0899 3.0899 3.0899 3.0899 3.0899 3.0899 3.0899 3.0899 3.0899 3.0899 3.0899 3.0899 3.0899 3.0899 3.0899 4.499351 5.586304 5.586304 5.586304
1.932479 1.932479 1.932479 1.932479 1.932479 1.871225 1.742779 1.74278 1.74278 1.742779 1.74278 1.742779 1.74278 1.742779 1.74278 1.742779 2.649961 3.146476 3.146476 3.146476 3.146476 3.146476 3.146476 3.146476 3.146476 3.146476 3.590319 6.718681 6.797827 6.797828 6.797827 6.797828 6.797827 6.797828 6.797827 6.797828 6.797827 6.797828 6.797827 6.569563 3.104149 3.0899 3.0899 3.0899 3.0899 3.0899 3.0899 3.0899 3.0899 3.0899 3.0899 3.0899 3.0899 3.0899 3.0899 3.0899 3.0899 3.0899 3.0899 3.0899 3.0899 3.0899 3.0899 3.74308 5.571743 5.586304 5.586304 5.586303
1.932478 1.932478 1.932478 1.932478 1.932478 1.928489 1.763507 1.742779 1.742779 1.742779 1.742779 1.742779 1.742779 1.742779 1.742779 1.742779 2.607972 3.146476 3.146476 3.146476 3.146476 3.146476 3.146476 3.146476 3.146476 3.146476 3.146476 6.111073 6.797827 6.797827 6.797827 6.797827 6.797827 6.797827 6.797827 6.797827 6.797827 6.797827 6.797827 6.694658 3.1796 3.0899 3.0899 3.0899 3.0899 3.0899 3.0899 3.0899 3.0899 3.0899 3.0899 3.0899 3.0899 3.0899 3.0899 3.0899 3.0899 3.0899 3.0899 3.0899 3.0899 3.0899 3.243262 5.299436 5.586304 5.586304 5.586304 5.586304
1.932478 1.932479 1.932479 1.932478 1.932479 1.932479 1.820735 1.74278 1.742779 1.74278 1.74278 1.74278 1.742779 1.74278 1.742779 1.74278 2.299464 3.146476 3.146476 3.146476 3.146476 3.146476 3.146476 3.146476 3.146476 3.146476 3.146476 5.539909 6.797828 6.797828 6.630789 5.922066 6.74823 6.797828 6.797828 6.797828 6.797828 6.797828 6.797828 6.516228 3.642113 3.0899 3.0899 3.0899 3.0899 3.0899 3.0899 3.0899 3.0899 3.0899 3.0899 3.0899 3.0899 3.0899 3.0899 3.0899 3.0899 3.0899 3.0899 3.0899 3.0899 3.0899 4.587737 5.586304 5.586304 5.586304 5.586304 5.586304
1.932478 1.932478 1.932478 1.932478 1.932478 1.932478 1.837989 1.74278 1.742779 1.74278 1.742779 1.74278 1.742779 1.74278 1.74278 1.74278 1.781816 2.967158 3.146476 3.146476 3.146476 3.146476 3.146476 3.146476 3.146476 3.146476 3.146476 4.852075 5.398343 4.275335 3.256113 3.210845 5.745826 6.797827 6.797828 6.797827 6.797828 6.797827 6.752823 4.525156 3.292161 3.0899 3.0899 3.0899 3.0899 3.0899 3.0899 3.0899 3.0899 3.0899 3.0899 3.0899 3.0899 3.0899 3.0899 3.0899 3.0899 3.0899 3.0899 3.0899 3.0899 3.679651 5.572093 5.586304 5.586303 5.586304 5.586303 5.586304
1.932478 1.932478 1.932478 1.932478 1.932478 1.932478 1.814358 1.742779 1.742779 1.742779 1.742779 1.742779 1.742779 1.742779 1.74278 1.742779 1.742779 2.558562 3.146476 3.146476 3.146476 3.146476 3.146476 3.146476 3.146476 3.146476 3.146476 3.146476 3.146476 3.146476 3.146476 3.515496 6.795882 6.797827 6.797827 6.797827 6.797827 6.797827 6.680311 3.684444 3.679969 3.160308 3.0899 3.0899 3.0899 3.0899 3.0899 3.0899 3.0899 3.0899 3.0899 3.0899 3.0899 3.0899 3.0899 3.0899 3.0899 3.0899 3.0899 3.0899 3.151478 5.177969 5.586304 5.586303 5.586304 5.586304 5.586304 5.586303
1.932478 1.932478 1.932478 1.932478 1.932478 1.932478 1.789135 1.74278 1.74278 1.742779 1.74278 1.742779 1.74278 1.742779 1.74278 1.742779 1.74278 2.585505 3.146476 3.146476 2.938576 2.263046 3.033068 3.146476 3.146476 3.146476 3.146476 3.146475 3.146476 3.146476 3.146476 3.665294 6.797827 6.797828 6.797828 6.797828 6.797827 6.797828 6.383095 3.684444 3.684443 3.44401 3.213693 3.09687 3.0899 3.0899 3.0899 3.0899 3.0899 3.0899 3.0899 3.0899 3.0899 3.0899 3.0899 3.089899 3.0899 3.0899 3.0899 3.0899 4.317252 5.586304 5.586304 5.586304 5.586304 5.586304 5.586304 5.586303
1.932478 1.932478 1.932478 1.932478 1.932478 1.932478 1.801982 1.74278 1.74278 1.742779 1.74278 1.742779 1.74278 1.742779 1.74278 1.742779 1.74278 2.531982 2.754549 2.268318 1.787001 1.74278 3.110784 3.146476 3.146476 3.146476 3.146476 3.146476 3.146476 3.146476 3.146476 4.820469 6.797828 6.797828 6.797828 6.797828 6.797828 6.797828 6.774332 4.296155 3.684444 3.684444 3.684444 3.639474 3.603084 3.38517 3.0899 3.0899 3.0899 3.0899 3.0899 3.0899 3.0899 3.0899 3.0899 3.688812 21.19173 3.0899 3.0899 3.468751 5.512509 5.586304 5.586304 5.586304 5.586304 5.586304 7.636016 17.35923
1.932479 1.932479 1.932479 1.932478 1.932479 1.932478 1.865854 1.742779 1.742779 1.742779 1.742779 1.742779 1.742779 1.742779 1.74278 1.742779 1.742779 1.742779 1.742779 1.742779 1.742779 1.783165 3.14251 3.146476 3.146476 3.146476 3.146476 3.146476 3.156914 4.113887 5.40565 6.797255 6.797828 6.797827 6.797828 6.797828 6.797828 6.797828 6.797828 4.831663 3.684443 3.684443 3.684443 3.684443 3.684443 3.565883 3.0899 3.0899 3.0899 3.0899 3.0899 3.0899 3.0899 3.0899 3.0899 8.374312 75.11907 55.99403 8.675517 5.260439 13.8949 51.0351 40.83416 35.56807 21.35218 15.12171 20.89812 27.70881
2.22795 4.738009 1.932478 1.932478 1.932478 1.932478 1.930039 1.773054 1.74278 1.74278 1.74278 1.74278 1.74278 1.74278 1.74278 1.74278 1.74278 1.74278 1.74278 1.74278 1.74278 1.753621 2.799887 3.146476 3.146476 3.146476 3.146476 3.146475 3.826262 6.797828 6.797828 6.797828 6.797828 6.797828 6.797828 6.797828 6.797828 6.797828 6.719874 3.825809 3.684443 3.684444 3.684443 3.684444 3.684444 3.64255 3.119798 3.0899 3.0899 3.0899 3.0899 3.0899 3.0899 3.0899 3.0899 6.588173 73.10659 76.37777 74.05322 76.42773 81.71461 82.99535 82.99536 82.99535 82.99535 67.3757 27.70881 27.70881
2.406188 13.66417 8.139606 2.527676 1.932478 1.932478 1.932478 1.879166 1.743061 1.74278 1.74278 1.74278 1.74278 1.74278 1.74278 1.74278 1.74278 1.74278 1.74278 1.74278 1.74278 1.74278 1.793492 2.57306 3.14608 3.146476 3.146476 3.146476 4.328326 6.797828 6.797828 6.797828 6.797828 6.797828 6.797828 6.797828 6.797828 6.797828 6.194113 3.684443 3.684444 3.684443 3.684444 3.684443 3.684444 3.684443 3.406893 3.0899 3.0899 3.0899 3.0899 3.0899 3.0899 3.0899 3.0899 3.387845 74.14862 76.37777 76.37777 76.37777 81.34641 82.99536 82.99536 82.99536 82.99535 81.1882 32.31802 27.70882
1.932478 10.88814 13.86552 11.90676 1.939883 1.932478 1.932478 1.932478 1.781977 1.74278 1.74278 1.74278 1.74278 1.74278 1.74278 1.74278 1.74278 1.74278 1.74278 1.74278 1.74278 1.74278 1.74278 1.74278 2.388089 3.143205 3.146476 3.146476 3.147078 4.414812 6.775005 6.797828 6.797828 6.797828 6.797828 6.797828 6.797828 6.797828 5.678194 3.684444 3.684443 3.684443 3.684443 3.684443 3.684443 3.684443 3.682294 3.375483 3.231902 3.0899 3.0899 3.0899 3.0899 3.0899 9.600577 49.38632 76.37777 76.37777 76.37777 76.37777 77.10194 82.99323 82.99536 82.99536 82.99536 82.99536 62.52845 27.70881
1.932478 8.3371 13.86552 13.86552 5.125027 1.932478 1.932478 1.932478 1.813307 1.74278 1.74278 1.742779 1.74278 1.74278 1.74278 1.74278 1.74278 1.74278 1.74278 1.74278 1.74278 1.74278 1.742779 1.74278 1.742779 2.241905 3.101308 3.146476 3.146475 3.146476 5.753774 6.797828 6.797828 6.797827 6.797828 6.797828 6.797828 6.797828 5.377083 3.684444 3.684444 3.684444 3.684444 3.684444 3.684444 3.684444 3.684444 3.684444 3.491801 3.0899 3.0899 3.0899 4.213877 9.788938 52.82544 76.37777 76.37777 76.37777 76.37777 76.37777 79.19749 82.99536 82.99536 82.99536 82.99536 82.99536 82.66389 35.79039
3.754369 10.16928 13.86552 13.86552 12.70735 3.191723 1.932478 1.932479 1.823604 1.742779 1.742779 1.742779 1.742779 1.742779 1.742779 1.742779 1.742779 1.742779 1.742779 1.742779 1.742779 1.742779 1.742779 1.742779 1.742779 1.742779 2.050615 3.073166 3.146476 3.146476 5.264895 6.797827 6.797828 6.797827 6.797828 6.797827 6.797828 6.797827 5.616348 3.684444 3.684444 3.684443 3.684444 3.684443 3.684444 3.684443 3.684443 3.684443 3.511294 3.0899 3.0899 4.130528 49.96894 74.91455 76.37777 76.37777 76.37777 76.37777 76.37776 76.37777 81.06085 82.99535 82.99535 82.99535 82.99535 82.99536 82.99535 51.9199
13.86552 13.86552 13.86552 13.86552 13.86552 9.195445 1.932478 1.932478 1.90705 1.743565 1.742779 1.74278 1.742779 1.74278 1.742779 1.74278 1.742779 1.74278 1.742779 1.742779 1.74278 1.742779 1.74278 1.742779 1.74278 1.742779 1.74278 3.220911 5.594862 5.425356 6.736163 6.797828 6.797828 6.797828 6.797828 6.797828 6.797828 6.797828 6.722486 4.235097 3.684444 3.684444 3.684444 3.684444 3.684444 3.684443 3.684444 3.684443 3.454437 3.0899 3.0899 38.94258 76.37777 76.37778 76.37777 76.37777 76.37777 76.37777 76.37778 76.47985 82.12016 82.99536 82.99536 82.99536 82.99536 82.99535 82.99536 58.22056
