Scenarios/Heterogeneous/data/country_data_population_distribution/processed/density_grids/gab.asc
ncols 156
nrows 152
xllcorner 8
yllcorner -3
cellsize 0.041666666666667
NODATA_value -9999
[rows 60 to 89 of 152, columns 0 to 67 of 156]
0 0 0 0 0 0 0 0 0 0 0 0 0 0 0 0 0 0 0 0 0 0 0 0 0 0 0 0 0 0 0 50.5106 50.5106 50.5106 50.5106 50.5106 50.5106 50.5106 50.5106 50.5106 50.5106 50.5106 50.5106 50.5106 50.5106 35.17672 1.988531 1.988531 1.988531 1.988531 1.988531 1.988531 1.988531 1.988531 1.988531 1.988531 1.988531 2.231423 2.765245 2.765245 2.765245 2.765245 2.765245 2.765245 2.765245 2.765245 2.765245 2.765245
0 0 0 0 0 0 0 0 0 0 0 0 0 0 0 0 0 0 0 0 0 0 0 0 0 0 0 0 0 0 0 50.02307 50.5106 50.5106 50.5106 50.5106 50.5106 50.5106 50.5106 50.5106 50.5106 50.5106 50.5106 50.5106 50.5106 21.85923 1.988531 1.988531 1.988531 1.988531 1.988531 1.988531 1.988531 1.988531 1.988531 2.193596 2.392155 2.707977 2.765245 2.765245 2.765245 2.765245 2.765245 2.765245 2.765245 2.765245 2.765245 2.765245
0 0 0 0 0 0 0 0 0 0 0 0 0 0 0 0 0 0 0 0 0 0 0 0 0 0 0 0 0 0 0 23.16571 32.07964 50.5106 50.5106 50.5106 50.5106 50.5106 50.5106 50.5106 50.5106 50.5106 50.5106 50.5106 37.62511 3.635864 2.104348 1.988531 1.988531 1.988531 1.988531 1.988531 1.988531 1.988531 2.196575 2.741818 2.765244 2.765245 2.765245 2.765245 2.765245 2.765245 2.765245 2.765245 2.765245 2.765245 2.765245 2.765245
0 0 0 0 0 0 0 0 0 0 0 0 0 0 0 0 0 0 0 0 0 0 0 0 0 0 0 0 0 0 0 22.81696 34.52802 50.5106 50.5106 50.5106 50.5106 50.5106 50.5106 50.5106 50.5106 50.5106 50.46336 32.87431 4.840386 4.564957 9.283818 7.258893 3.141931 1.988531 1.988531 1.988531 2.162976 5.553957 7.234333 6.398523 5.910256 3.536908 2.765245 2.765245 2.765245 2.765245 2.765245 2.765245 2.765245 2.765245 2.765245 2.765245
0 0 0 0 0 0 0 0 0 0 0 0 0 0 0 0 0 0 0 0 0 0 0 0 0 0 0 0 0 0 0 22.81696 23.66722 49.51828 50.5106 50.5106 50.5106 50.5106 50.5106 50.5106 44.73661 36.19442 25.18188 6.835315 6.209052 10.08307 10.29995 10.29995 6.02666 1.988531 2.090735 4.775814 9.028671 10.29995 10.29995 10.29995 10.29995 10.05506 7.534617 5.729342 4.101905 2.765245 2.765245 2.765245 2.765245 2.765245 2.765245 2.765245
0 0 0 0 0 0 0 0 0 0 0 0 0 0 0 0 0 0 0 0 0 0 0 0 0 0 0 0 0 0 22.81696 22.81696 22.81696 29.39853 48.648 50.5106 50.5106 50.5106 43.57975 28.81239 11.26325 10.29995 10.29995 10.29995 10.29995 10.29995 10.29995 10.29995 6.028347 5.496279 9.18324 10.29995 10.29995 10.29995 10.29995 10.29995 10.29995 10.29995 10.29995 10.29995 10.29484 8.536727 7.153191 6.491724 3.82458 2.765245 2.765245 2.765245
0 0 0 0 0 0 0 0 0 0 0 0 0 0 0 0 0 0 0 0 0 0 0 0 0 0 0 0 0 0 22.81696 22.81696 22.81696 22.81696 31.80983 50.51059 50.5106 50.5106 24.52442 10.29995 10.29995 10.29995 10.29995 10.29995 10.29995 10.29995 10.29995 10.29995 10.2993 10.29995 10.29995 10.29995 10.29995 10.29995 10.29995 10.29995 10.29995 10.29995 10.29995 10.29995 10.29995 10.29995 10.29995 10.29995 9.474571 4.606433 2.765244 2.765245
0 0 0 0 0 0 0 0 0 0 0 0 0 0 0 0 0 0 0 0 0 0 0 0 0 0 0 0 0 22.81696 22.81696 22.81696 22.81696 22.81696 22.87044 27.23368 35.29678 46.45016 29.1348 10.29995 10.29995 10.29995 10.29995 10.29995 10.29995 10.29995 10.29995 10.29995 10.29995 10.29995 10.29995 10.29995 10.29995 10.29995 10.29995 10.29995 10.29995 10.29995 10.29995 10.29995 10.29995 10.29995 10.29995 10.29995 10.29995 10.29015 7.201899 6.571926
0 0 0 0 0 0 0 0 0 0 0 0 0 0 0 0 0 0 0 0 0 0 0 0 0 0 0 0 22.81696 22.81696 22.81696 22.81696 22.81696 22.81696 22.81696 22.81696 22.81696 23.87438 24.78625 10.29995 10.29995 10.29995 10.29995 10.29995 10.29995 10.29995 10.29995 10.29995 10.29995 10.29995 10.29995 10.29995 10.29995 10.29995 10.29995 10.29995 10.29995 10.29995 10.29995 10.29995 10.29995 10.29995 10.29995 10.29995 10.29995 10.29995 9.528997 2.50199
0 0 0 0 0 0 0 0 0 0 0 0 0 0 0 0 0 0 0 0 0 0 0 0 0 0 0 22.81696 22.81696 22.81696 22.81696 22.81696 22.81696 22.81696 22.81696 22.81696 22.81696 22.81696 18.87525 10.29995 10.29995 10.29995 10.29995 10.29995 10.29995 10.29995 10.29995 10.29995 10.29995 10.29995 10.29995 10.29995 10.29995 10.29995 10.29995 10.29995 10.29995 10.29995 10.29995 10.29995 10.29995 10.29995 10.29995 10.29995 10.29995 10.00669 3.47831 1.932479
0 0 0 0 0 0 0 0 0 0 0 0 0 0 0 0 0 22.81696 0 0 0 0 0 0 0 0 0 22.81696 22.81696 22.81696 22.81696 22.81696 22.81696 22.81696 22.81696 22.81696 22.81696 22.81696 20.70753 10.29995 10.29995 10.29995 10.29995 10.29995 10.29995 10.29995 10.29995 10.29995 10.29995 10.29995 10.29995 10.29995 10.29995 10.29995 10.29995 10.29995 10.29995 10.29995 10.29995 10.29995 10.29995 10.29995 10.29995 10.29995 10.29995 7.303708 1.932479 1.932479
0 0 0 0 0 0 0 0 0 0 0 0 0 0 0 0 22.81696 22.81696 22.81696 0 0 0 22.81696 22.81696 22.81696 0 22.81696 22.81696 22.81696 22.81696 22.81696 22.81696 22.81696 22.81696 22.81696 22.81696 22.81696 22.81696 22.64787 11.31302 10.29995 10.29995 10.29995 10.29995 10.29995 10.29995 10.29995 10.29995 10.29995 10.29995 10.29995 10.29995 10.29995 10.29995 10.29995 10.29995 10.29995 10.29995 10.29995 10.29995 10.29995 10.29995 10.29995 10.29995 9.670271 4.383794 1.932479 1.932478
0 0 0 0 0 0 0 0 0 0 0 0 0 0 0 0 22.81696 22.81696 22.81696 0 0 0 22.81696 22.81696 22.81696 22.81696 22.81696 22.81696 22.81696 22.81696 22.81696 22.81696 22.81696 22.81696 22.81696 22.81696 22.81696 22.81696 22.81696 15.08628 10.29995 10.29995 10.29995 10.29995 10.29995 10.29995 10.29995 10.29995 10.29995 10.29995 10.29995 10.29995 10.29995 10.29995 10.29995 10.29995 10.29995 10.29995 10.29995 10.29995 10.29995 10.29995 10.29995 7.887247 3.461605 1.932479 1.932479 1.932479
0 0 0 0 0 0 0 0 0 0 0 0 0 0 0 0 0 22.81696 22.81696 22.81696 0 22.81696 22.81696 22.81696 22.81696 22.81696 22.81696 22.81696 22.81696 22.81696 22.81696 22.81696 22.81696 22.81696 22.81696 22.81696 22.81696 22.81696 22.81696 18.262 10.29995 10.29995 10.29995 10.29995 10.29995 10.29995 10.29995 10.29995 10.29995 10.29995 10.29995 10.29995 10.29995 10.29995 10.29995 10.29995 10.29995 10.29995 10.29995 10.29995 10.29995 10.29995 8.391613 2.30435 1.932478 1.932478 1.932478 1.932478
0 0 0 0 0 0 0 0 0 0 0 0 0 0 0 0 0 22.81696 22.81696 22.81696 22.81696 22.81696 22.81696 22.81696 22.81696 22.81696 22.81696 22.81696 22.81696 22.81696 22.81696 22.81696 22.81696 22.81696 22.81696 22.81696 22.81696 22.81696 22.81696 21.34259 10.32846 10.29995 10.29995 10.29995 10.29995 10.29995 10.29995 10.29995 10.29995 10.29995 10.29995 10.29995 10.29995 10.29995 10.29995 10.29995 10.29995 10.29995 10.29995 10.29995 10.29995 6.877754 2.096531 1.932478 1.932478 1.932478 1.932478 1.932478
0 0 0 0 0 0 0 0 0 0 0 0 0 0 0 0 0 0 22.81696 22.81696 22.81696 22.81696 22.81696 22.81696 22.81696 22.81696 22.81696 22.81696 22.81696 22.81696 22.81696 22.81696 22.81696 22.81696 22.81696 22.81696 22.81696 22.81696 22.81696 22.81696 14.49279 10.29995 10.29995 10.29995 10.29995 10.29995 10.29995 10.29995 10.29995 10.29995 10.29995 10.29995 10.29995 10.29995 10.29995 10.29995 10.29995 10.29995 10.29995 10.29995 10.29995 3.940847 1.932479 1.932479 1.932478 1.932479 1.932478 1.932479
0 0 0 0 0 0 0 0 0 0 0 0 0 0 0 0 0 0 22.81696 22.81696 22.81696 22.81696 22.81696 22.81696 22.81696 22.81696 22.81696 22.81696 22.81696 22.81696 22.81696 22.81696 22.81696 22.81696 22.81696 22.81696 22.81696 22.81696 22.81696 22.81696 22.81059 18.21944 15.02823 11.18319 10.29995 10.29995 10.29995 10.29995 10.29995 10.29995 10.29995 10.29995 10.29995 10.29995 10.29995 10.29995 10.29995 10.29995 10.29995 10.29995 10.29749 3.260095 1.932478 1.932479 1.932479 1.932479 1.932479 1.932479
0 0 0 0 0 0 0 0 0 0 0 0 0 0 0 0 0 0 0 22.81696 22.81696 22.81696 22.81696 22.81696 22.81696 22.81696 22.81696 22.81696 22.81696 22.81696 22.81696 22.81696 22.81696 22.81696 22.81696 22.81696 22.81696 22.81696 22.81696 22.81696 22.81696 22.81696 22.81696 22.37194 18.77283 19.93925 13.21165 10.29995 10.29995 10.29995 10.29995 10.29995 10.29995 10.29995 10.29995 10.29995 10.29995 10.29995 10.29995 10.29995 7.880721 1.932478 1.932478 1.932478 1.932478 1.932478 1.932478 1.932478
0 0 0 0 0 0 0 0 0 0 0 0 0 0 0 0 0 0 0 22.81696 22.81696 22.81696 22.81696 22.81696 22.81696 22.81696 22.81696 22.81696 22.81696 22.81696 22.81696 22.81696 22.81696 22.81696 22.81696 22.81696 22.81696 22.81696 22.81696 22.81696 22.81696 22.81696 22.81696 22.81696 22.81696 22.81696 22.62075 10.89023 10.29995 10.29995 10.29995 10.29995 10.29995 10.29995 10.29995 10.29995 10.29995 10.29995 10.29995 9.762805 2.796494 1.932478 1.932478 1.932479 1.932478 1.932479 1.932479 1.932478
0 0 0 0 0 0 0 0 0 0 0 0 0 0 0 0 0 0 0 0 22.81696 22.81696 22.81696 22.81696 22.81696 22.81696 22.81696 22.81696 22.81696 22.81696 22.81696 22.81696 22.81696 22.81696 22.81696 22.81696 22.81696 22.81696 22.81696 22.81696 22.81696 22.81696 22.81696 22.81696 22.81696 22.81696 22.6151 11.54669 10.29995 10.29995 10.29995 10.29995 10.29995 10.29995 10.29995 10.29995 10.29995 10.29995 9.866316 3.858464 1.932478 1.932478 1.932478 1.932478 1.932478 1.932478 1.932478 1.932478
0 0 0 0 0 0 0 0 0 0 0 0 0 0 0 0 0 0 0 0 6.380886 22.05514 19.64908 20.64751 22.81696 22.81696 22.81696 22.81696 22.81696 22.81696 22.81696 22.81696 22.81696 22.81696 22.81696 22.81696 22.81696 22.81696 22.81696 22.81696 22.81696 22.81696 22.81696 22.81696 22.81696 22.81696 22.81696 13.99588 10.29995 10.29995 10.29995 10.29995 10.29995 10.29995 10.29995 10.29995 10.29995 10.29995 9.469291 2.148375 1.932478 1.932478 1.932478 1.932478 1.932478 1.932478 1.932478 1.932478
0 0 0 0 0 0 0 0 0 0 0 0 0 0 0 0 0 0 0 0 0 1.312993 1.243154 3.085124 20.60726 17.41471 21.19107 22.81696 22.81696 22.81696 22.81696 22.81696 22.81696 22.81696 22.81696 22.81696 22.81696 22.81696 22.81696 22.81696 22.81696 22.81696 22.81696 22.81696 22.81696 22.81696 22.81696 13.96674 10.29995 10.29995 10.29995 10.29995 10.29995 10.29995 10.29995 10.29995 10.29995 10.29995 6.454166 1.936332 1.932478 1.932478 1.932478 1.932478 1.932478 1.932478 1.932478 1.932478
0 0 0 0 0 0 0 0 0 0 0 0 0 0 0 0 0 0 0 0 0 1.243154 1.243154 1.243154 2.012948 1.306446 11.93243 20.89426 5.158067 19.5295 22.81696 22.81696 22.81696 22.81696 22.81696 22.81696 22.81696 22.81696 22.81696 22.81696 22.81696 22.81696 22.81696 22.81696 22.81696 22.81696 20.31551 10.36054 10.29995 10.29995 10.29995 10.29995 10.29995 9.275203 9.231071 10.29995 8.956366 8.967332 2.750953 1.932478 1.932478 1.932478 1.932479 1.932478 1.932478 1.932478 1.932478 1.932478
0 0 0 0 0 0 0 0 0 0 0 0 0 0 0 0 0 0 0 0 0 0 1.243154 1.243154 1.243154 1.243154 2.767115 2.699652 1.243154 15.28469 22.81696 22.81696 22.81696 22.81696 22.81696 22.81696 22.81696 22.81696 22.81696 22.81696 22.81696 22.81696 22.81696 22.81696 22.81696 22.81696 7.813838 7.558622 10.29995 10.29995 10.29995 10.18653 5.711116 1.978042 2.622527 3.392538 2.186807 2.092067 1.932478 1.932478 1.932479 1.932478 1.932478 1.932478 1.932478 1.932478 1.932479 1.932478
0 0 0 0 0 0 0 0 0 0 0 0 0 0 0 0 0 0 0 0 0 0 0 1.243154 1.243154 1.243154 1.243154 1.243154 1.243154 7.792854 22.72199 22.81696 22.81696 22.81696 22.81696 22.81696 22.81696 22.81696 22.81696 22.81696 22.81696 22.81696 22.81696 22.81696 22.81696 20.59182 1.432532 6.65945 10.28959 10.29995 10.08643 4.630073 1.933722 1.933722 1.933722 1.933722 1.933722 1.93349 1.932724 1.932478 1.932478 1.932478 1.932478 1.932478 1.932478 1.932478 1.932478 1.932478
0 0 0 0 0 0 0 0 0 0 0 0 0 0 0 0 0 0 0 0 0 0 0 1.243154 1.243154 1.243154 1.243154 1.243154 1.243154 1.243154 6.538887 7.36101 2.301316 7.854333 11.42977 9.517106 5.572181 16.28388 22.81696 22.81696 22.81696 22.81696 22.81696 22.81696 19.27074 7.029173 1.243154 1.36523 3.18377 7.365352 4.797574 1.933723 1.933722 1.933723 1.933722 1.933723 1.933722 1.933723 1.933722 1.932645 1.932478 1.932478 1.932479 1.932478 1.932478 1.932478 1.932478 1.932478
0 0 0 0 0 0 0 0 0 0 0 0 0 0 0 0 0 0 0 0 0 0 0 1.243154 1.243154 1.243154 1.243154 1.243154 1.243154 1.243154 1.243154 1.243154 1.243154 1.243154 1.243154 1.243154 1.243154 1.605242 17.78882 22.81696 22.81696 22.81696 22.81696 8.037581 1.306491 1.243154 1.243154 1.243154 1.243154 1.25302 1.925801 1.933722 1.933722 1.933722 1.933723 1.933722 1.933723 1.933722 1.933633 1.932485 1.932478 1.932478 1.932478 1.932478 1.932478 1.932478 1.932478 1.932478
0 0 0 0 0 0 0 0 0 0 0 0 0 0 0 0 0 0 0 0 0 0 0 1.243154 1.243154 1.243154 1.243154 1.243154 1.243154 1.243154 1.243154 1.243154 1.243154 1.243154 1.243154 1.243154 1.243154 1.243154 3.601749 19.992 22.15842 22.81696 21.91278 1.598474 1.243154 1.243154 1.243154 1.243154 1.24334 1.593266 1.933723 1.933722 1.933723 1.933722 1.933723 1.933722 1.933723 1.933722 1.933464 1.932478 1.932478 1.932478 1.932478 1.932478 1.932478 1.932478 1.932478 1.932478
0 0 0 0 0 0 0 0 0 0 0 0 0 0 0 0 0 0 0 0 0 0 0 0 1.243154 1.243154 1.243154 1.243154 1.243154 1.243154 1.243154 1.243154 1.243154 1.243154 1.243154 1.243154 1.243154 1.243154 1.243154 1.243154 1.535285 5.327995 4.245145 1.243154 1.243154 1.243154 1.243154 1.282177 1.698477 1.933722 1.933722 1.933722 1.933722 1.933722 1.933722 1.933722 1.933722 1.933722 1.93348 1.932479 1.932478 1.932479 1.932478 1.932479 1.932478 1.932478 3.900583 4.827523
0 0 0 0 0 0 0 0 0 0 0 0 0 0 0 0 0 0 0 0 0 0 0 0 0 1.243154 1.243154 1.243154 1.243154 1.243154 1.243154 1.243154 1.243154 1.243154 1.243154 1.243154 1.243154 1.243154 1.243154 1.243154 1.243154 1.243154 1.243154 1.243154 1.243154 1.243154 1.243154 1.555972 1.933722 1.933723 1.933722 1.933723 1.933722 1.933723 1.933722 1.933723 1.933722 1.933723 1.93331 1.932479 1.932478 1.932479 1.932478 1.932479 1.932479 1.932479 2.976889 12.66958
