Scenarios/Heterogeneous/data/country_data_population_distribution/processed/density_grids/gha.asc
ncols 125
nrows 172
xllcorner -3
yllcorner 4
cellsize 0.041666666666667
NODATA_value -9999
[rows 64 to 95 of 172, columns 0 to 72 of 125]
0 0 0 0 0 0 0 0 0 0 0 0 0 0 0 0 0 0 0 0 0 0 0 0 0 0 0 0 0 0 0 0 0 0 0 30.12441 30.82039 30.82038 30.82039 17.34695 14.94751 14.94751 14.94751 14.94751 14.94751 14.94751 14.94751 14.94751 14.94751 14.94751 17.11443 23.29365 23.29365 23.29365 23.29365 23.29365 23.29365 23.29365 23.29365 23.29365 23.29365 23.29365 23.29365 23.29365 23.29365 23.29369 24.62027 26.35321 26.57782 26.57782 26.57782 26.57782 26.57782
0 0 0 0 0 0 0 0 0 0 0 0 0 0 0 0 0 0 0 0 0 0 0 0 0 0 0 0 0 0 0 0 0 0 0 29.96803 30.82039 30.82039 30.82039 27.19611 14.94842 14.94751 14.94751 14.94751 14.94751 14.94751 14.94751 14.94751 14.94751 14.94751 20.91259 23.29365 23.29365 23.29365 23.29365 23.29365 23.29365 23.29365 23.29365 23.29365 23.29365 23.29365 23.29365 23.29365 23.29365 23.96223 26.57782 26.57782 26.57782 26.57782 26.57782 26.57782 26.57782
0 0 0 0 0 0 0 0 0 0 0 0 0 0 0 0 0 0 0 0 0 0 0 0 0 0 0 0 0 0 0 0 0 0 0 0 30.82039 30.82039 30.82039 30.82039 20.11275 14.94751 14.94751 14.94751 14.94751 14.94751 14.94751 14.94751 14.94751 14.94751 21.14396 23.29365 23.29365 23.29365 23.29365 23.29365 23.29365 23.29365 23.29365 23.29365 23.29365 23.29365 23.29365 23.29365 23.29365 23.82549 26.57782 26.57782 26.57782 26.57782 26.57782 26.57782 26.57782
0 0 0 0 0 0 0 0 0 0 0 0 0 0 0 0 0 0 0 0 0 0 0 0 0 0 0 0 0 0 0 0 0 0 0 0 30.82039 30.82039 30.82039 30.82039 26.69345 14.94751 14.94751 14.94751 14.94751 14.94751 14.94751 14.94751 14.94751 14.94751 17.47445 23.28628 22.8232 23.28891 23.29365 23.29365 23.29365 23.29365 23.29365 23.29365 23.29365 23.29365 23.29365 23.29365 23.29365 24.17871 26.57782 26.57782 26.57782 26.57782 26.57782 26.57782 26.57782
0 0 0 0 0 0 0 0 0 0 0 0 0 0 0 0 0 0 0 0 0 0 0 0 0 0 0 0 0 0 0 0 0 0 0 0 30.82039 30.82039 30.82039 30.82039 30.38118 16.05435 14.94751 14.94751 14.94751 14.94751 14.94751 14.94751 14.94751 14.94751 14.94751 15.86847 15.01461 19.02478 23.29365 23.29365 23.29365 23.29365 23.29365 23.29365 23.29365 23.29365 23.29365 23.29365 23.29365 25.3744 26.57782 26.57782 26.57782 26.57782 26.57782 26.57782 26.57782
0 0 0 0 0 0 0 0 0 0 0 0 0 0 0 0 0 0 0 0 0 0 0 0 0 0 0 0 0 0 0 0 0 0 0 0 30.82435 30.82039 30.82038 30.82039 30.82038 28.52648 20.79516 14.94751 14.94751 14.94751 14.94751 14.94751 14.94751 14.94751 16.06056 15.59284 14.94751 15.27227 23.04492 23.29365 23.29365 23.29365 23.29365 23.29365 23.29365 23.29365 23.29365 23.29365 23.29365 27.57806 26.57782 26.57782 26.57782 26.57782 26.57782 26.57782 26.57782
0 0 0 0 0 0 0 0 0 0 0 0 0 0 0 0 0 0 0 0 0 0 0 0 0 0 0 0 0 0 0 0 0 0 0 0 30.94401 30.82039 30.82039 30.82039 30.82039 30.82039 30.49179 19.22175 14.94751 14.94751 14.94751 14.94751 14.94751 15.41551 22.50216 23.2113 19.88067 20.13113 23.29365 23.29365 23.29365 23.29365 23.29365 23.29365 23.29365 23.29365 23.29365 23.29365 23.29365 38.48643 32.2613 26.57782 26.57782 26.57782 26.57782 26.57782 32.69307
0 0 0 0 0 0 0 0 0 0 0 0 0 0 0 0 0 0 0 0 0 0 0 0 0 0 0 0 0 0 0 0 0 0 0 31.60004 30.84806 30.82039 30.82039 30.82039 30.82039 30.82039 30.82039 30.79399 17.05414 14.94751 14.94751 14.94751 15.04725 22.68757 23.29365 23.29365 23.29365 23.29365 23.29365 23.29365 23.29365 23.29365 23.29365 23.29365 23.29365 23.29365 23.29365 23.29365 23.35438 37.87462 49.06653 26.59106 26.57782 26.57782 31.81195 50.5431 58.04095
0 0 0 0 0 0 0 0 0 0 0 0 0 0 0 0 0 0 0 0 0 0 0 0 0 0 0 0 0 0 0 0 0 103.502 111.7296 42.2983 30.82039 30.82039 30.82039 30.82039 30.82039 30.82039 30.82039 30.82039 28.38322 40.3882 37.63106 43.24186 53.05334 54.48539 53.40093 39.79012 23.88127 23.29365 23.29365 23.29365 23.29365 23.29365 23.29365 23.29365 23.29365 23.29365 23.29365 31.65133 52.75484 55.38979 58.11045 37.17908 26.57782 26.57782 36.69375 58.11045 58.11045
0 0 0 0 0 0 0 0 0 0 0 0 0 0 0 0 0 0 0 0 0 0 0 0 0 0 0 0 0 0 0 0 0 0 127.2238 55.1994 30.82039 30.82039 30.82039 30.82039 30.82039 30.82039 30.82039 30.82039 30.82039 36.03841 60.31151 57.74702 57.74702 57.74702 57.74702 57.74702 46.27461 23.52681 23.29365 23.29365 23.29365 23.29365 23.29365 23.29365 23.29365 26.37513 44.21192 58.08519 58.11044 58.11045 58.11044 55.27795 28.75083 26.57782 32.56114 58.11044 58.11044
0 0 0 0 0 0 0 0 0 0 0 0 0 0 0 0 0 0 0 0 0 0 0 0 0 0 0 0 0 0 0 0 0 0 127.2238 73.03542 30.82039 30.82039 30.82039 30.82038 30.82039 30.82038 30.82039 30.82039 30.82039 57.56053 78.63048 57.74702 57.74702 57.74701 57.74702 57.74701 57.74702 44.37167 25.22406 23.94725 23.29365 23.29365 23.29365 23.29365 23.29365 42.38678 58.11045 58.11044 58.11045 58.11044 58.11045 58.11044 29.07107 26.57782 28.10451 56.1875 58.11044
0 0 0 0 0 0 0 0 0 0 0 0 0 0 0 0 0 0 0 0 0 0 0 0 0 0 0 0 0 0 0 0 134.9337 128.3609 127.2238 65.5817 30.82039 30.82038 30.82039 30.82039 30.82039 30.82038 30.82039 30.82038 30.82039 69.6917 90.87574 65.51952 57.74702 57.74702 57.74702 57.74702 57.74702 57.74702 57.74702 56.32807 40.12668 33.61641 28.95426 33.51084 44.33432 57.49717 58.11044 58.11044 58.11045 58.11044 58.11045 58.11044 31.06457 27.58572 42.88791 51.05893 58.11044
0 0 0 0 0 0 0 0 0 0 0 0 0 0 0 0 0 0 0 0 0 0 0 0 0 0 0 0 0 0 0 132.3609 127.2238 127.2238 110.4812 33.30348 30.82039 30.82039 30.82039 30.82039 30.82039 30.82039 30.82039 30.82039 30.82039 77.34569 91.13551 63.06664 59.3588 57.74702 57.74702 57.74702 57.74702 57.74702 57.74702 57.74702 57.74702 57.74702 57.74702 57.77304 58.0831 58.11044 58.11044 58.11044 58.11044 58.11044 58.11044 58.11044 55.42637 54.19394 58.11044 58.11044 58.11044
0 0 0 0 0 0 0 0 0 0 0 0 0 0 0 0 0 0 0 0 0 0 0 0 0 0 0 0 0 0 143.5568 127.2238 127.2238 127.069 45.28648 30.82039 30.82038 30.82039 30.82038 30.82039 30.82038 30.82039 30.82038 30.82039 31.87086 84.39826 91.3765 89.59947 88.75342 67.02085 57.74702 57.74702 57.74702 57.74702 57.74702 57.74702 57.74702 57.74702 57.74702 57.76616 58.10605 58.11045 58.11044 58.11045 58.11044 58.11045 58.11044 58.11045 58.11044 58.11044 58.11044 58.11045 58.11045
0 0 0 0 0 0 0 0 0 0 0 0 0 0 0 0 0 0 0 0 0 0 0 0 0 0 0 0 0 124.9695 127.2276 127.2238 127.2238 87.49905 30.82038 30.82039 30.82039 30.82039 30.82038 30.82039 30.82038 30.82039 30.82039 30.82039 55.12509 91.3765 91.3765 91.3765 91.3765 86.11385 57.74702 57.74702 57.74702 57.74702 57.74702 57.74702 57.74702 57.74702 58.15641 57.82045 58.11017 58.11044 58.11045 58.11044 58.11045 58.11044 58.11044 58.11044 58.11044 58.11045 58.14257 59.95562 59.51904
0 0 0 0 0 0 0 0 0 0 0 0 0 0 0 0 0 0 0 0 0 0 0 0 0 0 0 0 0 129.6505 127.2238 127.2238 127.2238 76.62244 30.82038 30.82038 30.82038 30.82038 30.82038 30.82039 30.82038 30.82038 30.82038 33.51457 83.74776 91.3765 91.3765 91.3765 91.3765 90.90813 60.68231 57.74702 57.74702 57.74702 57.74702 57.74702 57.74702 61.77659 66.43246 63.42661 58.74131 58.11044 58.11044 58.11044 58.11044 58.11044 58.11044 58.11044 58.15413 60.31382 63.76481 65.28036 65.28036
0 0 0 0 0 0 0 0 0 0 0 0 0 0 0 0 0 0 0 0 0 0 0 0 0 0 0 0 124.8378 129.9586 127.2238 127.2238 127.2238 85.09823 30.82039 30.82039 30.82039 30.82039 30.82039 30.82039 30.82039 30.82039 30.82039 63.1629 91.3765 91.3765 91.3765 91.3765 112.342 118.0111 60.47429 57.74702 57.74702 57.74702 58.3695 61.63919 62.94452 66.96296 66.99873 66.99873 63.55835 60.50069 60.43787 58.1105 58.11044 58.11044 58.47407 62.29362 64.73683 65.28036 65.28036 65.28036 65.28036
0 0 0 0 0 0 0 0 0 0 0 0 0 0 0 0 0 0 0 0 0 0 0 0 0 0 0 0 130.5692 129.9755 127.2295 127.2238 127.2238 95.25421 30.82039 30.82039 30.82039 30.82039 30.82039 30.82039 30.82039 30.82039 31.74431 88.84379 91.3765 91.3765 156.3893 193.5856 227.8646 207.5323 59.71066 57.74702 59.60359 64.66393 66.4566 66.99873 66.99873 66.99873 66.99873 66.99873 66.99873 66.99873 66.19556 63.79278 62.56283 63.00871 64.7179 65.28036 65.28036 65.28036 65.28036 65.28036 65.28036
0 0 0 0 0 0 0 0 0 0 0 0 0 0 0 0 0 0 0 0 0 0 0 0 0 0 0 123.1352 130.5692 130.5692 128.8896 127.2256 127.2238 97.8345 33.78019 30.82038 30.82039 30.82038 30.82039 30.82038 30.82039 30.82038 42.69747 91.3765 91.3765 91.3765 191.923 230.5583 230.5583 224.7677 102.5136 67.06876 66.61308 66.99873 66.99873 66.99873 66.99873 66.99873 66.99874 66.99873 66.99873 66.99873 65.9683 65.28035 65.28036 65.28036 65.28036 65.28035 65.28035 65.28036 65.28035 65.28035 65.28035
0 0 0 0 0 0 0 0 0 0 0 0 0 0 0 0 0 0 0 0 0 0 0 0 0 0 0 130.5692 130.5692 130.5692 130.5692 129.5285 137.2611 129.2787 39.47237 30.82039 30.82039 30.82039 30.82039 30.82039 30.82039 30.82039 63.38816 91.3765 91.3765 91.3765 142.9979 230.5583 230.5583 230.5583 215.4443 206.163 89.66454 66.99873 66.99873 66.99873 66.99873 66.99873 66.99873 66.99873 66.99873 66.99873 65.5274 65.28036 65.28036 65.28036 65.28036 65.28036 65.28036 65.28036 65.28036 65.28036 65.28036
0 0 0 0 0 0 0 0 0 0 0 0 0 0 0 0 0 0 0 0 0 0 0 0 0 0 117.7315 130.5692 130.5692 130.5692 130.5692 133.0092 200.0478 207.4421 191.3777 40.95205 30.82038 30.82039 30.82039 30.82039 30.82039 36.10524 88.54413 91.3765 91.3765 95.43561 195.4013 230.5583 230.5583 230.5583 230.5583 225.9091 78.65944 66.99873 66.99873 66.99873 66.99873 66.99873 66.99873 66.99873 66.99873 69.85605 84.97208 110.9879 94.76891 65.72761 65.28036 65.28036 65.28036 65.28035 65.28036 65.28036 65.28036
0 0 0 0 0 0 0 0 0 0 0 0 0 0 0 0 0 0 0 0 0 0 0 0 0 0 130.5488 130.5692 130.5692 130.5692 130.5692 160.8017 207.4421 207.4421 207.442 172.3635 66.51552 36.03323 30.82038 30.82039 30.8536 69.2216 91.43874 91.3765 91.3765 145.8605 230.5583 230.5583 230.5583 230.5583 230.5583 230.5583 175.1367 69.52206 69.52848 76.02271 70.58224 66.99873 66.99873 66.99873 85.51815 132.9293 117.3403 94.15707 76.73904 69.68368 65.28036 65.28036 65.28036 65.28036 65.28036 65.28036 65.28036
0 0 0 0 0 0 0 0 0 0 0 0 0 0 0 0 0 0 0 0 0 0 0 0 0 0 130.5692 130.5692 130.5692 140.8822 155.3859 192.7854 207.4421 207.4421 207.442 201.0007 148.3152 100.6708 81.90859 86.33013 98.40646 110.5529 93.6809 91.3765 91.3765 200.0717 230.5583 230.5583 230.5583 230.5583 230.5583 230.5583 224.6998 129.4947 127.9442 135.5066 129.0676 105.1286 94.18526 94.5322 114.8589 108.9894 69.4305 69.20268 68.31837 65.28036 65.28036 65.28036 65.28036 65.28036 65.28036 65.28036 65.28036
0 0 0 0 0 0 0 0 0 0 0 0 0 0 0 0 0 0 0 0 0 0 0 0 0 0 130.5692 130.5692 130.5692 178.8144 207.2336 207.4421 207.4421 207.4421 207.4421 164.9356 111.0258 111.0258 111.0258 111.0258 111.0258 106.0632 91.3765 91.3765 91.3765 211.2426 230.5583 230.5583 230.5583 230.5583 230.5583 230.5583 189.873 135.5066 135.5066 135.5066 135.5066 135.5066 135.5066 135.4967 129.1104 71.71785 69.20267 69.20267 69.17369 67.50696 66.19551 65.28036 65.28036 65.28035 60.31696 36.04853 40.25771
0 0 0 0 0 0 0 0 0 0 0 0 0 0 0 0 0 0 0 0 0 0 0 0 0 0 130.5692 130.5692 135.7022 193.9091 207.4421 207.4421 207.4421 207.4421 207.4421 191.8651 118.4898 111.0258 111.0258 111.0258 111.0258 128.4249 132.5075 97.98279 189.2624 214.9123 230.5583 230.5583 230.5583 230.5583 230.5583 204.7476 124.9372 135.5066 135.5066 135.5066 135.5066 135.5066 135.5066 132.1832 74.24946 69.20267 69.20267 69.20267 69.20267 69.20267 68.82059 67.63064 61.67208 60.1424 33.53756 22.32305 22.32305
0 0 0 0 0 0 0 0 0 0 0 0 0 0 0 0 0 0 0 0 0 0 0 0 0 119.3187 132.3201 141.6766 149.3638 159.9738 203.0052 207.4421 207.4421 207.4421 207.4418 128.4781 111.0258 111.0258 111.0258 111.0258 111.0258 132.4826 208.5127 186.3961 206.2333 79.79784 74.86362 162.9648 210.0493 145.1952 118.6015 55.85247 115.0219 135.5066 135.5066 135.5066 135.5066 135.5066 135.5066 88.45213 69.20268 69.20267 69.20268 69.20267 69.20268 69.20267 67.57805 52.40232 47.96934 47.96934 30.94264 22.32304 22.32305
0 0 0 0 0 0 0 0 0 0 0 0 0 0 0 0 0 0 0 0 0 0 0 0 0 128.2711 130.9972 138.8533 148.2548 150.0875 159.237 203.198 207.4421 207.4421 207.4421 171.9882 111.0258 111.0258 111.0258 111.0258 111.0368 160.3901 208.5127 208.5127 171.2747 54.41454 53.93388 53.93388 53.93388 53.93388 53.93388 53.93388 113.5867 135.4625 135.5066 135.5066 135.5066 130.8448 97.49119 80.6796 69.20267 69.20267 69.20267 69.20267 69.2024 57.94472 49.82673 47.96934 47.96934 47.96934 30.99906 22.56842 36.48233
0 0 0 0 0 0 0 0 0 0 0 0 0 0 0 0 0 0 0 0 0 0 0 0 0 130.6103 130.6103 130.6103 131.6749 147.6729 150.0875 152.019 182.4283 207.372 207.442 170.9005 111.0258 111.0258 111.0258 116.8975 159.8572 208.5127 208.5127 208.5127 173.242 99.5644 53.93388 53.93388 53.93388 53.93388 53.93388 53.93388 53.93388 112.0049 135.5066 135.5066 134.0296 90.38358 69.20267 69.20267 69.20267 69.20267 69.20267 69.20267 69.07096 55.40389 47.96934 47.96934 47.96934 47.96934 47.96934 44.25733 47.72927
0 0 0 0 0 0 0 0 0 0 0 0 0 0 0 0 0 0 0 0 0 0 0 0 0 130.6103 130.6103 130.6103 136.5203 149.8582 150.0875 150.0875 150.0875 161.1483 181.664 175.1005 111.0258 114.5328 155.5269 196.2393 208.5127 208.5127 198.6392 168.8288 146.6357 144.0475 99.66924 90.23718 62.24679 53.93388 53.93388 53.93388 53.93388 60.29168 113.5388 82.1973 69.2095 69.20267 69.20267 69.20267 69.20268 69.20267 79.97863 73.60878 69.20267 54.73498 47.96934 47.96934 47.96934 47.96934 47.96934 47.96934 47.96934
0 0 0 0 0 0 0 0 0 0 0 0 0 0 0 0 0 0 0 0 0 0 0 0 0 130.6103 130.6103 130.6103 140.8481 150.0875 150.0875 150.0875 148.5246 140.1105 139.7783 139.9207 112.7103 146.5929 208.5127 208.5127 208.5127 191.7695 148.244 144.5003 144.5003 144.0555 141.8111 141.8111 133.5459 68.01762 72.83591 87.46677 54.2362 54.35978 58.31546 53.93388 68.02367 69.20267 69.20267 69.56052 90.34768 126.8969 158.2841 139.3421 79.50233 50.18829 47.96934 47.96934 47.96934 47.96934 47.96934 47.96934 47.93822
0 0 0 0 0 0 0 0 0 0 0 0 0 0 0 0 0 0 0 0 0 0 0 0 0 129.7251 130.6103 130.6103 130.6986 137.0855 141.328 139.6236 132.2101 130.6103 117.8136 110.6704 116.8797 152.5228 208.5127 208.5127 196.7036 158.9747 144.5004 144.5004 144.5004 144.1256 141.8155 141.8111 141.8111 141.1841 141.669 116.0186 54.68471 53.93388 53.93388 53.93388 66.24413 69.20267 76.06789 132.0693 161.6092 161.6093 161.6092 161.6093 79.2072 48.23396 47.96934 47.96934 47.96934 47.96934 47.96934 47.96934 35.2645
0 0 0 0 0 0 0 0 0 0 0 0 0 0 0 0 0 0 0 0 0 0 0 0 106.0144 130.6103 130.6103 130.6103 130.6103 130.6103 130.6103 130.6103 130.6103 121.929 87.61618 85.81004 129.1086 137.5362 208.2395 195.8871 145.2885 144.5003 144.5003 144.5003 144.5003 144.3641 141.9264 141.8111 141.8111 141.8111 141.8111 66.36362 53.93388 53.93388 53.93388 53.93388 65.2962 69.20267 134.9376 161.6093 161.6093 161.6092 161.6092 161.6092 71.5722 47.96934 47.96934 47.96934 47.96934 47.96934 47.47988 36.93762 22.38362
