Scenarios/Heterogeneous/data/country_data_population_distribution/processed/density_grids/gha.asc
ncols 125
nrows 172
xllcorner -3
yllcorner 4
cellsize 0.041666666666667
NODATA_value -9999
[rows 0 to 31 of 172, columns 0 to 72 of 125]
0 0 0 0 0 0 0 0 0 0 0 0 0 0 0 0 0 0 0 0 0 0 0 0 0 0 0 0 0 0 0 0 0 0 0 0 0 0 0 0 0 0 0 0 0 0 0 0 0 0 0 0 0 0 0 0 0 0 0 0 0 0 0 0 0 0 0 0 0 0 0 0 0
0 0 0 0 0 0 0 0 0 0 0 0 0 0 0 0 0 0 0 0 0 0 0 0 0 0 0 0 0 0 0 0 0 0 0 0 0 0 0 0 0 0 0 0 0 0 0 0 0 0 0 0 0 0 0 0 0 0 0 0 0 0 0 0 0 0 0 0 0 0 0 0 0
0 0 0 0 0 0 0 0 0 0 0 0 0 0 0 0 0 0 0 0 0 0 0 0 0 0 0 0 0 0 0 0 0 0 0 0 0 0 0 0 0 0 0 0 0 0 0 0 0 0 0 0 0 0 0 0 0 0 0 0 0 0 0 0 0 0 0 0 0 0 0 0 0
0 0 0 0 0 0 0 0 0 0 0 0 0 0 0 0 0 0 0 0 0 0 0 0 0 0 0 0 0 0 0 0 0 0 0 0 0 0 0 0 0 0 0 0 0 0 0 0 0 0 0 0 0 0 0 0 0 0 0 0 0 0 0 0 0 0 0 0 0 0 0 0 0
0 0 0 0 0 0 0 0 0 0 0 0 0 0 0 0 0 0 0 0 0 0 0 0 0 0 0 0 124.0169 121.7456 109.6126 104.8468 98.89849 22.12411 21.59044 21.97287 22.14729 22.05606 22.05465 37.39016 46.00275 42.09968 43.62457 50.86492 0 0 0 52.30095 51.05019 50.16513 44.87225 25.43905 25.52997 25.56586 0 22.73452 19.65467 21.72949 17.86896 17.86896 17.86896 68.3143 98.03802 94.72464 95.54156 94.47227 92.64005 88.26064 91.00258 109.9022 117.6077 156.121 159.0982
0 0 0 0 0 0 0 0 0 0 0 0 0 0 0 0 0 0 0 0 0 0 0 0 0 0 0 0 123.1141 124.0169 116.0559 115.0762 114.964 76.55688 37.60452 29.75594 20.62085 20.62085 20.62085 20.62085 20.62085 20.62085 20.62085 20.62085 20.62085 20.62085 20.62085 19.73812 17.86896 17.86896 17.86896 17.86896 17.86896 17.86896 17.86896 17.86896 17.86896 17.86896 17.86896 17.86896 17.86896 84.22464 107.2428 107.2428 107.2428 107.2428 107.2428 107.2428 121.2984 151.5038 130.3355 131.1552 157.491
0 0 0 0 0 0 0 0 0 0 0 0 0 0 0 0 0 0 0 0 0 0 0 0 0 0 0 0 123.6465 124.0169 118.8666 115.0762 115.0762 115.0762 115.0762 114.9794 55.58348 20.62085 20.62085 20.62085 20.62085 20.62085 20.62085 20.62085 20.62085 20.62085 20.62085 20.39604 17.88433 17.86896 17.86896 17.86896 17.86896 17.86896 17.86896 17.86896 17.86896 17.86896 17.86896 17.86896 17.89415 98.01971 107.2428 107.2428 107.2428 107.2428 107.2428 107.2428 118.3972 156.7628 157.491 150.6747 157.491
0 0 0 0 0 0 0 0 0 0 0 0 0 0 0 0 0 0 0 0 0 0 0 0 0 0 0 121.3235 124.0169 124.0169 119.1241 115.0762 115.0762 115.0762 115.0762 115.0762 102.6557 21.07733 20.62085 20.62085 20.62085 20.62085 20.62085 20.62085 20.62085 20.62085 20.62085 20.62085 18.6791 17.86896 17.86896 17.86896 17.86896 17.86896 17.86896 17.86896 17.86896 17.86896 17.86896 17.86896 27.11082 104.4873 107.2428 107.2428 107.2428 107.2428 107.2428 75.35486 91.49464 148.3469 157.491 157.491 182.8962
0 0 0 0 0 0 0 0 0 0 0 0 0 0 0 0 0 0 0 0 0 0 0 0 0 0 0 124.0169 124.0169 124.0169 122.7281 116.4186 115.0762 115.0762 115.0762 115.0762 114.9003 41.90687 20.62085 20.62085 20.62085 20.62085 20.62085 20.62085 20.62085 20.62085 20.62085 20.62085 19.5101 17.86896 17.86896 17.86896 17.86896 17.86896 17.86896 17.86896 17.86896 17.86896 17.86896 17.91143 93.88967 107.2428 102.2901 84.33804 73.98611 83.31614 100.0084 63.0675 57.99449 142.8636 157.491 161.6519 302.9287
0 0 0 0 0 0 0 0 0 0 0 0 0 0 0 0 0 0 0 0 0 0 0 0 0 0 94.12629 124.0169 124.0169 124.0169 124.0169 121.9632 115.4231 115.0762 109.8303 99.41747 91.48569 32.60812 20.62085 20.62085 20.62085 20.62085 20.62085 20.62085 20.62085 20.62085 20.62085 20.62085 20.45451 17.98453 17.86896 17.86896 17.86896 17.86896 17.86896 17.86896 17.86896 17.86896 17.86896 47.45653 83.29618 107.2428 76.43839 55.45046 55.45046 55.45046 55.8852 55.45046 74.68758 157.4639 157.491 192.0801 318.8434
0 0 0 0 0 0 0 0 0 0 0 0 0 0 0 0 0 0 0 0 0 0 0 0 0 0 122.7617 124.0169 124.0169 124.0169 122.6927 118.4263 114.4521 109.6791 99.27135 94.79827 94.79826 87.63827 48.02402 20.62085 20.62085 20.62085 20.62085 20.62085 20.62085 20.62085 20.62085 20.62085 20.62085 18.67811 17.86896 17.86896 17.86896 17.86896 17.86896 17.86896 17.86896 17.86896 35.10913 54.51108 58.40634 63.83224 59.26033 55.45046 55.45046 55.45046 55.45046 55.45046 56.15363 117.7898 157.491 180.3459 285.1985
0 0 0 0 0 0 0 0 0 0 0 0 0 0 0 0 0 0 0 0 0 0 0 0 0 0 120.3641 124.0169 124.0169 124.0169 113.5383 94.95911 95.69125 95.26391 94.79827 94.79828 94.79827 94.79828 93.97774 52.54948 20.62085 20.62085 20.62085 20.62085 20.62085 20.62085 20.62085 20.62085 20.62085 18.91465 17.86896 17.86896 17.86896 17.86896 17.86896 17.86896 17.86896 17.86896 42.97446 55.45046 55.45046 55.45046 55.45046 55.45046 55.45046 55.45047 55.45046 55.45046 55.51772 131.0957 157.491 157.491 213.2465
0 0 0 0 0 0 0 0 0 0 0 0 0 0 0 0 0 0 0 0 0 0 0 0 0 0 124.0167 124.0169 124.0169 123.4405 120.273 95.1676 94.79826 94.79827 94.79827 94.79827 94.79827 94.79827 94.79827 58.3626 20.62085 20.62085 20.62085 20.62085 20.62085 20.62085 20.62085 20.62085 20.39888 18.03759 17.86896 17.86896 17.86896 17.86896 17.86896 17.86896 17.86896 17.86896 42.18203 55.45046 55.45046 55.45046 55.45046 55.45046 55.45046 55.45046 55.45046 55.45046 55.45046 98.12714 157.491 157.491 181.744
0 0 0 0 0 0 0 0 0 0 0 0 0 0 0 0 0 0 0 0 0 0 0 0 0 0 124.0169 124.0169 119.3265 101.3646 99.96973 94.79827 94.79827 94.79827 94.79826 94.79827 94.79826 94.79827 94.79826 86.52863 26.40632 20.62085 20.62085 20.62085 20.62085 20.62085 20.62085 20.62085 20.02094 17.86896 17.86896 17.86896 17.86896 17.86896 17.86896 17.86896 17.86896 17.86896 36.42434 54.46502 55.45046 55.45046 55.45046 55.45046 55.45046 55.45046 55.45046 55.45046 55.45046 92.05418 157.491 157.491 157.491
0 0 0 0 0 0 0 0 0 0 0 0 0 0 0 0 0 0 0 0 0 0 0 0 0 0 117.2495 124.0169 111.4404 94.79827 94.79827 94.79827 94.79827 94.79827 94.79827 94.79827 94.79827 94.79827 94.79827 73.96336 37.676 24.0746 20.62085 20.62085 20.62085 20.62085 20.62085 20.62085 20.05643 17.86896 17.86896 17.86896 17.86896 17.86896 17.86896 17.86896 17.86896 17.86896 17.86896 28.34393 53.49119 55.45047 55.45046 55.45047 55.45046 55.45047 55.45047 55.45047 55.45047 70.75075 154.4577 157.491 157.491
0 0 0 0 0 0 0 0 0 0 0 0 0 0 0 0 0 0 0 0 0 0 0 0 0 0 90.66592 122.0659 101.46 94.79827 94.79827 94.79827 94.79827 94.79827 94.79826 91.88547 79.45778 53.6645 47.37876 39.53421 39.42466 38.1082 25.50255 20.66532 20.62085 20.62085 20.62085 20.62085 20.4243 17.87295 17.86896 17.86896 17.86896 17.86896 17.86896 17.86896 17.86896 17.86896 17.86896 17.86896 23.55709 54.25957 55.45046 55.45046 55.45046 55.45046 55.45046 55.45046 55.45046 56.0237 138.5706 82.15104 76.94792
0 0 0 0 0 0 0 0 0 0 0 0 0 0 0 0 0 0 0 0 0 0 0 0 0 0 0 109.5045 94.79827 94.79827 94.79827 94.74978 93.17213 87.82542 54.36447 39.82339 39.42465 39.42466 39.42466 39.42466 39.42466 39.42466 39.42466 30.9509 21.02869 20.62085 20.62085 20.62085 20.62085 19.21915 17.86896 17.86896 17.86896 17.86896 17.86896 17.86896 17.86896 17.86896 17.86896 17.86896 20.04682 48.65297 53.8866 55.44614 55.45046 55.45046 55.45046 55.45046 55.44288 53.98169 58.94522 50.99431 50.99431
0 0 0 0 0 0 0 0 0 0 0 0 0 0 0 0 0 0 0 0 0 0 0 0 0 0 0 0 86.28088 86.77945 71.06071 51.38082 39.64268 39.43244 39.42466 39.42466 39.42466 39.42466 39.42466 39.42465 39.42466 39.42466 39.42466 39.42464 34.59697 32.3657 21.82995 20.62085 20.62085 20.57714 18.32817 17.86896 17.86896 17.86896 17.86896 17.86896 17.86896 17.86896 17.86896 17.86896 27.15139 48.06729 51.07677 54.87146 55.45046 55.45047 55.45046 55.45046 53.1605 50.9943 50.9943 50.9943 50.9943
0 0 0 0 0 0 0 0 0 0 0 0 0 0 0 0 0 0 0 0 0 0 0 0 0 0 0 0 0 40.62902 39.42466 39.42465 39.42465 39.42466 39.42466 39.42466 39.42466 39.42465 39.42466 39.42466 39.42465 39.42465 39.42466 39.42465 39.42466 39.42466 29.04503 20.62085 20.62085 20.54228 18.39774 17.86896 17.86896 17.86896 17.86896 17.86896 17.86896 17.86896 18.26437 36.75122 50.88778 50.9943 51.41603 55.20871 55.45047 55.45046 54.50648 52.80898 50.9969 50.9943 50.9943 50.9943 50.99431
0 0 0 0 0 0 0 0 0 0 0 0 0 0 0 0 0 0 0 0 0 0 0 0 0 0 0 0 39.42466 39.42465 39.42466 39.42465 39.42465 39.42465 39.42466 39.42465 39.42466 39.42465 39.42466 39.42466 39.42466 39.42465 39.42466 39.42465 39.42466 39.42466 32.5998 20.62085 20.62085 19.50594 17.86896 17.86896 17.86896 17.86896 17.86896 17.86896 17.86896 17.89737 38.02628 50.9943 50.99431 50.99431 50.99431 52.17782 55.28308 55.45046 52.68954 50.9943 50.9943 50.99431 50.9943 50.99431 50.99431
0 0 0 0 0 0 0 0 0 0 0 0 0 0 0 0 0 0 0 0 0 0 0 0 0 0 0 0 39.42466 39.42466 39.42466 39.42465 39.42466 39.42466 39.42466 39.42466 39.42466 39.42466 39.42466 39.42466 39.42466 39.42466 39.42466 39.42466 39.42466 39.42466 32.37325 23.4387 25.51019 23.13723 21.10838 19.60362 18.31945 17.86896 17.86896 17.86896 17.86896 29.64217 50.99431 50.99431 50.99431 50.99431 50.99431 50.99431 52.06387 54.89482 54.29485 50.99431 50.99431 50.99431 50.99431 50.99431 50.99431
0 0 0 0 0 0 0 0 0 0 0 0 0 0 0 0 0 0 0 0 0 0 0 0 0 0 0 0 0 38.19441 39.42466 39.42466 39.42466 39.42466 39.42466 39.42466 39.42465 39.42466 39.42465 39.42466 39.42465 39.42466 39.42465 39.42466 39.42466 38.98235 28.84243 26.56429 26.56429 26.56429 26.56429 26.56429 26.04708 20.70162 17.87166 17.86896 18.31635 46.45468 50.99431 50.99431 50.99431 50.99431 50.99431 50.99431 50.99431 51.8087 51.80286 50.99431 50.99431 50.99431 50.99431 50.99431 50.99431
0 0 0 0 0 0 0 0 0 0 0 0 0 0 0 0 0 0 0 0 0 0 0 0 0 0 0 0 0 0 39.42466 39.42466 39.42466 39.42466 39.42466 39.42466 39.42466 39.42466 39.42466 39.42466 39.43743 35.10003 32.32039 32.11317 31.12473 32.28432 26.56429 26.56429 26.56429 26.56429 26.56429 26.56429 26.56429 26.56429 27.60408 37.42088 43.16631 50.99431 50.99431 50.99431 50.9943 50.99431 50.99431 50.99431 50.9943 50.9943 50.99431 50.99431 50.99431 50.9943 50.99431 50.99431 50.99431
0 0 0 0 0 0 0 0 0 0 0 0 0 0 0 0 0 0 0 0 0 0 0 0 0 0 0 0 0 48.35858 51.52634 41.10429 39.42466 39.42507 39.42466 39.42466 39.42466 43.14352 55.93374 66.11868 57.01753 26.56899 26.56429 26.56429 26.56429 26.56429 26.56429 26.56429 26.56429 26.56429 26.56429 26.56429 26.56429 26.56429 26.56429 28.85411 50.58745 50.99431 50.99431 50.99431 50.99431 50.99431 50.99431 50.99431 50.99431 50.99431 50.9943 50.9943 50.99431 50.9943 50.99431 50.99431 50.99431
0 0 0 0 0 0 0 0 0 0 0 0 0 0 0 0 0 0 0 0 0 0 0 0 0 0 0 0 0 58.0269 57.8048 56.05932 52.76362 56.67972 50.14493 39.42466 53.0045 73.78897 74.35691 74.35692 41.5136 26.56429 26.56429 26.56429 26.56429 26.56429 26.56429 26.56429 26.56429 26.56429 26.56429 26.56429 26.56429 26.56429 26.56429 26.56429 33.36692 48.43236 50.99431 50.99431 50.99431 50.99431 50.99431 50.99431 50.99431 50.99431 50.99431 50.99431 50.99431 50.99431 50.99431 50.99431 50.99431
0 0 0 0 0 0 0 0 0 0 0 0 0 0 0 0 0 0 0 0 0 0 0 0 0 0 0 0 0 57.80199 57.8048 57.8048 57.8048 57.8048 67.59401 57.04181 74.24142 74.35691 74.35691 69.66428 26.60462 26.56429 26.56429 26.56429 26.56429 26.56429 26.56429 26.56429 26.56429 26.56429 26.56429 26.56429 26.56429 26.56429 26.56429 26.56429 26.56429 31.43804 46.7664 50.8936 39.73362 35.95345 43.40945 48.48546 50.99431 50.9943 50.90006 45.78124 40.08441 46.09273 44.80242 46.92522 50.99431
0 0 0 0 0 0 0 0 0 0 0 0 0 0 0 0 0 0 0 0 0 0 0 0 0 0 0 0 0 57.59511 57.8048 57.8048 57.8048 57.8048 61.1559 73.875 74.35691 74.35692 74.35691 71.66295 39.08115 26.59889 26.56429 26.56429 26.56429 26.56429 26.56429 26.56429 26.56429 26.56429 26.56429 26.56429 26.56429 26.56429 26.56429 26.55289 21.64303 16.50972 14.79778 16.6957 12.26913 12.26913 12.26913 13.2668 34.05059 50.9943 43.33565 32.83335 32.83336 32.83336 32.83335 41.97015 50.99431
0 0 0 0 0 0 0 0 0 0 0 0 0 0 0 0 0 0 0 0 0 0 0 0 0 0 0 0 0 52.56997 57.80481 57.8048 57.8048 57.8048 57.80481 67.0061 74.35691 74.35691 74.35691 74.35691 73.95869 32.22622 26.56429 26.56429 26.56429 26.56429 26.56429 26.56429 26.56429 26.56429 26.56429 26.56429 26.56429 26.56429 25.83699 17.51159 13.0133 12.26913 12.26913 12.26913 12.26913 12.26913 12.26913 12.26913 12.55116 21.73838 26.20789 32.57437 32.83335 32.83335 32.83335 36.2648 50.46748
0 0 0 0 0 0 0 0 0 0 0 0 0 0 0 0 0 0 0 0 0 0 0 0 0 0 0 0 0 0 57.8048 57.8048 57.8048 57.8048 57.8048 63.33043 74.3569 74.35691 74.3569 74.35691 74.3569 70.57106 49.22516 26.62638 26.56429 26.56429 26.56429 26.56429 26.56429 26.56429 26.56429 26.56429 26.56429 26.56429 24.86124 12.27433 12.26913 12.26913 12.26913 12.26913 12.26913 12.26913 12.26913 12.26913 12.26913 12.26914 12.26913 15.92601 32.83335 32.83335 32.83335 33.06625 59.54065
0 0 0 0 0 0 0 0 0 0 0 0 0 0 0 0 0 0 0 0 0 0 0 0 0 0 0 0 0 0 57.80481 57.8048 57.8048 57.8048 57.80481 60.4936 73.94373 74.35691 74.35692 74.35691 74.35692 74.35691 74.35692 48.46843 26.56429 26.56429 26.56429 26.56429 26.56429 26.56429 26.56429 26.56429 26.56429 26.56429 25.66894 12.49256 12.26913 12.26913 12.26913 12.26913 12.26913 12.26913 12.26913 12.26913 12.26913 12.26914 12.26913 14.63416 32.83335 32.83335 32.83335 37.20391 93.95453
0 0 0 0 0 0 0 0 0 0 0 0 0 0 0 0 0 0 0 0 0 0 0 0 0 0 0 0 0 0 57.8048 57.80481 57.80481 57.8048 57.8048 57.8048 69.69508 74.35692 74.35691 74.35691 74.35691 74.35692 74.35691 74.02137 37.89295 26.56429 26.56429 26.56429 26.56429 26.56429 26.56429 26.56429 26.56429 26.56429 26.56429 14.29363 12.26913 12.26913 12.26914 12.26913 12.26913 12.26914 12.26913 12.26914 12.26913 12.26914 12.26913 17.74425 32.83336 32.83336 32.83336 64.5398 113.8665
0 0 0 0 0 0 0 0 0 0 0 0 0 0 0 0 0 0 0 0 0 0 0 0 0 0 0 0 0 0 56.77984 57.8048 57.8048 57.8048 57.8048 57.8048 67.78589 74.35691 74.3569 74.35691 74.35691 74.35691 74.3569 74.35691 71.59255 51.36993 49.76314 44.47319 27.42187 26.56429 26.56429 26.56429 26.56429 26.56429 26.40814 13.02389 12.26913 12.26913 12.26913 12.26913 12.26913 12.26913 12.26913 12.26913 12.26913 12.26914 13.18519 18.68014 31.74471 32.83335 32.83335 44.71553 90.81061
