Scenarios/Heterogeneous/data/country_data_population_distribution/processed/density_grids/gha.asc
ncols 125
nrows 172
xllcorner -3
yllcorner 4
cellsize 0.041666666666667
NODATA_value -9999
[rows 96 to 127 of 172, columns 0 to 72 of 125]
0 0 0 0 0 0 0 0 0 0 0 0 0 0 0 0 0 0 0 0 0 0 0 0 130.6103 130.6103 130.6103 130.6103 130.6103 130.6103 130.6103 123.9362 109.5637 86.77728 85.80225 85.81876 190.4549 191.0338 208.5127 207.8389 187.0102 144.8904 144.5004 144.5003 144.5004 142.968 141.8111 141.8111 141.8111 141.8111 141.8111 88.12657 91.23283 101.7555 87.88358 76.7903 547.8525 453.113 145.368 219.8385 161.6093 161.6093 161.6093 158.5324 52.83315 47.96934 47.96934 47.96934 47.96935 41.5203 27.01927 22.32305 22.32305
0 0 0 0 0 0 0 0 0 0 0 0 0 0 0 0 0 0 0 0 0 0 0 111.0803 130.6103 130.6103 130.6103 130.6103 130.6103 130.6103 122.0206 94.62395 85.80225 85.80225 85.80225 85.80225 85.80225 89.02441 163.9487 107.5214 147.6007 144.0131 144.5003 144.5004 143.8387 141.9306 141.8111 141.8111 141.6866 141.7048 130.9859 130.2257 149.591 149.6213 149.6213 149.6213 398.8836 785.5009 506.0603 483.2614 221.758 161.6093 161.6092 122.8944 47.96934 47.96935 47.96934 47.90319 45.9691 36.73457 22.32305 22.32305 22.32305
0 0 0 0 0 0 0 0 0 0 0 0 0 0 0 0 0 0 0 0 0 0 90.67254 126.4881 130.6103 130.6103 130.6103 130.6103 130.6103 122.2731 86.5475 85.80225 85.80225 85.80225 85.80225 85.80225 85.80225 85.80225 85.80225 85.80225 98.83122 144.4168 144.5004 144.5003 141.9527 141.8111 141.8111 122.9333 94.42414 92.97436 90.75382 90.52683 110.0782 149.4677 149.6213 149.6213 464.3581 860.7477 552.7884 504.6347 233.8295 161.6093 147.0074 60.12544 47.96934 47.96934 47.96934 42.30687 22.32305 22.3592 22.32304 22.32304 22.32304
0 0 0 0 0 0 0 0 0 0 0 0 0 0 0 0 0 0 0 0 0 125.1866 130.6103 130.6103 130.6103 130.6103 130.6103 130.6103 130.3078 109.2324 89.40464 89.20534 91.39056 85.90067 85.80225 85.80225 85.80225 85.80225 85.80225 85.80225 114.7995 126.0027 139.0462 163.8228 168.6915 138.9722 101.6368 90.98387 90.52683 90.52683 90.52683 125.7293 152.5472 149.6213 149.6213 149.6213 434.9995 863.4633 724.8641 506.0603 457.5742 199.8916 76.84277 47.96933 47.96934 47.96934 47.53214 31.63955 22.32304 22.32305 22.32304 41.30062 78.93497
0 0 0 0 0 0 0 0 0 0 0 0 0 0 0 0 0 0 0 0 0 79.18233 125.8583 130.6103 130.6103 130.6103 130.6103 130.6103 117.5434 99.55927 99.55927 99.55927 99.55927 96.70654 91.07755 85.98487 85.80225 85.80225 85.80225 85.80225 85.83339 104.6568 208.5946 218.3223 218.3222 210.6646 155.2358 90.52683 90.52684 90.52683 90.52683 96.48158 170.6733 162.2243 149.6213 149.6213 485.0193 863.4634 857.3843 550.2838 488.3571 171.8541 57.98825 43.26596 36.69739 36.3027 28.46386 22.32304 22.32304 22.32304 26.89036 103.1371 106.6471
0 0 0 0 0 0 0 0 0 0 0 0 0 0 0 0 0 0 0 0 76.93899 63.5145 90.32275 108.7563 95.15947 105.4899 130.6103 119.1105 99.62668 99.55928 99.55928 99.55928 99.55928 99.55928 99.55928 92.41455 85.80225 85.80225 85.80225 86.19022 143.3003 206.0635 218.3223 218.3223 218.2485 182.6311 166.1499 107.3058 90.52683 90.52684 90.52683 90.52684 123.8556 211.0081 161.0353 149.6213 447.4645 863.4634 646.5062 534.0478 506.0603 450.5639 125.612 23.64487 22.32305 22.32305 22.32305 22.32305 23.14506 46.33945 98.83677 106.6471 106.6471
0 0 0 0 0 0 0 0 0 0 0 0 0 0 0 0 0 0 0 0 63.5145 63.5145 63.5145 63.5145 63.5145 63.63578 106.6681 115.7401 99.55928 99.55928 99.55928 99.55928 99.55928 99.55927 99.55927 89.42921 85.80225 85.80225 86.17927 150.8912 218.3223 218.3223 218.3223 218.3223 195.789 90.52683 90.52684 90.52683 90.52684 90.52683 90.52684 90.52683 115.4573 213.9484 209.796 158.1339 621.7155 834.5898 434.3007 505.8111 506.0603 454.7621 135.6567 91.35071 79.28256 52.47942 24.1785 22.32305 43.97308 96.09618 106.6471 106.6471 106.6471
0 0 0 0 0 0 0 0 0 0 0 0 0 0 0 0 0 0 0 69.1789 63.5145 63.5145 63.5145 63.5145 63.5145 63.5145 67.35883 102.1469 99.55927 99.55929 99.55927 99.55929 99.55929 99.55929 99.55927 91.81979 85.80225 85.80225 139.9901 203.7669 218.3223 218.3223 218.3223 218.3223 206.1696 90.52683 90.52684 90.52685 90.52684 90.52684 90.52684 90.52684 118.7193 216.5645 219.4109 542.7308 785.6128 455.1971 304.691 428.9728 373.1337 148.5296 115.0641 115.0641 115.0641 115.0583 106.1025 71.69326 35.84668 52.60441 106.6471 106.6471 106.6471
0 0 0 0 0 0 0 0 0 0 0 0 0 0 0 0 0 0 97.08215 63.5145 63.5145 63.5145 63.5145 63.5145 63.5145 63.5145 63.5145 78.87004 99.55927 99.55928 99.55927 99.55927 99.55928 99.55928 99.55927 93.57228 85.80225 85.80225 91.22715 97.74857 189.6428 207.8101 218.3223 157.8061 99.71754 90.52684 90.52683 90.52684 90.52683 90.52684 90.52683 115.3569 102.9253 198.8537 219.4109 360.3073 549.0243 304.691 304.691 304.691 298.2363 119.3543 115.0641 115.0641 115.0641 113.324 107.8192 112.714 113.6282 104.758 106.6471 106.6471 106.6471
0 0 0 0 0 0 0 0 0 0 0 0 0 0 0 0 0 0 0 63.5145 63.5145 63.5145 63.5145 63.5145 63.5145 63.5145 63.5145 72.14161 99.55928 99.55928 99.55928 99.55928 99.55928 99.55928 99.55928 99.41136 90.75954 92.07462 85.80225 85.80225 85.80225 100.2111 117.0115 91.78167 82.65478 81.55817 82.98431 84.14203 89.32452 90.52684 134.9641 216.0119 219.3433 219.4109 219.4109 3352.523 1937.366 559.6484 304.691 304.691 342.3204 263.4933 126.7046 115.0641 115.0641 114.156 106.7699 106.68 108.9435 107.2778 106.6471 106.6471 106.6471
0 0 0 0 0 0 0 0 0 0 0 0 0 0 0 0 0 0 0 66.82041 63.5145 63.5145 63.5145 63.5145 63.5145 63.5145 63.5145 82.39872 99.55928 99.55927 99.55928 99.55927 99.55928 99.55927 99.55928 99.55927 129.7712 136.3945 85.82345 85.80225 85.80225 89.18471 89.60649 83.16135 79.31075 79.31074 79.31075 79.31074 81.23715 131.7419 200.2768 219.4109 219.4109 219.4109 232.1577 3438.671 14188.35 14163.02 9528.486 1383.248 357.0996 357.1671 328.3986 211.5004 124.3097 115.0641 108.674 106.6471 106.6471 107.9167 108.9814 109.03 108.5429
0 0 0 0 0 0 0 0 0 0 0 0 0 0 0 0 0 0 0 63.885 63.5145 63.5145 63.5145 63.5145 63.5145 63.5145 63.5145 83.89629 99.55927 99.55928 99.55927 99.55928 99.55928 99.55928 108.8027 135.0952 154.4263 155.1174 94.05197 82.56109 81.93233 80.98491 79.57879 79.31075 79.31075 79.31075 79.31075 79.31075 99.56006 216.1254 219.4109 219.4109 219.4109 219.4109 261.1922 13799.52 14722.97 14732.8 14732.8 7554.94 357.1671 357.1671 357.1671 357.1671 298.4368 132.1742 107.1222 106.6471 106.7772 119.0838 122.2629 121.6228 110.0867
0 0 0 0 0 0 0 0 0 0 0 0 0 0 0 0 0 0 68.5588 63.5145 63.5145 63.5145 63.5145 63.5145 63.5145 63.5145 63.62815 83.03233 99.40618 99.55927 99.55927 99.55927 99.55927 103.5677 142.9361 155.1789 155.1789 155.0801 98.50014 79.31075 79.31075 79.31075 79.31074 79.31075 79.31075 79.31075 79.31074 79.31075 95.70313 210.5763 219.4109 219.4109 234.5659 271.0472 394.4141 2706.906 10849.02 14732.8 12159.4 7200.333 357.1671 357.1671 343.6406 356.1039 357.1671 209.2929 106.6471 107.0838 116.4256 122.3439 122.3439 119.0117 117.3557
0 0 0 0 0 0 0 0 0 0 0 0 0 0 0 0 0 0 68.36144 63.5145 63.51449 63.5145 63.51449 63.51449 63.5145 63.33146 62.30337 61.51995 71.72303 97.41888 98.66238 116.3546 131.3684 149.4641 155.1789 155.1789 155.1789 155.1789 135.527 80.33508 79.31075 79.31074 79.31075 79.31074 79.31075 79.31074 79.31075 79.31074 79.31075 176.858 219.4109 219.4109 333.744 422.1509 422.151 422.1509 1304.194 5036.896 753.4843 289.632 311.4925 314.1927 291.4592 314.0945 357.1671 190.3889 106.6471 108.5468 122.1405 122.3439 122.3439 122.3439 122.5149
0 0 0 0 0 0 0 0 0 0 0 0 0 0 0 0 0 0 74.30293 63.5145 63.51449 63.5145 63.51449 63.5145 63.5145 62.96962 61.48127 61.48127 61.48127 66.23589 62.4676 101.9021 155.1789 155.1789 155.1789 155.1789 155.1789 155.1789 141.9086 79.31074 79.31075 79.31074 79.31075 79.31074 79.31075 79.31074 79.31075 79.31074 87.48357 142.4574 150.2656 176.7032 300.7092 422.151 403.42 322.0252 394.9316 318.1528 289.6078 289.6078 289.6078 289.6078 289.6078 291.4214 326.1742 157.1049 109.4271 122.1844 122.3439 122.3439 122.3439 122.3439 125.208
0 0 0 0 0 0 0 0 0 0 0 0 0 0 0 0 0 0 74.56308 63.5145 63.5145 63.5145 63.5145 63.5145 63.5145 62.40742 61.48127 61.48127 61.48127 61.48127 61.48127 81.94879 160.9989 157.1014 155.1789 155.1789 155.1789 155.1789 127.967 79.31074 79.31075 79.31075 79.31075 79.31074 79.31075 79.31074 79.31075 79.36128 115.9555 137.3969 137.3969 137.3969 221.2134 351.6237 206.4084 169.8062 348.2817 337.0654 289.6078 297.2788 301.359 289.6078 289.6078 295.1518 336.4701 134.069 110.1161 122.3403 122.3439 122.3439 122.3439 122.3439 176.4483
0 0 0 0 0 0 0 0 0 0 0 0 0 0 0 0 0 0 0 63.5145 63.5145 63.5145 63.5145 63.45999 62.43746 61.48134 61.48127 61.48127 61.48127 61.48127 61.48128 119.979 168.8949 168.0022 160.7917 155.2861 155.1789 140.9861 81.16624 131.4936 121.9997 134.7662 88.06498 79.31075 79.31074 79.31075 79.31075 91.93932 137.3969 137.3969 137.3969 137.3969 137.3969 137.3969 119.029 108.2608 203.5092 398.0606 359.4348 396.3908 302.2885 135.8246 142.6746 141.0567 320.2122 136.9018 108.3238 121.8959 122.3439 122.3439 122.3439 137.3025 227.9102
0 0 0 0 0 0 0 0 0 0 0 0 0 0 0 0 0 0 0 63.58599 63.5145 63.42981 62.68694 61.7492 61.48127 61.48127 61.48127 61.48127 61.48127 61.48127 80.30149 163.5159 168.8949 168.8949 165.1028 155.8502 155.1789 108.5145 79.31074 134.8844 177.0293 177.0293 122.4195 79.31074 79.31075 79.31074 80.59025 115.9444 137.3969 137.3969 137.3969 137.3969 137.3969 135.6203 107.7568 107.1841 139.8888 382.5028 401.5557 401.5556 401.5556 131.6038 103.3903 103.3903 176.8013 115.7886 118.672 122.3439 122.3439 122.3439 122.3439 151.5945 228.3351
0 0 0 0 0 0 0 0 0 0 0 0 0 0 0 0 0 0 0 69.45428 62.81168 61.68771 61.48128 61.48128 61.48127 61.48128 61.48128 61.48128 61.48127 61.48128 79.32387 167.2094 168.895 168.895 166.3739 165.7956 161.8785 139.7408 79.31075 151.6137 177.0293 177.0293 140.4342 79.54618 109.6049 125.5248 108.6285 137.3946 137.3969 137.3969 137.3969 137.3969 137.3969 120.1904 107.1841 107.1841 107.1841 345.5168 399.0732 398.6859 401.5557 190.8761 103.3903 103.3903 104.4987 122.0046 122.3439 122.3439 122.3439 122.3439 154.6982 211.8925 228.3351
0 0 0 0 0 0 0 0 0 0 0 0 0 0 0 0 0 0 0 77.69009 61.4815 61.48127 61.48128 61.48128 61.48127 61.48127 61.48128 61.48128 61.48127 61.48128 61.48127 111.709 166.4539 168.8949 168.8949 168.8949 168.8949 148.5418 110.5269 172.8288 177.0293 177.0293 156.0057 129.1447 143.2227 137.3969 137.3969 137.3969 137.3969 137.3969 137.3969 137.2312 136.6158 108.009 107.1841 107.1841 114.6129 388.1556 377.3776 357.6217 389.5341 191.5419 103.3903 103.3903 103.8682 119.0417 122.3439 122.3439 122.3439 176.0039 228.1645 228.3351 224.0847
0 0 0 0 0 0 0 0 0 0 0 0 0 0 0 0 0 0 0 0 61.48128 61.48127 61.48127 61.48128 61.48127 61.48128 61.48128 61.48128 61.48127 61.48128 61.48127 61.48128 92.62298 168.8949 168.8949 168.8949 168.8949 168.8949 173.9665 177.0293 177.0293 177.0293 172.4571 177.0293 169.946 143.8878 137.3865 137.3778 137.3969 137.3969 127.8752 110.8491 108.5826 107.2657 108.271 174.5786 242.2931 379.7141 355.0243 355.0243 299.1985 103.8509 103.3903 103.3903 103.3903 108.3288 122.1535 122.3439 132.7745 220.503 228.3351 228.3351 212.6404
0 0 0 0 0 0 0 0 0 0 0 0 0 0 0 0 0 0 0 0 61.48127 61.48128 61.48127 61.48127 61.48128 61.48127 61.48127 61.48127 61.48128 61.48127 61.48128 78.88259 129.3949 168.895 168.8949 168.895 168.895 168.895 169.2569 174.6505 177.0293 177.0293 177.0293 177.0293 176.3185 174.7977 136.1111 135.2928 137.3969 137.3969 116.5572 107.1841 107.1841 107.1841 108.9988 267.0541 355.0244 336.8555 240.7427 233.8955 276.8261 95.04132 99.43928 103.3903 103.3903 103.3903 114.0278 122.3439 130.3389 211.707 218.6814 218.71 208.926
0 0 0 0 0 0 0 0 0 0 0 0 0 0 0 0 0 0 0 0 69.54307 61.48128 61.48127 61.48127 61.48128 61.48127 61.48127 61.48127 61.48127 61.48127 73.21245 87.12849 119.6366 131.5605 165.9551 168.895 168.895 168.8949 169.5403 175.1838 177.0293 177.0293 177.0293 175.1202 144.9051 136.8061 133.6183 135.75 137.3969 137.3969 116.4078 107.1841 107.1841 107.1841 219.1209 345.4619 355.0243 300.4976 127.7036 94.60017 94.60017 94.60017 95.75532 100.4304 103.3903 103.3903 105.5671 121.5295 122.4323 191.6495 195.1087 190.7596 171.1228
0 0 0 0 0 0 0 0 0 0 0 0 0 0 0 0 0 0 0 0 0 56.1125 54.53259 60.51445 54.96365 62.83378 71.77121 61.48127 61.48127 66.16852 87.95626 87.95731 87.95731 87.95731 112.5087 146.5523 168.3326 168.895 168.9326 174.2628 177.0293 177.0293 177.0293 144.9663 133.6183 133.6183 133.6183 136.6156 137.3969 136.1254 118.3991 107.1841 107.1841 107.1841 167.9265 256.4991 298.2733 353.5777 182.7336 94.60017 94.60017 94.60017 94.60017 95.08671 102.8459 103.3903 103.3903 141.3188 178.203 194.7318 195.1087 193.9683 171.2588
0 0 0 0 0 0 0 0 0 0 0 0 0 0 0 0 0 0 0 0 0 0 52.09898 54.92222 52.09898 70.86378 87.89375 72.94714 61.48127 77.71053 87.95731 87.95731 87.95731 87.95731 87.95731 87.95731 97.28128 119.8428 131.0038 170.3129 177.0293 172.7108 114.8786 106.4846 133.6183 133.6183 133.6183 135.6707 137.3969 116.9869 107.1841 107.1841 107.1841 107.2269 160.3193 255.1336 255.1336 270.7926 168.5584 94.60017 94.60017 94.60017 94.60017 94.60017 97.45646 103.3248 103.3903 149.3711 195.1087 195.1087 195.1087 187.1632 169.3228
0 0 0 0 0 0 0 0 0 0 0 0 0 0 0 0 0 0 0 0 0 0 52.09899 52.09899 52.09899 55.98846 87.95731 82.43679 68.34718 84.01073 87.95731 87.95731 87.95731 87.95731 87.95731 87.95731 74.94172 60.90181 59.63921 108.8998 132.1152 81.83509 48.03207 52.43787 100.9468 131.3167 133.6183 134.0629 132.1495 108.8067 107.1841 107.1841 114.6595 206.32 255.1336 255.1336 255.1336 255.1336 228.4894 94.60017 94.60017 94.60017 94.60017 94.60017 94.60017 97.24947 96.68045 165.6336 195.1087 195.1087 195.1087 181.6826 174.6674
0 0 0 0 0 0 0 0 0 0 0 0 0 0 0 0 0 0 0 0 0 0 52.09898 52.09898 52.09898 76.60062 87.95731 87.73733 87.95557 87.95731 87.9573 87.6707 81.1211 76.28091 86.74802 85.06447 49.22038 48.03207 48.03207 48.03207 48.03207 48.03207 48.03207 48.03207 48.03207 52.42834 91.32213 132.769 126.1194 108.6121 107.1841 107.1841 143.2199 255.1336 255.1336 255.1336 255.1336 255.1336 219.4911 95.23206 94.60017 94.60017 94.60017 94.60017 94.60017 94.60017 101.1987 191.427 195.1087 195.1087 195.1087 193.9888 195.7808
0 0 0 0 0 0 0 0 0 0 0 0 0 0 0 0 0 0 0 0 0 0 53.09669 52.09898 52.09899 61.24028 87.95731 87.9573 87.95731 87.95731 87.95731 77.1434 52.09899 52.09898 70.62925 65.42406 48.03207 48.03207 48.03207 48.03207 48.03207 48.03207 48.03207 48.03207 48.03207 48.03207 48.68652 69.80418 120.7229 128.4178 117.5176 117.9427 175.0652 255.1336 255.1336 255.1336 255.1336 255.1336 242.9123 101.1715 94.60017 94.60017 94.60017 94.60017 94.60017 94.60017 152.9681 195.1087 195.1087 195.1087 195.1087 196.2982 289.3064
0 0 0 0 0 0 0 0 0 0 0 0 0 0 0 0 0 0 0 0 0 0 61.06892 52.09899 52.09899 55.36761 78.91049 78.03751 81.19943 84.21896 71.00242 62.07268 52.09899 52.09899 57.17312 49.38291 48.03207 48.03207 48.03207 48.03207 48.03207 48.03207 48.03207 48.03207 48.03207 48.03211 57.1792 62.65106 66.00963 117.6083 133.6183 141.1554 171.1073 229.9784 248.347 255.1336 255.1336 255.1336 251.2554 99.05024 94.60017 94.60017 94.60017 94.60017 94.60017 94.60017 159.6982 219.7488 197.3869 197.4125 199.2754 293.2005 321.9968
0 0 0 0 0 0 0 0 0 0 0 0 0 0 0 0 0 0 0 0 0 0 0 52.09898 52.09899 52.09898 52.09898 52.09898 52.09899 52.09898 52.09899 52.09898 52.09898 52.09898 52.09899 51.28623 48.03281 48.03207 48.03207 48.03207 48.03207 48.03207 48.03207 48.03207 48.03207 54.81663 62.65107 62.65106 62.65107 77.6184 120.8356 158.1061 166.8492 166.8629 176.2452 234.0977 239.1428 235.2363 234.3368 113.2266 94.60017 94.94208 98.14661 120.3788 98.24249 94.60017 175.3489 292.2095 277.71 271.4373 300.6024 333.6662 333.6662
0 0 0 0 0 0 0 0 0 0 0 0 0 0 0 0 0 0 0 0 0 0 0 45.97467 52.09899 52.09898 52.09899 52.09898 52.09899 52.09898 52.09899 52.09898 52.09898 52.09898 52.09899 51.73552 48.17855 48.03207 48.03207 48.03207 48.03207 48.03207 48.03207 48.43213 54.78247 62.59793 62.65106 62.65106 62.65106 62.65106 81.94365 128.4241 145.9433 166.8492 166.8492 167.8679 167.0385 166.8513 190.1411 177.3087 101.0561 163.4096 200.6003 200.0142 163.6433 156.1579 200.8563 215.4664 288.1513 293.0518 293.334 306.6499 331.8787
0 0 0 0 0 0 0 0 0 0 0 0 0 0 0 0 0 0 0 0 0 0 0 0 52.09899 52.09898 52.09898 52.09898 52.09899 52.09898 52.09898 52.09898 52.09898 52.09898 52.09899 50.74219 48.23452 48.03207 48.03207 48.03207 48.03207 48.03207 51.33614 59.67923 62.65105 62.65106 62.65105 62.65106 62.65106 62.65106 62.65106 62.65106 134.2374 166.8492 166.8492 166.8492 146.6817 154.2912 202.2296 198.9455 168.1918 202.4555 202.4555 202.4555 202.4555 202.4555 202.4555 216.4568 292.9484 293.0518 293.0518 293.0518 295.2759
