Scenarios/Heterogeneous/data/country_data_population_distribution/processed/density_grids/gha.asc
ncols 125
nrows 172
xllcorner -3
yllcorner 4
cellsize 0.041666666666667
NODATA_value -9999
[rows 32 to 63 of 172, columns 0 to 72 of 125]
0 0 0 0 0 0 0 0 0 0 0 0 0 0 0 0 0 0 0 0 0 0 0 0 0 0 0 0 0 0 55.17527 57.8048 57.8048 57.8048 57.8048 57.8048 68.26871 74.35691 74.35691 74.35691 74.35691 74.35691 74.35692 74.35691 74.35691 74.35691 74.35691 69.2362 28.04453 18.65694 19.12757 19.37271 19.61675 19.8608 19.86384 12.38133 12.26913 12.26913 12.26913 12.26913 12.26913 12.26913 12.26913 12.26913 15.24325 24.31144 31.7858 32.83335 32.83335 32.83336 32.83335 32.83336 57.84557
0 0 0 0 0 0 0 0 0 0 0 0 0 0 0 0 0 0 0 0 0 0 0 0 0 0 0 0 0 53.30111 57.8048 57.8048 57.8048 57.8048 57.8048 57.8048 72.4793 74.35691 74.35691 74.35692 74.35691 74.35691 74.35691 74.35691 74.35691 74.35692 60.36405 40.32138 24.75793 17.69799 12.26913 12.26913 12.26913 12.26913 12.26913 12.26913 12.26913 12.26913 12.26913 12.26913 12.26913 12.26913 12.26913 18.77522 32.80143 32.83335 32.83335 32.83335 32.83335 32.83335 32.83335 32.83335 32.83335
0 0 0 0 0 0 0 0 0 0 0 0 0 0 0 0 0 0 0 0 0 0 0 0 0 0 0 0 0 57.80364 57.8048 57.8048 57.8048 57.8048 57.8048 52.65517 35.89588 40.38049 42.05464 37.21327 26.84057 27.51852 37.64688 40.56012 40.74318 38.34058 24.75828 24.75793 24.75793 24.44114 13.53173 12.26913 12.26913 12.26913 12.26913 12.26913 12.26913 12.26913 12.26913 12.26913 12.26913 12.26913 12.26913 18.88477 32.83335 32.83335 32.83335 32.83335 32.83335 32.83335 32.83335 32.83335 44.15391
0 0 0 0 0 0 0 0 0 0 0 0 0 0 0 0 0 0 0 0 0 0 0 0 0 0 0 0 0 47.0264 57.8048 57.8048 57.8048 57.8048 53.25506 37.37073 24.75794 24.75794 24.75794 24.75794 24.75794 24.75794 24.75794 24.75794 24.75794 24.75794 24.75794 24.75794 24.75794 24.75794 14.95826 12.26913 12.26913 12.26913 12.26913 12.26913 12.26913 12.26913 12.26913 12.26913 12.26913 12.26913 12.26913 12.69258 29.1764 32.83336 32.83335 32.83335 32.83335 32.83335 32.83335 32.83335 64.87089
0 0 0 0 0 0 0 0 0 0 0 0 0 0 0 0 0 0 0 0 0 0 0 0 0 0 0 0 0 0 47.23771 51.23875 43.07032 37.41089 24.9901 24.75794 24.75794 24.75794 24.75794 24.75794 24.75794 24.75794 24.75794 24.75794 24.75794 24.75794 24.75794 24.75794 24.75794 24.75794 14.37492 12.26913 12.26914 12.26913 12.26913 12.26914 12.26913 12.26914 12.26913 12.26914 12.26913 12.26914 12.26913 12.64922 28.80272 32.83335 32.83335 32.83335 32.83335 32.83335 32.83335 32.83335 33.76643
0 0 0 0 0 0 0 0 0 0 0 0 0 0 0 0 0 0 0 0 0 0 0 0 0 0 0 0 0 24.06408 24.75793 24.75794 24.75794 24.75794 24.75793 24.75794 24.75793 24.75794 24.75793 24.75794 24.75793 24.75794 24.75793 24.75794 24.75793 24.75794 24.75793 24.75794 24.75793 24.34275 12.69116 12.26913 12.26913 12.26913 12.26913 12.26913 12.26913 12.26913 12.26913 12.26913 12.26913 12.26913 12.26913 26.9239 32.83335 32.83335 32.83335 32.83335 32.83335 32.83335 32.83335 32.83335 32.83335
0 0 0 0 0 0 0 0 0 0 0 0 0 0 0 0 0 0 0 0 0 0 0 0 0 0 0 0 0 0 24.75709 24.75793 24.75793 24.75793 24.75793 24.75793 24.75793 24.75793 24.75793 24.75794 24.75793 24.75793 24.75793 24.75793 24.75793 24.75794 24.75793 24.75793 24.75793 18.79282 12.26913 12.26913 12.26913 12.26913 12.26913 12.26913 12.26913 12.26913 12.26913 12.26913 12.26913 12.26913 12.26913 14.59173 29.89947 32.83335 32.83335 32.83335 32.83335 32.83335 32.83335 32.83335 32.83335
0 0 0 0 0 0 0 0 0 0 0 0 0 0 0 0 0 0 0 0 0 0 0 0 0 0 0 0 0 0 0 24.64429 24.75794 24.75794 24.75794 24.75794 24.75794 24.75794 24.75794 24.75793 24.75794 24.75794 24.75794 24.75794 24.75794 24.75793 24.75794 24.75794 23.59388 12.90516 12.26913 12.26914 12.26914 12.26914 12.26913 12.26914 12.26913 12.26914 12.26914 12.26914 12.26913 12.26914 12.26913 12.26914 16.29645 30.90967 32.83335 32.83335 32.83335 32.83335 32.83335 32.83335 32.83335
0 0 0 0 0 0 0 0 0 0 0 0 0 0 0 0 0 0 0 0 0 0 0 0 0 0 0 0 0 0 0 25.19996 24.75794 24.75794 24.75793 24.75794 24.75793 24.75794 24.75793 24.75794 24.75793 24.75794 24.75793 24.75794 24.75793 24.75794 24.75793 24.75794 20.20074 12.26913 12.26913 12.26913 12.26913 12.26913 12.26913 12.26913 12.26913 12.26913 12.26913 12.26913 12.26913 12.26913 12.26913 12.26913 12.26913 20.91482 32.83335 32.83335 32.83335 32.83335 32.83335 32.83335 32.83335
0 0 0 0 0 0 0 0 0 0 0 0 0 0 0 0 0 0 0 0 0 0 0 0 0 0 0 0 0 0 0 25.98115 24.75793 24.75793 24.75793 24.75793 24.75793 24.75793 24.75793 24.75793 24.75793 24.75793 24.75793 24.75793 24.40988 20.20977 18.72796 24.66476 18.59716 12.26913 12.26913 12.26914 12.26913 12.26913 12.26913 12.26913 12.26913 12.26913 12.26913 12.26913 12.26913 12.26913 12.26913 12.26913 12.26913 14.93052 32.83335 32.83335 32.83335 32.83335 32.83335 32.83335 58.62946
0 0 0 0 0 0 0 0 0 0 0 0 0 0 0 0 0 0 0 0 0 0 0 0 0 0 0 0 0 0 0 0 24.75794 24.75794 24.75794 24.75794 24.75794 24.75794 24.75794 24.75793 24.75794 24.75794 24.75794 24.6621 21.8947 12.8582 12.26914 14.26639 13.74023 12.26914 12.26914 12.26914 12.26914 12.26914 12.26914 12.26913 12.26914 12.26914 12.26914 12.26914 12.26914 12.26914 12.26914 12.26914 12.26914 12.28128 32.13846 32.83335 32.83336 32.83335 32.83336 32.83336 45.8953
0 0 0 0 0 0 0 0 0 0 0 0 0 0 0 0 0 0 0 0 0 0 0 0 0 0 0 0 0 0 0 25.98202 24.75793 24.75793 24.75793 24.75793 24.75793 24.75793 24.75793 24.75793 24.75793 24.75793 24.31332 17.09421 12.26913 12.26913 12.26913 12.26913 12.26913 12.26913 12.26913 12.26913 12.26913 12.26913 12.26913 12.26913 12.26913 12.26913 12.26913 12.26913 12.26913 12.26913 12.26913 12.31868 12.45468 16.19689 32.82949 32.83335 32.75662 27.66237 27.85168 30.24317 32.85027
0 0 0 0 0 0 0 0 0 0 0 0 0 0 0 0 0 0 0 0 0 0 0 0 0 0 0 0 0 0 0 24.75793 24.75793 24.75793 24.75794 24.75793 24.75794 24.75793 24.75794 24.75793 24.75793 24.75793 17.90601 12.26913 12.26913 12.26914 12.26913 12.26913 12.26913 12.26913 12.26913 12.26913 12.26913 12.26913 12.26913 12.26913 12.26913 12.26913 12.26913 12.26913 12.26913 12.26913 12.3127 12.73907 12.78163 13.728 29.61904 24.18308 17.15379 12.78163 12.78163 13.74551 205.1872
0 0 0 0 0 0 0 0 0 0 0 0 0 0 0 0 0 0 0 0 0 0 0 0 0 0 0 0 0 0 0 0 24.78039 24.75793 24.75793 24.75793 24.75793 24.75793 24.75793 24.75794 24.75793 20.4474 12.47994 12.26913 12.26913 12.26913 12.26913 12.26913 12.26913 12.26913 12.26913 12.26913 12.26913 12.26913 12.26913 12.26913 12.26913 12.26913 12.26913 12.26913 12.26913 12.26913 12.59159 12.78163 12.78163 12.78163 17.19013 12.78163 12.78163 12.78163 12.78163 12.78163 12.78163
0 0 0 0 0 0 0 0 0 0 0 0 0 0 0 0 0 0 0 0 0 0 0 0 0 0 0 0 0 0 0 0 24.79007 24.75794 24.75794 24.75794 24.75794 24.75794 24.75794 24.75794 24.67578 15.47233 12.26913 12.26913 12.26913 12.26913 12.26913 12.26913 12.26913 12.26913 12.26913 12.26913 12.26913 12.26913 12.26913 12.26913 12.26913 12.26913 12.26913 12.26913 12.26913 12.26913 12.67249 12.78163 12.78163 12.78163 12.78163 12.78163 12.78163 12.78163 12.78163 12.78163 12.78163
0 0 0 0 0 0 0 0 0 0 0 0 0 0 0 0 0 0 0 0 0 0 0 0 0 0 0 0 0 0 0 24.75821 24.75793 24.75793 24.75793 24.75793 24.75793 24.75793 24.75793 24.75793 24.75793 20.6945 12.26913 12.26913 12.26913 12.26914 12.26913 12.26913 12.26913 12.26913 12.26913 12.26913 12.26913 12.26913 12.26913 12.26913 12.26913 12.26913 12.26913 12.26913 12.26913 12.26915 12.75745 12.78163 12.78163 12.78163 12.78163 12.78163 12.78163 12.78163 12.78163 12.78163 12.78163
0 0 0 0 0 0 0 0 0 0 0 0 0 0 0 0 0 0 0 0 0 0 0 0 0 0 0 0 0 0 18.39178 21.94204 24.75329 24.75793 24.75793 24.75793 24.75793 24.75793 24.75793 24.75793 24.75793 23.50767 15.07876 12.26914 12.26913 12.26914 12.26913 12.26914 12.26913 12.26914 12.26913 12.26914 12.26914 12.26914 12.26913 12.26914 12.26913 12.26914 12.26913 12.26914 12.26913 12.29505 12.76133 12.78163 12.78163 12.78163 12.78163 12.78163 12.78163 12.78163 12.78163 12.78163 12.78163
0 0 0 0 0 0 0 0 0 0 0 0 0 0 0 0 0 0 0 0 0 0 0 0 0 0 0 0 0 0 14.94751 14.94751 17.42253 23.11812 24.75794 24.75794 24.75794 24.75794 24.75794 24.75794 24.75793 24.69438 23.35873 18.77597 12.26913 12.26913 12.26913 12.26913 12.26913 12.26913 12.26913 12.26913 12.26913 12.26913 12.26913 12.26913 12.26913 12.26913 12.33028 12.58551 12.6104 12.722 12.78163 12.78163 12.78163 12.78163 12.78163 12.78163 12.78163 12.78163 12.78163 12.78163 12.78163
0 0 0 0 0 0 0 0 0 0 0 0 0 0 0 0 0 0 0 0 0 0 0 0 0 0 0 0 0 24.93275 14.94751 14.94751 14.94751 15.12677 17.33412 20.68353 21.80247 24.31685 24.75793 24.75794 24.75793 20.06691 12.26913 13.37729 12.26913 12.26913 12.26913 12.26913 12.30478 12.32175 12.28443 12.26913 12.26913 12.26913 12.26914 12.35225 12.55811 12.70272 12.76895 12.78163 12.78163 12.78163 12.78163 12.78163 12.78163 12.78163 12.78163 12.78163 12.78163 12.78163 12.78163 12.78163 12.78163
0 0 0 0 0 0 0 0 0 0 0 0 0 0 0 0 0 0 0 0 0 0 0 0 0 0 0 0 0 0 0 12.59787 14.74745 14.94751 14.94751 14.94751 14.94751 15.54095 20.30259 24.24812 24.75793 22.07691 13.60043 12.26913 12.26913 12.26913 12.29847 12.56569 12.78044 12.78163 12.76602 12.6325 12.56987 12.54823 12.6711 12.78109 12.78163 12.78163 12.78163 12.78163 12.78163 12.78163 12.78163 12.78163 12.78163 12.78163 12.78163 12.78163 12.78163 12.78163 12.78163 12.78163 12.78163
0 0 0 0 0 0 0 0 0 0 0 0 0 0 0 0 0 0 0 0 0 0 0 0 0 0 0 0 0 0 0 0 14.14243 14.94751 14.94751 14.94751 14.94751 14.94751 14.94751 15.45731 20.3077 24.72706 20.26834 13.38189 12.52231 12.6167 12.75276 12.78163 12.78163 12.78163 12.78163 12.78163 12.78163 12.78163 12.78163 12.78163 12.78163 12.78163 12.78163 12.78163 12.78163 12.78163 12.78163 12.78163 12.78163 12.78163 12.78163 12.78163 12.78163 12.78163 12.78163 12.78163 12.78163
0 0 0 0 0 0 0 0 0 0 0 0 0 0 0 0 0 0 0 0 0 0 0 0 0 0 0 0 0 0 0 0 13.34653 14.94751 14.94751 14.94751 14.94751 14.94751 14.94751 14.94751 14.97452 18.49075 14.19332 12.78163 12.78163 12.78163 12.78163 12.78163 12.78163 12.78163 12.78163 12.78163 12.78163 12.78163 12.78163 12.78163 12.78163 12.78163 12.78163 12.78163 12.78163 12.78163 12.78163 12.78163 12.78163 12.78163 12.78163 12.78163 12.78163 12.78163 12.78163 12.78163 12.78163
0 0 0 0 0 0 0 0 0 0 0 0 0 0 0 0 0 0 0 0 0 0 0 0 0 0 0 0 0 0 0 0 0 14.94751 14.94751 14.94751 14.94751 14.94751 14.94751 14.94751 14.94751 14.94751 14.92872 13.96857 12.78466 12.78163 12.78163 12.78163 12.78163 12.78163 12.78163 12.78163 12.78163 12.78163 12.78163 12.78163 12.78163 12.78163 12.78163 12.78163 12.78163 12.78163 12.78163 12.78163 12.78163 12.78163 12.78163 12.78163 12.78163 12.78163 12.78163 12.78163 12.78163
0 0 0 0 0 0 0 0 0 0 0 0 0 0 0 0 0 0 0 0 0 0 0 0 0 0 0 0 0 0 0 0 0 14.20829 14.94751 14.94751 14.94751 14.94751 14.94751 14.94751 14.94751 14.94751 14.94751 14.94751 13.64882 12.78163 12.78163 12.78163 12.78163 12.78163 12.78163 12.78163 12.78163 12.78163 12.78163 12.78163 12.78163 12.78163 12.78163 12.78163 12.78163 12.78163 12.78163 12.78163 12.78163 12.78163 12.78163 12.78163 12.78163 12.78163 12.78163 12.78163 12.78163
0 0 0 0 0 0 0 0 0 0 0 0 0 0 0 0 0 0 0 0 0 0 0 0 0 0 0 0 0 0 0 0 0 12.07937 14.94751 14.94751 14.94751 14.94751 14.94751 14.94751 14.94751 14.94751 14.94751 14.94751 14.8677 14.39034 14.35021 13.47584 12.78163 12.78163 12.78163 12.78163 12.78163 12.78163 12.78163 12.78163 12.78163 12.78163 12.78163 12.78163 12.78163 12.78163 12.78163 12.78163 12.78163 12.78163 12.78163 12.78163 12.78163 12.78163 12.78163 12.78163 12.78163
0 0 0 0 0 0 0 0 0 0 0 0 0 0 0 0 0 0 0 0 0 0 0 0 0 0 0 0 0 0 0 0 0 0 21.38048 15.03763 14.94751 14.94751 14.94751 14.94751 14.94751 14.94751 14.94751 14.94751 14.94751 14.94751 14.94751 14.58203 12.84842 12.78163 12.78163 12.78163 12.78163 12.78163 12.78163 12.78163 12.78163 12.78163 12.78163 12.78163 15.17346 17.22224 17.94688 14.29605 12.78163 12.78163 12.78163 12.78163 12.78163 12.78163 12.78163 12.78163 12.78163
0 0 0 0 0 0 0 0 0 0 0 0 0 0 0 0 0 0 0 0 0 0 0 0 0 0 0 0 0 0 0 0 0 0 30.46568 22.35646 14.94893 14.94751 14.94751 14.94751 14.94751 14.94751 14.94751 14.94751 14.94751 14.94751 14.94751 14.94751 14.84889 14.52031 13.86008 12.78163 12.78163 12.78163 12.78163 12.78163 12.78163 12.78163 12.78163 13.22126 23.09547 23.29365 23.29365 22.9903 17.46312 13.38703 12.78163 12.78163 12.78163 12.78163 12.78163 12.78163 12.78163
0 0 0 0 0 0 0 0 0 0 0 0 0 0 0 0 0 0 0 0 0 0 0 0 0 0 0 0 0 0 0 0 0 0 29.92476 30.82039 18.66185 14.94751 14.94751 14.94751 14.94751 14.94751 14.94751 14.94751 14.94751 14.94751 14.94751 14.94751 14.94751 14.94751 14.76522 12.97912 12.78163 12.78163 12.78163 14.52996 17.92067 14.85856 14.78422 17.94897 23.29365 23.29365 23.29365 23.29365 23.29365 20.99382 14.70501 15.11989 15.9255 20.68883 24.78914 19.90898 12.78292
0 0 0 0 0 0 0 0 0 0 0 0 0 0 0 0 0 0 0 0 0 0 0 0 0 0 0 0 0 0 0 0 0 0 29.35138 30.82038 28.76003 17.11907 14.94751 14.94751 14.94751 14.94751 14.94751 14.94751 14.94751 14.94751 14.94751 14.94751 14.94751 14.94751 14.94751 19.49992 21.0624 16.50254 13.64918 19.47433 23.29365 23.29365 23.29365 23.29365 23.29365 23.29365 23.29365 23.29365 23.29365 23.29365 23.29365 23.29365 24.96366 26.57782 26.57782 26.57782 22.79807
0 0 0 0 0 0 0 0 0 0 0 0 0 0 0 0 0 0 0 0 0 0 0 0 0 0 0 0 0 0 0 0 0 0 0 30.82039 30.82039 28.92878 14.94751 14.94751 14.94751 14.94751 14.94751 14.94751 14.94751 14.94751 14.94751 14.94751 14.94751 14.94751 16.37585 23.27106 23.29365 23.29365 23.29365 23.29365 23.29365 23.29365 23.29365 23.29365 23.29365 23.29365 23.29365 23.29365 23.29365 23.29365 23.29365 23.29365 24.08826 26.57782 26.57782 26.57782 26.57782
0 0 0 0 0 0 0 0 0 0 0 0 0 0 0 0 0 0 0 0 0 0 0 0 0 0 0 0 0 0 0 0 0 0 0 30.82039 30.82039 30.79078 19.36571 14.94751 14.94751 14.94751 14.94751 14.94751 14.94751 14.94751 14.94751 14.94751 14.94751 14.94751 18.50348 23.29365 23.29365 23.29365 23.29365 23.29365 23.29365 23.29365 23.29365 23.29365 23.29365 23.29365 23.29365 23.29365 23.29365 23.29365 23.29365 23.29365 24.17162 26.57782 26.57782 26.57782 26.57782
0 0 0 0 0 0 0 0 0 0 0 0 0 0 0 0 0 0 0 0 0 0 0 0 0 0 0 0 0 0 0 0 0 0 0 30.79691 30.82038 30.82038 29.40173 15.39634 14.94751 14.94751 14.94751 14.94751 14.94751 14.94751 14.94751 14.94751 14.94751 14.94751 18.92245 23.29365 23.29365 23.29365 23.29365 23.29365 23.29365 23.29365 23.29365 23.29365 23.29365 23.29365 23.29365 23.29365 23.29365 23.29365 23.29365 23.8809 26.41014 26.57782 26.57782 26.57782 26.57782
