Scenarios/Heterogeneous/data/country_data_population_distribution/processed/density_grids/gin.asc
ncols 200
nrows 136
xllcorner -15
yllcorner 7
cellsize 0.041666666666667
NODATA_value -9999
[rows 37 to 73 of 136, columns 0 to 82 of 200]
0 0 0 0 0 0 0 0 0 0 0 0 0 0 0 0 0 0 0 0 0 0 0 0 0 0 20.36842 9.978216 9.978216 9.978216 9.978216 18.69223 21.64391 15.14051 14.01129 14.01129 14.01129 14.10374 18.83351 20.47971 20.47971 20.47971 20.47971 20.47971 20.47971 20.47971 74.14537 77.66336 77.66335 77.66336 77.66335 77.66335 77.2277 64.24472 39.52499 39.2773 39.27729 39.27729 39.2773 39.2773 39.2773 23.02352 15.32238 22.2465 30.2547 21.15942 21.42371 34.93531 35.01547 35.01547 35.01547 49.35122 93.13478 73.03521 93.64522 97.56301 92.42073 79.23435 80.74592 80.74592 80.74592 149.9155 108.9216
0 0 0 0 0 0 0 0 0 0 0 0 0 0 0 0 0 0 0 0 0 0 0 0 0 0 10.38234 9.978216 9.978216 9.978216 10.08579 17.72864 22.6621 21.36292 14.80686 14.51962 18.20528 20.33639 20.47971 20.47971 20.47971 20.47971 20.47971 20.47971 20.47971 20.47971 53.1618 77.66335 77.66335 77.66335 77.66335 77.66336 61.09123 39.2773 39.2773 39.2773 39.2773 39.2773 39.2773 39.2773 39.2773 23.04021 15.32823 25.62686 30.2547 29.40417 23.71024 33.67746 35.01547 35.01547 35.01547 90.57858 97.77478 97.56301 97.56301 97.56301 78.288 66.77766 71.14185 72.43948 75.93552 104.1902 81.8382
0 0 0 0 0 0 0 0 0 0 0 0 0 0 0 0 0 0 0 0 0 0 0 0 0 26.7151 15.47825 9.978216 12.11045 18.79483 21.52978 22.6621 22.6621 22.6621 22.37413 22.30442 22.28395 20.52262 20.47971 24.86244 26.51709 20.47971 20.47971 20.47971 20.47971 20.47971 21.85579 41.16719 65.62461 77.66336 77.66336 77.66335 61.46978 41.45694 39.63506 39.46058 39.4573 38.61432 35.66393 30.14229 27.17009 18.68897 15.57084 24.93785 30.2547 30.2547 30.2547 31.4832 34.2052 35.01547 35.53664 120.517 118.125 98.49744 86.27908 69.90408 66.61061 65.86041 65.86041 65.8604 65.86041 75.19852 81.8382
0 0 0 0 0 0 0 0 0 0 0 0 0 0 0 0 0 0 0 0 0 0 0 0 0 22.67355 19.76466 9.978215 14.02467 22.6621 22.6621 22.6621 22.6621 22.6621 22.6621 22.6621 21.39271 20.47971 20.47971 116.3118 282.8135 185.9408 127.4157 38.26777 20.47971 20.47971 20.47971 20.47971 51.84248 77.66336 77.66335 77.66336 77.6513 53.91493 43.49931 43.49931 42.38275 21.95667 15.59199 15.59199 15.59199 15.59199 15.59199 22.50797 30.2547 30.2547 30.2547 30.2547 30.54754 32.082 77.35018 127.4005 124.1008 77.09299 51.84087 47.48829 49.48372 64.20813 65.8604 65.86041 65.8604 70.81733 81.8382
0 0 0 0 0 0 0 0 0 0 0 0 0 0 0 0 0 0 0 0 0 0 0 0 22.6621 22.6621 22.6621 22.6621 22.6621 22.6621 22.6621 22.6621 22.6621 22.6621 22.6621 22.6621 21.3988 20.47971 20.47971 75.02515 299.078 299.078 298.8969 74.69989 20.47971 20.47971 20.47971 20.85463 63.76233 77.66335 77.66335 77.66336 73.54951 49.11774 43.49931 43.4993 25.44181 15.59199 15.59199 15.59199 15.59199 15.59199 15.59199 21.91507 30.2547 30.2547 30.17279 30.60094 48.1824 77.04967 91.02975 113.1089 85.84432 51.87986 47.48829 47.48829 47.48829 55.67936 65.86041 65.78551 61.89405 57.66516 60.18506
0 0 0 0 0 0 0 0 0 0 0 0 0 0 0 0 0 0 0 0 0 0 22.6621 22.6621 22.6621 22.6621 22.6621 22.6621 22.6621 22.6621 22.6621 22.6621 22.6621 22.6621 22.6621 49.8884 92.21055 64.39852 73.79944 172.8488 296.0973 299.078 245.895 20.47971 20.47971 20.47971 20.47971 46.53893 77.66335 77.66335 75.46157 57.1218 45.2915 43.49931 43.49931 43.49931 28.66515 15.59199 15.59199 15.59199 15.59199 15.59199 15.59199 24.49596 28.40943 25.20925 24.02575 54.95455 85.02656 85.02656 85.02656 85.02656 73.37488 49.06244 47.48829 47.48829 47.48829 52.02809 53.96698 47.38155 53.25404 54.48896 54.48896
0 0 0 0 0 0 0 0 0 0 0 0 0 0 0 0 0 0 0 0 0 0 22.6621 22.6621 22.6621 22.6621 22.6621 22.6621 22.6621 22.6621 22.6621 22.6621 22.6621 22.6621 43.17394 111.2387 180.9256 180.9256 180.9256 180.9256 246.9107 299.078 59.00969 20.08968 20.47971 20.47971 20.47971 60.00847 51.25535 38.92027 44.58121 43.49931 43.49931 43.49931 43.49931 43.4849 27.12828 15.59199 15.59199 15.59199 15.59199 16.56313 17.64539 23.09127 22.38689 22.36156 22.36157 34.70668 71.09827 85.02655 85.02655 78.12324 62.91706 47.48829 47.48829 47.48829 47.48829 42.47855 31.89121 31.86631 42.17519 54.48896 54.48897
0 0 0 0 0 0 0 0 0 0 0 0 0 0 0 0 0 0 0 0 0 0 22.6621 22.6621 22.6621 22.6621 22.6621 0 22.6621 22.6621 22.6621 22.6621 22.6621 22.6621 37.30356 181.1841 198.8663 180.9256 180.9256 161.3988 116.3167 163.2256 19.47052 18.55658 19.68401 20.47971 20.47971 23.05806 22.80323 37.61848 43.49931 43.49931 43.49931 43.49931 43.49931 41.41658 15.59199 15.59199 15.59199 16.35439 18.1651 21.72463 22.36156 22.36157 22.36156 22.36157 22.36156 22.36157 43.17085 83.69402 80.27211 63.39502 58.64886 41.64789 40.02376 39.31128 40.05353 41.52997 31.86631 31.86632 32.93567 52.01811 54.48604
0 0 0 0 0 0 0 0 0 0 0 0 0 0 0 0 0 0 0 0 0 0 0 22.6621 22.6621 22.6621 0 0 0 22.6621 22.6621 22.6621 22.6621 22.6621 217.1713 236.7804 248.3426 181.9974 180.9256 126.0496 18.51409 18.51409 18.51409 18.51409 18.51416 19.17819 21.27712 22.78163 28.54311 43.49804 43.49931 43.49931 42.42188 42.98813 43.49931 36.33483 15.59199 15.59199 16.58917 22.17446 22.78179 22.4846 22.36156 22.36156 22.36156 22.36156 22.36156 23.06812 29.25224 59.89239 66.37855 63.28023 60.36196 32.14674 31.86631 31.86631 31.86631 31.86631 31.86631 31.86631 31.86631 42.34082 41.59275
0 0 0 0 0 0 0 0 0 0 0 0 0 0 0 0 0 0 0 0 0 0 0 0 0 0 0 0 0 22.6621 22.6621 22.6621 22.6621 51.96866 248.7121 248.7121 248.7121 202.2693 176.0492 152.607 28.22923 18.51409 18.51409 18.51409 18.51409 19.78592 22.76145 22.78477 32.96244 43.49931 41.30382 29.11304 25.09304 27.58317 34.17918 27.88441 15.59199 17.10804 21.88784 22.79051 22.79051 22.50609 22.36156 22.36157 22.36156 23.01427 30.32914 49.09613 56.06146 56.06146 56.0706 56.5882 56.26461 42.12784 31.86631 31.86632 31.86632 31.86632 31.86631 31.86632 31.86631 35.85015 33.55966
0 0 0 0 0 0 0 0 0 0 0 0 0 0 0 0 0 0 0 0 0 0 0 0 0 0 0 0 0 22.6621 22.6621 22.6621 22.6621 248.7121 248.7121 248.7121 246.6837 175.2328 82.60264 80.6329 46.84048 18.51409 18.51409 18.51409 19.04038 22.45194 22.78477 22.78477 22.85678 35.81644 33.00229 22.78477 22.78477 21.96168 20.13466 17.56631 17.93216 22.55194 22.79051 22.79051 22.79051 28.59436 30.19279 25.80273 34.98883 37.78881 50.03638 51.99054 55.6067 55.80592 56.06146 56.06146 56.06146 33.87054 31.86631 31.86632 31.86632 31.86632 31.86631 31.86632 31.86631 32.08345 33.55966
0 0 0 0 0 0 0 0 0 0 0 0 0 0 0 0 0 0 0 0 0 0 0 0 0 0 0 0 0 0 0 22.6621 42.13971 248.7121 248.7121 248.7121 192.2526 80.6329 80.63291 80.6329 63.50565 18.51409 18.51409 18.62014 22.16215 22.78477 22.78477 22.78477 22.78477 22.81554 21.99104 18.10619 20.24734 16.99737 15.85021 15.85021 20.09477 22.79051 22.79051 22.79051 25.79566 34.36377 34.73144 45.92059 50.03638 50.03638 50.03638 50.03638 50.03638 51.37689 56.06146 56.06146 55.03835 35.2889 31.86631 31.86631 31.86631 31.86631 31.86631 31.86631 31.86631 32.28219 33.55966
0 0 0 0 0 0 0 0 0 0 0 0 0 0 0 0 0 0 0 0 0 0 0 0 0 0 0 0 0 0 0 0 0 248.7121 248.7121 248.7121 170.8771 79.7317 80.6329 80.6329 76.26381 18.94999 18.51409 20.68092 22.78477 22.78477 22.78477 22.78477 22.78477 22.78477 22.06858 16.07425 15.85021 15.85021 15.85021 15.85021 19.33767 22.79051 22.89523 26.61254 33.15275 34.36377 42.72923 50.03639 50.03638 50.03638 50.03638 49.8924 49.0903 49.30003 49.68176 54.06717 45.00833 31.86632 31.86631 31.86632 31.86632 31.86632 31.86631 31.86632 32.03185 33.35493 32.1855
0 0 0 0 0 0 0 0 0 0 0 0 0 0 0 0 0 0 0 0 0 0 0 0 0 0 0 0 0 0 0 0 248.7121 248.7121 248.7121 245.4932 84.9036 61.29404 72.83647 80.6329 80.6329 57.39297 20.4603 22.7596 22.78477 22.78477 22.78477 22.78477 22.78477 22.78477 21.20844 16.03416 15.85021 15.85021 15.85021 25.36242 38.63415 28.43015 29.93391 34.36377 34.36377 34.36377 41.54814 50.03638 50.03638 50.03638 49.97056 47.57063 46.92023 46.92023 46.92023 48.26206 53.13062 32.01852 32.74234 31.94453 31.86632 31.86631 31.86632 31.86631 33.24699 31.089 28.789
0 0 0 0 0 0 0 0 0 0 0 0 0 0 0 0 0 0 0 0 0 0 0 0 0 0 0 0 0 0 0 248.7121 248.7121 248.7121 241.0973 127.9811 57.62662 57.62661 57.77229 72.4975 66.04703 37.35201 22.78477 22.78477 22.78477 22.78477 22.78477 22.78477 22.78477 22.78477 18.05432 15.85021 15.85021 31.85262 73.77828 124.3262 119.7096 37.32695 34.36377 34.36377 34.36377 34.36377 48.35968 50.84134 50.03638 50.03638 49.62223 46.92023 46.92023 46.92023 46.92023 46.92023 50.11831 41.4153 49.35406 48.92197 45.90913 35.51712 31.86631 42.56306 36.31415 28.78261 28.7826
0 0 0 0 0 0 0 0 0 0 0 0 0 0 0 0 0 0 0 0 0 0 0 0 0 0 0 0 0 0 0 0 233.9485 208.5623 107.5241 66.14018 57.62662 57.62661 57.62662 57.62661 60.95284 54.33263 26.01329 22.78477 22.78477 22.78477 22.78477 22.78477 22.78477 22.78477 17.04038 15.85021 15.85021 50.78738 145.8982 145.8982 145.8982 89.89819 34.36377 35.04321 49.22878 59.99299 63.64428 61.40908 51.74891 49.99884 48.12648 46.92023 46.92023 46.92023 46.92023 47.27433 51.45448 52.03146 52.03146 52.03146 52.03146 50.84531 46.14696 48.83704 29.37679 28.78261 28.78261
0 0 0 0 0 0 0 0 0 0 0 0 0 0 0 0 0 0 0 0 0 0 0 0 0 0 0 0 0 0 0 0 78.16838 71.39563 71.39564 71.31078 61.80496 58.31168 60.94398 65.40215 70.83348 71.39564 46.81754 22.78477 22.78477 22.78477 22.78477 22.78477 22.78477 22.54567 16.04757 15.85021 18.167 51.58596 105.8831 140.4861 145.8982 143.8864 100.8046 76.1235 63.81527 63.81527 63.81527 63.81527 62.76534 53.37071 47.28241 46.92023 47.60118 49.2382 47.75691 49.63203 52.03146 52.03147 52.03146 52.03147 52.03146 52.03147 52.03146 38.90631 28.7826 28.78261 28.78261
0 0 0 0 0 0 0 0 0 0 0 0 0 0 0 0 0 0 0 0 0 0 0 0 0 0 0 0 0 0 0 0 0 0 0 71.39564 71.37022 71.18355 71.39565 71.39564 71.39564 71.39564 53.62474 22.78477 22.78477 22.78477 22.78477 22.78477 22.78477 20.90775 15.85021 16.0577 23.52339 46.02567 46.05029 53.13553 105.0982 145.8982 145.8983 129.4701 63.81527 63.81527 63.81527 63.81527 63.81527 63.81527 62.33715 57.63645 51.71835 52.03146 51.82494 52.02743 52.03146 52.03146 52.03146 52.03146 52.03146 52.03146 50.5078 30.21211 28.7826 28.7826 28.7826
0 0 0 0 0 0 0 0 0 0 0 0 0 0 0 0 0 0 0 0 0 0 0 0 0 0 0 0 0 0 0 0 0 0 0 0 71.39564 71.39565 71.39564 71.39565 71.39565 71.39565 53.65845 22.78477 23.83768 27.33396 23.24773 22.78477 21.49194 17.02031 15.85021 23.09086 46.0503 46.0503 46.05029 50.90797 122.5731 145.8982 133.8847 61.0731 54.56432 63.81527 63.81527 63.81527 63.81527 63.81527 63.81527 62.90508 52.03146 52.03146 52.03146 52.03146 52.03146 52.03146 52.03146 52.03146 51.90191 52.00103 43.30935 28.87094 28.78261 28.78261 28.78261
0 0 0 0 0 0 0 0 0 0 0 0 0 0 0 0 0 0 0 0 0 0 0 0 0 0 0 0 0 0 0 0 0 0 0 0 71.39564 71.47778 78.61176 84.74522 79.85912 77.02507 76.1649 39.70741 44.68484 46.18315 44.08976 43.03827 41.45494 15.98872 15.85021 30.17189 46.73074 46.14541 46.05029 79.11787 145.8982 145.8982 89.1797 39.50216 39.62154 53.24142 63.81527 63.81527 63.81527 63.81527 63.81527 63.8152 43.60455 46.07486 52.03146 52.03146 52.03146 52.03146 86.89059 54.67194 43.36263 43.16095 41.70085 33.48031 28.78261 28.78261 28.78261
0 0 0 0 0 0 0 0 0 0 0 0 0 0 0 0 0 0 0 0 0 0 0 0 0 0 0 0 0 0 0 0 0 0 0 0 82.75249 81.86548 86.79706 86.79706 86.79706 86.10368 71.15115 46.33505 46.18315 46.18315 46.18315 44.47697 42.18 15.85021 16.57324 46.10516 47.93652 67.67635 69.62054 80.50693 123.1252 136.548 46.26262 39.50216 39.50216 39.7566 56.82677 63.81527 63.78711 63.28669 63.81527 63.81527 42.0671 29.37999 43.7227 50.98968 52.03147 108.7458 209.5322 161.0735 41.70085 41.70085 41.70085 40.68328 30.53003 28.78261 28.7826
0 0 0 0 0 0 0 0 0 0 0 0 0 0 0 0 0 0 0 0 0 0 0 0 0 0 0 0 0 0 0 0 0 0 0 0 86.79705 86.79706 86.79706 86.79706 86.79707 69.61449 46.35872 46.18315 46.18315 46.18315 46.18315 42.28283 23.00721 21.30462 23.73471 47.93652 61.29613 85.12998 85.13707 85.13707 85.1115 55.05376 42.17731 41.23764 40.3745 39.50216 41.0821 45.57533 31.8331 36.10633 62.7478 63.81527 41.47145 29.36872 29.36872 36.48142 91.56507 208.6642 209.575 204.0258 46.19984 41.70085 41.70084 41.70085 37.28057 28.78261 28.78261
0 0 0 0 0 0 0 0 0 0 0 0 0 0 0 0 0 0 0 0 0 0 0 0 0 0 0 0 0 0 0 0 0 0 0 0 0 86.79706 0 0 86.79706 86.79707 59.13073 46.18315 46.18315 46.18315 46.18315 46.59094 42.04154 47.90408 45.35839 48.66531 78.98927 85.13706 85.13707 85.13706 67.53631 42.84248 42.84248 42.84248 41.45312 37.48948 37.75482 30.15059 29.47671 29.47671 38.60985 50.21689 30.19323 29.36872 29.36872 29.36872 64.79592 209.2312 209.575 209.575 109.36 41.70084 41.70085 41.70084 40.4355 28.92128 28.7826
0 0 0 0 0 0 0 0 0 0 0 0 0 0 0 0 0 0 0 0 0 0 0 0 0 0 0 0 0 0 0 0 0 0 0 0 0 0 0 0 0 86.79706 46.18315 46.18315 46.18315 46.18315 46.2787 47.9009 47.93652 47.93652 61.33453 79.12765 85.13706 85.13706 85.13706 78.28686 45.4622 42.84248 42.84248 42.84248 32.66471 26.40149 26.40264 28.65942 29.47671 29.47671 29.47671 29.42022 29.36872 29.36872 29.36872 29.36872 38.44117 207.4838 209.575 209.575 147.3577 41.70085 41.70085 41.70085 41.70085 32.81003 28.78261
0 0 0 0 0 0 0 0 0 0 0 0 0 0 0 0 0 0 0 0 0 0 0 0 0 0 0 0 0 0 0 0 0 0 0 0 0 0 0 0 0 0 46.18315 46.18315 46.18315 46.18315 46.21841 77.3544 48.34938 58.3274 86.5335 85.13706 85.13706 85.13707 85.13706 63.51336 42.84248 42.84248 42.5662 34.57342 26.72517 26.40149 27.00533 29.47671 29.47671 29.47671 29.46695 29.39492 29.36872 29.36872 29.36872 36.42146 164.1587 209.4328 209.575 209.575 188.0025 43.74588 41.70085 41.70085 41.70085 39.49498 31.14698
0 0 0 0 0 0 0 0 0 0 0 0 0 0 0 0 0 0 0 0 0 0 0 0 0 0 0 0 0 0 0 0 0 0 0 0 0 0 0 0 0 0 0 46.18315 46.18315 46.18315 89.3485 103.6127 79.70174 102.357 102.9081 87.96093 85.13707 85.13706 85.13707 74.38298 42.84248 42.79842 36.96395 26.40149 26.40149 26.40149 26.7501 29.27028 29.47608 29.44429 29.37804 29.36872 29.36872 29.36872 29.36872 44.12374 203.358 207.815 209.575 209.575 209.575 93.06812 41.7997 41.70085 41.70084 41.70084 41.70085
0 0 0 0 0 0 0 0 0 0 0 0 0 0 0 0 0 0 0 0 0 0 0 0 0 0 0 0 0 0 0 0 0 0 0 0 0 0 0 0 0 0 0 0 0 0 103.6127 103.6127 103.6127 103.6127 103.6127 101.0894 90.64577 85.13898 85.13706 78.44093 39.03865 29.71538 26.40149 26.40149 26.40149 26.40149 26.40149 27.37626 29.47521 29.39015 29.36872 29.36871 29.36872 29.36871 29.36871 90.79109 203.358 203.461 205.6019 209.5011 209.575 209.575 171.6012 71.76722 41.70084 41.70084 41.70084
0 0 0 0 0 0 0 0 0 0 0 0 0 0 0 0 0 0 0 0 0 0 0 0 0 0 0 0 0 0 0 0 0 0 0 0 0 0 0 0 0 0 0 0 0 0 0 103.6127 103.6127 103.6127 103.6127 103.6127 103.6127 98.88034 91.79531 77.64703 30.50936 26.40149 26.40149 26.40149 26.40149 26.40149 26.40149 26.40149 28.86678 29.3143 29.36871 29.36871 30.0259 30.58994 29.36871 140.5157 179.5326 164.3977 194.6935 167.7423 203.5376 209.575 209.575 194.4028 45.3811 41.70085 41.70084
0 0 0 0 0 0 0 0 0 0 0 0 0 0 0 0 0 0 0 0 0 0 0 0 0 0 0 0 0 0 0 0 0 0 0 0 0 0 0 0 0 0 0 0 0 0 0 0 0 103.6127 103.6127 103.6127 103.6127 103.6127 103.6127 69.72955 26.40149 26.40149 26.40149 26.40149 26.40149 26.40149 26.26384 25.73625 25.57988 25.5818 33.21435 35.99331 36.28592 36.36794 34.21734 80.5328 95.1698 95.16979 80.81818 26.90648 61.10535 150.8282 207.7637 135.1732 19.52898 32.83989 23.9824
0 0 0 0 0 0 0 0 0 0 0 0 0 0 0 0 0 0 0 0 0 0 0 0 0 0 0 0 0 0 0 0 0 0 0 0 0 0 0 0 0 0 0 0 0 0 0 0 0 0 103.6127 103.6127 103.6127 103.6127 103.6127 48.83871 26.40149 26.40149 26.40149 26.40149 26.72719 332.8071 25.39724 25.16512 25.16512 25.16512 27.40148 36.27803 36.37214 36.37214 47.0285 95.16979 95.16978 95.16979 78.48129 26.90648 26.90648 26.90648 46.36062 184.7663 33.57582 19.47247 19.47247
0 0 0 0 0 0 0 0 0 0 0 0 0 0 0 0 0 0 0 0 0 0 0 0 0 0 0 0 0 0 0 0 0 0 0 0 0 0 0 0 0 0 0 0 0 0 0 0 0 0 0 103.6127 103.6127 103.6127 78.43444 26.40149 26.40149 26.40149 26.40149 26.40149 680.7971 829.2598 25.16512 25.16512 25.16512 25.16512 26.25256 36.37137 36.37214 36.37214 44.79662 95.16979 95.16979 95.16979 86.78667 26.90648 26.90648 26.90648 29.9155 191.917 172.9358 29.25258 19.47247
0 0 0 0 0 0 0 0 0 0 0 0 0 0 0 0 0 0 0 0 0 0 0 0 0 0 0 0 0 0 0 0 0 0 0 0 0 0 0 0 0 0 0 0 0 0 0 0 0 0 0 0 103.6127 103.1026 26.40149 26.40149 26.40149 26.40149 26.40149 1350.793 2198.462 1563.46 28.00905 25.16512 25.16512 25.16512 25.43316 36.14949 36.37214 36.37214 44.32502 95.12296 95.16979 95.16979 87.00351 27.56324 26.90648 26.90648 27.18896 203.6902 209.575 197.6163 56.09208
0 0 0 0 0 0 0 0 0 0 0 0 0 0 0 0 0 0 0 0 0 0 0 0 0 0 0 0 0 0 0 0 0 0 0 0 0 0 0 0 0 0 0 0 0 0 0 0 0 0 0 0 0 26.40149 26.40149 26.40149 26.40149 182.4518 1937.572 2372.547 2377.992 2435.114 2042.937 25.16512 25.16512 38.84855 50.86302 39.40871 36.37214 36.37214 36.37214 57.49322 68.31635 92.94099 65.81388 26.90648 26.90648 26.90648 26.90648 195.1634 209.575 183.6727 26.51902
0 0 0 0 0 0 0 0 0 0 0 0 0 0 0 0 0 0 0 0 0 0 0 0 0 0 0 0 0 0 0 0 0 0 0 0 0 0 0 0 0 0 0 0 0 0 0 0 0 0 0 0 0 0 26.40149 26.40149 0 5131.427 5028.236 4762.659 4793.449 5558.417 3376.946 74.09294 50.89168 72.86717 72.92216 39.10798 36.37214 36.37214 36.37214 36.37214 36.37214 55.35406 90.29014 31.01089 29.24357 30.46385 30.39853 159.9281 209.307 62.02438 19.34217
0 0 0 0 0 0 0 0 0 0 0 0 0 0 0 0 0 0 0 0 0 0 0 0 0 0 0 0 0 0 0 0 0 0 0 0 0 0 0 0 0 0 0 0 0 0 0 0 0 0 0 0 0 0 0 0 5131.426 5131.427 5131.427 4995.596 3820.955 1633.201 1260.315 80.32769 72.92216 72.92216 72.92216 60.41623 37.95525 36.37214 36.37214 36.37214 37.72073 45.52832 37.84597 33.32719 33.32719 33.32719 33.32718 34.78735 116.3691 19.47247 0
0 0 0 0 0 0 0 0 0 0 0 0 0 0 0 0 0 0 0 0 0 0 0 0 0 0 0 0 0 0 0 0 0 0 0 0 0 0 0 0 0 0 0 0 0 0 0 0 0 0 0 0 0 0 0 0 5581.983 5257.284 4809.632 4362.974 3268.764 72.92216 72.92216 73.69743 72.92216 72.92216 72.92216 72.92216 60.0129 36.37214 36.37214 34.67575 43.45924 62.70453 36.07663 33.32718 33.32718 33.32718 33.32718 33.32718 33.31553 23.99515 0
0 0 0 0 0 0 0 0 0 0 0 0 0 0 0 0 0 0 0 0 0 0 0 0 0 0 0 0 0 0 0 0 0 0 0 0 0 0 0 0 0 0 0 0 0 0 0 0 0 0 0 0 0 0 0 0 6390.812 5908.208 4339.954 4312.869 1083.341 72.92216 77.3783 103.2125 99.21665 73.29752 73.32727 72.92216 72.64181 38.40559 32.47959 29.15429 32.76495 64.02477 55.36368 33.71107 33.32718 33.32718 33.32718 33.32718 33.4021 0 0
