Scenarios/Heterogeneous/data/country_data_population_distribution/processed/density_grids/gin.asc
ncols 200
nrows 136
xllcorner -15
yllcorner 7
cellsize 0.041666666666667
NODATA_value -9999
[rows 0 to 36 of 136, columns 83 to 165 of 200]
0 0 0 0 0 0 0 0 0 0 0 0 0 0 0 0 0 0 0 0 0 0 0 0 0 0 0 0 0 0 0 0 0 0 0 0 0 0 0 0 0 0 0 0 0 0 0 0 0 0 0 0 0 0 0 0 0 0 0 0 0 0 0 0 0 0 0 0 0 0 0 0 0 0 0 0 0 0 0 0 0 0 0
0 0 0 0 0 0 0 0 0 0 0 0 0 0 0 0 0 0 0 0 0 0 0 0 0 0 0 0 0 0 0 0 0 0 0 0 0 0 0 0 0 0 0 0 0 0 0 0 0 0 0 0 0 0 0 0 0 0 0 0 0 0 0 0 0 0 0 0 0 0 0 0 0 0 0 0 0 0 0 0 0 0 0
0 0 0 0 0 0 0 0 0 0 0 0 0 0 0 0 0 0 0 0 0 0 0 0 0 0 0 0 0 0 0 0 0 0 0 0 0 0 0 0 0 0 0 0 0 0 0 0 0 0 0 0 0 0 0 0 0 0 0 0 0 0 0 0 0 0 0 0 0 0 0 0 0 0 0 0 0 0 0 0 0 0 0
0 0 0 0 0 0 0 0 0 0 0 0 0 0 0 0 0 0 0 0 0 0 0 0 0 0 0 0 0 0 0 0 0 0 0 0 0 0 0 0 0 0 0 0 0 0 0 0 0 0 0 0 0 0 0 0 0 0 0 0 0 0 0 0 0 0 0 0 0 0 0 0 0 0 0 0 0 0 0 0 0 0 0
0 0 0 0 0 0 0 0 0 0 0 0 0 0 0 0 0 0 0 0 0 0 0 0 0 0 0 0 0 0 0 0 0 0 0 0 0 0 0 0 0 0 0 0 0 0 0 0 0 0 0 0 0 0 0 0 0 0 0 0 0 0 0 0 0 0 0 0 0 0 0 0 0 0 0 0 11.78452 12.2407 12.55593 12.55712 12.55189 0 0
0 0 0 0 0 0 0 0 0 0 0 0 0 0 0 0 0 0 0 0 0 0 0 0 5.982067 6.02847 0 0 0 0 0 0 0 0 0 0 0 0 0 0 0 0 0 0 0 0 0 0 0 0 0 0 0 0 0 0 0 0 0 0 0 0 0 0 0 0 0 0 0 0 0 0 0 0 0 0 12.48575 12.56028 12.56028 12.56028 12.56028 12.56028 12.55536
0 12.26225 0 0 0 0 0 0 0 0 5.446911 4.751628 8.049446 7.9665 5.10343 4.784016 6.578465 0 0 0 5.397551 4.746844 4.746845 4.746844 4.746845 4.746845 5.82383 6.539738 0 0 0 0 0 0 0 0 0 0 0 0 0 0 0 0 0 0 0 0 0 0 0 0 0 0 0 0 0 0 0 0 0 0 0 0 0 0 0 0 0 0 0 0 0 0 0 0 0 12.55912 12.56028 12.56028 12.56028 12.56028 12.56028
26.30686 11.36733 11.36733 12.15413 0 0 0 12.35044 11.12712 5.111997 4.746845 4.746845 4.746845 4.746845 4.746845 4.746845 4.746845 4.746845 4.746845 4.746845 4.746845 4.746845 4.746845 4.746845 4.746845 4.746845 0 0 0 0 0 0 0 0 0 0 0 0 0 0 0 0 0 0 0 0 0 0 0 0 0 0 0 0 0 0 0 0 0 0 0 0 0 0 0 0 0 0 0 0 0 0 0 0 0 0 0 0 12.56028 12.56028 12.56028 12.56028 12.56028
20.59859 11.36733 11.36733 11.36857 12.35061 11.98847 11.37303 11.36733 11.35881 6.875897 4.746845 4.746844 4.746845 4.746844 4.746844 4.746844 4.746844 4.746844 4.746845 4.746844 4.746845 4.746844 4.746844 4.746844 4.746844 4.746844 8.34214 0 0 0 0 0 0 0 0 0 0 0 0 0 0 0 0 0 0 0 0 0 0 0 0 0 0 0 0 0 0 0 0 0 0 0 0 0 0 0 0 0 0 0 0 0 0 0 0 0 0 11.63223 12.56028 12.56028 12.56028 12.56028 12.56028
12.18792 11.36733 11.36733 11.36733 11.36733 11.36733 11.36733 11.36733 11.36733 10.99697 6.449634 4.746844 4.746845 4.746844 4.746844 4.746844 4.746844 4.746844 4.746844 4.746844 4.746844 4.746844 4.746844 4.746844 4.746844 4.746844 0 0 0 0 0 0 0 0 0 0 0 0 0 0 0 0 0 0 0 0 0 0 0 0 0 0 0 0 0 0 0 0 0 0 0 0 0 0 0 0 0 0 0 0 0 0 0 0 0 0 0 12.08512 12.56028 12.56028 12.56028 12.56028 12.56028
11.36733 11.36733 11.36733 11.36733 11.36733 11.36733 11.36733 11.36733 11.36733 11.36733 8.362707 5.723258 4.746845 4.746844 4.746845 4.746844 4.746845 4.746845 4.746845 4.746844 4.746845 4.746845 4.746845 4.746845 4.772697 0 0 0 0 0 0 0 0 0 0 0 0 0 0 0 0 0 0 0 0 0 0 0 0 0 0 0 0 0 0 0 0 0 0 0 0 0 0 0 0 0 0 0 0 0 0 0 0 17.17406 18.70798 18.64975 17.2211 12.99531 12.56028 12.56028 12.56028 12.56028 12.56028
36.84423 13.96738 11.36733 11.36733 11.36733 11.36733 11.36733 11.36733 11.36733 13.34159 35.31192 9.21718 4.746845 4.746845 4.746844 4.746845 4.746844 4.746845 4.746844 4.746845 4.746844 4.746845 4.746844 4.882464 6.278734 0 0 0 0 0 0 0 0 0 0 0 5.268497 5.25189 5.24018 5.934942 0 0 0 0 0 0 0 0 0 0 0 0 0 12.05533 12.17295 11.87199 11.37063 0 0 0 0 0 0 0 0 0 0 0 0 0 0 14.89716 17.98773 18.7086 18.7086 18.7086 18.7086 15.69634 12.56028 12.56028 12.56028 12.56028 12.56028
51.77766 47.92654 20.69302 11.36733 11.36733 11.36733 18.58827 41.67043 68.38257 88.29728 92.8574 46.68003 4.746844 4.746845 4.746844 4.746845 4.746844 4.746845 4.746844 4.746845 4.746845 4.746845 5.175706 6.497616 6.758927 8.490831 0 0 0 0 0 0 0 0 0 7.352407 5.24018 5.24018 5.24018 5.263226 0 0 0 0 0 0 0 0 0 0 0 12.34433 12.27694 12.27694 12.27694 12.27694 12.39651 19.40355 30.4501 0 0 0 0 0 0 0 0 0 0 16.35698 18.7086 18.7086 18.7086 18.7086 18.7086 18.7086 18.7086 17.52102 12.75633 12.56028 12.56028 12.56028 12.56028
51.77766 51.77766 25.71712 11.36733 20.43468 65.75284 91.65996 92.85741 92.85741 92.85741 92.8574 87.47093 31.98022 4.751779 4.746844 4.746844 4.746844 4.746844 4.746844 4.746844 4.746844 5.403465 6.673103 6.758928 6.758928 6.758928 7.303548 8.85441 0 0 0 0 0 0 7.771279 5.24018 5.24018 5.24018 5.24018 5.24018 5.24094 5.897291 0 0 0 0 0 0 0 12.43414 12.33838 12.27694 12.27694 12.27694 12.27694 13.01849 29.44284 34.83132 34.83132 34.83132 34.83132 25.92486 0 0 0 0 0 0 0 18.7086 18.7086 18.7086 18.7086 18.7086 18.7086 18.7086 18.7086 18.7086 14.02665 12.56028 12.56028 12.56028 12.56028
51.77765 51.84837 37.26565 28.59345 84.37178 92.85741 92.85741 92.85741 92.85741 92.76917 64.71041 36.594 34.53803 18.85682 4.746845 4.746845 4.746845 4.746845 4.746845 4.746845 5.360336 6.719448 6.758928 6.758927 6.758928 6.758927 6.758928 6.758927 0 0 0 0 0 0 5.240181 5.24018 5.240181 5.24018 5.240181 5.24018 5.240181 5.25828 0 0 0 0 0 0 13.03713 12.27694 12.27694 12.27694 12.27694 12.27694 12.27694 14.68486 34.02637 34.83132 34.83132 34.83132 34.83132 34.83132 34.83132 26.49457 0 0 0 0 0 18.7086 18.7086 18.7086 18.7086 18.7086 18.7086 18.7086 18.7086 18.15603 12.62606 12.56028 12.56028 12.56028 12.56028
51.77766 54.22455 61.37013 61.38434 87.46682 92.85741 92.85741 84.94591 69.20071 54.80351 34.53803 34.53803 36.00396 41.15064 23.65317 8.397265 10.69786 21.736 7.603275 4.785119 6.519562 6.758927 6.758927 6.758927 6.758927 6.758927 6.758927 6.758927 6.798848 9.463554 0 0 10.15193 6.021988 5.24018 5.24018 5.24018 5.24018 5.24018 5.24018 5.24018 5.376026 0 0 0 0 0 0 25.75973 18.52814 12.27694 12.27694 12.27694 12.27694 12.27694 12.27694 25.8062 34.83132 34.83132 34.83132 34.83132 34.83132 34.83132 34.83132 24.45354 18.70837 17.05757 15.45243 17.81563 18.7086 18.7086 18.7086 18.7086 18.7086 18.7086 18.7086 16.06056 13.35861 12.56028 12.56028 12.56028 12.56028 12.56028
51.77766 58.49455 61.37013 61.37013 74.59801 77.80073 53.26795 37.61134 34.53803 34.53803 34.53803 46.45547 46.66424 43.26199 43.262 43.05623 41.99601 43.26199 24.43729 6.015546 6.758928 6.758927 6.758928 6.758927 6.758928 6.758927 6.758928 6.758927 6.996706 7.901984 8.190441 8.118149 7.921764 6.096875 5.24018 5.24018 5.24018 5.24018 5.24018 5.24018 5.24018 5.24018 5.820374 0 0 0 0 26.04528 27.51733 20.91574 12.27694 12.27694 12.27694 12.27694 12.27694 12.27694 20.40799 34.83132 34.83132 34.83132 34.83132 34.83132 34.83132 34.83132 24.29802 18.7086 18.7086 18.7086 18.7086 18.7086 18.7086 18.7086 18.7086 19.49966 19.84932 19.95396 12.6287 12.56028 12.56028 12.56028 12.56028 12.56028 12.56028
54.62755 61.25182 61.62085 80.66602 100.3167 102.0105 63.31548 34.53803 34.53803 44.36825 80.01963 101.7605 69.84468 43.26199 43.26199 43.26199 43.26199 40.791 29.47422 13.47522 6.758927 6.758928 6.758928 6.758928 6.758927 6.758928 6.758927 6.828218 7.614994 7.921764 7.921765 7.921764 7.921764 6.351665 5.40738 5.24018 5.24018 5.24018 5.24018 5.24018 5.24018 6.386229 17.88842 0 0 0 27.51733 27.51733 27.51733 15.83348 12.27694 12.27694 12.27694 12.27694 12.27694 12.27694 13.04347 33.69831 34.83132 34.83132 34.83132 34.83132 34.83132 34.42348 19.43821 18.7086 18.7086 18.7086 18.7086 18.7086 18.7086 18.7086 23.08022 37.62391 32.18708 41.46027 20.02234 12.56028 12.56028 12.56028 12.56028 12.56028 12.56028
95.18047 62.66722 89.6464 104.2667 103.9308 103.7823 103.548 60.01907 48.24272 62.59295 102.6327 104.5183 96.12041 43.26199 43.26199 43.26199 41.7474 31.82053 30.05786 27.61354 18.15789 8.382387 6.758928 6.758928 6.758928 6.85773 7.683814 7.853263 7.921765 7.921765 7.921765 7.921765 7.921765 7.921765 7.665576 6.008097 5.24018 5.24018 5.24018 5.24018 5.24018 15.28433 27.51733 27.0787 0 25.07896 27.51733 27.51733 26.99042 13.03014 12.27694 12.27694 12.27694 12.27694 12.27694 12.27694 22.68977 34.83132 34.83132 34.83132 34.83132 34.83132 34.83132 34.83132 28.40074 19.02435 18.7086 18.7086 18.7086 18.7086 19.07767 25.26736 38.59249 41.98124 41.98124 41.98124 17.08315 12.56028 12.56028 12.56028 12.56028 12.56028 12.56028
138.9551 120.2378 101.2128 94.21163 88.56488 88.18819 91.37146 65.64633 62.67922 62.67922 92.83961 104.5183 91.28271 43.66769 43.78107 43.72858 33.125 30.05786 30.05786 30.05786 30.05786 21.03589 6.758927 6.758928 6.798231 7.512777 7.921765 7.921764 7.921765 7.921764 7.921765 7.921765 7.921765 7.921764 7.921765 5.834896 5.24018 5.24018 5.24018 5.24018 13.92078 27.1484 27.51733 27.51733 27.51733 27.51733 27.51733 27.51733 20.19753 12.27694 12.27694 12.27694 12.27694 12.27694 12.27694 12.66894 27.74475 34.83132 34.83132 34.83132 34.83132 34.83132 34.83132 34.66995 22.37156 20.61011 20.23597 19.84818 19.11439 19.4543 24.94345 41.9359 41.98124 41.98124 41.98124 41.98124 24.19769 12.56028 12.56028 12.56028 12.56028 12.56028 12.56028
140.3971 130.6995 87.84251 86.91507 86.91507 86.91507 78.13406 62.67922 62.67922 62.67922 88.29955 80.50317 46.08359 43.83403 43.83402 43.83402 32.97358 30.05786 30.05786 30.05786 30.05786 29.76964 12.05083 8.319351 7.690821 7.921765 7.921765 7.921765 7.921765 7.921765 7.921765 7.921765 7.921765 7.921765 7.921765 5.857736 5.24018 5.24018 5.24018 9.451702 27.44462 27.51733 27.51733 27.51733 27.51733 27.51733 27.51733 27.51733 14.59798 12.27694 12.27694 12.27694 12.27694 12.27694 12.27694 16.07016 34.82131 34.83132 34.83132 34.83132 34.83132 34.83132 34.83132 31.98567 20.61118 20.61118 20.61118 20.61118 20.61118 20.61118 20.61118 39.51764 41.98124 41.98124 41.98124 41.98124 38.26223 20.29869 12.56028 12.56028 12.56028 12.56028 22.05401
139.9442 96.4591 86.91507 86.91507 86.91507 86.91507 82.3605 62.67921 62.67921 62.67921 70.91572 44.74866 43.83402 43.83402 43.83402 44.65811 44.18528 30.65365 30.05786 30.05786 30.05786 30.05786 20.3434 13.62167 11.47946 8.548401 7.921764 7.921764 7.921764 7.921764 7.921764 7.921765 7.921764 8.421876 10.68717 6.777398 5.24018 5.24018 5.24018 11.93971 27.51733 27.51733 27.51733 27.51733 27.51733 27.51733 27.51733 25.36155 12.2806 12.27694 12.27694 12.27694 12.27694 12.27694 12.27694 28.0234 34.83132 34.83132 34.83132 34.83132 34.83132 34.83132 32.37006 22.43773 20.61118 20.61118 20.61118 20.61118 20.61118 20.61118 20.61118 37.34424 41.98124 41.98124 41.98124 41.98124 41.98124 41.18153 22.04733 12.56028 12.56028 21.5909 66.76755
82.18317 79.22166 85.56956 86.91507 86.91507 86.91507 81.19405 62.67922 62.67921 62.67922 48.89636 42.01277 43.83402 43.83402 45.04906 59.94297 61.08412 46.42324 30.05786 30.05786 30.05786 27.78412 14.72217 13.65794 13.65794 13.65221 12.8065 11.98994 11.0564 10.40169 11.77262 12.04765 12.84532 13.60952 13.38201 5.862959 5.24018 5.240181 5.240181 10.47173 27.51733 27.51733 27.51733 27.51733 27.51733 27.51733 27.51733 18.32731 12.27694 12.27694 12.27694 12.27694 12.27694 12.27694 12.27694 21.80458 34.83132 34.83132 34.83132 34.83132 34.83132 33.31619 21.11413 20.61118 20.61118 20.61118 20.61118 20.61118 20.61118 20.61118 20.61118 28.84684 41.98124 41.98124 41.98124 41.98124 41.98124 41.98124 46.40039 14.48509 28.13309 70.65668 74.71417
76.91475 76.91475 90.99537 96.56971 84.97936 82.09064 70.10749 62.65202 62.67921 57.54481 39.47412 39.78287 42.37091 43.83403 50.77145 61.08412 61.08412 59.18308 31.53504 30.05786 29.64295 15.86734 13.65794 13.65794 13.65794 13.65794 13.65794 13.65794 13.65794 13.65794 13.65794 13.65794 13.65794 10.79125 7.269387 5.24018 5.24018 5.24018 5.24018 5.259977 23.62134 27.51733 27.51733 27.51733 27.51733 27.51733 27.51733 14.83586 12.27694 12.27694 12.27694 12.27694 12.27694 12.27694 14.13909 31.41552 34.83132 34.83132 34.83132 34.83132 34.50512 26.98582 20.61118 20.61118 20.61118 20.61118 20.61118 20.61118 20.61118 20.61118 20.61118 20.76638 38.31863 41.98124 41.98124 42.18443 59.25815 92.99316 118.4073 77.43387 74.71416 74.71416 74.71417
77.20831 86.22359 104.1856 104.6281 82.72224 63.53463 52.72166 45.02198 41.2351 39.01117 39.00516 39.00517 39.00543 42.17151 57.9946 61.08411 61.08412 61.08411 43.35879 31.11266 34.61008 33.09823 18.58538 13.63094 13.65794 13.65794 13.65794 13.65794 13.65794 13.65794 13.65794 13.65794 13.65794 7.513983 5.24018 5.24018 5.24018 5.24018 5.24018 5.24018 16.9136 27.51733 27.51733 27.51733 27.51733 27.51733 27.51733 12.78333 12.27694 12.27694 12.27694 12.27694 12.27694 12.27694 16.41671 34.83132 34.83132 34.83132 34.83132 34.23732 26.53116 20.61118 20.61118 20.61118 20.61118 20.61118 20.61118 20.61118 20.61118 20.61118 20.61118 20.61118 31.44416 47.61023 84.35852 113.4959 120.6252 120.6252 120.6252 115.1794 74.79108 74.71416 74.71416
104.7224 105.5359 105.5359 104.3919 84.3414 53.71486 52.72166 46.5778 39.00517 39.00517 39.00516 39.00517 39.00517 44.45292 60.86171 61.08411 61.08411 60.32712 49.48872 38.79306 38.67096 38.5313 22.34899 12.90705 13.12625 13.24903 13.3164 13.13168 13.0628 13.11079 13.1183 13.2693 11.42236 6.19493 5.24018 5.24018 5.24018 5.24018 5.24018 5.24018 9.235595 27.50406 27.51733 27.51733 27.51733 27.55639 27.09059 13.01957 12.27694 12.27694 12.27694 12.27694 12.27694 12.27694 19.78247 34.83132 34.83132 34.83132 34.83132 24.68391 20.61118 20.61118 20.61118 20.61118 20.61118 20.61118 20.61118 22.17302 48.16096 64.46768 82.4376 96.48514 93.04512 115.6986 120.6252 120.6252 120.6252 120.6252 120.6252 118.8659 75.97854 74.71416 74.71416
117.5125 108.7049 95.86724 83.06206 63.10044 52.72166 52.72166 48.99777 39.00517 39.00517 39.00517 39.00517 37.4595 32.72879 40.64308 55.87392 59.76688 47.56416 40.6335 40.04544 38.5313 38.5313 19.6134 12.86018 12.86018 12.86018 12.86018 12.86018 12.86018 12.86018 12.86018 12.39353 5.732476 5.240181 5.24018 5.240181 5.24018 5.24018 5.240181 5.240181 5.24018 25.10185 27.71859 27.97753 28.13622 28.21191 28.21298 25.18729 13.41717 12.27694 12.27694 12.27694 12.27694 12.27694 12.36777 26.67455 34.83132 34.83132 34.83132 24.38032 20.61118 20.61118 25.06701 38.85648 67.47547 76.5485 78.0211 110.9874 120.6252 120.6252 120.6252 120.6252 120.6252 120.6252 120.6252 120.6252 120.6252 120.6252 134.0925 171.4489 146.5613 111.4634 125.911
128.8834 119.6192 79.9354 71.07469 53.20524 52.72166 52.72166 47.88934 39.00517 39.00517 39.00517 39.00517 33.11384 31.73878 31.73877 31.74045 38.98969 40.6335 40.6335 39.43572 38.5313 38.5313 28.48643 12.86018 12.86018 12.86018 12.86018 12.86018 12.86018 12.86018 12.86018 12.86018 12.43035 10.88552 5.436314 5.24018 5.24018 5.556406 15.19382 14.13994 17.70832 27.90352 28.21298 28.21298 28.21298 28.21298 28.21298 28.21298 24.30515 12.27694 12.27694 12.27694 12.27694 12.27694 12.27694 12.67488 15.80782 25.70901 34.65105 29.67974 20.61118 34.27003 111.3972 120.6252 120.6252 120.6252 120.6252 120.6252 120.6252 120.6252 120.6252 120.6252 120.6252 120.6252 120.6252 120.6252 120.6252 175.4265 297.6047 304.832 304.8321 304.832 303.3856
128.7347 113.7224 79.9354 66.43877 54.91488 54.66649 66.51517 89.24183 83.22838 75.20223 52.39094 38.67905 31.8129 31.73878 31.73878 33.17196 40.6335 40.6335 40.58197 38.82129 38.5313 38.5313 36.78755 12.91233 12.86018 12.86018 12.86018 12.86018 12.86018 12.86018 12.86018 12.86018 12.86018 11.92765 5.279553 5.24018 5.24018 12.01787 20.04837 20.04837 20.9655 28.20246 28.21298 28.21298 28.21298 28.21298 28.21298 28.21298 28.18627 16.61929 12.27694 12.27694 12.27694 12.27694 12.27694 12.27694 12.27694 12.46749 13.70438 16.93722 18.37887 87.18474 120.6252 120.6252 120.6252 120.6252 114.6611 120.6252 120.6252 120.6252 120.6252 120.6252 120.6252 120.6252 120.6252 120.6252 164.2322 298.6807 304.832 304.832 304.832 304.832 304.832
81.80148 79.19643 121.242 131.0343 118.2293 101.7601 101.7601 95.86814 91.83558 91.83558 91.67484 59.43262 31.73878 31.73878 33.62546 39.36434 40.6335 40.6335 39.72633 38.5313 38.5313 38.5313 33.93704 12.86018 12.86018 12.86018 12.86018 12.86018 12.86018 12.86018 12.86018 14.52042 15.69084 6.115015 5.24018 5.24018 6.972564 19.37605 20.04837 20.04837 21.16311 28.20362 28.21298 28.21298 28.21298 28.21298 28.21298 28.21298 28.21298 25.8698 21.12917 15.50369 12.29535 11.99577 12.16441 11.65746 12.27694 12.27694 12.27694 12.27694 33.82184 120.6252 113.0572 114.8536 120.6252 77.58331 92.47665 120.6252 120.6252 113.4845 108.7716 120.6252 115.4136 109.2274 120.6252 101.743 271.243 304.8321 304.8321 304.8321 304.8321 304.8321 304.8321
77.59793 83.01329 133.4772 133.4772 120.6952 101.7601 101.7601 94.29099 91.83558 91.83558 95.15466 94.44839 31.73878 30.90795 32.26456 32.60416 32.61565 32.62716 35.70148 38.5313 38.5313 38.5313 23.10155 12.86018 12.86018 12.86018 12.86018 12.86018 12.86018 12.86018 24.55463 36.41447 37.23985 17.45677 5.24018 5.24018 15.40439 20.04837 20.04837 20.04837 23.81409 28.21298 28.21298 28.21298 28.21298 28.21298 28.21298 28.21298 28.21298 28.21298 28.21298 28.21298 17.62686 9.612669 7.614811 6.117647 9.28514 11.46733 11.06152 11.15991 24.13586 103.1917 64.72066 39.97127 37.01176 24.51406 31.14135 76.01318 103.8841 99.92112 27.27068 80.10799 39.15979 44.10764 90.56075 114.2973 302.5703 304.8321 304.8321 304.8321 304.8321 304.8321 304.8321
77.59793 80.04243 132.6448 133.4772 648.9564 1473.133 1560.626 108.2454 91.0184 101.8175 137.5979 133.6619 51.28772 28.90523 25.58306 25.58306 25.58306 25.58306 32.49938 38.5313 38.5313 38.5313 31.5082 21.50419 13.2687 12.86018 12.86018 12.86018 12.86018 20.96716 37.12273 37.34475 37.34475 36.98451 31.91348 25.54707 20.04318 20.04837 20.04837 20.06437 26.55025 28.21298 28.21298 28.21298 28.21298 28.21298 28.21298 28.21298 28.21298 28.21298 28.21298 28.21298 15.88984 5.757489 5.291677 5.291677 5.291677 8.503848 5.293289 6.787348 5.291677 5.314019 10.97472 21.8281 23.2073 23.20729 23.20729 23.20729 23.20729 27.17397 23.20729 23.20729 23.20729 30.5492 40.211 44.44683 125.5343 168.9407 288.2897 301.7892 283.0106 275.2116 304.8321
93.08944 80.13671 122.0772 131.8434 633.9776 1911.338 2074.425 82.3354 76.3546 88.67706 97.54463 121.5528 125.776 34.62005 25.58306 27.97953 28.40311 25.60126 31.85251 42.33391 38.85631 38.5313 38.5313 38.5313 26.71443 16.65509 13.94467 12.86018 14.83699 36.32565 37.34474 37.34474 37.34474 37.34474 37.34474 30.34404 20.04837 20.07064 20.58191 21.21489 21.89775 24.78816 28.21298 28.21298 28.21298 28.21298 28.21298 28.21298 28.21298 25.7527 18.34853 13.64119 5.763084 5.291677 5.291677 5.291677 5.291677 5.291677 5.291677 5.291677 5.291677 5.291677 5.291677 6.834318 22.78617 23.20729 23.20729 23.20729 23.20729 23.20729 23.20729 23.20729 23.20729 26.17934 40.12373 40.21099 61.06896 76.18701 82.99603 84.48786 80.21262 82.72834 205.2041
168.6333 77.22733 75.80285 117.1196 128.4634 111.6015 182.5736 63.22374 63.22374 67.35602 68.59152 67.39868 63.11559 32.96656 41.18586 48.70398 48.70413 47.12696 58.58426 65.13199 63.7252 57.52826 48.14761 30.90001 18.70583 18.6569 18.39209 13.78428 14.3452 37.29535 37.34475 37.34474 37.34475 37.34474 37.34475 34.02479 20.40083 21.22119 21.57325 21.57325 21.57325 21.65034 27.88498 28.21298 28.21298 28.21298 28.21298 28.21298 28.21298 24.19459 7.968011 5.291677 5.291677 5.291677 5.291677 5.291677 5.291677 5.291678 5.291677 5.291678 5.291677 5.291677 5.291677 5.291677 21.35163 23.20729 23.20729 23.20729 23.20729 23.20729 23.20729 23.2073 23.20729 23.20729 36.28367 40.21099 46.38282 75.81888 76.18701 76.18702 76.18701 76.18701 76.36692
167.8546 77.36446 75.80285 75.80285 95.08273 96.33016 68.91993 63.22374 63.22374 65.68753 67.39868 67.39868 67.39868 61.66816 47.55914 48.70413 48.70413 55.00961 65.13198 65.13198 64.80327 50.10158 32.51369 19.06198 18.6569 18.62259 15.81775 12.35422 8.263385 30.18681 37.34474 37.34475 37.34475 37.34474 37.34475 37.28711 22.6406 21.57325 21.57325 21.57325 22.2378 25.57796 28.21298 28.21298 28.21298 28.21298 28.21298 28.21298 28.21298 20.79294 6.318541 5.291677 5.291677 5.291677 5.291677 5.291677 5.291677 5.291677 5.291677 5.291677 5.291677 5.291677 5.291677 5.291677 18.42005 23.20729 23.20729 23.20729 23.20729 23.20729 23.20729 23.20729 23.20729 23.20729 33.78062 40.211 40.211 47.01763 53.55064 74.51058 76.18701 76.18701 74.25863
171.4767 89.90602 75.80285 77.11079 84.11618 70.8304 60.2511 63.19237 57.65272 61.6129 52.62692 49.94325 53.08971 49.25406 40.61666 43.68271 48.70413 43.50744 55.58261 41.66345 23.33028 18.6569 18.6569 18.6569 17.14435 10.57059 8.263385 8.263385 8.263385 21.26513 37.34474 37.34474 37.34474 37.34474 37.34474 35.09452 21.57325 21.57325 21.57325 21.79709 27.77769 28.21298 28.21298 28.21298 28.21298 17.25096 16.37889 18.52577 14.47305 5.409071 5.291677 5.291677 5.291677 5.291677 5.291677 5.291677 5.291677 5.291677 5.291677 5.291677 5.291677 5.291677 5.346879 6.920775 7.727873 21.99379 23.20729 23.20729 23.20729 23.20729 23.20729 23.20729 23.20729 23.20729 34.05669 40.211 40.211 40.211 40.211 56.71708 76.18701 76.187 67.29574
109.2311 80.55016 78.36505 79.5547 53.30203 52.24651 52.81541 55.91696 42.07737 40.6151 40.6151 40.6151 40.6151 40.6151 40.6151 38.55051 30.18705 18.96424 18.85426 18.75234 18.71984 18.65712 18.6569 17.98859 9.758281 8.263384 8.263384 8.263384 8.263384 8.689546 21.59622 35.66642 37.34474 37.34474 37.34474 31.76228 21.57325 21.57325 21.57325 21.57893 25.3564 28.24248 29.73187 35.22797 35.55077 8.163217 5.291677 5.291677 5.291677 5.291677 5.291677 5.291677 5.291677 5.291677 5.291677 5.291677 5.291677 5.291677 5.291677 5.291677 5.291677 5.331616 7.548681 8.907401 8.907401 19.59011 23.20729 23.20729 23.20729 23.20729 23.20729 23.20729 23.20729 23.20729 35.84995 40.21099 40.21099 40.211 40.21099 40.22553 72.03874 67.83761 49.77355
