Scenarios/Heterogeneous/data/country_data_population_distribution/processed/density_grids/gtm.asc
ncols 114
nrows 116
xllcorner -92
yllcorner 13
cellsize 0.041666666666667
NODATA_value -9999
[rows 32 to 63 of 116, columns 0 to 73 of 114]
0 0 0 0 0 0 0 0 0 0 0 0 0 0 0 0 0 0 0 0 0 0 0 0 0 0 0 0 0 0 0 0 0 0 0 0 0 0 0 0 0 0 0 0 0 0 0 0 0 0 0 0 0 0 0 0 0 0 14.82786 36.00147 44.57003 43.2961 45.5188 45.5188 45.5188 45.5188 45.5188 45.5188 45.5188 45.5188 45.5188 45.5188 45.5188 45.33118
0 0 0 0 0 0 0 0 0 0 0 0 0 0 0 0 0 0 0 0 0 0 0 0 0 0 0 0 0 0 0 0 0 0 0 0 0 0 0 0 0 0 0 0 0 0 0 0 0 0 0 0 0 0 0 0 0 0 0 0 0 42.66389 45.09222 45.5188 45.5188 45.5188 45.5188 45.5188 45.5188 45.5188 45.5188 45.5188 45.5188 45.5188
0 0 0 0 0 0 0 0 0 0 0 0 0 0 0 0 0 0 0 0 0 0 0 0 0 0 0 0 0 0 0 0 0 0 0 0 0 0 0 0 0 0 0 0 0 0 0 0 0 0 0 0 0 0 0 0 0 0 0 0 0 0 0 45.5188 45.5188 45.5188 45.5188 45.5188 45.5188 45.5188 45.5188 45.5188 45.5188 45.5188
0 0 0 0 0 0 0 0 0 0 0 0 0 0 0 0 0 0 0 0 0 0 0 0 0 0 0 0 0 0 0 0 0 0 0 0 0 0 0 0 0 0 0 0 0 0 0 0 0 0 0 0 0 0 0 0 0 0 0 0 0 0 32.42445 43.92589 45.5188 45.5188 45.5188 45.5188 45.5188 45.5188 45.5188 45.5188 45.5188 45.5188
0 0 0 0 0 0 0 0 0 0 0 0 0 0 0 0 0 0 0 0 0 0 0 0 0 0 0 0 0 0 0 0 0 0 0 0 0 0 0 0 0 0 0 0 0 0 0 0 0 0 0 0 0 0 0 0 0 0 0 0 0 0 40.98104 45.5188 45.5188 45.5188 45.5188 45.5188 45.5188 45.5188 45.5188 45.5188 45.5188 45.5188
0 0 0 0 0 0 0 0 0 0 0 0 0 0 0 0 0 0 0 0 0 0 0 0 0 0 0 0 0 0 0 0 0 0 0 0 0 0 0 0 0 0 0 0 0 0 0 0 0 0 0 0 0 0 0 0 0 0 0 0 0 0 45.5188 45.5188 45.5188 45.5188 45.5188 45.5188 45.5188 45.5188 45.5188 45.5188 45.5188 50.27595
0 0 0 0 0 0 0 0 0 0 0 0 0 0 0 0 0 0 0 0 0 0 0 0 0 0 0 0 0 0 0 0 0 0 0 0 0 0 0 0 0 0 0 0 0 0 0 0 0 0 0 0 0 0 0 0 0 0 0 0 0 36.04847 45.5188 45.5188 45.5188 45.5188 45.5188 45.5188 45.5188 45.5188 45.5188 45.51886 47.43036 54.3399
0 0 0 0 0 0 0 0 0 0 0 0 0 0 0 0 0 0 0 0 0 0 0 0 0 0 0 0 0 0 0 0 0 0 0 0 0 0 0 0 0 0 0 0 0 0 0 0 0 0 0 0 0 0 0 0 0 0 0 0 0 34.42249 45.5188 45.5188 45.5188 45.5188 45.5188 45.5188 45.5188 45.5188 45.5188 45.52996 45.96812 42.53123
0 0 0 0 0 0 0 0 0 0 0 0 0 0 0 0 0 0 0 0 0 0 0 0 0 0 0 0 0 0 0 0 0 0 0 0 0 0 0 0 0 0 0 0 0 0 0 0 0 0 0 0 0 0 0 0 0 0 0 0 0 0 45.5188 45.5188 45.5188 45.5188 45.5188 45.5188 45.5188 45.5188 45.5188 45.5188 45.5188 40.06041
0 0 0 0 0 0 0 0 0 0 0 0 0 0 0 0 0 0 0 0 0 0 0 0 0 0 0 0 0 0 0 0 0 0 0 0 0 0 0 0 0 0 0 0 0 0 0 0 0 0 0 0 0 0 0 0 0 0 0 0 0 38.40053 45.5188 45.5188 45.5188 45.5188 45.5188 45.5188 45.5188 45.5188 45.5188 45.5188 45.5188 37.59221
0 0 0 0 0 0 0 0 0 0 0 0 0 0 0 0 0 0 0 0 0 0 0 0 0 0 0 0 0 0 76.07509 70.51634 70.04821 69.91547 69.54255 69.06483 68.70435 98.87825 100.4369 111.9441 158.2539 158.6529 154.0025 149.6825 144.8083 141.8553 139.4932 141.9533 135.0353 87.4408 86.94951 86.31157 85.67363 86.31232 87.11362 87.7896 87.20815 85.74809 83.89158 83.5787 82.98766 77.17374 52.92532 51.50033 50.08739 48.67441 47.1316 45.53078 45.5188 45.5188 45.5188 45.5188 45.5188 35.12399
0 0 0 0 0 0 0 0 0 0 0 0 0 0 0 0 0 0 0 0 0 0 0 0 0 0 0 0 0 0 71.0097 70.96819 70.96819 70.96819 70.96818 71.15153 84.49551 108.3394 151.1467 186.4999 187.9233 187.9233 187.9233 187.9233 187.9233 187.9233 187.9233 187.9233 138.2048 111.3897 111.3897 111.3897 111.3897 111.3897 111.3897 139.2182 176.8179 152.4445 116.6021 112.6333 101.1759 77.41921 56.83628 56.83628 56.83628 56.83628 56.83628 55.34202 52.62587 52.48365 45.8528 49.13376 48.70353 34.5027
0 0 0 0 0 0 0 0 0 0 0 0 0 0 0 0 0 0 0 0 0 0 0 0 0 0 0 0 0 66.93327 70.96819 70.96819 70.96818 70.96818 70.96818 80.53986 108.3394 108.3394 111.1768 184.9235 187.9233 187.9233 187.9233 187.9233 187.9233 187.9233 187.9233 172.7971 111.8331 111.3897 111.3897 111.3897 111.3897 112.0074 141.3184 173.1722 181.9174 181.9174 179.3413 158.1393 60.56326 56.83628 56.83628 56.83628 56.83628 56.83628 60.81428 62.4626 68.76821 74.29737 71.90753 73.23685 76.2747 52.69448
0 0 0 0 0 0 0 0 0 0 0 0 0 0 0 0 0 0 0 0 0 0 0 0 0 0 0 0 0 70.96818 70.96818 70.96818 70.96818 70.96818 70.96818 83.64326 108.3394 108.3394 108.3394 147.5739 187.8629 187.9233 187.9233 187.9233 187.9233 187.9233 187.9214 131.7445 111.3897 111.3897 111.3897 111.3897 111.3897 111.8895 164.8324 181.9174 181.9174 181.9174 140.3655 59.88553 56.83628 56.83629 56.83628 56.83629 56.83628 56.83628 66.6636 74.29738 74.29738 74.29738 74.29738 74.69263 76.8801 77.34445
0 0 0 0 0 0 0 0 0 0 0 0 0 0 0 0 0 0 0 0 0 0 0 0 0 0 0 0 68.85945 70.96819 70.96818 70.96819 70.96818 70.96819 70.96818 80.6171 108.6421 108.3394 108.3394 108.3394 164.6042 187.9233 187.9233 187.9233 187.9233 187.9233 166.7783 111.3897 111.3897 111.3897 111.3897 111.3897 111.3897 112.8687 173.8708 181.9174 181.9174 175.9721 60.53209 56.83628 56.83629 56.83628 56.83629 56.83628 56.83629 56.83628 70.77457 74.29737 74.29738 74.29738 74.29738 74.29737 75.67156 77.21439
0 0 0 0 0 0 0 0 0 0 0 0 0 0 0 0 0 0 0 0 0 0 0 0 0 0 0 112.3876 131.5151 84.68666 70.96818 77.00919 126.3221 161.4678 166.3101 174.5105 143.1104 108.4898 108.3394 113.9249 167.5413 187.9233 187.9233 187.9233 187.9233 186.9126 123.056 111.3897 111.3897 111.3897 111.3897 111.3897 111.3897 112.998 158.7216 181.9174 173.2162 90.57897 56.83628 56.83629 56.83628 56.83629 56.83628 56.83629 56.83628 56.83629 57.70986 65.57565 72.0619 74.29738 74.29738 74.29738 74.29738 76.12929
0 0 0 0 0 0 0 0 0 0 0 0 0 0 0 0 0 0 0 0 0 0 0 0 0 0 0 48.3508 124.635 258.7789 221.2443 223.9464 200.6027 183.1613 180.0542 179.9017 175.1689 152.2288 122.8008 160.2639 186.5083 187.9233 187.9233 187.9233 184.2474 152.3297 97.21452 111.3806 111.3897 111.3897 111.3897 111.3897 111.3897 150.8332 181.9174 181.9174 181.8516 168.1468 111.6028 66.06544 56.83628 56.83628 56.83628 56.83628 56.83628 56.83628 56.83628 56.83628 62.87735 67.02082 72.97573 74.29738 74.29738 76.24371
0 0 0 0 0 0 0 0 0 0 0 0 0 0 0 0 0 0 0 0 0 0 0 0 0 0 59.69656 48.3008 48.3008 51.49147 230.9733 298.3514 249.9419 198.5819 193.0129 188.259 186.6358 171.4869 171.4869 171.4869 174.8583 177.1789 178.6232 186.2156 170.9273 139.3609 93.51096 93.04712 95.26379 97.66923 100.3122 123.4674 133.471 180.1561 181.9174 181.9174 181.9174 181.9174 178.9192 93.44244 62.86565 56.83628 56.83628 56.83628 56.83628 56.83628 56.83628 99.24877 102.0637 106.0682 62.8928 66.00909 66.29035 75.19299
0 0 0 0 0 0 0 0 0 0 0 0 0 0 0 0 0 0 0 0 0 0 0 0 0 0 145.9481 49.82124 51.28243 55.92505 167.7331 258.6722 296.9144 230.5534 198.6515 240.6859 285.1975 383.349 444.935 325.0848 197.0234 171.4869 171.4869 171.547 156.49 144.306 102.8525 92.34045 92.34045 92.34045 92.34045 136.3177 148.2335 173.1027 181.9174 181.9174 181.9174 181.9174 181.9174 181.9174 107.6495 95.91342 59.56156 89.66209 108.3846 71.35741 90.96867 202.9221 209.8046 209.8046 209.2963 184.855 166.7015 123.5315
0 0 0 0 0 0 0 0 0 0 0 0 0 0 0 0 0 0 0 0 0 0 0 0 0 165.878 174.5957 160.2381 158.0376 126.5471 199.4744 243.4447 239.2287 205.8179 188.8909 215.6645 464.1061 475.2234 506.7357 484.4747 286.5994 181.4797 178.3886 167.6051 144.9845 144.303 97.04813 92.34045 92.34045 92.34045 92.34045 135.7901 145.4065 167.4449 181.1739 181.9174 181.9174 181.9174 181.9174 181.9174 181.9174 181.7662 164.4314 185.0507 209.8046 206.1159 209.8046 209.8046 209.8046 209.8046 209.8046 209.8046 208.347 171.5536
0 0 0 0 0 0 0 0 0 0 0 0 0 0 0 0 0 0 0 0 0 0 0 0 255.1869 279.9601 183.918 175.3072 175.3072 195.8209 228.6759 251.9748 174.6417 169.0409 169.4234 173.0462 185.1256 191.4302 192.2253 189.0894 196.7719 213.2439 189.2312 146.5754 144.306 144.306 102.8723 92.34045 92.34045 92.34045 92.34045 131.7911 145.4065 114.5933 63.18684 95.95457 150.301 181.9174 181.9174 181.9174 181.9174 181.9174 183.6124 203.946 209.8046 209.8046 209.8046 209.8046 209.8046 209.8046 209.8046 209.6968 159.2896 133.5013
0 0 0 0 0 0 0 0 0 0 0 0 0 0 0 0 0 0 0 0 0 0 0 0 128.5358 237.1551 440.0459 309.9241 175.3072 190.5047 527.5599 333.8368 127.0092 157.8648 157.8648 157.8648 162.4665 212.8595 222.7591 226.258 230.1378 193.2342 144.4789 144.306 144.306 144.306 105.4461 92.34045 92.34045 92.34045 92.34045 125.5699 145.4065 88.81963 51.38149 51.38149 82.04773 181.9174 181.9174 181.9174 181.9174 181.9174 181.9518 197.5698 209.8046 209.8046 209.8046 209.8046 209.8046 209.8046 200.4247 154.0656 135.5395 134.4856
0 0 0 0 0 0 0 0 0 0 0 0 0 0 0 0 0 0 0 0 0 0 0 133.5845 124.2841 124.2841 181.6604 418.5527 178.1239 257.1633 519.386 419.4584 104.9333 157.8648 157.8648 157.8648 171.8447 230.0393 230.1653 230.1653 211.6673 150.993 144.306 144.306 144.306 144.306 144.1911 103.4772 92.34045 92.34045 92.34045 121.8376 133.0463 55.83968 51.38148 51.38148 57.29686 155.5338 181.9174 181.9174 181.9174 181.9174 181.9174 185.4159 209.3358 209.8046 209.8046 209.8046 209.8046 209.8046 167.7043 135.5395 135.5395 130.7238
0 0 0 0 0 0 0 0 0 0 0 0 0 0 0 0 0 0 0 0 0 0 0 124.2841 124.2841 124.2841 124.2841 306.1175 217.5795 307.1347 478.6894 338.5176 94.30714 197.5564 172.5946 157.8648 206.5499 230.1653 230.1653 230.1653 194.6337 144.306 144.306 144.306 144.306 144.306 144.306 116.984 92.34045 92.34045 92.34045 127.0878 135.1593 80.11936 51.38149 51.38149 51.38149 119.9427 181.9174 181.9174 181.9174 181.9174 181.9174 192.5357 209.5181 209.8046 209.8046 209.8046 209.8046 209.8046 162.7281 146.8201 131.4655 122.5764
0 0 0 0 0 0 0 0 0 0 0 0 0 0 0 0 0 0 0 0 0 0 127.0031 124.2841 124.2841 124.2841 124.2841 243.5111 249.2698 207.2074 257.4637 442.2271 286.2472 239.847 270.0562 271.4243 242.671 230.1653 230.1653 230.1653 197.4682 144.306 144.306 144.306 144.306 137.8133 117.9741 92.38469 92.34045 102.0203 125.2929 146.2487 145.4065 107.6305 51.38149 51.38148 81.67357 173.7401 181.1362 181.3364 181.5513 181.9174 181.9174 185.1933 209.4235 209.8046 209.8046 209.8046 209.8046 209.8046 209.5454 209.526 118.9155 104.2363
0 0 0 0 0 0 0 0 0 0 0 0 0 0 0 0 0 0 0 0 0 135.1403 51.93459 78.50956 123.8914 124.2841 124.2841 149.5405 207.2074 207.2074 319.2315 503.2862 324.4095 241.1808 283.4301 290.138 248.9193 230.1653 230.1653 230.2785 233.6006 150.1016 144.306 144.306 144.458 163.9669 179.7292 191.8402 189.8075 200.1796 196.5181 145.4081 144.8829 98.23722 52.84605 112.599 145.5566 180.8079 180.8079 180.8079 181.271 184.2356 190.194 239.4708 270.0302 268.2021 252.0395 219.4333 209.8046 209.8046 209.8046 208.5753 153.6355 104.3345
0 0 0 0 0 0 0 0 0 0 0 0 0 0 0 0 0 0 0 0 0 177.8396 45.83392 40.01727 87.66181 124.2841 124.2841 164.9577 207.2074 207.2075 206.6706 253.8934 227.1737 176.7701 225.4422 301.1061 299.2632 230.1653 230.1653 250.0475 263.1788 239.4695 181.2584 186.3159 179.6234 200.7811 200.7301 200.6997 200.7075 200.675 194.4738 145.4065 96.60825 62.88086 56.05961 177.3719 180.8079 180.8079 180.8079 180.8079 180.8125 422.8852 515.3609 280.6258 317.5081 317.5081 317.5081 303.0182 264.2431 229.3076 154.2043 114.8021 104.3345 104.3345
0 0 0 0 0 0 0 0 0 0 0 0 0 0 0 0 0 0 0 0 208.4408 232.9688 57.51969 40.01727 82.3549 124.556 191.6138 230.9848 207.2142 216.545 207.7184 182.8501 114.0741 112.6093 112.0956 461.6718 731.1901 546.8387 515.3098 476.3786 390.7254 282.3114 263.1788 259.678 209.9266 200.6617 200.6617 200.6617 200.2278 196.8673 184.3916 145.4065 119.5284 51.38149 51.38149 82.36517 129.7271 154.6035 161.7287 169.4387 180.8079 564.3557 524.2472 255.3816 221.4342 299.7764 317.0357 312.9433 294.8045 252.0083 192.9554 138.6786 113.8031 104.3345
0 0 0 0 0 0 0 0 0 0 0 0 0 0 0 0 0 0 0 0 232.9688 232.9688 63.92138 40.01727 121.2322 248.3235 287.9221 287.9221 279.4098 257.0133 210.4727 164.2559 112.9416 94.50193 65.51793 57.70279 90.65377 123.4625 301.3529 732.2537 732.2537 447.3846 263.1788 222.0877 163.3867 154.4946 157.0241 156.9808 175.2768 175.7034 162.3867 145.4065 145.2904 76.91515 51.38148 51.38149 51.38149 51.38149 51.38148 52.43022 123.6968 526.9562 500.8178 353.6607 350.1219 306.7866 305.4757 303.6191 255.4839 246.4583 246.4583 246.4583 198.7727 101.775
0 0 0 0 0 0 0 0 0 0 0 0 0 0 0 0 0 0 0 226.2572 232.9688 232.9688 157.4838 115.7414 254.4737 287.6956 287.9221 287.9221 286.7285 224.2617 210.4727 210.4727 155.7756 65.74206 57.70279 57.70279 57.70279 57.70279 64.34121 682.8874 471.2969 253.1788 171.5256 156.82 149.2825 149.2825 149.2825 149.2825 149.2897 169.2551 167.6961 145.4173 145.4065 142.2802 92.16231 51.47615 51.38149 51.38148 51.38148 53.66222 108.8811 215.5829 354.1625 344.0606 329.3901 206.0188 241.2162 250.1894 232.6694 231.4498 232.1771 225.3406 206.0702 128.9688
0 0 0 0 0 0 0 0 0 0 0 0 0 0 0 0 0 0 0 0 232.9688 232.9688 232.9688 235.508 276.0305 277.974 279.4689 278.4053 225.3995 210.4727 206.5791 178.6873 168.8533 111.4366 95.19437 60.62695 57.70279 57.70279 62.03397 571.4723 287.6632 133.2712 136.9156 136.0128 143.0109 152.2141 149.2825 159.182 172.4614 174.9428 167.9459 151.0182 149.5003 147.929 145.8299 88.91637 53.06164 52.91217 52.58916 96.5914 121.5191 109.1257 105.2228 151.4204 175.2426 149.3432 178.1598 164.4411 186.2451 187.1786 187.1786 187.1786 187.1786 147.2296
0 0 0 0 0 0 0 0 0 0 0 0 0 0 0 0 0 0 0 0 203.7349 232.9688 230.9596 227.5423 250.8491 287.3267 303.9811 256.8764 253.6918 410.0753 183.8001 144.8789 144.8789 145.7624 181.1193 130.6142 57.70279 57.70279 142.3899 467.2261 449.7899 111.9241 110.2735 110.2735 111.0803 169.8151 181.842 212.087 211.118 177.0926 158.0634 151.6817 151.819 152.0507 151.7841 149.0767 150.2166 144.3019 142.1597 130.5181 129.1271 116.3594 105.2228 97.56536 86.77872 86.49597 87.26006 86.49597 143.3233 147.7785 187.1786 187.1786 178.5782 107.0264
