Scenarios/Heterogeneous/data/country_data_population_distribution/processed/density_grids/gtm.asc
ncols 114
nrows 116
xllcorner -92
yllcorner 13
cellsize 0.041666666666667
NODATA_value -9999
[rows 64 to 95 of 116, columns 0 to 73 of 114]
0 0 0 0 0 0 0 0 0 0 0 0 0 0 0 0 0 0 0 0 0 195.5489 198.2794 203.625 326.5618 342.0457 346.4098 272.843 256.3266 454.7635 402.0505 280.4802 255.9969 204.7064 184.208 249.4822 210.1637 182.2367 271.3544 467.2261 544.4122 518.5985 184.0549 110.2735 110.2735 110.2735 138.3347 173.7642 171.7072 214.6287 233.3851 252.6777 252.7137 152.373 152.0507 152.0507 152.0507 152.0507 136.7258 131.0631 119.3473 105.2228 105.2228 91.09666 86.49597 86.49597 86.49596 86.51527 86.49597 95.58595 158.8572 156.9823 108.3648 93.35099
0 0 0 0 0 0 0 0 0 0 0 0 0 0 0 0 0 0 0 0 0 0 193.1376 234.039 277.5591 295.3947 283.4503 313.7065 256.4601 446.2456 569.8853 391.6667 348.381 256.3048 215.3144 465.3796 536.7806 537.0931 473.1011 467.2261 403.0962 249.9722 331.8384 129.7339 343.2315 700.2836 347.4521 151.1974 214.1987 303.7672 303.7922 303.7922 303.3777 195.6232 152.0507 152.0507 152.0507 152.0507 139.1249 131.0631 130.8261 112.8 105.2229 96.9177 86.49596 89.44232 95.40417 100.0163 97.21799 97.16323 96.07883 89.01823 86.49597 87.15234
0 0 0 0 0 0 0 0 0 0 0 0 0 0 0 0 0 0 0 0 0 0 339.936 276.3557 276.5455 276.5455 296.391 419.9766 477.5864 550.3837 552.2957 283.0934 410.1265 395.4544 235.1778 467.2261 482.9743 479.7958 467.226 384.4571 272.5178 227.8964 158.8049 158.8049 946.2433 1260.18 614.0442 208.5891 235.1834 303.7922 303.7922 303.7922 281.4771 243.3674 171.9615 152.0507 152.0507 152.0507 149.8676 131.0705 131.0631 125.5932 105.2228 96.09765 86.49597 99.52864 102.5352 102.5352 102.5352 101.0356 104.1344 127.7822 136.6843 145.7965
0 0 0 0 0 0 0 0 0 0 0 0 0 0 0 0 0 0 0 0 0 0 301.7649 329.9913 306.9678 280.3329 445.5836 519.0829 573.5274 415.3771 338.653 226.5364 415.8331 261.8232 203.1242 604.7603 624.1093 467.2261 421.4295 260.4751 260.473 221.0705 158.8049 158.8049 782.5425 1015.45 310.6709 295.1505 301.7327 265.4259 272.7925 275.6914 254.1534 250.6436 248.5357 198.4975 152.9912 152.0507 132.6138 123.0942 117.0895 129.274 107.0064 91.74915 86.49596 95.57481 101.8304 98.11668 78.3753 50.1768 122.849 147.2195 147.2195 147.2195
0 0 0 0 0 0 0 0 0 0 0 0 0 0 0 0 0 0 0 0 892.3343 593.082 525.5279 482.1302 374.3827 471.1041 484.8989 515.9779 736.3005 985.4361 798.4295 465.2011 202.4193 186.5787 184.2116 923.343 1010.953 626.5842 307.1969 264.5139 260.473 249.0988 158.7579 126.1488 687.4717 753.5396 489.3795 548.3627 271.744 250.6437 250.6436 250.6436 250.6437 250.6436 250.6437 241.6987 153.2306 102.4016 77.33131 87.55995 88.26584 89.57685 89.31259 86.49596 86.49597 86.27212 72.35761 48.02191 45.71759 45.71759 127.516 147.2195 147.2195 130.6393
0 0 0 0 0 0 0 0 0 0 0 0 0 0 0 0 0 0 0 0 643.3705 593.082 592.9592 502.7023 475.511 433.0884 417.4746 354.0994 416.2886 887.233 631.0568 427.3891 375.0044 361.8167 315.0075 1044.332 1216.693 1022.222 720.2815 599.7441 486.6162 465.3566 441.4509 522.1367 794.1388 739.9496 756.1774 638.8428 321.2444 271.6903 244.2274 238.3127 243.6375 243.6782 217.5889 152.5571 123.9233 76.40591 76.28146 80.1092 88.26413 87.27972 86.49596 86.49597 82.20506 56.69539 45.7176 45.7176 45.7176 48.07067 143.718 147.2195 147.2195 129.1104
0 0 0 0 0 0 0 0 0 0 0 0 0 0 0 0 0 0 0 0 0 593.082 573.1069 484.6934 363.9297 327.502 346.3805 297.7977 366.7057 754.1254 754.3116 464.1332 538.1337 968.6561 1391.35 1379.451 1696.03 978.7778 673.9664 662.3098 662.3098 662.3098 662.7609 825.5591 787.178 756.1773 756.1774 573.301 409.6555 332.6056 250.9812 216.7421 216.7421 216.7421 216.1222 200.0437 175.1263 147.1863 100.3359 121.8909 104.9411 116.9714 107.2886 89.94147 84.542 65.68686 51.75377 51.28453 71.10448 108.4577 129.3114 139.1161 123.9492 100.9557
0 0 0 0 0 0 0 0 0 0 0 0 0 0 0 0 0 0 0 0 549.44 580.0235 536.8638 430.2003 304.4165 282.19 283.0307 314.2589 245.659 564.4348 537.52 466.0308 612.7794 1080.28 1890.838 1324.061 1256.614 942.8041 660.7856 514.3685 449.2707 581.5442 905.4208 1132.676 1062.694 807.6552 755.1306 446.8428 410.412 358.9895 281.3886 234.8324 216.7421 216.7421 216.7421 306.209 775.921 972.4882 499.3353 215.6175 139.7392 139.3396 131.0296 138.9943 158.2938 158.4171 158.4171 156.0267 132.222 128.4787 128.4787 127.0262 108.8663 104.9937
0 0 0 0 0 0 0 0 0 0 0 0 0 0 0 0 0 0 0 0 583.4634 539.4486 508.4571 298.4109 282.19 298.5503 342.4209 324.6977 268.7904 389.3986 245.2378 210.5789 272.008 497.1635 1320.867 1331.667 1430.9 1028.969 552.6011 325.3281 373.6129 474.0428 800.8775 1132.676 1049.489 784.2743 617.5204 453.161 426.3265 407.2534 315.5646 276.5291 216.7421 216.7421 216.7421 674.285 975.422 944.6031 517.3216 253.8256 586.7715 740.2276 519.9241 89.50332 154.4134 159.4476 158.4297 158.4171 157.136 132.8324 122.3428 114.3583 127.2203 152.4736
0 0 0 0 0 0 0 0 0 0 0 0 0 0 0 0 0 0 0 0 401.1004 413.9383 292.6805 251.1064 278.3419 344.457 327.3381 238.4987 335.436 246.3306 213.3231 210.5789 210.3493 259.1879 1286.851 998.0267 302.9724 626.0182 325.4935 290.8011 373.3641 535.8094 539.5358 1117.264 1067.58 445.4417 379.6386 409.6555 417.7272 463.9313 570.4924 305.5782 216.7421 216.7421 503.6151 957.9902 975.422 616.2432 310.212 1128.401 1332.951 797.3461 476.5963 119.1245 160.0767 161.6233 159.6836 158.4171 112.0992 93.26231 95.31233 139.8011 229.063 226.2879
0 0 0 0 0 0 0 0 0 0 0 0 0 0 0 0 0 0 0 0 342.0137 340.2268 269.9726 275.0234 335.4755 365.7151 318.8591 363.3523 296.1392 216.004 213.975 218.5809 205.1499 203.7758 570.0677 338.2326 255.3908 371.236 291.0603 288.4621 498.9408 1086.27 945.4239 1060.144 1840.215 358.9732 392.8545 383.6588 400.5352 485.968 573.1326 514.427 1220.649 1723.539 970.621 975.422 975.4219 793.8314 592.4291 2095.411 2601.951 1205.91 695.4855 274.4487 233.6243 166.3777 161.417 155.9883 106.7091 117.5117 187.8972 279.1391 279.1391 253.4056
0 0 0 0 0 0 0 0 0 0 0 0 0 0 0 0 0 0 0 0 966.8308 279.258 344.2854 391.5768 391.5768 391.5768 391.5768 412.3853 350.063 220.4256 222.7297 358.0726 203.7759 203.7759 227.4565 303.7399 339.7388 378.4529 290.802 268.4635 409.1875 329.3898 300.08 451.7527 1012.877 543.1351 335.4216 323.0265 462.7494 498.9668 564.5114 1386.128 2650.265 840.8329 762.1102 518.3914 1110.953 2008.63 3675.871 4623.248 4628.452 4637.661 1509.242 290.2977 290.2977 285.5299 252.7595 211.5034 278.9633 279.1391 279.1392 279.1391 279.1392 209.7038
0 0 0 0 0 0 0 0 0 0 0 0 0 0 0 0 0 0 0 0 399.182 347.6047 391.5768 391.5768 391.5768 391.5767 423.5897 506.4942 330.7312 261.2345 455.5868 374.5349 275.3379 417.3494 594.8113 344.6232 325.3073 391.0114 447.2159 283.8986 345.817 303.1133 410.4854 454.2937 507.9984 459.4586 323.0265 323.0265 391.0547 648.8524 626.2377 1453.269 1840.705 778.2507 838.1353 779.73 1604.445 5512.053 7906.001 8673.687 5185.817 1981.798 437.1333 290.2977 290.2977 290.2977 274.6328 252.0118 279.1391 279.1391 279.1391 279.1392 279.1391 205.9011
0 0 0 0 0 0 0 0 0 0 0 0 0 0 0 0 0 0 0 0 395.6287 390.1019 390.9777 391.5768 391.5768 392.4196 482.643 393.4539 286.2726 307.4679 487.2388 415.5729 764.4312 764.7914 587.5151 1001.047 540.2268 736.5353 583.8656 233.9691 244.3059 392.6441 451.7528 471.4127 518.8602 377 322.821 248.3347 306.8448 596.4232 666.7786 669.803 804.5647 458.1111 1251.387 1047.625 1376.538 5028.534 4557.528 4238.221 2025.323 1096.05 511.8908 451.1468 428.0533 380.3428 234.0661 233.8617 254.96 279.1392 279.1392 279.1391 279.1391 227.262
0 0 0 0 0 0 0 0 0 0 0 0 0 0 0 0 0 0 0 299.9542 387.9694 387.9694 296.0853 336.1414 391.5736 364.1501 381.4232 296.4735 278.5936 499.1222 489.8725 249.4872 1178.457 119.9538 269.8913 1511.394 1279.125 978.475 556.9261 233.9691 233.9691 377.2971 386.1425 332.2008 455.528 189.2576 103.693 120.8661 200.1861 253.3642 306.628 602.4122 585.6754 961.4032 848.4588 905.6238 3112.772 8292.239 8026.995 2982.488 1991.19 2017.229 731.099 489.6141 489.6141 429.4885 231.3727 231.3727 240.7843 278.5282 279.1391 279.1391 279.1391 243.7062
0 0 0 0 0 0 0 0 0 0 0 0 0 0 0 0 0 0 0 387.9693 367.0002 240.7173 129.504 129.3458 159.1208 205.4264 246.7459 275.1046 337.1023 520.6436 324.5002 129.2128 332.1281 122.9853 553.8018 1504.882 1063.814 1036.593 873.2237 334.5321 235.9654 228.7059 169.4043 183.3758 222.5308 150.1406 90.13505 183.7211 196.2309 196.4155 197.133 292.1722 391.6085 1126.738 694.9578 544.4018 2666.647 7384.451 9485.628 3197.347 706.2404 667.2576 503.6946 486.6116 444.9055 269.9209 231.3727 231.3727 231.351 300.8552 307.4297 289.5111 272.9248 198.4241
0 0 0 0 0 0 0 0 0 0 0 0 0 0 0 0 0 0 0 387.9694 184.1406 129.2128 129.2128 129.2128 129.2128 129.2128 129.2128 130.7926 145.4276 138.1827 129.2128 128.7592 123.8681 103.1159 907.1081 538.4587 107.503 203.4492 889.2648 276.4392 185.8915 167.6334 167.7301 189.0397 206.8669 101.6279 108.7776 187.503 189.5072 189.5072 204.4247 384.7016 424.3074 731.7467 502.727 292.8671 1220.407 3391.495 3955.039 1573.276 533.2421 509.1072 281.8977 177.6556 235.2803 150.7822 197.5109 186.2887 175.221 284.254 345.6919 298.8904 233.1183 175.8172
0 0 0 0 0 0 0 0 0 0 0 0 0 0 0 0 0 0 0 0 0 129.2128 129.2128 129.2128 129.2128 129.2578 129.8431 130.5383 129.2704 129.2128 129.2128 128.4527 111.3942 106.3182 799.5809 115.9434 107.2841 112.9876 315.515 199.3194 154.7475 165.8717 180.5239 294.6574 215.8065 193.5472 206.1825 217.6138 206.8258 205.7431 292.2747 339.0192 388.0875 486.9181 483.2969 526.6094 590.7246 1110.212 1415.026 551.0295 535.1155 487.6958 188.0734 146.4814 161.5414 189.9461 149.7 169.6668 172.2119 167.9984 232.0973 280.5021 275.4043 282.8318
0 0 0 0 0 0 0 0 0 0 0 0 0 0 0 0 0 0 0 0 0 0 130.0866 131.6409 132.0176 132.3169 132.4709 132.4709 131.5362 129.233 129.2128 122.4959 101.1261 136.1536 248.5034 86.29243 107.2841 119.5061 198.8229 156.4696 153.7602 156.8302 284.5594 237.7908 213.2328 301.1463 333.5335 335.2508 285.6228 309.4854 327.1952 327.1951 347.5168 355.3343 580.6019 604.5898 249.9548 287.5698 963.8478 553.1596 544.8904 392.5821 235.3642 210.0089 145.8663 257.7497 239.1792 150.3768 151.7978 149.3482 194.7314 283.1866 283.1866 283.1866
0 0 0 0 0 0 0 0 0 0 0 0 0 0 0 0 0 0 0 0 0 0 0 132.4709 132.4709 132.4709 132.4709 132.4709 131.8523 129.2197 128.276 115.8306 100.3443 163.9649 271.349 90.75891 108.6682 131.7113 211.5363 132.2939 154.7389 162.7076 245.4214 208.2359 223.5791 343.9434 343.9434 343.9291 306.1748 293.6965 312.2247 326.9711 327.1951 333.1568 580.3613 339.7024 140.9752 353.3922 545.4778 545.4778 545.4778 455.1555 298.0383 263.637 279.3115 284.3922 272.2574 155.5791 144.7144 164.9981 200.6596 276.438 283.1866 283.1866
0 0 0 0 0 0 0 0 0 0 0 0 0 0 0 0 0 0 0 0 0 0 0 0 132.4709 132.4709 132.4709 132.4709 132.4709 130.0367 122.7532 102.4269 100.3443 198.4269 283.1724 99.78394 114.5829 162.9548 165.1307 131.3409 139.6265 152.9539 195.4644 207.3268 253.6003 343.9434 343.9434 329.7151 284.6807 287.479 317.7055 327.1952 327.1952 327.1952 353.719 199.9169 132.8126 197.8356 528.0084 523.0726 323.2188 239.4825 308.9007 305.425 281.1668 282.5105 280.2373 146.2942 109.4119 144.5442 184.0668 250.7213 282.4858 283.1866
0 0 0 0 0 0 0 0 0 0 0 0 0 0 0 0 0 0 0 0 0 0 0 0 0 0 132.4709 132.4709 131.2312 128.3727 104.2414 100.3443 102.6348 273.3481 239.1147 84.76524 113.8957 135.078 136.9286 129.302 129.073 119.5483 117.571 181.0442 334.359 343.9434 343.9434 343.8135 222.7079 204.5217 264.0598 327.1952 327.1952 327.1951 327.0746 180.8283 73.71225 52.932 260.0939 190.7562 125.4492 225.746 308.9007 306.2109 279.1134 278.8614 257.7299 115.7453 108.6877 109.4119 163.388 184.5702 255.0148 283.1866
0 0 0 0 0 0 0 0 0 0 0 0 0 0 0 0 0 0 0 0 0 0 0 0 0 0 0 132.4709 129.637 123.838 100.3443 100.3443 101.9146 249.3432 87.42839 75.73531 107.2841 125.598 129.302 129.302 124.396 117.571 117.571 209.0428 343.9434 343.9434 343.9434 343.9434 215.4559 128.4696 140.7957 243.4616 217.5346 320.8034 327.1951 179.4299 52.932 67.23919 124.6365 123.3764 125.4492 240.4776 302.9989 283.4655 276.8022 195.5745 224.1524 77.89257 79.40127 99.52412 129.7353 212.062 283.1866 283.1866
0 0 0 0 0 0 0 0 0 0 0 0 0 0 0 0 0 0 0 0 0 0 0 0 0 0 0 0 129.2128 107.0009 100.3443 100.3443 163.6272 114.7839 80.39139 103.4253 108.1652 127.6931 129.302 129.1968 120.3727 117.571 117.571 149.6933 243.4435 329.945 331.6182 214.4187 160.2903 128.4696 125.2084 120.4984 120.4984 212.6086 214.2127 277.3982 52.932 60.55279 68.05855 85.93961 122.5063 149.9841 128.2882 154.1541 180.7655 153.0525 162.414 76.51124 74.63438 74.64864 142.0102 215.1324 265.0407 233.1117
0 0 0 0 0 0 0 0 0 0 0 0 0 0 0 0 0 0 0 0 0 0 0 0 0 0 0 0 0 0 100.3443 100.2461 104.7514 67.37683 104.1842 107.2841 121.955 129.302 129.2937 123.7363 117.571 117.571 116.8426 99.25858 88.21057 99.01485 88.76203 93.00995 119.4461 128.4696 123.4955 120.4984 120.4984 120.3361 75.64234 78.02721 52.932 52.24441 47.97814 46.47255 47.71844 77.38949 112.6946 98.90576 119.1139 153.0525 153.0525 96.61859 74.63438 74.63438 141.0804 175.4041 182.705 199.8094
0 0 0 0 0 0 0 0 0 0 0 0 0 0 0 0 0 0 0 0 0 0 0 0 0 0 0 0 0 0 0 0 66.92815 67.07889 103.341 113.8602 129.2486 129.3007 121.821 117.571 117.571 117.571 102.1507 88.21057 88.21057 88.21057 88.21057 96.36093 128.2942 128.4696 122.5579 120.4984 120.4984 120.4984 94.53233 52.932 52.932 52.67226 49.31676 46.47255 46.47255 99.71692 139.7296 98.90575 106.6694 142.8355 148.1808 78.08331 74.63438 74.63438 121.0636 172.6945 176.6217 200.7522
0 0 0 0 0 0 0 0 0 0 0 0 0 0 0 0 0 0 0 0 0 0 0 0 0 0 0 0 0 0 0 0 0 66.92815 102.1283 126.5393 129.302 127.6209 117.571 117.571 117.571 109.9393 88.6129 88.21057 88.21057 88.21057 88.21057 90.37737 156.7087 144.5965 125.7594 120.4984 120.4984 120.4984 119.4823 70.69747 52.932 48.96809 46.47255 46.47255 46.47255 102.7352 144.8966 98.90575 101.7837 138.6964 113.4617 74.63438 74.63438 89.1018 128.2024 155.651 162.3023 186.0986
0 0 0 0 0 0 0 0 0 0 0 0 0 0 0 0 0 0 0 0 0 0 0 0 0 0 0 0 0 0 0 0 0 0 0 129.302 129.302 125.1315 117.571 117.571 117.4583 95.04177 88.21057 88.21057 88.21057 88.21057 88.21058 91.49884 163.5408 164.2271 143.5483 123.4428 123.12 120.6614 114.8884 91.56869 67.75806 48.75941 46.47255 46.47255 46.47255 129.507 118.2542 98.90575 101.272 127.0627 136.9578 78.5232 74.63438 102.2041 123.3099 155.651 156.914 186.965
0 0 0 0 0 0 0 0 0 0 0 0 0 0 0 0 0 0 0 0 0 0 0 0 0 0 0 0 0 0 0 0 0 0 0 0 0 117.571 117.571 117.571 107.2586 88.21056 88.21056 88.21056 88.21056 88.21056 88.21056 91.12347 164.0457 164.2271 164.2271 164.2271 163.8148 149.7929 145.5396 98.39631 98.39631 47.82528 46.47254 46.47254 58.8882 166.565 110.6958 98.90575 98.51992 69.04625 71.57684 70.50747 88.17762 106.79 113.6528 154.6072 181.0148 0
0 0 0 0 0 0 0 0 0 0 0 0 0 0 0 0 0 0 0 0 0 0 0 0 0 0 0 0 0 0 0 0 0 0 0 0 0 0 0 0 94.3212 88.21057 88.21057 88.21057 88.21057 88.21056 88.21057 99.51835 164.2271 164.2271 164.2271 164.2271 164.2271 160.5782 145.735 98.39632 98.39632 48.13632 46.47255 46.47254 46.47255 81.85488 101.0748 98.90575 98.90575 86.59212 67.73621 77.09654 106.7913 107.4153 107.4153 184.0862 0 0
0 0 0 0 0 0 0 0 0 0 0 0 0 0 0 0 0 0 0 0 0 0 0 0 0 0 0 0 0 0 0 0 0 0 0 0 0 0 0 0 0 0 0 0 0 88.21056 88.21056 103.5621 164.2271 164.2271 164.2271 164.2271 0 164.2271 0 0 0 46.47254 46.47254 46.47255 60.62154 89.27805 98.90575 98.90575 98.90574 98.16387 74.12556 104.4967 107.4153 107.4153 125.0722 0 0 0
0 0 0 0 0 0 0 0 0 0 0 0 0 0 0 0 0 0 0 0 0 0 0 0 0 0 0 0 0 0 0 0 0 0 0 0 0 0 0 0 0 0 0 0 0 0 0 0 0 0 0 0 0 0 0 0 0 0 0 0 0 98.90575 98.90575 98.90575 98.90575 96.82111 81.16615 107.4153 107.4153 126.4405 0 0 0 0
