Scenarios/Heterogeneous/data/country_data_population_distribution/processed/density_grids/guf.asc
ncols 81
nrows 91
xllcorner -54
yllcorner 2
cellsize 0.041666666666667
NODATA_value -9999
[rows 0 to 31 of 91, columns 0 to 72 of 81]
0 0 0 0 0 0 0 0 0 0 0 0 0 0 0 0 0 0 0 0 0 0 0 0 0 0 12.25225 0 0 0 0 0 0 0 0 0 0 0 0 0 0 0 0 0 0 0 0 0 0 0 0 0 0 0 0 0 0 0 0 0 0 0 0 0 0 0 0 0 0 0 0 0 0
0 0 0 0 0 0 0 0 0 0 0 0 0 0 0 0 0 0 0 0 0 0 0 0 0 12.25225 12.25225 10.89235 2.2267 2.226563 0 0 0 0 0 0 0 0 0 0 0 0 0 0 0 0 0 0 0 0 0 0 0 0 0 0 0 0 0 0 0 0 0 0 0 0 0 0 0 0 0 0 0
0 0 0 0 0 0 0 0 0 0 0 0 0 0 0 0 0 0 0 0 0 0 0 0 12.25225 12.25225 12.25225 8.431309 2.226563 2.226563 2.226563 2.226563 0 0 0 0 0 0 0 0 0 0 0 0 0 0 0 0 0 0 0 0 0 0 0 0 0 0 0 0 0 0 0 0 0 0 0 0 0 0 0 0 0
0 0 0 0 0 0 0 0 0 0 0 0 0 0 0 0 0 0 0 0 0 0 0 0 7.038577 10.41523 11.70831 2.562109 2.226563 2.226563 2.226563 2.226563 2.226563 2.226563 0 0 0 0 0 0 0 0 0 0 0 0 0 0 0 0 0 0 0 0 0 0 0 0 0 0 0 0 0 0 0 0 0 0 0 0 0 0 0
0 0 0 0 0 0 0 0 0 0 0 0 0 0 0 0 0 0 0 0 0 0 0 0 15.85402 5.018427 4.774388 2.226563 2.226563 2.226563 2.226563 2.226563 2.226563 2.226563 2.226563 2.226563 0 0 0 0 0 0 0 0 0 0 0 0 0 0 0 0 0 0 0 0 0 0 0 0 0 0 0 0 0 0 0 0 0 0 0 0 0
0 0 0 0 0 0 0 0 0 0 0 0 0 0 0 0 0 0 0 0 0 0 0 0 19.23733 19.08796 12.68802 2.226563 2.226563 2.226563 2.226563 2.226563 2.226563 2.226563 2.226563 2.226563 2.11438 1.139429 1.136626 1.136626 1.136626 1.136626 1.136626 0 0 0 0 0 0 0 0 0 0 0 0 0 0 0 0 0 0 0 0 0 0 0 0 0 0 0 0 0 0
0 0 0 0 0 0 0 0 0 0 0 0 0 0 0 0 0 0 0 0 0 0 0 17.72016 19.23733 18.71168 7.466936 2.226563 2.226563 2.226563 2.226563 2.226563 2.226563 2.226563 2.226563 2.226563 2.226563 1.62242 1.136626 1.136626 1.136626 1.136626 1.136626 1.136626 2.777274 0 0 0 0 0 0 0 0 0 0 0 0 0 0 0 0 0 0 0 0 0 0 0 0 0 0 0 0
0 0 0 0 0 0 0 0 0 0 0 0 0 0 0 0 0 0 0 0 0 0 16.47628 19.23733 19.23733 14.36432 2.24193 2.226563 2.226563 2.226563 2.226563 2.226563 2.226563 2.226563 2.226563 2.225568 2.164253 1.873408 1.136626 1.136626 1.136626 1.136626 1.136626 1.136626 2.09994 2.938596 2.938595 2.938595 0 0 0 0 0 0 0 0 0 0 0 0 0 0 0 0 0 0 0 0 0 0 0 0 0
0 0 0 0 0 0 0 0 0 0 0 0 0 0 0 0 0 0 0 0 0 0 19.23733 19.23733 19.23733 19.23733 8.010386 2.226563 2.226563 2.226563 2.226563 2.226563 2.226563 2.226563 2.226563 1.974472 1.136904 1.192158 1.136626 1.136626 1.136626 1.136626 1.136626 1.136626 1.14509 1.817335 2.61118 2.938596 2.938596 2.938596 0 0 0 0 0 0 0 0 0 0 0 0 0 0 0 0 0 0 0 0 0 0 0
0 0 0 0 0 0 0 0 0 0 0 0 0 0 0 0 0 0 0 0 0 19.23733 19.23733 19.23733 19.23733 19.23733 19.15233 9.843911 2.226563 2.226563 2.226563 2.226563 2.226563 2.226563 2.226563 1.545639 1.136626 1.136626 1.136626 1.136626 1.136626 1.136626 1.136626 1.136626 1.136626 1.136626 2.2407 2.938596 2.938596 2.938596 2.938596 2.938596 0 0 0 0 0 0 0 0 0 0 0 0 0 0 0 0 0 0 0 0 0
0 0 0 0 0 0 0 0 0 0 0 0 0 0 0 0 0 0 0 0 16.22401 19.23733 19.23733 19.23733 19.23733 19.23733 19.23733 7.959678 2.226563 2.226563 2.226563 2.226563 2.226563 2.226563 2.226563 1.457515 1.136626 1.136626 1.136626 1.136626 1.136626 1.136626 1.136626 1.136626 1.136626 1.136626 2.574591 2.938596 2.938596 2.938596 2.938596 2.938596 2.938596 0 0 0 0 0 0 0 0 0 0 0 0 0 0 0 0 0 0 0 0
0 0 0 0 0 0 0 0 0 0 0 0 0 0 0 0 0 0 0 15.59613 19.23733 19.23733 19.23733 19.23733 19.23733 19.11287 14.22591 2.947252 2.226563 2.226563 2.226563 2.226563 2.226563 2.226563 2.226563 1.491946 1.136626 1.136626 1.136626 1.136626 1.136626 1.136626 1.136626 1.136626 1.136626 1.267586 2.919949 2.938596 2.938596 2.938596 2.938596 2.938596 6.310987 15.31171 0 0 0 15.31171 15.31171 0 0 0 0 0 0 0 0 0 0 0 0 0 0
0 0 0 0 0 0 0 0 0 0 0 0 0 0 0 0 0 0 19.02999 19.23733 19.23733 19.23733 19.23733 19.23733 12.06936 5.056231 2.226563 2.226563 2.226563 2.226563 2.226563 2.226563 2.226563 2.226563 2.226563 1.514113 1.136626 1.136626 1.136626 1.136626 1.136626 1.136626 1.136626 1.136626 1.229803 1.590461 2.938596 2.938596 2.938596 2.938596 2.938596 3.547573 13.28505 15.31171 15.31171 0 0 15.31171 15.31171 0 0 0 0 0 0 0 0 0 0 0 0 0 0
0 0 0 0 0 0 0 0 0 0 0 0 0 0 0 0 0 6.147738 14.73617 19.23733 19.23733 19.23733 19.23733 14.45489 2.832487 2.226563 2.226563 2.226563 2.226563 2.226563 2.226563 2.226563 2.226563 2.226563 2.226563 1.736818 1.136626 1.136626 1.136626 1.136626 1.136626 1.136626 1.136626 1.136626 1.811588 1.886268 2.746617 2.938596 2.938596 2.938596 2.938596 11.25524 15.31171 15.31171 15.31171 15.31171 0 0 0 0 0 0 0 0 0 0 0 0 0 0 0 0 0
0 0 0 0 0 0 0 0 0 0 0 0 0 0 0 0 5.471662 5.955997 6.44753 17.4496 19.23733 19.23733 17.72642 4.920061 2.226563 2.226563 2.226563 2.226563 2.226563 2.226563 2.226563 2.226563 2.226563 2.226563 2.226563 1.414069 1.136626 1.136626 1.136626 1.136626 1.136626 1.136626 1.136626 1.136626 1.701652 2.675179 2.537244 2.938596 2.938596 2.938596 5.810036 15.31117 15.31171 15.31171 15.31171 15.31171 15.31171 0 0 0 0 0 0 0 0 0 0 0 0 0 0 0 0
0 0 0 0 0 0 0 0 0 0 0 0 0 0 0 3.239214 5.955997 5.955997 5.955997 7.664025 19.23733 19.23733 15.83885 2.772749 5.202919 2.226563 3.755204 6.049184 2.226563 2.226563 2.226563 2.226563 2.226563 2.226563 2.226563 1.715433 1.145203 1.136626 1.136626 1.136626 1.136626 1.136626 1.136626 1.136626 1.640487 2.938596 2.938596 2.938596 2.99808 5.928007 12.77981 15.31171 15.31171 15.31171 15.31171 15.31171 15.31171 15.31171 0 0 0 0 0 0 0 0 0 0 0 0 0 0 0
0 0 0 0 0 0 0 0 0 0 0 0 0 0 0 5.861954 5.955997 5.955997 6.013891 14.05346 19.23733 19.23733 15.93657 10.27416 19.23707 13.31396 15.78855 17.56722 4.617525 2.226563 2.226563 2.226563 2.226563 2.226563 2.226563 1.897784 1.142677 1.136626 1.136626 1.136626 1.136626 1.136626 1.136626 1.52013 2.777846 2.938596 2.938596 2.938596 5.554198 15.31171 15.31171 15.31171 15.31171 15.31171 15.31171 15.31171 15.31171 15.31171 33.00948 0 0 0 0 0 0 0 0 0 0 0 0 0 0
0 0 0 0 0 0 0 0 0 0 0 0 0 0 5.615967 5.955997 5.955997 5.955997 7.308438 19.23362 19.23733 19.23733 18.55731 16.55055 19.23733 19.23733 19.23733 19.23733 11.39993 2.437355 2.226563 2.226563 2.226563 2.226563 2.226563 1.750634 1.248968 1.136626 1.136626 1.136626 1.136626 1.175661 2.447713 2.504389 2.440015 2.938596 2.938596 2.938596 8.434935 15.22812 15.31171 15.31171 15.31171 15.31171 15.31171 15.31171 15.31171 31.02371 52.33899 52.35964 52.35964 0 0 0 0 0 0 0 0 0 0 0 0
0 0 0 0 0 0 0 0 0 0 0 0 0 0 5.955997 5.955997 5.955997 5.955998 10.26084 19.15484 19.23733 19.23733 19.23733 19.23733 19.23733 19.23733 19.23733 19.23733 19.17612 5.458916 2.226563 2.226563 2.226563 2.226563 2.226563 2.226563 1.785331 1.231802 1.136626 1.136626 1.136626 0.8920299 1.328966 2.093525 0.4819467 1.871076 2.620154 1.903401 2.01053 8.443907 15.31171 15.31171 15.31171 15.31171 15.31171 15.31171 19.07336 34.79439 43.7966 52.35964 52.35964 52.35964 0 0 0 0 0 0 0 0 0 0 0
0 0 0 0 0 0 0 0 0 0 0 0 0 3.702897 5.955997 5.955997 5.955997 9.955862 19.17128 19.23733 19.23733 19.23733 19.23733 19.23733 19.23733 19.23733 19.23733 19.23733 18.03099 4.97466 2.226563 2.226563 2.226563 2.226563 2.226563 2.226563 2.226563 1.741271 1.136626 1.072022 0.5866178 0.2705851 0.2051871 0.2051871 0.2051871 0.2051871 0.5441277 0.2051871 0.2051871 3.809086 15.25359 15.31171 15.31171 15.31171 15.31171 15.31171 15.31171 45.92914 52.35964 52.35964 52.12836 52.35964 52.35964 0 0 2611.733 0 0 0 0 0 0 0
0 0 0 0 0 0 0 0 0 0 0 0 0 4.740278 5.955997 5.955997 5.955997 10.03662 18.99303 19.23733 19.23733 19.23733 19.23733 19.23733 19.23733 19.23733 19.23733 19.23733 18.74365 3.645087 2.226563 2.226563 2.226563 2.226563 2.226563 2.226563 2.226563 1.819426 1.511744 0.6445409 0.2051871 0.2051871 0.2051871 0.2051871 0.2051871 0.2051871 0.2051871 0.2051871 0.2051871 0.2051871 5.616346 15.31171 15.31171 15.31171 15.31171 15.31171 15.31171 35.95786 52.35964 28.47949 14.36738 48.08452 52.35964 1129.194 2553.117 1294.186 0 2611.733 0 0 0 0 0
0 0 0 0 0 0 0 0 0 0 0 0 0 5.955997 5.955997 5.955998 5.955998 5.955997 9.377568 19.23717 19.23733 19.23733 19.23733 19.23733 19.23733 19.23733 19.23733 19.23733 19.23733 4.24759 2.226563 2.226563 2.226563 2.226563 2.226563 2.226563 2.226563 2.226563 2.226563 1.105027 0.2051871 0.2051871 0.2051871 0.2051871 0.2051871 0.2051871 0.2051871 0.2051871 0.2051871 0.2051871 0.3051601 13.78907 15.31171 15.31171 15.31171 15.31171 15.31171 15.69519 20.46727 7.513001 13.77277 30.51176 62.49061 353.9911 1095.741 508.577 508.5769 1.068369 1.068369 0 0 0 0
0 0 0 0 0 0 0 0 0 0 0 0 0 5.955997 5.955997 5.955997 5.955997 5.955997 5.955997 16.31851 19.23733 19.23733 19.23733 19.23733 19.23733 19.23733 19.23733 19.23733 19.23733 8.111272 2.226563 2.226563 2.226563 2.226563 2.226563 2.226563 2.226563 2.226563 1.965114 0.5444471 0.2051871 0.2051871 0.2051871 0.2051871 0.2051871 0.2051871 0.2051871 0.2051871 0.2051871 0.2051871 4.750078 15.31171 15.31171 15.31171 15.31171 15.31171 15.05637 8.37875 7.420012 7.420011 7.420011 7.420011 111.5761 293.6862 321.6614 384.3588 13.47373 1.068369 0 0 0 0 0
0 0 0 0 0 0 0 0 0 0 0 0 0 5.955997 5.955998 5.955998 5.955997 5.955997 5.955997 7.018254 10.73512 19.06344 19.23733 19.23733 19.23733 19.23733 19.23733 19.23733 19.23733 15.24667 2.226563 2.226563 2.226563 2.226563 2.226563 2.226563 2.226563 2.222903 0.6606924 0.2051871 0.2051871 0.2051871 0.2051871 0.2051871 0.2051871 0.2051871 0.2051871 0.2051871 0.2051871 0.205187 8.286331 15.31171 15.31171 15.31171 15.31171 15.31171 13.38463 7.420012 7.420012 7.420012 7.420012 7.420012 14.17551 288.9242 278.4235 3.664475 1.068369 1.06345 0.14886 0 0 0 0
0 0 0 0 0 0 0 0 0 0 0 0 0 5.955997 5.955997 5.955997 5.955997 5.955997 5.955997 7.948246 17.78647 18.80579 19.23733 19.23733 19.23733 19.23733 19.23733 19.23733 19.23733 16.02144 2.226563 2.226563 2.226563 2.226563 2.226563 2.226563 2.226563 2.103909 0.4031967 0.2051871 0.2051871 0.2051871 0.2051871 0.2051871 0.2051871 0.2051871 0.2051871 0.2051871 0.205187 0.205187 4.166693 14.94782 15.31171 15.31171 15.31171 15.31171 13.07652 7.420011 7.420011 7.420012 7.420012 6.413601 5.787621 218.5112 160.8415 1.068369 1.068369 1.033128 0.1220805 0.08166317 0.08166318 0 0
0 0 0 0 0 0 0 0 0 0 0 0 0 4.547497 5.955997 5.955997 5.955997 5.955997 5.955997 5.957316 9.715535 14.3653 19.21259 19.23733 19.23733 19.23733 19.23733 19.23733 19.23733 13.77796 2.226563 2.226563 2.226563 2.226563 2.226563 2.226563 2.226563 2.056271 0.2498819 0.2051871 0.2051871 0.2051871 0.2051871 0.2051871 0.2051871 0.2051871 0.2051871 0.2051871 0.2051871 0.2051871 10.41032 15.31171 15.31171 15.31171 15.31171 15.31171 13.09672 5.946286 7.360569 7.420012 7.420012 4.771503 1.068369 7.766177 5.506193 1.068369 1.068369 0.6620516 0.08166318 0.08166318 0.08166317 0.08166318 0
0 0 0 0 0 0 0 0 0 0 0 0 0 0 5.955997 5.955997 5.955997 5.955997 5.955997 5.955997 5.955997 5.955997 9.455497 14.26374 10.63338 17.95154 19.23733 19.23733 19.23733 14.07893 2.226563 2.226563 2.226563 2.226563 2.226563 2.226563 2.226563 2.057086 0.4272782 0.2051871 0.2051871 0.2051871 0.2051871 0.2051871 0.2051871 0.2051871 0.2051871 0.2051871 0.2051871 0.2051871 10.34778 15.31171 15.31171 15.31171 15.31171 15.27909 8.615058 1.068369 1.811621 5.717932 7.401425 2.234753 1.068369 1.068369 1.068369 1.068369 1.010895 0.3593753 0.08166318 0.08166317 0.08166317 0.08166317 0.08166316
0 0 0 0 0 0 0 0 0 0 0 0 0 0 5.857647 5.758336 5.955997 5.955997 5.955997 5.955997 5.955997 5.955997 5.955997 5.955997 10.1635 19.23733 19.23733 19.23733 19.23733 15.03354 2.310049 2.226563 2.226563 2.226563 2.226563 2.226563 2.226563 2.226563 0.5719792 0.2051871 0.2051871 0.2051871 0.205187 0.2051871 0.205187 0.2051871 0.205187 0.2051871 0.205187 0.2051871 5.494022 14.69767 15.31171 15.31171 15.31171 10.31722 1.100412 1.068369 1.068369 1.162125 1.497103 1.068369 1.068369 1.068369 1.068369 1.068369 0.5571722 0.08166317 0.08166317 0.08166317 0.08166317 0.08166317 0.08166316
0 0 0 0 0 0 0 0 0 0 0 0 0 0 3.301276 3.388125 4.836554 5.858572 5.955997 5.955997 5.955997 5.955998 5.955997 5.931765 10.89162 19.23733 19.23733 19.23733 19.23733 19.13327 3.467031 2.226563 2.226563 2.226563 2.226563 2.226563 2.226563 2.226563 1.993025 0.5674734 0.2051871 0.2051871 0.2051871 0.2051871 0.2051871 0.2051871 0.2051871 0.2051871 0.2051871 0.2051871 0.2051871 3.569791 13.85824 15.31171 12.03476 2.194564 1.068369 1.068369 1.068369 1.068369 1.068369 1.068369 1.068369 1.068369 1.068369 1.068369 0.5164854 0.08166317 0.08166318 0.08166317 0.08166318 0.08166317 0.08166318
0 0 0 0 0 0 0 0 0 0 0 0 0 0 3.222514 3.381963 3.381963 3.424977 4.403237 5.363819 5.770658 5.385018 4.709268 4.118665 10.59726 19.23733 19.23733 19.23733 19.23733 15.31462 2.226563 2.226563 2.226563 2.226563 2.226563 2.226563 2.226563 2.226563 2.226563 2.117819 1.187838 0.2051871 0.2051871 0.2051871 0.2051871 0.2051871 0.2051871 0.2051871 0.2051871 0.2051871 0.2051871 0.2051871 9.666037 14.47049 4.127088 1.068369 1.068369 1.068369 1.068369 1.068369 1.068369 1.068369 1.068369 1.068369 1.068369 1.068369 0.9892436 0.3970572 0.08166317 0.08166318 0.08166317 0.08166318 0.08166317
0 0 0 0 0 0 0 0 0 0 0 0 0 2.578456 3.381963 3.381963 3.381963 3.381963 3.381963 3.381963 3.38518 3.381963 3.381963 3.381963 13.8283 19.23733 19.23733 19.23733 19.23733 9.196548 2.226563 2.226563 2.226563 2.226563 2.226563 2.226563 2.226563 2.226563 2.226563 2.226563 1.208016 0.2051871 0.2051871 0.2051871 0.2051871 0.2051871 0.2051871 0.2051871 0.2051871 0.2051871 0.2051871 0.2051871 2.10605 5.578919 1.068369 1.068369 1.068369 1.068369 1.068369 1.068369 1.068369 1.068369 1.068369 1.068369 1.068369 1.068369 1.068369 0.376253 0.08166318 0.08166317 0.08166318 0.08166318 0.08166318
0 0 0 0 0 0 0 0 0 0 0 0 0 0 3.381963 3.381963 3.381963 3.381963 3.381963 3.381963 3.381963 3.381963 3.381963 3.381963 11.31027 19.23733 19.23733 19.23733 18.55196 3.440586 2.226563 2.226563 2.226563 2.226563 2.226563 2.226563 2.226563 2.226563 2.226563 2.226563 0.9509897 0.2051871 0.2051871 0.2051871 0.2051871 0.2051871 0.2051871 0.2051871 0.2051871 0.2051871 0.2051871 0.2051871 0.3197643 1.053377 1.068369 1.068369 1.068369 1.068369 1.068369 1.068369 1.068369 1.068369 1.068369 1.068369 1.068369 1.068369 1.068369 0.3864785 0.08166317 0.08166316 0.08166317 0.08166317 0.08166317
