Scenarios/Heterogeneous/data/country_data_population_distribution/processed/density_grids/guf.asc
ncols 81
nrows 91
xllcorner -54
yllcorner 2
cellsize 0.041666666666667
NODATA_value -9999
[rows 32 to 63 of 91, columns 0 to 72 of 81]
0 0 0 0 0 0 0 0 0 0 0 0 0 0 3.381963 3.381963 3.381963 3.381963 3.381963 3.381963 3.381963 3.381963 3.381963 3.381963 6.116323 13.00225 19.23733 19.23733 13.70814 2.226563 2.226563 2.226563 2.226563 2.226563 2.226563 2.226563 2.226563 2.226563 2.226563 1.851055 0.3310331 0.2051871 0.2051871 0.2051871 0.2051871 0.2051871 0.2051871 0.2051871 0.2051871 0.2051871 0.2051871 0.3669513 0.9210423 1.068369 1.068369 1.068369 1.068369 1.068369 1.068369 1.068369 1.068369 1.068369 1.068369 1.068369 1.068369 1.068369 1.067752 0.2799464 0.08166318 0.08166317 0.08166318 0.08166317 0.08166318
0 0 0 0 0 0 0 0 0 0 0 0 0 0 3.381963 3.381963 3.381963 3.381963 3.381963 3.381963 3.381963 3.381963 3.381963 3.381963 3.381963 3.648159 17.15115 19.22198 5.609097 2.226563 2.226563 2.226563 2.226563 1.657993 0.930316 2.226563 2.226563 2.226563 2.226563 1.524449 0.2051871 0.2051871 0.2051871 0.2051871 0.2051871 0.2051871 0.2051871 0.2051871 0.2051871 0.2051871 0.2051871 0.6798754 1.068369 1.068369 1.068369 1.068369 1.068369 1.068369 1.068369 1.068369 1.068369 1.068369 1.068369 1.068369 1.01181 1.008672 0.7781886 0.1439914 0.08166317 0.08166317 0.08166317 0.08166317 0.08166317
0 0 0 0 0 0 0 0 0 0 0 0 0 0 2.309385 3.381963 3.381963 3.381963 3.381963 3.381963 3.381963 3.381963 3.381963 3.381963 3.381963 3.381963 14.42611 14.65348 2.226563 2.226563 2.226563 2.226563 1.876991 0.1441183 0.8665384 2.226563 2.226563 2.226563 2.225965 0.8430585 0.2051871 0.2051871 0.2051871 0.2051871 0.2051871 0.2051871 0.2051871 0.2051871 0.2051871 0.2051871 0.2051871 0.3298717 1.067292 1.068369 1.068369 1.068369 1.068369 1.068369 1.068369 1.068369 1.068369 1.068369 1.068369 1.068369 0.5622202 0.2710142 0.08166317 0.08166317 0.08166317 0.08166318 0.08166317 0.08166317 0.08166317
0 0 0 0 0 0 0 0 0 0 0 0 0 0 0 3.381963 3.381963 3.381963 3.381963 3.381963 3.381963 3.381963 3.381963 3.381971 3.389394 3.381963 4.218437 12.26869 2.226563 1.480071 0.8328063 0.5686508 0.06898977 0.03491215 0.4606582 1.485105 1.525965 1.466677 1.03035 0.04288661 0.1246689 0.2051871 0.2051871 0.2051871 0.2051871 0.2051871 0.2051871 0.2051871 0.2051871 0.2051871 0.2051871 0.2059838 0.8701372 1.068369 1.068369 1.068369 1.068369 1.068369 1.068369 1.068369 1.068369 1.068369 1.068369 0.9959294 0.1157287 0.08166318 0.08166318 0.08166317 0.08166317 0.08166317 0.08166317 0.08166318 0.08166317
0 0 0 0 0 0 0 0 0 0 0 0 0 0 0 3.381963 3.381963 3.381963 3.59989 3.481654 3.381963 3.381963 3.56113 3.988425 4.035623 3.822315 3.418448 4.168297 3.130438 0.7575556 0.03491215 0.03491215 0.03491215 0.03491215 0.03491215 0.03491215 0.03491215 0.03491215 0.03491215 0.03491215 0.1271875 0.2034632 0.2051871 0.2051871 0.2051871 0.2051871 0.2051871 0.2051871 0.2051871 0.2051871 0.2051871 0.2051871 0.9353869 1.068369 1.068369 1.068369 1.068369 1.068369 1.068369 1.068369 1.068369 1.053242 0.61313 0.1900783 0.08166317 0.08166317 0.08166317 0.08166318 0.08166317 0.08166318 0.08166317 0.08166318 0.08166317
0 0 0 0 0 0 0 0 0 0 0 0 0 0 0 3.381963 3.381963 3.381963 3.853967 3.936432 3.62762 3.632872 3.985759 4.062444 4.062443 4.062444 3.958066 3.446382 3.381963 1.658143 0.03491215 0.03491215 0.03491215 0.03491215 0.03491215 0.03491215 0.03491215 0.03491215 0.03491215 0.03491215 0.03491215 0.09565731 0.2051871 0.2051871 0.2051871 0.2051871 0.2051871 0.2051871 0.2051871 0.2051871 0.2051871 0.2051871 0.8000442 1.068369 1.068369 1.068369 1.068369 1.068369 1.040808 0.583251 0.3768369 0.2740264 0.08166318 0.08166317 0.08166318 0.08166317 0.08166317 0.08166317 0.08166318 0.08166317 0.08166318 0.08166317 0.08166318
0 0 0 0 0 0 0 0 0 0 0 0 0 0 0 3.176092 3.381963 3.412532 3.975307 4.062444 4.062444 4.062444 4.062444 4.062444 4.062444 4.062444 4.062444 3.828121 3.470187 2.994317 0.03491215 0.03491215 0.03491215 0.03491215 0.03491215 0.03491215 0.03491215 0.03491215 0.03491215 0.03491215 0.03491215 0.03855845 0.1491622 0.2051871 0.2051871 0.2051871 0.2051871 0.2051871 0.2051871 0.2051871 0.2051871 0.1943739 0.7173705 1.068369 1.068369 1.068369 1.068369 1.068369 0.7196898 0.08166317 0.08166318 0.08166318 0.08166318 0.08166317 0.08166318 0.08166317 0.08166317 0.08166317 0.08166318 0.08166317 0.08166318 0.08166317 0.08166317
0 0 0 0 0 0 0 0 0 0 0 0 0 0 0 0 3.244478 3.662896 4.062443 4.062443 4.062443 4.062444 4.062443 4.062443 4.062443 4.062443 4.062443 4.056814 4.051026 3.321469 0.03491215 0.03491215 0.03491215 0.03491215 0.03491215 0.03491215 0.03491215 0.03491215 0.03491215 0.03491215 0.03491215 0.03491215 0.06722543 0.2051871 0.2051871 0.2051871 0.2051871 0.2051871 0.2051871 0.2051871 0.170063 0.0906914 0.1836767 0.5941197 0.752092 1.068369 1.068369 0.969842 0.1909862 0.08166317 0.08166317 0.08166317 0.08166317 0.08166317 0.08166317 0.08166317 0.08166317 0.08166317 0.08166317 0.08166317 0.08166317 0.08166317 0.07722204
0 0 0 0 0 0 0 0 0 0 0 0 0 0 0 0 4.062443 4.062444 4.062444 4.062444 4.062444 4.062443 4.062444 4.062444 4.062444 4.062444 4.062444 4.062444 4.062444 3.294339 0.1878801 0.03491215 0.03491215 0.03491215 0.03491215 0.03491215 0.03491215 0.03491215 0.03491215 0.03491215 0.03491215 0.03491215 0.1370101 0.2051871 0.2051871 0.2051871 0.2051871 0.2051871 0.2051871 0.1845132 0.08782898 0.08166317 0.08166317 0.08166318 0.08303488 0.479285 0.5295401 0.2566449 0.08166317 0.08166317 0.08166317 0.08166317 0.08166317 0.08166317 0.08166317 0.08166317 0.08166317 0.08166317 0.08166317 0.08166317 0.08166317 0.07997821 0.07040352
0 0 0 0 0 0 0 0 0 0 0 0 0 0 0 2.303419 4.062443 4.062444 4.062444 4.062444 4.062444 4.062443 4.062444 4.062444 4.062444 4.062443 4.062444 4.062444 4.062444 3.559259 0.2057648 0.03491215 0.03491215 0.03491215 0.03491215 0.03491215 0.03491215 0.03491215 0.03491215 0.03491215 0.03491215 0.03491215 0.1612673 0.2051871 0.2051871 0.2051871 0.2051871 0.2051871 0.2051871 0.1456882 0.08166317 0.08166318 0.08166317 0.08166317 0.08166317 0.08166317 0.08166317 0.08166317 0.08166317 0.08166317 0.08166317 0.08166317 0.08166318 0.08166317 0.08166317 0.08166317 0.08166317 0.08166317 0.08166316 0.08166317 0.08166318 0.08166317 0.07328653
0 0 0 0 0 0 0 0 0 0 0 0 0 0 0 0 3.332247 4.062444 4.062444 4.062444 4.062444 4.062444 4.062444 4.062444 4.062444 4.062443 4.062444 4.062444 4.062444 3.792472 0.06081923 0.03684745 0.03491215 0.03491215 0.03491215 0.03491215 0.03491215 0.03491215 0.03491215 0.03491215 0.03491215 0.03491215 0.04623319 0.194086 0.2051871 0.2051871 0.2051871 0.2051871 0.1356178 0.08310531 0.08166317 0.08166318 0.08166317 0.08166317 0.08166317 0.08166318 0.08166317 0.08166318 0.08166317 0.08166318 0.08166318 0.08166318 0.08166318 0.08166317 0.08166318 0.08166318 0.08166317 0.08166317 0.08166318 0.08166317 0.08166318 0.08166317 0.2420738
0 0 0 0 0 0 0 0 0 0 0 0 0 0 0 0 0 4.062444 4.062444 4.062443 4.062444 4.062444 4.062444 4.062443 4.062444 4.062443 4.062444 4.062443 4.062444 3.214375 0.8714504 0.8312555 0.1169526 0.03491215 0.03491215 0.03491215 0.03491215 0.03491215 0.03491215 0.03491215 0.03491215 0.03491215 0.03491215 0.1397575 0.2051871 0.2051871 0.1783808 0.1107103 0.08179782 0.08166317 0.08166318 0.08166317 0.08166318 0.08166317 0.08166318 0.08166317 0.08166318 0.08166317 0.08166318 0.08166317 0.08166318 0.08166317 0.08166317 0.08166318 0.08166317 0.08166318 0.08166317 0.08166318 0.4183176 1.376071 1.161583 1.989432 2.846533
0 0 0 0 0 0 0 0 0 0 0 0 0 0 0 0 0 3.648374 4.062443 4.062443 4.062443 4.062443 4.062443 4.062443 4.062443 4.062443 4.062443 3.737266 3.336621 1.265915 0.9130217 0.9130217 0.9057153 0.5359336 0.445271 0.03840731 0.03491215 0.03491215 0.03491215 0.03491215 0.03491215 0.03491215 0.03491215 0.07392735 0.196716 0.1246783 0.0828811 0.08166318 0.08166317 0.08166317 0.08166317 0.08166317 0.08166317 0.08166317 0.08166317 0.08166317 0.08166317 0.08166317 0.08166317 0.08166317 0.08166317 0.08166317 0.08166317 0.08166317 0.08166317 0.08166317 0.08166318 0.08166317 1.657041 2.896571 2.947726 3.062741 3.062741
0 0 0 0 0 0 0 0 0 0 0 0 0 0 0 0 0 0 4.045112 4.062444 4.062444 4.062444 4.062444 4.062444 4.062444 4.062444 3.698335 1.199259 0.9130217 0.9130217 0.9130217 0.9130217 0.9130217 0.9130217 0.9130217 0.3894385 0.03491215 0.03491215 0.03491215 0.03491215 0.03491215 0.03491215 0.03491215 0.03528534 0.06718981 0.08166317 0.08166317 0.08166317 0.08166317 0.08166317 0.08166317 0.08166317 0.08166317 0.08166317 0.08166317 0.08166317 0.08166317 0.08166317 0.08166317 0.08166317 0.08166317 0.08166317 0.08166317 0.08166317 0.08166317 0.08166317 0.8784577 1.89237 2.972312 3.062741 3.062741 3.062741 3.062741
0 0 0 0 0 0 0 0 0 0 0 0 0 0 0 0 0 0 0 3.329575 4.062444 4.062444 4.062444 4.062444 3.764092 3.574166 1.585269 0.9130217 0.9130217 0.9130217 0.9130218 0.9130217 0.9130218 0.9130217 0.9130217 0.5680804 0.03491215 0.03491215 0.03491215 0.03491215 0.03491215 0.03491215 0.03491215 0.0424488 0.07149024 0.08166317 0.08166317 0.08166317 0.08166317 0.08166317 0.08166317 0.08166317 0.08166317 0.08166317 0.08166317 0.08166317 0.08166317 0.08166317 0.08166317 0.08166317 0.08166317 0.08166317 0.08166317 0.08166318 0.08166317 0.4089038 2.507628 3.062741 3.062741 3.062741 3.062741 3.062741 3.062741
0 0 0 0 0 0 0 0 0 0 0 0 0 0 0 0 0 0 0 0 3.085173 4.020725 3.889964 3.421885 1.182654 0.9130217 0.9130217 0.9130217 0.9130217 0.9130217 0.9130217 0.9130217 0.9130217 0.9130217 0.9130217 0.753267 0.06761235 0.03491215 0.03491215 0.03491215 0.03491215 0.03491215 0.04793521 0.07529522 0.08166317 0.08166317 0.08166317 0.08166317 0.08166317 0.08166317 0.08166318 0.08166317 0.08166317 0.08166317 0.08166316 0.08166317 0.08166318 0.08166317 0.08166317 0.08166317 0.08166317 0.08166317 0.2522724 1.207329 1.499806 2.496905 3.062741 3.062741 3.062741 3.062741 3.062741 3.062741 3.062741
0 0 0 0 0 0 0 0 0 0 0 0 0 0 0 0 0 0 0 0 0 1.341147 0.9431474 1.409411 0.9130217 0.9130217 0.9130217 0.9130217 0.9130217 0.9130217 0.9130217 0.9130217 0.9130217 0.9130217 0.9130217 0.9130217 0.6561143 0.156326 0.03491215 0.03491215 0.03491215 0.03491215 0.03897944 0.07120112 0.08166318 0.08166317 0.08166318 0.08166318 0.08166318 0.08166317 0.08166317 0.08166317 0.08166318 0.08166318 0.08166318 0.08166317 0.08166318 0.08166317 0.08166317 0.08166318 0.08166317 0.08166317 0.9046671 3.062741 3.062741 3.062741 3.062741 3.062741 3.062741 3.062741 3.062741 3.062741 3.062741
0 0 0 0 0 0 0 0 0 0 0 0 0 0 0 0 0 0 0 0 0 0 0.8950027 0.9130216 0.9130216 0.9130216 0.9130216 0.9130217 0.9130216 0.9130217 0.9130216 0.9130216 0.9130216 0.9130216 0.9130217 0.9130216 0.9130216 0.801401 0.09488138 0.03491215 0.03491215 0.03491215 0.03491215 0.03972486 0.07630505 0.08166317 0.08166317 0.08166317 0.08166317 0.08166317 0.08166317 0.08166317 0.08166317 0.08166317 0.08166317 0.08166317 0.08166317 0.08166317 0.08166317 0.08166317 0.08166317 0.08166317 0.9373102 3.062741 3.062741 3.062741 3.062741 3.062741 3.062741 3.062741 3.062741 3.062741 3.013837
0 0 0 0 0 0 0 0 0 0 0 0 0 0 0 0 0 0 0 0 0 0 0.8165729 0.9130217 0.9130217 0.9130217 0.9130217 0.9130217 0.9130217 0.9130217 0.9130217 0.9130217 0.9130217 0.9130217 0.9130217 0.9130217 0.9130217 0.8829906 0.06673592 0.03491215 0.03491215 0.03491215 0.03491215 0.03491215 0.04950376 0.08166317 0.08166318 0.08166317 0.08166318 0.08166317 0.08166318 0.08166317 0.08166318 0.08166317 0.08166318 0.08166317 0.08166318 0.08166317 0.08166318 0.08166317 0.08166317 0.08166317 1.374884 3.062741 3.062741 3.062741 3.062741 3.062741 3.062741 3.062741 3.062741 3.062741 1.627584
0 0 0 0 0 0 0 0 0 0 0 0 0 0 0 0 0 0 0 0 0 0 0 0.7018619 0.8670704 0.9130217 0.9130217 0.9130217 0.9130217 0.9130217 0.9130217 0.9130217 0.9130217 0.9130217 0.9130217 0.9130217 0.9130217 0.8954793 0.1869777 0.03491215 0.03491215 0.03491215 0.03491215 0.03491215 0.04369191 0.08166317 0.08166317 0.08166318 0.08166317 0.08166317 0.08166317 0.08166317 0.08166317 0.08166318 0.08166317 0.08166317 0.08166317 0.08166317 0.08166317 0.08166317 1.443239 1.994876 2.927638 3.062741 3.062741 3.062741 3.062741 3.062741 3.062741 3.062741 3.062741 3.062741 0
0 0 0 0 0 0 0 0 0 0 0 0 0 0 0 0 0 0 0 0 0 0 0 0 0.6875284 0.9130217 0.9130217 0.9130217 0.9130218 0.9130217 0.9130217 0.9130217 0.9130217 0.9130217 0.9130218 0.9130217 0.9130217 0.9130217 0.6240909 0.03491215 0.03491215 0.03491215 0.03491215 0.03491215 0.04184286 0.05964814 0.08166318 0.08166317 0.08166318 0.08166317 0.08166318 0.08166317 0.08166318 0.08166317 0.08166318 0.08166317 0.08166317 0.08166318 0.08166318 0.08166317 2.619262 3.062741 3.062741 3.062741 3.062741 3.062741 3.062741 3.062741 3.062741 3.062741 3.062741 2.328633 0
0 0 0 0 0 0 0 0 0 0 0 0 0 0 0 0 0 0 0 0 0 0 0 0 0.8765851 0.9130218 0.9130217 0.9130218 0.9130218 0.9130218 0.9130217 0.9130218 0.9130217 0.9130218 0.9130218 0.9130218 0.9130217 0.9130218 0.5210272 0.03491215 0.03491215 0.03491215 0.03491215 0.03491215 0.03491215 0.05577065 0.08166317 0.08166318 0.08166318 0.08166318 0.08166317 0.08166318 0.08166317 0.08166318 0.08166318 0.08166318 0.08166317 0.08166318 0.08166317 0.1975655 2.891827 3.062741 3.062741 3.062741 3.062741 3.062741 3.062741 3.062741 2.540222 1.397781 1.332984 0 0
0 0 0 0 0 0 0 0 0 0 0 0 0 0 0 0 0 0 0 0 0 0 0 0 0.9130217 0.9130218 0.9130217 0.9130218 0.9130218 0.9130218 0.9130217 0.9130218 0.9130217 0.9130218 0.9130218 0.9130218 0.9130217 0.9130218 0.5100005 0.03491215 0.03491215 0.03491215 0.03491215 0.03491215 0.03881136 0.07557423 0.08166317 0.08166318 0.08166317 0.08166318 0.08166317 0.08166318 0.08166317 0.08166318 0.08166317 0.08166317 0.08166317 0.08166317 0.08166317 1.550114 3.062741 3.062741 3.062741 3.062741 3.062741 3.062741 2.892529 2.141024 0.6007658 0.2497814 0.1364411 0 0
0 0 0 0 0 0 0 0 0 0 0 0 0 0 0 0 0 0 0 0 0 0 0 0 0.9130217 0.9130217 0.9130217 0.9130217 0.9130217 0.9130217 0.9130217 0.9130217 0.9130217 0.9130217 0.9130217 0.9130217 0.9130217 0.9117848 0.2120491 0.03491215 0.03491215 0.03491215 0.03491215 0.03491215 0.05034217 0.08166317 0.08166318 0.08166317 0.08166318 0.08166318 0.08166318 0.08166317 0.08166318 0.08166317 0.08166318 0.08166318 0.08166318 0.08166318 0.1123226 0.2181584 1.096821 2.063843 3.046013 3.062741 3.062741 2.589725 0.3371697 0.2497814 0.2497814 0.2415577 0 0 0
0 0 0 0 0 0 0 0 0 0 0 0 0 0 0 0 0 0 0 0 0 0 0 0 0.9130217 0.9130217 0.9130217 0.9130217 0.9130217 0.9130217 0.9130217 0.9130217 0.9130217 0.9130217 0.9130217 0.9130217 0.9130217 0.8480964 0.4041201 0.2344671 0.05791877 0.03491215 0.03491215 0.03491215 0.04162807 0.08165911 0.08166317 0.08166317 0.08166317 0.08166317 0.08166317 0.08166317 0.08166317 0.08166317 0.08166317 0.08166317 0.08166317 0.08166317 0.1093384 0.2497814 0.2497814 0.2497814 2.865606 3.002599 2.401723 0.8257398 0.2497814 0.2497814 0.2497814 0 0 0 0
0 0 0 0 0 0 0 0 0 0 0 0 0 0 0 0 0 0 0 0 0 0 0 0.8096362 0.9130217 0.9130218 0.9130217 0.9130218 0.9130218 0.9130218 0.9130217 0.9130218 0.9130217 0.9130218 0.9130218 0.9130218 0.9130217 0.9130218 0.9130217 0.9130218 0.8444281 0.7771278 0.2346961 0.03491215 0.07515772 0.08166318 0.08166317 0.08166317 0.08166317 0.08166317 0.08166317 0.08166318 0.08166317 0.08166318 0.08166317 0.08166318 0.08166317 0.08166317 0.1329315 0.2497814 0.2497814 0.2497814 0.4005261 0.5929322 0.2497814 0.2497814 0.2497814 0.2497814 0.1959675 0 0 0 0
0 0 0 0 0 0 0 0 0 0 0 0 0 0 0 0 0 0 0 0 0 0 0 0.9130218 0.9130217 0.9130218 0.9130217 0.9130218 0.9130218 0.9130218 0.9130217 0.9130218 0.9130217 0.9130218 0.9130218 0.9130218 0.9130217 0.9130218 0.9130217 0.9130218 0.9130218 0.9130218 0.2419233 0.03491215 0.0725375 0.08166318 0.08166318 0.08166317 0.08166318 0.08166318 0.08166318 0.08166318 0.08166318 0.08166318 0.08166318 0.08166318 0.0917628 0.1198551 0.1840063 0.2497814 0.2497814 0.2497814 0.2497814 0.2497814 0.2497814 0.2497814 0.2497814 0.245115 0 0 0 0 0
0 0 0 0 0 0 0 0 0 0 0 0 0 0 0 0 0 0 0 0 0 0 0.712894 0.9130217 0.9130217 0.9130217 0.9130217 0.9130217 0.9130217 0.9130217 0.9130217 0.9130217 0.9130217 0.9130217 0.9130217 0.9130217 0.9130217 0.9130217 0.9130217 0.9130217 0.9130217 0.9130217 0.5165782 0.1221123 0.07984038 0.08166317 0.1039318 0.1271387 0.1135432 0.08491094 0.08166317 0.08166317 0.09974758 0.08166317 0.08166317 0.08166317 0.137642 0.2497814 0.2497814 0.2497814 0.2497814 0.2497814 0.2497814 0.2497814 0.2497814 0.2497814 0.2497814 0.1654567 0 0 0 0 0
0 0 0 0 0 0 0 0 0 0 0 0 0 0 0 0 0 0 0 0 0 0.8666244 0.9130217 0.9130217 0.9130217 0.9130217 0.9130217 0.9130217 0.9130217 0.9130217 0.9130217 0.9130217 0.9130217 0.9130217 0.9130217 0.9130217 0.9130217 0.9130217 0.9130217 0.9130217 0.9130217 0.9130217 0.9130217 0.8357273 0.2082493 0.07682228 0.2025322 0.2497814 0.2497814 0.2417309 0.1809617 0.1872206 0.2492751 0.1522915 0.08166317 0.08166317 0.08641072 0.2255015 0.2497814 0.2497814 0.2497814 0.2497814 0.2497814 0.2497814 0.2497814 0.2483965 0.2230636 0 0 0 0 0 0
0 0 0 0 0 0 0 0 0 0 0 0 0 0 0 0 0 0 0 0 0.7751241 0.9130218 0.9130218 0.9130218 0.9130217 0.9130218 0.9130218 0.9130218 0.9130218 0.9130218 0.9130217 0.9130218 0.9130217 0.9130218 0.9130218 0.9130218 0.9130218 0.9130218 0.9130218 0.9130218 0.9130218 0.9130218 0.9130218 0.9130218 0.8778654 0.3256827 0.2476444 0.2497814 0.2497814 0.2497814 0.2497814 0.2497814 0.2497814 0.1740751 0.08166318 0.08704737 0.1925974 0.2497814 0.2497814 0.2497814 0.2497814 0.2497814 0.2497814 0.2497814 0.2491743 0 0 0 0 0 0 0 0
0 0 0 0 0 0 0 0 0 0 0 0 0 0 0 0 0 0 0 0.6741509 0.9130217 0.9130217 0.9130217 0.9130218 0.9130217 0.9130218 0.9130217 0.9130218 0.9130218 0.9130218 0.9130217 0.9130217 0.9130217 0.9130218 0.9130218 0.9130218 0.9130217 0.9130217 0.9130217 0.9130218 0.9130218 0.9130218 0.9130217 0.9130218 0.9130217 0.8875344 0.6356456 0.2497814 0.2497814 0.2497814 0.2497814 0.2497814 0.2497814 0.2490297 0.2156974 0.2113487 0.2497814 0.2497814 0.2497814 0.2497814 0.2497814 0.2497814 0.2497814 0.2497814 0.7250499 0 0 0 0 0 0 0 0
0 0 0 0 0 0 0 0 0 0 0 0 0 0 0 0 0 0 0 0.8441676 0.9130217 0.9130218 0.9130217 0.9130217 0.9130217 0.9130217 0.9130217 0.9130217 0.9130217 0.9130217 0.9130217 0.9130217 0.9130217 0.9130217 0.9130217 0.9130217 0.9130217 0.9130217 0.9130217 0.9130217 0.9130217 0.9130217 0.9130217 0.9130217 0.9130217 0.9130217 0.5664501 0.2497814 0.2497814 0.2497814 0.2497814 0.2497814 0.2497814 0.2497814 0.2497814 0.2497814 0.2497814 0.2497814 0.2497814 0.2497814 0.2497814 0.2497814 0.2497814 0.2309415 0 0 0 0 0 0 0 0 0
