Scenarios/Heterogeneous/data/country_data_population_distribution/processed/density_grids/hnd.asc
ncols 183
nrows 107
xllcorner -89
yllcorner 13
cellsize 0.041666666666667
NODATA_value -9999
[rows 62 to 92 of 107, columns 0 to 69 of 183]
0 0 0 0 0 0 0 0 0 0 0 0 0 0 0 0 0 0 0 217.9792 404.5866 270.0735 155.3052 101.5923 79.7265 119.3992 218.8851 241.9535 228.0739 209.8878 215.6002 162.8054 90.58173 109.814 163.5164 116.3371 176.0594 222.2997 171.4542 91.23536 103.3727 156.9939 157.6055 156.1119 88.78292 174.1292 275.737 54.57143 125.4798 128.305 80.94501 18.95341 25.74091 39.40342 35.14313 69.74464 61.8799 163.4116 169.5887 101.5858 17.23655 20.86353 51.22713 48.96191 44.92544 24.4851 24.71913 31.68748 21.27142 21.72046
0 0 0 0 0 0 0 0 0 0 0 0 0 0 0 0 0 0 0 202.5148 191.0215 128.6556 110.9207 65.37997 68.96364 95.16492 196.9731 182.5681 180.8762 235.4618 116.724 103.2693 101.2741 263.1238 189.6144 175.4814 150.5655 188.9112 204.4084 71.16011 88.68905 124.5928 86.46767 103.8345 89.68694 66.32638 107.4599 58.73112 112.3586 58.90901 49.75532 31.30826 23.97837 42.20229 31.44133 16.5931 21.48363 91.764 125.3622 173.245 109.2247 24.33219 59.09151 125.6372 76.40162 33.75104 33.91076 33.91076 28.98103 19.53947
0 0 0 0 0 0 0 0 0 0 0 0 0 0 0 0 0 0 0 0 68.97325 126.4314 129.7157 113.8638 126.6113 123.8428 166.2819 237.0762 252.6807 252.6807 237.7102 263.4341 91.4607 238.7713 180.7942 145.5899 186.8216 129.4285 81.51494 161.066 173.909 90.23705 64.76796 71.89953 56.52822 81.93905 52.57627 101.3034 94.59926 156.9038 106.353 113.516 54.30454 65.57883 58.80508 61.12676 52.92554 101.1208 105.2814 121.5746 130.9765 72.91405 96.95982 73.86169 11.08042 35.47368 33.85077 39.42085 27.95223 20.80891
0 0 0 0 0 0 0 0 0 0 0 0 0 0 0 0 0 0 0 0 0 112.2217 125.2877 115.4461 64.45882 59.63284 49.46355 71.93808 186.0673 234.8788 249.7166 231.9543 112.1368 98.95541 96.8982 111.4094 176.0057 220.0057 181.0143 100.5752 61.87651 31.78633 33.63813 51.31043 50.85905 74.60291 63.84699 180.0665 103.5992 100.1488 55.11418 76.12843 57.42421 52.32331 69.99866 68.0272 54.19815 80.85849 116.8027 223.5513 106.5315 39.16692 43.60043 52.43587 18.44624 18.22799 33.89828 70.28367 70.38551 64.16515
0 0 0 0 0 0 0 0 0 0 0 0 0 0 0 0 0 0 0 0 0 190.163 181.9085 96.11136 57.31053 66.62041 88.36763 70.80572 191.2712 145.6221 142.4574 134.6891 66.00899 205.4362 174.7056 133.5782 126.9969 83.55029 135.6217 134.3321 61.97414 71.42648 46.93745 41.34264 35.0023 59.9211 95.0932 114.2147 336.1657 176.9526 75.83624 71.95696 72.74712 97.59593 92.29325 66.49345 53.05726 87.18134 81.15273 126.8038 120.8921 23.50621 23.50621 20.13713 26.38375 51.97801 33.77374 30.749 110.467 149.8142
0 0 0 0 0 0 0 0 0 0 0 0 0 0 0 0 0 0 0 0 101.9026 126.848 119.0327 66.25105 62.04513 60.88712 214.9207 253.9304 141.8645 160.0498 200.5211 163.0087 114.7714 195.4545 267.4533 114.0991 61.31285 57.5634 23.81079 46.0879 38.04984 48.53796 112.5099 57.16355 44.20695 25.30472 54.29763 88.53179 87.00563 120.5986 157.2292 137.2869 70.0584 136.9854 117.2668 94.93197 84.63658 151.2918 91.70388 89.55218 46.37678 21.69378 20.21258 23.22804 42.45164 67.09401 53.68275 28.82333 36.32054 39.92591
0 0 0 0 0 0 0 0 0 0 0 0 0 0 0 0 0 0 0 0 127.9849 128.6058 61.47707 43.98246 45.86977 94.07998 173.4114 199.6913 106.8416 144.6942 80.57867 67.76056 77.6977 138.6697 651.4998 68.78991 47.34644 47.4888 20.91835 34.28593 59.31539 62.51224 73.90838 62.08647 38.96596 30.84934 42.85152 63.59225 66.85273 73.66737 233.2557 1071.474 1195.337 306.9574 158.3342 107.3789 85.14408 125.9146 96.93939 134.392 123.7789 87.19273 62.33321 70.32105 45.61657 45.52073 41.29163 29.00171 34.59575 33.14838
0 0 0 0 0 0 0 0 0 0 0 0 0 0 0 0 0 0 55.19479 65.89734 103.4404 101.0852 86.7569 42.37695 65.79015 121.3423 172.5781 136.9861 118.0514 68.90916 34.02288 54.10519 52.04627 115.8791 153.3736 54.15704 35.75791 59.68583 29.14102 24.15766 66.27027 55.49334 49.91496 49.51554 67.36697 82.28065 54.50227 64.68645 82.60179 82.63055 174.3112 787.2316 753.9455 256.3775 149.3134 101.7958 86.74663 78.75108 114.1886 98.05246 95.88313 88.92368 47.70365 40.88359 36.40848 37.09262 34.57042 12.4989 20.56779 47.35096
0 0 0 0 0 0 0 0 0 0 0 0 0 0 0 0 0 100.1006 87.9848 45.85599 62.1118 89.17503 74.42436 65.01218 95.73283 114.3708 152.7626 156.6219 215.0907 65.51704 39.26363 43.45194 47.6901 54.65324 64.42242 58.69107 50.81234 52.26149 31.59138 21.62485 25.82189 38.88788 55.36681 57.71773 62.8475 54.07834 77.40226 109.6442 110.8415 84.53963 125.6834 113.8815 99.6871 53.60873 80.7766 154.2437 182.0764 101.4321 102.0337 34.676 29.82815 46.12771 43.06439 40.14489 33.61649 27.46795 30.5364 29.53931 32.4367 46.23591
0 0 0 0 0 0 0 0 0 0 0 0 0 0 0 0 84.061 72.11073 104.7382 59.57602 76.24243 82.2837 129.4788 148.2542 117.7455 129.2455 116.7496 129.2716 105.433 200.5434 78.76133 67.18217 64.1859 95.65262 80.1042 58.41402 77.3766 77.48235 68.64788 30.17732 18.13335 58.58459 91.71632 84.35487 42.08565 39.87914 71.64177 118.3304 113.9999 108.3206 127.8361 123.971 116.6889 80.92091 98.51807 344.6425 821.3129 230.7281 106.1299 24.38355 12.38156 40.67915 40.21872 38.7293 30.35779 25.65792 30.37486 58.76714 140.4807 104.4807
0 0 0 0 0 0 0 0 0 0 0 0 0 0 0 0 28.02648 23.5731 43.64175 487.3296 413.455 82.18281 95.33024 84.40884 128.0449 230.862 80.61838 92.26967 82.44642 72.1629 73.55421 170.7687 103.8112 92.57387 75.84517 56.2681 87.72459 92.15319 95.79043 78.11279 32.84184 44.39228 128.8557 120.6864 52.73209 47.33048 96.3327 91.36757 84.27484 107.892 129.3533 107.5358 95.05273 93.22286 144.9807 142.4758 1023.279 822.5298 74.44643 32.34423 15.49757 33.1209 38.95888 33.61536 26.38195 24.494 29.83678 50.12441 250.2648 249.3177
0 0 0 0 0 0 0 0 0 0 0 0 0 0 0 0 0 31.99337 25.52635 180.7532 57.05515 75.39323 92.18803 118.9355 243.9223 266.9245 82.62119 87.06667 57.13469 52.05872 76.52399 92.56904 103.1624 69.98148 68.61029 47.66303 75.18485 87.23785 98.08147 71.20906 73.74892 65.54164 137.135 173.1365 93.17924 75.76635 43.699 30.59282 45.50202 80.36336 269.6112 160.2333 101.4366 124.2802 219.6382 257.9685 1105.119 1427.298 373.2538 24.03475 16.2584 16.2801 23.79606 36.51786 39.65234 66.36121 53.44313 34.50635 73.76835 224.7999
0 0 0 0 0 0 0 0 0 0 0 0 0 0 0 0 0 0 0 236.2494 72.67299 56.01818 60.77453 93.75655 87.62584 112.5964 84.57742 75.22765 39.93137 54.45299 68.27051 52.33801 64.26796 65.279 61.10357 62.86634 58.28696 77.89309 63.02397 43.99276 50.80414 91.41063 180.4715 467.5966 178.2206 123.8136 46.73417 27.80533 45.46229 57.4099 238.2789 113.2426 111.6317 110.2868 199.6659 337.9001 579.1956 215.0699 125.4448 6.443645 32.52079 120.5631 463.4156 519.6409 441.1393 527.4061 777.7701 737.988 749.8954 85.25219
0 0 0 0 0 0 0 0 0 0 0 0 0 0 0 0 0 0 0 0 0 0 0 118.1563 123.2608 40.34565 46.5279 36.85916 38.45971 63.5641 52.59843 35.56499 41.99541 52.38324 47.36057 57.32698 38.95295 24.10151 53.57751 90.40716 61.94432 126.7321 230.9262 776.0818 259.6392 30.53388 29.76523 26.33838 39.45993 51.22652 99.172 142.1811 171.2993 282.4659 248.1423 293.8053 305.1579 178.0753 98.98134 58.16653 233.2936 883.4069 883.4069 883.4069 883.4069 883.4069 883.4069 883.4069 779.1942 119.6131
0 0 0 0 0 0 0 0 0 0 0 0 0 0 0 0 0 0 0 0 0 0 0 0 22.15531 33.19204 42.9669 50.49384 50.30879 102.7358 90.20313 56.49304 41.79297 42.59045 52.49219 114.7896 79.26225 29.48144 60.48729 81.32923 102.5446 115.5356 108.8887 162.8773 172.4512 9.421919 26.195 44.51741 88.07401 95.44566 180.201 189.1037 115.9478 204.0818 92.99689 145.1355 151.7344 142.34 97.13181 85.35454 120.7293 841.439 883.4069 883.4069 883.4069 883.4069 883.4069 883.4069 883.4069 444.6708
0 0 0 0 0 0 0 0 0 0 0 0 0 0 0 0 0 0 0 0 0 0 0 0 0 27.65119 36.80187 50.04942 83.08918 127.2909 94.94202 53.25414 42.18983 54.29009 115.9725 130.8019 113.8918 79.86002 39.85728 41.46581 77.63379 66.22614 35.62576 40.13507 84.98889 32.99919 133.4897 162.2761 164.8386 172.229 199.2893 164.9387 56.11825 35.73299 20.01052 13.67039 51.66003 95.16127 88.67201 25.94806 48.63058 360.1951 883.4068 883.4069 883.4068 883.4069 883.4069 883.4069 883.4069 883.4068
0 0 0 0 0 0 0 0 0 0 0 0 0 0 0 0 0 0 0 0 0 0 0 0 0 0 0 48.88313 79.46256 37.44562 33.20509 45.21748 63.84163 66.82682 72.69186 57.07727 41.94392 34.62893 35.56662 47.42096 49.88975 34.44709 35.00033 37.03157 16.09527 108.9197 158.3517 163.9706 168.3846 108.7402 100.9773 81.59888 74.44424 34.17865 13.96125 10.29639 51.93973 91.36256 31.33051 3.907321 61.97406 755.6569 883.4069 883.4069 883.4069 883.4069 883.4069 883.4069 883.4069 879.9813
0 0 0 0 0 0 0 0 0 0 0 0 0 0 0 0 0 0 0 0 0 0 0 0 0 0 0 0 55.74284 35.12415 66.84295 47.85868 63.52843 59.66907 69.7368 68.61415 64.13452 67.19145 75.75274 69.54343 86.33598 56.98634 50.66854 59.80928 62.93089 84.11729 150.0475 166.6083 167.3988 81.34825 33.1408 65.4817 59.51022 19.71059 5.496062 7.221443 21.86882 23.27487 24.32352 28.19748 47.49718 392.7669 883.4069 883.4069 883.4069 883.4069 883.4069 883.4069 832.4 458.2802
0 0 0 0 0 0 0 0 0 0 0 0 0 0 0 0 0 0 0 0 0 0 0 0 0 0 0 0 27.71381 27.96262 22.67657 65.59659 69.22017 93.75411 108.5716 96.38869 83.23038 99.29785 61.46488 101.6335 102.033 89.38789 58.81265 84.2722 113.4063 191.0582 160.2038 156.4006 151.1971 82.15655 26.69784 43.8759 54.05483 20.16268 7.350327 6.979388 15.01182 36.35254 43.90463 47.96812 48.47408 66.49339 360.6848 780.4894 883.4068 883.4069 883.4069 883.4069 843.3168 388.9909
0 0 0 0 0 0 0 0 0 0 0 0 0 0 0 0 0 0 0 0 0 0 0 0 0 0 0 0 0 0 0 117.0896 119.7776 122.9827 139.1915 90.10056 77.94102 88.71468 84.24102 71.69925 77.05121 38.41888 24.72195 60.84636 66.76347 138.9868 154.0913 93.77745 97.43751 76.25171 45.29354 19.43748 27.28467 21.62437 9.445359 11.17654 20.91067 31.76373 38.71891 49.09322 122.8286 54.02785 80.95538 769.6431 883.4069 883.4069 883.4069 883.4069 883.4069 839.0303
0 0 0 0 0 0 0 0 0 0 0 0 0 0 0 0 0 0 0 0 0 0 0 0 0 0 0 0 0 0 0 70.55434 76.14698 94.18457 102.2053 94.87166 90.96832 68.63046 73.91817 188.6492 128.571 50.08261 13.86938 33.13132 32.60996 71.19064 38.76014 41.40524 29.92214 42.29346 60.54757 67.07726 68.75674 62.50163 40.04105 30.52539 21.81783 24.04016 26.12493 44.56899 83.13562 30.6049 62.53773 493.236 784.8644 883.4069 883.4069 883.4069 883.4069 389.1939
0 0 0 0 0 0 0 0 0 0 0 0 0 0 0 0 0 0 0 0 0 0 0 0 0 0 0 0 0 0 0 0 0 0 0 92.56316 65.5464 68.80663 125.664 141.8098 162.9074 118.5137 37.40255 91.03506 72.20701 0 27.05208 14.17084 11.29902 26.99785 53.31846 8.236208 33.51884 39.28536 52.93255 35.85333 21.81784 23.17239 26.12493 24.47263 14.70824 14.70573 47.11842 37.14008 256.4526 455.2128 674.8206 798.7671 880.8492 304.8192
0 0 0 0 0 0 0 0 0 0 0 0 0 0 0 0 0 0 0 0 0 0 0 0 0 0 0 0 0 0 0 0 0 0 0 0 49.61806 96.25356 111.7257 130.3291 183.5855 59.40783 75.44744 0 0 0 0 21.51603 34.01422 39.18129 35.56924 6.347029 7.734921 17.08261 50.34063 40.13014 24.35797 29.82386 33.33391 29.3962 18.89419 22.03216 30.83991 35.39922 177.5083 241.4865 418.5788 87.78084 365.2471 604.1633
0 0 0 0 0 0 0 0 0 0 0 0 0 0 0 0 0 0 0 0 0 0 0 0 0 0 0 0 0 0 0 0 0 0 0 0 42.56602 62.83616 120.4687 110.6701 118.2111 133.2484 0 0 0 0 0 59.47747 74.253 91.55752 0 34.29058 31.80882 30.99959 32.96313 42.04763 42.56572 44.59569 47.32739 58.79728 25.44033 21.41968 40.65343 28.93069 25.84754 132.2465 139.6431 76.13563 104.5788 108.8964
0 0 0 0 0 0 0 0 0 0 0 0 0 0 0 0 0 0 0 0 0 0 0 0 0 0 0 0 0 0 0 0 0 0 0 0 0 0 0 0 0 0 0 0 0 0 0 0 0 0 0 0 0 0 40.85021 105.1308 91.59141 69.22723 75.75008 88.93065 97.62787 62.74995 55.13932 27.77289 26.2564 103.9305 75.13976 38.85889 18.71714 11.28281
0 0 0 0 0 0 0 0 0 0 0 0 0 0 0 0 0 0 0 0 0 0 0 0 0 0 0 0 0 0 0 0 0 0 0 0 0 0 0 0 0 0 0 0 0 0 0 0 0 0 0 0 0 0 0 83.8065 36.46439 70.1021 86.67329 88.88557 123.2464 87.1796 64.05524 65.64243 89.34947 260.8867 96.87222 37.05937 33.66102 15.53401
0 0 0 0 0 0 0 0 0 0 0 0 0 0 0 0 0 0 0 0 0 0 0 0 0 0 0 0 0 0 0 0 0 0 0 0 0 0 0 0 0 0 0 0 0 0 0 0 0 0 0 0 0 0 0 88.15939 59.95351 81.16145 100.5146 66.94596 85.50786 104.5133 66.66911 57.66865 108.1064 135.0168 50.54155 37.53078 31.51011 13.01999
0 0 0 0 0 0 0 0 0 0 0 0 0 0 0 0 0 0 0 0 0 0 0 0 0 0 0 0 0 0 0 0 0 0 0 0 0 0 0 0 0 0 0 0 0 0 0 0 0 0 0 0 0 0 113.5706 109.488 112.7312 102.9395 115.0355 77.09869 47.74842 60.59758 58.01355 75.7969 57.99828 34.3084 37.09223 25.82166 22.13603 16.9712
0 0 0 0 0 0 0 0 0 0 0 0 0 0 0 0 0 0 0 0 0 0 0 0 0 0 0 0 0 0 0 0 0 0 0 0 0 0 0 0 0 0 0 0 0 0 0 0 0 0 0 0 0 0 35.97239 46.79474 106.7049 154.4208 143.5213 108.404 79.78584 105.4448 75.05821 64.07756 53.22306 25.07419 22.42465 16.95967 13.52891 24.88109
0 0 0 0 0 0 0 0 0 0 0 0 0 0 0 0 0 0 0 0 0 0 0 0 0 0 0 0 0 0 0 0 0 0 0 0 0 0 0 0 0 0 0 0 0 0 0 0 0 0 0 0 0 0 63.35973 85.91655 151.7435 130.6833 84.01349 104.0391 78.80885 75.09618 71.9872 93.72977 92.18336 63.04963 33.56046 28.26101 43.06158 31.08934
0 0 0 0 0 0 0 0 0 0 0 0 0 0 0 0 0 0 0 0 0 0 0 0 0 0 0 0 0 0 0 0 0 0 0 0 0 0 0 0 0 0 0 0 0 0 0 0 0 0 0 0 0 0 137.9123 82.92302 245.6314 117.8953 78.45616 56.36001 73.50955 79.644 72.20186 78.02121 73.15624 77.8569 62.86565 64.50232 63.0624 41.70477
