Scenarios/Heterogeneous/data/country_data_population_distribution/processed/density_grids/hnd.asc
ncols 183
nrows 107
xllcorner -89
yllcorner 13
cellsize 0.041666666666667
NODATA_value -9999
[rows 31 to 61 of 107, columns 70 to 139 of 183]
0 0 0 0 0 0 0 0 0 0 0 0 0 0 0 0 0 0 0 0 0 0 0 0 0 0 0 0 0 0 0 0 0 0 0 0 0 0 0 0 0 0 0 0 0 0 0 0 0 0 0 0 0 0 0 0 0 0 0 0 0 0 0 0 0 0 0 0 0 0
0 0 125.7138 125.7138 125.7138 125.7138 0 0 0 0 0 0 0 0 0 0 0 0 0 0 0 0 0 0 0 0 0 0 0 0 0 0 0 0 0 0 0 0 0 0 0 0 0 0 0 0 0 0 0 0 0 0 0 0 0 0 0 0 0 0 0 0 0 0 0 0 0 0 0 0
0 0 125.7138 125.7138 0 0 0 0 0 0 0 0 0 0 0 0 0 0 0 0 0 0 0 0 0 0 0 0 0 0 0 0 0 0 0 0 0 0 0 0 0 0 0 0 0 0 0 0 0 0 0 0 0 0 0 0 0 0 0 0 0 0 0 0 0 0 0 0 0 0
0 125.7138 125.7138 0 0 0 0 0 0 0 0 0 0 0 0 0 0 0 0 0 0 0 0 0 0 51.4239 51.4239 51.4239 51.4239 51.4239 0 0 0 0 0 0 0 0 0 0 0 0 0 0 0 0 0 0 0 0 0 0 0 0 0 0 0 0 0 0 0 0 0 0 0 0 0 0 0 0
0 125.7138 125.7138 0 0 0 0 0 0 0 0 0 0 165.578 165.578 0 0 0 0 0 0 0 0 0 0 51.4239 51.4239 0 56.39202 51.4239 51.42391 51.4239 28.32467 12.73024 0 0 0 0 0 0 0 0 0 0 0 0 0 40.92204 24.8577 22.69481 21.99651 21.98659 0 0 0 0 0 0 0 0 0 0 0 0 0 0 0 0 0 0
0 0 0 0 0 0 0 0 0 0 0 0 0 165.5779 165.578 0 0 0 0 0 0 0 0 0 0 0 287.0181 285.2485 261.0033 240.2594 42.32194 49.99997 22.30018 43.48952 48.56541 0 0 0 0 0 0 0 0 0 0 0 118.407 36.18485 30.78847 22.69481 21.99273 21.98659 21.98659 21.98659 21.98659 0 0 0 0 0 0 0 0 0 0 0 0 0 0 0
0 0 0 0 0 0 0 0 0 0 0 0 0 0 0 0 0 0 0 0 54.7486 8.04595 14.04334 35.57771 39.73814 58.53346 265.5385 243.2522 118.1592 47.05661 32.15763 47.75012 48.48746 48.56541 47.93902 23.0864 17.12173 17.12173 0 0 31.8948 31.8948 27.33764 5.627258 48.27688 32.78945 31.06851 32.10964 26.30673 21.02431 21.94631 21.98659 21.98659 21.98659 487.1197 705.8226 212.1059 6.179658 0 0 0 0 0 0 0 0 0 0 0 0
0 0 0 0 0 0 0 0 0 0 0 0 0 0 0 0 0 0 0 54.40104 64.91872 20.19625 15.63792 25.05478 27.21196 41.6307 68.31626 43.57503 43.44904 43.44904 38.15558 47.26396 47.48816 41.7185 32.68924 23.73053 17.12173 17.12173 17.44056 31.25908 31.8948 31.8948 31.45296 8.080933 35.23946 31.2618 12.10753 10.65665 10.95956 10.58485 21.92321 21.98659 21.98659 21.98659 17.53535 6.179659 6.179659 6.179659 5.814699 4.689794 4.689794 4.689794 4.689794 0 0 0 0 0 0 0
0 0 0 0 0 0 2667.114 2553.634 311.8436 0 131.8025 128.4216 89.69231 136.2157 128.3774 41.92374 0 109.7442 167.5331 52.89622 21.10452 12.90333 9.229547 22.75916 28.9605 30.5134 42.3039 43.68254 43.50867 43.44904 63.62225 57.94715 21.44716 18.22389 49.89801 52.02119 20.19941 17.12173 17.14576 29.64953 31.8948 27.16107 12.12353 5.627258 7.05266 10.57455 10.57455 10.57455 10.57455 10.57455 14.37631 7.949535 17.93486 21.98659 15.13131 6.179659 6.179659 6.179659 6.179659 4.689794 0 4.689794 4.689794 7.455789 30.10555 44.08956 44.03405 22.1563 0 0
7.987489 23.47809 74.66042 57.01204 1160.158 2667.114 2300.357 2579.683 1587.639 268.4128 146.6611 126.2443 91.16882 115.1375 94.90987 79.75154 75.46587 69.68649 90.02673 24.78896 20.28135 18.55508 36.19766 36.18618 30.34482 32.34151 44.20216 45.04417 45.18564 70.50558 81.95853 187.7549 199.8394 29.31413 52.43615 51.47164 21.17748 17.12173 17.16076 29.03989 16.71446 5.992393 5.627258 5.627239 6.700252 10.55449 10.57455 10.57455 10.57455 10.57455 0.8490893 0.8269421 2.018495 3.83288 1.792241 6.179659 6.179659 6.179659 5.49613 4.689794 4.689794 4.689795 4.689795 4.689795 7.258518 33.81929 38.09201 6.348235 2.037128 0
11.02187 59.03354 136.927 201.3196 356.6595 1226.204 535.8085 988.83 777.7012 79.95802 76.89904 42.67636 69.40989 90.06279 100.7051 44.7827 26.98099 21.78673 18.51712 37.46986 71.2384 87.38586 104.3773 90.69763 68.84233 88.25571 102.2251 94.12921 258.2307 51.84801 49.51683 58.96368 210.0446 43.66617 31.04852 22.64375 17.12173 17.02501 12.51894 6.799653 5.627258 5.627258 5.627258 5.62673 5.625503 7.059921 9.246499 10.57455 10.57455 10.5745 0.8335791 0.8269421 0.8269421 0.8269421 1.027176 5.067647 6.179659 5.965119 4.740031 4.689795 4.689795 4.689794 4.689794 4.689794 4.689794 4.662577 3.472893 2.037128 2.037128 2.037128
96.00172 170.5337 88.47337 70.4827 236.8666 21.02672 2.325685 12.63879 25.43235 36.21285 44.14799 30.96405 57.56366 64.54732 86.85737 42.51122 34.64724 40.14043 76.11224 112.459 115.7455 114.8375 106.6415 104.5908 152.1371 572.9777 865.2073 126.2833 62.27511 34.51221 46.35632 40.0453 36.85136 36.95251 27.50772 15.04273 13.83464 7.084714 5.568115 5.627258 5.627258 5.627258 5.222706 4.294851 5.625502 5.625503 5.724581 8.099554 10.57455 10.56559 0.8269421 0.8269421 0.8269421 0.8269421 0.8269421 1.381135 3.167871 2.485796 4.628195 4.689794 4.689794 4.689795 4.689794 4.689794 4.49345 3.289461 2.037128 2.037128 2.037128 2.037128
463.0499 28.49287 26.14644 0.001311399 0.2808601 6.634334 9.255389 9.435625 12.57539 26.09153 59.13783 32.58044 35.22046 45.68869 74.7635 66.02637 73.51917 96.74742 115.7455 115.7455 115.7455 115.7455 115.0575 124.3588 211.4309 742.4471 724.5867 232.2013 29.18478 26.47119 34.01748 29.8388 28.58897 30.04547 22.65144 1.16371 1.16371 1.16371 1.879683 2.358088 5.417924 5.551784 1.538353 1.465503 5.33251 5.625502 5.625503 5.626606 9.813578 10.56637 0.8269421 0.8269421 0.8269421 0.8269421 0.8269421 0.7803618 0.5196022 0.5051394 0.8211648 3.955876 4.689794 4.689794 4.689795 4.689794 4.164851 2.102849 2.037128 2.037128 2.037128 2.037128
50.14016 5.01041 6.932386 0.1441464 0.4627261 8.801692 9.435624 9.393197 9.217745 23.48327 49.83078 29.30912 31.98531 31.03141 46.82256 74.98593 117.8417 113.9843 115.7455 115.7455 115.4831 112.2455 128.7149 205.3312 217.6931 162.1704 60.70118 26.47119 26.47119 26.47119 26.69332 29.45995 47.78553 41.68744 4.632389 1.16371 1.16371 1.16371 1.16371 1.192529 4.459254 2.102828 1.16371 1.16371 3.39324 5.625502 5.625503 5.625502 8.885761 10.57454 0.8345098 0.8269421 0.8269421 0.8240767 0.7609601 0.5657346 0.5051394 0.5051394 0.5051394 4.265928 4.689794 4.689794 4.689794 4.689794 4.459801 2.121412 2.037128 2.037128 2.037128 2.037128
19.24212 4.561145 6.225576 1.611859 1.375403 5.899693 8.535267 10.77613 13.06711 4.148593 19.99354 203.7687 22.90393 24.14887 10.96091 12.70585 61.59627 115.7455 115.6911 100.5378 100.4336 95.03328 172.0658 90.62917 48.12238 36.57289 33.54619 17.40837 26.13883 26.47119 25.33362 13.4922 35.54815 21.02717 15.33169 2.187238 1.16371 1.16371 1.16371 1.16371 1.189883 1.16371 1.16371 1.16371 1.720042 5.612474 5.625503 5.625502 7.497239 10.01103 0.8474105 0.8269421 0.7233592 0.5446809 0.5051394 0.5051394 0.5051394 0.5051394 0.5091396 4.616027 4.689794 4.689795 4.689794 4.689794 4.545234 2.563469 2.037128 2.037128 2.189398 2.256974
9.775517 7.874924 8.327146 8.327145 4.684331 3.686237 9.13804 30.33461 24.84764 25.41168 53.30335 500.3655 23.64008 18.69778 10.51463 57.01612 30.71833 42.46815 78.15768 129.7373 106.2271 95.03329 94.93779 34.66026 14.58999 14.58999 14.58999 14.71888 16.9132 15.73158 11.22556 9.562489 9.839606 17.82105 20.74967 16.61874 2.033394 1.16371 1.16371 1.16371 1.16371 1.16371 1.16371 1.16371 1.16371 4.733702 5.625502 5.625503 5.625502 5.625503 0.8462971 0.692036 0.5055971 0.5051394 0.5051394 0.5051394 0.5051394 0.5051394 0.5763702 4.434298 4.689794 4.689794 4.689794 4.689794 10.56072 19.67739 2.037128 2.037128 5.598352 2.398689
10.29287 12.70902 9.061204 8.327145 3.834937 8.622822 14.13634 42.05175 39.08578 113.7485 165.0661 361.5769 696.7298 148.6202 48.94964 60.53014 46.0355 107.4368 123.415 187.771 118.1489 95.03328 95.03329 68.45071 17.0074 14.58999 14.58999 13.65744 7.855213 6.230245 7.025094 9.476639 10.41062 19.09803 19.00513 20.12366 10.67191 1.667954 1.16371 1.16371 1.16371 1.16371 1.16371 1.16371 1.16371 3.376604 5.462355 5.625503 5.625502 5.625503 0.7578523 0.5105249 0.5051394 0.5051394 0.5051394 0.5051394 0.5051394 0.5051394 0.5051394 1.233501 4.259211 4.689795 4.689794 18.24783 47.73985 56.07472 11.8235 10.892 14.98456 5.026996
9.090857 7.27293 11.63905 9.713823 11.24373 9.272494 22.47695 36.65414 40.46294 171.3254 162.6128 92.64912 162.1206 66.53975 71.01851 36.50388 29.68974 36.35194 84.48743 147.8584 113.6418 95.03329 95.03328 95.03329 60.50417 14.58999 13.21129 6.484939 6.230245 6.230245 6.230245 8.326275 9.562488 9.817714 9.577583 11.99576 13.10409 11.8337 7.866916 4.620217 1.168522 1.16371 1.16371 1.16371 1.16371 1.16371 1.918401 4.884881 4.066316 4.756524 0.5230393 0.5051394 0.5051394 0.5051394 0.5051394 0.5051394 0.5051394 0.5051394 0.5051394 0.5051394 1.018132 4.203768 9.910308 18.73109 22.56656 5.240984 7.355036 11.41646 14.57604 2.639353
10.24765 2.802838 10.07058 15.26634 27.77895 28.94264 32.76693 68.0648 69.84492 81.2842 24.66044 27.57898 33.04255 32.77337 26.09929 20.74183 21.25689 28.04169 38.40192 60.57982 49.85798 78.78644 95.03329 68.77032 51.71308 14.88113 6.813601 6.186584 4.927518 3.744394 4.790425 8.029622 9.174562 8.721727 8.95666 12.99955 13.10409 13.10409 14.32226 19.00945 16.00871 3.428459 1.16371 1.16371 1.16371 1.16371 1.16371 1.16371 1.16371 1.219261 0.5108197 0.5051394 0.5051394 0.5051394 0.5051394 0.5051394 0.5051394 0.5051394 0.5051394 0.5051394 0.5967542 4.641257 14.27063 10.00047 1.755007 0.4594266 0.4594265 0.4594265 1.796285 2.313748
15.75316 14.18827 13.50115 18.64803 31.13617 31.12786 18.54654 54.889 32.28882 63.53597 31.32678 18.291 25.92618 22.56097 21.31883 21.31414 24.17304 28.00047 14.19264 5.605463 5.417439 6.463943 13.94172 4.20205 4.283025 6.179491 6.230245 3.570119 1.99713 1.99713 1.99713 2.664199 6.550439 6.751495 6.751495 8.188622 12.94341 13.10409 15.70659 19.00945 19.10408 15.87624 1.278981 1.16371 1.16371 1.16371 1.16371 1.16371 1.16371 1.16371 0.5063496 0.5051394 0.5051394 0.5051394 0.5051394 0.5051394 0.5051394 0.5051394 0.5051394 0.5051394 8.049897 14.40223 9.285902 0.5272906 0.4594266 0.4594266 0.4594266 0.4594265 0.4594265 1.40411
17.55419 16.9358 14.58072 19.39509 47.72256 27.14661 7.234189 25.02658 32.18944 32.18944 28.87968 28.35218 26.40094 22.23124 20.82267 10.3061 10.10025 7.090641 5.606493 5.417439 5.417439 5.417439 5.417439 4.67911 3.646044 4.21958 5.854543 3.893086 1.99713 1.99713 1.99713 1.99713 5.260344 6.751495 6.751494 6.751495 7.565623 12.02384 20.39838 19.31557 21.19393 26.70375 10.7708 1.16371 1.16371 1.16371 1.16371 1.16371 1.16371 1.16371 0.5064184 0.5051394 0.5051394 0.5051394 0.5051394 0.5051394 0.5051394 0.5051394 0.5051394 3.342859 12.54949 8.264595 0.6676601 0.4594266 0.4594265 0.4594265 0.4594265 0.4594265 0.4594265 0.6259051
22.50435 23.64454 32.27321 47.24681 45.55827 58.91673 31.54261 14.45599 21.30565 17.73173 24.92723 25.85499 23.14976 22.3829 17.05392 5.889463 5.889463 5.889463 5.755859 5.417439 5.417439 5.417439 5.417439 5.171359 3.753011 3.646043 4.2363 5.127626 4.029395 5.245398 7.522264 10.68771 13.04524 8.780652 6.9346 6.751494 8.266034 14.07218 21.31987 20.02353 27.3323 35.69435 20.84565 6.672906 1.16371 1.16371 1.16371 1.16371 1.16371 1.16371 0.5070413 0.5051394 0.5051394 0.5051394 0.5051394 0.5051394 0.5051394 0.5051394 0.5051394 14.8127 9.348825 0.4594266 0.4594266 0.4594266 0.4594266 0.4594266 0.4594266 0.4594266 0.4594266 0.4594266
22.80179 22.80179 38.71282 41.10044 35.4679 28.83231 27.09035 11.50655 5.902567 5.902567 23.69909 23.64023 24.19724 31.49493 15.7114 5.889463 5.889463 7.910869 6.732076 5.417439 5.417439 5.417439 5.417439 5.417439 4.989061 3.836284 3.646043 7.990601 9.459173 8.967285 13.87172 253.232 37.12342 9.878566 8.795902 9.571323 19.54351 23.20644 17.06739 14.98886 15.62368 20.37699 18.00288 14.11755 2.7958 1.16371 1.16371 1.16371 1.16371 1.16371 0.507664 0.5051394 0.5051394 0.5051394 0.5051394 0.5051394 0.5051394 0.5051394 0.5051394 10.98725 4.206615 0.4594266 0.4594266 0.4594266 0.4594266 0.4594266 0.4594266 0.4594266 0.4594266 0.510036
36.46767 47.1223 42.96352 22.96379 24.20284 27.63037 27.09036 10.65426 5.902567 5.902567 13.87259 22.74641 35.22966 26.8851 9.143998 6.335519 8.960274 10.35061 9.875119 6.201106 5.782467 5.717265 5.621831 6.009371 5.968637 5.662315 6.756496 10.48055 14.4411 10.75794 13.14462 46.73325 23.03886 21.00572 13.32778 31.27078 23.87886 20.93824 21.2715 13.04635 11.61923 11.74121 11.92295 12.52932 14.03401 12.6352 4.070171 1.691018 1.16371 1.16371 0.5082865 0.5051394 0.5051394 0.5051394 0.5051394 0.5051394 0.5051394 0.5051394 4.203674 18.5633 2.868399 0.4594265 0.4594266 0.4594265 0.4594266 0.4594266 0.4594265 0.4594265 0.5157717 1.409326
31.81154 36.82176 44.33204 24.85 22.0039 25.85679 27.09035 8.109452 5.902567 5.902567 6.300012 15.88752 10.74734 17.33645 10.24653 17.44652 12.21993 10.37621 10.37621 7.868617 5.860053 5.860053 5.860053 6.392166 10.08607 10.17624 10.19407 11.06485 20.11627 20.24044 17.47752 16.80988 19.89402 17.70976 16.47622 27.667 32.25105 21.23043 18.87388 15.93888 14.994 14.94941 13.9146 12.2802 9.448685 4.266778 2.81057 2.807227 1.80769 1.16371 0.5081811 0.5051394 0.5051394 0.5051394 0.5051394 0.5051394 0.5051394 0.5567486 4.763958 18.63638 1.328549 0.4594265 0.4594265 0.4594265 0.4594265 0.4594265 0.4615081 1.131614 2.161746 2.478816
24.72608 27.74535 35.35382 30.21007 23.84322 27.09035 27.0356 7.174418 5.912743 5.981087 4.093142 6.34439 6.324581 6.415111 24.12695 57.47486 36.99818 18.10585 19.59782 20.44607 5.858989 5.860053 5.855042 17.7703 10.13816 10.13933 13.04774 12.21306 29.74722 35.21827 29.30388 19.9056 12.1919 16.0452 19.72343 21.72644 98.16184 59.56111 19.02291 18.86786 9.534554 7.776005 2.848764 2.81057 2.81057 2.81057 2.81057 2.81057 2.786643 1.6616 0.5074014 0.5051394 0.5051394 0.5051394 0.5051394 0.6382893 2.911222 3.126946 17.45395 18.69889 4.438331 0.4594266 0.4594266 0.4594266 0.4594265 0.8007507 2.031121 3.18846 2.582541 2.478816
26.20572 24.56633 29.45182 34.76186 28.11109 27.09035 27.09035 38.16611 78.45492 11.86525 3.581726 1.52531 4.00475 16.62321 28.86802 45.35453 54.93483 33.30666 33.30666 26.21905 5.769763 5.770379 5.767562 62.56207 88.05409 27.89519 12.61679 35.96186 35.73674 32.17088 29.22866 27.96709 14.18695 12.0253 15.63411 21.57038 122.8144 22.37505 5.062905 8.585397 7.596669 7.517216 3.294451 2.81057 2.81057 2.81057 2.81057 2.81057 2.81057 2.747292 0.5090652 0.5051394 0.5051394 0.5267476 0.8212178 12.25124 11.15576 1.827498 8.213962 9.329537 3.690594 0.4594265 0.4594265 1.222402 2.173324 2.908027 3.189862 3.189862 2.873958 2.478816
16.78808 14.8677 26.16716 27.1168 27.08918 27.09036 29.46551 65.92844 111.7325 34.43402 3.964138 1.53153 7.750534 20.42986 20.24367 25.92993 34.9089 33.30666 30.01359 14.75969 5.765837 5.765837 6.227103 26.48202 92.51064 16.67211 9.92203 17.42226 22.97655 22.97655 23.93174 30.41128 18.96586 11.04832 11.51964 12.99986 8.837895 7.73665 5.5804 4.641106 5.0694 4.938786 2.85325 2.81057 2.81057 2.81057 2.81057 2.81057 2.81057 2.81057 0.5077365 0.5051394 0.7036914 0.9140742 0.9171833 0.9171833 1.115521 1.827498 1.827498 1.827498 1.817651 0.9076015 1.506537 3.189705 3.189863 3.189863 3.189863 3.189862 3.159729 2.554791
5.346609 17.6303 23.19046 25.41608 24.74373 47.78498 48.728 52.15086 82.38719 25.01644 6.02221 5.883658 12.31773 17.89508 15.90249 15.2119 18.00914 24.99984 28.15925 16.23414 6.517518 5.765837 9.502122 22.43867 22.90122 24.3558 11.95607 13.42965 22.97655 22.97655 31.20034 32.44189 29.06933 13.17678 11.04832 10.7626 8.779455 8.582421 7.401103 4.641495 4.641495 4.641495 3.411109 2.81057 2.81057 2.81057 2.81057 2.81057 2.81057 2.81057 0.5281385 0.5891615 0.9106199 0.9171834 0.9171833 0.9171833 1.066199 1.827499 1.827498 1.827498 1.970536 3.00403 3.189862 3.189862 3.189862 3.189862 3.189862 3.189862 3.170817 2.211911
11.10109 23.79718 21.78127 22.17716 23.22963 13.67879 76.73177 83.06123 52.3525 29.35555 14.07917 12.48516 22.64762 17.08913 7.572989 9.215581 30.31833 48.70419 58.28062 58.18964 38.89748 20.02345 10.83961 16.33937 20.82433 33.45051 22.53107 26.47708 43.3106 22.97655 37.53351 40.27185 33.22763 28.60741 19.74978 11.04832 10.83718 8.970559 6.840045 4.641495 4.641494 4.641495 3.852598 2.81057 2.81057 2.81057 2.81057 2.81057 2.81057 2.81057 0.9212211 0.9083982 0.9171833 0.9171833 0.9171833 0.9171833 1.112237 1.827498 1.827498 1.922559 2.952013 3.189862 3.189862 3.189862 3.189862 3.189862 3.189862 3.148183 2.483767 2.031808
23.50943 25.26395 21.8342 21.38608 25.42727 25.0783 15.77689 44.8127 36.38418 31.56166 31.57505 32.82828 32.84706 15.2649 7.328492 18.83515 47.97871 51.67043 57.31752 73.16011 54.12575 166.2464 64.07693 22.86956 25.39963 37.96946 44.78738 100.7466 467.0663 132.1188 36.88364 47.34224 39.49173 31.33913 30.66273 12.42159 11.04832 8.549879 5.673735 4.760343 4.641495 4.911612 4.945475 3.757233 2.837508 2.81057 2.81057 2.81057 2.81057 2.81057 0.9231848 0.9171833 0.9171833 0.9171833 0.9171834 0.9171833 1.163327 1.827498 1.569758 1.682679 2.57239 3.189863 3.189863 3.189862 3.188686 3.185347 3.136966 2.100138 2.031808 2.031808
