Scenarios/Heterogeneous/data/country_data_population_distribution/processed/density_grids/hnd.asc
ncols 183
nrows 107
xllcorner -89
yllcorner 13
cellsize 0.041666666666667
NODATA_value -9999
[rows 62 to 92 of 107, columns 70 to 139 of 183]
23.20175 45.90887 32.91029 42.93954 20.74035 19.21067 8.084702 9.240017 22.98627 33.03552 49.67289 42.29264 34.35337 34.5532 26.03383 32.20459 35.16315 27.64763 37.75327 36.95823 32.75707 136.6355 60.97588 25.35656 22.61633 25.17234 44.2513 59.24084 496.6665 363.8164 51.38017 52.27722 26.95615 12.50165 9.168656 8.17233 9.050735 8.549864 5.940302 5.872871 5.689968 5.928136 5.940303 5.939396 5.380516 4.123033 5.167983 3.294819 2.81057 2.81057 0.9251473 0.9171833 0.9171833 0.9171833 0.9171833 0.8970659 0.7096109 0.7569663 0.4787808 0.4534267 0.4559615 1.585258 3.081585 2.955787 2.924605 3.178235 2.962541 2.031808 2.031808 2.031808
22.93323 43.42025 54.41637 52.36824 92.47853 64.27252 16.11837 12.85304 12.50181 14.05987 35.51175 36.17112 34.56398 49.50073 46.09172 30.25821 30.033 32.03561 28.69695 20.123 18.296 28.26348 34.01008 23.69862 22.05261 25.58895 50.88325 53.81588 471.0707 496.4871 197.7793 36.52289 12.58311 5.940303 5.940302 5.940302 5.940302 6.13579 5.940302 5.940303 5.940302 5.940302 5.940302 5.940302 5.940302 5.940302 5.007079 2.81057 2.81057 2.81057 0.9254741 0.9171833 3.629158 4.842329 0 0.5974827 0.4534267 0.4534267 0.4534267 0.4534267 0.4534267 0.4802972 1.600297 1.063227 1.180286 3.168853 2.804777 2.031808 2.031808 2.031808
23.85852 26.49812 43.08404 47.15434 89.19866 70.18423 10.57045 8.553407 11.7304 6.497828 5.404032 14.46028 22.57067 34.82278 29.47539 20.52772 19.87911 17.18739 16.33441 16.36484 18.00102 21.17786 24.89529 49.4436 110.4032 103.1999 83.95617 72.34869 312.1225 250.1166 34.88233 22.19697 11.51345 7.521556 5.954433 5.940302 5.940302 5.940302 5.940302 5.940302 5.940302 5.940302 5.940302 5.940302 5.940302 5.940302 4.24495 2.81057 2.81057 2.81057 0.9498062 2.84658 0 0 0 0 0.4534267 0.4534267 0.4534267 0.4534267 0.4534266 0.7554923 1.063227 1.063227 1.413201 3.178236 3.039071 2.27047 2.30511 2.031808
23.35074 24.84333 34.74274 41.84467 40.73625 8.913555 6.123489 21.17013 15.12694 9.552535 9.350156 20.96028 21.41642 27.83619 23.46952 16.42113 13.66326 18.49279 42.11635 30.1405 42.50209 40.98208 40.6161 103.9653 97.4759 87.76219 79.33434 40.5466 18.99775 18.99775 27.29729 28.63715 15.06636 11.57875 6.333684 5.940302 5.940302 5.940302 5.940302 5.940302 5.940302 5.940302 5.940302 5.940302 5.940302 5.940302 5.441178 3.1057 2.81057 3.1983 0 0 0 0 0 0 0.7742932 0.4534267 0.4534267 0.4534267 0.4534267 0.4543428 1.022941 1.063227 1.081108 2.755338 3.178235 4.99951 0 2.384457
25.26545 33.7298 43.91139 35.57094 37.48488 15.27746 36.81086 29.4874 19.34305 15.31614 11.54486 14.51477 17.10767 15.0547 12.49944 19.04487 26.85543 13.86823 30.17835 89.87336 886.3741 236.4186 43.1382 69.93082 60.18089 49.21981 16.35649 13.73356 18.99775 18.75929 11.72564 13.00859 10.69035 7.563121 5.968401 5.940302 5.940303 5.940302 5.940303 5.940302 5.940302 5.940302 5.940302 5.940303 5.940302 5.940303 5.940302 5.437787 3.15098 0 0 0 0 0 0 0 0 1.910245 1.001338 0.4534267 0.4534267 0.6803306 1.063227 1.063227 2.036385 0 4.073464 4.511746 0 0
38.31301 45.59314 20.09922 11.20641 21.64048 42.67039 88.50363 25.69961 25.369 76.66795 61.55579 14.41987 12.88514 11.42622 11.66199 20.24671 44.9274 17.39728 24.45658 256.0594 1858.947 206.1378 61.59666 75.3604 53.02094 24.54736 17.64494 17.86127 18.83947 11.62185 7.343549 9.037731 10.0109 13.01391 9.521158 6.803615 5.998178 6.449638 6.11527 6.123865 6.89221 6.465198 5.940302 5.940302 5.940302 5.940302 5.940302 5.940302 5.966985 0 0 0 0 0 0 0 0 0 0 0 0 2.990569 1.10583 2.56479 0 0 0 0 0 0
30.81366 22.48428 3.163607 3.147836 18.87339 54.58683 96.07093 42.8531 48.5536 45.78627 40.30056 29.30114 21.01161 18.38761 15.88535 38.8244 51.78845 10.41798 24.14602 42.04333 43.4772 54.812 53.19554 71.36683 44.35979 39.01492 18.50971 18.99775 12.24896 7.296113 7.541116 9.455796 12.07026 11.42983 9.650388 9.650388 9.393309 8.425884 7.172726 7.176105 7.177035 7.157554 6.529715 5.940302 5.940302 5.940303 5.940302 5.940303 5.94118 0 0 0 0 0 0 0 0 0 0 0 0 0 0 0 0 0 0 0 0 0
36.28527 11.01864 3.147836 3.149771 17.94757 49.83488 128.0833 103.2282 79.36803 187.9203 242.5929 23.39202 21.93651 17.00971 10.85896 8.392604 7.561538 10.57536 53.61523 50.87562 57.46207 44.41146 32.49323 11.90984 24.90646 53.56072 18.67977 14.91232 7.318075 7.296114 8.43002 9.650387 9.650388 9.650388 9.650388 9.650388 9.650388 8.769843 7.177034 7.177034 7.177035 7.177034 6.841507 5.946071 5.940302 5.940302 19.96494 23.51538 0 0 0 0 0 0 0 0 0 0 0 0 0 0 0 0 0 0 0 0 0 0
44.8072 21.58675 3.147836 3.444113 15.03572 135.9212 140.8932 146.8515 49.78312 71.18832 30.96699 21.81684 20.30291 11.54697 8.966402 24.46469 27.6533 25.29309 34.50681 34.19324 19.51108 21.35785 22.64594 17.99054 9.371146 10.35274 21.7462 7.965371 7.296113 7.296113 8.834329 9.650388 9.650388 9.650388 9.650388 9.650388 9.650388 8.792241 7.177034 7.177034 7.177035 7.177035 6.253157 5.940302 5.940303 5.940302 20.18972 0 0 0 0 0 0 0 0 0 0 0 0 0 0 0 0 0 0 0 0 0 0 0
80.95434 45.80987 12.98662 6.303016 26.85642 115.2629 57.0381 18.38683 41.32366 46.92031 33.32572 18.97939 18.07302 11.11433 12.74612 23.38807 28.14933 26.22093 27.01554 35.389 22.56333 9.126899 7.040325 6.949083 6.949083 19.65401 16.13787 7.296113 7.296113 7.296113 7.919336 9.644554 9.650388 9.650388 9.650388 9.650388 9.650388 8.802185 7.177035 7.177035 7.177035 7.177035 6.70895 6.321439 6.191224 8.413406 0 0 0 0 0 0 0 0 0 0 0 0 0 0 0 0 0 0 0 0 0 0 0 0
147.7058 97.63673 18.80553 18.95828 13.47391 12.59475 13.21129 14.9006 28.9029 58.36724 48.27192 43.80096 34.33517 21.32921 13.64842 21.97997 26.39342 26.92561 32.45304 43.2813 36.46665 27.15501 13.8011 6.949083 9.988716 23.83155 17.72272 10.03051 7.249417 7.270092 8.177154 9.650388 9.650388 9.650387 9.650388 9.650387 9.650388 8.746268 7.177034 7.177034 7.177034 7.177035 7.177035 7.177035 7.177035 23.47796 0 0 0 0 0 0 0 0 0 0 0 0 0 0 0 0 0 0 0 0 0 0 0 0
151.7454 27.82148 15.78859 22.8526 22.8598 41.13409 38.66821 23.43509 74.43652 97.73488 47.19122 53.36003 38.65104 22.07108 17.49803 25.32148 26.39343 34.17265 44.39758 42.5279 36.57435 32.28336 9.199402 6.949084 12.89587 18.86224 21.72498 21.2775 36.47433 8.646986 7.263615 8.384749 9.40622 9.452472 9.411929 9.509523 9.353757 8.47537 7.177035 7.177034 7.177034 7.177035 7.177035 7.177035 8.266726 0 0 0 0 0 0 0 0 0 0 0 0 0 0 0 0 0 0 0 0 0 0 0 0 0
36.30688 30.02919 4.87155 29.49478 28.08409 75.15111 47.58765 45.93658 75.32455 101.6145 54.57069 79.88262 81.19243 34.91053 25.26369 26.39342 26.39342 38.8388 44.39758 44.97613 34.86501 19.72926 6.949082 15.3408 19.50492 17.66293 23.08178 55.98208 112.6001 32.04389 14.64233 7.177035 7.177035 7.177035 7.177034 7.177035 7.177035 7.177035 7.177034 7.177035 7.177034 7.177035 7.177035 7.177035 11.94483 0 0 0 0 0 0 0 0 0 0 0 0 0 0 0 0 0 0 0 0 0 0 0 0 0
63.3074 47.20846 15.17005 19.58002 26.4698 31.65753 55.35064 51.16363 47.62734 49.47445 67.61781 73.56539 43.53477 49.46727 63.72091 33.80033 26.39343 31.22856 49.03575 41.58529 24.87367 32.046 10.95966 23.30164 25.64091 28.43035 42.61076 73.08906 61.01193 40.7 11.65243 7.177035 7.177035 7.177035 7.177035 7.177035 7.177035 7.177035 7.177035 7.177035 7.177035 7.177035 7.177035 7.177035 7.177035 16.96176 0 0 0 0 0 0 0 0 0 0 0 0 0 0 0 0 0 0 0 0 0 0 0 0
58.40565 185.0642 68.99794 18.21542 39.14741 59.80886 85.95441 81.51761 56.83959 77.30238 82.22915 31.83908 38.42595 62.00908 59.89814 56.74919 58.64724 57.55743 61.42179 25.8623 30.94718 54.05858 46.43254 30.35083 35.50933 50.09688 47.49197 47.22044 47.04144 45.91339 10.56076 7.177035 7.177035 7.177034 7.177035 7.177035 7.177035 7.177034 7.177035 7.177034 7.177035 7.177034 8.888988 12.70883 11.54393 14.0331 0 0 0 0 0 0 0 0 0 0 0 0 0 0 0 0 0 0 0 0 0 0 0 0
678.9642 334.8106 71.61819 14.90874 45.49755 51.37175 79.21397 52.15505 280.2405 147.7299 60.96487 58.48695 58.01915 58.97528 56.40659 52.85771 58.47507 63.49226 63.49226 36.93887 28.56795 60.67523 71.98101 73.55959 63.66547 60.44907 47.60231 47.04144 47.04144 45.46222 14.51035 7.177034 7.177035 7.177034 7.177035 7.177034 7.177035 7.177034 7.177035 7.177035 8.290776 20.8567 0 0 0 0 0 0 0 0 0 0 0 0 0 0 0 0 0 0 0 0 0 0 0 0 0 0 0 0
645.989 186.1896 145.8982 275.4156 52.99364 51.33105 51.33105 76.63108 59.28654 46.29291 53.93311 55.52567 55.02622 41.1618 36.8903 32.80609 48.01799 65.13828 63.49226 52.14465 47.56064 57.13747 54.74904 56.50087 62.47097 61.70148 52.74185 47.94181 42.00312 22.48744 16.01371 10.64632 11.76845 10.05827 9.483298 7.177035 7.177034 7.177035 7.177035 7.177035 10.81243 0 0 0 0 0 0 0 0 0 0 0 0 0 0 0 0 0 0 0 0 0 0 0 0 0 0 0 0 0
237.0058 374.9708 54.11857 101.2862 101.9839 51.33105 51.33105 65.52975 54.16891 45.43664 64.98611 39.04812 39.47444 32.73941 32.80996 34.06307 46.03442 71.4959 64.42077 64.86657 54.27196 54.27062 58.50698 62.12989 62.38676 61.70149 61.70149 53.12226 26.0771 60.02329 58.9542 31.60863 16.05118 16.05118 15.98871 9.833957 7.177034 7.177035 7.177034 7.177035 0 0 0 0 0 0 0 0 0 0 0 0 0 0 0 0 0 0 0 0 0 0 0 0 0 0 0 0 0 0
428.2376 156.8095 80.56204 52.16301 51.33105 51.33105 51.33104 46.79352 51.59152 31.84022 30.43337 27.15085 19.93767 22.45002 33.78375 63.94173 131.236 83.78767 103.5294 93.75024 59.47461 54.27062 74.94217 86.53927 83.86646 61.70149 61.70149 61.68312 61.70149 61.70149 61.70149 28.12498 16.05118 16.05118 16.05118 11.24345 7.177035 7.31203 14.25638 0 0 0 0 0 0 0 0 0 0 0 0 0 0 0 0 0 0 0 0 0 0 0 0 0 0 0 0 0 0 0
579.0608 77.71021 77.7102 66.57219 86.32801 88.78825 41.64344 39.47764 47.2729 22.55956 47.09595 227.6589 419.8867 62.31007 66.53862 121.6995 173.5863 152.4811 93.5873 88.06349 63.45408 74.39146 84.69108 101.1564 0 0 62.58858 61.70148 60.07832 40.00872 35.16071 25.51667 16.48227 16.14192 16.05118 16.21794 19.39156 22.38977 0 0 0 0 0 0 0 0 0 0 0 0 0 0 0 0 0 0 0 0 0 0 0 0 0 0 0 0 0 0 0 0
79.14318 77.67275 77.7102 77.68967 66.15787 81.75778 19.70221 29.07603 34.46647 49.95201 66.57837 529.5898 1432.296 1276.359 87.37782 123.1781 114.4977 80.83743 50.9469 60.25301 76.425 78.90305 100.2889 0 0 100.4497 64.59318 60.86107 28.3518 23.88674 23.88674 23.84809 18.08836 17.55874 23.94221 0 0 0 0 0 0 0 0 0 0 0 0 0 0 0 0 0 0 0 0 0 0 0 0 0 0 0 0 0 0 0 0 0 0 0
64.79514 65.29092 81.43962 71.97046 55.76233 38.18751 15.73484 15.22977 38.05758 31.60701 64.63132 146.2621 114.2308 113.1757 90.70647 79.05853 71.33689 63.19621 55.60272 54.74166 64.8398 92.08993 0 0 0 0 56.39787 33.27679 22.79265 22.96922 23.42615 19.26082 27.61921 0 0 0 0 0 0 0 0 0 0 0 0 0 0 0 0 0 0 0 0 0 0 0 0 0 0 0 0 0 0 0 0 0 0 0 0 0
32.95581 40.02618 138.7769 32.57129 34.19578 80.37779 88.99974 42.54239 31.11237 16.22485 24.23223 31.98361 76.58642 100.0745 84.7493 56.53248 49.38681 66.59784 59.92901 54.97802 64.42446 0 0 0 0 0 0 57.09156 22.38926 18.97637 19.55756 22.96099 0 0 0 0 0 0 0 0 0 0 0 0 0 0 0 0 0 0 0 0 0 0 0 0 0 0 0 0 0 0 0 0 0 0 0 0 0 0
29.29863 25.5317 57.21921 70.24995 34.33599 19.9672 20.43524 17.62567 18.18431 16.65445 51.8414 116.4596 250.6451 188.5108 51.1133 36.95003 33.63147 54.67704 66.19851 59.83789 0 0 0 0 0 0 0 0 0 0 17.66731 23.87987 0 0 0 0 0 0 0 0 0 0 0 0 0 0 0 0 0 0 0 0 0 0 0 0 0 0 0 0 0 0 0 0 0 0 0 0 0 0
20.57912 26.59563 28.74517 38.95269 19.56028 34.89479 35.10608 29.65235 30.96412 71.74711 82.65768 125.4812 601.868 374.1558 84.22264 72.91769 35.21655 52.22107 68.84553 0 0 0 0 0 0 0 0 0 0 0 28.04708 24.24405 0 0 0 0 0 0 0 0 0 0 0 0 0 0 0 0 0 0 0 0 0 0 0 0 0 0 0 0 0 0 0 0 0 0 0 0 0 0
18.95292 23.10234 28.50388 40.59881 41.82301 48.71454 40.32547 32.65895 23.89619 37.01888 59.12952 106.4688 74.71564 72.88022 83.84535 56.59245 54.57215 57.61686 66.08685 0 0 0 0 0 0 0 0 0 0 0 0 0 0 0 0 0 0 0 0 0 0 0 0 0 0 0 0 0 0 0 0 0 0 0 0 0 0 0 0 0 0 0 0 0 0 0 0 0 0 0
23.97915 27.06542 63.68371 68.06192 61.4567 40.5713 30.07207 21.76448 0 0 0 0 0 0 61.56009 54.65547 58.94744 59.19768 0 0 0 0 0 0 0 0 0 0 0 0 0 0 0 0 0 0 0 0 0 0 0 0 0 0 0 0 0 0 0 0 0 0 0 0 0 0 0 0 0 0 0 0 0 0 0 0 0 0 0 0
32.67147 42.65097 91.06712 67.94939 94.95964 53.31712 28.71944 27.50798 0 0 0 0 0 0 0 0 0 0 0 0 0 0 0 0 0 0 0 0 0 0 0 0 0 0 0 0 0 0 0 0 0 0 0 0 0 0 0 0 0 0 0 0 0 0 0 0 0 0 0 0 0 0 0 0 0 0 0 0 0 0
38.21266 52.20611 51.41877 60.04271 35.96741 21.34554 23.2868 0 0 0 0 0 0 0 0 0 0 0 0 0 0 0 0 0 0 0 0 0 0 0 0 0 0 0 0 0 0 0 0 0 0 0 0 0 0 0 0 0 0 0 0 0 0 0 0 0 0 0 0 0 0 0 0 0 0 0 0 0 0 0
44.43766 67.07925 54.56617 56.04976 24.9543 9.072851 60.59108 55.40926 0 0 0 0 0 0 0 0 0 0 0 0 0 0 0 0 0 0 0 0 0 0 0 0 0 0 0 0 0 0 0 0 0 0 0 0 0 0 0 0 0 0 0 0 0 0 0 0 0 0 0 0 0 0 0 0 0 0 0 0 0 0
60.24538 79.95511 49.44789 25.20332 30.25826 9.76636 46.7999 39.6252 0 0 0 0 0 0 0 0 0 0 0 0 0 0 0 0 0 0 0 0 0 0 0 0 0 0 0 0 0 0 0 0 0 0 0 0 0 0 0 0 0 0 0 0 0 0 0 0 0 0 0 0 0 0 0 0 0 0 0 0 0 0
