Scenarios/Heterogeneous/data/country_data_population_distribution/processed/density_grids/ind.asc
ncols 706
nrows 708
xllcorner 68
yllcorner 6
[rows 350 to 384 of 708, columns 80 to 159 of 706]
280.9732 269.853 269.853 269.8529 269.8529 269.8529 269.8529 277.3351 334.7415 0 0 0 0 0 0 0 0 0 0 0 0 0 0 0 0 0 0 0 0 0 0 0 0 0 0 0 0 0 549.1826 549.1826 549.1826 553.0146 887.982 1011.069 1011.069 1011.069 891.2575 596.3486 487.4024 433.7345 433.7345 434.3269 386.9977 357.2981 357.2981 357.2981 191.9485 158.311 158.311 158.311 158.311 158.311 158.3109 158.3109 158.311 158.311 200.5027 257.0517 257.0517 257.0517 257.0517 257.0517 257.0517 257.0517 257.0517 257.0517 257.0517 257.0517 460.0919 499.2394
280.9838 269.8529 269.8529 269.853 269.8529 269.8529 269.853 0 0 0 0 0 0 0 0 0 0 0 0 0 0 0 0 0 0 0 0 0 0 0 0 0 0 0 0 0 0 0 0 549.1826 549.1826 549.1826 717.0136 933.9019 963.2214 995.2394 960.0526 622.0295 573.9272 435.7443 433.7345 454.9038 413.1083 357.2981 357.2981 357.2981 224.9512 158.311 158.311 158.311 158.311 158.311 158.311 158.311 158.311 158.311 188.1878 261.4305 263.8986 266.5861 276.538 279.3845 285.6151 280.9758 285.0922 277.08 277.9929 512.1144 598.8636 571.8692
288.6328 272.2569 269.8529 269.8529 0 0 0 0 0 0 0 0 0 0 0 0 0 0 0 0 0 0 0 0 0 0 0 0 0 0 0 0 0 0 0 0 0 0 0 549.1826 549.1826 649.4447 904.5402 906.2639 906.2639 906.2639 737.6859 607.0613 607.0563 597.1078 482.2802 469.4442 493.4051 428.3838 416.5222 415.0346 218.3265 158.311 158.3109 158.311 158.3109 158.311 158.3109 158.3109 158.311 158.3109 181.7072 306.4025 305.583 306.3269 306.4272 306.4272 306.4272 306.4272 306.4272 306.4272 306.4272 533.8751 633.193 633.193
288.6395 0 0 0 0 0 0 0 0 0 0 0 0 0 0 0 0 0 0 0 0 0 0 0 0 0 0 0 0 0 0 0 0 0 0 0 0 0 0 0 809.2717 859.5097 906.264 906.2639 906.2639 883.9832 622.4396 607.0563 607.0563 585.8952 496.2816 496.2816 496.2816 496.2816 496.2817 496.2816 271.7236 158.311 158.311 158.311 158.311 158.311 158.311 158.311 158.311 158.311 182.3732 306.4272 306.4272 306.4272 306.4272 306.4272 306.4272 306.4272 306.4272 306.4272 306.4272 480.0305 633.193 633.1931
0 0 0 0 0 0 0 0 0 0 0 0 0 0 0 0 0 0 0 0 0 0 0 0 0 0 0 0 0 0 0 0 0 0 0 0 0 0 0 0 817.7665 883.2693 886.3361 860.966 814.8059 618.1765 607.0563 607.0563 607.0563 606.8329 544.5797 496.2817 496.2816 496.2817 496.2816 425.8608 173.4268 158.3109 158.3109 158.311 158.311 158.311 158.3109 158.3109 158.311 209.7147 250.2535 306.4272 306.4272 306.4272 306.4272 306.4272 306.4272 306.4272 306.4272 306.4272 306.4272 471.7054 633.1931 633.1931
0 0 0 0 0 0 0 0 0 0 0 0 0 0 0 0 0 0 0 0 0 0 0 0 0 0 0 0 0 0 0 0 0 0 0 0 0 0 0 0 811.515 811.515 811.515 811.515 811.515 669.4922 607.0563 607.0563 607.0563 607.0563 600.9039 496.5625 496.2817 496.2816 424.4964 217.2516 179.9938 160.8054 158.311 158.311 158.311 158.311 158.311 158.3153 209.5261 280.7376 297.6246 306.4272 306.4272 306.4272 306.4272 306.4272 306.4272 306.4272 306.4272 306.4272 321.7679 561.4613 633.193 633.193
0 0 0 0 0 0 0 0 0 0 0 0 0 0 0 0 0 0 0 0 0 0 0 0 0 0 0 0 0 0 0 0 0 0 0 0 0 0 0 0 811.515 811.5151 811.515 811.515 811.515 770.3275 608.6082 607.0563 607.0564 605.0354 540.9222 496.2817 496.651 484.7444 241.6637 203.8439 203.8439 196.8167 179.3185 158.7921 158.3109 158.311 158.311 195.7877 284.7574 284.7574 291.5511 306.2885 306.4272 306.4272 306.4272 306.4272 306.4272 306.4272 306.4272 306.4272 309.603 591.1016 633.1931 633.1931
0 0 0 0 0 0 0 0 0 0 0 0 0 0 0 0 0 0 0 0 0 0 0 0 0 0 0 0 0 0 0 0 0 0 0 0 0 0 0 0 0 811.515 811.515 811.515 811.515 811.515 750.4194 701.7173 619.155 541.0123 508.2279 508.2554 519.48 481.3039 305.2586 205.9386 203.8439 203.8439 203.8439 185.2516 158.311 158.5388 203.3694 260.6479 284.7574 284.7574 284.7574 287.4464 300.611 304.3502 306.2806 306.4272 306.4272 306.4272 306.4272 306.4272 559.9931 633.193 633.193 633.1931
0 0 0 0 0 0 0 0 0 0 0 0 0 0 0 0 0 0 0 0 0 0 0 0 0 0 0 0 0 0 0 0 0 0 0 0 0 0 0 0 0 811.515 811.515 811.515 811.515 811.515 811.515 811.515 637.8032 521.9149 521.9149 521.9149 521.9149 521.9149 521.9149 349.3602 203.8439 203.8439 203.8439 201.6778 176.5766 196.2832 203.9484 264.8528 284.7574 284.7574 284.7574 284.7574 284.7574 285.414 290.2663 297.3051 305.2531 306.4272 306.4272 306.4272 403.8716 621.1966 633.193 633.193
0 0 0 0 0 0 0 0 0 0 0 0 0 0 0 0 0 0 0 0 0 0 0 0 0 0 0 0 0 0 0 0 0 0 0 0 0 0 0 0 0 1198.054 1191.024 1246.201 1199.928 1118.524 817.1655 811.515 653.6664 521.9149 521.9149 521.9148 521.9149 521.9149 504.8115 267.2205 203.8439 203.8439 203.8439 203.8439 203.8439 203.8439 203.8439 241.6249 284.7574 284.7574 284.7574 284.7574 284.7574 284.7574 284.7574 287.9893 294.4125 298.0282 296.4937 296.0511 308.689 562.8322 633.1931 633.1931
0 0 0 0 0 0 0 0 0 0 0 0 0 0 0 0 0 0 0 0 0 0 0 0 0 0 0 0 0 0 0 0 0 0 0 0 0 0 0 0 2053.947 1652.345 1395.142 1395.142 1395.142 1395.142 1284.615 851.6606 678.9499 515.7901 499.3831 521.8135 521.9149 521.9149 367.5715 203.8439 203.8439 203.8439 203.8439 203.8439 203.8439 203.8439 203.8439 239.5082 284.7574 284.7574 284.7574 284.7574 284.7574 284.7574 284.7907 288.1733 288.334 288.334 288.334 288.334 296.1939 540.5408 600.5447 633.1931
0 0 0 0 0 0 0 0 0 0 0 0 0 0 0 0 0 0 0 0 0 0 0 0 0 0 0 0 0 0 0 0 0 0 0 0 0 0 0 2970.341 2970.341 2650.817 1453.386 1395.142 1395.142 1392.172 1091.213 764.1703 410.0648 349.0504 339.3924 354.7449 433.6135 411.4167 233.3589 203.8439 203.8439 203.8439 203.8439 203.8439 204.4559 221.2202 216.8718 242.2918 290.1575 284.7574 284.7574 284.7574 284.7574 284.9696 287.2652 288.334 288.334 288.334 288.334 288.334 288.334 296.5011 503.7633 633.1931
0 0 0 0 0 0 0 0 0 0 0 0 0 0 0 0 0 0 0 0 0 0 0 0 0 0 0 0 0 0 0 0 0 0 0 0 0 0 0 2970.341 2970.341 2969.234 1619.073 1395.142 1395.142 1368.98 359.7507 339.3924 339.3924 339.3924 339.3924 339.3924 326.4871 247.7782 203.8439 204.1802 209.045 214.2302 216.9345 261.3499 294.4876 299.2375 299.2375 298.8959 295.9124 292.472 286.9078 284.7574 284.9449 288.1573 288.334 288.334 288.334 292.7399 294.8612 289.3287 288.334 302.8999 575.3788 633.1931
0 0 0 0 0 0 0 0 0 0 0 0 0 0 0 0 0 0 0 0 0 0 0 0 0 0 0 0 0 0 0 0 0 0 0 0 0 0 825.8002 933.5706 927.2285 2024.609 1116.732 1174.991 1394.734 1394.65 836.0296 339.3924 339.3924 339.3924 339.3924 339.3924 339.3924 317.1129 226.0341 220.6011 228.5667 229.091 239.1031 296.483 299.2375 299.2375 299.2375 299.2375 299.2375 299.2375 297.6678 295.2874 290.8093 296.9599 298.9304 298.2942 297.1765 300.5417 300.8369 298.2487 292.0458 321.3334 555.4996 536.0058
0 0 0 0 0 0 0 0 0 0 0 0 0 0 0 0 0 0 0 0 0 0 0 0 0 0 0 0 0 0 0 0 0 0 0 0 0 0 825.8003 825.8003 825.8003 825.8003 845.8687 1050.773 1386.607 1386.488 1085.759 605.0965 339.3924 339.3924 339.3924 339.3924 339.3924 316.1141 229.091 229.091 229.091 229.091 229.091 262.5238 299.2375 299.2375 299.2375 299.2375 299.2375 299.2375 299.3007 300.7092 300.8369 300.8369 300.8369 300.8369 300.8369 300.8369 300.8369 300.8369 299.7847 296.3273 300.6169 311.955
0 0 0 0 0 0 0 0 0 0 0 0 0 0 0 0 0 0 0 0 0 0 0 0 0 0 0 0 0 0 0 0 0 0 0 0 0 825.8002 825.8002 825.8003 825.8002 825.8003 1061.438 1197.591 1357.209 1378.842 1377.991 713.1707 339.3924 339.3924 339.3924 339.3924 339.3924 316.4373 229.091 229.091 229.091 229.091 229.091 280.9181 299.2376 299.2375 299.2375 299.2375 299.2375 299.2375 299.258 299.8892 300.2568 300.8369 300.8369 300.8369 300.8369 300.8369 300.8369 300.8369 300.8369 300.8369 303.6732 334.433
0 0 0 0 0 0 0 0 0 0 0 0 0 0 0 0 0 0 0 0 0 0 0 0 0 0 0 0 0 0 0 0 0 0 0 0 0 825.8002 825.8002 825.8003 820.2991 797.3013 813.7358 1244.935 1377.991 1055.896 742.3672 342.9777 339.3924 339.3924 337.8216 336.7305 327.5086 318.5293 229.091 229.091 229.0911 229.091 229.091 258.183 299.2375 299.2375 299.2375 299.2375 299.2375 299.2375 299.2375 302.6198 443.5559 360.1454 375.5722 346.2162 307.0246 300.8369 300.8369 300.8369 300.8369 300.8369 351.6082 362.6162
0 0 0 0 0 0 0 0 0 0 0 0 0 0 0 0 0 0 0 0 0 0 0 0 0 0 0 0 0 0 0 0 0 0 0 0 0 825.8002 825.8002 820.8998 779.89 765.5217 803.1866 1292.905 1377.991 630.2265 339.3924 1002.922 1045.829 361.5598 237.1328 208.0647 197.0783 209.8582 208.4456 228.0925 229.091 229.091 229.091 253.1227 299.2375 299.2375 299.2375 299.2375 299.2375 299.2375 299.2375 362.5624 587.2344 589.2502 571.0836 577.2161 525.0646 385.0991 308.3304 301.0907 306.8893 323.2709 326.6151 339.8745
0 0 0 0 0 0 0 0 0 0 0 0 0 0 0 0 0 0 0 0 0 0 0 0 0 0 0 0 0 0 0 0 0 0 0 0 0 786.1649 805.041 791.2547 765.5217 765.5217 765.5217 1148.099 1254.049 1332.732 1241.114 1372.873 935.5227 258.159 204.2285 194.9766 194.9766 194.9766 194.9766 206.1233 225.4311 228.0703 279.8259 300.4664 299.2375 299.2375 299.2375 299.2375 299.2375 299.2375 309.0833 462.7991 590.8856 590.8857 590.8856 590.8856 590.8856 590.8856 502.8568 352.2771 330.7667 337.838 337.838 337.838
0 0 0 0 0 0 0 0 0 0 0 0 0 0 0 0 0 0 0 0 0 0 0 0 0 0 0 0 0 0 0 0 0 0 0 0 0 624.4725 706.2762 731.7031 759.2747 765.5216 728.1767 675.8839 666.8673 696.9538 655.5921 452.2812 286.198 249.6912 216.7949 194.9766 194.9766 194.9766 194.9766 194.9948 194.9807 197.697 1039.25 2127.541 1973.524 766.4355 634.8369 299.2375 299.2375 299.2375 397.8416 590.8857 590.8856 590.8857 590.8856 590.8857 590.8856 590.8857 590.8856 519.0851 337.8393 337.8381 337.838 337.8381
0 0 0 0 0 0 0 0 0 0 0 0 0 0 0 0 0 0 0 0 0 0 0 0 0 0 0 0 0 0 0 0 0 0 0 0 528.4149 528.415 528.415 563.1531 541.8176 562.2393 531.191 528.4149 528.415 528.415 528.415 338.6522 256.8957 256.8957 225.3874 214.4035 194.9766 194.9766 194.9766 194.9766 194.9766 194.9766 2047.411 2340.431 2340.431 2127.402 2189.578 1592 1008.121 914.3098 923.1006 775.0921 590.8856 590.8857 590.8856 590.8856 590.8856 590.8856 583.4092 439.2877 338.3805 337.838 337.838 337.838
0 0 0 0 0 0 0 0 0 0 0 0 0 0 0 0 0 0 0 0 0 0 0 0 0 0 0 0 0 0 0 0 0 0 0 0 0 528.4149 528.4149 528.4149 528.4149 528.4149 528.4149 528.4149 528.4149 528.4149 519.4132 292.3679 256.8957 256.8957 256.9868 284.4034 276.4692 215.6954 195.0465 194.9766 194.9766 194.9766 1581.501 2340.431 2340.431 2340.431 2340.431 2340.431 2340.431 2340.431 2340.431 1396.349 590.8856 590.8857 590.8856 590.8856 590.8856 590.8856 590.5675 463.1468 337.8381 337.8381 337.838 337.8381
0 0 0 0 0 0 0 0 0 0 0 0 0 0 0 0 0 0 0 0 0 0 0 0 0 0 0 0 0 0 0 0 0 0 0 0 528.4149 528.4149 528.4149 528.415 528.4149 528.415 528.4149 528.4149 528.4149 526.524 355.5298 256.8957 256.8957 256.8957 256.8957 278.8629 284.9024 297.4279 247.1785 195.1787 194.9766 194.9766 313.532 1650.599 2331.627 2340.431 2340.431 2340.431 2340.431 2340.431 2340.431 639.3375 590.8857 590.8856 551.3576 563.2396 588.4087 590.4254 584.0134 529.6572 384.2406 384.7263 393.5757 392.816
0 0 0 0 0 0 0 0 0 0 0 0 0 0 0 0 0 0 0 0 0 0 0 0 0 0 0 0 0 0 0 0 0 0 0 528.4149 528.4149 528.415 528.4149 528.415 528.415 528.415 528.415 483.7218 387.6556 350.2498 278.5605 267.3587 256.8957 256.8957 256.8957 256.8957 273.779 297.4279 280.0975 196.1157 194.9766 194.9766 194.9766 1188.156 2340.431 2340.431 2340.431 2340.431 2340.431 2340.431 2147.065 450.9275 432.3453 504.2106 389.8087 337.559 344.7313 373.5777 476.1258 497.759 497.7591 497.759 497.759 497.759
0 0 0 0 0 0 0 0 0 0 0 0 0 0 0 0 0 0 0 0 0 0 0 0 0 0 0 0 0 0 0 0 0 0 0 0 617.2128 550.9712 528.4149 528.4149 528.4149 528.415 528.4149 367.3706 295.1098 295.1098 295.1098 293.8281 258.4277 256.8957 256.8957 256.8957 286.126 297.4279 235.3197 194.9766 194.9766 194.9766 303.9817 1991.739 2262.776 2269.677 2340.431 2340.431 2340.431 2340.431 1176.813 329.9384 329.9384 329.9384 329.9384 329.9384 329.9384 329.9384 359.2149 439.2615 497.7591 497.759 497.759 497.759
0 0 0 0 0 0 0 0 0 0 0 0 0 0 0 0 0 0 0 0 0 0 0 0 0 0 0 0 0 0 0 0 0 0 0 663.58 663.58 660.0637 611.351 595.8849 582.9369 621.6097 649.4092 461.755 295.1098 295.1098 295.1098 291.2772 271.9782 257.838 256.8957 256.8957 272.2286 289.0479 216.608 194.9766 203.1244 309.859 370.3167 455.405 537.2717 1220.192 2294.619 2340.431 2115.99 1293.456 334.2583 329.9384 329.9384 329.9384 329.9384 329.9384 329.9384 329.9384 329.9384 332.9399 439.4652 497.759 497.759 497.759
0 0 0 0 0 0 0 0 0 0 0 0 0 0 0 0 0 0 0 0 0 0 0 0 0 0 0 0 0 0 0 0 0 0 0 663.58 663.58 663.58 663.58 663.58 663.58 663.58 654.0738 339.5916 295.1098 295.1098 295.1098 295.1098 286.3491 257.0216 256.8957 261.5758 273.2388 266.8618 225.1877 194.9766 240.4476 370.5067 372.7064 372.7064 372.7064 410.8128 876.8974 1521.986 858.2289 329.9384 329.9384 329.9384 329.9384 329.9384 329.9384 329.9384 329.9384 329.9384 329.9384 334.2898 420.739 497.759 540.9279 572.0356
0 0 0 0 0 0 0 0 0 0 0 0 0 0 0 0 0 0 0 0 0 0 0 0 0 0 0 0 0 0 0 0 0 0 0 0 663.58 663.58 663.58 663.58 663.58 663.58 622.6763 295.1098 295.1098 295.1098 295.1098 295.1098 295.0799 280.3506 297.0472 313.0367 300.8327 296.274 264.9001 237.4836 350.2906 372.7064 372.7064 372.7064 372.7064 372.7064 372.7064 370.8037 341.9163 329.9384 329.9384 329.9384 329.9384 329.9384 329.9384 329.9384 329.9384 329.9313 329.4707 422.0377 497.759 540.1712 621.8546 626.8473
0 0 0 0 0 0 0 0 0 0 0 0 0 0 0 0 0 0 0 0 0 0 0 0 0 0 0 0 0 0 0 0 0 0 0 0 663.5799 663.58 663.58 663.58 663.58 663.5799 648.5306 295.8858 295.7576 301.8385 295.1393 295.1098 299.5487 313.8748 314.1968 313.9873 312.1204 299.588 297.4279 309.8141 370.9034 372.7064 372.7064 372.7064 372.7064 372.7064 372.7064 372.6519 294.6804 292.9458 329.9384 329.9384 329.9385 329.9384 329.9385 329.8878 328.9371 328.6193 328.4584 378.9119 481.3755 616.4747 626.8472 626.8472
0 0 0 0 0 0 0 0 0 0 0 0 0 0 0 0 0 0 0 0 0 0 0 0 0 0 0 0 0 0 0 0 0 0 0 0 663.58 663.58 663.58 663.58 663.58 663.58 663.58 448.0723 313.6178 314.1968 300.4911 298.7629 313.3243 314.1968 313.3598 308.2903 312.0092 295.2881 290.2744 282.1562 312.3539 371.1304 372.7064 372.7064 372.7064 372.7064 372.7064 287.9113 219.3557 227.5853 307.9962 329.9384 329.9384 329.9384 329.9384 329.0945 328.4584 328.4584 328.4584 328.4584 375.9918 580.7887 626.8473 626.8472
0 0 0 0 0 0 0 0 0 0 0 0 0 0 0 0 0 0 0 0 0 0 0 0 0 0 0 0 0 0 0 0 0 0 0 0 0 663.58 663.58 663.58 663.58 663.58 663.58 573.0226 317.0451 314.1968 314.1968 314.1968 314.1968 314.1968 311.7719 275.275 276.2608 275.5029 276.1003 275.275 275.275 344.1188 372.7063 372.7064 372.7064 372.7064 355.4207 226.2295 219.3557 219.3557 220.4182 225.2497 222.5885 239.7005 287.0719 328.5838 328.4584 328.4584 328.4584 328.4584 329.1353 561.504 626.8473 626.8473
0 0 0 0 0 0 0 0 0 0 0 0 0 0 0 0 0 0 0 0 0 0 0 0 0 0 0 0 0 0 0 0 0 0 0 0 0 663.58 663.5799 663.58 663.58 663.58 663.5799 663.58 383.254 314.1968 314.1967 314.1968 313.4107 298.5443 289.0801 275.275 275.275 275.275 275.275 275.275 275.275 291.5592 345.8236 361.9504 351.4871 272.159 227.4928 219.3557 219.3558 219.3557 219.3558 219.3557 219.3558 219.3557 261.3037 328.4584 328.4584 328.4584 328.4584 328.4584 328.4584 385.8984 625.6152 626.8472
0 0 0 0 0 0 0 0 0 0 0 0 0 0 0 0 0 0 0 0 0 0 0 0 0 0 0 0 0 0 0 0 0 0 0 0 0 663.58 663.58 663.5799 663.58 1190.182 1457.266 850.5615 378.1484 314.1968 314.1968 314.1967 308.8893 277.1331 275.275 275.275 275.275 275.275 275.275 275.275 275.275 275.275 275.275 223.3587 219.8491 219.3557 219.3557 219.3557 219.3557 219.3557 219.3557 219.3557 219.3557 260.0857 328.2062 328.4584 328.4584 328.4584 328.4584 328.4584 328.4584 328.4584 530.658 626.8472
0 0 0 0 0 0 0 0 0 0 0 0 0 0 0 0 0 0 0 0 0 0 0 0 0 0 0 0 0 0 0 0 0 0 0 0 0 663.58 663.58 847.5294 1825.683 2445.846 3272.489 2960.695 314.1968 314.1968 314.1968 693.3198 1278.076 307.8552 275.2751 275.275 275.275 275.275 275.275 275.275 275.2751 275.275 275.275 261.4225 232.321 219.3557 219.3557 219.3558 219.3558 219.3558 219.3557 219.3558 219.3558 240.5036 325.2466 328.4584 328.4584 328.4584 328.4584 328.4584 328.4584 328.4584 372.5135 465.9979
0 0 0 0 0 0 0 0 0 0 0 0 0 0 0 0 0 0 0 0 0 0 0 0 0 0 0 0 0 0 0 0 0 0 0 0 0 3272.489 3272.489 3272.489 3272.489 3272.489 3272.489 3214.845 1406.438 1269.087 1563.706 1792.504 1792.57 1219.088 342.1666 275.275 275.275 275.275 275.275 275.275 275.275 275.275 275.275 275.275 249.6363 219.3557 219.3557 219.3558 219.3557 219.3557 219.3557 219.3557 224.3834 326.6979 328.4584 328.4584 328.4584 328.4584 328.4584 328.4584 328.4584 328.9877 331.6168 337.7797
