Scenarios/Heterogeneous/data/country_data_population_distribution/processed/density_grids/ind.asc
ncols 706
nrows 708
xllcorner 68
yllcorner 6
[rows 140 to 174 of 708, columns 240 to 319 of 706]
1490.951 1490.951 1490.951 1380.004 854.1717 823.9044 863.6024 960.0975 984.9334 984.9333 984.9334 984.9333 984.9333 984.9333 970.9017 531.5135 492.2104 179.1518 154.4349 154.4349 134.7148 84.19609 64.53242 61.06676 78.84207 86.92764 76.62469 61.45329 60.67416 60.67416 81.53914 134.3008 137.7303 148.9039 167.8422 186.0509 226.462 226.462 226.462 226.462 229.2569 268.6046 278.1021 278.1022 278.1021 271.8052 236.1047 217.7444 159.6383 141.2298 141.5137 199.9052 215.3636 215.3637 214.6873 262.6923 297.128 312.4803 292.2839 257.1466 272.3683 172.7099 0 0 0 0 0 0 0 0 0 0 0 0 0 0 0 0 0 0
1490.951 1490.951 1490.951 1295.77 842.5494 913.8745 925.369 931.9197 980.2967 984.9334 984.9334 984.9333 984.9334 984.9333 880.2082 492.3444 492.3444 373.9086 156.4198 154.4349 154.4349 81.37135 60.67416 60.67416 60.73312 69.1391 75.79102 60.67416 60.67416 61.8677 116.3739 137.7303 137.7303 137.7303 165.0843 174.3405 209.7382 226.462 226.462 226.462 240.5275 278.1022 278.1021 278.1022 278.1021 278.1022 223.6989 201.2531 141.2421 141.2298 141.2298 162.1085 215.3637 215.3637 256.8574 337.9053 338.7816 338.7816 338.7816 338.7816 338.7816 318.9115 0 0 0 0 0 0 0 0 0 0 0 0 0 0 0 0 0 0
1450.253 1306.795 928.6852 1071.003 829.255 925.3691 925.3691 925.3691 959.2138 984.9333 984.9333 984.9333 984.9333 937.5405 604.9075 492.3444 492.3444 492.3444 375.9205 170.105 154.4349 153.9581 72.37025 84.26883 62.60442 60.67416 60.67416 60.67416 117.5884 143.4007 161.4711 137.7303 137.7303 137.7303 152.9513 159.7211 158.6697 191.2916 226.303 226.462 226.6131 272.2494 277.7697 278.1021 278.1021 278.1021 278.1021 235.2402 142.4426 141.2298 141.2298 144.2173 198.5848 213.8072 278.1203 338.7816 338.7816 338.7816 338.7816 338.7816 334.7536 0 0 0 0 0 0 0 0 0 0 0 0 0 0 0 0 0 0 0
761.2327 726.5731 714.1441 714.144 772.6647 918.7701 925.3691 925.369 957.1248 984.9334 984.9333 984.9333 963.4904 520.7493 492.3444 492.3444 492.3444 492.3444 492.3444 448.8502 277.8609 154.4349 154.4349 154.4349 144.85 100.4242 85.65611 130.1359 227.4674 228.6864 229.9494 220.8783 187.1481 167.587 161.9898 157.7582 157.7582 157.7582 183.8423 224.7157 222.5254 232.9322 227.4375 238.3352 272.7487 277.6787 272.0248 249.8248 142.832 141.2298 141.2298 141.2298 147.5617 206.7744 276.9509 338.0352 338.7816 338.7816 338.7816 332.3978 0 0 0 0 0 0 0 0 0 0 0 0 0 0 0 0 0 0 0 0
769.487 714.144 714.1441 714.144 714.1441 849.5488 925.369 925.369 929.1428 980.0743 984.9334 983.6485 866.3329 495.3075 492.3444 492.3444 492.3444 492.3444 492.3444 492.3444 492.3407 373.0966 274.4872 166.6344 154.4349 154.4349 158.7729 228.6401 228.6865 228.6864 228.6864 235.471 235.022 240.9417 243.6164 225.2439 218.0722 197.981 206.5913 214.0428 216.8784 241.6697 244.4167 248.0108 255.1199 247.5 237.814 231.9925 227.8622 174.4531 140.4773 139.9345 227.9305 278.9076 278.9075 310.5963 336.2798 338.7816 337.1044 0 0 0 0 0 0 0 0 0 0 0 0 0 0 0 0 0 0 0 0 0
775.4951 714.144 714.144 714.1441 714.144 770.447 925.369 925.369 925.3691 942.1078 962.3041 684.4097 493.422 492.3444 492.3444 492.3444 494.4586 492.3444 492.3444 492.3444 492.3444 492.3444 492.3444 433.9456 308.295 214.2255 195.2947 228.6864 228.6865 228.6864 228.6865 228.6864 228.6865 228.6864 233.9089 248.8916 248.8916 248.8669 222.5301 215.7571 221.7842 248.8916 244.5453 164.3685 166.4824 194.585 201.3499 213.9255 190.9593 138.5668 138.5138 138.5138 256.8157 278.9076 278.9075 278.9075 281.7011 287.5197 0 0 0 0 0 0 0 0 0 0 0 0 0 0 0 0 0 0 0 0 0 0
714.1441 714.1441 714.1441 714.1441 714.144 753.9249 924.1971 925.3691 925.3691 925.3691 925.3691 799.4556 1113.526 760.5087 500.4099 637.6303 1252.504 1211.092 708.003 492.3444 492.3444 492.3443 492.3444 492.3444 484.4329 361.6772 237.1051 228.6864 228.6864 228.6865 228.6864 228.6864 228.6864 228.6864 191.2849 195.7253 247.7953 248.8916 242.865 220.5594 225.7164 248.5208 165.7085 141.7437 141.6655 141.6655 141.6655 141.6422 139.1282 138.5138 138.5138 221.701 278.0251 278.9076 275.1907 278.9075 278.9075 276.1785 0 0 0 0 0 0 0 0 0 0 0 0 0 0 0 0 0 0 0 0 0 0
904.0359 714.1441 714.144 714.144 714.144 714.2031 892.6328 925.3691 925.3691 925.3691 925.3691 1057.135 1589.702 1502.767 1235.651 1589.702 1589.702 1589.702 1571.83 1184.577 492.5359 492.3444 492.3444 493.6068 809.6798 390.8305 240.176 228.6865 228.6865 228.6865 228.6865 228.6865 205.3798 179.9552 150.9939 149.9169 224.3885 248.8916 248.8916 248.1844 248.7496 248.8916 192.0735 141.7962 141.6655 141.6655 141.6655 141.6655 141.0543 139.2998 140.3419 211.2984 142.9354 112.5352 107.3659 165.4781 152.5672 216.9273 171.8118 0 0 0 0 0 0 0 0 0 0 0 0 0 0 0 0 0 0 0 0 0
1188.044 826.9084 714.1441 714.1441 714.1441 714.1441 770.6482 925.3691 925.3691 925.3691 925.3691 995.4346 1589.488 1589.702 1589.702 1589.702 1589.702 1589.702 1589.702 1582.047 552.2089 496.2293 697.1606 824.3532 1086.095 1139.286 1020.947 476.5639 266.1864 228.6864 228.6864 228.6864 156.8818 149.917 149.917 149.9169 229.7014 235.8489 248.6928 249.1244 248.8916 248.8916 246.359 186.7524 141.6655 141.6655 141.6655 140.1434 140.1685 138.5138 138.5138 114.5224 99.42105 99.42105 99.42105 99.42106 99.42105 99.42105 99.42106 0 0 0 0 0 0 0 0 0 0 0 0 0 0 0 0 0 0 0 0 0
1291.636 1155.621 714.144 714.144 714.144 714.1441 714.6029 907.7021 928.514 929.7729 925.4354 930.4306 1381.174 1589.702 1589.702 1589.702 1589.702 1589.702 1589.702 1480.104 530.4865 529.5907 701.9728 1081.906 1139.286 1139.286 1204.149 1399.1 1342.694 267.4971 254.466 277.5104 168.9565 149.9169 149.9169 149.9169 154.7762 171.4142 338.5021 250.9265 248.8916 308.3755 238.1317 142.3158 141.6655 141.6655 141.6655 140.6296 139.1652 138.5138 138.5138 118.1557 99.67823 99.42104 99.42104 99.42104 99.42104 99.42104 99.42104 0 0 0 0 0 0 0 0 0 0 0 0 0 0 0 0 0 0 0 0 0
1232.527 1033.668 651.3901 615.8067 614.609 613.4134 622.0959 969.4008 1023.213 1026.839 1011.804 1022.877 1132.519 1522.764 1419.818 1533.123 1589.702 1589.702 1589.702 1589.702 1007.068 1001.586 1051.042 1081.43 1084.961 1137.251 1332.644 1402.347 1378.091 1066.669 976.8947 811.1589 715.7807 540.3005 363.5772 149.917 149.917 149.917 347.9015 413.1233 403.6855 490.9807 439.9211 289.9554 158.2818 141.6655 141.6655 141.6655 141.647 141.0019 138.6313 130.525 103.5484 99.42105 99.42104 99.42105 99.42104 99.18865 98.54595 0 0 0 0 0 0 0 0 0 0 0 0 0 0 0 0 0 0 0 0 0
708.4208 608.1844 608.1845 608.1844 608.1845 608.1844 628.5835 936.6504 1033.255 1033.254 1033.255 1033.254 1033.254 1033.254 1033.255 1062.201 1520.395 1589.702 1589.702 1589.618 1194.761 1050.964 1050.965 1050.964 1050.964 1114.835 1323.216 1402.347 1402.347 1346.144 907.8215 821.3817 821.3817 821.3817 326.8893 149.917 149.917 175.1213 434.1807 491.4936 491.4936 491.4936 495.8816 491.4936 424.049 190.1135 243.5568 182.5266 141.6655 148.903 158.0065 133.8329 106.5631 104.8379 147.4886 137.2451 123.6549 119.7031 0 0 0 0 0 0 0 0 0 0 0 0 0 0 0 0 0 0 0 0 0 0
608.1844 608.1844 608.1844 608.1844 608.1844 608.1844 821.6812 1033.255 1033.255 1033.255 1033.254 1033.255 1033.255 1033.255 1033.255 1034.35 1533.957 1589.702 1589.702 1360.599 1073.089 1050.965 1050.964 1050.965 1050.965 1121.634 1402.347 1403.953 1355.626 955.6098 824.9266 821.3817 821.3817 821.3817 584.082 167.7178 149.917 272.1559 491.4936 491.4936 497.3434 583.6614 634.7205 491.4936 491.4936 489.4854 491.4936 455.047 297.9719 257.9011 189.7268 189.7268 189.7268 189.7268 189.7268 189.7268 195.4573 189.2039 0 0 0 0 0 0 0 0 0 0 0 0 0 0 0 0 0 0 0 0 0 0
608.1956 608.1845 608.1845 608.1845 608.1844 608.1844 839.9695 1030.489 1033.255 1033.255 1033.255 1033.255 1033.255 1033.255 1033.255 1033.594 1500.251 1589.553 1522.422 1154.681 1064.271 1050.965 1050.965 1050.965 1050.965 1840.448 2271.316 1972.137 1195.949 983.8556 954.9308 895.3257 821.3817 866.8954 937.5556 920.4407 303.1088 407.7073 493.0654 609.2706 675.5404 778.1771 672.2131 491.4936 491.4937 491.4936 491.4937 491.4936 491.4936 481.9861 469.8302 247.99 189.7268 189.7268 189.7268 274.7898 0 0 0 0 0 0 0 0 0 0 0 0 0 0 0 0 0 0 0 0 0 0 0 0
1442.187 609.4827 608.1845 608.1844 608.1844 608.1845 824.9144 904.7737 957.2219 1022.456 1029.345 1032.225 1033.255 1033.255 1104.323 1202.331 1262.358 1197.925 1121.919 1111.279 1082.435 1050.965 1050.965 1050.965 1288.753 2369.69 2252.549 1718.951 1091.794 981.671 981.6711 917.7034 861.5964 947.1384 947.6603 947.6604 913.6221 695.014 613.4035 778.1771 778.1771 778.1771 639.0773 534.888 514.2097 491.4936 491.4936 491.4936 491.4936 491.4936 490.1796 271.0269 252.5381 189.7268 189.7268 0 0 0 0 0 0 0 0 0 0 0 0 0 0 0 0 0 0 0 0 0 0 0 0 0
2119.059 618.6752 608.1844 608.1844 608.1845 608.1844 744.2593 868.2763 868.2764 869.9101 877.9724 901.5626 929.5596 1182.13 1431.585 1437.849 1437.849 1247.843 1111.279 1111.279 1082.245 1050.964 1050.965 1209.944 2091.801 2372.501 1992.623 1708.355 1128.779 981.6711 981.6711 980.2339 951.0382 953.6961 947.6603 947.6603 1025.056 1192.821 1251.383 1250.559 1246.326 1235.029 1170.708 676.2036 662.8655 554.9181 565.3294 503.7698 491.4936 489.4555 479.9496 474.6341 415.7282 192.5096 189.7268 0 0 0 0 0 0 0 0 0 0 0 0 0 0 0 0 0 0 0 0 0 0 0 0 0
1379.501 608.1845 608.1845 608.1844 608.1845 608.1844 783.1411 868.2763 868.2764 868.2764 868.2764 868.2764 880.557 1372.189 1437.85 1437.85 1335.075 1144.058 1111.279 1111.279 1092.857 1050.982 1050.965 1559.318 2372.501 2332.875 1775.096 1708.355 1117.883 981.6712 981.6711 981.6711 981.6711 913.4454 843.716 1020.28 1197.206 1284.901 1297.327 1297.327 1297.327 1297.327 1054.641 682.8137 682.7944 682.7944 682.7944 583.0384 581.3469 479.3475 474.0028 474.0028 474.0028 245.8779 891.6846 0 0 0 0 0 0 0 0 0 0 0 0 0 0 0 0 0 0 0 0 0 0 0 0 0
1012.983 608.1845 608.1844 608.1844 608.1844 608.1845 736.1492 868.2763 868.2763 868.2763 868.2763 868.2763 1022.581 1437.85 1437.85 1437.85 1421.283 1201.467 1229.122 1120.31 1163.461 1836.21 1968.436 2272.584 2372.501 2372.501 1960.233 1708.355 1414.349 1216.6 1272.951 1048.839 975.2781 825.4615 739.5587 739.5587 739.5587 923.712 1291.139 1297.327 1297.327 1265.503 730.5186 682.7944 682.7944 682.7944 682.7944 682.7944 569.3751 474.0028 474.0028 474.0028 474.0028 1097.687 0 0 0 0 0 0 0 0 0 0 0 0 0 0 0 0 0 0 0 0 0 0 0 0 0 0
1313.782 608.1845 608.1844 608.1845 609.7609 665.1061 625.5851 862.282 868.2763 868.2763 868.2763 868.2763 1036.768 1437.85 1437.85 1437.85 1437.85 1437.85 1422.318 1132.051 1812.427 2372.501 2372.501 2372.501 2372.501 2369.266 1807.976 1789.235 2027.136 2117.301 2201.325 1376.672 841.142 739.5587 739.5587 739.5587 739.5587 811.7296 1209.819 1297.327 1294.574 1161.202 805.8724 682.7944 682.7944 684.4384 682.7944 664.6624 480.9175 474.0028 474.0028 474.0028 474.0028 0 0 0 0 0 0 0 0 0 0 0 0 0 0 0 0 0 0 0 0 0 0 0 0 0 0 0
2159.88 1524.448 984.397 793.7396 983.0151 1165.857 1087.373 870.5677 868.2764 867.7393 866.4031 868.2764 1195.453 1437.85 1437.85 1437.85 1437.85 1437.85 1437.835 1437.132 2372.501 2372.501 2372.501 2372.501 2372.501 2372.501 2187.939 1763.946 1727.969 2048.101 2213.866 1884.264 874.5587 739.5587 739.5587 739.5587 747.2012 836.9626 1040.879 1038.203 1047.344 1017.3 1070.142 903.6613 720.9728 779.761 781.5974 810.3865 487.2061 474.0028 474.0029 474.0028 474.0029 1935.832 0 0 0 0 0 0 0 0 0 0 0 0 0 0 0 0 0 0 0 0 0 0 0 0 0 0
2314.045 1997.738 1666.276 1166.636 1166.636 1166.636 1165.364 913.0032 847.4378 834.9289 834.6554 851.7145 1158.154 1399.143 1437.849 1437.85 1437.849 1437.85 1614.496 2319.019 2372.501 2372.501 2372.501 2372.501 2372.501 2372.501 2372.501 2189.074 2162.337 2213.866 2213.866 1871.772 1000.586 739.5587 739.5587 739.5587 758.9051 975.9115 986.8948 986.8948 986.8948 986.8948 986.8948 986.8948 882.5962 862.8741 864.2866 806.0394 582.6009 612.405 474.0029 474.0028 474.0028 960.1478 694.5223 0 0 0 0 0 0 0 0 0 0 0 0 0 0 0 0 0 0 0 0 0 0 0 0 0
1997.903 1997.738 1595.086 1166.636 1166.636 1166.636 1166.422 957.3485 828.0621 828.0621 828.0621 828.0621 828.0621 1025.286 1421.201 1424.198 1426.019 1419.544 1411.765 1508.434 1658.526 1701.457 1934.742 2372.501 2372.501 2372.501 2372.501 2332.274 2213.996 2213.866 2082.955 1058.797 990.9526 835.3016 740.2322 746.1802 842.6075 977.3214 986.8947 986.8947 986.8947 986.8947 986.8947 986.8947 886.1949 864.2866 864.2866 853.1401 814.7252 644.884 526.7991 474.0028 473.9894 465.5732 457.2668 455.5472 258.0811 0 0 0 0 0 0 0 0 0 0 0 0 0 0 0 0 0 0 0 0 0 0 0
1997.738 1997.738 1793.891 1193.373 1166.636 1166.636 1166.636 1154.929 852.2677 828.0621 828.0621 828.0621 828.0621 1022.457 1411.716 1411.716 1411.716 1411.716 1411.716 1414.453 1424.343 1424.347 1451.474 1703.177 2156.839 2339.643 2372.501 2256.08 2213.866 2213.866 1486.524 1001.538 1001.538 1001.526 957.4919 1033.275 1055.445 994.6135 986.8948 986.8948 986.8948 986.8947 986.8948 976.7183 901.8139 864.2866 864.2866 864.2866 864.2866 864.2866 691.7982 559.1546 528.1716 457.2668 457.2668 457.2668 457.2668 457.2668 0 0 0 0 0 0 0 0 0 0 0 0 0 0 0 0 0 0 0 0 0 0
1997.738 1987.839 1302.109 1017.268 1111.54 1162.808 1166.636 1166.636 1029.291 828.0621 828.0621 828.0621 828.0621 941.8854 1411.716 1411.716 1411.716 1411.716 1411.716 1416.409 1424.347 1424.347 1424.347 1424.347 1354.696 1658.917 1706.277 2147.574 2105.841 1800.486 1122.812 1001.538 1001.538 1001.538 1035.564 1083.681 995.6701 986.8948 986.8948 986.8948 986.8948 986.8948 986.8948 899.9905 864.2866 864.2866 864.2866 864.2866 864.2866 864.2866 845.7743 857.5596 726.2955 457.2668 457.2668 457.2668 457.2668 457.2668 457.2668 797.7111 0 0 0 0 0 377.0637 0 0 0 0 0 0 0 0 0 0 0 0 0 0
1721.334 1533.034 984.9246 984.9246 984.9246 996.2887 1103.301 1124.544 999.7775 828.0621 828.0621 828.0621 828.0621 1019.039 1411.716 1411.716 1411.716 1411.716 1411.716 1415.769 1423.082 1424.347 1424.347 1424.347 1311.439 994.9158 966.6657 977.8987 997.9762 969.7236 1001.089 1001.538 1001.538 1022.92 1082.367 1051.676 992.249 989.7889 986.8948 986.8948 987.0325 987.0398 987.9445 880.4164 864.2866 864.2866 864.2866 864.2866 864.2866 864.2866 864.2866 717.5613 458.9886 457.2668 457.2668 457.2668 457.2668 457.2668 457.2668 462.9867 3437.432 0 0 0 544.4989 389.1467 361.9379 0 0 0 0 0 0 0 0 0 0 0 0 0
1612.319 1279.841 1082.468 984.9245 984.9245 984.9246 984.9245 985.1175 961.3554 828.0621 828.0621 828.0621 828.0621 870.2353 1383.935 1411.716 1411.715 1411.716 1411.716 1411.715 1416.201 1424.347 1424.347 1424.347 1424.347 1311.718 982.3281 966.6657 966.6656 967.0735 995.3864 1001.538 1001.538 1056.506 1083.681 1078.617 1076.683 1648.846 1586.03 1703.282 996.4971 998.5467 997.6534 924.2801 884.5538 864.2866 864.2866 864.2866 864.2866 864.2866 864.2866 618.4418 457.2668 457.2668 457.2668 457.2668 457.2668 457.2668 457.2668 455.8833 412.741 392.1632 391.3283 0 839.1622 389.2341 389.2341 389.2341 0 0 0 0 0 0 0 0 0 0 0 0
1612.319 1612.319 1560.991 1253.512 1076.896 984.9246 984.9246 984.9246 960.4074 828.0621 828.0621 828.0622 828.0622 828.0622 1340.125 1411.716 1411.716 1411.716 1411.716 1411.716 1416.606 1424.347 1424.347 1424.347 1424.347 1425.582 1248.91 966.6656 966.6656 966.6656 985.1852 1004.762 1053.802 1081.379 1083.681 1083.681 1083.681 1901.882 2649.344 1911.563 998.7408 998.7407 998.7408 998.7407 964.7136 876.7739 864.2866 864.2866 864.2866 864.2866 856.8149 491.8515 457.2668 457.2668 457.2668 457.2668 457.2668 457.2668 457.2668 457.2668 457.2668 441.4922 390.7159 442.931 739.7249 389.2341 389.2341 389.2341 398.8158 529.3345 0 0 0 0 0 0 0 0 0 0
1559.822 1612.319 1612.319 1356.984 992.2868 984.9246 984.9246 984.9246 955.8591 840.0567 828.0621 828.0621 828.0622 828.0622 1345.932 1411.716 1411.716 1411.716 1420.696 1449.245 1426.93 1429.643 1444.41 1443.472 1451.149 1458.283 1341.084 966.6657 966.6657 969.6136 991.349 1052.537 1083.681 1083.681 1083.681 1083.681 1224.778 2331.588 2649.344 1679.789 998.7407 998.7408 998.7408 998.7408 998.7407 943.233 882.5679 860.4363 864.2 864.2866 788.2313 469.5178 457.2668 457.2668 457.2668 457.2668 457.2668 457.2668 457.2668 457.2668 457.2668 457.2668 416.0383 389.2341 389.2341 389.2341 389.2341 389.2341 389.2341 389.2341 403.3197 0 0 0 0 0 0 0 0 0
1612.319 1612.319 1612.319 1329.675 1025 988.9897 987.6223 984.9246 1006.196 1021.552 900.166 828.0621 822.3216 775.9099 1224.746 1411.302 1412.256 1413.476 1436.351 1465.695 1458.785 1463.259 1465.695 1465.695 1380.589 1287.677 1206.711 966.6657 968.802 1025.01 1056.961 1071.386 1083.681 1083.681 1083.681 1507.86 1756.426 2649.344 2649.344 2639.656 1812.256 998.7408 998.7408 998.7408 998.7408 998.7408 971.0917 822.7557 832.1771 830.4142 610.1276 457.2668 457.2668 457.2668 457.2668 457.2668 457.2668 457.2668 457.2668 459.725 472.3003 452.0809 416.1578 389.2341 389.2341 389.2341 389.2341 389.2341 389.2341 389.2341 389.2341 409.0333 419.3644 497.3668 0 0 0 0 0 0
1612.319 1612.319 1612.319 1612.319 1202.705 1046.001 1089.877 1067.912 1092.312 1096.103 881.9666 779.2521 731.174 712.1724 720.4965 1211.619 1463.031 1461.512 1462.423 1465.695 1465.695 1465.695 1465.695 1179.677 1052.615 1046.264 1032.311 992.406 1020.368 1055.415 1055.414 1055.506 1063.295 1080.015 1165.299 1831.183 2616.35 2649.344 2649.344 2649.343 2620.563 1853.772 998.7407 998.7408 998.7408 998.7408 881.4014 812.8301 810.5389 810.5389 797.7292 660.131 655.1425 457.2668 457.2668 457.2668 457.2668 465.8742 497.6944 499.3831 499.3375 476.0939 414.667 389.2341 389.2341 389.2341 389.2341 389.2341 389.2341 389.2341 402.3944 427.0316 427.1336 427.1393 447.0972 549.758 0 0 0 0
1612.319 1569.819 1612.319 1612.319 1232.46 1047.582 1088.182 1096.495 1096.495 1096.495 918.6484 712.1724 712.1724 712.1724 712.1725 760.6092 1458.795 1465.695 1465.695 1465.695 1465.696 1450.006 1203.236 1051.439 1046.264 1046.264 1046.264 1046.884 1051.461 1054.197 1055.415 1055.415 1055.415 1057.547 1981.642 1801.538 2441.586 2649.344 2649.344 2649.343 2649.344 2607.895 1901.087 1011.815 988.7707 866.081 820.3569 810.539 810.539 810.539 810.5391 810.5391 523.259 457.2668 471.5796 463.323 458.9648 479.062 508.1635 508.1635 505.4347 499.1421 489.8964 457.5795 399.0175 389.2341 389.2341 389.2341 389.2341 396.9281 425.757 427.1336 427.1336 427.1336 427.1336 427.1336 1275.307 1654.957 0 0
1610.151 1184.011 1213.923 1346.595 1124.776 925.8994 960.8503 1093.046 1096.495 1096.495 1070.784 720.6989 712.1724 712.1724 712.1724 712.1724 948.2651 1198.72 1351.054 1453.511 1279.923 1054.245 1046.304 1037.677 997.0201 1043.404 1046.264 1046.264 1046.264 1050.487 1055.415 1055.415 1055.415 1055.415 1396.398 2069.425 2649.344 2649.344 2649.344 2649.344 2649.344 2649.344 1643.964 961.0822 925.9122 843.8111 810.5391 810.539 810.5391 810.539 810.5391 777.7078 509.5482 472.1958 501.4847 498.1333 481.9412 508.1636 508.1636 508.1636 507.9853 499.3932 499.1421 499.1421 497.866 471.4036 438.0572 390.243 389.2341 420.6233 427.1337 427.1336 427.1336 427.1336 427.1336 427.1336 427.1336 597.7543 682.9621 666.4745
1257.2 1529.223 971.3921 925.0214 925.0214 925.0215 925.0214 1015.072 1094.11 1094.763 1093.432 863.3748 712.2407 712.1724 712.1724 712.1724 712.1724 712.1724 727.4616 822.0367 1046.261 1046.264 1046.264 940.4124 813.106 883.2982 1045.41 1046.264 1046.264 1046.687 1054.849 1055.415 1055.414 1055.415 1055.415 1511.211 2413.876 2649.344 2649.344 2613.154 1973.609 1213.579 1009.122 884.5228 878.4428 814.465 810.539 810.539 810.539 810.539 810.5391 633.4053 508.1636 507.8258 508.1636 508.1635 508.1636 508.1636 508.1636 508.1509 504.2664 499.3046 499.1421 499.1421 499.1421 499.1421 499.1421 461.7228 403.1748 421.4195 427.1336 427.1336 427.1336 427.1336 427.1336 427.1336 427.1336 560.6143 682.9621 682.9621
1203.485 1253.773 1152.712 980.6608 925.0215 925.0215 925.0748 1038.867 1072.351 1072.216 1074.298 1071.122 867.8463 720.1543 712.1725 712.1724 712.1725 712.1724 712.1725 759.4755 866.6481 955.749 901.9483 842.4675 798.9614 798.9614 898.528 1028.474 1046.264 1046.535 1054.876 1055.415 1055.415 1055.415 1055.415 1055.415 1198.141 2313.578 2649.344 2012.932 889.964 884.5228 884.5228 884.5228 883.579 845.2285 810.539 810.5391 810.539 810.5391 810.539 543.4948 508.1635 508.1636 508.1635 508.1636 508.1635 508.1636 508.1635 505.5241 499.1421 499.1421 499.1421 499.1421 499.1421 499.1421 499.1421 499.1421 451.9705 427.1336 427.1336 427.1337 427.1336 427.1337 427.1336 427.1337 427.1336 595.5446 682.9621 682.9621
1203.485 1203.485 1203.485 1132.053 963.119 925.0214 925.0215 987.0692 1067.131 1071.122 1071.121 1071.122 1071.122 914.8963 712.1725 712.1725 712.1725 712.1725 711.8073 670.9446 657.4912 714.6589 795.6396 798.9614 798.9614 798.9614 798.9614 829.1541 967.1909 1046.264 1049.641 1055.415 1055.415 1055.414 1055.415 1055.415 1055.415 1863.377 2145.485 1276.531 884.5228 884.5228 884.5228 884.5228 869.681 808.8614 810.539 808.9166 808.6591 810.539 810.539 578.9223 508.1636 508.1635 508.1636 508.1635 508.1636 508.1636 508.1636 504.5406 499.1421 499.1421 499.1421 499.1421 499.1421 499.1421 499.1421 499.1421 495.8157 454.1078 427.1336 427.1336 427.1336 427.1336 427.1336 427.1336 427.1336 475.025 682.9621 682.7214
