Scenarios/Heterogeneous/data/country_data_population_distribution/processed/density_grids/ind.asc
ncols 706
nrows 708
xllcorner 68
yllcorner 6
[rows 105 to 139 of 708, columns 240 to 319 of 706]
134.8205 97.94502 60.93328 43.24271 43.05947 40.94133 44.49082 47.72465 48.91344 53.90527 45.00554 44.47274 44.47274 44.47274 44.47274 44.47273 44.47274 44.43204 28.75182 24.16682 24.16683 24.16683 24.16683 24.16683 24.16683 18.31428 11.45366 10.89468 10.89468 17.90228 24.16683 24.16683 24.16683 24.16683 24.16683 24.16683 23.38027 0 0 0 0 0 0 0 0 0 0 0 0 0 0 0 0 0 0 0 0 0 0 0 0 0 0 0 0 0 0 0 0 0 0 0 0 0 0 0 0 0 0 0
124.7098 44.72229 44.47274 44.47273 44.47274 44.47274 44.49644 61.82526 67.07129 67.07129 53.60195 44.91935 44.47274 45.74851 56.76863 48.7784 44.47273 44.47274 37.59483 24.16683 24.16683 24.16682 24.16683 24.16683 24.16683 24.16682 21.75476 21.55064 20.55199 23.90236 24.16683 24.16682 24.16683 24.16683 24.16683 24.16683 24.16683 19.1385 0 0 0 0 0 0 0 0 0 0 0 0 0 0 0 0 0 0 0 0 0 0 0 0 0 0 0 0 0 0 0 0 0 0 0 0 0 0 0 0 0 0
95.58876 45.64731 44.47273 45.83975 47.23236 48.81014 48.35014 63.99227 67.07129 67.07129 67.07129 64.66858 63.43707 78.41085 88.43833 88.38693 81.54337 54.78825 35.40808 24.16683 24.16683 24.16683 24.16683 24.16683 24.16683 24.16683 24.16683 24.16683 24.16683 24.16682 24.16683 24.16682 24.16682 24.16683 24.16683 24.16683 20.56329 16.84196 12.80902 12.02676 0 0 0 0 0 0 0 0 0 0 0 0 0 0 0 0 0 0 0 0 0 0 0 0 0 0 0 0 0 0 0 0 0 0 0 0 0 0 0 0
96.81037 74.83214 71.46346 89.75072 82.49262 67.12589 67.07128 67.07128 67.07128 67.32894 67.07128 76.69657 88.34468 88.43833 88.43833 88.43833 88.43832 88.43832 58.477 24.16683 24.16683 24.16683 24.16683 24.16683 24.16682 24.16683 24.16683 24.16683 24.16682 24.16683 24.16682 24.16683 24.16683 24.16683 24.16682 24.16683 17.51539 13.45699 13.45699 13.45699 12.49355 0 0 0 8.38373 11.51067 10.66946 7.476809 0 0 0 0 0 0 0 0 0 0 0 0 0 0 0 0 0 0 0 0 0 0 0 0 0 0 0 0 0 0 0 0
96.79754 90.32468 90.32468 90.32468 85.74805 70.15307 67.07129 67.07129 75.34395 85.04134 80.94175 87.47387 88.43833 88.43833 88.43833 88.43833 88.43831 73.29951 35.23732 24.16683 24.16683 24.16683 24.16683 24.16682 24.16683 24.16683 24.16683 24.16682 24.16682 24.16683 24.16683 24.16683 24.16683 24.16682 24.16683 15.67568 14.50539 13.45699 13.45699 13.45699 13.45699 13.45206 13.02647 13.45699 13.45699 13.45699 13.45699 13.45699 12.84278 0 0 0 0 0 0 0 0 0 0 0 0 0 0 0 0 0 0 0 0 0 0 0 0 0 0 0 0 0 0 0
91.49284 90.32468 90.32468 93.31827 80.35001 67.07128 67.07128 67.07128 82.7804 88.43833 88.43833 88.43833 88.43832 88.43832 62.72956 55.79135 41.86437 24.16683 24.16683 24.16683 24.16683 24.16683 24.16682 24.16682 24.16683 24.16683 24.16683 24.16683 24.16683 24.16683 24.16683 24.16683 24.16682 24.16683 24.16683 15.18146 13.45699 13.45699 13.45699 13.45699 13.45699 13.45699 13.45699 13.45699 13.45699 13.45699 13.45699 13.45699 13.45699 11.93883 0 0 0 0 0 0 0 0 0 0 0 0 0 0 0 0 0 0 0 0 0 0 0 0 0 0 0 0 0 0
90.32468 90.32468 90.32468 118.3271 114.2187 70.84875 67.07128 67.32067 80.04183 88.43833 88.43833 88.43833 88.6093 116.8582 72.6246 24.16683 24.16683 24.16683 24.16683 24.16683 24.16683 24.16683 24.16683 24.16683 24.16683 59.66504 91.98128 77.91769 50.04758 24.36992 24.16682 0 24.16682 24.16683 23.67985 15.12874 13.45699 13.45699 13.45699 13.45699 13.45699 13.45699 13.45699 13.45699 13.45699 13.45699 13.45699 13.45699 13.45699 13.45699 13.45699 12.60499 0 0 0 0 0 0 0 0 0 0 0 0 0 0 0 0 0 0 0 0 0 0 0 0 0 0 0 0
91.69789 98.91707 103.4575 124.5405 125.5447 104.1675 67.44714 74.98139 88.43833 88.43832 88.43832 88.48253 136.0533 166.1607 101.9283 24.16683 24.16683 24.16682 24.16682 24.16682 24.16683 24.16682 24.16682 24.16682 24.16683 64.34196 97.77203 97.77203 97.77203 81.94078 28.75525 0 24.16682 24.16683 15.8061 13.45699 13.45699 13.45699 13.45699 13.45699 13.45699 13.45699 13.45699 13.45699 13.45699 13.45699 13.45699 13.45699 13.45699 13.45699 13.45699 13.45699 13.45699 9.01128 0 0 0 0 0 0 0 0 0 0 0 0 0 0 0 0 0 0 0 0 0 0 0 0 0 0
115.025 125.5447 125.5448 125.5447 125.5448 125.5447 97.4719 87.14565 88.43833 88.43832 130.9351 154.6788 166.1607 165.7575 92.7928 24.16682 24.16683 24.16683 24.16682 24.16682 24.16683 24.16683 24.16683 24.16683 24.16682 68.45642 97.77203 97.77204 97.77203 89.39758 85.14729 76.48896 24.16682 24.16683 20.92487 13.62699 13.45699 13.45699 13.45699 13.45699 13.45699 13.45699 13.45699 13.45699 13.45699 13.45699 13.45699 13.45699 13.45699 13.45699 13.45699 13.45699 13.45699 13.45699 12.14896 19.33693 11.722 0 0 0 0 0 0 0 0 0 0 0 0 0 0 0 0 0 0 0 0 0 0 0
123.4476 125.5447 125.5448 125.5447 125.5447 125.5447 110.7409 88.43832 89.17497 110.6517 145.0808 165.2547 166.1607 114.5003 64.36725 24.16706 24.16683 24.16683 24.16682 24.16683 24.16869 36.46088 48.71768 40.54032 49.002 86.30458 97.60389 92.10813 89.34008 85.2899 85.1473 85.01781 80.9889 74.54195 47.92585 18.95871 13.45699 13.45699 13.45699 13.45699 13.45699 13.45699 13.45699 13.45699 13.45699 13.45699 13.45699 13.45699 13.45699 13.45699 13.45699 13.45699 13.4979 13.73031 15.53469 19.7986 19.7986 10.83323 0 0 0 0 0 0 0 0 0 0 0 0 0 0 0 0 0 0 0 0 0 0
125.5448 125.5448 144.2453 125.5755 125.2209 116.0668 94.83689 88.43833 102.5899 161.4323 161.4323 164.467 166.1607 166.1607 166.1607 121.8074 70.33633 25.5906 71.72241 75.92141 72.29447 97.77204 97.77204 97.77203 97.77204 97.77204 93.6681 85.1473 85.1473 85.1473 85.1473 85.1473 85.1473 85.1473 85.1473 79.34395 13.86388 13.45699 13.45699 13.45699 13.45699 13.45699 13.45699 13.45699 13.45699 13.45699 13.45699 13.45699 13.45699 13.45699 13.45699 13.48949 18.17684 19.66636 19.43661 19.7986 13.6449 0 0 0 0 0 0 0 0 0 0 0 0 0 0 0 0 0 0 0 0 0 0 0
179.8667 162.4988 177.2241 181.9808 175.913 104.0311 104.8377 122.0253 133.8969 161.4323 161.8753 163.6497 162.4906 163.1396 163.8909 165.1022 170.6629 150.1846 165.929 114.4164 97.77203 97.77204 97.77204 97.77204 97.77204 97.77204 92.23531 85.1473 85.1473 85.1473 85.1473 85.1473 85.14729 85.1473 85.14729 85.14729 64.47536 17.62166 13.45699 13.45699 13.45699 13.45699 13.45699 13.45699 13.45699 13.45699 13.45699 13.45699 13.45699 13.45699 13.45699 13.45699 15.95508 19.7986 19.7986 19.7986 16.33786 0 0 0 0 0 0 0 0 0 0 0 0 0 0 0 0 0 0 0 0 0 0 0
203.2014 203.2013 203.2014 203.2013 203.2014 147.9805 133.6653 133.6653 136.4923 161.2329 199.0747 204.498 163.7267 161.4323 161.4323 220.2974 264.5598 172.0607 139.8997 97.77203 97.77204 97.77203 97.77204 97.77204 97.77204 97.77204 145.1909 98.54778 85.14731 85.1473 85.14731 85.14731 85.14731 85.1473 85.1473 85.14729 85.31235 35.60728 13.45699 13.45699 13.45699 13.45699 13.45699 13.45699 13.45699 13.45699 13.45699 13.45699 13.45699 13.45699 13.45699 13.45699 13.62502 19.05368 19.7986 19.7986 18.55052 0 0 0 0 0 0 0 0 0 0 0 0 0 0 0 0 0 0 0 0 0 0 0
212.3591 203.2013 245.7766 203.2013 176.0008 133.9556 133.6653 133.6653 133.6653 155.1659 213.8953 210.4252 207.4407 166.9735 161.4323 204.9373 252.2582 165.2104 100.9338 97.77204 97.77204 97.77204 97.77204 97.77204 97.77204 118.5378 167.858 165.2829 98.55766 85.1473 85.1473 85.1473 85.1473 85.1473 85.50414 86.1375 88.40648 43.08541 13.45699 13.45699 13.45699 13.45699 13.45699 13.45699 13.45699 13.45699 13.45699 13.45699 13.45699 13.45699 13.45699 13.45699 13.92524 19.27171 19.7986 19.7986 19.7986 16.08633 22.21527 0 0 0 0 0 0 0 0 0 0 0 0 0 0 0 0 0 0 0 0 0
386.7134 472.3401 534.7416 343.2466 149.6375 133.6653 133.6653 133.6653 133.6653 133.6653 151.8892 214.397 214.397 207.3285 173.2352 259.3796 269.9408 258.3266 142.0027 97.77203 97.77203 97.77204 97.77203 97.77203 97.77203 127.927 169.4534 169.4534 149.4598 85.14729 85.1473 85.1473 85.1473 85.1473 87.45604 88.60957 88.60956 26.56557 13.45699 13.45699 13.45699 13.45699 13.45699 13.45699 13.45699 13.45699 13.45699 13.45699 13.45699 13.45699 13.45699 13.45699 16.97575 19.7986 19.7986 19.7986 19.7986 19.7986 20.54625 27.76911 25.4382 18.64584 0 0 0 0 0 0 0 0 0 0 0 0 0 0 0 0 0 0
558.1606 558.1606 558.1606 558.1606 542.2495 1293.146 1169.563 1031.217 404.2602 229.4656 146.6355 204.1187 214.397 214.397 220.5037 265.6976 271.5526 271.5526 205.9013 109.1823 97.77203 97.77203 97.77203 97.77204 97.77203 146.8684 169.4533 169.4534 168.9388 89.82255 85.1473 85.1473 85.1473 103.7478 88.50836 88.60956 88.60957 76.74423 51.55549 13.45699 13.45699 13.45699 13.45699 13.45699 13.45699 13.45699 13.45699 13.45699 13.45699 13.45699 13.45699 13.45699 16.31125 19.7986 19.7986 19.7986 19.7986 19.7986 21.66867 27.34627 28.2815 28.2815 27.18739 21.13601 0 0 0 0 0 0 0 0 0 0 0 0 0 0 0 0
558.1607 558.1606 558.1607 558.1606 730.3677 1449.894 1516.692 1516.692 1516.692 1475.899 412.2136 151.8996 214.397 214.397 214.397 233.1593 269.8008 271.5526 201.6139 133.3505 97.77204 97.77203 97.77204 97.77203 100.1007 157.1868 169.4534 169.4534 169.4534 129.0076 86.64619 85.1473 97.52251 157.5447 98.77801 88.60957 88.60956 88.60957 81.28309 22.18482 13.45699 26.57313 19.81699 13.45699 13.45699 13.45699 13.45699 13.45699 13.45699 13.45699 13.45699 13.45699 14.38771 19.6557 19.7986 19.7986 19.7986 19.7986 22.38656 27.70867 28.2815 28.2815 28.2815 28.2815 27.76147 28.2815 28.2815 22.12146 0 0 0 0 0 0 0 0 0 0 0 0
558.1606 558.1606 799.3923 913.7943 710.3578 1319.3 1516.692 1516.692 1133.706 386.7513 133.6653 152.0567 214.397 214.397 214.397 214.397 251.5342 273.1903 236.5845 97.82986 97.77203 101.9874 97.79062 97.77203 107.5435 167.3529 169.4534 169.4534 167.5832 152.0577 126.1879 85.21704 104.515 159.7065 139.8285 88.60956 88.60957 88.60956 88.60956 76.72185 52.42513 87.42982 80.00594 64.39027 51.32637 13.45699 13.45699 13.45699 13.45699 13.45699 13.45699 13.45699 13.45699 18.71384 19.7986 19.7986 19.7986 19.7986 19.7986 20.86749 27.0267 28.2815 28.2815 28.2815 28.2815 28.2815 28.2815 28.2815 28.17336 21.86799 0 0 0 0 0 0 0 0 0 0
558.1606 558.1606 560.3333 750.3423 1397.926 1516.692 1516.692 1516.692 379.813 133.6653 133.6653 185.8403 214.397 214.397 214.397 214.397 264.1071 318.0868 297.2067 198.6842 136.7734 172.8098 161.2943 135.0954 135.6325 200.308 194.8585 179.3699 181.5467 221.5738 205.4374 172.0518 154.2384 159.7065 159.6938 107.8066 88.60956 88.60957 88.60957 88.60957 88.60957 88.60957 88.60956 88.60957 88.44443 34.61861 13.45699 13.45699 13.45699 13.45699 13.45699 13.45699 15.9777 19.75166 19.7986 19.7986 19.7986 19.7986 19.7986 19.7986 20.66614 25.08737 28.2815 28.2815 28.2815 28.2815 28.2815 28.2815 28.2815 28.2815 0 0 0 0 0 0 0 0 0 0
559.6108 558.1606 558.1606 704.1355 1498.348 1516.692 1516.692 1516.692 1333.141 617.0394 432.6607 365.7906 207.5557 207.846 208.9314 214.357 247.2852 301.3725 307.8917 250.5529 173.3053 173.3053 173.3053 173.3053 173.3053 200.2156 221.8346 217.0874 214.6361 221.8346 221.8346 221.4765 172.7257 159.7065 159.7065 156.0376 124.6026 88.61573 88.60957 88.60957 88.60957 88.60957 88.60957 88.60957 88.60957 85.2012 61.28165 13.45699 13.45699 13.45699 13.45699 13.45699 27.55336 22.03872 19.7986 19.7986 19.7986 19.7986 19.7986 19.7986 19.7986 23.60621 28.2815 28.2815 28.2815 28.2815 28.2815 28.2815 28.2815 28.2815 28.25047 19.29673 0 0 0 0 0 0 0 0
618.3098 592.5762 562.0491 563.6917 1344.296 1516.692 1516.692 1516.692 1516.692 1170.497 1011.886 764.9306 203.3243 203.3243 203.5017 210.6641 199.3336 174.9423 175.5618 177.3831 173.3053 173.3053 173.3053 173.3053 173.3053 193.8438 221.5474 221.8346 221.8346 221.8346 221.8811 225.8866 207.9034 167.7529 193.4805 208.9842 177.3362 142.6432 94.51467 88.60957 88.60957 88.60957 88.60957 88.60957 88.60957 88.60957 86.83663 44.90271 41.9454 26.93903 35.51857 53.65828 70.82927 61.49134 20.72753 19.7986 19.7986 19.7986 19.7986 19.7986 19.7986 23.19747 28.2815 28.2815 28.2815 28.2815 28.2815 28.2815 28.2815 28.2815 28.2815 28.2815 28.2815 27.9268 23.71146 16.9631 0 0 0 0
624.2935 624.9654 705.6055 749.212 918.958 1516.692 1516.692 1516.692 1280.322 1140.743 985.6167 535.8425 203.3243 203.3243 203.3243 203.3243 203.3243 199.53 177.3896 173.3053 176.237 299.3289 212.5007 235.3841 280.1986 361.6918 269.1024 221.8346 221.8346 221.8346 221.9896 228.6306 228.5069 228.6306 228.6306 215.7207 101.8851 93.12385 88.60957 88.60957 88.60957 88.60957 88.60957 88.8584 89.19437 90.72121 92.40128 93.83891 71.60649 70.93195 70.97117 70.97118 70.97118 70.97117 49.8876 22.63491 19.7986 19.7986 19.7986 19.7986 19.7986 22.11758 25.227 28.2815 28.2815 28.2815 28.2815 28.2815 28.2815 28.2815 28.2815 28.2815 28.2815 25.36902 0 0 0 0 0 0
624.2935 687.7867 762.0828 762.0826 849.1768 1467.587 1516.692 1516.692 1135.974 1011.885 718.5439 203.3243 203.3243 203.3243 203.3243 203.3243 203.3243 203.3243 189.315 191.182 242.7501 204.2754 232.0504 357.8587 398.8974 398.5328 241.5533 195.1482 165.3076 121.0017 102.9298 131.1325 133.1737 211.2336 228.5785 228.6306 212.0788 93.97181 92.2435 89.00648 88.60956 89.29406 91.78128 93.98116 94.25907 94.25908 94.25906 88.71394 71.90881 70.97118 70.97117 70.97118 70.97117 70.97118 70.97118 26.96584 19.7986 19.7986 19.7986 19.7986 19.7986 19.7986 20.95361 25.59802 28.2815 28.2815 28.2815 28.2815 28.2815 28.2815 28.2815 28.2815 27.12236 0 0 0 0 0 0 0
764.2038 1224.828 902.6317 762.0827 762.0826 1165.501 1516.692 1516.692 1182.438 1087.461 986.6503 310.4025 178.5513 180.6809 171.3763 203.3243 203.3243 189.0941 173.3125 183.5023 179.5931 179.5931 179.5931 208.4494 307.3829 198.5927 150.9698 116.0621 98.39027 98.39028 98.39027 100.8681 121.4158 122.9662 132.0475 178.7191 121.8025 94.25907 94.25907 92.98384 92.4668 93.90343 94.25907 94.25907 94.25907 94.25907 94.25907 77.43327 70.97118 70.97117 70.97118 70.97117 70.97118 70.97118 66.94892 19.85174 19.7986 19.7986 19.7986 19.7986 19.7986 19.7986 19.7986 22.86768 28.2815 28.2815 28.2815 28.2815 28.2815 28.2815 28.2815 28.2815 27.44167 0 0 0 0 0 0 0
1291.747 1307.924 1302.151 900.622 762.0828 839.0042 1410.877 1516.692 1516.669 1199.693 1011.886 846.6243 93.38376 92.23447 92.88143 182.497 203.2468 174.8605 174.6233 179.5699 179.5931 179.5931 179.5931 179.5931 179.5931 179.5931 179.5931 170.8542 102.4315 98.39027 98.39028 99.67157 117.5151 121.8845 121.8858 121.8444 107.6116 94.25907 94.25907 94.25907 94.25907 94.25908 94.25907 94.25907 94.25907 94.25908 92.87527 72.65215 70.97118 70.97118 70.97118 70.97118 70.97118 70.97118 44.63455 19.7986 19.7986 19.7986 19.7986 19.7986 19.7986 19.7986 19.7986 20.18751 27.72776 28.2815 28.2815 28.2815 28.2815 28.2815 28.2815 22.96798 0 0 0 0 0 0 0 0
1307.924 1307.924 1306.349 933.3024 762.0827 762.0827 1054.293 1516.692 1485.214 1122.166 961.9863 432.0748 92.23448 92.23448 92.23447 109.0507 137.3397 110.7724 138.9553 179.4323 179.5931 179.5931 179.5931 179.5931 180.9925 180.7192 179.5931 179.5931 141.0845 98.39027 98.39027 98.39027 98.39027 114.3204 121.8858 121.8858 120.9632 109.0437 101.4779 97.47402 94.25908 94.25907 94.25907 94.25907 94.25908 94.25907 94.25907 82.68033 71.75778 70.97118 70.97118 70.97118 70.97118 70.97118 36.46133 19.7986 19.7986 19.7986 19.7986 19.7986 19.7986 19.7986 19.7986 21.10991 28.19828 28.2815 28.2815 28.2815 28.2815 28.2815 22.43942 0 0 0 0 0 0 0 0 0
1307.924 1307.924 1088.439 762.0827 762.0826 762.0826 770.9848 1253.166 1311.318 1016.687 558.3323 92.23447 92.23447 92.23447 92.23447 92.23447 88.8064 86.92764 86.92887 146.2899 179.5931 179.5931 179.5931 179.6139 189.515 187.5246 179.8265 171.1036 104.7943 98.39027 98.39027 98.39027 98.39027 110.4892 121.8858 121.8858 121.8858 121.8858 121.8858 110.5067 98.72599 94.25907 94.25907 95.10467 94.25907 94.25907 94.25907 93.95776 73.80368 70.97117 78.33913 88.42721 74.51355 70.32555 23.29726 19.7986 19.7986 19.7986 19.7986 19.7986 19.7986 19.7986 19.7986 22.15716 28.2815 28.2815 28.2815 28.28149 28.2815 27.85955 0 0 0 0 0 0 0 0 0 0
1307.924 1289.108 949.8729 762.8609 762.0827 762.0827 762.0827 762.0827 1209.39 792.2011 179.1239 92.23448 92.23448 92.23448 92.23448 106.5286 101.8652 86.92764 89.90345 143.6086 176.4484 179.5931 178.0618 180.712 193.8893 193.8846 193.0793 152.2404 98.39027 98.39028 98.39028 98.39028 98.39028 101.1483 125.6056 121.8858 122.1226 121.8858 121.8858 118.2352 201.3435 166.3373 175.5547 202.3754 176.4413 159.7873 134.0842 85.8908 70.97118 85.89038 168.2704 135.4322 81.11668 70.9448 28.33673 19.7986 19.7986 19.7986 19.7986 19.7986 19.7986 19.7986 20.14515 25.3806 28.2815 28.2815 33.72134 38.35677 22.81473 0 0 0 0 0 0 0 0 0 0 0
1307.924 1307.924 1307.924 1220.462 1013.222 762.0827 762.0827 762.0827 762.0827 657.8436 283.7769 130.3645 98.03872 101.3352 126.9502 144.5571 135.3043 103.5133 86.92764 130.0895 142.9936 174.106 154.106 146.1277 191.3004 193.8893 171.82 125.0305 98.39027 98.39027 98.39027 98.39028 98.39027 112.9258 168.4048 135.4497 149.0905 128.6456 134.3515 168.9555 202.0303 205.0092 205.0092 205.0092 205.0092 205.0092 197.5236 180.5265 169.6867 162.4483 132.1378 88.15759 85.24317 70.97118 64.06055 31.41785 19.7986 19.7986 19.7986 23.86427 24.93916 24.22083 27.58426 28.2815 28.2815 51.4351 0 0 0 0 0 0 0 0 0 0 0 0 0 0
1307.924 1307.924 1307.924 1307.553 1112.71 762.0827 762.0827 762.0826 762.0827 762.0826 762.0826 533.9901 156.5916 153.5362 154.4349 154.4349 154.4349 132.9092 123.6372 127.9698 103.8629 124.6702 130.7713 137.7487 159.6497 180.4394 168.5258 111.8698 98.39028 98.39027 98.39028 103.217 125.3429 172.0963 175.0472 180.1353 181.4052 180.4547 181.8694 181.8694 198.0926 205.0092 205.0092 204.8018 189.2247 188.9642 184.2707 183.4277 183.4276 96.86895 87.85891 87.85892 94.33466 104.0189 95.39259 93.86102 20.16736 28.58821 33.10414 22.96774 28.2815 28.2815 28.2815 28.2815 28.2815 112.4388 0 0 0 0 0 0 0 0 0 0 0 0 0 0
1307.924 1307.924 1307.924 1048.008 762.0827 762.7448 762.0827 762.0827 762.0827 762.0827 762.0827 762.0827 363.9968 154.4349 154.4349 154.4349 154.4349 154.4349 152.77 130.4293 88.35301 86.92764 95.45618 128.2728 119.2918 120.4371 103.9383 120.6256 98.59045 98.39028 120.9761 144.6867 172.6945 174.5655 176.0047 181.7005 183.2815 186.9582 184.269 184.4632 201.8008 212.9256 205.7476 197.2755 183.4277 183.4277 183.4277 183.4277 169.4763 88.27075 87.85892 91.84299 159.9872 192.5554 191.0997 191.9512 97.1651 118.2695 123.0339 149.3297 76.63616 28.2815 28.2815 28.2815 39.02111 0 0 0 0 0 0 0 0 0 0 0 0 0 0 0
1307.924 1307.924 1307.924 1106.724 772.2919 778.7932 763.668 762.0826 762.0827 762.0826 762.0826 762.0826 484.5176 154.4349 154.4349 154.4349 154.4349 154.4349 154.4349 121.3381 86.92764 86.92764 86.92764 86.92764 86.92764 86.92764 73.03894 67.91814 75.36482 98.39027 101.3601 133.9721 159.3236 174.5654 176.3869 182.2995 206.8434 210.3922 208.0322 205.4492 215.7233 237.9214 237.1233 231.0709 209.4214 183.4277 183.4277 183.4276 171.8779 124.3672 87.85892 95.10035 159.0311 192.5553 192.5553 176.1683 163.1389 163.1389 163.1389 163.1389 139.3907 29.2145 57.42471 45.32638 0 0 0 0 0 0 0 0 0 0 0 0 0 0 0 0
1307.924 1307.924 1307.924 1073.91 781.5688 781.5688 777.2225 771.1252 766.0358 785.8896 784.8351 872.6202 885.1181 670.6488 338.5485 154.4349 154.4349 154.4349 154.4349 139.3367 89.47301 86.92764 86.92764 86.92764 86.92764 86.92764 86.92764 86.62461 90.67694 92.22907 93.53282 119.3967 154.7543 169.0327 174.5655 184.7053 210.3996 210.3996 210.3996 210.3996 216.2549 237.2067 237.9453 243.1833 272.5521 189.3301 183.4277 184.7599 190.3362 194.6661 119.8434 92.75893 136.1141 192.5553 192.5553 175.8164 163.1389 163.1389 163.1389 163.1389 131.7557 99.66373 0 0 0 0 0 0 0 0 0 0 0 0 0 0 0 0 0 0
1307.924 1307.924 1262.248 882.3214 781.5688 781.5688 781.5688 781.5688 781.5173 904.2808 984.5477 984.9333 984.9333 984.9333 981.9091 718.0159 316.8968 154.4349 154.4349 154.2425 99.74734 86.92764 86.92764 86.92764 86.92764 86.92764 82.77607 60.67847 60.67416 60.67416 60.67416 127.175 140.5336 153.5987 174.5654 183.701 209.7367 210.4079 210.6683 218.9711 225.6396 232.0298 255.3109 248.0868 277.5861 213.5049 183.4277 183.5965 195.0525 213.2806 215.3636 212.6555 213.8123 194.2307 192.5553 173.4313 163.1389 163.1389 163.1389 163.1389 164.1165 0 0 0 0 0 0 0 0 0 0 0 0 0 0 0 0 0 0 0
1356.025 1378.84 1382.295 1081.711 783.6104 781.5688 781.5688 791.324 852.6381 975.4496 984.9333 984.9333 984.9333 984.9333 984.9333 797.1452 473.076 154.4349 154.4349 154.4349 105.9019 86.92764 78.16062 72.67238 86.92764 86.92764 86.53917 61.70717 60.67416 60.67416 60.9511 124.8991 137.7303 159.5428 174.5578 183.8966 218.897 224.1217 223.9773 226.462 226.5326 261.8262 278.1022 262.5158 275.7057 237.5212 183.4277 209.628 208.034 160.0955 177.782 215.354 215.3637 205.4212 193.9363 184.5498 163.1389 166.0554 163.1389 163.1389 163.1389 0 0 0 0 0 0 0 0 0 0 0 0 0 0 0 0 0 0 0
