Scenarios/Heterogeneous/data/country_data_population_distribution/processed/density_grids/ind.asc
ncols 706
nrows 708
xllcorner 68
yllcorner 6
[rows 525 to 559 of 708, columns 240 to 319 of 706]
333.8388 331.9497 332.2126 334.7416 347.2866 348.0919 348.0919 348.0919 298.9261 212.6818 254.9606 254.3197 255.4317 255.5172 327.3622 313.8769 565.7579 757.7973 358.3391 255.2175 218.8846 248.9975 324.455 213.2741 191.1141 276.3628 280.4272 188.0744 171.9062 142.7573 136.5646 131.6745 145.1415 185.3435 201.5565 217.1121 1113.806 1516.755 1476.255 1272.305 435.9537 371.8268 275.3584 180.3857 113.2981 94.38727 94.38727 94.38728 112.627 155.4187 193.9591 159.5423 164.0964 279.392 279.3919 279.3919 279.3919 279.3919 279.3919 0 0 0 0 0 0 0 0 0 0 0 0 0 0 0 0 0 0 0 0 0
336.2437 331.9497 334.8401 345.7509 348.0919 348.0919 348.0919 348.0919 301.3796 244.6313 244.7155 244.7155 244.7155 378.8837 747.5447 759.4222 759.4222 501.1052 175.9717 175.9717 175.9717 160.1593 126.6508 131.8482 162.0949 188.1686 182.2657 169.7635 169.7635 169.7635 169.7635 169.7635 196.306 203.8285 203.8285 203.8285 260.9047 823.7083 702.8815 696.6603 404.7166 373.7311 214.0966 125.8658 94.38728 94.38728 94.38727 94.74918 137.9245 159.5423 159.5423 159.5423 204.6679 289.1884 478.6485 279.392 0 279.3919 279.3919 0 0 0 0 0 0 0 0 0 0 0 0 0 0 0 0 0 0 0 0 0
331.9497 331.9497 331.9497 334.518 347.8219 348.0919 348.0919 348.0919 319.935 244.7155 244.7155 244.7155 244.7155 560.8604 759.4222 759.4222 759.4222 674.075 184.1711 175.9717 176.6466 189.2277 139.6698 116.286 146.7546 184.3543 184.213 180.5613 270.8766 287.2149 310.0886 258.9534 202.1872 203.8285 209.043 212.0055 216.5808 217.2322 217.2486 307.5447 354.5006 343.4445 223.9042 208.6493 141.589 94.38727 94.38727 135.1071 159.5423 201.7003 220.255 219.1868 283.017 495.4123 539.7872 395.6585 279.3919 0 279.392 279.3919 0 0 0 0 0 0 0 0 0 0 0 0 0 0 0 0 0 0 0 0
331.9497 331.9497 333.9655 341.0707 348.0919 348.0919 348.0919 348.0919 336.1366 244.9353 244.7155 244.7155 245.6914 693.1689 759.4221 759.4111 644.9791 522.0374 346.1257 200.6876 203.6128 219.5928 130.8807 116.286 138.1813 175.8017 169.8108 228.9107 312.3097 376.368 382.1454 381.8648 246.3223 203.8293 201.5112 182.8518 188.3637 186.3373 174.8682 166.513 223.8511 599.7995 552.0234 221.8494 157.1342 101.884 101.7378 150.263 218.3197 282.1682 250.2526 257.6152 443.2007 576.5792 558.7061 565.498 661.6273 746.931 748.2866 754.7994 0 0 0 0 0 0 0 0 0 0 0 0 0 0 0 0 0 0 0 0
331.9497 331.9497 337.2802 347.8724 348.0919 348.0919 348.0919 348.0919 297.4494 244.7155 244.7155 244.7155 244.7155 250.4055 318.9969 411.9918 388.7889 460.4537 364.5647 219.5928 219.5928 200.5556 120.1032 116.286 116.286 117.6276 206.1891 234.6423 243.6787 324.5683 357.5074 376.7904 230.8093 236.5461 176.2774 166.513 166.513 176.2305 254.7456 257.4774 487.6899 683.4586 419.5205 221.8495 226.3868 319.8915 165.7456 175.5345 290.9636 250.9643 246.9922 361.2463 577.0865 577.0865 577.0865 577.0865 690.7071 754.7994 754.7994 754.7994 0 0 0 0 0 0 0 0 0 0 0 0 0 0 0 0 0 0 0 0
331.9497 331.9497 333.277 347.8449 348.0919 348.0919 344.9789 265.4893 244.8304 244.7155 244.7155 244.7155 244.7155 236.235 233.6615 233.6615 272.9953 460.4537 410.2262 219.8449 219.9842 204.7664 117.4294 116.286 116.286 117.55 220.3544 234.6423 261.6869 319.0516 321.7671 316.1897 300.1606 296.2311 178.4307 166.513 210.0876 285.0452 290.0021 290.0021 434.65 685.9163 552.8595 313.6898 367.5057 347.3463 301.5283 298.6252 298.4294 265.7751 246.9922 495.8272 577.0865 577.0865 577.0865 597.2059 651.6952 754.7994 754.7994 754.7994 754.7993 0 0 0 0 0 0 0 0 0 0 0 0 0 0 0 0 0 0 0
331.9497 332.0396 335.6688 348.0919 348.0919 348.0919 348.0919 280.2325 244.7155 244.7155 244.7155 244.7155 244.2447 237.5619 233.6615 233.6615 288.2839 460.4537 450.1372 416.3799 324.6364 264.2839 172.2289 134.3298 124.9718 271.5096 295.3709 234.6831 234.6423 295.3328 318.5671 301.5969 296.2903 269.1208 169.6359 221.2695 328.8623 333.8376 311.9341 312.3722 384.3186 750.9733 821.6909 708.3542 400.6884 301.0146 332.7857 301.8097 302.6322 286.0287 406.3362 534.8379 577.0865 580.1131 621.5939 639.0551 754.7994 754.7994 754.7994 754.7994 754.7994 0 0 0 0 0 0 0 0 0 0 0 0 0 0 0 0 0 0 0
331.9497 332.85 346.7975 383.9018 354.8702 386.4921 352.2534 255.901 244.7155 250.0265 244.7155 245.2904 259.4905 263.0058 278.6411 289.9699 447.6464 455.868 357.8778 335.2311 331.0967 317.8882 310.8423 265.3858 266.6983 270.949 360.2404 315.6954 257.4356 289.1447 317.7526 297.2592 317.1609 353.9323 333.9425 370.2997 312.0518 254.1475 734.9838 894.7216 865.1481 849.5925 821.6909 775.9355 354.016 269.4482 356.1251 406.2285 460.4068 469.5056 499.3094 499.5942 534.4615 557.2796 700.2698 682.8434 754.1113 754.7994 754.7994 754.7994 754.7993 0 0 0 0 0 0 0 0 0 0 0 0 0 0 0 0 0 0 0
411.9326 401.4325 461.3031 497.368 481.6107 496.8455 447.9243 248.4337 292.4333 427.9563 261.9272 254.4689 323.1425 323.1425 323.1425 325.2894 381.9281 377.4845 324.3166 324.7327 320.9491 311.7057 306.826 266.0338 219.5289 223.3353 338.1924 349.4144 363.3935 570.2327 942.6909 499.2383 355.3932 355.3932 355.3932 360.8867 167.4026 107.6055 346.9335 895.2963 852.571 782.3802 736.7593 694.3141 624.9181 280.6318 368.0917 497.1121 499.3094 499.3094 499.3094 499.3094 499.3094 499.3094 554.2152 754.7994 754.7994 754.7994 754.7994 754.7994 754.7993 0 0 0 0 0 0 0 0 0 0 0 0 0 0 0 0 0 0 0
529.4545 530.2746 513.6814 498.032 498.032 498.032 498.032 467.0858 482.1739 426.3466 285.4596 295.411 323.1425 323.1425 323.1425 323.1425 323.1425 322.7138 311.7718 320.7717 309.9418 337.7767 338.9503 258.1224 223.2494 215.0562 220.6374 224.9223 295.133 818.5682 1069.3 899.8732 781.7913 358.1413 347.4171 187.925 107.6055 107.6055 204.2975 781.2573 698.8613 635.8644 635.8645 629.6113 633.9395 538.7747 458.9168 666.8841 611.6093 568.168 556.6515 695.3002 635.4297 619.621 623.9268 754.7994 754.7994 754.7994 754.7994 754.7994 754.7994 0 0 0 0 0 0 0 0 0 0 0 0 0 0 0 0 0 0 0
530.2745 530.2745 516.1596 498.0319 498.032 498.032 498.032 498.032 498.032 492.7784 359.4034 323.1425 323.1425 323.1425 323.1425 323.1425 323.1425 321.1366 295.6804 297.4578 343.1262 427.7547 432.2326 224.701 215.0446 215.0446 213.8485 207.0627 202.2906 404.8099 1041.788 856.7092 1006.032 581.3344 278.3392 107.6055 111.1863 642.2406 693.4648 745.0378 635.8645 635.8644 635.8644 587.0329 588.752 635.0976 724.8972 817.328 817.328 817.328 817.328 817.328 1476.166 3085.478 1628.602 1825.258 5238.077 6097.155 4859.492 2652.469 0 0 0 0 0 0 0 0 0 0 0 0 0 0 0 0 0 0 0 0
530.2745 518.104 507.7518 498.0319 498.032 498.032 498.032 498.0319 498.032 498.032 378.2644 323.1425 323.1425 323.1425 323.1425 323.1425 323.1217 302.2914 268.5828 293.7391 429.3754 434.674 434.674 234.0317 215.0016 211.4865 205.1068 201.521 204.6616 662.6359 359.5941 136.9765 260.3117 246.2103 508.1404 241.1926 514.2905 909.8131 902.6194 639.6093 587.5764 613.0744 593.5857 561.1663 556.5067 570.753 662.317 809.1804 817.3281 817.3281 817.3281 817.3281 2913.487 5236.356 5233.069 5266.589 8706.387 14686.37 16862.31 12306.4 0 0 0 0 0 0 0 0 0 0 0 0 0 0 0 0 0 0 0 0
530.2745 485.4936 437.221 457.7599 498.032 498.032 498.032 498.032 498.032 498.032 442.4128 323.1425 323.1425 323.1425 323.1425 323.1425 315.3993 266.247 265.0043 265.0396 313.3762 433.7932 434.6741 336.0896 249.9526 345.0009 201.521 201.521 637.0312 826.9552 150.3533 136.9765 136.9765 136.9765 343.9631 892.1044 896.9558 915.4139 795.615 567.0106 553.9268 553.9711 553.9582 553.9268 557.1152 597.6448 635.8644 759.5513 817.3281 817.3281 817.3281 1006.107 5009.844 5689.089 5410.033 5236.356 15516.66 23179.75 24118.03 24118.03 0 0 0 0 0 0 0 0 0 0 0 0 0 0 0 0 0 0 0 0
530.2745 462.3763 392.1226 395.1494 480.2532 491.8856 517.8145 549.7155 541.3541 523.6551 517.4875 385.936 335.268 323.1425 323.1425 323.149 343.234 318.2443 282.6552 265.0042 271.7827 550.2593 566.3059 671.8754 711.0148 492.8696 201.521 201.521 774.3719 380.4708 137.0805 136.9765 136.9765 136.9765 136.9765 744.7317 929.1138 909.8978 727.2318 555.6152 553.9268 553.9268 553.9268 553.9268 553.9268 583.5737 634.0784 799.0018 817.3281 817.3281 817.3281 4464.38 5795.268 5795.268 5562.496 5236.356 19595.41 24118.03 24118.03 24118.02 0 0 0 0 0 0 0 0 0 0 0 0 0 0 0 0 0 0 0 0
522.7719 404.7351 392.1191 392.1191 392.2456 397.4101 462.5326 563.3093 570.7922 570.7922 570.7922 570.7923 532.3818 387.4111 405.8873 369.5028 368.5682 368.5683 339.6853 346.8993 576.0629 711.6535 714.4998 714.4998 714.4998 711.8484 692.4831 590.3182 990.4513 1013.717 856.7302 747.02 795.9545 802.0962 503.1386 861.7867 932.7418 919.4987 699.1422 553.9268 553.9268 553.9268 553.9268 553.9268 553.9268 555.275 583.2183 820.5804 817.3281 967.851 961.951 2195.403 4904.335 5598.467 3529.228 5115.588 18032.18 24118.03 24118.02 0 0 0 0 0 0 0 0 0 0 0 0 0 0 0 0 0 0 0 0 0
497.9258 392.1191 392.119 392.1191 392.119 392.1191 402.5725 550.7847 570.7922 570.7922 570.7922 570.7923 570.7922 570.7922 550.6293 445.7891 368.5682 368.5682 368.5682 583.5625 714.4998 714.4998 714.4998 714.4998 714.4998 854.664 1031.203 1031.351 1031.351 1031.351 1031.351 1031.351 1031.351 1002.701 937.4748 935.1168 932.7418 932.7418 875.6824 553.9268 553.9268 553.9268 553.9268 553.9268 553.9268 657.7968 1069.65 906.2301 817.6508 948.6445 1110.5 1138.022 1268.226 1226.871 4021.54 9682.241 15786.91 19929.87 21320.21 0 0 0 0 0 0 0 0 0 0 0 0 0 0 0 0 0 0 0 0 0
467.3305 392.1191 392.1191 392.1191 392.1191 392.119 422.6747 557.0652 570.7922 570.7922 570.7922 570.7922 552.7276 570.7922 341.2875 321.5018 324.0254 353.728 338.7953 473.678 714.4998 714.4998 714.4998 714.4998 714.4998 956.2042 1010.907 987.6398 1004.28 951.858 938.5118 885.0162 943.0155 961.9683 932.7417 932.7417 932.7417 932.7417 697.5729 553.9267 553.9268 553.9267 553.9268 612.5175 926.7891 1098.481 1127.426 1062.033 917.8778 1078.246 1138.022 1138.022 1138.022 1400.999 8167.896 12185.07 11690.44 6114.109 6114.109 0 0 0 0 0 0 0 0 0 0 0 0 0 0 0 0 0 0 0 0 0
469.0874 456.3055 413.7209 392.1191 392.1191 392.1191 490.3462 570.7922 570.7922 570.7922 570.7922 557.1163 418.8258 439.769 464.7581 297.5046 199.8758 199.8758 335.3397 710.9205 714.4998 714.4998 714.4998 714.4998 769.3034 842.8944 834.7764 834.3681 834.3682 834.3682 834.3681 794.9218 550.2064 661.6322 806.2026 728.1981 932.7418 932.7418 623.3377 553.9268 553.9268 556.4473 691.0115 959.0275 1102.592 1102.592 1110.007 1134.853 1138.022 1138.022 1138.022 1138.022 1170.016 3680.454 4626.744 4689.224 5307.573 6114.11 6114.109 0 0 0 0 0 0 0 0 0 0 0 0 0 0 0 0 0 0 0 0 0
631.1375 615.8096 493.33 401.2961 455.5267 445.0368 504.8624 570.7923 570.7922 570.7923 433.6653 421.2196 378.1927 375.0259 375.0259 262.6098 199.8758 199.8758 358.6123 782.9337 781.0518 748.9272 732.3815 814.7266 867.3573 840.511 834.3681 834.3681 834.3681 834.3681 834.3681 666.0046 515.095 854.6199 672.072 424.3789 714.732 682.7299 591.861 534.9902 556.7269 997.9158 1102.592 1102.592 1102.592 1102.592 1102.592 1104.277 1114.247 1132.441 1138.022 1138.022 1124.474 1156.667 2430.602 4265.074 4728.223 5173.583 6114.109 0 0 0 0 0 0 0 0 0 0 0 0 0 0 0 0 0 0 0 0 0
633.7109 633.4898 623.3915 574.4421 607.4686 622.7366 553.2015 570.5874 570.7922 570.7922 329.876 316.1601 349.7815 371.0203 372.3707 206.1907 199.8759 199.8758 390.9591 872.6009 872.601 842.998 851.7578 858.1119 843.0345 834.3681 834.3682 834.3681 834.3682 834.3682 834.3682 570.1011 430.1687 465.5656 422.986 422.9861 422.986 422.9861 430.2762 444.7315 455.0449 525.3343 823.2318 1088.324 1102.592 1102.592 1102.592 1102.592 1102.592 1126.761 1132.593 1136.978 1061.273 986.8074 1004.513 1055.796 1551.738 1723.961 986.8074 0 0 0 0 0 0 0 0 0 0 0 0 0 0 0 0 0 0 0 0 0
633.7109 633.7108 633.7109 633.7108 633.7109 591.8583 493.507 522.2441 536.1461 516.1603 302.2825 302.2545 330.9433 391.5369 387.8924 233.165 201.0077 260.5098 655.0682 872.6009 872.601 872.6009 872.601 838.0875 834.3682 834.3681 834.3682 834.3682 834.3682 834.3681 835.504 704.9697 613.038 619.196 422.986 422.9861 422.986 422.9861 430.989 441.2569 441.2569 441.2569 441.2798 892.645 959.6417 1102.592 1102.592 1102.592 1095.584 1057.8 1037.522 999.7234 986.8074 986.8073 986.8073 986.8074 986.8073 986.8074 986.8074 0 0 0 0 0 0 0 0 0 0 0 0 0 0 0 0 0 0 0 0 0
633.7109 633.7109 633.7109 633.7109 633.7109 561.845 493.507 493.507 493.507 426.7061 327.0277 395.7088 408.2828 415.4861 415.4861 415.4862 478.9846 467.7495 646.0327 811.5485 872.601 872.601 864.2277 834.8618 834.3681 834.3681 834.3681 834.3681 753.1214 437.0162 781.6667 889.5898 902.4255 864.4265 428.6555 422.9861 422.9861 422.9861 430.9452 441.2569 441.2569 441.2569 441.2569 448.2988 504.0068 936.1665 1096.293 864.4857 605.2921 799.9196 986.8074 986.8073 986.8074 986.8074 986.8074 986.8074 986.8074 986.8074 0 0 0 0 0 0 0 0 0 0 0 0 0 0 0 0 0 0 0 0 0 0
633.7108 633.7109 633.7109 633.7109 633.7109 615.7441 509.032 493.507 493.507 452.4704 471.4512 425.0598 415.4861 415.4862 415.4861 475.932 602.6934 582.7208 607.1668 716.7276 790.5837 872.601 850.5672 834.3682 834.3682 762.4752 807.0508 603.4117 465.388 368.662 557.5189 879.0889 832.5131 905.988 848.0961 535.1116 523.3063 422.9861 433.4443 441.2569 441.2569 441.2569 441.2569 441.2569 454.665 721.4427 626.1981 506.911 506.911 517.3232 899.3157 986.8073 986.8074 986.8074 986.8074 986.8073 986.8074 986.8073 0 0 0 0 0 0 0 0 0 0 0 0 0 0 0 0 0 0 0 0 0 0
380.5766 633.7109 633.7108 633.7109 633.7109 633.7108 555.5471 493.507 493.507 493.507 493.507 479.6091 448.7329 422.4692 442.7273 563.4262 607.1668 607.1668 607.1668 607.1668 613.2531 723.1232 711.6831 798.7366 698.6016 368.8223 393.4809 387.7115 368.662 368.6619 370.3434 394.2227 564.0747 870.3721 905.988 824.5628 597.3263 422.986 434.9068 441.2569 441.2569 441.2569 441.2569 467.4137 486.7635 506.5831 506.911 506.911 506.911 540.0893 845.0588 804.3321 919.8858 986.8074 986.8074 986.8074 986.8074 986.8074 0 0 0 0 0 0 0 0 0 0 0 0 0 0 0 0 0 0 0 0 0 0
296.8937 565.2755 632.6696 633.7109 633.7109 633.7109 593.8271 493.5069 493.507 493.507 493.507 493.5069 493.507 487.9377 582.6602 591.5388 604.8618 606.7258 598.7871 600.2222 602.8685 607.1668 607.1669 606.8818 471.0572 368.662 368.662 368.662 368.662 368.662 368.662 368.6619 379.3451 844.7269 905.988 700.1301 423.5958 431.5655 440.8443 441.2569 441.2569 441.2569 441.2569 496.7468 506.911 506.911 507.9685 540.2277 550.6693 567.881 727.0432 673.9098 717.1433 791.532 920.371 878.02 894.3008 0 0 0 0 0 0 0 0 0 0 0 0 0 0 0 0 0 0 0 0 0 0 0
202.8227 202.8227 426.51 442.8623 451.3962 553.7913 523.5972 493.507 493.507 493.507 493.507 493.507 493.507 494.262 577.9581 588.2436 589.0318 590.5108 588.2435 588.2436 591.0404 607.1668 607.1668 601.6119 402.2687 368.6635 368.662 368.662 368.662 368.662 368.662 368.662 368.662 553.6168 801.9579 503.5648 450.4835 456.9096 449.9076 445.1592 441.5052 441.2569 441.2569 448.9228 461.3535 505.5023 510.5205 568.0076 577.0653 577.0654 644.9258 673.9097 673.9097 673.9097 673.9097 673.9097 673.9097 0 0 0 0 0 0 0 0 0 0 0 0 0 0 0 0 0 0 0 0 0 0 0
202.8228 202.8227 207.9536 203.3353 202.8227 343.6479 493.507 493.507 493.507 493.507 493.507 493.507 493.5069 493.507 574.2065 588.2436 588.2436 588.2436 588.2435 593.6219 597.056 607.1668 605.2418 566.8915 371.9648 368.8361 368.6619 368.662 368.6619 368.662 368.662 368.662 368.6619 426.5961 725.7436 421.744 459.2028 459.2027 458.8988 458.1667 457.8922 450.8842 454.3186 446.4394 454.9616 515.5757 573.2443 577.0654 577.0654 577.0654 593.9758 644.8613 673.9098 673.9097 673.9097 673.9097 673.9097 0 0 0 0 0 0 0 0 0 0 0 0 0 0 0 0 0 0 0 0 0 0 0
202.8227 258.0013 408.5551 415.6204 263.0447 481.3433 493.507 493.507 493.5069 493.5069 493.507 493.507 493.507 493.5069 570.3868 588.2437 588.2436 588.2436 588.2436 596.1656 605.8721 605.8547 587.4275 431.1765 370.7049 368.662 368.662 368.662 368.662 368.662 368.662 368.662 368.662 501.9494 475.6075 432.27 459.2028 459.2028 459.2027 459.2028 459.2027 459.2027 459.2027 459.2027 459.2028 518.1296 577.0654 577.0654 577.0654 577.0654 566.2159 494.7965 571.2924 644.0427 673.9097 618.0775 0 0 0 0 0 0 0 0 0 0 0 0 0 0 0 0 0 0 0 0 0 0 0 0
202.8228 205.0287 421.1032 509.4791 508.6772 504.1895 498.0954 493.5991 493.5069 493.507 493.507 493.507 493.507 510.4085 533.977 588.2436 588.2436 588.2435 588.2436 588.2435 598.8395 590.1085 540.3339 371.3825 371.0731 368.7895 368.662 368.662 368.662 368.662 404.9857 379.1691 368.662 396.533 403.1203 414.3763 463.9965 460.1773 459.2027 459.2028 459.2027 459.2027 459.2028 459.2028 461.4758 527.1422 577.0654 524.959 542.8464 577.0654 530.9612 476.2344 473.4434 474.7574 525.7025 473.4434 0 0 0 0 0 0 0 0 0 0 0 0 0 0 0 0 0 0 0 0 0 0 0 0
202.8227 202.8227 222.8931 508.5368 509.4791 509.4791 509.4758 495.5924 493.507 493.507 493.507 543.4464 537.8212 576.3584 577.7966 585.2019 575.4492 588.0787 588.2436 588.2436 588.2436 588.2436 526.5316 371.3825 371.1842 368.9492 368.907 379.4879 573.8451 637.1604 604.6255 590.979 428.493 508.8522 475.1186 475.1186 475.1186 471.1026 461.6974 459.2028 459.2027 459.2028 459.2028 461.6416 532.8246 577.0024 564.1797 515.0237 481.6959 576.3644 570.4197 492.7634 473.4434 473.4434 473.4434 0 0 0 0 0 0 0 0 0 0 0 0 0 0 0 0 0 0 0 0 0 0 0 0 0
202.8227 202.8228 328.5028 509.4791 509.4791 509.4791 509.4791 498.8915 493.507 493.507 502.7497 574.0452 579.0487 579.0487 579.5859 571.9257 487.2372 512.5225 585.3332 588.2435 588.2436 585.4966 429.3963 371.3825 371.3825 371.095 371.3684 371.3825 561.4776 692.6525 692.6525 692.6524 691.6451 568.8753 475.1185 475.1186 475.1186 475.1186 473.3264 466.0645 487.6386 484.9662 496.9312 520.3945 577.0654 577.0654 547.7363 473.4434 473.8434 535.4738 565.9213 475.8601 473.4434 473.4434 473.4434 0 0 0 0 0 0 0 0 0 0 0 0 0 0 0 0 0 0 0 0 0 0 0 0 0
243.5684 304.1188 453.9452 509.4791 509.4791 509.4791 509.4791 508.1891 500.8224 514.2061 566.8519 579.0486 579.0487 579.0487 576.8607 539.0523 487.2371 487.2372 526.1155 588.2436 588.2436 545.8575 371.3825 371.3825 371.3825 371.3825 371.3825 371.3825 457.6561 692.6525 692.6525 692.6525 681.4372 590.0358 537.928 475.1186 475.1186 475.1186 475.1186 475.1186 481.8878 527.3435 532.9705 544.0967 540.9256 541.9866 530.1211 487.003 473.4435 473.4434 477.838 473.4434 473.4434 473.4434 0 0 0 0 0 0 0 0 0 0 0 0 0 0 0 0 0 0 0 0 0 0 0 0 0 0
217.8115 244.2711 385.6234 509.4791 496.4984 505.0799 509.4791 509.4791 509.4791 526.0756 577.3524 572.9362 577.0794 545.3486 489.92 487.2372 487.2372 487.2372 522.5457 586.1275 588.2436 466.1689 371.3825 371.3825 371.3825 371.3825 371.3825 371.3825 604.8423 692.6525 692.6525 692.6525 692.6525 660.5383 509.012 475.1186 475.1186 475.1186 475.1186 475.1186 497.1736 532.9704 532.9705 532.9705 532.9705 532.9705 532.9705 526.5806 479.9327 473.4434 473.4434 479.041 481.5806 0 0 0 0 0 0 0 0 0 0 0 0 0 0 0 0 0 0 0 0 0 0 0 0 0 0 0
243.304 244.2711 245.2298 289.069 246.4409 369.2727 509.4579 509.4792 509.4792 509.1208 403.1028 305.8315 395.6862 486.4821 487.2371 487.2371 487.2372 487.2371 496.9539 527.4733 495.0635 372.4222 371.3825 371.3825 371.3825 345.2502 337.6874 354.5861 691.2587 692.6524 692.6525 692.6524 692.6525 594.0474 475.1186 475.1186 475.1186 475.1186 475.1186 475.1186 486.0492 532.8031 532.9704 532.9705 532.9704 532.9705 532.9705 532.9705 521.9504 508.1677 507.1247 521.8138 532.9705 0 0 0 0 0 0 0 0 0 0 0 0 0 0 0 0 0 0 0 0 0 0 0 0 0 0 0
244.271 244.2711 244.271 244.2711 244.2711 337.5807 508.9341 513.1877 545.8002 574.6716 586.5971 287.3377 282.4319 363.6592 460.3778 487.2368 487.2371 477.9896 487.2372 466.7046 380.2097 371.3825 371.3825 355.9915 315.7975 303.4062 303.4034 303.5367 579.3809 692.6525 692.6524 692.6524 688.1739 511.998 475.1186 475.1186 475.1186 475.1186 475.1186 475.1186 484.2077 526.608 532.9705 532.9705 531.6695 526.2673 529.5282 532.9673 532.9704 532.9704 532.9705 532.9705 0 0 0 0 0 0 0 0 0 0 0 0 0 0 0 0 0 0 0 0 0 0 0 0 0 0 0 0
