Scenarios/Heterogeneous/data/country_data_population_distribution/processed/density_grids/irl.asc
ncols 121
nrows 107
xllcorner -10
yllcorner 51
cellsize 0.041666666666667
NODATA_value -9999
[rows 64 to 95 of 107, columns 0 to 71 of 121]
0 0 0 0 0 0 0 0 0 0 0 0 0 0 0 0 0 0 0 0 0 0 0 0 0 0 0 0 0 0 0 0 0 0 12.3055 32.50777 28.25926 25.99375 19.55959 12.0641 9.310719 8.316567 10.46903 19.15397 29.099 30.52612 33.24992 37.4122 30.25804 29.46351 176.7932 43.87314 36.59026 68.20466 36.42637 23.3993 20.58651 23.17631 20.35651 32.70825 58.07935 47.4757 29.84706 25.08327 13.65931 20.79936 15.35873 14.00382 11.58406 11.51667 18.56627 17.15474
0 0 0 0 0 0 0 0 0 0 0 0 0 0 0 0 0 0 0 0 0 0 0 0 0 0 0 0 0 0 0 0 17.39324 11.37254 15.67055 45.02374 24.51612 22.18855 25.63161 15.60757 44.71855 12.52609 12.85224 20.76084 25.93699 24.82262 18.66243 13.7876 15.99949 21.03277 91.47082 324.9907 105.3522 343.1451 39.47626 25.38212 23.32754 126.8949 117.4082 132.8587 139.5169 51.05639 165.4922 13.60899 11.31955 11.35821 10.01667 8.951674 7.602993 7.392638 11.30747 17.03533
0 0 0 0 0 0 0 0 0 0 0 0 0 0 0 0 0 0 0 0 0 0 0 0 0 0 0 0 0 0 0 26.35474 87.51586 18.53566 15.8499 21.37295 20.01265 17.11841 17.98632 11.85187 14.9572 13.53916 11.84087 9.044635 8.040412 53.71904 8.164775 6.471482 7.264131 8.479242 227.0954 229.4717 50.97992 63.23574 40.61727 115.2335 1063.42 984.7842 492.0612 170.942 99.60803 72.74773 101.9673 32.5632 26.72759 22.19048 19.68332 8.174161 18.36955 13.45622 12.86035 17.49407
0 0 0 0 0 0 0 0 0 0 0 0 0 0 0 0 0 0 0 0 0 0 0 0 0 0 0 0 5.605259 5.605259 7.992859 11.01731 14.25253 9.216021 6.8719 22.49233 191.2205 19.36243 15.21177 12.46901 13.26143 10.19085 12.12382 9.15529 8.406829 8.885042 6.033297 12.15214 14.24962 22.49633 28.83207 82.72983 57.88222 49.80035 92.76504 239.4119 2366.24 1554.678 806.111 268.9708 44.53497 70.42531 198.9068 51.23142 20.59488 17.464 11.20544 8.660115 9.507668 11.80223 13.2532 15.12218
0 0 0 0 0 0 0 0 0 0 0 0 0 0 0 0 0 0 0 0 0 0 0 0 0 0 9.004822 9.703923 10.14268 8.613669 9.118622 7.949118 7.250292 10.31462 6.628557 8.316108 21.09534 11.59901 13.53028 13.12221 5.154355 6.660453 15.17454 17.16446 19.26764 47.38757 12.62833 21.05274 120.6035 25.67726 39.58419 32.31366 60.3958 55.10075 114.8032 70.42661 195.0058 66.61158 100.6603 50.27032 214.514 74.72604 48.6663 88.2081 35.19609 48.82461 49.9063 23.37913 22.71322 15.64653 13.30124 18.502
0 0 0 0 0 0 0 0 0 0 0 0 0 0 0 0 0 0 0 0 0 0 0 0 0 9.004823 9.004823 9.080751 10.83822 10.85283 12.38739 13.0401 11.48506 13.45821 10.21111 13.13597 19.54073 18.71549 35.97038 31.75394 20.38525 56.89898 19.52178 32.21451 26.42912 38.89373 24.35787 22.55254 31.01373 38.72128 37.45265 36.9677 90.06097 100.8524 57.64359 34.02579 39.46954 64.55305 74.92524 40.68308 64.63818 37.91666 34.12455 60.34974 50.73699 27.24169 31.08831 54.11879 34.84295 20.64891 32.88931 40.42607
0 0 0 0 0 0 0 0 0 0 0 0 0 0 0 0 0 0 0 0 0 0 0 0 0 0 0 0 0 0 0 299.9044 43.57198 25.96213 19.28232 19.27002 24.96622 18.20985 26.44185 31.56571 18.32429 12.70473 9.386742 9.849171 14.12337 22.94012 30.50636 32.48815 39.73451 123.0516 37.95018 39.88963 33.75987 28.95308 111.327 44.17347 29.08389 35.05529 36.61971 45.92402 50.33565 38.30262 42.72773 33.58924 28.94341 38.98114 45.93874 46.55837 27.26525 27.49807 31.45555 33.03959
0 0 0 0 0 0 0 0 0 0 0 0 0 0 0 0 0 0 0 0 0 0 0 0 0 0 0 0 0 29.1336 42.86696 60.46886 42.9152 31.65642 21.86938 31.48704 70.49871 34.90648 26.65488 42.83462 24.88717 29.03629 15.90994 19.02468 23.77588 34.53743 89.51622 37.08815 32.56018 22.23324 30.98194 63.2387 28.23424 19.50312 25.07484 27.20394 29.53759 29.09358 77.85902 59.16671 37.64054 81.25542 23.80448 53.45627 29.58849 32.30419 40.27996 163.1396 307.2671 25.30778 23.16125 23.77756
0 0 0 0 0 0 0 0 0 0 0 0 0 0 0 0 0 0 0 0 0 0 0 0 0 26.8723 22.71535 32.42056 28.79822 33.85592 46.3009 49.39863 45.20766 18.27782 32.98181 84.78911 333.8472 55.50203 43.96796 29.60322 33.71124 28.84865 15.62048 17.7108 23.9128 46.54503 640.8356 55.88021 35.58364 28.52128 21.57433 12.63554 18.76045 23.15735 22.11481 25.12855 73.20266 19.82611 22.34016 25.41481 37.31914 45.30753 40.50109 25.6491 31.89882 29.66149 27.75493 43.31816 29.63466 33.63176 32.88956 24.24191
0 0 0 0 0 0 0 0 0 0 0 0 0 0 0 0 0 0 0 0 0 0 0 0 0 30.19429 34.51991 92.85071 46.56579 28.95501 45.11822 38.59771 60.51504 101.1156 23.31074 22.21821 16.85884 19.20715 29.63091 34.64431 136.4745 65.86015 30.93196 34.97155 35.90776 32.53468 31.98557 24.58459 25.24043 26.53626 23.29293 24.88668 22.03483 31.87916 15.28525 30.76615 38.88953 57.12836 152.3118 30.17715 29.09458 31.76546 27.35952 34.12363 29.6098 26.22527 19.00297 13.29515 9.16323 11.88557 10.89135 16.17033
0 0 0 0 0 0 0 0 0 0 0 0 0 0 0 0 0 0 0 0 0 0 69.06188 0 0 0 0 41.61435 41.38295 42.38544 31.0126 80.64242 48.1686 33.80043 23.0652 14.76104 10.43139 11.77176 19.70671 23.13673 56.59446 41.31483 28.4315 18.68759 26.60995 12.62577 13.96414 17.67528 38.71006 33.83776 45.3175 31.41222 27.13171 52.94454 43.27044 377.5612 49.68198 31.4523 23.48728 17.00899 66.23459 23.66226 22.7273 44.54427 25.18675 15.16906 14.06566 11.14094 11.45569 10.42154 10.61037 14.05404
0 0 0 0 0 0 0 0 0 0 0 0 0 0 0 0 0 0 0 0 0 0 69.06188 69.64964 0 0 107.0106 50.36519 40.1186 102.0809 65.7184 75.01579 49.34054 29.90657 15.84862 14.60915 8.376517 12.32409 16.39142 20.08805 17.83271 31.45625 30.76602 11.37994 8.974198 7.841702 7.784206 9.342557 14.93063 22.602 26.40543 33.27303 44.23667 25.40324 20.62272 30.10225 27.82458 15.32843 12.77526 12.21713 9.775811 11.5343 17.57777 20.86001 30.33468 23.1346 20.69048 14.04522 24.09962 16.59423 18.61436 20.71079
0 0 0 0 0 0 0 0 0 0 0 0 0 0 0 0 8.032845 7.601618 5.4683 8.965321 18.64755 0 17.53349 42.03746 31.17629 0 107.0106 167.6352 104.7904 93.30261 701.1071 1233.861 77.52457 42.9226 34.09044 28.3906 19.70758 25.80049 19.10758 13.04448 10.10363 5.435921 7.753761 7.767965 12.80397 7.970643 12.79612 11.44111 11.84798 14.15516 19.92808 24.96749 33.69392 23.08798 77.21839 17.30561 18.3996 10.80021 6.826118 9.084709 23.26624 30.90814 23.2324 28.2721 33.90557 323.0695 26.21214 25.83111 15.86466 40.29129 13.98717 14.19495
0 0 0 0 0 0 0 0 0 0 0 0 0 0 15.74557 18.21791 8.757862 8.594345 6.777666 8.88705 6.044282 12.29751 15.64034 21.16651 20.88012 20.99513 28.76349 21.30466 17.19342 28.86407 53.95057 62.31034 56.54721 36.31608 35.76673 29.68765 167.7269 80.02435 19.97951 8.656439 7.476149 12.16403 13.74588 9.850127 10.45115 10.63129 16.14153 37.92691 52.40944 15.63813 15.06498 23.70718 28.36562 22.74644 24.79758 91.61837 23.23949 77.5183 28.35477 21.72811 41.82965 58.82922 22.84284 23.10493 23.60035 26.83619 18.19636 20.03887 17.45597 19.52338 13.36401 6.494647
0 0 0 0 0 0 0 0 0 0 0 0 17.49137 15.53754 28.33492 24.57706 15.32356 22.54934 14.53555 8.955183 6.645204 10.58952 14.38868 12.69317 9.05474 10.76589 12.31837 12.16361 21.43611 23.91288 30.16795 29.12413 28.56987 60.19596 39.14719 36.7827 37.27437 31.51201 28.97079 11.23769 10.90769 13.25245 26.27312 19.32685 17.43125 17.39676 17.16032 19.23269 30.36703 64.78198 209.8217 30.59356 51.88919 33.01553 34.74123 33.93348 42.64791 28.02866 19.89502 23.06977 49.00456 18.72425 35.90399 79.39471 22.27001 54.20387 128.0487 21.9531 17.56172 11.70819 19.67659 11.97187
0 0 0 0 0 0 0 0 0 7.390738 7.390738 0 19.4436 20.53093 18.60141 28.41787 44.56192 169.7989 30.74177 12.21447 12.52669 15.5984 22.45324 27.95878 6.579129 14.57766 29.24724 15.93386 35.71111 54.47366 145.3578 78.59787 38.30418 62.11056 30.68798 38.73698 29.01232 22.30704 19.94831 16.3818 19.3566 30.63896 20.26402 24.15677 29.16261 31.67315 29.54177 15.97837 21.97822 24.64177 45.68651 36.70322 45.8346 24.6245 40.01002 61.41663 922.7971 86.80375 32.00475 52.56147 22.2162 12.99494 69.94073 19.539 128.927 474.1973 79.17521 41.28399 22.8996 16.32867 20.30556 14.72204
0 0 0 0 0 0 0 0 0 7.390738 7.390738 7.390739 7.390739 10.97376 14.7897 14.37009 52.36934 54.25491 43.84972 18.81917 21.80444 21.42624 0 0 11.41309 14.64107 59.92029 74.09481 112.7688 192.1602 63.99157 48.68382 51.94571 63.61109 46.59708 72.84023 104.5604 46.13523 27.98467 26.66996 27.68889 50.03358 49.74955 36.63627 21.18428 22.15775 17.3613 23.51193 42.17099 26.12878 27.20565 35.59487 29.10255 28.66509 34.55689 137.3581 159.0561 29.39148 25.47562 14.32392 10.84193 12.52641 16.86676 19.47344 34.70291 67.35883 45.54765 37.36795 28.15342 59.60218 17.29155 84.80987
0 0 0 0 0 0 0 0 7.390738 7.390738 7.390738 0 0 0 0 0 0 0 0 0 0 0 0 13.90909 15.88569 41.69129 26.25289 20.16054 27.98933 13.59638 31.28596 34.29801 50.80927 39.2988 104.4202 614.1184 375.0693 71.67897 42.74318 40.07708 33.58701 24.14502 36.12278 43.84256 10.75832 25.95931 155.9068 45.57762 23.8606 11.98125 14.26806 18.8034 14.5592 25.10907 45.73772 34.46213 26.45691 27.80171 29.09808 23.33359 23.49098 47.85775 21.59811 21.37135 46.52697 183.1095 39.37455 24.9032 22.45271 46.23034 33.49618 16.40919
0 0 0 0 0 0 0 0 0 7.390739 0 0 0 0 0 0 0 0 8.915264 8.915264 9.020394 6.309294 3.172786 6.527473 13.42623 5.98433 4.600165 4.495727 6.556339 7.928261 11.94874 13.03417 9.980244 2.792924 3.258936 32.49821 63.30221 22.10625 38.58583 21.71188 16.79948 9.36558 7.879999 6.794637 8.733081 10.75335 12.13463 24.56069 18.82669 12.71815 12.27386 15.04182 18.72431 31.48704 47.71087 35.65295 34.39106 93.20579 39.49687 30.79066 25.56557 41.8208 35.67246 112.0753 49.70604 30.81783 27.34545 18.0783 20.12391 22.7493 22.54133 17.95262
0 0 0 0 0 0 0 0 0 0 0 0 0 0 0 0 10.11686 10.11686 19.89326 9.621408 8.306131 4.716833 3.049829 4.148597 5.24873 2.663406 2.426546 3.312155 3.311152 4.35323 4.547484 7.922023 4.173281 1.847782 1.847782 1.876965 14.47511 12.01003 6.249386 10.07719 8.126019 2.70018 4.860331 10.96728 11.65457 11.18519 8.554146 11.80169 13.14038 13.33853 13.41166 17.95683 30.41188 31.13862 48.10012 53.48653 44.77832 45.79208 55.80085 96.14781 110.933 46.41357 43.11312 60.50677 43.39428 39.82067 45.59119 24.41304 26.03745 39.11553 29.98989 32.10737
0 0 0 0 0 0 0 0 0 0 0 0 0 0 0 23.56048 31.38253 32.98309 101.1271 19.04798 5.983648 4.381281 4.216733 3.043918 2.273588 2.275671 2.385541 2.465001 2.432211 2.718215 3.532173 4.932978 4.387885 8.040092 7.092922 7.389773 7.367043 5.393113 3.845623 4.448436 5.529525 11.71096 11.29808 12.48448 47.7975 15.8772 20.41306 40.08616 39.75628 21.76308 22.66106 21.58112 37.95821 36.52621 60.02784 48.52358 80.23705 284.9186 254.2209 187.117 598.9855 475.4508 833.8159 93.12304 103.5687 64.35425 67.86162 584.5341 67.87834 51.2247 74.78329 71.18403
0 0 0 0 0 0 0 0 0 0 0 0 0 8.140731 10.99391 22.87927 21.38661 10.85963 16.18457 11.56633 5.270256 3.312379 3.040477 2.290324 2.374038 2.798422 2.938154 2.990571 3.119218 3.817143 7.39939 12.18477 5.239572 136.6685 102.8379 14.97395 12.17139 24.13198 3.898944 3.482773 2.936424 8.828517 11.00724 12.72791 16.10706 22.07499 21.41772 27.53541 285.8573 116.3465 27.64212 33.15593 47.7078 60.98877 73.26324 63.65687 239.4404 1046.795 510.3999 1524.737 4418.888 2505.312 978.9638 231.9585 88.97638 565.3607 145.5494 412.0838 370.8145 47.20298 176.1534 83.34847
0 0 0 0 0 0 0 0 0 0 0 0 0 0 17.56462 17.25532 10.42437 13.32702 14.67216 34.92016 17.24234 4.295918 4.022958 2.813234 3.776787 5.745226 15.86709 4.726033 5.380828 5.928814 10.74387 18.06903 5.779512 32.39053 28.20938 10.12631 5.69297 4.039995 3.219991 3.190004 5.343346 11.99572 15.24466 17.11513 19.79766 11.35536 17.54257 25.80597 27.95763 26.08659 34.624 39.1004 46.27255 69.38268 105.5229 62.62781 140.0756 79.26912 155.6437 348.2112 554.676 1103.361 745.1867 516.9192 1292.788 621.1932 190.9444 110.0516 138.9969 126.8977 52.32154 79.57021
0 0 0 0 0 0 0 0 0 0 0 0 0 0 11.85633 7.001803 9.759906 26.89771 0 44.92446 8.727133 3.996273 4.480493 5.459956 5.003406 4.315186 17.67147 9.680328 5.662505 6.664198 7.342547 6.588316 5.092443 4.256743 4.91843 3.647276 3.935748 4.223592 4.718226 4.771441 4.49368 4.110396 4.370823 8.834311 9.743363 13.76436 17.51111 19.87362 26.33081 21.91914 24.0976 30.81016 27.73654 27.10436 32.72415 38.52142 87.05836 86.99864 98.09556 66.02876 95.52044 53.6309 1360.977 120.1605 220.7776 518.5413 175.3086 37.19455 25.42215 25.82246 45.10566 191.9961
0 0 0 0 0 0 0 0 0 0 11.85633 11.85633 0 0 0 6.300212 6.300212 0 7.026206 7.776113 8.632403 10.69438 12.74308 9.322715 8.53008 0 14.45334 3.58821 3.850689 4.575625 4.683975 4.746599 5.360166 6.118667 21.54918 20.51586 16.89969 9.903567 9.544803 9.206156 6.054043 6.957655 8.563785 9.834706 12.48181 14.01163 15.53025 18.95649 25.17871 27.19931 26.88573 36.01593 45.41662 46.2462 145.1306 55.21481 111.172 57.96646 62.11712 61.13461 86.79324 35.06292 54.17441 52.66437 109.996 244.4597 0 28.70522 28.70523 0 0 0
0 0 0 0 0 0 0 0 0 0 0 0 0 0 0 0 0 9.378583 9.378583 9.378583 12.99091 12.99091 0 10.76088 10.76088 11.74796 12.17375 11.83192 3.623881 4.412647 5.150281 4.345302 4.999442 7.557238 15.10532 20.78307 29.23397 41.29432 39.86182 15.2047 13.18487 12.9449 9.708453 10.09228 20.18747 132.7188 32.29514 26.71793 25.23787 80.37319 41.32326 37.07495 45.34251 157.1585 392.9935 45.34939 42.27001 54.49564 51.50612 124.2307 114.1074 35.56624 31.50463 40.93977 37.32621 0 0 0 0 0 0 0
0 0 0 0 0 0 0 0 0 0 0 0 0 0 0 0 0 0 0 0 0 11.34337 11.99651 14.90606 19.37136 20.40839 13.07499 10.55206 6.920458 8.897991 10.01523 12.42546 10.41616 8.347756 14.93605 33.03833 106.4127 241.453 27.81491 16.93932 18.12543 24.9562 26.70453 14.39536 16.46702 22.89884 30.84034 32.3401 28.63289 32.46151 33.14362 28.79794 23.92041 29.02871 36.22703 40.6322 23.36728 52.41971 54.51493 627.087 96.66337 42.14715 21.5063 0 0 0 0 0 0 0 0 0
0 0 0 0 0 0 0 0 0 0 0 0 0 0 0 0 0 0 0 0 0 11.34337 12.34488 16.25392 10.49641 34.313 95.68129 19.13605 15.9826 10.98624 9.563572 0 10.26379 12.44073 18.32358 27.69479 24.41413 21.15792 18.87929 17.93521 19.43991 39.05056 22.84501 18.20969 27.82314 17.43591 23.06038 25.17435 28.69325 39.64621 141.6635 60.90032 31.49888 58.56855 77.35961 107.7551 24.8608 57.22613 37.29549 34.0724 0 0 0 0 0 0 0 0 0 0 0 0
0 0 0 0 0 0 0 0 0 0 0 0 0 0 0 0 0 0 9.804104 9.804104 9.804105 9.804104 11.2612 12.95579 11.05502 8.652411 14.24933 14.81698 17.97807 11.87245 15.08003 23.0476 20.65483 15.9578 14.22213 41.10904 17.29955 14.77224 13.21863 15.41943 18.36006 19.55526 15.08713 21.09137 27.51389 22.60943 33.6194 39.69772 37.03858 43.20806 344.919 59.58416 41.13296 35.92179 40.42191 82.39328 0 0 43.61139 43.61139 0 0 0 0 0 0 0 0 0 0 0 0
0 0 0 0 0 0 0 0 0 0 0 0 0 0 0 0 0 0 9.804105 0 9.804104 0 0 0 0 0 0 7.677978 7.677978 8.159256 10.32293 16.72243 9.899028 8.431114 11.82998 18.03791 37.6247 18.99214 17.75571 21.11147 21.19838 239.6868 36.04927 29.5938 75.33089 48.53456 37.12666 117.7118 29.0221 32.17353 44.76325 66.11181 0 22.37468 20.74927 20.74927 0 0 0 0 0 0 0 0 0 0 0 0 0 0 0 0
0 0 0 0 0 0 0 0 0 0 0 0 0 0 0 0 0 0 0 0 0 0 0 0 0 0 0 7.677978 7.677978 6.908509 12.61668 9.860925 11.83924 20.61194 62.45689 28.41652 20.13069 20.93476 20.34142 23.84057 31.05475 51.09069 24.15834 38.66219 36.41447 32.74307 0 0 0 23.41479 0 0 0 0 0 0 0 0 0 0 0 0 0 0 0 0 0 0 0 0 0 0
0 0 0 0 0 0 0 0 0 0 0 0 0 0 0 0 0 0 0 0 0 0 0 0 0 0 0 6.275705 6.275705 8.843369 18.44297 36.55272 21.04736 21.77919 19.17694 19.51579 15.36504 19.57334 27.33384 58.10192 23.88533 54.81891 22.15216 0 0 0 0 0 0 0 0 0 0 0 0 0 0 0 0 0 0 0 0 0 0 0 0 0 0 0 0 0
