Scenarios/Heterogeneous/data/country_data_population_distribution/processed/density_grids/irl.asc
ncols 121
nrows 107
xllcorner -10
yllcorner 51
cellsize 0.041666666666667
NODATA_value -9999
[rows 32 to 63 of 107, columns 0 to 71 of 121]
0 0 0 0 0 0 0 0 0 0 0 0 0 0 0 0 0 0 13.72853 13.72853 24.57319 23.94176 24.35345 0 11.20605 18.08508 19.41478 3.828298 3.230177 3.674908 2.790738 0.4248548 0.4248548 0.4248548 2.023192 2.926874 4.823381 8.004559 12.12209 19.34243 112.0663 21.88962 34.34752 129.1542 623.3807 71.44994 33.97817 33.85109 6.095771 5.205172 4.244338 7.548162 8.488439 11.55543 13.82229 11.62759 11.77321 18.30615 22.99546 173.4818 41.72834 30.32501 50.13306 28.22149 14.08619 19.80992 19.84392 14.49298 16.80333 13.07069 10.20273 6.407307
0 0 0 0 0 0 0 0 0 0 0 0 0 0 0 0 0 0 0 13.72853 13.72853 0 0 0 33.84022 28.38066 12.86665 5.288203 6.466254 3.118973 2.320447 0.7134576 0.5444306 0.5647531 1.368301 1.796984 2.391692 6.131102 12.4854 25.47678 22.3071 14.30596 33.10617 49.3629 41.99294 33.72237 18.79339 11.54186 7.959559 8.362784 8.370922 9.812359 17.06693 34.63288 169.0621 37.105 17.29747 16.33141 14.90373 41.645 24.77889 15.76643 17.62045 23.042 15.0031 15.28897 17.23432 27.54368 21.59443 13.62999 53.34743 59.6564
0 0 0 0 0 0 0 0 0 0 0 0 0 0 0 0 0 0 0 5.977765 11.63197 11.78783 10.97411 10.74043 12.00901 23.92145 7.432096 4.953882 2.809198 3.193428 2.268794 1.394233 1.359896 1.421212 1.382362 1.359523 2.573963 4.078523 5.940835 19.01 31.51712 19.46785 35.84141 57.8501 48.4166 23.08084 17.01943 13.01839 11.58203 9.176022 15.22825 12.00095 18.84445 27.90653 31.39102 21.04845 12.60643 13.27542 14.7094 14.83652 25.90778 18.51888 11.41422 15.80244 17.14719 17.04779 14.19503 15.39731 16.76525 16.18955 54.19492 71.01472
0 0 0 0 0 0 0 0 0 0 0 0 0 0 0 0 0 5.977764 5.977764 5.977764 13.39229 36.10801 16.55931 15.32683 22.77355 31.11544 32.73692 3.589389 2.620292 2.749963 1.860448 1.550543 1.614615 1.497493 1.497567 1.463341 4.232263 4.952258 5.960038 7.035803 11.95082 18.8004 15.55834 23.41849 56.62319 138.7303 23.78161 15.3734 17.46524 18.88963 18.38418 15.687 53.69001 50.12237 18.02369 12.07417 9.32616 9.979383 18.39312 41.78481 22.17529 16.35076 16.57996 16.96939 141.4769 110.4279 11.84862 16.53249 35.81313 35.31591 108.188 34.83762
0 0 0 0 0 0 0 0 0 0 0 0 0 0 0 0 0 0 0 0 0 72.61758 8.986611 7.853052 15.75415 39.68977 16.45042 12.2121 13.6969 7.54756 2.996551 5.957649 5.848941 2.131934 5.895 10.66996 7.265999 5.758161 5.867587 6.812943 8.769124 12.90901 13.99522 20.61381 17.4752 24.01745 29.74567 29.31971 47.57554 116.3502 29.72575 14.96682 21.28962 25.8444 14.54659 21.55824 18.70504 15.76568 15.17724 17.64029 17.17829 11.83536 11.32569 13.26633 20.78972 18.46686 17.38565 23.8248 30.44749 304.4859 136.8739 48.13026
0 0 0 0 0 0 0 0 0 0 0 0 0 0 0 0 0 0 0 0 0 0 6.780465 8.553651 10.63781 10.56153 9.048552 7.865217 5.678826 42.90276 6.392177 8.592815 15.4627 19.78548 75.91439 38.53274 21.90923 13.04326 7.776358 8.560102 40.75336 36.89321 66.09397 50.83594 46.16121 27.17059 43.12852 25.46494 32.62709 25.52332 20.4185 17.52351 15.60265 15.80526 16.76079 24.67131 29.22692 83.06042 104.4449 17.21123 16.83768 20.4722 16.67009 15.32396 17.70564 20.76851 17.43061 15.03591 11.86529 14.04302 16.47488 16.28495
0 0 0 0 0 0 0 0 0 0 0 0 0 0 0 0 0 0 0 0 0 0 0 0 12.43985 12.33723 12.2001 11.51841 4.638236 0 3.738107 27.71894 29.54707 35.57651 46.7011 34.10128 27.77189 20.95553 27.88597 39.814 676.2611 356.0312 84.26811 46.18823 30.67966 20.84498 25.81198 62.34804 69.13593 21.86849 26.69601 34.32525 22.93942 19.17963 13.21575 16.92952 25.30565 27.88767 20.82873 18.848 14.35092 15.88988 29.61298 16.848 11.51167 12.58122 16.53932 43.59436 17.34602 18.32542 13.66655 13.9095
0 0 0 0 0 0 0 0 0 0 0 0 0 0 0 0 0 0 0 0 0 0 12.28893 12.28893 12.28893 12.28894 0 0 0 0 0 29.89141 30.31864 68.84901 139.0305 431.1513 87.90433 41.58334 32.31544 29.75081 39.23621 47.01809 54.47044 52.14515 75.77464 33.14792 24.1419 18.05393 20.15198 52.69875 35.35641 18.02341 26.39376 23.03438 17.85844 15.22397 14.91175 13.40125 28.83043 14.79353 9.900495 10.08171 11.33201 11.8486 15.06384 13.22464 14.73107 16.48333 11.9878 14.89779 17.34491 13.92728
0 0 0 0 0 0 0 0 0 0 0 0 0 0 0 0 0 0 0 0 0 0 12.28893 12.28893 12.28894 0 23.73543 28.65228 98.28165 47.29089 30.53189 26.60024 25.59402 24.40427 80.5818 89.85103 53.0771 36.60505 18.94219 17.854 30.26906 39.92073 36.57063 28.66311 25.81112 23.93954 24.85581 35.56865 23.50629 33.92608 25.59673 22.17954 35.02792 247.2321 27.50388 15.43539 16.48702 14.65709 11.83005 77.79295 145.733 16.0622 15.82467 12.90821 15.87468 29.51871 21.02148 14.15223 17.88891 66.3967 27.24032 18.56754
0 0 0 0 0 0 0 0 0 0 0 0 0 0 0 0 0 0 0 0 12.28894 12.28893 12.28893 12.28893 0 0 14.49974 14.28241 11.53842 9.962967 13.65789 13.77802 5.850196 9.189752 15.10993 17.23863 11.8965 4.506355 6.859908 8.315045 19.72308 23.74356 20.71321 22.55434 20.33278 13.66331 24.22004 216.8717 249.6936 14.6229 17.67507 20.21511 23.46878 29.22067 15.57077 17.98994 32.47637 15.26066 13.81382 14.51317 33.00821 33.1079 25.75991 21.34578 13.52995 14.30209 14.95075 14.79892 14.43393 18.01109 20.6203 11.05033
0 0 0 0 0 0 0 0 0 0 0 0 0 0 0 0 0 0 0 0 12.28894 12.28893 12.28893 0 0 6.868293 6.861163 5.441412 2.508744 2.174173 2.168332 3.1721 3.172388 3.760052 5.335415 5.824032 6.382374 5.967931 11.64375 8.462904 16.75855 27.21237 17.60041 15.30303 20.52662 21.43362 16.06907 32.68428 33.6169 26.4131 18.37121 15.82055 14.86745 35.33074 40.45696 18.75162 15.60082 18.36163 27.57714 17.77687 17.27514 18.72829 21.83771 21.03764 18.0343 17.02768 17.64918 21.14551 19.36044 19.11529 20.65208 66.51624
0 0 0 0 0 0 0 0 0 0 0 0 0 0 0 0 0 8.200616 8.200615 8.200616 8.442231 0 0 0 0 0 2.618152 2.56518 2.555509 2.46697 2.266411 2.233206 2.652038 2.426832 2.184392 3.134063 4.94012 6.193787 7.909505 16.04495 22.24613 38.09766 110.4989 41.23606 16.23905 31.76597 22.18718 20.0365 25.30777 28.38508 25.02547 25.10207 24.34234 26.73756 27.85687 21.39353 19.25284 15.59696 18.56762 17.1617 16.81623 18.40515 15.7908 17.88301 19.50849 26.52084 69.26609 256.1279 49.84264 24.66263 28.42473 45.06367
0 0 0 0 0 0 0 0 0 0 0 0 0 0 0 0 8.200615 8.200616 8.200616 8.200616 8.200616 8.200616 31.61287 45.33785 61.49516 21.20396 7.366435 7.259148 5.75186 4.457486 4.6638 3.93749 2.784143 1.892197 2.717083 5.09344 5.291945 4.54822 7.254907 14.94346 23.84637 31.64243 165.3691 56.71924 19.07499 25.70896 17.14562 15.20512 20.04016 22.36804 50.84906 28.96479 25.77518 29.60315 45.33588 20.42927 20.91049 20.70037 45.33663 18.75895 11.43143 10.00419 13.58361 11.77991 20.29584 23.34238 44.63803 228.1339 34.59254 30.41501 25.19281 19.26483
0 0 0 0 0 0 0 0 0 0 0 0 0 0 0 0 0 13.99237 13.99237 13.99237 22.86237 20.1742 11.46959 23.13291 27.16578 19.57106 11.56897 7.862528 7.396115 6.398801 6.76318 6.436553 4.096468 2.59391 1.654425 3.662746 9.953712 13.4065 17.43626 25.64342 22.72058 41.67141 33.00665 26.9986 23.53951 36.68922 16.90166 23.16881 17.41544 23.45759 35.12275 29.69214 29.78339 23.62007 16.90012 18.08288 22.61677 22.84178 15.48035 9.487782 9.184394 11.38092 10.24213 10.01637 12.16993 35.92847 22.17647 21.70237 24.25426 38.80216 52.69662 21.34951
0 0 0 0 0 0 0 0 0 0 0 0 0 0 0 0 0 13.99237 13.99237 13.99237 26.91162 30.17639 21.19027 21.33893 11.48241 10.06498 6.553069 5.728385 3.440111 2.519176 3.131707 5.649603 4.710122 3.213795 3.472218 8.457143 12.36051 11.91972 23.92077 35.47451 51.76963 42.76872 29.07092 27.35197 32.93126 49.81079 44.33071 23.96289 25.07489 32.64298 73.39624 772.734 74.23886 25.45827 20.11586 20.70841 20.01823 17.75303 18.52971 17.51931 24.59056 24.78465 20.62471 31.16637 43.43657 17.99519 20.28673 23.148 24.22321 29.29903 33.4253 38.77639
0 0 0 0 0 0 0 0 0 0 0 0 0 0 0 0 0 0 0 0 47.71883 29.37091 25.68628 260.3284 6.588971 5.976926 3.686336 2.519176 2.516946 2.555005 2.749596 2.74179 3.149595 2.922859 2.781643 3.428272 6.743441 2.677345 11.36246 17.58599 14.8336 16.50963 29.06386 32.06447 39.89719 107.4118 46.42307 43.92472 33.46326 40.54903 40.45545 38.84834 40.9315 34.15362 36.24545 35.91468 28.73633 21.41112 49.76343 58.6044 50.95329 14.79821 15.95776 17.97095 14.72085 30.98603 26.78031 19.74439 26.98379 26.76179 31.96523 56.06634
0 0 0 0 0 0 0 0 0 0 0 0 0 0 0 0 0 0 0 5.672735 7.441548 12.69613 13.73127 10.12294 6.992539 6.778733 6.053313 3.615737 3.204524 3.071951 3.184693 2.665933 2.437937 2.38427 2.41168 3.073987 3.790243 3.262798 6.105775 37.01852 153.0112 68.87148 46.09269 43.2187 52.31535 47.62057 57.46683 63.63291 44.753 40.19618 84.93357 100.7584 69.79033 56.53343 49.39353 28.12333 30.46502 31.70529 32.59447 25.91399 43.14331 26.75532 15.38686 22.23314 14.33996 10.47765 14.01517 14.51532 18.13956 24.14642 28.2103 247.6753
0 0 0 0 0 0 0 0 0 0 0 0 0 0 0 0 0 0 5.672735 5.672735 44.56936 32.33684 18.62343 12.44162 12.62326 38.79663 8.866758 7.801616 7.310688 5.32925 5.134596 5.215717 2.946746 3.422498 8.159176 5.429789 4.67196 3.395859 2.406429 5.738779 23.86713 70.84728 74.38249 37.94792 47.31601 54.06602 66.43883 100.2881 74.82505 63.81333 60.26564 77.07758 67.82732 67.28085 49.83746 33.84717 29.65234 22.53288 17.59081 17.97313 17.4945 19.81496 18.48386 40.36635 28.89461 12.94015 15.85671 24.20779 19.36253 18.90543 25.90119 47.54221
0 0 0 0 0 0 0 0 0 0 0 0 0 0 0 0 0 0 0 0 0 0 0 0 16.06514 10.70626 21.18138 19.11858 14.16305 12.26299 8.215703 7.227408 29.85357 28.06361 12.66779 6.261733 5.264036 4.277209 4.414763 4.703152 10.3073 25.67014 31.6671 183.006 97.20475 43.94556 30.63344 52.21259 59.6269 206.7835 121.96 65.90041 53.45663 34.00692 53.93895 58.67302 27.43184 16.60872 14.50926 15.11678 14.60599 16.06279 20.84528 13.51907 13.69667 30.66273 80.91045 54.31803 25.71613 24.7169 24.53131 24.69613
0 0 0 0 0 0 0 0 0 0 0 0 0 0 0 0 0 0 0 0 0 0 0 0 38.6992 38.6992 35.24509 38.31448 36.53082 21.70018 36.92226 41.78881 93.10809 48.54869 28.09634 14.89921 8.094329 5.621364 4.868973 4.687935 9.76485 11.40327 19.99071 68.9326 100.7114 102.7335 155.2524 330.4219 118.9418 134.4783 111.7451 63.82988 38.6545 209.2658 284.5856 50.47034 28.97784 26.42921 14.29894 15.96436 14.66943 14.21347 20.23877 21.5134 30.47076 47.25914 320.0504 169.2764 21.85588 23.96269 18.30862 14.56183
0 0 0 0 0 0 0 0 0 0 0 0 0 0 0 0 0 0 0 0 0 0 0 0 0 0 0 38.69921 34.72561 42.06693 43.20294 44.21565 71.62712 152.1125 74.09144 28.94002 17.30019 6.868298 25.03379 21.2496 44.30869 48.55832 55.03796 105.3544 365.6978 1995.502 2759.017 2511.749 1551.61 649.1241 94.07181 94.03451 60.0432 68.08078 64.58916 35.90936 40.28199 41.24434 27.64201 27.50751 25.28533 17.40738 17.9533 20.32445 21.00718 14.50908 12.10815 10.82321 9.48651 8.992146 12.83249 11.06524
0 0 0 0 0 0 0 0 0 0 0 0 0 0 0 0 0 0 0 0 0 0 0 0 0 0 0 0 42.8477 42.8477 41.86923 36.67143 66.15914 106.709 46.06787 30.0796 36.80282 50.11128 130.8702 79.62679 216.857 107.4173 109.2584 293.7663 550.1699 164.5195 58.4351 61.44308 111.3267 93.20403 110.4387 111.4954 92.6123 66.57088 112.1192 48.02008 50.71519 39.77125 35.99036 25.69378 20.00265 19.04088 15.70599 13.91565 13.17092 18.25246 14.42057 15.90338 13.35619 12.29454 13.06931 9.584368
0 0 0 0 0 0 0 0 0 0 0 0 0 0 0 0 0 0 0 0 0 0 0 0 0 0 0 0 0 0 0 0 0 0 0 0 0 0 0 0 0 0 0 0 0 0 26.30849 78.33456 97.07044 82.52417 76.8059 60.65494 47.49853 37.92363 43.99585 52.21383 34.98066 136.6048 476.4453 29.07048 28.75267 19.20641 16.16704 17.96467 19.70025 20.78528 15.34201 15.25096 24.52575 12.97382 16.23221 16.78688
0 0 0 0 0 0 0 0 0 0 0 0 0 0 0 0 0 0 0 0 0 0 0 0 0 0 0 15.43508 15.43508 15.43508 17.6452 42.83045 129.6728 0 0 0 0 0 0 0 8.187385 8.187386 8.187386 11.65588 18.75999 20.66386 19.40029 37.97976 56.09612 115.7459 34.59253 33.43876 54.98773 46.70705 24.58456 16.43242 11.97733 6.73876 18.55791 24.45174 31.57742 29.03446 27.94332 21.87748 19.27957 30.62522 16.82549 11.87779 10.69222 6.505657 14.53654 25.79094
0 0 0 0 0 0 0 0 0 0 0 0 0 0 0 0 0 0 0 0 0 0 0 0 0 0 0 0 0 15.43508 18.59857 40.51422 28.00183 17.01239 17.01239 0 0 0 0 4.593913 4.787614 6.440429 5.338614 12.87314 26.84442 7.743338 5.955135 7.715569 12.5798 17.7873 25.98387 30.83892 32.75315 28.62856 10.94085 4.805965 8.931599 6.068569 12.14618 9.190986 13.95139 19.79553 20.28159 16.71171 16.48614 35.41937 126.0373 37.45322 10.62206 10.49834 18.401 30.61362
0 0 0 0 0 0 0 0 0 0 0 0 0 0 0 0 0 0 0 0 0 0 0 0 0 0 0 0 0 0 0 0 0 17.01239 31.9237 43.40482 0 0 27.05538 12.58692 9.122999 11.07645 3.113191 3.11677 4.297331 4.04906 2.908875 2.609558 5.405376 7.483569 13.73054 30.68109 188.9034 27.64976 15.93635 10.30439 3.936295 2.441592 3.146364 5.179766 5.325369 15.20901 17.86042 13.75855 17.10769 43.3777 35.18283 19.04583 12.03065 10.54594 9.297768 18.0486
0 0 0 0 0 0 0 0 0 0 0 0 0 0 0 0 0 0 0 0 0 0 0 0 0 0 0 0 0 0 0 0 0 0 0 0 0 0 33.41054 20.2723 30.45246 39.65896 8.633632 7.253385 6.41249 5.103061 5.44357 4.826697 6.544353 7.109738 14.60297 29.89895 17.90129 15.87675 14.24244 10.01303 7.789494 5.425602 5.558331 5.297008 4.902514 8.139633 7.066489 11.55394 12.83298 16.53297 17.82701 20.35743 21.57096 17.85749 13.3995 12.45027
0 0 0 0 0 0 0 0 0 0 0 0 0 0 0 0 0 0 0 0 0 0 0 0 0 0 0 0 0 0 0 0 0 0 0 0 0 23.08649 26.0633 26.20861 17.64505 15.68122 28.43445 17.52535 11.41874 12.22744 11.28108 10.70311 10.47032 12.02104 15.72143 18.71677 13.73511 11.17378 9.081392 9.223044 8.298726 10.47662 6.691383 5.59563 8.071033 8.193321 11.55377 9.915059 15.55269 15.77137 19.93269 14.37728 76.62517 39.05347 16.03724 15.88072
0 0 0 0 0 0 0 0 0 0 0 0 0 0 0 0 0 0 0 0 0 0 0 0 0 0 0 0 0 0 0 0 0 0 0 0 22.90099 29.51756 64.75217 90.86989 90.74852 63.05841 17.7221 17.76873 15.14934 27.12981 92.46011 21.11368 26.62653 27.41735 69.31129 14.39323 13.02023 13.00558 14.31201 14.11943 16.87385 18.4769 14.28465 14.31084 14.60037 31.55346 20.85764 24.48727 21.22398 49.47903 29.58435 29.02567 31.21152 20.12197 45.15679 57.43039
0 0 0 0 0 0 0 0 0 0 0 0 0 0 0 0 0 0 0 0 0 0 0 0 0 0 0 0 0 0 0 0 0 0 0 0 0 35.77588 29.14198 18.64504 17.63274 10.80833 13.77143 31.77682 20.71149 24.2575 26.44221 40.52745 71.78185 49.66134 20.8868 15.42134 20.3588 15.29246 19.70353 17.13163 28.13064 30.91026 34.60961 65.04562 34.73608 41.07916 32.26261 81.91664 56.60506 40.18483 45.87384 86.59637 36.79593 24.59375 24.4073 18.67415
0 0 0 0 0 0 0 0 0 0 0 0 0 0 0 0 0 0 0 0 0 0 0 0 0 0 0 0 0 0 0 0 0 0 0 0 0 72.55401 90.08618 23.5377 14.62121 11.3561 11.54236 15.68746 24.12854 32.613 42.12063 224.1451 1236.673 213.6527 36.12562 30.17967 26.5867 62.60375 32.14743 19.81005 19.32746 22.61973 17.42195 17.56792 17.69914 33.85486 30.86664 32.23779 31.83857 25.45224 238.4089 500.4653 45.73514 25.39384 31.27955 35.21239
0 0 0 0 0 0 0 0 0 0 0 0 0 0 0 0 0 0 0 0 0 0 0 0 0 0 0 0 0 0 0 0 0 0 0 33.97086 43.18719 37.36395 19.2693 14.18207 11.98298 9.106398 11.5171 11.61379 14.46773 36.69707 36.25149 88.4896 429.159 51.27452 72.93027 151.6598 33.85066 36.3342 57.03632 25.79814 25.77332 18.99696 8.39916 12.87865 41.93461 445.315 31.42822 24.27401 18.98638 31.16803 26.35222 26.944 30.0008 25.57254 15.71752 14.36731
