Scenarios/Heterogeneous/data/country_data_population_distribution/processed/density_grids/irn.asc
ncols 463
nrows 354
xllcorner 44
yllcorner 25
cellsize 0.041666666666667
NODATA_value -9999
[rows 0 to 31 of 354, columns 0 to 72 of 463]
0 0 0 0 0 0 0 0 0 0 0 0 0 16.45643 13.41354 15.41853 0 0 0 0 0 0 0 0 0 0 0 0 0 0 0 0 0 0 0 0 0 0 0 0 0 0 0 0 0 0 0 0 0 0 0 0 0 0 0 0 0 0 0 0 0 0 0 0 0 0 0 0 0 0 0 0 0
0 0 0 0 0 0 0 0 0 0 0 0 13.80908 13.41354 13.41354 13.41354 13.41354 15.64841 0 0 0 0 0 0 0 0 0 0 0 0 0 0 0 0 0 0 0 0 0 0 0 0 0 0 0 0 0 0 0 0 0 0 0 0 0 0 0 0 0 0 0 0 0 0 0 0 0 0 0 0 0 0 0
0 0 0 0 0 0 0 0 0 0 0 0 13.41354 13.41354 13.41354 13.41354 13.41354 13.41354 14.39302 0 0 0 0 0 0 0 0 0 0 0 0 0 0 0 0 0 0 0 0 0 0 0 0 0 0 0 0 0 0 0 0 0 0 0 0 0 0 0 0 0 0 0 0 0 0 0 0 0 0 0 0 0 0
0 0 0 0 0 0 0 0 0 0 0 27.47842 13.41354 13.41354 13.41354 13.41354 13.41354 13.41354 13.41354 15.88156 47.04087 0 0 0 0 0 0 0 0 0 0 0 0 0 0 0 0 0 0 0 0 0 0 0 0 0 0 0 0 0 0 0 0 0 0 0 0 0 0 0 0 0 0 0 0 0 0 0 0 0 0 0 0
0 0 0 0 0 0 0 0 0 0 0 13.41354 13.41354 13.41353 13.41354 13.41353 13.41354 13.41353 13.41353 13.41354 18.37966 36.73409 0 0 0 0 0 0 0 0 0 0 0 0 0 0 0 0 0 0 0 0 0 0 0 0 0 0 0 0 0 0 0 0 0 0 0 0 0 0 0 0 0 0 0 0 0 0 0 0 0 0 0
0 0 0 0 0 0 0 0 0 0 0 13.41354 13.41354 13.41354 13.41354 13.41354 13.41354 13.41354 13.41354 21.51265 31.64704 31.70006 0 0 0 0 0 0 0 0 0 0 0 0 0 0 0 0 0 0 0 0 0 0 0 0 0 0 0 0 0 0 0 0 0 0 0 0 0 0 0 0 0 0 0 0 0 0 0 0 0 0 0
0 0 0 0 0 0 0 0 0 0 0 13.41354 13.41354 13.41354 13.41354 13.41354 13.41354 13.41354 13.41354 17.78938 31.69445 31.69445 43.87976 0 0 0 0 0 0 0 0 0 0 0 0 0 0 0 0 0 0 0 0 0 0 0 0 0 0 0 0 0 0 0 0 0 0 0 0 0 0 0 0 0 0 0 0 0 0 0 0 0 0
0 0 0 0 0 0 0 0 0 0 0 13.41354 13.41354 13.41354 13.41354 13.41354 13.41354 13.41354 13.41354 14.04543 31.69379 31.69445 33.38284 0 0 0 0 0 0 0 0 0 0 0 0 0 0 0 0 0 0 0 0 0 0 0 0 0 0 0 0 0 0 0 0 0 0 0 0 0 0 0 0 0 0 0 0 0 0 0 0 0 0
0 0 33.28593 0 33.23219 31.39255 0 0 0 24.74454 15.17542 13.41354 13.41354 13.41354 13.41354 13.41353 13.41354 13.41354 13.41971 22.69899 31.69445 31.69445 31.69445 32.68799 55.748 0 0 0 0 0 0 0 0 0 0 0 0 0 0 0 0 0 0 0 0 0 0 0 0 0 0 0 0 0 0 0 0 0 0 0 0 0 0 0 0 0 0 0 0 0 0 0 0
0 35.14101 24.74053 24.73595 24.73595 24.73595 24.72412 16.65233 13.41353 13.41354 13.41354 13.41354 13.41354 13.41354 13.41354 13.41353 13.41354 13.50304 36.93191 40.45737 31.92261 31.69445 31.69445 31.69445 31.69445 34.0252 0 0 0 0 0 0 0 0 0 0 0 0 0 0 0 0 0 0 0 0 0 0 0 0 0 0 0 0 0 0 0 0 0 0 0 0 0 0 0 0 0 0 0 0 0 0 0
0 0 28.2868 24.73595 24.73595 24.73595 23.07144 13.52328 13.41354 13.41354 13.41354 13.41354 13.41353 13.41354 13.41354 13.41354 13.41354 38.98421 64.43516 64.43516 59.04572 39.38333 31.69445 31.69445 31.69445 31.69445 36.17034 0 0 0 0 0 0 0 0 0 0 0 0 0 0 0 0 0 0 0 0 0 0 0 0 0 0 0 0 0 0 0 0 0 0 0 0 0 0 0 0 0 0 0 0 0 0
0 0 0 24.73595 24.73595 24.73595 24.73595 23.13853 17.27714 13.41354 13.41354 13.41354 13.41354 13.41354 13.41354 13.41354 18.38703 63.29438 64.43515 64.43516 64.43516 43.61472 31.69445 31.69445 31.69445 31.69445 31.69445 0 0 0 0 0 0 0 0 0 0 0 0 0 0 0 0 0 0 0 0 0 0 0 0 0 0 0 0 0 0 0 0 0 0 0 0 0 0 0 0 0 0 0 0 0 0
0 0 0 24.73595 24.73595 24.73595 24.73595 24.73595 23.72493 14.14194 13.41353 13.41354 13.41354 13.41353 13.41354 13.41354 51.52138 64.43515 64.43516 64.43516 64.43516 41.60393 31.69445 31.69445 31.69445 31.69445 31.69445 33.56701 0 0 0 0 0 0 0 0 0 0 0 0 0 0 0 0 0 0 0 0 0 0 0 0 0 0 0 0 0 0 0 0 0 0 0 0 0 0 0 0 0 0 0 0 0
0 0 0 34.43245 25.98658 24.73595 24.73595 24.73595 24.73595 24.37371 23.32885 23.2359 22.32552 16.34148 13.41354 13.85889 59.22499 64.43516 64.43516 64.43516 64.43516 58.80527 49.56401 41.57798 33.40209 31.69445 31.69445 31.70546 31.93465 34.80148 42.89994 0 0 0 0 0 0 0 0 0 0 0 0 0 0 0 0 0 0 0 0 0 0 0 0 0 0 0 0 0 0 0 0 0 0 0 0 0 0 0 0 0 0
0 0 0 0 0 27.89984 24.73595 24.73595 24.73595 24.73595 24.73595 24.73595 24.73595 24.62001 23.63352 28.53852 62.26752 64.43515 64.43516 64.43515 64.43516 64.43515 64.43516 64.43515 63.76773 34.97082 31.69445 31.69445 31.69445 31.69445 31.69445 31.69445 409.7471 0 0 0 0 0 0 0 0 0 0 0 0 0 0 0 0 0 0 0 0 0 0 0 0 0 0 0 0 0 0 0 0 0 0 0 0 45.38341 0 0 26.66731
0 0 0 0 31.26329 30.85026 24.73595 24.73595 24.73595 24.73595 24.73595 24.73595 24.73595 24.73595 24.73595 27.51182 56.80744 64.43515 64.43515 64.43515 64.43515 64.43516 64.43515 64.43515 64.12194 39.80722 31.69445 31.69445 31.69445 31.69445 31.69445 31.69445 31.69445 0 0 0 0 0 0 0 0 0 0 0 0 0 0 0 0 0 0 0 0 0 0 0 0 0 0 0 0 0 0 0 0 0 0 0 25.66082 24.02453 24.02454 24.02454 24.02454
0 0 0 0 0 25.07619 24.73595 24.73595 24.73595 24.73595 24.73595 24.73595 24.73595 24.73595 24.73595 24.73595 25.22979 47.29384 63.82457 64.43516 64.43516 64.43516 64.43516 62.61696 39.11279 31.69445 31.69445 31.69445 31.69445 31.69445 31.69445 31.69445 31.69445 42.71898 0 0 0 0 0 0 0 0 0 0 0 0 0 0 0 0 0 0 0 0 0 0 0 0 0 0 0 0 0 0 0 0 0 24.10131 24.02454 24.02454 24.02454 24.02454 24.02454
0 0 0 0 0 27.98558 24.73595 24.73595 24.73595 24.73595 24.73595 24.73595 24.73595 24.73595 24.73595 24.73595 24.73595 24.73595 42.00815 64.43516 64.43516 64.43516 64.43516 46.18427 33.52022 32.65489 31.69445 31.69445 31.69445 31.69445 31.69445 31.69445 31.69445 31.69445 53.43147 0 0 0 0 0 0 0 0 0 0 0 0 0 0 0 0 0 0 0 0 0 0 0 0 0 0 0 0 0 0 0 28.02207 24.02454 24.02454 24.02454 24.02454 24.02454 24.02454
0 0 0 0 0 24.73595 24.73595 24.73595 24.73595 24.73595 24.73595 24.73595 32.47554 38.64875 32.65388 25.766 24.73595 24.73595 57.50639 64.43516 64.43516 63.58726 58.66794 44.27415 47.56786 42.98634 34.92395 34.90522 42.35064 41.84493 36.34942 31.8547 31.69865 33.0281 41.09548 0 0 0 0 0 0 0 0 0 0 0 0 0 0 0 0 0 0 0 0 0 0 0 0 0 0 0 0 0 32.41118 24.02454 24.02454 24.02454 24.02454 24.02454 24.02454 24.02454 22.01882
0 0 0 0 0 25.35695 24.73595 24.73595 24.73595 24.73595 24.73595 24.7872 39.45452 74.56043 74.56043 72.54375 39.16928 32.12011 42.46896 50.87878 50.39044 48.21835 47.66001 47.66001 47.66001 47.66001 47.66001 47.66001 47.66001 47.66001 47.66001 45.79095 38.20255 36.15752 36.15752 36.15752 36.1603 36.1817 38.63352 39.00755 40.09187 0 0 0 0 0 0 0 0 0 0 0 0 0 0 0 0 0 0 0 0 0 0 33.07125 24.02454 24.02454 24.02454 24.02454 19.6897 13.64502 12.41951 11.19405 8.214179
0 0 0 0 0 39.94133 24.73595 24.73595 24.73595 24.73595 35.89881 68.7267 74.56043 74.56043 74.56043 74.56044 65.52714 52.25398 47.66002 47.66002 47.66002 47.66001 47.66002 47.66002 47.66002 47.66002 47.66002 47.66002 47.66002 47.66002 47.64816 45.27922 37.56563 38.1873 36.15752 36.15752 36.15752 36.15752 36.15752 36.15752 36.15752 36.15752 36.21711 39.32229 0 0 0 0 0 0 0 0 0 0 0 0 26.85853 0 0 0 0 0 30.05816 24.02454 24.02454 24.02454 22.98038 20.42426 11.57463 7.682748 7.682748 7.682748 7.682748
0 0 0 0 0 0 0 31.24532 24.77 45.19474 70.58218 74.56042 74.56043 74.56042 74.56042 74.56042 74.56042 68.07964 47.66001 47.66001 47.66001 47.66001 47.66001 47.66001 47.66001 47.66001 47.66001 47.66001 47.66001 47.66001 62.33656 62.5841 71.60664 65.55568 36.15752 36.15752 36.15752 36.15751 36.15752 36.15752 36.15752 36.15751 36.15752 36.15752 36.15752 36.69622 36.39632 36.4668 41.0169 37.29984 0 0 0 57.46717 38.42484 36.15752 36.15752 36.15752 36.15752 35.70087 23.81985 23.84532 24.02453 24.02454 23.10997 10.12663 7.69516 7.682747 7.682747 7.682747 7.682747 7.682747 7.682746
0 0 0 0 0 0 0 0 27.435 73.83108 74.56043 74.56043 74.56043 74.56043 74.56043 74.56043 74.56043 69.3861 60.54359 53.34166 48.34685 47.66002 47.66001 47.66001 47.66001 47.66001 47.66001 51.51132 57.83848 55.74669 69.00191 77.05428 77.05428 76.95753 48.54103 36.15752 36.15752 36.15752 36.15752 36.15752 36.15752 36.15752 36.15752 36.15752 36.15752 36.15752 36.15752 36.15752 36.97243 36.15752 36.15752 35.9006 35.45029 35.72808 36.04719 36.15752 36.15752 36.15752 36.15752 32.81171 24.02454 24.02454 24.02454 24.02454 14.65954 7.682747 7.682748 7.682747 7.682747 7.682747 7.682747 7.682747 7.682747
0 0 0 0 0 0 0 70.22221 70.31501 74.56043 74.56043 74.56043 74.56043 74.56043 74.56043 74.56043 74.56043 74.56043 74.56043 74.56043 72.76977 58.86764 48.00317 48.01392 60.03924 63.5098 68.10165 74.38509 74.56043 74.56043 76.10874 77.05428 77.05428 77.05428 65.28239 41.54144 49.00418 48.70344 46.16379 51.7617 47.22548 38.35392 36.15752 42.43238 64.4708 51.28116 37.08089 36.15752 36.15752 36.15752 36.14696 33.33376 31.94536 23.52993 24.564 23.50621 21.77906 24.82426 32.4846 25.46289 23.03937 24.02454 23.64296 20.24492 16.65658 14.33794 10.44809 7.738157 7.715969 7.682747 7.682748 7.682747 7.682748
0 0 0 0 0 0 0 74.21811 74.56043 74.56043 74.56043 74.56043 74.56043 74.56043 74.56043 74.56043 74.56043 74.56043 74.56043 74.56043 74.56043 74.56043 72.74315 72.92278 74.56043 74.56043 74.56043 74.56043 74.56043 74.56043 75.8343 77.05428 77.05428 77.05428 77.05428 77.05428 77.05428 77.05428 77.05427 77.05428 77.05428 71.14772 70.25426 77.04483 77.05428 77.05428 72.57293 38.11082 36.15752 35.00496 23.35663 17.77529 17.77529 17.77529 17.77529 17.77529 17.77529 17.77529 17.77529 17.77529 17.84049 18.947 17.88293 17.77529 17.77529 17.77529 18.75463 36.6581 34.16255 8.484226 7.682747 7.682747 7.682747
0 0 0 0 0 0 0 71.04888 74.56043 74.56043 74.56043 74.56043 74.56043 74.56043 74.56043 74.56044 74.56043 74.56042 74.56043 74.56043 74.56043 74.56043 74.56043 74.56043 74.56043 74.56043 74.56043 74.56043 74.56043 74.76614 76.92658 77.05428 77.05428 77.05428 77.05428 77.05428 77.05428 77.05428 77.05428 77.05428 77.05428 77.05428 77.05428 77.05428 77.05428 77.05427 76.9351 63.85081 38.05883 27.46858 17.77529 17.77529 17.77529 17.77529 17.77529 17.77529 17.77529 17.77529 17.77529 17.77529 17.7753 17.77529 17.77529 17.77529 17.77529 17.77529 20.84349 35.17307 47.62304 39.35034 28.10506 20.39708 10.12325
0 0 0 0 0 0 0 60.86439 74.48791 74.56042 74.56042 74.56042 74.56042 74.56042 74.56042 74.56042 74.56042 74.56042 74.56042 74.56042 74.56042 74.56042 74.56042 74.56042 74.56042 74.56042 74.56042 74.56042 74.56042 74.74434 76.83949 77.05428 77.05428 77.05428 77.05428 77.05428 77.05428 77.05428 77.05428 77.05428 77.05428 77.05428 77.05428 77.05428 77.05428 77.05428 77.05428 77.05428 61.75121 18.39278 17.77529 17.77529 17.77529 17.77529 17.77529 17.77529 17.77529 17.77529 17.77529 17.77529 17.77529 17.77529 17.77529 17.77529 17.77529 17.77529 17.77529 17.77529 30.29412 48.96441 48.96441 48.96441 47.60312
0 0 0 0 0 0 0 0 71.86701 74.56043 74.56043 74.56043 74.56043 74.56043 74.56043 74.56043 74.56043 74.56043 74.56043 74.56043 74.56043 74.56043 74.56043 74.56043 74.56043 74.56043 74.56043 74.56043 74.56043 74.56043 76.33541 77.05428 77.05427 77.05428 77.05428 77.05428 77.05427 77.05428 77.05427 77.05428 77.05428 77.05428 77.05427 77.05428 77.05428 77.05428 77.05427 77.05428 77.05428 32.00047 17.77529 17.77529 17.77529 17.77529 17.77529 17.77529 17.77529 17.77529 17.77529 17.77529 17.77529 17.77529 17.77529 17.77529 17.77529 17.77529 17.77529 17.77529 33.0192 48.96441 48.96442 48.96441 48.96441
0 0 0 0 0 0 0 0 74.47751 74.56042 74.56042 74.56043 74.56042 74.56042 74.56042 74.56042 74.56042 74.56042 74.56043 74.56042 74.56043 74.56042 74.56042 74.56042 74.56043 74.56042 74.56042 74.56042 74.56042 74.56042 75.28001 77.05428 77.05428 77.05428 77.05428 77.05428 77.05428 77.05428 77.05428 77.05428 77.05428 77.05428 77.05428 77.05428 77.05428 77.05428 77.05428 77.05428 77.05428 34.49411 17.77529 17.77529 17.77529 17.77529 17.77529 17.77529 17.77529 17.77529 17.77529 17.77529 17.77529 17.77529 17.77529 17.77529 17.77529 17.77529 21.71543 39.49302 48.45205 48.96442 48.96441 48.96441 48.96441
0 0 0 0 0 0 0 0 72.84823 74.56042 74.56042 74.56042 74.56042 74.56042 74.56042 74.56043 74.56042 74.56042 74.56043 74.56042 74.56042 74.56043 74.56042 74.56042 74.56042 74.56042 74.56043 74.56042 74.56042 74.56042 74.57036 76.01362 77.05427 77.05427 77.05427 77.05427 77.05427 77.05427 77.05427 77.05427 77.05427 77.05427 77.05428 77.05427 77.05427 77.05427 77.05427 77.05427 77.05427 63.33801 17.7753 17.77529 17.77529 17.77529 17.7753 17.77529 17.77529 17.77529 17.77529 17.77529 17.77529 17.77529 17.77529 17.77529 17.77529 17.77529 37.00229 48.96442 48.96441 48.96441 48.96441 48.96441 48.96441
0 0 0 0 0 0 0 0 73.27211 74.56042 74.56042 74.56042 74.56042 74.56042 74.56042 74.56042 74.56044 74.56042 74.56042 74.56042 74.56042 74.56042 74.56042 74.56042 74.56042 74.56042 74.56042 74.56042 74.56042 74.56042 74.56042 75.47427 76.99324 77.05428 77.05428 77.05428 77.05428 77.05428 77.05428 77.05428 77.05428 77.05428 77.05428 77.05428 77.05428 77.05428 77.05428 77.05428 77.05428 73.73929 44.79133 31.35 18.19607 21.81256 29.75812 30.95189 426.7621 375.7095 131.9564 17.77529 17.77529 17.77529 17.77529 17.77529 17.77529 19.06839 48.8148 48.96441 48.96441 48.96441 48.96441 48.96441 48.96441
0 0 0 0 0 0 0 0 74.56043 74.56043 74.56042 74.56043 74.56043 74.56042 74.56043 74.56043 74.56043 74.56042 74.56043 74.56043 74.56043 74.56043 74.56043 74.56042 74.56043 74.56042 74.56043 74.56043 74.32927 75.46719 76.21416 77.05318 77.05428 77.05427 77.05428 77.05428 77.05428 77.05427 77.05428 77.05428 77.05428 77.05428 77.05428 77.05427 77.05428 77.05427 77.05428 77.05427 77.05428 77.05428 77.05428 76.63897 56.08221 48.14938 48.3514 276.892 811.4835 853.3938 598.0922 17.77529 17.77529 17.77529 17.77529 17.77529 17.77529 19.32516 43.64899 48.96441 48.96441 48.96441 48.96442 48.96442 48.96442
