Scenarios/Heterogeneous/data/country_data_population_distribution/processed/density_grids/irn.asc
ncols 463
nrows 354
xllcorner 44
yllcorner 25
cellsize 0.041666666666667
NODATA_value -9999
[rows 128 to 159 of 354, columns 146 to 218 of 463]
10.98158 10.98158 10.98158 10.98158 10.98158 11.6117 98.47847 121.4872 121.4872 121.4872 121.4872 121.4872 121.4872 121.4872 121.4872 121.4872 121.4872 121.4872 121.4872 121.4872 121.4872 121.4872 114.9095 93.86697 82.51064 82.25559 82.25559 82.25559 82.25559 64.4894 18.1275 18.1275 18.1275 18.1275 18.1275 18.1275 18.1275 18.1275 18.1275 18.1275 18.1275 18.1275 18.1275 18.1275 18.1275 18.1275 18.1275 18.11905 16.8749 15.07006 14.84556 15.27346 16.42841 17.80159 18.1275 18.1275 6.059413 2.868952 3.310354 4.650375 6.802561 8.618288 9.038328 9.038328 9.038327 8.739901 8.233377 8.233378 8.233377 8.233377 8.233377 8.233378 8.233377
10.98158 10.98158 10.98158 10.98158 10.98158 10.98158 51.7473 121.4872 121.4872 121.4872 121.4872 121.4872 121.4872 121.4872 121.4872 121.4872 121.4872 121.4872 121.4872 121.4872 121.4872 121.4872 87.69507 82.25559 82.25559 82.25558 82.25559 82.25558 82.25559 76.04118 20.43095 18.1275 18.1275 18.1275 18.1275 18.1275 18.1275 18.1275 18.1275 18.1275 18.1275 18.1275 18.1275 18.1275 18.1275 18.1275 18.1275 18.1275 18.1275 18.1275 18.1275 18.1275 18.1275 18.1275 18.1275 18.1275 4.465882 2.868952 2.868952 2.868952 2.868952 3.019932 5.059695 7.779301 9.038328 8.707285 8.233378 8.233378 8.233378 8.233378 8.233378 8.233378 8.233378
114.0788 80.20908 35.22733 10.98158 10.98158 11.34929 23.6467 75.29573 121.4872 121.4872 121.4872 121.4872 121.4872 121.4872 121.4872 121.4872 121.4872 121.4872 121.4872 121.4872 121.4872 121.4872 92.3139 82.2556 82.2556 82.2556 82.25558 82.2556 82.2556 82.2556 40.88204 18.1275 18.1275 18.1275 18.1275 18.1275 18.1275 18.1275 18.1275 18.1275 18.1275 18.1275 18.1275 18.1275 18.1275 18.1275 18.1275 18.1275 18.1275 18.1275 18.1275 18.1275 18.1275 18.1275 18.1275 18.1275 4.087047 2.868952 2.868953 2.868952 2.868953 2.868952 2.868953 2.871432 4.610887 7.458905 8.233378 8.233377 8.233378 8.233377 8.233378 8.233377 8.233378
137.4238 137.4238 135.5965 84.41878 30.76656 24.01443 26.4022 26.56175 99.83966 121.4872 121.4872 121.4872 121.4446 111.1148 121.4872 121.4872 121.4872 121.4872 121.4872 121.4872 121.4872 121.465 90.58801 82.25559 82.25558 82.25559 82.25558 82.25558 82.25558 66.51924 19.76791 18.1275 18.12749 18.1275 18.12749 18.1275 18.12749 18.1275 18.12749 18.1275 18.12749 18.1275 18.12749 18.12749 18.1275 18.12749 18.1275 18.12749 18.1275 18.12749 18.1275 18.12749 18.1275 18.12749 18.1275 18.12749 3.979777 2.868952 2.868952 2.868952 2.868953 2.868952 2.868953 2.868952 2.868953 2.905104 5.584283 8.216774 8.125054 7.954363 7.943674 8.03022 7.909675
137.4238 137.4238 137.4238 137.4238 39.42435 26.4022 26.4022 26.4022 85.08134 121.4872 121.4872 119.532 76.80866 26.42911 60.10873 96.68114 78.64 98.73305 121.4872 121.4872 121.4872 109.8858 82.25558 82.25558 82.25558 82.25559 82.25558 82.25559 82.25559 33.0685 18.12749 18.12749 18.12749 18.1275 18.12749 18.12749 18.12749 18.1275 18.12749 18.12749 18.12749 18.1275 18.12749 18.1275 18.12749 18.12749 18.1275 18.12749 18.1275 18.12749 18.12749 18.12749 18.12749 18.12749 18.1275 18.1275 4.476232 2.868952 2.868952 2.868952 2.868953 2.868952 2.868952 2.868952 2.868953 2.868952 2.868953 2.987199 2.871972 2.868952 2.868953 2.86215 1.292659
137.4238 137.4238 137.4238 137.4238 87.60571 26.82317 26.4022 26.4022 38.49553 66.76178 63.19587 34.19831 26.4022 26.4022 26.4022 26.4022 26.4022 28.66342 50.34672 100.2253 103.4136 82.86022 82.25559 82.25559 82.25559 82.25559 82.25559 82.25559 82.25559 37.82797 18.1275 18.1275 18.12749 18.1275 18.12749 18.1275 18.1275 18.1275 18.12749 18.1275 18.12749 18.1275 18.12749 18.1275 18.1275 18.12749 18.1275 18.12749 18.1275 18.1275 18.1275 18.12749 18.1275 18.12749 18.1275 18.1275 4.069583 2.868952 2.868953 2.868952 2.868953 2.868952 2.868952 2.868952 2.868953 2.868952 2.868953 2.868952 2.868953 2.868952 2.868953 2.006881 0.8506047
137.4238 137.4238 137.4238 137.4238 137.4238 61.53144 29.46395 29.52733 28.85296 28.32272 27.06035 26.4022 26.4022 26.4022 26.4022 26.4022 26.4022 26.4022 26.4022 41.31631 72.72417 82.2556 82.25559 82.25559 82.25559 82.2556 82.25559 82.25559 82.25559 61.54616 18.1275 18.1275 18.1275 18.1275 18.1275 18.1275 18.1275 18.1275 18.1275 18.1275 18.1275 18.1275 18.1275 18.1275 18.1275 18.1275 18.1275 18.1275 18.1275 18.1275 18.1275 18.1275 18.1275 18.1275 18.1275 18.0781 3.1308 2.868952 2.868953 2.868952 2.868953 2.868952 2.868952 2.868952 2.868952 2.868952 2.868953 2.868952 2.868952 2.868952 2.868953 2.214716 0.8506047
137.4238 137.4238 137.4238 137.4238 135.3798 50.35558 31.06242 31.06241 31.06241 31.06241 30.52261 26.52466 26.4022 26.4022 26.4022 26.4022 26.4022 26.4022 26.4022 26.4022 31.21925 70.44498 82.25559 82.25559 82.25559 82.25559 82.25559 82.25559 82.25559 82.10181 42.30852 18.1275 18.1275 18.1275 18.1275 18.1275 18.1275 18.1275 18.1275 18.1275 18.1275 18.1275 18.1275 18.1275 18.1275 18.1275 18.1275 18.1275 18.1275 18.1275 18.1275 18.1275 18.1275 18.1275 18.1275 17.67314 2.918393 2.868953 2.868952 2.868953 2.868952 2.868953 2.868953 2.868953 2.868952 2.868953 2.868952 2.868953 2.868953 2.868953 2.868952 2.868874 1.353915
137.4238 137.4238 137.4238 137.4238 102.8953 31.06241 31.06241 31.06241 31.06241 31.06241 31.06241 27.84926 26.4022 26.4022 26.4022 26.4022 26.4022 26.4022 26.4022 26.4022 26.4022 27.1551 51.6716 81.69296 82.25559 82.25558 82.25559 82.25559 82.25559 82.25559 80.49235 22.44285 18.1275 18.1275 18.1275 18.1275 18.1275 18.1275 18.1275 18.1275 18.1275 18.1275 18.1275 18.1275 18.1275 18.1275 18.1275 18.1275 18.1275 18.1275 18.1275 18.1275 18.1275 18.1275 18.1275 18.05373 3.061902 2.868952 2.868952 2.868952 2.868952 2.868952 2.868952 2.868952 2.868952 2.868952 2.868952 2.868952 2.868952 2.868952 2.868952 2.868952 1.888832
137.4238 137.4238 137.4238 114.9901 50.88054 31.06241 31.06241 31.06241 31.06241 31.06241 30.95719 28.40331 26.41542 26.4022 26.4022 26.4022 26.4022 26.4022 26.4022 26.4022 26.4022 26.4022 30.57382 78.30885 82.25558 82.25558 82.25558 82.25558 82.25558 82.25558 82.25559 69.19415 49.57203 19.75691 18.1275 18.12749 18.1275 18.1275 18.1275 18.12749 18.1275 18.12749 18.1275 18.1275 18.1275 18.1275 18.12749 18.1275 18.12749 18.1275 18.12749 18.1275 18.1275 18.1275 18.12749 18.12228 2.925238 2.868952 2.868952 2.868952 2.868952 2.868952 2.868952 2.868952 2.868952 2.868952 2.868952 2.868952 2.868952 2.868952 2.868952 2.868952 1.85114
137.4238 135.1645 90.69918 40.40892 31.06241 31.06241 31.06241 31.06241 31.06241 31.06241 31.06241 31.06241 28.5761 26.4022 26.4022 26.4022 26.4022 26.4022 26.4022 26.4022 26.4022 26.4022 51.87595 82.25559 82.25559 82.25559 82.25559 82.25559 82.25559 82.25559 82.2556 82.25559 82.25559 58.0085 18.94391 18.1275 18.1275 18.1275 18.1275 18.1275 18.1275 18.1275 18.1275 18.1275 18.1275 18.1275 18.1275 18.1275 18.1275 18.1275 18.1275 18.1275 17.13031 17.59196 18.1275 18.04307 3.805124 2.868952 2.868952 2.868952 2.868952 2.868952 2.868952 2.868952 2.868952 2.868952 2.868952 2.868952 2.868952 2.868952 2.868952 2.868952 1.868329
84.19382 73.1296 31.06242 31.06242 31.06241 31.06242 31.06242 31.06242 31.06242 31.06242 31.06242 31.06242 30.93637 28.88082 26.4551 26.4022 26.4022 26.4022 26.4022 26.4022 26.4022 26.4022 30.87854 78.1699 82.25559 82.25559 82.25559 82.25559 82.25558 82.25559 82.25558 82.25559 82.25559 82.25559 73.29171 49.47104 24.501 18.1275 18.1275 18.1275 18.1275 18.1275 18.1275 18.1275 18.1275 18.1275 18.1275 18.1275 18.1275 18.12694 15.16899 12.34516 11.21083 11.85685 13.3219 7.198678 3.439134 2.868953 2.868953 2.868953 2.868952 2.868953 2.868953 2.868953 2.868952 2.868953 2.868953 2.868953 2.868953 2.868953 2.868952 2.868953 1.507465
42.70779 40.5547 31.10224 31.06242 31.06242 31.06241 31.06241 31.06241 31.06241 31.06241 31.06242 31.06241 31.06241 31.06241 28.39099 26.4022 26.4022 26.4022 26.4022 26.4022 26.4022 26.4022 27.19624 78.82986 82.25558 82.25558 82.25559 82.25558 82.25558 82.2556 82.25559 82.25558 82.25558 82.25558 82.25558 82.25558 80.66836 55.89268 25.72353 18.12749 18.1275 18.12749 18.1275 18.1275 18.12749 18.1275 18.1275 18.1275 18.12749 14.78085 11.20764 11.20764 11.20764 10.03595 3.118311 2.868952 2.868952 2.868952 2.868952 2.868952 2.868953 2.868952 2.868952 2.868952 2.868952 2.868952 2.868952 2.868952 2.868952 2.868952 2.868952 2.867573 1.03414
42.7078 42.7078 36.61195 31.06242 31.06241 31.06242 31.06242 31.06242 31.06242 31.06242 31.06241 31.06242 31.06242 31.06242 30.85549 26.90539 26.4022 26.4022 26.4022 26.4022 26.4022 26.4022 31.64497 81.40295 82.25559 82.25559 82.25559 82.25559 82.25559 82.25559 82.25559 82.25559 82.25559 82.25559 82.25559 82.25559 82.25558 82.25559 81.20274 58.32187 20.93687 18.1275 18.1275 18.12749 18.1275 18.1275 18.1275 17.99521 14.6137 11.21512 11.20764 11.20764 11.10626 5.043557 2.868953 2.868952 2.868953 2.868953 2.868953 2.868953 2.868953 2.868953 2.868953 2.868953 2.868953 2.868953 2.868953 2.868953 2.868953 2.868953 2.868953 2.794405 0.9253271
42.70779 42.70779 42.70683 35.07959 31.06241 31.06241 31.06241 31.06241 31.06241 31.06241 31.06241 31.06241 31.06241 31.06241 31.06241 28.28548 26.4022 26.4022 26.4022 26.4022 26.4022 26.4022 30.21237 77.21272 82.25559 82.25559 82.25559 82.25559 82.25559 82.25559 82.2556 82.25559 82.25559 82.25559 82.25559 82.25559 82.2556 82.25559 82.25559 82.25559 72.79647 28.98848 16.07442 16.36709 16.14275 14.99213 13.71021 11.85924 11.20764 11.20764 11.20764 11.18445 5.996446 2.868952 2.868952 2.868952 2.868952 2.868952 2.868952 2.868952 2.868952 2.868952 2.868952 2.868952 2.868952 2.868952 2.868952 2.868952 2.868952 2.868952 2.868952 2.868952 2.468303
42.7078 42.7078 42.7078 42.27889 33.12376 31.06241 31.06241 31.06241 31.06241 31.06242 31.06241 31.06241 31.06241 31.06241 31.06241 30.69854 26.82869 26.4022 26.4022 26.4022 26.4022 35.94182 69.8419 82.25558 82.25558 82.2556 82.25558 82.25558 82.25558 82.25558 82.25559 82.25558 82.25558 82.25558 82.25558 82.2556 82.25559 82.25558 82.25558 82.25558 82.25558 35.58517 11.20764 11.20764 11.20764 11.20764 11.20764 11.20764 11.20764 11.20764 11.20764 7.947626 2.868952 2.868952 2.868952 2.868952 2.868953 2.868952 2.868952 2.868952 2.868953 2.868952 2.868952 2.868952 2.868952 2.868952 2.868953 2.868952 2.868952 2.868952 2.868952 2.868952 2.868952
42.7078 42.7078 42.7078 42.7078 41.28959 35.68639 34.74215 31.67708 31.06242 31.06241 31.06242 31.06242 31.06242 31.06241 34.09021 36.6441 32.75462 27.69277 26.4022 27.19117 37.93186 78.41789 82.25559 82.25559 82.25559 82.25558 82.25559 82.25558 82.25559 82.25558 82.25559 82.25558 82.25559 82.25558 82.25559 82.25558 82.25559 82.25558 81.23559 75.62891 47.82545 11.69427 11.20764 11.20764 11.20764 11.20764 11.20764 11.20764 11.20764 11.20764 10.26407 3.640435 2.868952 2.868952 2.868952 2.868952 2.868952 2.868952 2.868952 2.868952 2.868952 2.868952 2.868952 2.868952 2.868952 2.868952 2.868952 2.868952 2.868952 2.868952 2.868952 2.868952 2.868952
42.7078 42.7078 42.7078 42.7078 42.7078 42.7078 42.7078 41.57566 33.03041 31.06242 31.06241 31.06241 31.98691 38.55367 44.11367 44.29911 44.29912 44.28234 43.1134 43.80373 44.65192 67.00368 82.2556 82.2556 82.2556 82.25559 82.2556 82.25559 82.2556 82.25559 82.25559 82.25559 82.2556 82.25559 82.2556 82.25559 81.9362 48.43288 13.22407 11.20764 11.20764 11.20764 11.20764 11.20764 11.20764 11.20764 11.20764 11.20764 11.20764 11.05576 4.49572 2.868952 2.868953 2.868953 2.868953 2.868952 2.868953 2.868953 2.868953 2.868953 2.868953 2.868953 2.868953 2.868953 2.868953 2.868953 2.868953 2.868953 2.868953 2.868953 2.868953 2.868953 2.868953
42.70779 42.7078 42.7078 42.7078 42.7078 42.7078 42.70779 42.7078 41.69537 36.18607 36.67595 34.98256 44.09912 44.29911 44.29911 44.29911 44.29911 44.29911 44.29911 44.29911 44.29911 45.26773 76.44215 82.2556 82.25559 82.2556 82.25559 82.2556 82.25559 82.2556 82.25559 82.2556 77.13831 74.9436 75.02351 64.65578 31.74206 11.20764 11.20764 11.20764 11.20764 11.20764 11.20764 11.20764 11.20764 11.20764 11.20764 11.20764 10.52477 6.846697 2.868953 2.868952 2.868953 2.868952 2.868952 2.868952 2.868953 2.868952 2.868953 2.868952 2.868953 2.868952 2.868952 2.868952 2.868953 2.868952 2.868953 2.868952 2.868952 2.868952 2.868953 2.868952 2.868953
42.70779 42.70779 42.70779 46.38377 43.27882 46.83132 54.25794 55.5509 56.80447 57.06334 57.06334 57.06334 46.61231 44.29912 44.29911 44.29912 44.29911 44.29911 44.29911 44.29912 44.29911 44.29911 47.98786 76.07228 82.25558 82.25559 82.25558 82.25558 82.25558 82.25559 82.25559 82.25559 32.74576 11.20764 11.20764 11.20764 11.20764 11.20764 11.20764 11.20764 11.20764 11.20764 11.20764 11.20764 11.20764 11.20764 11.20764 11.20764 9.017788 2.873469 2.868952 2.868952 2.868952 2.868952 2.868953 2.868952 2.868952 2.868952 2.868953 2.868952 2.868953 2.868952 2.868953 2.868952 2.868953 2.868952 2.868952 2.868952 2.868952 2.868952 2.868953 2.868952 2.868953
42.7078 42.7078 43.32601 56.57975 56.99557 57.06334 57.06334 57.06334 57.06334 57.06334 57.06334 57.06334 54.1522 44.29912 44.29912 44.29911 44.29912 44.29912 44.29912 44.29912 44.29912 44.29911 44.29912 47.83917 73.28419 82.25559 82.25559 82.25559 82.25559 82.25559 78.974 61.69408 37.30075 28.47731 15.38341 11.20764 11.20764 11.20764 11.20764 11.20764 11.20764 11.20764 11.20764 11.20764 11.20764 11.20764 11.20764 11.20764 5.447204 2.868953 2.868952 2.868953 2.868952 2.868953 2.868952 2.868953 2.868952 2.868953 2.868952 2.868953 2.868952 2.868953 2.868952 2.868953 2.868953 2.868953 2.868952 2.868953 2.868953 2.868953 2.868953 2.868953 2.868952
45.88569 50.03193 53.87059 57.06334 57.06334 57.06334 57.06334 57.06334 57.06334 57.06334 57.06334 57.06334 53.29652 44.29912 44.29911 44.29912 44.29911 44.29911 44.29911 44.29912 44.29912 44.29912 44.29911 44.29911 44.52689 58.30586 76.70993 81.56948 81.25529 75.24657 48.93476 44.29912 44.29911 44.29912 43.79132 31.02443 13.36695 11.20764 11.20764 11.20764 11.20764 11.20764 11.20764 11.20764 11.20764 11.20764 11.20764 11.20764 4.346264 2.868952 2.868953 2.868953 2.868953 2.868952 2.868953 2.868952 2.868953 2.868952 2.868953 2.868952 2.868953 2.868952 2.868952 2.868952 2.868953 2.868952 2.868953 2.868952 2.868952 2.868952 2.868953 2.868952 2.868953
57.06334 57.06334 57.06334 57.06334 57.06334 57.06334 57.06334 57.06335 57.06334 57.06334 57.06334 57.06335 47.13832 44.29912 44.29911 44.29912 44.29911 44.29911 44.29911 44.29912 44.29911 44.29912 44.29911 44.29911 44.29911 44.29911 44.29911 44.3946 44.41519 44.29911 44.29911 44.29911 44.29911 44.29911 44.29911 44.29912 34.08386 12.19113 11.20764 11.20764 11.20764 11.20764 11.20764 11.20764 11.20764 11.20764 11.20764 11.20764 4.58615 2.868952 2.868952 2.868952 2.868953 2.868952 2.868952 2.868952 2.868953 2.868952 2.868953 2.868952 2.868953 2.868952 2.868952 2.868952 2.868952 2.868952 2.868952 2.868952 2.868952 2.868952 2.868952 2.868952 2.868953
57.06334 57.06334 57.06334 56.95512 57.06334 57.06334 57.06334 57.06334 57.06334 57.06334 57.06334 57.06334 51.6338 44.29911 44.29911 44.29911 44.29911 44.29911 44.29911 44.29911 44.29911 44.29911 44.29911 44.29911 44.29911 44.29911 44.29911 44.29911 44.29911 44.29911 44.29911 44.29911 44.29911 44.29911 43.42266 24.22709 11.21921 11.20764 11.20764 11.20764 11.20764 11.20764 11.20764 11.20764 11.20764 11.20764 11.20764 11.20764 5.915827 2.868952 2.868953 2.868953 2.868953 2.868953 2.868953 2.868952 2.868953 2.868953 2.868953 2.868952 2.868953 2.868953 2.868953 2.868953 2.868953 2.868953 2.868953 2.868953 2.868953 2.868953 2.868953 2.868952 2.868953
50.0853 50.73736 53.63714 44.73587 46.5126 57.06334 57.06334 57.06334 57.06334 57.06334 57.06334 57.06334 54.20185 44.59385 44.29911 44.29911 44.29911 44.29911 44.29911 44.29911 44.29912 44.29911 44.29911 44.29912 44.29911 44.29911 44.29911 44.29911 44.29912 44.29911 44.29911 44.29911 44.29912 44.29911 28.21977 11.20764 11.20764 11.20764 11.20764 11.20764 11.20764 11.20764 11.20764 11.20764 11.20764 11.20764 11.20764 11.20764 6.026729 2.868952 2.868952 2.868952 2.868952 2.868952 2.868952 2.868952 2.868952 2.868952 2.868952 2.868952 2.868952 2.868952 2.868952 2.868952 2.868952 2.868952 2.868952 2.868952 2.868952 2.868952 2.868952 2.868952 2.868952
33.64654 33.64654 33.64654 33.68985 37.85771 41.28247 53.9574 57.06334 57.06334 57.06334 57.06334 57.06334 57.06334 56.67514 53.72515 47.44123 44.29912 44.29912 44.29912 44.29911 44.29912 44.29911 44.29912 44.29912 44.29912 44.29911 44.29912 44.29911 44.29912 44.29911 44.29912 44.29911 44.29912 44.2755 15.90651 11.20764 11.20764 11.20764 11.20764 11.20764 11.20764 11.20764 11.20764 11.20764 11.20764 11.20764 11.20764 11.20764 7.799941 2.868953 2.868953 2.868953 2.868953 2.868953 2.868953 2.868953 2.868953 2.868953 2.868953 2.868953 2.868953 2.868953 2.868953 2.868953 2.868953 2.868953 2.868953 2.868953 2.868953 2.638619 2.685241 2.868953 2.868953
34.28156 33.64657 33.64654 33.64654 33.64654 33.64654 37.956 43.22812 35.90872 37.54217 47.22746 57.05616 57.06335 57.06335 57.06335 61.38277 95.52496 71.92888 47.32697 44.29911 44.29911 44.29911 44.29911 44.29911 44.29911 44.29911 44.29911 44.29911 44.29911 44.29911 44.29911 44.29911 44.29911 42.58503 11.59171 11.20764 11.20764 11.20764 11.20764 11.20764 11.20764 11.20764 11.20764 11.20764 11.20764 11.20764 11.20764 11.20764 11.15257 4.702306 2.868952 2.868952 2.868952 2.868953 2.868952 2.868952 2.868952 2.868952 2.868952 2.868952 2.868952 2.868952 2.868952 2.868952 2.868952 2.868952 2.868952 2.868952 2.868952 1.986381 0.8545772 1.076974 1.237303
36.28193 35.74834 34.68893 33.89048 33.64653 33.64653 33.64653 33.64653 33.64653 33.64653 33.64654 41.36182 52.75055 56.43308 57.06335 97.60634 139.9226 139.9226 133.6817 93.13602 44.4528 44.29911 44.29912 44.29911 44.29911 44.29911 44.29912 44.29911 44.29911 44.29911 44.29912 48.16518 54.33944 54.0899 28.97555 11.20764 11.20764 11.40081 13.63872 17.06908 25.03524 31.2658 5.761486 4.797814 5.242807 6.391167 7.29879 7.680291 8.330448 6.869112 2.868952 2.868952 2.868952 2.868952 2.868952 2.868953 2.868952 2.868952 2.868952 2.868952 2.868952 2.868952 2.868952 2.868952 2.868952 2.868952 2.868952 2.868952 2.868952 1.76347 0.8506047 0.8506047 0.8506046
36.28193 36.28193 36.28193 36.2254 34.86436 33.64654 33.64654 33.64654 33.64654 33.64654 33.64653 33.64654 33.64654 35.41951 97.34814 139.4063 139.9226 139.9226 139.9226 139.9226 81.02139 44.29911 44.29911 44.29911 44.92305 89.83897 50.87249 44.29911 44.29911 44.29911 44.29911 44.55757 57.52048 62.33927 55.62463 14.8223 28.31028 55.70513 62.33928 62.33927 62.33928 62.33927 35.39851 2.868952 2.868952 2.868953 2.868952 2.868953 2.868952 2.868952 2.868952 2.868953 2.868952 2.868953 2.868952 2.868952 2.868952 2.868953 2.868952 2.868953 2.868952 2.868953 2.868952 2.868953 2.868952 2.868952 2.868952 2.868953 2.868952 1.564081 0.8506046 0.8506047 0.8506046
36.28193 36.28192 36.28193 36.28193 36.2773 34.92371 33.65593 33.64653 33.64653 33.64653 33.64653 33.64653 33.64653 89.85339 139.9226 139.9226 139.9226 139.9226 139.9226 139.9226 134.4237 62.69579 44.29911 49.87988 93.75605 139.9226 67.52724 44.29911 44.29911 44.29911 44.29911 44.29911 44.80727 56.11112 62.33928 61.89984 62.33928 62.33928 62.33928 62.33928 62.33928 62.33927 62.33771 25.49496 2.868952 2.868952 2.868952 2.868952 2.868952 2.868952 2.868952 2.868952 2.868952 2.868952 2.868952 2.868952 2.868952 2.868952 2.868952 2.868952 2.868952 2.868952 2.868952 2.868952 2.868952 2.868952 2.868952 2.868952 2.868952 1.360568 0.8506046 0.8506047 0.8506046
36.28193 36.28193 36.28192 36.28193 36.28192 36.28193 35.65773 34.17426 33.64653 33.64654 33.74056 33.97579 51.37732 137.9932 139.9226 139.9226 139.9226 139.9226 139.9226 139.9226 139.9226 135.1819 105.6562 133.7456 139.9226 139.9226 115.8821 51.36754 44.29911 44.29912 44.29911 44.29912 44.29912 44.53448 57.47218 62.33928 62.33928 62.33928 62.33928 62.33928 62.33928 62.33928 62.33928 55.12785 5.189672 2.868952 2.868952 2.868952 2.868952 2.868952 2.868952 2.868952 2.868952 2.868952 2.868952 2.868952 2.868952 2.868952 2.868952 2.868952 2.868952 2.868952 2.868952 2.868952 2.868952 2.868952 2.868952 2.817822 2.036822 0.9327914 0.8506047 0.8506046 0.8506047
36.28192 36.28192 36.28192 36.28192 36.28192 36.28192 36.28192 36.23579 35.01081 33.72124 34.79035 36.23293 77.89925 139.9226 139.9226 139.9226 139.9226 139.9226 139.9226 139.9226 139.9226 139.9226 139.9226 139.9226 139.9226 139.9226 139.9226 131.8108 44.29911 44.29911 44.29912 44.29911 44.29911 44.29911 48.05301 62.33928 62.33928 62.33928 62.33928 62.33928 62.33928 62.33928 62.33928 62.33928 38.23592 2.868952 2.868952 2.868952 2.868952 2.868953 2.868952 2.868952 2.868952 2.868952 2.868952 2.868953 2.868952 2.868952 2.868952 2.868953 2.868952 2.868952 2.868953 2.868952 2.868952 2.622779 1.827858 1.053124 0.8506047 0.8506046 0.8506046 0.8506047 0.8506046
