Scenarios/Heterogeneous/data/country_data_population_distribution/processed/density_grids/irn.asc
ncols 463
nrows 354
xllcorner 44
yllcorner 25
cellsize 0.041666666666667
NODATA_value -9999
[rows 192 to 223 of 354, columns 73 to 145 of 463]
0 0 0 0 0 0 0 0 0 0 0 0 0 0 0 0 0 0 0 34.71915 32.34533 32.34533 32.34533 32.34533 32.34533 32.34533 32.34533 32.34533 36.00705 60.64524 61.36176 64.76217 71.02061 74.29297 85.6121 180.3826 188.3368 189.8446 219.8067 173.5601 94.97886 94.97886 94.97886 94.97887 94.97886 94.62201 94.97886 94.97886 94.97886 94.97886 94.97886 80.08974 24.3478 24.12341 23.00248 22.13765 22.53093 23.38156 24.3637 24.3637 24.3637 24.3637 24.3637 27.11592 58.13826 58.13826 57.72387 56.65563 58.13826 58.13826 57.49844 58.13826 58.13826
0 0 0 0 0 0 0 0 0 0 0 0 0 0 0 0 0 0 0 32.34743 32.34533 32.34533 32.34533 32.34533 32.34533 32.34533 32.34533 32.34533 32.34533 129.2931 204.0423 219.4012 220.2177 220.2177 220.2177 220.2177 220.2177 220.2177 220.2177 185.2438 94.97886 94.97886 94.97887 94.97886 91.62409 72.30247 78.60846 85.98752 93.98927 94.13391 91.47339 26.73943 17.59595 17.48268 17.15553 17.15553 17.15553 17.15667 27.97623 44.32869 46.13239 47.11239 46.42487 47.4207 53.69209 55.74682 51.38313 50.68598 53.45776 53.13288 50.52509 55.43377 58.13826
0 0 0 0 0 0 0 0 0 0 0 0 0 0 0 0 0 0 24.57817 19.72307 26.71641 30.16547 32.13317 32.34533 32.34533 32.34533 32.34533 32.34533 32.34533 32.34533 49.0742 190.9154 220.2177 220.2177 220.2177 220.2177 220.2177 220.2177 220.2177 209.3592 127.2806 94.57028 93.98522 77.11478 74.81226 70.79073 70.79073 70.79074 71.27747 70.91085 70.79073 52.24358 17.15552 17.15553 17.15552 17.15552 17.15552 17.15553 17.82954 42.66543 50.39513 50.39514 50.39514 50.39514 50.39514 50.39514 50.39513 50.39514 50.39514 50.39514 50.39514 51.99385 58.13826
0 0 0 0 0 0 0 0 0 0 0 0 0 0 0 0 0 0 14.83394 14.39847 14.39846 14.39847 16.58285 29.29401 32.34533 32.34533 32.34533 32.34533 32.34533 32.34533 32.34533 59.18407 208.2525 220.2177 220.2177 220.2177 220.2177 220.2177 220.2177 196.5025 75.05409 73.099 76.57618 70.79074 70.79073 70.79073 70.79073 70.79073 70.79073 70.79073 69.11055 31.05204 17.15553 17.15553 17.15553 17.15552 17.15553 17.15552 17.15553 22.06021 44.54585 50.38229 50.39514 50.39513 50.39514 50.39513 50.39513 50.39513 50.39513 50.39513 50.39514 50.40633 56.7208
0 0 0 0 0 0 0 0 0 0 0 0 0 0 0 0 0 27.95316 14.39847 14.39847 14.39847 14.39847 14.39847 16.79261 26.35975 32.15698 32.34533 32.34533 32.34533 32.34533 32.34533 32.34533 84.0159 216.3659 220.2177 220.2177 220.2177 220.2177 220.2177 220.2177 128.1884 70.79073 70.79073 70.79073 70.79073 70.79073 70.79073 70.79073 70.79073 70.79073 50.33641 17.15552 17.15553 17.15552 17.15552 17.15552 17.15553 17.15552 17.15553 17.15552 17.15552 27.13438 47.91357 50.39513 50.39514 50.39514 50.39514 50.39514 50.39514 50.39514 50.39514 50.39514 52.46454
0 0 0 0 0 0 0 0 0 0 0 0 0 0 0 0 0 16.624 14.39847 14.39846 14.39847 14.39846 14.39847 14.39846 14.39847 17.60448 29.50541 32.34533 32.34533 32.34533 32.34533 32.34533 32.34533 96.35159 219.3812 220.2177 220.2177 220.2177 220.2177 220.2177 172.13 99.05087 70.81967 70.79074 70.79074 70.79074 70.79073 70.79074 70.79073 70.79074 63.47881 18.03606 17.15552 17.15553 17.15553 17.15553 17.15553 17.15553 17.15552 17.15553 17.15552 17.15553 21.86961 48.14107 50.39514 50.39514 50.39514 50.39514 50.39514 50.39514 50.39514 50.39514 50.39514
0 0 0 0 0 0 0 0 0 0 0 0 0 0 0 0 0 14.39846 14.39846 14.39846 14.39846 14.39846 14.39847 14.39846 14.39847 14.39846 15.2724 24.55514 27.91133 31.86753 32.34533 32.34533 67.533 186.8136 220.2177 220.2177 220.2177 220.2177 220.2177 220.2177 220.2177 217.9598 81.5587 70.79073 70.79073 70.79073 70.79073 70.79073 70.79073 70.79074 70.79073 41.17354 17.15553 17.15553 17.15553 17.15553 17.15553 17.15552 17.15553 17.15553 17.15553 17.15553 17.15553 32.29025 50.39514 50.39514 50.39514 50.39514 50.39514 50.39514 50.39514 50.39514 50.39514
0 0 0 0 0 0 0 0 0 0 0 0 0 0 0 0 32.42048 14.39847 14.39847 14.39847 14.39847 14.39847 14.39847 14.39847 14.39847 14.39847 14.39847 14.39847 14.39847 19.65533 38.51426 152.7199 219.1982 220.2177 220.2177 220.2177 220.2177 220.2177 220.2177 220.2177 212.454 146.0695 107.2211 70.79074 70.79074 70.79074 70.79074 70.79074 70.79074 70.79074 70.79074 69.87812 32.25611 17.15553 17.15553 17.15553 17.15553 24.61792 21.55301 17.18217 17.15553 17.15553 17.15553 21.78407 49.86541 50.39514 50.39514 50.39514 50.39514 50.39514 50.39514 50.39514 50.39514
0 0 0 0 0 0 0 0 0 0 0 0 0 0 0 0 14.39847 14.39847 14.39847 14.39847 14.39847 14.39847 14.39847 14.39847 14.39847 14.39847 14.39847 14.39847 14.39847 14.39847 103.1973 220.2177 220.2177 220.2177 220.2177 220.2177 220.2177 220.2177 220.2177 220.2177 219.9097 105.3584 70.79074 70.79073 70.79073 70.79073 70.79073 70.79073 70.79073 88.91339 102.9739 106.0238 130.9398 75.03957 17.15553 18.33074 31.03867 40.64964 40.66894 31.93866 24.51049 24.18431 21.64384 17.35229 41.73207 46.82013 50.39514 50.39514 50.39514 50.39514 50.39514 50.39514 50.39514
0 0 0 0 0 0 0 0 0 0 0 0 0 0 0 0 14.39847 14.39846 14.39846 14.39846 14.39846 14.39846 14.39846 14.39846 14.39846 14.39846 14.39846 14.39846 14.39846 30.81718 185.8399 220.2177 220.2177 220.2177 220.2177 220.2177 220.2177 220.2177 220.2177 220.2177 220.2177 212.1969 139.1618 133.4055 132.0947 130.7839 129.473 128.1622 143.2078 215.996 220.2177 220.2177 220.2177 166.4516 26.69951 37.01913 40.66893 40.66893 40.66893 40.66893 40.66893 40.66893 40.16652 30.66371 37.74877 45.41454 50.39513 50.39513 50.39513 50.39513 50.39513 50.39513 50.39513
0 0 0 0 0 0 0 0 0 0 0 0 0 0 0 0 14.39847 14.39847 14.39847 14.39847 14.39847 14.39846 14.39847 14.39847 57.7349 171.8624 178.379 154.7165 157.644 208.7344 220.2178 220.2177 220.2177 220.2177 220.2177 220.2177 220.2177 220.2177 220.2177 220.2177 220.2177 220.2177 220.2177 220.2177 220.2178 220.2177 220.2177 220.2177 220.2177 220.2177 220.2177 220.2178 220.2177 159.1354 41.56709 40.66894 40.66893 40.66894 40.66893 40.66894 40.66894 40.66894 40.66894 40.66894 40.66894 40.68945 48.53454 50.39514 50.39513 50.39514 50.39514 50.39514 50.39514
0 0 0 0 0 0 0 0 0 0 0 0 0 0 0 0 14.39847 14.39847 14.39847 14.39847 14.39847 14.39847 14.39847 14.39847 156.0542 220.2177 220.2177 220.2177 220.2177 220.2177 220.2177 220.2177 220.2177 220.2177 220.2177 220.2177 220.2177 220.2177 220.2177 220.2177 220.2177 220.2177 220.2177 220.2177 220.2177 220.2177 220.2177 220.2177 220.2177 220.2177 220.2177 220.2177 220.2177 208.8722 49.10004 40.66893 40.66893 40.66893 40.66893 40.66893 40.66893 40.66893 40.66893 40.66893 40.66893 40.66893 41.35413 48.39992 50.39514 50.39513 48.91504 47.96621 46.65351
0 0 0 0 0 0 0 0 0 0 0 0 0 0 0 0 14.39847 14.39847 14.39847 14.39847 14.39847 14.39847 14.39847 14.39847 200.1022 220.2177 220.2177 220.2177 220.2177 220.2177 220.2177 220.2177 220.2177 220.2177 220.2177 220.2177 220.2177 220.2177 220.2177 220.2177 220.2177 220.2177 220.2177 220.2177 220.2177 220.2177 220.2177 220.2177 220.2177 220.2177 220.2177 220.2177 220.2177 128.8425 38.04445 37.98911 35.92294 40.43053 40.66894 40.66893 40.66894 40.66893 40.66894 40.66894 40.66894 40.66894 40.66894 43.22293 48.00983 45.86241 29.5756 29.33655 29.33655
0 0 0 0 0 0 0 0 0 0 0 0 0 0 0 0 14.39847 14.39847 14.39847 14.39847 14.39847 14.39847 14.39847 36.6033 220.2125 220.2177 220.2177 220.2177 220.2177 220.2177 220.2177 220.2177 220.2177 220.2177 220.2177 220.2177 220.2177 220.2177 220.2177 220.2177 220.2177 220.2177 220.2177 220.2177 220.2177 220.2177 220.2177 220.2177 220.2177 220.2177 220.2177 220.2177 220.2177 48.24559 28.39582 28.39575 28.39575 32.70979 40.3015 40.66893 40.66893 40.66893 40.66893 40.66893 40.66893 40.66893 40.66893 40.66893 40.66893 39.82373 29.72276 29.33655 29.33655
0 0 0 0 0 0 0 0 0 0 0 0 0 0 0 0 14.39847 14.39847 14.39847 14.39847 14.39847 14.39846 14.39847 66.2725 220.2177 220.2177 220.2177 220.2177 220.2177 220.2177 220.2177 220.2177 220.2177 220.2177 220.2177 220.2177 220.2177 220.2177 220.2177 220.2177 220.2177 220.2177 220.2177 220.2177 220.2177 220.2177 220.2177 220.2177 220.2177 220.2177 220.2177 220.2177 220.2177 124.7668 28.47315 28.39575 28.39574 28.39575 32.2823 40.66751 40.66893 40.66893 40.66893 40.66893 40.66893 40.66893 40.66893 40.66893 40.66893 40.66893 34.16699 29.33655 29.33655
0 0 0 0 0 0 0 0 0 0 0 0 0 0 0 0 14.39847 14.39847 14.39847 14.39847 14.39847 14.39847 14.39847 72.18275 220.2177 220.2177 220.2177 220.2177 220.2177 220.2177 220.2177 220.2177 220.2177 220.2177 220.2177 220.2177 220.2177 220.2177 220.2177 220.2177 220.2177 220.2177 220.2177 220.2177 220.2177 220.2177 220.2177 220.2177 220.2177 220.2177 220.2177 220.2177 220.2177 220.2177 82.17374 28.39575 28.39575 28.39575 28.39575 38.14368 40.68648 40.66894 40.66894 40.66894 40.66894 40.66894 40.66894 40.66894 40.66894 40.66894 36.55077 29.33655 29.33655
0 0 0 0 0 0 0 0 0 0 0 0 0 0 0 0 14.39847 14.39846 14.39847 14.39847 14.39847 14.39846 14.39847 57.58471 220.2177 220.2177 220.2177 220.2177 220.2177 220.2177 220.2177 220.2177 220.2177 220.2177 220.2177 220.2177 220.2177 220.2177 220.2177 220.2177 220.2177 220.2177 220.2177 220.2177 220.2177 220.2177 220.2177 220.2177 220.2177 220.2177 220.2177 220.2177 220.2177 185.2791 31.36594 28.39575 28.39575 28.39575 28.39575 34.20784 43.21356 42.67324 42.45409 40.89902 40.66893 40.66893 40.66893 40.87563 40.66893 40.66893 36.74088 29.33655 29.33655
0 0 0 0 0 0 0 0 0 0 0 0 0 0 0 0 14.39847 14.39847 14.39847 14.39847 14.39847 14.39847 14.39847 37.60772 220.2177 220.2177 220.2177 220.2177 220.2177 220.2177 220.2177 220.2177 220.2177 220.2177 220.2177 220.2177 220.2177 220.2177 220.2177 220.2177 220.2177 220.2177 220.2177 220.2177 220.2177 220.2177 220.2177 220.2177 220.2177 220.2177 220.2177 220.2177 197.9094 49.16551 28.39575 28.39575 28.39575 28.39575 28.39575 30.82353 43.36311 43.36311 43.36311 43.03562 41.42794 40.74462 41.01126 43.34993 42.09237 40.50734 32.65303 29.33655 29.33655
0 0 0 0 0 0 0 0 0 0 0 0 0 0 0 0 0 0 0 0 0 0 0 0 153.9572 153.8006 156.454 181.1886 193.4942 211.7704 220.2177 187.3912 128.2552 164.333 195.4478 220.0572 220.2177 220.2177 220.2177 220.2177 220.2177 220.2177 220.2177 220.2177 220.2177 220.2177 220.2177 220.2177 220.2177 220.2177 220.2177 219.4654 82.03532 28.39575 28.39575 28.39575 28.39575 28.39575 28.39575 29.27365 40.6436 43.36311 43.36311 43.36311 43.36311 41.84226 41.80097 43.36311 38.51205 31.17282 29.33655 29.33655 29.33655
0 0 0 0 0 0 0 0 0 0 0 0 0 0 0 0 0 0 0 0 0 0 0 0 93.3727 93.3727 93.3727 93.3727 93.3727 93.81969 111.3873 80.63335 53.32224 51.90468 51.90469 93.38034 150.6349 173.66 201.5494 210.3724 94.40881 109.3827 153.818 220.2177 220.2177 220.2177 220.2177 220.2177 220.2177 218.7326 216.7673 129.1981 28.39575 28.39575 28.39575 28.39575 28.39575 28.39575 28.39574 28.39575 30.4824 42.33425 43.36311 43.36311 43.36312 43.36282 43.00057 43.36311 40.07355 33.27902 29.33655 29.33655 29.33655
0 0 0 0 0 0 0 0 0 0 0 0 0 0 0 0 0 0 0 0 0 0 0 0 93.3727 93.3727 93.3727 93.3727 93.3727 93.3727 93.3727 90.13902 78.92458 62.44915 51.90468 51.90468 51.90468 51.90468 52.9015 60.61994 51.90468 51.90468 51.90531 115.0187 155.0063 138.7009 139.3149 211.0952 209.3868 207.8813 207.8813 89.47595 81.08885 122.6619 28.39575 28.39575 28.39575 28.39575 28.39575 28.39575 28.39575 32.02845 43.13576 43.36311 43.36311 43.36311 43.36311 43.36311 43.36311 41.48463 29.33655 29.33655 29.33655
0 0 0 0 0 0 0 0 0 0 0 0 0 0 0 0 0 0 0 0 0 0 0 0 93.3727 93.3727 93.3727 93.3727 93.3727 93.3727 93.3727 93.3727 92.66505 70.55422 55.70288 51.90468 51.90468 51.90468 51.90469 51.90468 51.90469 51.90468 51.90468 51.90468 51.90468 51.90469 53.53378 202.4958 207.8813 207.8813 207.8813 207.8813 207.8813 204.3926 45.87939 28.39575 28.39575 28.39575 28.39575 28.39575 28.39575 35.47473 43.34134 43.36311 43.36311 43.36311 43.36311 43.36311 43.36311 43.3396 39.76271 41.97162 30.58076
0 0 0 0 0 0 0 0 0 0 0 0 0 0 0 0 0 0 0 0 0 0 0 0 93.3727 93.3727 93.3727 93.3727 93.3727 93.3727 93.3727 93.3727 93.3727 79.3616 53.09899 51.90469 51.90468 51.90469 51.90468 51.90469 51.90468 51.90468 51.90468 51.90469 51.90468 51.90468 99.9457 207.8813 207.8813 207.8813 207.8813 207.8813 207.8813 197.9921 88.20607 28.39575 28.39575 28.39575 28.39575 28.39575 32.88524 42.98161 43.36311 43.36312 43.36311 43.36312 43.36311 43.36312 43.36311 43.36312 44.72902 62.56141 62.7879
0 0 0 0 0 0 0 0 0 0 0 0 0 0 0 0 0 0 0 0 0 0 0 0 93.3727 93.3727 93.3727 93.3727 93.3727 93.3727 93.3727 93.3727 93.3727 66.15012 51.90468 51.90468 51.90468 51.90468 51.90468 51.90468 51.90468 51.90468 51.90468 51.90468 51.90468 51.90468 177.0327 207.8813 207.8813 207.8813 207.8813 207.8813 207.8813 105.5886 28.71831 28.39575 28.39575 28.39575 28.39575 32.71379 42.78238 43.36311 43.36311 43.36311 43.36311 43.36311 43.36311 43.51437 43.38403 43.36311 55.78223 63.68781 63.68782
0 0 0 0 0 0 0 0 0 0 0 0 0 0 0 0 0 0 0 0 0 0 0 0 93.3727 93.3727 93.3727 93.3727 93.3727 93.37271 93.3727 93.34531 74.99686 52.42594 51.90468 51.90469 51.90468 51.90469 51.90468 51.90468 51.90468 51.90469 51.90468 51.90468 51.90468 60.81985 206.1842 207.8814 207.8813 207.8814 207.8813 207.8813 207.8813 101.0738 28.39575 28.39575 28.39575 28.39575 28.62181 41.91532 43.36311 43.36311 43.36311 43.36311 43.36311 43.36311 47.27147 59.30643 51.62939 43.72271 62.49296 63.68781 63.68782
0 0 0 0 0 0 0 0 0 0 0 0 0 0 0 0 0 0 0 0 0 0 0 0 93.3727 93.3727 93.3727 93.3727 93.3727 93.3727 93.08138 66.98158 51.90468 51.90469 51.90469 51.90469 51.90469 51.90469 51.90469 51.90469 51.90469 51.90469 51.90469 51.90469 51.90469 94.8166 207.8813 207.8813 207.8813 207.8813 207.8814 207.8813 207.8814 130.7222 28.39575 28.39575 29.80743 35.16244 39.55 43.36311 43.36311 43.36311 43.36312 43.36311 43.36311 43.36311 61.623 63.68782 63.3524 55.6654 63.68781 63.68782 63.68782
0 0 0 0 0 0 0 0 0 0 0 0 0 0 0 0 0 0 0 0 0 0 0 0 93.3727 93.3727 93.3727 93.3727 93.3727 93.3727 87.78101 53.02934 51.90468 51.90468 51.90468 51.90468 51.90468 51.90468 51.90468 51.90468 51.90468 51.90468 51.90468 51.90468 51.90468 157.2215 207.8813 207.8813 207.8813 207.8813 207.8813 207.8813 207.8813 177.6326 90.8662 92.48445 43.14268 43.36311 43.36311 43.36311 43.36311 43.36311 43.36311 43.36311 43.36311 43.36311 47.83102 61.09919 63.68782 63.68781 63.68782 63.68782 63.68781
0 0 0 0 0 0 0 0 0 0 0 0 0 0 0 0 0 0 0 0 0 0 0 0 93.37271 93.3727 93.3727 93.3727 93.3727 93.37271 92.07937 67.95531 51.90468 51.90469 51.90468 51.90469 51.90468 51.90468 51.90468 51.90469 51.90468 51.90469 51.90468 51.90469 51.90468 137.5245 207.8814 207.8814 207.8813 207.8814 207.8813 207.8814 207.8814 207.8814 207.8813 108.8224 43.36311 41.6909 35.99742 31.90183 31.92839 32.12288 33.05602 35.26165 38.50824 43.36306 43.36311 44.38 48.81905 51.81133 55.49162 59.25959 63.52826
0 0 0 0 0 0 0 0 0 0 0 0 0 0 0 0 0 0 0 0 0 0 0 0 93.3727 93.3727 93.3727 93.3727 93.3727 93.3727 93.3727 87.05167 51.90468 51.90468 51.90468 51.90468 51.90468 51.90468 51.90469 51.90468 51.90468 51.90468 51.90468 51.90468 51.90468 52.14476 151.0953 207.8813 207.8813 207.8813 207.8813 207.8813 207.8813 207.8813 172.3845 23.24832 14.42576 9.760353 9.58273 9.58273 9.58273 9.58273 9.58273 9.58273 9.58273 16.38955 40.19027 43.36311 43.36311 43.36311 43.36311 43.36311 49.39627
0 0 0 0 0 0 0 0 0 0 0 0 0 0 0 0 0 0 0 0 0 0 0 0 93.3727 93.3727 93.3727 93.3727 93.3727 93.3727 93.3727 94.08902 61.57048 51.90468 51.90468 51.90468 51.90468 51.90468 51.90468 51.90468 51.90468 51.90468 51.90468 51.90468 51.90468 51.90468 68.87306 205.5466 207.8813 207.8813 207.8813 207.8813 207.8813 207.8813 81.23531 9.58273 9.58273 9.58273 9.582729 9.58273 9.58273 9.58273 9.58273 9.58273 9.582729 9.58273 19.09689 43.36311 43.36311 45.17799 43.36311 43.36311 43.36311
0 0 0 0 0 0 0 0 0 0 0 0 0 0 0 0 0 0 0 0 0 0 0 0 107.752 93.3727 93.3727 93.3727 93.3727 93.52392 105.1716 111.9335 87.27873 51.90468 51.90468 51.90468 51.90468 51.90468 51.90468 51.90468 51.90468 51.90468 51.90468 51.90468 51.90468 51.90468 51.90468 185.7922 207.8813 207.8813 207.8813 207.8813 207.8813 181.8777 15.67894 9.582729 9.58273 9.582729 9.58273 9.582729 9.582729 9.582729 9.582729 9.582729 9.58273 9.582729 9.587033 34.12728 47.71807 62.10283 56.10679 48.07787 48.14515
0 0 0 0 0 0 0 0 0 0 0 0 0 0 0 0 0 0 0 0 0 0 0 0 0 0 0 93.97185 93.3727 101.1561 112.5781 112.5781 109.8105 56.49583 51.90468 51.90468 51.90468 51.90469 51.90468 51.90469 51.90468 51.90469 51.90468 51.90469 51.90468 51.90469 51.90468 62.50477 189.3876 207.8814 206.8977 207.8813 130.5319 75.88828 9.58273 9.582731 9.58273 9.58273 9.58273 9.582731 9.58273 9.582731 9.58273 9.58273 9.58273 9.58273 9.58273 10.60157 52.34716 63.68782 63.68782 63.68781 63.68782
