Scenarios/Heterogeneous/data/country_data_population_distribution/processed/density_grids/irn.asc
ncols 463
nrows 354
xllcorner 44
yllcorner 25
cellsize 0.041666666666667
NODATA_value -9999
[rows 64 to 95 of 354, columns 73 to 145 of 463]
10.04076 10.04076 10.04076 10.04076 10.04076 10.04076 10.04076 10.04076 10.04076 10.04076 10.04076 35.81153 39.22874 22.27836 77.43851 84.62982 82.5564 80.27206 84.62983 84.62983 84.62983 84.62982 84.62983 84.62982 84.62983 84.62983 84.62983 84.62983 84.62983 84.62983 84.62982 84.62983 84.62983 84.62983 84.49743 41.73152 24.44348 24.44348 24.44348 24.44348 24.44348 24.44348 24.44348 24.44348 24.44348 24.44348 24.44348 34.57114 74.59308 86.27207 86.27207 86.27161 85.16338 82.5827 81.73469 81.7347 81.73469 81.7347 81.7347 65.16902 441.0209 807.5721 854.7903 369.9016 41.44235 47.81891 47.81891 47.81891 47.81891 141.4859 311.0277 311.0277 311.0277
10.04076 10.04076 10.04076 10.04076 10.04076 10.04076 10.04076 10.04076 10.04076 10.04076 11.45347 68.20135 84.62982 83.42133 84.62982 84.62983 84.62982 84.62983 84.62983 84.62983 84.62982 84.62983 84.62982 84.62983 84.62983 84.62983 84.62982 84.62983 84.62983 84.62982 84.62983 84.62982 84.62983 84.62982 66.04328 24.44348 24.44348 24.44348 24.44348 24.44348 24.44348 24.44348 24.44348 24.44348 24.44348 24.44348 24.44348 24.44348 32.08181 82.06282 84.11333 82.52343 81.7347 81.7347 81.7347 81.7347 81.7347 75.52708 50.54565 37.36984 37.30242 110.3282 185.6871 37.30241 37.9436 47.55186 47.81891 47.81891 47.81891 168.6155 311.0277 311.0277 310.6399
10.04076 10.04076 10.04076 10.04076 10.04076 10.04076 10.04076 10.04076 10.04076 24.47777 71.85516 84.62983 84.62983 84.62982 84.62983 84.62983 84.62983 84.62983 84.62983 84.62982 84.62983 84.62983 84.62983 84.62983 84.62983 84.62982 84.62983 84.62983 84.62983 84.62983 84.62983 84.62983 84.62982 84.62983 63.65902 24.44348 24.44348 24.44348 24.44348 24.44348 24.44348 24.44348 24.44348 24.44348 24.44348 24.44348 24.44348 24.44348 24.44348 35.00312 65.51022 74.58396 76.85342 75.51967 72.00344 65.35034 51.70298 38.67159 37.30241 37.30241 37.30242 37.30241 37.30241 37.30241 39.73429 47.67481 47.81891 47.81891 47.81891 57.88764 81.8677 264.1861 204.252
10.04076 10.04076 10.04076 10.04076 10.04076 10.04076 10.04076 10.65431 11.84356 28.52289 65.5792 77.18352 53.9808 48.46449 76.82361 84.62983 84.62983 84.62983 84.62983 84.62982 84.62983 84.62983 84.62983 84.62983 84.62982 84.62982 84.62983 84.62983 84.62983 84.62982 84.62983 84.62983 84.62983 84.62983 81.54141 67.00198 45.9796 37.87383 27.86045 24.44348 24.44348 24.44348 24.44348 24.44348 24.44348 24.44348 24.44348 24.44348 24.44348 24.44348 28.69927 37.14686 37.30242 37.30242 37.30242 37.30242 37.30242 37.30242 37.30242 37.30242 37.30242 37.30242 37.30242 37.30242 44.11337 47.81891 47.81891 47.81891 47.81891 47.81891 47.81892 67.32059 98.65054
10.04076 10.04076 10.04076 10.04076 10.04076 10.0664 11.63407 12.61002 12.61802 12.61802 12.61802 12.61802 12.61802 12.61802 38.41952 84.13132 84.62983 84.62983 84.62983 84.62983 84.62983 84.62983 84.62983 84.62983 84.62983 84.62983 84.62983 84.62983 84.62983 84.62983 84.62983 84.62983 84.62983 84.62982 84.62983 84.62983 84.62983 84.62983 81.80206 50.69323 24.44348 24.44348 24.44348 24.44348 24.44348 24.44348 24.44348 24.44348 24.44348 24.44348 24.44348 25.42902 35.03161 37.30241 37.30241 37.30241 37.30241 37.30241 37.30242 37.30241 37.30241 37.30241 37.30241 37.30241 37.35202 40.70617 47.78919 47.81891 47.81892 47.81891 47.81892 72.28764 98.65054
10.04076 10.04076 10.04661 10.04076 10.27601 12.32472 12.61802 12.61802 12.61802 12.61802 12.61802 12.61802 12.61802 12.61802 12.61802 49.2662 84.62982 84.62982 84.62983 84.62982 84.62983 84.62982 84.62983 84.62982 84.62983 84.62982 84.62983 84.62982 84.62982 84.62983 84.62982 84.62983 84.62982 84.62983 84.62982 84.62983 84.62982 84.62983 84.62982 84.60944 65.93269 65.84737 39.79245 24.44348 24.44348 24.44348 24.44348 24.44348 24.44348 24.44348 24.44348 24.44348 28.73063 37.09114 37.30241 37.30242 37.30241 37.30242 37.30241 37.30242 37.30241 37.30242 37.30241 37.30242 37.30241 37.30242 41.29866 46.57964 47.81891 47.81891 47.81891 68.05836 98.43701
21.5317 30.5138 25.99988 10.77416 12.21847 12.61802 12.61802 12.61802 12.61802 12.61802 12.61802 12.61802 12.61802 12.61802 12.61802 60.63739 84.62982 84.62982 84.62982 84.62982 84.62982 84.62982 84.62982 84.62982 84.62983 84.62982 84.62982 84.62982 84.62982 84.62982 84.62982 84.62982 84.62982 84.62982 84.62982 84.62982 84.62982 84.62982 84.62982 84.62982 84.62982 84.62982 46.37289 24.44348 24.44348 24.44348 24.44348 24.44348 24.44348 24.44348 24.44348 24.44348 24.44348 27.61206 35.91493 37.30241 37.30241 37.30241 37.30242 37.30241 37.30241 37.30241 37.30241 37.30241 37.30242 37.30241 37.30241 38.29802 46.7334 45.98371 47.81891 47.81891 71.50184
32.76109 32.76109 32.76109 23.27786 12.61802 12.61802 12.61802 12.61802 12.61802 12.61802 12.61802 12.61802 12.61802 12.61802 12.61802 17.23371 32.56777 75.75127 84.62983 84.62982 84.62983 84.62982 84.62983 84.62982 84.62983 84.62982 84.62983 84.62982 84.62982 84.62983 84.62982 84.62983 84.62982 84.62983 84.62982 84.62983 84.62982 84.62983 84.62982 84.62983 84.62982 84.62983 81.90756 60.30772 40.78267 24.44348 24.44348 24.44348 24.44348 47.21178 51.52103 31.29802 27.45339 39.62119 41.6114 37.28006 37.30241 37.30242 37.30241 37.30242 37.30241 37.30242 37.30241 37.30242 37.30241 37.30242 37.30241 37.30242 37.30241 38.13298 47.57314 47.81891 47.81891
32.7611 32.7611 32.76109 32.17516 19.77029 12.62785 12.61802 12.61802 12.61802 12.61802 12.61802 12.61802 12.61802 12.61802 12.61802 12.61802 12.61802 25.14051 46.30424 77.53033 84.62983 84.62983 84.62983 84.62983 84.62983 84.62983 84.62983 84.62983 84.62983 84.62983 84.62983 84.62983 84.62983 84.62983 84.62983 84.62983 84.62983 84.62983 84.62983 84.62983 84.62983 84.62983 84.62983 84.62983 77.02101 24.44348 24.44348 24.44348 48.31066 112.8911 113.6861 109.1592 111.203 113.6861 113.638 97.00425 37.30241 37.30242 37.30242 37.30242 37.30242 37.30242 37.30242 37.30242 37.30242 37.30242 37.30242 37.30242 37.30242 37.30242 41.59029 47.58331 47.81891
32.7611 32.7611 32.76109 32.7611 32.76109 28.62983 13.34943 12.61802 12.61802 12.61802 12.61802 12.61802 12.61802 12.61802 12.61802 12.61802 12.61802 12.61802 12.61802 40.59444 84.62983 84.62983 84.61765 84.62983 84.62982 84.62982 84.62983 84.62983 84.62983 84.62982 84.62983 84.62983 84.62983 84.62983 84.62983 84.62982 84.62983 84.62983 84.62983 84.62983 84.62983 84.62983 84.62983 84.6102 69.28935 42.73333 59.69627 46.25764 90.47124 113.6861 113.6861 113.6861 113.6861 113.6861 113.6861 113.6861 78.30421 38.06067 37.30241 37.30241 37.30242 37.30241 37.30242 37.30241 37.30241 37.30241 37.30242 37.30241 37.30242 37.30241 37.30241 38.65948 41.07736
32.76109 32.76109 32.76109 32.76109 32.76109 32.76109 20.0134 12.61802 12.61802 12.61802 12.61802 12.61802 12.61802 12.61802 12.61802 12.61802 12.61802 12.61802 12.61802 17.68688 41.3251 31.7282 70.7885 84.62982 84.62982 84.62982 84.62983 84.62982 84.62982 84.62982 84.62982 84.62982 84.62982 84.62982 84.62982 84.62982 84.62982 84.62982 84.62982 84.62982 84.62982 84.62982 84.62982 73.8925 64.00269 64.00269 64.00269 90.21519 113.6861 113.6861 113.6861 113.6861 113.6861 113.6861 113.6861 113.6861 113.6861 98.85242 38.94593 37.30242 37.30242 37.30242 37.30242 37.30241 37.30242 37.30242 37.30242 37.30242 37.30242 37.30242 37.30242 37.30242 37.30242
32.76109 32.76109 32.76109 32.76109 32.76109 32.76109 30.90373 12.76415 12.61802 12.61802 12.61802 12.61802 12.61802 12.61802 12.61802 12.61802 12.61802 12.61802 12.61802 12.61802 12.61802 19.60917 74.77719 84.62983 84.62983 84.62983 84.62982 84.62983 84.62983 84.62982 84.62983 84.62983 84.62983 84.62983 84.62983 84.62983 84.62983 84.62982 84.62983 84.62983 84.62983 84.35223 75.95856 64.11643 64.0027 64.0027 70.34623 111.6512 113.6861 113.6861 113.6861 113.6861 113.6861 113.6861 113.6861 113.6861 113.6861 113.6861 90.62064 74.67517 79.10999 79.12894 61.56691 38.32954 37.30242 37.30242 37.30242 37.30242 37.30242 53.2697 64.62453 80.67752 86.37226
32.76109 32.76109 32.76109 32.76109 32.76109 32.76109 32.76109 13.56912 12.61802 12.61802 12.61802 12.61802 12.61802 12.61802 12.61802 12.61802 12.61802 12.61802 12.61802 12.61802 12.61802 51.51811 84.62982 84.62983 84.62982 84.62983 84.62982 84.62982 67.08917 52.69934 56.87339 81.3974 84.62983 84.62982 84.62982 84.62982 84.62983 84.62982 84.62983 84.41428 76.53701 66.72289 64.0027 64.0027 64.0027 64.0027 92.7637 113.6861 113.6861 113.6861 113.6861 113.6861 113.6861 113.6861 113.6861 113.6861 113.6861 113.6861 113.6861 113.6861 113.6861 113.6861 113.6861 108.4228 92.0248 76.89428 79.82531 95.62599 107.8469 106.5748 113.6861 113.6861 113.6861
32.76109 32.7611 32.76109 32.76109 32.76109 32.76109 32.7611 20.03788 12.61802 12.61802 12.61802 12.61802 12.61802 12.61802 12.61802 12.61802 12.61802 12.61802 12.61802 12.61802 12.61802 31.70152 84.62983 84.62983 84.62983 84.62983 84.62983 57.49331 22.55341 22.0585 22.0585 48.49169 62.14997 70.20963 81.71404 84.62983 84.62983 83.11697 78.7788 69.25223 64.0027 64.0027 64.0027 64.0027 64.0027 64.0027 66.43331 90.7805 112.5141 113.6861 113.6861 113.6861 113.6861 113.6861 113.6861 113.6861 113.6861 113.6861 113.6861 113.6861 113.6861 113.6861 113.6861 113.6861 113.6861 113.6861 113.6861 113.6861 113.6861 113.6861 113.6861 113.6861 113.6861
32.76109 32.76109 32.76109 32.76109 32.76109 32.76109 32.76109 23.75039 12.61802 12.61802 12.61802 12.61802 12.61802 12.61802 12.61802 12.61802 12.61802 12.61802 12.61802 12.61802 13.63365 23.24738 56.03001 57.40998 76.7372 70.09624 52.27508 37.30584 22.0585 22.0585 22.0585 22.0585 22.0585 22.0585 22.64124 43.98322 72.14878 64.38271 64.00269 64.00269 64.00269 64.00269 64.00269 64.00269 64.00269 64.00269 64.00269 64.00269 75.75874 112.942 113.6861 113.6861 113.6861 113.6861 113.6861 113.6861 113.6861 113.6861 113.6861 113.6861 113.6861 113.6861 113.6861 113.6861 113.6861 113.6861 113.6861 113.6861 113.6861 113.6861 113.6861 113.6861 113.6861
32.7611 32.7611 32.7611 32.7611 32.7611 32.7611 32.7611 30.34723 12.91568 12.70617 13.14705 13.02749 12.68512 12.61802 12.61802 12.61802 12.61802 12.61802 12.61802 12.61802 17.61856 22.0585 22.0585 22.0585 28.39708 22.41733 22.0585 22.0585 22.0585 22.0585 22.0585 22.0585 22.0585 22.0585 22.0585 22.0585 30.22102 62.02936 64.00269 64.0027 64.0027 64.0027 64.00269 64.0027 64.0027 64.00269 64.0027 64.0027 64.0027 86.83907 128.2903 125.8949 114.0701 113.6861 113.6861 113.6861 113.6861 113.6861 113.6861 113.6861 113.6861 113.6861 113.6861 113.6861 113.6861 113.6861 113.6861 113.6861 113.6861 113.6861 113.6861 113.6861 113.6861
32.76109 32.76109 32.76109 32.76109 32.76109 32.76109 32.76109 30.31729 14.56806 14.50194 14.66727 14.66727 14.59289 13.71491 13.05895 12.78509 12.7987 12.62081 12.61802 12.8315 21.79284 22.0585 22.0585 22.0585 22.0585 22.0585 22.0585 22.0585 22.0585 22.0585 22.0585 22.0585 22.0585 22.0585 22.0585 23.6697 30.65693 36.10906 59.61874 64.00269 64.0027 64.00269 64.0027 64.0027 64.0027 64.0027 64.0027 64.00269 64.0027 64.00269 123.8105 162.7504 155.275 133.6425 106.118 109.0015 113.6861 113.6861 113.6861 113.6861 113.6861 113.6861 113.6861 113.6861 113.6861 113.6861 113.6861 113.6861 113.6861 113.6861 113.6861 113.6861 113.6861
32.76109 32.76109 32.76109 32.76109 32.76109 32.76109 32.76109 32.34977 17.3929 14.66727 14.66727 14.66727 14.66727 14.66727 14.66727 14.66727 14.66727 14.57125 13.55078 12.77518 18.46862 22.0585 22.0585 22.0585 22.0585 22.0585 22.0585 22.0585 22.0585 22.0585 22.0585 22.0585 22.0585 24.96389 30.38861 34.4963 34.75738 34.75737 34.98526 44.81241 59.33007 64.0027 64.0027 64.0027 64.0027 64.0027 64.0027 64.0027 64.0027 64.0027 69.97994 162.1395 162.7504 151.5094 70.69582 86.14738 113.1605 113.6861 107.3222 84.37223 108.6048 113.6861 113.6861 113.6861 113.6861 113.6861 113.6861 113.6861 113.6861 113.6861 113.6861 113.6861 113.6861
32.5695 32.76109 32.76109 32.76109 32.76109 32.76109 32.76109 30.64316 17.1052 14.66727 14.66727 14.66727 14.66727 14.66727 14.66727 14.66727 14.66727 14.66727 14.66727 14.60792 15.20407 19.0386 22.0585 22.0585 22.0585 22.0585 22.0585 22.0585 22.0585 22.0585 22.0585 22.97548 30.47781 34.75145 34.75738 34.75738 34.75738 34.75738 34.75738 34.75738 34.8927 41.00016 54.65974 64.00269 64.00269 64.0027 64.0027 64.00269 64.0027 65.84511 124.5262 162.7504 157.8265 73.30624 64.0027 64.0027 67.68046 74.49921 73.43776 66.10464 71.08236 90.87989 102.6708 106.5111 110.7444 113.6861 113.6861 113.6861 113.6861 113.6861 113.6861 113.6861 113.6861
24.55511 31.04772 32.63889 32.76109 32.76109 32.76109 31.04084 18.12398 14.66727 14.66727 14.66727 14.66727 14.66727 14.66727 14.66727 14.66727 14.66727 14.66727 14.66727 14.66727 14.66727 16.36334 22.0585 22.0585 22.0585 22.0585 22.0585 22.0585 22.0585 22.0585 22.0585 29.55185 34.75738 34.75737 34.75738 34.75737 34.75738 34.75737 34.75738 34.75737 34.75738 34.75737 40.83511 63.98758 60.24053 63.09748 64.00269 71.74799 97.19425 99.14734 114.6271 162.7504 162.6962 89.95776 64.00269 64.00269 65.02752 66.10464 66.10464 66.10464 66.10464 66.10464 66.10464 66.10464 75.23077 81.37435 89.17468 113.6861 113.6861 113.6861 113.6861 113.6861 113.6861
20.36033 17.89533 17.03819 18.02995 17.17234 16.2969 14.95721 14.66727 14.66727 14.66727 14.66727 14.66727 14.66727 14.66727 14.66727 14.66727 14.66727 14.66727 14.66727 14.66727 14.66727 15.93134 22.03449 22.0585 22.0585 22.0585 22.0585 22.0585 22.0585 22.0585 23.94268 33.68997 34.75738 34.75737 34.75737 34.75737 34.75738 34.75737 34.75738 34.75737 34.75737 34.75737 34.75738 35.93849 34.75737 70.99068 145.3696 159.8111 162.7504 147.817 130.9369 162.7504 162.7504 112.2475 64.00269 64.00269 64.23028 66.07569 66.10464 66.10464 66.10464 66.10464 66.10464 66.10464 66.10464 66.10464 68.58294 86.15775 109.2751 113.6861 298.132 376.8078 393.1461
20.37689 20.37689 20.35171 18.6816 15.77692 14.66727 14.66727 14.66727 14.66727 14.66727 14.66727 14.66727 14.66727 14.66727 14.66727 14.66727 14.66727 14.66727 14.66727 14.66727 14.66727 14.66727 19.6235 22.0585 22.0585 22.0585 22.0585 22.0585 22.0585 22.0585 32.31918 34.75738 34.75738 34.75738 34.75738 34.75738 34.75738 34.75738 34.75738 34.75738 34.75738 34.75738 34.75738 34.75738 34.75738 52.95918 144.6307 158.8979 161.5509 162.7504 159.9356 142.3224 130.6326 71.9418 64.0027 64.00269 64.0027 65.44617 66.10464 66.10464 66.10464 66.10464 66.10464 66.10464 66.10464 66.10465 66.10464 67.99857 110.7608 184.0222 691.1501 718.0765 718.0765
20.3769 20.3769 20.3769 20.3769 20.05668 15.00284 14.71219 14.66727 14.66727 14.66727 14.66727 14.66727 14.66727 14.66727 14.66727 14.66727 14.66727 14.66727 14.66727 14.66727 14.66727 14.66727 18.04424 30.45321 30.54975 24.99008 22.0585 22.0585 22.0585 22.0585 33.79537 34.75738 34.75738 34.75738 34.75738 34.75738 34.75738 34.75738 34.75738 34.75738 34.75738 34.75738 34.75738 34.75738 35.00508 61.39554 64.0027 64.0027 64.29116 69.41461 79.23624 64.0027 64.0027 64.0027 64.0027 64.0027 64.13927 66.02939 66.10464 66.10464 66.10464 66.10464 66.10464 66.10464 66.10464 61.35903 38.25249 32.04055 50.35256 311.6985 702.6352 718.0765 635.258
20.3769 20.3769 20.3769 20.37689 20.3769 20.37667 20.29126 19.12525 17.8472 16.69151 15.66112 14.66727 14.66727 14.66727 14.66727 14.66727 14.66727 14.66727 14.66727 14.66727 14.66727 14.66727 26.21133 34.75738 34.75738 34.60762 30.17963 22.79148 25.50019 26.00741 34.28085 34.75738 34.75738 34.75738 34.75738 34.75738 34.75738 34.75738 34.75738 34.75738 34.75738 34.75738 34.75738 34.75738 34.75738 44.92778 64.0027 64.0027 64.0027 64.0027 64.0027 64.0027 64.0027 64.0027 64.0027 64.00269 64.11564 66.10464 66.10464 66.10464 66.10464 66.10464 66.10464 66.10464 66.10464 49.49247 31.88998 31.88998 31.88998 31.88998 120.287 383.7241 501.1876
20.3769 20.3769 20.3769 20.3769 20.3769 20.3769 20.3769 20.3769 20.3769 20.06623 16.60411 14.66727 14.66727 14.66727 14.66727 14.66727 14.66727 14.66727 14.66727 14.66727 14.66727 15.48625 32.77656 34.75738 34.75738 34.75738 34.75738 34.32529 34.75738 34.75738 34.75738 34.75738 34.75738 34.75738 34.75738 34.75738 34.75738 34.75738 34.75738 34.75738 34.75738 34.75738 34.75738 34.75738 34.75738 43.77161 64.00269 64.00269 64.00269 64.00269 64.00269 64.00269 64.00269 64.00269 64.00269 64.00269 64.52692 66.10464 66.10464 66.10464 66.10464 66.10464 66.10464 66.10464 66.10464 65.97665 38.61781 31.88998 31.88998 31.88998 31.88998 31.88998 137.6823
20.37689 20.37689 20.3769 20.37689 20.37689 20.37689 20.37689 20.37689 18.83168 15.10304 14.66727 14.66727 14.66727 14.66727 14.66727 14.66727 14.66727 14.66727 14.66727 14.66727 15.93931 29.77464 34.75738 34.75738 34.75738 34.75738 34.75738 34.75738 34.75738 34.75738 34.75738 34.75738 34.75738 34.75738 34.75738 34.75738 34.75738 34.75738 34.75738 34.75738 34.75738 34.75738 34.75738 34.75738 35.08171 58.19177 64.00269 64.00269 64.00269 64.00269 64.00269 64.00269 64.00269 64.0027 64.00269 64.3948 65.90089 66.10464 66.10464 66.10464 66.10464 66.10464 66.10464 66.10464 66.10464 66.06562 40.54425 31.88998 31.88998 31.88998 31.88998 31.88998 31.88998
20.37689 20.37689 20.37689 20.37689 20.37689 20.37689 20.37689 18.95256 15.77747 14.66727 14.66727 14.66727 14.66727 14.66727 14.66727 14.66727 14.66727 14.66727 14.66727 14.66727 15.62385 22.04609 31.05475 34.75738 34.75737 34.75738 34.75737 34.75737 34.75738 34.75737 34.75738 34.75737 34.75738 34.75737 34.75738 34.75737 34.75738 34.75737 34.75738 34.75737 34.75738 34.75737 34.75738 34.75161 39.16081 64.0027 64.0027 64.0027 64.0027 64.0027 64.0027 64.31069 65.15127 64.71561 65.2296 66.06998 66.10464 66.10464 66.10464 66.10464 66.10464 66.10464 66.10464 66.10464 66.10464 66.10464 57.01196 31.88998 31.88998 31.88998 31.88998 31.88998 31.88998
20.3769 20.3769 20.3769 20.3769 20.3769 20.37689 19.02917 14.89266 14.66727 14.66727 14.66727 14.66727 14.66727 14.66727 14.66727 14.66727 14.66727 14.66727 14.66727 19.70504 30.13974 34.15234 29.22752 33.72726 34.75738 34.75737 34.75738 34.75737 34.75737 34.75738 34.75737 34.75738 34.75738 34.75738 34.75737 34.75738 34.75738 34.75738 34.75738 34.75738 34.75737 34.75738 34.74372 33.00666 31.89782 53.08147 64.0027 64.0027 61.62017 52.83175 58.36928 65.95673 66.10464 66.10464 66.10464 66.10464 66.10464 66.10464 66.10464 66.10464 66.10464 66.10464 66.10464 66.10464 66.10464 58.51503 44.40538 31.88998 31.88998 31.88998 31.88998 31.88998 31.88998
20.3769 20.3769 20.3769 20.3769 20.3769 19.48307 15.05701 14.66727 14.66727 14.66727 14.66727 14.66727 14.66727 14.66727 14.66727 14.66727 14.66727 14.66727 14.66727 16.09766 25.58426 21.65784 14.66727 25.40258 34.75738 34.75738 34.75738 34.75738 34.75738 34.75738 34.75738 34.75738 34.75738 34.75738 34.75738 34.75738 34.75738 34.75738 34.75738 34.75738 34.75738 34.57007 32.74441 31.88998 31.88998 31.89485 35.5162 49.74005 53.39628 31.88998 42.25158 63.38818 66.10464 66.10464 66.10464 66.10464 66.10464 66.10464 66.10464 66.10464 66.10464 66.10464 66.10464 58.28033 47.30378 32.48243 31.88998 31.88998 31.88998 31.88998 31.88998 31.88998 31.88998
20.3769 20.3769 20.3769 18.9842 16.25581 14.98053 14.66727 14.66727 14.66727 14.66727 14.66727 14.66727 14.66727 14.66727 14.66727 14.66727 14.66727 14.66727 14.66727 14.66727 14.66727 14.66727 14.66727 19.38253 34.75738 34.75738 34.75738 34.75738 34.75738 34.75738 34.75738 34.75738 34.75738 34.75738 34.75738 34.75738 34.75738 34.75738 34.75738 34.75738 34.75738 33.65152 31.88998 31.88998 31.88998 31.88998 31.88998 31.88998 31.88998 31.88998 31.88998 34.19869 49.15601 66.05408 66.10465 66.10464 66.10465 66.10464 66.10464 66.10464 66.10465 66.10464 65.64961 34.69551 31.88998 31.88998 31.88998 31.88998 31.88998 31.88998 31.88998 31.88998 31.88998
20.3769 20.37276 18.27569 14.87294 14.66727 14.66727 14.66727 14.66727 14.66727 14.66727 14.66727 14.66727 14.66727 14.66727 14.66727 14.66727 14.66727 14.66727 14.66727 14.66727 14.66727 14.66727 14.66727 14.83292 28.25267 33.08023 34.21969 34.75738 34.75738 34.75738 34.75738 34.75738 34.75738 34.75738 34.75738 34.75738 34.75738 34.75738 34.75738 34.75738 34.70574 32.20071 31.88998 31.88998 31.88998 31.88998 31.88998 31.88998 31.88998 31.88998 31.88998 31.88998 31.88998 48.74258 66.10464 66.10464 66.10464 66.10464 66.10464 66.10464 66.10464 66.10464 56.56996 31.88998 31.88998 31.88998 31.88998 31.88998 31.88998 31.88998 31.88998 31.88998 31.88998
20.37689 20.25196 15.70208 14.66727 14.66727 14.66727 14.66727 14.66727 14.66727 14.66727 14.66727 14.66727 14.66727 14.66727 14.66727 14.66727 14.66727 14.66727 14.66727 14.66727 14.66727 14.66727 14.66727 14.66727 14.66727 14.66883 14.72262 27.68456 34.75737 34.75738 34.75737 34.75738 34.75738 34.75738 34.75737 34.75738 34.75737 34.75738 34.75738 34.75738 33.53817 31.88998 31.88998 31.88998 31.88998 31.88998 31.88998 31.88998 31.88998 31.88998 31.88998 31.88998 31.88998 32.30976 44.25681 50.05125 64.96761 66.10464 66.10464 66.10464 66.10464 66.10464 39.70358 31.88998 31.88998 31.88998 31.88998 31.88998 31.88998 31.88998 31.88998 31.88998 31.88998
