Scenarios/Heterogeneous/data/country_data_population_distribution/processed/density_grids/isl.asc
ncols 277
nrows 86
xllcorner -24
yllcorner 63
[rows 33 to 65 of 86, columns 152 to 227 of 277]
1.059314 1.059314 1.059314 1.059314 1.03892 0.9118068 0.6872476 0.35196 0.1496845 0.1496845 0.1496845 0.4013396 0.6107463 0.6107463 0.6107463 0.6107463 0.6107463 0.6107463 0.6107463 0.6107463 0.529358 0.1771781 0.1568278 0.1568278 0.1568278 0.1568278 0.1568278 0.1568278 0.1568278 0.1568278 0.1568278 0.1568278 0.1568278 0.1568278 0.1568278 0.1568278 0.1568278 0.1568278 0.1236826 0.0674884 0.0674884 0.0674884 0.06748841 0.0674884 0.06748841 0.06748841 0.06748841 0.0674884 0.0674884 0.0674884 0.0674884 0.0674884 0.0674884 0.0674884 0.0674884 0.0674884 0.0674884 0.0674884 0.0674884 0.0674884 0.06748841 0.0674884 0.06854367 0.5079426 0.5869064 0.5869064 0.5869064 0.5869064 0.5869064 0.5869064 0.5869064 0.5869064 0.5869064 0.5869064 0.5869064 0.5869064
1.059314 1.059314 1.059314 1.059314 1.059314 1.059314 1.059314 0.8646536 0.4409913 0.1687347 0.1496845 0.215816 0.5967112 0.6107463 0.6107463 0.6107463 0.6107463 0.6107463 0.6107463 0.5857499 0.217834 0.1568278 0.1568278 0.1568278 0.1568278 0.1568278 0.1568278 0.1568278 0.1568278 0.1568278 0.1568278 0.1568278 0.1568278 0.1568278 0.1568278 0.1568278 0.1568278 0.1568278 0.1150343 0.0674884 0.0674884 0.0674884 0.0674884 0.0674884 0.0674884 0.0674884 0.0674884 0.0674884 0.0674884 0.0674884 0.0674884 0.0674884 0.0674884 0.0674884 0.0674884 0.0674884 0.0674884 0.0674884 0.0674884 0.0674884 0.0674884 0.0674884 0.0764 0.5025169 0.5869064 0.5869064 0.5869064 0.5869064 0.5869064 0.5869064 0.5869065 0.5869064 0.5869064 0.5869064 0.5869064 0.5869064
1.059314 1.059314 1.059314 1.059314 1.059314 1.059314 1.059314 1.059314 1.059314 0.5520011 0.1496845 0.1496845 0.4833207 0.6107463 0.6107463 0.6107463 0.6107463 0.6107463 0.6107463 0.3277642 0.1568278 0.1568278 0.1568278 0.1568278 0.1568278 0.1568278 0.1568278 0.1568278 0.1568278 0.1568278 0.1568278 0.1568278 0.1568278 0.1568278 0.1568278 0.1568278 0.1568278 0.1568278 0.1065032 0.0674884 0.06748841 0.06748841 0.06748841 0.06748841 0.06748841 0.0674884 0.06748841 0.06748841 0.06748841 0.0674884 0.06748841 0.0674884 0.06748841 0.0674884 0.06748841 0.0674884 0.06748841 0.0674884 0.0674884 0.06748841 0.06748841 0.0674884 0.0674884 0.5435551 0.5869064 0.5869064 0.5869065 0.5869064 0.5869065 0.5869064 0.5869065 0.5869064 0.5869064 0.5869065 0.5869065 0.5869065
1.059314 1.059314 1.059314 1.059314 1.059314 1.059314 1.059314 1.059314 0.8032488 0.7916456 0.3292645 0.2614606 0.6092174 0.6107463 0.6107463 0.6107463 0.6107463 0.6107463 0.4664131 0.1571164 0.1568278 0.1568278 0.1568278 0.1568278 0.1568278 0.1568278 0.1568278 0.1568278 0.1568278 0.1568278 0.1568278 0.1568278 0.1568278 0.1568278 0.1568278 0.1568278 0.1568278 0.1568278 0.09797814 0.0674884 0.06748841 0.06748841 0.0674884 0.06748841 0.06748841 0.06748841 0.06748841 0.06748841 0.06748841 0.0674884 0.0674884 0.06748841 0.06748841 0.06748841 0.06748841 0.06748841 0.06748841 0.06748841 0.06748841 0.06748841 0.06748841 0.06748841 0.1163077 0.5211598 0.5869065 0.5869065 0.5869065 0.5869065 0.5869065 0.5869065 0.5869064 0.5869065 0.5869065 0.5869065 0.5869065 0.5869064
1.059314 1.059314 1.059314 1.059314 1.059314 1.013825 0.7239272 0.6561158 0.2284267 0.1496845 0.1496845 0.4225881 0.6107463 0.6107463 0.6107463 0.6107463 0.6107463 0.568778 0.1936883 0.1568278 0.1568278 0.1568278 0.1568278 0.1568278 0.1568278 0.1568278 0.1568278 0.1568278 0.1568278 0.1568278 0.1568278 0.1568278 0.1568278 0.1568278 0.1568278 0.1568278 0.1568278 0.1568278 0.09035652 0.06748841 0.06748841 0.06748841 0.06748841 0.06748841 0.06748841 0.06748841 0.06748841 0.06748841 0.06748841 0.06748841 0.0674884 0.06748841 0.06748841 0.06748841 0.06748841 0.06748841 0.06748841 0.06748841 0.06748841 0.07659444 0.164456 0.1858528 0.2537053 0.5505762 0.5869064 0.5869065 0.5869064 0.5869064 0.5869064 0.5869065 0.5869065 0.5869064 0.5869064 0.5869064 0.5869064 0.5869064
1.059314 1.059314 1.059314 1.059314 1.059314 1.059314 0.6393068 0.2230175 0.1496845 0.1496845 0.1496845 0.202016 0.5076753 0.6107463 0.6107463 0.6107463 0.6098601 0.2915438 0.1568278 0.1568278 0.1568278 0.1568278 0.1568278 0.1568278 0.1568278 0.1568278 0.1568278 0.1568278 0.1568278 0.1568278 0.1568278 0.1568278 0.1568278 0.1568278 0.1568278 0.1568278 0.1568278 0.1568278 0.08338133 0.06748841 0.0674884 0.0674884 0.06748841 0.0674884 0.0674884 0.0674884 0.0674884 0.06748841 0.06748841 0.0674884 0.0674884 0.0674884 0.06748841 0.06748841 0.06748841 0.0674884 0.0674884 0.0674884 0.1783129 0.5241423 0.5869064 0.5869064 0.5869064 0.5869064 0.5869065 0.5869064 0.5869064 0.5869064 0.5869064 0.5869064 0.5869064 0.5869064 0.5869064 0.5869064 0.5869064 0.5869064
0 1.059314 1.059314 1.059314 1.059314 1.059314 1.059314 0.9943457 0.2848174 0.1496845 0.1496845 0.1496845 0.2026781 0.5992529 0.6107463 0.6107463 0.4294497 0.1568278 0.1568278 0.1568278 0.1568278 0.1568278 0.1568278 0.1568278 0.1568278 0.1568278 0.1568278 0.1568278 0.1568278 0.1568278 0.1568278 0.1568278 0.1568278 0.1568278 0.1568278 0.1568278 0.1568278 0.1568278 0.07640613 0.06748841 0.0674884 0.0674884 0.0674884 0.0674884 0.0674884 0.06748841 0.0674884 0.0674884 0.0674884 0.0674884 0.0674884 0.0674884 0.0674884 0.06799907 0.1519092 0.2645889 0.312806 0.3895165 0.5773513 0.5869064 0.5869064 0.5869064 0.5869064 0.5869064 0.5869064 0.5869064 0.5869064 0.5869064 0.5869065 0.5869064 0.5869064 0.5869064 0.5869064 0.5869064 0.5869064 0.5869065
0 0 0 0 0 0 0 0 0.1865832 0.2731606 0.4487837 0.4476083 0.6055126 0.6107463 0.6017877 0.261585 0.1586671 0.1568278 0.1568278 0.1568278 0.1568278 0.1568278 0.1568278 0.1568278 0.1568278 0.1568278 0.1568278 0.1568278 0.1568278 0.1568278 0.1568278 0.1568278 0.1568278 0.1568278 0.1568278 0.1568278 0.1568278 0.1566568 0.06960197 0.0674884 0.0674884 0.0674884 0.0674884 0.0674884 0.0674884 0.0674884 0.0674884 0.0674884 0.0674884 0.0674884 0.0674884 0.06748841 0.06941528 0.4930031 0.5869064 0.5869064 0.5869064 0.5869064 0.5869064 0.5869064 0.5869064 0.5869064 0.5869064 0.5869064 0.5869064 0.5869064 0.5869064 0.5869064 0.5869064 0.5869064 0.5869064 0.5869064 0.5869064 0.5869064 0.5869064 0.5869064
0 0 0 0 0 0 0 0.1496845 0.1576587 0.435593 0.4749731 0.5391834 0.6101062 0.6107463 0.5584773 0.1577487 0.1568278 0.1568278 0.1568278 0.1568278 0.1568278 0.1568278 0.1568278 0.1568278 0.1568278 0.1568278 0.1568278 0.1568278 0.1568278 0.1568278 0.1568278 0.1568278 0.1568278 0.1568278 0.1568278 0.1568278 0.1568278 0.1517951 0.0674884 0.06748841 0.0674884 0.0674884 0.0674884 0.0674884 0.0674884 0.0674884 0.0674884 0.0674884 0.0674884 0.0674884 0.0674884 0.06764834 0.2974115 0.5869064 0.5869064 0.5869064 0.5869064 0.5869064 0.5869064 0.5869064 0.5869064 0.5869064 0.5869064 0.5869065 0.5869064 0.5869064 0.5869064 0.5869064 0.5869064 0.5869064 0.5869064 0.5869064 0.5869064 0.5869064 0.5869064 0.5869064
0 0 0 0 0 0 0 0 0.2652675 0.2652675 0.2652676 0.2684667 0.4928771 0.52315 0.3119166 0.1568278 0.1568278 0.1568278 0.1568278 0.1568278 0.1568278 0.1568278 0.1568278 0.1568278 0.1568278 0.1568278 0.1568278 0.1568278 0.1568278 0.1568278 0.1568278 0.1568278 0.1568278 0.1568278 0.1568278 0.1568278 0.1568278 0.1448199 0.0674884 0.0674884 0.0674884 0.0674884 0.0674884 0.0674884 0.0674884 0.0674884 0.06748839 0.06748841 0.0674884 0.0674884 0.0674884 0.1471762 0.5869064 0.5869064 0.5869064 0.5869064 0.5869064 0.5869064 0.5869064 0.5869064 0.5869064 0.5869064 0.5869064 0.5869064 0.5869064 0.5869065 0.5869064 0.5869064 0.5869064 0.5869064 0.5869064 0.5869064 0.5869064 0.5869064 0.5869064 0.5869065
0 0 0 0 0 0 0 0 0.2652675 0.2652675 0.2582742 0.2254104 0.2790881 0.1316518 0.1162861 0.1124779 0.1246869 0.1547555 0.1568278 0.1568278 0.1568278 0.1568278 0.1568278 0.1568278 0.1568278 0.1568278 0.1568278 0.1568278 0.1568278 0.1568278 0.1568278 0.1568278 0.1568278 0.1568278 0.1568278 0.1568278 0.1568278 0.1357791 0.0674884 0.06748841 0.0674884 0 0 0 0 0 0 0 0 0 0 0 0.5869064 0.5869065 0.5869064 0.5869065 0.5869064 0.5869065 0.5869065 0.5869064 0.5869064 0.5869064 0.5869064 0.5869064 0.5869064 0.5869064 0.5869064 0.5869064 0.5869064 0.5869064 0.5869064 0.5869065 0.5869065 0.5869065 0.5869065 0.5869064
0 0 0 0.2652675 0.2652675 0.2652675 0.2652676 0.2652676 0.2652675 0.2652675 0.1752774 0.1071446 0.1071446 0.1071446 0.1071446 0.1071446 0.1071446 0.1124539 0.1306942 0.1522259 0.1568278 0.1568278 0.1568278 0.1568278 0.1568278 0.1568278 0.1568278 0.1568278 0.1568278 0.1568278 0.1568278 0.1568278 0.1568278 0.1568278 0 0 0 0 0 0 0 0 0 0 0 0 0 0 0 0 0.0674884 0.4487615 0.5869064 0.5869064 0.5869064 0.5869065 0.5869064 0.5869064 0.5869064 0.5869065 0.5869064 0.5869064 0 0 0 0 0 0 0.5869064 0.5869065 0.5869064 0.5869064 0.5869065 0.5869064 0.5869065 0.5796863
0.2652675 0.2652675 0.2652675 0.2652675 0.2652676 0.2652675 0.2652675 0.2652675 0.2586808 0.1568278 0.1073598 0.1071446 0.1071446 0.1071446 0.1071446 0.1071446 0.1071446 0.1071446 0.1071446 0.1104275 0.1222725 0.1336853 0.1393688 0.1444349 0.149629 0.15479 0.1568278 0.1568278 0.1568278 0.1568278 0.1568278 0.1568278 0 0 0 0 0 0 0 0 0 0 0 0 0 0 0 0 0 0 0.0674884 0.4313395 0.5869064 0.5869064 0.5869064 0.5869064 0.5869064 0.5869065 0 0 0 0 0 0 0 0 0 0 0 0 0.5869064 0.5869064 0.5869064 0.5869064 0.5869064 0.5869064
0.2652676 0.2652675 0.2652676 0.2652675 0.2652675 0.2450914 0.1914604 0.1452716 0.11216 0.1071446 0.1071446 0.1071446 0.1071446 0.1071446 0.1071446 0.1071446 0.1071446 0.1071446 0.1071446 0.1071446 0.1071446 0.1071446 0.1071446 0.1071446 0.1071446 0.1072002 0.1109416 0.1171623 0.1543992 0.1568278 0 0 0 0 0 0 0 0 0 0 0 0 0 0 0 0 0 0 0 0 0.06748839 0 0 0.5869064 0.5869064 0.5869064 0 0 0 0 0 0 0 0 0 0 0 0 0 0 0 0 0 0 0 0
0.2652675 0.2652675 0.2652675 0.2558329 0.2044073 0.1205865 0.1071446 0.1071446 0.1071446 0.1071446 0.1071446 0.1071446 0.1071446 0.1071446 0.1071446 0.1071446 0.1071446 0.1071446 0.1071446 0.1071446 0.1071446 0.1071446 0.1071446 0.1071446 0 0 0 0 0 0 0 0 0 0 0 0 0 0 0 0 0 0 0 0 0 0 0 0 0 0 0 0 0.5869064 0.5869064 0 0 0 0 0 0 0 0 0 0 0 0 0 0 0 0 0 0 0 0 0 0
0.2652675 0.2302729 0.1704115 0.1171035 0.1071446 0.1071446 0.1071446 0.1071446 0.1071446 0.1071446 0.1071446 0.1071446 0.1071446 0.1071446 0.1071446 0.1071446 0.1071446 0.1071446 0.1071446 0.1071446 0.1071446 0.1071446 0 0 0 0 0 0 0 0 0 0 0 0 0 0 0 0 0 0 0 0 0 0 0 0 0 0 0 0 0 0 0 0 0 0 0 0 0 0 0 0 0 0 0 0 0 0 0 0 0 0 0 0 0 0
0.1432175 0.1071446 0.1071446 0.1071446 0.1071446 0.1071446 0.1071446 0.1071446 0.1071446 0.1071446 0.1071446 0.1071446 0.1071446 0.1071446 0.1071446 0.1071446 0.1071446 0.1071446 0.1071446 0.1071446 0.1071446 0.1071446 0.1071446 0 0 0 0 0 0 0 0 0 0 0 0 0 0 0 0 0 0 0 0 0 0 0 0 0 0 0 0 0 0 0 0 0 0 0 0 0 0 0 0 0 0 0 0 0 0 0 0 0 0 0 0 0
0.1071446 0.1071446 0.1071446 0.1071446 0.1071446 0.1071446 0.1071446 0.1071446 0.1071446 0.1071446 0.1071446 0.1071446 0.1071446 0.1071446 0.1071446 0.1071446 0.1071446 0.1071446 0.1071446 0.1071446 0.1071446 0.1071446 0.1071446 0.09211306 0.07109032 0 0 0 0 0 0 0 0 0 0 0 0 0 0 0 0 0 0 0 0 0 0 0 0 0 0 0 0 0 0 0 0 0 0 0 0 0 0 0 0 0 0 0 0 0 0 0 0 0 0 0
0.1071446 0.1071446 0.1071446 0.1071446 0.1071446 0.1071446 0.1071446 0.1071446 0.1071446 0.1071446 0.1071446 0.1071446 0.1071446 0.1071446 0.1071446 0.1071446 0.1071446 0.1071446 0.1071446 0.1071446 0.1071446 0 0 0 0 0 0 0 0 0 0 0 0 0 0 0 0 0 0 0 0 0 0 0 0 0 0 0 0 0 0 0 0 0 0 0 0 0 0 0 0 0 0 0 0 0 0 0 0 0 0 0 0 0 0 0.6802412
0.1071446 0.1071446 0.1071446 0.1071446 0.1071446 0.1071446 0.1071446 0.1071446 0.1071446 0.1071446 0.1071446 0.1071446 0.1071446 0.1071446 0.1071446 0.1071446 0.1071446 0.1071305 0.1062052 0.08804313 0.06995017 0 0 0 0 0 0 0 0 0 0 0 0 0 0 0 0 0 0 0 0 0 0 0 0 0 0 0 0 0 0 0 0 0 0 0 0 0 0 0 0 0 0 0 0 0 0 0 0 0 0 0 0 0 0.6802412 0.6802412
0.1071446 0.1071446 0.1071446 0.1071446 0.1071446 0.1071446 0.1071446 0.1071446 0.1071446 0.1071446 0.1071446 0.1071446 0.1071446 0.1071446 0.1071446 0.1069135 0.1037552 0.1065996 0 0 0 0 0 0 0 0 0 0 0 0 0 0 0 0 0 0 0 0 0 0 0 0 0 0 0 0 0 0 0 0 0 0 0 0 0 0 0 0 0 0 0 0 0 0 0 0 0 0 0 0.6802412 0.6802412 0.6802412 0.6802412 0.6802412 0.6802412 0.6802412
0.1071446 0.1071446 0.1071446 0.1071446 0.1071446 0.1071446 0.1071446 0.1071446 0.1071446 0.1071446 0.1071446 0.1071446 0.1071446 0.1066083 0.09389172 0.07588819 0.06995018 0 0 0 0 0 0 0 0 0 0 0 0 0 0 0 0 0 0 0 0 0 0 0 0 0 0 0 0 0 0 0 0 0 0 0 0 0 0 0 0 0 0 0 0 0 0 0 0 0 0 0 0 0.6802412 0.6802412 0.6802412 0.6802412 0.6802412 0.6802412 0.6802413
0.1071446 0.1407827 0.3392283 0.4363231 0.2530678 0.1114469 0.1071446 0.1071446 0.1071446 0.1071446 0.1071446 0.1038353 0.0869286 0.07315543 0.06995018 0.06995018 0.06995017 0 0 0 0 0 0 0 0 0 0 0 0 0 0 0 0 0 0 0 0 0 0 0 0 0 0 0 0 0 0 0 0 0 0 0 0 0 0 0 0 0.6802412 0.6802412 0.6802412 0 0 0 0 0.6802412 0.6802412 0.6802412 0.6802412 0 0 0 0.6802412 0.6802412 0.6802412 0.6802412 0.6802412
0.3765438 0.5363171 0.5640907 0.5640907 0.5640907 0.4978946 0.2954728 0.1244016 0.1069338 0.09629161 0.08362304 0.0713935 0.06995018 0.06995018 0.06995018 0.06995018 0.06995018 0.06995017 0.06995017 0 0 0 0 0 0 0 0.06995017 0.06995017 0 0 0.06995017 0.06995018 0.06995017 0.06995018 0.06995017 0.06995018 0 0 0 0 0 0 0 0 0 0 0 0 0 0 0 0 0 0 0 0.6802412 0.6802412 0.6802413 0.6802412 0.6802412 0 0.6802412 0.6802412 0.6802412 0.6802412 0.6802412 0.6802413 0.6802412 0.6802412 0.6802412 0.6802412 0.6802412 0.6802412 0.6802412 0.6802412 0.6802412
0.5640907 0.5640907 0.5640907 0.5640907 0.5640907 0.5640907 0.5362326 0.382377 0.0853215 0.06995018 0.06995018 0.06995018 0.06995018 0.06995018 0.06995018 0.06995019 0.06995018 0.06995018 0.06995018 0.06995017 0 0 0 0 0 0 0.06995018 0.06995018 0.06995018 0.06995018 0.06995018 0.06995018 0.06995018 0.06995018 0.06995018 0.06995017 0.06995017 0 0 0 0 0 0 0 0 0 0 0 0 0 0 0 0 0 0 0.6802412 0.6802412 0.6802412 0.6802412 0 0 0.6802413 0.6802412 0.6802412 0.6802412 0.6802412 0.6802412 0.6802412 0.6802413 0.6802412 0.6802413 0.6802412 0.6802412 0.6802412 0.6802412 0.6802412
0.5640907 0.5640907 0.5640907 0.5639307 0.4017648 0.2692847 0.08560067 0.06995018 0.06995018 0.06995018 0.06995018 0.06995018 0.06995017 0.06995018 0.06995017 0.06995018 0.06995018 0.06995018 0.06995018 0.06995017 0 0 0 0 0 0 0.06995019 0.06995019 0.06995017 0.06995018 0.06995018 0.06995018 0.06995018 0.06995018 0.06995018 0.06995018 0 0 0 0 0 0.6802412 0.6802412 0 0 0 0 0 0 0 0 0 0 0 0 0.6802412 0.6802412 0.6802412 0 0 0 0.6802412 0.6802412 0.6802412 0.6802412 0.6802412 0.6802412 0.6802412 0.6802412 0.6802412 0.6802412 0.6802412 0.6802412 0 0 0
0.5640907 0.5640907 0.4905226 0.2373497 0.06995017 0.06995018 0.06995017 0.06995018 0.06995018 0.06995018 0.06995018 0.06995018 0.06995018 0.06995018 0.06995018 0.06995018 0.06995018 0.06995018 0.06995018 0.06995017 0.06995018 0.06995018 0.06995018 0.06995017 0.06995017 0.06995018 0.06995019 0.06995018 0.06995018 0.06995018 0.06995018 0.06995018 0.06995018 0.06995018 0.06995018 0.06995018 0 0 0 0.6802412 0.6802412 0.6802412 0.6802412 0.6802413 0.6802412 0.6802412 0.6802412 0.6802412 0.6802412 0 0 0 0 0 0 0 0 0 0 0 0 0 0 0.6802413 0.6802412 0.6802412 0.6802412 0.6802412 0.6802412 0 0 0 0 0 0 0
0.5216318 0.2567795 0.07473278 0.06995019 0.06995018 0.06995019 0.06995018 0.06995018 0.06995019 0.06995017 0.06995018 0.06995018 0.06995018 0.06995018 0.06995018 0.06995018 0.06995018 0.06995017 0.06995017 0.06995017 0.06995017 0.06995018 0.06995017 0.06995018 0.06995018 0.06995019 0.06995018 0.06995018 0.06995019 0.06995018 0.06995019 0.06995018 0.06995018 0.06995018 0.06995019 0.06995017 0 0 0 0.6802412 0.6802412 0.6802413 0.6802413 0.6802412 0.6802412 0.6802412 0.6802412 0.6802412 0.6802412 0.6802412 0 0 0 0 0.6802412 0.6802412 0.6802413 0.6802412 0.6802412 0.6802412 0.6802412 0.6802412 0.6802412 0.6802412 0.6802412 0.6802412 0.6802412 0 0 0 0 0 0 0 0 0
0.07751328 0.06995018 0.06995018 0.06995017 0.06995017 0.06995017 0.06995018 0.06995017 0.06995017 0.06995019 0.06995017 0.06995017 0.06995017 0.06995017 0.06995017 0.06995017 0.06995017 0.06995018 0.06995017 0.06995018 0.06995018 0.06995018 0.06995018 0.06995017 0.06995017 0.06995017 0.06995018 0.06995017 0.06995017 0.06995017 0.06995017 0.06995017 0.06995017 0.06995019 0.06995018 0.06995018 0 0 0 0 0.6802412 0.6802412 0.6802412 0.6802412 0.6802412 0.6802413 0.6802412 0.6802412 0.6802412 0.6802412 0.6802412 0 0 0 0.6802412 0.6802412 0.6802412 0.6802412 0.6802412 0.6802413 0.6802412 0.6802412 0.6802412 0.6802412 0 0 0 0 0 0 0 0 0 0 0 0
0.06995018 0.06995018 0.06995019 0.06995018 0.06995019 0.06995018 0.06995019 0.06995018 0.06995018 0.06995017 0.06995019 0.06995018 0.06995018 0.06995018 0.06995018 0.06995018 0.06995019 0.06995018 0.06995018 0.06995018 0.06995019 0.06995018 0.06995018 0.06995018 0.06995018 0.06995018 0.06995019 0.06995018 0.06995018 0.06995018 0.06995018 0.06995018 0.06995018 0.06995019 0.1253255 0.6802412 0.6802412 0.6802412 0.6802412 0.6802412 0.6802412 0.6802412 0.6802412 0.6802412 0.6802412 0.6802412 0.6802412 0.6802412 0.6802412 0.6802412 0.6802412 0 0 0 0.6802412 0.6802412 0.6802412 0.6802412 0.6802412 0.6802412 0.6802412 0.6802412 0 0 0 0 0 0 0 0 0 0 0 0 0 0
0.06995018 0.06995018 0.06995018 0.06995018 0.06995018 0.06995018 0.06995018 0.06995018 0.06995018 0.06995018 0.06995018 0.06995018 0.06995018 0.06995018 0.06995018 0.06995018 0.06995018 0.06995018 0.06995018 0.06995018 0.06995018 0.06995018 0.06995018 0.06995018 0.06995018 0.06995018 0.06995018 0.06995018 0.06995018 0.06995018 0.06995018 0.06995018 0.06995018 0.06995018 0.1121312 0.6802412 0.6802412 0.6802412 0.6802412 0.6802412 0.6802412 0.6802412 0.6802412 0.6802412 0.6802412 0.6802412 0.6802412 0.6802412 0.6802412 0.6802413 0.6802412 0.6802412 0.6802412 0.6802412 0.6802412 0.6802412 0.6802412 0.6802412 0.6802412 0 0 0 0 0 0 0 0 0 0 0 0 0 0 0 0 0
0.06995018 0.06995018 0.06995019 0.06995018 0.06995018 0.06995017 0.06995018 0.06995018 0.06995019 0.06995018 0.06995018 0.06995018 0.06995017 0.06995019 0.06995018 0.06995018 0.06995018 0.06995018 0.06995017 0.06995018 0.06995018 0.06995018 0.06995017 0.06995018 0.06995018 0.06995018 0.06995018 0.06995017 0.06995018 0.06995018 0.06995018 0.06995018 0.06995018 0.06995018 0.09397287 0.6802412 0.6802412 0.6802412 0.6802412 0.6802412 0.6802412 0.6802413 0.6802412 0.6802412 0.6802412 0.6802413 0.6802412 0.6802412 0.6802412 0.6802413 0.6802412 0.6802413 0.6802412 0.6802412 0.6802413 0.6802412 0.6802412 0.6802412 0 0 0 0 0 0 0 0 0 0 0 0 0 0 0 0 0 0
0.06995018 0.06995018 0.06995018 0.06995019 0.06995018 0.06995019 0.06995018 0.06995017 0.06995018 0.06995019 0.06995018 0.06995018 0.06995018 0.06995018 0.06995018 0.06995019 0.06995018 0.06995018 0.06995018 0.06995019 0.06995018 0.06995019 0.06995018 0.06995019 0.06995018 0.06995018 0.06995018 0.06995018 0.06995019 0.06995018 0.06995019 0.06995018 0.06995019 0.06995018 0.07609887 0.6799569 0.6802412 0.6802412 0.6802412 0.6802412 0.6802412 0.6802412 0.6802412 0.6802412 0.6802412 0.6802412 0.6802412 0.6802412 0.6802413 0.6802412 0.6802412 0.6802412 0.6802412 0.6802412 0.6802412 0.6802412 0 0 0 0 0 0 0 0 0 0 0 0 0 0 0 0 0 0 0 0
