Scenarios/Heterogeneous/data/country_data_population_distribution/processed/density_grids/isl.asc
ncols 277
nrows 86
xllcorner -24
yllcorner 63
[rows 33 to 65 of 86, columns 76 to 151 of 277]
0.249614 0.249614 0.249614 0.249614 0.249614 0.249614 0.249614 0.249614 0.249614 0.249614 0.249614 0.249614 0.249614 0.249614 0.249614 0.249614 0.249614 0.2869597 0.379894 0.379894 0.379894 0.379894 0.379894 0.379894 0.379894 0.379894 0.379894 0.379894 0.379894 0.379894 0.379894 0.379894 0.379894 0.379894 0.379894 0.379894 0.379894 0.379894 0.379894 0.379894 0.379894 0.2844872 0.1078874 0.1004724 0.1004724 0.1004724 0.1004724 0.1004724 0.1004724 0.1004724 0.1004724 0.1004724 0.1004724 0.1004724 0.1004724 0.1004724 0.1004724 0.1004724 0.1004724 0.1004724 0.1004724 0.1004724 0.1062632 0.6281842 1.027088 1.059314 1.059314 1.059314 1.059314 1.059314 1.059314 1.059314 1.059314 1.059314 1.059314 1.059314
0.249614 0.249614 0.249614 0.249614 0 0.249614 0.249614 0.249614 0.249614 0.249614 0.249614 0.249614 0.249614 0.249614 0.249614 0.249614 0.249614 0.2856146 0.3794999 0.379894 0.379894 0.379894 0.379894 0.379894 0.379894 0.379894 0.379894 0.379894 0.379894 0.379894 0.379894 0.379894 0.379894 0.379894 0.379894 0.379894 0.379894 0.379894 0.379894 0.379894 0.379894 0.379894 0.2678314 0.1004724 0.1004724 0.1004724 0.1004724 0.1004724 0.1004724 0.1004724 0.1004724 0.1004724 0.1004724 0.1004724 0.1004724 0.1004724 0.1004724 0.1004724 0.1004724 0.1004724 0.1004724 0.1004724 0.1004724 0.1004724 0.2262385 0.9224174 1.059314 1.059314 1.059314 1.059314 1.059314 1.059314 1.059314 1.059314 1.059314 1.059314
0.249614 0.249614 0 0 0.249614 0.249614 0.249614 0.249614 0.249614 0.249614 0.249614 0.249614 0.249614 0.249614 0.249614 0.249614 0.2809365 0.3733322 0.379894 0.379894 0.379894 0.379894 0.379894 0.379894 0.379894 0.379894 0.379894 0.379894 0.379894 0.379894 0.379894 0.379894 0.379894 0.379894 0.379894 0.379894 0.379894 0.379894 0.379894 0.379894 0.379894 0.379894 0.379476 0.1948721 0.1004724 0.1004724 0.1004724 0.1004724 0.1004724 0.1004724 0.1004724 0.1004724 0.1004724 0.1004724 0.1004724 0.1004724 0.1004724 0.1004724 0.1004724 0.1004724 0.1004724 0.1004724 0.1004724 0.1004724 0.1004724 0.1874983 0.8766377 1.059314 1.059314 1.059314 1.059314 1.059314 1.059314 1.059314 1.059314 1.059314
0 0 0 0.249614 0.249614 0.249614 0.249614 0.249614 0.249614 0.249614 0.249614 0.249614 0.249614 0.249614 0.249614 0.249614 0.249614 0.2680176 0.3577154 0.379894 0.379894 0.379894 0.379894 0.379894 0.379894 0.379894 0.379894 0.379894 0.379894 0.379894 0.379894 0.379894 0.379894 0.379894 0.379894 0.379894 0.379894 0.379894 0.379894 0.379894 0.379894 0.379894 0.379894 0.36626 0.1461745 0.1004724 0.1004724 0.1004724 0.1004724 0.1004724 0.1004724 0.1004724 0.1004724 0.1004724 0.1004724 0.1004724 0.1004724 0.1004724 0.1004724 0.1004724 0.1004724 0.1004724 0.1004724 0.1004724 0.1004724 0.1004724 0.1567899 0.8245041 1.059314 1.059314 1.059314 1.059314 1.059314 1.059314 1.059314 1.059314
0.249614 0.249614 0.249614 0.249614 0.249614 0.249614 0.249614 0.249614 0.249614 0.249614 0.249614 0.249614 0.249614 0.249614 0.249614 0.249614 0.249614 0.249614 0.2864778 0.3848519 0.379894 0.379894 0.379894 0.379894 0.379894 0.379894 0.379894 0.379894 0.379894 0.379894 0.379894 0.379894 0.379894 0.379894 0.379894 0.379894 0.379894 0.379894 0.379894 0.379894 0.379894 0.379894 0.379894 0.379894 0.3363847 0.1154001 0.1004724 0.1004724 0.1004724 0.1004724 0.1004724 0.1004724 0.1004724 0.1004724 0.1004724 0.1004724 0.1004724 0.1004724 0.1004724 0.1004724 0.1004724 0.1004724 0.1004724 0.1004724 0.1004724 0.1004724 0.1004724 0.1327398 0.7542383 1.059314 1.059314 1.059314 1.059314 1.059314 1.059314 1.059314
0.249614 0.249614 0.249614 0.249614 0.249614 0.249614 0.249614 0.249614 0.249614 0.249614 0.249614 0.249614 0.249614 0.249614 0.249614 0.3627496 0.5860375 0.5947627 0.7813584 0.8216193 0.7528712 0.6655948 0.5818937 0.4527133 0.3851054 0.379894 0.379894 0.379894 0.379894 0.379894 0.379894 0.379894 0.379894 0.379894 0.379894 0.379894 0.379894 0.379894 0.379894 0.379894 0.379894 0.379894 0.379894 0.379894 0.379894 0.2596137 0.1004724 0.1004724 0.1004724 0.1004724 0.1004724 0.1004724 0.1004724 0.1004724 0.1004724 0.1004724 0.1004724 0.1004724 0.1004724 0.1004724 0.1004724 0.1004724 0.1004724 0.1004724 0.1004724 0.1004724 0.1004724 0.1004724 0.115342 0.6993464 1.059314 1.059314 1.059314 1.059314 1.059314 1.059314
0.2761871 0.4295608 0.353366 0.249614 0.249614 0.249614 0.249614 0.249614 0.249614 0.249614 0.249614 0.249614 0.249614 0.249614 0.444082 0.6981849 0.8428992 0.8428992 0.8428991 0.8428992 0.8428991 0.8428992 0.8428991 0.8428992 0.8352225 0.7365773 0.6844307 0.5392966 0.5098913 0.5424694 0.4454373 0.3865738 0.379894 0.4581107 0.5194977 0.6331889 0.7139325 0.7868978 0.7584949 0.7575913 0.6856692 0.6695126 0.6472033 0.6452682 0.6425808 0.5756049 0.5172095 0.515412 0.5136144 0.5118169 0.5100194 0.5092391 0.5379543 0.119212 0.1004724 0.1004724 0.1004724 0.1004724 0.1004724 0.1004724 0.1004724 0.1004724 0.1004724 0.1004724 0.1004724 0.1004724 0.1004724 0.1004724 0.1004724 0.1046019 0.623378 1.059314 1.059314 0 0 0
0.8428992 0.8428991 0.737718 0.6940432 0.3932339 0.249614 0.3562733 0.6149139 0.3382298 0.2801938 0.2924226 0.249614 0.3741305 0.5363755 0.7585757 0.8428992 0.8428992 0.8428992 0.8428991 0.8428992 0.8428991 0.8428991 0.8428991 0.8428991 0.8428992 0.8428992 0.8428992 0.8428991 0.8428993 0.8428991 0.8428992 0.8311443 0.8169769 0.8428991 0.8428992 0.8428991 0.8428991 0.8428991 0.8428992 0.8428991 0.8428992 0.8428992 0.8428992 0.8428991 0.8428991 0.8428992 0.8428992 0.8428992 0.8428992 0.8428991 0.8428991 0.8428991 0.6974701 0.1004724 0.1004724 0.1004724 0.1004724 0.1004724 0.1004724 0.1004724 0.1004724 0.1004724 0.1004724 0.1004724 0.1004724 0.1004724 0.1004724 0.1004724 0.1004724 0.1004724 0.1005086 0.4168314 0.7342886 0 0 0
0.8428991 0.8428991 0.8428992 0.8428991 0.7987643 0.769964 0.8189078 0.8428991 0.7861541 0.8048575 0.8375301 0.7434701 0.8208542 0.8428991 0.8428992 0.8428991 0.8428992 0.8428992 0.8428992 0.8428992 0.8428991 0.8428992 0.8428991 0.8428991 0.8428991 0.8428992 0.8428991 0.8428992 0.8428991 0.8428992 0.8428992 0.8428991 0.8428991 0.8428992 0.8428991 0.8428992 0.8428992 0.8428992 0.8428992 0.8428992 0.8428991 0.8428992 0.8428991 0.8428992 0.8428992 0.8428992 0.8428991 0.8428991 0 0 0 0 0 0.3583309 0.3321345 0.1318756 0.1004724 0.1004724 0.1004724 0.1004724 0.1004724 0.1004724 0.1004724 0.1004724 0.1004724 0.1004724 0.1004724 0.1004724 0.1004724 0.1004724 0.1004724 0 0 0 0 0
0.8428992 0.8428992 0.8428991 0.8428992 0.8428992 0.8428992 0.8428992 0.8428992 0.8428991 0.8428991 0.8428992 0.8428992 0.8428992 0.8428991 0.8428992 0.8428992 0.8428991 0.8428991 0.8428992 0.8428992 0.8428992 0.8428992 0.8428992 0.8428991 0.8428992 0.8428991 0.8428991 0.8428992 0.8428992 0.8428991 0.8428992 0.8428992 0.8428991 0.8428992 0.8428991 0.8428992 0.8428992 0.8428991 0.8428992 0.8428991 0.8428992 0.8428992 0.8428992 0.8428992 0.8428993 0.8428991 0.8428992 0 0 0 0 0 0.4172662 0.4172662 0.4172662 0.4162578 0.376546 0.3170067 0.2836452 0.2984243 0.3014581 0.2620742 0.1970833 0.1428294 0.1075341 0.1004724 0.1004724 0.1004724 0.1004724 0 0 0 0 0 0 0
0.8428993 0.8428992 0.8428992 0.8428991 0.8428992 0.8428992 0.8428992 0.8428992 0.8428992 0.8428992 0.8428992 0.8428992 0.8428993 0.8428992 0.8428992 0.8428992 0.8428992 0.8428992 0.8428992 0.8428992 0.8428992 0.8428993 0.8428992 0.8428992 0.8428992 0.8428992 0.8428992 0.8428992 0.8428992 0.8428992 0.8428992 0.8428993 0.8428992 0.8428992 0.8428992 0.8428992 0.8428991 0.8428992 0.8428991 0.8428991 0.8428992 0.8428992 0.8428992 0.8428992 0.8428991 0.8428992 0 0 0 0 0 0 0.4172662 0.4172662 0.4172662 0.4172662 0.4172662 0.4172662 0.4172662 0.4172662 0.4172662 0.4172662 0.4172662 0.4172662 0.416364 0.3971563 0.371408 0.3028011 0.1036435 0 0 0 0 0 0 0
0.8428991 0.8428991 0.8428991 0.8428991 0.8428992 0.8428992 0.8428992 0.8428991 0.8428991 0.8428992 0.8428991 0.8428992 0.8428992 0.8428992 0.8428991 0.8428992 0.8428991 0.8428992 0.8428992 0.8428992 0.8428992 0.8428993 0.8428991 0.8428991 0.8428991 0.8428992 0.8428991 0.8428991 0.8428991 0.8428991 0.8428991 0.8428992 0.8428991 0.8428991 0.8428991 0.8428991 0.8428992 0.8428992 0.8428991 0.8428991 0.8428991 0.8428991 0.8428992 0 0 0.8428992 0 0 0 0 0.4172662 0.4172662 0.4172662 0.4172662 0.4172662 0.4172662 0.4172662 0.4172662 0.4172662 0.4172662 0.4172662 0.4221882 0.4172662 0.4172662 0.4172662 0.4172662 0.4172662 0.4174192 0.4200035 0.541687 0.6775479 0 0 0 0 0
0.8428992 0.8428991 0.8428992 0.8428991 0.8428992 0.8428992 0.8428992 0.8428991 0.8428992 0.8428992 0.8428992 0.8428992 0.8428992 0.8428992 0.8428993 0.8428993 0.8428992 0.8428991 0.8428992 0.8428992 0.8428992 0.8428992 0.8428992 0.8428992 0.8428991 0.8428992 0.8428992 0.8428992 0.8428991 0.8428992 0.8428991 0.8428992 0.8428991 0.8428992 0.8428991 0.8428992 0.8428991 0.8428991 0.8428991 0.8428991 0.8428991 0 0 0 0 0 0 0 0 0 0.4172662 0.4172662 0.4172662 0.4172662 0.4172662 0.4172662 0.4172662 0.4172662 0.4172662 0.4811043 0.606531 0.6523564 0.6322909 0.5804436 0.5816649 0.619795 0.6395581 0.6733522 0.6691756 0.6775479 0.6775479 0.6273337 0.4050761 0 0 0.2652675
0.8428992 0.8428992 0.8428991 0.8428993 0.8428992 0.8428991 0.8428992 0.8428992 0.8428991 0.8428991 0.8428991 0.8428993 0.8428992 0.8428993 0.8428992 0.8428991 0.8428991 0.8428991 0.8428992 0.8428992 0.8428991 0.8428992 0.8428993 0.8428992 0.8428991 0.8428992 0.8428993 0.8428992 0.8428993 0.8428992 0.8428991 0.8428992 0.8428991 0.8428992 0.8428992 0.8428992 0 0 0 0 0 0 0 0 0 0 0 0 0 0.4172662 0.4172662 0.4172662 0.4172662 0.4172662 0.4172662 0.4172662 0.4172662 0.4695238 0.5722292 0.6617813 0.677548 0.6775479 0.677548 0.677548 0.677548 0.6775479 0.6775479 0.677548 0.6775479 0.6673077 0.4935966 0.2930515 0.2652676 0.2652676 0.2652675 0.2652675
0.8428992 0.8428991 0.8428991 0.8428991 0.8428991 0.8428991 0.8428992 0.8428992 0.8428992 0.8428992 0.8428992 0.8428991 0.8428992 0.8428992 0.8428992 0.8428991 0.8428991 0.8428991 0.8428991 0.8428992 0.8428991 0.8428991 0.8428991 0.8428991 0.8428991 0.8428992 0.8428991 0.8428991 0.8428991 0.8428992 0.8428991 0.8428992 0.8428992 0.801294 0.6446571 0.644657 0 0 0 0 0 0 0 0 0 0 0 0 0.4172662 0.4172662 0.4172662 0.4172662 0.4172662 0.4172662 0.4172662 0.4775334 0.6239904 0.6775479 0.6775479 0.6775479 0.6775479 0.6775479 0.6775479 0.6775479 0.677548 0.6775479 0.6775479 0.6765963 0.5421618 0.3220058 0.2652675 0.2652675 0.2652675 0.2652675 0.2652675 0.2652675
0.8428992 0.8428992 0.8428992 0.8428993 0.8428992 0.8428992 0.7562535 0.8410339 0.6559021 0.6590072 0.70334 0.7776695 0.8053556 0.8428992 0.8428992 0.8428991 0.8428992 0.8428992 0.8428992 0.8428993 0.8428992 0.8428992 0.8428993 0.8428992 0.8428992 0.8428992 0.8428992 0.8428992 0.8428992 0.8408446 0.8428992 0.8428993 0.8130212 0.6460253 0.6446571 0.6253058 0.5621374 0 0 0.4172661 0.4172662 0.4172662 0 0 0.4172662 0.4172662 0.4172662 0.4172662 0.4172662 0.4172662 0.4172662 0.4172662 0.4172662 0.4172662 0.593082 0.6774233 0.677548 0.677548 0.677548 0.677548 0.677548 0.677548 0.677548 0.6775481 0.677548 0.6775479 0.5889791 0.3611909 0.2652675 0.2652676 0.2652675 0.2652675 0.2652675 0.2652676 0.2652675 0.2652676
0.9234231 1.343657 1.177712 0.8428991 0.8428992 0.7680718 0.4529478 0.4230824 0.3893739 0.3893739 0.3893739 0.4501182 0.4094807 0.5204737 0.6071514 0.7426438 0.842329 0.8428992 0.8428992 0.8428992 0.8428993 0.8428993 0.8428992 0.8428992 0.8428992 0.8428993 0.8428992 0.8144618 0.7082881 0.6449892 0.6446571 0.644657 0.6446571 0.6446571 0.6278892 0.4629016 0.4172662 0 0 0.4172662 0.4172662 0.4172662 0.4172662 0.4172662 0.4172662 0.4172662 0.4172662 0.4172662 0.4172662 0.4172662 0.4172662 0.4172662 0.4172662 0.4186125 0.6338567 0.677548 0.6775479 0.677548 0.6775479 0.6775479 0.6775479 0.6775479 0.6775479 0.677548 0.6264423 0.4088547 0.2670216 0.2652675 0.2652675 0.2652675 0.2652676 0.2652675 0.2652675 0.2652675 0.2590422 0.1798814
1.460002 1.460002 1.458652 1.351961 1.332048 1.238358 0.8263113 0.9404802 1.0392 1.069513 1.060409 1.447659 1.367018 0.8860424 0.7727534 0.63235 0.4350784 0.5450156 0.584272 0.6763074 0.8286805 0.8428992 0.8428991 0.8428992 0.8428992 0.7992273 0.6875579 0.6286128 0.6406253 0.6446571 0.6446571 0.6446571 0.6446571 0.6206751 0.4553858 0.4172662 0.4172662 0.4172662 0.4172662 0.4172662 0.4172662 0.4172662 0.4172662 0.4172662 0.4172662 0.4172662 0.4172662 0.4172662 0.4172662 0.4172662 0.4172662 0.4172662 0.4456137 0.5454804 0.6775479 0.6775479 0.677548 0.6775479 0.6775479 0.6775479 0.677548 0.677548 0.6514809 0.4559058 0.2781239 0.2652675 0.2652675 0.2652675 0.2652675 0.2652675 0.2652676 0.2652676 0.2648563 0.2469431 0.1956768 0.108611
1.460002 1.460002 1.460001 1.460002 1.460002 1.460001 1.460002 1.460002 1.460002 1.460002 1.460002 1.460002 1.277219 0.9513212 0.8717287 0.6727065 0.7438525 0.8182274 0.6743438 0.4197146 0.6141963 0.8428993 0.8427723 0.746701 0.5736208 0.4261238 0.4172662 0.4172662 0.4179592 0.4300527 0.4489208 0.4923608 0.5591394 0.4413688 0.4172662 0.4172662 0.4172662 0.4172662 0.4172662 0.4172662 0.4172662 0.4172662 0.4172662 0.4172662 0.4172662 0.4172662 0.4172662 0.4172662 0.537829 0.5786694 0.5915351 0.6444246 0.6775479 0.6775479 0.6775479 0.677548 0.677548 0.6775479 0.677548 0.6730004 0.5741661 0.4871222 0.2856671 0.2652675 0.2652676 0.2652675 0.2652675 0.2652675 0.2652675 0.2652675 0.2635338 0.2089083 0.116406 0.1071446 0.1071446 0.1071446
1.460002 1.460001 1.460002 1.460002 1.460001 1.460001 1.460002 1.460001 1.460002 1.410522 1.415149 1.460002 1.460002 1.460002 1.387107 1.447547 1.460002 1.460002 1.460002 1.421657 1.291859 1.091315 0.5756164 0.4172662 0.4172662 0.4172662 0.4172662 0.4172662 0.4172662 0.4172662 0.4172662 0.4172662 0.4172662 0.4172662 0.4172662 0.4172662 0.4172662 0.4172662 0.4172662 0.4172662 0.4172662 0.4172662 0.4172662 0.4172662 0.4172662 0.4172662 0.4172662 0.471998 0.6747 0.6775479 0.677548 0.6775479 0.677548 0.6775479 0.6775479 0.6775479 0.6775479 0.6775479 0.5587703 0.3311375 0.2652675 0.2652675 0.2652675 0.2652675 0.2652675 0.2652675 0.2652675 0.2652676 0.2639547 0.1642508 0.1071764 0.1071446 0.1071446 0.1071446 0.1071446 0.1071446
1.460002 1.460001 1.460002 1.460002 1.460001 1.443321 0.9633693 0.9633443 0.9633442 0.9633443 0.9633442 0.9633443 0.9859009 0.9884067 0.9633443 0.9810931 0.9837633 1.032163 1.155498 1.102145 0.7352741 0.4173619 0.4172662 0.4172662 0.4172662 0.4172662 0.4172662 0.4172662 0.4526492 0.5860289 0.525881 0.4181796 0.4172662 0.4172662 0.4172662 0.4172662 0.4172662 0.4172662 0.4172662 0.4172662 0.4172662 0.4172662 0.4172662 0.4172662 0.4172662 0.4202836 0.5361105 0.6744446 0.6775479 0.6775479 0.6775479 0.677548 0.6775479 0.677548 0.6775479 0.6775479 0.6323961 0.4008686 0.2691658 0.2652675 0.2652675 0.2652675 0.2652675 0.2652675 0.2652675 0.2652675 0.2637925 0.2165301 0.1316134 0.1071446 0.1071446 0.1071446 0.1071446 0.1071446 0.1071446 0.1071446
1.481021 1.460002 1.460002 3.170756 461.7459 148.7236 24.1354 0.9633442 0.9633442 0.9633442 0.9633442 0.9633443 0.9633443 0.9633442 0.9633442 0.9633442 0.9152818 0.6538148 0.5070859 0.4178728 0.4172662 0.4172662 0.4172662 0.4172662 0.4172662 0.4172662 0.420282 0.5224819 0.6044149 0.4766964 0.4172662 0.4172662 0.4172662 0.4172662 0.4172662 0.4172662 0.4172662 0.4172662 0.4172662 0.4172662 0.4172662 0.4172662 0.4172662 0.4190899 0.5555402 0.6714673 0.6775479 0.6775479 0.6775479 0.6449867 0.6775479 0.6775479 0.6775479 0.5728536 0.4318334 0.282835 0.2698398 0.2652675 0.2652675 0.2652675 0.2652675 0.2652675 0.2652675 0.2652675 0.2321873 0.1640768 0.1176518 0.1071446 0.1071446 0.1071446 0.1071446 0.1071446 0.1071446 0.1071446 0.1071446 0.1071446
0 0 461.7459 461.7459 461.7459 461.7459 283.7452 144.4666 8.933431 33.88606 0.9792051 0.9633443 0.9633443 3.452082 0.9633443 0.8523921 0.4876834 0.4172662 0.4172662 0.4172662 0.4172662 0.4172662 0.4172662 0.4172662 0.4172662 0.4210745 0.5840133 0.583968 0.4248559 0.4172662 0.4172662 0.4172662 0.4172662 0.4172662 0.4172662 0.4172662 0.4172662 0.4172662 0.4172662 0.4172662 0.4172662 0.4172662 0.4733255 0.618661 0.6775479 0.6775479 0.6775479 0.6292725 0.428523 0.2668491 0.4945209 0.5810962 0.4766528 0.2786944 0.2652675 0.2652676 0.2652675 0.2652676 0.2652675 0.2652676 0.2652676 0.2652675 0.2652675 0.2441212 0.1264344 0.1071446 0.1071446 0.1071446 0.1071446 0.1071446 0.1071446 0.1071446 0.1071446 0.1071446 0.1071446 0.1071446
0 0 461.7458 461.7458 461.7459 461.7459 461.7459 461.7459 445.7114 457.3396 389.2568 359.5441 337.1488 428.3848 116.6662 0.4223138 0.4172662 0.4172662 0.4172662 0.4172662 0.4172662 0.4172662 0.4172662 0.4172662 0.4172662 0.5276733 0.621395 0.4243397 0.4172662 0.4172662 0.4172662 0.4172662 0.4172662 0.4172662 0.4172662 0.4172662 0.4172662 0.4172662 0.4172662 0.4172662 0.4233093 0.5501618 0.6737737 0.6775479 0.6775479 0.6775479 0.5821399 0.296936 0.2652675 0.2652675 0.2652675 0.2652675 0.2652675 0.2652675 0.2652675 0.2652675 0.2652675 0.2652675 0.2652675 0.2652675 0.2652675 0.2327216 0.1496869 0.1071446 0.1211339 0.1330979 0.1071446 0.1071446 0.1071446 0.1071446 0.1071446 0.1071446 0.1071446 0.1071446 0.1071446 0.1400168
0 461.7459 461.7459 461.7459 461.7459 449.4556 354.0646 282.7338 137.6888 95.43923 82.49949 64.94134 83.72968 111.474 52.84038 1.932083 0.4832142 0.4367099 0.4556846 0.5985031 0.644657 0.4172662 0.4172662 0.4172662 0.4172662 0.51743 0.5659243 0.4263217 0.4172662 0.4172662 0.4172662 0.4172662 0.4377791 0.5541382 0.4224685 0.4172662 0.4172662 0.4172662 0.4172662 0.4202014 0.5946243 0.6775479 0.677548 0.6766222 0.5516928 0.3511941 0.2801952 0.2652675 0.2652675 0.2652675 0.2652675 0.2652675 0.2652675 0.2652675 0.2652675 0.2652675 0.2652675 0.2662318 0.3335829 0.4598512 0.5267884 0.2888511 0.3085929 0.4670017 0.5634443 0.5053076 0.2886401 0.1078333 0.1115072 0.1071446 0.1071446 0.1071446 0.1071446 0.12079 0.3068878 0.5273871
929.4371 461.7459 461.7459 461.7459 461.7459 450.5073 263.7842 170.2512 64.94134 64.94134 64.94134 64.94134 64.94134 49.45454 4.347715 0.6446571 0.6446571 0.644654 0.6446571 0.6446571 0.6446571 0.6446571 0.5716569 0.5390479 0.6137612 0.6103555 0.6048671 0.5647383 0.570911 0.5749345 0.5647098 0.6396876 0.6446571 0.6446571 0.5321693 0.4172662 0.4987404 0.5602199 0.6094087 0.6619759 0.6775479 0.6775479 0.6231762 0.3838024 0.2652675 0.2652675 0.2652675 0.2652675 0.2652675 0.2652675 0.2652675 0.2652675 0.2652675 0.2652675 0.2680107 0.370258 0.4711209 0.5506012 0.5640907 0.5640907 0.5640907 0.5640907 0.5640907 0.5640907 0.5640907 0.5640907 0.5640907 0.5640907 0.5187789 0.5164369 0.501531 0.4117772 0.3453946 0.4371723 0.5640907 0.5640907
251.6122 311.4843 403.2402 460.7528 468.8798 462.5637 461.7459 248.3027 76.43754 64.94135 64.94135 64.94134 58.40729 9.56993 3.173062 2.489449 1.393566 0.6628098 0.6446571 0.6446571 0.6446571 0.6446571 0.6446571 0.644657 0.6446571 0.6446571 0.6446571 0.6446571 0.6446571 0.6446571 0.6446571 0.6446571 0.6446571 0.5946886 0.4490643 0.4172662 0.551989 0.677548 0.677548 0.677548 0.677548 0.5248427 0.2894929 0.2652675 0.2652675 0.2652675 0.2652675 0.2652676 0.2901509 0.3401785 0.2720694 0.2652675 0.2652676 0.313621 0.5429674 0.5640907 0.5640907 0.5640907 0.5640907 0.5640907 0.5640907 0.5640907 0.5640907 0.5640907 0.5640907 0.5640907 0.5640907 0.5640907 0.5640907 0.5640907 0.5640907 0.5640907 0.5640907 0.5640907 0.5640907 0.5640907
244.7008 244.6148 250.8329 256.0095 441.306 469.0493 463.5293 471.5073 443.1347 371.3523 391.3687 263.9056 15.95568 3.182739 3.182739 3.182739 3.182739 2.415941 1.567732 1.967927 1.229835 0.6446571 0.6446571 0.6446571 0.6446571 0.6446571 0.6446571 0.6446571 0.6446571 0.6446571 0.6446571 0.6446571 0.6446571 0.4524718 0.2694152 0.2960864 0.2878098 0.3872254 0.4401378 0.5006385 0.4137947 0.2699063 0.2652676 0.2652675 0.3104225 0.4188037 0.4314591 0.5254228 0.5640907 0.5640907 0.5640907 0.4230239 0.4348521 0.5369807 0.5640907 0.5640907 0.5640907 0.5640907 0.5640907 0.5640907 0.5640907 0.5640907 0.5640907 0.5640907 0.5640907 0.5640907 0.5640907 0.5640907 0.5640907 0.5640907 0.5640907 0.5640908 0.5640907 0.5640907 0.5640907 0.5640907
243.9213 243.9213 244.3433 246.6812 271.0966 370.4901 436.6436 471.9702 462.7829 471.0402 234.3878 4.899324 3.182739 3.182739 3.182739 3.182739 3.182739 3.182739 76.00159 91.92435 3.1824 2.559238 0.792138 1.147842 1.496819 0.7419029 0.7281222 0.679143 0.6512704 0.6446571 0.644657 0.6446571 0.4938201 0.2652675 0.2652675 0.2652675 0.3257194 0.4186112 0.4310409 0.3722888 0.2694684 0.3693129 0.3977055 0.5284741 0.5640907 0.5640907 0.5640907 0.5640907 0.5640907 0.5640907 0.5640907 0.5640907 0.5640907 0.5640907 0.5640907 0.5640907 0.5640907 0.5640907 0.5640907 0.5640907 0.5640907 0.5640907 0.5640907 0.5640907 0.5640907 0.5640907 0.5640907 0.5640907 0.5640907 0.5640907 0.5640907 0.5640907 0.5640907 0.5640907 0.4277066 0.2414995
121.965 121.8293 124.2783 127.9998 131.8507 136.6929 151.1218 251.1055 340.7247 146.0096 15.0822 3.182739 3.182739 3.182739 3.182739 3.182739 3.182739 3.182739 33.81997 99.22276 25.79877 3.182739 3.18117 19.4001 3.054292 2.704691 2.7195 2.719499 2.715397 2.498061 1.862372 1.388289 1.209136 0.2869194 0.2659124 0.4266262 0.5640907 0.5640907 0.5640907 0.5616885 0.5459297 0.5640907 0.5640907 0.5640907 0.5640907 0.5640907 0.5640907 0.5640907 0.5640907 0.5640907 0.5640907 0.5640907 0.5640907 0.5640907 0.5640907 0.5640907 0.5640907 0.5640907 0.5640907 0.5640907 0.5640907 0.5640907 0.5640907 0.5640907 0.5640907 0.5640907 0.5640907 0.5640907 0.5640907 0.5640907 0.5640907 0.5640907 0.5640907 0.5330855 0.1306923 0.06995018
8.213444 8.213445 8.213445 8.213445 7.877565 5.485441 3.341397 3.182739 3.182739 3.182739 3.182739 3.182739 3.18274 3.182739 3.182739 3.182739 3.18274 3.182739 9.198833 41.86197 35.00826 35.52355 43.98299 65.1475 53.0367 9.111258 2.7195 2.7195 2.7195 2.7195 2.7195 2.605843 1.630994 0.5426782 0.1322025 0.263956 0.5159993 0.5640907 0.5640907 0.5640907 0.5640907 0.5640907 0.5640907 0.5640907 0.5640907 0.5640907 0.5640907 0.5640907 0.5640907 0.5640907 0.5640907 0.5640907 0.5640907 0.5640907 0.5640907 0.5640907 0.5640907 0.5640907 0.5640907 0.5640907 0.5640907 0.5640907 0.5640907 0.5640907 0.5640907 0.5640907 0.5640907 0.5640907 0.5640907 0.5640907 0.5640907 0.5640907 0.5167282 0.1577882 0.06995017 0.06995018
8.213446 8.213446 8.063985 5.937111 3.532222 3.182739 3.182739 3.18274 3.182739 3.18274 3.18274 3.18274 3.18274 3.18274 3.182739 3.18274 3.18274 3.182739 3.182739 74.20098 74.22736 74.22735 74.22736 74.22735 74.22736 57.59556 2.7195 2.7195 2.7195 2.7195 2.7195 0.2588046 0.1071446 0.1071446 0.1071446 0.2933639 0.5369592 0.5640907 0.5640907 0.5640907 0.5640907 0.5640907 0.5640907 0.5640907 0.5640907 0.5640907 0.5640907 0.5640907 0.5640907 0.5640907 0.5640907 0.5640907 0.5640907 0.5640907 0.5640907 0.5640907 0.5640907 0.5640907 0.5640907 0.5640907 0.5640907 0.5640907 0.5640907 0.5640907 0.5640907 0.5640907 0.5640907 0.5640907 0.5640907 0.5640907 0.5640907 0.5640907 0.3278547 0.08294103 0.06995018 0.06995018
8.213444 8.213445 4.102908 3.182739 3.182739 3.18274 3.182739 3.182739 3.182739 3.18274 3.182739 3.18274 3.18274 3.182739 3.182739 3.182739 0 0 3.182739 74.22735 74.22735 74.22735 74.22735 74.22735 74.22735 39.50928 2.719499 2.719499 2.7195 2.719499 2.7195 0.6213744 0.1208454 0.1071446 0.1742884 0.3437976 0.51217 0.5640907 0.5640907 0.5640907 0.5640907 0.5640907 0.5640907 0.5640907 0.5640907 0.5640907 0.5640907 0.5640907 0.5640907 0.5640907 0.5640907 0.5640907 0.5640907 0.5640907 0.5640907 0.5640907 0.5640907 0.5640907 0.5640907 0.5640907 0.5640907 0.5640907 0.625521 0.7430223 0.6213837 0.6161377 0.6186675 0.5640907 0.5640907 0.5640907 0.5640907 0.5640907 0.5640907 0.316673 0.06995017 0.06995018
