Scenarios/Heterogeneous/data/country_data_population_distribution/processed/density_grids/isl.asc
ncols 277
nrows 86
xllcorner -24
yllcorner 63
[rows 0 to 32 of 86, columns 152 to 227 of 277]
0 0 0 0 0 0 0 0 0 0 0 0 0 0 0 0 0 0 0 154.2093 154.2093 0 0 0 0 0 0 0 0 0 0 0 0 0 0 0 0 0 0 0 0 0 0 0 0 0 0 0 0 0 0 0 0 0 0 0 0 0 0 0 0 0 0 0 0 0 0 0 0 0 0 0 0 0 0 0
0 0 0 0 0 0 0 0 0 0 0 0 0 0 0 0 0 0 0 154.2093 154.2093 0 0 0 0 0 0 0 0 0 0 0 0 0 0 0 0 0 0 0 0 0 0 0 0 0 0 0 0 0 0 0 0 0 0.6982765 0.6982766 0.6982766 0.6982765 0.6982765 0.6982765 0 0.6982765 0.6982765 0.6982766 0.6982765 0.6982765 0.6982765 0.6982765 0.6982765 0.6982765 0 0 0 0 0 0
0 0 0 0 0 0 0 0 0 0 0 0 0 0 0 0 0 0 0 0 0 0 0 0 0 0 0 0 0 0 0 0 0 0 0 0 0 0 0 0 0 0 0 0 0 0 0 0 0 0 0 0 0 0 0.6982765 0.6982765 0.6982765 0.6982765 0.6982765 0.6982765 0.6982765 0.6982766 0.6982765 0.6982765 0.6982765 0.6982765 0.6982765 0.6982765 0.6982765 0.6982765 0.6982765 0 0 0 0 0
0 0 0 0 0 0 0 0 0 0 0 0 0 0 0 0 0 0 0 0 0 0 0 0 0 0 0 0 0 0 0 0 0 0 0 0 0 0 0 0 0 0 0 0 0 0 0 0 0 0 0 0 0 0 0 0.6982765 0.6982765 0.6982766 0.6982766 0.6982766 0.6982766 0.6982766 0.6982765 0.6982765 0.6982766 0.6982765 0.6982765 0.6982765 0.6982765 0.6982765 0.08793154 0.08793154 0.08793154 0 0 0
0 0 0 0 0 0 0 0 0 0 0 0 0 0 0 0 0 0 0 0 0 0 0 0 0 0 0 0 0 0 0 0 0 0 0 0 0 0 0 0 0 0 0 0 0 0 0 0 0 0 0 0 0 0 0 0.6982765 0.6982765 0.6982766 0.6982765 0.6982766 0.6982765 0.6982765 0.6982766 0.6982765 0.6982765 0.6982765 0.6982766 0.6982765 0.6982765 0.5913942 0.1974517 0.08793154 0.08793154 0.08793154 0.08793154 0.08793153
0 0 0 0 0 0 0 0 0 0 0 0 0 0 0 0 0 0 0 0 0 0 0 0 0 0 0 0 0 0 0 0 0 0 0 0 0 0 0 0 0 0 0 0 0 0 0 0 0 0 0 0 0 0 0 0.6982765 0.6982765 0.6982765 0.6982765 0.6982765 0.6982765 0.6982765 0.6982765 0.6982765 0.6982765 0.6982765 0.6982765 0.6982766 0.6892684 0.2989275 0.08793154 0.08793154 0.08793154 0.08793154 0.08793154 0.08793154
0 0 0 0 0 0 0 0 0 0 0 0 0 0 0 0 0 0 0 0 0 0 0 0 0 0 0 0 0 0 0 0 0 0 0 0 0 0 0 0 0 0 0 0 0 0 0 0 0 0 0 0 0 0 0 0 0.6982765 0.6982765 0.6982765 0.6982765 0.6982765 0.6982765 0.6982766 0.6982765 0.6982765 0.6982766 0.6982765 0.6982765 0.5214175 0.08793154 0.08793153 0.08793154 0.08793154 0.08793153 0.08793153 0.08793153
0 0 0 0 0 0 0 0 0 0 0 0 0 0 0 0 0 0 0 0 0 0 0 0 0 0 0 0 0 0 0 0 0 0 0 0 0 0 0 0 0 0.2229019 0 0 0 0 0 0 0 0 0 0 0 0 0 0 0 0.6982765 0.6982765 0.6982765 0.6982766 0.6982765 0.6982765 0.6982765 0.6982765 0.6982765 0.6982765 0.6181036 0.3276708 0.08793154 0.08793154 0.08793154 0.08793154 0.08793154 0.08793155 0.08793154
0 0 0 0 0 0 0 0 0 0 0 0 0 0 0 0 0 0 0 0 0 0 0 0 0 0 0 0 0 0 0 0 0 0 0 0 0 0 0 0 0 0 0 0 0 0 0 0 0 0 0 0 0 0 0 0 0.6982766 0.6982765 0.6982766 0.6982766 0.6982766 0.6982766 0.6982765 0.6982765 0.6982766 0.6982765 0.6804914 0.2432452 0.08793154 0.08793154 0.08793154 0.08793154 0.08793154 0.08793154 0.08793154 0.08793153
4.522738 4.522737 0 0 0 0 0 0 0 0 0 0 0.661243 0.661243 0.661243 0.661243 0 0 0 0 0 0 0.1568278 0.1568278 0 0 0 0 0 0 0 0 0 0 0 0 0 0.222902 0.2229019 0.2229019 0.2229019 0.222902 0.222902 0.3299776 0.6387677 0 0 0 0 0 0 0 0 0.6982765 0.6982765 0.6982765 0.6982765 0.6982765 0.6982766 0.6982765 0.6982765 0.6982766 0.6982765 0.6982766 0.6982765 0.6982766 0.3365605 0.08793154 0.08793153 0.08793154 0.08793154 0.08793154 0.08793154 0.08793154 0.08793154 0.08793154
4.522738 4.522738 4.522738 4.522738 4.522738 4.522738 0 0 0 0 0 0 0.661243 0.6612431 0.6612431 0.661243 0.661243 0.661243 0.661243 0.2547771 0.1568278 0.1568278 0.1568278 0.1568278 0 0 0 0 0 0 0 0 0 0 0 0 0 0.222902 0.222902 0.222902 0.222902 0.222902 0.4458982 0.6979189 0.6982766 0.6982765 0 0.6982765 0.6982765 0.6982765 0.6982765 0.6982765 0.6982765 0.6982765 0.6982765 0.6982765 0.6982765 0.6982766 0.6982765 0.6982765 0.6982765 0.6982765 0.6982766 0.6982765 0.6982765 0.6948241 0.270185 0.08793154 0.08793154 0.08793154 0.08793154 0.08793154 0.08793154 0.08793154 0.08793154 0.08793154
4.522738 4.522738 4.522738 4.522738 4.522738 4.522738 4.360726 0 0 0 0 0 0.661243 0.661243 0.6612431 0.661243 0.6612431 0.661243 0.6612431 0.5521719 0.1591278 0.1568278 0.1568278 0.1568278 0.1568278 0.1568278 0 0 0 0 0 0 0 0 0 0.222902 0.2229019 0.222902 0.2229019 0.222902 0.2229019 0.2229019 0.444459 0.6982765 0.6982765 0.6982766 0.6982766 0.6982765 0.6982765 0.6982766 0.6982766 0.6982765 0.6982765 0.6982765 0.6982766 0.6982765 0.6982765 0.6982765 0.6982765 0.6982765 0.6982765 0.6982765 0.6982765 0.6982765 0.6982765 0.6982765 0.5807407 0.09436863 0.08793154 0.08793154 0.08793154 0.08793154 0.08793154 0.08793154 0.08793154 0.08793154
4.522738 4.522738 4.522738 4.522738 4.522738 4.476306 3.534087 3.455291 0 0 0 0 0.6612431 0.661243 0.661243 0.6612431 0.6612431 0.6612431 0.661243 0.6569865 0.4840078 0.1751856 0.1568278 0.1568278 0.1568278 0.1568278 0.1568278 0.1568278 0 0 0 0 0 0 0 0.6789402 0.6066913 0.5127644 0.3470982 0.2262447 0.222902 0.222902 0.398448 0.6982765 0.6982765 0.6982765 0.6982765 0.6982765 0.6982766 0.6982766 0.6982766 0.6982765 0.6982765 0.6982765 0.6982765 0.6982766 0.6982765 0.6982765 0.6982765 0.6982765 0.6982766 0.6982766 0.6982766 0.6982765 0.6982765 0.6982765 0.6982765 0.6024214 0.3529283 0.1258895 0.08793154 0.08793154 0.08793153 0.08793154 0.08793154 0.08793153
4.522737 4.522738 4.522738 4.493935 4.342298 3.795021 3.455291 3.455291 0 154.2093 154.2093 0 0.661243 0.6612431 0.6612431 0.661243 0.661243 0.661243 0.661243 0.661243 0.5850093 0.1929241 0.1568278 0.1568278 0.1568278 0.1568278 0.1568278 0.1568278 0.1568278 0 0 0 0 0 0.6982765 0.6982765 0.6982765 0.6982765 0.6982765 0.6400237 0.4643419 0.2872902 0.353613 0.6982765 0.6982765 0.6982765 0.6982765 0.6982765 0.6982765 0.6982765 0.6982765 0.6982765 0.6982765 0.6982766 0.6982765 0.6982765 0.6982765 0.6982765 0.6982765 0.6982765 0.6982765 0.6982766 0.6982765 0.6982765 0.6982765 0.6982765 0.6982765 0.6982765 0.6982765 0.5904933 0.1923748 0.08793154 0.08793154 0.08793154 0.08793154 0.08793154
4.522738 4.522738 4.442356 3.944291 3.457712 3.455291 3.455292 3.455291 3.455291 3.455291 154.2093 154.2093 0 0.661243 0.661243 0.661243 0.6612431 0.6612431 0.6612431 0.6612431 0.6195783 0.2132309 0.1568278 0.1568278 0.1568278 0.1568278 0.1568278 0.1568278 0.1568278 0.1568278 0.1568278 0.1568278 0.1568278 0.6404946 0.6982765 0.6982766 0.6982765 0.6982766 0.6982765 0.6982765 0.6982765 0.6962023 0.6211274 0.6982766 0.6982765 0.6982766 0.6982765 0.6982766 0.6971453 0.6769931 0.6982765 0.6982766 0.6982766 0.6982766 0.6982765 0.6982765 0.6982765 0.6982765 0.6982766 0.6982766 0.6982765 0.6982765 0.6982765 0.6982765 0.6982765 0.6982766 0.6982765 0.6982766 0.6982766 0.6509013 0.1145866 0.08793154 0.08793154 0.08793154 0.08793154 0.08793154
4.522738 4.503388 4.255472 3.455291 3.455291 3.455291 3.455291 3.455291 3.455291 3.455291 3.455291 3.455291 3.455291 0 0.661243 0.661243 0.661243 0.661243 0.6612431 0.6612431 0.4978634 0.3148198 0.1568278 0.1568278 0.1568278 0.1568278 0.1568278 0.1568278 0.1568278 0.1568278 0.1568278 0.1568278 0.1592735 0.2439365 0.3301057 0.662885 0.6982766 0.6982765 0.6982766 0.6982765 0.6982766 0.5136034 0.3666442 0.2582006 0.2966145 0.2821346 0.2436643 0.2051984 0.1678663 0.1637602 0.6482532 0.6982765 0.6982765 0.6982765 0.6982765 0.6982765 0.6982766 0.6982765 0.6982766 0.6982765 0.6982766 0.6982765 0.6982766 0.6982765 0.6982766 0.6982765 0.6982766 0.6982765 0.6982765 0.6982765 0.1698099 0.08793154 0.08793154 0.08793154 0.08793154 0.08793154
4.003552 3.645709 3.457505 3.455291 3.455291 3.455291 3.455291 3.455291 3.455291 3.455291 3.455291 3.455291 3.455291 2.836712 0 0.6612431 0.661243 0.6612431 0.661243 0.661243 0.661243 0.6002513 0.1641137 0.1568278 0.1568278 0.1568278 0.1568278 0.1568278 0.1568278 0.1568278 0.1568278 0.1568278 0.1568278 0.1568278 0.1568278 0.4362433 0.6982341 0.6982765 0.6982766 0.6973 0.6753663 0.1926304 0.1568278 0.1568278 0.1568278 0.1568278 0.1568278 0.1568278 0.1568278 0.2099307 0.696259 0.6982765 0.6982765 0.6982765 0.6982765 0.6982765 0.6982766 0.6982765 0.6982765 0.6982765 0.6982765 0.6982765 0.6982765 0.6982765 0.6982765 0.6982765 0.6982765 0.6982765 0.6982765 0.6982765 0.5278891 0.259383 0.0908713 0.08793153 0.08793154 0.08793154
3.455291 3.455291 3.455291 3.455291 3.455291 3.455291 3.455291 3.455291 3.245149 2.476358 2.214439 1.549204 1.101826 0.7553402 0.7399448 0.7399448 0 0.661243 0.661243 0.6612431 0.5337486 0.2798328 0.1568278 0.1568278 0.1568278 0.1568278 0.1568278 0.1568278 0.1568278 0.1568278 0.1568278 0.1568278 0.1568278 0.1568278 0.1568278 0.1568278 0.2646055 0.2256368 0.1946747 0.1652884 0.1568278 0.1568278 0.1568278 0.1568278 0.1568278 0.1568278 0.1568278 0.1568278 0.1568278 0.3684894 0.6982765 0.6982765 0.6982765 0.6982765 0.6982765 0.6982765 0.6982765 0.6982765 0.6982766 0.6982765 0.6982765 0.6982765 0.6982765 0.6982765 0.6982765 0.6982765 0.6982766 0.6982765 0.6982765 0.6982766 0.6982765 0.6982765 0.602798 0.1994836 0.08793154 0.08793154
3.451636 3.455291 3.455291 3.455291 3.455291 3.455291 3.455291 2.120064 0.9310586 0.7399448 0.7399448 0.7399448 0.7399448 0.7399448 0.7399448 0.7399448 0 0 2.600381 2.217475 0.6257761 0.1568278 0.1568278 0.1568278 0.1568278 0.1568278 0.1568278 0.1568278 0.1568278 0.1568278 0.1568278 0.1568278 0.1568278 0.1568278 0.1568278 0.1568278 0.1568278 0.1568278 0.1568278 0.1568278 0.1568278 0.1568278 0.1568278 0.1568278 0.1568278 0.1568278 0.1567642 0.1546494 0.1515492 0.2297431 0.3435639 0.4194868 0.4954285 0.5472931 0.5299252 0.5082358 0.4865476 0.4648607 0.498169 0.6982765 0.6982765 0.6982765 0.6982765 0.6982765 0.6982765 0.6982765 0.6982766 0.6982765 0.6982765 0.6982765 0.6982765 0.6982765 0.6982765 0.5702311 0.09829216 0.08793154
2.406406 3.455291 3.455291 3.455291 3.455291 3.455291 3.422708 1.124906 0.7399448 0.7399448 0.7399448 0.7399448 0.7399448 0.7399448 0.7399448 0.7399448 0.7399448 8.599497 8.599498 8.599498 3.157965 0.1568278 0.1568278 0.1568278 0.1568278 0.1568278 0.1568278 0.1568278 0.1568278 0.1568278 0.1568278 0.1568278 0.1568278 0.1568278 0.1568278 0.1568278 0.1568278 0.1568278 0.1568278 0.1568278 0.1568278 0.1568278 0.1300327 0.0776962 0.07460027 0.07150452 0.06847247 0.0674884 0.06748841 0.06748841 0.06748841 0.06748841 0.06748841 0.0674884 0.0674884 0.06748841 0.06748841 0.0674884 0.09669182 0.6383495 0.6982765 0.6982766 0.6982765 0.6982766 0.6982766 0.6982765 0.6982765 0.6982765 0.6982766 0.6982766 0.6982765 0.6982765 0.6982766 0.6982765 0.5895889 0.3997474
1.742433 3.454087 3.455291 3.455291 3.28472 2.624836 2.647075 1.352521 0.7399448 0.7399448 0.7399448 0.7399448 0.7399448 0.7399448 0.7399449 0.7399448 40.55293 8.599497 8.599497 7.704504 0.2282013 0.1568278 0.1568278 0.1568278 0.1568278 0.1568278 0.1568278 0.1568278 0.1568278 0.1568278 0.1568278 0.1568278 0.1568278 0.1568278 0.1568278 0.1568278 0.1568278 0.1568278 0.1568278 0.1568278 0.1568278 0.1568278 0.1192004 0.0674884 0.06748841 0.06748841 0.0674884 0.06748841 0.06748841 0.0674884 0.0674884 0.0674884 0.06748841 0.0674884 0.06748841 0.0674884 0.06748841 0.0674884 0.06826762 0.6887428 0.6982766 0.6982765 0.6982766 0.6982765 0.6982766 0.6982765 0.6982765 0.6982765 0.6982766 0.6982765 0.6982766 0.6982765 0.6982766 0.6982765 0.6982765 0.6132082
0.8836768 1.409857 1.596968 0.8641136 0.7399448 0.7399448 0.7399448 0.7399448 0.7399448 0.7399448 0.7399448 0.7399448 0.7399448 28.8639 72.85479 87.10038 138.7054 154.2093 7.555669 5.519461 0.8640448 0.1569155 0.1568278 0.1568278 0.1568278 0.1568278 0.1568278 0.1568278 0.1568278 0.1568278 0.1568278 0.1568278 0.1568278 0.1568278 0.1568278 0.1568278 0.1568278 0.1568278 0.1568278 0.1568278 0.1568278 0.1568278 0.1121386 0.0674884 0.0674884 0.06748841 0.0674884 0.0674884 0.0674884 0.0674884 0.0674884 0.0674884 0.0674884 0.0674884 0.0674884 0.0674884 0.0674884 0.0674884 0.0674884 0.3193191 0.5264893 0.6844945 0.6982765 0.6982765 0.6982765 0.6982765 0.6982765 0.6982766 0.6982766 0.6982766 0.6982765 0.6982766 0.6982766 0.6982765 0.6982766 0.5925647
0.7399448 0.7399448 0.7399449 0.7399448 0.7399448 0.7399448 0.7399448 0.7399449 0.7399448 0.7399448 0.7399448 3.841865 50.58738 111.4652 154.2093 154.2093 140.8468 99.50112 34.88419 0.6107463 0.6107463 0.4384485 0.1568278 0.1568278 0.1568278 0.1568278 0.1568278 0.1568278 0.1568278 0.1568278 0.1568278 0.1568278 0.1568278 0.1568278 0.1568278 0.1568278 0.1568278 0.1568278 0.1535578 0.1490896 0.1352428 0.14139 0.08506553 0.0674884 0.0674884 0.06748841 0.06748841 0.0674884 0.0674884 0.0674884 0.0674884 0.0674884 0.0674884 0.0674884 0.0674884 0.0674884 0.0674884 0.0674884 0.0674884 0.0674884 0.0674884 0.08124765 0.3270581 0.670633 0.6982765 0.6982766 0.6982765 0.6982765 0.6982765 0.6982765 0.6982765 0.6982766 0.6982765 0.6982765 0.6982765 0.6838019
0.7399448 0.7399448 0.7399449 0.7399449 0.7399449 0.7399449 0.7399449 0.7399449 0.7399449 0.7399449 0.7399448 14.80828 146.1431 154.2093 154.2093 55.95031 1.307008 0.6107463 0.6107463 0.6107463 0.6107463 0.6065168 0.3215011 0.1568278 0.1568278 0.1568278 0.1568278 0.1568278 0.1568278 0.1568278 0.1568278 0.1568278 0.1568278 0.1568278 0.1568278 0.1568278 0.1568278 0.1539469 0.08670539 0.0674884 0.06748841 0.0674884 0.0674884 0.0674884 0.0674884 0.0674884 0.0674884 0.06748841 0.06748841 0.06748841 0.06748841 0.06748841 0.06748841 0.06748841 0.06748841 0.06748841 0.06748841 0.06748841 0.06748841 0.06748841 0.06748841 0.06748841 0.06748841 0.2121935 0.5681421 0.6980717 0.6982766 0.6982766 0.6982766 0.6982766 0.6982766 0.6982766 0.6982766 0.6982766 0.6982766 0.6093602
0.5947147 0.673668 0.7399448 0.7399448 0.7399448 0.7399448 0.7399448 0.7399448 0.7399448 0.7351329 3.436159 104.7986 104.5476 98.52235 66.70516 0.914562 0.6107463 0.6107463 0.6107463 0.6107463 0.6107463 0.6107463 0.6061184 0.3233155 0.1568278 0.1568278 0.1568278 0.1568278 0.1568278 0.1568278 0.1568278 0.1568278 0.1568278 0.1568278 0.1568278 0.1434707 0.09619669 0.08991872 0.0674884 0.06748841 0.0674884 0.06748841 0.0674884 0.0674884 0.0674884 0.06748841 0.0674884 0.0674884 0.0674884 0.0674884 0.0674884 0.0674884 0.0674884 0.0674884 0.0674884 0.0674884 0.0674884 0.0674884 0.0674884 0.0674884 0.0674884 0.0674884 0.0674884 0.0674884 0.09861357 0.6658995 0.6970923 0.6406224 0.6287908 0.6348857 0.6409811 0.647077 0.6531735 0.6592705 0.6466866 0.4011033
0.1496845 0.1502415 0.2939109 0.6845835 0.7399448 0.7399448 0.7399449 0.7399448 0.7361311 0.6766468 0.6107463 0.6107463 0.6107463 0.6107463 0.6107463 0.6107463 0.6107463 0.6107463 0.6107463 0.6107463 0.6107463 0.6107463 0.6107463 0.5352976 0.1733961 0.1568278 0.1568278 0.1568278 0.1568278 0.1568278 0.1568278 0.1568278 0.1568278 0.1568278 0.1568278 0.1481706 0.1013037 0.1107205 0.08196066 0.06748841 0.06748841 0.06748841 0.06748842 0.06748841 0.06748841 0.06748841 0.06748841 0.06748841 0.06748841 0.06748841 0.06748841 0.06748841 0.06748841 0.06748841 0.06748841 0.06748841 0.06748841 0.06748841 0.06748841 0.06748841 0.06748841 0.06748841 0.06748841 0.06748841 0.2465529 0.6957773 0.6244963 0.5869064 0.5869064 0.5869064 0.5869064 0.5869064 0.5869064 0.5869064 0.5869064 0.5869064
0.1496845 0.1497114 0.4624463 0.7336963 0.7399448 0.7399448 0.7399448 0.6953143 0.6155319 0.6107463 0.6107463 0.6107463 0.6107463 0.6107463 0.6107463 0.6107463 0.6107463 0.6107463 0.6107463 0.6107463 0.6107463 0.6107463 0.6107463 0.4180137 0.1568278 0.1568278 0.1568278 0.1568278 0.1568278 0.1568278 0.1568278 0.1568278 0.1568278 0.1568278 0.1568278 0.1568278 0.1568278 0.1568278 0.1054494 0.0674884 0.06748841 0.0674884 0.0674884 0.0674884 0.0674884 0.0674884 0.0674884 0.0674884 0.0674884 0.0674884 0.0674884 0.0674884 0.0674884 0.0674884 0.0674884 0.0674884 0.0674884 0.0674884 0.0674884 0.0674884 0.0674884 0.0674884 0.0674884 0.0674884 0.1410583 0.5766357 0.5869064 0.5869064 0.5869064 0.5869064 0.5869064 0.5869064 0.5869064 0.5869064 0.5869064 0.5869064
0.1496845 0.1496845 0.1663596 0.7043475 0.7399448 0.7399448 0.7270934 0.6542175 0.6107463 0.6107463 0.6107463 0.6107463 0.6107463 0.6107463 0.6107463 0.6107463 0.6107463 0.6107463 0.6107463 0.6107463 0.6107463 0.6107463 0.5560639 0.3473498 0.1568278 0.1568278 0.1568278 0.1568278 0.1568278 0.1568278 0.1568278 0.1568278 0.1568278 0.1568278 0.1568278 0.1568278 0.1568278 0.1568278 0.1227049 0.06748841 0.0674884 0.06748841 0.06748841 0.06748841 0.06748841 0.06748841 0.06748841 0.06748841 0.06748841 0.06748841 0.06748841 0.06748841 0.06748841 0.06748841 0.06748841 0.06748841 0.0674884 0.06748841 0.06748841 0.06748841 0.06748841 0.06748841 0.06748841 0.0674884 0.4792396 0.5869064 0.5869064 0.5869064 0.5869064 0.5869064 0.5869064 0.5869065 0.5869064 0.5869064 0.5869064 0.5869064
0.1496845 0.1496845 0.1510515 0.4422663 0.7235533 0.7345396 0.6878766 0.6107497 0.6107463 0.6107463 0.6107463 0.6107463 0.6107463 0.6107463 0.6107463 0.6107463 0.6107463 0.6107463 0.6107463 0.6107463 0.6107463 0.6107463 0.2315945 0.1568278 0.1568278 0.1568278 0.1568278 0.1568278 0.1568278 0.1568278 0.1568278 0.1568278 0.1568278 0.1568278 0.1568278 0.1568278 0.1568278 0.1568278 0.1403851 0.0674884 0.0674884 0.0674884 0.0674884 0.06748841 0.0674884 0.0674884 0.0674884 0.06748841 0.0674884 0.0674884 0.0674884 0.0674884 0.06748841 0.0674884 0.0674884 0.0674884 0.0674884 0.0674884 0.0674884 0.06748841 0.0674884 0.0674884 0.0674884 0.0674884 0.1388247 0.3590853 0.5482196 0.5869064 0.5869064 0.5869064 0.5869064 0.5869064 0.5869064 0.5869064 0.5869064 0.5869064
0.1496845 0.1496845 0.1496845 0.1496845 0.2463664 0.3640579 0.3835117 0.5943472 0.6107463 0.6107463 0.6107463 0.6107463 0.6107463 0.6107463 0.6107463 0.6107463 0.6107463 0.6107463 0.6107463 0.6107463 0.6107463 0.6032863 0.1606302 0.1568278 0.1568278 0.1568278 0.1568278 0.1568278 0.1568278 0.1568278 0.1568278 0.1568278 0.1568278 0.1568278 0.1568278 0.1568278 0.1568278 0.1568278 0.1546831 0.06899083 0.0674884 0.0674884 0.0674884 0.0674884 0.0674884 0.06748841 0.0674884 0.06748841 0.0674884 0.0674884 0.0674884 0.0674884 0.06748841 0.0674884 0.0674884 0.06748841 0.0674884 0.0674884 0.0674884 0.06748841 0.0674884 0.0674884 0.0674884 0.0674884 0.0674884 0.06748841 0.07769673 0.3974992 0.5869064 0.5869064 0.5869064 0.5869064 0.5869064 0.5869064 0.5869064 0.5869064
0.1496845 0.1496845 0.1496845 0.1496845 0.1496845 0.1496845 0.1496845 0.4719298 0.6107463 0.6107463 0.6107463 0.6107463 0.6107463 0.6107463 0.6107463 0.6107463 0.6107463 0.6107463 0.6107463 0.6107463 0.6107463 0.6105319 0.1699219 0.1568278 0.1568278 0.1568278 0.1568278 0.1568278 0.1568278 0.1568278 0.1568278 0.1568278 0.1568278 0.1568278 0.1568278 0.1568278 0.1568278 0.1568278 0.1533722 0.06864272 0.0674884 0.0674884 0.0674884 0.0674884 0.0674884 0.06748841 0.0674884 0.06748841 0.0674884 0.06748841 0.0674884 0.0674884 0.0674884 0.0674884 0.0674884 0.0674884 0.0674884 0.0674884 0.0674884 0.06748841 0.0674884 0.06748841 0.0674884 0.0674884 0.0674884 0.06748841 0.0674884 0.3952517 0.5869064 0.5869064 0.5869064 0.5869064 0.5869064 0.5869064 0.5869064 0.5869064
0.4757368 0.2264158 0.1496845 0.1496845 0.1496845 0.1496845 0.1496845 0.2987672 0.6088095 0.6107463 0.6107463 0.6107463 0.6107463 0.6107463 0.6107463 0.6107463 0.6107463 0.6107463 0.6107463 0.6107463 0.6107463 0.6058173 0.1855282 0.1568278 0.1568278 0.1568278 0.1568278 0.1568278 0.1568278 0.1568278 0.1568278 0.1568278 0.1568278 0.1568278 0.1568278 0.1568278 0.1568278 0.1568278 0.1417489 0.06748841 0.06748841 0.06748841 0.06748841 0.06748841 0.06748841 0.06748841 0.06748841 0.06748841 0.06748841 0.06748841 0.06748841 0.06748841 0.06748841 0.06748841 0.06748841 0.06748841 0.06748841 0.06748841 0.06748841 0.06748841 0.06748841 0.06748841 0.06748841 0.06748841 0.0674884 0.1229724 0.4512318 0.5869064 0.5869064 0.5869064 0.5869064 0.5869064 0.5869064 0.5869064 0.5869064 0.5869064
1.059314 1.058455 0.7462864 0.4777041 0.1834433 0.1496845 0.1496845 0.1496845 0.1982564 0.3017354 0.4051114 0.5236996 0.6107463 0.6107463 0.6107463 0.6107463 0.6107463 0.6107463 0.6107463 0.6107463 0.6107463 0.432321 0.1568278 0.1568278 0.1568278 0.1568278 0.1568278 0.1568278 0.1568278 0.1568278 0.1568278 0.1568278 0.1568278 0.1568278 0.1568278 0.1568278 0.1568278 0.1568278 0.132695 0.0674884 0.0674884 0.0674884 0.0674884 0.0674884 0.0674884 0.0674884 0.0674884 0.0674884 0.0674884 0.0674884 0.0674884 0.0674884 0.0674884 0.0674884 0.0674884 0.0674884 0.0674884 0.0674884 0.0674884 0.0674884 0.0674884 0.0674884 0.0674884 0.1329037 0.5456363 0.5869065 0.5869064 0.5869064 0.5869064 0.5869064 0.5869064 0.5869064 0.5869064 0.5869064 0.5869064 0.5869064
