Scenarios/Heterogeneous/data/country_data_population_distribution/processed/density_grids/isl.asc
ncols 277
nrows 86
xllcorner -24
yllcorner 63
[rows 0 to 32 of 86, columns 76 to 151 of 277]
0 0 0 0 0 0 0 0 0 0 0 0 0 0 0 0 0 0 0 0 0 0 0 0 0 0 0 0 0 0 0 0 0 0 0 0 0 0 0 0 0 0 0 0 0 0 0 0 0 0 0 0 0 0 0 0 0 0 0 0 0 0 0 0 0 0 0 0 0 0 0 0 0 0 0 0
0 0 0 0 0 0 0 0 0 0 0 0 0 0 0 0 0 0 0 0 0 0 0 0 0 0 0 0 0 0 0 0 0 0 0 0 0 0 0 0 0 0 0 0 0 0 0 0 0 0 0 0 0 0 0 0 0 0 0 0 0 0 0 0 0 0 0 0 0 0 0 0 0 0 0 0
0 0 0 0 0 0 0 0 0 0 0 0 0 0 0 0 0 0 0 0 0 0 0 0 0 0 0 0 0 0 0 0 0 0 0 0 0 0 0 0 0 0 0 0 0 0 0 0 0 0 0 0 0 0 0 0 0 0 0 0 0 0 0 0 0 0 0 0 0 0 0 0 0 0 0 0
0 0 0 0 0 0 0 0 0 0 0 0 0 0 0 0 0 0 0 0 0 0 0 0 0 0 0 0 0 0 0 0 0 0 0 0 0 0 0 0 0 0 0 0 0 0 0 0 0 0 0 0 0 0 0 0 0 0 0 0 0 0 0 0 0 0 0 0 0 0 0 0 0 0 0 0
0 0 0 0 0 0 0 0 0 0 0 0 0 0 0 0 0 0 0 0 0 0 0 0 0 0 0 0 0 0 0 0 0 0 0 0 0 0 0 0 0 0 0 0 0 0 0 0 0 0 0 0 0 0 0 0 0 0 0 0 0 0 0 0 0 0 0 0 0 0 0 0 0 0 0 0
0 0 0 0 0 0 0 0 0 0 0 0 0 0 0 0 0 0 0 0 0 0 0 0 0 0 0 0 0 0 0 0 0 0 0 0 0 0 0 0 0 0 0 0 0 0 0 0 0 0 0 0 0 0 0 0 0 0 0 0 0 0 0 0 0 0 0 0 0 0 0 0 0 0 0 0
0 0 0 0 0 0 0 0 0 0 0 0 0 0 0 0 0 0 0 0 0 0 0 0 0 0 0 0 0 0 0 0 0 0 0 0 0 0 0 0 0 0 0 0 0 0 0 0 0 0 0 0 0 0 0 0 0 0 0 0 0 0 0 0 0 0 0 0 0 0 0 0 0 0 0 0
0.829515 0.06009102 0 0 0 0 0 0 0 0 0 0 0 0 0 0 0 0 0 0 0 0 0 0 0 0 0 0 0 0 0 0 0 0 0 0 0 0 0 0 0 0 0 0 0 0 0 0 0 0 0 0 0 0 0 0 0 0 0 0 0 0 0 0 0 0 0 0 0 0 0 0 0 0 0 0
0.1593216 0.06009102 0.06009101 0 0 0 0 0 0 0 0 0 0 0 0 0 0 0 0 0 0 0 0 0 0 0 0 0 0 0 0 0 0 0 0 0 0 0 0 0 0 0 0 0 0 0 0 0 0 0 0 0 0 0 0 0 0 0 0 0 0 0 0 0 0 0 0 0 0 0 0 0 0 0 0 0
0.06009102 0.06009102 0.06009102 0.06009102 0.06009102 0.06009102 0.06009102 0 0 0 0 0 0 0 0 0 0 0 0 0 0 0 0 0 0 0 0 0 0 0 0 0 0 0 0 0 0 0 0 0 0 0 0 0 0 0 0 0 0 0 0 0 0 0 0 0 0 0 0 0 0 0 0 0 0 0 0 0 0 0 0 4.522738 4.522738 4.522738 4.522738 4.522737
0.06009102 0.06009102 0.06009101 0.06009101 0.06009102 0.06009102 0.06009102 0 0 0 0 0 0 0 0 0 0 0 0 0 0 0 0 0 0 0 0 0 0 0 0 0 0 0 0 0 0 0 0 0 0 0 0 0.2189704 0.2189704 0 0 0 0 0 0 0 0 0 0 0 0 0 0 0 0 0 0 0 0 0 0 0 0 1.059314 1.56105 3.089688 4.479522 4.522738 4.522738 4.522738
0.06009102 0.06009102 0.06009102 0.06009101 0.06009102 0.06009102 0.06009102 0 0 0 0.06009101 0 0 0 0 0 0 0 0 0 0 0 0 0 0 0 0 0 0 0 0 0 0 0 0 0 0 0.2189704 0.2189704 0.2189704 0.2189704 0.2189704 0.2189704 0.4123816 0.9467601 1.059314 1.059314 0 0 0 0 0 0 0 0 0 0 0 0 0 0 0 0 0 0 0 1.059314 0 1.059314 1.059314 1.059314 1.11094 3.117206 4.375709 4.522738 4.522738
0.06009101 0.06009101 0.06009101 0.06009102 0.06009102 0.06009102 0.06009102 0.06009102 0.06009102 0.06009102 0.06009102 0.06009102 0 0 0 0 0 0 0 0 0 0 0 0 0 0 0 0 0 0 0 0 0 0 0 0 0 0.2189704 0.2189704 0.2189704 0.2189704 0.2189704 0.2803531 0.9855394 1.059314 1.059314 1.059314 1.059314 0 0 0 0 0 0 0 0 0 0 0 0 1.059314 1.059314 1.059314 1.059314 1.059314 1.059314 1.059314 1.059314 1.059314 1.059314 1.059314 1.059314 1.059314 1.231686 2.834132 4.322297
0.06009102 0.06009102 0.06009102 0.06009102 0.06009102 0.06009101 0.06009101 0.06009102 0.06009101 0.06009102 0.06009102 0.06009102 0.06009102 0.06009101 0.06009101 0.06009102 0.06009102 0 0 0 0 0 0 0 0 0 0 0 0 0 0 0 0 0 0 0 0 0.2189704 0.2189704 0.2189704 0.2189704 0.2189704 0.220654 0.5591146 1.057585 1.059314 1.059314 1.059314 1.059314 1.059314 0 0 0 0 0 0 0 0 1.059314 1.059314 1.059314 1.059314 1.059314 1.059314 1.059314 1.059314 1.059314 1.059314 1.059314 1.059314 1.059314 1.059314 1.059314 1.059314 1.455038 4.162219
0.06045715 0.09213891 0.1271081 0.0827348 0.06765148 0.06009102 0.06009102 0.06009102 0.06009102 0.06009102 0.06009102 0.06009102 0.06009102 0.06009102 0.06009102 0.06009101 0.06009101 0 0 0 0 0 0 0 0 0 0 0 0 0 0 0 0 0 0 0 0 0 0.2189704 0.2189704 0.2189704 0.2189704 0.2189704 0.2189704 0.526827 1.059314 1.059314 1.059314 1.059314 1.059314 0 0 0 0 0 0 0 0 1.059314 1.059314 1.059314 1.059314 1.059314 1.059314 1.059314 1.059314 1.059314 1.059314 1.059314 1.059314 1.059314 1.059314 1.059314 1.059314 2.240244 4.522738
0.2102103 0.2539802 0.2539802 0.228905 0.1907415 0.1783614 0.124859 0.1093267 0.0691773 0.06009102 0.06009102 0.06009102 0.06009102 0.06009102 0.06009103 0.06009103 0.06009103 0.06009101 0 0 0 0 0 0 0 0 0 0 0 0 0 0 0 0 0 0 0 0 0.2189704 0.2189704 0.2189704 0.2189704 0.2189704 0.2189704 0.2367008 0.7371519 1.059314 1.059314 1.059314 1.059314 1.059314 1.059314 0 0 0 1.059314 1.059314 0 0 1.059314 1.059314 1.059314 1.059314 1.059314 1.059314 1.059314 1.059314 1.059314 1.059314 1.059314 1.059314 1.059314 1.059314 1.059314 1.360387 3.316823
0.2539802 0.2539802 0.2539802 0.2203643 0.1908949 0.1908949 0.1908949 0.1908949 0.1441593 0.09963891 0.1226242 0.1156288 0.1265198 0.1259094 0.1115319 0.1417533 0.1443838 0.1421839 0 0 0 0 0 0 0 0 0 0 0 0 0 0 0 0 0 0 0 0 0 0.2189704 0.2189704 0.2189704 0.2189704 0.3188885 6.786672 8.261548 4.91409 1.059314 1.059314 1.059314 1.059314 1.059314 1.059314 1.059314 1.059314 0 0 0 0 0 0 1.059314 1.059314 1.059314 1.059314 1.059314 1.059314 1.059314 1.059314 1.059314 1.059314 1.059314 1.059314 1.310263 1.378993 2.679446
0.2539802 0.2539802 0.2539802 0.2525872 0.2167976 0.1908949 0.1908949 0.1908949 0.1908949 0.1908949 0.1908949 0.1908949 0.1908949 0.1908949 0.1908949 0.1908949 0.1908949 0.1908949 0 0 0 0 0 0 0 0 0 0 0 0 0 0 0 0 0 0 0 0 0 0 5.16836 5.517127 4.51426 3.919678 6.135136 3.533424 1.430689 0.6790864 1.02919 1.059314 1.059314 1.059314 1.059314 1.059314 1.059314 1.059314 0 0 0 0 0 0 1.059314 1.059314 1.059314 1.059314 1.059314 1.059314 1.059314 1.059314 1.059314 1.059314 1.303267 3.455291 3.455291 3.455291
0.2539802 0.2539802 0.2539802 0.2539802 0.2539555 0.2045491 0.1908949 0.1908949 0.1908949 0.1908949 0.1908949 0.1908949 0.1908949 0.1908949 0.1908949 0.1908949 0.1908949 0 0 0 0 0 0 0 0 0 0 0 0 0 0 0 0 0 0 0 0 0 0 8.917843 4.293521 1.637378 0.2807891 0.2189704 0.2189704 0.2189704 0.2189704 0.2768988 0.7089893 1.059314 1.059314 1.059314 1.059314 1.059314 1.059314 1.059314 1.059314 0 0 0 0 0 1.059314 1.059314 1.059314 1.059314 1.059314 1.059314 1.059314 1.059314 1.059314 1.059314 1.067644 1.657365 2.428173 3.134157
0.2539802 0.2539802 0.2539802 0.2539802 0.2539802 0.2509635 0.2212182 0.1908949 0.1908949 0.1908949 0.1908949 0.1908949 0.1908949 0.1908949 0.1908949 0.1908949 0 0 0 0 0 0 0 0 0 0 0 0 0 0 0 0 0 0 0 0 0 0 0 0 0.2189704 0.2189704 0.2189704 0.2189704 0.2189704 0.2189704 0.2189704 0.2205025 0.5083122 1.002408 1.059314 1.059314 1.059314 1.059314 1.059314 1.059314 1.059314 0 1.059314 1.059314 0 1.059314 1.059314 1.059314 1.059314 1.059314 1.059314 1.059314 1.059314 1.059314 1.059314 1.059314 1.059314 1.059314 1.059314 1.059314
0.2539802 0.2539802 0.2539802 0.2539802 0.2539802 0.2539802 0.2539802 0.2517267 0.1908949 0.1908949 0.1908949 0.1908949 0.1908949 0.1908949 0.1908949 0.1908949 0 0 0 0 0 0 0 0 0 0 0 0 0 0 0 0 0 0 0 0 0 0 0 0 0 2.268148 2.182391 2.013694 2.23057 1.371457 0.2189704 0.2189704 0.2189704 0.8650303 1.059314 1.059314 1.059314 1.059314 1.059314 1.059314 1.059314 1.059314 1.059314 1.059314 1.059314 1.059314 1.059314 1.059314 1.059314 1.059314 1.059314 1.059314 1.059314 1.059314 1.059314 1.059314 1.059314 1.059314 1.059314 1.059314
0.2529346 0.2539802 0.2539802 0.2539802 0.2539802 0.2539802 0.2539802 0.2539802 0.2539802 0.1908949 0.1908949 0.1908949 0.1908949 0.1908949 0.1908949 0 0 0 0 0 0 0 0 0 0 0 0 0 0 0 0.379894 0.379894 0.379894 0.379894 0 0 0 0 0 0 4.483316 4.483316 4.483316 4.483317 4.483317 4.47743 2.834293 1.706622 2.205595 1.727131 1.059314 1.059314 1.059314 1.059314 1.059314 1.059314 1.059314 1.059314 1.059314 1.059314 1.059314 1.059314 1.059314 1.059314 1.059314 1.059314 1.059314 1.059314 1.059314 1.059314 1.059314 1.059314 1.059314 1.059314 1.059314 1.037846
0.2389605 0.2471085 0.2511309 0.2539802 0.2539802 0.2539802 0.2539802 0.2539802 0.2539802 0.2539802 0.2539802 0.2539802 0.2539802 0.2539802 0.2539802 0 0 0 0 0 0 0 0 0 0 0 0 0.379894 0.379894 0.379894 0.379894 0.379894 0.379894 0 0 0 0 0 0 0 0.9068233 2.009594 3.025823 2.626286 4.066808 4.483317 4.483317 4.442954 3.538084 4.399872 2.253096 1.778169 1.059314 1.059314 1.059314 1.059314 1.059314 1.059314 1.059314 1.059314 1.059314 1.051824 0.2619783 0.2205711 0.2083026 0.2013533 0.3249667 0.8326699 1.033094 1.059314 1.059314 1.059314 1.059314 1.059314 1.059314 1.046965
0.2386643 0.2386643 0.239948 0.2471033 0.2539579 0.2539802 0.2539802 0.2539802 0.2539802 0.2539802 0.2539802 0.2539802 0.2539802 0.2539802 0.2539802 0.2539802 0.2539802 0 0 0 0 0 0 0 0 0.379894 0.379894 0.379894 0.379894 0.379894 0.379894 0.379894 0.379894 0.3798409 0.1010593 0.1004724 0.1004724 0.1004724 0.1004724 0.1004724 0.1004724 0.1004724 0.1004724 0.1004724 0.6815927 2.827692 4.234448 3.633639 0.1953405 0.9044075 2.058778 1.833959 0.9162204 0.8459377 1.057005 1.059314 1.059314 1.059314 1.059314 1.059314 1.059314 1.041626 0.5435325 0.1496845 0.1496845 0.1496845 0.1496845 0.1496845 0.2083907 0.6378109 0.9560317 1.059314 1.059314 1.059314 1.043193 0.8111197
0.2386643 0.2386643 0.2386643 0.2401288 0.2502995 0.2511852 0.2538979 0.2539802 0.2539802 0.2539802 0.2539802 0.2539802 0.2539802 0.2539802 0.2539802 0.2539802 0.2539802 0 0 0 0 0 0 0 0.379894 0.379894 0.379894 0.379894 0.379894 0.379894 0.379894 0.379894 0.379894 0.379894 0.379894 0.1011974 0.1004724 0.1004724 0.1004724 0.1004724 0.1004724 0.1004724 0.1004724 0.1004724 0.1004724 0.1004724 0.2045553 0.2541604 0.1004724 0.1004724 0.1004724 0.1004724 0.1004724 0.1004724 0.2323145 0.5168748 0.7366126 1.056503 1.059314 1.059314 1.059314 1.059314 1.059314 0.3232501 0.1496845 0.1496845 0.1496845 0.1496845 0.1496845 0.1496845 0.1579323 0.1883614 0.3378794 0.2624856 0.1819732 0.3246066
0.2386643 0.2386643 0.2386643 0.2386643 0.2386643 0.2386643 0.2432929 0.2451311 0.249114 0.2539792 0.2539802 0.2539802 0.2539802 0.2539802 0.2539802 0.2539802 0.2539802 0 0 0 0 0 0 0 0.379894 0.379894 0.379894 0.379894 0.379894 0.379894 0.379894 0.379894 0.379894 0.379894 0.379894 0.2618342 0 0.1004724 0.1004724 0.1004724 0.1004724 0.1004724 0.1004724 0.1004724 0.1004724 0.1004724 0.1004724 0.1004724 0.1004724 0.1004724 0.1004724 0.1004724 0.1004724 0.1004724 0.1004724 0.1194906 0.4465301 0.9025795 1.059314 1.059314 1.059314 1.059314 1.059314 0.656399 0.1762489 0.1496845 0.1496845 0.1496845 0.1496845 0.1496845 0.1496845 0.1496845 0.1496845 0.1496845 0.1496845 0.1496845
0.2386643 0.2386643 0.2386643 0.2386643 0.2386643 0.2386643 0.2386643 0.2391094 0.2479581 0.2520731 0.2539802 0.2539802 0.2539802 0.2539802 0.2539802 0.2539802 0.2778181 0.3711027 0 0 0 0 0 0 0.379894 0.379894 0.379894 0.379894 0.379894 0.379894 0.379894 0.379894 0.379894 0.379894 0.379894 0.379894 0.3796251 0.2585882 0.1004724 0.1004724 0.1004724 0.1004724 0.1004724 0.1004724 0.1004724 0.1004724 0.1004724 0.1004724 0.1004724 0.1004724 0.1004724 0.1004724 0.1004724 0.1004724 0.1004724 0.1004724 0.6655394 0.7929952 0.8013618 1.013655 1.059314 1.059314 1.059314 1.059314 0.878335 0.318036 0.1496845 0.1496845 0.1496845 0.1496845 0.1496845 0.1496845 0.1496845 0.1496845 0.1496845 0.1496845
0.2386643 0.2386794 0.2393668 0.2407576 0.2413971 0.2432893 0.2479351 0.2486188 0.249614 0.2527248 0.2539802 0.2539802 0.2539802 0.2539802 0.2735009 0.3231418 0.3728422 0.379894 0.379894 0.379894 0 0.379894 0.379894 0.379894 0.379894 0.379894 0.379894 0.379894 0.379894 0.379894 0.379894 0.379894 0.379894 0.379894 0.379894 0.379894 0.3796558 0.2815837 0.1117534 0.1004724 0.1004724 0.1004724 0.1004724 0.1004724 0.1004724 0.1004724 0.1004724 0.1004724 0.1004724 0.1004724 0.1004724 0.1004724 0.1004724 0.1004724 0.1004724 0.1004724 0.1004724 0.1004724 0.1004724 0.1937598 0.8843865 1.059314 1.059314 1.059314 1.059314 1.055706 0.8595755 0.3200795 0.1496845 0.1496845 0.1496845 0.1496845 0.1496845 0.1496845 0.1496845 0.1496845
0.249614 0.249614 0.249614 0.249614 0.249614 0.249614 0.249614 0.249614 0.2516909 0.2539538 0.2539802 0.2539802 0.2629656 0.3133162 0.3771887 0.379894 0.379894 0.379894 0.379894 0.379894 0 0.379894 0.379894 0.379894 0.379894 0.379894 0.379894 0.379894 0.379894 0.379894 0.379894 0.379894 0.379894 0.379894 0.379894 0.379894 0.3405035 0.1004724 0.1004724 0.1004724 0.1004724 0.1004724 0.1004724 0.1004724 0.1004724 0.1004724 0.1004724 0.1004724 0.1004724 0.1004724 0.1004724 0.1004724 0.1004724 0.1004724 0.1004724 0.1004724 0.1004724 0.1004724 0.1004724 0.1004724 0.4249383 1.058153 1.059314 1.059314 1.059314 1.059314 1.059314 1.006282 0.7185715 0.1967699 0.1496845 0.1496845 0.1496845 0.1496845 0.1496845 0.1496845
0.249614 0.249614 0.249614 0.249614 0.249614 0.249614 0.249614 0.249614 0.2505853 0.252326 0.2518004 0.2506097 0.2894784 0.3782412 0.379894 0.379894 0.379894 0.379894 0.379894 0.379894 0 0.379894 0.379894 0.379894 0.379894 0.379894 0.379894 0.379894 0.379894 0.379894 0.379894 0.379894 0.379894 0.379894 0.379894 0.379894 0.3773908 0.1433047 0.1004724 0.1004724 0.1004724 0.1004724 0.1004724 0.1004724 0.1004724 0.1004724 0.1004724 0.1004724 0.1004724 0.1004724 0.1004724 0.1004724 0.1004724 0.1004724 0.1004724 0.1004724 0.1004724 0.1004724 0.1004724 0.113682 0.2306263 0.8832542 1.059314 1.059314 1.059314 1.059314 1.059314 1.059314 1.059314 0.9946518 0.901962 0.6408951 0.2140249 0.1496845 0.1496845 0.1496845
0.249614 0.249614 0.249614 0.249614 0.249614 0.249614 0.249614 0.249614 0.249614 0.249614 0.249614 0.249614 0.249614 0.2848014 0.3682095 0.379894 0.379894 0.379894 0.379894 0.379894 0 0.379894 0.379894 0.379894 0.379894 0.379894 0.379894 0.379894 0.379894 0.379894 0.379894 0.379894 0.379894 0.379894 0.379894 0.379894 0.379894 0.375181 0.3223964 0.2861822 0.2148873 0.1004724 0.1004724 0.1004724 0.1004724 0.1004724 0.1004724 0.1004724 0.1004724 0.1004724 0.1004724 0.1004724 0.1004724 0.1004724 0.1004724 0.1004724 0.1004724 0.1004724 0.1004724 0.1004724 0.6075109 1.050696 1.059314 1.059314 1.059314 1.059314 1.059314 1.059314 1.059314 1.059314 1.059314 1.059314 0.4567073 0.1496845 0.1715425 0.1496845
0.249614 0.249614 0.249614 0.249614 0.249614 0.249614 0.249614 0.249614 0.249614 0.249614 0.249614 0.249614 0.249614 0.249614 0.25005 0.3239724 0.3789962 0.379894 0.379894 0.379894 0.379894 0.379894 0.379894 0.379894 0.379894 0.379894 0.379894 0.379894 0.379894 0.379894 0.379894 0.379894 0.379894 0.379894 0.379894 0.379894 0.379894 0.379894 0.379894 0.3289055 0.1586928 0.1004724 0.1004724 0.1004724 0.1004724 0.1004724 0.1004724 0.1004724 0.1004724 0.1004724 0.1004724 0.1004724 0.1004724 0.1004724 0.1004724 0.1004724 0.1004724 0.1004724 0.1004724 0.1004724 0.1004724 0.2810723 0.9609588 1.059314 1.059314 1.059314 1.059314 1.059314 1.059314 1.059314 1.059314 1.059314 1.002708 0.9181111 1.047041 0.7797174
0.249614 0.249614 0.249614 0.249614 0.249614 0.249614 0.249614 0.249614 0.249614 0.249614 0.249614 0.249614 0.249614 0.249614 0.249614 0.249614 0.2690152 0.3540174 0.379894 0.379894 0.379894 0.379894 0.379894 0.379894 0.379894 0.379894 0.379894 0.379894 0.379894 0.379894 0.379894 0.379894 0.379894 0.379894 0.379894 0.379894 0.379894 0.379894 0.379894 0.3771963 0.2385561 0.1013847 0.1004724 0.1004724 0.1004724 0.1004724 0.1004724 0.1004724 0.1004724 0.1004724 0.1004724 0.1004724 0.1004724 0.1004724 0.1004724 0.1004724 0.1004724 0.1004724 0.1004724 0.1004724 0.1004724 0.1004724 0.6034985 1.059314 1.059314 1.059314 1.059314 1.059314 1.059314 1.059314 1.059314 1.059314 1.059314 1.059314 1.059314 1.059314
