Scenarios/Heterogeneous/data/country_data_population_distribution/processed/density_grids/jor.asc
ncols 127
nrows 105
xllcorner 34
yllcorner 29
[rows 36 to 71 of 105, columns 0 to 82 of 127]
0 0 0 0 0 0 0 0 0 0 0 0 0 0 0 0 0 0 0 0 0 0 0 0 0 0 0 0 0 0 0 0 0 0 0 0 0 0 0 0 0 243.7536 200.0439 200.0439 384.3621 566.1442 544.8642 504.9892 750.4405 2328.38 2553.011 797.7086 110.575 68.89077 76.25461 89.26819 51.12665 42.49221 42.49221 42.49221 50.88011 46.48287 26.3484 3.054219 2.988248 2.988247 2.988248 2.988248 2.988248 2.988247 2.988248 2.988247 2.988248 2.988248 2.988248 2.988247 2.988248 2.988247 2.988248 2.988247 2.988248 2.994431 4.422669
0 0 0 0 0 0 0 0 0 0 0 0 0 0 0 0 0 0 0 0 0 0 0 0 0 0 0 0 0 0 0 0 0 0 0 0 0 0 0 0 0 248.8174 200.044 205.0471 322.2702 426.5006 455.0504 359.8755 309.9507 873.6134 278.5295 62.0957 70.71822 42.60902 42.49222 42.49222 42.49222 42.49222 42.49222 42.49222 42.49222 42.49222 42.49222 27.90236 3.926684 2.988247 2.988248 2.988248 2.988248 2.988248 2.988248 2.988248 2.988248 2.988248 2.988248 2.988248 2.988248 2.988248 2.988248 2.988248 2.988248 2.988248 2.988248
0 0 0 0 0 0 0 0 0 0 0 0 0 0 0 0 0 0 0 0 0 0 0 0 0 0 0 0 0 0 0 0 0 0 0 0 0 0 0 0 0 310.5533 200.0439 502.8505 240.2151 191.5018 295.3019 413.8574 226.5344 19.0105 19.0105 40.74105 73.48262 62.25715 45.42835 42.49221 42.49222 42.49221 42.44993 35.71301 36.06319 39.37668 42.46296 42.49221 22.8827 2.988248 2.988248 2.988248 2.988248 2.988248 2.988248 2.988248 2.988248 2.988248 2.988248 2.988248 2.988248 2.988248 2.988248 2.988248 2.988248 2.988248 2.988248
0 0 0 0 0 0 0 0 0 0 0 0 0 0 0 0 0 0 0 0 0 0 0 0 0 0 0 0 0 0 0 0 0 0 0 0 0 0 0 0 0 52.07328 261.5051 720.7385 757.8101 656.8785 541.7592 755.7028 85.67479 19.0105 19.0105 19.0105 19.11448 49.10649 77.62399 61.96408 80.31958 86.65821 51.45697 19.0105 19.0105 19.0105 22.59476 33.21653 34.59817 11.48328 2.988248 2.988248 2.988248 4.319283 6.06839 2.988248 2.988248 2.988248 2.988248 2.988248 2.988248 2.988248 2.988248 2.988248 2.988248 2.988248 2.988247
0 0 0 0 0 0 0 0 0 0 0 0 0 0 0 0 0 0 0 0 0 0 0 0 0 0 0 0 0 0 0 0 0 0 0 0 0 0 0 0 0 52.07329 52.07329 52.0733 58.37913 88.0981 428.0763 565.9321 74.04667 19.0105 19.0105 19.0105 19.0105 19.0105 28.87854 62.81898 76.63506 73.35986 30.4468 19.0105 19.0105 19.0105 19.0105 19.0105 19.0105 19.00927 14.94863 11.40326 14.52795 18.71488 18.85808 9.727717 2.988247 2.988248 2.988248 2.988248 2.988247 2.988248 2.988247 2.988248 2.988247 2.988247 2.988248
0 0 0 0 0 0 0 0 0 0 0 0 0 0 0 0 0 0 0 0 0 0 0 0 0 0 0 0 0 0 0 0 0 0 0 0 0 0 0 0 0 52.07329 52.07329 52.07329 63.51207 149.522 547.8655 116.8962 19.95871 19.0105 19.0105 19.0105 19.0105 19.0105 19.0105 19.0105 19.0105 19.0105 19.0105 19.0105 19.0105 19.0105 19.0105 19.0105 19.0105 19.0105 19.0105 19.0105 19.0105 19.0105 19.0105 19.003 11.35034 3.035438 2.988248 2.988248 2.988248 2.988248 2.988248 2.988248 2.988248 2.988248 2.988248
0 0 0 0 0 0 0 0 0 0 0 0 0 0 0 0 0 0 0 0 0 0 0 0 0 0 0 0 0 0 0 0 0 0 0 0 0 0 0 0 0 29.3884 37.21286 41.28077 63.53208 152.988 166.185 148.3552 99.19777 16.72966 18.93386 19.0105 19.0105 19.0105 19.0105 19.0105 19.0105 19.0105 19.0105 19.0105 19.0105 19.0105 19.0105 19.0105 19.0105 19.0105 19.0105 19.0105 19.0105 19.0105 19.0105 19.0105 19.0105 12.93322 3.259792 2.988248 2.988247 2.988248 2.988247 2.988248 2.988247 2.988247 2.988248
0 0 0 0 0 0 0 0 0 0 0 0 0 0 0 0 0 0 0 0 0 0 0 0 0 0 0 0 0 0 0 0 0 0 0 0 0 0 0 0 0 24.88644 24.88643 24.88643 26.44785 95.99108 127.539 104.7027 53.93546 3.483904 5.499517 11.53304 19.0105 19.0105 19.0105 19.0105 19.0105 19.0105 19.0105 19.0105 19.0105 19.0105 19.0105 19.0105 19.0105 19.0105 19.0105 19.0105 19.0105 19.0105 19.0105 19.0105 19.0105 19.0105 14.33894 3.668799 2.988248 2.988248 2.988248 2.988248 3.259112 6.691413 11.03079
0 0 0 0 0 0 0 0 0 0 0 0 0 0 0 0 0 0 0 0 0 0 0 0 0 0 0 0 0 0 0 0 0 0 0 0 0 0 0 0 0 24.88643 24.88643 24.88644 27.87538 66.02824 79.2574 79.25741 61.72427 3.541821 3.152605 3.405284 12.23665 18.40854 19.0105 19.0105 19.0105 19.0105 19.0105 19.0105 19.0105 19.0105 19.0105 19.0105 19.0105 19.0105 19.0105 19.0105 19.0105 19.0105 19.0105 19.0105 19.0105 19.0105 19.0105 15.56002 4.51689 6.605982 10.94536 0 0 0 0
0 0 0 0 0 0 0 0 0 0 0 0 0 0 0 0 0 0 0 0 0 0 0 0 0 0 0 0 0 0 0 0 0 0 0 0 0 0 0 0 0 25.48572 29.70092 40.7669 69.30495 79.2574 79.2574 79.25741 26.97993 3.152605 3.152605 3.152605 3.152605 4.021397 8.34269 9.668558 8.829953 8.222525 8.773211 9.908082 10.9648 10.92328 9.088883 8.065802 7.880929 6.156091 7.541145 8.782883 9.013925 8.738461 8.462927 8.187394 7.911863 7.636334 7.360808 7.085283 0 0 0 0 0 0 0
0 0 0 0 0 0 0 0 0 0 0 0 0 0 0 0 0 0 0 0 0 0 0 0 0 0 0 0 0 0 0 0 0 0 0 0 0 0 0 0 0 38.32075 47.80342 57.30136 90.92914 103.415 101.8413 84.1395 5.011714 3.162111 3.197476 3.152605 3.152605 3.152605 3.152605 3.152605 3.152605 3.152605 3.152605 3.152605 3.152605 3.152605 3.152605 3.152605 3.152605 3.152605 3.152605 3.152605 3.152605 3.152605 3.152605 3.152605 3.152605 3.152605 3.152605 3.152605 3.224443 0 0 0 0 0 0
0 0 0 0 0 0 0 0 0 0 0 0 0 0 0 0 0 0 0 0 0 0 0 0 0 0 0 0 0 0 0 0 0 0 0 0 0 0 0 38.32075 38.32076 38.32076 38.32076 45.38241 108.0961 137.73 108.7538 112.1865 46.54318 5.432931 5.853539 5.107079 3.308795 3.152605 3.152605 3.152605 3.152605 3.152605 3.152605 3.152605 3.152605 3.152605 3.152605 3.152605 3.152605 3.152605 3.152605 3.152605 3.152605 3.152605 3.152605 3.152605 3.152605 3.152605 3.152605 3.152605 3.152605 3.222404 0 0 0 0 0
0 0 0 0 0 0 0 0 0 0 0 0 0 0 0 0 0 0 0 0 0 0 0 0 0 0 0 0 0 0 0 0 0 0 0 0 0 0 0 38.32076 38.32076 38.32076 38.32076 126.1886 143.3968 139.6957 127.2891 126.2608 56.52809 5.889528 5.889528 5.889528 5.291261 4.036241 3.152605 3.152605 3.152605 3.152605 3.152605 3.152605 3.152605 3.152605 3.152605 3.152605 3.152605 3.152605 3.152605 3.152605 3.152605 3.152605 3.152605 3.152605 3.152605 3.152605 3.152605 3.152605 3.152605 3.152605 3.220394 0 0 0 0
0 0 0 0 0 0 0 0 0 0 0 0 0 0 0 0 0 0 0 0 0 0 0 0 0 0 0 0 0 0 0 0 0 0 0 0 0 0 38.32075 38.32076 38.32076 38.32076 39.89023 132.8638 158.5947 130.674 127.3768 127.3768 52.75231 5.889529 5.889529 5.889529 5.889528 5.512798 3.399797 3.152605 3.152605 3.152605 3.152605 3.152605 3.152605 3.152605 3.152605 3.152605 3.152605 3.152605 3.152605 3.152605 3.152605 3.152605 3.152605 3.152605 3.152605 3.152605 3.152605 3.152605 3.152605 3.152605 3.152605 3.218415 0 0 0
0 0 0 0 0 0 0 0 0 0 0 0 0 0 0 0 0 0 0 0 0 0 0 0 0 0 0 0 0 0 0 0 0 0 0 0 0 0 38.32075 38.32075 38.32076 38.32076 38.32076 121.9238 213.602 137.5647 151.9351 188.0757 206.2687 20.1734 5.889528 5.889528 5.889528 5.889528 5.626249 3.309652 2.405384 2.947114 3.114343 3.116549 3.118756 3.120962 3.123169 3.125375 3.127581 3.129787 3.131994 3.1342 3.136406 3.138613 3.140819 3.143026 3.145232 3.147438 3.149644 3.151823 3.152605 3.152605 3.152605 3.152605 3.216464 0 0
0 0 0 0 0 0 0 0 0 0 0 0 0 0 0 0 0 0 0 0 0 0 0 0 0 0 0 0 0 0 0 0 0 0 0 0 0 0 38.32075 38.32076 38.32076 38.32076 38.32076 184.041 220.1526 217.3526 220.1526 220.1526 220.1526 95.32652 5.889528 5.889528 5.889528 5.889528 5.889529 2.545866 0.3165136 0.3165136 0.3165136 0.3165135 0.3165136 0.3165136 0.3165136 0.3165136 0.3165136 0.3165136 0.3165136 0.3165136 0.3165136 0.3165136 0.3165136 0.3165136 0.3165136 0.3165136 0.3165136 0.3165412 0.3179657 0.3201711 0.3223764 0.3245818 0.3267872 0.4000619 0
0 0 0 0 0 0 0 0 0 0 0 0 0 0 0 0 0 0 0 0 0 0 0 0 0 0 0 0 0 0 0 0 0 0 0 0 0 0 33.62057 38.32075 45.66274 62.2957 70.64275 225.4723 220.1526 220.1526 220.1526 169.8417 96.40799 9.304139 5.889529 5.889528 5.889529 5.889529 5.889529 3.237729 0.3165135 0.3165135 0.3165135 0.3165135 0.3165135 0.3165135 0.3165135 0.3165135 0.3165135 0.3165135 0.3165135 0.3165135 0.3165135 0.3165135 0.3165135 0.3165135 0.3165135 0.3165135 0.3165135 0.3165135 0.3165135 0.3165135 0.3165135 0.3165135 0.3165136 0.3165135 0.3863398
0 0 0 0 0 0 0 0 0 0 0 0 0 0 0 0 0 0 0 0 0 0 0 0 0 0 0 0 0 0 0 0 0 0 0 0 0 0 0 91.50089 102.4999 102.4999 219.0896 249.8419 220.1526 220.1526 220.1526 134.1434 5.889528 5.889528 5.889528 5.889529 5.889528 5.889529 5.889528 5.886992 3.137516 0.3216515 0.3165135 0.3165136 0.3165135 0.3165135 0.3165135 0.3165136 0.3165135 0.3165136 0.3165135 0.3165135 0.3165135 0.3165136 0.3165135 0.3165136 0.3165135 0.3165135 0.3165135 0.3165136 0.3165135 0.3165136 0.3165135 0.3165136 0.3165135 0.3165135 0.3165136
0 0 0 0 0 0 0 0 0 0 0 0 0 0 0 0 0 0 0 0 0 0 0 0 0 0 0 0 0 0 0 0 0 0 0 0 0 0 0 95.95072 102.4999 109.1912 149.4635 216.6639 198.7583 214.3103 208.2677 112.4062 5.889528 5.889528 5.889528 5.889528 5.889528 5.889528 5.889528 5.889528 5.889529 1.898885 0.3165135 0.3165135 0.3165136 0.3165136 0.3165135 0.3165135 0.3165136 0.3165135 0.3165136 0.3165136 0.3165135 0.3165135 0.3165136 0.3165135 0.3165136 0.3165136 0.3165136 0.3165135 0.3165135 0.3165135 0.3165136 0.3165135 0.3165135 0.3165135 0.3165135
0 0 0 0 0 0 0 0 0 0 0 0 0 0 0 0 0 0 0 0 0 0 0 0 0 0 0 0 0 0 0 0 0 0 0 0 0 0 87.53129 102.4999 102.4999 133.4851 171.2488 171.2488 171.2488 178.4604 174.8586 152.0579 47.43772 5.889528 5.889529 5.889529 5.889529 5.889529 5.889528 5.889528 5.379732 0.5218554 0.3165136 0.3165136 0.3165136 0.3165136 0.3165136 0.3165136 0.3165136 0.3165136 0.3165135 0.3165136 0.3165136 0.3165136 0.3165136 0.3165136 0.3165136 0.3165136 0.3165136 0.3165136 0.3165136 0.3165136 0.3165136 0.3165136 0.3165135 0.3165136 0.3165136
0 0 0 0 0 0 0 0 0 0 0 0 0 0 0 0 0 0 0 0 0 0 0 0 0 0 0 0 0 0 0 0 0 0 0 0 0 0 102.4999 99.30782 95.08898 156.9113 171.2488 171.2488 171.2488 159.0302 160.1908 164.2938 85.60242 5.889528 5.889529 5.889528 5.889529 5.889528 5.889529 5.889529 2.860662 0.3165135 0.3165135 0.3165135 0.3165135 0.3165135 0.3165135 0.3165135 0.3165135 0.3165135 0.3165135 0.3165135 0.3165135 0.3165135 0.3165135 0.3165135 0.3165135 0.3165135 0.3165135 0.3165135 0.3165135 0.3165135 0.3165135 0.3165135 0.3165135 0.3165135 0.3165135
0 0 0 0 0 0 0 0 0 0 0 0 0 0 0 0 0 0 0 0 0 0 0 0 0 0 0 0 0 0 0 0 0 0 0 0 0 0 102.4814 61.97837 54.67097 62.89895 83.01357 92.94657 116.0022 149.2141 169.4941 171.2488 167.9505 123.4645 5.889528 5.889528 5.889529 5.889528 5.889529 3.31392 0.3461489 0.3165135 0.3165135 0.3165135 0.3165135 0.3165135 0.3165135 0.3165135 0.3165135 0.3165135 0.3165135 0.3165135 0.3165135 0.3165135 0.3165135 0.3165135 0.3165135 0.3165135 0.3165135 0.3165135 0.3165135 0.3165135 0.3165135 0.3165135 0.3165135 0.3165135 0.3165135
0 0 0 0 0 0 0 0 0 0 0 0 0 0 0 0 0 0 0 0 0 0 0 0 0 0 0 0 0 0 0 0 0 0 0 0 0 0 102.4498 62.3379 54.67097 54.67097 54.67097 54.67097 54.67097 46.73301 42.05455 99.33966 161.0023 158.6798 5.889529 5.889529 5.889529 5.889529 5.661293 0.7898421 0.3165136 0.3165136 0.3165136 0.3165136 0.3165136 0.3165136 0.3165136 0.3165136 0.3165136 0.3165136 0.3165136 0.3165136 0.3165136 0.3165136 0.3165136 0.3165136 0.3165136 0.3165136 0.3165136 0.3165135 0.3165136 0.3165135 0.3165136 0.3165136 0.3165135 0.3165136 0.3165136
0 0 0 0 0 0 0 0 0 0 0 0 0 0 0 0 0 0 0 0 0 0 0 0 0 0 0 0 0 0 0 0 0 0 0 0 32.88638 61.70966 74.75557 55.01269 54.67097 54.67097 54.67097 54.67097 54.67097 38.35433 13.44631 13.44631 62.40911 120.9927 13.00646 5.892191 5.889529 5.889528 3.416735 0.3165135 0.3165135 0.3165135 0.3165135 0.3165135 0.3165135 0.3165135 0.3165135 0.3165135 0.3165135 0.3165135 0.3165135 0.3165135 0.3165135 0.3165135 0.3165135 0.3165135 0.3165135 0.3165135 0.3165135 0.3165135 0.3165135 0.3165135 0.3165135 0.3165135 0.3165135 0.3165135 0.3165135
0 0 0 0 0 0 0 0 0 0 0 0 0 0 0 0 0 0 0 0 0 0 0 0 0 0 0 0 0 0 0 0 0 0 0 0 53.53227 54.67097 54.67097 54.67097 54.67097 54.67097 54.67097 54.67097 54.52057 17.23778 13.44631 13.44631 13.44631 13.44631 13.44631 12.18331 8.516892 5.857879 0.8743036 0.3165136 0.3165136 0.3165136 0.3165136 0.3165136 0.3165136 0.3165136 0.3165136 0.3165136 0.3165136 0.3165136 0.3165136 0.3165136 0.3165136 0.3165136 0.3165136 0.3165136 0.3165136 0.3165136 0.3165136 0.3165136 0.3165136 0.3165136 0.3165136 0.3165136 0.3165136 0.3165136 0.3165136
0 0 0 0 0 0 0 0 0 0 0 0 0 0 0 0 0 0 0 0 0 0 0 0 0 0 0 0 0 0 0 0 0 0 0 0 54.71241 54.67097 54.67097 54.67097 54.67097 54.67097 54.67097 54.67097 54.67097 28.19344 13.44631 13.44631 13.44631 13.44631 13.44631 13.44631 13.44631 7.660801 0.3165135 0.3165136 0.3165135 0.3165136 0.3165135 0.3165136 0.3165135 0.3165135 0.3165135 0.3165136 0.3165135 0.3165136 0.3165135 0.3165135 0.3165135 0.3165135 0.3165135 0.3165136 0.3165135 0.3165135 0.3165135 0.3165136 0.3165135 0.3165136 0.3165135 0.3165136 0.3165135 0.3165135 0.3165136
0 0 0 0 0 0 0 0 0 0 0 0 0 0 0 0 0 0 0 0 0 0 0 0 0 0 0 0 0 0 0 0 0 0 0 47.75448 54.67097 54.67097 54.67097 54.67097 54.67097 55.82011 60.73372 56.0417 54.67097 24.17726 13.44631 13.44631 13.44631 13.44631 13.44631 13.44631 13.32831 2.229249 0.3165135 0.3165135 0.3165135 0.3165135 0.3165135 0.3165135 0.3165135 0.3165135 0.3165135 0.3165135 0.3165135 0.3165135 0.3165135 0.3165135 0.3165135 0.3165135 0.3165135 0.3165135 0.3165135 0.3165135 0.3165135 0.3165135 0.3165135 0.3165135 0.3165135 0.3165135 0.3165135 0.3165135 0.3165135
0 0 0 0 0 0 0 0 0 0 0 0 0 0 0 0 0 0 0 0 0 0 0 0 0 0 0 0 0 0 0 0 0 0 0 10.01061 52.14967 54.67098 54.67097 54.67097 79.72504 109.4966 110.7318 110.3729 66.21628 14.93907 13.44631 13.44631 13.44631 13.44631 13.44631 13.44631 9.279025 0.3165136 0.3165135 0.3165136 0.3165136 0.3165136 0.3165135 0.3165136 0.3165136 0.3165136 0.3165136 0.3165136 0.3165135 0.3165136 0.3165136 0.3165136 0.3165135 0.3165136 0.3165136 0.3165136 0.3165135 0.3165136 0.3165135 0.3165135 0.3165135 0.3165136 0.3165136 0.3165136 0.3165135 0.3165136 0.3165136
0 0 0 0 0 0 0 0 0 0 0 0 0 0 0 0 0 0 0 0 0 0 0 0 0 0 0 0 0 0 0 0 0 0 27.99882 2.66103 20.7343 52.44313 54.67097 54.67097 67.92569 109.4332 110.7318 110.7318 79.07664 13.44631 13.44631 13.44631 13.44631 13.44631 13.44631 13.44631 3.317002 0.3165136 0.3165135 0.3165136 0.3165136 0.3165136 0.3165136 0.3165136 0.3165136 0.3165136 0.3165136 0.3165136 0.3165136 0.3165136 0.3165136 0.3165136 0.3165136 0.3165136 0.3165136 0.3165136 0.3165136 0.3165136 0.3165136 0.3165136 0.3165136 0.3165136 0.3165135 0.3165136 0.3165135 0.3165136 0.3165136
0 0 0 0 0 0 0 0 0 0 0 0 0 0 0 0 0 0 0 0 0 0 0 0 0 0 0 0 0 0 0 0 0 0 3.888606 2.661031 2.661031 19.32954 54.20682 54.67097 56.08136 103.554 110.7318 110.7318 70.70511 13.65649 13.64975 13.81001 16.92204 16.71071 15.93841 6.465964 0.3165461 0.3165135 0.3165135 0.3165135 0.3165135 0.3165135 0.3165135 0.3165135 0.3165135 0.3165135 0.3165135 0.3165135 0.3165135 0.3165135 0.3165135 0.3165135 0.3165135 0.3165135 0.3165135 0.3165135 0.3165135 0.3165135 0.3165135 0.3165135 0.3165135 0.3165135 0.3165135 0.3165135 0.3165135 0.3165135 0.3165135
0 0 0 0 0 0 0 0 0 0 0 0 0 0 0 0 0 0 0 0 0 0 0 0 0 0 0 0 0 0 0 0 0 16.89578 2.661031 2.66103 2.66103 2.66103 4.951771 7.639622 38.82391 57.88085 58.30553 75.40443 39.90361 19.31714 19.31756 19.12064 19.31758 19.31757 10.24282 0.3165135 0.3165135 0.3165136 0.3165136 0.3165135 0.3165135 0.3165135 0.3165135 0.3165135 0.3165135 0.3165135 0.3165135 0.3165135 0.3165135 0.3165136 0.3165135 0.3165135 0.3165135 0.3165135 0.3165135 0.3165135 0.3165135 0.3165135 0.3165135 0.3165135 0.3165135 0.3165135 0.3165135 0.3165135 0.3165136 0.3165135 0.3165136
0 0 0 0 0 0 0 0 0 0 0 0 0 0 0 0 0 0 0 0 0 0 0 0 0 0 0 0 0 0 0 0 0 2.661031 2.66103 2.661031 2.661031 2.661031 2.661031 5.580986 34.91615 34.91615 34.8407 20.87611 19.31758 19.31758 19.31758 19.31758 19.31758 17.72012 1.202636 0.3165135 0.3165135 0.3165135 0.3165135 0.3165135 0.3165135 0.3165135 0.3165135 0.3165135 0.3165135 0.3165135 0.3165135 0.3165135 0.3165135 0.3165135 0.3165135 0.3165135 0.3165135 0.3165135 0.3165135 0.3165135 0.3165135 0.3165135 0.3165135 0.3165135 0.3165135 0.3165135 0.3165135 0.3165135 0.3165135 0.3165135 0.3165135
0 0 0 0 0 0 0 0 0 0 0 0 0 0 0 0 0 0 0 0 0 0 0 0 0 0 0 0 0 0 0 0 0 2.66103 2.661031 2.66103 2.661031 2.66103 2.66103 15.8086 34.91615 34.91615 34.88174 23.60067 19.31758 19.31758 19.31758 19.31758 19.31758 8.685197 0.3165135 0.3165135 0.3165135 0.3165135 0.3165135 0.3165135 0.3165135 0.3165135 0.3165135 0.3165135 0.3165135 0.3165135 0.3165135 0.3165135 0.3165135 0.3165135 0.3165135 0.3165135 0.3165135 0.3165135 0.3165135 0.3165135 0.3165135 0.3165135 0.3165135 0.3165135 0.3165135 0.3165135 0.3165135 0.3165135 0.3165135 0.3165135 0.3165135
0 0 0 0 0 0 0 0 0 0 0 0 0 0 0 0 0 0 0 0 0 0 0 0 0 0 0 0 0 0 0 0 19.05281 2.66103 2.661031 2.66103 2.661031 2.66103 2.66103 29.85027 34.91615 34.91615 34.91615 33.34684 21.3619 19.31758 19.31758 19.31758 18.34533 1.123818 0.3165135 0.3165136 0.3165135 0.3165135 0.3165135 0.3165136 0.3165135 0.3165136 0.3165135 0.3165136 0.3165135 0.3165136 0.3165135 0.3165136 0.3165135 0.3165136 0.3165135 0.3165136 0.3165135 0.3165136 0.3165135 0.3165136 0.3165135 0.3165135 0.3165135 0.3165136 0.3165135 0.3165136 0.3165135 0.3165136 0.3165136 0.3165135 0.3165136
0 0 0 0 0 0 0 0 0 0 0 0 0 0 0 0 0 0 0 0 0 0 0 0 0 0 0 0 0 0 0 0 4.176538 2.66103 2.661031 2.66103 2.661031 2.661031 5.986843 30.0943 34.91615 34.91615 34.91258 32.21386 24.00248 19.44056 19.26686 19.27368 11.51056 0.3165136 0.3165135 0.3165136 0.3165135 0.3165136 0.3165135 0.3165136 0.3165135 0.3165136 0.3165135 0.3165136 0.3165135 0.3165135 0.3165135 0.3165136 0.3165135 0.3165136 0.3165135 0.3165136 0.3165135 0.3165136 0.3165135 0.3165136 0.3165135 0.3165136 0.3165135 0.3165136 0.3165135 0.3165136 0.3165136 0.3165136 0.3165135 0.3165135 0.3165136
0 0 0 0 0 0 0 0 0 0 0 0 0 0 0 0 0 0 0 0 0 0 0 0 0 0 0 0 0 0 0 0 6.464741 2.66103 2.66103 2.66103 2.66103 2.66103 112.2715 54.42171 34.27406 33.45281 23.12219 20.19122 20.17759 20.17759 16.68118 15.05991 10.23383 0.3165135 0.3165135 0.3165135 0.3165135 0.3165135 0.3165135 0.3165135 0.3165135 0.3165135 0.3165135 0.3165135 0.3165135 0.3165135 0.3165135 0.3165135 0.3165135 0.3165135 0.3165135 0.3165135 0.3165135 0.3165135 0.3165135 0.3165135 0.3165135 0.3165135 0.3165135 0.3165135 0.3165135 0.3165135 0.3165135 0.3165135 0.3165135 0.3165135 0.3165135
