Scenarios/Heterogeneous/data/country_data_population_distribution/processed/density_grids/kaz.asc
ncols 991
nrows 370
xllcorner 46
yllcorner 40
cellsize 0.041666666666667
NODATA_value -9999
[rows 174 to 202 of 370, columns 64 to 127 of 991]
0.7880443 0.7880443 0.7880443 0.7880443 0.7880443 0.7880443 0.7880443 0.921692 1.113971 1.113971 1.113971 1.113971 1.113971 1.113971 1.113971 1.113971 1.113971 1.113971 1.113971 1.113971 1.113971 1.113971 1.113971 1.113971 1.113971 1.113971 1.113971 1.113971 1.113971 1.113971 1.113971 1.113971 1.113971 1.113971 1.361935 2.413402 2.774066 2.774066 2.774066 2.774066 2.774066 2.774066 2.774066 2.774066 2.774066 2.774066 2.774066 2.774066 2.774066 2.774066 2.774066 2.774066 2.774066 2.774066 2.774066 2.774066 2.774066 2.774066 2.774066 2.774066 2.774066 2.774066 2.774066 2.774066
1.603674 1.257202 0.9071715 0.7880443 0.7880443 0.7880443 0.7880443 1.013062 1.113971 1.113971 1.113971 1.113971 1.113971 1.113971 1.113971 1.113971 1.113971 1.113971 1.113971 1.113971 1.113971 1.113971 1.113971 1.113971 1.113971 1.11397 1.113971 1.113971 1.113971 1.113971 1.113971 1.113971 1.121233 1.813804 2.707672 2.774066 2.774066 2.774066 2.774066 2.774066 2.774066 2.774066 2.774066 2.774066 2.774066 2.774066 2.774066 2.774066 2.774066 2.774066 2.774066 2.774066 2.774066 2.774066 2.774066 2.774066 2.774066 2.774066 2.774066 2.774066 2.774066 2.774066 2.774066 2.774066
2.683366 2.683366 2.677485 2.440832 2.085095 1.729304 1.374733 1.229633 1.113971 1.113971 1.113971 1.113971 1.113971 1.113971 1.113971 1.113971 1.113971 1.113971 1.113971 1.113971 1.113971 1.11397 1.113971 1.113971 1.113971 1.113971 1.113971 1.125465 1.119894 1.113971 1.113971 1.29731 2.324734 2.774066 2.774066 2.774066 2.774066 2.774066 2.774066 2.774066 2.774066 2.774066 2.774067 2.774066 2.774066 2.774066 2.774066 2.774066 2.774066 2.774066 2.774067 2.774066 2.774066 2.774066 2.774067 2.774066 2.774066 2.774066 2.774066 2.774066 2.774066 2.774067 2.774066 2.774066
2.683366 2.683366 2.683366 2.683366 2.683366 2.683366 2.683366 2.674477 2.388498 1.970996 1.553404 1.177629 1.113971 1.113971 1.113971 1.113971 1.113971 1.113971 1.311653 1.537555 1.509503 1.481451 1.453397 1.425342 1.397287 1.369231 1.556298 1.869421 1.886345 1.879625 1.866986 1.993424 2.484551 2.738455 2.773841 2.774066 2.774066 2.774066 2.774066 2.774066 2.673906 2.323803 2.53139 2.774066 2.774066 2.774066 2.774066 2.774066 2.774066 2.774066 2.774066 2.774066 2.774066 2.774066 2.774066 2.774066 2.774067 2.774066 2.774066 2.774066 2.774066 2.774066 2.774066 2.774066
2.683366 2.683366 2.683366 2.683366 2.683366 2.683366 2.683366 2.683366 2.683366 2.683366 2.683366 2.641494 2.287667 1.870143 1.447102 1.133958 1.11397 1.113971 1.411026 1.886352 1.886352 1.886352 1.886352 1.886352 1.886352 1.886352 1.886352 1.886352 1.886352 1.886352 1.886352 1.886352 1.886352 1.886352 1.911707 1.972198 2.163964 2.659843 2.52188 2.159951 1.898221 1.886352 1.93472 2.516273 2.752927 2.774066 2.774066 2.774066 2.774066 2.774066 2.774066 2.774066 2.774066 2.774066 2.774066 2.774066 2.774066 2.774066 2.774066 2.774066 2.774066 2.774066 2.774066 2.774066
2.683367 2.683366 2.683366 2.683366 2.683366 2.683367 2.683366 2.683366 2.683366 2.683366 2.683367 2.683366 2.683366 2.683366 2.683366 2.583986 2.18683 1.769284 1.554822 1.886352 1.886352 1.886352 1.886352 1.886352 1.886352 1.886352 1.886352 1.886352 1.886352 1.886352 1.886352 1.886352 1.886352 1.886352 1.886352 1.886352 1.886352 1.890191 1.886352 1.886352 1.886352 1.886352 1.886352 1.886352 1.928512 2.153355 2.399548 2.776684 2.774382 2.774066 2.774066 2.774066 2.774066 2.774066 2.774066 2.774066 2.774066 2.774066 2.774066 2.774066 2.774066 2.774066 2.774066 2.774066
2.683366 2.683366 2.683366 2.683366 2.683366 2.683366 2.683366 2.683366 2.683366 2.683366 2.683366 2.683366 2.683366 2.683366 2.683366 2.683366 2.682808 2.477133 2.146 1.994003 1.886352 1.886352 1.886352 1.886352 1.886352 1.886352 1.886352 1.886352 1.886352 1.886352 1.886352 1.886352 1.886352 1.886352 1.886352 1.886352 1.886352 1.886352 1.886352 1.886352 1.886352 1.886352 1.886352 1.886352 1.886352 1.886352 1.886352 2.059963 2.942753 3.106331 2.963476 2.822764 2.774066 2.77447 2.821537 2.900496 2.979446 2.93445 2.782758 2.774066 2.774066 2.774066 2.774066 2.774066
2.683366 2.683366 2.683366 2.683366 2.683366 2.683366 2.683366 2.683366 2.683366 2.683366 2.683366 2.683366 2.683366 2.683366 2.683366 2.683366 2.683366 2.683366 2.683366 2.683094 2.355234 1.907029 1.886352 1.886352 1.886352 1.886352 1.886352 1.886352 1.886352 1.886352 1.886352 1.886352 1.886352 1.886352 1.886352 1.886352 1.886352 1.886352 1.886352 1.886352 1.886352 1.886352 1.886352 1.886352 1.886352 1.886352 1.886352 1.954113 3.114074 3.311075 3.311075 3.308902 3.235887 3.279199 3.311075 3.311075 3.311075 3.311075 3.260298 3.066027 2.8634 2.774066 2.774066 2.774066
2.683366 2.683366 2.683366 2.683366 2.683366 2.683366 2.683366 2.683366 2.683366 2.683366 2.683366 2.683366 2.683366 2.683366 2.683366 2.683366 2.683366 2.683366 2.683366 2.683366 2.683366 2.5122 1.977692 1.886352 1.886352 1.886352 1.886352 1.886352 1.886352 1.886352 1.886352 1.886352 1.886352 1.886352 1.886352 1.886352 1.886352 1.886352 1.886352 1.886352 1.886352 1.886352 1.886352 1.886352 1.886352 1.886352 1.886352 1.956836 2.544648 2.633217 2.499062 2.948833 3.29152 3.311075 3.311075 3.311075 3.311075 3.311075 3.311075 3.311075 3.310685 3.197042 3.021112 2.870058
2.683366 2.683366 2.683366 2.683366 2.683366 2.683366 2.683366 2.683366 2.683366 2.683366 2.683366 2.683366 2.683366 2.683366 2.683366 2.683366 2.683366 2.683366 2.683366 2.683366 2.683366 2.683366 2.618653 2.099408 1.886352 1.886352 1.886352 1.886352 1.886352 1.886352 1.886352 1.886352 1.886352 1.886352 1.886352 1.886352 1.886352 1.886352 1.886352 1.886352 1.886352 1.886352 1.886352 1.886352 1.886352 1.886352 1.886352 1.886352 1.886352 1.886352 1.886352 1.886352 2.000676 2.43799 2.894758 3.151742 3.233045 3.304365 3.311075 3.311075 3.311075 3.311075 3.311075 3.311075
2.683366 2.683366 2.683366 2.683366 2.683366 2.683366 2.683366 2.683366 2.683366 2.683367 2.683366 2.683366 2.683366 2.683366 2.683366 2.683366 2.683366 2.683366 2.683366 2.683366 2.683366 2.683366 2.683366 2.674329 2.438898 2.216672 1.99547 1.886352 1.886352 1.886352 1.886352 1.886352 1.886352 1.886352 1.886352 1.886352 1.886352 1.886352 1.886352 1.886352 1.886352 1.886352 1.886352 1.886352 1.886352 1.886352 1.886352 1.886352 1.886352 1.886352 1.886352 1.886352 1.886352 1.886352 1.886352 1.886352 1.886352 2.587764 3.311075 3.311075 3.311075 3.311075 3.311075 3.311075
2.683366 2.683366 2.683366 2.683366 2.683366 2.683366 2.683366 2.683366 2.683366 2.683366 2.683366 2.683366 2.683366 2.683366 2.683366 2.683366 2.683366 2.683366 2.683366 2.683366 2.683366 2.683366 2.683366 2.683366 2.683366 2.683366 2.683361 2.500154 1.887174 1.886352 1.886352 1.886352 1.886352 1.886352 1.886352 1.886352 1.886352 1.886352 1.886352 1.886352 1.886352 1.886352 1.886352 1.886352 1.886352 1.886352 1.886352 1.886352 1.886352 1.886352 1.886352 1.886352 1.886352 1.886352 1.886352 1.886352 1.886352 1.960448 3.19803 3.311075 3.311075 3.311075 3.311075 3.311075
2.683366 2.683366 2.683366 2.683366 2.683366 2.683366 2.683366 2.683366 2.683366 2.683366 2.683366 2.683366 2.683366 2.683366 2.683366 2.683366 2.683366 2.683366 2.683366 2.683366 2.683366 2.683366 2.683366 2.683366 2.681951 2.572315 2.395035 2.217787 1.905571 1.886352 1.886352 1.886352 1.886352 1.886352 1.886352 1.886352 1.886352 1.886352 1.886352 1.886352 1.886352 1.886352 1.886352 1.886352 1.886352 1.886352 1.886352 1.886352 1.886352 1.886352 1.886352 1.886352 1.886352 1.886352 1.886352 1.886352 1.886352 1.886352 2.531766 3.311075 3.311075 3.311075 3.311075 3.311075
2.683366 2.683366 2.683366 2.683366 2.683366 2.683366 2.683366 2.683366 2.683366 2.683366 2.683366 2.683366 2.683366 2.683366 2.683366 2.683366 2.683366 2.683366 2.683366 2.683366 2.683366 2.683366 2.683366 2.642435 1.953973 1.886352 1.886352 1.886352 1.886352 1.886352 1.886352 1.886352 1.886352 1.886352 1.886352 1.886352 1.886352 1.886352 1.886352 1.886352 1.886352 1.886352 1.886352 1.886352 1.886352 1.886352 1.886352 1.886352 1.886352 1.886352 1.886352 1.886352 1.886352 1.886352 1.886352 1.886352 1.886352 1.886352 1.937515 3.164967 3.311075 3.311075 3.311075 3.311075
2.683367 2.683367 2.683367 2.683366 2.683366 2.683367 2.683367 2.683366 2.683366 2.683366 2.683367 2.683367 2.683366 2.683367 2.683367 2.683366 2.683367 2.683366 2.683366 2.683366 2.683366 2.683367 2.683367 2.646106 1.886352 1.886352 1.886352 1.886352 1.886352 1.886352 1.886352 1.886352 1.886352 1.886352 1.886352 1.886352 1.886352 1.886352 1.886352 1.886352 1.886352 1.886352 1.886352 1.886352 1.886352 1.886352 1.886352 1.886352 1.886352 1.886352 1.886352 1.886352 1.886352 1.886352 1.886352 1.886352 1.886352 1.886352 1.886352 2.475771 3.311075 3.311075 3.311075 3.311075
2.683366 2.683366 2.683366 2.683366 2.683366 2.683366 2.683366 2.683366 2.683366 2.683366 2.683366 2.683366 2.683366 2.683366 2.683366 2.683366 2.683366 2.683366 2.683366 2.683366 2.683366 2.683366 2.683366 2.661735 1.886352 1.886352 1.886352 1.886352 1.886352 1.886352 1.886352 1.886352 1.886352 1.886352 1.886352 1.886352 1.886352 1.886352 1.886352 1.886352 1.886352 1.886352 1.886352 1.886352 1.886352 1.886352 1.886352 1.886352 1.886352 1.886352 1.886352 1.886352 1.886352 1.886352 1.886352 1.886352 1.886352 1.886352 1.886352 1.918816 3.127668 3.311075 3.311075 3.311075
2.683366 2.683366 2.683366 2.683366 2.683366 2.683366 2.683366 2.683366 2.683366 2.683366 2.683366 2.683366 2.683366 2.683366 2.683366 2.683366 2.683366 2.683366 2.683366 2.683366 2.683366 2.683366 2.683366 2.678322 1.930349 1.886352 1.886352 1.886352 1.886352 1.886352 1.886352 1.886352 1.886352 1.886352 1.886352 1.886352 1.886352 1.886352 1.886352 1.886352 1.886352 1.886352 1.886352 1.886352 1.886352 1.886352 1.886352 1.886352 1.886352 1.886352 1.886352 1.886352 1.886352 1.886352 1.886352 1.886352 1.886352 1.886352 1.886352 1.886352 2.419773 3.311075 3.311075 3.311075
2.683366 2.683366 2.683366 2.683366 2.683366 2.683366 2.683366 2.683366 2.683366 2.683366 2.683366 2.683366 2.683366 2.683366 2.683366 2.683366 2.683366 2.683366 2.683366 2.683366 2.683366 2.683366 2.683366 2.683366 2.263889 1.886352 1.886352 1.886352 1.886352 1.886352 1.886352 1.886352 1.886352 1.886352 1.886352 1.886352 1.886352 1.886352 1.886352 1.886352 1.886352 1.886352 1.886352 1.886352 1.886352 1.886352 1.886352 1.886352 1.886352 1.886352 1.886352 1.886352 1.886352 1.886352 1.886352 1.886352 1.886352 1.886352 1.886352 1.886352 1.896414 2.572531 3.291731 3.311075
2.683366 2.683366 2.683366 2.683366 2.683366 2.683366 2.683366 2.683366 2.683366 2.683366 2.683366 2.683366 2.683366 2.683366 2.683366 2.683366 2.683366 2.683366 2.683366 2.683366 2.683366 2.683366 2.683366 2.683366 2.617078 1.919487 1.886352 1.886352 1.886352 1.886352 1.886352 1.886352 1.886352 1.886352 1.886352 1.886352 1.886352 1.886352 1.886352 1.886352 1.886352 1.886352 1.886352 1.886352 1.886352 1.886352 1.886352 1.886352 1.886352 1.886352 1.886352 1.886352 1.886352 1.886352 1.886352 1.886352 1.886352 1.886352 1.886352 1.886352 1.886352 1.886352 2.237183 3.165462
2.683367 2.683366 2.683366 2.683366 2.683367 2.683366 2.683366 2.683366 2.683366 2.683366 2.683366 2.683366 2.683367 2.683366 2.683366 2.683366 2.683366 2.683366 2.683367 2.683366 2.683367 2.683366 2.683366 2.683366 2.683366 2.239521 1.886352 1.886352 1.886352 1.886352 1.886352 1.886352 1.886352 1.886352 1.886352 1.886352 1.886352 1.886352 1.886352 1.886352 1.886352 1.886352 1.886352 1.886352 1.886352 1.886352 1.886352 1.886352 1.886352 1.886352 1.886352 1.886352 1.886352 1.886352 1.886352 1.886352 1.886352 1.886352 1.886352 1.886352 1.886352 1.886352 1.886352 2.010172
2.683366 2.683366 2.683366 2.683367 2.683366 2.683366 2.683366 2.683366 2.683366 2.683367 2.683366 2.683366 2.683366 2.683366 2.683366 2.683366 2.683366 2.683366 2.683366 2.683366 2.683366 2.683366 2.683366 2.683366 2.683366 2.602034 1.910162 1.886352 1.886352 1.886352 1.886352 1.886352 1.886352 1.886352 1.886352 1.886352 1.886352 1.886352 1.886352 1.886352 1.886352 1.886352 1.886352 1.886352 1.886352 1.886352 1.886352 1.886352 1.886352 1.886352 1.886352 1.886352 1.886352 1.886352 1.886352 1.886352 1.886352 1.886352 1.886352 1.886352 1.886352 1.886352 1.886352 1.886352
2.683366 2.683366 2.683366 2.683366 2.683366 2.683366 2.683366 2.683366 2.683367 2.683366 2.683366 2.683366 2.683366 2.683366 2.683366 2.683366 2.683366 2.683366 2.683366 2.683366 2.683366 2.683366 2.683366 2.683366 2.683366 2.683366 2.296381 1.886352 1.886352 1.886352 1.886352 1.886352 1.886352 1.886352 1.886352 1.886352 1.886352 1.886352 1.886352 1.886352 1.886352 1.886352 1.886352 1.886352 1.886352 1.886352 1.886352 1.886352 1.886352 1.886352 1.886352 1.886352 1.886352 1.886352 1.886352 1.886352 1.886352 1.886352 1.886352 1.886352 1.886352 1.886352 1.886352 1.886352
2.683366 2.683366 2.683366 2.683366 2.683366 2.683366 2.683366 2.683366 2.683366 2.683366 2.683366 2.683366 2.683366 2.683366 2.683366 2.683366 2.683366 2.683366 2.683366 2.683366 2.683366 2.683366 2.683366 2.683366 2.683366 2.683366 2.682467 2.219416 1.886352 1.886352 1.886352 1.886352 1.886352 1.886352 1.886352 1.886352 1.886352 1.886352 1.886352 1.886352 1.886352 1.886352 1.886352 1.886352 1.886352 1.886352 1.886352 1.886352 1.886352 1.886352 1.886352 1.886352 1.886352 1.886352 1.886352 1.886352 1.886352 1.886352 1.886352 1.886352 1.886352 1.886352 1.942984 2.327551
3.500783 2.683366 2.683366 2.683367 2.683366 2.683366 2.683366 2.683366 2.683366 2.683366 2.683366 2.683366 2.683366 2.683366 2.683366 2.683366 2.683366 2.683366 2.683366 2.683366 2.683366 2.683366 2.683366 2.683366 2.683366 2.683366 2.683366 2.669943 1.973882 1.886352 1.886352 1.886352 1.886352 1.886352 1.886352 1.886352 1.886352 1.886352 1.886352 1.886352 1.886352 1.886352 1.886352 1.886352 1.886352 1.886352 1.886352 1.886352 1.886352 1.886352 1.886352 1.886352 1.886352 1.886352 1.886352 1.886352 1.886352 1.886352 1.886352 1.886352 1.888897 2.89071 3.271313 3.311075
0 2.731451 2.683366 2.683366 2.683366 2.683366 2.683366 2.683366 2.683366 2.683366 2.683366 2.683366 2.683366 2.683366 2.683366 2.683366 2.683366 2.683366 2.683366 2.683366 2.683366 2.683366 2.683366 2.683366 2.683366 2.683366 2.683366 2.274904 1.886352 1.886352 1.886352 1.886352 1.886352 1.886352 1.886352 1.886352 1.886352 1.886352 1.886352 1.886352 1.886352 1.886352 1.886352 1.886352 1.886352 1.886352 1.886352 1.886352 1.886352 1.886352 1.886352 1.886352 1.886352 1.886352 1.886352 1.886352 1.886352 1.886352 1.886352 1.886352 1.886352 2.85854 3.311075 3.311075
0 4.306837 2.683367 2.683366 2.683366 2.683366 2.683366 2.683366 2.683367 2.683366 2.683367 2.683366 2.683367 2.683366 2.683366 2.683366 2.683366 2.683366 2.683366 2.683366 2.683367 2.683366 2.683366 2.683366 2.683366 2.683366 2.43974 1.890798 1.886352 1.886352 1.886352 1.886352 1.886352 1.886352 1.886352 1.886352 1.886352 1.886352 1.886352 1.886352 1.886352 1.886352 1.886352 1.886352 1.886352 1.886352 1.886352 1.886352 1.886352 1.886352 1.886352 1.886352 1.886352 1.886352 1.886352 1.886352 1.886352 1.886352 1.886352 1.886352 1.886352 2.107516 3.311075 3.311075
0 0 3.043885 2.683366 2.683366 2.683366 2.683366 2.683366 2.683366 2.683366 2.683366 2.683366 2.683366 2.683366 2.683366 2.683366 2.683366 2.683366 2.683366 2.683366 2.683366 2.683366 2.683366 2.683366 2.683366 2.652473 1.950518 1.886352 1.886352 1.886352 1.886352 1.886352 1.886352 1.886352 1.886352 1.886352 1.886352 1.886352 1.886352 1.886352 1.886352 1.886352 1.886352 1.886352 1.886352 1.886352 1.886352 1.886352 1.886352 1.886352 1.886352 1.886352 1.886352 1.886352 1.886352 1.886352 1.886352 1.886352 1.886352 0 0 1.886352 1.886352 0
0 0 0 2.685515 2.683366 2.683366 2.683366 2.683366 2.683366 2.683366 2.683366 2.683366 2.683366 2.683366 2.683366 2.683366 2.683366 2.683366 2.683366 2.683366 2.683366 2.683366 2.683366 2.683366 2.683366 2.683366 2.452599 1.916299 1.886352 1.886352 1.886352 1.886352 1.886352 1.886352 1.886352 1.886352 1.886352 1.886352 1.886352 1.886352 1.886352 1.886352 1.886352 1.886352 1.886352 1.886352 1.886352 1.886352 1.886352 1.886352 1.886352 1.886352 1.886352 0 1.886352 1.886352 1.886352 1.886352 0 1.886352 1.886352 1.886352 2.9135 3.311075
0 0 0 0 2.702572 2.683366 2.683366 2.683366 2.683366 2.683367 2.683366 2.683366 2.683366 2.683366 2.683366 2.683366 2.683366 2.683366 2.683366 2.683366 2.683366 2.683366 2.683366 2.683366 2.683366 2.683366 2.683366 2.338738 1.886352 1.886352 1.886352 1.886352 1.886352 1.886352 1.886352 1.886352 1.886352 1.886352 1.886352 1.886352 1.886352 1.886352 1.886352 1.886352 1.886352 1.886352 1.886352 1.886352 1.886352 1.886352 1.886352 1.886352 0 1.886352 1.886352 1.886352 1.886352 1.886352 1.886352 1.886352 1.886352 0 0 0
