Scenarios/Heterogeneous/data/country_data_population_distribution/processed/density_grids/kaz.asc
ncols 991
nrows 370
xllcorner 46
yllcorner 40
cellsize 0.041666666666667
NODATA_value -9999
[rows 203 to 231 of 370, columns 768 to 831 of 991]
1.939834 1.939834 1.939834 1.939834 1.939834 1.939834 1.939834 1.939834 1.939834 1.939834 1.939834 1.939834 1.939834 1.939834 1.939834 1.939834 1.939834 1.939834 1.939834 1.939834 1.939834 1.939834 1.939834 1.939834 1.939834 1.939834 1.939834 1.939834 1.939834 1.939834 1.939834 1.939834 1.939834 1.850705 1.48532 1.440807 1.440807 1.440807 1.440807 1.440807 1.440807 1.440807 1.440807 1.440807 1.440807 1.440807 1.440807 1.440807 1.440807 2.246647 3.042307 3.042307 3.042307 3.042307 3.042307 3.042307 3.042307 3.042307 3.042307 3.042307 3.042307 3.042307 3.042307 3.042307
1.939834 1.939834 1.939834 1.939834 1.939834 1.939834 1.939834 1.939834 1.939834 1.939834 1.939834 1.939834 1.939834 1.939834 1.939834 1.939834 1.939834 1.939834 1.939834 1.939834 1.939834 1.939834 1.939834 1.939834 1.939834 1.939834 1.939834 1.939834 1.939834 1.939834 1.939834 1.939834 1.939834 1.939834 1.862156 1.494085 1.440807 1.440807 1.440807 1.440807 1.440807 1.440807 1.440807 1.440807 1.440807 1.440807 1.440807 1.462023 1.571942 2.310452 2.91814 3.042307 3.042307 3.042307 3.042307 3.042307 3.042307 3.042307 3.042307 3.042307 3.042306 3.042307 3.042307 3.042307
1.939834 1.939834 1.939834 1.939834 1.939834 1.939834 1.939834 1.939834 1.939834 1.939834 1.939834 1.939834 1.939834 1.939834 1.939834 1.939834 1.939834 1.939834 1.939834 1.939834 1.939834 1.939834 1.939834 1.939834 1.939834 1.939834 1.939834 1.939834 1.939834 1.939834 1.939834 1.939834 1.939834 1.939834 1.939834 1.87282 1.503637 1.440807 1.440807 1.440807 1.440807 1.440807 1.440807 1.475801 1.592204 1.711903 1.83158 1.930036 1.939834 1.939834 1.941735 2.131067 2.444538 2.758078 3.016415 3.042307 3.042307 3.042307 3.042307 3.042307 3.042307 3.042307 3.042307 3.042307
1.939834 1.939834 1.939834 1.939834 1.939834 1.939834 1.939834 1.939834 1.939834 1.939834 1.939834 1.939834 1.939834 1.939834 1.939834 1.939834 1.939834 1.939834 1.939834 1.939834 1.939834 1.939834 1.939834 1.939834 1.939834 1.939834 1.939834 1.939834 1.939834 1.939834 1.939834 1.939834 1.939834 1.939834 1.939834 1.939834 1.882697 1.513977 1.440807 1.49301 1.612465 1.732161 1.851834 1.936518 1.939834 1.939834 1.939834 1.939834 1.939834 1.939834 1.939834 1.939834 1.939834 1.939834 2.594374 3.042307 3.042307 3.042307 3.042307 3.042307 3.042307 3.042307 3.042307 3.042306
1.939834 1.939834 1.939834 1.939834 1.939834 1.939834 1.939834 1.939834 1.939834 1.939834 1.939834 1.939834 1.939834 1.939834 1.939834 1.939834 1.939834 1.939834 1.939834 1.939834 1.939834 1.939834 1.939834 1.939834 1.939834 1.939834 0 1.939834 1.939834 1.939834 1.939834 1.939834 1.939834 1.939834 1.939834 1.939834 1.939834 1.898114 1.872087 1.939572 1.939834 1.939834 1.939834 1.939834 1.939834 1.939834 1.939834 1.939834 1.939834 1.939834 1.939834 1.939834 1.939834 1.939834 2.520776 3.027976 3.042307 3.042307 3.042307 3.042307 3.042307 3.042307 3.042307 3.042307
1.939834 1.939834 1.939834 1.939834 1.939834 1.939834 1.939834 1.939834 1.939834 1.939834 1.939834 1.939834 1.939834 1.939834 1.939834 1.939834 1.939834 1.939834 1.939834 0 0 0 1.939834 1.939834 1.939834 1.939834 0 0 1.939834 1.939834 1.939834 1.939834 1.939834 1.939834 1.939834 1.939834 1.939834 1.939834 1.939834 1.939834 1.939834 1.939834 1.939834 1.939834 1.939834 1.939834 1.939834 1.939834 1.939834 1.939834 1.939834 1.939834 1.939834 1.939834 1.939834 2.029241 2.336508 2.619138 2.978416 3.042307 3.042307 3.042307 3.042307 3.042307
1.939834 1.939834 1.939834 1.939834 1.939834 1.939834 1.939834 1.939834 1.939834 1.939834 1.939834 1.939834 1.939834 1.939834 0 0 0 0 1.939834 1.939834 1.939834 0 0 0 0 0 0 0 0 1.939834 1.939834 1.939834 1.939834 1.939834 1.939834 1.939834 1.939834 1.939834 1.939834 1.939834 1.939834 1.939834 1.939834 1.939834 1.939834 1.939834 1.939834 1.939834 1.939834 1.939834 1.939834 1.939834 1.939834 1.939834 1.939834 1.939834 1.939834 1.939834 1.964095 2.233492 2.566396 2.896984 3.042307 3.042307
1.939834 1.939834 1.939834 1.939834 1.939834 1.939834 1.939834 1.939834 1.939834 1.939834 1.939834 1.939834 0 0 0 0 0 0 1.939834 1.939834 1.939834 1.939834 1.939834 0 0 0 0 0 0 1.939834 1.939834 1.939834 1.939834 1.939834 1.939834 1.939834 1.939834 1.939834 1.939834 1.939834 1.939834 1.939834 1.939834 1.939834 1.939834 1.939834 1.939834 1.939834 1.939834 1.939834 1.939834 1.939834 1.939834 1.939834 1.939834 1.939834 1.939834 1.939834 1.939834 1.939834 1.939834 1.940732 2.040085 1.939834
1.939834 1.939834 1.939834 1.939834 1.939834 1.939834 1.939834 1.939834 1.939834 1.939834 1.939834 1.939834 0 0 0 1.939834 1.939834 0 1.939834 1.939834 1.939834 1.939834 1.939834 0 0 1.939834 2.131609 3.226081 2.760155 2.498743 1.939834 1.939834 1.939834 1.939834 1.939834 1.939834 1.939834 1.939834 1.939834 1.939834 1.939834 1.939834 1.939834 1.939834 1.939834 1.939834 1.939834 1.939834 1.939834 1.939834 1.939834 1.939834 1.939834 1.939834 1.939834 1.939834 1.939834 1.939834 1.939834 1.939834 1.939834 1.939834 1.939834 1.939834
0 1.939834 0 1.939834 1.939834 1.939834 1.939834 1.939834 1.939834 0 0 0 0 0 0 1.939834 1.939834 0 0 0 0 0 0 0 0 1.939834 2.14992 3.127921 3.415068 2.668076 1.939834 1.939834 1.939834 1.939834 1.939834 1.939834 1.939834 1.939834 1.939834 1.939834 1.939834 1.939834 1.939834 1.939834 1.939834 1.939834 1.939834 1.939834 1.939834 1.939834 1.939834 1.939834 1.939834 1.939834 1.939834 1.939834 1.939834 1.939834 1.939834 1.939834 1.939834 1.939834 1.939834 1.939834
0 0 0 0 0 1.939834 1.939834 1.939834 1.939834 0 0 0 0 0 0 0 0 0 0 0 0 0 0 0 0 1.939834 1.939834 2.097327 3.415069 3.166454 2.2049 1.939834 1.939834 1.939834 1.939834 1.939834 1.939834 1.939834 1.939834 1.939834 1.939834 1.939834 1.939834 1.939834 1.939834 1.939834 1.939834 1.939834 1.939834 1.939834 1.939834 1.939834 1.939834 1.939834 1.939834 1.939834 1.939834 1.939834 1.939834 1.939834 1.939834 1.939834 1.939834 1.939834
0 0 0 0 0 1.939834 1.939834 1.939834 1.939834 0 0 0 0 0 0 0 0 0 0 0 0 0 0 0 0 1.939834 2.025104 3.25293 3.415069 3.415068 3.404882 2.914289 2.176599 1.939834 1.939834 1.939834 1.939834 1.939834 1.939834 1.939834 1.939834 1.939834 1.939834 1.939834 1.939834 1.939834 1.939834 1.939834 1.939834 1.939834 1.939834 1.939834 1.939834 1.939834 1.939834 1.939834 1.939834 1.939834 1.939834 1.939834 1.939834 1.939834 1.939834 1.939834
0 0 0 0 0 0 1.939834 1.939834 1.939834 0 0 0 0 0 0 0 0 0 0 0 0 0 0 0 1.939834 1.958902 2.851345 3.415069 3.415068 3.415069 3.415069 3.415068 3.398835 3.039103 2.598015 2.156841 1.939834 1.939834 1.939834 1.939834 1.939834 1.939834 1.939834 1.939834 1.939834 1.939834 1.939834 1.939834 1.939834 1.939834 1.939834 1.939834 1.939834 1.939834 1.939834 1.939834 1.939834 1.939834 1.939834 1.939834 1.939834 1.939834 1.939834 1.939834
0 0 0 0 0 0 0 0 0 0 1.939834 1.939834 1.941013 2.261583 2.498084 3.415068 3.415068 3.370509 3.415068 0 0 0 1.939834 1.940332 2.370915 3.164779 3.415068 3.415068 3.415068 3.415068 3.415068 3.415068 3.415068 3.415068 3.415068 3.415053 2.836225 1.939834 1.939834 1.939834 1.939834 1.939834 1.939834 1.939834 1.939834 1.939834 1.939834 1.939834 1.939834 1.939834 1.939834 1.939834 1.939834 1.939834 1.939834 1.939834 1.939834 1.939834 1.939834 1.939834 1.939834 1.939834 1.939834 1.939834
2.498084 2.498084 2.424547 1.953844 1.939834 1.939834 2.009922 1.939834 1.939834 2.498084 2.31929 2.00417 2.025081 2.498084 2.498084 3.065377 3.415068 3.415068 3.415068 3.415068 3.415068 3.402483 2.965091 3.04179 3.415068 3.415069 3.415068 3.415068 3.415068 3.415068 3.415069 3.415068 3.415068 3.415068 3.415068 3.415068 3.140782 1.939834 1.939834 1.939834 1.939834 1.939834 1.939834 1.939834 1.939834 1.939834 1.939834 1.939834 1.939834 1.939834 1.939834 1.939834 1.939834 1.939834 1.939834 1.939834 1.939834 1.939834 1.939834 1.939834 1.939834 1.939834 1.939834 1.939834
2.498084 2.498084 2.445639 2.010286 2.09749 2.167824 2.410538 2.294625 2.134856 2.40988 2.498084 2.432194 1.945575 2.2812 2.498084 3.036687 3.415069 3.415068 3.415069 3.415068 3.415068 3.415068 3.415069 3.415068 3.415068 3.415068 3.415068 3.415068 3.415068 3.415068 3.415068 3.415068 3.415068 3.415068 3.415068 3.415069 3.362571 2.070663 1.939834 1.939834 1.939834 1.939834 1.939834 1.939834 1.939834 1.939834 1.939834 1.939834 1.939834 1.939834 1.939834 1.939834 1.939834 1.939834 1.939834 1.939834 1.939834 1.939834 1.939834 1.939834 1.939834 1.939834 1.939834 1.939834
2.498084 2.498084 2.498084 2.479833 2.498084 2.498084 2.498084 2.498084 2.498084 2.498084 2.498084 2.498084 2.365058 2.445152 2.583752 3.154011 3.415068 3.415068 3.415068 3.415068 3.415068 3.415069 3.415068 3.415069 3.415068 3.415069 3.415068 3.415068 3.415068 3.415068 3.415068 3.415068 3.415068 3.415068 3.415069 3.415068 3.415069 2.998101 1.9473 1.939834 1.939834 1.939834 1.939834 1.939834 1.939834 1.939834 1.939834 1.939834 1.939834 1.939834 1.939834 1.939834 1.939834 1.939834 1.939834 1.939834 1.939834 1.939834 1.939834 1.939834 1.939834 1.939834 1.939834 1.939834
2.498084 2.498084 2.498084 2.498084 2.498084 2.498084 2.498084 2.498084 2.498084 2.498084 2.498084 2.56024 3.140841 3.217219 3.404031 3.415069 3.415069 3.415069 3.415069 3.415068 3.415069 3.415069 3.415069 3.415068 3.415069 3.415068 3.415069 3.415068 3.415069 3.415069 3.415068 3.415068 3.415069 3.415069 3.415069 3.415069 3.415069 3.415069 3.208844 2.507474 1.939834 1.939834 1.939834 1.939834 1.939834 1.939834 1.939834 1.939834 1.939834 1.939834 1.939834 1.939834 1.939834 1.939834 1.939834 1.939834 1.939834 1.939834 1.939834 1.939834 1.939834 1.939834 1.939834 1.939834
2.498084 2.498084 2.498084 2.498084 2.498084 2.498084 2.498084 2.498084 2.73597 2.99575 3.207136 3.390333 3.415068 3.415068 3.415068 3.415068 3.415068 3.415068 3.415068 3.415068 3.415068 3.415068 3.415068 3.415068 3.415068 3.415068 3.415068 3.415068 3.415068 3.415068 3.415068 3.415068 3.415068 3.415068 3.415068 3.415068 3.415068 3.415068 3.415068 2.716534 1.939834 1.939834 1.939834 1.939834 1.939834 1.939834 1.939834 1.939834 1.939834 1.939834 1.939834 1.939834 1.939834 1.939834 1.939834 1.939834 1.939834 1.939834 1.939834 1.939834 1.939834 1.939834 1.939834 1.939834
2.498084 2.498084 2.498084 2.498084 2.498084 2.498084 2.498084 2.945544 3.391362 3.415068 3.415068 3.415069 3.415068 3.415068 3.415068 3.415068 3.415068 3.415068 3.415068 3.415068 3.415068 3.415068 3.415068 3.415068 3.415068 3.415068 3.415068 3.415068 3.415069 3.415068 3.415068 3.415068 3.415068 3.415068 3.415068 3.415068 3.415068 3.415068 3.412107 2.375719 1.939834 1.939834 1.939834 1.939834 1.939834 1.939834 1.939834 1.939834 1.939834 1.939834 1.939834 1.939834 1.939834 1.939834 1.939834 1.939834 1.939834 1.939834 1.939834 1.939834 1.939834 1.939834 1.939834 1.939834
2.498084 2.498084 2.498084 2.498084 2.498084 2.498084 2.498084 3.327648 3.415068 3.415068 3.415068 3.415068 3.415069 3.415068 3.415068 3.415068 3.415068 3.415068 3.415068 3.415068 3.415068 3.415068 3.415068 3.415068 3.415068 3.415068 3.415068 3.415068 3.415068 3.415068 3.415068 3.415068 3.415068 3.415068 3.415068 3.415068 3.415068 3.415068 3.083131 1.939834 1.939834 1.939834 1.939834 1.939834 1.939834 1.939834 1.939834 1.939834 1.939834 1.939834 1.939834 1.939834 1.939834 1.939834 1.939834 1.939834 1.939834 1.939834 1.939834 1.939834 1.939834 1.939834 1.939834 1.939834
2.498084 2.498084 2.498084 2.498084 2.498084 2.498084 2.498084 3.10524 3.371701 3.415068 3.415068 3.415068 3.415068 3.415068 3.415068 3.415068 3.415068 3.415068 3.415068 3.402205 3.415068 3.415068 3.415068 3.415068 3.415068 3.415068 3.415068 3.415068 3.415068 3.415068 3.415068 3.415068 3.415068 3.415068 3.415068 3.415068 3.415068 3.415068 3.308535 2.343415 2.096116 1.939834 1.939834 1.939834 1.939834 1.939834 1.939834 1.939834 1.939834 1.939834 1.939834 1.939834 1.939834 1.939834 1.939834 1.939834 1.939834 1.939834 1.939834 1.939834 1.939834 1.939834 1.939834 1.939834
2.399306 2.442634 2.494062 2.498084 2.498084 2.498084 2.498084 2.498084 2.505054 2.632908 2.844339 3.274933 3.415068 3.415068 3.415068 3.415068 3.415068 3.415068 3.306329 2.553161 3.254048 3.415068 3.415068 3.415068 3.415068 3.415068 3.415068 3.415068 3.415068 3.415068 3.415068 3.415068 3.415068 3.415068 3.415068 3.415068 3.415068 3.411546 3.335694 3.246035 3.064991 2.207713 3.144923 2.687207 2.081413 1.987734 2.444165 2.199132 1.939834 1.939834 1.939834 1.939834 1.939834 1.939834 1.939834 1.939834 1.939834 1.939834 1.939834 1.939834 1.939834 1.939834 1.939834 1.939834
2.19453 2.19453 2.345039 2.498084 2.498084 2.498084 2.498084 2.498084 2.498084 2.498084 2.498084 2.51173 2.853985 3.30904 3.415068 3.415069 3.415069 3.415068 2.785928 2.512735 2.971022 3.276181 3.415068 3.415068 3.415068 3.415068 3.415068 3.415068 3.415068 3.415068 3.415068 3.415068 3.415069 3.415068 3.415069 3.415068 3.415068 2.638667 1.946834 2.116786 2.724879 3.322673 3.415068 3.415068 3.378857 3.317967 3.415068 3.412575 3.046738 2.256689 1.939834 1.939834 1.939834 1.939834 1.939834 1.939834 1.939834 1.939834 1.939834 1.939834 1.939834 1.939834 1.939834 1.939834
2.19453 2.19453 2.199799 2.435824 2.498084 2.498084 2.498084 2.498084 2.498084 2.498084 2.498084 2.498084 2.498084 2.525485 2.901839 3.275189 3.362826 3.140919 2.498138 2.498084 2.498084 2.805133 3.415068 3.415068 3.415068 3.415068 3.415068 3.415068 3.415068 3.415068 3.415068 3.415068 3.415068 3.415068 3.415068 3.415068 3.415068 3.415068 3.245126 3.397744 3.415068 3.415068 3.415068 3.415068 3.415068 3.415068 3.415068 3.40505 2.660725 1.973903 1.939834 1.939834 1.939834 1.939834 1.939834 1.939834 1.939834 1.939834 1.939834 1.939834 1.939834 1.939834 1.939834 1.939834
2.19453 2.19453 2.19453 2.243676 2.488003 2.498084 2.498084 2.498084 2.498084 2.498084 2.498084 2.498084 2.498084 2.498084 2.498084 2.498084 2.498084 2.49919 2.498084 2.692773 3.126619 3.297481 3.415068 3.415069 3.415069 3.415069 3.415069 3.415069 3.415069 3.415069 3.415069 3.415069 3.415069 3.415069 3.024464 2.644571 3.26623 3.408554 3.269794 3.078995 3.17046 3.415069 3.415069 3.415069 3.415069 3.415069 3.415068 3.086967 1.939834 1.939834 1.939834 1.939834 1.939834 1.939834 1.939834 1.939834 1.939834 1.939834 1.939834 1.939834 1.939834 1.939834 1.939834 1.939834
2.19453 2.19453 2.19453 2.19453 2.32965 2.498084 2.498084 2.498084 2.498084 2.498084 2.498084 2.498084 2.498084 2.498084 2.498084 2.498084 2.498084 2.498084 2.498084 2.4983 2.635977 2.984536 3.415068 3.415068 3.415068 3.415068 3.16681 2.655021 2.890595 3.147419 3.377343 3.415068 3.415068 3.162132 2.509212 2.498084 2.549668 2.550114 2.498084 2.498084 2.564591 3.169218 3.35386 3.415068 3.415069 3.415068 3.415069 3.064111 1.957587 1.939834 2.015456 2.304459 2.606308 2.908111 2.181654 1.939834 1.939834 1.939834 1.939834 1.939834 1.939834 1.939834 1.939834 1.939834
2.19453 2.19453 2.19453 2.19453 2.196902 2.359896 2.492579 2.498084 2.498084 2.498084 2.498084 2.498084 2.498084 2.498084 2.498084 2.498084 2.498084 2.498084 2.498084 2.498084 2.498084 2.500344 2.926958 2.933023 2.873696 2.813811 2.533027 2.498084 2.498084 2.498084 2.525017 2.744059 3.000853 2.687818 2.498084 2.498084 2.498084 2.498084 2.498084 2.498084 2.498084 2.498084 2.504663 3.17252 3.415068 3.415069 3.415068 3.415069 3.356638 3.356659 3.404395 3.415069 3.415069 3.415069 2.847817 1.939834 1.939834 1.939834 1.939834 1.939834 1.939834 1.939834 1.939834 1.939834
2.19453 2.19453 2.19453 2.19453 2.19453 2.19453 2.419549 2.498084 2.498084 2.498084 2.498084 2.498084 2.498084 2.498084 2.498084 2.498084 2.498084 2.498084 2.498084 2.498084 2.498084 2.498084 2.498084 2.498084 2.498084 2.498084 2.498084 2.498084 2.498084 2.498084 2.498084 2.498084 2.498084 2.498084 2.498084 2.498084 2.498084 2.498084 2.498084 2.498084 2.498084 2.498084 2.498084 2.828977 3.415068 3.415068 3.415068 3.415068 3.415068 3.415068 3.415068 3.415068 3.415068 3.415068 3.374926 2.083216 1.939834 1.939834 1.99959 2.081859 1.939834 1.939834 1.939834 1.939834
