Scenarios/Heterogeneous/data/country_data_population_distribution/processed/density_grids/kaz.asc
ncols 991
nrows 370
xllcorner 46
yllcorner 40
cellsize 0.041666666666667
NODATA_value -9999
[rows 203 to 231 of 370, columns 640 to 703 of 991]
0.5719218 0.5719218 0.5719218 0.5719218 0.5719218 0.5719218 0.5719218 0.5719218 0.5719218 0.5719218 0.5719218 0.5719218 0.5719218 0.5719218 0.5719218 0.5719218 0.5719218 0.5719217 0.5719218 0.5719218 0.5719218 1.546103 2.088125 2.088125 2.088125 2.088125 2.088125 2.088125 2.088125 2.088125 2.088125 2.088125 2.088125 2.088125 2.088125 2.088125 2.088125 2.088125 2.088125 2.088125 2.088125 2.088125 2.088125 2.088125 2.088125 2.088125 2.088125 2.088125 2.088125 2.088125 2.088125 2.088125 2.088125 2.088125 2.088125 2.088125 2.088125 2.088125 2.088125 2.088125 2.088125 2.088125 2.088125 2.088125
0.5719218 0.5719218 0.5719218 0.5719218 0.5719218 0.5719218 0.5719218 0.5719218 0.5719218 0.5719218 0.5719218 0.5719218 0.5719218 0.5719218 0.5719218 0.5719218 0.5719218 0.5719218 0.5719218 0.5719218 0.5719218 1.31302 2.088125 2.088125 2.088125 2.088125 2.088125 2.088125 2.088125 2.088125 2.088125 2.088125 2.088125 2.088125 2.088125 2.088125 2.088125 2.088125 2.088125 2.088125 2.088125 2.088125 2.088125 2.088125 2.088125 2.088125 2.088125 2.088125 2.088125 2.088125 2.088125 2.088125 2.088125 2.088125 2.088125 2.088125 2.088125 2.088125 2.088125 2.088125 2.088125 2.088125 2.088125 2.088125
0.5719218 0.5719218 0.5719218 0.5719218 0.5719218 0.5719218 0.5719218 0.5719218 0.5719218 0.5719218 0.5719218 0.5719218 0.5719218 0.5719218 0.5719218 0.5719218 0.5719218 0.5719218 0.5719218 0.5719218 0.5719218 0.7670231 2.029716 2.088125 2.088125 2.088125 2.088125 2.088125 2.088125 2.088125 2.088125 2.088125 2.088125 2.088125 2.088125 2.088125 2.088125 2.088125 2.088125 2.088125 2.088125 2.088125 2.088125 2.088125 2.088125 2.088125 2.088125 2.088125 2.088125 2.088125 2.088125 2.088125 2.088125 2.088125 2.088125 2.088125 2.088125 2.088125 2.088125 2.088125 2.088125 2.088125 2.088125 2.088125
0.5719218 0.5719217 0.5719218 0.5719217 0.5719218 0.5719217 0.5719218 0.5719217 0.5719218 0.5719217 0.5719218 0.5719217 0.5719217 0.5719217 0.5719217 0.5719217 0.5719217 0.5719217 0.5719218 0.5719217 0.5719217 0.5719218 1.695133 2.088125 2.088125 2.088125 2.088125 2.088125 2.088125 2.088125 2.088125 2.088125 2.088125 2.088125 2.088125 2.088125 2.088125 2.088125 2.088125 2.088125 2.088125 2.088125 2.088125 2.088125 2.088125 2.088125 2.088125 2.088125 2.088125 2.088125 2.088125 2.088125 2.088125 2.088125 2.088125 2.088125 2.088125 2.088125 2.088125 2.088125 2.088125 2.088125 2.088125 2.088125
0.5719217 0.5719218 0.5719218 0.5719218 0.5719217 0.5719217 0.5719217 0.5719218 0.5719217 0.5719217 0.5719217 0.5719217 0.5719217 0.5719217 0.5719217 0.5719217 0.5719217 0.5719217 0.5719217 0.5719217 0.5719217 0.5719217 1.41852 2.088125 2.088125 2.088125 2.088125 2.088125 2.088125 2.088125 2.088125 2.088125 2.088125 2.088125 2.088125 2.088125 2.088125 2.088125 2.088125 2.088125 2.088125 2.088125 2.088125 2.088125 2.088125 2.088125 2.088125 2.088125 2.088125 2.088125 2.088125 2.088125 2.088125 0 2.088125 2.088125 2.088125 2.088125 2.088125 2.088125 2.088125 2.088125 2.088125 2.088125
0.5719218 0.5719218 0.5719218 0.5719218 0.5719218 0.5719218 0.5719218 0.5719218 0.5719218 0.5719218 0.5719218 0.5719218 0.5719218 0.5719218 0.5719218 0.5719218 0.5719218 0.5719218 0.5719218 0.5719218 0.5719218 0.5719218 1.141907 2.088125 2.088125 2.088125 2.088125 2.088125 2.088125 2.088125 2.088125 2.088125 2.088125 2.088125 2.088125 2.088125 2.088125 2.088125 2.088125 2.088125 2.088125 2.088125 2.088125 2.088125 2.088125 2.088125 2.088125 2.088125 0 0 0 0 0 0 0 0 0 0 0 2.088125 2.088125 2.088125 2.088125 2.088125
0.5719218 0.5719218 0.5719218 0.5719218 0.5719218 0.5719218 0.5719218 0.5719218 0.5719218 0.5719218 0.5719218 0.5719218 0.5719218 0.5719218 0.5719218 0.5719218 0.5719218 0.5719218 0.5719218 0.5719218 0.5719218 0.5719218 0.7978674 2.087573 2.088125 2.088125 2.088125 2.088125 2.088125 2.088125 2.088125 2.088125 2.088125 2.088125 2.088125 2.088125 2.088125 2.088125 2.088125 2.088125 2.088125 2.088125 2.088125 2.088125 2.088125 2.088125 0 0 0 0 0 0 0 0 0 0 0 0 0 0 0 0 2.088125 2.088125
0.5719217 0.5719218 0.5719217 0.5719218 0.5719217 0.5719218 0.5719217 0.5719218 0.5719217 0.5719217 0.5719217 0.5719217 0.5719217 0.5719217 0.5719217 0.5719217 0.5719217 0.5719217 0.5719217 0.5719217 0.5719217 0.5719217 0.5719217 1.808337 2.088125 2.088125 2.088125 2.088125 2.088125 2.088125 2.088125 2.088125 2.088125 2.088125 2.088125 2.088125 2.088125 2.088125 2.088125 2.088125 2.088125 2.088125 2.088125 2.088125 2.088125 2.088125 0 0 0 0 0 0 0 0 0 0 0 0 0 0 0 0 0 0
0.5719217 0.5719218 0.5719218 0.5719218 0.5719217 0.5719218 0.5719217 0.5719218 0.5719218 0.5719218 0.5719217 0.5719218 0.5719217 0.5719218 0.5719217 0.5719217 0.5719218 0.5719218 0.5719217 0.5719218 0.5719217 0.5719217 0.5719218 1.29638 2.088125 2.088125 2.088125 2.088125 2.088125 2.088125 2.088125 2.088125 2.088125 2.088125 2.088125 2.088125 2.088125 2.088125 2.088125 2.088125 2.088125 2.088125 2.088125 2.088125 2.088125 2.088125 0 0 0 0 0 0 0 0 0 0 0 0 0 0 0 0 0 0
0.5719217 0.5719217 0.5719218 0.5719218 0.5719217 0.5719217 0.5719217 0.5719218 0.5719218 0.5719217 0.5719217 0.5719218 0.5719217 0.5719218 0.5719217 0.5719217 0.5719217 0.5719218 0.5719217 0.5719218 0.5719217 0.5719217 0.5719217 0.7862672 2.086281 2.088125 2.088125 2.088125 2.088125 2.088125 2.088125 2.088125 2.088125 2.088125 2.088125 2.088125 2.088125 2.088125 2.088125 2.088125 2.088125 2.088125 2.088125 0 0 0 0 0 0 0 0 0 0 0 0 0 0 0 0 0 0 0 0 0
0.5719218 0.5719218 0.5719218 0.5719218 0.5719218 0.5719218 0.5719217 0.5719218 0.5719218 0.5719218 0.5719218 0.5719218 0.5719218 0.5719217 0.5719218 0.5719218 0.5719218 0.5719218 0.5719218 0.5719218 0.5719218 0.5719218 0.5719218 0.5719218 1.831457 2.088125 2.088125 2.088125 2.088125 2.088125 2.088125 2.088125 2.088125 2.088125 2.088125 2.088125 2.088125 2.088125 2.088125 2.088125 2.088125 2.088125 0 0 0 0 0 0 0 0 0 0 0 0 0 0 0 0 0 0 0 0 0.8436811 0.8436812
0.5719218 0.5719218 0.5719217 0.5719218 0.5719218 0.5719218 0.5719217 0.5719218 0.5719217 0.5719218 0.5719218 0.5719218 0.5719218 0.5719218 0.5719218 0.5719218 0.5719218 0.5719218 0.5719218 0.5719218 0.5719218 0.5719218 0.5719218 0.5719218 1.631679 2.088125 2.088125 2.088125 2.088125 2.088125 2.088125 2.088125 2.088125 2.088125 2.088125 2.088125 2.088125 2.088125 2.088125 2.088125 2.088125 0 0 0 0 0 0 0 0 0 0 0 0 0 0 0 0 0.8436812 0.8436811 0.8436811 0.8436812 0.8436811 0.8436812 0.843681
0.5719218 0.5719218 0.5719217 0.5719218 0.5719218 0.5719218 0.5719217 0.5719218 0.5719217 0.5719218 0.5719218 0.5719218 0.5719218 0.5719218 0.5719218 0.5719218 0.5719218 0.5719218 0.5719218 0.5719218 0.5719218 0.5719218 0.5719218 0.5719218 1.478979 2.088125 2.088125 2.088125 2.088125 2.088125 2.088125 2.088125 2.088125 2.088125 2.088125 2.088125 2.088125 2.088125 0 0 0 0 0 0 0 0 0 0 0 0 0 0 0 0.843681 0.843681 0 0 0.8436811 0.8436811 0.8436811 0.843681 0.8436811 0.8436811 0.8436811
0.5719218 0.5719218 0.5719218 0.5719218 0.5719218 0.5719218 0.5719218 0.5719218 0.5719218 0.5719218 0.5719218 0.5719218 0.5719218 0.5719218 0.5719218 0.5719218 0.5719218 0.5719218 0.5719218 0.5719218 0.5719218 0.5719218 0.5719218 0.5719218 1.326278 2.088125 2.088125 2.088125 2.088125 2.088125 2.088125 2.088125 2.088125 2.088125 0 0 0 0 0 0 0 0 0 0 0 0 0 0 0 0 0 0 0 0.843681 0.843681 0.8436811 0.843681 0.8436811 0.8436811 0.8436811 0.843681 0.843681 0.8436811 0.8436811
0.5719217 0.5719217 0.5719218 0.5719217 0.5719217 0.5719217 0.5719218 0.5719217 0.5719218 0.5719217 0.5719217 0.5719217 0.5719217 0.5719217 0.5719217 0.5719218 0.5719217 0.5719217 0.5719217 0.5719217 0.5719218 0.5719217 0.5719217 0.5719217 1.173578 2.088125 2.088125 2.088125 2.088125 2.088125 2.088125 2.088125 2.088125 0 0 0 0 0 0 0 0 0 0 0 0 0 0 0 0 0 0 0 0.843681 0.843681 0.8436811 0.8436811 0.8436811 0.843681 0.8436811 0.8436811 0.8436811 0.8436811 0.8436811 0.843681
0.5719218 0.5719217 0.5719218 0.5719217 0.5719217 0.5719217 0.5719218 0.5719217 0.5719218 0.5719217 0.5719218 0.5719217 0.5719218 0.5719217 0.5719218 0.5719217 0.5719218 0.5719217 0.5719217 0.5719217 0.5719217 0.5719218 0.5719217 0.5719217 1.020877 2.088125 2.088125 2.088125 2.088125 2.088125 2.088125 2.088125 2.088125 2.088125 2.088125 0 0 0 0 0 0 0 0 0 0 0 0 0 0 0 0 0 0.843681 0.8436812 0.8436812 0.8436811 0.8436811 0.8436811 0.8436812 0.8436811 0.8436812 0.8436811 0.8436811 0.8436811
0.5719218 0.5719218 0.5719218 0.5719218 0.5719218 0.5719218 0.5719218 0.5719218 0.5719218 0.5719218 0.5719218 0.5719218 0.5719218 0.5719218 0.5719218 0.5719218 0.5719218 0.5719218 0.5719218 0.5719218 0.5719218 0.5719218 0.5719218 0.5719218 0.8681772 2.088125 2.088125 2.088125 2.088125 2.088125 2.088125 2.088125 2.088125 2.088125 2.088125 0 0 0 0 0 0 0 0 0 0 0 0 0 0 0 0 0 0.843681 0.8436812 0.8436811 0.8436811 0.8436811 0.8436811 0.8436811 0.8436812 0.8436811 0.8436811 0.8436811 0.8436811
0.5719218 0.5719218 0.5719218 0.5719218 0.5719218 0.5719218 0.5719218 0.5719218 0.5719218 0.5719218 0.5719218 0.5719218 0.5719218 0.5719218 0.5719218 0.5719218 0.5719218 0.5719218 0.5719218 0.5719218 0.5719218 0.5719218 0.5719218 0.5719218 0.7154769 2.088125 2.088125 2.088125 2.088125 2.088125 2.088125 2.088125 2.088125 2.088125 2.088125 0 0 0 0 0 0 0 0 0 0 0 0 0 0 0 0.843681 0.8436812 0.8436811 0.8436811 0.8436811 0.843681 0.8436811 0.8436811 0.8436811 0.8436811 0.8436811 0.8436811 0.8436811 0.8436811
0.5719217 0.5719217 0.5719217 0.5719217 0.5719217 0.5719217 0.5719217 0.5719217 0.5719218 0.5719217 0.5719217 0.5719217 0.5719218 0.5719217 0.5719217 0.5719217 0.5719217 0.5719217 0.5719217 0.5719217 0.5719217 0.5719217 0.5719217 0.5719217 0.5877631 2.066931 2.088125 2.088125 2.088125 2.088125 2.088125 2.088125 2.088125 0 0 0 0 0 0 0 0 0 0 0 0 0 0 0 0 0 0.8436811 0.843681 0.843681 0.8436812 0.843681 0.843681 0.843681 0.8436812 0.843681 0.8436812 0.843681 0.843681 0.843681 0.843681
0.5719218 0.5719218 0.5719218 0.5719218 0.5719218 0.5719218 0.5719218 0.5719218 0.5719218 0.5719218 0.5719218 0.5719218 0.5719218 0.5719218 0.5719218 0.5719218 0.5719218 0.5719218 0.5719218 0.5719218 0.5719218 0.5719218 0.5719218 0.5719217 0.5719217 0.685793 0 2.088125 2.088125 0 0 0 0 0 0 0 0 0 0 0 0 0 0 0 0 0 0 0 0 0 0.843681 0.843681 0.8436811 0.8436811 0.8436811 0.8436811 0.8436811 0.8436811 0.8436811 0.8436811 0.8436811 0.8436811 0.8436811 0.8436811
0.5719218 0.5719218 0.5719218 0.5719218 0.5719218 0.5719218 0.5719218 0.5719218 0.5719218 0.5719218 0.5719218 0.5719218 0.5719218 0.5719218 0.5719218 0.5719218 0.5719218 0.5719218 0.5719218 0.5719218 0.5719218 0.5719218 0.5719218 0.5719218 0.5719218 0 0 0 0 0 0 0 0 0 0 0 0 0 0 0 0 0 0 0 0 0 0 0.8436811 0.843681 0.8436811 0.843681 0.8436811 0.8436811 0.8436811 0.8436811 0.8436811 0.8436811 0.8436811 0.8436811 0.8436811 0.8436812 0.8436811 0.8436811 0.8436811
0.5719218 0.5719218 0.5719218 0.5719218 0.5719218 0.5719218 0.5719218 0.5719218 0.5719218 0.5719218 0.5719218 0.5719218 0.5719218 0.5719218 0.5719218 0.5719218 0.5719218 0.5719218 0.5719218 0.5719218 0.5719218 0.5719218 0.5719218 0.5719218 0.5719217 0 0 0 0 0 0 0 0 0 0 0 0 0 0 0.843681 0.843681 0.843681 0.843681 0.8436811 0 0 0.8436811 0.8436811 0.843681 0.8436811 0.843681 0.8436811 0.843681 0.8436811 0.843681 0.8436811 0.843681 0.8436811 0.843681 0.8436811 0.8436811 0.8436811 0.843681 0.8436811
0.5719218 0.5719218 0.5719218 0.5719218 0.5719218 0.5719218 0.5719218 0.5719218 0.5719218 0.5719218 0.5719218 0.5719218 0.5719218 0.5719218 0.5719218 0.5719218 0.5719218 0.5719218 0.5719218 0.5719218 0.5719218 0.5719218 0.5719218 0.5719218 0.5736078 1.971028 0 0 0 0 0 0 0 0 0 0 0 0 0.843681 0.8436812 0.8436811 0.8436811 0.8436811 0.8436812 0.843681 0.843681 0.8436811 0.843681 0.8436811 0.843681 0.8436811 0.8436811 0.8436811 0.8436811 0.843681 0.8436811 0.8436811 0.8436811 0.8436811 0.8436811 0.8436811 0.843681 0.843681 0.8436811
0.5789597 0.5786827 0.5784058 0.5781288 0.5778518 0.5775748 0.5772978 0.5770208 0.5767439 0.5764669 0.5761899 0.5759128 0.5756359 0.5753589 0.5733998 0.5748049 0.5745279 0.5742508 0.5739738 0.5736968 0.5734198 0.5731443 0.5732207 0.5723307 0.7385575 2.088125 0 0 0 0 0 0 0 0 0 0 0 0.8436811 0.8436811 0.8436811 0.8436811 0.8436811 0.8436811 0.8436811 0.843681 0.8436811 0.8436811 0.8436811 0.8436811 0.8436811 0.8436811 0.8436811 0.8436811 0.8436812 0.8436811 0.8436811 0.8436812 0.8436811 0.8436811 0.8436812 0.8436811 0.8436811 0.8436811 0.8436811
0.603524 0.603524 0.603524 0.603524 0.603524 0.603524 0.603524 0.603524 0.603524 0.603524 0.603524 0.603524 0.603524 0.603524 0.603524 0.6035239 0.603524 0.603524 0.603524 0.603524 0.603524 0.603524 0.603524 0.603524 0 0 0 0 0 0 0 0 0 0 0 0 0 0.8436812 0.8436811 0.843681 0.8436811 0.8436811 0.8436811 0.8436811 0.8436811 0.8436811 0.8436811 0.8436811 0.8436811 0.8436811 0.8436811 0.8436811 0.8436811 0.8436812 0.8436811 0.8436811 0.8436811 0.8436811 0.8436811 0.8436811 0.8436811 0.8436811 0.8436811 0.8436811
0.603524 0.6035239 0.603524 0.603524 0.603524 0.603524 0.603524 0.603524 0.603524 0.603524 0.603524 0.603524 0.603524 0.603524 0.603524 0.603524 0.603524 0.603524 0.603524 0.603524 0.603524 0.603524 0.603524 0.603524 0 0 0 0 0 0 0 0 0 0 0 0 0 0.8436811 0.843681 0.8436811 0.8436812 0.8436812 0.8436811 0.8436812 0.8436811 0.8436811 0.8436812 0.8436811 0.8436812 0.8436812 0.8436812 0.8436811 0.8436811 0.8436811 0.8436811 0.8436812 0.8436811 0.8436811 0.8436811 0.8436811 0.8436811 0.8436811 0.8436811 0.8436812
0.603524 0.603524 0.603524 0.603524 0.603524 0.603524 0.603524 0.603524 0.603524 0.603524 0.603524 0.603524 0.603524 0.603524 0.603524 0.603524 0.603524 0.603524 0.603524 0.603524 0.603524 0.603524 0.603524 0 0 0 0 0 0 0 0 0 0 0 0 0 0 0 0.8436811 0.843681 0.8436812 0.8436811 0.843681 0.8436811 0.843681 0.8436811 0.8436811 0.8436811 0.843681 0.843681 0.843681 0.8436811 0.843681 0.8436811 0.843681 0.8436811 0.8436811 0.8436811 0.843681 0.8436811 0.843681 0.8436811 0.843681 0.8436811
0.603524 0.603524 0.603524 0.603524 0.603524 0.603524 0.603524 0.603524 0.603524 0.603524 0.603524 0.603524 0.603524 0.603524 0.603524 0.603524 0.603524 0.603524 0.603524 0.603524 0.603524 0.603524 0.6035239 0 0 0 0 0 0 0 0 0 0 0 0 0 0 0.8436812 0.843681 0.8436811 0.8436812 0.8436812 0.8436811 0.8436811 0.8436811 0.8436812 0.8436812 0.8436811 0.8436811 0.8436812 0.8436812 0.8436811 0.8436812 0.8436811 0.8436811 0.8436812 0.8436812 0.8436811 0.8436812 0.8436811 0.8436811 0.8436812 0.8436812 0.8436811
0.603524 0.603524 0.6035239 0.603524 0.603524 0.603524 0.603524 0.603524 0.603524 0.6035239 0.6035239 0.603524 0.603524 0.603524 0.603524 0.603524 0.6035239 0.6035239 0.6035239 0.603524 0.603524 0.603524 0 0 0 0 0 0 0 0 0 0 0 0 0 0 0 0.8436811 0.8436811 0.8436811 0.8436811 0.8436811 0.8436812 0.8436811 0.8436811 0.8436811 0.8436811 0.843681 0.8436811 0.8436811 0.8436811 0.8436811 0.8436811 0.8436811 0.8436811 0.8436811 0.8436811 0.8436811 0.8436811 0.8436811 0.8436811 0.8436811 0.8436811 0.8436811
