Scenarios/Heterogeneous/data/country_data_population_distribution/processed/density_grids/kaz.asc
ncols 991
nrows 370
xllcorner 46
yllcorner 40
cellsize 0.041666666666667
NODATA_value -9999
[rows 58 to 86 of 370, columns 576 to 639 of 991]
12.53282 11.3095 11.3095 11.3095 11.3095 11.3095 11.3095 11.3095 11.3095 11.3095 11.3095 11.3095 11.3095 11.3095 11.3095 11.3095 11.3095 11.30949 11.3095 8.178072 1.172499 1.172499 1.172499 1.172499 1.172499 1.172499 1.172499 1.172499 1.172499 1.172499 1.172499 1.172499 1.172499 1.172499 1.172499 1.172499 1.172499 1.172499 1.172499 1.172499 1.172499 1.172499 1.092358 1.058654 1.058654 1.058654 1.058654 1.058654 1.058654 1.058654 1.058654 1.058654 1.058654 1.058654 1.058654 1.058654 1.082878 1.139602 1.151827 1.167479 1.172499 1.17249 1.14914 1.166081
11.3095 11.3095 11.3095 11.3095 11.3095 11.3095 11.3095 11.3095 11.3095 11.3095 11.30949 11.3095 11.3095 11.3095 11.3095 11.3095 9.793728 6.54587 10.79952 2.301393 1.172499 1.172499 1.172499 1.172499 1.172499 1.172499 1.172499 1.172499 1.172499 1.172499 1.172499 1.172499 1.172499 1.172499 1.172499 1.172499 1.172499 1.172499 1.172499 1.172499 1.172499 1.172499 1.161989 1.070741 1.061867 1.058654 1.058654 1.058654 1.058654 1.058654 1.058654 1.058654 1.058654 1.058654 1.058654 1.061114 1.152852 1.172499 1.172499 1.172499 1.172499 1.172499 1.172499 1.172499
11.30949 11.3095 11.3095 11.3095 11.3095 11.30949 11.3095 11.3095 11.30949 11.30949 11.30949 11.30949 11.30949 11.30949 11.3095 11.13615 6.856367 1.591564 1.241983 1.172499 1.172499 1.172499 1.172499 1.172499 1.172499 1.172499 1.172499 1.172499 1.172499 1.172499 1.172499 1.172499 1.172499 1.172499 1.172499 1.172499 1.172499 1.172499 1.172499 1.172499 1.172499 1.172499 1.172499 1.172499 1.17241 1.16701 1.158391 1.149771 1.14115 1.132529 1.130018 1.135175 1.140356 1.145536 1.150717 1.158917 1.172499 1.172499 1.172499 1.172499 1.172499 1.172499 1.172499 1.172499
11.3095 11.3095 11.3095 11.3095 11.3095 11.3095 11.3095 11.3095 11.3095 11.3095 11.3095 11.3095 11.3095 11.3095 5.492462 1.854344 1.172499 1.172499 1.172499 1.172499 1.172499 1.172499 1.172499 1.172499 1.172499 1.172499 1.172499 1.172499 1.172499 1.172499 1.172499 1.172499 1.172499 1.172499 1.172499 1.172499 1.172499 1.172499 1.172499 1.172499 1.172499 1.172499 1.172499 1.172499 1.172499 1.172499 1.172499 1.172499 1.172499 1.172499 1.172499 1.172499 1.172499 1.172499 1.172499 1.172499 1.172499 1.172499 1.172499 1.172499 1.172499 1.172499 1.172499 1.172499
11.3095 11.3095 11.3095 11.3095 11.30949 11.3095 11.3095 11.3095 11.3095 11.3095 11.3095 11.3095 11.3095 9.376056 3.564741 1.172499 1.172499 1.172499 1.172499 1.172499 1.172499 1.172499 1.172499 1.172499 1.172499 1.172499 1.172499 1.172499 1.172499 1.172499 1.172499 1.172499 1.172499 1.172499 1.172499 1.172499 1.172499 1.172499 1.172499 1.172499 1.172499 1.172499 1.172499 1.172499 1.172499 1.172499 1.172499 1.172499 1.172499 1.172499 1.172499 1.172499 1.172499 1.172499 1.172499 1.172499 1.172499 1.172499 1.172499 1.172499 1.172499 1.172499 1.172499 1.172499
11.3095 11.3095 11.3095 11.30949 11.30949 11.3095 11.3095 11.3095 11.3095 11.3095 11.3095 11.3095 10.99986 1.550183 1.172499 1.172499 1.172499 1.172499 1.172499 1.172499 1.172499 1.172499 1.172499 1.172499 1.172499 1.172499 1.172499 1.172499 1.172499 1.172499 1.172499 1.172499 1.172499 1.172499 1.172499 1.172499 1.172499 1.172499 1.172499 1.172499 1.172499 1.172499 1.172499 1.172499 1.172499 1.172499 1.172499 1.172499 1.172499 1.172499 1.172499 1.172499 1.172499 1.172499 1.172499 1.172499 1.172499 1.172499 1.172499 1.172499 1.172499 1.172499 1.172499 1.172499
11.3095 11.3095 11.3095 11.30949 11.3095 11.30949 11.3095 11.3095 11.3095 11.3095 11.3095 11.30949 11.3095 7.468711 5.681423 4.834929 1.172499 1.172499 1.172499 1.172499 1.172499 1.172499 1.172499 1.172499 1.172499 1.172499 1.172499 1.172499 1.172499 1.172499 1.172499 1.172499 1.172499 1.172499 1.172499 1.172499 1.172499 1.172499 1.172499 1.172499 1.172499 1.172499 1.172499 1.172499 1.172499 1.172499 1.172499 1.172499 1.172499 1.172499 1.172499 1.172499 1.172499 1.172499 1.172499 1.172499 1.172499 1.172499 1.172499 1.172499 1.172499 1.172499 1.172499 1.172499
11.3095 11.3095 11.3095 11.3095 11.3095 11.3095 11.3095 11.3095 11.3095 11.3095 11.3095 10.57029 11.3095 10.12694 7.773452 9.486739 1.172499 1.172499 1.172499 1.172499 1.172499 1.172499 1.172499 1.172499 1.172499 1.172499 1.172499 1.172499 1.172499 1.172499 1.172499 1.172499 1.172499 1.172499 1.172499 1.172499 1.172499 1.19989 1.17317 1.172499 1.172499 1.172499 1.172499 1.172499 1.172499 1.172499 1.172499 1.172499 1.172499 1.172499 1.172499 1.172499 1.172499 1.172499 1.172499 1.172499 1.172499 1.172499 1.172499 1.172499 1.172499 1.172499 1.172499 1.172499
11.3095 11.3095 11.3095 11.3095 11.3095 11.3095 11.30949 11.3095 11.3095 11.3095 11.30949 6.071585 7.504487 5.479795 2.176482 1.177053 1.172499 1.172499 1.172499 1.172499 1.172499 1.172499 1.172499 1.172499 1.172499 1.172499 1.172499 1.172499 1.172499 1.172499 1.172499 1.172499 1.172499 1.172499 1.276104 1.607019 1.857722 2.114727 1.945316 1.492556 1.181742 1.172499 1.172499 1.172499 1.172499 1.172499 1.172499 1.172499 1.172499 1.172499 1.172499 1.172499 1.172499 1.172499 1.172499 1.172499 1.172499 1.172499 1.172499 1.172499 1.172499 1.172499 1.172499 1.172499
11.30949 11.3095 11.3095 11.3095 11.3095 11.30949 11.3095 11.3095 10.66354 8.934999 7.189908 5.625626 5.608412 5.116524 1.981773 1.172499 1.172499 1.172499 1.172499 1.172499 1.172499 1.172499 1.172499 1.172499 1.172499 1.172499 1.172499 1.172499 1.172499 1.172499 1.172499 1.172499 1.190174 1.797439 2.147989 2.1535 2.1535 2.1535 2.1535 2.1535 2.007989 1.560992 1.20065 1.172499 1.172499 1.172499 1.172499 1.172499 1.172499 1.172499 1.172499 1.172499 1.172499 1.172499 1.172499 1.172499 1.172499 1.172499 1.172499 1.172499 1.172499 1.172499 1.172499 1.172499
11.3095 11.3095 11.3095 11.3095 11.3095 11.3095 11.17323 7.778864 5.625454 5.608412 5.608412 5.608412 5.608412 5.608412 4.507119 2.224792 1.172499 1.172499 1.172499 1.172499 1.172499 1.172499 1.172499 1.172499 1.172499 1.172499 1.172499 1.172499 1.172499 1.172499 1.172499 1.182472 1.81231 2.1535 2.1535 2.1535 2.1535 2.1535 2.1535 2.1535 2.1535 2.1535 2.0575 1.629423 1.229823 1.172499 1.172499 1.172499 1.172499 1.172499 1.172499 1.172499 1.172499 1.172499 1.172499 1.172499 1.172499 1.172499 1.172499 1.172499 1.172499 1.172499 1.172499 1.172499
11.30949 11.3095 11.3095 11.29095 11.3095 10.29088 6.697347 5.608412 5.608412 5.608412 5.608412 5.608412 5.608412 5.608412 2.273442 1.172499 1.172499 1.172499 1.172499 1.172499 1.172499 1.172499 1.172499 1.172499 1.172499 1.172499 1.172499 1.172499 1.172499 1.172499 1.172499 1.514266 2.1535 2.1535 2.1535 2.1535 2.1535 2.1535 2.1535 2.1535 2.1535 2.1535 2.1535 2.1535 2.106121 1.844144 1.401996 1.172499 1.195702 1.514116 1.625185 1.219836 1.172499 1.172499 1.172499 1.172499 1.172499 1.172499 1.20393 1.378559 1.410872 1.17253 1.172499 1.172499
7.768029 7.122011 6.878378 7.703645 11.2861 8.946074 6.74327 5.608412 5.608412 5.608412 5.608412 5.608412 5.608412 5.608412 4.061171 2.460271 4.034142 1.918267 1.172499 1.172499 1.172499 1.172499 1.172499 1.172499 1.172499 1.172499 1.172499 1.172499 1.172499 1.172499 1.172499 1.621844 2.1535 2.1535 2.1535 2.1535 2.1535 2.1535 2.1535 2.1535 2.1535 2.1535 2.1535 2.1535 2.1535 2.1535 1.527022 1.641032 2.049853 2.1535 2.1535 2.074446 1.630435 1.455265 1.854782 1.919994 1.929615 2.021821 2.132871 2.1535 2.1535 1.738569 1.183211 1.172499
5.608412 5.608412 5.608412 5.634505 8.508574 7.355726 6.558825 5.608412 5.608412 5.608412 5.608412 5.608412 5.608412 5.608412 5.608412 5.608412 4.841022 1.945659 2.315519 1.172499 1.172499 1.172499 1.172499 1.172499 1.172499 1.172499 1.172499 1.172499 1.172499 1.172499 1.464964 1.917705 2.1535 2.1535 2.1535 2.1535 2.1535 2.1535 2.1535 2.1535 2.1535 2.1535 2.1535 2.1535 2.1535 2.1535 2.1535 2.1535 2.1535 2.1535 2.1535 2.1535 2.1535 2.1535 2.1535 2.1535 2.1535 2.1535 2.1535 2.1535 2.1535 2.1535 1.99833 1.517675
5.608412 5.608412 5.608412 5.608412 5.608412 5.608412 5.608412 5.608412 5.608412 5.608412 5.608412 5.608412 5.608412 5.608412 5.608412 5.608412 5.608412 5.608412 5.532591 2.841667 1.172499 1.763673 3.023523 1.480573 1.172499 1.172499 1.172499 1.172499 1.172499 1.318037 2.151538 2.1535 2.1535 2.1535 2.1535 2.1535 2.1535 2.1535 2.1535 2.1535 2.1535 2.1535 2.1535 2.1535 2.1535 2.1535 2.1535 2.1535 2.1535 2.1535 2.1535 2.1535 2.1535 2.1535 2.1535 2.1535 2.1535 2.1535 2.1535 2.1535 2.1535 2.1535 2.1535 2.1535
5.608412 5.608412 5.608412 5.608412 5.608412 5.608412 5.608412 5.608412 5.608413 5.608412 5.608412 5.608412 5.608412 5.608412 5.608412 5.608412 5.608412 5.608413 5.608412 5.32085 5.091547 5.608412 5.608412 5.200404 2.658241 1.174691 1.172499 1.182264 1.172499 1.678614 2.1535 2.1535 2.1535 2.1535 2.1535 2.1535 2.1535 2.1535 2.1535 2.1535 2.1535 2.1535 2.1535 2.1535 2.1535 2.1535 2.1535 2.1535 2.1535 2.1535 2.1535 2.1535 2.1535 2.1535 2.1535 2.1535 2.1535 2.1535 2.1535 2.1535 2.1535 2.1535 2.1535 2.1535
5.608412 5.608412 5.608412 5.608412 5.608412 5.608412 5.608412 5.608412 5.608412 5.608412 5.608412 5.608412 5.608412 5.608412 5.608412 5.608412 5.608412 5.608412 5.608412 5.608412 5.608412 5.608412 5.608412 5.608412 5.608412 3.040076 2.561678 2.15316 2.118998 2.133058 2.1535 2.1535 2.1535 2.1535 2.1535 2.1535 2.1535 2.1535 2.1535 2.1535 2.1535 2.1535 2.1535 2.1535 2.1535 2.1535 2.1535 2.1535 2.1535 2.1535 2.1535 2.1535 2.1535 2.1535 2.1535 2.1535 2.1535 2.1535 2.1535 2.1535 2.1535 2.1535 2.1535 2.1535
5.608412 5.608412 5.608412 5.608412 5.608411 5.608412 5.608411 5.608412 5.608412 5.608412 5.608412 5.608412 5.608412 5.608412 5.608412 5.608412 5.608411 5.608412 5.608411 5.608412 5.608411 5.608412 5.608412 5.608412 5.608412 5.608412 5.310966 3.09068 2.158087 2.1535 2.1535 2.1535 2.1535 2.1535 2.1535 2.1535 2.1535 2.1535 2.1535 2.1535 2.1535 2.1535 2.1535 2.1535 2.1535 2.1535 2.1535 2.1535 2.1535 2.1535 2.1535 2.1535 2.1535 2.1535 2.1535 2.1535 2.1535 2.1535 2.1535 2.1535 2.1535 2.1535 2.1535 2.1535
5.608412 5.608412 5.608412 5.608412 5.608412 5.608412 5.608412 5.608412 5.608412 5.608412 5.608412 5.608412 5.608412 5.608412 5.608412 5.608412 5.608412 5.589749 5.449916 4.413268 2.821247 4.125727 5.608412 5.596117 3.280818 3.145267 3.540323 3.267356 2.369351 2.1535 2.1535 2.1535 2.1535 2.1535 2.1535 2.1535 2.1535 2.1535 2.1535 2.1535 2.1535 2.1535 2.1535 2.1535 2.1535 2.1535 2.1535 2.1535 2.1535 2.1535 2.1535 2.1535 2.1535 2.1535 2.1535 2.1535 2.1535 2.1535 2.1535 2.1535 2.1535 2.1535 2.1535 2.1535
5.608412 5.608412 5.608412 5.608412 5.608412 5.608412 5.608412 5.608412 5.608412 5.608412 5.606774 4.850858 5.608412 5.608412 5.608412 5.608412 5.59042 4.544318 2.1535 2.1535 2.1535 4.023118 5.608412 5.596092 2.876461 2.1535 2.1535 2.1535 2.1535 2.1535 2.1535 2.1535 2.1535 2.1535 2.1535 2.1535 2.1535 2.1535 2.1535 2.1535 2.1535 2.1535 2.1535 2.1535 2.1535 2.1535 2.1535 2.1535 2.1535 2.1535 2.1535 2.1535 2.1535 2.1535 2.1535 2.1535 2.1535 2.1535 2.1535 2.1535 2.1535 2.1535 2.1535 2.1535
5.608412 5.608412 5.608412 5.608412 5.608412 5.608412 5.608412 5.608412 5.608412 5.608412 4.363863 2.166878 3.559692 4.261643 3.673547 3.003361 2.351272 2.1535 2.1535 2.1535 2.1535 2.256929 4.930083 5.608412 4.646637 2.1535 2.1535 2.1535 2.1535 2.1535 2.1535 2.1535 2.1535 2.1535 2.1535 2.1535 2.1535 2.1535 2.1535 2.1535 2.1535 2.1535 2.1535 2.1535 2.1535 2.1535 2.1535 2.1535 2.1535 2.1535 2.1535 2.1535 2.1535 2.1535 2.1535 2.1535 2.1535 2.1535 2.1535 2.1535 2.1535 2.1535 2.1535 2.007219
5.608412 5.608412 5.608412 5.608412 5.608412 5.608412 5.608412 5.608412 4.196063 3.179979 2.298492 2.1535 2.1535 2.1535 2.1535 2.1535 2.1535 2.1535 2.1535 2.1535 2.1535 2.312861 4.025532 4.500653 3.589123 2.1535 2.1535 2.1535 2.1535 2.1535 2.1535 2.1535 2.1535 2.1535 2.1535 2.1535 2.1535 2.1535 2.1535 2.1535 2.1535 2.1535 2.1535 2.1535 2.1535 2.1535 2.1535 2.1535 2.1535 2.1535 2.1535 2.1535 2.1535 2.1535 2.1535 2.1535 2.1535 2.1535 2.1535 2.1535 2.1535 2.1535 2.0692 1.481174
5.608412 5.608412 5.608412 5.608412 5.608412 5.608412 5.607161 3.90413 2.156397 2.1535 2.1535 2.1535 2.1535 2.1535 2.1535 2.1535 2.1535 2.1535 2.1535 2.1535 2.1535 2.1535 2.1535 2.1535 2.1535 2.1535 2.1535 2.1535 2.1535 2.1535 2.1535 2.1535 2.1535 2.1535 2.1535 2.1535 2.1535 2.1535 2.1535 2.1535 2.1535 2.1535 2.1535 2.1535 2.1535 2.1535 2.1535 2.1535 2.1535 2.1535 2.1535 2.1535 2.1535 2.1535 2.1535 2.1535 2.1535 2.1535 2.1535 2.1535 2.1535 2.005339 1.467111 1.500546
5.608412 5.608412 5.608412 5.608412 5.608412 5.608412 5.598502 4.769914 2.528614 2.1535 2.1535 2.1535 2.1535 2.1535 2.1535 2.1535 2.1535 2.1535 2.1535 2.1535 2.1535 2.1535 2.1535 2.1535 2.1535 2.1535 2.1535 2.1535 2.1535 2.1535 2.1535 2.1535 2.1535 2.1535 2.1535 2.1535 2.1535 2.1535 2.1535 2.1535 2.1535 2.1535 2.1535 2.1535 2.1535 2.1535 2.1535 2.1535 2.1535 2.1535 2.1535 2.1535 2.1535 2.1535 2.1535 2.1535 2.1535 2.1535 2.1535 2.1535 2.1535 2.153216 2.153215 1.989767
5.608412 5.608412 5.608412 5.608412 5.608412 5.550314 4.518375 3.251894 2.1535 2.1535 2.1535 2.1535 2.1535 2.1535 2.1535 2.1535 2.1535 2.1535 2.1535 2.1535 2.1535 2.1535 2.1535 2.1535 2.1535 2.1535 2.1535 2.1535 2.1535 2.1535 2.1535 2.1535 2.1535 2.1535 2.1535 2.1535 2.1535 2.1535 2.1535 2.1535 2.1535 2.1535 2.1535 2.1535 2.1535 2.1535 2.1535 2.1535 2.1535 2.1535 2.1535 2.1535 2.1535 2.1535 2.1535 2.1535 2.1535 2.1535 2.1535 2.1535 2.1535 2.023245 1.5261 1.388377
5.608412 5.608412 5.608412 5.576845 5.17236 3.914155 3.162131 3.060339 2.257857 2.1535 2.1535 2.1535 2.1535 2.1535 2.1535 2.1535 2.1535 2.1535 2.1535 2.1535 2.1535 2.1535 2.1535 2.1535 2.1535 2.1535 2.1535 2.1535 2.1535 2.1535 2.1535 2.1535 2.1535 2.1535 2.1535 2.1535 2.1535 2.1535 2.1535 2.1535 2.1535 2.1535 2.1535 2.1535 2.1535 2.1535 2.1535 2.1535 2.1535 2.1535 2.1535 2.1535 2.1535 2.1535 2.1535 2.1535 2.1535 2.1535 2.1535 2.1535 2.1535 2.058368 1.388377 1.388377
5.608412 5.497837 4.141018 3.269955 3.162131 3.162131 3.162131 3.162131 2.501172 2.154854 2.1535 2.1535 2.1535 2.1535 2.1535 2.1535 2.1535 2.1535 2.1535 2.1535 2.1535 2.1535 2.1535 2.1535 2.1535 2.1535 2.1535 2.1535 2.1535 2.1535 2.1535 2.1535 2.1535 2.1535 2.1535 2.1535 2.1535 2.1535 2.1535 2.1535 2.1535 2.1535 2.1535 2.1535 2.1535 2.1535 2.1535 2.1535 2.1535 2.1535 2.1535 2.1535 2.1535 2.1535 2.1535 2.1535 2.074989 1.867061 1.657273 1.815642 2.152875 2.106348 1.434028 1.388377
5.379065 3.627738 3.162131 3.162131 3.162131 3.162131 3.162131 3.162131 2.489477 2.1535 2.1535 2.1535 2.1535 2.1535 2.1535 2.1535 2.1535 2.403785 2.396268 2.1535 2.1535 2.1535 2.1535 2.1535 2.1535 2.1535 2.1535 2.1535 2.1535 2.1535 2.1535 2.1535 2.1535 2.1535 2.1535 2.1535 2.1535 2.1535 2.1535 2.1535 2.1535 2.24281 2.558562 2.309332 2.155454 2.1535 2.1535 2.1535 2.1535 2.1535 2.1535 2.1535 2.136826 1.941111 1.731304 1.52155 1.390288 1.388377 1.388377 1.388377 1.530666 1.57987 1.452117 1.388377
4.045905 3.162131 3.162131 3.162131 3.162131 3.162131 3.162131 3.178196 3.89373 4.116158 4.175307 4.305348 4.405142 4.076963 2.1535 4.673707 5.259885 4.977962 2.343946 2.1535 2.1535 2.1535 2.1535 2.1535 2.1535 2.1535 2.1535 2.1535 2.1535 2.1535 2.251772 2.452154 2.286276 2.154166 2.1535 2.1535 2.1535 3.864669 3.915448 3.757286 3.599117 4.165717 5.728933 5.728933 5.633654 5.386575 5.137529 4.888466 2.717271 2.1535 2.1535 2.13926 1.66045 1.388377 1.388377 1.388377 1.388377 1.388377 1.388377 1.388377 1.388377 1.388377 1.388377 1.388377
