Scenarios/Heterogeneous/data/country_data_population_distribution/processed/density_grids/khm.asc
ncols 135
nrows 136
xllcorner 102
yllcorner 9
cellsize 0.041666666666667
NODATA_value -9999
[rows 0 to 34 of 136, columns 0 to 77 of 135]
0 0 0 0 0 0 0 0 0 0 0 0 0 0 0 0 0 0 0 0 0 0 0 0 0 0 0 0 0 0 0 0 0 0 0 0 0 0 0 0 0 0 0 0 0 0 0 0 0 0 0 0 0 0 0 0 0 0 0 0 0 0 0 0 0 0 0 0 0 0 0 0 0 0 0 0 0 0
0 0 0 0 0 0 0 0 0 0 0 0 0 0 0 0 0 0 0 0 0 0 0 0 0 0 0 0 0 0 0 0 0 0 0 0 0 0 0 0 0 0 0 0 0 0 0 0 0 0 0 0 0 0 0 0 0 0 0 0 0 0 0 0 0 0 0 0 0 0 0 0 0 0 0 0 0 0
0 0 0 0 0 0 0 0 0 0 0 0 0 0 0 0 0 0 0 0 0 0 0 0 0 0 0 0 0 0 0 0 0 0 0 0 0 0 0 0 0 0 0 0 0 0 0 0 0 0 0 0 0 0 0 0 0 0 0 0 0 0 0 0 0 0 0 0 0 0 0 0 0 0 0 0 0 0
0 0 0 0 0 0 0 0 0 0 0 0 0 0 0 0 0 0 0 0 0 0 0 0 0 0 0 0 0 0 0 0 0 0 0 0 0 0 0 0 0 0 0 0 0 0 0 0 0 0 0 0 0 0 0 0 0 0 0 0 0 0 0 0 0 0 0 0 0 0 0 0 0 0 0 0 0 0
0 0 0 0 0 0 0 0 0 0 0 0 0 0 0 0 0 0 0 0 0 0 0 0 0 0 0 0 0 0 0 0 0 0 0 0 0 0 0 0 0 0 0 0 0 0 0 0 0 0 0 0 0 0 0 0 0 0 0 0 0 0 0 0 0 0 0 0 0 0 0 0 0 0 0 0 0 0
0 0 0 0 0 0 0 0 0 0 0 0 0 0 0 0 0 0 0 0 0 0 0 0 0 0 0 0 0 0 0 0 0 0 0 0 0 0 0 0 0 0 0 0 0 0 0 0 0 0 0 0 0 0 0 0 0 0 0 0 0 0 0 0 0 0 0 0 0 0 0 0 0 0 0 0 0 0
0 0 0 0 0 0 0 0 0 0 0 0 0 0 0 0 0 0 0 0 0 0 0 0 0 0 0 0 0 0 0 0 0 0 0 0 47.61146 37.14269 41.35032 156.4716 600.8506 0 0 0 0 0 0 0 0 0 0 0 0 0 335.115 0 0 0 0 0 0 0 0 65.12669 68.96633 63.31513 61.58934 49.31405 31.33632 39.06236 0 0 0 0 0 0 0 0
0 0 0 0 0 0 0 0 0 0 0 0 0 0 0 0 0 0 0 0 0 0 0 0 0 0 0 0 0 0 0 0 0 50.07206 36.12758 40.23685 37.0544 37.0544 37.0544 37.0544 37.0544 37.06071 45.85877 61.57515 217.2426 0 0 0 0 0 623.2206 546.5056 140.1346 280.4641 559.8111 551.5173 523.2623 641.8013 482.8935 144.8575 68.33469 74.12969 59.85663 59.85651 59.85651 59.85651 59.85651 47.46974 18.08847 18.08847 18.08847 20.17231 0 0 0 0 0 0
0 0 0 0 0 0 0 0 0 0 0 0 0 0 0 0 0 0 0 0 0 0 0 0 0 0 0 63.21539 49.00382 64.3035 60.97322 51.06695 28.40315 28.40315 31.04076 37.0544 37.0544 37.0544 37.0544 37.0544 37.0544 37.0544 37.0544 37.15907 264.0255 265.0016 256.4648 313.7084 374.2587 675.4081 860.7869 778.8606 149.6894 243.9459 551.0541 559.8111 565.1948 617.5803 578.9958 168.3515 59.85651 59.85651 59.85651 59.85651 59.85651 59.85651 59.85651 44.90575 18.08847 18.08847 18.08847 23.30803 0 0 0 0 16.50033 0
0 0 0 0 0 0 0 0 0 0 0 0 0 0 0 0 0 0 0 0 0 0 0 0 0 64.71224 46.20127 46.20127 46.20127 57.21793 60.97322 38.04035 28.40315 28.40315 80.91222 213.3866 98.38335 37.0544 37.0544 37.0544 37.0544 37.0544 37.0544 41.05636 265.0016 265.0015 265.0016 314.6451 374.2587 483.5341 708.6477 612.2502 149.6894 149.6894 227.3841 438.6063 420.4208 374.4384 366.4684 75.2802 59.85651 59.8565 59.8565 59.85651 59.85651 59.8565 59.85651 54.028 19.90353 18.08847 18.0764 13.48468 0 0 0 0 9.512217 7.435769
0 0 0 0 0 0 0 0 0 0 0 0 0 0 0 0 0 0 0 0 0 0 0 0 56.31171 46.01494 46.20127 46.20127 46.20127 52.54251 60.97322 43.57715 28.40315 28.40315 167.3756 219.547 168.9714 37.0544 37.0544 37.0544 37.0544 37.0544 37.0544 48.71747 265.0016 265.0016 265.0016 191.2401 223.1075 295.4361 373.5434 228.6537 149.6894 149.6894 195.2211 369.7584 374.4384 271.6654 210.6101 79.63955 59.85651 59.85651 59.85651 59.85651 59.85651 59.83601 59.39069 23.54896 14.69868 17.68182 16.46309 9.512217 19.09662 0 0 24.64112 9.512217 9.460279
0 0 0 0 0 0 0 0 0 0 0 0 0 0 0 0 0 0 0 0 0 0 0 44.65508 44.62376 45.26426 46.20127 46.20127 46.20127 51.70927 60.97322 60.87511 28.86393 43.57623 193.3746 243.7061 317.4293 184.1791 37.0544 37.0544 37.0544 37.0544 37.0544 50.23552 265.0015 265.0015 241.0629 163.9068 163.5773 184.6973 368.2658 205.3626 149.6894 149.6894 262.2215 453.433 422.2054 205.7444 188.7796 75.42326 59.85651 59.85651 59.85651 59.85651 52.01899 21.05246 14.86294 9.732486 9.668487 9.669721 10.03634 9.522358 9.509437 9.512218 9.534604 9.512217 9.512217 9.512217
0 0 0 0 0 0 0 0 0 0 0 0 0 0 0 0 0 0 0 0 0 0 57.7006 44.62377 44.62377 44.66785 46.05342 46.20127 46.60849 56.81873 60.97322 66.96442 72.98534 65.50245 63.84735 72.69559 287.2441 328.9684 122.9132 37.0544 37.0544 37.0544 37.0544 49.10508 265.0015 240.552 170.4461 163.5773 163.5773 288.951 361.8072 190.3031 149.6894 176.1833 479.1348 518.7908 518.7907 388.1146 201.1336 185.1516 64.90366 26.62991 32.30735 49.89787 20.99578 10.33421 10.32542 9.737998 9.668487 9.668487 9.668487 9.542154 4.844862 7.998689 9.512218 9.512218 9.512218 9.512217
0 0 0 0 0 0 0 0 0 0 0 0 0 0 0 0 0 0 0 0 0 0 48.19525 44.62376 44.62376 44.62376 44.80693 45.29155 47.57054 72.44042 82.30141 87.39729 87.65762 66.91609 45.72607 41.3917 78.59694 156.2937 84.26745 29.41547 28.69359 25.85044 26.5344 35.21175 191.851 163.832 163.5773 163.5773 187.402 369.7192 325.8818 190.2791 149.6894 241.5749 518.7907 518.7907 518.7907 518.7907 346.4803 91.66019 10.33421 10.33421 10.33421 10.40727 10.33421 10.33421 10.30219 9.6704 9.668487 8.131763 8.307783 9.020453 3.619156 3.53929 5.253728 7.423307 8.502303 9.512218
0 0 0 0 0 0 0 0 0 0 0 0 0 0 0 0 0 0 0 0 0 0 44.62377 44.62377 44.62377 44.62377 44.62377 44.62377 53.73186 87.65762 87.65763 87.65763 68.03703 41.29013 20.89378 20.55718 20.55718 20.55718 20.55718 20.55718 20.56031 21.32676 22.58455 29.53909 163.5773 163.5773 163.5773 187.2516 337.9974 374.2587 282.2361 190.2976 149.6894 241.4944 518.7907 518.7908 518.7908 518.7908 367.8966 70.18434 12.14676 10.33422 10.33422 10.33422 10.33421 10.33422 10.33421 7.568646 4.092347 3.483356 3.73459 7.351399 3.483074 3.483074 3.483074 3.483074 3.727458 7.700624
0 0 0 0 0 0 0 0 0 0 0 0 0 0 0 0 0 0 0 0 0 0 88.14124 85.95118 113.8931 87.30537 51.79011 50.94956 60.50026 87.65762 87.65762 83.47642 49.81324 48.51838 30.67767 20.55718 20.55718 20.55718 20.55912 20.86826 22.06843 23.47278 23.47278 29.27364 163.5773 163.5773 164.6461 319.7066 374.2587 338.9662 197.9314 190.3908 149.6894 241.6468 518.7908 518.7908 518.7908 518.7908 231.7287 96.00397 51.07481 10.33421 10.33421 10.33421 10.33421 10.33421 10.05425 3.875226 3.483074 3.483074 3.483074 3.854311 3.483074 3.483074 3.483074 3.483074 3.484193 7.408683
0 0 0 0 0 0 0 0 0 0 0 0 0 0 0 0 0 0 0 0 84.96599 90.36989 90.36988 92.74557 123.3412 89.40762 58.36707 58.36707 76.25581 87.65762 85.36308 64.0172 54.8413 48.51837 34.28074 20.59922 24.1827 22.35504 22.98632 30.4808 24.45616 23.78245 23.83455 29.32723 161.4711 161.1779 231.5166 367.848 367.0573 243.3315 192.718 190.5196 149.6894 241.3706 518.7907 518.7907 518.7907 518.7907 199.8301 96.00396 95.63284 61.78489 12.0552 11.38052 10.44328 10.33421 10.33421 4.779639 3.483074 3.483074 3.483074 3.483074 3.483074 3.483074 3.483074 3.483074 4.405594 8.030433
0 0 0 0 0 0 0 0 0 0 0 0 0 0 0 0 0 0 0 80.57605 82.61422 82.57446 83.55927 91.91453 111.1017 78.36338 70.45004 60.54411 61.82193 82.65252 53.83523 51.61471 58.58328 52.71097 50.86264 52.10299 52.57416 33.39289 47.99804 74.83179 70.51606 49.15384 48.47868 48.47868 48.47868 38.79336 39.48219 99.82059 99.82059 99.82059 87.64561 51.47416 102.2844 149.0024 154.6858 145.3369 124.0093 173.071 125.4262 96.00396 96.00397 32.74434 12.59517 12.59517 12.4609 12.09515 12.34588 15.30882 17.84417 14.38583 12.58677 13.10036 12.96898 10.05029 6.450823 6.391209 6.923891 8.030433
0 0 0 0 0 0 0 0 0 0 0 0 0 0 0 0 0 0 0 72.51154 65.77962 66.15942 65.73663 79.14564 94.76981 102.4473 83.53008 59.65136 59.60022 86.20571 49.88475 48.98853 55.59914 59.21349 57.95895 60.0771 65.5712 69.29824 75.25616 75.25837 75.25837 59.01951 46.16815 48.47868 48.47868 37.04941 55.11042 99.82059 99.82059 99.82059 59.60805 10.51893 10.51893 10.51893 10.51893 10.51893 10.51893 25.18534 93.06218 96.00397 96.00396 42.88558 12.59517 12.59517 12.59517 12.59517 17.70376 23.21637 23.21637 23.75249 25.16161 27.13336 27.14976 19.99127 11.09181 10.97177 8.471937 8.030433
0 0 0 0 0 0 0 0 0 0 0 0 0 0 0 0 0 0 68.68507 74.9403 71.95773 74.14577 72.54002 67.73582 70.8073 84.37773 68.68542 76.11788 93.50877 91.10873 49.13077 48.98853 55.33716 59.21348 61.72982 64.99214 80.92282 77.98116 75.31798 77.04384 79.88152 67.89635 33.97204 40.55238 46.14117 34.51536 71.79781 99.82058 99.82059 99.82058 63.04581 10.51893 10.51893 10.51893 10.51893 10.51893 10.94832 63.56971 96.00396 96.00396 96.00396 65.67073 31.49938 12.59803 12.59518 17.5763 23.19671 23.21637 23.21637 24.35332 26.85055 56.16824 22.75292 13.46729 11.05255 8.85272 8.030433 8.030433
0 0 0 0 0 0 0 0 0 0 0 0 0 0 0 0 0 0 76.66451 75.71561 75.43047 75.06873 74.9528 108.0231 84.35531 74.9043 110.4437 119.6959 109.9761 99.77705 54.93581 48.98853 81.59637 69.50505 63.2864 64.64697 81.61708 83.14681 81.74536 125.8869 136.3879 121.3246 51.34898 40.67018 34.7257 34.43109 82.28687 99.82058 99.82059 99.82059 72.98163 10.51893 10.51893 10.51893 10.51893 10.51893 20.82965 83.86855 96.00397 96.00397 96.00397 96.00397 85.77185 40.43495 42.68961 42.63563 23.25749 23.21637 23.3368 24.80175 49.04687 537.7329 166.8725 11.09181 11.07355 9.526666 8.171208 9.550601
0 0 0 0 0 0 0 0 0 0 0 0 0 0 0 0 0 56.27335 122.1822 197.08 82.55861 78.22802 90.34901 122.5287 102.8224 83.16496 93.37036 100.2808 105.3977 95.57972 49.31182 49.96187 77.80885 99.60997 65.85094 69.58691 74.77245 76.02409 87.06693 136.3879 117.3683 69.48695 65.6918 64.43531 43.64887 33.97748 87.85845 99.82059 99.82059 97.56675 37.58348 10.51893 10.51893 10.51893 10.51893 10.81455 15.17351 39.3436 95.28628 96.00397 96.00397 96.00397 75.67834 58.61164 54.72919 46.84476 28.90986 21.72975 23.73538 24.8677 51.08353 78.46546 61.83975 30.90664 11.09181 15.79239 29.70917 32.64193
0 0 0 0 0 0 0 0 0 0 0 0 0 0 0 870.2465 66.07784 52.309 240.618 865.0673 777.2349 625.9357 90.73982 80.27004 84.82209 89.88231 95.42046 89.02155 94.87487 80.93286 60.72127 53.72116 88.52332 64.00904 63.86883 86.11562 115.4668 101.6407 113.9688 171.8001 110.5884 110.1222 107.9683 107.7776 96.76408 41.27511 75.58749 99.82059 98.93558 86.37753 59.8079 10.51893 10.51893 10.51893 14.78847 25.37003 27.3304 28.71429 82.64197 96.00397 96.00397 96.00397 55.63742 37.22847 41.37579 35.02579 19.67728 19.62481 20.92531 43.46238 59.10637 59.1173 59.1173 53.85045 21.45498 23.64449 28.73822 31.14916
0 0 0 0 0 0 0 0 0 0 0 0 0 0 2007.897 1557.744 103.7074 82.6457 157.3715 424.2727 476.8106 284.2805 105.8415 101.5767 96.36185 97.32473 97.94578 165.0421 164.0158 57.78651 55.50053 64.34939 87.15547 47.73711 77.04815 110.2357 112.3919 109.866 133.0501 159.63 162.6913 124.0566 107.7776 105.7134 71.73566 52.0556 77.28957 88.25854 82.57195 81.78186 45.6981 10.51893 10.56738 19.20993 27.1289 27.3304 27.3304 27.3304 67.14482 96.00396 96.00397 96.00396 33.83089 19.62512 19.62512 19.62455 19.09316 18.64122 18.51547 39.78966 58.44316 59.11729 58.88301 58.17432 55.72768 27.2399 22.83211 22.83211
0 0 0 0 0 0 0 0 0 0 0 0 0 1057.807 2104.682 1231.617 103.7074 102.8219 83.728 60.59584 65.1302 92.5715 294.1419 283.2676 188.4366 101.0424 107.7934 186.5255 186.8633 70.34727 62.83194 108.7671 157.3656 141.22 116.8092 103.5248 84.97218 82.32665 133.4213 154.3814 162.5569 128.4144 101.636 66.97352 63.64349 68.04775 78.9264 81.78185 81.78186 81.78186 47.36645 19.49584 24.84209 27.3304 27.3304 27.3304 27.3304 31.39912 62.03383 96.00397 96.00397 95.76569 33.24339 19.81354 19.62512 18.30731 18.51547 18.51547 21.88207 48.92384 50.803 56.32871 57.70808 57.61975 53.4381 30.80739 43.60944 107.7665
0 0 0 0 0 0 0 0 0 0 0 0 0 0 533.2374 588.2728 103.7074 103.7361 94.18497 78.82764 80.42755 202.4678 386.07 697.1411 255.5341 106.816 111.2387 120.2207 111.9937 64.41196 63.22597 65.14314 69.17177 167.6032 252.8196 119.0264 192.1338 91.55256 96.28036 112.9459 148.731 144.6785 98.74275 61.91956 65.43248 68.04774 131.0271 144.35 109.5789 100.4427 53.21583 38.92097 32.66176 28.11859 27.75812 46.27517 57.57675 68.9164 92.37006 96.00396 96.00396 96.00396 96.00396 75.79866 40.77411 10.63305 13.48724 35.31577 48.0995 48.35418 45.60912 42.49773 43.19681 40.42966 25.40184 38.61658 51.4845 72.5532
0 0 0 0 0 0 0 0 0 192.3156 0 111.9781 148.2741 209.5476 221.8987 183.835 170.9556 156.3351 101.3191 89.91992 95.77238 346.4165 422.1317 693.3742 418.2195 341.896 188.467 116.4733 108.09 69.90331 64.39388 65.14314 86.54119 128.3479 232.7073 86.05516 84.79228 76.93698 101.9857 131.2693 183.9557 191.0156 209.8316 151.4661 79.34899 80.5136 127.6811 132.4859 116.5473 113.8572 44.92441 39.86145 39.86145 46.44859 63.22852 66.99453 66.99453 69.52595 89.29775 86.06086 93.84045 96.00396 96.00397 96.00396 48.91199 9.365347 9.365347 13.63746 27.53933 36.16404 45.06933 40.72504 34.52908 28.83912 25.79926 25.83657 40.38955 46.42911
0 0 0 0 0 0 0 0 251.5326 290.6385 87.97694 99.11571 118.765 208.8257 221.8987 224.1472 241.241 233.6422 126.5329 92.38379 92.71796 352.02 197.2259 166.7722 389.312 320.0801 212.7023 172.469 99.98827 63.447 65.14314 59.85916 46.59098 37.73201 85.17618 83.68729 79.98402 80.0407 207.1363 239.5437 184.7318 224.327 244.7512 193.2637 150.7531 142.9788 162.3442 148.6767 116.5473 116.5473 90.0388 39.86145 39.86145 59.55684 66.99453 66.99453 66.99453 66.99166 51.94838 39.0494 39.47236 64.00484 75.77568 79.04578 23.29546 9.365347 9.365347 9.365347 9.365347 24.74682 45.06933 37.93459 34.52908 34.52908 32.88201 25.9952 31.50941 44.72805
0 0 0 0 0 0 0 0 0 264.3901 132.0177 118.8235 122.2938 136.4313 190.0162 193.1057 185.2601 234.5528 236.2943 193.3415 138.8541 163.9328 174.3262 196.6353 320.9171 243.5458 143.7736 137.5775 101.9082 65.67028 65.14313 54.49973 37.46077 38.75 44.72704 63.20768 68.54288 52.48886 81.89071 147.6931 106.0817 169.7103 301.3956 399.9506 404.439 174.1671 206.7899 146.5408 68.56263 68.46471 75.00654 72.10222 82.27767 74.21141 72.97191 71.48597 70.53782 64.12028 39.0494 39.0494 39.0494 39.0494 39.0494 29.9481 9.222326 9.230632 8.90285 9.189933 9.365347 14.51409 36.99479 32.90608 33.09229 34.01447 34.84213 29.54026 39.65289 48.09825
0 0 0 0 0 0 0 0 0 1092.531 1080.387 1064.995 1043.553 1020.978 998.3451 988.5512 602.8968 104.261 107.1442 99.11066 121.4534 145.5276 161.0241 174.1135 299.2309 312.069 209.2643 128.813 85.76508 81.81117 68.31351 49.90416 37.46076 39.52048 44.75959 53.85902 65.44484 46.95903 41.83209 66.37859 115.0448 261.3727 398.4392 928.5674 1162.805 328.2846 224.5914 135.3617 92.39098 108.8917 88.72433 117.4472 99.13696 74.41334 72.4296 69.69206 71.10474 59.79626 39.0494 39.0494 39.0494 39.0494 36.48658 14.68539 8.127961 8.127961 8.127961 8.313758 9.316173 12.33134 18.6145 23.59355 19.56866 50.46764 41.32029 35.00331 64.38266 51.33834
0 0 0 0 0 0 0 0 0 315.1342 62.84826 61.18683 54.4232 51.5178 50.28841 49.05902 56.60269 68.09778 67.95445 68.85741 69.50908 69.97315 87.88811 99.44579 193.9627 183.056 160.6921 130.0991 99.34501 83.44895 62.73917 49.28806 36.42278 38.86106 44.76016 39.12584 26.30094 35.17748 45.83774 89.07021 201.6023 134.529 485.7101 442.984 1359.006 739.5944 143.7295 161.2822 194.9173 129.9965 93.22423 127.6754 146.9289 72.68707 51.74341 48.43306 37.19097 38.34431 39.0494 39.0494 39.0494 38.02211 13.78142 8.127961 8.127961 8.127961 8.127961 8.127961 8.989077 18.62024 18.954 18.954 18.954 41.07012 78.01593 104.1382 56.06213 35.95132
0 0 0 0 0 0 0 0 548.9582 1170.04 932.6176 934.2974 918.7319 912.4368 906.8148 904.8753 614.3175 117.9612 67.1837 66.82399 66.82399 85.10754 151.0236 147.4266 117.9283 97.89235 80.12077 82.55198 98.97578 109.4655 63.29023 14.0454 14.2254 21.28765 26.15162 34.27642 23.98811 31.20596 65.00304 177.1483 136.87 74.24495 289.1099 716.6329 3954.256 3705.104 224.0878 368.5478 402.042 255.6027 92.38176 140.9868 152.7662 76.3111 51.74341 46.96838 35.299 36.98645 39.0494 39.0494 39.0494 30.60829 8.127961 8.127961 8.127961 8.12796 8.127961 8.12796 14.10033 18.954 18.954 18.954 18.39981 44.4577 71.80782 81.36605 52.89553 41.9106
0 0 0 0 0 0 0 0 0 41.92669 41.13582 40.34496 39.5541 38.76324 37.97239 37.18152 136.8851 276.3498 244.8661 167.5022 90.54628 142.1295 187.261 153.6062 113.8323 117.5987 106.5952 126.5367 129.0662 126.9864 97.08282 14.0454 14.0454 14.0454 14.0454 14.08108 21.31899 24.87891 114.3005 191.3572 81.84322 74.20822 300.9946 1335.481 1117.259 531.4601 268.4405 501.1419 417.1788 303.2396 142.2797 306.6053 155.501 116.1647 58.2484 43.72217 35.29899 36.04755 35.77859 35.98032 36.32483 29.13731 8.127961 8.127961 8.496668 17.01467 17.06688 18.92297 24.12979 22.4924 18.76737 16.72976 12.29142 15.5604 24.91892 25.1859 34.32825 40.19513
0 0 0 0 0 0 0 0 0 95.65817 96.15835 96.65852 97.1587 97.65887 98.15904 98.65922 170.7691 276.3498 276.3498 276.3498 307.986 347.3764 266.5282 121.1224 129.6911 193.3948 133.7219 127.4491 128.7073 146.8573 146.4839 113.0195 43.22057 14.04642 14.0454 16.32553 22.81783 22.81783 25.40073 28.95724 42.40459 127.8437 342.6072 1327.342 474.196 531.7942 163.1462 158.4191 155.9506 210.3431 354.804 325.3594 150.43 125.5111 106.6387 52.88177 41.56156 35.38912 35.29899 35.29899 35.29899 28.08548 10.34124 16.64631 30.16926 35.58828 35.58828 35.58828 35.58828 27.42327 9.865497 10.54915 9.742609 10.02592 22.75286 24.87445 24.87445 21.52624
0 0 0 0 0 0 0 0 0 569.0051 720.844 731.4572 745.92 762.0172 778.1144 794.2114 585.3837 198.4684 204.7958 211.7955 260.6426 363.3523 184.4693 108.6997 127.0069 189.6954 155.0497 129.6781 155.4789 159.1829 152.7929 147.72 130.0847 61.4032 21.86806 19.15138 22.81783 22.81783 22.81783 22.81783 22.81783 0 287.0959 1247.081 168.6235 522.0405 148.8507 32.34396 69.96507 152.7768 237.8727 324.8541 202.0441 118.5168 117.2247 91.79971 51.42012 35.97339 35.299 35.29899 35.299 32.12509 29.09171 29.09171 34.69494 35.58827 35.58828 35.58827 35.58828 16.7467 9.742608 9.742609 9.742608 9.742609 12.14575 23.8257 22.73211 7.480352
