Scenarios/Heterogeneous/data/country_data_population_distribution/processed/density_grids/khm.asc
ncols 135
nrows 136
xllcorner 102
yllcorner 9
cellsize 0.041666666666667
NODATA_value -9999
[rows 70 to 104 of 136, columns 0 to 77 of 135]
0 0 0 0 0 0 0 0 0 0 0 0 0 0 0 0 0 0 0 0 0 0 11.19707 11.19707 11.19707 11.19707 11.19707 11.15677 1.240015 3.492181 6.232896 6.813055 3.996092 3.64057 3.391587 2.122719 0.9627998 0.5596554 0.4223592 0.4139639 0.413964 0.4139639 2.364393 7.772619 7.77262 7.772619 7.77262 7.772619 7.77262 7.77262 34.26618 58.34921 58.26124 49.34164 40.04879 44.13043 67.41965 89.53233 92.14412 106.0335 179.6733 228.6683 230.3186 195.2 199.4706 318.3162 341.6887 650.1603 188.3475 169.625 581.2655 528.5231 551.445 326.9632 203.6846 180.0055 182.0113 136.233
0 0 0 0 0 0 0 0 0 0 0 0 0 0 0 0 0 0 0 0 0 0 11.19707 11.19707 11.19707 11.19707 11.19707 10.16489 5.910413 8.321915 8.332246 8.332246 8.332245 8.332246 8.332245 8.332246 7.243775 1.314595 0.4247688 0.4139639 0.4139639 0.4139639 0.8080554 6.470827 7.772619 7.772619 7.772619 7.772619 7.772619 7.77262 24.2584 58.47071 59.25417 58.79144 59.27306 79.67658 82.0851 82.0986 88.91373 152.3652 212.3362 196.1207 247.4648 300.2895 321.1592 395.5213 429.484 559.4203 505.8825 367.6881 765.0741 468.1621 390.8457 363.3738 311.1174 306.5103 229.605 209.2496
0 0 0 0 0 0 0 0 0 0 0 0 0 0 0 0 0 0 0 0 0 0 11.19707 42.96498 17.97473 52.78481 31.08883 9.130377 8.332245 6.853123 7.008361 7.660418 8.332245 8.332246 8.332245 8.332246 5.710033 2.790854 2.334492 0.6058995 0.413964 0.413964 0.413964 6.033926 7.772619 7.772619 7.772619 7.772619 7.772619 7.772619 7.772619 33.44062 58.69689 67.25661 61.69811 71.30712 71.30983 71.23998 71.12268 128.1255 218.7398 215.1914 233.6596 254.4956 327.0727 434.933 494.745 803.3452 3363.364 2484.531 1332.595 448.347 368.3135 332.6059 367.6721 373.1448 272.4563 204.6528
0 0 0 0 0 0 0 0 0 0 0 0 0 0 0 0 0 0 0 0 0 0 11.19707 824.3107 134.4978 162.0009 54.89716 7.37671 6.778441 3.805837 1.770849 1.476999 6.018305 8.332245 8.332245 6.671684 1.274627 1.035384 0.9921062 0.498445 0.4139639 0.4139639 0.4139639 3.003502 7.293443 7.772619 7.772619 7.772619 7.832052 18.54286 26.93539 39.56742 50.77244 92.39333 84.3982 64.6145 70.59595 72.15402 91.5874 184.8924 284.6257 337.5048 288.4514 334.3826 334.5334 328.8986 421.1876 895.0142 3882.551 9153.955 5085.516 373.5288 287.8901 167.1177 273.6897 196.4916 226.9493 152.0328
0 0 0 0 0 0 0 0 0 0 0 0 0 0 0 0 0 0 0 0 0 0 17.59731 57.06501 75.40276 23.76106 10.48719 4.005529 3.702568 2.773776 1.34913 1.34913 1.462907 5.552339 6.665972 0.7988949 0.2429092 0.2429092 0.2429091 0.7316926 2.004183 3.266112 2.592636 3.907606 4.532473 6.45289 7.733383 7.77262 17.28783 40.30409 40.30409 40.30409 45.68889 81.16702 88.82468 52.82447 51.12239 66.84202 173.2389 150.3927 278.4579 383.2041 303.8495 352.5254 441.9182 409.5951 980.4064 3480.918 6839.767 21491.75 17096.95 941.0853 862.6283 460.9621 233.5868 167.4858 165.9419 150.8405
0 0 0 0 0 0 0 0 0 0 0 0 0 0 0 0 0 0 0 0 0 0 45.63702 45.63702 46.05373 16.42379 10.34865 3.702568 3.548201 1.965032 1.34913 1.34913 1.349129 1.351176 0.9409968 0.2429091 0.2429091 0.2429091 0.2429091 6.309484 10.12879 6.844074 4.228148 4.228148 4.228148 4.228148 5.784322 5.990892 17.63858 40.27127 40.07721 40.28545 40.30409 44.16087 75.87763 60.59523 49.88469 51.99905 151.7787 158.8719 260.6317 377.1474 308.8145 412.052 794.0648 1230.374 1372.334 4633.368 11408.35 16860.47 10888.28 2667.5 1111.354 1278.983 510.0584 216.6842 126.9848 220.8614
0 0 0 0 0 0 0 0 0 0 0 0 0 0 0 0 0 0 0 0 0 0 0 50.04284 59.28638 55.90676 17.90317 3.690037 1.986542 1.34913 1.349129 1.349129 1.349129 1.349129 1.332608 0.2553731 0.2429091 0.2429091 0.2429091 7.650217 10.12519 5.580781 4.228148 4.228148 4.228148 4.228148 4.228148 4.228148 5.331233 23.30099 38.46409 38.64874 39.20587 38.59352 52.6018 69.09869 53.32553 68.05884 253.8351 334.3393 875.5299 762.9838 625.1758 867.2713 710.4366 712.4358 962.279 1059.417 1375.195 1252.063 4584.318 1588.883 1089.812 1188.808 919.4166 359.8816 260.2196 227.5351
0 0 0 0 0 0 0 0 0 0 0 0 0 0 0 0 0 0 0 0 0 0 0 3.00461 58.93269 28.6084 5.217719 2.748458 1.607499 1.349129 1.34913 1.34913 1.34913 1.349129 1.295369 0.2490074 0.2429091 0.2429091 1.112175 7.409979 7.691231 4.228148 4.228148 4.228148 4.228148 4.228148 4.228148 4.228148 5.021531 29.7533 38.4641 38.4641 38.46409 63.20642 103.2648 118.5523 173.9639 170.5689 269.3292 521.9415 487.4181 471.6888 423.8026 462.4469 478.1365 535.8657 515.6035 824.6696 648.1299 780.2307 2066.409 2182.55 1524.198 593.4846 342.3131 338.4632 267.7369 304.805
0 0 0 0 0 0 0 0 0 0 0 0 0 0 0 0 0 0 0 0 0 0 0 3.00461 3.00461 3.00461 3.00461 3.00403 2.462977 1.465246 1.349129 1.349129 1.349129 1.349129 1.349129 2.737557 0.2429091 3.805829 10.04381 10.12879 7.588617 4.328249 4.228148 4.228148 4.228148 4.228148 4.228148 6.832052 13.32141 40.7224 48.37027 45.98596 40.13651 96.2177 103.2584 103.7837 164.5398 216.4291 226.8739 239.9615 213.6439 249.5696 307.752 305.0964 337.703 476.7089 488.7938 622.6904 625.9515 529.6741 409.6061 505.1185 595.8882 452.623 282.6821 324.7472 259.437 258.8091
0 0 0 0 0 0 0 0 0 0 0 0 0 0 0 0 0 0 0 0 0 0 0 3.00461 3.00461 0 3.00461 3.00461 3.00461 2.843791 1.789364 1.349129 1.349129 1.34913 5.077981 34.25087 21.97144 10.57105 10.12879 10.12879 10.12879 5.34875 4.228148 4.228148 4.228148 4.228148 5.698135 13.70999 14.2915 50.79844 57.14618 58.8047 76.4073 87.30479 101.1362 121.45 203.7563 254.9471 209.3584 200.3601 132.9359 158.4094 351.4361 384.36 421.2113 396.0028 277.1792 331.0303 529.6541 439.8489 455.9027 561.2098 783.0172 435.7531 338.7381 156.2699 284.5446 300.2437
0 0 0 0 0 0 0 0 0 0 0 0 0 0 0 0 0 0 0 0 0 0 0 3.00461 3.00461 3.00461 5.954997 4.108431 3.00461 3.00461 2.51428 1.34913 1.349129 1.808708 24.3886 33.82426 39.05449 14.47194 10.12879 10.12879 10.12879 8.525586 4.228148 4.228148 4.228148 5.739146 14.93311 14.2915 14.2915 69.70138 73.1487 70.81721 77.36629 77.3663 78.79044 161.8916 166.1312 113.0915 51.86544 136.1544 136.2813 134.802 143.9079 360.4473 502.6691 379.7936 362.2786 271.275 270.8775 372.754 405.3833 453.3577 575.2493 540.9352 286.2307 74.73032 200.7343 215.478
0 0 0 0 0 0 0 0 0 0 0 0 0 0 0 0 0 0 0 0 0 0 0 3.00461 3.00461 5.954998 5.954998 5.954991 3.691486 3.00461 2.936714 1.399607 1.772826 9.979313 13.11717 36.86485 46.17707 42.91919 16.96424 10.12879 10.12879 8.828973 4.228148 4.228148 4.228148 14.35306 22.55895 14.88359 14.2915 62.46857 77.36629 77.3663 77.36629 77.36629 71.63893 56.12172 62.93236 63.47678 71.85202 134.6318 140.1023 200.7076 152.4875 403.8456 424.1221 599.7559 458.2837 548.7992 384.2706 346.2818 369.7245 360.8303 476.6043 418.6564 293.6829 78.77599 173.162 173.0524
0 0 0 0 0 0 0 0 0 0 0 0 0 0 0 0 0 0 0 0 0 0 0 3.00461 3.00461 5.954998 5.954998 5.954997 5.409883 4.016436 3.790215 4.298118 9.246113 13.10214 13.11717 29.28728 52.37296 52.37297 30.70628 10.12879 10.12879 8.073167 4.228148 4.228148 7.287005 22.47429 22.70576 15.12278 26.00306 77.09749 77.36629 77.3663 77.36629 77.36629 62.31807 56.12076 64.85277 81.29329 162.8303 162.9771 177.633 301.7575 308.4162 372.7281 417.2872 433.9917 460.4022 672.6473 451.2341 388.7579 367.5116 373.7423 419.9953 223.1698 208.5217 172.4441 191.8044 191.7417
0 0 0 0 0 0 0 0 0 0 0 0 0 0 0 0 0 0 0 0 0 0 0 0 0 0 5.954998 5.928539 5.933819 5.954998 6.102799 11.6938 13.11717 13.11717 13.11717 15.20765 52.35991 52.59544 31.60886 10.89546 10.12879 6.825914 4.228148 4.228148 4.732141 21.41716 22.42881 14.36352 17.37732 74.26778 77.85136 77.36629 77.36629 77.36629 61.21662 56.21597 65.79634 149.9223 192.0024 183.9168 227.857 278.2938 356.2322 406.4448 459.131 469.1413 399.3492 417.9153 577.7474 572.2952 282.7658 318.2928 437.7989 359.7502 202.7876 202.5121 155.1236 159.6177
0 0 0 0 0 0 0 0 0 0 0 0 0 0 0 0 0 0 0 0 0 0 0 0 0 0 5.922087 5.885128 5.879085 5.936806 5.959148 11.27978 13.11717 13.11717 13.11717 13.11717 13.11716 61.0846 61.54773 36.30245 7.343539 5.160057 13.45884 4.446957 4.64853 20.18621 21.27914 14.2915 14.2915 59.10765 151.7821 128.423 80.30871 77.36629 62.76883 56.70279 83.59061 123.5164 232.1236 327.3258 341.054 230.3282 225.4997 321.4232 490.3568 459.9848 415.1067 475.228 495.3839 537.6665 410.8355 400.48 545.9064 629.4045 301.8144 238.6862 159.5303 171.0707
0 0 0 0 0 0 0 0 0 0 0 0 0 0 0 0 0 0 0 0 0 0 0 0 0 0 5.860437 5.860438 5.860438 5.860775 6.397592 10.09347 15.6198 13.11717 13.11717 13.11716 0 62.21548 62.21548 38.2021 79.77441 189.4506 129.2745 41.31866 15.34617 22.70576 22.35849 15.07362 14.2915 42.07269 158.117 158.117 129.5982 97.28406 100.1981 125.922 146.0465 88.70403 211.9192 227.8223 234.6317 243.3228 244.4982 428.9714 432.4683 390.653 369.6665 372.2021 377.5349 308.6768 341.5732 347.3644 480.584 440.2365 261.4756 214.7859 164.7212 204.2166
0 0 0 0 0 0 0 0 0 0 0 0 0 0 0 0 0 0 0 0 0 0 0 0 0 5.860438 5.860437 5.860438 7.275754 8.22256 7.037667 7.421443 35.60006 35.02248 22.90998 13.11716 0 0 0 31.49568 80.38351 101.7738 92.13554 56.20029 27.18631 25.02663 22.70576 19.06181 14.2915 47.50163 158.117 158.1169 159.336 183.2654 184.4159 184.4159 145.6358 82.02732 107.7723 165.3904 221.9418 265.9747 323.0589 357.1808 343.064 325.6228 307.1885 340.5222 221.1179 159.7193 280.8434 265.6913 408.4262 385.5926 248.3256 194.1333 178.5656 176.9113
0 0 0 0 0 0 0 0 0 0 0 0 0 0 0 0 0 0 0 0 0 0 0 0 0 27.5102 14.50883 15.9763 26.56951 15.94626 7.421443 14.48709 42.05946 44.25343 44.25342 0 0 0 0 25.85528 25.85528 25.85528 63.09344 32.27106 30.90606 27.36474 22.70576 21.54428 13.54368 42.10076 158.117 158.117 158.117 177.9534 184.4158 184.4158 144.9428 80.45103 80.45103 84.61959 165.1447 271.3608 347.266 447.1468 372.8316 331.8826 595.397 277.0836 196.805 163.4334 240.7883 255.7459 430.5937 344.9719 231.541 171.8501 160.9782 173.0273
0 0 0 0 0 0 0 0 0 0 0 0 0 0 0 0 0 0 0 0 0 0 0 0 0 27.5102 27.5102 27.5102 25.88959 16.12497 7.421443 22.70517 44.25342 44.25342 44.25343 0 0 0 0 25.85528 25.85528 25.85528 65.79635 33.68451 29.5225 28.90672 20.8496 13.34926 11.3667 14.3973 135.9614 158.117 158.1169 171.6793 184.4158 184.4159 154.9923 102.5847 91.74599 97.231 106.5498 242.4709 281.6918 421.5158 327.5825 328.3472 673.1271 455.8108 265.2314 180.0677 255.5443 217.0002 224.6506 350.1643 233.1841 197.8281 172.0425 155.9913
0 0 0 0 0 0 0 0 0 0 0 0 0 0 0 0 0 0 0 0 0 0 0 0 0 27.51019 27.5102 27.46726 13.22382 7.421442 7.421443 22.47916 44.25343 44.25342 44.25342 0 0 0 0 0 25.85528 25.85528 63.96514 41.31164 27.85894 39.66587 23.29417 11.3667 11.3667 11.3667 124.9967 158.1169 158.117 161.6733 183.0464 184.4158 199.4984 219.7884 143.269 113.1338 114.0284 249.2742 255.7555 257.0493 219.6559 248.6248 341.8554 399.516 248.9886 217.022 227.7836 169.5959 36.23113 604.2169 0 320.4642 190.2176 138.2121
0 0 0 0 0 0 0 0 0 0 0 0 0 0 0 0 0 0 0 0 0 0 0 0 0 27.5102 27.5102 25.82025 8.840116 7.421442 7.421443 34.95361 44.25342 44.25342 44.25342 0 0 0 0 0 43.57461 51.30208 34.78085 68.48318 69.57127 51.14031 23.79584 11.3667 11.3667 11.3667 96.37272 158.117 158.1169 158.117 174.5465 184.4159 187.4715 184.4503 193.7354 373.921 298.0645 253.9505 258.6607 257.8549 242.2488 247.2538 273.9613 259.3398 252.5903 221.1292 212.5668 176.4911 158.3294 0 0 0 0 0
0 0 0 0 0 0 0 0 0 0 0 0 0 0 0 0 0 0 0 0 0 0 0 0 0 0 27.5102 27.51019 24.77096 0 0 0 44.25342 0 0 0 0 0 0 0 134.8179 123.3923 101.7399 74.64575 63.03856 46.5366 22.75666 11.3667 11.3667 11.3667 55.65978 158.117 158.117 158.117 163.0798 154.9377 132.7874 160.4846 257.2281 350.0382 307.5085 225.2672 207.9435 221.1951 212.3706 152.1058 265.7009 266.2764 226.9575 233.7268 117.948 69.48975 108.0158 0 0 0 0 0
0 0 0 0 0 0 0 0 0 0 0 0 0 0 0 0 0 0 0 0 0 0 0 0 0 0 0 7.421442 7.421443 0 0 0 0 0 0 0 0 0 0 0 134.818 132.5606 86.92295 67.76357 46.5366 46.53661 33.33678 11.3667 11.3667 11.3667 13.38381 117.9061 126.628 146.712 106.0092 98.83447 137.8239 155.7952 332.5808 399.0991 251.6619 215.9285 204.8342 249.3268 243.5113 139.8461 215.5922 304.2723 277.202 173.3625 179.0512 157.692 88.10216 0 0 0 0 0
0 0 0 0 0 0 0 0 0 0 0 0 0 0 0 0 0 0 0 0 0 0 0 0 0 0 0 0 48.17886 48.17886 48.17885 0 0 0 0 0 0 0 0 134.8179 133.7047 93.65482 74.967 71.36158 47.21303 46.53661 24.79783 11.36671 11.3667 11.3667 11.3667 55.85487 77.23203 134.4552 164.5741 128.3957 285.1842 401.4198 272.5291 220.7323 271.1934 236.3045 236.0917 244.4609 245.3665 156.9857 146.5693 198.073 172.8268 150.1224 161.2241 160.5732 106.9665 205.9595 0 0 0 0
0 0 0 0 0 0 0 0 0 0 0 0 0 0 0 0 0 0 0 0 0 0 0 0 0 0 0 0 48.17885 48.17885 48.17885 48.17886 0 0 0 0 0 144.0504 154.5566 128.8575 109.2235 88.59054 81.65038 240.0458 250.9813 74.01363 64.95019 11.3667 11.3667 11.3667 19.08167 81.94057 101.0132 161.1422 166.9776 161.5891 152.6934 178.9559 169.0667 176.8269 275.8003 251.1158 290.411 206.466 231.5372 139.8609 141.6811 147.5755 145.1349 136.8881 134.3502 136.247 101.813 86.11987 0 0 0 0
0 0 0 0 0 0 0 0 0 0 0 0 0 0 0 0 0 0 0 0 0 0 0 0 0 0 0 0 0 48.17885 48.17885 48.17885 0 0 0 0 656.0425 339.7198 106.692 113.9701 134.2576 129.324 118.8048 185.5617 158.1974 109.2666 85.04019 32.49536 11.36671 11.3667 20.81875 110.1474 288.7452 175.8509 185.8124 189.4436 175.8674 177.8893 234.8402 228.819 274.9057 267.0542 219.5108 176.5595 154.9956 131.0356 123.5797 152.5284 177.2583 174.8457 123.445 106.6057 288.5937 0 0 0 0 0
0 0 0 0 0 0 0 0 0 0 0 0 0 0 0 0 0 0 0 0 0 0 0 0 0 0 0 0 0 0 48.17885 48.17885 0 0 0 2247.076 1865.032 627.9952 114.3975 79.47767 97.95563 165.9761 165.8226 151.6502 138.4273 81.09031 81.20426 130.8853 35.41327 11.3667 55.27286 231.4921 404.719 242.7966 206.4308 206.4291 196.3409 111.1408 159.0647 250.0161 217.5185 338.4807 192.3895 207.5041 148.752 119.5558 127.4324 291.761 432.8572 371.6434 129.9047 0 0 0 0 0 0 0
0 0 0 0 0 0 0 0 0 0 0 0 0 0 0 0 0 0 0 0 0 0 0 0 0 0 0 0 0 0 48.17885 48.17885 48.17885 2247.076 2247.076 2247.076 2442.616 1277.211 186.1854 66.6397 89.45764 182.9622 186.8161 198.9721 168.3271 80.9882 127.0622 152.5005 89.66841 11.36671 99.80708 423.3107 1355.135 359.0189 244.4545 182.6808 184.9044 92.29014 207.6542 259.1216 215.9023 254.8533 224.4866 206.4596 155.2381 115.2382 133.6743 175.3951 224.7812 377.4159 0 0 0 0 0 0 0 0
0 0 0 0 0 0 0 0 0 0 0 0 0 0 0 0 0 0 0 0 0 0 0 0 0 0 0 0 0 0 48.17885 48.17885 48.17885 0 0 0 1739.824 806.8437 66.85998 59.73192 73.18308 173.9154 268.0831 311.5144 242.5315 0 0 152.5005 44.33215 11.3667 92.90295 187.6657 411.7159 344.4842 275.4603 269.6491 188.807 104.563 143.047 321.0427 248.6275 153.8116 110.6604 104.7356 136.8472 115.8232 133.3053 174.3323 183.6296 274.2419 0 0 0 0 0 0 0 0
0 0 0 0 0 0 0 0 0 0 0 0 0 0 0 0 0 0 0 0 0 0 0 0 0 0 0 0 0 0 0 0 0 0 0 0 59.08685 60.79672 59.08684 59.08684 59.08684 67.48437 182.0842 428.0741 0 0 0 0 0 0 0 0 428.4938 0 349.5282 591.0776 219.482 223.1092 148.695 427.203 240.9444 296.5786 0 0 0 0 126.6405 201.2129 0 0 0 0 0 0 0 0 0 0
0 0 0 0 0 0 0 0 0 0 0 0 0 0 0 0 0 0 0 0 0 0 0 0 0 0 0 0 0 0 0 0 0 0 0 0 0 59.08683 59.08684 59.08684 59.08684 59.08684 59.08685 59.08684 0 0 0 0 0 0 0 0 0 0 180.5932 180.5932 295.7003 354.6432 375.0421 298.6458 169.9036 0 0 0 0 0 0 0 0 0 0 0 0 0 0 0 0 0
0 0 0 0 0 0 0 0 0 0 0 0 0 0 0 0 0 0 0 0 0 0 0 0 0 0 0 0 0 0 0 0 0 0 0 0 0 0 0 0 0 0 59.08684 59.08683 0 0 0 0 0 0 0 0 0 0 0 0 0 337.2225 366.815 203.9918 126.904 0 0 0 0 0 0 0 0 0 0 0 0 0 0 0 0 0
0 0 0 0 0 0 0 0 0 0 0 0 0 0 0 0 0 0 0 0 0 0 48.17885 48.17885 0 0 0 0 0 0 0 0 0 0 0 0 0 0 0 0 0 0 59.08683 61.53109 0 0 0 0 0 0 0 0 0 0 0 0 0 0 0 0 0 0 0 0 0 0 0 0 0 0 0 0 0 0 0 0 0 0
0 0 0 0 0 0 0 0 0 0 0 0 0 0 0 0 0 0 0 0 0 0 48.17885 48.17885 0 0 0 0 0 0 0 0 0 0 0 0 0 0 0 0 0 0 0 0 0 0 0 0 0 0 0 0 0 0 0 0 0 0 0 0 0 0 0 0 0 0 0 0 0 0 0 0 0 0 0 0 0 0
0 0 0 0 0 0 0 0 0 0 0 0 0 0 0 0 0 0 0 0 0 0 0 0 0 0 48.17885 48.17885 0 0 0 0 0 0 0 0 0 0 0 0 0 0 0 0 0 0 0 0 0 0 0 0 0 0 0 0 0 0 0 0 0 0 0 0 0 0 0 0 0 0 0 0 0 0 0 0 0 0
