Scenarios/Heterogeneous/data/country_data_population_distribution/processed/density_grids/khm.asc
ncols 135
nrows 136
xllcorner 102
yllcorner 9
cellsize 0.041666666666667
NODATA_value -9999
[rows 35 to 69 of 136, columns 0 to 77 of 135]
0 0 0 0 0 0 0 0 0 416.504 692.0092 688.1068 685.9295 671.0964 650.6087 631.2197 487.9194 183.7558 139.0867 139.0867 139.0867 145.0141 125.5487 82.56559 92.41595 143.5875 159.4326 157.3455 161.6534 157.4921 166.2942 170.5543 110.6777 96.47279 93.10228 62.51483 28.00679 22.81783 22.81783 22.81783 22.81783 0 0 0 0 0 32.34397 32.34396 69.43163 120.7185 118.3066 235.106 175.8708 116.4928 116.727 106.4347 74.88076 75.71325 76.69563 70.67202 39.9443 29.38033 29.09171 29.09171 31.16829 35.57357 35.58828 35.90536 38.6954 13.00307 9.742609 9.742609 9.742609 9.742609 9.742609 16.6037 42.50325 21.85451
0 0 0 0 0 0 0 0 0 0 345.8391 358.0139 347.5769 276.7577 271.555 314.281 314.281 296.4359 152.3893 139.0867 139.0867 140.0441 69.78716 59.7879 59.99108 136.2403 181.8463 227.3448 757.0123 334.5446 347.1226 145.4139 96.47278 96.34706 90.02717 80.86634 66.43962 35.00088 23.00137 22.81783 22.81783 0 0 0 0 0 0 0 105.7643 118.3066 98.32216 64.00342 97.35674 116.8919 119.6074 114.8606 230.3663 82.37263 81.71156 52.03434 29.0917 29.09171 29.09171 29.25601 35.83865 39.03894 38.07679 40.27102 40.74999 22.32629 9.742609 9.742608 9.742609 9.742608 18.74218 55.7798 60.89118 38.97407
0 0 0 0 0 0 0 0 0 0 567.0541 1363.455 373.6024 169.7052 247.274 458.3307 432.6159 266.6949 161.142 139.0867 139.0867 136.0971 103.7189 101.634 101.634 209.0344 249.8381 595.1158 2688.895 1342.864 414.8724 78.36153 65.37631 59.67937 57.32042 53.02458 45.28097 40.20454 36.72334 33.25955 33.30033 21.65206 0 0 0 0 0 0 0 98.79481 52.34294 51.59842 99.48628 120.7295 126.7293 136.2429 318.5438 99.21996 64.89902 57.39671 43.78011 29.72328 52.88589 49.328 44.94343 41.65397 43.48235 49.63512 52.14294 36.78007 11.69047 9.742608 11.31378 28.42535 39.95508 57.17056 66.07034 53.21075
0 0 0 0 0 0 0 0 0 0 0 1002.647 198.0237 207.0967 544.1431 574.775 570.441 338.3002 151.8043 139.0867 136.5377 123.3104 105.6679 101.634 101.634 104.4576 258.1958 356.5025 967.3219 907.772 359.3311 285.2133 74.55058 44.96105 41.17636 38.90719 36.21954 35.55143 34.88335 34.21528 28.22078 21.65206 0 0 0 0 0 0 0 0 51.59842 51.59842 108.0345 108.5431 89.78258 89.93632 61.80116 58.28808 60.89116 56.88922 55.24768 62.43381 97.37634 68.13946 54.7196 48.89471 54.29329 54.42332 43.60185 37.20825 30.82624 19.45334 34.35765 38.54702 39.79782 48.79131 66.07023 70.01369
0 0 0 0 0 0 0 0 0 0 0 0 239.6046 263.9643 609.7209 524.4471 338.2466 290.4035 198.0703 182.6724 115.1333 90.99196 83.50817 82.83823 133.0333 192.2614 228.4115 349.8335 408.7933 432.5907 386.6009 49.3203 38.41262 34.28533 31.12318 28.81568 28.72475 28.72475 28.71648 26.01047 22.53106 22.19362 25.84605 0 0 0 0 0 0 0 51.59842 51.59842 80.87234 66.55437 66.24436 57.1076 55.06269 59.85432 60.79259 55.46184 55.24768 90.32508 102.169 85.70454 61.18679 57.60777 56.45516 41.514 36.84848 36.86921 37.51748 38.253 38.36529 46.78809 48.56102 42.46634 48.14132 71.51373
0 0 0 0 0 0 0 0 0 0 0 0 571.7803 737.9952 766.4652 325.2498 293.0779 293.0779 194.6892 182.6493 142.7844 69.74027 68.10232 68.10232 68.10232 77.38374 171.6978 291.0688 175.9163 297.8884 104.2933 76.14217 29.54768 28.72475 28.82594 41.28515 55.46712 41.67974 21.90391 21.65206 21.65206 33.50957 47.32913 47.32914 0 0 0 0 0 0 51.59842 51.59842 62.63725 66.27519 62.00592 55.00055 57.32884 60.71772 57.3437 62.44151 145.0426 168.1849 112.2713 137.768 78.58094 130.0767 51.28389 36.84848 36.99412 38.22549 37.87481 38.21779 40.12825 64.17686 64.56493 107.4404 45.56165 33.92014
0 0 0 0 0 0 0 0 0 0 0 0 779.4251 813.224 528.6143 312.5048 316.1619 313.8391 112.1787 81.70547 146.5358 186.3206 167.7164 118.766 71.80143 68.10232 110.0005 178.9527 147.3083 133.5186 84.63328 39.30063 30.97507 47.74183 79.2724 77.50982 57.37511 23.30252 21.65206 21.65206 21.65206 35.38033 47.7835 49.33855 0 0 0 0 0 0 51.59842 51.59842 60.00298 66.27518 58.3871 56.16468 60.49618 56.60627 54.59656 52.88005 101.5133 566.6168 131.2864 185.7543 287.9004 47.30924 47.1462 50.09482 49.84277 39.53688 38.36529 38.36529 41.85326 64.56493 64.56493 136.0772 59.81037 32.96336
0 0 0 0 0 0 0 0 0 0 0 0 333.0467 384.7847 426.9726 431.8733 429.638 427.4026 129.5943 80.70615 83.24548 119.7661 123.6136 153.5085 136.3523 76.78294 146.631 88.85245 77.70642 102.9207 118.9796 107.4759 90.24003 92.00697 119.0636 73.3711 32.91121 21.65206 21.65206 21.65206 25.03258 47.32051 50.02254 52.06881 52.06881 52.06881 0 0 0 0 0 51.59842 61.18311 66.27518 58.41179 54.34086 50.71622 54.60669 53.27846 52.94761 63.58756 60.98282 71.32092 171.6147 137.3728 38.56571 48.03037 67.90553 65.73981 41.85308 38.36529 38.36529 48.35909 64.56493 66.48165 128.3185 37.92232 32.96927
0 0 0 0 0 0 0 0 0 0 0 0 46.63185 54.57818 212.5433 417.6278 402.3942 404.3929 129.6404 80.70613 80.70614 80.70613 80.18938 61.11686 89.59102 128.755 139.8568 98.70846 106.939 157.1316 157.4154 151.3283 97.92175 119.6296 143.5116 67.50732 28.73063 21.65206 21.75576 32.4683 40.33168 47.62806 51.73857 52.06881 52.69469 55.90683 60.78241 0 0 0 0 51.59842 63.40548 66.27518 45.21862 25.19316 31.80393 52.86432 52.95348 57.15297 61.1837 58.38191 50.62569 118.166 75.14886 52.28489 89.99789 103.3132 107.6219 94.96242 55.6528 79.54774 67.21928 64.44765 95.24622 57.59675 32.6241 32.792
0 0 0 0 0 0 0 0 0 0 0 0 0 74.9669 239.635 469.9966 478.5617 478.5617 146.1872 80.70614 74.97085 72.83768 80.11181 55.32523 62.81662 139.8692 129.6665 83.50099 116.7959 132.9608 171.9271 140.1356 153.6591 186.4944 186.3345 64.52462 25.05209 24.14331 45.97184 61.52675 47.32914 48.69949 52.06881 52.09345 55.02794 63.9033 62.37401 60.7824 60.7824 60.7824 60.7824 60.7824 66.27518 56.68305 25.12334 25.09317 27.90932 52.35347 59.11387 61.18371 61.18371 53.51102 50.6257 57.83276 64.03278 64.03277 92.02657 103.9049 118.1214 123.0702 113.4544 114.5218 88.40456 62.48423 61.84861 42.77488 32.62409 32.63921
0 0 0 0 0 0 0 0 0 0 0 0 0 98.90885 188.0903 346.7934 478.5617 478.5618 135.9868 65.02127 64.60148 65.92616 70.5366 53.59048 53.78859 87.88248 64.15382 63.01203 63.23268 69.39574 267.9927 120.9815 239.5387 287.209 260.0198 86.30387 87.50361 100.3297 85.46965 58.33217 47.69645 52.67678 52.06881 54.06825 57.77985 71.59153 71.24692 67.85254 66.564 65.85255 60.7821 60.7824 66.06177 27.39125 25.09317 25.09317 25.09317 29.63588 59.83485 61.1837 57.30066 50.65965 50.6257 59.04003 64.03278 64.03278 92.28984 112.1198 123.0774 123.0774 139.4983 151.0973 117.6683 61.84861 60.59953 41.4562 33.11169 33.09151
0 0 0 0 0 0 0 0 0 0 0 0 52.37217 103.9905 176.008 239.795 425.1265 294.4853 71.67187 58.89828 58.63027 77.84871 77.31399 75.50215 68.96886 21.32436 15.15268 15.15268 15.15268 103.6298 124.0721 48.50277 150.2053 113.5422 119.2433 155.1827 102.1633 100.5703 85.76134 107.2502 58.4428 85.5916 52.21439 55.77872 58.08233 71.59858 71.70108 71.7105 70.67538 62.79928 60.55931 60.77965 0 25.09317 25.09317 25.09317 25.09317 0 61.1837 35.48857 43.35239 50.62569 51.08862 63.50016 64.03278 61.97813 50.56054 99.22608 234.4048 852.147 201.0279 153.62 137.4715 57.52112 40.17536 37.1074 37.1074 37.07153
0 0 0 0 0 0 0 0 0 0 0 0 53.56385 100.4248 132.3901 167.4216 110.1448 58.39639 58.58162 58.19738 70.73792 77.37305 77.56805 77.59449 77.47912 52.6792 19.05148 15.15268 15.15268 20.26838 43.18338 61.01401 148.578 194.5858 174.8795 139.2766 100.9544 93.39455 85.659 144.6743 84.80067 92.50063 53.76506 55.8764 62.93437 71.61629 71.7105 80.25274 96.89362 65.69186 74.68076 92.32249 0 0 0 0 0 0 0 21.41213 28.62397 43.28152 39.60333 35.41402 33.60166 31.84454 33.94967 111.4875 206.0272 508.4862 183.9175 149.395 79.43069 37.49688 37.1074 37.1074 37.06594 27.14367
0 0 0 0 0 0 0 0 0 0 0 0 0 0 62.0627 64.78455 66.13722 67.72962 67.80194 75.8007 77.18198 76.78664 66.74903 68.16479 63.56585 51.13832 19.39399 15.15268 15.15268 19.82195 43.18338 87.46137 303.532 337.3064 234.6586 186.8293 148.4216 88.4825 85.29311 118.5818 102.5423 205.3571 97.62857 55.8764 70.78498 152.506 78.00371 99.01248 70.83105 102.8201 102.1252 81.55113 60.48915 0 0 0 0 0 0 21.41213 21.41213 21.82758 25.82237 28.38021 28.38021 28.38021 63.11065 88.13551 72.76611 69.09033 96.11114 114.6377 78.81447 46.45725 37.1074 37.1074 32.86881 19.47543
0 0 0 0 0 0 0 0 0 0 0 0 0 0 0 68.70283 67.82788 67.82789 75.17621 80.03763 76.78767 71.22495 24.42614 23.86448 23.86448 23.05282 15.74157 15.15268 15.15268 20.00942 43.18338 181.0602 337.3065 336.2943 283.8213 315.6019 316.0397 298.1362 232.0281 136.3811 116.5365 138.8232 173.9888 106.1097 71.5899 211.2541 225.7407 152.5133 113.6201 100.892 91.87811 67.92139 62.48334 0 0 0 0 0 21.41213 21.41213 21.41213 20.53749 17.545 21.94602 27.87317 28.38021 60.82732 69.09033 69.09033 69.09033 76.22392 109.633 79.71703 154.8799 55.86673 37.54305 39.56068 20.60912
0 0 0 0 0 0 0 0 0 0 0 0 0 0 0 0 68.82001 73.11147 80.39155 75.43973 47.17158 29.27065 23.86448 23.86448 23.85878 17.24023 15.15268 15.15268 15.15268 20.27917 42.69916 68.06667 208.8889 236.116 305.9846 316.0397 316.0397 316.0397 315.38 167.8637 115.8665 135.2629 183.6971 119.882 71.59152 619.1425 450.7009 204.5241 111.0913 109.7743 94.49167 63.59011 155.6474 194.426 50.78608 46.1002 41.71431 69.46217 21.41213 21.41213 17.71639 10.36833 10.01678 10.01678 11.5371 29.72629 61.47322 69.09033 69.09032 69.09032 85.58065 101.3289 191.5513 237.783 185.3384 140.0889 89.4511 19.37512
0 0 0 0 0 0 0 0 0 0 0 0 0 0 0 0 0 80.74903 68.3224 49.97099 24.9107 23.86448 23.86448 23.86448 21.14907 15.15268 15.15268 15.15268 14.31237 12.82345 12.86871 2.923537 2.923537 2.923537 25.67596 207.4729 298.2643 245.4841 209.3254 128.7732 124.8152 130.5343 162.0407 164.5394 160.8013 330.7191 276.1729 257.9688 113.0708 113.2516 84.98512 64.63956 118.4721 59.65498 50.76708 42.53593 41.71431 131.907 126.5857 96.24702 15.66809 12.5131 24.94968 14.54173 18.49754 35.63416 36.81406 50.13271 98.36292 90.88951 91.79567 166.9687 108.6425 160.904 195.8511 177.1002 163.4099 125.5841
0 0 0 0 0 0 0 0 0 0 0 0 0 0 0 0 0 0 29.28433 29.23509 28.98981 24.91987 23.86448 20.49846 13.53854 15.1479 13.32153 8.482724 4.013055 2.923537 2.923537 2.923537 2.923537 2.923537 2.923537 35.06813 125.9791 128.7732 128.7732 128.7732 127.2981 118.5865 129.6184 166.1066 134.1884 118.289 80.16648 80.16648 92.29519 98.90598 75.02886 74.70707 111.707 52.16498 48.59194 41.71431 41.71431 122.4496 177.9304 204.229 132.591 81.49017 82.50976 52.25085 31.81505 35.63416 35.63416 47.19707 76.73124 34.39323 24.47901 104.1701 106.1105 100.7355 205.3002 384.9786 174.9178 165.8992
0 0 0 0 0 0 0 0 0 0 0 0 0 0 0 0 0 0 0 29.23509 29.23509 25.84083 18.2899 9.079632 5.819974 8.061185 3.146974 2.923537 2.923537 2.923537 2.923537 2.923537 2.923537 2.923537 2.923537 14.22413 78.97298 128.7732 128.7732 128.5384 119.8396 112.7812 130.1513 54.8388 77.24586 85.01761 80.16648 80.2065 96.83772 97.89822 67.2877 95.44247 91.01084 50.78608 45.83605 41.71431 41.71431 99.87298 260.9276 491.7712 142.301 44.26423 75.51717 70.17257 35.81283 35.63417 35.63417 63.21964 43.75809 57.93689 78.32129 84.87397 115.7399 155.6512 176.0171 326.7689 259.6801 156.4514
0 0 0 0 0 0 0 0 0 0 0 0 0 0 0 0 0 0 59.05701 24.61335 14.40663 9.598675 6.730616 6.730616 6.711914 7.507359 9.299779 8.721177 8.30968 5.736408 4.757671 3.846982 3.347675 2.968439 2.92412 8.025496 30.86261 98.18646 121.9938 114.8007 112.7812 103.3617 88.60744 10.51914 11.38159 65.73739 43.07709 78.2775 94.02539 92.62888 47.13194 58.71682 80.02974 55.14806 44.83944 41.71431 52.51317 89.40864 172.6138 190.8868 109.8467 47.51429 42.40199 78.41959 60.39692 44.85214 46.46115 81.36119 73.40079 55.86216 78.04386 77.99094 77.99094 77.99094 146.7462 202.3129 193.0199 257.93
0 0 0 0 0 0 0 0 0 0 0 0 0 0 0 0 0 55.22633 2.530434 3.345701 3.947475 6.730616 6.730617 6.730617 6.730616 7.169712 9.355973 9.355973 9.355973 9.355973 9.355973 9.355973 9.355973 8.931809 8.736444 7.48354 28.61263 30.13472 54.12531 59.44965 55.58337 43.41151 195.1496 85.16644 9.189798 9.187248 9.187247 30.02027 57.22006 71.62305 40.52522 44.73875 86.58938 86.28385 77.08704 67.0469 62.6391 86.41302 99.96776 141.1097 84.11117 96.9224 112.895 107.9683 71.51901 76.83332 92.29801 81.16277 41.84577 65.57178 95.83161 96.48065 97.22555 96.5819 109.5669 128.0492 130.1148 183.5065
0 0 0 0 0 0 0 0 0 0 0 0 0 0 0 0 0 53.16761 2.530434 2.530434 2.608514 6.667207 6.730616 6.730616 6.730616 6.914026 9.355973 9.355973 9.355973 9.355973 9.355973 9.355973 9.355973 9.355973 9.355973 9.242908 21.65923 29.43415 29.43415 29.43415 29.43415 23.28802 8.222083 24.55829 14.30246 9.187247 9.187248 9.187247 21.59895 41.61583 40.52521 40.67574 84.02202 86.51057 70.74326 42.90378 43.17179 101.8894 64.09659 46.48751 51.03792 115.561 172.2636 210.2771 381.0172 147.3524 110.5984 98.92906 64.38647 77.35027 76.24712 72.67588 71.83698 72.06009 77.66315 130.4169 131.9857 181.4082
0 0 0 0 0 0 0 0 0 0 0 0 0 0 0 0 0 32.0117 2.530434 2.530434 2.537236 6.684905 6.730616 6.730616 6.730616 6.888731 9.245534 9.355973 9.355973 7.874669 6.051733 6.764208 8.785305 9.259452 9.224258 9.355973 13.7022 29.43415 29.43415 29.43415 29.43415 12.89916 5.421992 11.84023 11.92173 9.343514 9.187247 9.187247 9.187247 15.62609 39.75603 41.63802 78.31936 39.99918 32.69491 32.68699 32.91621 44.51168 44.8145 45.93916 69.9457 134.9001 253.2177 396.5804 1128.933 215.0381 121.8356 80.01678 66.29684 59.56163 61.1371 80.6927 131.7441 139.377 152.8649 282.2589 278.6886 228.5196
0 0 0 0 0 0 0 0 0 0 0 0 0 0 0 0 0 26.93223 2.530434 2.530434 2.555428 4.546413 6.715554 6.730616 6.730616 7.296564 9.355973 9.355973 7.771417 2.151087 1.069187 1.069187 1.069187 1.348381 1.708725 4.372309 13.28725 29.43415 29.43415 29.43415 26.29263 7.420504 4.719155 11.50655 12.00226 10.17438 9.187247 9.187247 9.187247 9.187247 14.12523 63.4394 53.88261 32.68699 32.68699 32.68699 32.68699 32.68707 32.68699 32.883 83.37685 107.596 295.1554 552.112 830.9294 217.6771 182.2541 91.51398 69.46549 67.71528 69.6199 75.62139 137.5723 133.789 192.8066 257.3052 190.0135 74.48839
0 0 0 0 0 0 0 0 0 0 0 0 0 0 0 0 0 5.954795 2.530434 2.530434 2.530434 2.531357 6.351605 6.730617 6.14083 7.992782 9.355973 7.591362 1.914938 1.069187 1.069187 1.069187 1.069187 1.069187 1.069187 1.069187 17.32737 28.42526 22.74883 15.74482 5.366654 4.707867 5.619296 11.99899 12.00226 11.35402 9.244521 9.187247 9.187247 9.187248 9.187247 13.74722 32.34437 32.68699 32.68699 32.68699 32.68699 32.68699 32.68699 32.68699 75.19537 103.7006 272.5481 290.8694 169.0053 133.3099 125.3037 89.56376 179.5698 184.3533 69.6199 101.6828 167.6277 125.8873 259.7866 231.6292 171.0362 173.2617
0 0 0 0 0 0 0 0 0 0 0 0 0 0 0 0 0 24.85563 2.530434 2.530434 2.530434 2.530434 4.92881 3.665149 1.081216 4.393883 3.282537 1.38203 1.069187 1.069187 1.069187 1.069187 1.069187 1.069187 1.069187 1.069187 17.7544 6.834535 4.707867 4.707868 4.707867 4.707868 4.707868 10.16241 12.00226 12.00226 10.21751 9.187247 9.187247 9.187247 9.187247 9.187247 18.0809 28.60952 31.67307 31.13364 31.46128 32.93401 33.30003 46.45603 83.79808 90.07629 115.3499 233.0246 194.3742 150.0555 145.6175 118.2948 220.4429 164.8907 69.77936 144.3069 188.1691 175.1993 249.3042 239.5686 240.1162 308.5072
0 0 0 0 0 0 0 0 0 0 0 0 0 0 0 0 0 0 6.029672 2.530434 2.530434 2.530434 4.079265 1.993432 1.069187 1.069187 1.069187 1.069187 1.069187 1.069187 1.069187 1.069187 1.069187 0.9065136 0.9896322 0.8134515 6.331766 4.678815 4.707867 4.707867 4.707867 4.707867 4.707867 8.553526 12.00226 12.00226 10.59561 9.187248 9.187248 9.187247 9.187248 9.187247 14.74581 25.49201 25.49201 25.49201 25.49201 34.86586 57.30168 60.13028 67.40164 67.53535 76.2832 137.4048 203.2132 195.5529 169.9937 99.30523 143.8636 155.2411 148.7768 287.1765 250.129 229.8817 283.4142 224.9458 242.9491 316.6981
0 0 0 0 0 0 0 0 0 0 0 0 0 0 0 0 0 0 59.51856 2.530434 2.530434 2.530434 2.526577 1.706669 1.074914 1.069187 1.069187 1.069187 1.069187 1.069187 1.069187 1.069187 1.02398 0.6247106 0.5646428 0.5646428 0.5708401 2.213393 4.567372 4.707867 4.707867 4.707867 4.707867 7.934296 12.00226 12.00226 11.70513 9.274876 9.187247 9.187247 9.739294 11.65589 22.00754 25.78133 25.49201 25.49201 25.49201 25.965 49.66612 57.8504 71.37708 79.24273 103.2402 133.8897 172.2274 235.5319 205.3353 99.30523 121.965 175.9957 279.125 384.1062 227.4136 439.5666 417.7655 288.0784 208.6275 347.7585
0 0 0 0 0 0 0 0 0 0 0 0 0 0 0 0 0 0 0 4.698565 4.043098 3.483689 2.924275 2.542077 1.466446 1.069187 1.069187 1.069187 1.069187 1.069187 1.069187 1.046013 0.7528765 0.5646428 0.5646428 0.5646428 0.5646428 0.5646428 1.850194 4.261748 4.707868 4.707868 4.707868 5.825099 11.99464 12.00226 12.00226 10.50523 9.187247 9.187248 30.71656 46.16895 45.08356 33.14122 28.07129 29.42889 32.4127 31.50046 28.25356 65.36581 107.6894 146.3418 179.2714 181.3349 155.9843 237.5712 207.6556 116.5672 134.3752 143.7132 186.7094 390.8933 208.8885 423.8872 284.1355 269.9335 227.8597 402.0706
0 0 0 0 0 0 0 0 0 0 0 0 0 0 0 0 0 0 0 24.61402 11.19707 11.19707 11.19707 10.79876 7.835383 3.436431 1.074157 1.069187 1.103138 0.9939681 0.8084282 0.7194739 0.5646428 0.5646428 0.5646428 0.5646428 0.5646428 0.5646428 0.5646428 2.104203 4.253839 4.707868 4.707868 4.708388 11.18578 12.00226 12.00226 11.62267 9.261014 14.54451 42.0254 46.58726 46.58726 46.58726 45.03914 41.7047 38.84319 36.68853 28.36637 96.89216 97.14256 108.7141 162.21 164.1863 142.3218 222.7608 283.2955 149.6689 142.4576 157.9194 162.781 260.5846 206.3045 336.1181 197.8017 216.7406 273.6554 352.1841
0 0 0 0 0 0 0 0 0 0 0 0 0 0 0 0 0 0 0 190.782 11.19707 11.19707 11.19707 11.19707 11.19707 11.19707 9.213137 7.367727 7.343371 0.5733035 0.5646428 0.5646428 0.5646428 0.5646428 0.5646428 0.5646428 0.5646428 0.5646428 0.5646428 0.5646428 0.8828654 3.272775 3.617979 4.516652 10.54386 12.00226 10.34014 10.99817 10.32396 28.7515 46.58726 46.58726 46.58726 46.34293 43.46035 44.6785 41.7023 36.92714 50.35003 57.96439 59.64328 59.64328 96.52238 145.5694 287.5289 368.4029 257.362 164.7236 159.1592 166.0531 173.0199 160.1715 208.5727 175.0692 172.7709 337.2564 343.2343 450.6141
0 0 0 0 0 0 0 0 0 0 0 0 0 0 0 0 0 0 0 0 11.19707 11.19707 11.19707 11.19707 11.19707 11.19707 11.19707 11.19707 8.162382 0.5646428 0.5646428 0.5646428 0.5646428 0.5646428 0.5646428 0.5646428 0.5646428 0.5646428 0.5646428 0.5646428 0.5071152 0.4158683 0.413964 2.015771 8.697291 11.44372 8.131918 8.185496 8.984294 10.97175 31.43025 46.47274 46.58726 46.13679 41.03204 44.0969 44.34529 39.94606 52.81031 59.75205 62.5095 86.58209 130.7919 151.5674 212.6883 227.5158 203.2903 199.7188 164.7016 165.4584 204.8934 194.0493 260.277 272.4341 332.4716 359.9068 328.9182 214.6164
0 0 0 0 0 0 0 0 0 0 0 0 0 0 0 0 0 0 0 0 63.10157 11.19707 11.19707 11.19707 11.19707 11.19707 11.19707 11.19707 7.138522 0.5646428 0.5646428 0.5646428 0.5646428 0.5646428 0.5646428 0.5646428 0.5646428 0.5646428 0.5646428 0.5262412 0.4163789 0.4139639 0.6655669 1.385187 4.186512 7.993389 7.77262 7.772619 7.77262 7.772619 7.77262 36.68453 46.58726 46.12117 40.04879 41.17459 44.6785 44.76066 77.45325 81.89829 75.99277 79.38435 118.7169 148.4383 262.4879 212.5107 407.4846 381.1048 179.0785 195.6974 347.5833 876.0848 494.9835 410.1606 368.3792 254.31 188.3513 149.9247
0 0 0 0 0 0 0 0 0 0 0 0 0 0 0 0 0 0 0 0 0 29.59723 11.19707 11.19707 11.19707 11.19707 11.19707 11.19707 5.397209 0.5646428 0.5646428 0.5646428 0.5646428 0.5646428 0.5646428 0.5646428 0.5646428 0.5646428 0.5525582 0.4285931 0.4139639 0.4139639 1.05052 7.546361 7.766017 7.77262 7.772619 7.77262 7.77262 7.77262 7.772619 36.53658 46.58726 46.13411 40.04878 40.25061 43.98035 44.79797 105.761 92.19225 88.69312 75.70937 83.44252 178.1038 318.1586 594.4286 879.3975 495.7493 125.9371 206.5075 462.1075 918.241 367.167 498.2767 385.3722 266.985 135.8216 147.7621
0 0 0 0 0 0 0 0 0 0 0 0 0 0 0 0 0 0 0 0 0 0 11.19707 11.19707 11.19707 11.19707 11.19707 11.19707 3.291824 0.5646428 0.5646428 0.5646428 0.5646428 0.5646428 0.5646428 0.5646428 0.5646428 0.5646428 0.4805872 0.4139639 0.4139639 0.4139639 1.777072 7.588577 7.772619 7.772619 7.772619 7.772619 7.772619 7.772619 8.16582 43.04401 46.58726 46.15042 40.04878 40.04878 40.62109 54.60624 92.43414 107.7225 93.08086 101.6487 220.2431 254.2798 265.2349 323.7867 440.6096 522.2372 120.3076 159.9994 423.9339 616.8633 672.2595 373.0288 185.423 156.9817 181.147 196.8337
