Scenarios/Heterogeneous/data/country_data_population_distribution/processed/density_grids/lbr.asc
ncols 111
nrows 109
xllcorner -11
yllcorner 4
cellsize 0.041666666666667
NODATA_value -9999
[rows 35 to 69 of 109, columns 0 to 78 of 111]
0 0 0 0 0 0 0 0 0 0 0 0 0 0 0 70.29762 57.53966 56.36215 56.72546 51.37062 16.74084 16.44742 16.44741 16.44742 16.44742 16.44742 18.86718 23.5925 24.62754 24.62754 24.29089 13.68281 10.06521 10.0553 10.0553 10.0553 10.0553 10.0553 10.0553 10.0553 10.0553 18.18791 34.26284 35.25409 35.25409 25.80788 27.67634 31.45232 31.4646 31.46459 31.46459 31.46459 31.4646 31.46459 31.99447 51.6067 53.26089 53.26089 54.10152 68.42902 68.91936 68.91936 68.91937 68.91936 66.60049 43.14994 43.68816 43.86296 42.0134 41.96538 41.96538 41.96538 59.30225 84.07858 84.07859 84.08179 93.58862 93.48141 93.36375
0 0 0 0 0 0 0 0 0 0 0 0 0 0 0 62.81363 56.99231 56.99231 56.99231 37.5484 16.44741 16.44742 16.44741 16.44741 16.44742 19.03714 24.24276 24.62754 24.62754 24.62754 21.35001 10.0553 10.0553 10.0553 10.0553 10.0553 10.0553 10.0553 10.0553 10.0553 17.58016 34.50259 35.25409 35.25409 34.39812 31.67228 31.46459 31.46459 31.46459 31.46459 31.46459 31.46459 32.76555 39.3807 46.49101 53.26089 53.26089 53.26089 54.53352 68.8948 68.91936 68.91936 68.91936 64.51935 49.28666 43.8825 43.88251 43.77151 42.07608 41.96538 41.96538 41.96538 57.68594 84.07858 84.07858 87.11432 92.75545 93.30791 93.36239
0 0 0 0 0 0 0 0 0 0 0 0 0 0 67.46366 56.99231 56.99231 56.99231 56.99032 40.4522 24.32619 16.86041 16.44742 16.44741 16.44742 33.89476 41.39214 38.39653 34.085 24.62754 14.76785 10.0553 10.0553 10.0553 10.0553 10.0553 10.0553 10.33917 15.06095 19.18377 34.63783 35.25409 35.25409 35.25409 35.0685 32.15566 31.46459 31.46459 31.46459 31.46459 31.46459 31.46459 35.96074 41.87769 42.8982 47.42088 50.14246 53.14162 53.26089 63.25389 68.91936 68.91936 68.91936 56.36444 43.8825 43.88251 43.88251 42.97459 41.96613 41.96538 41.96538 41.96538 46.46193 83.85618 84.72089 91.88725 92.57788 93.2904 81.36471
0 0 0 0 0 0 0 0 0 0 0 0 0 0 57.14185 56.99231 56.99231 48.82932 44.06246 42.35189 42.23604 33.12101 16.71274 16.44741 16.44742 49.75261 62.81379 62.81379 62.81359 47.04232 12.26196 10.0553 10.0553 10.0553 10.0553 10.0553 10.0553 20.41148 35.25409 35.25409 35.25409 35.25409 35.25409 35.25409 34.17017 31.46459 31.46459 31.75522 45.1445 33.47227 31.46459 31.46459 36.26574 41.67193 41.67193 41.67193 41.95504 52.49963 53.26089 61.74831 68.91936 68.91936 68.91936 60.98496 43.8825 43.8825 43.8825 43.8811 42.52758 41.96538 41.96538 41.96538 41.96538 69.25533 90.22449 92.55008 92.8267 93.36239 50.37575
0 0 0 0 0 0 0 0 0 0 0 0 56.99231 56.99231 56.99231 56.99231 56.99231 48.43437 42.23604 42.23604 42.23604 42.23604 34.11619 17.66712 20.49164 62.65611 62.81379 62.81379 62.81379 51.35142 10.0553 10.0553 10.20653 12.46891 12.79492 10.0553 17.95328 32.21814 35.25409 35.25409 35.25409 35.25408 35.25409 45.23294 67.83058 70.45848 52.48705 48.33143 58.77786 51.40583 31.58331 34.39072 41.22633 41.67193 41.67193 41.67193 41.67193 44.92215 47.07246 60.89848 68.91936 68.91936 68.91936 67.80575 45.13872 43.8825 43.8825 43.8825 43.70959 42.21682 41.96538 41.96538 46.38455 75.76725 92.55008 92.55008 92.60477 93.21273 39.41943
0 0 0 0 0 0 0 0 0 0 0 0 0 56.99231 56.99231 56.99231 56.94945 48.95578 42.23604 42.23604 42.23604 42.23604 42.23604 23.61006 40.98658 62.81379 62.81379 62.81379 58.40481 44.98524 25.06768 21.02015 31.47252 43.03068 42.99541 34.83662 34.93851 35.25409 35.25409 35.25409 35.25409 38.449 68.58743 94.11748 96.70682 90.98435 64.2374 58.77786 58.77786 58.77786 51.59826 40.72217 41.67193 41.67193 41.67193 41.67194 41.67193 41.67193 41.67193 57.39338 68.91937 68.91937 68.91937 68.91937 59.57922 43.88251 43.8825 43.88251 43.8825 42.52513 39.86627 59.34451 86.6886 92.55009 92.55008 92.55009 92.55009 72.21722 30.11733
0 0 0 0 0 0 0 0 0 0 0 0 0 0 56.99231 56.89264 46.72621 42.1426 42.22839 42.23604 42.23604 42.23604 42.23604 32.97772 36.28376 62.81379 62.81379 62.81379 56.00813 43.87158 43.00856 43.01712 43.03068 43.03068 47.93144 61.15148 41.05594 35.25409 35.25409 43.604 73.36567 89.80056 96.70682 96.70682 89.71833 59.55473 58.77786 58.77786 58.77786 58.77786 54.74854 51.40369 47.58991 41.67193 41.67193 41.67193 41.67193 41.67193 41.67193 56.68775 68.91937 68.91937 68.91937 68.91936 67.15761 55.16427 43.8825 43.88251 43.8825 38.46807 30.55199 30.22863 47.90713 71.33246 79.86623 90.53395 92.55009 46.50979 26.4588
0 0 0 0 0 0 0 0 0 0 0 0 0 0 42.13291 44.1138 42.13291 42.13291 42.21319 42.23605 42.23605 42.23604 42.23605 42.23604 48.54113 62.81379 62.81379 48.78716 43.71461 43.00856 43.00856 43.01482 43.03068 43.03068 59.921 66.86998 65.71119 53.68262 52.51143 86.20506 96.70682 96.70681 96.70682 96.70682 75.40788 58.77786 58.77786 58.77786 58.77786 58.77786 58.77786 58.77786 57.60705 45.75765 41.67194 41.67194 41.67194 41.67193 43.44277 67.2445 68.91937 68.91937 68.91937 68.91937 68.91937 57.68215 38.58952 42.09927 42.04969 30.43025 30.18219 30.18219 30.18219 33.45728 33.87045 37.04253 60.06999 57.37129 26.46078
0 0 0 0 0 0 0 0 0 0 0 0 0 0 42.13291 42.13291 42.1329 42.13291 42.23604 42.23146 42.23604 42.23605 42.23604 42.27986 51.70102 62.81379 59.0481 47.24688 43.00855 43.00856 43.00974 43.02088 43.03058 45.07079 63.8923 66.86998 66.86997 66.86997 70.1497 96.70682 96.70683 96.70682 96.70683 91.13219 58.84 58.77786 58.77786 58.77786 58.77787 58.77786 58.77786 58.77786 48.80135 21.47857 38.29064 41.67193 41.67194 41.67193 49.03951 68.91936 67.40852 53.25951 49.37432 57.98262 62.77869 37.96246 34.44718 34.44718 32.42367 30.19682 30.18219 30.18219 30.18407 33.63382 33.87045 33.87045 33.87045 33.87045 28.03709
0 0 0 0 0 0 0 0 0 0 0 0 0 0 0 42.1329 42.1329 42.13291 42.13291 42.13422 42.20514 42.23604 42.23604 42.67533 45.22289 51.34095 44.19215 43.00855 43.00856 43.00855 43.02144 43.03068 43.03068 50.49871 66.86998 66.86997 66.86998 69.40759 87.63698 96.70682 96.70682 96.70682 96.70682 94.48643 88.94467 79.2675 56.35861 46.01938 49.81409 50.71585 58.68489 51.55384 18.21457 16.60406 20.20839 38.49689 41.67193 41.67193 59.58942 68.91808 46.37699 35.97552 35.97552 35.97552 38.69587 34.45248 34.44718 34.27733 31.08496 30.18219 30.18219 30.18219 30.95378 33.87045 33.87045 33.87045 33.87045 33.87045 30.58287
0 0 0 0 0 0 0 0 0 0 0 0 0 0 0 0 0 42.13291 42.13291 42.1329 42.19771 42.31394 45.45322 44.63604 43.90749 43.64469 43.00855 43.16758 43.03219 43.00855 43.02209 43.03068 43.03068 57.79783 66.86997 66.86997 66.86997 78.22029 96.67346 96.70682 96.70682 96.70682 96.70682 96.70682 96.70682 96.70682 61.41119 26.91648 26.91648 29.50755 58.59663 28.33136 16.60406 16.60406 16.60406 17.33608 28.08291 39.74646 62.81249 59.36522 36.03603 35.97552 35.97552 35.95646 34.89084 34.44718 34.19953 33.71415 30.30116 30.18219 30.18219 30.18219 32.67382 33.87045 33.87045 33.87045 33.87045 33.87045 31.19042
0 0 0 0 0 0 0 0 0 0 0 0 0 0 0 0 0 0 0 42.13291 42.22981 42.23604 46.35235 46.88528 46.88528 46.84155 43.80412 46.38423 70.04932 45.66956 43.88081 82.89718 89.69621 159.179 101.7646 66.86998 66.86997 66.86997 84.16399 96.70681 96.70682 96.70681 96.70682 96.70681 67.53434 29.49222 27.22155 26.91648 26.91648 26.91648 33.44651 18.65402 16.60406 16.60406 16.60406 16.60406 16.60406 18.3525 18.15471 33.93481 35.97318 35.97552 35.97552 32.56817 29.71748 29.5588 26.55037 26.05899 29.97934 30.18219 30.18218 30.79692 33.86012 33.87045 33.87045 33.87045 33.87045 33.87045 33.85611
0 0 0 0 0 0 0 0 0 0 0 0 0 0 0 0 0 0 0 0 0 0 46.62398 46.88528 46.88528 123.9598 57.6488 62.12386 237.0803 92.66926 104.4932 241.1818 241.1818 241.1818 151.0932 66.86998 66.86998 66.86998 68.06115 96.08369 96.70682 96.70682 89.745 83.28127 47.29783 26.91648 26.91648 26.91648 26.91648 26.91648 26.91648 18.9154 16.60406 16.60406 16.60406 16.60406 16.60406 16.12997 15.94727 15.94726 29.21749 35.78098 31.5014 25.61707 25.41397 25.41397 25.41397 25.41397 29.81939 30.18218 30.18219 30.45132 33.34845 33.87045 33.87045 33.87045 33.87045 33.87045 33.87045
0 0 0 0 0 0 0 0 0 0 0 0 0 0 0 0 0 0 0 0 0 0 0 0 46.93055 241.1323 171.8316 50.96344 175.2864 168.7513 233.7263 240.1984 208.511 164.9319 74.24667 72.37316 66.86998 66.86998 67.70222 94.95517 96.70681 94.28757 30.9982 24.62096 26.21507 26.90872 26.91648 26.91648 26.91648 26.73534 26.91648 22.43462 16.60406 16.60406 16.60406 16.60406 16.51609 15.95352 15.94726 16.03768 24.19963 29.7254 25.41397 25.41397 25.41397 25.41397 25.41397 25.41397 29.55994 30.18219 30.18219 30.18219 30.6639 33.1896 33.87045 33.87045 33.87045 33.87045 33.87045
0 0 0 0 0 0 0 0 0 0 0 0 0 0 0 0 0 0 0 0 0 0 0 0 0 241.1818 212.3603 144.0077 214.5263 241.1818 241.1818 227.2935 145.0272 139.776 132.9948 126.5965 67.61515 66.86997 96.48657 156.1495 153.3781 171.189 93.48837 24.60629 24.60629 25.13661 25.33828 26.53266 26.91648 20.72364 19.71775 18.718 16.60406 16.60406 16.60406 16.60406 16.18147 15.98731 19.58319 20.13903 25.00086 25.41397 25.41397 25.41397 25.41397 25.41397 25.38213 19.73142 21.92596 30.18219 30.18219 30.18219 30.18219 31.13342 33.87045 33.87045 33.87045 33.87045 33.87045
0 0 0 0 0 0 0 0 0 0 0 0 0 0 0 0 0 0 0 0 0 0 0 0 0 0 0 241.1818 241.1818 241.1818 316.8227 170.203 142.1424 139.776 139.776 139.776 120.1419 108.4749 147.5504 176.1852 176.1852 149.7017 43.91012 24.60629 24.60629 24.60629 22.47109 17.49928 20.1615 16.99123 16.60406 16.60406 16.60406 16.60406 16.60406 16.60182 17.64444 23.48846 25.41397 25.41397 25.41397 25.41397 25.41397 25.41397 25.41397 25.41397 22.05328 16.80451 18.41097 30.17185 30.18219 30.18219 30.18219 25.70752 25.22068 25.47708 27.84696 33.20081 33.87045
0 0 0 0 0 0 0 0 0 0 0 0 0 0 0 0 0 0 0 0 0 0 0 0 0 0 0 0 480.0765 3291.17 5373.615 1096.85 185.0069 149.2054 136.3689 139.3623 140.8581 145.7357 175.1627 176.1852 176.1852 117.0556 24.60629 24.60629 24.60629 24.60629 21.24969 16.60406 16.60406 16.60406 16.60406 16.60406 16.60406 19.43775 21.40281 20.14211 24.62852 25.41397 25.41397 25.41397 25.41397 25.41397 25.41397 25.41397 25.41397 25.41397 16.92282 16.80451 16.80451 25.70584 30.18219 30.18219 19.08369 4.703835 4.703788 4.703788 4.703788 7.014391 10.49309
0 0 0 0 0 0 0 0 0 0 0 0 0 0 0 0 0 0 0 0 0 0 0 0 0 0 0 0 6392.235 6392.235 5231.893 1031.764 555.8378 100.609 93.3899 94.89262 134.9469 176.1852 176.1852 176.1852 154.2171 46.72947 24.60629 24.60629 24.60629 24.60629 23.49301 16.97182 16.60406 16.60406 16.60406 16.60406 16.60406 19.33121 25.41397 25.41397 25.41397 25.41397 25.41397 25.41397 25.41397 25.41397 25.41397 25.41397 21.77522 20.72986 17.01065 16.80451 16.80451 17.27207 25.14613 18.54123 4.93889 4.703788 4.703787 4.703788 4.703788 4.703787 4.703787
0 0 0 0 0 0 0 0 0 0 0 0 0 0 0 0 0 0 0 0 0 0 0 0 0 0 0 0 6392.235 6392.235 6382.281 6350.75 2863.765 93.3899 93.3899 93.3899 104.7031 166.2227 171.8026 172.1685 134.209 28.02059 24.60629 24.60629 24.60629 24.60629 24.60629 19.17054 16.60406 16.60406 16.60406 16.60406 16.60406 21.57666 25.41397 25.41397 25.41397 25.41397 25.41397 25.41397 25.41397 25.41397 20.30014 21.3835 16.92112 16.80451 16.80451 16.80451 16.80451 13.49639 4.708176 4.703788 4.703787 4.703788 4.703788 4.703788 4.703788 4.703788 4.703787
0 0 0 0 0 0 0 0 0 0 0 0 0 0 0 0 0 0 0 0 0 0 0 0 0 0 0 0 0 6392.235 6392.235 6392.236 3558.422 93.3899 93.38991 93.3899 93.38991 93.62842 96.28081 122.4339 86.24483 55.16478 31.31608 24.60629 24.60629 24.60629 24.06966 17.31278 16.60406 16.60406 16.60406 16.60406 16.60406 21.35206 25.41397 25.41397 25.41397 25.41397 25.41397 25.41397 25.41397 25.41397 17.71239 16.80451 16.80451 16.80451 16.80451 16.80451 16.80451 15.69999 5.312282 4.703788 4.703788 4.703788 4.703787 4.703788 4.703788 4.703788 4.861378
0 0 0 0 0 0 0 0 0 0 0 0 0 0 0 0 0 0 0 0 0 0 0 0 0 0 0 0 0 0 0 6392.235 5875.367 204.6923 93.38991 93.38991 93.38991 93.38991 93.3899 78.00118 56.5748 56.5748 47.4647 24.60629 24.60629 24.29609 18.39688 16.60406 16.60406 16.60406 16.60406 17.21949 23.64498 25.33749 25.41397 25.41397 25.41397 25.41397 25.41397 25.93904 27.59899 25.41677 17.14987 16.80451 16.80451 16.80451 16.80451 16.80451 10.46473 7.932433 4.790285 4.703788 4.703788 4.703788 4.703788 4.703788 4.703788 4.703788 5.089102
0 0 0 0 0 0 0 0 0 0 0 0 0 0 0 0 0 0 0 0 0 0 0 0 0 0 0 0 0 0 0 0 0 93.3899 93.38991 93.38991 93.3899 93.38991 93.38991 79.98165 56.5748 56.5748 56.34619 33.6377 24.60629 24.33888 18.36893 16.60406 16.60406 16.60406 16.60406 20.62899 25.41397 25.41397 25.41397 25.41397 25.41397 25.41397 28.15823 30.06696 30.19049 26.64992 18.22896 16.80451 16.80451 16.80451 16.80451 16.80451 8.417778 4.703788 4.703788 4.703788 4.703788 4.703788 4.703788 4.706126 4.854431 5.116809 5.308675
0 0 0 0 0 0 0 0 0 0 0 0 0 0 0 0 0 0 0 0 0 0 0 0 0 0 0 0 0 0 0 0 0 0 0 0 0 93.38989 91.66834 62.9969 55.09576 56.5748 49.80153 27.77183 24.60629 24.60629 24.80574 23.7516 23.05288 18.46831 16.60406 21.89713 25.41397 25.41397 25.41397 25.51146 27.69173 27.57267 30.18562 30.03225 21.33632 18.02215 16.86459 16.80451 16.80451 16.80451 16.80451 16.80451 16.26891 5.638688 4.703788 4.703788 4.703788 4.703788 4.703788 4.748815 5.28706 5.314902 5.314902
0 0 0 0 0 0 0 0 0 0 0 0 0 0 0 0 0 0 0 0 0 0 0 0 0 0 0 0 0 0 0 0 0 0 0 0 0 0 0 47.57442 25.95287 42.79038 29.39715 24.60629 24.60629 24.71723 26.3687 27.16963 27.16963 25.1349 21.35995 24.60786 25.41397 25.41397 25.52606 29.09153 30.19049 25.30239 22.70018 24.86162 16.80187 16.80187 16.80204 16.804 16.80445 16.79964 15.52331 8.761898 5.138729 4.703788 4.703788 4.703788 4.703788 4.703788 4.703788 4.836283 5.314902 5.314902 5.517589
0 0 0 0 0 0 0 0 0 0 0 0 0 0 0 0 0 0 0 0 0 0 0 0 0 0 0 0 0 0 0 0 0 0 0 0 0 0 0 0 24.60629 24.60629 24.60629 24.60629 25.09715 26.8556 27.16963 27.16963 27.16963 27.16963 30.81559 54.8269 26.65776 25.41397 27.07786 30.19049 28.47308 19.41998 16.80187 17.69067 16.80187 16.80187 16.80187 16.80188 16.80213 14.59321 6.707942 5.360097 4.759963 4.703788 4.703788 4.703788 4.703788 4.703788 4.703788 4.904823 5.314902 5.314902 5.471202
0 0 0 0 0 0 0 0 0 0 0 0 0 0 0 0 0 0 0 0 0 0 0 0 0 0 0 0 0 0 0 0 0 0 0 0 0 0 0 0 0 0 24.60629 24.60629 26.08077 27.16963 27.16963 28.0987 27.3701 40.76809 72.47706 74.01861 52.77095 25.41397 26.64639 30.1412 22.25055 16.80187 16.80187 16.80187 16.80187 16.80187 16.80187 16.80187 16.3633 8.783631 6.299713 6.299713 6.227906 5.731937 4.759915 4.703788 4.703788 4.849857 5.07067 5.256213 5.314902 5.314902 5.314902
0 0 0 0 0 0 0 0 0 0 0 0 0 0 0 0 0 0 0 0 0 0 0 0 0 0 0 0 0 0 0 0 0 0 0 0 0 0 0 0 0 0 0 24.60629 25.5513 27.05692 27.59889 64.40106 64.24237 73.48774 74.01861 74.01861 47.19051 28.179 26.10522 29.9708 29.58663 24.427 19.00579 16.80222 18.55103 16.85163 16.80187 16.39644 10.87479 6.299713 6.299713 6.299713 6.299713 5.794561 4.724121 4.703788 4.703788 4.836684 5.307988 5.314902 5.314902 5.314902 5.314902
0 0 0 0 0 0 0 0 0 0 0 0 0 0 0 0 0 0 0 0 0 0 0 0 0 0 0 0 0 0 0 0 0 0 0 0 0 0 0 0 0 0 0 0 24.60629 25.37484 44.90046 74.01861 74.01861 74.01861 74.01861 74.01861 48.57364 30.19049 30.04197 30.23145 31.25726 31.29935 25.1662 25.86124 31.29935 17.75683 13.89928 12.46205 8.118821 6.299713 6.299712 6.299713 6.299712 6.065003 4.744839 4.703788 4.703787 4.993571 5.29877 5.314902 5.314902 5.314902 5.314902
0 0 0 0 0 0 0 0 0 0 0 0 0 0 0 0 0 0 0 0 0 0 0 0 0 0 0 0 0 0 0 0 0 0 0 0 0 0 0 0 0 0 0 0 0 0 1739.963 384.1663 74.01862 74.01862 74.01862 73.15173 59.97363 30.19049 30.19049 30.20157 31.17968 31.29935 31.29935 31.29935 27.75504 9.125861 6.299713 6.299713 6.299713 6.299713 6.299713 6.299713 6.299713 6.226231 4.917867 4.703788 4.703788 4.74418 5.09334 5.314902 5.314902 5.314902 5.314902
0 0 0 0 0 0 0 0 0 0 0 0 0 0 0 0 0 0 0 0 0 0 0 0 0 0 0 0 0 0 0 0 0 0 0 0 0 0 0 0 0 0 0 0 0 0 1833.042 763.7645 74.01862 73.94681 52.81025 32.14847 30.36774 30.19049 30.19049 30.48906 31.27812 31.29935 31.29935 31.29935 16.25236 6.299713 6.299712 6.299713 6.299712 6.299713 6.299713 6.299713 6.299713 6.234348 4.847284 4.715987 4.719459 4.741868 5.224338 5.314902 5.314902 5.314902 5.314902
0 0 0 0 0 0 0 0 0 0 0 0 0 0 0 0 0 0 0 0 0 0 0 0 0 0 0 0 0 0 0 0 0 0 0 0 0 0 0 0 0 0 0 0 0 0 0 74.01861 70.85992 52.52074 30.46917 30.19049 30.19049 30.19049 30.19049 30.98214 31.29935 31.29935 31.29935 31.29935 13.19869 6.299712 6.299712 6.299712 6.299713 6.299712 6.299713 6.299712 6.321695 7.399129 6.083067 5.243044 5.265338 5.292831 5.314902 5.314902 5.314902 5.314902 5.314902
0 0 0 0 0 0 0 0 0 0 0 0 0 0 0 0 0 0 0 0 0 0 0 0 0 0 0 0 0 0 0 0 0 0 0 0 0 0 0 0 0 0 0 0 0 0 0 0 34.80796 30.19049 30.19049 30.19049 30.19049 30.19049 30.19049 30.60684 31.29935 31.29935 31.29935 27.92863 7.542996 6.299713 6.299713 6.299713 6.299713 6.299713 6.299712 6.299713 7.415092 8.113881 8.113881 6.701971 5.314902 5.314902 5.314902 5.314902 5.314902 5.314902 5.838869
0 0 0 0 0 0 0 0 0 0 0 0 0 0 0 0 0 0 0 0 0 0 0 0 0 0 0 0 0 0 0 0 0 0 0 0 0 0 0 0 0 0 0 0 0 0 0 0 0 30.19049 30.19049 30.19049 30.19049 30.19049 30.19049 30.76811 31.87322 32.21008 23.54186 8.505741 6.299713 6.299713 6.299713 6.299713 6.299713 6.299713 6.299713 6.299991 9.077867 8.54137 8.113882 7.998415 6.965096 6.26212 5.430834 5.314902 5.314902 5.616739 9.278629
0 0 0 0 0 0 0 0 0 0 0 0 0 0 0 0 0 0 0 0 0 0 0 0 0 0 0 0 0 0 0 0 0 0 0 0 0 0 0 0 0 0 0 0 0 0 0 0 0 0 0 30.19049 30.19049 30.19049 30.19049 32.2509 61.3928 59.72876 34.26349 6.299712 6.299712 6.299712 6.299712 6.299713 6.299712 6.301151 7.325454 8.709424 9.539865 9.204409 8.113881 8.113881 8.113881 8.113881 8.081471 7.454269 6.751984 6.327556 8.535689
0 0 0 0 0 0 0 0 0 0 0 0 0 0 0 0 0 0 0 0 0 0 0 0 0 0 0 0 0 0 0 0 0 0 0 0 0 0 0 0 0 0 0 0 0 0 0 0 0 0 0 30.19049 30.19049 30.19049 30.19049 42.93092 67.53793 67.54603 55.50054 11.41513 6.299712 6.299712 6.299712 6.299713 6.654147 8.886451 9.633808 9.633808 9.633808 8.653707 8.113881 8.113881 8.113881 8.113881 8.113881 8.113881 8.113881 8.13814 9.40101
