Scenarios/Heterogeneous/data/country_data_population_distribution/processed/density_grids/lka.asc
ncols 70
nrows 117
xllcorner 79
yllcorner 5
cellsize 0.041666666666667
NODATA_value -9999
[rows 34 to 67 of 117, columns 0 to 69 of 70]
0 0 0 0 0 0 0 0 0 0 0 0 0 0 0 0 0 0 201.2422 201.2422 1.038015 1.218646 2.409041 2.574613 4.105259 6.221001 8.062965 35.6218 61.73958 59.00779 59.62355 75.89169 71.21256 157.3216 151.2473 239.7481 221.9132 85.89002 76.17068 115.8889 378.7419 188.5873 113.311 52.66899 30.56305 15.93715 33.74644 94.65018 111.0516 506.0523 221.4892 151.6106 58.95704 266.7784 996.8054 223.3029 141.2567 0 0 0 0 0 0 0 0 0 0 0 0 0
0 0 0 0 0 0 0 0 0 0 0 0 0 0 0 0 0 0 201.2422 201.2422 2.168517 2.271998 2.759809 5.640575 5.552912 4.571808 4.710588 7.244218 34.05497 28.99101 57.24265 75.527 153.851 210.2234 409.5572 151.2924 238.0175 111.6742 168.9027 167.944 132.5664 127.1176 92.17064 33.13876 3.785683 5.2385 142.5344 209.3979 175.8467 211.105 248.2819 69.67652 10.07486 84.39306 266.0038 514.2099 121.6087 212.8967 0 0 0 0 0 0 0 0 0 0 0 0
0 0 0 0 0 0 0 0 0 0 0 0 0 0 0 0 0 0 86.86165 201.2422 3.430682 2.789313 2.692897 6.61234 7.399111 6.731624 4.97896 4.915143 37.5211 29.06848 72.82537 131.4227 448.1752 591.5676 836.7498 356.9038 298.7899 90.62106 85.08489 105.6624 102.2879 173.2684 148.0737 21.1129 3.785683 3.785683 100.0573 254.2434 547.1416 182.8724 36.91434 10.20951 24.59128 82.59679 268.5694 89.94394 96.86169 282.9594 0 0 0 0 0 0 0 0 0 0 0 0
0 0 0 0 0 0 0 0 0 0 0 0 0 0 0 0 0 85.2726 85.27261 36.04337 4.788194 2.630549 2.409041 5.044578 11.32194 13.63886 7.612448 14.0224 79.35468 149.7536 150.1865 167.8713 421.0788 2041.605 855.1862 263.379 95.93947 59.19735 89.57663 126.6012 140.592 243.6466 200.0554 40.29475 3.785683 4.900928 26.35052 184.5752 109.5769 7.391336 8.777522 9.67968 15.94298 16.93185 174.3731 122.0197 129.3824 280.6597 0 0 0 0 0 0 0 0 0 0 0 0
0 0 0 0 0 0 0 0 0 0 0 0 0 0 0 0 0 85.27261 544.7078 58.35663 38.55293 2.458795 7.622586 5.830322 14.86359 15.81434 14.60535 40.25513 238.7403 407.2593 180.2261 165.4684 242.8342 378.7219 334.3903 257.3256 105.7852 47.77128 129.1251 119.953 193.3099 272.1473 247.072 37.17104 6.907339 7.489472 16.33906 48.88197 72.25737 22.27814 14.66706 12.43091 6.700913 6.508914 25.26149 59.77708 138.7156 339.3304 0 0 0 0 0 0 0 0 0 0 0 0
0 0 0 0 0 0 0 0 0 0 0 0 0 0 0 0 532.3869 580.4687 2297.856 208.4884 54.40134 42.86586 18.17114 10.56124 23.36991 72.21129 153.716 278.6609 258.0544 327.7427 287.2415 347.4476 334.8122 178.5737 221.8284 154.179 211.3869 102.9504 104.223 117.061 194.4174 192.3263 166.6242 9.167309 8.250374 8.250373 61.3944 30.73577 51.66189 51.38411 33.48216 17.62364 6.438313 6.649678 13.4992 38.20939 61.06425 131.1674 745.6477 0 0 0 0 0 0 0 0 0 0 0
0 0 0 0 0 0 0 0 0 0 0 0 0 0 0 0 449.2761 564.5442 0 66.20343 79.55605 63.8177 22.05764 17.06094 23.46271 105.1998 279.325 403.1124 389.2519 256.9107 259.8582 377.3442 308.3351 159.5879 117.1073 91.04406 110.5735 96.22839 79.44115 80.4554 82.92394 50.14711 27.46469 10.0051 9.582855 27.64337 121.9303 216.5393 241.2064 193.8811 33.0946 5.424446 5.540329 9.013199 15.35336 19.61588 62.35111 168.6009 231.514 0 0 0 0 0 0 0 0 0 0 0
0 0 0 0 0 0 0 0 0 0 0 0 0 0 0 0 524.7429 485.511 0 87.31509 52.73777 35.19859 21.81456 22.86336 41.91529 111.9037 252.3195 398.6489 416.8862 396.3104 508.1534 621.2564 276.6693 441.8214 317.6068 126.3182 75.33714 179.8016 119.1824 105.5956 30.48664 46.49193 23.5481 10.54956 10.75502 61.05961 227.1779 515.5829 388.5575 213.2217 18.67639 8.118136 9.435787 10.21414 15.35336 15.54287 65.3195 91.33031 62.44672 0 0 0 0 0 0 0 0 0 0 0
0 0 0 0 0 0 0 0 0 0 0 0 0 0 0 0 576.7151 667.2656 289.7372 282.6222 181.5261 75.03908 38.38269 15.14523 27.22766 52.14264 69.29151 88.68262 115.134 100.5593 231.7698 310.0704 407.679 332.3801 316.2256 364.664 280.8639 222.8062 150.3385 134.4554 37.17685 70.99112 34.4147 19.77987 12.24249 113.0439 323.3976 348.5883 240.8172 142.2227 40.53644 19.44851 10.26599 9.319738 15.35336 18.41806 20.77387 20.62069 18.20286 20.77387 0 0 0 0 0 0 0 0 0 0
0 0 0 0 0 0 0 0 0 0 0 0 0 0 0 0 632.1357 831.1658 375.166 615.2494 750.6711 64.7692 169.1423 27.77272 14.51456 31.85376 33.87126 36.10822 47.50862 159.6961 224.0463 311.7959 356.2835 279.1994 465.5277 397.2398 335.2407 219.1679 355.3306 91.64529 76.34774 118.5783 109.2571 27.49511 34.22989 181.6049 499.95 442.0635 304.5468 342.7419 164.3075 28.92221 27.12295 13.38182 28.20024 32.68414 10.86686 8.204061 11.60029 34.19148 0 0 0 0 0 0 0 0 0 0
0 0 0 0 0 0 0 0 0 0 0 0 0 0 0 0 0 652.5837 0 5622.382 1132.06 84.78226 56.03866 35.03241 34.34381 51.76517 87.97814 65.73149 185.1658 194.8153 373.1129 170.0206 172.2748 134.1606 192.6316 342.2549 545.8239 249.1109 523.2882 114.9903 51.67286 149.1821 45.62011 12.67091 39.18737 217.9249 430.4419 379.5475 407.787 445.2036 117.9988 112.1494 112.7683 21.20434 73.11655 63.01553 12.63899 13.38753 46.64697 47.76947 66.75786 0 0 0 0 0 0 0 0 0
0 0 0 0 0 0 0 0 0 0 0 0 0 0 0 0 0 461.1785 251.8184 784.5247 442.6839 226.5418 101.0476 45.11472 81.30844 176.9987 174.7641 165.8934 105.1941 158.9958 376.2607 158.3193 146.5989 95.7795 67.3363 201.2996 305.7736 144.1901 295.8033 156.2695 75.71536 183.5612 77.91581 29.12438 52.46837 77.42287 385.7035 506.8433 408.0872 299.008 91.20351 94.39697 121.471 84.56313 106.7093 112.4738 83.57959 20.19945 20.91319 28.53742 108.0438 161.3891 0 0 0 0 0 0 0 0
0 0 0 0 0 0 0 0 0 0 0 0 0 0 0 0 0 209.9606 211.297 522.7585 347.1964 201.2799 148.1649 127.6068 151.5297 188.2742 162.5849 90.74022 92.70314 221.4272 254.8552 174.2579 217.5744 140.0103 182.4446 91.00544 168.9008 232.2899 324.2229 304.8315 161.4658 211.5798 73.99986 49.25153 150.3201 107.3835 92.97427 449.8695 1018.595 457.2884 145.851 122.0018 136.4962 101.5436 51.16038 38.81685 15.40669 12.18175 91.83873 110.311 1268.361 644.9737 0 0 0 0 0 0 0 0
0 0 0 0 0 0 0 0 0 0 0 0 0 0 0 0 0 231.1586 341.0508 339.2458 136.8686 88.88948 87.41796 178.8786 308.3652 143.6857 91.72949 57.81086 125.8977 225.9362 222.4857 150.0415 144.0942 120.8994 100.3999 100.8437 142.1785 207.9473 243.3015 461.776 323.2528 140.0131 121.6951 64.95923 162.2758 130.1978 36.53379 514.2537 365.5741 245.4556 166.874 174.746 192.282 54.72982 4.75002 13.32703 8.25023 8.25023 11.32702 66.40492 1843.123 451.9063 0 0 0 0 0 0 0 0
0 0 0 0 0 0 0 0 0 0 0 0 0 0 0 0 0 0 401.1461 159.3191 95.89213 62.21783 84.17809 177.2386 226.0495 150.4048 121.5399 130.9262 123.0987 214.5149 287.2 235.5858 171.7772 197.7005 101.058 51.76136 53.00664 371.1065 287.5233 672.533 293.0157 103.9545 76.76408 87.08858 194.4804 185.3049 9.897902 79.25624 47.11981 123.9066 164.4139 164.4139 159.7517 72.60675 7.062158 8.11398 7.22801 7.34679 12.71929 33.88375 314.217 755.3815 578.2811 0 0 0 0 0 0 0
0 0 0 0 0 0 0 0 0 0 0 0 0 0 0 0 0 0 262.0499 192.3686 126.3472 80.09787 109.2826 146.5748 151.8308 220.3687 204.1928 171.4818 192.7214 260.8087 440.7767 238.1175 191.7571 243.463 226.1351 99.29058 194.4445 390.6508 302.5145 211.7879 195.5129 36.02363 26.24568 146.4201 162.4987 55.49659 9.433565 59.59363 160.6841 164.4139 164.4139 164.4139 164.4139 72.93063 6.806211 6.551383 6.338132 6.338132 11.86816 33.39315 112.2893 1144.048 801.2516 1633.067 0 0 0 0 0 0
0 0 0 0 0 0 0 0 0 0 0 0 0 0 0 0 0 0 562.1942 669.955 255.2353 177.3573 182.7545 213.9065 173.4627 269.0041 453.1323 271.3849 200.1223 204.5603 212.4841 245.7123 197.5335 280.6316 229.4929 139.7037 219.9145 690.8146 327.6246 245.8701 143.8044 28.03407 53.37469 265.1978 174.0903 34.77759 9.433564 72.47899 164.4139 164.4139 164.4139 164.4139 164.4139 87.41145 5.982782 5.987084 5.94237 5.870893 7.515059 11.04013 30.1368 53.94135 2475.078 908.5092 501.836 0 0 0 0 0
0 0 0 0 0 0 0 0 0 0 0 0 0 0 0 0 0 0 1134.227 333.3931 278.6841 250.6801 197.2529 224.4671 219.0833 210.9612 450.9604 330.8842 232.3487 244.5486 202.3497 229.5729 240.8421 274.002 316.4581 231.831 251.5336 544.9069 224.7443 268.4391 97.54955 32.21245 60.16105 102.8818 79.86791 20.94385 8.951977 52.7603 147.0287 148.2493 164.4139 164.4139 164.4139 109.8547 2.750815 3.077562 5.632251 5.639908 9.872193 55.7973 67.46136 153.7573 489.3149 711.1151 3143.317 3741.556 0 0 0 0
0 0 0 0 0 0 0 0 0 0 0 0 0 0 0 0 0 0 0 248.0767 314.2023 202.8459 205.5152 210.1878 282.1988 211.7192 270.9504 450.3322 349.0135 327.0141 200.7213 276.1655 260.9866 236.9341 359.3465 301.4222 245.7979 385.5298 359.8035 434.7271 185.229 101.5795 40.89384 26.1981 21.15382 4.497123 2.713014 26.85413 111.2855 138.0818 164.8432 164.4139 164.4139 107.182 0.911194 0.911194 3.454412 7.756482 16.52388 52.79448 76.70946 106.7234 120.8926 156.2469 672.9207 5261.526 1546.757 0 0 0
0 0 0 0 0 0 0 0 0 0 0 0 0 0 0 0 0 0 0 352.6333 242.1066 205.6324 198.3722 283.2643 251.8705 227.1687 329.5645 373.608 356.7965 435.3573 295.863 330.5288 346.7352 291.1568 363.1607 485.1954 403.2402 258.7843 462.63 254.4238 115.9696 22.59956 38.2118 80.94225 35.61687 18.43298 157.7786 56.67266 126.877 140.8465 162.4015 276.8578 484.8694 21.99485 0.911194 0.911194 0.993687 8.181814 25.48061 35.82723 43.57075 67.33714 93.2168 200.1709 331.6722 1352.555 738.3021 0 0 0
0 0 0 0 0 0 0 0 0 0 0 0 0 0 0 0 0 0 4157.473 647.1811 314.1466 354.9505 338.6861 369.4784 332.5389 428.5837 394.0467 385.1063 446.4211 460.759 359.7398 254.4211 226.1193 259.5045 292.0796 522.1879 372.1775 314.2986 535.1627 391.2528 99.26896 21.01118 17.02997 103.2873 24.08654 28.91757 240.5368 208.7097 137.7054 178.7853 165.9044 180.8648 422.7472 2.734286 1.193527 0.9111939 23.626 11.1797 31.49842 18.57754 19.81015 29.44283 22.5875 88.18256 341.396 385.8574 646.2332 0 0 0
0 0 0 0 0 0 0 0 0 0 0 0 0 0 0 0 0 0 2288.135 998.4022 534.369 381.2533 383.9274 454.0471 379.3706 311.338 320.2635 238.849 425.5632 416.5076 569.2758 526.0739 467.9557 379.7584 564.3269 561.7511 401.8504 455.4592 758.284 300.3102 290.132 29.50177 23.16166 40.01291 21.48695 105.0165 182.0983 226.6854 170.1973 139.3103 205.1381 122.8895 57.20764 9.778024 6.228454 13.52053 127.3638 50.88879 43.18579 6.542703 17.37285 18.75989 20.00188 53.42483 115.1804 199.9534 970.9075 1286.858 0 0
0 0 0 0 0 0 0 0 0 0 0 0 0 0 0 0 0 0 350.2304 541.7195 479.9705 485.0056 521.2169 372.942 389.8195 343.5221 356.2892 442.5457 560.5871 356.6969 539.1634 778.5672 960.6035 621.1001 717.7416 572.9382 357.3961 364.0819 519.2484 690.1071 595.9957 96.60912 20.57957 41.41356 31.17806 133.0098 267.3192 201.7226 270.9293 118.8749 32.88505 11.15651 11.07654 9.778024 25.12482 84.61689 148.5884 92.56216 47.48656 33.09432 73.90611 20.84795 45.61707 107.1238 143.1988 199.0349 1210.547 1433.515 0 0
0 0 0 0 0 0 0 0 0 0 0 0 0 0 0 0 0 0 0 1056.744 661.3652 406.8575 411.2859 440.2615 709.6451 625.5276 430.0703 439.2254 786.0519 347.0867 390.346 716.2576 1931.905 1423.939 665.7792 463.3549 552.1938 331.6684 1468.24 1228.127 488.4634 100.9563 5.288792 33.65468 21.02646 63.50178 332.2815 253.7109 300.3875 179.9614 11.15651 11.15651 13.83339 12.03574 95.4242 102.5907 80.07915 41.07363 26.8499 19.25924 8.112133 8.112132 79.43784 231.451 100.8948 270.0519 942.168 2342.141 0 0
0 0 0 0 0 0 0 0 0 0 0 0 0 0 0 0 0 0 0 1236.288 711.3118 439.8864 490.1277 403.037 536.2818 446.6001 416.381 431.8412 594.1446 621.4135 386.6465 537.9164 705.0306 461.5232 914.0035 685.3694 324.003 851.2604 1466.225 1416.316 367.0476 206.1482 90.25772 13.80072 12.15674 21.78538 362.9626 276.1221 191.8944 146.9493 11.15651 21.9877 43.54236 42.07286 96.30711 52.20005 21.56874 23.64258 11.35295 7.876157 8.112132 8.509982 149.5653 176.8426 129.902 262.3045 365.295 3327.349 3671.154 0
0 0 0 0 0 0 0 0 0 0 0 0 0 0 0 0 0 0 0 1460.293 939.1719 554.7774 375.5667 333.1793 278.0908 424.5985 353.9417 363.2043 516.7755 468.6547 381.14 682.9793 505.8857 508.844 365.9625 696.0254 539.2742 1011.923 1705.709 980.1057 399.6573 360.3686 187.8429 57.65569 22.38816 86.77789 292.3513 291.964 133.1414 167.2857 30.20971 35.30511 72.75418 230.8705 88.68784 34.96305 19.40963 8.240297 6.077904 7.715524 9.696754 31.58308 261.981 350.0317 239.6167 346.338 200.4371 1793.023 7604.02 0
0 0 0 0 0 0 0 0 0 0 0 0 0 0 0 0 0 0 0 2508.704 1465.192 802.2017 554.946 433.4421 633.1716 709.6023 475.4726 608.1118 435.3894 493.3081 391.6071 886.77 531.4299 695.9308 304.0435 549.9673 743.1893 1252.124 2788.254 1804.159 1160.932 560.8643 437.861 138.8202 89.21319 135.0262 376.4761 553.4202 435.4379 308.9268 143.0629 40.30283 44.65975 93.0987 53.08776 20.96292 13.19115 6.254434 6.807921 8.022604 14.61659 26.65543 246.6344 447.482 109.2397 193.4303 642.5285 2386.145 2386.111 0
0 0 0 0 0 0 0 0 0 0 0 0 0 0 0 0 0 0 0 3374.838 1405.479 1002.528 645.1895 596.0047 517.3813 398.7305 623.528 473.864 630.0239 677.4136 493.0345 940.7512 444.9807 1048.238 622.7318 552.6274 615.3195 1335.404 2747.901 3846.276 2300.705 1681.707 931.5762 273.3038 231.6135 168.062 82.45107 337.8135 451.1621 387.0284 173.7331 54.35262 38.16551 64.79769 23.165 15.33661 19.73485 11.0883 8.586542 15.11074 49.37995 56.84676 131.4245 229.9363 856.8801 109.2479 42.10368 22.58789 277.3237 0
0 0 0 0 0 0 0 0 0 0 0 0 0 0 0 0 0 0 0 0 2339.67 1193.768 770.7125 678.6882 500.273 504.7057 715.9465 840.1799 623.1059 744.1907 504.7997 750.3071 1226.176 706.0528 1251.073 929.3636 1798.311 2247.379 2483.167 2369.959 1761.984 1482.779 452.2261 337.9946 194.9944 125.4366 54.22934 196.3541 274.3655 191.5281 166.4386 73.02025 52.46693 45.44466 21.73211 15.52905 24.9037 11.22726 12.03245 6.986722 104.4843 234.2968 197.5535 187.7236 362.6283 110.7973 184.0699 179.3174 1657.523 0
0 0 0 0 0 0 0 0 0 0 0 0 0 0 0 0 0 0 0 7535.713 4584.52 1452.558 934.3997 952.3012 912.4962 676.2523 1122.607 882.8275 836.4192 704.9417 687.1455 918.6358 1009.775 726.5143 1515.933 1160.483 763.1239 1857.368 1660.022 504.5775 835.5403 638.2698 367.4238 148.7792 75.26734 25.42378 21.36796 172.7316 206.3093 114.0155 145.4664 92.29129 60.23174 60.16351 38.95605 14.86887 7.659952 8.22287 12.73268 14.12623 79.19613 280.4928 240.255 295.6874 288.7792 463.7148 58.96394 413.3424 3858.947 0
0 0 0 0 0 0 0 0 0 0 0 0 0 0 0 0 0 0 0 5241.719 3355.865 1964.371 1626.929 1443.281 782.7868 1230.872 1316.405 1105.733 601.0735 703.7997 519.7517 547.8649 676.9033 507.4854 776.3685 993.2141 580.8922 2012.823 1293.267 515.6733 697.1963 672.4445 748.335 205.472 44.73968 14.22179 23.8143 79.64402 222.7704 133.7632 115.8878 121.6345 183.4599 210.2518 108.857 36.16784 12.59146 6.691429 10.4202 87.60053 143.7249 139.7543 126.8227 120.6652 87.06541 46.34615 42.61351 147.5517 859.8715 0
0 0 0 0 0 0 0 0 0 0 0 0 0 0 0 0 0 0 0 1537.311 4160.304 2855.29 2084.901 1412.815 1409.83 1972.207 1773.896 904.2621 354.7958 423.5209 540.0335 463.0773 547.242 444.4504 412.3814 558.1862 709.9498 2036.869 992.6027 481.2414 356.1389 471.8077 768.3927 350.1638 150.4567 38.7517 16.78953 102.0635 210.2924 247.6779 130.4471 163.3824 242.5361 473.1984 166.3729 92.7122 10.69445 6.582702 16.29473 21.32208 60.94851 179.8796 53.16555 50.45575 100.8769 61.82759 22.51897 109.3702 570.0574 0
0 0 0 0 0 0 0 0 0 0 0 0 0 0 0 0 0 0 0 0 1304.559 2852.869 1632.33 1736.163 1915.589 1794.359 1561.863 742.2468 429.7221 424.4093 670.5712 555.0209 465.4598 247.0654 131.2327 311.3603 560.3792 712.3155 488.8518 751.4528 299.5046 217.4172 471.6627 497.7866 459.2157 351.7078 164.4133 107.3896 150.541 185.2486 114.8286 158.9846 140.0251 382.334 269.0661 79.60956 26.88969 22.45802 21.9762 22.63261 29.39128 63.40506 26.57643 76.70702 55.27135 24.54636 12.47489 211.1871 749.4854 0
0 0 0 0 0 0 0 0 0 0 0 0 0 0 0 0 0 0 0 0 1292.491 3642.859 3124.128 2560.31 2187.583 1017.459 1026.585 746.0246 342.9048 453.0691 905.0974 465.1063 291.9942 201.9504 139.0682 258.6958 1222.443 750.8264 349.0691 496.7051 549.4425 228.488 319.0283 491.7135 413.4826 456.7668 183.0995 178.3498 174.9147 204.2752 147.0541 221.9595 233.3879 173.8854 278.5665 62.77324 49.17854 50.64368 37.83552 63.10642 46.59607 50.154 32.41256 33.72249 18.35449 9.369781 11.89353 17.09516 229.9357 0
