Scenarios/Heterogeneous/data/country_data_population_distribution/processed/density_grids/ltu.asc
ncols 164
nrows 83
xllcorner 20
yllcorner 53
cellsize 0.041666666666667
NODATA_value -9999
[rows 0 to 37 of 83, columns 0 to 85 of 164]
0 0 0 0 0 0 0 0 0 0 0 0 0 0 0 0 0 0 0 0 0 0 0 0 0 0 0 0 0 0 0 0 0 0 0 0 0 0 0 0 0 0 0 0 0 0 0 0 0 0 0 0 0 0 0 0 0 0 0 0 0 0 0 0 0 0 0 0 0 0 0 0 0 0 0 0 0 0 0 0 0 0 0 0 0 0
0 0 0 0 0 0 0 0 0 0 0 0 0 0 0 0 0 0 0 0 0 0 0 0 0 0 0 0 0 0 0 0 0 0 0 0 0 0 0 0 0 0 0 0 0 0 0 0 40.00348 39.96903 40.17521 40.17521 40.17521 36.57938 34.99639 36.5289 31.35147 35.06761 35.36763 33.08308 0 0 0 0 0 0 0 0 0 0 22.17817 22.64439 0 0 0 0 0 0 0 0 0 0 0 0 0 0
0 0 0 0 0 0 0 0 0 0 0 0 0 0 0 0 0 0 0 0 0 0 0 0 0 0 0 0 0 0 0 0 0 0 0 0 0 0 0 0 0 0 0 0 16.25673 15.67481 17.43766 29.60968 40.17521 40.17521 40.17521 40.17521 40.17521 40.17521 40.17521 40.17521 40.17521 40.17521 40.17521 40.17521 40.17521 40.17521 38.22512 24.42903 21.81163 22.77742 22.80377 22.77513 22.89496 23.24113 23.32146 23.32146 21.67197 0 0 0 19.44224 19.20057 19.0946 19.09004 19.09004 19.24011 20.65437 0 0 0
0 0 0 0 0 0 0 0 0 0 0 0 0 0 0 0 0 0 0 0 0 0 0 0 0 0 0 0 0 0 0 0 0 0 0 0 0 0 16.66003 16.57442 16.1235 16.64999 17.79272 17.92347 17.92347 17.92347 20.08332 35.6452 40.17521 40.17521 40.17521 40.17521 40.17521 40.17521 40.17521 40.17521 40.17521 40.17521 40.17521 40.17521 40.17521 40.17521 39.14119 25.64939 23.32146 23.32146 23.32146 23.32146 23.32146 23.32146 23.32146 23.32146 23.14859 22.39907 0 19.28782 19.09012 19.09004 19.09004 19.09004 19.09004 19.09004 19.09004 19.09004 19.12287 19.11819
0 0 0 0 0 0 0 0 0 0 0 0 0 0 0 0 0 0 0 0 0 0 0 0 0 0 0 0 0 0 0 0 0 0 0 14.07222 17.8235 17.92347 17.92347 17.92347 17.92347 17.92347 17.92347 17.92347 17.92347 17.92347 17.92347 27.02978 40.17521 40.17521 40.17521 40.17521 40.17521 40.17521 40.17521 40.17521 40.17521 40.17521 40.17521 40.17521 40.17521 40.17521 40.17521 27.22423 23.32146 23.32146 23.32146 23.32146 23.32146 23.32146 23.32146 23.32146 23.32146 23.32146 20.53831 19.09004 19.09004 19.09004 19.09004 19.09004 19.09004 19.09004 19.09004 19.09004 19.09004 19.09004
0 0 0 0 0 0 0 0 0 0 0 0 0 0 0 0 0 0 0 0 0 0 0 0 0 0 0 0 0 0 0 0 0 12.81634 16.30905 17.92347 17.92347 17.92347 17.92347 17.92347 17.92347 17.92347 17.92347 17.92347 17.92347 17.92347 17.92347 18.13683 31.73752 40.17521 40.17521 40.17521 40.17521 40.17521 40.17521 40.17521 40.17521 40.17521 40.17521 40.17521 40.17521 40.17521 40.17521 32.8325 24.08776 23.32146 23.32146 23.32146 23.32146 23.32146 23.32146 23.32146 23.32146 23.32146 22.0321 19.98611 19.93663 19.09004 19.09004 19.09004 19.09004 19.09004 19.09004 19.09004 19.09004 19.09004
0 0 0 0 0 0 0 0 0 0 0 0 0 0 0 0 0 0 0 0 0 0 0 0 0 0 0 0 0 0 0 14.73802 17.92347 17.92347 17.92347 17.92347 17.92347 17.92347 17.92347 17.92347 17.92347 17.92347 17.92347 17.92347 17.92347 17.92347 17.92347 29.13791 33.86104 40.17521 40.17521 40.17521 40.17521 40.17521 40.17521 40.17521 40.17521 40.17521 40.17521 40.17521 40.17521 40.17521 40.17521 36.36866 24.23122 23.32146 23.32146 23.32146 23.32146 23.32146 23.32146 30.23978 37.43908 40.18194 42.52348 48.32439 46.20295 26.07596 28.91285 27.23264 19.09005 19.09004 19.09005 19.09004 19.09004 19.09004
0 0 0 0 0 0 0 0 0 0 0 0 0 0 0 0 0 0 0 0 0 0 0 0 0 0 0 0 0 0 17.75002 19.00746 26.06343 22.08422 20.71142 18.16907 17.92347 17.92347 17.92347 17.92347 17.92347 17.92347 17.92347 17.92347 17.92347 17.92347 21.02533 37.24754 38.0638 40.0271 40.17521 40.08086 40.17521 40.17521 32.18369 30.07856 31.82137 33.02968 37.67235 40.17521 40.17521 38.61448 31.49925 27.2259 23.32146 23.32146 23.32146 23.32146 23.32146 23.32146 25.87541 44.63303 50.25993 50.25993 50.25992 50.25993 50.25993 50.25993 50.05882 33.47635 31.19053 19.30501 19.09004 19.09004 19.09004 19.09004
0 0 0 0 0 0 0 0 0 0 0 0 0 0 0 0 0 0 0 0 0 0 0 0 0 0 0 0 0 21.95146 38.50636 37.22459 38.50636 38.50636 38.50636 32.31785 26.17715 26.21418 27.05199 19.20437 17.92347 18.28574 25.05577 24.55282 32.80986 31.53615 32.48386 35.63416 35.63416 36.63087 35.54673 30.20446 33.979 33.94466 27.62123 27.42668 27.42668 27.42668 31.30777 37.7589 36.11404 36.29642 31.4137 24.86624 25.56523 24.46082 23.32146 23.32146 37.67324 40.57957 48.56153 50.25992 50.25992 50.25992 50.25992 50.25992 50.25992 50.25992 50.25992 50.25992 50.25992 45.0408 34.334 21.38674 19.42278 19.09004
0 0 0 0 0 0 0 0 0 0 0 0 0 0 0 0 0 0 0 0 0 0 0 0 0 0 121.2342 50.48139 34.12006 38.22748 38.50636 38.50636 38.50636 38.50636 38.50636 38.50636 38.50636 38.50636 38.50636 36.13417 29.71729 30.68023 35.63416 35.63416 35.63416 35.63416 35.63416 35.63416 35.63416 35.59723 28.1808 27.42667 27.42667 27.42667 27.42667 27.42667 27.42667 27.42667 27.42667 27.42667 27.42667 27.42667 27.42667 27.88511 30.77747 35.14639 44.76936 47.61182 47.97321 50.25992 50.25992 50.25992 50.25992 50.25992 50.25992 50.25992 50.25992 50.25992 50.25992 50.25992 50.25992 50.25992 50.25992 50.25992 44.08622 22.33472
0 0 0 0 0 0 0 0 0 0 0 0 0 0 0 0 0 0 0 0 0 0 0 0 0 157.6524 156.9159 73.92136 38.50636 38.50636 38.50636 38.50636 38.50636 38.50636 38.50636 38.50636 38.50636 38.50636 38.50636 38.0895 36.0219 35.63416 35.63416 35.63416 35.63416 35.63416 35.63416 35.63416 35.63416 35.59965 31.3396 27.42668 27.42667 27.42668 27.42667 27.42667 27.42667 27.42667 27.42667 27.42667 27.42667 27.42667 27.42667 42.48942 50.25992 50.25992 50.25992 50.25992 50.25992 50.25992 50.25993 50.25992 50.25992 50.25992 50.25993 50.25992 50.25993 50.25992 50.25992 50.25992 50.25992 50.25992 50.25992 50.25992 48.89552 34.47717
0 0 0 0 0 0 0 0 0 0 0 0 0 0 0 0 0 0 0 0 0 0 0 0 0 157.6525 157.6525 80.61949 38.50636 38.50636 38.50636 38.50636 38.50636 38.50636 38.50636 38.50636 38.50636 38.50636 36.65865 35.8075 35.63416 35.63416 35.63416 35.63416 35.63416 35.63416 35.63416 35.63416 35.63416 35.53181 29.57414 27.42667 27.42667 27.42667 27.42667 27.42668 27.42667 27.42668 27.42667 27.42667 27.42667 27.42667 35.80656 49.48438 49.99298 50.25992 50.25992 50.25992 50.25993 50.25992 50.25993 50.25992 50.25992 50.25992 50.25992 50.25992 50.25992 50.25992 50.25992 50.25993 50.25992 50.25992 50.25992 50.25992 50.04337 29.07371
0 0 0 0 0 0 0 0 0 0 0 0 0 0 0 0 0 0 0 0 0 0 0 0 0 157.6524 155.7431 50.40178 38.50636 38.50636 38.50636 38.50636 38.50636 38.50636 38.50636 38.50636 38.50636 38.50636 36.53553 35.63416 35.63416 35.63415 35.63416 35.63416 35.63416 35.63416 35.63416 35.63415 35.63416 35.63415 33.43296 28.24898 27.42667 27.42667 27.42668 27.42667 27.42667 27.42668 27.42667 27.42667 27.42667 27.42667 29.47306 33.73984 38.3858 50.25993 50.25992 50.25992 50.25992 50.25992 50.25992 50.25992 50.25992 50.25992 50.25992 50.25992 50.25992 50.25992 50.25992 328.5514 411.3508 50.25992 50.25993 50.25992 50.25992 40.2549
0 0 0 0 0 0 0 0 0 0 0 0 0 0 0 0 0 0 0 0 0 0 0 0 0 157.6525 90.93666 38.50886 38.50636 38.50636 38.50636 38.50636 38.50636 38.50636 38.50636 38.50636 38.50636 38.42113 36.82939 35.63416 35.63416 35.63416 35.63416 35.63416 35.63416 35.63416 35.63416 35.63416 35.63416 35.63416 35.63416 32.28235 27.56744 27.42667 27.42667 27.42667 27.42667 27.42667 27.42667 27.42667 27.42667 27.42667 27.42667 27.42667 27.05575 31.37986 41.2291 49.29891 50.25992 50.25993 50.25992 50.25993 50.25993 50.25993 50.25992 50.25993 50.25992 50.51723 317.7906 536.5355 551.421 290.6236 77.26897 44.13369 32.44417 24.56433
0 0 0 0 0 0 0 0 0 0 0 0 0 0 0 0 0 0 0 0 0 0 0 0 0 106.0628 53.80042 45.03225 43.22085 40.65887 38.50636 38.50636 38.50636 38.50636 38.50636 38.50636 38.50636 37.30499 36.00454 35.63416 35.63416 35.63416 35.63416 35.63416 35.63416 35.63416 35.63416 35.63416 34.36732 35.63416 35.63416 33.0709 28.08139 27.42667 27.42667 27.42667 27.42667 27.42667 27.42667 27.42668 27.42667 27.39622 21.5593 20.5133 17.38896 15.96814 15.96814 19.5389 28.60688 31.07723 25.85435 49.90474 50.25992 50.25992 50.25992 50.25992 50.25992 50.25992 66.31918 513.3639 377.3679 289.0793 132.8084 22.14123 22.14123 22.14123
0 0 0 0 0 0 0 0 0 0 0 0 0 0 0 0 0 0 0 0 0 0 0 0 0 46.63864 46.63864 46.63864 46.63864 45.68822 44.11813 44.05807 41.69766 40.58263 41.96069 38.55247 38.64249 37.18806 37.39933 35.63416 35.63416 35.63416 35.63416 35.63416 35.63416 35.63416 29.36115 23.45834 13.50161 19.80573 23.86073 15.71141 25.98999 27.42667 27.42667 27.42667 27.42667 27.42667 27.42667 27.42667 27.38088 24.55323 16.66734 15.96814 15.96814 15.96814 15.96814 15.96814 15.96814 15.96814 16.47294 21.29804 30.02569 46.66167 50.25992 50.25992 50.25992 50.25992 50.25992 87.37145 41.81677 25.25829 22.14123 22.14123 22.14123 22.14123
0 0 0 0 0 0 0 0 0 0 0 0 0 0 0 0 0 0 0 0 0 0 0 0 0 92.83517 510.313 810.0731 271.9515 46.63864 46.63864 46.63864 46.63864 46.63865 46.63864 45.91774 46.55275 46.63864 45.89635 37.92327 37.66052 35.74843 33.77487 31.26911 21.03401 21.3411 13.33494 13.01145 13.01145 13.01145 13.01145 13.01145 13.55277 20.22019 27.42667 27.42667 27.42667 27.42667 27.42667 27.42667 19.44039 15.96814 15.96814 15.96814 15.96814 15.96814 15.96814 15.96814 15.96814 15.96814 15.96814 15.96814 15.96814 28.01643 43.96593 48.20608 49.02544 50.25993 43.13831 26.9758 22.14123 22.14123 22.14123 22.14123 22.14123 22.14123
0 0 0 0 0 0 0 0 0 0 0 0 0 0 0 0 0 0 0 0 0 0 0 0 0 1203.964 1097 1203.964 1115.225 254.028 46.63864 46.63864 46.63864 46.63864 46.63864 46.63864 46.63864 46.63864 46.63864 46.63864 46.63864 46.02401 20.64457 13.70865 13.01145 13.01145 13.01145 13.01145 13.01145 13.01145 13.01145 13.01145 13.01145 14.45823 26.25799 27.42667 27.42667 27.42667 27.42667 27.42667 22.62158 15.96814 15.96814 15.96814 15.96814 15.96814 15.96814 15.96814 15.96814 15.96814 15.96814 15.96814 15.96814 15.96814 15.96814 16.28022 17.66674 30.00132 22.45979 22.14123 22.14123 22.14123 22.14123 22.14123 22.14123 22.14123
0 0 0 0 0 0 0 0 0 0 0 0 0 0 0 0 0 0 0 0 0 0 0 0 0 0 55.1896 1057.515 1203.964 1082.043 74.20934 46.63864 46.63864 46.63864 46.63864 46.63864 46.63864 46.63864 46.63864 46.63864 46.63864 46.63864 35.71049 13.69524 13.01145 13.01145 13.01145 13.01145 13.01145 13.01145 13.01145 13.21667 13.5382 15.17329 25.8394 27.17508 27.29883 27.39667 27.4217 23.78955 19.59554 15.96814 15.96814 15.96814 15.96814 15.96814 15.96814 15.96814 15.96814 15.96814 15.96814 15.96814 15.96814 15.96814 15.96814 15.96814 15.96814 17.32249 18.90146 21.41142 22.14123 22.14123 22.14123 22.14123 22.14123 22.14123
0 0 0 0 0 0 0 0 0 0 0 0 0 0 0 0 0 0 0 0 0 0 0 0 0 0 28.13206 855.0859 1202.264 1184.171 439.2737 46.63864 46.63864 46.63864 46.63864 46.63864 46.63864 46.63864 46.63864 46.63864 46.63864 46.63864 44.05061 15.57343 13.01145 13.01145 13.01145 13.01145 13.01145 14.89801 17.87037 18.99551 19.97538 19.97537 20.02785 20.1834 20.6929 20.49714 20.59711 18.02636 16.01538 15.96814 15.96814 15.96814 15.96814 15.96814 15.96814 15.96814 15.96814 15.96814 15.96814 15.96814 15.96814 15.96814 15.96814 15.96814 15.96814 15.96814 15.96814 17.95986 22.14123 22.14123 22.14123 22.14123 22.14123 22.14123
0 0 0 0 0 0 0 0 0 0 0 0 0 0 0 0 0 0 0 0 0 0 0 0 0 0 28.13206 49.38794 50.94048 46.63864 46.63864 46.63864 46.63864 46.63864 46.63864 46.63864 46.63864 46.63864 46.63864 46.63864 46.63864 46.63864 46.63864 41.63924 31.13009 16.29381 15.91689 16.8707 16.67591 19.73265 19.97538 19.97538 19.97538 19.97537 19.97537 19.97537 19.97538 19.97537 19.97538 19.97538 17.2187 15.96814 15.96814 15.96814 15.96814 15.96814 15.96814 15.96814 15.96814 15.96814 15.96814 15.96814 15.96814 15.96814 15.96814 15.96814 15.96814 15.96814 15.96814 17.81162 22.14123 22.14123 22.14123 22.14123 22.14123 22.14123
0 0 0 0 0 0 0 0 0 0 0 0 0 0 0 0 0 0 0 0 0 0 0 0 0 0 28.13206 28.13206 46.63864 46.63864 46.63864 46.63864 46.63864 46.25462 45.4656 46.17198 46.63864 46.36555 38.4973 42.30532 45.68668 46.63864 45.87923 41.46503 29.84194 19.97537 19.97537 19.97537 19.97538 19.97537 19.97538 19.97537 19.97537 19.97538 19.97537 19.97538 19.97538 19.97537 19.97538 19.97538 19.31495 17.91402 15.96814 15.96814 15.96814 15.96814 15.96814 15.96814 15.96814 15.96814 15.96814 15.96814 15.96814 16.16198 17.59031 18.28292 18.59457 18.88344 15.99477 17.03901 21.1391 22.14123 22.14123 22.14123 22.14123 22.14123
0 0 0 0 0 0 0 0 0 0 0 0 0 0 0 0 0 0 0 0 0 0 0 0 0 0 28.13205 0 46.63864 46.63864 46.63864 46.63864 43.52259 35.04948 32.90838 34.87656 39.67427 35.18611 32.90838 32.90838 37.30782 41.82097 37.00303 31.07391 20.18047 19.97537 19.97538 19.97537 19.97537 19.97537 19.97537 19.97537 19.97538 19.97537 19.97537 19.97537 19.97537 19.97537 19.97537 19.97537 19.97538 19.75022 17.84173 16.38046 15.96814 16.02446 16.76714 16.86712 16.14546 15.96814 15.96814 15.96814 16.11467 18.79675 21.23947 21.23947 21.23947 21.2056 20.49571 21.13147 21.28004 21.70932 22.05846 21.79363 21.56858 21.91343
0 0 0 0 0 0 0 0 0 0 0 0 0 0 0 0 0 0 0 0 0 0 0 0 0 28.13205 28.13206 0 0 46.63864 44.55459 41.22543 35.39943 32.90838 32.90838 32.90838 32.90838 32.90838 32.90838 32.90838 32.90838 32.90838 32.90838 32.90838 28.52436 19.97538 19.97538 19.97537 19.97537 19.97537 19.97537 19.97538 19.97538 19.97537 19.97537 19.97537 19.97537 19.97537 19.97537 19.97538 19.97537 19.97537 20.84581 24.8692 19.23967 20.3587 21.23947 21.08507 17.57401 17.51168 19.45753 20.26599 20.73727 21.23947 21.23947 21.23947 21.23947 21.23947 21.23947 21.23947 21.23947 21.23947 21.2775 21.27345 21.23947 21.5474
0 0 0 0 0 0 0 0 0 0 0 0 0 0 0 0 0 0 0 0 0 0 0 0 0 28.13206 28.13206 0 0 32.90838 32.90838 32.90838 32.90838 32.90838 32.90838 32.90838 32.90838 32.90838 32.90838 32.90838 32.90838 32.90838 32.90838 32.90838 31.30306 24.24638 24.3936 23.23744 20.12591 19.97538 19.97538 19.97538 19.97537 19.97538 22.10637 30.27633 28.72412 24.36147 25.14936 26.50093 27.27956 30.0825 30.15883 31.59772 27.67024 22.57254 21.23947 21.23947 21.23947 21.23947 21.23947 21.23947 21.23947 21.23947 21.23947 21.23947 21.23947 21.23947 21.23947 21.23947 21.23947 21.23947 21.23947 21.23947 21.23947 24.69711
0 0 0 0 0 0 0 0 0 0 0 0 0 0 0 0 0 0 0 0 0 0 0 0 28.13205 28.13206 28.13205 0 0 32.90838 32.90838 32.90838 32.90838 32.90838 32.90838 32.90838 32.90838 32.90838 32.90838 32.90838 32.90838 32.90838 32.90838 32.90838 32.90838 32.90838 32.90838 32.90838 30.62326 24.54636 20.16606 20.78473 21.62595 25.28233 23.52873 28.70328 31.59772 31.59772 31.59772 31.59772 31.59772 31.59772 31.59772 31.59772 30.33714 23.24039 19.37493 20.35507 21.23947 21.23947 21.23947 21.23947 21.23947 21.23947 21.23947 21.23947 21.23947 21.23947 21.23947 21.23947 21.23947 21.23947 21.23947 21.23947 21.23947 23.05465
0 0 0 0 0 0 0 0 0 0 0 0 0 0 0 0 0 0 0 0 0 0 0 28.13205 28.13205 28.13206 0 0 32.90838 32.90838 32.90837 32.90837 32.90838 32.90838 32.90838 32.90838 32.90838 32.90838 32.90838 32.90838 32.90838 32.90838 32.90838 32.90838 32.90838 32.90838 32.83777 32.26568 31.72892 31.59772 29.81083 30.43307 31.59772 31.59772 31.59772 31.59772 31.59772 31.59772 31.59772 31.59772 31.59772 31.59772 31.59772 25.15993 16.59588 16.46612 16.46612 19.16176 21.23947 21.23947 21.23947 21.23947 21.23947 21.23947 21.23947 21.23947 21.23947 21.23947 21.23947 21.23947 21.23947 21.23947 21.23947 21.23947 21.23947 21.23947
0 0 0 0 0 0 0 0 0 0 0 0 0 0 0 0 0 0 0 0 0 0 0 28.13206 28.13205 28.13206 0 0 0 32.90838 32.90838 32.90838 32.90838 32.90838 32.90838 32.90838 32.90838 32.90838 32.90838 32.90838 32.90838 32.90838 32.90838 32.90838 32.90838 32.77112 32.00755 31.59772 31.59772 31.59772 31.59772 31.59772 31.59772 31.59772 31.59772 31.59772 31.59772 31.59772 31.59772 31.59772 31.22334 22.55612 22.48129 18.00691 16.46612 16.46612 16.46612 16.84007 19.81933 18.75712 17.64425 20.50411 21.23947 21.23947 21.23947 21.23947 21.23947 21.23947 21.23947 21.23947 21.23947 21.23947 21.23947 21.23947 21.23947 21.23947
0 0 0 0 0 0 0 0 0 0 0 0 0 0 0 0 0 0 0 0 0 0 0 0 28.13206 0 0 0 0 0 32.57187 26.80894 0 0 30.47406 32.90838 32.90838 32.90838 32.90838 32.90838 32.90838 32.90838 32.90838 32.90838 29.11434 21.91384 24.99689 28.69954 31.29539 31.59772 31.59772 31.59772 31.59772 31.59772 31.59772 31.59772 31.59772 31.59772 31.59772 31.59772 31.59772 24.2214 16.46612 16.46612 16.46612 16.46612 16.46612 16.46612 16.53754 16.46612 16.49828 18.09021 20.40405 20.06311 19.56248 18.85793 20.56048 21.23947 21.23947 21.23947 21.23947 21.23947 21.23947 21.23947 21.23947 21.56182
0 0 0 0 0 0 0 0 0 0 0 0 0 0 0 0 0 0 0 0 0 0 0 0 0 0 0 0 0 0 0 0 0 0 0 31.8964 32.90838 32.90838 32.90838 32.90838 32.90838 30.89715 27.94556 30.63744 32.21752 16.24419 15.24185 15.24185 18.88718 31.35292 31.59772 31.59772 31.59772 31.59772 31.59772 31.59772 31.59772 31.59772 31.59772 31.59772 31.59772 24.95115 16.46612 16.46612 16.46612 16.46612 16.46612 16.46612 16.46612 16.46612 16.46612 16.46612 16.46612 16.46612 16.46612 16.46612 17.53526 17.96055 17.94209 17.1473 18.58922 20.19186 20.61634 21.23116 21.23947 21.92881
0 0 0 0 0 0 0 0 0 0 0 0 0 0 0 0 0 0 0 0 0 0 0 0 0 0 0 0 0 0 0 0 0 0 0 0 0 0 0 26.64416 22.03643 15.47718 15.24185 15.24679 18.30373 15.6706 15.24185 15.24185 15.24185 27.77151 31.0028 27.93456 31.56685 31.59772 31.59772 31.59772 31.59772 31.59772 31.59772 31.59772 31.59772 28.29795 16.46612 16.46612 16.46612 16.46612 16.46612 16.46612 16.46612 16.46612 16.46612 16.46612 16.46612 16.46612 16.46612 16.46612 16.46612 16.46612 16.46612 16.46612 16.46612 16.46612 16.46612 32.94199 52.84771 30.04148
0 0 0 0 0 0 0 0 0 0 0 0 0 0 0 0 0 0 0 0 0 0 0 0 0 0 0 0 0 0 0 0 0 0 0 0 0 0 0 0 0 15.26395 15.24214 15.24185 15.24185 15.24185 15.24185 15.24184 15.24185 17.88495 15.85341 15.24185 17.48214 17.64171 21.03693 21.87276 24.33567 25.85072 26.91689 25.18416 24.19641 22.55153 16.46612 16.46612 16.46612 16.46612 16.46612 16.46612 16.46612 16.46612 16.46612 16.46612 16.46612 16.46612 16.46612 16.46612 16.46612 16.46612 16.46612 16.46612 16.46612 16.46612 16.46612 42.47835 61.55703 59.59147
0 0 0 0 0 0 0 0 0 0 0 0 0 0 0 0 0 0 0 0 0 0 0 0 0 0 0 0 0 0 0 0 0 0 0 0 0 0 0 0 0 0 0 0 357.8308 94.6889 15.24185 15.3329 15.68154 15.24185 15.24185 15.24185 15.24185 15.34174 16.44101 16.46612 16.46612 16.46612 16.46612 16.46612 16.46612 16.46612 16.46612 16.46612 16.46612 16.46612 16.46612 16.58104 16.68547 16.55016 16.96257 17.4187 18.13604 18.26048 17.58152 17.22916 16.92517 16.53691 16.46612 16.46612 16.46612 18.81345 41.40656 60.94868 61.55703 61.55703
0 0 0 0 0 0 0 0 0 0 0 0 0 0 0 0 0 0 0 0 0 0 0 0 0 0 0 0 0 0 0 0 0 0 0 0 0 0 0 0 0 0 0 0 0 0 0 0 0 15.45603 15.24185 17.77729 19.18246 0 0 0 0 14.06563 14.83461 15.21503 13.51489 0 16.26013 17.39349 17.91951 18.7405 19.37403 19.92303 19.9543 19.9543 19.9543 19.9543 19.9543 19.9543 19.9543 19.9543 19.9543 19.83767 19.3785 19.11655 19.27224 21.35207 33.70842 48.76996 55.24945 59.32344
0 0 0 0 0 0 0 0 0 0 0 0 0 0 0 0 0 0 0 0 0 0 0 0 0 0 0 0 0 0 0 0 0 0 0 0 0 0 0 0 0 0 0 0 0 0 0 0 0 0 0 0 0 0 0 0 0 0 0 0 0 0 0 19.36689 19.9543 19.9543 19.9543 19.9543 19.9543 19.9543 19.9543 19.9543 19.9543 19.9543 19.9543 19.9543 19.9543 19.9543 19.9543 19.9543 19.9543 19.9543 19.9543 19.9543 27.23637 43.19973
0 0 0 0 0 0 0 0 0 0 0 0 0 0 0 0 0 0 0 0 0 0 0 0 0 0 0 0 0 0 0 0 0 0 0 0 0 0 0 0 0 0 0 0 0 0 0 0 0 0 0 0 0 0 0 0 0 0 0 0 0 0 0 0 0 18.12813 19.9543 19.9543 19.9543 19.9543 19.9543 19.9543 19.9543 19.9543 19.9543 19.9543 19.9543 19.9543 19.9543 19.9543 19.9543 31.09277 50.57405 50.70253 59.63497 61.55703
0 0 0 0 0 0 0 0 0 0 0 0 0 0 0 0 0 0 0 0 0 0 0 0 0 0 0 0 0 0 0 0 0 0 0 0 0 0 0 0 0 0 0 0 0 0 0 0 0 0 0 0 0 0 0 0 0 0 0 0 0 0 0 0 0 0 16.24765 19.9543 19.9543 19.9543 19.9543 19.9543 19.9543 19.9543 19.9543 19.9543 19.9543 19.9543 19.9543 19.9543 19.9543 22.79936 33.45507 55.17279 61.55703 61.55703
0 0 0 0 0 0 0 0 0 0 0 0 0 0 0 0 0 0 0 0 0 0 0 0 0 0 0 0 0 0 0 0 0 0 0 0 0 0 0 0 0 0 0 0 0 0 0 0 0 0 0 0 0 0 0 0 0 0 0 0 0 0 0 0 0 0 0 0 15.71675 19.9543 19.9543 19.9543 19.9543 19.9543 19.9543 19.9543 19.9543 19.9543 19.9543 20.0116 21.16782 22.66293 22.67075 33.41236 37.11046 42.68664
