Scenarios/Heterogeneous/data/country_data_population_distribution/processed/density_grids/mar.asc
ncols 312
nrows 215
xllcorner -13
yllcorner 27
cellsize 0.041666666666667
NODATA_value -9999
[rows 108 to 143 of 215, columns 81 to 161 of 312]
0 0 0 0 0 0 0 0 0 0 0 0 0 0 0 0 0 0 0 636.4367 636.4367 398.5521 63.20406 62.13691 61.11204 55.48108 57.6015 58.52499 58.8628 56.09374 49.04691 49.04678 49.31388 49.09277 54.85506 41.35646 21.89029 21.89029 21.89029 21.883 20.74635 19.99999 19.47588 52.10022 140.38 52.44744 28.25988 28.26053 28.9534 29.17469 29.17469 29.24642 31.01367 31.16195 31.16195 31.16195 65.04654 91.61005 89.44638 76.05461 82.94361 82.94361 99.85216 127.5386 130.0404 171.8053 232.532 300.0176 256.7943 224.6926 164.075 146.3931 144.1544 98.79832 71.3587 69.75668 57.67774 56.06691 56.06691 56.06691 56.06691
0 0 0 0 0 0 0 0 0 0 0 0 0 0 0 0 0 0 636.4367 636.3662 421.571 155.523 56.39949 59.54156 56.49649 50.90902 51.5619 43.90025 52.226 51.08386 50.22001 49.69217 61.04966 60.81072 67.30132 39.39086 22.30007 31.55728 36.22752 27.34298 19.72283 19.42966 19.42966 84.39561 147.0324 28.36378 28.25988 28.46925 29.15514 29.17469 29.17469 30.20328 31.16195 32.52116 35.34907 31.16195 51.17919 84.27576 46.69835 47.24522 82.27808 83.01096 86.09264 120.337 298.9363 132.1776 217.0779 278.3762 261.2804 238.9556 179.1469 152.9328 109.1193 70.03685 70.00783 70.00784 59.94697 56.06691 56.06691 56.06691 56.06691
0 0 0 0 0 0 0 0 0 0 0 0 0 0 0 0 0 0 0 188.9273 64.11462 49.59679 43.84756 43.95771 43.67108 43.85009 52.30559 63.37366 64.47478 62.68243 60.70035 63.00233 71.65256 71.48705 71.84727 48.39452 39.81881 40.81676 40.82064 40.3078 30.71058 21.92414 19.42966 22.0451 104.7476 23.27976 26.91548 34.89606 43.61662 34.6134 30.30447 45.43672 35.14335 33.31731 65.47695 55.6424 68.07314 60.80765 44.52235 240.0463 117.2407 86.24521 90.99629 104.3595 612.9461 130.0895 227.2909 290.9636 288.9615 249.6488 190.5648 117.2286 72.28086 70.00783 70.00783 70.00783 65.72117 56.06691 56.06691 56.06691 52.31285
0 0 0 0 0 0 0 0 0 0 0 0 0 0 0 0 0 0 0 70.38492 70.09068 46.32948 39.21529 42.18582 43.22508 44.39268 61.50721 66.83317 61.18348 74.19473 72.53567 71.48418 73.97192 74.16632 74.16632 51.12317 40.81676 43.13645 45.85755 46.16669 46.2285 31.13245 19.64974 19.42966 19.42966 19.42966 21.162 66.26727 115.8634 124.8233 116.8083 88.53784 62.45955 42.85031 71.41597 83.95351 73.40341 50.72207 43.34786 46.58218 55.60378 61.05759 87.28383 132.9639 130.0893 130.0895 180.8465 280.629 192.246 85.05203 85.04526 83.746 75.07341 70.00784 70.00784 70.00783 65.17471 53.11967 50.36655 31.52261 21.04178
0 0 0 0 0 0 0 0 0 0 0 0 0 0 0 0 0 0 0 70.38492 71.36794 67.36142 38.53377 38.53377 55.97598 65.91853 52.74318 53.36502 54.86256 65.85404 68.17166 56.86232 70.09184 74.16631 74.16631 72.00988 69.33502 53.49753 46.22849 46.22849 46.42659 90.2606 81.79947 51.95505 72.76484 78.08682 48.6245 65.3175 84.30629 124.8232 124.8232 117.6381 79.2626 67.45501 69.66058 101.6881 59.85123 117.8754 58.15358 59.49683 61.69395 64.34811 89.74818 211.7166 117.539 111.4431 168.9977 127.4323 85.11433 85.04525 85.04525 85.04525 80.13081 70.00783 68.76042 56.32734 38.81224 32.89399 24.29238 20.26719 20.26719
0 0 0 0 0 0 0 0 0 0 0 0 0 0 0 0 0 0 0 70.38492 74.15626 106.5281 146.5688 70.1884 93.25184 92.27882 40.45915 39.06524 43.49052 49.19026 46.89477 32.30904 44.35726 75.25124 75.17422 74.50851 74.55214 70.97476 52.16935 45.88349 44.9731 61.0895 93.35108 76.59444 100.8407 98.44416 68.22903 67.26087 68.7317 121.9633 124.8233 105.0841 78.78117 66.95417 65.70853 102.7704 290.7831 293.1855 92.81515 88.04144 65.22989 60.06076 65.93053 83.48357 89.53423 89.53424 97.1012 108.0872 85.04525 85.04525 85.04525 83.72098 62.33323 36.04541 34.92506 32.97682 32.97682 32.97682 31.42167 22.2116 20.26719
0 0 0 0 0 0 0 0 0 0 0 0 0 0 0 0 0 0 0 75.86714 95.81311 98.90823 118.5969 72.87369 55.63475 39.03835 26.66453 38.90145 39.45282 38.96185 32.08971 32.16807 74.37795 75.9737 73.83825 68.67857 74.04379 69.93221 49.16392 44.40664 44.38892 48.24889 788.0816 163.5094 80.46689 100.9507 91.06746 73.06548 67.85259 105.8183 69.43681 66.63406 66.77889 49.49292 49.60642 51.02908 105.3473 170.5154 75.62641 65.68903 56.8968 56.29967 56.98409 76.47151 89.53424 89.53425 96.01862 90.52343 71.56886 83.00769 77.85052 34.40788 31.80043 32.97682 32.97682 32.97681 32.97682 32.97682 32.97682 32.54154 22.48101
0 0 0 0 0 0 0 0 0 0 0 0 0 0 0 0 0 0 62.04794 64.92313 89.29697 86.60921 79.09971 26.52709 26.52709 26.52709 27.00376 40.5462 42.09519 41.98628 33.87771 35.99898 62.78518 68.10491 60.00809 56.57166 63.22466 58.19044 46.0756 46.97073 51.80604 55.19166 321.7094 120.9297 64.19313 48.5545 102.6363 100.8116 75.47201 88.15504 54.32318 54.32319 54.32319 47.57775 45.31086 45.30737 45.26153 34.5249 22.07721 22.08508 22.07721 29.62559 46.97784 60.23289 88.26374 89.53423 83.17798 53.52263 27.89703 28.81846 34.84704 30.01789 30.03623 30.92992 31.97591 32.25007 32.39719 32.80218 32.97682 32.97682 32.28012
0 0 0 0 0 0 0 0 0 0 0 0 0 0 0 0 0 0 62.04795 61.7119 55.65931 56.77561 50.35588 35.15738 26.5585 26.52709 26.55921 40.27244 42.09519 42.09519 129.4384 47.06142 44.39816 48.70372 54.76824 48.31264 39.95196 39.97336 60.65441 58.23373 56.41404 56.79226 57.22866 70.78859 60.72375 32.57519 61.71478 74.15179 55.59518 44.33792 48.67513 49.31551 51.89703 48.99249 45.31086 45.27766 45.20374 24.77936 22.07721 22.92573 22.32823 22.07722 22.34479 50.31727 78.60947 75.9315 29.9191 27.89703 28.47549 30.00758 30.01789 30.01789 30.01789 30.01789 30.01789 30.01789 30.01789 27.34019 21.92588 27.0198 29.60957
0 0 0 0 0 0 0 0 0 0 0 0 0 0 0 0 0 0 0 63.57587 54.99817 47.4413 65.4829 45.06349 42.51006 37.52647 26.48667 31.07514 35.69527 37.71276 75.72469 43.80433 43.37492 45.48241 35.27451 29.79498 29.79498 29.79498 54.29279 66.7352 60.09224 56.02429 57.28748 69.70758 51.31552 32.56673 32.56673 32.56673 39.05086 43.40973 43.40974 43.40974 43.51244 44.15642 43.67284 45.19879 44.77069 31.33169 24.39662 25.41432 24.0024 22.36308 22.28212 33.03413 57.43779 30.70627 27.89703 27.89703 28.22078 29.42909 30.01789 30.01789 29.56868 26.54159 29.70685 30.01789 30.01789 22.32339 17.39279 17.39279 17.39279
0 0 0 0 0 0 0 0 0 0 0 0 0 0 0 0 0 0 0 66.45437 60.8312 91.36446 150.8273 129.1956 51.60725 29.7358 25.60056 30.36361 31.43942 31.64197 36.07163 34.33604 30.20669 24.69307 27.67787 29.79498 29.79498 29.79498 43.9828 68.03925 67.99507 62.41928 57.57468 55.88232 33.21646 32.56673 32.56673 32.98049 42.42462 43.40974 43.40974 43.40974 42.79066 41.51621 41.51621 41.51621 40.95129 40.39307 37.23173 25.74697 25.5441 25.45728 25.46285 25.65555 33.0709 32.35079 28.80037 27.89703 27.89703 24.34858 17.67293 17.41588 11.31552 9.724937 12.63814 24.06387 30.01789 29.63785 17.50979 17.39279 17.39279
0 0 0 0 0 0 0 0 0 0 0 0 0 0 0 0 0 0 0 69.41473 67.81812 76.54958 113.977 114.1853 40.02382 24.96105 24.66089 28.61815 31.25075 31.26413 31.17887 27.59466 24.47947 24.47908 24.52698 27.9193 29.79498 28.50605 26.44425 52.11698 36.76654 26.52296 34.92826 36.90054 38.09531 37.84607 36.26122 35.96506 38.71121 39.02085 39.63401 40.47202 38.83405 41.297 41.34939 41.36488 40.97354 40.39307 40.39307 30.17326 25.5441 25.5441 25.5441 28.74024 35.2607 35.2607 34.77149 33.26541 28.59872 23.21541 9.724938 9.724938 9.724938 9.724938 9.724938 9.726157 16.93366 28.71115 23.22006 17.39279 17.39279
0 0 0 0 0 0 0 0 0 0 0 0 0 0 0 0 0 0 0 74.72358 69.04598 64.22777 55.91137 42.99814 24.4791 24.4791 25.09592 25.81515 26.29205 28.91023 30.55665 27.31334 24.72495 24.47908 24.53671 24.65599 27.76739 27.23998 24.7107 24.7107 24.70761 25.90209 41.13155 42.5378 42.45939 42.36074 42.36074 42.1133 31.60931 24.5263 24.5263 24.5263 24.5263 27.0206 39.44669 40.39307 40.39307 39.38873 36.41104 31.14055 27.40738 26.76405 25.68867 28.98737 31.73792 31.03927 32.7484 35.1278 34.16042 23.8731 9.724938 9.724938 9.724938 9.724938 9.724938 9.724938 9.724938 11.62552 17.64253 17.39274 17.39279
0 0 0 0 0 0 0 0 0 0 0 0 0 0 0 0 0 0 0 79.16251 69.48399 54.06981 43.15982 29.93775 24.4791 24.32985 25.0654 25.77248 25.77248 25.97145 27.77064 30.8814 25.89313 24.47908 24.48663 24.71052 24.77428 25.01238 24.71069 23.31053 21.92811 21.46588 36.99816 42.5378 42.48438 42.36074 40.84062 30.47827 29.56002 29.41538 27.49444 27.74501 28.71606 27.53465 27.69484 42.13384 40.70635 32.3288 31.85525 31.85525 31.85525 30.8244 28.8191 28.90071 28.9007 28.90071 28.90909 30.51808 29.45022 21.64594 9.724937 9.724938 9.724937 9.724938 9.724937 9.724938 9.724937 9.728756 10.06981 14.01788 17.38642
0 0 0 0 0 0 0 0 0 0 0 0 0 0 0 0 0 0 0 79.16251 79.12466 54.51823 48.04296 40.21354 23.04302 23.54712 23.92 24.5017 24.90173 23.85507 28.732 33.46401 29.45487 24.47908 23.87343 24.6503 24.30322 24.23774 24.68374 21.9934 21.46588 21.46588 37.83684 42.57109 43.35774 45.3259 45.65508 39.34188 36.88083 36.88083 41.13801 45.62777 45.62777 45.41432 44.73762 45.67685 40.28017 31.85525 31.85525 31.55838 31.03086 28.96206 29.05943 33.41642 28.90071 28.90071 29.16202 29.94566 29.94566 28.29886 23.49165 14.39468 9.724937 9.724937 9.724937 9.724938 9.724937 10.20467 10.47107 10.47107 11.25099
0 0 0 0 0 0 0 0 0 0 0 0 0 0 0 0 0 0 0 79.16251 78.87367 65.59583 49.38781 38.93457 22.25044 22.28576 23.01483 23.57801 23.57801 23.75564 32.60716 34.57926 32.85907 24.61903 19.28303 18.07595 17.66629 17.66356 18.29399 21.46588 21.46588 21.80454 45.07706 47.1866 48.38012 48.12854 46.74965 42.46009 37.21561 37.00339 40.05676 45.73504 45.73295 45.90002 45.94473 45.68857 37.0057 31.85524 31.78992 30.30697 29.77 30.68768 52.86396 70.43564 32.94826 28.94177 29.7126 29.94566 29.94567 29.94566 29.91256 11.92807 9.724938 9.724937 9.724938 9.885178 10.29172 10.471 10.47107 10.47107 10.47107
0 0 0 0 0 0 0 0 0 0 0 0 0 0 0 0 0 0 61.80958 74.72456 72.72379 61.60324 61.40385 43.94014 22.25043 22.25043 22.72601 23.57801 24.03247 31.74559 34.57926 34.57926 34.34198 25.42054 20.21436 17.66356 17.66356 17.66356 17.72202 19.69782 23.87357 57.90784 69.74861 48.62727 48.38012 48.38012 46.47551 41.94866 39.27766 38.99133 40.02147 45.9875 45.98751 45.9875 45.73491 45.65897 46.99149 54.05874 49.57354 31.11503 29.77 31.3518 67.24637 68.88245 29.70776 29.20394 28.17509 23.78605 25.31766 28.83948 23.10239 10.08562 9.758464 10.0579 10.17824 10.45671 10.47107 10.47107 10.47107 10.47107 10.47107
0 0 0 0 0 0 0 0 0 0 0 0 0 0 0 0 0 0 61.80958 61.80958 61.87683 61.80959 61.80958 59.68503 28.73598 27.42955 26.81894 24.5832 30.59789 34.57926 34.57926 34.57926 32.88278 30.20618 23.4726 18.58318 18.34126 18.99706 18.08434 17.66359 62.03704 71.80676 65.49998 48.58313 48.38012 43.66436 39.92357 39.37876 39.37261 39.32135 44.43946 58.30396 57.16635 56.11497 45.66216 47.32486 57.66732 60.21971 57.0492 32.43708 29.77 32.28941 64.47195 59.08271 24.46135 23.34418 21.76064 21.6799 21.6799 21.6799 21.50986 20.23078 20.19393 11.46081 10.47107 10.47107 10.47107 10.47107 10.47107 10.47107 10.47107
0 0 0 0 0 0 0 0 0 0 0 0 0 0 0 0 0 61.80958 61.80958 61.80958 61.80958 61.48117 43.49319 31.55156 30.29667 30.29667 30.29667 31.6311 33.36499 31.3715 27.79782 25.06919 24.88868 24.8869 24.88003 22.19542 19.52438 19.52438 20.5144 26.84 68.06458 53.08958 46.75582 36.5491 34.56823 36.72626 39.5723 39.49065 39.49065 39.46917 46.12059 68.6368 69.64668 70.0024 56.90783 46.85976 57.01067 108.3236 201.7973 180.8427 179.1602 41.51239 45.12675 41.09456 24.49617 28.01936 30.71264 25.94451 22.41062 21.6799 21.6799 22.12063 22.54981 13.04123 10.47107 10.47107 10.47107 10.47107 10.47107 10.47107 10.45518
0 0 0 0 0 0 0 0 0 0 0 0 0 0 0 0 0 61.80958 61.80958 61.80958 61.80958 57.81055 32.04939 38.60017 34.98114 28.41742 25.78662 25.58818 23.91907 22.2036 22.2071 23.9128 24.88003 24.88003 26.43978 24.55305 19.52438 19.52438 31.90944 48.54499 36.07642 36.10093 35.14847 34.59194 44.82555 49.63076 59.0748 45.25426 56.42046 96.47296 146.6437 1199.753 191.3733 104.0138 92.22046 48.09792 46.76971 49.83304 59.64208 188.6087 140.4567 23.58829 24.49093 23.3652 24.6635 31.78508 33.04993 33.04461 32.20026 24.7963 23.81941 28.34055 28.9803 21.99829 10.479 10.47107 10.47107 10.47107 10.47087 10.38762 10.30061
0 0 0 0 0 0 0 0 0 0 0 0 0 0 0 0 0 61.80958 61.80958 61.80958 61.40853 56.70674 53.11746 53.97849 37.22441 24.17249 24.17238 24.17238 23.4916 22.2036 22.21087 37.78366 40.43627 39.45303 42.7116 29.41542 19.52438 19.52438 37.6543 50.50892 38.62503 36.10093 34.37106 49.65848 66.34966 66.18674 66.35585 99.79433 141.0837 108.5713 101.946 75.78437 104.3122 93.7603 35.00811 26.29836 26.29836 26.29836 26.29836 25.80099 23.80961 23.37654 23.37654 23.37654 23.37654 30.59929 33.04993 33.04993 33.04993 32.64936 29.13781 28.9803 28.9803 28.9803 17.24231 10.47107 10.4672 10.36493 10.31338 10.2979 10.2979
0 0 0 0 0 0 0 0 0 0 0 0 0 0 0 0 0 0 0 0 55.11604 55.11604 53.50208 27.01953 19.14337 23.8517 24.59012 27.95443 31.52295 23.93102 26.49339 44.01307 44.4903 44.28682 50.55025 96.78786 77.53624 88.09598 57.47938 63.9183 52.40349 424.634 461.9688 115.8973 152.6775 72.90295 87.72864 153.1962 149.2744 124.0158 100.7092 121.4565 121.687 58.94161 26.29836 26.29836 26.29836 26.29836 26.16897 23.91802 23.39878 23.39495 23.37654 24.93415 131.6243 105.0099 33.43032 33.15636 30.52565 28.44963 26.85706 28.64606 28.9803 28.9803 25.70642 11.25521 10.3233 10.2979 10.2979 10.2979 10.2979
0 0 0 0 0 0 0 0 0 0 0 0 0 0 0 0 0 0 0 0 0 0 1772.751 917.5348 17.30243 28.01711 101.564 80.46168 54.35921 49.41111 49.12151 51.19648 45.34834 47.11194 191.5614 222.6423 122.9209 97.25633 77.31975 126.713 162.0016 568.2599 962.942 614.3109 506.2048 123.9999 101.0199 114.0536 79.71903 96.52431 56.71192 99.53544 100.0108 63.2753 26.15926 26.29836 26.29342 26.29836 26.29836 25.94283 22.72099 21.3049 23.37654 24.79447 69.67377 139.9952 40.73811 29.19468 25.55028 25.55028 25.55028 26.69208 27.15888 14.10311 10.9487 10.75187 10.42517 10.2979 10.2979 10.2979 10.2979
0 0 0 0 0 0 0 0 0 0 0 0 0 0 0 0 0 0 0 0 0 0 4059.288 2320.193 290.36 301.9171 108.1011 108.1011 78.62052 51.19647 51.19648 62.91341 140.0536 140.2997 195.1757 191.3708 116.0924 116.0912 148.7318 162.278 213.3298 919.441 837.8329 179.1714 103.8052 82.50181 82.25944 69.34805 46.74329 46.32079 46.3208 36.576 33.81681 22.83044 23.16671 23.18675 24.8586 26.29836 26.19851 20.95738 15.38113 17.46948 20.41755 24.8168 34.01776 35.66598 33.04025 25.55028 25.55028 25.55028 24.52021 18.50438 12.82688 10.75189 10.75189 10.75189 10.73217 10.61432 10.56385 10.37279 10.2979
0 0 0 0 0 0 0 0 0 0 0 0 0 0 0 0 0 0 0 0 0 0 0 4058.453 3921.391 3932.583 1808.71 132.2456 105.7464 66.85199 62.28962 118.9863 169.7912 522.3319 495.1818 194.7298 196.5627 194.6077 158.6195 160.1913 162.1525 478.3405 145.4684 120.2624 104.1772 22.44146 22.39403 22.56721 24.10303 44.40757 44.26062 32.45822 22.76498 22.76498 22.76498 22.76498 23.75858 10.69343 11.02832 9.951484 15.36003 15.36002 15.36003 22.40764 35.66598 35.66597 31.69647 25.33273 25.55028 25.55028 20.38334 10.75573 10.75588 10.75189 10.75189 10.75189 10.75189 10.75189 10.75189 10.747 10.53693
0 0 0 0 0 0 0 0 0 0 0 0 0 0 0 0 0 0 0 0 0 0 0 4058.453 4058.453 5342.795 5941.559 3562.586 887.3764 326.9719 178.0492 255.4361 345.2433 2124.302 2357.668 292.4939 223.3825 206.3723 422.8979 172.201 159.8801 152.7337 60.69366 37.14292 39.01521 36.60221 22.98723 23.42925 27.7361 29.26447 27.47049 22.70021 21.8421 19.78563 22.3411 22.64339 11.96759 6.300104 6.282101 7.821154 15.36003 15.36003 15.36003 15.76059 29.71523 26.76736 15.12961 11.47156 18.4379 24.49359 22.00247 11.24237 10.95231 10.75189 10.75189 10.75189 10.75189 10.75189 10.75189 10.75189 10.75189
0 0 0 0 0 0 0 0 0 0 0 0 0 0 0 0 0 0 0 0 0 0 0 0 1711.426 6895.503 7419.994 4822.271 1168.541 743.2235 246.0893 247.5789 244.5627 293.4307 252.4319 242.2711 226.2759 128.5193 300.5527 108.0802 141.6443 97.05234 37.14292 37.14292 45.66711 48.79341 32.88288 26.8245 27.06493 27.06493 18.9395 15.41344 9.082326 5.955757 10.09869 15.18829 8.225751 6.282101 6.282101 8.048187 15.36003 15.36003 15.36003 14.58788 11.57198 11.43585 11.47089 11.47089 11.47089 11.47089 11.47089 11.47089 11.15426 10.75189 10.75189 10.75189 10.75189 10.75189 10.75189 10.75189 10.75189
0 0 0 0 0 0 0 0 0 0 0 0 0 0 0 0 0 0 0 0 0 0 0 0 771.3822 919.0156 2626.885 1270.203 405.6245 251.2864 253.172 211.0522 190.7139 190.7139 136.9026 118.1615 179.7568 128.429 103.3143 93.73807 54.15208 33.28968 37.38397 46.48471 48.82545 38.78679 31.59315 28.04409 25.79915 16.857 15.1898 15.18094 10.41475 5.955756 6.247596 11.75728 9.543521 6.282101 6.282101 10.08514 14.66828 15.14316 15.35303 11.59179 11.26999 11.45109 11.47089 11.47089 11.47089 11.47089 11.47089 11.47089 11.43136 10.80108 10.75189 10.75189 10.75189 10.75189 10.75189 10.75189 10.75189
0 0 0 0 0 0 0 0 0 0 0 0 0 0 0 0 0 0 0 0 0 0 0 218.658 218.658 250.4386 616.1724 438.6613 267.2124 259.4578 259.4578 250.545 166.3682 130.2911 89.68519 83.20161 80.27333 62.29927 44.34526 25.99507 28.18838 28.80844 36.95138 47.35889 48.64389 32.38041 31.81745 29.66944 22.47651 19.16525 16.98545 16.3277 11.45551 5.955756 5.955756 10.66807 10.48965 6.282101 6.282101 8.940685 11.28845 11.50002 11.89828 11.26707 11.26707 11.41314 11.47089 11.47089 11.47089 11.47089 11.47089 11.47089 11.33315 10.79531 10.75189 10.75189 10.75189 10.75189 10.75189 10.75189 8.798603
0 0 0 0 0 0 0 0 0 0 0 0 0 0 0 0 0 0 0 0 0 0 0 218.658 218.658 218.658 237.113 211.2483 224.7207 1068.733 1589.086 259.4579 212.2191 62.78416 61.28837 61.28837 36.49185 24.68752 24.59503 24.59504 25.70659 28.01633 31.12569 29.61004 28.73598 26.3047 30.1712 30.89395 21.55583 19.39365 17.92227 17.92226 12.15663 6.872519 6.125948 8.879393 10.81421 6.282101 6.282101 9.874033 11.26707 11.26707 11.26707 11.26707 11.26707 11.39694 11.47089 11.47089 11.47089 11.47089 11.3271 9.26984 7.489467 7.462266 8.052433 8.949924 9.853113 10.75189 10.75189 10.75189 4.386892
0 0 0 0 0 0 0 0 0 0 0 0 0 0 0 0 0 0 0 0 0 0 0 222.7256 221.7905 216.8613 1106.317 2163.473 226.7827 256.1031 283.0379 233.7146 68.02211 60.18654 41.2268 37.55046 27.12639 26.40423 25.6849 24.72882 24.59503 27.2291 28.21352 25.77824 23.13899 23.41277 23.93363 28.16176 28.05577 20.26868 18.46195 21.25216 16.01408 11.87639 11.58758 11.45947 11.13878 6.282101 6.282101 6.627761 10.07754 11.26707 11.26707 11.26707 11.26707 11.44528 11.47089 11.47089 11.47089 11.46497 7.554307 5.896763 5.926444 5.947446 5.947446 5.947446 5.978575 6.429031 7.807093 10.75189 4.988841
0 0 0 0 0 0 0 0 0 0 0 0 0 0 0 0 0 0 0 0 0 0 0 250.5287 250.5069 244.1419 227.3627 205.922 204.6109 232.3977 115.8706 74.1469 61.83392 57.10754 31.39231 26.71938 26.71938 26.71938 26.62106 24.71169 23.94116 24.35344 26.52976 26.74732 16.24985 17.83036 19.66349 19.57415 17.3981 19.55783 22.20398 31.02302 27.02773 11.93368 11.94404 11.94404 11.52863 6.348509 6.282101 6.282101 6.450538 10.17744 11.26707 8.925143 8.246612 10.17895 11.35263 10.78656 11.37313 8.808517 5.769668 5.896763 5.909934 5.947043 5.947446 5.947446 5.947446 5.947446 5.950269 7.553639 4.67944
0 0 0 0 0 0 0 0 0 0 0 0 0 0 0 0 0 0 0 0 0 0 115.0393 122.9609 215.9442 241.2973 230.4759 218.0898 187.1687 156.0831 98.76013 64.36983 63.91859 63.07864 110.079 198.9974 27.10928 21.42169 18.60826 18.94455 18.06981 14.91144 20.07694 23.1335 17.41811 15.18934 15.18934 15.18934 15.15868 22.19106 31.43461 31.52305 17.18931 10.54766 11.78538 11.94404 11.94404 7.663318 6.282101 6.282101 6.282101 7.75445 10.95773 4.247617 4.068679 4.068678 4.23018 4.068678 5.660233 4.609827 5.148841 5.896763 5.896763 5.916366 5.941526 5.947446 5.929581 5.925803 5.947446 5.890035 3.97256
0 0 0 0 0 0 0 0 0 0 0 0 0 0 0 0 0 0 0 0 0 0 115.0393 115.0393 168.6371 450.1986 120.452 120.452 117.3635 60.88424 64.36983 57.83408 45.44413 46.12042 64.2766 142.9781 44.27267 25.44404 18.06982 18.06982 11.74495 7.922751 11.60294 19.3512 18.16703 15.15672 15.11771 14.94106 14.83459 16.47942 27.22757 31.28207 11.13687 10.16474 10.60176 11.83548 11.94404 8.899386 6.326588 6.282101 6.282101 6.282101 6.454112 4.068678 4.068678 4.068678 4.068678 4.068678 4.068678 4.068678 4.696455 5.896763 5.896763 5.896763 5.896829 5.903677 5.896823 5.89687 5.932019 5.947446 4.556258
0 0 0 0 0 0 0 0 0 0 0 0 0 0 0 0 0 0 0 0 0 52.2272 67.45439 127.9172 133.5185 120.3997 120.452 111.1507 93.28493 56.48051 54.43913 40.7207 39.60262 39.60262 39.60262 45.2498 40.45239 27.81761 18.13584 15.76363 8.175538 7.916224 7.920211 12.72151 16.35606 13.80623 14.7778 14.82938 14.82938 14.82938 15.03084 15.04254 10.42752 10.16474 10.16474 10.42482 10.50039 10.48481 8.960056 8.188553 6.346162 6.282101 6.254982 4.278986 4.068678 4.068678 4.068678 4.068678 4.068678 4.068679 4.787943 5.896762 5.896762 5.896763 5.896762 5.896763 5.896762 5.850964 5.140536 4.928572 4.313516
0 0 0 0 0 0 0 0 0 0 0 0 0 0 0 0 0 0 0 0 0 52.2272 52.2272 457.9147 142.7936 102.8219 120.452 78.15033 55.46883 55.46883 52.19882 48.73052 43.71432 38.61182 37.92553 35.07348 18.77705 18.00315 13.94176 11.7403 9.111982 7.916225 8.30649 10.64589 13.65776 13.65776 12.8234 8.660012 9.661294 11.75448 10.5257 10.16474 10.16474 10.16474 10.14456 9.597487 9.497674 9.497674 9.497674 9.497674 7.373324 5.902934 3.642414 3.163001 4.03418 4.068678 4.068678 4.068679 4.068678 4.068679 5.446421 5.896763 5.896763 5.896763 5.896763 5.896763 5.413283 3.900634 3.43851 3.43851 3.43851
