Scenarios/Heterogeneous/data/country_data_population_distribution/processed/density_grids/mar.asc
ncols 312
nrows 215
xllcorner -13
yllcorner 27
cellsize 0.041666666666667
NODATA_value -9999
[rows 108 to 143 of 215, columns 162 to 242 of 312]
66.54116 69.46323 42.01274 44.59747 44.59747 44.59747 40.88416 36.2425 36.2425 36.2425 36.2425 36.2425 22.59225 17.64137 32.89737 33.03723 33.03723 33.03723 33.03723 33.03723 29.23088 24.98368 25.16246 25.16247 25.16246 25.16247 25.16246 25.16246 19.9222 20.29745 19.49875 20.4035 20.35113 12.72083 12.72083 12.84636 20.99041 21.54909 21.54909 21.54909 21.54909 51.30396 100.2611 108.1059 51.81561 50.35783 50.35783 50.35783 44.99881 22.34688 29.92714 30.37394 30.37394 30.37394 30.37394 16.80128 15.09731 15.09731 15.09731 15.09731 15.09731 15.09731 15.09731 15.09731 15.09731 12.90329 11.60456 17.00137 17.50662 17.50662 17.42738 16.97791 1398.042 16.97791 16.97791 15.41037 15.52824 11.73889 14.49681 11.59052 8.456923
26.44681 20.26719 23.27881 41.08567 42.49939 39.20926 41.32973 36.2425 36.2425 36.2425 36.2425 36.08434 19.31785 16.15854 30.00214 33.03723 33.03723 33.03723 33.03723 33.03723 25.18367 19.89386 25.14783 25.16247 25.16247 26.51698 27.00549 28.78771 35.81391 36.11464 105.6902 124.4626 94.63313 13.80412 12.72083 13.04049 21.44761 21.54909 21.54909 21.54909 21.54909 34.27574 46.19964 34.86145 31.84591 27.32263 21.78211 14.76229 11.03695 16.83408 30.37395 30.37395 30.37395 30.37395 30.37395 15.93846 15.09731 15.09731 15.09731 15.09731 15.09731 15.09731 15.09731 15.09731 15.09731 15.69406 17.37365 17.50662 17.50662 17.50662 17.91086 16.97791 16.97791 16.71813 9.478365 2.819999 2.795933 2.795932 2.795933 2.795932 2.795933
27.59513 20.26719 20.26719 20.26719 20.26719 22.5972 29.40125 25.41889 24.69331 23.96774 23.23544 16.31303 15.47265 16.15854 23.90522 32.87137 33.03722 33.03723 33.03723 32.04187 19.49071 16.15854 19.39192 24.99306 31.31654 35.93794 35.93796 37.35798 59.53221 59.53222 126.9868 202.97 135.5532 17.18403 12.72083 12.72083 18.95646 21.54909 21.37456 19.49784 18.20656 16.42871 12.51003 11.03602 11.03602 11.03602 11.03602 11.03602 11.03602 24.95123 30.37394 30.37394 30.37394 30.37394 30.26404 14.28029 12.5043 11.82866 12.94351 14.90175 15.09731 15.09731 15.09731 15.09731 11.47758 4.929224 4.283591 8.57132 9.691623 39.08155 256.2408 137.6427 6.550879 2.906427 2.795932 2.795932 2.795932 2.795932 2.795932 2.795932 2.795932
20.26719 20.26719 20.26719 20.26719 20.26719 20.26719 17.34221 8.853045 8.853045 8.853045 8.853045 8.853045 13.93476 18.10352 20.7574 29.84349 33.03723 33.03723 33.03723 23.8109 16.15854 16.15854 16.15854 26.76164 35.93796 35.93796 35.93796 43.31799 59.53222 59.53222 59.53222 32.3342 21.11731 15.14716 12.72083 12.72083 18.12793 18.00264 15.47679 14.91916 14.91916 14.91917 14.67969 11.38936 11.03602 11.03602 11.03602 11.03602 11.0475 30.25929 30.37394 30.37394 30.37394 28.95536 23.21476 12.6867 3.734982 3.734982 3.734982 4.155157 6.336833 7.472244 7.220772 5.91705 4.243302 2.99517 2.795933 2.795933 14.92898 51.90442 85.62882 703.794 529.2675 44.90878 5.35425 2.795933 2.795932 2.795933 2.795933 2.795933 2.795933
20.26719 20.26719 20.26719 20.26719 20.26719 19.85114 13.97468 8.853045 8.853045 8.853044 8.853045 8.853044 9.211575 13.59483 19.60491 20.24349 22.90943 19.68488 22.78173 18.60719 16.15854 16.15853 16.15853 27.48775 35.93796 35.93796 163.2392 111.7464 70.50704 61.96453 59.53221 38.07848 21.11731 16.47779 12.74945 13.90677 14.93818 14.91916 14.91916 14.91916 14.91916 14.91916 14.91916 13.47078 11.16111 11.03602 11.03602 11.03602 13.11086 25.47774 26.54992 26.08239 22.61162 19.34361 19.03465 15.08597 3.734982 3.734982 3.734982 3.734982 3.734982 3.734982 3.734982 3.734982 3.687577 2.875346 2.795932 2.795932 22.00828 51.9048 55.51459 218.6354 103.6548 94.79332 74.4819 6.267184 2.795932 2.795932 2.795932 2.795932 2.795932
20.26719 20.26719 20.26719 20.26719 20.26719 16.53804 8.853045 8.853045 8.853045 8.853044 8.853045 8.853045 8.853045 9.184757 14.20292 16.15854 16.15854 16.15854 16.15854 16.15854 16.15854 16.15854 16.18597 24.53567 36.91669 146.0991 544.5966 234.59 90.30378 85.45278 62.81687 55.32944 27.80934 20.10689 14.35125 14.91916 14.91916 14.91916 14.91916 14.91916 14.91916 14.91916 14.91916 14.91916 14.06899 11.55604 11.03602 11.03602 16.50706 19.03465 19.03465 19.03465 19.03465 19.03465 19.03465 16.8273 3.734982 3.734982 3.734982 3.734982 3.734982 3.734982 3.734982 3.52774 2.335647 2.795933 2.795933 2.795932 4.099112 26.32741 35.99502 51.9048 52.60175 62.83141 94.55246 45.4581 2.795932 2.795932 2.795933 2.795932 2.795933
20.9446 21.23182 20.55011 20.26719 19.772 12.13981 8.853045 8.853045 8.853045 8.853045 8.853045 8.853045 8.853045 16.5046 17.52927 17.73856 17.99108 18.27472 18.47089 18.5519 18.6435 18.84162 19.07032 24.64214 39.2193 39.2193 41.87202 47.7404 81.6134 90.30378 82.67339 59.53222 57.11465 29.51768 14.98976 14.91916 14.91916 14.91916 14.91916 14.91916 14.91916 14.91916 14.91916 14.91916 14.91916 13.80796 11.03602 12.96268 18.9974 19.03465 19.03465 19.03465 19.03465 19.03465 19.03465 18.94966 6.603505 3.734982 3.734982 3.734982 3.734982 3.734982 3.351513 1.006259 0.9282097 2.795932 2.795932 2.795932 2.795932 2.795932 8.522053 33.97712 35.74949 49.18723 85.74693 25.0288 2.795932 2.326443 2.129029 2.789589 2.795932
22.74149 21.40443 21.40425 21.27137 20.46469 17.23038 10.75957 8.853045 8.853045 8.853045 8.853045 8.853045 8.919382 19.09859 19.13699 19.13699 19.13699 19.13699 19.13699 19.13699 19.13699 19.13699 19.13699 22.49047 39.21931 39.21931 39.21931 39.2193 50.64503 90.30377 90.21854 58.43979 34.36163 22.48379 15.53297 14.91916 14.91916 14.91916 14.91916 14.91916 14.91916 14.91916 14.91916 14.91916 14.91916 14.38925 11.40928 17.73149 19.03465 82.18858 92.74783 19.03465 19.03465 19.03465 19.03465 19.03465 14.40016 3.734982 3.734982 3.734982 3.734982 3.734982 1.194582 0.4476069 0.4560439 2.530053 2.795933 2.795932 2.792298 2.726583 2.638495 2.55041 2.462328 4.018232 5.014706 2.918983 2.071536 1.548543 1.5299 1.968476 2.48066
27.47057 21.10223 21.40443 21.40443 21.40443 21.34273 11.6897 8.978716 8.853045 8.853045 8.853045 8.853045 9.497375 19.13699 19.13699 19.13699 42.04579 26.78248 19.13699 19.13699 19.13699 19.13699 19.13699 20.3849 39.2193 39.21931 39.2193 39.21931 39.22734 69.86112 66.38494 24.55759 17.7079 17.7079 17.24218 15.36806 14.91917 14.91917 14.91917 14.91917 14.91917 14.91917 14.91917 14.91917 14.91917 14.91917 17.45757 19.03465 19.03465 42.06887 80.52767 19.03465 19.03465 19.02188 16.40817 13.44768 10.50286 3.979644 3.734982 3.734982 3.734982 3.660865 0.5427268 0.4476069 0.4476069 0.8734025 0.971232 1.636687 1.552266 1.5299 1.5299 1.5299 1.5299 1.5299 1.5299 1.5299 1.5299 1.5299 1.5299 1.5299 1.5299
17.39279 18.13483 21.16453 21.40443 21.40443 18.61763 10.78954 10.62592 9.071698 8.853045 8.853045 8.853045 10.45322 19.1526 19.20882 19.27145 135.2452 96.88155 19.13699 19.13699 19.13699 19.13699 19.13699 19.27409 39.14526 39.21931 39.21931 39.10487 28.60941 16.56811 14.64773 15.78249 17.68247 17.7079 17.7079 17.58107 15.67023 14.64656 14.91807 14.91916 14.45104 14.49811 14.91917 14.91917 14.91916 14.91917 18.03186 19.03465 19.03465 19.03465 19.03465 19.03465 17.58246 7.700398 3.734982 3.734982 3.734982 3.734982 3.734982 3.734982 3.734982 3.081652 0.4476069 0.4476069 0.4476069 0.4476069 0.6598098 1.5299 1.5299 1.5299 1.5299 1.5299 1.5299 1.5299 1.5299 1.5299 1.5299 1.5299 1.5299 1.5299 1.5299
17.39279 17.39279 18.38062 21.40443 21.40443 16.82335 10.78954 10.78954 10.01967 8.867452 8.853045 8.853045 14.04359 20.86536 20.86536 20.86536 20.83234 19.17765 19.13699 19.13699 19.13699 19.13699 19.13699 19.13699 38.45705 39.2193 39.2193 28.3519 14.64773 14.64773 14.64773 14.64773 15.57995 17.446 17.7079 17.7079 17.31704 12.86233 12.19846 12.44883 11.9925 11.99013 12.37298 12.44725 12.36345 12.27965 14.1595 18.39613 19.03465 19.03465 19.03465 19.03465 14.09597 3.734982 3.734982 3.734982 3.734982 3.734982 3.734982 3.734982 3.734982 2.111814 0.4476069 0.4476069 0.4476069 0.4476069 0.7371165 1.5299 1.5299 1.5299 1.5299 1.5299 1.5299 1.5299 1.5299 1.5299 1.5299 1.5299 1.5299 1.5299 1.5299
17.39279 17.39279 19.2753 21.40443 21.40443 15.19137 10.78954 10.78954 10.78954 10.66503 10.34057 10.39043 10.9813 19.43389 20.86536 20.86536 20.86536 20.12928 19.137 19.13699 19.13699 19.13699 19.13699 19.13699 34.84795 36.28305 25.29135 17.48578 14.89137 14.64773 14.64773 14.64773 15.06897 17.6105 17.7079 17.7079 15.69825 12.17867 11.98972 11.98972 11.98972 11.98972 11.98972 11.98972 11.98972 11.98972 11.93812 11.57097 11.84587 12.27534 14.50484 17.72428 12.396 3.734982 3.734982 3.734982 3.734982 3.734982 3.734982 3.734982 2.449174 0.4695596 0.4476069 0.4476069 0.4476069 0.4476069 0.8144231 1.5299 1.5299 1.5299 1.5299 1.5299 1.5299 1.5299 1.5299 1.5299 1.5299 1.5299 1.5299 1.5299 1.5299
17.39279 17.39279 19.27874 21.40443 16.36979 11.00346 351.1589 2372.604 1670.229 182.5093 10.78954 10.78954 11.52472 20.39974 20.86536 20.86536 20.86536 20.86536 20.34748 19.79806 19.23443 19.13699 19.13699 18.912 20.60476 16.27899 16.34422 18.26982 17.82388 17.16476 14.75671 14.64773 14.78255 17.61508 17.69928 16.02494 12.01913 11.98972 11.98972 11.98972 11.98972 11.98972 11.98972 11.98972 11.98972 11.83989 11.69823 11.55259 11.55258 11.55258 11.55258 11.56878 9.774734 3.755809 3.734982 3.734982 3.734982 3.734982 3.734982 2.698799 0.4695597 0.4476069 0.4476069 0.4476069 0.4476069 0.4476069 0.8917298 1.5299 1.5299 1.5299 1.5299 1.5299 1.5299 1.5299 1.5299 1.5299 1.5299 1.5299 1.5299 1.5299 1.5299
17.39279 17.39279 19.893 21.35152 11.25193 10.78954 10.78954 485.7999 759.4105 10.78954 10.78954 9.876012 8.841654 11.47081 17.13129 20.86536 20.86536 20.86769 20.88895 21.10701 22.46985 17.30524 16.67093 16.10674 16.07352 16.07352 16.55651 18.26982 18.26982 18.22243 14.64773 14.64773 14.7314 17.66739 17.37998 14.64773 13.36428 12.00992 11.98972 11.98972 11.98972 11.98972 11.98972 11.98972 11.98972 11.65602 11.55259 11.55259 11.55258 11.55258 11.55258 11.55258 11.55258 7.278589 3.734982 3.734982 3.734982 3.734982 3.734982 1.790205 0.4476068 0.4476068 0.4476068 0.4476068 0.4476068 0.4476068 0.9690363 1.5299 1.5299 1.5299 1.5299 1.5299 1.5299 1.5299 1.5299 1.5299 1.5299 1.5299 1.5299 1.5299 1.5299
13.285 16.47545 20.0058 17.38872 11.19304 10.78954 10.78954 10.78954 10.78954 10.78954 9.369559 6.724758 6.607507 6.607507 12.41617 23.81374 25.60059 26.33422 26.16127 26.22693 25.05448 16.07352 16.07352 16.07352 16.07352 16.07468 17.56655 18.26982 18.26982 18.26239 16.8527 14.68255 14.64773 15.05378 15.26061 14.64773 14.5732 12.81579 11.98972 11.98972 11.98972 11.98972 11.98972 11.98972 11.91146 11.55517 11.55258 11.55258 11.55258 11.55258 11.55258 11.55258 11.55258 11.42548 4.586006 3.734982 3.734982 3.734982 3.734982 1.336774 0.4476068 0.4476068 0.4476069 0.4476068 0.4476068 0.4476068 0.7031425 1.508333 1.5299 1.5299 1.5299 1.5299 1.5299 1.5299 1.5299 1.5299 1.5299 1.5299 1.5299 1.5299 1.5299
10.47107 10.47107 10.53398 10.78086 10.78954 10.78954 10.78954 10.78954 10.70216 8.573293 6.637005 6.607507 6.607506 6.607507 8.44673 19.76944 26.29943 26.56284 26.56284 26.56284 24.66694 16.07352 16.07352 16.07352 16.07352 16.85936 18.26982 18.26982 18.26982 18.26982 17.98029 15.17278 14.64773 14.64773 14.64773 14.62089 12.82951 11.98972 11.98972 11.98972 11.98972 11.98972 11.96372 11.75038 11.25513 11.33103 11.22036 11.52306 11.55259 11.55258 11.55259 11.55258 11.55258 11.55258 7.377006 3.734982 3.734982 3.72625 2.326426 0.5340089 0.4476068 0.4476069 0.4476068 0.4476069 0.4476068 0.4476068 0.4476068 0.9015336 1.5299 1.5299 1.5299 1.5299 1.5299 1.5299 1.5299 1.5299 1.5299 1.5299 1.5299 1.5299 1.5299
10.47107 10.47107 10.58673 10.78954 10.78954 10.78954 10.78954 9.696739 7.325794 6.607507 6.607506 6.607507 6.607506 6.607506 6.607506 6.607506 9.12454 16.55467 24.20909 26.56284 23.36972 16.07352 16.07352 16.07352 16.08219 17.91722 18.26982 18.26982 18.26982 18.26982 15.76319 14.15931 14.64773 14.64773 14.64773 13.02814 11.98972 11.98972 11.98972 11.98972 11.98972 11.75057 10.93605 10.93139 10.99447 11.05537 11.05539 11.37644 11.55259 11.55258 11.55259 11.55258 11.55258 11.55258 9.802044 3.734982 3.490135 1.454631 0.4476068 0.4476069 0.4476068 0.4476069 0.4476068 0.4476069 0.4476068 0.4476068 0.4476068 0.4478201 1.114212 1.5299 1.5299 1.5299 1.5299 1.5299 1.5299 1.5299 1.5299 1.5299 1.5299 1.5299 1.5299
10.47107 10.47107 10.47627 10.59461 10.65257 10.78954 8.950924 6.613988 6.607507 6.607507 6.607507 6.607507 6.607507 6.607507 6.607507 6.607507 6.607507 77.26495 230.064 201.8786 78.27423 47.85007 22.69497 16.07352 16.67331 18.26982 18.26982 18.26982 18.26982 17.68473 13.07876 13.16083 14.18461 14.64773 14.64773 13.90249 13.51195 11.98972 11.98972 11.98972 11.98972 11.64421 10.93131 10.95973 11.05539 11.05539 11.08947 11.52445 11.55258 11.55258 11.55258 11.55258 11.55258 11.55258 10.85332 2.931845 0.810223 0.4476069 0.4476069 0.4476069 0.4476069 0.4476069 0.4476069 0.4476069 0.4476069 0.4476069 0.4476069 0.4476069 0.4785957 1.296328 1.5299 1.5299 1.5299 1.5299 1.5299 1.5299 1.5299 1.5299 1.5299 1.5299 1.5299
10.41417 10.39259 10.34729 10.2979 10.2984 10.54817 8.461776 6.607507 6.607506 6.607507 6.607507 6.607507 6.607507 6.607507 6.607507 6.607507 6.607507 6.607507 75.31017 74.23403 157.6756 130.2225 85.69752 15.92964 17.61703 18.26982 18.26982 18.26982 18.26982 17.69581 13.05777 13.05777 13.10582 13.42313 13.60454 13.68822 13.5683 12.08011 11.98972 11.98972 11.98018 11.32874 10.93131 10.94843 11.05539 11.05539 11.05539 11.15071 11.33286 11.48457 11.55258 11.55258 11.55258 11.48425 6.053132 0.4879522 0.4476068 0.4476069 0.4476069 0.4476069 0.4476069 0.4476068 0.4476069 0.4476068 0.4476069 0.4476069 0.4476069 0.4476068 0.4476069 0.5614969 1.426318 1.5299 1.5299 1.5299 1.5299 1.5299 1.5299 1.5299 1.5299 1.5299 1.5299
10.2979 10.2979 10.2979 10.2979 10.2979 10.2979 9.72062 6.614024 6.607507 6.607507 6.607507 6.607507 6.607507 6.607507 6.607507 6.607507 6.607507 6.607507 6.607507 7.384719 15.05924 16.49417 16.88627 17.01529 18.69817 18.71552 18.7431 19.20236 19.80988 19.92306 13.05777 13.05777 13.05777 13.05777 13.05777 13.05777 14.96057 20.16518 13.08555 11.69284 11.12469 10.93131 10.93131 10.93398 11.05399 11.05539 11.05539 11.05539 11.05539 11.05561 11.50878 11.55258 11.00676 3.938038 0.4476069 0.4476069 0.4476069 0.4476069 0.4476069 0.4476069 0.4476069 0.4476069 0.4476069 0.4476069 0.4476069 0.4476069 0.4476069 0.4476069 0.4476069 0.4476069 0.6965293 1.504177 1.5299 1.5299 1.5299 1.5299 1.5299 1.5299 1.5299 1.5299 1.5299
60.93974 135.5144 40.83249 10.2979 10.2979 10.2979 9.29865 6.607506 6.607506 6.607506 6.607506 6.607506 6.607506 6.607507 6.607506 6.607506 6.607506 6.607506 6.607506 11.37846 20.93669 20.93669 20.93669 20.93669 20.93669 20.93669 20.93669 20.93669 32.60484 25.35855 13.05805 13.05777 13.05776 13.05777 27.67724 52.38378 34.63401 25.92846 20.81322 10.93131 10.93131 10.93131 10.93131 10.93214 11.04655 11.05539 11.05539 11.07248 11.25315 11.44901 11.5525 10.07349 2.382266 0.4476069 0.4476069 0.4476069 0.4476069 0.4476069 0.4476069 0.4476069 0.4476069 0.4476068 0.4476069 0.4476068 0.4476069 0.4476069 0.4476069 0.4476068 0.4476069 0.4476068 0.4476069 0.8836972 1.5299 1.5299 1.490392 1.409762 1.333935 1.258252 1.099883 0 0
58.73866 134.7092 26.60637 10.2979 10.2979 10.2979 10.27979 8.650252 6.855991 6.607507 6.607507 6.607507 6.607507 6.607507 6.607507 6.607507 6.607507 6.607507 6.607507 9.839726 20.93669 20.93669 20.93669 20.93669 20.93669 20.93669 20.93402 28.48854 89.29562 89.21712 68.64162 41.24306 35.32772 41.43678 62.42687 63.56034 39.53767 25.92846 25.92519 15.63463 10.93131 10.93131 10.93131 10.95871 11.05539 11.05539 11.05539 11.10711 11.55258 11.55258 8.684467 1.282241 0.4476069 0.4476069 0.4476069 0.4476069 0.4476069 0.4476069 0.4476069 0.4476069 0.4476069 0.4476069 0.4476069 0.4476069 0.4476069 0.4476069 0.4476069 0.4476069 0.4476069 0.4476069 0.4476069 0.4211992 0.768532 0 0 0 0 0 0 0 0
10.2979 10.2979 10.2979 10.2979 10.2979 10.2979 10.2979 10.2979 9.473063 6.642547 6.607506 6.607507 6.607506 6.454363 6.58364 6.607506 6.607507 6.607506 6.607507 8.131311 20.93668 20.93669 20.93669 20.93668 20.93669 20.93668 20.60218 20.32925 70.28483 92.46516 91.18953 64.69548 63.56035 63.56034 63.56035 63.56034 43.42638 25.92846 25.92846 23.57568 10.93131 10.93131 10.93131 10.94563 11.05539 11.05539 11.05539 11.05539 11.50104 6.84142 0.6379287 0.4476068 0.4476068 0.4476068 0.4476069 0.4476068 0.4476069 0.4476068 0.4476068 0.4476069 0.4476068 0.4476069 0.4476068 0.4476069 0.4476068 0.4476068 0.4476069 0.4476069 0.4476068 0.4134769 0 0 0 0 0 0 0 0 0 0 0
10.2979 10.2979 10.2979 10.2979 10.2979 10.2979 10.2979 10.2979 10.2979 6.300342 5.300688 5.43872 3.663704 2.04927 3.561533 4.731599 4.342409 4.744287 5.461395 6.565491 19.86679 20.93669 20.92066 20.64814 20.52008 20.49214 20.29544 20.29212 24.61084 34.84555 74.99261 62.51172 63.56035 63.56035 63.56034 57.95404 28.6451 25.92846 25.92846 21.444 10.94617 10.99787 11.02825 11.05215 11.05539 11.05539 11.05539 10.95114 5.733628 1.054826 0.694299 0.819485 0.7462918 0.4476068 0.4476068 0.4476068 0.4476068 0.4476068 0.4476068 0.4476068 0.4476068 0.4476068 0.4476068 0.4476068 0.4476068 0.4476068 0.4476068 0.4476068 0.3868628 0 0 0 0 0 0 0 0 0 0 0 0
10.31778 9.352753 10.21014 10.2979 10.2979 10.2979 10.2979 10.2979 10.2979 6.128914 1.904753 1.755956 1.755956 1.755956 2.051826 3.515008 3.87874 4.035159 4.035159 4.401791 14.00088 20.46159 20.38567 20.29213 20.29213 20.29212 20.29213 20.29212 20.29213 20.88391 29.13884 34.15466 45.6782 51.58288 45.63422 28.34796 25.92846 25.92846 25.92846 18.60317 11.05279 11.05539 11.05539 11.05539 11.05539 11.05514 8.299214 5.940982 3.51722 3.51722 3.511315 3.486658 3.05683 0.761597 0.4476069 0.4476069 0.4476069 0.4476069 0.4476069 0.4476069 0.4476069 0.4476069 0.4476068 0.4476069 0.4476068 0.4476069 0.4476069 0.3504823 0 0 0 0 0 0 0 0 0 0 0 0 0
10.70723 5.514413 5.007467 8.617699 10.2979 10.2979 10.2979 10.01485 10.25968 6.955554 1.755956 1.755956 1.755956 1.755956 1.755956 1.755956 1.760153 3.252923 4.035159 4.035159 4.035159 13.18058 20.29212 20.29212 20.29212 20.29212 20.29212 20.29212 22.28785 31.52944 33.88925 33.88925 33.88925 33.88925 28.61199 25.92846 26.45646 28.07908 29.15316 23.09268 12.92762 11.05539 11.05539 9.840311 9.743257 7.45968 3.51722 3.51722 3.51722 3.51722 3.51722 3.51722 3.51722 3.048007 0.4713125 0.4476069 0.4476069 0.4476069 0.4476069 0.4476069 0.4476069 0.4476068 0.4476069 0.4476068 0.4476069 0.4476069 0.3045543 0 0 0 0 0 0 0 0 0 0 0 0 0 0
9.023053 3.906095 3.874835 3.878982 5.900935 9.074182 6.412216 2.499966 3.49951 3.374257 1.755956 1.755956 1.755956 1.755956 1.755956 1.755956 1.755956 1.88544 3.898106 4.03516 4.03516 16.00953 20.29212 20.29213 20.29213 20.29213 20.29212 20.29212 26.98623 33.88925 33.88925 33.88925 33.88925 432.2419 877.6628 29.36631 31.69109 31.72472 31.72472 31.72472 30.7037 18.23774 7.26074 3.979578 3.51722 3.51722 3.51722 3.51722 3.51722 3.51722 3.51722 3.51722 3.51722 3.066427 0.4476068 0.4476068 0.4476068 0.4476068 0.4476068 0.4476068 0.4476068 0.4476068 0.4476068 0.4476068 0.4451144 0 0 0 0 0 0 0 0 0 0 0 0 0 0 0 0
6.123256 3.874834 3.874834 3.874834 3.874834 3.707796 1.997856 1.755956 1.755956 1.755956 1.755956 1.755956 1.755956 1.755956 1.755956 1.755956 1.823181 3.306409 4.035159 4.035159 4.035159 14.06417 16.74542 20.09514 20.29213 20.29213 20.29213 22.11441 33.38404 33.88924 33.88924 33.88924 33.88924 443.0456 595.7797 31.72471 31.72471 31.72471 31.72471 31.72472 32.83255 37.87802 9.111422 3.51722 3.51722 3.51722 3.51722 3.51722 3.51722 3.51722 3.51722 3.51722 3.51722 2.384291 0.4476069 0.4476069 0.4476069 0.4476069 0.4476069 0.4476069 0.4476069 0.4476069 0.4476069 0.4340227 0 0 0 0 0 0 0 0 0 0 0 0 0 0 0 0 0
4.483132 3.874835 3.874835 3.874834 3.874835 3.874834 3.836325 3.33031 1.840543 1.755956 1.755956 1.755956 1.755956 1.755956 1.755956 1.755956 3.363775 4.035159 4.035159 4.035159 4.035159 4.035159 4.035159 12.84756 20.29213 20.29213 15.94515 13.01507 33.88924 33.88925 33.88925 33.58216 32.83358 31.8425 31.72472 31.72472 31.72472 31.72472 31.72472 31.72471 47.02573 38.66159 13.02463 3.51722 3.51722 3.51722 3.51722 3.51722 3.51722 3.51722 3.51722 3.51722 3.51722 1.702154 0.4476069 0.4476069 0.4476069 0.4476069 0.4476069 0.4476069 0.4476069 0.437552 0.3163248 0 0 0 0 0 0 0 0 0 0 0 0 0 0 0 0 0 0
3.874834 3.874834 3.874834 3.874834 3.874834 3.874834 3.874834 3.702494 2.26598 2.055472 2.141231 1.755956 1.755956 1.755956 1.755956 1.755956 3.693812 4.035159 4.035159 4.035159 4.035159 4.035159 4.071823 13.32457 13.18704 9.791926 4.135617 9.334577 33.88925 33.59811 32.14128 31.72688 31.72471 31.72471 31.72472 31.72471 31.72471 31.72471 38.06431 56.34424 61.72466 19.21589 3.51722 3.51722 3.51722 3.51722 3.51722 3.51722 3.51722 3.51722 3.51722 3.51722 3.51722 1.230417 0.4476068 0.4476068 0.4476068 0.4476068 0.4476068 0.4159648 0.2714257 0 0 0 0 0 0 0 0 0 0 0 0 0 0 0 0 0 0 0 0
3.874834 3.874834 3.874834 3.874834 3.874834 3.874834 4.649657 5.654842 6.353459 6.501634 6.500848 5.698019 3.243267 1.755956 1.755956 1.755956 2.178152 3.751053 4.035159 4.035159 4.035159 4.035159 4.035159 4.035159 4.035159 4.035159 4.035159 5.868745 23.70444 19.63955 15.21565 15.93521 22.61857 29.26828 31.72471 31.72471 31.64726 40.00145 51.69646 62.01432 60.94495 35.02443 3.519085 3.51722 3.51722 3.51722 3.51722 3.51722 3.51722 3.51722 3.51722 3.51722 3.51722 1.81999 0.4476069 0.4476069 0.4476069 0.3792768 0 0 0 0 0 0 0 0 0 0 0 0 0 0 0 0 0 0 0 0 0 0 0
3.874834 3.874834 3.874834 3.874834 3.874834 3.874834 5.645967 6.501635 6.501635 6.501635 6.501635 6.501635 4.828085 1.755956 1.755956 1.755956 1.755956 3.427272 4.035159 4.035159 4.035159 4.035159 4.035159 4.035159 4.103205 5.849833 8.31934 9.946924 9.984456 9.984456 9.984456 9.984456 9.984456 10.05511 14.31813 20.59139 13.47797 15.90538 30.75198 27.21609 12.98415 9.984456 4.840099 3.51722 3.51722 3.51722 3.51722 3.51722 3.51722 3.51722 3.51722 3.51722 3.51722 2.768228 0.5452418 0.3418094 0 0 0 0 0 0 0 0 0 0 0 0 0 0 0 0 0 0 0 0 0 0 0 0 0
3.874834 3.874834 3.874834 3.874835 3.874834 4.799683 6.425351 6.501635 6.501635 6.501634 6.501635 6.501635 4.768254 1.755956 1.755956 1.755956 1.755956 3.496339 4.03516 3.933477 4.141038 4.942428 5.870338 7.023124 9.261451 9.984456 9.984457 9.984456 9.984457 9.984456 9.984456 9.984456 9.984457 9.984456 9.984457 9.984456 9.984456 9.984456 9.984457 9.984456 9.984456 9.910618 3.891436 3.51722 3.51722 3.51722 3.51722 3.51722 3.51722 3.51722 3.51722 3.51722 3.51722 3.382412 0 0 0 0 0 0 0 0 0 0 0 0 0 0 0 0 0 0 0 0 0 0 0 0 0 0 0
3.874835 3.874835 3.893257 3.988528 5.165074 6.49176 6.501635 6.501635 6.501635 6.501635 6.501635 6.501635 4.057438 1.755956 1.755956 1.755956 1.755956 2.88417 2.874336 1.764998 2.713317 8.414673 9.984456 9.984457 9.984456 9.984457 9.984456 9.984456 9.984456 9.984457 9.984456 9.984457 9.984456 9.984456 9.984456 7.400901 3.443689 4.832777 9.862988 9.984456 9.984456 8.728905 3.51722 3.51722 3.51722 3.51722 3.51722 3.51722 3.51722 3.51722 3.51722 3.51722 2.938105 0 0 0 0 0 0 0 0 0 0 0 0 0 0 0 0 0 0 0 0 0 0 0 0 0 0 0 0
3.832626 4.271709 5.878914 6.501635 6.501635 6.501635 6.501635 6.501635 6.501635 6.501635 6.501635 6.501635 6.323026 2.436231 1.755956 1.755956 1.755956 1.755956 1.755956 1.853892 6.950311 9.984456 9.984455 9.984456 9.984455 9.984456 9.984455 9.984456 9.984455 9.984456 9.984455 9.984456 9.984455 8.993021 4.173401 1.557057 1.55703 1.55703 6.290783 9.984456 9.984455 7.948925 3.51722 3.51722 3.51722 3.51722 3.51722 3.51722 3.51722 3.51722 3.485172 2.189539 0 0 0 0 0 0 0 0 0 0 0 0 0 0 0 0 0 0 0 0 0 0 0 0 0 0 0 0 0
3.454093 6.063231 6.501635 6.501635 6.501635 6.501635 6.501635 6.501635 6.501635 5.808066 4.236517 4.801498 5.366508 3.473963 1.755956 1.755956 1.755956 1.755956 1.752724 1.762661 2.074258 2.039455 4.002774 5.910986 5.946678 5.80384 5.661002 5.518166 6.001598 9.143566 9.984456 9.967651 6.283138 1.937412 1.55703 1.55703 1.55703 1.55703 2.009458 9.115689 9.984456 7.725918 3.51722 3.51722 3.51722 3.51722 3.51722 3.51722 3.51722 2.707024 0 0 0 0 0 0 0 0 0 0 0 0 0 0 0 0 0 0 0 0 0 0 0 0 0 0 0 0 0 0 0
