Scenarios/Heterogeneous/data/country_data_population_distribution/processed/density_grids/mar.asc
ncols 312
nrows 215
xllcorner -13
yllcorner 27
cellsize 0.041666666666667
NODATA_value -9999
[rows 144 to 179 of 215, columns 81 to 161 of 312]
0 0 0 0 0 0 0 0 0 0 0 0 0 0 0 0 0 0 0 0 33.7121 47.45411 50.14455 98.74284 57.02629 50.47712 108.2161 72.58418 55.46883 55.276 51.53731 49.31724 48.82042 40.04306 37.22564 37.22564 27.53753 17.48601 11.73919 11.73919 11.52959 8.530522 8.596974 8.887107 12.79927 13.65776 13.35052 6.977816 6.937614 6.989305 8.558454 8.469807 8.324072 9.17278 9.562134 9.497674 9.497674 9.497674 9.497673 9.497674 6.477544 2.772264 2.560354 2.560354 3.477061 4.068679 4.068678 4.068679 4.088842 4.878731 5.896663 5.896763 5.896763 5.896763 5.832685 4.592275 3.477925 3.43851 3.43851 3.43851 3.43851
0 0 0 0 0 0 0 0 0 0 0 0 0 0 0 0 0 0 0 0 27.75204 23.81042 23.47441 23.4826 24.75383 21.10881 46.68861 68.33483 53.8992 54.42839 51.71338 49.26258 37.15229 34.80433 35.34898 32.85793 29.54541 24.89722 13.787 11.73919 11.73919 10.76738 8.585406 8.288299 8.257463 10.39655 9.847116 6.937659 6.937614 6.937615 6.937614 6.937614 6.937615 6.937614 8.36719 9.497673 9.497674 9.497673 9.497673 9.237062 3.770057 2.560354 2.560354 2.560354 2.654917 2.941976 3.069732 4.0908 5.537098 5.896763 5.896763 5.896763 5.896763 5.896762 5.568797 3.43851 3.43851 3.43851 3.43851 3.43851 3.43851
0 0 0 0 0 0 0 0 0 0 0 0 0 0 0 0 0 0 0 33.98327 33.98328 26.47323 23.47441 23.47441 21.06955 19.62541 19.62541 20.16423 24.96788 37.701 40.55722 49.31724 36.58958 30.66156 27.40114 26.08817 25.78729 24.11102 15.77689 10.03213 9.659535 9.008044 8.576597 8.231826 8.231826 8.231826 7.775938 7.393093 6.942325 6.937614 6.679425 6.743053 6.22532 6.63168 7.883021 9.497674 9.497674 9.015159 6.950615 4.623034 2.560354 2.560354 2.560354 2.560354 2.560354 2.560354 2.560354 3.321457 5.391923 5.896762 5.896763 5.896762 5.896763 5.829552 4.341162 3.43851 3.43851 3.43851 3.43851 3.43851 3.43851
0 0 0 0 0 0 0 0 0 0 0 0 0 0 0 0 0 0 33.98328 33.98327 33.98328 24.62449 23.47441 22.90356 19.62541 19.62541 19.62541 19.62541 21.72096 24.08855 26.76315 31.41765 27.29878 25.60259 25.78553 22.91677 21.19636 20.31708 16.41438 13.64898 11.685 8.815075 8.78638 8.28712 8.231825 7.962097 6.937185 5.069214 5.553766 5.607563 3.411992 3.17872 3.156019 3.162831 6.006968 7.163703 4.839607 2.752925 2.560354 2.560354 2.560354 2.560354 2.560354 77.11419 2.560354 2.560354 2.560354 2.560354 2.601485 5.110837 5.896763 5.896762 5.691421 4.011068 3.43851 3.43851 3.43851 3.43851 3.43851 3.43851 3.43851
0 0 0 0 0 0 0 0 0 0 0 0 0 0 0 0 0 33.98327 33.98327 33.98328 33.98328 30.79566 23.79487 23.47111 21.05575 19.73902 19.62641 19.70534 21.81207 24.08855 24.08855 24.08855 24.70973 29.11916 23.16126 21.02643 19.76573 19.07894 16.27289 20.00297 23.25392 14.21106 10.03276 8.266266 8.231825 7.061397 4.825275 3.156019 3.156019 3.156019 3.156019 3.156019 3.153617 2.883835 2.666797 2.560354 2.560354 2.560354 2.560354 2.560354 2.560354 2.560354 2.560354 672.0762 172.3942 2.560354 2.560354 2.560354 2.560354 3.261698 5.583625 5.478104 3.755251 3.43851 3.43851 3.43851 3.43851 3.43851 3.43851 3.43851 3.43851
0 0 0 0 0 0 0 0 0 0 0 0 0 0 0 0 46.66137 40.07054 34.0897 33.98328 43.95909 407.502 783.2531 260.3014 21.51213 20.65714 20.37109 20.8926 49.27427 46.35272 41.17574 28.1031 30.42457 36.61029 40.22862 21.29822 18.44096 19.62963 60.90467 94.67469 53.76728 16.17493 14.5528 5.870031 5.846775 5.079478 4.605881 3.156019 3.156019 3.156019 3.156019 3.106261 2.782908 2.560354 2.560354 2.560354 2.560354 2.560354 2.560354 2.560354 3.592469 6.637602 6.330982 4.690804 2.066106 1.997314 1.928524 1.859736 1.656233 1.772988 2.365415 3.574614 3.43851 3.43851 3.43851 3.43851 3.43851 3.43851 3.43851 3.43851 3.43851
0 0 0 0 0 0 0 0 0 0 0 0 0 0 0 46.74347 46.74348 46.74348 39.29343 33.98327 33.98327 900.8811 1042.664 72.00603 20.85793 20.85793 20.9614 28.70018 37.59628 65.91167 70.78785 67.33301 48.39378 49.34525 33.78928 21.60774 14.34969 12.94958 54.60876 65.05501 9.332212 12.48517 9.645268 5.51627 5.484313 5.032111 4.411462 3.156019 3.156019 3.156019 3.156019 3.108085 2.629045 2.560354 2.560354 2.560354 2.560354 2.560354 2.560354 4.192477 10.90563 11.95541 11.95541 9.012523 1.367991 1.367991 1.367991 1.367991 1.367991 1.367991 1.839995 3.43851 3.43851 3.43851 3.43851 3.43851 3.43851 3.43851 3.43851 3.43851 3.43851
0 0 0 0 0 0 0 0 0 0 0 0 0 0 29.48546 46.49897 46.74347 46.74347 46.24673 42.12128 37.41589 269.5818 219.6022 31.41942 22.91429 20.85793 25.16833 36.35031 36.3503 36.56064 46.2781 53.82143 38.76115 30.45698 21.64115 20.68322 12.81473 12.36102 10.07407 8.228288 5.83927 5.51627 5.51627 5.51627 5.314495 5.026707 4.100057 3.156019 3.156019 3.156019 3.156019 3.156019 3.059791 2.741114 2.560792 2.560354 2.560354 3.486291 7.993724 11.40635 11.95541 11.95541 11.95541 10.39926 1.367991 1.367991 1.367991 1.367991 1.367991 1.367991 1.739874 3.283123 3.43851 3.43851 3.43851 3.43851 3.43851 3.43851 3.43851 3.43851 3.43851
0 0 0 0 0 0 0 0 0 0 0 0 0 710.8863 263.2754 44.51333 46.74348 47.32271 50.35951 50.41761 41.48856 37.76983 37.76983 37.76983 35.49661 26.30888 21.63057 33.55095 36.35031 34.79979 31.74574 29.92153 32.19793 24.34783 21.63839 19.67754 12.60305 10.52549 9.78346 9.78346 7.660877 5.497545 5.369079 5.389827 5.034471 5.026707 3.730573 3.156019 3.156019 3.156019 3.156019 3.156019 3.156019 3.156019 3.078275 2.751388 2.762169 12.55515 14.44096 11.95541 11.95541 11.95541 11.95541 10.48989 1.367991 1.367991 1.367991 1.367991 1.367991 1.367991 1.367991 1.404245 1.825808 3.284238 3.43851 3.43851 3.43851 3.43851 3.43851 3.43851 3.43851
0 0 0 0 0 0 0 0 0 0 0 0 0 33.36773 68.24538 46.00619 44.98495 41.87975 50.34289 50.41761 49.96971 44.30898 37.99313 37.76983 36.63761 25.04713 20.42762 21.74659 35.86974 32.53711 35.98849 42.8941 42.78619 22.46372 21.63839 16.16186 13.7358 12.55124 9.974771 9.783459 9.344113 5.184162 5.026706 5.026706 5.026706 5.026706 3.422324 3.156019 3.156019 3.156019 3.156019 3.156019 3.156019 3.156019 3.156019 2.895503 9.69449 15.83081 13.8143 11.95541 11.95541 11.95541 11.95541 6.800466 1.367991 1.367991 1.367991 1.367991 1.367991 1.367991 1.367991 1.367991 1.367991 2.16199 3.43851 3.43851 3.43851 3.43851 3.43851 3.43851 3.365528
0 0 0 0 0 0 0 0 0 0 0 0 0 29.34804 29.85157 38.20465 35.92158 42.93304 48.99289 49.61446 50.41402 50.41761 38.36996 37.76983 37.76983 36.97165 21.25845 20.42762 35.26811 44.41752 54.54394 30.21944 30.18042 19.81202 15.47618 14.35893 14.34208 14.34208 12.21441 9.783459 8.583545 5.026706 5.026706 5.026707 5.026707 5.026706 4.073021 3.156019 3.156019 3.156019 3.156019 3.156019 3.156019 3.386898 4.132917 6.88448 15.77881 14.10943 11.95541 11.95541 11.95541 11.95541 10.94964 1.91024 1.367991 1.367991 1.367991 1.367991 1.367991 1.367991 1.367991 1.367991 1.367991 2.578209 3.43851 3.43851 3.43851 3.43851 3.43851 3.409517 1.912183
0 0 0 0 0 0 0 0 0 0 0 0 29.34804 29.43909 32.10192 35.36573 35.36573 42.12072 48.82645 48.82645 47.40592 42.12896 37.38575 45.77258 43.34575 68.57327 32.44839 23.54457 24.82314 50.69182 65.22813 23.45416 20.06974 18.38811 14.90276 14.34208 14.34208 14.34208 13.29332 9.198687 6.899471 4.282396 3.951994 4.097806 5.026707 5.026707 5.014865 4.136591 3.182436 3.156019 3.156019 5.060232 13.90542 15.64966 15.75572 15.42523 15.82976 14.19402 13.38329 13.15389 13.13331 12.47711 6.826455 1.367991 1.367991 1.367991 1.367991 1.367991 1.367991 1.367991 1.367991 1.367991 1.367991 1.837985 3.420356 3.43851 3.43851 3.43851 3.43851 3.435905 1.544289
0 0 0 0 0 0 0 0 0 0 0 487.3679 34.70891 35.22398 35.15725 35.36573 35.36572 34.66264 31.092 33.19631 25.60778 31.85564 35.73244 51.31939 73.26198 74.97484 53.72408 38.61581 40.65995 53.87517 63.72424 23.04428 20.06968 20.06968 18.916 14.08981 4.450937 3.718409 3.240301 3.23014 3.23014 3.23014 3.23014 3.347279 4.738766 4.985152 3.759728 4.555827 3.422801 3.152991 2.842289 11.34961 15.83105 15.83105 15.83105 12.61245 12.81424 13.7675 13.7675 13.7675 13.7675 13.19068 3.730196 1.367991 1.367991 1.367991 1.367991 1.367991 1.367991 1.367991 1.367991 1.367991 1.367991 1.367991 2.463449 3.43851 3.43851 3.43851 3.43851 2.866292 0
0 0 0 0 0 0 0 0 0 0 1519.174 890.2266 28.32032 23.16525 23.0471 30.36143 34.40733 33.81369 30.19723 23.35055 144.4082 125.6212 35.73376 59.84159 67.33122 64.01453 46.09642 39.23975 39.23975 36.66249 37.71236 23.83987 20.06968 20.06968 19.55022 13.98115 3.23014 3.23014 3.23014 3.23014 3.23014 3.23014 3.23014 3.23014 3.307923 2.780913 1.719746 1.719792 1.719746 2.120857 1.731124 3.439107 14.85268 15.83105 13.7427 1.916522 7.578845 13.7675 13.7675 13.7675 13.7675 11.79444 2.10992 1.367991 1.367991 1.367991 1.367991 1.367991 1.367991 1.367991 1.367991 1.367991 1.350921 1.365828 1.376858 2.633552 3.352134 2.860546 1.88609 0 0
0 0 0 0 0 0 0 0 0 0 136.3215 19.67612 15.98681 15.98681 15.98681 18.2676 21.94199 34.19325 33.33406 24.10922 39.52948 35.03576 41.92446 57.39794 32.45688 26.61474 36.91489 41.09303 37.55624 31.26857 31.16354 23.93523 13.47539 13.89425 7.696693 11.06471 3.23014 3.23014 3.23014 3.23014 3.23014 3.23014 3.23014 3.23014 2.669663 1.719746 1.719746 1.719746 1.719746 1.719746 1.719746 1.719746 10.04599 9.630229 1.798712 1.187126 2.820737 13.07415 13.7675 13.7675 13.01308 7.449128 1.367991 1.367991 1.367991 1.367991 1.367991 1.367991 1.367991 1.367991 1.367991 1.361071 0 0 0 0 0 0 0 0 0
0 0 0 0 0 0 0 0 0 17.74712 17.74712 17.72474 16.67987 15.98681 16.15098 20.38872 21.90738 27.83038 28.58363 31.74206 25.29961 12.43737 32.42389 30.43465 26.61474 26.61474 35.15716 46.64349 43.47807 30.81339 19.46231 9.056222 4.594891 4.450165 4.450165 8.516435 3.23014 3.23014 3.23014 3.23014 3.23014 3.23014 3.23014 3.191876 1.887134 1.719746 1.719746 1.719746 1.719746 1.719746 1.719747 1.719747 2.556553 1.187126 1.187126 1.187126 1.187126 5.64924 13.67945 13.7675 8.11237 1.367991 1.367991 1.367991 1.367991 1.367991 1.367991 1.367991 1.367991 1.367991 1.26461 0.7941797 0 0 0 0 0 0 0 0 0
0 0 0 0 0 0 0 11.24398 11.6457 15.74943 14.6796 17.71357 17.29415 15.98681 17.02635 20.31941 20.46562 20.47213 22.72602 16.512 9.019104 9.136289 14.99871 25.40077 26.62437 32.54653 45.63805 46.64349 46.63361 18.37202 10.1167 10.1167 9.349221 5.070807 4.450165 4.621274 3.456012 3.23014 3.23014 3.23014 3.23014 3.23014 3.23014 3.23014 2.406358 1.719746 1.719746 1.719746 1.719746 1.719746 1.719746 1.719746 1.636353 1.193142 1.187126 1.187126 1.187126 1.187126 4.880875 12.93376 8.626378 1.367991 1.367991 1.367991 1.367991 1.367991 1.367991 1.36746 0.9867504 0 0 0 0 0 0 0 0 0 0 0 0
0 0 0 0 0 0 11.24398 11.24398 11.24398 11.24398 11.24398 15.52497 15.93016 13.90413 16.08201 20.46562 20.78251 22.63424 23.35054 19.37144 9.145436 137.0569 55.43409 27.80354 34.63347 44.94389 46.64349 46.64349 42.89934 10.1167 10.1167 10.1167 10.1167 5.958809 4.450165 4.450166 4.194125 3.230139 3.230139 3.23014 3.230139 3.23014 3.230139 3.230139 2.881221 2.039709 1.719746 1.719746 1.719746 1.719746 1.719746 1.719746 1.59558 1.247384 1.187126 1.187126 1.187126 1.187126 1.187126 2.572873 2.655022 1.328149 1.367991 1.367991 1.367991 1.367991 1.321965 0 0 0 0 0 0 0 0 0 0 0 0 0 0
0 0 0 0 0 11.24398 11.24398 11.24398 11.24398 11.24398 11.24398 12.07406 12.0681 12.02612 13.81055 17.91937 13.76974 20.67132 23.23755 19.26478 16.41155 528.5832 148.6589 23.89071 28.55828 29.5229 37.86098 46.64349 44.73435 9.617397 5.562559 9.87555 10.11327 6.83152 5.110585 4.450165 4.21446 3.256441 3.230139 3.23014 3.230139 3.23014 3.230139 3.230139 3.122786 2.28921 1.768901 1.719746 1.719746 1.719746 1.719746 1.719746 1.719746 1.54091 1.187126 1.187126 1.187126 1.187126 1.187126 1.187126 1.187126 1.214878 1.361533 1.367991 1.327835 0.7604079 0 0 0 0 0 0 0 0 0 0 0 0 0 0 0
0 0 0 0 1.602289 4.881201 10.11328 10.8404 10.65754 10.89233 11.22127 11.58156 12.02612 11.2115 8.153421 7.477613 7.311271 7.465391 14.51103 18.91561 18.80458 7.690551 5.082299 9.082371 28.55829 25.48048 5.804205 21.3253 4.852806 1.515425 1.515425 7.503032 10.1167 9.226654 4.456393 3.958899 3.260716 3.23014 3.23014 3.23014 3.23014 3.23014 3.23014 3.014542 2.17244 2.025722 2.002248 1.884493 1.719746 1.719746 1.719746 1.719746 1.719724 1.470038 1.187126 1.187126 1.187126 1.187126 1.187126 1.187126 1.187126 1.187126 1.267314 1.352208 0 0 0 0 0 0 0 0 0 0 0 0 0 0 0 0 0
0 0 0 1.602289 1.602289 1.602289 2.102092 9.092394 9.181256 9.184156 11.26733 12.02372 11.18304 7.601312 7.311271 7.311271 7.311271 7.311271 7.311271 12.70636 9.504446 1.515425 1.515425 2.722823 26.68766 6.685303 1.515425 1.515425 54.38793 7.079679 1.515425 2.693378 5.961666 3.701697 3.999572 3.700947 3.23014 3.23014 3.23014 3.23014 3.23014 3.23014 2.872606 2.086422 2.025722 2.025722 2.025722 1.887282 1.719746 1.719746 1.719746 1.719736 1.415106 1.187126 1.187126 1.187126 1.187126 1.187126 1.187126 1.187126 1.187126 1.185485 0.867 0 0 0 0 0 0 0 0 0 0 0 0 0 0 0 0 0 0
0 0 0 1.602289 1.602289 1.602289 2.797067 9.062704 14.96523 29.47487 24.15972 12.10985 23.56902 467.0516 7.311271 7.311271 7.16877 6.850739 7.288974 5.095084 2.406417 1.515425 6.264522 16.35435 13.36473 1.515425 1.515425 87.74353 214.0342 23.36475 1.515425 1.515425 1.515425 1.934751 3.314016 3.23014 3.23014 3.23014 3.23014 3.23014 3.229839 3.160318 2.091429 2.025722 2.025722 2.025722 2.025722 1.833906 1.719746 1.719746 1.719746 1.57203 1.187126 1.187126 1.187126 1.187126 1.187126 1.187126 1.187126 1.187126 1.007747 0 0 0 0 0 0 0 0 0 0 0 0 0 0 0 0 0 0 0 0
0 1.602289 1.602289 1.602289 1.602289 1.602289 3.37127 8.480865 8.4627 10.46495 8.426546 8.426546 715.6818 2637.183 260.6239 4.367971 3.86285 3.618518 3.464858 3.175146 2.668404 5.374048 26.82464 16.23125 3.408097 1.515425 1.515425 1.53187 1.515425 1.515425 1.515425 1.515425 1.515425 2.061858 3.094309 3.23014 3.23014 3.23014 3.23014 3.096971 2.350105 2.050464 2.025722 2.025722 2.025722 2.025723 2.025722 1.963047 1.719746 1.719746 1.719746 1.305167 1.187126 1.187126 1.187126 1.187126 1.187126 1.187126 0.9697851 0 0 0 0 0 0 0 0 0 0 0 0 0 0 0 0 0 0 0 0 0 0
1.602289 1.602289 1.602289 1.602289 1.602289 1.602289 6.118357 8.426546 8.426546 8.426546 8.212455 6.016818 838.0643 1598.061 209.6123 3.826142 3.826142 3.822008 3.262499 3.175146 3.132307 1.760492 3.097161 1.599315 1.515425 1.515425 1.515425 1.515425 1.515425 1.515425 1.515425 1.515425 1.515425 1.557246 3.052481 3.23014 3.23014 3.230031 2.801311 2.10386 2.025722 2.025722 2.025722 2.025722 2.025722 2.025722 2.025722 2.001239 1.824998 1.719746 1.719746 1.253494 1.187126 1.187126 1.187126 1.187126 1.180557 0 0 0 0 0 0 0 0 0 0 0 0 0 0 0 0 0 0 0 0 0 0 0 0
1.602289 1.602289 1.602289 1.602289 1.602289 1.602289 5.58021 7.787862 7.962364 8.391953 5.810861 3.826142 3.826142 3.826142 3.826142 3.826142 3.826142 3.705868 3.18652 3.175146 2.312743 1.515425 1.515425 1.515425 1.515425 1.515425 1.515425 1.515425 1.515425 1.515425 1.515425 1.515425 1.515425 1.515425 2.244998 2.806438 2.686487 2.338706 2.025722 2.025722 2.025722 2.025722 2.025722 2.025722 2.025722 2.025722 2.025722 2.025722 2.025201 1.789999 1.718252 1.245338 1.187126 1.187126 1.187126 1.062609 0 0 0 0 0 0 0 0 0 0 0 0 0 0 0 0 0 0 0 0 0 0 0 0 0
1.602289 1.602289 1.602289 1.602289 1.6348 1.686974 2.010908 3.566737 3.826142 3.925153 3.826147 3.826142 3.826142 3.826142 3.826142 3.826142 3.654504 3.216706 3.175146 3.175146 2.83325 1.779939 1.515425 1.515425 1.515425 1.515425 1.515425 1.515425 1.515425 1.515425 1.515425 1.515425 1.515425 1.515425 1.515425 1.761931 2.025722 2.025722 2.025722 2.025722 2.025722 2.025722 2.025722 2.025722 2.025722 2.025722 2.025722 2.025722 2.025722 1.898542 1.380242 1.187126 1.187126 1.187126 1.216082 0 0 0 0 0 0 0 0 0 0 0 0 0 0 0 0 0 0 0 0 0 0 0 0 0 0
1.602289 1.602289 1.610412 1.766187 1.900128 1.908609 2.270723 3.732811 3.826142 3.826142 3.826142 3.826142 3.826142 3.826142 3.826142 3.64637 3.187755 3.175146 3.175146 3.175146 3.175146 2.21396 1.515425 1.515425 1.515426 1.515425 1.515425 1.515425 1.515425 1.515425 1.515138 1.456105 1.515425 1.515425 1.515425 1.918367 2.025722 2.025722 2.025722 2.025722 2.025722 2.025722 2.025722 2.025723 2.025722 2.025722 2.025722 2.025722 2.025722 1.858184 1.187126 1.187126 1.187126 1.224706 0 0 0 0 0 0 0 0 0 0 0 0 0 0 0 0 0 0 0 0 0 0 0 0 0 0 0
1.365172 1.044392 1.17271 1.908609 1.908609 1.908609 3.058847 3.683571 3.826142 3.826142 3.826142 3.826142 3.826142 3.826142 3.767587 3.24303 3.175146 3.175146 3.175146 3.175146 3.175146 2.918176 2.278454 1.515425 1.515425 1.515425 1.515425 1.515425 1.515425 1.515425 1.056112 0.4345379 0.9086468 1.465035 1.515425 1.6648 1.995327 2.025722 2.025722 2.025722 2.025722 2.025722 2.025722 2.025722 2.025722 2.025722 2.025722 2.025722 2.025722 1.991548 1.19348 1.189047 1.230429 0 0 0 0 0 0 0 0 0 0 0 0 0 0 0 0 0 0 0 0 0 0 0 0 0 0 0 0
0.7118908 0.7118908 1.0754 1.906029 1.908609 1.908609 2.488609 3.587442 3.661246 3.742851 3.826142 3.826142 3.826142 3.750217 3.273174 3.175146 3.175146 3.175146 3.175146 3.175146 3.175146 3.175146 2.730516 1.515425 1.515426 1.515425 1.515425 1.517417 1.2914 0.7515513 0.3880284 12.51544 0.372795 0.5740792 1.355355 1.515425 1.704203 1.870617 2.025722 2.025722 2.025722 2.025722 2.025722 2.025722 2.025722 2.025722 2.025722 2.025722 2.025722 1.912453 0 0 0 0 0 0 0 0 0 0 0 0 0 0 0 0 0 0 0 0 0 0 0 0 0 0 0 0 0 0 0
0.7118908 0.7118908 0.7118908 1.234209 1.906395 2.277713 3.389964 3.587425 3.587425 3.636061 3.826142 3.826142 3.707185 3.252108 3.175146 3.175146 3.175146 3.175146 3.175146 3.175146 3.175146 3.146358 1.839614 1.518245 1.540051 1.558437 1.576349 1.587758 0.8908257 68.33784 118.919 115.2913 0.372795 0.372795 0.4472471 0.8717083 1.097009 1.18275 1.835469 2.025722 2.025722 2.025722 2.025722 2.025722 2.025722 2.025722 2.023272 1.793197 0 0 0 0 0 0 0 0 0 0 0 0 0 0 0 0 0 0 0 0 0 0 0 0 0 0 0 0 0 0 0 0 0
0.7118908 0.7118908 1.116414 2.734354 3.394703 3.551145 3.587425 3.587425 3.587425 3.669082 3.826142 3.187251 2.128945 3.086749 3.175146 3.175146 3.175146 3.175146 3.175145 3.175146 3.175146 2.38025 1.546912 1.581798 1.588888 1.588888 1.588888 1.588888 0.9828205 80.51967 109.0461 69.24423 0.372795 0.372795 0.372795 0.372795 0.372795 0.372795 0.3954939 0.8939281 1.71526 2.025722 2.025723 2.025723 2.025722 2.025722 2.00711 0 0 0 0 0 0 0 0 0 0 0 0 0 0 0 0 0 0 0 0 0 0 0 0 0 0 0 0 0 0 0 0 0 0
0.7118908 0.7118908 1.028167 3.375224 3.587425 3.587426 3.587425 3.587425 3.516356 3.033015 2.588529 1.947916 2.197493 3.174372 3.175146 3.175146 3.175146 3.175146 3.175146 3.142483 2.535186 1.626404 1.588888 1.588888 1.588888 1.588888 1.588888 1.588888 0.8318682 0.372795 0.372795 0.372795 0.372795 0.372795 0.372795 0.372795 0.372795 0.372795 0.372795 0.372795 0.4988264 2.011575 2.025722 2.025722 2.025722 2.025722 2.010747 0 0 0 0 0 0 0 0 0 0 0 0 0 0 0 0 0 0 0 0 0 0 0 0 0 0 0 0 0 0 0 0 0 0
0.7118908 0.9718612 1.697854 2.199414 2.644583 3.123055 3.142811 2.693459 2.055187 1.946967 1.946967 1.946967 2.274203 3.172377 3.175146 3.175146 3.175146 3.153323 2.579495 1.798003 1.588888 1.588888 1.588888 1.588888 1.588888 1.588888 1.588888 1.588635 0.6549261 0.372795 0.372795 0.372795 0.372795 0.372795 0.372795 0.372795 0.372795 0.372795 0.372795 0.372795 0.4145862 1.7337 2.025722 2.025722 2.025722 2.025722 2.013031 0 0 0 0 0 0 0 0 0 0 0 0 0 0 0 0 0 0 0 0 0 0 0 0 0 0 0 0 0 0 0 0 0 0
1.666453 2.141183 2.150493 2.150494 2.009733 1.946967 1.946967 1.946967 1.946967 1.946967 1.946967 1.946967 1.946967 2.69769 3.175146 3.115549 2.621611 1.829274 1.588888 1.588888 1.588888 1.588888 1.588888 1.588888 1.155803 0.7127618 0.8302478 0.359651 0.2572404 0.372795 0.372795 0.372795 0.372795 0.372795 0.372795 0.372795 0.372795 0.372795 0.372795 0.372795 0.372795 0.5146101 1.750391 2.025722 2.025722 2.025722 2.014029 0 0 0 0 0 0 0 0 0 0 0 0 0 0 0 0 0 0 0 0 0 0 0 0 0 0 0 0 0 0 0 0 0 0
2.150494 2.150494 2.150494 2.150494 2.066011 1.946967 1.946967 1.946967 1.946967 1.953052 1.994206 2.041843 2.048728 1.675224 1.677765 1.589662 1.588888 1.588888 1.588888 1.588888 1.588888 1.588888 1.588888 1.083018 0.09644782 0.09642769 0.09642768 0.09642769 0.1468067 0.3726818 0.372795 0.372795 0.372795 0.372795 0.372795 0.372795 0.372795 0.372795 0.372795 0.372795 0.372795 0.372795 0.5266573 1.76659 2.025722 2.025723 2.01286 0 0 0 0 0 0 0 0 0 0 0 0 0 0 0 0 0 0 0 0 0 0 0 0 0 0 0 0 0 0 0 0 0 0
2.150494 2.150494 2.150494 2.150494 2.148979 2.126907 2.133266 2.139625 2.145984 2.150355 2.150494 2.150494 2.11349 1.6184 1.588888 1.588888 1.588888 1.588888 1.588888 1.588544 1.423691 1.122149 0.8206316 0.2490164 0.09642769 0.09642769 0.09642769 0.09642769 0.09642769 0.3125139 0.372795 0.372795 0.372795 0.372795 0.372795 0.372795 0.372795 0.372795 0.372795 0.372795 0.372795 0.372795 0.372795 0.5364864 1.769969 2.025722 2.015949 0 0 0 0 0 0 0 0 0 0 0 0 0 0 0 0 0 0 0 0 0 0 0 0 0 0 0 0 0 0 0 0 0 0
