Scenarios/Heterogeneous/data/country_data_population_distribution/processed/density_grids/mar.asc
ncols 312
nrows 215
xllcorner -13
yllcorner 27
cellsize 0.041666666666667
NODATA_value -9999
[rows 72 to 107 of 215, columns 81 to 161 of 312]
0 0 0 0 0 0 0 0 0 0 0 0 0 0 0 0 0 0 0 0 0 0 0 0 0 0 0 0 0 0 0 0 0 0 0 0 0 0 0 0 0 0 0 119.0337 117.5308 117.9265 118.4532 117.5308 72.40893 46.30602 35.26741 120.9711 130.1256 84.15884 72.90004 73.33729 73.55447 917.3426 184.7604 131.7433 97.85248 75.81809 47.07443 46.8144 47.06384 46.72289 41.11513 78.11348 41.64892 58.63861 60.30473 100.1497 201.0101 66.06643 66.07105 71.16383 77.82641 98.52394 101.0925 127.2595 120.6521
0 0 0 0 0 0 0 0 0 0 0 0 0 0 0 0 0 0 0 0 0 0 0 0 0 0 0 0 0 0 0 0 0 0 0 0 0 0 0 0 0 0 122.1242 119.1338 108.1466 117.5308 117.5308 116.8682 58.52305 35.26741 39.17135 128.0591 130.1683 77.98574 75.69817 74.67859 74.40343 140.3641 192.8435 178.3838 104.5304 92.1759 40.37676 38.64504 39.47264 40.49866 37.35431 37.313 45.12892 61.69213 60.14297 60.48623 66.01582 66.06644 67.29103 68.92015 105.5856 132.4651 132.4158 124.6794 573.2427
0 0 0 0 0 0 0 0 0 0 0 0 0 0 0 0 0 0 0 0 0 0 0 0 0 0 0 0 0 0 0 0 0 0 0 0 0 0 0 0 0 122.1242 122.1242 101.5621 79.05147 92.89684 114.8523 110.8329 107.578 70.14427 35.26829 102.0762 130.6821 117.4779 113.5965 102.8423 92.20902 159.9112 192.8435 162.8143 104.8647 92.88604 66.95591 39.68541 37.41533 37.41534 39.06934 58.54601 62.73514 66.08626 72.05322 68.0495 68.2015 67.76879 68.3632 69.29524 81.81845 97.31702 95.1553 89.25377 89.24889
0 0 0 0 0 0 0 0 0 0 0 0 0 0 0 0 0 0 0 0 0 0 0 0 0 0 0 0 0 0 0 0 0 0 0 0 0 0 0 78.88301 121.4009 122.1242 122.1242 96.24562 80.90006 81.50924 105.0608 108.2214 110.6797 93.44045 1445.637 54.49392 123.2264 114.7356 114.7356 111.3601 103.4122 133.251 167.952 156.2117 104.5898 104.3118 89.32755 37.15413 37.41533 37.41534 37.41533 55.97216 58.75018 57.06993 80.28864 75.33739 70.19361 68.39723 68.44217 73.02917 79.98016 74.00204 86.47613 89.24934 84.85597
0 0 0 0 0 0 0 0 0 0 0 0 0 0 0 0 0 0 0 0 0 0 0 0 0 0 0 0 0 0 0 0 0 0 0 0 0 0 73.53106 73.53105 90.12675 122.1242 122.1242 122.0723 96.35653 85.42108 129.8915 131.8581 135.2089 135.7454 142.8459 219.2542 137.3962 114.7356 113.1781 112.5007 105.678 97.05642 100.0781 117.8026 115.0176 95.33115 35.63707 34.26469 37.19576 41.55331 49.24737 52.86617 53.15796 55.45079 77.05709 86.68321 100.7226 101.4935 174.9775 144.1197 99.30589 73.32521 73.32521 72.79135 77.41898
0 0 0 0 0 0 0 0 0 0 0 0 0 0 0 0 0 0 0 0 0 0 0 0 0 0 0 0 0 0 0 0 0 0 0 0 0 375.2315 422.9362 73.53106 73.65275 112.2236 121.9247 116.2919 87.8093 87.06829 144.1856 145.866 151.8212 156.6893 173.4393 228.0124 181.7861 124.6453 111.7542 111.5434 111.4919 77.37912 344.6888 110.2625 118.5475 98.11702 33.86877 33.86877 38.91792 59.83984 61.26408 60.67852 54.24138 54.55771 82.00242 84.54538 96.37035 105.0654 104.0773 103.876 100.9312 73.82389 67.85832 64.50718 65.44771
0 0 0 0 0 0 0 0 0 0 0 0 0 0 0 0 0 0 0 0 0 0 0 0 0 0 0 0 0 0 0 0 0 0 0 0 591.6188 107.6098 89.98135 75.26003 74.22591 99.49335 114.2261 112.4368 111.8471 106.988 182.2133 231.4012 203.3153 156.8236 152.7236 162.3185 179.8183 116.5207 112.0446 111.7771 106.3866 76.79424 70.04386 85.08221 115.0026 55.57032 33.86877 33.86877 34.17355 50.0715 62.28136 62.57737 56.98482 55.34637 67.72672 72.61184 85.53521 105.0654 105.0654 93.67245 83.24418 80.59203 65.10195 63.20922 56.30244
0 0 0 0 0 0 0 0 0 0 0 0 0 0 0 0 0 0 0 0 0 0 0 0 0 0 0 0 0 0 0 0 0 0 95.10371 95.10371 137.3315 118.1103 94.1965 78.60078 93.96024 109.2228 112.4368 112.4368 112.9716 156.7513 202.5104 259.6193 258.5531 158.2146 146.793 119.4701 2665.205 609.3768 127.0718 117.9854 106.0062 104.9017 81.7805 70.05625 70.08072 42.38898 33.86877 33.86877 33.86877 38.5815 49.96342 55.2946 60.75438 61.41328 57.23885 65.6385 72.96299 79.26272 82.9108 78.11369 81.70896 82.21547 79.81487 74.10516 50.29783
0 0 0 0 0 0 0 0 0 0 0 0 0 0 0 0 0 0 0 0 0 0 0 0 0 0 0 0 0 0 0 0 0 118.137 110.8934 98.41353 95.10371 95.10371 92.51859 93.69621 97.37034 97.51601 107.8007 108.9141 114.3132 456.3315 640.1153 225.1736 178.5181 142.2527 132.2875 119.4701 124.9645 128.1875 218.8272 146.6806 128.3437 97.26569 81.17194 73.03945 70.0788 59.56439 33.86877 33.97935 36.99962 47.02216 48.37212 48.37213 48.37212 60.34902 70.26405 70.10253 70.03883 70.26405 69.73851 68.90263 68.79418 72.50262 81.38846 60.12046 30.55441
0 0 0 0 0 0 0 0 0 0 0 0 0 0 0 0 0 0 0 0 0 0 0 0 0 0 0 0 0 0 0 0 118.137 118.137 118.137 110.4657 95.26929 94.94808 93.93559 94.91635 97.05788 97.37035 97.37034 97.37034 110.1006 169.5938 159.5608 141.8674 126.6807 120.9332 119.4701 119.5206 122.7921 122.5654 262.9698 275.7617 93.19324 61.33245 71.68221 71.8689 71.73235 51.57514 35.41901 35.87998 41.35916 48.37212 48.37212 47.00431 46.48682 50.69106 60.4711 56.19299 58.86118 69.32551 68.79686 68.79418 67.91363 62.34 64.27665 40.38197 29.0364
0 0 0 0 0 0 0 0 0 0 0 0 0 0 0 0 0 0 0 0 0 0 0 0 0 0 0 0 0 0 0 0 118.137 118.137 115.2088 100.6791 96.18488 94.97765 93.61305 93.49747 94.78989 96.78381 96.29444 95.89543 105.9569 126.0461 118.1 135.176 144.3655 138.4129 117.7996 114.8466 105.6506 98.24419 127.4322 215.6975 100.5352 46.92844 47.26972 54.64873 50.56451 36.18634 35.938 35.938 39.34286 37.4071 36.07998 32.67831 33.26997 34.71368 41.0464 55.16745 58.4338 68.7795 68.79418 68.79417 67.99034 62.92081 61.41508 48.28676 33.88527
0 0 0 0 0 0 0 0 0 0 0 0 0 0 0 0 0 0 0 0 0 0 0 0 0 0 0 0 0 0 0 0 118.137 111.8314 104.4688 98.13946 98.13946 95.20778 93.49747 93.49747 93.49551 90.93745 89.4719 89.96664 88.38613 69.74009 56.95032 71.20474 147.6674 188.7633 100.2238 99.93879 97.97148 88.48506 79.36407 55.77495 54.14598 46.92844 44.49342 38.5232 36.56761 36.4346 36.12304 35.938 219.7368 137.6073 32.00256 31.99584 31.99584 31.99514 31.99584 40.38302 63.72199 68.79418 68.79417 67.85936 67.99193 62.03616 61.41508 54.1106 41.06236
0 0 0 0 0 0 0 0 0 0 0 0 0 0 0 0 0 0 0 0 0 0 0 0 0 0 0 0 0 0 0 0 98.13945 98.13945 98.13945 123.9831 106.4875 95.51536 95.39618 91.48962 81.04951 76.5576 77.95553 88.0882 86.92025 60.57075 56.95031 56.95031 97.78386 132.8796 101.0244 100.2195 83.26344 55.92559 55.2509 55.2509 48.84098 37.04164 36.19826 36.41604 36.42517 36.54298 36.1874 35.938 40.70163 33.58852 31.88454 31.25213 30.87499 28.99303 29.31926 30.15253 29.57924 49.38934 58.63448 33.0691 33.90421 44.13888 55.96694 52.24174 41.19675
0 0 0 0 0 0 0 0 0 0 0 0 0 0 0 0 0 0 0 0 0 0 0 0 0 0 0 0 0 0 0 0 98.13946 98.13946 98.13946 103.0182 105.6921 96.06318 94.9802 75.64751 73.51284 73.51284 73.51344 85.76576 72.95096 57.03595 65.90961 58.76817 81.04631 113.9138 194.7091 100.2757 83.29498 55.2509 55.91671 58.13087 39.43334 36.14153 36.14163 36.14582 36.16383 36.55077 36.22795 35.93347 35.71904 32.39672 29.10784 28.03171 28.03171 28.03171 28.03171 28.03171 31.65118 45.88813 40.18102 26.90245 25.63471 27.18133 47.37085 49.41676 44.10424
0 0 0 0 0 0 0 0 0 0 0 0 0 0 0 0 0 0 0 0 0 0 0 0 0 0 0 0 0 0 0 0 98.13945 98.13945 100.1987 115.2368 115.4104 110.7099 95.80302 93.8224 79.66882 77.06715 194.4423 124.9445 77.83654 81.50341 85.91528 64.30314 56.95032 90.61792 113.9476 102.9478 84.3121 57.12024 58.20675 58.76003 40.31157 36.14153 36.15124 41.60639 41.75887 45.79464 31.97237 29.2498 25.2955 25.66597 28.0317 28.03171 28.0317 28.03171 28.0317 28.03171 39.23559 43.5346 40.18101 27.33667 25.63471 25.63471 46.88287 49.14777 49.14777
0 0 0 0 0 0 0 0 0 0 0 0 0 0 0 0 0 0 0 0 0 0 0 0 0 0 0 0 0 0 0 0 3180.833 3883.56 746.5828 115.4104 115.4104 115.359 97.17484 81.53755 78.77168 89.31252 429.2406 138.7786 87.25137 85.24174 80.18244 74.44055 66.55676 67.56728 82.63549 64.58985 54.17151 58.62562 58.76003 57.37293 47.71175 35.79545 42.92707 48.50695 48.50695 46.84346 41.12349 35.58007 23.84703 24.10651 25.98087 27.63573 27.63301 27.25361 28.03171 30.83276 45.20105 41.06184 39.39245 25.92136 25.63471 25.63471 45.75967 49.14777 52.32518
0 0 0 0 0 0 0 0 0 0 0 0 0 0 0 0 0 0 0 0 0 0 0 0 0 0 0 0 0 0 0 0 5586.987 5206.264 1059.944 87.15743 93.69141 95.97248 91.00669 126.5281 78.7844 78.77168 84.61321 82.97049 80.6906 77.84789 76.79996 70.27573 60.71608 56.321 991.9861 50.804 40.91638 42.82283 47.55633 49.24096 33.57926 31.76595 36.74757 48.50695 48.50695 48.5031 47.27372 198.7561 315.4771 23.84703 23.84703 24.36489 24.14229 25.45126 29.38162 43.72503 44.27466 40.18101 40.18101 29.19 25.63471 58.47019 76.59821 49.46144 118.5772
0 0 0 0 0 0 0 0 0 0 0 0 0 0 0 0 0 0 0 0 0 0 0 0 0 0 0 0 0 0 0 0 5586.987 3596.302 80.69181 80.69181 80.69181 84.46534 91.08933 131.45 85.00014 78.82709 79.6045 79.89517 77.88229 64.71727 56.83396 56.41893 56.41893 849.7209 2223.468 99.13994 48.65725 41.26165 38.30114 32.4108 31.64124 31.64124 34.60273 47.87342 44.8315 38.99786 31.04907 1049.103 3592.704 25.10733 24.05934 23.84703 23.84703 23.84703 41.37084 49.67327 48.88998 41.45458 40.18102 30.02512 28.91011 149.6628 105.8046 78.15506 148.0015
0 0 0 0 0 0 0 0 0 0 0 0 0 0 0 0 0 0 0 0 0 0 0 0 0 0 0 0 0 0 0 0 1201.24 1149.724 80.88087 81.2089 80.72358 81.63948 90.40286 90.58606 83.54731 78.85593 78.6955 75.25471 74.93056 62.4223 56.41893 56.41893 56.41894 55.79216 169.209 176.1772 53.70448 43.1545 36.46336 31.64124 31.64125 31.39107 29.2176 32.24149 30.8915 30.85128 30.85128 30.85128 66.08608 30.13524 30.78466 30.0454 30.79699 42.30619 80.12538 49.67326 49.67326 44.98224 40.18102 36.55822 37.07175 179.8287 118.7525 94.97072 156.3326
0 0 0 0 0 0 0 0 0 0 0 0 0 0 0 0 0 0 0 0 0 0 0 0 0 0 0 0 0 0 0 81.8776 81.8776 81.86849 81.82756 81.87761 337.4409 218.7628 96.99254 85.9227 78.9879 78.85593 77.20581 74.93056 74.93056 71.95796 58.54494 56.41894 56.36583 54.5843 53.70448 53.70448 53.70448 49.64336 45.50182 39.53936 40.57545 28.37645 24.90632 26.99038 27.20045 28.9654 30.82083 29.06496 25.58669 26.10394 30.889 30.8941 33.92384 48.93607 83.73724 62.01702 49.67326 49.05941 41.36465 40.18101 59.17307 217.6605 201.3315 132.0684 158.1955
0 0 0 0 0 0 0 0 0 0 0 0 0 0 0 0 0 0 0 0 0 0 0 0 0 0 0 0 0 0 0 93.77 83.16263 81.87761 81.87762 81.87761 603.5491 168.2753 133.2707 89.02394 80.04923 79.28712 77.00702 74.93055 74.93056 74.93056 147.9834 153.1414 53.5297 49.70063 49.80977 49.60587 47.9611 47.21076 47.20868 47.20868 47.20868 35.55003 24.90632 24.90632 24.90632 24.94753 25.60929 24.90632 24.90632 26.30485 30.89001 30.89001 33.66938 34.57876 54.63633 85.86057 79.51149 64.24551 75.90512 47.30297 101.311 235.5264 199.8411 201.1096 164.8386
0 0 0 0 0 0 0 0 0 0 0 0 0 0 0 0 0 0 0 0 0 0 0 0 0 0 0 0 0 0 99.29075 99.29074 97.68875 95.85795 97.11563 81.97865 130.0911 133.6822 133.5437 132.8703 130.0604 109.0652 81.1347 73.30267 71.71935 74.86992 345.3023 627.6366 96.88808 49.6382 49.04617 48.63869 47.20868 47.20868 47.20868 47.20868 47.20868 34.71736 27.42163 29.23833 26.48142 25.81174 24.90632 24.90632 28.89013 30.66532 30.89 30.89001 31.13373 34.02267 36.07329 74.28294 86.55663 81.33694 104.7231 74.21092 513.6352 4072.671 149.0501 149.8159 138.7897
0 0 0 0 0 0 0 0 0 0 0 0 0 0 0 0 0 0 0 0 0 0 0 0 0 0 0 0 0 99.29074 99.29075 99.29075 90.15678 91.32744 100.5061 101.9804 133.2764 133.6822 133.6753 133.2698 130.0685 132.8703 118.5554 61.44957 60.42497 73.1105 101.5514 205.2979 57.41175 59.45818 59.11726 59.95395 52.25339 47.20868 47.20868 44.68451 39.40189 34.1916 44.14831 44.14832 43.74042 42.60136 24.91281 24.90632 26.76739 30.89001 30.89001 30.89001 31.22747 33.0146 34.57876 49.42433 85.10683 82.65073 74.19843 58.26272 121.2241 1152.006 122.0372 78.84951 78.71477
0 0 0 0 0 0 0 0 0 0 0 0 0 0 0 0 0 0 0 0 0 0 0 0 0 0 0 0 99.29074 99.29074 99.15923 90.31243 79.18809 90.71016 100.506 100.506 102.0454 108.0981 110.1298 88.16646 72.20095 119.4508 99.62404 59.45377 59.45377 61.16547 59.45377 59.45376 60.54935 60.98515 60.98515 60.98515 55.13406 48.88711 42.48003 30.05708 29.55017 32.77425 44.14831 44.14831 44.14831 41.24604 24.90632 24.90632 27.85247 30.52927 31.57783 32.66178 34.34785 34.57737 34.13633 34.17808 50.33237 54.91685 54.91685 55.43042 54.91685 54.91685 82.54475 132.456 109.0241
0 0 0 0 0 0 0 0 0 0 0 0 0 0 0 0 0 0 0 0 0 0 0 0 0 0 0 85.925 94.88363 97.39947 90.34989 71.57944 71.03522 72.93595 81.76563 99.062 100.506 100.282 77.23473 67.07328 66.48307 79.8489 59.06061 59.36751 59.35197 59.36155 59.45376 59.45377 60.12921 60.98514 60.98514 60.98514 60.98325 59.07718 36.61692 29.55016 29.55016 30.30591 42.956 44.14831 44.14832 41.85132 26.54216 51.01801 135.5484 27.75969 27.73261 31.50892 33.56275 33.04437 32.85443 32.87466 32.88006 48.71069 55.80709 80.57796 69.74915 79.86848 149.5198 168.5176 141.7806
0 0 0 0 0 0 0 0 0 0 0 0 0 0 0 0 0 0 0 0 0 0 0 0 0 0 85.92499 85.92499 87.88821 86.54844 71.03642 69.95249 68.78761 59.69651 56.31475 65.19777 79.13635 65.77354 64.04439 67.07327 64.1981 58.97662 58.97662 58.97662 58.97662 59.21379 57.63603 56.79892 59.55185 60.95478 60.98515 59.80107 58.90588 41.26928 30.34107 29.55016 29.55016 29.55016 44.6702 44.14831 44.14831 44.55742 28.72128 134.0142 284.7853 27.72692 27.72692 29.2146 31.07054 31.07054 31.70065 32.75378 32.8744 39.44431 86.2963 86.77412 86.77412 147.3935 214.3454 206.2912 165.493
0 0 0 0 0 0 0 0 0 0 0 0 0 0 0 0 0 0 0 0 0 0 0 0 0 108.1125 90.27815 85.92499 85.34734 75.91977 77.06586 78.96029 60.88517 57.15965 52.00101 49.11127 49.11127 49.11127 56.87542 67.07327 62.27122 128.3927 79.99207 58.97662 54.33003 45.25272 40.21108 39.39761 41.16339 50.24059 41.17926 39.5971 42.09208 33.53532 29.55016 29.55016 29.55016 29.55016 99.44988 94.48541 89.6731 100.9946 85.40191 28.89547 27.72692 27.72692 27.72692 29.30075 31.07054 31.07054 31.07054 32.23864 55.62699 81.16885 275.2751 172.5803 90.09753 152.9544 706.2154 601.882 235.9845
0 0 0 0 0 0 0 0 0 0 0 0 0 0 0 0 0 0 0 0 0 0 0 0 108.1125 108.1125 100.2728 94.16515 80.26437 90.0772 163.0829 129.2686 61.67176 51.2089 49.11128 45.9742 42.20283 41.09893 59.46806 64.36031 58.99058 58.97662 58.97663 52.11615 38.90842 38.89028 38.89028 38.89028 38.89028 38.89028 38.89028 38.89028 37.50179 29.66442 29.55016 29.55017 29.55017 29.55017 67.40991 103.4749 103.4749 103.4749 103.4749 36.28939 27.72692 27.72692 29.92863 32.62599 32.64898 31.37589 33.94551 88.46667 108.1276 251.3095 518.1126 181.719 150.7578 172.7038 482.0226 599.9849 291.734
0 0 0 0 0 0 0 0 0 0 0 0 0 0 0 0 0 0 0 0 0 0 0 0 108.1125 108.1125 108.1043 81.96986 71.29598 85.01019 97.50695 80.33978 53.22585 50.34406 47.9552 40.66009 30.42266 30.42266 32.51745 41.29054 52.13725 58.97662 58.97662 51.31401 38.88763 38.76256 38.77351 38.88848 38.89027 38.89027 38.89028 38.89027 36.3681 29.55016 29.55016 29.55016 29.55016 33.19869 100.3772 161.4282 973.0809 185.3967 92.06239 77.89791 74.93423 27.72692 31.45863 34.53492 34.53492 34.30359 53.45716 116.9644 113.0775 98.23675 82.35796 98.6043 140.3925 148.4066 158.8151 176.0712 289.515
0 0 0 0 0 0 0 0 0 0 0 0 0 0 0 0 0 0 0 0 0 0 0 45.18204 79.70897 108.1125 107.8889 93.5477 71.47505 100.4528 112.5161 90.74597 112.4902 65.67011 57.69808 44.72029 32.88197 30.55039 30.42266 27.22476 29.0788 36.54779 40.71216 36.69325 35.85678 36.51792 36.39891 36.48102 37.7502 38.20714 38.07338 37.81231 36.37614 66.00777 84.24183 80.12565 83.22328 106.1498 212.1324 267.5377 490.7539 103.4749 224.726 375.4937 307.6444 95.54243 33.75726 34.53493 49.12942 67.80666 131.0607 122.4075 121.9472 84.24747 79.90546 79.90617 124.0412 147.296 147.296 144.9616 144.0704
0 0 0 0 0 0 0 0 0 0 0 0 0 0 0 0 0 0 0 0 0 0 45.18204 45.18204 48.45037 75.13047 72.59966 71.43525 72.03014 87.43714 97.92506 99.53746 118.7263 78.42493 62.08087 52.07436 43.40568 35.96375 30.58426 28.00569 26.36411 26.36411 26.36411 26.36411 30.39457 36.39891 36.39891 36.39891 36.39891 36.39891 36.39891 36.39891 36.39891 42.06523 637.5825 123.6446 123.6446 257.655 370.5482 395.5609 378.7832 251.1417 2351.335 2398.853 810.1215 250.4479 187.6997 196.4593 203.2281 205.0157 205.5141 141.2927 111.5808 82.85586 79.90546 356.4828 85.37872 125.1252 134.841 135.1837 128.0597
0 0 0 0 0 0 0 0 0 0 0 0 0 0 0 0 0 0 0 0 0 0 45.18204 45.18204 56.63224 76.75318 74.21244 71.58807 71.45655 82.05776 85.19245 112.9271 102.4325 65.08402 62.08419 59.38674 48.82162 36.9525 35.22668 31.52368 27.11529 26.36411 26.36411 26.36411 34.55315 36.39891 36.39891 36.39891 36.39891 36.39891 36.39891 36.39891 38.75441 43.57285 309.2825 117.2315 462.3821 388.1714 345.589 392.4286 392.9793 296.1172 4759.887 20653.02 1192.114 289.792 300.7921 308.7272 307.8481 206.2284 185.6217 179.3825 130.6743 85.54162 85.68307 274.8749 96.85908 70.89725 83.23077 116.2017 83.92133
0 0 0 0 0 0 0 0 0 0 0 0 0 0 0 0 0 0 0 0 0 0 45.18204 45.2433 57.33815 77.64309 77.24982 71.14059 75.77368 75.42261 69.99942 82.02579 108.2663 86.76792 62.32653 60.41976 36.92537 35.45455 273.4113 35.45456 28.76939 26.36411 26.36411 26.36411 33.29489 36.3989 36.39891 36.39891 36.25897 36.39891 36.39891 36.39891 36.52407 38.97065 96.90596 121.3434 369.4894 258.4454 328.8588 393.0064 393.934 305.2174 2293.965 15727.33 1738.053 283.4645 288.8494 291.8994 299.3137 234.1559 201.5599 185.3623 134.2716 108.831 104.7752 100.6009 73.34566 70.89724 70.89725 100.6934 83.50194
0 0 0 0 0 0 0 0 0 0 0 0 0 0 0 0 0 0 0 0 0 48.30481 48.07555 48.1683 61.16018 68.20019 72.0509 68.43071 88.40977 71.76303 68.03514 67.408 91.34517 65.48617 62.22209 40.735 35.45456 35.45456 565.2301 35.45456 31.1573 26.36411 26.36411 105.297 914.0627 176.959 32.96692 30.28913 29.83 34.3243 32.73786 35.45941 36.39891 70.2832 122.6991 128.8193 117.6659 110.6484 294.2676 373.7368 358.5492 748.8967 1470.235 3247.71 2494.26 276.3922 227.3011 226.9607 247.0814 267.7002 1281.257 1377.92 184.784 113.4079 106.1208 104.0339 95.11478 70.89724 70.89724 103.6415 115.0378
0 0 0 0 0 0 0 0 0 0 0 0 0 0 0 0 0 0 0 0 636.4368 467.1679 103.5832 48.30482 48.30481 94.72827 62.74879 74.05907 263.4376 79.46944 68.86932 62.47746 60.31406 57.47379 48.63403 23.13409 26.91025 27.11419 30.70378 29.68171 30.62878 26.15896 26.36411 110.3263 552.3607 51.72002 29.24059 29.14751 29.17469 32.5096 31.2674 29.4475 31.00865 56.05613 88.50069 127.9437 112.1586 91.61006 221.1056 205.1533 268.3734 170.5703 140.6141 344.0516 801.8881 403.4169 229.2108 257.1699 300.7864 273.5062 234.0857 215.9259 170.3827 144.086 120.9506 105.807 88.30396 70.89725 67.56764 88.39456 102.7648
0 0 0 0 0 0 0 0 0 0 0 0 0 0 0 0 0 0 0 636.4367 636.4367 602.5558 173.8249 48.30481 48.30482 48.30481 54.9147 62.29806 61.79819 67.01237 54.29836 53.46386 49.86712 49.04678 33.7589 21.89029 21.89029 21.89029 21.89029 21.89029 21.89029 22.85691 24.68934 90.88387 118.4146 28.25988 28.25988 28.75308 29.17469 29.17469 29.17469 29.17469 29.60949 30.92075 31.16195 57.1288 95.05797 91.61005 92.99911 88.00643 388.9534 103.4046 94.31211 94.31156 151.6788 187.1928 223.6482 261.7995 306.115 203.3279 149.4564 144.1544 144.1544 107.2326 95.81059 105.0128 84.35724 65.82613 60.44786 56.06692 57.50642
