Scenarios/Heterogeneous/data/country_data_population_distribution/processed/density_grids/mdg.asc
ncols 180
nrows 338
xllcorner 43
yllcorner -25
cellsize 0.041666666666667
NODATA_value -9999
[rows 165 to 197 of 338, columns 75 to 149 of 180]
46.87288 45.14925 43.65457 34.74166 34.2774 34.2774 34.2774 42.40519 51.33667 51.33667 82.17058 149.3218 134.8843 172.6246 222.0594 222.8029 87.36282 37.94595 37.94594 37.94594 37.94594 44.00267 70.20455 71.30772 68.06427 68.06427 68.06427 111.9406 118.0502 195.8631 399.5576 1613.872 2692.239 13158.82 10132.64 1644.345 342.57 46.44482 54.58862 36.00817 22.27689 22.2769 35.79643 206.7348 163.3769 52.58719 29.17707 77.7137 153.8624 153.8624 120.2421 8.315576 8.315576 8.315576 8.446852 22.28972 25.60113 60.35036 92.32093 28.35377 24.49639 13.11601 11.85858 11.85858 40.33411 45.03383 36.19806 26.03485 26.03485 85.40527 118.1788 90.18404 19.37614 19.37069 0
19.75575 23.50388 50.48323 53.39355 45.35273 35.34691 34.2774 39.17043 51.33667 51.33667 107.16 153.1544 153.1544 205.0847 222.8224 157.3799 46.12472 37.94594 37.94595 37.94594 37.9715 50.40038 55.57985 66.82646 76.80313 73.0969 74.63387 88.74561 106.3209 179.8076 705.0685 1435.688 8588.923 21460.9 13755.1 3083.922 391.8098 56.28341 78.64091 55.93386 41.47401 44.08625 46.47874 70.74345 64.12135 54.54011 29.17707 31.55198 108.0109 126.5851 63.19768 8.315576 8.315575 8.315576 8.315575 12.48772 25.60112 39.77893 97.59019 52.13577 24.86637 17.09653 11.86808 14.4035 49.44773 46.19417 44.83009 32.3084 20.47928 36.51712 52.51777 35.40813 19.37069 0 0
25.99768 52.03418 56.9553 56.9553 56.9553 49.2978 67.73082 78.4141 51.33667 52.4803 141.4066 153.1544 153.1544 179.7259 175.9705 150.9921 98.75952 52.34245 53.74498 55.14753 56.56704 55.61106 54.3019 70.59846 82.05119 82.05119 81.10812 74.27053 77.20866 152.9959 487.8048 1530.146 5907.621 10395.21 10366.38 743.1274 244.9944 70.14094 83.16497 76.95326 67.6936 67.69361 67.69357 64.24871 64.12135 55.91335 29.17707 29.17707 29.17707 17.20586 8.315576 8.315576 8.315576 8.315576 8.315576 11.4258 25.60113 40.989 97.59019 75.82211 24.86637 24.86637 20.72708 28.21385 55.39598 55.30547 52.77663 55.0337 29.20369 19.37069 19.37069 19.37069 19.37069 0 0
55.43638 56.9553 56.95529 56.9553 57.78006 106.8387 109.247 81.99229 51.33667 85.91325 153.1544 153.1544 153.1544 153.1544 151.9117 119.1885 81.77809 64.88868 151.315 500.0325 57.64671 53.24041 52.14997 58.34069 70.40822 71.43481 133.4515 230.8868 106.063 110.0841 222.8871 2417.064 3403.197 8746.263 5214.141 646.9465 290.9379 89.24001 83.14362 74.54997 67.6936 67.6936 67.6936 64.61975 64.12135 45.51305 29.07249 29.17707 29.17707 17.57272 8.315576 8.315576 8.315576 8.315576 8.315576 13.17141 25.58832 44.05347 97.59019 84.80045 24.86637 24.86637 24.86637 26.67203 40.87475 51.89065 55.39597 55.39598 37.06036 19.37069 19.37069 19.37069 19.37069 0 0
46.48973 55.44667 56.9553 56.9553 61.91417 109.1469 109.2469 96.31934 51.72165 114.8974 152.3642 153.1544 153.1544 153.152 147.3138 145.5635 145.5635 125.9677 88.77751 167.1067 56.19712 52.14997 52.14996 52.14675 44.75415 182.3932 105.8194 181.9826 503.1941 450.7911 288.7359 573.7388 1306.922 4426.663 4352.088 498.7008 441.2728 109.5845 112.0074 73.98233 67.6936 67.6936 67.6936 62.59072 42.44329 24.06109 19.41002 27.46933 29.17707 17.93958 8.315576 8.315576 8.315576 8.315576 8.606876 21.18011 24.27472 34.95374 97.5902 79.69749 24.86637 24.86637 24.86637 24.86637 24.86637 27.96258 52.76064 55.39597 42.25082 19.37069 19.37069 19.37069 0 0 0
38.67093 39.35545 45.92287 54.91981 56.9553 100.1002 109.2469 109.2469 74.32736 65.10884 79.83474 93.96873 157.5712 210.4961 177.6336 148.694 145.5635 142.8591 98.56477 58.41804 56.24242 52.39231 52.14997 48.89549 43.08921 593.0161 268.8661 43.08921 118.8755 390.0817 303.5969 445.2111 674.0756 1451.434 1658.915 886.4557 462.6236 182.3483 107.6283 124.2394 88.21907 93.21974 113.154 49.45592 31.28102 24.8249 16.26753 16.8904 23.96957 18.2687 8.315576 8.315576 8.315576 8.315576 14.72344 23.85057 23.85057 24.48522 64.96925 53.5739 24.86637 24.86637 24.86637 24.86637 24.86637 24.86637 44.05844 55.39597 45.42601 19.37069 19.37069 19.37068 0 0 0
38.67093 38.67093 38.67093 51.59074 94.39339 109.2445 109.2469 107.2838 70.43271 66.66417 75.47146 99.86603 176.5313 234.3062 251.809 237.6343 145.5071 145.5635 145.5635 114.4815 93.76884 75.74195 47.48348 43.36778 43.11121 44.85522 44.85001 51.55975 55.23849 196.5691 242.9491 362.2633 497.4444 792.0333 1040.437 844.7479 474.088 262.4434 96.97461 112.1701 136.9709 137.0607 129.3766 34.53881 31.28102 26.61619 16.26752 16.26752 16.26752 15.29227 9.75708 8.315576 8.315576 8.315576 20.12667 23.85057 23.85057 23.85057 23.85056 23.85325 24.80263 24.86637 24.86637 24.84022 23.88461 24.36992 42.72611 55.01567 40.62849 19.37069 19.37069 0 0 0 0
38.67093 38.67093 38.67093 59.27603 109.2469 109.2469 109.1096 84.09447 68.10703 78.71707 91.14918 117.0836 124.4986 118.7727 133.3633 143.7241 135.6592 145.5635 137.857 108.8842 94.04269 94.04269 67.94685 57.63842 57.08232 55.52619 55.52619 55.52619 55.52619 128.7292 241.4652 355.2526 468.7603 680.1563 806.8651 644.2874 367.6876 270.1479 73.41963 77.19939 97.66753 145.4041 84.29034 31.28102 31.28102 26.87751 16.26752 16.26752 16.26752 16.26753 16.18839 13.23727 9.57504 15.06821 23.83552 23.85057 23.85057 23.85057 23.85057 23.84851 24.73246 24.86637 24.86637 21.0512 19.06777 19.07323 21.9478 55.18589 29.17039 19.37069 19.37069 0 0 0 0
38.67093 38.67093 38.69554 124.4305 125.3704 109.2465 89.60029 69.36507 69.36507 85.9068 91.14918 91.16685 102.2989 104.8369 104.8369 108.5491 131.6151 124.2833 96.35986 94.04269 94.04269 94.04269 90.77977 62.60603 60.21756 55.5262 55.5262 55.5262 55.5262 144.5138 240.1089 283.2085 210.7539 202.8292 167.3565 160.2462 103.1053 151.9272 204.8437 138.9307 84.8835 146.7245 51.5819 31.28102 31.18702 21.70503 16.26752 16.26752 16.26752 16.26752 16.26752 16.23016 20.89197 23.85056 23.85057 23.85056 23.85057 23.85056 18.48265 15.38187 17.19742 24.34454 24.12176 19.21466 19.06777 19.06777 20.12872 30.89095 19.37069 19.37069 0 0 0 0 0
131.3692 116.7019 131.8157 167.8141 123.8224 109.2161 82.23988 69.36506 69.36633 86.19643 91.14918 91.60432 102.0264 104.8368 104.8368 106.0023 128.1964 131.8896 110.5991 94.80946 94.04269 94.04269 78.99717 63.06041 62.9096 85.56563 92.52904 99.29864 83.12073 179.6145 246.6018 299.8959 200.7459 182.167 83.41619 51.30854 39.05012 132.256 252.7707 243.3664 107.2437 114.7392 31.64607 26.16583 20.91953 16.26752 16.26752 16.26752 16.26752 16.18054 15.68184 15.54462 22.67697 23.85057 23.85057 23.85057 23.85057 23.85057 15.70298 14.67589 14.67589 18.16418 21.11209 19.06777 19.06777 19.06777 19.06777 19.07492 19.36438 19.37069 0 0 0 0 0
167.8141 167.8141 167.8141 167.8141 145.4623 109.1815 93.58549 69.36507 69.36507 86.50203 91.14918 91.04099 103.2832 104.8369 104.8369 104.8369 108.8426 110.5144 104.8369 94.15167 80.26798 76.42482 67.38733 61.2436 92.88271 127.1827 132.5564 125.9182 125.4768 170.9658 304.9943 140.4695 70.60256 71.57357 42.83947 39.05013 39.05013 146.3962 242.2634 245.5804 129.2579 107.2308 27.32251 16.26752 16.26752 16.26752 16.26752 16.0914 15.61855 15.51159 15.51157 17.03864 23.05377 23.65887 23.85057 23.85057 23.85056 23.85057 15.56247 14.67589 14.67589 17.1962 19.06818 19.06777 19.2683 20.25233 19.06777 19.06951 19.35503 19.37069 0 0 0 0 0
69.23054 88.96202 108.6929 128.8076 122.7914 109.1802 99.08786 54.43047 58.17609 68.7354 63.50597 56.09292 70.89109 78.98178 96.53873 104.8368 101.1459 64.73692 41.29696 52.85453 66.68404 66.68404 80.43793 152.2039 177.8115 236.1284 276.9533 273.7451 256.8005 262.2679 141.4645 61.67891 69.60376 66.50112 39.92042 39.05012 39.05012 202.8616 244.9362 123.1947 112.111 113.1826 47.46525 16.26753 16.26753 16.25574 15.9685 15.52712 15.51157 15.51157 15.51157 16.43533 22.90145 23.49554 23.85057 23.85057 23.85057 23.85057 17.08992 14.67589 23.89341 37.84959 22.23662 19.92677 30.29021 36.9146 32.32679 26.59535 21.67626 0 0 0 0 0 0
8.236788 8.236788 8.236788 22.55851 65.52471 95.11533 99.07881 54.31002 43.80761 43.63778 43.63778 44.16054 62.55671 67.94765 70.44764 69.46795 32.83236 19.91252 51.21729 78.25022 79.5367 80.8232 81.58102 134.6891 226.4382 240.1617 178.2699 114.7871 65.82699 87.78278 118.6263 112.8857 123.6603 176.0307 40.15125 99.30807 146.853 218.4982 197.368 119.8539 118.6559 118.6674 69.3183 15.97198 15.75952 15.55883 15.51157 15.51157 15.51157 15.51157 15.51157 15.51157 20.12193 23.19462 23.84485 23.85057 25.35782 31.96671 34.28378 16.64284 29.2421 63.01508 61.74869 38.6321 37.28443 37.28443 37.28443 44.33204 58.41883 0 0 0 0 0 0
8.236788 8.236788 13.35151 49.76678 57.32041 75.5163 97.47201 97.47201 86.35418 43.94803 43.63778 43.63778 50.10749 31.89879 35.99649 28.36461 19.91252 23.37211 73.94123 84.23785 82.3221 81.58662 83.84938 136.9929 203.837 146.7273 91.83713 114.3775 132.9594 136.3536 178.9974 260.6937 287.1485 226.788 87.05779 125.6711 189.5331 189.5331 141.2494 118.6689 118.6674 118.6674 75.30224 15.51157 15.51157 15.51157 15.51157 15.51157 15.51157 15.51157 15.51157 15.51157 18.01863 23.05199 31.52502 27.39066 41.21039 44.5218 44.86961 41.21973 27.98491 63.01508 63.56809 45.49184 33.9079 26.78814 24.53957 114.9839 118.5924 0 0 0 0 0 0
8.236788 31.93871 55.37859 57.3204 57.32041 78.25334 96.91421 97.47359 97.47201 68.82174 43.63778 37.01385 20.78985 43.06863 95.07619 101.9525 82.35566 52.57962 60.32916 102.3985 100.6751 80.03621 112.0714 186.2834 205.813 190.8862 143.062 127.9119 124.4568 125.9197 272.4899 302.3776 246.9882 216.17 119.2775 64.42277 184.8506 186.5827 176.9127 140.9317 118.6674 118.6674 75.01356 15.51157 15.51157 15.51157 15.51157 15.51157 15.51157 15.51157 15.51157 15.51157 18.79789 23.05199 43.65051 56.22295 55.39461 44.62017 44.94168 46.67242 51.45809 72.24045 73.16792 73.13591 24.20016 20.09592 40.86997 118.5925 118.5924 0 0 0 0 0 0
20.36307 39.13366 45.73641 40.92964 35.67878 30.96517 67.26158 109.0997 108.5911 97.44733 82.11507 83.29481 109.1301 123.4387 125.4266 111.2432 102.3985 102.3985 102.3985 102.3985 93.63286 70.84535 69.3364 82.95033 208.3961 218.2641 238.7483 471.5068 231.2262 98.72515 118.1482 143.5617 158.1892 164.9258 139.681 89.68289 113.9985 119.6532 119.4479 119.1448 118.7021 116.6921 31.08137 15.69726 15.63014 15.51157 15.51157 15.51157 15.51157 15.51157 15.51157 15.51157 20.9654 23.05199 42.44778 56.28071 51.91978 44.39112 44.45022 46.51607 53.32016 73.16826 73.16826 67.5099 20.09593 20.09593 62.92825 118.5959 0 0 0 0 0 0 0
21.86817 28.22089 29.15209 29.15209 29.15209 29.15209 37.96055 108.5568 109.1936 109.1936 100.8229 57.59144 112.1855 125.6334 125.6335 123.2948 104.5623 102.3985 102.3985 101.8562 74.18607 69.3364 69.3364 106.4248 325.7669 265.8275 227.4877 425.8624 295.5288 144.346 100.2859 94.95665 97.81053 118.1017 169.4348 168.8598 112.9217 105.0177 111.6325 117.912 119.4003 82.6158 27.36822 29.91308 30.2595 30.11334 23.5927 15.51157 15.51157 15.51157 15.51157 17.77912 22.82735 23.05199 41.60936 56.28071 48.29564 44.35314 44.13982 52.50384 65.52824 83.55783 86.72255 81.58529 65.67657 76.80843 105.5757 120.7025 0 0 0 0 0 0 0
21.80893 25.58452 29.15209 29.15209 29.15209 29.15209 29.15209 96.68492 109.1936 109.1936 72.29156 48.02088 49.63052 83.31197 121.6317 124.8855 109.7459 108.0612 98.98569 83.48426 75.23739 69.3364 85.99312 318.1504 374.4874 373.3765 376.867 330.7348 199.8038 169.6288 89.61001 74.70419 111.4825 115.9112 170.2081 290.6401 323.9244 127.7896 101.8183 102.1539 111.3123 45.13971 30.37358 30.37358 30.37358 30.37358 25.66239 15.51157 15.51157 16.3195 20.6239 23.0513 23.05199 23.05199 26.99111 38.674 44.84052 32.27354 17.82333 46.33977 98.90096 104.3478 109.7944 121.5617 121.7779 121.9737 121.6298 0 0 0 0 0 0 0 0
21.80893 54.48864 93.89461 81.64339 46.65314 70.18398 132.1253 75.56746 98.92153 76.97678 49.69533 48.02088 48.02088 48.02088 55.98422 104.8968 114.316 114.3159 114.316 111.4295 98.42443 94.83237 288.5775 374.4874 374.4874 371.9001 415.2308 412.8041 365.2419 85.1912 54.39307 57.44125 137.9808 169.3031 154.0914 149.6866 146.2279 140.6792 121.254 103.2645 101.8183 42.64981 30.37358 30.37358 30.37358 30.37358 30.31758 23.58797 19.76528 22.59201 23.05199 23.05199 23.05199 23.93542 27.40879 27.82811 23.26008 20.08699 17.81188 24.19419 66.72611 66.72611 77.17376 128.6554 128.7146 128.7145 128.7146 0 0 0 0 0 0 0 0
29.48891 95.99585 102.6346 102.6346 102.6346 132.6345 119.9903 47.18305 59.29324 52.76956 48.10066 48.02088 49.16432 51.08046 51.9717 59.40468 105.1477 114.3159 114.3159 114.3159 114.316 215.2716 500.2205 376.4696 355.5316 253.5346 290.2546 439.3363 437.2006 156.026 80.89798 54.39307 71.45029 152.5382 155.2926 137.314 135.5246 135.5473 134.7253 130.5634 118.0277 36.03778 30.37358 30.37358 30.37358 30.37358 30.37358 30.19336 30.01356 29.23518 26.00473 23.36561 24.03039 27.67762 27.8281 27.8281 21.9686 17.81188 17.81188 18.54704 65.5257 65.91351 88.49164 107.3658 103.1817 103.8225 128.7146 0 0 0 0 0 0 0 0
82.46755 102.6346 102.6346 102.6346 113.9763 157.4713 63.58625 50.42402 52.85043 50.97203 48.02088 48.02088 48.21305 52.49491 54.08762 54.08762 57.92137 153.1712 144.1065 240.4886 167.237 447.1414 633.0225 448.8279 244.4152 206.1986 205.0565 369.3031 439.3363 167.8797 92.5961 54.45425 54.39307 59.3793 84.30401 118.8752 123.1205 127.5068 131.7679 133.9461 131.9767 30.53469 30.37358 30.37358 30.37358 30.37358 30.22521 30.01321 30.01321 30.01321 30.01321 29.72154 27.86559 27.8281 27.8281 26.50788 18.53981 17.81188 17.81188 25.50171 64.23051 62.98755 62.98755 62.98755 62.98756 62.98755 0 0 0 0 0 0 0 0 0
73.61407 101.2922 102.6346 88.28671 136.0471 145.4558 64.31284 52.85043 52.85043 47.96586 46.73241 46.8104 53.39109 54.08762 54.08762 54.08762 54.47281 111.1795 237.968 282.3554 234.1287 648.5878 585.9141 206.2529 193.0231 172.2596 141.5929 314.1305 340.2639 80.5087 65.11194 64.34016 64.10032 64.93882 65.16606 120.4767 122.4644 121.7411 118.5478 133.659 125.654 30.37358 30.37358 30.37358 30.37358 30.37358 30.06823 30.01321 30.01321 30.01321 30.01321 30.01321 29.16358 28.51283 28.62202 20.72954 17.81188 17.81188 17.81188 33.39636 69.08435 62.98755 62.98755 75.69803 76.63512 68.03686 0 0 0 0 0 0 0 0 0
12.46294 57.43467 62.73735 39.0647 38.63359 38.63359 46.5553 52.85043 52.80931 45.9315 45.61635 49.05677 54.33627 54.41641 55.65179 56.6004 57.09225 57.09499 101.7994 121.2332 168.499 1991.473 1358.176 149.6951 131.64 101.6552 101.1381 374.9399 386.966 142.2108 37.37196 47.55947 65.11194 65.11194 73.02474 105.4218 92.53529 80.12743 77.19714 88.87587 98.22346 30.54739 30.37358 30.37358 30.37358 30.32222 30.01371 30.01321 30.01321 30.01321 30.01321 30.01321 29.41339 28.83962 28.83962 26.01918 29.59912 61.52701 97.14992 118.9892 125.8284 110.9626 109.4458 123.3621 123.3633 123.3633 0 0 0 0 0 0 0 0 0
12.46294 33.5785 38.63359 38.63359 38.63359 38.82306 51.29043 52.85043 51.95657 45.61635 45.61635 52.43765 54.93591 54.93591 56.58781 57.09499 57.76965 92.01753 121.2221 121.2332 246.0972 2049.514 3238.711 1131.241 29.14418 42.9401 84.81178 173.9944 396.4136 39.70866 30.86517 32.13457 64.29092 70.25075 69.64604 74.46608 77.19714 77.19714 77.19714 77.19714 57.18642 36.80636 32.35984 41.59624 53.18214 35.14193 31.46836 30.29275 29.99977 30.01321 30.01321 30.01321 29.43339 28.83962 28.83962 54.34742 125.0583 126.979 141.4907 145.0505 158.0158 139.6387 123.3633 123.3633 123.3633 123.3633 0 0 0 0 0 0 0 0 0
12.46294 33.01964 38.63359 38.63359 38.63359 40.77959 52.33859 51.88169 49.28268 45.61635 47.05034 54.87196 54.93591 57.73151 69.4837 188.0939 285.6871 271.6305 117.0837 87.26408 301.5252 1476.801 2974.992 980.3201 29.14419 29.14419 29.50554 64.14835 152.8979 101.7774 30.86517 30.86517 36.12424 67.48224 75.07691 77.1524 77.19714 77.19714 76.69813 61.70732 40.23514 37.586 43.18233 60.27217 60.78411 35.92627 31.98042 29.79294 28.69482 29.16947 28.88167 28.95633 28.91679 28.83962 33.94362 113.6739 125.4723 125.4723 96.14969 55.95106 72.50356 121.3297 123.3633 123.3633 123.3633 0 0 0 0 0 0 0 0 0 0
12.46294 24.6677 38.63359 38.63359 38.63359 38.63359 42.83156 45.61635 45.61636 45.61635 51.02008 54.93591 54.93591 64.97792 91.50672 195.9067 316.1149 315.8967 65.13184 47.99591 188.48 562.5995 1283.961 104.1092 29.51553 29.14419 29.14419 107.7604 158.1327 155.5689 49.7365 30.86517 31.77741 45.19179 45.1977 54.27888 84.91094 97.20928 50.89349 37.586 37.586 37.586 46.87717 60.78411 59.91461 33.53729 31.98042 29.31527 28.3997 28.39969 28.39969 28.3997 28.39987 28.48149 38.84875 72.97143 94.55821 106.106 56.41411 54.82685 48.04196 60.57392 85.6838 84.93604 91.65295 0 0 0 0 0 0 0 0 0 0
12.46294 15.72457 38.53069 38.63359 38.63359 38.63359 45.13808 47.75788 46.17388 48.21475 54.34964 54.93591 54.93591 60.95403 71.03694 78.51199 186.398 214.4564 47.96765 73.44572 147.8035 153.3051 155.4415 50.67555 35.61027 29.14418 29.14418 113.5113 158.1326 156.3755 117.1216 30.86517 31.14995 44.85144 45.05924 44.26625 88.40181 83.44775 37.586 37.42035 34.50571 33.55512 44.76093 57.4356 42.48619 31.98042 31.98042 28.8376 28.3997 28.3997 28.3997 28.3997 28.3997 29.54233 32.52813 32.5402 32.5402 38.3792 54.844 53.08637 46.81183 46.81184 46.81184 46.81183 46.81183 0 0 0 0 0 0 0 0 0 0
12.46294 12.46294 26.57017 35.05553 42.38644 48.36705 52.71087 53.13426 53.13426 53.13426 53.54559 54.89544 53.71056 48.03587 48.01128 47.96766 47.96766 86.7662 128.7273 138.2764 108.6389 117.1153 147.5199 47.59348 43.65275 29.7566 29.14418 55.0343 158.1292 156.0961 156.0004 66.50066 34.73459 40.40142 40.02226 45.89986 93.43243 37.92585 30.06504 26.34004 25.36443 35.3415 41.54972 42.01569 34.09926 31.98042 31.91431 28.53137 28.3997 28.39969 28.39969 28.3997 29.12202 32.17006 32.5402 32.5402 32.5402 35.69608 54.844 52.14393 46.81184 46.81184 46.81184 46.81184 46.81184 0 0 0 0 0 0 0 0 0 0
12.46294 12.46294 12.46231 12.46294 46.57304 53.13426 53.13426 53.13426 53.13426 53.13426 53.13426 53.06282 50.15981 48.02088 48.01743 47.98016 47.96766 59.79566 123.2132 103.9684 81.31252 81.31252 77.11404 45.98515 45.98515 38.19559 29.14418 30.33737 137.5653 155.0004 156.0182 71.40783 39.93805 39.93805 39.93805 39.93805 33.96953 25.36443 25.36443 25.36443 25.36443 30.23156 41.54972 41.54972 41.47497 37.82195 30.36737 28.3997 28.3997 28.3997 28.39969 29.20168 32.22685 32.5402 32.5402 32.5402 32.5402 36.25976 54.844 52.47568 46.81184 46.81184 46.81184 46.81184 46.81183 0 0 0 0 0 0 0 0 0 0
12.46294 9.034911 7.569918 12.39673 46.06651 53.13426 53.13426 53.13426 53.13426 53.13426 52.88984 48.72898 48.02088 48.02088 48.02088 47.57517 47.27474 47.12628 124.5141 98.61248 76.1392 81.31252 75.98708 45.98515 45.98515 45.72372 32.43761 58.84042 110.845 134.3197 149.8796 42.79648 39.93805 39.93805 39.93805 39.93805 35.32301 25.36443 25.36443 25.36443 25.36443 28.25152 41.54972 41.54972 41.54972 47.19687 60.81844 50.22632 38.95045 29.87593 30.68624 32.35272 32.5402 32.5402 32.5402 32.5402 32.5402 44.87646 53.2813 49.30744 46.81184 46.81184 46.81184 46.81184 0 0 0 0 0 0 0 0 0 0 0
6.416578 4.163734 4.152784 7.550877 45.55998 53.13426 52.40663 47.31742 39.26421 44.9313 48.54939 48.02088 39.30459 22.14354 21.91548 38.73122 45.33615 45.33615 92.85196 80.44775 73.04817 81.19712 70.18201 49.57714 45.99058 45.98515 50.79817 110.6369 112.5059 127.5695 119.086 39.93805 39.93805 39.93805 39.93805 39.93805 37.83007 25.53594 25.36443 25.36443 25.36443 28.36527 40.96054 41.54972 41.54972 55.94743 63.21202 63.21202 63.21202 39.15575 32.5402 32.5402 32.5402 32.5402 32.5402 33.15341 34.61969 37.09519 35.8938 41.09841 46.81184 46.81184 46.81184 46.81184 0 0 0 0 0 0 0 0 0 0 0
4.152784 4.152785 4.152785 7.17926 16.53045 15.1413 13.07877 12.79198 12.79199 20.85501 23.83398 18.4732 13.6318 12.79198 12.79199 16.60971 43.56187 45.33615 45.33615 55.77122 72.67659 66.25184 53.3755 53.26647 49.53477 45.98515 50.65132 109.4296 112.5059 128.9964 113.7768 31.22007 52.77078 53.90489 55.10062 56.29635 57.45724 34.52966 25.36443 25.4524 29.82448 34.87845 37.42305 56.10037 57.10535 62.77354 63.21202 63.21202 63.21202 37.83562 32.5402 32.5402 32.5402 32.5402 32.5402 35.26452 35.89313 35.89313 35.89313 36.99142 44.07624 46.81184 46.81184 0 0 0 0 0 0 0 0 0 0 0 0
4.152785 4.152785 4.152785 7.083449 12.79198 12.79198 12.79198 12.79198 12.79198 12.79198 12.79198 12.79198 12.79198 12.79198 12.79198 12.79198 45.66815 75.67465 73.76191 51.27328 72.67658 61.53107 53.05575 50.30844 52.56618 48.83415 47.69421 93.9585 114.0641 58.90136 11.36273 13.26934 59.55578 60.64426 60.64426 60.64426 60.64426 39.58197 26.93692 32.79645 35.16648 35.16648 35.16648 49.61626 63.19594 63.21202 63.21202 63.21202 63.10493 35.8936 33.68718 35.14139 37.29543 34.73503 32.70649 35.88512 35.89313 35.89313 35.89313 35.89313 36.02625 41.41195 46.8068 0 0 0 0 0 0 0 0 0 0 0 0
