Scenarios/Heterogeneous/data/country_data_population_distribution/processed/density_grids/mdg.asc
ncols 180
nrows 338
xllcorner 43
yllcorner -25
cellsize 0.041666666666667
NODATA_value -9999
[rows 231 to 263 of 338, columns 75 to 149 of 180]
8.983395 8.983395 8.98613 9.012685 9.018117 9.018116 9.016432 8.989937 8.983395 8.983395 8.997202 26.01296 74.23039 72.33945 111.7931 127.7157 146.0667 146.0699 146.0699 123.7503 87.03377 106.0726 462.7899 928.9813 356.3161 182.7098 94.95198 94.95198 94.95198 105.921 117.9721 117.9721 117.9721 117.9721 117.9721 31.45068 26.33167 26.33167 26.33167 39.17458 88.97466 51.93798 49.08149 45.35677 33.01699 28.01658 30.08456 48.04624 64.00573 74.82885 76.48798 76.48797 0 0 0 0 0 0 0 0 0 0 0 0 0 0 0 0 0 0 0 0 0 0 0
8.983396 8.983768 9.01081 9.018116 9.018116 9.018116 9.018116 9.014272 8.994963 8.984474 8.991574 22.55851 74.23061 74.23061 92.88811 170.6963 153.0284 175.7436 193.9404 189.6585 134.5903 107.0459 121.0924 204.6086 237.6642 183.5648 108.3089 94.95198 94.95198 110.4751 119.1603 117.9721 117.9721 117.9721 117.9441 27.76171 26.33167 26.33167 26.33167 28.75543 58.4269 59.68999 59.68999 59.68999 58.52161 32.32652 28.01658 32.96019 64.51565 76.48798 76.48798 0 0 0 0 0 0 0 0 0 0 0 0 0 0 0 0 0 0 0 0 0 0 0 0
8.983395 8.984981 9.018116 9.018116 9.018117 9.018116 9.018116 9.018117 9.018117 9.016282 9.017966 9.822529 70.43427 74.23061 74.2306 147.8397 180.7758 147.5365 158.0821 176.9836 208.4836 180.3685 165.3334 158.3245 178.8845 167.4065 167.4058 153.729 126.7046 159.3776 196.0608 180.0784 150.8248 121.1725 116.1293 45.13656 46.0405 38.22302 26.33167 36.58583 54.16191 67.30773 59.69 59.68999 64.49253 37.36401 28.01657 28.47902 64.5639 76.48798 76.48798 0 0 0 0 0 0 0 0 0 0 0 0 0 0 0 0 0 0 0 0 0 0 0 0
8.983395 8.987311 9.018116 9.018116 9.018116 12.52421 10.03488 9.018116 9.018116 9.018116 9.018116 17.52737 60.46023 63.04593 72.12574 139.459 180.7758 154.4309 122.9151 122.9889 188.5342 199.7225 199.7225 191.9086 156.149 167.4065 167.4065 167.4065 167.4065 188.8866 197.6093 197.6093 197.6093 191.7206 153.0953 50.48294 50.48294 50.08826 38.14096 50.35479 77.5904 104.9048 93.80672 70.00076 73.2151 76.29836 28.01658 50.71985 76.48798 76.48798 76.48797 0 0 0 0 0 0 0 0 0 0 0 0 0 0 0 0 0 0 0 0 0 0 0 0
8.983396 8.999617 9.018117 9.018116 9.018117 25.85859 28.31021 14.45046 9.018116 9.018117 13.83183 30.2418 35.08634 30.82937 31.55233 56.36056 100.4209 136.7317 165.5769 172.7118 172.7555 180.8256 137.0466 70.93436 80.34128 120.2027 132.1419 166.7365 167.4065 178.2664 189.9983 193.7256 197.6093 197.6093 185.2011 82.57695 50.74786 53.16599 79.7368 95.82475 103.7791 103.2158 102.7304 103.1649 73.5927 205.3181 255.0035 320.7849 318.0609 161.33 0 0 0 0 0 0 0 0 0 0 0 0 0 0 0 0 0 0 0 0 0 0 0 0 0
20.58541 16.90513 11.55785 9.181682 18.66193 31.28644 31.34231 31.21217 24.74458 16.17033 28.61115 30.82937 30.82936 30.82937 30.82936 30.82937 30.82936 30.82937 48.17671 89.08985 163.1689 172.7118 145.9543 63.4941 63.4941 58.45937 56.70567 81.46637 85.0409 154.86 171.9116 171.9117 191.4622 197.6093 187.6274 130.671 122.4786 126.6963 130.6711 108.8201 102.5208 102.6033 112.4308 159.608 146.5089 137.3146 322.8512 393.6637 194.3289 89.3754 0 0 0 0 0 0 0 0 0 0 0 0 0 0 0 0 0 0 0 0 0 0 0 0 0
23.59324 21.10898 15.57458 19.95502 31.34231 31.34231 31.34231 31.34231 31.34231 31.34232 31.20968 30.55719 30.12551 30.76877 30.82936 30.82936 30.82936 50.83187 77.86346 58.42586 81.77058 146.739 152.0298 63.49409 63.41934 58.13825 56.70566 56.70566 63.35477 164.59 171.9116 171.9116 182.2989 197.6093 184.4229 130.671 130.671 130.671 115.1609 119.2013 122.2124 122.3803 126.0439 137.0437 153.4605 170.6447 252.1527 253.8447 89.3754 89.3754 0 0 0 0 0 0 0 0 0 0 0 0 0 0 0 0 0 0 0 0 0 0 0 0 0
20.56912 15.34176 15.2186 15.94715 16.82134 28.00476 31.34231 31.34231 31.34231 31.34231 31.34231 27.79222 26.44064 27.06931 30.64468 30.82936 30.82937 105.6102 126.4384 106.9594 84.62068 81.22183 148.9402 82.95723 60.36525 56.19765 66.90997 86.68051 102.5126 124.4851 159.2989 171.9116 172.0625 185.8529 192.5961 113.1399 77.44568 65.82744 54.62837 91.20139 125.5523 125.5523 125.1191 116.5629 145.0912 172.89 231.277 104.1744 89.37541 0 0 0 0 0 0 0 0 0 0 0 0 0 0 0 0 0 0 0 0 0 0 0 0 0 0
15.31527 15.2186 15.2186 15.2186 15.2186 16.23145 17.21172 28.01843 31.34231 31.34231 31.34231 28.34479 26.44064 26.44064 28.06153 29.51709 30.82817 107.4133 126.4384 126.4384 141.3642 187.8471 226.0486 77.38865 52.74603 49.56902 83.91757 105.4162 105.4162 105.4162 112.402 171.3464 171.9116 171.9116 172.5656 108.1093 54.13449 54.13449 55.20903 63.93353 89.56494 117.0941 62.91002 38.41085 52.9705 141.9914 194.7301 92.38502 89.3754 0 0 0 0 0 0 0 0 0 0 0 0 0 0 0 0 0 0 0 0 0 0 0 0 0 0
15.2186 15.2186 15.2186 15.2186 15.2186 15.2186 15.2186 26.50303 31.13174 28.21846 23.29914 21.16232 25.20559 26.44064 26.44064 27.05219 30.69905 91.07123 126.3368 126.4384 125.2399 168.1009 154.269 56.27194 50.18719 49.56902 51.64425 93.18425 105.4162 105.4162 105.4162 129.9462 166.6734 171.9116 171.9116 136.668 54.13448 52.50784 57.94662 68.25207 68.52226 66.08324 38.41085 38.41085 54.11549 164.5371 164.1886 140.1619 0 0 0 0 0 0 0 0 0 0 0 0 0 0 0 0 0 0 0 0 0 0 0 0 0 0 0
16.44382 15.2186 15.2186 15.2186 15.2186 15.2186 15.21786 17.31145 14.32661 13.82582 13.82582 13.82582 13.9674 17.15864 27.29943 42.07211 71.06309 121.6632 112.0782 97.52108 73.23454 57.88742 57.88743 51.61758 49.56902 49.56902 49.56902 77.67729 105.4162 105.4162 105.4162 105.4162 105.4162 116.1732 139.6104 96.61737 54.13448 51.81461 51.3436 56.55102 105.1907 98.46569 38.41085 38.41085 79.23324 164.9336 164.9336 164.9336 0 0 0 0 0 0 0 0 0 0 0 0 0 0 0 0 0 0 0 0 0 0 0 0 0 0 0
19.05487 15.2186 15.2186 15.2186 15.2186 15.2186 15.14801 13.86866 13.82582 13.82582 13.82582 13.82582 13.82582 13.82582 35.86623 83.68871 124.6273 124.6273 100.9523 80.43111 75.52735 55.7574 52.19131 49.57798 50.21209 77.13654 101.6732 105.4123 105.4162 105.4162 105.4162 105.4162 105.4162 105.4162 105.4162 109.1455 97.54115 61.53673 51.3436 95.81616 327.1136 283.3346 38.41085 47.31548 145.4924 164.9336 164.9336 164.9336 0 0 0 0 0 0 0 0 0 0 0 0 0 0 0 0 0 0 0 0 0 0 0 0 0 0 0
20.8206 15.2186 15.2186 15.2186 15.2186 15.2186 15.2186 14.6406 13.82582 13.82582 13.82582 13.82582 13.82582 13.82582 17.63028 52.15815 93.45056 120.4616 83.38865 80.4311 57.40453 36.02748 48.34044 49.74517 52.80438 54.21513 69.24162 80.76836 98.11566 105.0165 109.4607 112.8187 105.4161 105.4162 105.4162 109.4317 120.1952 115.1357 145.2 253.7709 329.3959 310.5183 38.41085 177.053 218.5867 200.6789 184.2809 0 0 0 0 0 0 0 0 0 0 0 0 0 0 0 0 0 0 0 0 0 0 0 0 0 0 0 0
22.96957 15.4186 15.2186 15.2186 15.2186 15.2186 15.2186 15.21817 14.50341 13.82582 13.82582 13.82582 13.82582 13.82582 18.06263 50.6427 50.6427 59.08458 60.75188 47.75223 33.03296 32.95896 37.81026 52.55656 53.43618 53.43618 53.43618 53.43618 53.43618 98.6856 152.1026 150.8975 113.5654 105.4161 105.4162 106.4759 120.1579 120.1952 230.8617 289.885 289.885 208.3459 87.58553 129.396 1481.089 1190.654 219.1767 0 0 0 0 0 0 0 0 0 0 0 0 0 0 0 0 0 0 0 0 0 0 0 0 0 0 0 0
24.04403 25.32034 18.56986 15.2186 15.2186 15.2186 15.2186 15.2186 15.05966 14.3985 13.85164 13.82582 13.82582 13.82582 26.70337 47.56939 50.44682 50.6427 50.17591 34.19743 32.95896 32.46059 46.80627 53.43618 53.43618 53.43618 53.43618 53.43618 53.43618 68.65699 152.7221 152.7309 152.1472 144.7771 139.8243 139.7856 156.7945 124.3495 200.9124 293.468 202.2198 100.5687 94.38827 77.40081 889.7864 1018.723 0 0 0 0 0 0 0 0 0 0 0 0 0 0 0 0 0 0 0 0 0 0 0 0 0 0 0 0 0
31.86081 32.35916 31.83841 27.11212 23.70942 20.2097 15.2186 15.2186 15.37687 21.2011 17.23683 17.06949 18.07342 19.36189 21.29004 21.35488 25.53076 37.86747 43.21344 32.95896 32.72395 28.84579 30.58756 46.16416 53.43454 53.43618 53.43618 53.43618 53.43618 53.43618 136.0142 152.7309 152.7309 152.7309 152.7309 170.6192 216.0676 218.0257 291.8959 380.4545 127.745 100.3259 88.28307 77.40082 77.40082 77.40082 0 0 0 0 0 0 0 0 0 0 0 0 0 0 0 0 0 0 0 0 0 0 0 0 0 0 0 0 0
32.35916 32.35916 32.35916 32.35916 32.44969 47.21199 33.82896 27.58441 22.65173 21.33572 21.35487 21.35488 21.35487 21.35488 21.35488 21.35488 21.35488 21.35488 21.76779 25.39138 28.43998 27.8449 27.8449 27.8449 34.68958 48.55943 53.43618 53.43618 53.43618 53.43618 89.60621 129.1531 144.5296 152.7309 152.7309 173.3251 211.1213 218.9187 358.8547 371.4395 138.4466 98.45383 78.13264 77.40082 77.40081 0 0 0 0 0 0 0 0 0 0 0 0 0 0 0 0 0 0 0 0 0 0 0 0 0 0 0 0 0 0
217.5597 32.35916 32.35916 32.35916 33.18818 52.2016 52.68851 52.68852 52.68851 37.58274 21.35487 21.35488 21.35487 21.35487 21.35487 21.35488 21.35487 21.35488 21.35487 21.35487 22.55573 27.83522 27.8449 27.8449 27.8449 27.92462 34.15038 51.75778 53.43618 53.47702 54.88525 98.51199 114.7317 127.2349 94.72831 69.86076 71.95921 115.8895 298.5766 248.2966 213.5175 135.8584 77.45353 77.40082 77.40081 0 0 0 0 0 0 0 0 0 0 0 0 0 0 0 0 0 0 0 0 0 0 0 0 0 0 0 0 0 0
1464.811 32.35917 32.35916 32.35917 32.35916 39.55305 52.68852 52.68851 52.68852 40.67355 21.35488 21.35487 21.35488 21.35488 21.35487 21.35488 21.35488 21.35488 21.35488 21.35488 21.35488 25.16839 27.8449 27.8449 27.8449 27.8449 27.8449 32.59406 40.85046 50.90536 55.0514 75.42052 113.8357 113.0898 72.09608 73.52572 68.50021 69.09447 185.5395 243.2935 246.765 251.3364 137.8301 122.4443 77.40082 0 0 0 0 0 0 0 0 0 0 0 0 0 0 0 0 0 0 0 0 0 0 0 0 0 0 0 0 0 0
32.35916 32.35916 32.35917 32.35916 32.35916 32.36198 50.28492 52.68852 52.68852 43.33558 21.35488 21.35488 21.35488 21.35487 21.35488 21.35488 21.35488 21.35487 21.63375 22.75 23.59693 23.76588 27.92681 27.8449 27.8449 27.8449 27.8449 27.8449 27.8449 44.47304 55.0514 55.0514 93.875 113.7622 109.9474 100.3072 97.36873 96.53864 135.8102 174.3711 249.0751 240.2818 127.7792 127.4651 0 0 0 0 0 0 0 0 0 0 0 0 0 0 0 0 0 0 0 0 0 0 0 0 0 0 0 0 0 0 0
32.35916 32.35916 32.35916 32.35916 32.43421 32.35916 47.33232 52.68851 52.68851 44.45633 21.35488 21.35487 21.35487 21.35488 21.35488 21.35488 21.35487 22.48611 23.76282 23.8193 23.8193 23.8193 31.42391 32.4264 27.8449 28.23994 32.80241 38.44138 40.64913 49.4061 51.75761 50.92128 93.9648 103.0656 99.98936 99.98936 99.98936 123.9362 164.0009 264.1122 457.2486 688.6215 215.7568 127.4651 0 0 0 0 0 0 0 0 0 0 0 0 0 0 0 0 0 0 0 0 0 0 0 0 0 0 0 0 0 0 0
45.25857 32.38974 32.61434 35.64932 36.10179 35.61871 42.4327 52.17753 52.68851 44.81884 21.35487 21.35488 21.35488 21.35488 21.35487 21.36116 22.33254 23.80323 23.8193 23.8193 23.8193 23.8193 27.1891 39.59872 37.81824 40.45627 44.2225 44.25314 44.25314 44.25314 44.25314 44.25314 49.3802 83.56188 99.98936 99.98982 147.2508 186.9934 207.2034 599.6107 637.2728 463.3396 570.5755 183.1434 0 0 0 0 0 0 0 0 0 0 0 0 0 0 0 0 0 0 0 0 0 0 0 0 0 0 0 0 0 0 0
69.47917 46.99934 32.75474 35.96943 36.11975 35.85813 35.04878 38.39417 42.61251 34.68391 21.35487 21.37547 21.82813 22.43136 22.7198 23.35278 23.8193 23.8193 23.8193 23.8193 23.8193 23.8193 23.90067 37.99236 39.62606 41.83421 44.25314 44.25314 43.86414 37.54107 30.90273 36.25909 43.33228 44.30057 140.47 146.9901 153.2383 148.7361 139.974 227.5853 346.9943 82.9478 166.0046 0 0 0 0 0 0 0 0 0 0 0 0 0 0 0 0 0 0 0 0 0 0 0 0 0 0 0 0 0 0 0 0
69.47918 62.8131 32.35916 34.02987 36.11975 35.84905 35.04877 35.04877 35.04877 33.40163 23.43625 23.64956 23.8193 23.8193 23.8193 23.8193 23.8193 23.8193 23.8193 23.82052 26.61663 29.16299 28.20547 35.8714 39.62606 39.69896 39.48024 33.98619 29.79391 29.00225 29.00225 29.00224 42.00814 104.0945 156.3542 125.6814 63.81776 55.81147 59.85871 70.64931 86.50995 87.19159 82.94779 0 0 0 0 0 0 0 0 0 0 0 0 0 0 0 0 0 0 0 0 0 0 0 0 0 0 0 0 0 0 0 0
69.47919 68.4985 33.04931 33.02577 36.11975 36.08694 35.20743 35.04877 35.04877 35.04877 33.13288 25.80017 23.8193 23.8193 23.8193 23.8193 23.8193 23.8193 23.8193 25.39878 32.90076 32.90076 32.90076 36.23172 39.62606 39.62606 37.17408 29.00225 29.00225 42.45031 48.48332 62.42611 121.8502 125.6532 125.4124 57.34673 55.81147 56.62049 68.93096 70.69605 95.62872 103.5797 96.99989 0 0 0 0 0 0 0 0 0 0 0 0 0 0 0 0 0 0 0 0 0 0 0 0 0 0 0 0 0 0 0 0
51.08179 27.23243 20.74811 20.57414 31.42964 36.11975 35.67831 35.04877 35.04877 35.04877 35.04877 31.34043 23.8193 23.8193 23.8193 23.8193 23.8193 23.8193 23.8193 23.92996 31.85807 32.90076 32.90076 33.93746 39.5965 39.62606 38.57018 29.00225 42.54176 52.81491 52.92175 83.44283 136.7763 127.0324 125.6532 66.65271 59.58047 65.77999 70.69604 71.23165 102.6852 104.1651 104.1651 0 0 0 0 0 0 0 0 0 0 0 0 0 0 0 0 0 0 0 0 0 0 0 0 0 0 0 0 0 0 0 0
20.42881 19.64671 19.64671 19.64671 20.6961 35.34206 36.01681 35.09351 35.04877 35.04877 35.04848 31.92701 26.27966 24.01386 23.8193 23.8193 23.8193 23.8193 23.8193 23.8193 31.35787 32.90076 32.90076 32.90076 37.70244 39.18909 33.11215 33.5937 37.4253 42.18686 46.40964 92.11079 138.8195 135.0409 125.6532 269.3472 121.1591 70.69604 70.69604 77.34388 104.1651 104.1651 0 0 0 0 0 0 0 0 0 0 0 0 0 0 0 0 0 0 0 0 0 0 0 0 0 0 0 0 0 0 0 0 0
20.9621 19.64671 19.64671 19.64671 19.64671 34.87347 36.11975 35.63855 35.0479 32.93315 29.82206 28.42193 28.42193 27.12862 24.04121 23.8193 23.8193 23.8193 23.8193 23.81946 32.05283 32.90076 32.90076 32.90076 34.33211 38.26558 38.22728 38.22728 38.22728 38.22728 38.22728 47.1322 138.8195 138.819 145.8442 322.3615 358.8243 308.9492 162.7907 148.4766 106.2427 124.15 0 0 0 0 0 0 0 0 0 0 0 0 0 0 0 0 0 0 0 0 0 0 0 0 0 0 0 0 0 0 0 0 0
20.45411 19.64671 19.64671 19.64671 19.64779 35.84031 36.11975 35.80412 30.55121 28.42193 28.42193 28.42193 28.42193 28.42193 27.57643 24.7346 24.90285 23.8193 23.91714 24.97843 26.79522 27.85608 29.66539 32.49343 32.90083 57.15757 64.48524 42.01609 38.22728 38.22728 38.22728 43.28481 138.2448 174.0411 189.2922 202.5127 228.2407 226.1896 197.6741 214.8855 238.0411 246.8675 0 0 0 0 0 0 0 0 0 0 0 0 0 0 0 0 0 0 0 0 0 0 0 0 0 0 0 0 0 0 0 0 0
17.7167 19.64671 19.64671 19.64671 21.42021 36.11974 36.11975 33.73829 28.42193 28.42193 28.42193 28.42193 28.42193 28.42193 28.42193 28.42193 28.42188 26.68196 26.38584 26.42749 26.42749 26.42749 26.42749 28.23686 32.65038 72.20937 78.93576 72.43614 38.22728 38.22728 38.22728 41.62658 97.71228 165.9433 187.1282 192.5696 207.7198 209.1255 232.0908 250.3583 246.8675 246.8675 0 0 0 0 0 0 0 0 0 0 0 0 0 0 0 0 0 0 0 0 0 0 0 0 0 0 0 0 0 0 0 0 0
12.76119 19.09681 19.64671 19.64671 23.6948 36.11975 36.11975 33.0381 28.42193 28.42193 28.42193 28.42193 28.42193 28.42193 28.42193 28.42193 28.42193 28.27269 26.65189 26.42749 26.42749 26.42749 26.42749 26.42749 27.41416 70.26485 78.93576 107.5886 89.69415 118.9404 116.2968 111.7177 95.38036 110.8747 175.3797 166.9436 197.0054 284.9731 306.362 325.4658 1079.52 1662.822 0 0 0 0 0 0 0 0 0 0 0 0 0 0 0 0 0 0 0 0 0 0 0 0 0 0 0 0 0 0 0 0 0
12.01898 14.57733 19.64671 19.64671 25.23468 36.11975 34.37579 25.68933 28.37785 28.42193 28.42193 28.42193 28.42193 28.42193 28.42193 28.42193 28.42193 28.42193 27.81747 26.42749 26.42749 26.42749 26.42749 26.42749 26.42749 69.56682 78.93575 79.25645 92.48904 112.4393 128.5545 130.4669 99.59929 135.3047 159.3372 47.23481 40.659 100.5826 83.29376 351.3559 1740.346 2010.342 0 0 0 0 0 0 0 0 0 0 0 0 0 0 0 0 0 0 0 0 0 0 0 0 0 0 0 0 0 0 0 0 0
12.01898 12.03853 18.07403 19.64671 20.14725 24.75283 14.61418 11.89223 15.49888 24.35453 28.42192 28.42192 28.42192 27.70341 28.05533 28.42192 28.42192 28.42193 27.87214 26.17725 26.42749 26.42749 26.42749 26.42749 26.42749 46.23066 63.41633 78.93575 78.93576 78.93575 82.76955 145.4127 175.1616 173.6432 122.3195 40.659 40.659 41.1725 174.954 337.2824 441.0795 0 0 0 0 0 0 0 0 0 0 0 0 0 0 0 0 0 0 0 0 0 0 0 0 0 0 0 0 0 0 0 0 0 0
