Scenarios/Heterogeneous/data/country_data_population_distribution/processed/density_grids/mdg.asc
ncols 180
nrows 338
xllcorner 43
yllcorner -25
cellsize 0.041666666666667
NODATA_value -9999
[rows 165 to 197 of 338, columns 0 to 74 of 180]
0 0 0 0 0 0 0 0 0 0 0 0 0 0 0 0 0 0 0 0 0 0 0 0 0 0 0 0 0 19.10931 19.10931 19.10931 19.10931 19.10931 19.10931 18.12774 12.32706 11.65145 11.65145 11.65145 11.65145 11.65145 11.65145 11.65145 11.65145 11.65145 11.65145 10.3059 7.667945 7.667945 7.667945 7.667945 7.667945 12.6699 15.08915 15.08915 15.08915 15.08915 15.08915 15.08915 27.50712 42.14744 42.14743 42.14744 53.62093 70.52216 70.52216 64.86784 29.18765 28.63444 28.08122 27.528 26.97477 26.42154 27.31528
0 0 0 0 0 0 0 0 0 0 0 0 0 0 0 0 0 0 0 0 0 0 0 0 0 0 0 0 0 19.10931 19.10931 19.10931 19.10931 19.10931 19.10931 19.10931 18.16357 12.4988 11.65145 11.65145 11.65145 11.65145 11.65145 11.65145 11.65145 11.65145 11.65145 11.0477 7.667946 7.667945 7.667946 7.667946 7.667945 13.58618 15.08915 15.08915 15.08915 15.08915 15.08915 15.08915 31.75609 42.14743 42.14744 42.14743 41.22166 60.95555 70.52215 55.5182 19.75576 19.75575 19.75576 19.75575 19.75576 19.75575 19.75576
0 0 0 0 0 0 0 0 0 0 0 0 0 0 0 0 0 0 0 0 0 0 0 0 0 0 0 0 0 19.10931 19.10931 19.10931 19.10931 19.10931 19.10931 19.10931 19.10931 18.1224 14.3599 13.17804 13.24085 12.49872 11.65145 11.65145 11.65145 11.65145 11.65145 11.48296 7.671289 7.667946 7.667945 7.667946 7.667946 12.67338 15.08915 15.08915 15.08915 15.08915 15.08915 15.08915 33.68473 42.14743 42.14743 42.14744 33.43736 40.1576 70.52216 49.31488 19.75575 19.75575 19.75575 19.75575 19.75575 19.75576 19.75575
0 0 0 0 0 0 0 0 0 0 0 0 0 0 0 0 0 0 0 0 0 0 0 0 0 0 0 0 0 19.10931 19.10931 19.10931 19.10931 19.10931 19.10931 19.10931 19.10931 18.61909 17.87568 17.87568 18.37161 19.10663 17.68305 14.54854 12.19003 11.65145 11.65145 11.65145 11.5299 11.55062 11.16089 10.73805 10.62882 14.71437 15.08915 15.08915 15.08915 15.08915 15.08915 15.08915 21.71105 42.14743 42.14744 42.14743 32.08095 37.25839 69.53012 42.90547 19.75576 19.75575 19.75576 19.75575 20.26372 25.00408 31.1232
0 0 0 0 0 0 0 0 0 0 0 0 0 0 0 0 0 0 0 0 0 0 0 0 0 0 0 0 0 19.10931 19.10931 19.10931 19.10931 19.10931 19.10931 18.79066 18.39279 18.08386 17.87568 17.87568 18.36956 19.11504 19.11504 19.11504 19.00081 17.24146 14.94359 12.65107 13.16821 15.08915 15.08915 15.08915 14.12961 13.30889 14.48565 15.08726 15.08915 15.08915 15.08915 15.08915 15.09505 36.27518 42.14744 42.14744 37.22876 21.64271 22.30535 21.29063 19.76189 19.75576 19.75575 19.75575 25.06867 38.67093 38.67093
0 0 0 0 0 0 0 0 0 0 0 0 0 0 0 0 0 0 0 0 0 0 0 0 0 0 0 0 0 19.10931 19.10931 19.10931 19.10931 19.10931 19.08231 17.92334 17.87568 17.87568 17.87568 17.87568 17.89042 18.79489 19.11504 19.11504 19.11504 19.11504 19.11504 19.10985 17.88679 14.6281 12.02107 9.35173 7.710968 7.680374 7.680374 8.09396 9.033679 10.04836 11.70631 11.77796 11.69684 20.79981 42.14744 42.14744 41.32325 21.74326 21.64016 21.64016 20.2876 19.75576 19.75575 19.75576 28.73839 38.67093 38.67093
0 0 0 0 0 0 0 0 0 0 0 0 0 0 0 0 0 0 0 0 0 0 0 0 0 0 0 0 0 19.10931 19.10931 19.10931 19.10931 19.10931 19.10931 18.03241 17.87568 17.87568 17.87568 17.87568 17.87568 17.98849 18.97839 19.11504 19.11504 19.11504 19.11504 19.11504 18.8685 7.94615 7.680374 7.680373 7.680374 7.680374 7.680374 7.680373 7.680374 7.680373 7.680374 7.680373 7.680374 7.682906 25.67505 42.14743 42.14744 23.70146 21.64016 21.64016 21.20629 19.85292 19.75576 19.75576 35.61899 38.67093 38.67093
0 0 0 0 0 0 0 0 0 0 0 0 0 0 0 0 0 0 0 0 0 0 0 0 0 0 0 0 0 19.10931 19.10931 19.10931 19.10931 19.10931 19.10931 18.13294 17.87568 17.87568 17.87568 17.87568 17.87568 17.87568 18.31288 19.11504 19.11504 19.11504 19.11504 19.11504 18.98984 7.696172 7.680374 7.680375 7.680374 7.680375 7.680374 7.680374 7.680374 7.680374 7.680374 7.680374 7.680374 7.680374 7.698699 26.77649 39.04832 21.75648 21.64016 21.64016 21.64016 20.94391 19.75576 19.75576 23.14898 32.9097 38.67093
0 0 0 0 0 0 0 0 0 0 0 0 0 0 0 0 0 0 0 0 0 0 0 0 0 0 0 0 0 0 21.43314 19.10931 19.10931 19.10931 18.97553 17.89474 17.87568 17.87568 17.87568 17.87568 17.87568 17.87568 18.4837 19.11504 19.11504 19.11504 19.11504 19.11504 19.11504 10.93641 7.680374 7.680374 7.680374 7.680374 7.680374 7.680374 7.680374 7.680374 7.680374 7.680374 7.680374 7.680374 7.680374 7.872677 21.09021 21.64016 21.64016 21.64016 21.64016 21.63785 20.50168 19.75575 19.75575 20.11303 33.75772
0 0 0 0 0 0 0 0 0 0 0 0 0 0 0 0 0 0 0 0 0 0 0 0 0 0 0 0 0 0 36.08641 33.46829 31.47209 30.72022 26.77309 18.13725 17.87568 17.87568 17.87568 17.87568 17.87568 17.87568 18.02653 19.10352 19.11504 19.11504 19.11504 19.11504 19.11504 16.44423 7.703273 7.680374 7.680373 7.680374 7.65271 7.546299 7.46872 7.45838 7.5061 7.650998 7.680374 7.680374 7.680373 7.680374 11.29088 21.64015 21.64015 21.64016 21.64015 21.64016 21.4555 20.15929 19.75575 19.75576 85.93478
0 0 0 0 0 0 0 0 0 0 0 0 0 0 0 0 0 0 0 0 0 0 0 0 0 0 0 0 0 0 0 36.08641 36.08641 36.08641 36.08641 31.91618 20.30249 17.87568 17.87568 17.87568 17.87568 17.87568 17.87568 18.74041 19.11504 19.11504 19.11504 19.11504 19.11504 19.11504 11.7118 7.597674 7.35615 7.145949 7.03558 7.027423 7.027423 7.027423 7.027423 7.039908 7.172153 7.431858 7.666975 7.680374 7.830132 13.49061 20.84007 21.64016 21.64016 21.64016 20.58504 19.75576 46.85798 112.2024 167.5698
0 0 0 0 0 0 0 0 0 0 0 0 0 0 0 0 0 0 0 0 0 0 0 0 0 0 0 0 0 0 0 0 36.08641 36.08641 36.08641 36.08642 35.07027 24.42747 17.87568 17.87568 17.87568 17.87568 17.87568 18.22343 19.11504 19.11504 26.29099 29.45616 25.9361 27.1434 28.20823 13.92028 7.027424 7.027423 7.027424 7.027423 7.027424 7.027423 7.027424 7.027423 7.027423 7.027423 7.104627 7.36502 7.477757 7.586773 13.85378 21.64016 21.64016 21.64016 21.32599 11.50049 11.69346 29.76573 49.49844
0 0 0 0 0 0 0 0 0 0 0 0 0 0 0 0 0 0 0 0 0 0 0 0 0 0 0 0 0 0 0 0 36.08641 36.08641 36.08642 36.08641 36.08641 36.30115 62.74781 69.31284 68.912 69.96446 63.39964 48.59872 37.22194 56.98129 78.67481 43.84346 31.60358 31.60358 31.60358 31.34957 16.56322 7.027423 7.027423 7.027423 7.027423 7.027423 7.027423 7.027423 7.027423 7.027423 7.027423 7.027423 7.027423 7.027423 7.707961 20.5663 21.64016 21.64016 21.64016 10.24114 8.236788 8.236788 8.236788
0 0 0 0 0 0 0 0 0 0 0 0 0 0 0 0 0 0 0 0 0 0 0 0 0 0 0 0 0 0 0 0 0 36.08641 36.08641 36.08641 36.08641 36.08641 47.89879 79.91847 79.93008 79.93008 79.93008 79.93008 79.93008 79.93008 79.93008 42.2402 31.60357 31.60357 31.60357 31.60357 25.80829 7.027423 7.027423 7.027423 7.027423 7.027424 7.027423 7.027423 7.027423 7.027423 7.027423 7.027423 7.027423 7.027423 7.027423 14.79757 21.64016 21.64016 20.83249 8.371487 8.236788 8.236788 8.236788
0 0 0 0 0 0 0 0 0 0 0 0 0 0 0 0 0 0 0 0 0 0 0 0 0 0 0 0 0 0 0 0 0 0 36.08641 36.08641 36.08641 36.08641 36.08641 62.94816 79.93008 79.93008 79.93008 79.93008 79.93008 79.93008 79.66806 47.82423 31.60358 31.60358 31.60358 31.60358 30.52957 7.465152 7.027423 7.027423 7.027423 7.027423 7.027423 7.027423 7.027423 7.027423 7.027423 7.027423 7.027423 7.027423 7.027423 10.53261 21.64016 21.64016 17.80326 8.236788 8.236788 8.236788 8.236788
0 0 0 0 0 0 0 0 0 0 0 0 0 0 0 0 0 0 0 0 0 0 0 0 0 0 0 0 0 0 0 0 0 0 36.08641 36.08641 36.08641 36.08641 36.08641 41.44338 79.90739 79.93008 79.93008 79.93008 79.93008 77.60309 44.44846 28.41607 31.13171 31.60358 31.60357 31.60358 31.60358 14.18118 7.027423 7.027423 7.027424 7.027424 7.027423 7.027423 7.027423 7.027423 7.027423 7.027423 7.027423 7.027423 7.027423 7.340565 21.25315 21.40717 15.44113 10.64354 11.72217 12.02418 14.76848
0 0 0 0 0 0 0 0 0 0 0 0 0 0 0 0 0 0 0 0 0 0 0 0 0 0 0 0 0 0 0 0 0 0 0 37.56517 42.24977 47.88769 64.60408 79.07128 79.93008 79.93008 79.93008 79.93008 79.26958 41.38953 28.31346 28.31346 30.0097 31.60357 31.60357 31.60357 31.60358 22.97849 7.027424 7.027423 7.027423 7.027423 7.027423 7.027423 7.027423 7.027423 7.027424 7.027423 7.027423 7.027423 7.027423 7.027424 17.81088 17.34883 17.3293 17.3293 20.82132 21.80893 21.80893
0 0 0 0 0 0 0 0 0 0 0 0 0 0 0 0 0 0 0 0 0 0 0 0 0 0 0 0 0 0 0 0 0 0 79.93008 79.84789 79.93008 79.93008 79.93008 79.93008 79.93008 79.93008 79.93008 79.93008 51.80421 28.31346 28.31346 28.31346 28.90852 31.60357 31.60358 31.60357 31.60358 30.58834 12.39614 12.2243 10.84811 7.180985 7.027424 7.027423 7.027423 7.027423 7.027424 7.027424 7.027423 7.027423 7.027423 7.229368 17.32907 17.3293 17.3293 17.3293 19.16089 21.80893 21.80894
0 0 0 0 0 0 0 0 0 0 0 0 0 0 0 0 0 0 0 0 0 0 0 0 0 0 0 0 0 0 0 0 0 0 79.93008 79.93008 79.93008 79.93008 79.93008 79.93008 79.93008 79.93008 79.93008 67.06821 28.60166 28.31346 28.31346 28.31346 28.45629 31.60358 31.60358 31.60357 31.60358 31.60357 18.96938 17.99425 17.99425 16.74724 12.96917 21.76869 23.14962 18.79957 7.69828 7.027423 7.027423 7.027423 8.421269 12.72368 17.3293 17.3293 17.3293 17.3293 18.38253 21.80893 21.80893
0 0 0 0 0 0 0 0 0 0 0 0 0 0 0 0 0 0 0 0 0 0 0 0 0 0 0 0 0 0 0 0 0 79.93008 69.02945 79.93008 79.93008 79.93008 79.93008 79.93008 79.93008 79.93008 79.93008 39.23107 28.31346 28.31346 28.31346 28.31346 28.35281 31.59957 31.60357 31.60357 31.60358 30.85449 17.99808 17.99425 17.99425 17.99425 17.99425 36.09006 41.06527 41.06527 32.56417 18.77316 14.69066 30.73018 40.94663 40.56965 17.45457 17.3293 17.3293 17.3293 18.76557 21.80893 21.80893
0 0 0 0 0 0 0 0 0 0 0 0 0 0 0 0 0 0 0 0 0 0 0 0 0 0 0 0 0 0 0 0 0 37.88919 11.87024 31.95815 53.71062 66.00854 79.93008 79.93008 79.93008 79.93008 79.2273 28.65425 28.31346 28.31346 28.31346 28.31346 28.43508 31.56717 31.60358 31.60358 31.60357 29.3292 17.99425 17.99425 17.99425 17.99425 17.99425 37.16666 41.06527 41.06527 41.06527 41.06527 41.06527 41.06527 41.06527 41.06527 19.19741 17.3293 17.3293 17.3293 18.22828 21.80893 22.98191
0 0 0 0 0 0 0 0 0 0 0 0 0 0 0 0 0 0 0 0 0 0 0 0 0 0 0 0 0 0 0 0 0 11.59716 11.59716 11.59716 11.59716 13.88663 71.5163 79.93008 79.93008 79.93008 75.16051 28.31346 28.31346 28.31346 28.31346 28.31346 28.31346 30.4124 31.60358 31.60358 31.60358 30.88939 18.12328 17.99425 17.99425 17.99424 17.99425 39.16622 41.06527 41.06527 41.06527 41.06527 41.06527 41.06527 41.06527 41.06527 22.40699 17.3293 17.3293 17.3293 19.00856 21.80893 28.16005
0 0 0 0 0 0 0 0 0 0 0 0 0 0 0 0 0 0 0 0 0 0 0 0 0 0 0 0 0 0 0 0 0 11.59716 11.59716 11.59716 11.59716 11.59716 29.41248 79.31438 76.77528 71.89214 77.53845 28.74422 28.31346 28.31346 29.07801 37.44584 33.55382 28.74546 31.23549 31.60357 31.60357 31.60358 19.45553 17.99424 17.99425 17.99425 18.48158 30.34029 35.31026 40.43851 41.06528 41.06527 41.06528 41.06527 41.06527 41.06527 30.48576 17.3293 17.31784 16.45081 21.65021 21.80893 20.76881
0 0 0 0 0 0 0 0 0 0 0 0 0 0 0 0 0 0 0 0 0 0 0 0 0 0 0 0 0 0 0 0 0 11.59716 11.59716 11.59716 11.59716 11.59716 11.59716 15.51423 12.33043 11.59716 19.56428 30.37261 40.06788 40.968 44.76115 46.37284 51.75665 50.26263 37.27523 31.603 31.60357 31.60358 20.19955 17.99425 17.99425 17.99425 20.98865 26.55983 26.55983 29.04627 41.04325 41.06527 41.06527 41.06527 41.06527 41.06527 23.54391 17.3293 16.09235 12.46624 17.36416 21.03641 18.87558
0 0 0 0 0 0 0 0 0 0 0 0 0 0 0 0 0 0 0 0 0 0 0 0 0 0 0 0 0 0 0 0 0 11.59716 11.59716 11.59716 11.59716 11.59716 11.59716 11.59716 11.59716 11.59716 11.59716 32.45818 45.57536 45.57537 45.57536 45.57536 48.7199 51.99831 51.99831 48.99287 43.83089 45.77002 25.27982 17.99425 17.99425 18.22608 24.65323 26.55983 26.55983 26.55983 31.4277 39.58398 41.06527 41.06528 41.06528 35.478 17.33371 17.3293 16.30335 12.46294 12.46294 12.88414 12.8945
0 0 0 0 0 0 0 0 0 0 0 0 0 0 0 0 0 0 0 0 0 0 0 0 0 0 0 0 0 0 0 0 0 11.59716 11.59716 11.59716 11.59716 11.59716 11.59716 11.59716 11.59716 11.59716 22.45112 44.40057 45.57537 45.57536 45.57537 45.57536 48.2845 51.99831 51.39599 48.73171 48.65286 48.65286 33.14344 23.13817 23.63169 25.76574 26.55983 26.55983 26.55983 26.55983 26.55983 26.81843 33.79938 40.96963 40.88692 22.39442 17.3293 17.3293 16.97185 12.46294 12.46294 12.46294 12.46294
0 0 0 0 0 0 0 0 0 0 0 0 0 0 0 0 0 0 0 0 0 0 0 0 0 0 0 0 0 0 0 0 0 0 0 11.59716 11.59716 11.59716 11.59716 11.59716 11.59716 20.07908 45.02258 45.57536 45.57537 45.57536 45.57537 46.73272 51.78776 51.99831 49.73436 48.65285 48.65286 48.65285 46.47415 27.88793 26.55983 26.55983 26.55983 26.55983 26.55983 26.55983 26.55983 26.55983 26.55983 29.1326 24.495 10.16297 13.11293 13.72242 13.2612 12.46294 12.46294 12.46294 12.46294
0 0 0 0 0 0 0 0 0 0 0 0 0 0 0 0 0 0 0 0 0 0 0 0 0 0 0 0 0 0 0 0 0 0 0 11.59716 11.59716 11.59716 11.59716 11.59716 11.59716 34.16917 45.57537 45.57536 45.57537 45.57536 45.84359 50.96444 51.99831 51.69683 48.65582 48.65285 48.65286 48.65285 48.65286 39.52694 26.55983 26.55983 26.55983 26.55983 26.55983 26.55983 26.55983 26.55983 26.55983 26.55983 11.25264 4.152784 5.496281 9.258094 12.28276 12.46294 12.46294 12.46294 12.46294
0 0 0 0 0 0 0 0 0 0 0 0 0 0 0 0 0 0 0 0 0 0 0 0 0 0 0 0 0 0 0 0 0 0 14.72167 12.52168 11.60562 11.59716 11.59716 11.59716 12.71406 44.00255 45.57537 45.57537 45.57537 45.57537 49.31172 51.99831 51.99831 51.67792 48.71511 48.65286 48.65286 48.50003 41.78951 31.46232 26.55983 26.55983 26.55983 26.55983 26.61742 26.78902 26.73026 26.58155 26.55983 26.55983 15.84235 4.152785 4.152785 4.152785 5.099035 8.816376 12.09265 12.46294 12.46294
0 0 0 0 0 0 0 0 0 0 0 0 0 0 0 0 0 0 0 0 0 0 0 0 0 0 0 0 0 0 0 0 0 0 14.72167 14.72167 14.55051 14.04761 13.53627 13.02495 23.54044 45.52339 45.57536 45.57536 45.57536 45.63764 51.60627 51.99831 51.99831 51.99831 50.56281 48.70649 48.65285 37.47981 27.3968 27.16518 26.85879 26.77575 26.97571 27.22269 27.40591 27.41058 27.41057 27.36949 27.00175 26.61512 17.9026 4.152785 4.152785 4.152785 4.152785 4.152785 4.772509 8.298505 11.83246
0 0 0 0 0 0 0 0 0 0 0 0 0 0 0 0 0 0 0 0 0 0 0 0 0 0 0 0 0 0 0 0 0 0 14.72167 14.72167 14.72167 14.72167 15.04255 32.8075 42.57716 34.19573 41.28125 45.53847 45.57536 46.33729 51.99831 51.99831 51.99831 51.99831 51.99831 43.39292 39.2237 33.11422 27.41057 27.41057 27.41057 27.41057 27.41057 27.41058 27.41058 27.41057 27.41058 27.41057 27.41057 27.35708 15.03325 4.152784 4.152784 4.152784 4.152784 4.152785 4.152784 4.152785 4.514823
0 0 0 0 0 0 0 0 0 0 0 0 0 0 0 0 0 0 0 0 0 0 0 0 0 0 0 0 0 0 0 0 0 14.72167 14.72167 14.72167 14.72167 18.92826 43.54395 53.51412 40.02477 31.43622 31.43622 34.34155 41.57174 49.01019 51.99831 51.99831 51.99831 51.73875 32.5475 12.6041 11.90832 12.77338 24.16965 27.41058 27.41058 27.41057 27.41058 27.41057 27.41058 27.41058 27.41058 27.41057 27.41058 27.41057 12.69244 4.152785 4.152785 4.152785 4.152785 4.152785 4.152785 4.152785 4.152785
0 0 0 0 0 0 0 0 0 0 0 0 0 0 0 0 0 0 0 0 0 0 0 0 0 0 0 0 0 0 0 0 14.72167 18.81738 14.72167 14.72167 24.26583 50.71546 53.51412 53.51412 37.9153 31.43622 31.43622 31.43622 31.43622 32.78183 33.06958 19.21027 15.97768 14.79391 11.90832 11.90832 11.90832 11.90832 14.76087 27.12698 27.41058 27.50806 27.43793 27.41058 27.80669 28.11713 27.61516 27.41058 27.41058 27.41058 15.88502 4.152785 4.152785 4.152785 4.152785 4.152785 4.152785 4.152785 4.152785
