Scenarios/Heterogeneous/data/country_data_population_distribution/processed/density_grids/mdg.asc
ncols 180
nrows 338
xllcorner 43
yllcorner -25
cellsize 0.041666666666667
NODATA_value -9999
[rows 132 to 164 of 338, columns 0 to 74 of 180]
0 0 0 0 0 0 0 0 0 0 0 0 0 0 0 0 0 0 0 0 0 0 11.49817 11.49817 11.49817 11.49817 11.49817 11.49817 11.49817 11.49817 11.49817 11.49817 10.07101 8.273989 8.273989 8.273989 8.273989 8.273989 8.27399 8.27399 8.273989 7.815953 6.832647 4.749375 3.728592 4.751391 7.100149 6.766948 8.180602 8.409161 8.409162 8.331184 8.218903 8.218903 8.218903 8.218903 8.218903 8.218903 8.218903 8.199427 7.931603 7.875894 7.875333 7.873974 7.874083 7.874458 7.875503 7.875894 7.875363 7.870922 7.870849 7.870849 7.870849 7.870849 7.870849
0 0 0 0 0 0 0 0 0 0 0 0 0 0 0 0 0 0 11.49817 0 0 0 11.49817 11.49817 11.49817 11.49817 11.49817 11.49817 11.49817 11.49817 11.49817 11.49817 11.14213 10.25102 10.91147 10.08196 8.27399 8.27399 8.273989 8.27399 7.993605 3.850826 3.728593 3.728593 3.728593 3.728593 3.728593 3.728593 4.094084 5.745474 5.053362 4.611842 6.203578 8.04458 8.118486 8.200803 8.179282 8.098989 8.084956 8.090733 7.924726 7.875894 7.875894 7.875894 7.875894 7.875894 7.875894 7.875894 7.874575 7.87086 7.870849 7.870849 7.870848 7.870849 7.870848
0 0 0 0 0 0 0 0 0 0 0 0 0 0 0 0 0 0 0 0 0 0 11.49817 11.49817 11.49817 11.49817 11.49817 11.49817 11.49817 11.49817 11.49817 11.49817 12.04867 15.87758 16.24115 14.50633 7.471159 8.273989 8.249864 6.207566 4.331772 3.728593 3.728593 3.728593 3.728593 3.728593 3.728593 3.728593 3.728593 3.728593 3.728593 3.728593 3.93687 7.630806 7.875894 7.879335 7.875957 7.875894 7.875894 7.875894 7.875894 7.875894 7.875894 7.875894 7.875894 7.875894 7.875894 7.875894 7.871979 7.870849 7.870849 7.870849 7.870849 7.870848 7.870849
0 0 0 0 0 0 0 0 0 0 0 0 0 0 0 0 0 0 0 0 0 0 11.49817 11.49817 11.49817 11.49817 11.49817 11.49817 11.49817 11.49817 11.49817 11.49817 13.67883 16.24115 16.24115 9.008352 2.763005 5.062914 3.984353 3.065423 3.728593 3.728592 3.728593 3.728593 3.728593 3.728592 3.728593 3.728592 3.728593 3.728592 3.728593 3.728592 3.728593 6.88735 7.875895 7.875894 7.875895 7.875894 7.875895 7.875894 7.875894 7.875894 7.875894 7.875894 7.875894 7.875894 7.875894 7.875088 7.87085 7.870848 7.870849 7.870848 7.870848 7.870849 9.384109
0 0 0 0 0 0 0 0 0 0 0 0 0 0 0 0 0 0 0 0 0 0 11.49817 11.49817 11.49817 11.49817 11.49817 11.49817 11.49817 11.49817 11.49817 11.49817 14.81828 16.24115 16.24115 7.259679 2.637496 2.637496 2.637496 2.754251 3.728592 3.728593 3.728593 3.728592 3.728593 3.728592 3.728593 3.728593 3.728592 3.728592 3.728593 3.728592 3.728593 6.042958 7.875895 7.875894 7.875894 7.875894 7.875894 7.875894 7.875894 7.875894 7.875894 7.875894 7.875894 7.875894 7.875894 7.874932 7.870968 7.870848 7.870848 8.152309 10.1677 13.08733 14.79081
0 0 0 0 0 0 0 0 0 0 0 0 0 0 0 0 0 0 0 0 0 0 11.49817 11.49817 11.49817 11.49817 11.49817 11.49817 11.49817 11.49817 11.49817 11.94979 16.03325 16.24115 16.24115 7.608815 2.637496 2.637496 2.637496 2.685283 3.716162 3.728593 3.728592 3.728592 3.728592 3.728592 3.728592 3.728593 3.728592 3.728592 3.728592 3.728592 3.728592 4.443341 7.647537 7.875895 7.875894 7.875895 7.875894 7.885704 8.243911 8.086635 7.875895 7.875895 7.875894 7.875895 7.875895 7.875895 7.873708 10.03919 12.10877 14.60213 14.79792 14.79792 14.79792
0 0 0 0 0 0 0 0 0 0 0 0 0 0 0 0 0 0 0 0 0 0 11.49817 11.49817 11.49817 11.49817 11.49817 11.49817 11.49817 11.49817 11.49817 14.06878 16.24115 16.24115 16.24115 10.86305 2.637496 2.637496 2.637496 2.637496 3.472278 3.728593 3.728593 3.728593 3.728593 3.728593 3.728593 3.728593 3.728593 3.728593 3.728593 3.728593 3.728593 4.722258 7.874952 7.875894 7.918746 8.669872 9.189657 9.683693 9.974889 9.903022 8.265383 7.875894 7.875894 7.875894 7.875894 7.875894 7.877285 9.4805 14.50058 14.79792 14.79792 14.79792 14.79792
0 0 0 0 0 0 0 0 0 0 0 0 0 0 0 0 0 0 0 0 0 0 11.49817 11.49817 11.49817 11.49817 11.49817 11.49817 11.49817 11.49817 11.5345 15.447 16.24115 16.24115 16.24115 13.69936 2.637496 2.637496 2.637496 2.637496 3.155941 3.728593 3.728592 3.728593 3.728592 3.728592 3.728592 3.728593 3.728592 3.728593 3.728592 3.728593 3.728592 3.728593 7.865488 8.755055 9.538207 9.97489 9.974889 9.97489 9.97489 9.974889 9.577277 8.654717 8.935196 8.080939 7.875894 7.875894 7.875894 7.875894 12.66714 14.79792 14.79792 14.79792 14.79792
0 0 0 0 0 0 0 0 0 0 0 0 0 0 0 0 0 0 0 0 0 0 0 0 15.16758 16.49973 14.6545 11.93451 12.05507 13.67207 17.37038 16.25283 16.24115 16.24115 16.24115 14.18339 2.637496 2.637496 2.637496 2.637496 2.897731 3.728593 3.728593 3.728593 3.728592 3.728593 3.728593 3.728593 3.728593 3.728593 3.728593 3.728593 3.728593 3.728593 9.399796 9.974889 9.974889 9.974889 9.974889 9.974889 9.974889 9.974889 9.974889 9.974889 9.97489 9.069474 7.875895 7.875894 7.875894 7.875894 9.850799 14.63502 14.79792 14.79792 14.42491
0 0 0 0 0 0 0 0 0 0 0 0 0 0 0 0 0 0 0 0 0 0 0 0 19.79965 19.79965 19.79965 19.24558 19.18369 19.79965 19.13902 16.24115 16.24115 16.24115 16.24115 15.49546 5.634052 2.637496 2.637496 2.637496 2.639814 3.485639 3.728593 3.728593 3.728593 3.728593 3.728592 3.728593 3.728593 3.728593 3.728593 3.728593 3.722634 3.234121 8.086636 9.962534 9.731455 9.974889 9.97489 9.974889 9.974889 9.974889 9.97489 9.974889 9.974889 9.28244 7.875894 7.875894 7.875895 7.875894 7.875895 13.94821 15.24069 14.25995 11.28473
0 0 0 0 0 0 0 0 0 0 0 0 0 0 0 0 0 0 0 0 0 0 0 0 19.79965 19.79965 19.79965 19.79965 19.79965 19.79965 19.70511 16.323 16.24115 16.24115 16.24115 16.24115 16.05399 8.036537 2.637496 2.637496 2.637496 2.737886 3.227665 3.353314 3.551473 3.707411 3.728592 3.728593 3.728592 3.728592 3.728593 3.728593 3.21253 2.648068 2.932046 2.814532 2.706278 7.614395 9.974889 9.974889 9.974889 9.974889 9.974889 9.974889 9.974889 9.38014 7.875895 7.875895 7.875895 7.875895 8.918699 15.68447 15.73012 15.53109 15.81649
0 0 0 0 0 0 0 0 0 0 0 0 0 0 0 0 0 0 0 0 0 0 0 0 19.79965 19.79965 19.79965 19.79965 19.79965 19.79965 19.79965 17.13944 16.24115 16.24115 16.20917 14.71642 13.36485 11.54924 3.362601 2.637496 2.637496 2.637496 2.637496 2.637496 2.637496 3.063221 3.728593 3.728593 3.728593 3.728593 3.728593 3.710997 2.756164 2.648068 2.648068 2.648068 2.648068 2.750431 6.181708 8.185079 9.77494 9.97489 9.97489 9.97489 9.97489 9.664572 7.875894 7.875894 7.875895 7.875894 11.96468 15.73012 15.73013 15.73012 15.73013
0 0 0 0 0 0 0 0 0 0 0 0 0 0 0 0 0 0 0 0 0 0 0 0 19.79965 19.79965 19.79965 19.79965 19.79965 19.79965 19.79965 19.05684 16.28508 15.87693 12.8497 11.81438 11.81438 11.3623 4.015385 2.637496 2.637496 2.637496 2.637496 2.637496 2.637496 2.781929 3.728593 3.728593 3.728592 3.728592 3.728593 3.380373 2.648068 2.648069 2.648068 2.648069 2.648068 2.648069 2.648068 2.648069 3.787886 9.407337 9.97489 9.97489 9.97489 9.598114 7.875894 7.875894 7.875894 8.000426 14.93582 15.73012 15.73012 15.73012 15.73012
0 0 0 0 0 0 0 0 0 0 0 0 0 0 0 0 0 0 0 0 0 0 0 0 19.79965 19.79965 19.79965 19.79965 19.79965 19.79965 19.79965 19.79965 15.94037 12.29747 11.81438 11.81438 11.81438 5.756334 2.637496 2.637496 2.637496 2.637496 2.637496 2.637496 2.637496 2.765583 3.727203 3.728592 3.728593 3.728593 3.475318 2.733303 2.648068 2.648068 2.648069 2.648068 2.648069 2.648068 2.648069 2.648069 2.648069 6.506349 9.97489 9.97489 9.97489 9.416484 7.875895 7.875894 7.875895 10.30179 15.73013 15.73012 15.73013 15.73013 15.73013
0 0 0 0 0 0 0 0 0 0 0 0 0 0 0 0 0 0 0 0 0 0 0 0 81.04245 54.30003 39.92356 24.53659 19.79965 19.82002 19.79965 17.99859 11.98215 11.81438 11.81438 11.81438 11.81438 5.845214 2.637496 2.637496 2.637496 2.637496 2.637496 2.637496 2.637496 2.637496 2.837378 2.990595 3.44937 3.081177 2.660598 2.648069 2.648069 2.648068 2.648068 2.648069 2.648068 2.648069 2.648068 2.648069 2.648069 6.631387 9.97489 9.974889 9.97489 9.210789 7.875895 7.875894 7.875895 13.39746 15.73012 15.73012 15.73012 15.73012 15.73012
0 0 0 0 0 0 0 0 0 0 0 0 0 0 0 0 0 0 0 0 0 0 0 0 176.4677 176.4677 176.4677 165.7501 38.61937 30.63283 27.864 12.72016 11.81438 11.81438 11.81438 11.81438 11.80487 11.04556 9.387916 7.245995 5.855034 2.637496 2.637496 2.637496 2.637496 2.637496 2.637496 2.637496 2.645147 2.648068 2.648068 2.648068 2.648068 2.648069 2.648068 2.648068 2.648068 2.648068 2.648068 2.648068 2.648068 2.851721 9.599412 9.97489 9.974889 8.935999 7.875894 7.875894 8.753206 15.63064 15.73012 15.73012 15.73012 15.73012 15.73012
0 0 0 0 0 0 0 0 0 0 0 0 0 0 0 0 0 0 0 0 0 0 0 0 176.4677 176.4677 176.4677 148.2014 31.48817 31.48817 28.43372 15.29091 12.30171 11.81438 11.81438 11.81438 11.79326 11.65172 11.65145 11.65145 10.2562 2.637496 2.637496 2.637496 2.637496 2.637496 2.637496 2.637496 2.646698 2.648068 2.648069 2.648069 2.648069 2.648069 2.648069 2.648068 2.648069 2.648069 2.648069 2.648069 2.648069 2.837889 9.552225 9.97489 9.97489 8.514781 7.875895 8.485885 14.14027 15.73012 15.73013 15.73013 15.73013 15.73012 15.73013
0 0 0 0 0 0 0 0 0 0 0 0 0 0 0 0 0 0 0 0 0 0 0 0 176.4677 176.4677 164.7944 63.82626 31.48817 31.48817 31.48817 31.51691 37.92365 37.15363 23.89141 12.87431 11.81438 11.7674 11.66804 11.65145 11.64674 7.0614 2.637496 2.637496 2.637496 2.637496 2.637496 2.637496 3.298843 2.840459 2.648068 2.648068 2.648068 2.648069 2.648068 2.648068 2.648068 2.648068 2.648068 2.648068 2.648069 4.6933 9.97489 9.97489 9.97489 8.331171 7.875894 12.82147 15.73012 15.73012 15.73012 15.73012 15.73012 15.73012 15.73012
0 0 0 0 0 0 0 0 0 0 0 0 0 0 0 0 0 0 0 0 0 0 0 0 176.4677 148.9305 45.41315 31.48817 31.48817 31.50459 39.74209 54.86378 61.53595 61.53595 61.53595 59.1856 53.66133 48.19946 22.13554 11.65145 11.65145 11.56833 3.836722 2.637496 2.637496 2.637496 2.637496 4.822855 7.708006 7.700004 7.249385 5.398025 4.175578 2.885663 2.648069 2.648068 2.648069 2.648068 2.648069 2.648068 2.648068 5.026356 9.97489 9.97489 9.97489 8.962734 7.875895 14.22042 15.73013 15.73012 15.73013 15.73012 15.73013 15.73012 15.73013
0 0 0 0 0 0 0 0 0 0 0 0 0 0 0 0 0 0 0 0 0 0 0 0 31.48817 36.19349 31.48817 31.48817 36.91347 53.18682 60.05816 60.05859 59.76295 60.01808 61.50255 54.43406 41.00016 39.97017 28.33292 11.65145 11.65145 11.65145 7.970589 2.639557 2.637496 2.637496 4.686882 7.697218 7.716482 7.716481 7.716482 6.413332 5.31824 5.167791 3.87299 2.716748 2.648068 2.648068 2.648068 2.648068 2.648068 2.9636 14.50049 21.85293 13.62515 9.905908 9.61353 14.70123 15.73012 15.73012 15.73013 15.73012 15.73013 15.73012 15.73012
0 0 0 0 0 0 0 0 0 0 0 0 0 0 0 0 0 0 0 0 0 0 0 0 0 40.06458 42.1169 49.39734 56.87221 57.18119 57.18118 57.18118 57.18118 50.45782 26.66882 14.5364 14.45666 14.45666 13.38879 11.65145 11.65145 11.65145 11.65145 4.715945 2.637496 4.555274 7.682062 7.716481 7.716481 7.716481 7.716481 6.691799 5.318241 5.318241 5.318241 4.94215 3.60988 3.504979 4.437238 5.364314 6.273046 6.923467 14.69132 34.68154 34.39356 22.53677 14.6221 15.73012 15.73012 15.73012 15.73012 15.73012 15.73012 15.73012 15.73012
0 0 0 0 0 0 0 0 0 0 0 0 0 0 0 0 0 57.18118 57.18118 0 0 0 0 0 0 57.18118 57.18118 57.18118 57.18118 56.88602 55.48861 56.97974 57.18118 24.15694 14.45666 14.45666 14.45666 14.45666 14.33987 12.1 11.65145 11.65145 11.65145 4.11682 2.986867 7.660772 7.716482 7.716481 7.716482 7.716481 7.716482 6.489247 5.318241 5.318241 5.318241 5.31824 6.233422 6.951285 6.951285 6.951284 6.951285 6.951284 9.293942 34.6685 34.68154 32.94292 17.07457 15.73012 15.73012 15.73012 15.73012 15.73013 15.73012 15.73012 15.73012
0 0 0 0 0 0 0 0 0 0 0 0 0 0 0 0 0 0 0 0 0 0 0 0 57.18118 57.18118 53.44646 39.37312 24.69606 12.15985 10.60839 12.95873 20.60557 14.78172 14.45666 14.45666 14.45666 14.45666 13.52857 11.67537 11.65145 11.65145 11.65145 10.75607 8.93064 7.716481 7.716481 7.716481 7.716481 7.716481 7.716481 6.085909 5.318241 5.318241 5.318241 5.318241 6.435938 6.951284 6.951284 6.951284 6.951284 6.951284 13.25717 34.5421 34.68154 34.68154 29.93972 17.48771 15.73012 15.73012 15.73012 15.73012 15.73012 15.73012 15.73012
0 0 0 0 0 0 0 0 0 0 0 0 0 0 0 0 0 0 0 0 0 0 10.60839 0 10.60839 16.86127 11.16591 10.60839 10.60839 10.60839 10.60839 10.60839 10.60839 14.04581 14.45666 14.49354 14.47582 14.47883 12.3057 11.65145 11.65145 11.65145 11.65145 11.65145 9.712534 7.716481 7.716481 7.716482 7.716481 7.716481 7.716481 5.868916 5.318241 5.318332 5.475042 5.868971 6.819911 6.951284 6.951284 6.951284 6.951284 6.951284 26.14266 34.68154 34.68154 34.68154 34.68154 33.00486 22.10077 16.3608 15.73013 15.73012 15.73013 15.73012 15.73013
0 0 0 0 0 0 0 0 0 0 0 0 0 0 0 0 0 0 0 0 0 0 10.60839 0 0 10.60839 10.60839 10.60839 10.60839 10.60839 10.60839 10.60839 10.62142 14.30914 14.49376 14.66018 14.65887 14.47332 11.76318 11.65145 11.65145 11.65145 11.65145 11.65145 8.875794 7.716481 7.716481 7.716482 7.716481 7.716481 7.716481 6.500621 6.528075 6.843133 6.951284 6.951284 6.951284 6.951284 6.951284 6.951284 6.951284 6.951284 23.4815 34.68154 34.68154 34.68154 34.68154 34.81618 35.70898 35.08582 30.9589 27.422 20.97582 16.96502 15.73012
0 0 0 0 0 0 0 0 0 0 0 0 0 0 0 0 0 0 0 10.60839 0 0 0 0 0 10.60839 10.71943 10.80018 10.60839 10.60839 10.60839 10.60839 11.89559 14.45702 14.57021 14.66066 14.66066 13.50921 11.65145 11.65145 11.65145 11.65145 11.65145 11.65145 9.224731 7.716482 7.716481 7.716482 7.716481 7.71637 7.413253 6.963209 6.951284 6.951284 6.951284 6.951284 6.951284 6.951284 6.951284 6.951284 6.951284 7.286206 31.79961 34.68154 34.68154 34.68154 34.68154 35.31512 35.7261 35.7261 35.7261 35.7261 25.66164 23.87955 22.36243
0 0 0 0 0 0 0 0 0 0 0 0 0 0 0 0 0 0 0 0 0 0 0 0 0 0 14.45666 14.45666 14.26435 13.87973 13.49512 13.58214 14.4518 14.58217 14.66066 14.66066 14.66066 12.41138 11.65145 11.65145 11.65145 11.65145 11.65145 11.65145 10.46653 7.716481 7.716481 7.716481 7.684575 7.2318 6.951284 6.951284 6.951284 6.951284 6.951285 6.951284 6.951284 6.951284 6.951284 6.951284 6.951284 15.21387 35.57454 34.73178 34.68154 34.68154 34.68154 35.33191 35.7261 35.7261 35.7261 34.39318 23.9177 23.89595 23.89595
0 0 0 0 0 0 0 0 0 0 0 0 0 0 0 0 0 0 0 0 10.60839 10.60839 10.60839 0 0 0 0 14.45666 14.45666 14.45666 14.45666 14.46045 14.54094 14.66066 14.66066 14.66066 14.44403 11.67173 11.65145 11.65145 11.65145 11.65145 11.65145 11.65145 11.52336 7.901447 7.716481 7.586295 7.082026 6.951284 6.951283 6.951284 6.951284 6.951283 6.951284 6.951284 6.951284 6.951284 6.951283 6.951284 6.951284 26.51458 35.7261 35.24626 34.68369 34.68154 34.68231 35.44775 35.72609 35.7261 35.72609 31.02444 23.89595 23.89595 23.89595
0 0 0 0 0 0 0 0 0 0 0 0 0 0 0 0 0 0 0 0 0 0 10.60839 0 0 0 0 14.45666 14.51201 14.59163 14.61575 14.64845 14.66065 14.66065 14.66066 14.66066 14.66061 12.48135 11.65145 11.65145 11.65145 11.65145 11.65145 11.65145 11.65145 9.033791 7.262969 6.963629 6.951283 6.951285 6.951284 6.951284 7.088263 7.012144 6.951284 6.951284 6.976269 9.737438 12.14149 11.80901 13.47885 35.2 35.72609 35.72609 35.60425 35.34041 35.42648 35.72609 35.72609 35.72609 35.72609 28.0094 23.89595 23.89612 24.03625
0 0 0 0 0 0 0 0 0 0 0 0 0 0 0 0 0 0 0 0 0 0 0 0 0 0 0 0 14.66066 14.66066 14.66066 14.66066 14.66066 14.66066 14.66066 14.66066 14.66066 12.45139 11.65145 11.65145 11.65145 11.65145 11.65145 11.65145 11.65145 10.61392 6.951284 6.951285 6.951284 6.951284 6.951284 7.085838 7.647423 8.605644 10.18796 10.51882 13.65073 15.08915 15.08915 15.08915 24.6979 35.7261 35.7261 35.7261 35.7261 35.7261 35.7261 35.7261 35.7261 35.7261 35.7261 31.12268 27.37498 24.38369 24.49616
0 0 0 0 0 0 0 0 0 0 0 0 0 0 0 0 0 0 0 0 0 0 0 0 0 0 0 0 14.66066 14.66066 14.66066 14.66066 14.66066 14.66066 14.66066 14.66066 13.75468 11.66092 11.65145 11.65145 11.65145 11.65145 11.65145 11.65145 11.65145 11.65143 7.969621 6.951284 6.951284 6.951284 7.013439 7.522407 7.667946 9.32594 15.08915 15.08915 15.08915 15.08915 15.08915 15.16608 35.96291 38.42404 37.47541 36.52682 35.78168 35.7261 35.7261 35.7261 35.7261 456.7074 593.8811 40.13175 32.17875 24.49783 24.49616
0 0 0 0 0 0 0 0 0 0 0 0 0 0 0 0 0 0 0 0 0 0 0 0 0 0 0 0 0 14.66066 14.66066 14.66066 14.66066 14.66066 14.66066 13.68455 11.8538 11.65145 11.65145 11.65145 11.65145 11.65145 11.65145 11.65145 11.65145 11.65145 10.15026 7.259569 7.359951 7.467151 7.644003 7.667945 7.667945 9.801405 15.08915 15.08915 15.08915 15.08915 15.08915 18.80786 42.14743 42.14743 42.14743 42.14743 39.39088 35.79977 37.51175 36.35483 35.72609 569.5771 666.8405 101.4954 35.35604 30.59238 26.26717
0 0 0 0 0 0 0 0 0 0 0 0 0 0 0 0 0 0 0 0 0 0 0 0 0 0 0 0 0 15.67236 16.65884 15.77378 15.99874 16.531 15.43447 12.10927 11.65145 11.65145 11.65145 11.65145 11.65145 11.65145 11.65145 11.65145 11.65145 11.65145 11.62914 8.40789 7.667945 7.667945 7.667945 7.667946 7.667945 11.52286 15.08915 15.08915 15.08915 15.08915 15.08915 15.11595 37.34382 42.14743 42.14743 42.14743 50.0556 68.87281 70.52216 65.01657 35.72609 35.72609 35.72609 35.72609 35.7261 35.7261 37.81041
