Scenarios/Heterogeneous/data/country_data_population_distribution/processed/density_grids/mex.asc
ncols 775
nrows 449
xllcorner -118
yllcorner 14
[rows 252 to 293 of 449, columns 470 to 563 of 775]
15.12886 8.973653 3.586512 4.361556 4.361556 36.64136 17.3676 10.59531 11.13186 9.982649 10.70456 11.99146 7.837934 2.147257 4.367528 8.305667 4.95983 5.2278 12.76284 1.014612 0.7801202 0.5070672 1.036435 7.126883 10.54254 206.2291 18.6737 10.27349 134.6237 59.63891 8.076892 6.414083 6.030253 11.18392 37.2378 31.9539 26.9593 25.10001 26.56398 18.10891 32.82045 3522.582 397.186 42.05494 0 0 0 0 0 0 0 0 0 0 0 0 0 0 0 0 0 0 0 0 0 0 0 0 0 0 0 0 0 0 0 0 0 0 0 0 0 0 0 0 0 0 0 0 0 0 0 0 0 0
16.86877 15.44966 3.357207 4.237177 4.361556 13.36763 37.01687 17.12974 11.11217 10.5743 9.66819 15.55942 9.083109 4.755791 7.11921 9.930162 6.64819 9.714751 5.50096 0.7860813 1.221399 3.264948 4.613782 4.63201 4.63201 5.849014 5.472688 5.85452 10.1526 7.200304 9.65074 7.763324 7.64996 66.42622 67.05759 19.80274 22.13988 23.93938 26.25634 17.69994 22.2148 27.70937 26.72366 21.06289 0 0 0 0 0 0 0 0 0 0 0 0 0 0 0 0 0 0 0 0 0 0 0 0 0 0 0 0 0 0 0 0 0 0 0 0 0 0 0 0 0 0 0 0 0 0 0 0 0 0
17.45391 15.98743 3.62483 3.035745 5.795385 6.381131 35.16629 19.1781 13.56254 19.20985 23.69595 32.85375 10.21379 9.868936 9.948362 10.13288 7.949429 5.777146 1.382513 0.909917 3.143685 4.63201 4.530319 3.225313 3.98175 5.269011 13.68803 31.96599 19.01017 11.32039 9.567712 7.763324 9.493437 96.48674 97.40448 61.41759 26.37015 29.73431 19.5808 14.20441 18.11806 20.46478 153.7101 20.46478 0 0 0 0 0 0 0 0 0 0 0 0 0 0 0 0 0 0 0 0 0 0 0 0 0 0 0 0 0 0 0 0 0 0 0 0 0 0 0 0 0 0 0 0 0 0 0 0 0 0
16.72032 16.89138 5.530015 2.484293 4.656744 6.388497 11.65784 10.78943 20.12733 20.8782 35.52943 23.33198 5.496284 5.073134 8.046663 18.65523 13.62236 23.98611 18.59538 0.9849947 2.027206 17.82058 21.92596 2.082067 193.7947 6.316079 39.47719 30.61712 19.78738 18.40235 14.43085 13.67027 33.69572 2089.667 84.60634 44.32697 37.08482 27.7682 11.56623 10.91838 17.70269 19.46257 19.34793 17.41081 13.89467 0 0 0 0 0 0 0 0 0 0 0 0 0 0 0 0 0 0 0 0 0 0 0 0 0 0 0 0 0 0 0 0 0 0 0 0 0 0 0 0 0 0 0 0 0 0 0 0 0
22.69356 19.53049 13.43325 5.176064 2.885442 3.67645 4.992298 8.33946 20.19157 21.46824 35.56937 30.71804 563.5078 2280.359 531.4369 35.71439 25.56537 32.24553 122.0496 853.6353 9.375378 26.16383 27.2537 18.20051 2.141843 8.139947 44.22643 22.61231 19.77158 21.61069 17.6344 15.10636 14.81038 428.9708 21.8162 32.61735 23.56628 10.44234 8.793456 9.576363 6.850058 8.521412 13.89467 13.89467 13.89467 0 0 0 0 0 0 0 0 0 0 0 0 0 0 0 0 0 0 0 0 0 0 0 0 0 0 0 0 0 0 0 0 0 0 0 0 0 0 0 0 0 0 0 0 0 0 0 0 0
29.52198 21.77058 19.10132 15.24675 115.5922 2.820087 178.2047 162.1525 22.92295 27.89934 44.73438 47.9516 47.9516 1968.797 1711.531 34.97393 32.0903 28.9103 23.53069 48.853 12.16032 12.35956 25.93806 27.03993 12.22711 8.685839 34.03794 18.35719 15.82232 20.95706 22.9298 21.93112 16.23295 19.92291 21.20808 18.43546 3.610563 3.454893 4.287531 6.360794 5.530495 7.378804 13.54436 20.50509 41.44622 51.69363 0 0 0 0 0 0 0 0 0 0 0 0 0 0 0 0 0 0 0 0 0 0 0 0 0 0 0 0 0 0 0 0 0 0 0 0 0 0 0 0 0 0 0 0 0 0 0 0
27.71702 24.02607 22.53214 13.83752 339.971 11.84798 49.09416 25.674 26.90562 28.50752 52.84024 55.88317 44.72874 34.91701 207.207 32.06178 29.90709 17.68812 17.68812 17.68812 14.49403 12.07854 17.61217 22.69515 6.632346 5.754545 3.428826 7.510948 12.70174 16.13464 15.19193 15.17494 11.99337 15.74994 18.40068 5.932779 1.148373 5.243166 4.956348 4.858513 5.294925 7.097152 11.74905 25.82139 49.80499 51.69362 0 0 0 0 0 0 0 0 0 0 0 0 0 0 0 0 0 0 0 0 0 0 0 0 0 0 0 0 0 0 0 0 0 0 0 0 0 0 0 0 0 0 0 0 0 0 0 0
27.63437 23.19967 23.19967 23.75871 38.46569 16.84282 21.86029 19.14015 24.48955 27.34859 52.14463 64.50699 37.50325 22.5414 23.03472 43.3726 33.94178 18.64708 17.68812 17.68812 17.00781 13.2534 19.40335 21.42713 11.55287 5.209193 2.933188 6.092 6.056648 12.32637 13.32978 10.53725 11.43031 15.13107 17.10644 8.804972 1.648461 6.03409 5.798985 3.630738 4.193124 9.536181 8.784225 4.768362 3.080799 29.44209 51.69363 0 0 0 0 0 0 0 0 0 0 0 0 0 0 0 0 0 0 0 0 0 0 0 0 0 0 0 0 0 0 0 0 0 0 0 0 0 0 0 0 0 0 0 0 0 0 0
29.3548 23.63803 23.96376 25.19805 24.71153 16.27357 14.79076 14.01403 22.38507 23.82323 41.47142 59.75466 35.38496 23.44669 26.06425 37.48766 43.16933 31.68618 20.57876 17.69545 17.68812 21.85203 23.442 22.912 14.40238 6.593924 13.3267 29.61729 8.292303 2.767104 3.666866 4.587349 10.65816 15.69314 16.02674 15.0809 13.16262 9.171973 5.555294 3.54141 3.864746 8.211519 9.540985 7.830428 7.89126 21.03131 17.47007 12.68012 0 0 0 0 0 0 0 0 0 0 0 0 0 0 0 0 0 0 0 0 0 0 0 0 0 0 0 0 0 0 0 0 0 0 0 0 0 0 0 0 0 0 0 0 0 0
15.38929 18.35928 31.92752 34.04801 21.556 12.26337 11.3717 11.14766 14.37525 21.92974 30.93311 60.21248 24.70675 19.13457 26.04504 24.61878 24.08543 22.06373 17.99906 17.6983 17.68812 22.33842 18.10259 14.83903 14.32854 13.60177 23.3151 30.44471 19.79155 14.84193 11.01903 3.979146 4.390182 13.4977 13.98763 14.25304 14.26795 9.41699 5.884768 3.750147 3.406031 6.448163 7.459268 7.394732 9.958859 24.78909 11.76536 12.68012 12.68012 0 0 0 0 0 0 0 0 0 0 0 0 0 0 0 0 0 0 0 0 0 0 0 0 0 0 0 0 0 0 0 0 0 0 0 0 0 0 0 0 0 0 0 0 0
2.507953 12.17705 34.35577 34.35577 21.1923 13.23524 12.69697 12.16412 10.8195 11.88844 30.22531 65.30295 29.67789 10.45402 18.16543 24.50479 21.29013 21.70784 19.18711 20.88755 19.3566 22.20979 20.37703 20.32302 20.79308 20.6502 50.29865 468.8213 23.78738 19.50781 11.44058 3.947594 2.692132 7.981957 12.54793 11.99898 11.53983 6.942959 6.063179 3.371042 1.743265 6.48139 10.04647 10.24733 10.62715 16.01966 23.49223 12.31482 12.68007 0 0 0 0 0 0 0 0 0 0 0 0 0 0 0 0 0 0 0 0 0 0 0 0 0 0 0 0 0 0 0 0 0 0 0 0 0 0 0 0 0 0 0 0 0
9.77091 12.57389 30.7242 34.16422 27.44178 12.08907 14.12303 18.46301 10.82895 17.27771 23.69661 45.6773 66.74145 40.82117 55.04926 90.5053 68.70918 47.99545 41.01546 35.6439 26.71591 26.71586 27.48727 313.9978 136.5916 28.68014 43.03881 36.16777 19.3889 19.36566 9.248775 3.728311 3.02773 4.639935 8.333641 6.251521 6.222532 6.206278 6.217113 2.34988 1.743265 8.273996 17.39341 17.39341 21.4816 24.32041 24.88567 22.88443 10.50875 7.087205 7.085333 0 0 0 0 0 0 0 0 0 0 0 0 0 0 0 0 0 0 0 0 0 0 0 0 0 0 0 0 0 0 0 0 0 0 0 0 0 0 0 0 0 0 0
12.99312 13.17384 22.80188 23.88476 20.93548 9.811716 9.994228 13.62891 17.89672 23.74498 32.42389 48.48256 100.0833 112.6764 76.14541 91.81413 118.0539 80.28149 45.29321 45.29321 30.40703 28.47491 34.91371 27.24247 34.62366 45.52448 46.00089 30.52894 19.32647 19.04731 12.09458 8.374207 9.086102 8.583444 5.500207 6.250485 6.282584 6.67051 6.633821 5.012445 3.902391 51.35558 17.39341 25.01828 35.92752 36.42701 0 17.97149 7.085333 7.085333 7.085333 7.085333 0 0 0 0 0 0 0 0 0 0 0 0 0 0 0 0 0 0 0 0 0 0 0 0 0 0 0 0 0 0 0 0 0 0 0 0 0 0 0 0 0 0
12.86003 8.644032 21.60692 11.23128 10.22903 9.803909 9.811715 9.956803 12.31881 12.85281 49.80938 75.04314 127.3412 162.9327 78.10037 101.2287 153.9991 109.5054 57.08508 49.25336 42.45193 49.18828 41.7163 7.387 17.13192 38.36362 33.25591 17.03008 18.05454 15.35537 12.30305 11.06738 6.402149 5.786298 5.046516 5.082594 4.531739 8.102421 7.634347 4.941792 4.526981 183.5722 15.79745 26.01682 36.42701 36.42701 35.20815 0 0 7.085333 6.907281 6.211143 5.938872 0 0 0 0 0 0 0 0 0 0 0 0 0 0 0 0 0 0 0 0 0 0 0 0 0 0 0 0 0 0 0 0 0 0 0 0 0 0 0 0 0
23.94665 5.542181 11.68115 13.40188 13.67137 8.82513 7.215629 5.577535 2.226628 2.088761 35.66569 111.2729 120.5564 224.3782 323.0032 207.9614 167.2815 105.9606 67.10509 66.1797 60.51554 234.6061 426.9853 11.70462 8.079674 25.22387 19.00267 13.1962 17.81171 15.071 12.38001 11.63307 6.420966 6.104671 5.524739 4.813749 4.428894 4.429865 7.588768 4.92192 7.169685 15.06175 14.24971 15.93636 27.89707 22.98698 15.95476 0 0 0 5.938872 5.938872 5.938872 5.938871 0 0 0 0 0 0 0 0 0 0 0 0 0 0 0 0 0 0 0 0 0 0 0 0 0 0 0 0 0 0 0 0 0 0 0 0 0 0 0 0
13.47716 4.220936 14.23862 15.0083 14.40899 8.693813 4.940141 2.66348 3.854674 14.55818 39.83185 114.559 114.559 153.8758 247.1089 207.9267 185.1227 56.57415 214.1377 40.76718 36.79144 22.82484 7.904753 16.24138 15.02973 31.64243 21.08359 10.08655 13.55996 30.72301 28.98853 27.53557 11.03245 6.52079 6.528405 5.691673 3.903971 8.208559 8.007806 4.731926 7.505779 11.053 9.696391 9.957016 12.22 17.23135 13.83199 9.868398 0 3.232945 3.232945 5.938872 5.938015 5.129275 4.981123 0 0 0 0 0 0 0 0 0 0 0 0 0 0 0 0 0 0 0 0 0 0 0 0 0 0 0 0 0 0 0 0 0 0 0 0 0 0 0
17.41489 22.96883 43.84295 39.21245 29.01095 3.215034 2.701733 2.341922 12.54492 15.85402 43.30901 114.559 114.559 163.1316 216.972 168.4827 250.0557 141.1055 38.96232 36.02748 35.11805 32.76422 32.7163 28.54048 28.15425 34.39872 15.59633 9.06538 684.233 82.92027 53.76144 39.55298 20.47022 9.152624 6.488453 4.017536 3.461012 7.690742 7.950297 4.945744 6.779665 6.866435 10.74393 29.42357 19.42051 20.98579 14.93812 9.868399 0 0 0 0 3.057682 2.798966 2.798966 0 0 0 0 0 0 0 0 0 0 0 0 0 0 0 0 0 0 0 0 0 0 0 0 0 0 0 0 0 0 0 0 0 0 0 0 0 0 0
16.29521 43.64967 47.84779 43.84145 30.91021 4.080804 2.555145 2.444523 5.102647 6.556945 10.37457 48.92564 60.91018 139.4861 202.7677 156.3848 143.1669 129.9058 100.593 46.57372 47.79243 37.35065 36.75516 31.46222 21.57872 27.87762 22.47474 18.94291 36.63704 56.27693 102.6071 125.4122 45.12038 21.00361 11.7287 3.553482 4.231472 7.190859 7.73897 7.502466 6.858648 7.207901 29.89999 37.07796 24.61397 24.53809 23.55793 22.61229 29.70855 29.30317 27.08162 10.12025 5.726887 2.798966 0 0 0 0 0 0 0 0 0 0 0 0 0 0 0 0 0 0 0 0 0 0 0 0 0 0 0 0 0 0 0 0 0 0 0 0 0 0 0 0
29.32618 40.28376 31.68365 16.43869 15.81441 5.928057 2.964031 2.848616 5.717052 9.142694 9.383416 30.40277 21.19359 118.1091 197.2357 161.0249 290.2943 344.7424 72.89437 47.40616 61.56343 89.83366 29.93327 16.33559 20.11254 23.52278 26.04139 33.50745 53.04182 61.20022 151.1973 187.9425 136.2122 38.55602 57.74216 66.81348 14.39945 6.9748 7.273048 15.29904 14.69236 18.57776 41.31523 50.76359 34.7067 33.79948 29.63692 28.82415 30.06062 28.52152 15.73542 10.21345 22.24966 17.78332 0 0 0 0 0 0 0 0 0 0 0 0 0 0 0 0 0 0 0 0 0 0 0 0 0 0 0 0 0 0 0 0 0 0 0 0 0 0 0 0
16.66806 8.775013 8.775012 4.432148 3.849031 6.796208 11.42681 7.767494 6.866513 12.59578 10.80096 36.25809 69.10157 122.0225 511.1567 210.9886 143.5348 227.3132 105.002 68.03996 185.5771 76.63853 30.49597 14.61133 16.92061 20.31076 32.42413 35.07206 67.96815 107.272 136.0573 148.82 175.4973 98.11825 69.06866 56.83386 9.532173 10.89456 10.08619 60.01262 42.6872 32.39347 40.26279 48.3077 63.79524 54.54362 54.31404 43.56337 32.32542 27.60856 10.52618 15.01361 26.30185 26.30185 0 0 0 0 0 0 0 0 0 0 0 0 0 0 0 0 0 0 0 0 0 0 0 0 0 0 0 0 0 0 0 0 0 0 0 0 0 0 0 0
36.25784 26.6704 11.37315 9.372081 13.51082 13.43291 14.26916 14.52144 16.63088 25.55242 27.35019 48.08419 72.13703 113.5731 158.6775 258.9885 178.345 193.2032 307.9232 171.1743 105.6151 87.76752 198.063 40.43652 47.22691 44.27348 38.9972 28.49049 34.41742 119.3771 132.9148 131.5863 1697.509 72.94779 35.58143 11.98681 12.8652 45.00526 45.41168 49.44733 119.6066 56.31825 283.8688 63.22545 372.9454 1290.035 58.30719 48.30716 29.90152 26.94303 27.25914 24.97242 26.30185 0 0 0 0 0 0 0 0 0 0 0 0 0 0 0 0 0 0 0 0 0 0 0 0 0 0 0 0 0 0 0 0 0 0 0 0 0 0 0 0 0
40.23272 40.5795 33.8139 16.58471 13.75323 13.8213 14.52131 24.46736 28.99737 19.52031 26.49108 50.34599 88.91352 115.7512 114.6173 186.1819 202.4164 204.8598 330.2961 282.1942 99.301 97.92674 77.98517 66.73003 59.74928 52.43577 34.1549 51.144 62.44141 117.385 131.5786 114.7637 77.8528 48.16259 48.15264 46.90899 40.30942 49.60492 50.72204 148.8317 255.6552 83.28628 44.93295 39.28967 68.25682 97.29919 60.32486 52.4746 16.60854 26.43984 43.04068 42.48948 26.30185 0 0 0 0 0 0 0 0 0 0 0 0 0 0 0 0 0 0 0 0 0 0 0 0 0 0 0 0 0 0 0 0 0 0 0 0 0 0 0 0 0
8.196537 31.23469 40.71501 38.69809 20.19147 13.74466 18.10141 43.62591 44.71052 12.45708 7.323573 49.89031 72.01326 104.6776 109.3326 123.14 179.0909 251.4004 670.8822 809.0638 172.2847 101.7656 88.41686 77.95416 75.33573 44.74852 40.54031 61.19054 360.2768 281.1415 24.23697 38.75022 82.32787 69.26991 44.46872 38.83894 43.2282 49.51543 54.33584 73.07494 60.75341 29.45268 40.32705 86.45135 62.86225 58.09937 31.10903 18.19299 15.72776 32.76123 43.04068 333.5331 0 0 0 0 0 0 0 0 0 0 0 0 0 0 0 0 0 0 0 0 0 0 0 0 0 0 0 0 0 0 0 0 0 0 0 0 0 0 0 0 0 0
102.0771 86.19275 758.6164 22.58666 25.49761 12.36967 13.11778 23.30887 12.96568 15.06929 40.4408 61.83054 71.02386 88.34119 104.7569 113.1247 265.0876 314.878 310.3205 503.3483 109.8266 217.5876 98.29482 77.02969 78.27193 152.9993 194.0837 98.45565 145.3811 45.10088 12.28319 20.39135 81.45275 89.41808 79.7799 29.11201 36.78481 236.7831 46.77645 56.73281 45.62361 16.72392 32.50565 35.0952 51.9821 42.89667 39.54304 33.36429 21.25868 21.43465 19.55286 13.53833 13.52346 0 0 0 0 0 0 0 0 0 0 0 0 0 0 0 0 0 0 0 0 0 0 0 0 0 0 0 0 0 0 0 0 0 0 0 0 0 0 0 0 0
82.49419 77.32503 87.41213 35.99848 19.2068 11.18306 98.62425 14.0913 24.68894 46.06292 48.34601 48.3792 65.81322 200.0323 93.50854 105.9862 146.4014 240.8452 291.0993 223.0069 106.1424 178.4515 342.3337 378.5215 107.6586 153.8596 176.7781 104.913 128.959 96.23686 63.87209 50.25938 39.06932 42.0877 61.65735 27.83356 27.36559 57.20471 55.12971 69.42271 44.2267 104.25 43.2077 132.2979 1139.966 36.7063 38.46738 39.61595 21.02649 15.92639 12.83237 12.8999 12.28081 0 0 0 0 0 0 0 0 0 0 0 0 0 0 0 0 0 0 0 0 0 0 0 0 0 0 0 0 0 0 0 0 0 0 0 0 0 0 0 0 0
63.36203 45.02066 48.24508 38.20596 35.31263 25.47542 8.901283 13.95394 15.61382 36.87994 40.07874 37.88121 41.7722 82.51939 90.61173 102.1366 346.0312 105.5213 122.6818 105.0824 109.8582 186.6823 217.6254 202.0182 293.105 339.761 205.0998 1347.211 1342.922 117.5569 109.0809 53.73611 50.35292 40.09805 36.33117 32.44653 31.01337 35.39083 26.55028 60.92535 59.26929 220.1819 25.57544 36.24119 29.52488 34.51306 34.9593 31.15863 19.29272 16.16966 13.68242 12.80746 13.23914 0 0 0 0 0 0 0 0 0 0 0 0 0 0 0 0 0 0 0 0 0 0 0 0 0 0 0 0 0 0 0 0 0 0 0 0 0 0 0 0 0
52.01865 42.20294 41.95372 38.79826 29.35766 19.82398 6.635272 8.391777 13.57054 18.73708 38.12173 72.88055 51.26316 80.02628 88.49967 99.18073 102.8793 100.5161 103.7857 103.1062 110.0644 123.3519 117.2892 385.8957 377.4849 282.4593 270.1925 233.2215 244.9771 95.53617 99.85589 71.12407 65.16125 45.27335 35.86172 35.3632 29.71405 23.20346 33.42804 57.11779 39.51681 37.47734 38.36987 27.66516 89.81522 20.2928 33.32451 32.63712 26.98299 22.38561 16.86876 19.6734 19.52803 19.46291 0 0 0 0 0 0 0 0 0 0 0 0 0 0 0 0 0 0 0 0 0 0 0 0 0 0 0 0 0 0 0 0 0 0 0 0 0 0 0 0
37.66391 42.20293 40.55805 36.02077 31.03543 11.23007 39.23701 6.972437 8.059422 16.79352 23.80802 61.13973 62.81213 61.46078 62.81599 81.36411 94.32732 98.84389 100.2914 94.79113 108.7738 99.00684 77.98386 96.02821 203.576 430.3433 247.6388 224.4052 154.53 56.83538 63.44615 87.91313 49.44716 45.88147 39.70843 36.8981 33.5305 30.94027 46.85891 50.52268 46.12568 38.68752 37.46169 15.73735 187.6146 14.90118 29.35205 32.6127 29.204 20.15851 17.49991 19.1874 22.89099 23.77257 0 0 0 0 0 0 0 0 0 0 0 0 0 0 0 0 0 0 0 0 0 0 0 0 0 0 0 0 0 0 0 0 0 0 0 0 0 0 0 0
12.25774 25.08736 33.49313 34.75403 32.52426 18.95627 17.5539 16.43607 11.04621 249.8447 35.32882 41.58561 48.34828 37.04064 34.93168 71.15953 91.90314 145.8239 72.13811 68.07841 62.56656 73.89336 74.1474 83.59689 103.909 120.6146 132.6569 147.9009 185.6648 269.8191 93.46814 229.8957 54.43995 60.2086 47.01997 37.31152 38.41742 39.62709 48.84436 49.76564 38.29362 32.55944 30.43623 20.50569 24.62995 26.50315 32.01508 45.91879 41.60453 40.87987 41.35344 48.62737 56.72612 50.85725 57.80449 0 0 0 0 0 0 0 0 0 0 0 0 0 0 0 0 0 0 0 0 0 0 0 0 0 0 0 0 0 0 0 0 0 0 0 0 0 0 0
21.46311 29.34617 33.17776 35.10951 27.96796 17.86089 17.67756 16.35145 7.442956 47.57619 36.2044 31.67988 31.01216 31.45666 30.34223 36.95705 40.1439 59.4713 62.05026 63.16797 52.78973 102.6071 330.465 106.2205 107.5193 174.3499 122.3436 139.5245 163.1127 175.323 86.25049 73.55439 71.93578 277.7292 93.75087 72.0351 63.43589 50.76555 52.01115 50.95694 42.40993 35.35453 47.05575 95.0959 102.0995 39.7998 53.60354 61.75877 43.99491 43.46755 45.02573 349.1621 2103.804 201.6605 155.3243 0 0 0 0 0 0 0 0 0 0 0 0 0 0 0 0 0 0 0 0 0 0 0 0 0 0 0 0 0 0 0 0 0 0 0 0 0 0 0
57.29969 32.83058 33.52155 35.10952 29.33187 27.07886 10.76982 11.30283 25.91585 23.67151 19.49312 16.64282 21.32797 30.02462 29.99488 48.02056 29.5747 36.01439 44.23536 46.79504 47.05703 64.54619 61.63325 56.17147 66.49487 97.0162 68.63393 78.64113 202.3318 139.2197 141.5249 112.9131 96.83392 95.23439 88.38175 81.0423 64.41119 58.30895 56.25377 48.80383 48.55636 77.57429 73.4581 101.9622 104.5112 356.0396 84.84279 72.53719 77.78151 87.24294 91.77275 1513.679 2063.842 408.5648 22.25783 22.25783 0 0 0 0 0 0 0 0 0 0 0 0 0 0 0 0 0 0 0 0 0 0 0 0 0 0 0 0 0 0 0 0 0 0 0 0 0 0
140.8213 32.93823 32.94498 25.536 13.34152 21.0049 20.28271 22.01279 44.99622 21.85703 17.51039 19.21063 17.27088 15.38736 12.21389 23.26516 29.55333 36.8289 44.00762 44.10139 41.77913 44.38611 46.92653 190.5114 144.0829 59.70843 60.5344 264.3072 360.7512 125.2974 144.0752 164.3976 106.5757 144.1288 86.35031 96.22633 68.95028 75.16179 57.71733 48.45831 69.87191 58.37577 55.305 73.50876 114.3755 1153.436 423.1256 81.139 84.04787 85.54266 105.609 87.25985 48.87873 37.82775 22.70135 27.03652 0 0 0 0 0 0 0 0 0 0 0 0 0 0 0 0 0 0 0 0 0 0 0 0 0 0 0 0 0 0 0 0 0 0 0 0 0 0
29.19495 32.86588 31.42446 15.79065 7.923718 8.165193 21.59945 24.61446 34.55597 22.90735 22.94197 24.61329 24.4408 10.52854 4.167989 7.535329 22.30974 29.00675 30.30881 40.54286 77.35759 39.72966 44.61318 52.05672 53.89167 55.9501 57.01147 84.1319 113.2324 111.2093 129.9947 185.0908 80.87727 64.36552 54.08326 95.16388 109.672 108.3311 76.87261 56.11768 55.34519 46.51219 43.05772 49.51179 130.8993 129.2724 68.57076 73.23882 74.52849 82.48751 89.19754 48.27264 48.0192 45.20137 23.85226 29.07017 29.07016 0 0 0 0 0 0 0 0 0 0 0 0 0 0 0 0 0 0 0 0 0 0 0 0 0 0 0 0 0 0 0 0 0 0 0 0 0
28.86647 32.82363 26.18301 23.08179 17.09685 37.6412 49.57177 22.45728 20.35723 21.45621 24.27254 23.59525 16.65104 17.75119 18.23672 16.63013 6.361364 28.55296 29.00316 34.40165 90.11942 30.60124 30.45885 50.11691 55.83324 56.26457 56.92018 86.62653 94.25761 91.25059 111.5462 147.3596 90.43381 67.98632 62.95302 103.6434 112.1764 105.9128 87.49113 74.50368 16.00442 17.79392 35.3638 58.03918 110.6431 105.9737 61.52785 51.42224 76.17547 81.18195 60.37893 45.72939 52.05797 53.14595 38.01482 30.70375 29.49713 0 0 0 0 0 0 0 0 0 0 0 0 0 0 0 0 0 0 0 0 0 0 0 0 0 0 0 0 0 0 0 0 0 0 0 0 0
26.71502 28.02085 20.11485 20.24833 53.71603 94.68616 85.95571 45.33355 17.99996 16.79107 74.3308 36.59348 16.01016 17.0593 15.16743 12.47137 11.53423 32.24044 57.26307 22.8183 223.3976 97.12325 30.73098 35.88038 49.58167 55.96004 57.10241 110.3583 68.31236 76.43934 59.55241 86.37039 81.32467 69.677 67.69297 80.58385 102.4898 98.24279 60.22446 37.5803 19.4081 13.97086 27.89334 39.46915 54.29131 89.16679 142.0136 43.08713 71.87938 82.58707 57.61301 50.47943 53.43966 54.62512 50.61428 43.08183 42.27417 44.41437 0 0 0 0 0 0 0 0 0 0 0 0 0 0 0 0 0 0 0 0 0 0 0 0 0 0 0 0 0 0 0 0 0 0 0 0
33.74132 15.28228 15.71811 24.01877 687.0706 206.5883 90.12936 73.48595 16.49712 33.56251 65.36953 41.63538 25.95102 16.32468 7.865304 10.20918 10.58686 16.91813 58.11984 26.89516 32.34692 27.97687 116.45 55.60195 53.75248 64.08659 68.23463 47.44944 35.42007 35.6585 52.28744 71.5145 94.99004 73.56996 53.74731 67.80135 83.43519 62.00575 34.1846 34.02094 25.65278 223.4496 37.62497 39.80865 72.55408 75.44368 177.7086 47.49821 114.241 846.033 37.9553 58.14113 74.49048 82.72243 61.77993 49.53451 45.37094 81.52052 0 0 0 0 0 0 0 0 0 0 0 0 0 0 0 0 0 0 0 0 0 0 0 0 0 0 0 0 0 0 0 0 0 0 0 0
43.61977 36.26858 31.93389 37.98514 37.98336 44.27434 51.64553 45.04349 39.79362 57.80817 115.626 39.90457 28.91845 17.30723 6.666491 10.00891 15.56258 22.81498 40.43182 45.9565 29.494 40.39999 58.63638 59.12214 69.27267 60.1182 39.32104 28.22318 28.73479 31.60671 36.37774 65.2193 84.19901 55.59475 47.49887 49.98282 50.26529 119.6226 45.80965 42.58722 34.70622 29.18677 31.60401 35.06272 47.83155 32.68716 32.09578 44.71877 54.70517 65.46921 51.87405 66.24616 70.55495 87.05313 283.4301 85.31856 103.4197 122.7623 0 0 0 0 0 0 0 0 0 0 0 0 0 0 0 0 0 0 0 0 0 0 0 0 0 0 0 0 0 0 0 0 0 0 0 0
36.59615 27.31105 32.83504 37.88216 37.97621 37.97153 37.55917 42.74811 45.93171 55.21811 143.2007 49.0711 34.10238 19.59767 9.908134 14.86581 23.86617 24.85197 35.5577 47.40678 29.93894 69.96123 1785.282 62.84065 69.86626 49.30137 30.40735 27.66353 27.79398 43.46964 57.78698 61.16396 60.95108 59.14768 57.25847 50.21185 52.17207 60.83582 61.92808 62.70931 54.29874 29.18886 31.44717 31.79374 31.56912 42.71743 58.55814 70.52425 72.58873 84.63757 124.7487 118.0868 114.9186 131.6288 124.7258 125.3711 172.1839 53.39754 51.84416 0 0 0 0 0 0 0 0 0 0 0 0 0 0 0 0 0 0 0 0 0 0 0 0 0 0 0 0 0 0 0 0 0 0 0
22.55535 21.61332 25.07602 38.01907 38.76161 37.99381 40.26419 55.26296 54.20651 105.8708 147.9715 132.6238 31.11083 14.48025 14.54972 15.79942 21.78902 24.3183 31.19991 217.7844 42.21238 45.58816 48.97106 64.28369 56.31093 43.42836 35.37609 28.49016 41.99169 110.3403 57.84213 53.396 50.1126 133.5309 58.54195 41.59832 51.86058 59.82426 69.19138 186.9245 60.21993 34.38064 29.84505 27.99209 30.34695 62.6889 67.37759 68.65911 103.9109 110.6206 172.1337 176.4657 153.9129 139.1266 110.3815 81.39302 74.91249 51.78736 40.60421 22.41545 0 0 0 0 0 0 0 0 0 0 0 0 0 0 0 0 0 0 0 0 0 0 0 0 0 0 0 0 0 0 0 0 0 0
37.46217 26.78126 12.26076 35.08045 40.33848 61.10005 298.9229 156.9176 204.9486 172.6794 111.5358 77.35651 44.61277 7.963589 8.599688 11.12473 16.12754 23.66478 23.14901 42.12177 43.16221 44.22935 44.07593 44.69509 45.68106 41.05796 78.03948 33.58722 46.5213 63.82958 26.00442 18.1267 26.38906 48.4665 40.12044 26.45763 77.40102 87.58327 70.50854 64.20913 57.5374 55.04205 55.51834 19.34284 24.12721 58.17477 47.38932 51.96399 108.0762 110.0689 1613.448 3215.923 130.0069 87.02149 81.1292 80.4224 56.48255 38.8372 22.41545 22.41545 22.41545 0 0 0 0 0 0 0 0 0 0 0 0 0 0 0 0 0 0 0 0 0 0 0 0 0 0 0 0 0 0 0 0 0
34.43697 31.25188 14.88855 23.91565 44.54092 93.48838 129.8126 166.1938 373.8303 189.6169 150.6359 93.62141 39.56617 13.38718 9.720522 13.27932 14.03939 19.85873 8.796406 28.3257 42.75595 41.97292 138.2987 42.06954 42.42199 35.97844 287.2619 30.24726 19.92975 18.72796 17.61758 23.68598 31.07677 37.18129 34.48822 26.43045 58.87777 104.8464 78.0288 180.7882 84.08366 222.9152 38.72141 12.10353 9.417458 314.3464 54.11264 13.09202 66.36836 158.5778 1937.639 5115.104 532.3511 67.38099 63.98854 61.51444 65.29224 46.86751 25.19511 23.65223 22.68259 28.98638 0 0 0 0 0 0 0 0 0 0 0 0 0 0 0 0 0 0 0 0 0 0 0 0 0 0 0 0 0 0 0 0
58.7989 36.76439 34.79443 36.63197 74.00635 107.0883 116.9385 277.48 1932.266 484.125 191.2627 33.1344 16.54753 12.42129 19.42012 22.79507 23.16426 23.655 12.37398 9.790614 30.28782 32.74205 27.28601 26.429 33.53236 34.81944 31.44703 31.32372 27.32109 20.24996 20.56746 32.67155 39.84079 39.03311 37.2304 60.05283 239.3988 120.3327 50.12481 68.36741 58.7522 75.62738 61.44098 37.36127 153.8409 505.4179 46.66872 18.07513 43.23382 289.0305 1151.768 1153.7 75.52985 154.5102 214.3645 61.90388 70.21912 70.53748 42.73556 96.29155 65.13825 391.1999 29.2282 0 0 0 0 0 0 0 0 0 0 0 0 0 0 0 0 0 0 0 0 0 0 0 0 0 0 0 0 0 0 0
