Scenarios/Heterogeneous/data/country_data_population_distribution/processed/density_grids/mli.asc
ncols 414
nrows 360
xllcorner -12
yllcorner 10
cellsize 0.041666666666667
NODATA_value -9999
[rows 238 to 271 of 360, columns 152 to 227 of 414]
5.945967 5.945967 5.945967 5.945967 9.408064 14.44198 14.44198 14.44198 14.44198 14.44198 14.44198 14.44198 14.44198 14.44198 14.44198 14.44198 14.44198 14.44198 14.44198 14.40068 7.998641 3.967352 3.967352 3.967352 3.967352 3.967352 3.967352 3.967352 3.967352 3.967352 3.967352 3.967352 3.967352 3.967352 3.967352 5.765021 8.501179 8.501179 8.501179 8.501179 8.501179 8.501179 13.612 15.14609 15.55156 15.55156 15.55156 15.55156 15.55156 15.55156 15.55156 17.97594 19.14785 19.14785 19.14785 19.14785 28.66002 33.61404 36.25584 33.61047 32.52854 32.52854 32.52854 33.663 59.91755 61.94176 61.94177 61.94176 58.63749 15.96048 15.02572 15.02572 15.02572 15.02572 15.02572 15.02572
5.945967 5.945967 5.945967 7.819635 14.22961 14.44198 14.44198 14.44198 14.44198 14.44198 14.44198 14.44198 14.44198 14.44198 14.44198 14.44198 14.44198 14.44198 14.44198 14.44198 14.3976 8.650422 3.967351 3.967351 3.967352 3.967352 3.967351 3.967352 3.967351 3.967352 3.967351 3.967351 3.967351 3.967351 4.706522 8.170215 8.501179 8.501179 8.501179 8.501179 8.501179 8.501179 12.66829 15.55156 15.55156 15.55156 15.55156 15.55156 15.55156 15.55156 15.55156 18.37905 19.14785 19.14785 19.14785 24.4085 32.48061 32.52854 32.52853 32.52853 32.52853 32.52854 32.52854 43.519 61.94178 61.94177 61.94177 61.94177 45.79274 15.02572 15.02572 15.02572 15.02572 15.02572 15.02572 15.02572
5.945967 5.945967 5.945967 12.72901 14.44198 14.44198 14.44198 14.44198 14.44198 14.44198 14.44198 14.44198 14.44198 14.44198 14.44198 14.44198 14.44198 14.44198 14.44198 14.44198 14.44198 14.44026 9.395079 3.983668 3.967352 3.967352 3.967352 3.967352 3.967352 4.236084 4.593196 5.343099 5.428046 5.798213 8.266529 8.501179 8.50118 8.501179 8.50118 8.501179 8.50118 8.501179 10.85449 15.55156 15.55156 15.55156 15.55156 15.55156 15.55156 15.55156 15.55156 17.92956 18.39768 16.76624 22.63818 32.39219 32.52853 32.52854 32.52853 32.52854 32.52853 32.52853 32.52853 55.20251 61.94177 61.94177 61.94177 61.94177 45.52706 15.02572 15.02572 15.02572 15.02572 15.02572 15.02572 18.0514
5.945967 5.945968 6.138084 16.3359 16.30538 15.40072 14.5837 14.44198 14.44198 14.44198 14.44198 14.44198 14.44198 14.44198 14.44198 14.44198 14.44198 14.44198 14.44198 14.44198 14.44198 14.44198 15.36444 19.3895 20.12158 25.81172 23.30041 6.192132 7.021189 8.216053 8.501179 8.501179 8.501179 8.501179 8.501179 8.501179 8.501179 8.50118 8.501179 8.501179 8.501179 8.501179 9.077888 15.51435 15.55156 15.55156 15.55156 15.55156 15.55156 15.55156 15.55156 15.60678 15.56233 15.55156 27.61544 32.52853 32.52854 32.52853 32.52854 32.52853 32.52854 32.52853 36.09286 61.90729 61.94177 61.94176 61.94177 61.94177 56.09041 24.53316 28.11596 32.79633 17.32983 17.76228 26.38676 32.1844
5.945968 5.945968 5.945968 11.8984 20.04938 20.04938 19.96172 19.19887 18.29429 17.38969 16.48506 15.5804 14.69331 14.44198 14.44198 14.44198 14.44198 14.44198 14.44198 14.44198 15.98636 23.52114 32.74258 38.12238 38.12238 38.12238 27.90015 8.50118 8.50118 8.50118 8.50118 8.50118 8.50118 8.50118 8.50118 8.50118 8.50118 8.501179 8.50118 8.50118 8.50118 8.50118 8.50118 14.77448 15.55156 15.55156 15.55156 15.55156 15.55156 15.55156 15.55156 15.55156 15.55156 15.72984 31.50922 32.52853 32.52854 32.52854 32.52854 32.52854 32.52854 32.52854 40.24112 61.94177 62.11739 62.22873 61.94177 61.94177 61.41611 47.50671 44.8553 44.8553 39.77059 32.11563 32.31472 32.31473
5.945967 5.945967 5.945967 6.100906 17.15742 20.04938 20.04938 20.04938 20.04938 20.04938 20.04938 20.04938 19.96957 18.44415 14.79566 14.44198 14.44198 14.44198 14.44198 16.82092 35.0026 38.12238 38.12238 38.12238 38.12238 38.12238 18.97895 8.50118 8.501179 8.501179 8.501179 8.50118 8.501179 8.50118 8.501179 8.501179 8.501179 8.50118 8.501179 8.50118 8.501179 8.50118 8.501179 14.58385 15.55156 15.55156 15.55156 15.55156 15.55156 15.55156 15.55156 15.55156 15.55156 16.41576 28.04998 32.52854 32.52854 32.52854 32.52854 32.52854 32.52853 36.47657 44.27372 65.41163 88.55865 80.51809 61.94177 60.87211 51.5821 44.8553 44.8553 44.8553 37.76191 32.31472 32.31472 32.31472
5.945967 5.945968 5.945967 5.945968 8.015417 19.29775 20.04938 20.04938 20.04938 20.04938 20.04938 20.04938 20.04938 20.04938 17.89244 14.44198 14.44198 14.44198 17.21036 34.08896 38.12238 38.12238 38.12238 38.12238 38.12238 35.97218 9.631595 8.501179 8.501179 8.501179 8.501179 8.501179 8.501179 8.501179 8.501179 8.501179 8.501179 8.50118 8.501179 8.501179 8.501179 8.501179 8.501179 14.40635 15.55156 15.55156 15.55156 15.55156 15.55156 15.55156 15.55156 15.55156 15.55156 15.25479 14.81307 18.66507 26.32995 32.18415 32.52854 32.52854 32.52854 45.9868 57.76867 83.73607 90.04883 59.09213 52.04998 53.65313 44.8553 44.8553 45.04297 45.57243 36.06885 32.31472 32.31472 32.31472
5.945967 5.945967 5.945967 5.945968 5.945968 12.25322 20.04938 20.04938 20.04938 20.04938 20.04938 20.04938 20.04938 20.04938 19.58473 20.8616 25.53051 29.32747 37.08734 38.12238 38.12238 38.12238 38.12238 38.12238 38.12238 24.79174 8.501179 8.50118 8.501179 8.501179 8.501179 8.50118 8.501179 8.50118 8.501179 8.501178 8.501179 8.501179 8.501179 8.501179 8.501179 8.50118 11.73825 25.14453 15.58114 15.55156 15.55156 15.55156 15.55156 15.55156 15.55156 15.55156 15.36379 14.69119 14.66591 14.66591 14.66591 21.30103 32.52854 32.52854 32.52853 37.09925 69.92971 81.98441 60.93549 48.00601 52.56264 45.63418 44.8553 45.7211 47.42777 47.86575 38.5139 32.31472 32.31472 32.31472
5.945967 5.945967 5.945967 5.945967 5.945968 7.90997 20.04924 20.04938 20.04938 20.04938 20.04938 20.04938 20.04938 20.04938 24.65784 35.19357 38.12238 38.12238 38.12238 38.12238 38.12238 38.12238 38.12238 38.12238 38.12238 23.74496 8.501179 8.501178 8.501179 8.501179 8.501178 8.501178 8.501179 8.501178 8.501179 8.501178 8.501179 8.501179 8.501179 8.501178 8.501179 16.39087 41.59244 45.635 34.70782 27.87921 34.47395 33.44974 20.44275 15.55156 15.55156 15.38731 14.74218 14.66591 14.66591 14.66591 14.66591 17.60989 32.80584 32.52854 38.16503 43.10934 49.22446 44.13044 45.42096 46.00578 53.41789 46.54314 46.98267 47.86573 47.86575 47.86575 35.22132 32.31472 32.31472 32.31472
5.945968 5.945967 5.945967 5.945967 5.945967 5.945967 18.01771 20.04938 20.04938 20.04938 20.04938 20.04938 20.04938 20.04938 34.36416 38.12238 38.12238 38.12238 38.12238 38.12238 38.12238 38.12238 38.12238 38.12238 38.12238 27.27296 8.50118 8.501179 8.501179 8.501179 8.501179 8.501179 8.501179 8.501179 8.50118 8.501179 8.50118 8.501179 8.50118 8.501179 8.501179 34.98056 45.63501 45.63501 45.635 45.635 45.635 45.635 44.88327 30.88733 16.21601 14.72056 14.66591 14.66591 14.66591 14.66591 14.66591 25.41695 79.89166 57.6768 47.59087 46.00578 44.91468 41.57805 43.3929 50.31503 56.70498 46.95435 47.86575 47.86575 47.86575 42.6175 32.3169 32.31472 32.31472 32.31472
5.945967 5.945968 5.945967 5.945967 5.945968 5.945967 13.69798 20.04938 20.04938 20.04938 20.04938 20.04938 20.04938 20.04938 31.64344 35.37773 38.12238 38.12238 38.12238 38.12238 38.12238 38.12238 38.12238 38.12238 38.12238 16.16234 8.50118 8.501179 8.50118 8.50118 8.50118 8.50118 8.50118 8.50118 8.50118 8.50118 8.50118 8.501179 8.50118 8.50118 9.494555 43.40043 45.63501 45.635 45.63501 45.63501 45.51601 45.62193 45.635 34.61891 15.6203 14.66591 14.66591 14.66591 14.66591 14.66591 14.66591 32.10755 82.83737 82.83736 67.11789 54.59541 48.02895 56.1899 54.7314 46.37444 53.45957 46.9863 47.86575 47.86575 46.38735 33.38685 32.31472 32.31472 32.31472 32.31472
5.945968 5.945967 5.945968 5.945967 5.945967 5.945968 9.0776 20.04938 20.04938 20.04938 20.04938 20.04938 20.04938 20.04938 20.04938 24.2767 38.12238 38.12238 38.12238 38.50488 54.66913 63.98701 61.90004 54.84408 47.65564 12.35059 8.501179 8.501179 8.501179 8.501179 8.50118 8.501179 8.501179 8.501179 8.501179 8.501179 8.501179 8.501179 8.501179 13.54625 41.91805 49.82079 47.79047 48.76598 45.34584 39.76261 32.68069 33.93935 28.51814 14.79356 14.66591 14.66591 14.66591 14.66591 14.66591 14.66591 14.66591 48.37829 82.83736 82.83736 80.35557 62.60112 60.04721 60.01191 60.05991 59.91171 57.56446 47.78641 47.86575 47.86575 44.83853 32.31472 32.31472 32.31472 32.31472 32.31473
5.945968 5.945967 5.945968 5.945967 5.945967 5.945967 8.284674 20.04938 20.04938 20.04938 20.04938 20.04938 20.04938 20.04938 20.04938 21.02291 37.30967 38.12238 40.79239 66.18462 85.8015 85.8015 85.8015 85.8015 36.13721 8.501179 8.501179 8.501179 8.501179 8.501179 8.501179 8.501179 8.501179 8.501179 8.501179 8.501179 8.501179 8.501179 17.46867 56.84007 59.73204 59.73203 51.30991 43.90928 31.45194 31.34968 31.34968 21.0558 14.66591 14.66591 14.66591 14.66591 14.66591 14.66591 14.66591 14.66591 21.32028 80.46032 82.83737 82.83737 82.83736 82.83736 80.74374 61.54669 61.89233 58.83269 49.48101 47.74585 47.86575 47.08241 41.90654 37.47605 36.04222 32.50852 32.31472 32.31472
5.945968 5.945968 5.945968 5.945968 5.945968 5.945968 11.71259 20.04938 20.04938 20.04938 20.04938 20.04938 20.04938 20.04938 20.61733 31.76262 65.52557 67.8596 83.73725 85.8015 85.80149 85.8015 85.80149 71.30984 15.49973 8.691136 8.501179 8.501179 8.501179 8.501179 8.501179 8.501179 8.501179 8.501179 8.501179 8.501179 8.501179 8.871686 28.21379 50.32421 59.73204 59.73204 56.89968 32.11499 31.34968 31.34968 31.34968 20.28002 14.66591 14.66591 15.17618 17.62815 14.78168 14.66591 14.66591 14.66591 41.75099 82.83736 82.83736 807.6151 774.0294 2314.49 501.7839 75.72389 74.42641 65.10931 48.39801 47.86575 47.86575 46.465 39.33437 39.33437 39.33437 36.56352 32.31472 37.35409
5.945967 5.285296 5.186284 5.804255 5.945967 7.531386 19.39018 20.04938 20.04938 20.04938 20.04938 20.04938 20.04938 47.03993 75.35396 95.20805 263.1229 105.0453 85.80149 85.8015 85.80149 85.8015 85.80149 49.44868 22.31233 19.67127 11.47835 8.501179 8.501179 8.501179 8.501179 8.501179 8.501179 8.501179 8.501179 8.501179 8.67436 15.21849 18.00656 18.04889 25.65153 96.90771 194.5733 32.44788 32.81699 32.17054 31.34967 24.56692 20.30301 24.55175 27.55658 28.74133 21.89738 17.20594 15.88169 16.48355 63.7846 82.83736 87.06441 3443.312 568.8638 79.08109 73.49319 77.32548 62.16947 48.01758 47.86575 47.86575 47.86575 47.7866 39.67081 39.33436 39.33436 45.43473 56.28532 72.67789
5.601458 3.589614 3.569267 3.607963 4.12807 12.42544 19.73176 20.04938 20.04938 20.04938 20.04938 20.04938 27.25673 81.07825 81.0902 81.0902 213.8462 134.5573 85.8015 88.10196 85.8015 85.8015 85.8015 36.68614 22.31234 22.31234 22.19971 16.81364 10.61558 8.501179 8.501179 8.501179 8.501179 8.501179 8.501179 8.551394 14.53843 18.00656 18.00656 18.00656 18.00656 174.2993 489.2897 35.50585 35.96833 35.93888 34.02824 31.61984 29.64756 29.4401 28.74133 28.74133 31.41685 37.93595 37.93595 42.98921 67.61455 82.70016 82.83736 379.5705 762.019 60.63103 56.92888 54.98126 47.86575 47.86575 47.86575 47.86575 47.86575 46.10886 39.33437 39.33437 39.33437 54.16694 87.23056 87.23057
4.293979 3.569267 3.569267 3.569267 3.569267 3.569267 5.480079 9.479709 12.34101 15.20241 18.12668 20.02373 43.16383 81.0902 81.0902 81.0902 196.3598 237.7516 213.8148 252.426 87.19261 85.80149 85.80149 36.26454 22.31233 22.31233 22.31233 22.31233 22.27065 18.88574 13.38641 8.915748 8.501179 8.50118 8.534513 14.09004 18.00656 18.00656 18.00656 18.00656 18.00656 25.0593 29.58984 34.9152 35.96834 35.96833 36.26171 39.47612 40.35568 40.26453 28.87436 28.74728 34.1239 37.93595 37.63263 27.5922 27.44769 45.7428 73.04421 66.24474 57.7469 56.92888 56.92888 54.86568 47.86575 47.86575 47.86575 47.86575 47.86575 43.67196 39.33437 39.33437 39.86745 47.01228 75.31807 77.41331
3.569267 3.569267 3.569267 3.569267 3.569267 3.569267 3.569267 3.569267 3.569267 3.569267 3.569267 14.00388 80.29844 81.0902 81.0902 85.25859 198.859 140.6045 149.2294 181.1775 93.10856 84.34142 84.42113 53.03907 22.31233 22.31233 22.31233 22.31233 22.31233 22.31233 22.31233 21.28346 14.79802 8.646016 13.94205 18.00656 18.00656 18.00656 18.00656 18.00656 18.00656 18.00656 18.00656 18.89978 31.67163 35.96833 38.64456 40.35568 40.35568 40.35568 31.08939 33.15986 37.93595 37.93595 37.69711 27.52678 27.44769 30.78572 53.01327 56.92888 56.92888 56.92888 56.92888 54.98994 47.86575 47.86575 47.86575 47.86575 47.8631 41.32002 39.33437 39.33437 111.2538 605.0909 73.18961 73.52161
3.569267 3.569267 3.569267 3.569267 3.569267 3.569267 3.569267 3.569267 3.569267 3.569267 13.48962 70.68424 81.35789 82.34159 81.33292 152.9825 160.5108 100.1809 84.03062 81.23697 81.23697 81.23697 79.67715 31.18142 22.31234 22.31233 22.31233 22.31233 22.31233 22.31233 22.31234 22.31234 22.31233 20.02411 18.31284 18.00656 18.00656 18.00656 18.00656 18.00656 18.00656 18.00656 18.00656 18.00656 18.82198 31.49532 39.07961 40.35568 40.35568 37.38156 32.01966 33.59116 36.27232 33.94132 28.91431 27.44769 27.44769 30.38833 46.29887 56.91729 56.92888 56.92887 56.92888 55.46833 56.33448 58.43457 59.38494 59.71165 59.80661 48.79988 39.38039 39.33437 39.33436 82.2029 71.90627 73.77923
3.569267 3.569267 3.569267 3.569267 3.569267 3.569267 3.569267 3.569267 3.569267 3.569267 73.66322 83.48267 84.13934 83.60913 82.69095 156.1589 249.3376 249.3376 211.7884 96.2239 81.23696 81.23696 47.99017 22.31233 22.31234 22.31234 22.31233 22.31234 22.31233 22.31233 22.31234 22.31234 22.31233 22.31233 21.6552 19.10428 18.00656 18.00656 18.00656 18.00656 18.00656 18.00656 18.00656 18.00656 18.00656 18.74772 37.13012 40.35568 40.35568 37.35445 32.26461 31.9285 30.93353 27.44769 27.44769 27.44769 27.44769 27.44769 27.44769 50.62016 56.92888 56.92888 56.93043 60.92371 61.80415 61.80415 61.80415 61.80415 53.842 43.15222 38.67997 39.33437 39.33437 39.33437 64.06892 75.65814
3.569267 3.569268 3.569267 3.569267 3.569267 3.569267 3.569267 3.569268 3.619626 6.346894 57.37012 84.17931 84.17931 84.17931 84.17931 107.5486 247.5662 249.3376 249.3376 233.0939 124.8967 64.39171 22.38402 22.31233 22.31233 22.31233 22.31233 22.31233 22.31233 22.31233 22.31233 22.31233 22.31233 22.31233 22.31233 26.18918 24.71857 20.9752 18.30358 18.00656 18.00656 18.00656 18.00656 18.00656 18.06233 20.44046 35.46031 34.30705 35.57418 34.70506 33.1207 32.75904 30.25441 27.45014 27.44769 27.44769 27.44769 27.44769 27.44769 28.20552 49.96862 56.92888 57.96176 61.80415 61.80415 61.80415 61.80415 61.80415 58.0118 35.08234 35.04512 36.86303 39.26162 39.33436 42.04508 69.10138
3.569267 3.569267 3.569267 3.569267 3.569267 3.569267 3.569267 4.222051 7.997168 9.516953 13.32358 76.39546 84.17931 84.17931 84.17931 201.4875 249.3376 249.3376 249.3376 249.3376 232.7399 37.18179 22.31233 22.31233 22.31233 22.31233 22.31233 22.31233 22.31234 22.31233 22.31233 22.31233 22.31234 22.31233 22.31233 25.73922 28.32744 28.32744 27.81324 25.29764 23.99811 22.69699 20.46046 26.55865 32.11333 33.1207 33.1207 33.1207 33.1207 33.1207 33.1207 33.1207 33.1207 31.34479 27.96554 27.44769 27.44769 27.44769 27.44769 29.43915 58.79226 68.13272 57.87243 50.39516 56.88997 61.80415 61.80415 45.24913 35.66372 35.04457 35.04457 35.04457 36.83688 39.97177 61.9482 87.62453
3.569267 3.569268 3.569267 3.569267 3.569268 3.569268 5.317142 9.095387 9.516953 9.516953 9.516953 59.67495 84.17931 84.17931 89.38229 210.6051 240.8822 249.3376 249.3376 247.3475 84.6356 22.31234 22.31233 22.31233 22.31233 22.31233 22.31233 22.31234 22.31233 22.31234 22.31233 24.11044 35.39145 43.06032 48.09577 47.79151 33.81251 28.32744 28.32744 28.32744 28.32744 28.32744 31.33065 33.12071 33.1207 33.1207 33.1207 33.1207 33.1207 33.1207 33.1207 33.1207 33.1207 33.1207 32.68177 27.68737 27.44769 27.44769 27.44769 60.94502 78.46808 68.10505 36.27916 35.41425 38.71481 56.48849 59.22675 35.47313 35.04457 35.04457 35.04457 50.58479 53.31702 83.48422 90.20801 98.96759
3.569267 3.569267 3.569267 3.569267 3.57147 6.282256 9.460852 9.516953 9.516953 9.516953 9.516953 112.8393 156.0429 155.9602 156.3785 157.0533 234.8605 247.4088 249.0717 248.7939 51.61703 22.31233 22.31233 22.31233 22.31233 22.31234 22.31233 22.31233 22.31233 22.31233 27.49753 41.20727 52.24307 52.24307 52.24307 52.24307 51.46511 29.21661 28.32744 28.32744 28.32744 34.23935 35.73638 33.1207 33.1207 33.1207 33.1207 33.1207 33.1207 33.1207 33.1207 32.20071 16.37845 19.85355 31.1657 27.45224 27.44769 27.44769 41.53693 75.10909 78.46809 69.09467 37.55416 45.8547 46.81826 43.6736 39.9142 35.04457 35.04457 35.04457 36.30609 79.26495 89.55059 90.20801 93.72829 108.415
3.569267 3.569267 3.569267 3.569267 6.531971 9.516953 9.516953 9.516953 9.516953 9.516953 9.516953 118.875 157.0518 157.0518 157.0518 156.0618 131.5989 68.08032 78.18652 111.1678 83.39355 33.80752 30.73631 23.15065 22.31234 70.4854 28.49506 22.31234 22.41643 43.7599 52.23229 52.24307 52.24307 52.24307 52.24307 52.24307 42.93539 28.32744 28.32744 28.32744 30.38838 45.11896 43.78377 33.32512 33.1207 33.1207 33.1207 33.1207 33.1207 40.16583 61.04672 31.81058 14.0668 14.11499 23.48402 27.44769 27.44769 30.55187 76.59109 78.46808 78.46808 78.46808 52.48726 46.81826 46.81826 46.81826 46.70695 42.28569 35.04982 35.04457 55.93507 79.32198 80.23611 88.59196 107.6653 109.2011
3.569267 3.569267 3.569267 5.564314 9.465335 9.516953 9.516953 9.516953 9.516953 9.516953 9.78752 151.7583 157.0518 157.0518 157.0518 144.2855 64.39146 64.39146 64.39146 64.39146 64.39146 93.3464 99.42654 96.89299 63.03933 90.49075 75.6618 49.88086 42.16397 52.24307 52.24306 52.24306 52.24306 52.24306 52.24307 47.06646 33.23384 28.32744 28.32744 28.32744 40.19597 45.91221 45.91221 34.69349 33.1207 42.70688 59.1381 53.6756 66.404 77.8644 78.49964 39.6306 16.3213 70.00712 100.8819 97.69685 43.25175 57.64061 78.87932 78.46808 78.46809 73.39657 46.97672 46.81826 46.81826 46.81826 46.81826 46.81826 36.0188 41.11792 71.2206 79.32198 79.32199 82.06373 109.2011 109.2011
3.569267 3.569267 5.902789 9.460179 9.516953 9.516953 9.516953 9.516953 9.516953 9.516953 9.516953 48.21152 89.9753 155.929 157.0518 137.2286 64.39145 64.39146 64.39145 64.39146 85.16252 104.5904 102.3741 103.0033 101.1041 99.42655 133.1599 178.2529 169.1367 141.4725 54.10718 52.24306 52.24307 52.24307 52.00977 37.60855 33.88586 28.32744 28.32744 28.32744 39.98232 45.91221 45.91221 41.75711 52.26793 67.02836 67.57313 68.9655 78.45831 78.49964 78.49964 38.28193 27.32616 114.7128 117.6229 117.6229 117.6229 105.8417 78.47345 78.46808 78.46808 63.95868 46.81826 46.81826 46.81826 46.81826 46.81826 46.03246 30.13107 27.66594 51.9091 77.33363 79.32198 88.11289 106.9684 104.9693
3.569267 5.390259 9.462136 9.516953 9.516953 9.516953 9.516953 9.516953 9.516953 9.516953 9.516953 9.516953 9.516953 90.26054 145.5659 68.5097 64.39146 64.39146 64.39146 67.64026 108.0889 108.6033 108.6033 108.6033 107.365 104.9476 154.8265 178.3182 177.5605 118.129 52.24306 52.24306 52.24307 52.24307 45.49744 34.48683 34.46214 33.37896 38.20974 49.19667 48.28431 45.91221 45.91221 53.13067 67.57314 67.57314 67.57314 66.93388 69.07825 73.10161 187.1733 266.1262 199.0184 160.9901 92.65726 87.47683 81.28273 78.48675 78.46808 77.80947 68.02208 53.52843 46.81826 46.81826 46.81826 46.81826 46.52047 33.0994 25.04924 25.04924 25.04924 29.6514 61.44271 83.82075 86.25928 98.23375
5.01911 9.274796 9.516953 9.516953 9.516953 9.516953 9.516953 9.516953 9.516953 9.516953 9.516953 9.516953 32.61245 189.3153 164.568 88.38315 85.27217 64.39146 64.39146 72.96362 108.6033 108.6033 108.6033 108.6033 108.6033 108.6033 120.0257 155.7536 82.91061 52.24307 52.24307 52.24307 52.24307 51.62057 36.46859 34.48683 34.48683 34.88087 52.6721 55.97599 49.09151 45.91221 48.23441 64.33681 67.57314 67.57314 67.57314 67.43452 65.70312 73.0501 297.8217 298.0103 298.0103 228.4907 85.75621 83.55124 83.16106 73.19592 54.73867 38.63769 34.32018 36.45506 46.44702 46.81826 46.7518 40.2091 28.78652 25.04924 25.04924 25.04924 25.04924 25.04924 62.37159 91.47431 96.16998 100.6981
9.065235 9.516953 9.516953 9.516953 9.516953 9.516953 9.516953 9.516953 9.516953 9.516953 9.516953 24.57854 186.1167 221.7319 181.2492 132.3158 105.3569 69.69186 64.46797 67.85464 107.615 108.6033 108.6033 108.523 108.6014 108.6033 87.41221 54.69461 52.24307 52.24306 52.24306 52.24306 51.90781 41.45409 34.48683 34.48683 34.48683 43.53698 55.976 55.97599 48.86214 45.91221 52.27514 67.57314 67.57314 67.57314 67.57314 67.57314 65.97778 65.60081 285.2328 298.0103 298.0103 240.2766 91.07811 91.07811 71.72842 34.32019 34.32018 34.32018 34.32018 34.32019 38.81728 40.05558 29.3164 25.04924 25.04924 25.04924 25.04924 25.04924 26.81964 61.55339 90.19782 97.29689 97.99094 99.64224
9.516953 9.516953 9.516953 9.516953 9.516953 10.73936 11.37063 9.516964 10.5057 9.616752 9.516953 98.18256 221.7319 201.7495 120.2236 119.3564 119.0685 112.8711 99.47401 99.24551 103.8051 106.3778 103.6772 101.9564 102.5036 97.51289 53.69189 52.24306 52.24306 57.57623 61.45604 59.78834 42.72 34.48684 36.93723 54.80805 62.4856 60.26954 55.976 55.976 50.75782 45.91221 48.55219 67.56633 67.57314 67.57314 67.57314 67.57314 65.75286 65.60081 264.4336 289.926 226.2629 213.3834 95.16053 80.04962 37.30043 34.32018 34.32018 34.32018 34.32019 34.32018 34.32018 26.27769 25.04924 25.04924 25.04924 25.04924 25.04924 25.04924 25.28492 57.51961 96.75748 96.87261 96.87261 85.21323
9.516953 9.516953 9.516953 9.516953 12.4795 18.68407 18.79472 17.3985 18.75722 17.78456 14.42809 38.04237 221.7319 203.3328 128.9886 119.3564 119.3564 116.798 104.255 102.2972 102.2972 102.2972 102.0013 101.6691 101.6691 88.65645 61.70126 57.93269 53.10971 64.85832 67.15472 67.15472 64.57861 49.33017 64.13831 67.15472 67.15472 59.15593 55.97599 55.97599 51.0743 45.91221 46.74817 66.58251 67.57314 67.57314 67.57314 67.57314 65.82564 65.60081 97.69696 94.96234 59.70042 65.29725 90.32809 43.02478 35.2084 34.32018 34.32018 34.32018 34.32018 34.32018 34.32018 28.34508 25.04924 25.04924 25.04924 25.04924 25.04924 25.04924 44.58147 90.2807 91.85358 93.15958 96.5658 87.26482
10.92999 9.516953 9.516953 9.600156 17.83467 18.79472 18.79472 18.79472 18.79472 18.79472 18.79472 55.46646 210.6309 207.5761 196.5512 135.2377 119.3564 118.6479 104.4672 102.2972 102.2883 102.0719 101.6711 101.6691 85.09081 57.30119 62.12635 62.12635 62.92959 67.15472 67.15472 67.15472 67.15472 67.15472 67.15472 67.15472 67.15472 61.72278 55.98561 55.97599 55.00685 52.60931 57.91511 67.57314 67.57314 67.57314 67.57314 67.57314 64.14049 52.01025 54.40425 59.42202 59.70042 63.12011 65.93643 40.60405 40.23981 34.53867 34.32018 34.32018 34.32018 34.32018 34.32018 30.41247 25.04924 25.04924 25.04924 25.04924 25.04924 25.04924 45.9614 91.78918 91.78918 91.78918 92.73629 80.76191
25.86199 22.25141 32.53608 29.48472 25.11514 19.04693 18.79472 18.79472 18.79472 18.79472 18.79472 69.37512 179.2743 202.381 202.381 202.2094 153.1893 138.602 147.2688 114.9681 101.7057 101.6692 101.6691 100.8064 59.71857 51.85411 61.18728 62.12635 62.327 65.15851 67.08125 67.15472 67.15472 67.15472 67.15472 67.62466 67.4335 67.70097 64.16996 55.976 55.97599 55.976 57.36156 67.57314 67.57314 67.57314 67.57314 67.2765 52.57742 42.67444 45.74976 59.34981 59.70042 49.71273 40.82622 40.60405 40.60405 34.84892 34.32018 34.32018 34.32018 34.32018 34.32018 33.05188 25.18517 25.04924 25.04924 25.8744 25.46657 25.54848 67.93513 89.48749 91.78918 91.78918 91.78918 88.78111
