Scenarios/Heterogeneous/data/country_data_population_distribution/processed/density_grids/mli.asc
ncols 414
nrows 360
xllcorner -12
yllcorner 10
cellsize 0.041666666666667
NODATA_value -9999
[rows 272 to 305 of 360, columns 152 to 227 of 414]
26.32038 31.45316 44.46326 44.46326 44.46326 39.67939 25.76831 19.02155 18.79472 18.79472 18.79472 18.79472 114.8925 202.381 202.381 202.381 181.8635 156.5183 190.1746 140.7731 101.6692 101.6692 101.6692 69.11468 51.19221 51.19221 57.29518 62.12635 62.12635 62.12635 57.29332 64.02815 69.49424 69.69501 72.34346 72.09382 71.74167 71.87984 71.62272 58.58722 52.98284 53.74265 53.93203 64.62878 67.30383 66.52976 65.21436 49.03404 42.67443 43.2606 56.63678 57.7299 47.88113 40.63462 40.60405 40.60405 40.4889 34.36966 34.32018 34.32018 34.32018 34.32018 34.32019 34.32018 28.54564 25.04924 30.15115 53.47292 32.20445 64.46616 83.16762 83.17866 86.6548 90.35774 91.78918 91.78918
26.32038 28.58047 40.95288 44.46124 44.46325 44.46325 44.46325 36.42132 21.16613 18.79472 18.79472 18.82585 225.9968 202.381 201.6861 171.1929 118.0534 153.4237 190.0053 116.1528 101.6691 101.6691 101.6691 69.24516 51.1922 51.1922 51.40473 52.98871 57.98555 60.75917 36.96623 33.81456 56.35049 74.67409 67.52275 60.3216 64.69925 58.57102 58.44092 50.9043 45.63353 45.63353 45.22466 43.35297 43.57096 43.25235 43.81413 45.37418 52.80721 52.92653 54.21065 43.49798 42.65889 42.22797 41.84203 41.68896 41.1772 35.15207 34.32018 34.32018 34.32018 34.32018 34.32018 34.32018 33.14738 43.56362 58.70286 60.68053 60.68053 66.25497 83.00613 83.16761 83.16761 83.16775 83.95783 84.96945
26.32038 26.32038 26.32038 28.82978 51.33791 44.54644 44.46326 44.46326 42.93336 32.83353 36.4859 193.6344 464.7744 205.2768 111.3184 96.41455 95.31665 112.0983 138.4501 106.606 101.6692 101.6692 85.51511 52.77506 51.1922 51.20635 50.46988 44.70425 39.54163 34.38038 31.23717 31.23717 34.33477 70.57914 66.11875 44.99034 44.99034 44.99034 45.0844 45.63353 45.63353 45.63353 44.45655 43.23175 43.23175 43.23175 43.84566 52.08882 53.43026 53.43026 53.24075 43.0661 42.65889 42.65889 42.65889 42.65889 42.6589 42.17526 37.83902 34.40469 36.3296 39.65454 38.98092 34.65491 35.26305 60.68053 60.68053 60.68053 60.68053 62.27837 66.15726 66.71807 67.2789 78.75795 83.16762 83.16762
26.32038 26.32038 32.50403 51.63328 71.69043 60.64951 44.5907 44.46326 44.46326 44.46326 44.46325 313.452 464.8827 266.8358 91.20682 93.60914 87.14497 86.82633 70.24805 68.56856 87.78309 99.70355 70.68048 51.20364 53.07263 53.8251 52.83308 32.17599 31.23716 31.23716 31.23716 31.23716 31.23716 41.67345 53.57462 44.99034 44.99034 44.99034 45.02634 45.62745 45.63353 45.21895 43.31339 43.23175 43.23175 43.61909 46.54906 52.7594 54.1884 63.38157 60.38045 55.71865 42.65889 42.65889 42.65889 42.65889 42.65889 42.65889 42.4441 42.77492 44.91215 44.97085 44.97086 42.35219 36.8206 60.15097 54.89482 60.46333 60.68054 60.68053 60.68054 60.68053 60.68054 64.55193 74.95758 78.57859
26.32039 26.32038 27.02873 36.42492 55.84972 76.83633 65.89259 44.46325 44.46325 52.91762 282.0179 457.1511 464.8828 303.1175 86.82633 82.00663 69.24055 61.39597 47.8236 71.16959 72.01892 91.62503 78.96243 52.22025 55.48786 55.48785 55.48785 43.78949 31.23716 31.23717 31.23717 31.23717 31.23716 31.23717 36.46907 44.99034 44.99034 44.99034 44.99034 45.48156 45.63353 44.35771 43.23175 43.23175 43.28132 47.54197 47.8302 68.22315 94.6888 98.05645 98.05645 87.77359 42.66237 42.6589 42.65889 41.32309 36.17201 39.50767 34.57837 42.21041 44.97085 44.97086 44.97086 44.97086 0 44.57156 37.96915 49.67371 60.68053 60.68053 60.68053 60.68054 60.68053 60.68054 60.68053 56.68491
26.32038 26.32038 28.71324 44.59901 52.92229 66.16797 76.34314 71.68671 1091.764 4525.376 3587.083 464.8828 464.8827 441.8623 183.5179 54.4327 42.89401 42.89401 65.27181 71.40072 71.71271 76.36492 59.88889 53.31823 55.48785 55.48785 55.48785 54.83187 34.82836 31.23717 31.23717 31.23717 31.23716 31.23717 36.95565 44.99034 44.99034 44.99034 44.99034 45.2773 45.63353 44.71136 43.23175 43.23175 43.90181 46.5361 47.83021 64.59892 98.05646 98.05646 98.05646 64.39505 42.6589 42.65889 42.6589 41.79056 35.56336 32.26788 32.26788 37.82578 44.97086 44.97085 45.87001 55.06646 0 0 38.15129 38.24533 43.76822 53.82774 60.68053 60.68053 60.21315 60.63248 60.68053 54.85317
28.75962 30.30651 40.72551 52.19324 61.85983 77.45485 121.9066 201.3742 262.7514 626.0359 303.0503 464.8827 464.8827 464.8828 145.2927 42.89401 42.89401 42.89401 44.6232 51.74258 64.13371 51.86437 45.70353 53.37362 55.48785 55.48785 55.48785 55.48785 48.79218 31.25093 31.23716 31.23716 31.23716 31.23716 33.03674 43.40022 44.99034 44.99034 44.99034 45.07396 45.63261 54.36466 255.917 169.5503 44.50178 44.59326 46.62309 56.94296 98.05646 98.04636 86.01913 58.29757 46.4804 48.02814 40.60944 32.8393 32.26788 32.26788 32.54021 40.75286 37.51358 46.12428 0 0 0 41.14079 39.09528 37.96915 37.96916 38.01263 42.69812 43.56764 39.3197 54.03915 60.68054 53.02144
84.44823 116.8678 79.20478 68.875 56.5622 79.6172 239.1992 246.5946 214.1839 80.07514 150.8838 374.2739 417.492 422.2964 153.6399 42.89401 42.89401 42.89401 42.89401 42.89401 42.89401 43.576 54.78992 55.48785 55.48785 55.48785 55.48785 55.48785 55.48785 39.30841 31.23716 31.23716 31.23716 31.23716 31.23717 33.3199 44.65884 44.99034 49.33315 52.04211 51.35136 419.9594 563.0978 386.743 44.5524 43.2815 31.54914 59.29209 98.05445 81.03659 60.65174 60.65175 60.65174 59.93713 33.28348 32.26788 32.26788 32.26788 32.26788 32.26788 32.26788 0 0 0 0 0 0 0 0 37.67605 37.96915 37.96916 37.96915 42.85678 60.65609 53.57386
114.8257 90.30634 69.96533 71.13093 62.00862 53.71246 113.1581 169.6567 76.63584 73.94333 73.94334 73.94333 73.94334 63.00573 42.89401 42.89401 42.89401 42.89401 42.89401 42.89401 42.89401 42.89401 51.88816 55.48785 55.48785 55.48785 55.48785 55.48785 55.48785 53.90551 34.75979 31.23716 31.23717 31.23717 31.23717 38.38831 57.77697 57.47704 53.18957 53.19088 53.19088 324.0435 563.0978 272.319 32.64553 18.65447 15.98096 61.00289 70.31953 60.65175 60.65175 60.65175 60.65174 59.80324 42.81941 32.26788 32.26788 32.26788 32.26788 32.26788 43.04457 0 0 0 0 0 0 0 0 0 37.78612 37.96916 37.96916 37.96916 47.30613 53.34438
117.5575 88.23397 69.96532 95.45452 99.30685 54.73341 53.71247 52.34958 65.99619 73.94334 73.94334 73.94334 61.95602 43.59315 43.30324 42.89401 42.89401 42.89401 42.89401 42.89401 42.89401 43.62207 54.68859 55.48785 55.48785 55.48785 55.48785 55.48785 55.48785 55.48785 52.751 47.50468 52.1164 39.50553 50.94341 59.0666 59.31912 59.19789 54.45818 53.19088 53.19087 377.9989 563.0978 79.16117 15.98095 15.98095 19.9789 55.31435 60.65175 60.65175 60.65175 60.65175 60.65175 49.31256 40.90421 35.31364 32.26788 32.26788 37.42974 0 0 0 0 0 0 0 0 0 0 0 0 37.2057 37.92504 37.96916 37.96916 37.97171
59.90177 58.36644 64.92323 96.99141 99.0808 53.90718 53.18628 52.28019 61.47469 66.24982 58.77217 61.63866 68.45691 90.01939 58.52501 42.89401 42.89401 42.89401 47.46964 48.41263 44.16536 48.77664 55.48785 55.53233 56.39576 51.31229 54.51468 61.47705 62.47995 55.91628 57.49617 57.56385 57.56384 57.56385 58.58838 59.31913 59.37749 58.87811 53.31805 53.19088 54.34079 327.8893 361.4646 121.1479 15.98096 20.60917 43.21615 57.40059 60.65175 60.65175 60.64782 60.65175 60.65175 45.51222 42.26049 42.22461 33.75244 37.43537 0 0 0 0 0 0 0 0 0 0 0 0 0 0 0 37.88403 37.96916 37.96916
56.42097 54.63693 53.71246 77.5071 75.41531 53.71247 52.85414 51.48421 53.0668 37.75103 45.63234 48.28675 70.11263 98.3686 79.59592 42.89401 41.92946 69.13877 83.27718 83.56285 79.32933 60.3022 69.86735 79.59636 43.31863 22.45579 23.52431 56.5603 68.77218 57.62163 57.56385 56.98319 55.75428 55.63958 57.85022 59.52905 58.7018 72.9995 61.51077 53.37318 51.85065 49.34093 78.74049 67.63312 27.33992 45.52729 47.19774 47.34333 49.16341 51.19267 48.52023 49.73781 48.22656 42.26049 42.26049 42.26049 37.68653 33.22253 0 0 0 0 0 0 0 0 0 0 0 0 0 0 0 0 37.21742 37.83799
67.12313 54.22484 53.40792 59.96025 53.05918 51.87565 50.40846 47.39811 33.79062 44.70071 48.28675 47.87991 90.59282 98.36861 97.00635 48.98046 40.96353 65.78642 83.56285 83.56285 83.56285 83.56285 83.56285 83.56285 41.01064 22.45579 22.45579 22.76139 56.11663 57.56385 57.56385 57.10034 55.53948 55.46482 56.73827 56.39559 55.96027 112.425 111.8054 103.9205 48.435 48.38745 48.38745 48.38745 47.99304 47.19774 47.19774 47.19774 47.19968 49.67622 48.51322 42.26049 42.26049 42.26049 42.26049 40.23468 0 0 0 0 0 0 0 0 0 0 0 0 0 0 0 0 0 0 0 0
69.71936 60.41667 50.787 50.39578 50.39578 50.39578 50.39578 44.08329 32.11883 46.74734 40.25377 33.61347 77.29413 98.05209 85.38364 45.57375 40.95237 54.0481 83.56286 83.56286 83.56286 83.56285 83.56286 83.56285 47.91813 22.45579 26.0672 68.52529 72.25587 58.34301 58.29911 59.35804 59.56866 59.47697 60.93451 84.25109 56.97541 86.74567 85.34872 105.6698 51.95168 48.20061 47.65772 47.67524 48.38736 47.34768 47.19774 48.30028 57.63667 59.88696 52.47118 42.26049 42.26049 42.26049 42.26049 40.71298 0 0 0 0 0 0 0 0 0 0 0 0 0 0 0 0 0 0 0 0
69.71936 58.23126 50.39578 50.39578 50.39578 50.39578 50.39578 50.37669 37.4471 32.12022 32.11883 32.33169 44.83122 68.34339 40.95237 40.95237 40.95237 43.17683 82.68204 83.39023 83.56285 83.58411 116.6139 136.2753 115.0923 29.29754 44.93622 71.01313 72.69956 62.5663 59.68861 59.8016 59.80161 59.80161 115.6547 174.6354 78.23535 55.85551 55.85552 57.58823 47.67256 46.75536 46.57984 46.5805 47.98702 47.36765 47.19774 49.95395 59.88696 59.88696 56.4931 51.18969 42.90749 50.71605 53.00433 45.41495 40.02493 0 0 0 0 0 0 0 0 0 0 0 0 0 0 0 0 0 0 0
73.37781 66.49482 52.79672 50.39578 50.39577 50.39577 50.39578 50.39578 47.67128 36.01626 36.65157 37.95359 38.38211 39.17724 40.06054 40.83766 40.95237 40.95237 43.03426 47.74397 75.65138 157.0768 191.6641 191.6641 191.6641 163.6322 102.4553 77.50311 76.05996 64.10634 59.8016 59.8016 59.8016 59.8016 95.30202 176.6088 78.42531 55.85551 55.85552 50.57185 46.57984 46.57984 46.57984 46.57984 48.61173 52.53579 54.66071 57.74773 59.88696 59.26379 57.2205 56.14281 54.40534 56.02014 56.02013 52.36229 42.25025 0 0 0 0 0 0 0 0 0 0 0 0 0 0 0 0 0 0 0
74.60114 74.60114 55.43643 50.39578 50.39577 50.39578 50.39577 48.98976 38.98485 38.34993 38.34993 38.34993 38.34993 38.34993 38.34993 59.16247 87.86521 89.25056 85.2255 52.25568 57.67887 185.5714 191.6641 191.6641 188.9196 148.2272 113.2962 104.9944 102.4466 80.89018 70.61464 60.56037 59.80159 59.8016 60.86259 167.1017 76.81362 53.62535 53.40128 46.914 56.45636 67.74534 59.29121 47.24641 46.73703 56.32446 57.46149 59.52839 59.88696 59.88677 57.74549 56.02013 56.02014 56.02013 56.02014 55.97115 54.66834 59.47058 0 0 0 0 0 0 0 0 0 0 0 0 0 0 0 0 0 0
74.60114 74.60114 55.81435 50.39578 50.39578 50.39578 50.39577 47.31675 38.34993 38.34993 38.34993 38.34993 38.34993 38.34993 38.34993 60.47545 93.55193 93.2912 71.63895 52.30092 52.30092 145.1115 191.6641 191.6641 102.8221 75.66359 87.24791 98.73181 104.5559 102.59 99.51422 71.13197 59.8016 58.79993 57.53253 90.60929 66.73988 51.2322 51.2322 54.74016 103.834 101.9767 101.3471 91.07745 60.66019 56.27143 46.50372 48.5408 51.8714 51.83001 53.82186 56.02014 56.02014 56.02014 56.02014 53.00235 46.9685 43.87816 0 0 0 0 0 0 0 0 0 0 0 0 0 0 0 0 0 0
74.60114 74.60114 56.19228 50.39578 50.39578 50.39578 48.44715 38.82305 38.3498 38.34993 38.34993 38.34993 38.34993 38.34993 38.34993 53.13886 93.55193 70.33365 49.49313 52.04176 52.30092 99.59771 191.6641 191.5359 103.444 86.02306 75.65049 75.90781 90.19964 84.37167 78.68806 51.34488 47.37941 51.46183 51.2322 51.2322 51.2322 51.83892 60.15673 65.55118 115.0719 120.1358 110.4892 95.96528 63.74389 60.92551 46.51529 46.50372 46.50372 46.50372 47.73225 53.69991 55.05461 51.58933 49.59959 43.4264 42.31762 42.31762 0 0 0 0 0 0 0 0 0 0 0 0 0 0 0 0 0 0
74.60114 74.60114 54.3635 47.74928 46.55687 45.28446 40.92273 36.91189 37.74178 38.34993 38.34993 38.34993 38.34993 38.34993 38.34993 43.86734 63.51824 48.85121 43.50482 46.68729 51.94088 141.4761 191.5609 147.1093 94.75358 94.75358 81.61856 86.33568 86.77409 77.31888 76.61253 51.41859 40.38198 49.60004 51.2322 51.2322 51.2322 59.06305 71.60685 71.60684 93.60876 121.0063 121.0063 74.23639 63.74389 63.74389 50.15137 46.50372 46.50372 46.50372 46.50372 45.13513 42.59025 42.31761 42.31761 42.31762 42.31761 42.31762 0 0 0 0 0 0 0 0 0 0 0 0 0 0 0 0 0 0
69.57996 69.09865 47.5584 36.91189 36.91189 36.91189 36.91189 36.91189 37.09187 38.34993 38.34993 38.34993 38.34993 38.34993 38.34993 39.64191 43.43775 43.43775 43.43775 43.43775 43.49417 81.36614 100.7291 93.81025 88.65915 85.17712 88.4851 88.53207 88.53206 80.45734 76.61253 57.32979 40.26763 42.00797 50.78646 57.16708 56.03576 63.48567 64.30671 52.2058 67.71529 109.898 121.0063 110.8191 76.14507 63.74389 56.2719 46.61332 46.50372 46.50372 45.34309 42.42339 42.31762 42.31762 42.31762 42.31762 42.31761 42.31762 57.23958 0 0 0 0 0 0 0 0 0 0 0 0 0 0 0 0 0
56.80913 56.80913 53.38042 37.25437 36.91189 36.91189 36.91189 37.6866 38.29796 38.34993 38.34993 38.34993 38.34993 38.34993 38.34993 45.981 60.81378 53.25754 43.43775 43.43775 43.43775 50.81739 85.65668 80.1605 75.03596 75.03596 80.34879 88.35873 87.70773 76.96378 76.61252 59.14328 40.26763 40.26762 59.11637 70.98424 61.6769 60.8029 60.80291 53.86794 47.22626 62.08251 100.167 105.8458 97.39586 62.20263 59.58918 56.81507 46.59101 45.19901 42.43479 42.31762 42.31762 42.31762 42.31762 42.31762 42.31762 42.31762 0 0 0 0 0 0 0 0 0 0 0 0 0 0 0 0 0 0
56.80913 56.80913 56.80913 45.70275 42.62295 42.00686 37.89452 38.34772 38.34993 38.34993 38.34993 38.34993 38.34993 38.34993 38.43373 73.59993 83.27658 81.66406 67.65138 61.69486 69.29563 84.80494 86.5102 82.36447 76.0428 80.22335 84.90488 91.68321 78.28745 76.61253 76.61253 58.63157 40.26763 40.72604 73.7589 74.96973 72.84985 61.41233 60.8029 53.61639 47.22626 47.22626 47.22626 47.22626 47.22626 56.09624 59.37695 59.37695 55.12078 49.68257 52.64169 49.52252 43.71871 41.88828 41.72795 41.90842 42.31762 42.1573 0 0 0 0 0 0 0 0 0 0 0 0 0 0 0 0 0 0
57.29956 56.80913 56.80913 55.93636 57.48526 57.68659 39.24906 38.34993 38.34993 38.34993 38.34993 38.34993 38.34993 38.34993 51.36471 82.96388 82.62726 83.03599 83.27658 83.88871 86.5102 86.5102 86.5102 86.5102 86.87074 99.52264 96.19628 81.86788 74.34023 74.39792 76.61253 82.51579 73.39526 61.8741 74.32025 74.96973 74.96973 79.40022 87.32742 75.30301 47.22626 47.22626 47.22626 47.22626 47.23247 56.52768 59.37695 59.37695 59.37695 59.37695 59.37695 59.37695 0 0 0 0 0 0 0 0 0 0 0 0 0 0 0 0 0 0 0 0 0 0 0 0
74.63303 56.80913 56.82151 57.91973 57.93098 57.89735 43.62229 38.34993 38.34993 38.34993 38.34993 38.34993 36.50409 31.45928 43.63634 81.92748 81.92747 81.65408 78.46569 79.75852 79.34183 78.05724 86.50247 86.51021 93.32383 111.7148 74.76293 72.25343 58.66596 36.65187 61.64581 100.3152 101.136 82.30338 74.96973 74.96973 74.96973 99.48716 110.7336 108.8513 73.74822 48.54882 47.25672 50.21314 56.91775 59.37695 59.37695 59.37695 59.37695 59.37695 59.37695 59.37695 0 0 0 0 0 0 0 0 0 0 0 0 0 0 0 0 0 0 0 0 0 0 0 0
64.44208 56.80914 57.31716 57.93099 57.93099 57.93098 51.68899 38.95919 38.34993 38.34993 36.928 30.38576 27.13004 27.07313 27.66895 75.29752 81.92748 77.70316 51.91409 51.91409 51.91409 51.91409 72.9158 86.5102 88.15682 83.92704 72.25343 72.25343 53.53 28.49552 29.56592 94.90465 101.136 97.32055 99.07359 95.95441 110.5633 116.542 109.2533 96.74904 96.74904 62.53511 52.84477 54.33352 56.58105 58.79729 59.37695 59.37695 59.37695 56.91747 49.77533 51.53425 44.35386 40.95565 0 0 0 0 0 0 0 0 0 0 0 0 0 0 0 0 0 0 0 0 0 0
67.99043 56.88084 57.90821 57.93098 57.93098 64.56433 74.41182 68.27392 69.95866 52.10632 28.68469 27.07313 27.07313 27.07313 27.07313 33.70016 64.97677 81.91666 56.77023 52.57086 52.48095 52.24233 61.45314 86.5102 86.47493 75.71887 89.59524 127.4298 59.1061 28.66968 28.51622 82.98368 100.8188 81.21938 64.16331 100.9193 118.4194 118.9057 114.9347 116.2066 97.13201 66.67761 54.31794 54.31794 54.31794 54.90581 59.20208 59.37695 59.33105 45.792 40.87613 40.87613 40.87613 40.87634 0 0 0 0 0 0 0 0 0 0 0 0 0 0 0 0 0 0 0 0 0 0
64.37238 58.9047 58.27743 57.96635 65.12972 76.29283 76.4318 76.4318 76.4318 74.26657 29.21129 27.07313 27.07313 27.07313 27.07313 27.07313 27.07313 59.49347 64.11399 54.7024 53.73306 53.73306 59.74606 79.84724 82.26392 195.8223 945.8038 699.0228 91.9109 64.34202 65.39102 101.136 76.14819 59.15686 59.15686 90.14236 107.6831 107.9273 99.16698 96.7496 95.67313 57.5099 54.31794 54.31794 54.31794 54.06206 53.70742 55.13357 54.85794 40.87613 40.87613 40.87613 40.87613 40.87613 0 0 0 0 0 0 0 0 0 0 0 0 0 0 0 0 0 0 0 0 0 0
59.08343 58.96216 60.02752 64.69225 76.4318 76.4318 76.43181 76.4318 76.4318 58.11502 27.07313 27.07313 27.07313 27.07313 27.07314 27.07313 44.00072 65.5518 65.57275 63.16141 55.18276 54.90046 73.01727 74.6888 74.6888 74.82054 761.66 964.6711 829.9042 496.7026 391.5706 94.87335 86.65627 60.53628 74.61916 103.813 99.00545 77.7258 78.83487 96.74903 82.91666 54.31794 54.31794 54.31794 54.31794 51.25455 49.0569 49.0569 47.24979 40.87613 40.87613 40.87613 40.87613 40.93586 0 0 0 0 0 0 0 0 0 0 0 0 0 0 0 0 0 0 0 0 0 0
58.96217 58.96217 62.44634 75.66999 76.43181 76.43181 76.43182 76.43181 76.43181 74.56495 36.14499 27.07313 27.07313 27.07313 27.07313 36.68306 65.02747 65.57275 65.57275 65.57275 65.39534 66.37964 74.54214 74.6888 74.6888 74.6888 555.3044 964.6711 964.6712 964.6711 941.8259 102.9319 89.96463 103.6203 107.5692 106.6569 68.63443 64.13746 64.88261 86.9141 66.99349 54.31794 55.38797 64.77924 73.32022 64.0556 49.0569 49.0569 46.11532 40.87613 40.87613 40.87613 40.87613 0 0 0 0 0 0 0 0 0 0 0 0 0 0 0 0 0 0 0 0 0 0 0
58.92754 58.96216 58.96216 63.80741 70.16796 69.74321 69.66915 63.12881 70.6677 68.05414 59.94368 56.96709 33.43638 27.11686 37.54397 47.25578 60.06766 65.57275 65.57275 65.57275 65.57275 65.57275 71.98901 74.6888 74.6888 74.6888 322.1958 491.3809 771.5817 905.5761 443.6519 173.088 117.9516 93.34049 96.45884 82.20803 64.13745 64.13746 64.13745 66.13421 58.548 68.8021 75.38956 75.53973 75.53973 75.53784 59.395 49.0569 47.1533 40.87613 40.87613 40.87613 40.87613 0 0 0 0 0 0 0 0 0 0 0 0 0 0 0 0 0 0 0 0 0 0 0
48.64784 57.93455 58.96217 59.04536 66.83179 67.90108 60.57883 51.24571 55.15358 76.43139 76.35414 76.43181 60.48718 39.28621 47.26306 47.26306 59.41432 65.57274 65.57275 65.57275 65.57275 66.10871 74.30419 74.64027 74.68881 109.4365 205.063 206.0467 329.6569 251.9041 161.3562 161.3562 124.7206 45.65757 45.65757 49.65684 64.13746 64.13745 63.88175 59.31504 56.14274 65.14072 75.53973 75.53974 75.53973 75.53973 74.82041 54.74304 48.63854 40.92912 40.87613 40.87613 40.87613 0 0 0 0 0 0 0 0 0 0 0 0 0 0 0 0 0 0 0 0 0 0 0
43.50441 45.03672 49.82957 49.89951 67.90108 62.69503 51.24609 50.48399 49.1046 50.229 47.00451 48.31269 54.31955 47.11382 47.74145 46.94695 61.51745 65.57275 65.57275 65.57275 57.89419 52.82914 40.29175 37.8362 49.81852 148.8875 206.0467 206.0467 206.0467 185.8005 161.3562 159.307 72.37411 45.65757 45.65757 46.87656 63.42631 62.46009 57.45293 56.14274 56.14274 57.10905 75.33028 75.53973 75.53973 75.53974 75.53973 66.634 49.0569 42.59301 40.87613 40.87614 0 0 0 0 0 0 0 0 0 0 0 0 0 0 0 0 0 0 0 0 0 0 0 0
43.50441 54.46336 49.43822 48.28208 59.56726 52.26885 50.63135 47.59734 47.52447 47.05737 46.85299 46.85299 46.85299 46.85299 46.97112 46.85299 61.1003 65.57275 65.47531 56.45292 34.61503 31.04832 31.04832 43.94452 58.86468 78.82267 92.98948 174.1164 197.5695 167.931 161.1229 108.9218 58.51381 45.65757 45.65757 45.65757 53.61929 57.60493 56.14274 56.14274 56.14274 56.57534 73.41572 75.66505 79.41795 93.976 102.6206 80.08387 49.48022 45.40443 40.87613 38.73868 0 0 0 0 0 0 0 0 0 0 0 0 0 0 0 0 0 0 0 0 0 0 0 0
