Scenarios/Heterogeneous/data/country_data_population_distribution/processed/density_grids/mli.asc
ncols 414
nrows 360
xllcorner -12
yllcorner 10
cellsize 0.041666666666667
NODATA_value -9999
[rows 306 to 339 of 360, columns 76 to 151 of 414]
9.824738 9.824738 9.824738 9.824738 9.824738 9.826707 10.04372 10.73411 0 0 0 0 0 0 0 0 0 0 0 0 15.20321 16.01022 16.01022 16.01022 16.01022 16.01022 27.27075 31.33038 31.33038 31.33038 31.33038 31.33038 31.33038 50.83514 52.10569 52.10569 52.10569 52.1057 69.05541 160.8331 100.6484 78.28506 57.51036 49.58184 49.58185 50.48283 54.59768 51.7572 46.16209 43.63382 43.45747 40.47268 38.90718 35.83553 35.78377 38.98103 38.98103 38.98104 39.9936 36.50217 24.42958 20.66624 20.66624 20.66624 20.66624 28.20819 31.49903 31.49903 31.49903 31.49903 33.65849 34.43311 31.53945 57.27322 53.08095 52.16234
9.824737 9.824738 9.824737 9.824738 10.13064 12.86745 0 0 0 0 0 0 0 0 0 0 0 0 0 0 0 0 15.75412 16.01022 16.01022 16.01022 24.6436 31.33038 31.33038 31.31523 32.37748 33.51538 34.5662 47.76981 52.1057 52.1057 52.1057 52.1057 62.45796 107.6105 49.58185 49.58184 49.58185 49.58184 50.26356 59.08707 61.50492 61.50492 61.08649 56.24006 44.766 31.05959 34.29958 35.44148 30.27048 38.98103 38.75257 34.6654 24.54065 21.06148 20.66624 20.66624 20.66624 20.66624 20.66624 21.05737 29.33826 31.49903 31.49903 31.49903 31.49903 31.49903 37.31272 66.20256 66.20257 66.20257
9.824738 9.824738 9.824738 10.1467 0 0 0 0 0 0 0 0 0 0 0 0 0 0 0 0 0 0 14.64414 16.01022 16.01022 16.37589 29.27357 31.33038 30.04534 22.59292 29.71918 35.22359 35.22359 48.6632 52.1057 52.1057 52.1057 93.06178 142.2554 79.15247 49.58185 49.58185 49.58185 55.53086 60.40491 61.50492 61.50492 61.50492 61.50492 61.50492 48.23567 29.57342 27.6319 28.80295 28.16497 36.96302 29.20276 25.74651 22.19 20.66624 20.66624 20.66624 20.66624 20.66624 21.6412 26.79864 31.4133 31.49903 31.49903 31.49903 31.49903 31.49903 52.08838 66.20256 66.20256 66.20256
9.824738 9.824737 9.824738 12.55968 0 0 0 0 0 0 0 0 0 0 0 0 0 0 0 0 0 0 15.12516 16.12302 18.29031 20.00596 22.74045 22.16009 20.37562 20.15729 21.08011 34.44865 35.25552 50.56995 52.10569 52.1057 52.04687 113.7428 148.5522 129.4167 37.97734 43.81197 49.51713 51.12658 58.52522 61.50492 61.50492 61.50492 61.50492 51.6409 28.07607 27.62984 27.62985 27.62984 27.62984 26.88036 25.74651 25.74652 23.3173 20.66625 20.66624 20.66624 20.66624 20.66625 21.7357 24.84025 31.49902 31.49903 31.49903 31.49903 31.49903 31.49903 60.12274 66.20257 66.20256 66.20256
12.134 9.824738 9.824738 14.24156 0 0 0 0 0 0 0 0 0 0 0 0 0 0 0 0 0 0 15.91852 17.6318 20.15729 20.15729 20.15729 20.15729 20.15729 20.15729 20.15729 28.96157 34.20594 38.4822 51.39622 53.38692 31.40354 31.15941 34.09167 31.15176 31.66354 31.66365 43.08526 49.58185 51.26496 61.50492 61.50492 61.50492 61.50492 43.11872 27.62984 27.62985 27.62984 27.62984 27.62984 26.63015 25.74651 25.74652 25.61677 21.70827 20.66624 20.66624 20.66643 21.0271 26.97886 30.51093 31.49903 31.49903 31.49903 34.17427 33.59895 31.49903 53.69534 64.78642 62.25479 61.07957
0 0 0 0 0 0 0 0 0 0 0 0 0 0 0 0 0 0 0 0 0 0 0 0 38.0277 20.15729 20.15729 20.15729 20.15729 26.17328 34.95868 31.91932 40.149 46.42231 53.31662 57.50109 37.1237 31.14435 31.14435 31.1798 31.66365 31.66365 32.09907 54.72535 53.86416 61.50492 61.50492 61.50492 58.03774 32.95496 27.62984 27.62985 27.62984 27.62984 27.59638 26.28449 25.74651 25.74652 25.74651 22.93558 20.90133 20.97095 23.01922 25.74652 26.97399 28.7142 31.49902 32.03952 40.29 57.3966 50.76036 36.64289 50.15343 59.09745 59.06805 59.06805
0 0 0 0 0 0 0 0 0 0 0 0 0 0 0 0 0 0 0 0 0 0 0 0 47.83274 20.15729 20.15729 20.15729 20.15729 44.03166 57.50673 57.50673 57.50673 57.50673 57.50673 51.17947 33.04206 32.24147 31.42471 31.23877 31.66365 31.66365 31.66365 52.18032 61.50492 61.50492 61.50492 61.50492 60.09217 51.45901 32.81578 27.62984 27.62984 27.56855 26.18924 25.74652 25.74652 25.74652 25.74651 22.9073 24.6975 23.84605 25.70603 25.74652 25.74651 30.05606 43.01984 52.83968 50.55867 59.01468 59.06805 59.06805 59.06804 59.06805 59.06805 59.06804
0 0 0 0 0 0 0 0 0 0 0 0 0 0 0 0 0 0 0 0 0 0 0 0 0 21.57633 20.68455 20.20044 21.00424 52.46899 57.50673 57.50673 57.50673 57.50673 52.82899 33.195 32.6143 32.6143 32.34906 31.52697 31.66365 31.66365 31.66365 45.15697 61.50492 61.50492 61.50492 61.50492 61.50492 61.50492 59.54242 38.08689 35.00061 34.04025 25.74652 25.74652 25.74652 25.74652 25.74652 25.68181 25.71357 25.74652 25.74652 25.74652 26.42422 27.26852 27.27025 27.27025 27.27025 52.3482 59.06805 59.06805 59.06805 59.06805 59.06805 59.06805
0 0 0 0 0 0 0 0 0 0 0 0 0 0 0 0 0 0 0 0 0 0 0 0 0 34.92176 34.92175 34.11823 35.95957 44.81345 47.81593 49.89237 55.22648 57.50021 37.07818 32.6143 32.6143 32.6143 32.6143 31.89548 31.66365 31.66365 31.66365 39.97131 61.50492 61.50492 61.50492 61.50492 60.91518 50.30288 39.98567 37.53004 37.53004 37.46386 27.06914 25.74652 25.74652 25.74652 25.74652 25.74652 25.74652 25.74652 25.74652 25.75046 26.49112 27.27025 27.27025 27.27025 27.27025 51.28697 59.06805 59.06805 59.06805 59.06805 59.06805 59.06805
0 0 0 0 0 0 0 0 0 0 0 0 0 0 0 0 0 0 0 0 0 0 0 0 0 34.92175 34.92176 34.92175 34.92176 34.92175 34.92176 34.92175 37.35311 44.94152 32.6143 32.6143 32.6143 32.6143 32.6143 31.97731 31.66365 31.66365 31.66365 32.4311 58.56193 61.50492 61.50492 55.01811 41.17625 37.53004 37.53004 37.53004 37.53004 37.53004 28.83941 25.74651 25.74652 25.74651 25.74652 25.74651 25.74651 25.74652 25.74652 25.92532 27.26997 27.27025 27.27024 27.27025 27.27024 34.81812 34.88963 52.46275 59.06805 59.06805 59.06805 59.06805
0 0 0 0 0 0 0 0 0 0 0 0 0 0 0 0 0 0 0 0 0 0 0 0 52.80577 34.92175 34.92175 34.92175 34.92175 34.92175 34.92175 34.53679 33.26805 27.23086 30.20865 32.6143 32.6143 32.6143 32.6143 32.89614 33.07738 33.16711 33.25684 33.50225 50.82946 60.81984 46.21028 37.56171 37.53004 37.53004 37.53004 37.53004 37.53004 35.75436 30.51828 25.94784 25.74651 25.74651 25.74651 25.74651 25.74651 25.74651 25.74651 26.01883 26.34309 27.27024 27.27025 27.27024 27.27025 27.27024 44.54437 75.72301 75.68059 65.38307 59.13408 59.06805
0 0 0 0 0 0 0 0 0 0 0 0 0 0 0 0 0 0 0 0 0 0 0 0 40.61283 30.68414 32.88223 34.72057 34.92175 34.92175 34.92176 34.7362 21.86436 13.25982 13.34784 17.99648 25.50645 32.38313 32.6143 33.03611 33.56015 33.56015 33.56015 33.56015 33.96825 32.77467 28.68595 30.04822 34.21915 37.53004 37.53004 37.12265 33.83593 31.54674 31.51789 29.58383 26.10288 25.74651 25.74652 25.74652 25.74652 25.74652 25.74652 25.74651 26.89544 27.43782 27.27025 27.27025 27.27025 27.27025 31.24817 85.44073 91.79729 91.79729 64.42995 39.01973
0 0 0 0 0 0 0 0 0 0 0 0 0 0 0 0 0 0 0 0 0 0 0 0 20.25572 16.97945 16.97945 17.33919 19.54637 21.17986 23.73166 25.5577 13.6789 13.24002 13.24002 13.24002 13.24002 16.98126 31.20643 33.15611 33.56015 33.56015 33.56015 32.12738 28.79001 28.68595 26.46025 26.37976 29.22913 37.52589 37.08302 32.15326 31.51789 31.51789 31.51789 31.51789 30.48255 27.64226 25.80424 25.74652 25.74651 25.75959 27.06319 30.24952 29.82872 29.45216 27.38787 27.27025 27.27025 27.30891 48.22939 89.66481 91.79729 91.79729 57.87259 34.91392
0 0 0 0 0 0 0 0 0 0 0 0 0 0 0 0 0 0 0 0 0 0 0 0 16.97945 16.97945 16.97945 16.97945 16.97945 16.97945 16.97945 16.97945 14.86263 13.44799 13.24002 13.24002 13.24002 16.04654 207.5262 278.3719 175.6415 107.3271 26.50465 23.83661 24.09298 24.50329 24.45807 28.51531 29.89672 37.52037 36.35534 31.51789 31.51789 31.51789 31.51789 31.51789 29.6625 29.6586 30.67681 25.64821 24.77982 28.59519 33.9887 33.9887 33.42577 31.66292 31.40464 30.59504 28.75234 48.75917 76.54968 91.79729 91.79729 91.79729 51.90391 34.91392
0 0 0 0 0 0 0 0 0 0 0 0 0 0 0 0 0 0 0 0 0 0 0 0 17.56061 16.97945 19.85318 23.83026 16.97945 16.97945 16.97945 16.97945 16.67883 19.20169 24.20601 24.35947 26.86653 29.67732 198.1794 402.3688 388.3925 39.32276 22.92387 22.92386 22.92387 22.92387 23.48471 26.39662 33.89022 36.98857 34.09246 31.51789 31.51789 31.51789 31.51789 31.51789 25.32968 27.82761 31.32004 25.32153 27.21548 27.36633 30.97855 33.9887 33.34683 31.46693 31.46693 31.46693 31.46693 37.47506 71.47383 88.71356 91.45981 91.7973 68.54225 34.91392
0 0 0 0 0 0 0 0 0 0 0 0 0 0 0 0 0 0 0 0 0 0 0 0 0 0 0 0 16.97945 16.97945 16.97945 17.14776 20.78609 28.43691 29.67732 29.67732 29.67732 29.67732 29.67732 380.1169 309.1038 22.92386 22.92387 22.92387 22.92387 22.92387 22.92387 25.54602 32.25157 31.67339 31.51789 31.51789 31.51789 31.51789 31.51789 30.1956 30.40038 44.88232 29.52173 51.83786 33.9887 33.9887 33.87683 33.9887 32.40728 31.46693 31.46693 31.46693 31.46693 32.17569 47.5932 59.0333 63.86558 64.19798 75.7757 36.17629
0 0 0 0 0 0 0 0 0 0 0 0 0 0 0 0 0 0 0 0 0 0 0 0 0 0 0 0 16.97945 16.97945 16.97945 20.97219 29.67733 29.67732 29.67733 29.67733 29.67733 29.67732 35.77879 49.98006 108.3376 22.92387 22.92387 22.92387 22.92387 22.92387 23.54565 30.68941 31.5179 31.51789 31.5179 31.51789 31.5179 31.51789 31.48304 26.48319 95.63554 114.0244 151.1385 122.2472 112.2291 39.55528 33.9887 33.9887 33.25491 32.0807 31.46717 31.46693 31.46693 50.80211 58.70351 58.70351 58.70351 58.70351 58.70351 53.97995
0 0 0 0 0 0 0 0 0 0 0 0 0 0 0 0 0 0 0 0 0 0 0 0 0 0 0 0 21.64383 16.97945 16.97945 22.05326 29.72932 29.67732 29.67732 29.67732 29.67732 35.70525 49.98006 49.98006 22.92386 22.9244 23.90754 25.44921 27.09604 26.94795 27.83784 30.01729 29.85666 29.46785 30.40754 31.48177 31.51789 31.43513 26.34003 24.01532 120.728 184.6215 205.7345 113.6909 50.14292 33.9887 33.9887 33.9887 33.9887 33.9887 33.42196 32.59485 41.90446 57.59408 58.7035 58.7035 58.7035 58.7035 58.70351 58.7035
0 0 0 0 0 0 0 0 0 0 0 0 0 0 0 0 0 0 0 0 0 0 0 0 0 0 0 0 0 17.66011 20.97065 31.42367 30.29186 30.04374 29.76468 29.67732 29.67732 49.98006 49.98006 49.98006 49.19538 27.60497 28.10464 28.10464 28.10464 28.10464 28.10464 27.7775 26.845 26.9819 26.99024 29.17388 31.50109 27.31743 143.0323 62.46452 124.9234 203.577 166.4992 48.71345 33.9887 33.9887 33.9887 33.9887 33.9887 33.9887 33.9887 37.54572 58.7035 58.7035 58.7035 58.7035 58.7035 58.7035 58.7035 58.7035
0 0 0 0 0 0 0 0 0 0 0 0 0 0 0 0 0 0 0 0 0 0 0 0 0 0 0 0 0 0 0 0 30.31726 30.31726 30.31468 30.10578 29.91843 49.00495 49.98006 49.98005 34.71679 28.10464 28.10464 28.10464 28.10464 28.10464 28.10464 27.65492 26.74618 26.75223 26.86368 26.73244 26.61869 28.85555 196.8695 184.5444 195.2977 114.8913 81.63535 36.2921 34.22517 33.9887 33.9887 33.9887 33.9887 33.9887 34.2502 45.72071 58.70351 58.7035 58.7035 58.7035 58.7035 58.7035 58.70351 58.7035
0 0 0 0 0 0 0 0 0 0 0 0 0 0 0 0 0 0 0 0 0 0 0 0 0 0 0 0 0 0 0 0 41.64369 35.08648 33.44047 30.31726 30.31726 47.10253 49.98006 49.89205 43.023 29.82623 28.10464 28.10464 28.10464 28.10464 28.09748 27.18184 26.74618 26.82421 26.99024 23.81951 22.42821 83.25031 207.8624 207.8624 198.7161 89.39806 40.24827 38.6745 35.21825 33.9887 33.9887 33.9887 33.9887 34.12896 47.01753 56.7014 58.6664 58.70351 58.70351 58.70351 58.70351 58.70351 58.70351 58.70351
0 0 0 0 0 0 0 0 0 0 0 0 0 0 0 0 0 0 0 0 0 0 0 0 0 0 0 0 0 0 0 0 0 0 53.57502 49.46278 49.31765 49.98005 49.98006 49.98005 44.78004 40.82135 28.59442 28.10464 28.10464 28.10388 27.33688 26.74618 26.74618 26.78016 26.95538 25.882 22.32308 90.44393 207.8546 207.8624 161.7092 113.5208 40.15336 34.43634 33.9887 33.9887 33.9887 33.9887 33.9887 42.41951 51.02393 51.02393 51.91749 56.4923 58.57225 58.70351 58.7035 58.70351 58.70351 51.98026
0 0 0 0 0 0 0 0 0 0 0 0 0 0 0 0 0 0 0 0 0 0 0 0 0 0 0 0 0 0 0 0 0 0 0 52.08202 49.98006 49.98006 49.98006 49.26943 44.78004 44.78004 42.0607 31.73001 28.10464 27.4271 26.74618 26.74618 26.74618 26.74618 26.76296 25.57555 22.28723 26.90819 137.7469 107.668 90.24579 38.20308 39.17481 33.9887 33.9887 33.9887 33.9887 34.07943 41.76715 50.85702 51.02393 51.02393 51.02393 51.02393 52.24476 57.41983 54.2823 46.64105 48.49743 38.40532
0 0 0 0 0 0 0 0 0 0 0 0 0 0 0 0 0 0 0 0 0 0 0 0 0 0 0 0 0 0 0 0 49.57011 51.16357 51.21769 49.96623 49.98006 49.95044 48.28011 45.44888 44.78004 44.78004 44.78004 44.58415 35.04487 26.74706 26.74618 26.74618 26.74618 26.76537 26.95415 26.34031 25.99801 29.32857 30.1264 30.1264 30.1264 30.12724 31.76883 32.14908 33.62347 33.9887 35.42998 46.17501 51.02393 51.02393 51.02393 51.02393 51.02393 51.02393 51.02336 46.026 39.74773 33.95561 34.20007 38.91827
0 0 0 0 0 0 0 0 0 0 0 0 0 0 0 0 0 0 0 0 0 0 0 0 0 0 0 0 0 0 0 0 49.33084 46.19225 46.19225 47.08196 48.06576 45.72268 44.78004 44.78004 44.78004 44.78004 44.78004 44.78004 43.42772 28.39739 26.74618 26.99474 28.39667 28.88433 25.86489 26.92365 28.06043 30.1264 30.1264 30.1264 30.1264 30.1264 30.1264 30.12652 32.94339 33.9887 46.15542 51.02393 51.02394 51.02393 51.02393 51.02393 51.02393 49.60491 43.87154 39.68359 39.65794 34.94346 33.97674 37.71635
0 0 0 0 0 0 0 0 0 0 0 0 0 0 0 0 0 0 0 0 0 0 0 0 0 0 0 0 0 0 50.56404 25.45658 43.71018 46.19225 46.19225 46.19225 45.13243 44.78004 44.78004 44.78004 44.78004 44.78004 44.78004 44.78004 44.78004 43.81597 42.15847 33.26841 32.04086 28.2479 18.39894 20.70486 29.48568 30.1264 30.1264 30.1264 30.1264 30.1264 30.1264 29.70131 31.05781 33.9887 39.67139 51.02393 51.02393 51.02393 51.02393 51.02393 44.86744 39.87275 39.68359 39.68359 39.68359 39.24067 37.50063 38.48231
0 0 0 0 0 0 0 0 0 0 0 0 0 0 0 0 0 0 0 0 0 0 0 0 0 0 0 0 0 0 50.55164 25.32308 29.29443 34.81494 40.49318 46.18075 44.85463 44.78004 44.78004 44.78004 44.78004 44.78004 44.78004 44.78004 44.78004 44.78004 44.78004 34.39039 32.04086 28.33696 18.3968 18.54372 27.95267 30.1264 30.1264 30.1264 29.65453 28.13314 27.99917 27.42006 27.85398 33.88266 34.17974 48.62321 51.02393 51.02393 50.91078 46.0312 39.70042 39.68359 39.68359 39.68359 39.68359 39.68359 39.68359 39.68359
0 0 0 0 0 0 0 0 0 0 0 0 0 0 0 0 0 0 0 0 0 0 0 0 0 0 0 0 0 29.85209 25.32308 25.32308 25.32308 25.32308 29.87778 45.96604 44.78004 44.78004 44.78004 44.78004 44.78004 44.78004 44.78004 44.78004 44.78004 44.78004 44.78004 34.94424 30.87335 26.72078 18.3968 22.99449 30.1264 30.1264 30.1264 29.65519 27.77439 27.40861 27.40861 27.40861 27.75525 33.88663 33.9887 40.92189 51.02393 51.02393 45.64124 39.68359 39.68359 39.68359 39.68359 39.68359 39.68359 39.68359 39.68359 39.68359
0 0 0 0 0 0 0 0 0 0 0 0 0 0 0 0 0 0 0 0 0 0 0 0 0 0 0 0 0 25.35175 25.32308 25.32308 23.02163 0 0 0 43.05569 44.78004 44.78004 44.78004 44.78004 44.78004 44.78004 44.78004 44.78004 44.78004 44.78004 25.90791 18.3968 18.3968 18.3968 22.17672 30.1264 30.1264 29.54016 27.53566 27.40861 27.40861 27.40861 27.40861 27.40861 31.19161 33.9887 46.29179 45.00768 31.48245 30.61963 34.91149 39.50666 39.68359 39.68359 39.68359 39.68359 39.68359 39.68359 39.68359
0 0 0 0 0 0 0 0 0 0 0 0 0 0 0 0 0 0 0 0 0 0 0 0 0 0 0 0 27.39726 25.32308 25.32308 24.6096 0 0 0 0 0 44.7073 44.78004 43.22832 28.57389 33.72634 29.65253 31.42048 33.59774 35.92518 38.25265 24.44515 18.3968 18.3968 18.4465 22.58751 29.49402 28.4643 27.45462 27.40861 27.40861 27.40861 27.40861 27.40861 27.40861 32.60308 51.31696 62.60679 51.82273 27.05375 27.05375 27.05375 36.44479 39.68359 39.68359 39.68359 39.68359 39.68359 39.68359 28.54505
0 0 0 0 0 0 0 0 0 0 0 0 0 0 0 0 0 0 0 0 0 0 0 0 0 0 0 0 25.85695 25.81637 24.67272 0 0 0 0 0 0 42.90718 43.41396 26.08206 19.13446 19.13446 19.13446 19.13446 19.13446 19.13446 19.13446 18.74942 18.3968 18.3968 18.3968 21.56935 26.86763 27.40861 27.40861 27.40861 27.40861 27.40861 28.75105 36.65005 40.62029 61.72093 63.34592 62.77618 61.59826 28.77604 27.05375 27.05374 29.65437 38.66933 39.68359 39.68359 39.68359 39.68359 39.68359 25.41712
0 0 0 0 0 0 0 0 0 0 0 0 0 0 0 0 0 0 0 0 0 0 0 0 0 0 0 0 0 0 0 0 0 0 0 0 0 39.48612 43.41792 22.73866 19.13446 19.13446 19.13446 19.13446 19.13446 19.13446 19.13446 19.00475 18.48349 18.3968 18.3968 18.44598 24.31223 27.34531 27.40861 27.40861 27.40861 27.40861 46.69629 62.69309 63.99216 63.68958 44.3307 31.55842 38.01831 46.83358 27.20306 27.05375 27.50879 35.25992 39.68359 39.68359 39.68359 39.68359 39.68359 28.11977
0 0 0 0 0 0 0 0 0 0 0 0 0 0 0 0 0 0 0 0 0 0 0 0 0 0 0 0 0 0 0 0 0 0 0 0 0 33.36855 33.09525 27.31748 19.84366 19.13446 19.13446 19.13446 19.13446 19.13446 19.13446 19.13446 19.11537 18.82775 18.50564 18.53652 21.75139 26.75328 27.40861 27.40861 27.40861 27.40861 27.40861 38.1594 60.50025 33.92963 22.31413 22.31413 22.31413 23.1435 24.3616 26.70796 34.37024 39.68359 39.68359 36.96658 33.097 39.65033 39.68359 35.77097
0 0 0 0 0 0 0 0 0 0 0 0 0 0 0 0 0 0 0 0 0 0 0 0 0 0 0 0 0 0 0 0 0 0 0 0 0 27.4905 30.13735 30.12874 22.60201 21.25388 19.13446 19.13446 19.13446 19.13446 19.13446 19.13446 19.13446 19.13446 19.13446 19.13446 19.16265 21.4999 27.40861 27.40861 27.40861 27.40861 27.40861 27.40861 27.07348 22.31413 22.31413 22.31413 22.31413 22.31413 22.31413 28.79122 39.57701 38.01859 31.53645 25.89449 25.77566 35.83838 39.68359 39.68359
