Scenarios/Heterogeneous/data/country_data_population_distribution/processed/density_grids/mli.asc
ncols 414
nrows 360
xllcorner -12
yllcorner 10
cellsize 0.041666666666667
NODATA_value -9999
[rows 102 to 135 of 360, columns 304 to 379 of 414]
0.172934 0.172934 0.172934 0.1729341 0.172934 0.1729341 0.172934 0.172934 0.172934 0.1729341 0.172934 0.1729341 0.172934 0.172934 0.172934 0.1729341 0.172934 0.1729341 0.172934 0.1729341 0.172934 0.1729341 0.172934 0.172934 0.1729341 0.172934 0.172934 0.172934 0.1729341 0.172934 0.1729341 0.172934 0.1729341 0.172934 0.1729341 0.1730939 0.2136022 0 0.1917609 0.1961336 0 0 0 0 0 0 0 0 0 0 0 0 0 0 0 0 0 0 0 0 0 0 0 0 0 0 0 0 0 0 0 0 0 0 0 0
0.1729341 0.1729341 0.1729341 0.172934 0.1729341 0.172934 0.1729341 0.1729341 0.1729341 0.172934 0.1729341 0.172934 0.1729341 0.1729341 0.1729341 0.172934 0.1729341 0.1729341 0.1729341 0.172934 0.1729341 0.172934 0.1729341 0.1729341 0.172934 0.1729341 0.1729341 0.1729341 0.172934 0.1729341 0.172934 0.1729341 0.1729341 0.1729341 0.172934 0.1729341 0.1729341 0.1729341 0.1729341 0.1729341 0 0 0 0 0 0 0 0 0 0 0 0 0 0 0 0 0 0 0 0 0 0 0 0 0 0 0 0 0 0 0 0 0 0 0 0
0.1729341 0.1729341 0.1729341 0.1729341 0.1729341 0.1729341 0.1729341 0.1729341 0.1729341 0.1729341 0.1729341 0.1729341 0.1729341 0.1729341 0.1729341 0.1729341 0.1729341 0.1729341 0.1729341 0.1729341 0.1729341 0.1729341 0.1729341 0.1729341 0.1729341 0.1729341 0.1729341 0.1729341 0.1729341 0.1729341 0.1729341 0.1729341 0.1729341 0.1729341 0.1729341 0.1729341 0.1729341 0.1729341 0.1729341 0.1729341 0.1735772 0.1961101 0.2302768 0 0 0 0 0 0 0 0 0 0 0 0 0 0 0 0 0 0 0 0 0 0 0 0 0 0 0 0 0 0 0 0 0
0.1729341 0.1729341 0.1729341 0.1729341 0.1729341 0.1729341 0.1729341 0.1729341 0.1729341 0.1729341 0.1729341 0.1729341 0.1729341 0.1729341 0.1729341 0.1729341 0.1729341 0.1729341 0.1729341 0.1729341 0.172934 0.1729341 0.1729341 0.1729341 0.1729341 0.1729341 0.1729341 0.1729341 0.1729341 0.1729341 0.1729341 0.1729341 0.1729341 0.1729341 0.1729341 0.1729341 0.1729341 0.1729341 0.1729341 0.1729341 0.1729341 0.1729341 0.1729341 0.1729341 0.1789482 0.2363023 0 0 0 0 0 0 0 0 0 0 0 0 0 0 0 0 0 0 0 0 0 0 0 0 0 0 0 0 0 0
0.1729341 0.1729341 0.1729341 0.1729341 0.1729341 0.1729341 0.1729341 0.1729341 0.1729341 0.172934 0.1729341 0.172934 0.1729341 0.1729341 0.1729341 0.172934 0.1729341 0.172934 0.1729341 0.1729341 0.1729341 0.172934 0.1729341 0.1729341 0.172934 0.1729341 0.1729341 0.1729341 0.1729341 0.1729341 0.1729341 0.1729341 0.172934 0.1729341 0.172934 0.1729341 0.1729341 0.172934 0.172934 0.1729341 0.172934 0.1729341 0.1729341 0.1729341 0.1729341 0.1729341 0.1729341 0.2812977 0 0 0 0 0 0 0 0 0 0 0 0 0 0 0 0 0 0 0 0 0 0 0 0 0 0 0 0
0.1729341 0.1729341 0.1729341 0.1729341 0.1729341 0.1729341 0.1729341 0.1729341 0.1729341 0.1729341 0.1729341 0.1729341 0.1729341 0.1729341 0.1729341 0.1729341 0.1729341 0.1729341 0.1729341 0.1729341 0.172934 0.1729341 0.1729341 0.1729341 0.1729341 0.1729341 0.1729341 0.1729341 0.1729341 0.172934 0.1729341 0.1729341 0.1729341 0.172934 0.1729341 0.1729341 0.1729341 0.1729341 0.1729341 0.172934 0.1729341 0.1729341 0.1729341 0.1729341 0.1729341 0.1729341 0.1729341 0.2116824 0 0 0 0 0 0 0 0 0 0 0 0 0 0 0 0 0 0 0 0 0 0 0 0 0 0 0 0
0.1729341 0.1729341 0.1729341 0.1729341 0.1729341 0.1729341 0.172934 0.1729341 0.1729341 0.1729341 0.1729341 0.1729341 0.1729341 0.1729341 0.1729341 0.1729341 0.1729341 0.1729341 0.172934 0.1729341 0.1729341 0.1729341 0.1729341 0.1729341 0.1729341 0.1729341 0.1729341 0.1729341 0.1729341 0.1729341 0.1729341 0.1729341 0.1729341 0.1729341 0.1729341 0.1729341 0.1729341 0.1729341 0.1729341 0.1729341 0.1729341 0.1729341 0.1729341 0.1729341 0.1729341 0.1729341 0.1729341 0.1856734 0 0 0 0 0 0 0 0 0 0 0 0 0 0 0 0 0 0 0 0 0 0 0 0 0 0 0 0
0.1729341 0.1729341 0.1729341 0.1729341 0.1729341 0.1729341 0.1729341 0.1729341 0.1729341 0.1729341 0.1729341 0.1729341 0.1729341 0.1729341 0.1729341 0.1729341 0.1729341 0.1729341 0.1729341 0.1729341 0.1729341 0.1729341 0.1729341 0.1729341 0.1729341 0.1729341 0.1729341 0.1729341 0.1729341 0.1729341 0.1729341 0.1729341 0.1729341 0.1729341 0.1729341 0.1729341 0.1729341 0.1729341 0.1729341 0.1729341 0.1729341 0.1729341 0.1729341 0.1729341 0.1729341 0.1729341 0.1729341 0.1729981 0 0 0 0 0 0 0 0 0 0 0 0 0 0 0 0 0 0 0 0 0 0 0 0 0 0 0 0
0.1729341 0.1729341 0.1729341 0.1729341 0.1729341 0.172934 0.1729341 0.1729341 0.1729341 0.1729341 0.1729341 0.1729341 0.1729341 0.1729341 0.1729341 0.1729341 0.1729341 0.172934 0.1729341 0.1729341 0.1729341 0.1729341 0.1729341 0.1729341 0.1729341 0.1729341 0.1729341 0.1729341 0.172934 0.1729341 0.1729341 0.1729341 0.1729341 0.1729341 0.1729341 0.1729341 0.1729341 0.1729341 0.172934 0.1729341 0.172934 0.1729341 0.1729341 0.1729341 0.1729341 0.1729341 0.1729341 0.1729341 0.2716855 0 0 0 0 0 0 0 0 0 0 0 0 0 0 0 0 0 0 0 0 0 0 0 0 0 0 0
0.172934 0.1729341 0.172934 0.1729341 0.172934 0.1729341 0.172934 0.172934 0.1729341 0.1729341 0.172934 0.1729341 0.172934 0.1729341 0.172934 0.1729341 0.172934 0.1729341 0.1729341 0.1729341 0.172934 0.1729341 0.172934 0.172934 0.1729341 0.172934 0.1729341 0.172934 0.1729341 0.172934 0.1729341 0.172934 0.1729341 0.1729341 0.1729341 0.172934 0.1729341 0.172934 0.1729341 0.1729341 0.1729341 0.172934 0.1729341 0.172934 0.1729341 0.172934 0.1729341 0.172934 0.2461019 0.7236004 0 0 0 0 0 0 0 0 0 0 0 0 0 0 0 0 0 0 0 0 0 0 0 0 0 0
0.1729341 0.1729341 0.1729341 0.1729341 0.1729341 0.1729341 0.1729341 0.1729341 0.1729341 0.1729341 0.1729341 0.1729341 0.1729341 0.1729341 0.1729341 0.1729341 0.1729341 0.1729341 0.1729341 0.1729341 0.1729341 0.1729341 0.1729341 0.1729341 0.1729341 0.1729341 0.1729341 0.1729341 0.1729341 0.1729341 0.1729341 0.1729341 0.1729341 0.1729341 0.1729341 0.1729341 0.1729341 0.1729341 0.1729341 0.1729341 0.1729341 0.1729341 0.1729341 0.1729341 0.1729341 0.1729341 0.1729341 0.1729341 0.5775 0.8435159 0.7868475 0 0 0 0 0 0 0 0 0 0 0 0 0 0 0 0 0 0 0 0 0 0 0 0 0
0.1729341 0.1729341 0.1729341 0.1729341 0.172934 0.1729341 0.1729341 0.1729341 0.1729341 0.1729341 0.1729341 0.1729341 0.1729341 0.1729341 0.172934 0.1729341 0.172934 0.1729341 0.1729341 0.1729341 0.1729341 0.1729341 0.1729341 0.1729341 0.1729341 0.1729341 0.1729341 0.1729341 0.1729341 0.172934 0.1729341 0.1729341 0.1729341 0.1729341 0.1729341 0.172934 0.1729341 0.172934 0.1729341 0.1729341 0.1729341 0.172934 0.1729341 0.172934 0.1729341 0.1729341 0.1729341 0.2720744 0.8323166 0.8435158 0.8435159 0.8435158 0.8435158 0 0 0 0 0 0 0 0.8131567 0.6874602 0 0 0 0 0 0 0 0 0 0 0 0 0 0
0.172934 0.172934 0.172934 0.172934 0.172934 0.172934 0.172934 0.172934 0.172934 0.172934 0.172934 0.172934 0.172934 0.172934 0.172934 0.172934 0.172934 0.172934 0.172934 0.172934 0.1729341 0.172934 0.172934 0.172934 0.172934 0.172934 0.172934 0.172934 0.172934 0.172934 0.1729341 0.1729341 0.172934 0.1729341 0.172934 0.172934 0.1729341 0.172934 0.1729341 0.1729341 0.1729341 0.172934 0.172934 0.172934 0.172934 0.172934 0.172934 0.6148317 0.8435158 0.8435158 0.8435158 0.8435158 0.8435158 0.8249023 0.7842827 0.8409192 0.8117635 0.6486767 0 0.8065139 0.8435159 0.8435158 0.8099307 0 0 0 0 0 0 0 0 0 0 0 0 0
0.1729341 0.1729341 0.1729341 0.172934 0.1729341 0.172934 0.1729341 0.1729341 0.1729341 0.172934 0.1729341 0.1729341 0.1729341 0.1729341 0.1729341 0.1729341 0.1729341 0.1729341 0.1729341 0.1729341 0.1729341 0.1729341 0.1729341 0.1729341 0.1729341 0.1729341 0.1729341 0.1729341 0.172934 0.1729341 0.1729341 0.1729341 0.1729341 0.1729341 0.172934 0.1729341 0.1729341 0.1729341 0.1729341 0.1729341 0.1729341 0.1729341 0.1729341 0.1729341 0.172934 0.1729341 0.3019838 0.8397385 0.8435159 0.8435159 0.8435159 0.8435159 0.8435159 0.8435159 0.8435159 0.8435159 0.8435159 0.8435159 0.8435159 0.8435159 0.8435159 0.8435159 0.8435159 0.8055965 0 0 0 0 0 0 0 0 0 0 0 0
0.1723964 0.1729341 0.1729341 0.1729341 0.1729341 0.1729341 0.1729341 0.1729341 0.1729341 0.1729341 0.1729341 0.1729341 0.1729341 0.1729341 0.1729341 0.1729341 0.1729341 0.1729341 0.1729341 0.1729341 0.1729341 0.1729341 0.1729341 0.1729341 0.1729341 0.1729341 0.1729341 0.1729341 0.1729341 0.1729341 0.1729341 0.1729341 0.1729341 0.1729341 0.1729341 0.1729341 0.1729341 0.1729341 0.1729341 0.1729341 0.1729341 0.1729341 0.1729341 0.1729341 0.1729341 0.1729341 0.6521633 0.8435159 0.8435158 0.8435159 0.8435158 0.8435159 0.8435159 0.8435159 0.8435158 0.8435159 0.8435158 0.8435159 0.8435159 0.8435159 0.8435158 0.8435159 0.8435158 0.8435159 0.7068301 0 0 0 0 0 0 0 0 0 0 0
0.1436843 0.1566722 0.1694337 0.1729341 0.1729341 0.1729341 0.1729341 0.1729341 0.1729341 0.1729341 0.1729341 0.1729341 0.1729341 0.1729341 0.1729341 0.1729341 0.1729341 0.1729341 0.1729341 0.1729341 0.1729341 0.1729341 0.1729341 0.1729341 0.1729341 0.1729341 0.1729341 0.1729341 0.1729341 0.1729341 0.1729341 0.1729341 0.1729341 0.1729341 0.1729341 0.1729341 0.1729341 0.1729341 0.1729341 0.1729341 0.1729341 0.1729341 0.1729341 0.1729341 0.1729341 0.3358304 0.8432237 0.8435159 0.8435159 0.8435159 0.8435159 0.8435159 0.8435159 0.8435159 0.8435159 0.8435159 0.8435159 0.8435159 0.8435159 0.8435159 0.8435159 0.8435159 0.8435159 0.8435159 0.8435159 0 0 0 0 0 0 0 0 0 0 0
0.1394524 0.1394524 0.1399475 0.1497027 0.1629587 0.1725116 0.1729341 0.1729341 0.1729341 0.1729341 0.1729341 0.1729341 0.1729341 0.1729341 0.1729341 0.1729341 0.1729341 0.1729341 0.1729341 0.1729341 0.1729341 0.1729341 0.1729341 0.1729341 0.1729341 0.1729341 0.1729341 0.1729341 0.1729341 0.1729341 0.1729341 0.1729341 0.1729341 0.1729341 0.1729341 0.1729341 0.1729341 0.1729341 0.1729341 0.1729341 0.1729341 0.1729341 0.1729341 0.1729341 0.1736781 0.6887507 0.8435159 0.8435159 0.8435159 0.8435159 0.8435159 0.8435159 0.8435159 0.8435159 0.8435159 0.8435159 0.8435159 0.8435159 0.8435159 0.8435159 0.8435159 0.8435159 0.8435159 0.8435159 0.8435159 0.708635 0 0 0 0 0 0 0 0 0 0
0.1394524 0.1394524 0.1394524 0.1394524 0.1394524 0.1431559 0.1559889 0.1689195 0.1729341 0.1729341 0.1729341 0.1729341 0.1729341 0.1729341 0.1729341 0.1729341 0.1729341 0.1729341 0.1729341 0.1729341 0.1729341 0.1729341 0.1729341 0.1729341 0.1729341 0.1729341 0.1729341 0.1729341 0.1729341 0.1729341 0.1729341 0.1729341 0.1729341 0.1729341 0.1729341 0.1729341 0.1729341 0.1729341 0.1729341 0.1729341 0.1729341 0.1729341 0.1729341 0.1729341 0.3728697 0.8435159 0.8435159 0.8435159 0.8435159 0.8435159 0.8435159 0.8435159 0.8435159 0.8435159 0.8435159 0.8435159 0.8435159 0.8435159 0.8435159 0.8435159 0.8435159 0.8435159 0.8435159 0.8435159 0.8435159 0.7734568 0.5635445 0.5536034 0.3948752 0 0 0 0 0 0 0
0.1394524 0.1394524 0.1394524 0.1394524 0.1394524 0.1394524 0.1394524 0.1397783 0.1490194 0.1622754 0.1723214 0.172934 0.172934 0.172934 0.1729341 0.1729341 0.172934 0.172934 0.172934 0.1729341 0.1729341 0.172934 0.172934 0.172934 0.1729341 0.172934 0.172934 0.172934 0.172934 0.172934 0.172934 0.172934 0.172934 0.1729341 0.172934 0.172934 0.1729341 0.172934 0.172934 0.1729341 0.1729341 0.1729341 0.1729341 0.1780678 0.7216927 0.8435159 0.8435159 0.8435159 0.8435159 0.8435159 0.8435159 0.8435159 0.8435159 0.8435159 0.8435159 0.8435159 0.8435159 0.8435159 0.8435159 0.8435159 0.8435159 0.8435159 0.8435159 0.8435159 0.8435159 0.7297431 0.5635445 0.5635445 0.5635445 0.5635445 0.5635445 0.5635445 0.5635445 0.5532605 0.4316287 0
0.1394524 0.1394524 0.1394524 0.1394524 0.1394524 0.1394524 0.1394524 0.1394524 0.1394524 0.1394524 0.1426628 0.1553055 0.1683701 0.1729341 0.1729341 0.1729341 0.1729341 0.1729341 0.1729341 0.1729341 0.1729341 0.1729341 0.1729341 0.1729341 0.1729341 0.1729341 0.1729341 0.1729341 0.1729341 0.1729341 0.1729341 0.1729341 0.1729341 0.1729341 0.1729341 0.1729341 0.1729341 0.1729341 0.1729341 0.1729341 0.1729341 0.1729341 0.1729341 0.4102014 0.8435159 0.8435159 0.8435159 0.8221184 0.7216425 0.706323 0.7211427 0.8299394 0.8435159 0.8435159 0.8435159 0.8435159 0.8435159 0.8435159 0.8435159 0.8435159 0.8435159 0.8435159 0.8435159 0.8435159 0.8435159 0.6860296 0.5635445 0.5635445 0.5635445 0.5635445 0.5635445 0.5635445 0.5635445 0.5635445 0.5635445 0.5635445
0.1394524 0.1394524 0.1394524 0.1394524 0.1394524 0.1394524 0.1394524 0.1394524 0.1394524 0.1394524 0.1394524 0.1394524 0.1396444 0.1483361 0.161592 0.1720961 0.172934 0.172934 0.1729341 0.1729341 0.1729341 0.1729341 0.1729341 0.1729341 0.1729341 0.1729341 0.172934 0.1729341 0.1729341 0.1729341 0.1729341 0.1729341 0.1729341 0.1729341 0.1729341 0.1729341 0.1729341 0.1729341 0.172934 0.1729341 0.1729341 0.1729341 0.1863951 0.750697 0.8435159 0.8435159 0.8219084 0.6840077 0.6724013 0.6724012 0.6724012 0.7017751 0.8277035 0.8435159 0.8435159 0.8435159 0.8435158 0.8435159 0.8435159 0.8435159 0.8435159 0.8435159 0.8435159 0.8435159 0.8435159 0.6423158 0.5635445 0.5635445 0.5635445 0.5635445 0.5635445 0.5635445 0.5635445 0.5635445 0.5635445 0.5635445
0.1394524 0.1394524 0.1394524 0.1394524 0.1394524 0.1394524 0.1394524 0.1394524 0.1394524 0.1394524 0.1394524 0.1394524 0.1394524 0.1394524 0.1394524 0.1422049 0.1546222 0.1677854 0.1729341 0.1729341 0.1729341 0.1729341 0.1729341 0.1729341 0.1729341 0.1729341 0.1729341 0.1729341 0.1729341 0.1729341 0.1729341 0.1729341 0.1729341 0.1729341 0.1729341 0.1729341 0.1729341 0.1729341 0.1729341 0.1729341 0.1729341 0.1729341 0.4475329 0.8435159 0.8435159 0.8435159 0.7443148 0.6724012 0.6724012 0.6724012 0.6724012 0.6724012 0.7043837 0.834955 0.8435159 0.8435159 0.8435159 0.8435159 0.8435159 0.8435159 0.8435159 0.8435159 0.8435159 0.8435159 0.8435159 0.5986022 0.5635445 0.5635445 0.5635445 0.5635445 0.5635445 0.5635445 0.5635445 0.5635445 0.5635445 0.5635445
0.1394524 0.1394524 0.1394524 0.1394524 0.1394524 0.1394524 0.1394524 0.1394524 0.1394524 0.1394524 0.1394524 0.1394524 0.1394524 0.1394524 0.1394524 0.1394524 0.1394524 0.1395457 0.1476529 0.1609087 0.1718355 0.1729341 0.172934 0.1729341 0.1729341 0.172934 0.1729341 0.172934 0.1729341 0.1803095 0.3068894 0.4751513 0.5590016 0.3669175 0.1729341 0.1729341 0.1729341 0.172934 0.1729341 0.172934 0.1729341 0.1986601 0.7757636 0.8256643 0.7663716 0.7085843 0.6730135 0.6724012 0.6724012 0.6724012 0.6724012 0.6724012 0.6724012 0.7220236 0.8411541 0.843516 0.8435159 0.8435159 0.843516 0.843516 0.8435159 0.843516 0.8435159 0.843516 0.8328667 0.5655379 0.5635445 0.5635445 0.5635445 0.5635445 0.5635445 0.5635445 0.5635445 0.5635445 0.5635445 0.5635445
0.1394524 0.1394524 0.1394524 0.1394524 0.1394524 0.1394524 0.1394524 0.1394524 0.1394524 0.1394524 0.1394524 0.1394524 0.1394524 0.1394524 0.1394524 0.1394524 0.1394524 0.1394524 0.1394524 0.1394524 0.1417821 0.1539389 0.1671655 0.172934 0.172934 0.2512139 0.4193732 0.5876287 0.7558749 0.916738 0.9584184 0.9584184 0.9584184 0.9331752 0.7651184 0.7217209 0.6783227 0.6349239 0.5915244 0.5481244 0.5047236 0.5584977 0.7172551 0.6740877 0.6724012 0.6724012 0.6724012 0.6724012 0.6724012 0.6724012 0.6724012 0.6724012 0.6724012 0.6724012 0.7516911 0.8435158 0.8435158 0.8435158 0.8435158 0.8435158 0.8435158 0.8435158 0.8435158 0.8435158 0.7911462 0.5635445 0.5635445 0.5635445 0.5635445 0.5635445 0.5635445 0.5635445 0.5635445 0.5635445 0.5635445 0.5635445
0.1394524 0.1394524 0.1394524 0.1394524 0.1394524 0.1394524 0.1394524 0.1394524 0.1394524 0.1394524 0.1394524 0.1394524 0.1394524 0.1394524 0.1394524 0.1394524 0.1394524 0.1394524 0.1394524 0.1394524 0.1394524 0.1394524 0.153856 0.5866932 0.8683419 0.9583129 0.9584185 0.9584185 0.9584185 0.9584185 0.9584185 0.9584185 0.9584185 0.9584185 0.9584185 0.9584185 0.9584185 0.9584185 0.9584185 0.9584185 0.9584185 0.8117289 0.6724012 0.6724012 0.6724012 0.6724012 0.6724012 0.6724012 0.6724012 0.6724012 0.6724012 0.6724012 0.6724012 0.6724012 0.6791059 0.8309229 0.8435158 0.8435159 0.8435159 0.8435159 0.8435158 0.8435159 0.8435158 0.8435159 0.7474327 0.5635445 0.5635445 0.5635445 0.5635445 0.5635445 0.5635445 0.5635445 0.5635445 0.5635445 0.5635445 0.5635445
0.1394524 0.1394524 0.1394524 0.1394524 0.1394524 0.1394524 0.1394524 0.1394524 0.1394524 0.1394524 0.1394524 0.1394524 0.1394524 0.1394524 0.1394524 0.1394524 0.1394524 0.1394524 0.1394524 0.1394524 0.1394524 0.2068018 0.7523078 0.9584185 0.9584185 0.9584185 0.9584185 0.9584185 0.9584185 0.9584185 0.9584185 0.9584185 0.9584185 0.9584185 0.9584185 0.9584185 0.9584185 0.9584185 0.9584185 0.9584185 0.9584185 0.8187794 0.6724012 0.6724012 0.6724012 0.6724012 0.6724012 0.6724012 0.6724012 0.6724012 0.6724012 0.6724012 0.6724012 0.6724012 0.6724012 0.7622778 0.8435158 0.8435159 0.8435159 0.8435159 0.8435159 0.8435159 0.8435159 0.8435159 0.703719 0.5635445 0.5635445 0.5635445 0.5635445 0.5635445 0.5635445 0.5635445 0.5635445 0.5635445 0.5635445 0.5635445
0.1394524 0.1394524 0.1394524 0.1394524 0.1394524 0.1394524 0.1394524 0.1394524 0.1394524 0.1394524 0.1394524 0.1394524 0.1394524 0.1394524 0.1394524 0.1394524 0.1394524 0.1394524 0.1394524 0.1394524 0.298767 0.8595864 0.9584185 0.9584184 0.9584185 0.9584185 0.9584185 0.9584185 0.9584185 0.9584185 0.9584185 0.9584184 0.9584185 0.9584184 0.9584185 0.9584185 0.9584184 0.9584184 0.9584185 0.9584184 0.9584185 0.82583 0.6724012 0.6724012 0.6724012 0.6724012 0.6724012 0.6724012 0.6724012 0.6724012 0.6724012 0.6724012 0.6724012 0.6724012 0.6724012 0.6836934 0.8185273 0.8435158 0.8435159 0.8435158 0.8435159 0.8435159 0.8435159 0.8435158 0.6600054 0.5635445 0.5635445 0.5635445 0.5635445 0.5635445 0.5635445 0.5635445 0.5635445 0.5635445 0.5635445 0.5635445
0.1394524 0.1394524 0.1394524 0.1394524 0.1394524 0.1394524 0.1394524 0.1394524 0.1394524 0.1394524 0.1394524 0.1394524 0.1394524 0.1394524 0.1394524 0.1394524 0.1394524 0.1394524 0.1394524 0.4297197 0.9278777 0.9584185 0.9584184 0.9584184 0.9584185 0.9584184 0.9584184 0.9584184 0.9584185 0.9584184 0.9584185 0.9584184 0.9584185 0.9584184 0.9584185 0.9584184 0.9584185 0.9584184 0.9584185 0.9584184 0.9584185 0.8328806 0.6724012 0.6724012 0.6724012 0.6724012 0.6724012 0.6724012 0.6724012 0.6724012 0.6724012 0.6724012 0.6724012 0.6724012 0.6724012 0.6724012 0.6993231 0.7989219 0.8410596 0.8435158 0.8435159 0.8435159 0.8435159 0.8435158 0.6162917 0.5635445 0.5635445 0.5635445 0.5635445 0.5635445 0.5635445 0.5635445 0.5635445 0.5635445 0.5635445 0.5635445
0.1394524 0.1394524 0.1394524 0.1394524 0.1394524 0.1394524 0.1394524 0.1394524 0.1394524 0.1394524 0.1394524 0.1394524 0.1394524 0.1394524 0.1394524 0.1394524 0.1394524 0.1503685 0.5887421 0.9571834 0.9584184 0.9584185 0.9584184 0.9584184 0.9584184 0.9584184 0.9584184 0.9584184 0.9584185 0.9584184 0.9584185 0.9584184 0.9584185 0.9584184 0.9584184 0.9584184 0.9584184 0.9584184 0.9584184 0.9584184 0.9584184 0.8399312 0.6724012 0.6724012 0.6724012 0.6724012 0.6724012 0.6724012 0.6724013 0.6724012 0.6724012 0.6724012 0.6724012 0.6724012 0.6724012 0.6724012 0.6724012 0.6724012 0.6862729 0.7398203 0.7893832 0.7736205 0.7408527 0.7080864 0.5721195 0.5635445 0.5635445 0.5635445 0.5635445 0.5635445 0.5635445 0.5635445 0.5635445 0.5635445 0.5635445 0.5635445
0.1394524 0.1394524 0.1394524 0.1394524 0.1394524 0.1394524 0.1394524 0.1394524 0.1394524 0.1394524 0.1394524 0.1394524 0.1394524 0.1394524 0.1394524 0.1394524 0.1990408 0.7380784 0.9584185 0.9584185 0.9584184 0.9584184 0.9584185 0.9584185 0.9584185 0.9584185 0.9584185 0.9584185 0.9584185 0.9584185 0.9584184 0.9584185 0.9584185 0.9584185 0.9584185 0.9584185 0.9584184 0.9584185 0.9584184 0.9584185 0.9584185 0.8469818 0.6724012 0.6724012 0.6724012 0.6724012 0.6724012 0.6724012 0.6724012 0.6724012 0.6724012 0.6724012 0.6724012 0.6724012 0.6724012 0.6724012 0.6724012 0.6724012 0.6724012 0.6724012 0.6724012 0.6724012 0.6724012 0.6697884 0.5638083 0.5635445 0.5635445 0.5635445 0.5635445 0.5635445 0.5635445 0.5635445 0.5635445 0.5635445 0.5635445 0.5635445
0.1394524 0.1394524 0.1394524 0.1394524 0.1394524 0.1394524 0.1394524 0.1394524 0.1394524 0.1394524 0.1394524 0.1394524 0.1394524 0.1394524 0.1394524 0.172977 0.8429484 0.9584184 0.9584184 0.9584184 0.9584185 0.9584184 0.9584184 0.9584184 0.9584184 0.9584184 0.9584184 0.9584184 0.9584184 0.9584184 0.9584184 0.9584185 0.9584184 0.9584185 0.9584184 0.9584184 0.9584184 0.9584185 0.9584184 0.9584185 0.9584184 0.8540324 0.6724012 0.6724012 0.6724012 0.6724012 0.6724012 0.6724012 0.6724012 0.6724012 0.6724012 0.6724012 0.6724012 0.6724012 0.6724012 0.6724012 0.6724012 0.6724012 0.6724012 0.6724012 0.6724012 0.6724012 0.6724012 0.6609781 0.5635445 0.5635445 0.5635445 0.5635445 0.5635445 0.5635445 0.5635445 0.5635445 0.5635445 0.5635445 0.5635445 0.5635445
0.1394524 0.1394524 0.1394524 0.1394524 0.1394524 0.1394524 0.1394524 0.1394524 0.1394524 0.1394524 0.1394524 0.1394524 0.1394524 0.1394524 0.1394524 0.5161366 0.9584185 0.9584185 0.9584185 0.9584185 0.9584185 0.9584185 0.9584185 0.9584185 0.9584185 0.9584185 0.9584185 0.9584185 0.9584185 0.9584185 0.9584185 0.9584185 0.9584185 0.9584185 0.9584185 0.9584185 0.9584185 0.9584185 0.9584185 0.9584185 0.9584185 0.861083 0.6724012 0.6724012 0.6724012 0.6724012 0.6724012 0.6724012 0.6724012 0.6724012 0.6724012 0.6724012 0.6724012 0.6724012 0.6724012 0.6724012 0.6724012 0.6724012 0.6724012 0.6724012 0.6724012 0.6724012 0.6724012 0.6519041 0.5635445 0.5635445 0.5635445 0.5635445 0.5635445 0.5635445 0.5635445 0.5635445 0.5635445 0.5635445 0.5635445 0.5635445
0.1394524 0.1394524 0.1394524 0.1394524 0.1394524 0.1394524 0.1394524 0.1394524 0.1394524 0.1394524 0.1394524 0.1394524 0.1394524 0.1394524 0.180486 0.8934911 0.9584184 0.9584184 0.9584185 0.9584184 0.9584185 0.9584184 0.9584185 0.9584184 0.9584184 0.9584184 0.9584184 0.9584184 0.9584184 0.9584184 0.9584184 0.9584184 0.9584184 0.9584185 0.9584184 0.9584185 0.9584184 0.9584184 0.9584184 0.9584185 0.9584184 1.162042 0.6724012 0.6724012 0.6724012 0.6724012 0.6724012 0.6724012 0.6724012 0.6724012 0.6724012 0.6724012 0.6724012 0.6724012 0.6724012 0.6724012 0.6724012 0.6724012 0.6724012 0.6724012 0.6724012 0.6724012 0.6724012 0.64283 0.5635445 0.5635445 0.5635445 0.5635445 0.5635445 0.5635445 0.5635445 0.5635445 0.5635445 0.5635445 0.5635445 0.5635445
0.1394524 0.1394524 0.1394524 0.1394524 0.1394524 0.1394524 0.1394524 0.1394524 0.1394524 0.1394524 0.1394524 0.1394524 0.1394524 0.1394524 0.5339466 0.9584184 0.9584184 0.9584184 0.9584184 0.9584184 0.9584185 0.9584184 0.9584184 0.9584184 0.9584184 0.9584184 0.9584184 0.9584184 0.9584184 0.9584184 0.9584184 0.9584184 0.9584184 0.9584185 0.9584184 0.9584184 0.9584184 0.9584184 0.9584184 0.9584185 2.033387 4.313896 0.7427021 0.6724012 0.6724012 0.6724012 0.6724012 0.6724012 0.6724012 0.6724012 0.6724012 0.6724012 0.6724012 0.6724012 0.6724012 0.6724012 0.6724012 0.6724012 0.6724012 0.6724012 0.6724012 0.6724012 0.6724012 0.633756 0.5635445 0.5635445 0.5635445 0.5635445 0.5635445 0.5635445 0.5635445 0.5635445 0.5635445 0.5635445 0.5635445 0.5635445
