Scenarios/Heterogeneous/data/country_data_population_distribution/processed/density_grids/mng.asc
ncols 790
nrows 268
xllcorner 87
yllcorner 41
cellsize 0.041666666666667
NODATA_value -9999
[rows 87 to 115 of 268, columns 198 to 263 of 790]
0.4907528 0.4907528 0.4907528 0.4907528 0.4907528 0.4891046 0.4867046 0.4867046 0.4867046 0.4867046 0.4867046 0.4867046 0.4867046 0.4867046 0.4867046 0.4867046 0.4867046 0.4867046 0.4867046 0.4867046 0.4867046 0.4867046 0.4844893 0.4417197 0.4083089 0.3970399 0.3864565 0.446549 0.4538993 0.4538993 0.4538993 0.4538993 0.4538993 0.4538993 0.4279048 0.3057879 0.2385071 0.2385071 0.2385071 0.2385071 0.2385071 0.2385071 0.260599 0.4140947 0.4682368 0.4773718 0.4853379 0.4856105 0.4856105 0.4856105 0.4856105 0.4856105 0.4856105 0.4856105 0.4856105 0.4856105 0.4856105 0.4856105 0.4856105 0.4856105 0.4856105 0.4856105 0.5040351 1.08561 1.096569 1.096569
0.4907529 0.4907529 0.4907529 0.4907529 0.4904864 0.487094 0.4867046 0.4867046 0.4867046 0.4867046 0.4867046 0.4867046 0.4867046 0.4867046 0.4867046 0.4867046 0.4867046 0.4867046 0.4867046 0.4867046 0.4196137 0.2755689 0.191305 0.1731452 0.1731452 0.1731452 0.1731452 0.2665832 0.4521445 0.4538993 0.4538993 0.4538993 0.4538993 0.4538993 0.287306 0.2385072 0.2385072 0.2385072 0.2385072 0.2385072 0.2385071 0.2385072 0.2385859 0.4129199 0.4477987 0.4761929 0.485608 0.4856105 0.4856105 0.4856105 0.4856105 0.4856105 0.4856105 0.4856105 0.4856105 0.4856105 0.4856105 0.4856105 0.4856105 0.4856105 0.4856105 0.4856105 0.5681363 1.096569 1.096569 1.096569
0.4907529 0.4907528 0.4907529 0.4897734 0.4872603 0.4867046 0.4867046 0.4867046 0.4867046 0.4867046 0.4867046 0.4867046 0.4867046 0.4867046 0.4867046 0.4811687 0.4246989 0.4010619 0.3639504 0.2827751 0.1755129 0.1731452 0.1731452 0.1731452 0.1731452 0.1731452 0.1731452 0.1731452 0.2965896 0.4233568 0.4538993 0.4538993 0.4538993 0.4301979 0.2454148 0.2385071 0.2385071 0.2385071 0.2385071 0.2385071 0.2385071 0.2385071 0.2385071 0.2727242 0.4358304 0.4358304 0.4442328 0.4613162 0.4737429 0.4804193 0.4781016 0.4737829 0.4719981 0.4703858 0.4668623 0.4573882 0.4445048 0.4445922 0.4792762 0.4856105 0.4856105 0.4856105 0.4903995 1.059686 1.096569 1.096569
0.4907528 0.4907528 0.4891752 0.4867458 0.4867046 0.4867046 0.4867046 0.4867046 0.4867046 0.4867046 0.4867046 0.4867046 0.4867046 0.4256669 0.292301 0.2034796 0.1731452 0.1731452 0.1731452 0.1731452 0.1731452 0.1731452 0.1731452 0.1731452 0.1731452 0.1731452 0.1731452 0.1731452 0.2188053 0.2410744 0.2897476 0.3150171 0.3060145 0.2521936 0.2385071 0.2385071 0.2385071 0.2385071 0.2385071 0.2385071 0.2385071 0.2385071 0.2385071 0.2406492 0.4025171 0.4358304 0.4358304 0.4358304 0.4358304 0.4358304 0.4358304 0.4358304 0.4358304 0.4358304 0.4358304 0.4358304 0.4358304 0.4358304 0.4635359 0.4856105 0.4856105 0.4856105 0.5376511 1.051084 1.096569 1.096569
0.3746018 0.3744707 0.3774454 0.4067454 0.4791544 0.4867046 0.4867046 0.4867046 0.4835491 0.4047484 0.3602542 0.3232389 0.235793 0.1732636 0.1731452 0.1731452 0.1731452 0.1731452 0.1731452 0.1731452 0.1731452 0.1731452 0.1731452 0.1731452 0.1731452 0.1731452 0.1731452 0.1731452 0.2198362 0.2385071 0.2385071 0.2385071 0.2385071 0.2385071 0.2385072 0.2385071 0.2385071 0.2385071 0.2385071 0.2385071 0.2385072 0.2385071 0.2385071 0.2385071 0.3150912 0.4358304 0.4358304 0.4358304 0.4358304 0.4358304 0.4358304 0.4358304 0.4358304 0.4358304 0.4358304 0.4358304 0.4358304 0.4358304 0.4381222 0.4790302 0.5141785 0.9000141 1.086569 1.096569 1.096569 1.096569
0.2122824 0.2122824 0.2122824 0.2122824 0.2291217 0.2731263 0.310555 0.303213 0.2116692 0.1731452 0.1731452 0.1731452 0.1731452 0.1731452 0.1731452 0.1731452 0.1731452 0.1731452 0.1731452 0.1731452 0.1731452 0.1731452 0.1731452 0.1731452 0.1731452 0.1731452 0.1731452 0.1731452 0.2203875 0.2385072 0.2385071 0.2385072 0.2385071 0.2385071 0.2385072 0.2385072 0.2385071 0.2385072 0.2385071 0.2385071 0.2385072 0.2385072 0.2385071 0.2385072 0.2962438 0.4358304 0.4358304 0.4358304 0.4358304 0.4358304 0.4358304 0.4358304 0.4358304 0.4358304 0.4358304 0.4358304 0.4358304 0.4358304 0.4358304 0.4380995 0.5517686 1.058452 1.096569 1.096569 1.096569 1.096569
0.2122824 0.2122824 0.2122824 0.2122824 0.2122824 0.2122824 0.21026 0.1745279 0.1731452 0.1731452 0.1731452 0.1731452 0.1731452 0.1731452 0.1731452 0.1731452 0.1731452 0.1731452 0.1731452 0.1731452 0.1731452 0.1731452 0.1731452 0.1731452 0.1731452 0.1731452 0.1731452 0.1731452 0.2155804 0.2385071 0.2385071 0.2385071 0.2385071 0.2385071 0.2385071 0.2385071 0.2385071 0.2385071 0.2385071 0.2385071 0.2385071 0.2385072 0.2385071 0.2385071 0.2982759 0.4358304 0.4358304 0.4358304 0.4358304 0.4358304 0.4358304 0.4358304 0.4358304 0.4358304 0.4358304 0.4358304 0.4358304 0.4358304 0.4358304 0.4358304 0.4358304 0.5522271 0.9843229 1.096569 1.096569 1.096569
0.2122824 0.2122824 0.2122824 0.2122824 0.209133 0.2002078 0.180327 0.1731452 0.1731452 0.1731452 0.1731452 0.1731452 0.1731452 0.1731452 0.1731452 0.1731452 0.1731452 0.1731452 0.1731452 0.1731452 0.1731452 0.1731452 0.1731452 0.1731452 0.1731452 0.1731452 0.1731452 0.1731452 0.1889342 0.2381039 0.2385071 0.2385071 0.2385071 0.2385071 0.2385071 0.2385072 0.2385071 0.2385071 0.2385071 0.2385071 0.2385071 0.2385071 0.2385071 0.2385071 0.3109211 0.4358304 0.4358304 0.4358304 0.4358304 0.4358304 0.4358304 0.4358304 0.4358304 0.4358304 0.4358304 0.4358304 0.4358304 0.4358304 0.4358304 0.4358304 0.4358304 0.4358304 0.4533885 0.7578045 1.057005 1.096569
0.2122824 0.2122824 0.2122722 0.1906191 0.1734698 0.1731452 0.1731452 0.1731452 0.1731452 0.1731452 0.1731452 0.1731452 0.1731452 0.1731452 0.1731452 0.1731452 0.1731452 0.1731452 0.1731452 0.1731452 0.1731452 0.1731452 0.1731452 0.1731452 0.1731452 0.1731452 0.1731452 0.1731452 0.1733751 0.2321969 0.2385071 0.2385071 0.2385071 0.2385072 0.2385072 0.2385071 0.2385071 0.2385071 0.2385071 0.2385071 0.2385072 0.2385071 0.2385071 0.2385072 0.3233096 0.4358304 0.4358304 0.4358304 0.4358304 0.4358304 0.4358304 0.4358304 0.4358304 0.4358304 0.4358304 0.4358304 0.4358304 0.4358304 0.4358304 0.4358304 0.4358304 0.4358304 0.4358304 0.4358304 0.5231027 1.063254
0.2122824 0.2122824 0.1952337 0.1731452 0.1731452 0.1731452 0.1731452 0.1731452 0.1731452 0.1731452 0.1731452 0.1731452 0.1731452 0.1731452 0.1731452 0.1731452 0.1731452 0.1731452 0.1731452 0.1731452 0.1731452 0.1731452 0.1731452 0.1731452 0.1731452 0.1731452 0.17564 0.1894584 0.2189782 0.2385071 0.2385071 0.2385071 0.2385071 0.2385071 0.2385071 0.2385071 0.2385071 0.2385071 0.2385071 0.2385071 0.2385071 0.2385071 0.2385071 0.238693 0.3625331 0.4358304 0.4358304 0.4358304 0.4358304 0.4358304 0.4358304 0.4358304 0.4358304 0.4358304 0.4358304 0.4358304 0.4358304 0.4358304 0.4358304 0.4358304 0.4358304 0.4358304 0.4358304 0.4358304 0.4358304 0.5959566
0.2102999 0.1922756 0.1735461 0.1731452 0.1731452 0.1731452 0.1731452 0.1731452 0.1731452 0.1731452 0.1731452 0.1731452 0.1731452 0.1731452 0.1731452 0.1731452 0.1731452 0.1731452 0.1731452 0.1731452 0.1731452 0.1731452 0.1731452 0.1731452 0.1879571 0.2126826 0.234125 0.2385071 0.2385071 0.2385071 0.2385071 0.2385071 0.2385071 0.2385071 0.2385071 0.2385071 0.2385071 0.2385071 0.2385071 0.2385071 0.2385071 0.2385071 0.2385071 0.3233071 0.4358304 0.4358304 0.4358304 0.4358304 0.4358304 0.4358304 0.4358304 0.4358304 0.4358304 0.4358304 0.4358304 0.4358304 0.4358304 0.4358304 0.4358304 0.4358304 0.4358304 0.4358304 0.4358304 0.4358304 0.4358304 0.4358304
0.1739348 0.1731452 0.1731452 0.1731452 0.1731452 0.1731452 0.1731452 0.1731452 0.1731452 0.1731452 0.1731452 0.1731452 0.1731452 0.1731452 0.1731452 0.1731452 0.1731452 0.1731452 0.1731452 0.1731452 0.1731452 0.1759851 0.1907943 0.2102608 0.2375564 0.2385071 0.2385071 0.2385071 0.2385071 0.2385071 0.2385071 0.2385071 0.2385071 0.2385071 0.2385072 0.2385071 0.2385071 0.2385071 0.2385071 0.2385071 0.2385071 0.2365303 0.2246997 0.213085 0.2276866 0.2653716 0.3446851 0.4298849 0.4358304 0.4358304 0.4358304 0.4358304 0.4358304 0.4358304 0.4358304 0.4358304 0.4358304 0.4358304 0.4358304 0.4358304 0.4358304 0.4358304 0.4358304 0.4358304 0.4358304 0.4358304
0.1731452 0.1731452 0.1731452 0.1731452 0.1731452 0.1731452 0.1731452 0.1731452 0.1731452 0.1731452 0.1731452 0.1731452 0.1731452 0.1731452 0.1731452 0.1731452 0.1731452 0.1750671 0.1926574 0.2112462 0.2187993 0.2342407 0.2385072 0.2385071 0.2385071 0.2385071 0.2385071 0.2385071 0.2385071 0.2385071 0.2385071 0.2385071 0.2385071 0.2385071 0.2385071 0.2385071 0.2385071 0.2385071 0.2385071 0.2352912 0.2221775 0.2135562 0.2127558 0.2127558 0.2127558 0.2127558 0.2127558 0.3041623 0.4358121 0.4358304 0.4358304 0.4358304 0.4358304 0.4358304 0.4358304 0.4358304 0.4358304 0.4358304 0.4358304 0.4358304 0.4358304 0.4358304 0.4358304 0.4358304 0.4358304 0.4358304
0.1731452 0.1731452 0.1731452 0.1731452 0.1731452 0.1731452 0.1731452 0.1731452 0.1731452 0.1731452 0.1731452 0.1731452 0.1749966 0.190904 0.1980386 0.2070669 0.2247944 0.2372038 0.2385071 0.2385071 0.2385071 0.2385071 0.2385071 0.2385071 0.2385071 0.2385071 0.2385071 0.2385071 0.2385071 0.2385071 0.2385071 0.2385071 0.2385071 0.2385071 0.2385071 0.2385071 0.2385071 0.2361062 0.2258635 0.213654 0.2127558 0.2127558 0.2127558 0.2127558 0.2127558 0.2127558 0.2127558 0.2127558 0.2891625 0.3973571 0.4358304 0.4358304 0.4358304 0.4358304 0.4358304 0.4358304 0.4358304 0.4358304 0.4358304 0.4358304 0.4358304 0.4358304 0.4358304 0.4358304 0.4358304 0.4358304
0.1731452 0.1731452 0.1731452 0.1731452 0.1731452 0.1731452 0.1731452 0.1731452 0.1731452 0.1731452 0.1859344 0.2158216 0.2335067 0.2385072 0.2385072 0.2385072 0.2385072 0.2385072 0.2385072 0.2385072 0.2385072 0.2385072 0.2385072 0.2385072 0.2385072 0.2385072 0.2385072 0.2385072 0.2385072 0.2385072 0.2332383 0.225154 0.2287258 0.234239 0.2331464 0.2247115 0.218925 0.2131575 0.2127558 0.2127558 0.2127558 0.2127558 0.2127558 0.2127558 0.2127558 0.2127558 0.2127558 0.2127558 0.2127558 0.2129592 0.2594499 0.3533413 0.4358304 0.4358304 0.4358304 0.4358304 0.4358304 0.4358304 0.4358304 0.4358304 0.4358304 0.4358304 0.4358304 0.4358304 0.4358304 0.4358304
0.1731452 0.1731452 0.1731452 0.1731452 0.1731452 0.1731452 0.1731452 0.1739068 0.1943787 0.2154049 0.2381004 0.2385071 0.2385071 0.2385071 0.2385071 0.2385071 0.2385071 0.2385071 0.2385071 0.2385071 0.2385071 0.2385071 0.2385071 0.2385071 0.2385071 0.2385071 0.2385071 0.2385071 0.2385071 0.2290475 0.2134782 0.2127558 0.2127558 0.2127558 0.2127558 0.2127558 0.2127558 0.2127558 0.2127558 0.2127558 0.2127558 0.2127558 0.2127558 0.2127558 0.2127558 0.2127558 0.2127558 0.2127558 0.2127558 0.2127558 0.2127558 0.2127641 0.3764339 0.4358304 0.4358304 0.4358304 0.4358304 0.4358304 0.4358304 0.4358304 0.4358304 0.4353494 0.4001971 0.3823631 0.3776975 0.3712928
0.1731452 0.1731452 0.1731452 0.1731452 0.1731452 0.1780723 0.1947273 0.2271694 0.2385071 0.2385071 0.2385072 0.2385072 0.2385071 0.2385072 0.2385072 0.2385071 0.2385072 0.2385072 0.2385072 0.2385072 0.2384612 0.2364093 0.2353311 0.2355868 0.2364788 0.2381909 0.2372617 0.2335805 0.2216494 0.2127687 0.2127558 0.2127558 0.2127558 0.2127558 0.2127558 0.2127558 0.2127558 0.2127558 0.2127558 0.2127558 0.2127558 0.2127558 0.2127558 0.2127558 0.2127558 0.2127558 0.2127558 0.2127558 0.2127558 0.2127558 0.2127558 0.2127558 0.2362666 0.3688027 0.4224322 0.4355693 0.4334842 0.4350445 0.4358304 0.4358304 0.4344847 0.3347861 0.2923247 0.2923247 0.2923247 0.2923247
0.1731452 0.1731452 0.1731941 0.183518 0.2200524 0.2380822 0.2385072 0.2385072 0.2385072 0.2385072 0.2385071 0.2385072 0.2385072 0.2385072 0.2385072 0.2385072 0.2385072 0.2385072 0.2344975 0.2253118 0.2166328 0.2127558 0.2127558 0.2127558 0.2127558 0.212769 0.2127558 0.2127558 0.2127558 0.2127558 0.2127558 0.2127558 0.2127558 0.2127558 0.2127558 0.2127558 0.2127558 0.2127558 0.2127558 0.2127558 0.2127558 0.2127558 0.2127558 0.2127558 0.2127558 0.2127558 0.2127558 0.2127558 0.2127558 0.2127558 0.2127558 0.2127558 0.2127558 0.2127558 0.2127558 0.2156925 0.2129453 0.2181452 0.2677778 0.3448215 0.3682533 0.2923247 0.2923246 0.2923247 0.2923246 0.2923247
0.1852768 0.1856085 0.1868454 0.1955923 0.2362019 0.2385071 0.2385072 0.2385071 0.2385071 0.2385071 0.2385071 0.2385072 0.2385071 0.2385071 0.2385071 0.2385072 0.2378135 0.2252619 0.2133408 0.2127558 0.2127558 0.2127558 0.2127558 0.2127558 0.2127558 0.2127558 0.2127558 0.2127558 0.2127558 0.2127558 0.2127558 0.2127558 0.2127558 0.2127558 0.2127558 0.2127558 0.2127558 0.2127558 0.2127558 0.2127558 0.2127558 0.2127558 0.2127558 0.2127558 0.2127558 0.2127558 0.2127558 0.2127558 0.2127558 0.2127558 0.2127558 0.2127558 0.2127558 0.2127558 0.2127558 0.2127558 0.2127558 0.2127558 0.2127558 0.2273069 0.2888512 0.2923247 0.2923247 0.2923247 0.2923247 0.2923247
0.187707 0.187707 0.187707 0.2021728 0.2129012 0.2225359 0.2375796 0.2385072 0.2385072 0.2385072 0.2385072 0.2385071 0.2385072 0.2385071 0.2385072 0.233505 0.2177161 0.2127558 0.2127558 0.2127558 0.2127558 0.2127558 0.2127558 0.2127558 0.2127558 0.2127558 0.2127558 0.2127558 0.2127558 0.2127558 0.2127558 0.2127558 0.2127558 0.2127558 0.2127558 0.2127558 0.2127558 131.3054 226.2122 25.03713 0.2127558 0.2127558 0.2127558 0.2127558 0.2127558 0.2127558 0.2127558 0.2127558 0.2127558 0.2127558 0.2127558 0.2127558 0.2127558 0.2127558 0.2127558 0.2127558 0.2127558 0.2127558 0.2159901 0.2844231 0.2923246 0.2923247 0.2923247 0.2923247 0.2923246 0.2923246
0.1877069 0.187707 0.187707 0.2086733 0.2127558 0.2127558 0.2151157 0.2248695 0.2308392 0.2324722 0.2328366 0.2326302 0.2319373 0.2283895 0.2202342 0.2130548 0.2127558 0.2127558 0.2127558 0.2127558 0.2127558 0.2127558 0.2127558 0.2127558 0.2127558 0.2127558 0.2127558 0.2127558 0.2127558 0.2127558 0.2127558 0.2127558 0.2127558 0.2127558 0.2127558 0.2127558 0.2127558 154.1452 251.1895 76.93001 0.2127558 0.2127558 0.2127558 0.2127558 0.2127558 0.2127558 0.2127558 0.2127558 0.2127558 0.2127558 0.2127558 0.2127558 0.2127558 0.2127558 0.2127558 0.2127558 0.2127558 0.2205866 0.2692522 0.2923246 0.2923246 0.2923246 0.2923246 0.2923246 0.2923247 0.2923246
0.187707 0.187707 0.187707 0.1929191 0.2115004 0.2127558 0.2127558 0.2127558 0.2127558 0.2127558 0.2127558 0.2127558 0.2127558 0.2127558 0.2127558 0.2127558 0.2127558 0.2127558 0.2127558 0.2127558 0.2127558 0.2127558 0.2127558 0.2127558 0.2127558 0.2127558 0.2127558 0.2127558 0.2127558 0.2127558 0.2127558 0.2127558 0.2127558 0.2127558 0.2127558 0.2127558 0.2127558 0.2127558 7.195223 0.2127558 0.2127558 0.2127558 0.2127558 0.2127558 0.2127558 0.2127558 0.2127558 0.2127558 0.2127558 0.2127558 0.2127558 0.2127558 0.2127558 0.2127558 0.2127558 0.2127558 0.2127707 0.2789582 0.2923247 0.2923246 0.2923247 0.2923246 0.2923247 0.2923247 0.2923246 0.2923246
0.187707 0.187707 0.187707 0.187707 0.1935062 0.2127244 0.2127558 0.2127558 0.2127558 0.2127558 0.2127558 0.2127558 0.2127558 0.2127558 0.2127558 0.2127558 0.2127558 0.2127558 0.2127558 0.2127558 0.2127558 0.2127558 0.2127558 0.2127558 0.2127558 0.2127558 0.2127558 0.2127558 0.2127558 0.2127558 0.2127558 0.2127558 0.2127558 0.212869 0.2267774 0.229211 0.2162368 0.2127558 0.2127558 0.2141659 0.2296091 0.2320703 0.2169883 0.2127558 0.2127558 0.2127558 0.2127558 0.2127558 0.2127558 0.2127558 0.2127558 0.2127558 0.2127558 0.2127558 0.2127558 0.2127558 0.238298 0.2923247 0.2923247 0.2923246 0.2923247 0.2923246 0.2923247 0.2923246 0.2923247 0.2923246
0.29503 0.2810207 0.2600875 0.2391524 0.2182154 0.215499 0.2127558 0.2127558 0.2127558 0.2127558 0.2127558 0.2127558 0.2127558 0.2127558 0.2127558 0.2127558 0.2127558 0.2127558 0.2127558 0.2127558 0.2127558 0.2127558 0.2127558 0.2127558 0.2127558 0.2127558 0.2127558 0.2127558 0.2127558 0.2127558 0.2127558 0.2127558 0.2257471 0.2744055 0.2949659 0.2949659 0.2938452 0.2805429 0.2737003 0.2865015 0.2949659 0.2949659 0.2893412 0.2558785 0.2226605 0.2127558 0.2127558 0.2127558 0.2127558 0.2127558 0.2127558 0.2127558 0.2127558 0.2127558 0.2127645 0.252526 0.291548 0.2923247 0.2923246 0.2923247 0.2923247 0.2923247 0.2923246 0.2923247 0.2923246 0.2923247
0.3747319 0.3747319 0.3747319 0.3747319 0.3747319 0.374282 0.3562828 0.3078744 0.2438308 0.2127558 0.2127558 0.2127558 0.2127558 0.2127558 0.2127558 0.2127558 0.2127558 0.2127558 0.2127558 0.2127558 0.2127558 0.2127558 0.2127558 0.2127558 0.2127558 0.2127558 0.2127558 0.2127558 0.2127558 0.2153338 0.2421873 0.2721812 0.2943192 0.2949659 0.2949659 0.2949659 0.2949659 0.2949659 0.2949659 0.2949659 0.2949659 0.2949659 0.2949659 0.2949659 0.2939904 0.2663788 0.2449847 0.239235 0.2322365 0.2145588 0.2127558 0.2127558 0.2127558 0.2127558 0.2456709 0.2923247 0.2923247 0.2923247 0.2923247 0.2923246 0.2923247 0.2923246 0.2923247 0.2923246 0.2923247 0.2923246
0.3747319 0.3747319 0.3747319 0.3747319 0.3747319 0.3747319 0.3747319 0.3747319 0.3737852 0.3243488 0.2478182 0.2127558 0.2127558 0.2127558 0.2127558 0.2127558 0.2127558 0.2127558 0.2127558 0.2127558 0.2127558 0.2127558 0.2127558 0.2127558 0.2127558 0.2127558 0.2127558 0.2127558 0.2238126 0.2819717 0.2949659 0.2949659 0.2949659 0.2949659 0.2949659 0.2949659 0.2949659 0.2949659 0.2949659 0.2949659 0.2949659 0.2949659 0.2949659 0.2949659 0.2949659 0.2949659 0.2949659 0.2949659 0.2949659 0.287241 0.2706292 0.271059 0.2748056 0.2822087 0.2912119 0.2923247 0.2923247 0.2923247 0.2923247 0.2923247 0.2923246 0.2923247 0.2923247 0.2923247 0.2923246 0.2923247
0.3747319 0.3747319 0.3747319 0.3747319 0.3747319 0.3747319 0.3747319 0.3747319 0.3747319 0.3747319 0.3744646 0.3302416 0.2808405 0.2341066 0.2127558 0.2127558 0.2127558 0.2127558 0.2127558 0.2127558 0.2127558 0.2127558 0.2127558 0.2127558 0.2127558 0.2127558 0.2133064 0.2445025 0.290862 0.2949659 0.294966 0.2949659 0.294966 0.2949659 0.2949659 0.2949659 0.294966 0.2949659 0.2949659 0.2949659 0.2949659 0.2949659 0.2949659 0.2949659 0.294966 0.2949659 0.294966 0.2949659 0.2949659 0.2949659 0.2948897 0.2947005 0.2944609 0.2934928 0.2923247 0.2923247 0.2923247 0.2923247 0.2923247 0.2923247 0.2923247 0.2923247 0.2923247 0.2923247 0.2923247 0.2923247
0.3747319 0.3747319 0.3747319 0.3747319 0.3747319 0.3747319 0.3747319 0.3791945 0.3893845 0.4011449 0.4079632 0.4109029 0.4109029 0.4069015 0.3478899 0.2660649 0.2132718 0.2127558 0.2127558 0.2127558 0.2127558 0.2127558 0.2127558 0.2145984 0.2321574 0.2618905 0.2846743 0.2949659 0.2949659 0.2949659 0.2949659 0.2949659 0.2949659 0.2949659 0.2949659 0.2949659 0.2949659 0.2949659 0.2949659 0.2949659 0.2949659 0.2949659 0.2949659 0.2949659 0.2949659 0.2949659 0.2949659 0.2949659 0.2949659 0.2949659 0.2947344 0.292424 0.2923247 0.2923247 0.2923247 0.2923247 0.2923247 0.2923247 0.2923247 0.2923247 0.2923247 0.2923247 0.2923247 0.2923247 0.2923247 0.2923247
0.3747319 0.3747319 0.3747319 0.3747319 0.3747319 0.3756832 0.3979073 0.4108777 0.4109029 0.4109029 0.4109029 0.4109029 0.4109029 0.4109029 0.4109029 0.4109029 0.359215 0.2376048 0.2127558 0.2127558 0.2127558 0.213035 0.2449252 0.2875937 0.2949659 0.2949659 0.2949659 0.2949659 0.2949659 0.2949659 0.2949659 0.2949659 0.2949659 0.2949659 0.2949659 0.2949659 0.2949659 0.2955261 0.3076068 0.3193271 0.3178181 0.3137347 0.301285 0.2949659 0.2949659 0.2949659 0.2949659 0.2949659 0.2949659 0.2949659 0.3504077 0.3572722 0.2923246 0.2923247 0.2923246 0.2923246 0.2923246 0.2923246 0.2923246 0.2923246 0.2923247 0.2923246 0.2923246 0.2923246 0.2923246 0.2923246
