Scenarios/Heterogeneous/data/country_data_population_distribution/processed/density_grids/mng.asc
ncols 790
nrows 268
xllcorner 87
yllcorner 41
cellsize 0.041666666666667
NODATA_value -9999
[rows 58 to 86 of 268, columns 462 to 527 of 790]
1.452654 1.452654 1.452654 1.452654 1.452654 1.452654 1.085001 0.7238278 0.7238278 0.7238277 0.7238278 0.7238277 0.7238277 0.7238278 0.7238277 0.7238278 0.7238277 0.7238278 0.7238277 0.7238278 0.7238277 0.7240747 0.7258584 0.7259876 0.7259876 0.7259876 0.7259876 0.7259877 0.7259876 0.7259876 0.7259876 0.7259876 0.7259876 0.7259876 0.7259876 0.7259876 0.7259876 0.7259876 0.7259876 0.7259876 0.7239287 0 0 0 0 0 0 0 0 0 0 0 0 0 0 0 0 0 0 0 0 0 0 0 0 0
1.452654 1.452654 1.452654 1.452654 1.452654 1.452654 0.8378138 0.7238278 0.7238278 0.7238278 0.7238278 0.7238278 0.7238278 0.7238278 0.7238278 0.7238278 0.7238278 0.7238278 0.7238278 0.7238278 0.7238278 0.7238278 0.7251125 0.7259876 0.7259876 0.7259876 0.7259877 0.7259876 0.7259876 0.7259876 0.7259876 0.7259876 0.7259876 0.7259876 0.7259876 0.7259876 0.7259877 0.7259876 0.7259876 0.7259876 0.7007114 0 0 0 0 0 0 0 0 0 0 0 0 0 0 0 0 0 0 0 0 0 0 0 0 0
1.452654 1.452654 1.452654 1.452654 1.452654 1.452654 0.8048172 0.7238278 0.7238278 0.7238278 0.7238278 0.7238278 0.7238278 0.7238278 0.7238278 0.7238278 0.7238278 0.7238278 0.7238278 0.7238278 0.7238278 0.7238278 0.7248864 0.7259876 0.7259876 0.7259876 0.7259877 0.7259876 0.7259876 0.7259876 0.7259877 0.7259876 0.7259876 0.7259876 0.7259876 0.7259876 0.7259877 0.7259876 0.7259876 0.7259876 0.7259876 0.7234127 0 0 0 0 0 0 0 0 0 0 0 0 0 0 0 0 0 0 0 0 0 0 0 0
1.452654 1.452654 1.452654 1.452654 1.452654 1.47333 1.247777 0.9646961 0.7540074 0.7238278 0.7238277 0.7238277 0.7238278 0.7238278 0.7238278 0.7238277 0.7238278 0.7238277 0.7238278 0.7238277 0.7238278 0.7238277 0.7241634 0.725783 0.7259876 0.7259876 0.7259876 0.7259876 0.7259876 0.7259876 0.7259876 0.7259876 0.7259876 0.7259876 0.7259876 0.7259876 0.7259876 0.7259876 0.7259876 0.7259876 0.7248921 0.7238337 0.7134094 0 0 0 0 0 0 0 0 0 0 0 0 0 0 0 0 0 0 0 0 0 0 0
1.468754 1.452654 1.452654 1.452654 1.491644 1.700146 1.763401 1.763401 1.733314 1.466942 1.071756 0.7833997 0.7238278 0.7238278 0.7238278 0.7238278 0.7238278 0.7238278 0.7238278 0.7238278 0.7238278 0.7238278 0.7238278 0.7241243 0.7252541 0.7257851 0.7259876 0.7259876 0.7259876 0.7259876 0.7259876 0.7259876 0.7259876 0.7259876 0.7259877 0.7259876 0.7259876 0.7259876 0.7259876 0.7257248 0.7238284 0.7238278 0.7238278 0.7238278 0.7137762 0 0 0 0 0 0 0 0 0 0 0 0 0 0 0 0 0 0 0 0 0
1.755027 1.693424 1.643717 1.658006 1.753413 1.763401 1.763401 1.763401 1.763401 1.763401 1.763401 1.708271 1.108023 0.7238278 0.7238278 0.7238277 0.7238278 0.7238278 0.7238278 0.7238278 0.7238278 0.7238277 0.7238278 0.7238278 0.7238278 0.7238331 0.7245213 0.7256763 0.7259876 0.7259876 0.7259876 0.7259876 0.7259876 0.7259876 0.7259876 0.7259876 0.7259876 0.7259876 0.7258583 0.7245256 0.7238278 0.7238278 0.7238278 0.7238278 0.7238278 0.7238278 0.7238278 0.7223938 0.7075934 0 0 0 0 0 0 0 0 0 0 0 0 0 0 0 0 0
1.763401 1.763401 1.763401 1.763401 1.763401 1.763401 1.763401 1.763401 1.763401 1.763401 1.763401 1.763401 1.744134 0.8337848 0.7238278 0.7238277 0.7238278 0.7238277 0.7238278 0.7238277 0.7238278 0.7238277 0.7238278 0.7238277 0.7238278 0.7238277 0.7238278 0.7238504 0.7242773 0.7253394 0.7259872 0.7259876 0.7259876 0.7259876 0.7258981 0.7250323 0.7243748 0.7241487 0.7238982 0.7238277 0.7238277 0.7238278 0.7238278 0.7238277 0.7238278 0.7238277 0.7238278 0.7238277 0.7238278 0.7125953 0 0 0 0 0 0 0 0 0 0 0 0 0 0 0 0
1.763401 1.763401 1.763401 1.763401 1.763401 1.763401 1.763401 1.763401 1.763401 1.763401 1.763401 1.763401 1.763401 1.001752 0.7238278 0.7238277 0.7238278 0.7238278 0.7238278 0.7238278 0.7238278 0.7238278 0.7238278 0.7238278 0.7238278 0.7238278 0.7238278 0.7238278 0.7238278 0.7238278 0.7243601 0.7247798 0.7248093 0.7246193 0.7240101 0.7238278 0.7238278 0.7238278 0.7238278 0.7238278 0.7238278 0.7238278 0.7238278 0.7238278 0.7238278 0.7238278 0.7238278 0.7238277 0.7238278 0.7238278 0.7153751 0 0 0 0 0 0 0 0 0 0 0 0 0 0 0
1.763401 1.763402 1.763401 1.763402 1.763401 1.763402 1.763401 1.763402 1.763401 1.763402 1.763401 1.763401 1.763402 0.9677669 0.7238278 0.7238278 0.7238277 0.7238277 0.7238278 0.7238277 0.7238278 0.7238278 0.7238278 0.7238277 0.7238278 0.7238277 0.7238278 0.7238277 0.7238278 0.7238277 0.7238278 0.7238277 0.7238278 0.7238277 0.7238278 0.7238278 0.7238278 0.7238277 0.7238278 0.7238277 0.7238278 0.7238278 0.7238278 0.7238277 0.7238278 0.7238277 0.7238278 0.7238278 0.7238278 0.7238277 0.7238278 0.7238277 0.7126752 0 0 0 0 0 0 0 0 0 0 0 0 0
1.763401 1.763402 1.763401 1.763402 1.763401 1.763402 1.763401 1.763402 1.763401 1.763401 1.763401 1.763401 1.763303 0.8334284 0.7238278 0.7238278 0.7238278 0.7238278 0.7238278 0.7238278 0.7238278 0.7238278 0.7238278 0.7238278 0.7238278 0.7238278 0.7238278 0.7238278 0.7238278 0.7238278 0.7238278 0.7238278 0.7238278 0.7238278 0.7238278 0.7238278 0.7238278 0.7238278 0.7238278 0.7238278 0.7238278 0.7238278 0.7238278 0.7238278 0.7238278 0.7238278 0.7238278 0.7238278 0.7238278 0.7238278 0.7238278 0.7238278 0.7238278 0.7203539 0 0 0 0 0 0 0 0 0 0 0.5013685 0.4525859
1.763401 1.763401 1.763401 1.763401 1.763401 1.763401 1.763401 1.763401 1.763401 1.763401 1.763401 1.763401 1.658718 0.7238278 0.7238278 0.7238278 0.7238278 0.7238278 0.7238278 0.7238278 0.7238278 0.7238278 0.7238278 0.7238278 0.7238278 0.7238278 0.7238278 0.7238278 0.7238278 0.7238278 0.7238277 0.7238278 0.7238278 0.7238278 0.7238278 0.7238278 0.7238277 0.7238278 0.7238277 0.7238278 0.7238278 0.7238278 0.7238278 0.7238278 0.7238277 0.7238278 0.7238278 0.7238278 0.7238277 0.7238278 0.7238277 0.7238278 0.7238277 0.7238278 0.7238277 0.5974843 0.4294994 0.4294994 0.4294994 0.4294994 0.4294994 0.4294994 0.4294994 0.4294994 0.4294994 0.4064884
1.763401 1.763401 1.763401 1.763401 2.140175 7.203347 2.501586 1.763401 1.763401 1.763401 1.763401 1.763401 1.539746 0.7238277 0.7238278 0.7238278 0.7238278 0.7238277 0.7238278 0.7238277 0.7238278 0.7238278 0.7238278 0.7238277 0.7238278 0.7238278 0.7238278 0.7238278 0.7238278 0.7238277 0.7238278 0.7238277 0.7238278 0.7238278 0.7238278 0.7238278 0.7238278 0.7238277 0.7238278 0.7238278 0.7238277 0.7238278 0.7238278 0.7238277 0.7238278 0.7238277 0.7238278 0.7238278 0.7238278 0.7238277 0.7238278 0.7238277 0.7238278 0.7238278 0.7238278 0.496098 0.4294994 0.4294994 0.4294994 0.4294994 0.4294994 0.4294994 0.4294994 0.4294994 0.4294994 0.4294994
1.763401 1.763401 1.763401 19.39889 37.25647 41.27351 38.71114 15.93288 1.763401 1.763401 1.763401 1.763401 1.706535 0.7407774 0.7238277 0.7238278 0.7238277 0.7238277 0.7238277 0.7238277 0.7238277 0.7238278 0.7238277 0.7238277 0.7238277 0.7238277 0.7238277 0.7238277 0.7238277 0.7238277 0.7238277 0.7238277 0.7238277 0.7238277 0.7238277 0.7238277 0.7238277 0.7238277 0.7238277 0.7238277 0.7238277 0.7238277 0.7238277 0.7238277 0.7238277 0.7238277 0.7238277 0.7238278 0.7238277 0.7238277 0.7238277 0.7238277 0.7238277 0.7238278 0.6934201 0.4307643 0.4294994 0.4294994 0.4294994 0.4294994 0.4294994 0.4294994 0.4294994 0.4294994 0.4294994 0.4294994
1.952487 2.040176 9.835733 41.19339 41.27351 41.27351 41.27351 35.67555 1.763401 1.763401 1.763401 1.763401 1.763401 0.8420722 0.7238278 0.7238277 0.7238278 0.7238277 0.7238278 0.7238277 0.7238278 0.7238277 0.7238278 0.7238277 0.7238278 0.7238277 0.7238278 0.7238277 0.7238277 0.7238277 0.7238278 0.7238277 0.7238278 0.7238277 0.7238277 0.7238277 0.7238278 0.7238277 0.7238278 0.7238277 0.7238277 0.7238277 0.7238278 0.7238277 0.7238278 0.7238277 0.7238278 0.7238277 0.7238277 0.7238277 0.7238278 0.7238277 0.7238278 0.7238277 0.6437899 0.4294994 0.4294994 0.4294994 0.4294994 0.4294994 0.4294994 0.4294994 0.4294994 0.4294994 0.4294994 0.4294994
2.437948 2.437947 2.437948 15.14165 34.19984 41.27351 41.27351 41.24934 5.7836 1.763401 1.763401 1.763401 1.849797 1.179192 0.7238278 0.7238278 0.7238278 0.7238278 0.7238278 0.7238278 0.7238278 0.7238278 0.7238278 0.7238278 0.7238278 0.7238278 0.7238278 0.7238278 0.7238278 0.7238278 0.7238278 0.7238278 0.7238278 0.7238278 0.7238278 0.7238278 0.7238278 0.7238278 0.7238278 0.7238278 0.7238278 0.7238278 0.7238278 0.7238278 0.7238278 0.7238278 0.7238278 0.7238278 0.7238278 0.7238278 0.7238278 0.7238278 0.7238278 0.7230901 0.6028231 0.4294994 0.4294994 0.4294994 0.4294994 0.4294994 0.4294994 0.4294994 0.4294994 0.4294994 0.4294994 0.4294994
2.437947 2.437947 2.437947 2.437947 2.443462 8.728737 18.66873 28.4263 12.80989 2.81641 3.489277 4.2528 5.08701 5.149518 2.138455 0.7238278 0.7238277 0.7238278 0.7238277 0.7238278 0.7238278 0.7238278 0.7238278 0.7238278 0.7238277 0.7238278 0.7238277 0.7238278 0.7238278 0.7238278 0.7238277 0.7238278 0.7238277 0.7238278 0.7238278 0.7238278 0.7238277 0.7238278 0.7238277 0.7238278 0.7238278 0.7238278 0.7238277 0.7238278 0.7238277 0.7238278 0.7238278 0.693069 0.5601383 0.4352262 0.3665111 0.326754 0.2874852 0.2681533 0.2888539 0.3927195 0.4294994 0.4294994 0.4294994 0.4294994 0.4294994 0.4294994 0.4294994 0.4294994 0.4294994 0.4294994
2.437948 2.437947 2.437947 2.437947 2.437948 2.437947 2.437948 2.437947 3.49101 5.235704 5.235705 5.235705 5.235704 5.235705 3.516886 0.7238277 0.7238278 0.7238278 0.7238278 0.7238278 0.7238278 0.7238277 0.7238278 0.7238278 0.7238278 0.7238278 0.7238278 0.7238278 0.7238278 0.7238278 0.7238278 0.7238278 0.7238278 0.7036353 0.5840294 0.5101538 0.4564119 0.4328657 0.4285882 0.4444866 0.4986478 0.5897067 0.7083955 0.7238278 0.7238278 0.6527818 0.4300862 0.2799709 0.2669362 0.2669362 0.2669362 0.2669361 0.2669362 0.2669362 0.2669362 0.2682036 0.3392482 0.4235328 0.4294994 0.4294994 0.4294994 0.4294994 0.4294994 0.4294994 0.4294994 0.4294994
2.437947 2.437947 2.437947 2.437947 2.437947 2.437947 2.437947 2.437949 3.927379 5.235704 5.235704 5.235704 5.235704 5.235704 4.63575 1.055227 0.7238277 0.7238277 0.7238277 0.7238277 0.7238277 0.7238278 0.7238277 0.7238277 0.7238277 0.7238277 0.7238277 0.7238277 0.7238277 0.7238277 0.7238277 0.7116528 0.5473843 0.3969198 0.3760324 0.3760324 0.3760324 0.3760324 0.3760324 0.3760324 0.3760324 0.3760324 0.4019811 0.5493417 0.5211115 0.2854966 0.2669362 0.2669362 0.2669362 0.2669362 0.2669362 0.2669362 0.2669362 0.2669362 0.2669362 0.2669362 0.2669362 0.2912741 0.3893815 0.4294994 0.4294994 0.4294994 0.4294994 0.4294994 0.4294994 0.4294994
2.437947 2.437947 2.437947 2.437947 2.437947 2.437947 2.437947 3.678657 5.235704 5.235704 5.235704 5.235704 5.235705 5.235704 5.235705 4.588393 2.03924 0.7966034 0.7254382 1.030702 1.556817 1.771891 1.752929 1.53599 1.302803 1.836478 2.833558 3.379169 3.72312 3.401818 2.632979 0.4619025 0.3760324 0.3760324 0.3760324 0.3760324 0.3760324 0.3760324 0.3760324 0.3760324 0.3760324 0.3760324 0.3760324 0.3760324 0.2895913 0.2669362 0.2669362 0.2669362 0.2669361 0.2669362 0.2669361 0.2669362 0.2669361 0.2669362 0.2669361 0.2669362 0.2669362 0.2669361 0.2680206 0.3456842 0.4293128 0.4294994 0.4294994 0.4294994 0.4294994 0.4294994
2.437947 2.437947 2.437947 2.437947 2.437947 2.753083 3.98964 5.22262 5.235704 5.235704 5.235704 5.235704 5.235704 5.235704 5.235704 5.235704 5.235704 5.20145 5.156087 5.235704 5.235704 5.235704 5.235704 5.235704 5.235704 5.235704 5.235704 5.235704 5.235705 5.235704 5.235704 2.939018 0.3760325 0.3760325 0.3760325 0.3760325 0.3760325 0.3760325 0.3760325 0.3760325 0.3760325 0.3760325 0.3760325 0.3760325 0.311273 0.2669362 0.2669362 0.2669362 0.2669361 0.2669362 0.2669362 0.2669362 0.2669362 0.2669362 0.2669362 0.2669362 0.2669362 0.2669362 0.2669362 0.2669362 0.3530381 0.4294994 0.4294994 0.4294994 0.4294994 0.4294994
2.437947 2.437947 2.437947 2.437947 2.667636 5.09587 5.235704 5.235704 5.235704 5.235704 5.235704 5.235704 5.235704 5.235704 5.235704 5.235704 5.235704 5.235704 5.235704 5.235704 5.235704 5.235704 5.235704 5.235704 5.235704 5.235704 5.235704 5.235704 5.235704 5.235704 5.235704 5.226333 2.958169 0.7109071 0.3760325 0.3760325 0.3760325 0.3760325 0.3760325 0.3760325 0.3760325 0.3760325 0.3760325 0.3760325 0.3004048 0.2669362 0.2669362 0.2669362 0.2669362 0.2669362 0.2669362 0.2669362 0.2669362 0.2669362 0.2669362 0.2669362 0.2669362 0.2669362 0.2669362 0.2669362 0.2706468 0.4030506 0.4294994 0.4294994 0.4294994 0.4294994
2.437948 2.437947 2.437947 2.437947 3.276854 5.235704 5.235704 5.235704 5.235704 5.235704 5.235704 5.235704 5.235704 5.235704 5.235704 5.235704 5.235704 5.235704 5.235704 5.235704 5.235704 5.235704 5.235704 5.235704 5.235704 5.235704 5.235704 5.235704 5.235704 5.235704 5.235704 5.235704 5.235704 5.148358 3.925055 1.28918 0.3760325 0.3760325 0.3760325 0.3760324 0.3760325 0.3760324 0.3760325 0.3431549 0.2669459 0.2669362 0.2669362 0.2669362 0.2669362 0.2669362 0.2669362 0.2669362 0.2669362 0.2669362 0.2669362 0.2669362 0.2669362 0.2669362 0.2669362 0.2669362 0.2669362 0.3029075 0.4256237 0.4294994 0.4294994 0.4294994
4.478135 4.231803 3.512402 3.394525 4.985497 5.235704 5.235704 5.235704 5.235704 5.235704 5.235704 5.235704 5.235704 5.235704 5.235704 5.235704 5.235704 5.235704 5.235704 5.235704 5.235704 5.235704 5.235704 5.235704 5.235704 5.235704 5.235704 5.235704 5.235704 5.235704 5.235704 5.235704 5.235704 5.235704 5.235704 3.343647 0.3760325 0.3760325 0.3760325 0.3760325 0.3760325 0.3760325 0.3760325 0.3206695 0.2669362 0.2669362 0.2669362 0.2669362 0.2669362 0.2669362 0.2669362 0.2669362 0.2669362 0.2669362 0.2669362 0.2669362 0.2669362 0.2669362 0.2669362 0.2669362 0.2669362 0.2669362 0.3440818 0.4294994 0.4294994 0.4294994
5.235704 5.235704 5.235704 5.235704 5.235704 5.235704 5.235704 5.235704 5.235704 5.235704 5.235704 5.235704 5.235704 5.235704 5.235704 5.235704 5.235704 5.235704 5.235704 5.235704 5.235704 5.235704 5.235704 5.235704 5.235704 5.235704 5.235704 5.235704 5.235704 5.235704 5.235704 5.235704 5.235704 5.235704 5.229019 1.523567 0.3760325 0.3760325 0.3760325 0.3760325 0.3760324 0.3760325 0.3760325 0.3166589 0.2669362 0.2669362 0.2669362 0.2669362 0.2669362 0.2669362 0.2669362 0.2669362 0.2669362 0.2669362 0.2669362 0.2669362 0.2669362 0.2669362 0.2669362 0.2669362 0.2669362 0.2669362 0.2896064 0.4294994 0.4294994 0.4294994
5.235704 5.235704 5.235704 5.235704 5.235704 5.235704 5.235704 5.235704 5.235704 5.235704 5.235704 5.235704 5.235704 5.235704 5.235704 5.235704 5.235704 5.235704 5.235704 5.235704 5.235704 5.235704 5.235704 5.235704 5.235704 5.235704 5.235704 5.235704 5.235704 5.235704 5.235704 5.235704 5.235704 5.235704 4.020797 0.3760325 0.3760324 0.3760325 0.3760324 0.3760325 0.3760325 0.3760325 0.3760324 0.3143727 0.2669362 0.2669362 0.2669362 0.2669362 0.2669362 0.2669362 0.2669362 0.2669362 0.2669361 0.2669362 0.2669362 0.2669362 0.2669362 0.2669362 0.2669362 0.2669362 0.2669362 0.2669362 0.2669732 0.3882396 0.4294994 0.4294994
5.235704 5.235704 5.235704 5.235704 5.235704 5.235704 5.235704 5.235704 5.235704 5.235704 5.235704 5.235704 5.235704 5.235704 5.235704 5.235704 5.235704 5.235704 5.235704 5.235704 5.235704 5.235704 5.235704 5.235704 5.235704 5.235704 5.235704 5.235704 5.235704 5.235704 5.235704 5.235704 5.235704 5.210639 1.378466 0.3760325 0.3760324 0.3760325 0.3760325 0.3760325 0.3760325 0.3760325 0.3760325 0.3121194 0.2669362 0.2669362 0.2669362 0.2669362 0.2669362 0.2669362 0.2669362 0.2669362 0.2669362 0.2669362 0.2669362 0.2669362 0.2669362 0.2669362 0.2669362 0.2669362 0.2669362 0.2669362 0.2669362 0.2977961 0.429088 0.4294994
3.940772 4.748447 5.225597 5.235704 5.235704 5.235704 5.235704 5.235704 5.235704 5.235704 5.235704 5.235704 5.235704 5.235704 5.235704 5.235704 5.235704 5.235704 5.235704 5.235704 5.235704 5.235704 5.235704 5.235704 5.235704 5.235704 5.235704 5.235704 5.235704 5.235704 4.834133 4.791803 5.013465 3.028239 0.3760325 0.3760325 0.3760325 0.3760325 0.3760325 0.3760325 0.3760325 0.3760324 0.3760325 0.3154265 0.2669362 0.2669362 0.2669362 0.2669361 0.2669362 0.2669361 0.2669362 0.2669361 0.2669362 0.2669362 0.2669362 0.2669362 0.2669361 0.2669362 0.2669361 0.2669362 0.2669362 0.2669362 0.2669362 0.2669362 0.3991059 0.4294994
2.978784 2.978784 3.232663 3.953184 4.701555 5.235343 5.235704 5.235704 5.235704 5.235704 5.235704 5.235704 5.235704 5.235704 4.697921 3.998152 3.989212 4.051541 3.731458 3.281599 3.016508 3.159286 3.867533 5.104695 5.235704 5.235704 5.234972 4.622018 3.409962 1.783525 0.3953671 0.3760325 0.3760325 0.3760325 0.3760325 0.3760325 0.3760325 0.3760325 0.3760324 0.3760325 0.3760325 0.3760325 0.3760324 0.3513023 0.2727334 0.2669362 0.2669362 0.2669362 0.2669362 0.2669362 0.2669362 0.2669362 0.2669362 0.2669362 0.2669362 0.2669362 0.2669362 0.2669362 0.2669362 0.2669362 0.2669362 0.2669362 0.2669362 0.2669362 0.3516217 0.4294994
2.978784 2.978784 2.978784 2.978784 2.978784 3.834349 4.926061 5.235704 5.235704 5.235704 5.235704 5.235704 5.092689 3.607992 2.50389 2.492618 2.492618 2.492618 2.492618 2.492618 2.492618 2.492618 2.492618 2.980367 2.942834 1.866488 0.8497605 0.3760325 0.3760325 0.3760325 0.3760325 0.3760325 0.3760325 0.3760325 0.3760325 0.3760325 0.3760325 0.3760325 0.3760325 0.3760325 0.3760325 0.3760325 0.3760325 0.3760325 0.3676307 0.3134015 0.2688445 0.2669362 0.2669362 0.2669362 0.2669362 0.2669362 0.2669362 0.2669362 0.2669362 0.2669362 0.2669362 0.2669362 0.2669362 0.2669362 0.2669362 0.2669362 0.2669362 0.2669362 0.303443 0.4294994
