Scenarios/Heterogeneous/data/country_data_population_distribution/processed/density_grids/mng.asc
ncols 790
nrows 268
xllcorner 87
yllcorner 41
cellsize 0.041666666666667
NODATA_value -9999
[rows 58 to 86 of 268, columns 330 to 395 of 790]
0.9518461 0.951846 1.021974 1.055763 0.9633871 0.951846 0.9518459 0.951846 0.951846 0.951846 0.9518461 0.951846 0.951846 0.951846 0.6547518 0.4860989 0.6850621 1.107801 1.633253 1.946692 1.947169 1.947169 1.819663 1.426422 1.426422 1.426422 1.426422 1.426422 1.426422 1.426422 1.426422 1.426422 1.426422 1.426422 1.426422 1.426422 1.426422 1.426422 1.426422 1.426422 1.426422 1.426422 1.426422 1.426422 1.426422 1.426422 1.328081 0.8889536 0.3870878 0.3532844 0.3532844 0.3532844 0.3532844 0.3532844 0.3532844 0.3532844 0.3532844 0.3532844 0.3532844 0.3532844 0.3532844 0.3627279 0.3567376 0.3532844 0.3532844 0.3532844
1.34442 1.521168 1.698959 1.70105 1.671679 1.527779 1.384751 1.377301 1.482846 1.516636 1.510048 1.447297 1.193769 0.9923533 1.242556 1.700984 1.947136 1.947169 1.947169 1.947169 1.947169 1.947169 1.861275 1.426422 1.426422 1.426422 1.426422 1.426422 1.426422 1.426422 1.426422 1.426422 1.426422 1.426422 1.426422 1.426422 1.426422 1.426422 1.426422 1.426422 1.426422 1.426422 1.426422 1.426422 1.426422 1.426422 1.426422 1.403827 0.9164386 0.4884068 0.3771307 0.3532844 0.359134 0.452166 0.5028534 0.5140004 0.5132183 0.5122842 0.5126469 0.525157 0.578327 0.6633173 0.6442683 0.5492441 0.5063915 0.4599279
1.70105 1.70105 1.70105 1.70105 1.70105 1.70105 1.70105 1.706892 1.818565 1.924801 1.947169 1.947169 1.947169 1.947169 1.947169 1.947169 1.947169 1.947169 1.947169 1.947169 1.947169 1.947169 1.944722 1.456604 1.426422 1.426422 1.426422 1.426422 1.426422 1.426422 1.426422 1.426422 1.426422 1.426422 1.426422 1.426422 1.426422 1.426422 1.426422 1.426422 1.426422 1.426422 1.289717 1.1104 1.160157 1.323196 1.158747 0.7498804 0.6664783 0.6664783 0.6621734 0.6368634 0.6558698 0.6664783 0.6664783 0.6664783 0.6664783 0.6664783 0.6664783 0.6664783 0.6664783 0.6664783 0.6664783 0.6664783 0.6664783 0.6664783
1.70105 1.70105 1.70105 1.70105 1.70105 1.70105 1.70105 1.70105 1.70105 1.711296 1.776775 1.834911 1.93994 1.947169 1.947169 1.947169 1.947169 1.947169 1.947169 1.947169 1.947169 1.947169 1.947169 1.48287 1.426422 1.426422 1.426422 1.426422 1.426422 1.426422 1.426422 1.426422 1.426422 1.426422 1.426422 1.426422 1.426422 1.426422 1.426422 1.426422 1.426422 1.319107 0.6880558 0.6664783 0.6664783 0.6664783 0.6664782 0.6664783 0.6664783 0.6664783 0.6664783 0.6664783 0.6664783 0.6664783 0.6664783 0.6664783 0.6664783 0.6664783 0.6664782 0.6664783 0.6664783 0.6664783 0.6664783 0.6664783 0.6664783 0.6664783
1.70105 1.70105 1.70105 1.70105 1.70105 1.70105 1.70105 1.70105 1.70105 1.70105 1.70105 1.70105 1.832653 1.947169 1.947169 1.947169 1.947169 1.947169 1.947169 1.947169 1.947169 1.947169 1.947169 1.487749 1.426422 1.426422 1.426422 1.426422 1.426422 1.426422 1.426422 1.426422 1.426422 1.426422 1.426422 1.426422 1.426422 1.426422 1.426422 1.426422 1.42568 0.9105149 0.6664783 0.6664783 0.6664783 0.6664783 0.6664783 0.6664783 0.6664783 0.6664783 0.6664783 0.6664783 0.6664783 0.6664783 0.6664783 0.6664783 0.6664783 0.6664783 0.6664783 0.6664783 0.6664783 0.6664783 0.6664783 0.6664783 0.6664783 0.6664783
1.70105 1.70105 1.70105 1.70105 1.70105 1.70105 1.70105 1.70105 1.70105 1.70105 1.70105 1.70105 1.813536 1.947169 1.947169 1.947169 1.947169 1.947169 1.947169 1.947169 1.947169 1.947169 1.947169 1.506173 1.426422 1.426422 1.426422 1.426422 1.426422 1.426422 1.426422 1.426422 1.426422 1.426422 1.426422 1.426422 1.426422 1.426422 1.426422 1.426422 1.077442 0.6664783 0.6664783 0.6664783 0.6664783 0.6664783 0.6664783 0.6664783 0.6664783 0.6664783 0.6664783 0.6664783 0.6664783 0.6664783 0.6664783 0.6664783 0.6664783 0.6664783 0.6664783 0.6664783 0.6664783 0.6664783 0.6664783 0.6664783 0.6664783 0.6664783
1.70105 1.70105 1.70105 1.70105 1.70105 1.70105 1.70105 1.70105 1.70105 1.70105 1.70105 1.70105 1.804722 1.947169 1.947169 1.947169 1.947169 1.947169 1.947169 1.947169 1.947169 1.947169 1.947169 1.733391 1.430136 1.426422 1.426422 1.426422 1.426422 1.426422 1.426422 1.426422 1.426422 1.426422 1.426422 1.426422 1.426422 1.426422 1.368387 0.9516796 0.6665653 0.6664783 0.6664783 0.6664783 0.6664783 0.6664783 0.6664783 0.6664783 0.6664783 0.6664783 0.6664783 0.6664783 0.6664783 0.6664783 0.6664783 0.6664783 0.6664783 0.6664783 0.6664783 0.6664783 0.6664783 0.6664783 0.6664782 0.6664783 0.6664783 0.6664783
1.70105 1.70105 1.70105 1.70105 1.70105 1.70105 1.70105 1.70105 1.70105 1.70105 1.70105 1.70105 1.841162 1.947169 1.947169 1.947169 1.947169 1.947169 1.947169 1.947169 1.947169 1.947169 1.947169 1.947169 1.767582 1.426422 1.426422 1.426422 1.426422 1.426422 1.426422 1.426422 1.426422 1.426422 1.426422 1.356712 1.190042 0.9729406 0.7139698 0.6664783 0.6664783 0.6664783 0.6664783 0.6664783 0.6664783 0.6664783 0.6664783 0.6664783 0.6664783 0.6664783 0.6664783 0.6664783 0.6664783 0.6664783 0.6664783 0.6664783 0.6664783 0.6664783 0.6664783 0.6664783 0.6664783 0.6664783 0.6664783 0.6664782 0.6664783 0.6664783
1.70105 1.70105 1.70105 1.70105 1.70105 1.70105 1.70105 1.70105 1.70105 1.70105 1.70105 1.794242 1.94415 1.947169 1.947169 1.947169 1.947169 1.947169 1.947169 1.947169 1.947169 1.947169 1.947169 1.947169 1.942817 1.429654 1.426422 1.426422 1.426422 1.41503 1.273432 1.13855 1.029551 0.8891296 0.8028826 0.6963981 0.6664783 0.6664783 0.6664783 0.6664783 0.6664783 0.6664783 0.6664783 0.6664783 0.6664783 0.6664783 0.6664783 0.6664783 0.6664783 0.6664783 0.6664783 0.6664783 0.6664783 0.6664783 0.6664783 0.6664783 0.6664783 0.6664783 0.6664783 0.6664783 0.6664783 0.6664783 0.6664783 0.6664783 0.6664783 0.6664783
1.70105 1.70105 1.70105 1.70105 1.70105 1.70105 1.70105 1.70105 1.698713 1.692088 1.691057 1.789748 1.906266 1.947169 1.947169 1.947169 1.947169 1.947169 1.947169 1.947169 1.947169 1.947169 1.947169 1.947169 1.947169 1.457148 1.426422 1.424734 1.137351 0.8022554 0.751283 0.751283 0.751283 0.751283 0.751283 0.7502149 0.6943389 0.6664783 0.6664783 0.6664783 0.6664783 0.6664783 0.6664783 0.6664783 0.6664783 0.6664783 0.6664783 0.6664783 0.6664783 0.6664783 0.6664783 0.6664783 0.6664783 0.6664783 0.6664783 0.6664783 0.6664783 0.6664783 0.6664783 0.6664783 0.6664783 0.6664783 0.6664783 0.6664783 0.6664782 0.6664783
1.70105 1.70105 1.70105 1.70105 1.70105 1.70105 1.698547 1.691958 1.686876 1.686658 1.686658 1.686658 1.686828 1.784631 1.927198 1.947169 1.947169 1.947169 1.947169 1.947169 1.947169 1.947169 1.947169 1.947169 1.947169 1.77544 1.365906 0.9428822 0.751283 0.751283 0.751283 0.751283 0.751283 0.751283 0.751283 0.751283 0.737568 0.6680161 0.6664783 0.6664783 0.6664783 0.6664783 0.6664783 0.6664783 0.6664783 0.6664783 0.6664783 0.6664783 0.6664782 0.6664783 0.6664783 0.6664783 0.6664783 0.6664783 0.6664782 0.6664783 0.6664783 0.6423514 0.59322 0.6161225 0.6653606 0.6521706 0.601853 0.5844546 0.5723232 0.5271804
1.70105 1.70105 1.700309 1.695171 1.690017 1.687895 1.686662 1.686658 1.686658 1.686658 1.686658 1.686658 1.686658 1.686658 1.689732 1.715221 1.718852 1.705929 1.705865 1.708705 1.705309 1.714332 1.820436 1.945938 1.947169 1.745668 0.8666732 0.751283 0.7512831 0.751283 0.751283 0.751283 0.751283 0.751283 0.751283 0.751283 0.751283 0.7016324 0.6664783 0.6664783 0.6664783 0.6664783 0.6664783 0.6664783 0.6664783 0.6664783 0.6664783 0.6664783 0.6664783 0.6664783 0.6664783 0.6664783 0.6664783 0.6664783 0.6664783 0.6664783 0.6458492 0.4902535 0.4808451 0.480845 0.4887848 0.4832525 0.4808451 0.4808451 0.4808451 0.4808451
1.695124 1.69121 1.687261 1.686658 1.686658 1.686658 1.686658 1.686658 1.686658 1.686658 1.686658 1.686658 1.686658 1.686658 1.686658 1.686658 1.686658 1.686658 1.686658 1.686658 1.686658 1.686658 1.626643 1.228816 1.052445 0.7716898 0.751283 0.751283 0.751283 0.751283 0.751283 0.751283 0.751283 0.751283 0.751283 0.751283 0.751283 0.7462866 0.7118015 0.6830591 0.6666589 0.6664783 0.6664783 0.6664783 0.6664783 0.6664783 0.6664783 0.6664783 0.6664783 0.6664783 0.6664783 0.6664783 0.6664783 0.6664783 0.6664783 0.6534848 0.5278963 0.4808451 0.480845 0.4808451 0.480845 0.4808451 0.480845 0.4808451 0.480845 0.4808451
1.516618 1.678132 1.686658 1.686658 1.686658 1.686658 1.686658 1.686658 1.686658 1.686658 1.686658 1.686658 1.686658 1.686658 1.686658 1.686658 1.686658 1.686658 1.686658 1.686658 1.686658 1.678573 0.9512798 0.751283 0.751283 0.751283 0.751283 0.751283 0.751283 0.751283 0.751283 0.751283 0.751283 0.751283 0.751283 0.751283 0.751283 0.751283 0.751283 0.751283 0.7476317 0.7369961 0.6926548 0.6664783 0.6664783 0.6664783 0.6664783 0.6664783 0.6664783 0.6664783 0.6664783 0.6664782 0.6664783 0.6664783 0.6633901 0.5104222 0.4808451 0.4808451 0.4808451 0.4808451 0.4808451 0.4808451 0.4808451 0.4808451 0.4808451 0.4808451
1.164777 1.224196 1.441592 1.639523 1.686658 1.686658 1.686658 1.686658 1.686658 1.686658 1.686658 1.686658 1.686658 1.686658 1.686658 1.686658 1.686658 1.686658 1.686658 1.686658 1.686658 1.333076 0.751283 0.751283 0.7512831 0.751283 0.751283 0.751283 0.7512831 0.751283 0.7512831 0.7512831 0.7512831 0.751283 0.7512831 0.751283 0.7512831 0.7512831 0.7512831 0.751283 0.751283 0.751283 0.7486933 0.6763793 0.6664783 0.6664783 0.6664783 0.6664783 0.6664783 0.6664783 0.6664784 0.6664783 0.6664783 0.6664783 0.6248042 0.4808451 0.480845 0.4808451 0.480845 0.4808451 0.480845 0.480845 0.480845 0.4808451 0.480845 0.480845
1.164777 1.164777 1.164777 1.166535 1.24897 1.405746 1.577842 1.685155 1.686658 1.686658 1.686658 1.686658 1.686658 1.686658 1.686658 1.686658 1.686658 1.686658 1.686658 1.686658 1.686658 0.9659385 0.7512831 0.751283 0.7512831 0.751283 0.751283 0.751283 0.751283 0.751283 0.7512831 0.751283 0.751283 0.751283 0.751283 0.751283 0.751283 0.751283 0.751283 0.751283 0.751283 0.751283 0.751283 0.6967455 0.6664783 0.6664783 0.6664783 0.6664783 0.6664783 0.6664783 0.6664783 0.6664783 0.6664783 0.6664783 0.5399574 0.4808451 0.4808451 0.4808451 0.4808451 0.4808451 0.4808451 0.4808451 0.4808451 0.4808451 0.4808451 0.4808451
1.164777 1.164777 1.164777 1.164777 1.164777 1.164777 1.164777 1.229554 1.400099 1.560296 1.677462 1.686658 1.686658 1.686658 1.686658 1.686658 1.686658 1.686658 1.686658 1.686658 1.686658 1.027557 0.751283 0.751283 0.751283 0.751283 0.751283 0.751283 0.751283 0.751283 0.751283 0.751283 0.751283 0.751283 0.751283 0.751283 0.751283 0.751283 0.751283 0.751283 0.751283 0.751283 0.751283 0.7372942 0.6707393 0.6664783 0.6664783 0.6664783 0.6664783 0.6664783 0.6664783 0.6664783 0.6664783 0.6501143 0.481853 0.4808451 0.4808451 0.4808451 0.4808451 0.4808451 0.4808451 0.4808451 0.4808451 0.4808451 0.4808451 0.4808451
1.164777 1.164777 1.164777 1.164777 1.164777 1.164777 1.164777 1.164777 1.164777 1.164777 1.180191 1.315932 1.472991 1.663042 1.686658 1.686658 1.686658 1.686658 1.686658 1.686658 1.686658 1.267723 0.7512831 0.751283 0.751283 0.751283 0.7512831 0.751283 0.7512831 0.751283 0.7512831 0.7512831 0.751283 0.751283 0.7512831 0.751283 0.7512831 0.7512831 0.7512831 0.751283 0.7512831 0.751283 0.7512831 0.7512831 0.7189206 0.6675578 0.6664783 0.6664783 0.6664783 0.6664783 0.6664783 0.6664783 0.6664783 0.5689089 0.4808451 0.480845 0.480845 0.480845 0.480845 0.4808451 0.480845 0.480845 0.480845 0.480845 0.480845 0.480845
1.164777 1.164777 1.164777 1.164777 1.164777 1.164777 1.164777 1.164777 1.164777 1.164777 1.164777 1.164777 1.164777 1.219471 1.484795 1.639543 1.686632 1.686658 1.686658 1.686658 1.678987 1.509861 0.7520339 0.751283 0.751283 0.751283 0.751283 0.751283 0.751283 0.751283 0.751283 0.751283 0.751283 0.751283 0.751283 0.751283 0.751283 0.751283 0.751283 0.751283 0.751283 0.751283 0.751283 0.751283 0.751283 0.7155486 0.6664783 0.6664783 0.6664783 0.6664783 0.6664783 0.6664783 0.6564161 0.4823324 0.4808451 0.4808451 0.4808451 0.4808451 0.4808451 0.4808451 0.4808451 0.4808451 0.4808451 0.4808451 0.4808451 0.4808451
1.164777 1.164777 1.164777 1.164777 1.164777 1.164777 1.164777 1.164777 1.164777 1.164777 1.164777 1.164777 1.164777 1.164777 1.164777 1.164777 1.205541 1.254128 1.26177 1.219708 1.169622 1.164777 0.9595409 0.7530643 0.7512831 0.751283 0.751283 0.751283 0.751283 0.7512831 0.7512831 0.7512831 0.7512831 0.751283 0.751283 0.751283 0.7512831 0.7512831 0.7512831 0.751283 0.7963344 0.830474 0.7683528 0.751283 0.7512831 0.7512829 0.6889657 0.6664783 0.6664783 0.6664783 0.6664783 0.6664783 0.6567775 0.4816166 0.4808451 0.4808451 0.4808451 0.4808451 0.4808451 0.4808451 0.4808451 0.4808451 0.4808451 0.4808451 0.4808451 0.4808451
1.247447 1.166019 1.164777 1.164777 1.164777 1.164777 1.164777 1.164777 1.164777 1.164777 1.164777 1.164777 1.164777 1.164777 1.164777 1.164777 1.164777 1.164777 1.164777 1.164777 1.164777 1.164777 1.164777 1.06337 0.8318823 0.751283 0.751283 0.751283 0.751283 0.7512831 0.751283 0.751283 0.751283 0.751283 0.751283 0.751283 0.751283 0.751283 0.8014007 0.9215888 0.9869637 0.9876264 0.9808733 0.9482436 0.9353957 0.9317255 0.9124894 0.8241444 0.7571757 0.7331921 0.717716 0.7085121 0.7028586 0.5474728 0.4864036 0.4888725 0.4916843 0.4829443 0.4808451 0.4808451 0.4808451 0.4808451 0.4808451 2.784048 21.3405 35.68319
1.369573 1.327972 1.220815 1.164777 1.164777 1.164777 1.164777 1.164777 1.164777 1.164777 1.164777 1.164777 1.164777 1.164777 1.164777 1.164777 1.164777 1.164777 1.164777 1.164777 1.164777 1.164777 1.164777 1.164777 1.167326 1.125857 1.084303 0.9508835 0.7581198 0.751283 0.7512831 0.7512831 0.7512831 0.751283 0.7512831 0.7603356 0.8340438 0.9186109 0.9866001 0.9876264 0.9876264 0.9876264 0.9876263 0.9876264 0.9876264 0.9876264 0.9876264 0.9876264 0.9876264 0.9876264 0.9876264 0.9876264 0.9876264 0.7947611 0.5562356 0.5562356 0.5562356 0.5537871 0.5308689 0.498611 0.480846 0.4808451 0.4808451 22.8774 63.51852 63.51852
1.369573 1.369573 1.369007 1.300097 1.227368 1.217918 1.216616 1.204299 1.165933 1.164777 1.164777 1.164777 1.164777 1.164777 1.164777 1.164777 1.164777 1.164777 1.164777 1.164777 1.164777 1.164777 1.164777 1.16611 1.190361 1.19497 1.19497 1.19497 1.007193 0.751283 0.7512831 0.7521365 0.8529979 0.9015703 0.9237899 0.977404 0.9876263 0.9876264 0.9876264 0.9876264 0.9876264 0.9876263 0.9876263 0.9876264 0.9876264 0.9876264 0.9876263 0.9876264 0.9876264 0.9876264 0.9876263 0.9876264 0.9876264 0.8687962 0.5562356 0.5562356 0.5562356 0.5562356 0.5562356 0.5562356 0.5479476 0.5375493 0.5364102 13.5928 60.18668 63.51852
1.369573 1.369573 1.369573 1.369573 1.369573 1.369573 1.369573 1.369573 1.259967 1.164777 1.164777 1.164777 1.164777 1.164777 1.164777 1.164777 1.164777 1.164777 1.164777 1.164777 1.164777 1.164777 1.167136 1.18629 1.19497 1.19497 1.19497 1.19497 1.192494 1.039938 0.9899734 1.109425 1.19497 1.14327 0.9876409 0.9876264 0.9876264 0.9876263 0.9876263 0.9876264 0.9876263 0.9876264 0.9876264 0.9876264 0.9876263 0.9876264 0.9876263 0.9876264 0.9876264 0.9876264 0.9876263 0.9876264 0.9876264 0.8948646 0.5562356 0.5562356 0.5562356 0.5562356 0.5562356 0.5562356 0.5562356 0.5562356 0.5562356 0.5562356 10.64872 23.53607
1.369573 1.369573 1.369573 1.369573 1.369573 1.369573 1.369573 1.369573 1.360106 1.218106 1.164777 1.164777 1.164777 1.164777 1.183187 1.205455 1.191615 1.164848 1.164777 1.164777 1.164907 1.177544 1.193009 1.19497 1.19497 1.19497 1.19497 1.19497 1.19497 1.19497 1.19497 1.19497 1.19497 1.19497 1.034046 0.9876263 0.9876263 0.9876264 0.9876264 0.9876264 0.9876264 0.9876263 0.9876263 0.9876264 0.9876264 0.9876263 0.9876263 0.9876263 0.9876263 0.9876263 0.9876264 0.9876263 0.9876263 0.919133 0.5562356 0.5562356 0.5562356 0.5562356 0.5562356 0.5562356 0.5562356 0.5562356 0.5562356 0.5562356 0.5562356 0.5562356
1.369573 1.369573 1.369573 1.369573 1.369573 1.369573 1.369573 1.369573 1.369573 1.364671 1.228864 1.174234 1.234998 1.285086 1.324365 1.32564 1.32564 1.299626 1.276274 1.279921 1.302633 1.210993 1.19497 1.19497 1.19497 1.19497 1.19497 1.19497 1.19497 1.19497 1.19497 1.19497 1.19497 1.19497 1.122333 0.9876263 0.9876263 0.9876264 0.9876264 0.9876263 0.9876263 0.9876263 0.9876263 0.9876264 0.9876264 0.9876263 0.9876264 0.9876263 0.9876264 0.9876263 0.9876264 0.9876263 0.9876264 0.9816596 0.6088974 0.5562356 0.5562356 0.5562356 0.5562356 0.5562356 0.5562356 0.5562356 0.5562356 0.5562356 0.5562356 0.5562356
1.369573 1.369573 1.369573 1.369573 1.369573 1.369573 1.369573 1.369573 1.369573 1.358714 1.334197 1.322465 1.32564 1.32564 1.32564 1.32564 1.32564 1.32564 1.32564 1.32564 1.32564 1.273263 1.19497 1.19497 1.19497 1.19497 1.19497 1.19497 1.19497 1.19497 1.19497 1.19497 1.19497 1.19497 1.179052 0.9881212 0.9876264 0.9876264 0.9876264 0.9876264 0.9876264 0.9876264 0.9876264 0.9876264 0.9876264 0.9876264 0.9876264 0.9876264 0.9876263 0.9876264 0.9876264 0.9876264 0.9819 0.8765942 0.7342905 0.5954731 0.5562356 0.5562356 0.5562356 0.5562356 0.5562356 0.5562356 0.5562356 0.5562356 0.5562356 0.5562356
1.369573 1.369573 1.369573 1.369573 1.369573 1.369573 1.369573 1.362857 1.340088 1.326027 1.32564 1.32564 1.32564 1.32564 1.32564 1.32564 1.32564 1.32564 1.32564 1.32564 1.32564 1.311422 1.19497 1.19497 1.19497 1.19497 1.19497 1.19497 1.19497 1.19497 1.19497 1.19497 1.19497 1.19497 1.19497 1.016259 0.9876264 0.9876264 0.9876264 0.9876264 0.9876264 0.9876264 0.9876264 0.9876264 0.9876264 0.9876264 0.9876264 0.9875948 0.9739207 0.9323976 0.8597645 0.8227416 0.7684983 0.7421741 0.7421741 0.7359996 0.6454771 0.5672151 0.5562356 0.5562356 0.5562356 0.5562356 0.5562356 0.5562356 0.5562356 0.5562356
1.369573 1.369573 1.369573 1.369573 1.369573 1.369573 1.360131 1.32746 1.32564 1.32564 1.32564 1.32564 1.32564 1.32564 1.32564 1.32564 1.32564 1.32564 1.32564 1.32564 1.32564 1.325536 1.204823 1.19497 1.19497 1.19497 1.19497 1.19497 1.19497 1.19497 1.19497 1.19497 1.19497 1.19497 1.19497 1.057795 0.9876264 0.9876264 0.9876264 0.9876263 0.9876264 0.9876263 0.9876264 0.9876263 0.9876264 0.9876264 0.9029633 0.7700385 0.7421741 0.7421741 0.7421741 0.7421741 0.7421741 0.7421741 0.7421741 0.7421741 0.7421741 0.7399353 0.7022076 0.7004125 0.6773755 0.6456454 0.5944086 0.5566419 0.5562356 0.5562356
