Scenarios/Heterogeneous/data/country_data_population_distribution/processed/density_grids/mng.asc
ncols 790
nrows 268
xllcorner 87
yllcorner 41
cellsize 0.041666666666667
NODATA_value -9999
[rows 145 to 173 of 268, columns 594 to 659 of 790]
0.5685579 0.5685579 0.5685579 0.5685579 0.5685579 0.5685579 0.5685579 0.5685579 0.4801575 0.4594984 0.4788336 0.5092714 0.5173103 0.5173103 0.5173103 0.5173103 0.5173103 0.5173103 0.4124658 0.3066107 0.3066107 0.3066107 0.3066107 0.3066107 0.3066107 0.3066107 0.3066107 0.3066107 0.3066107 0.3066107 0.3066107 0.3066107 0.3066107 0.3066107 0.3066107 0.3066107 0.3066107 0.3066107 0.3066107 0.3066107 0.3066107 0.3185345 0.230554 0.2301542 0.2301542 0.2301542 0.2301542 0.2301542 0.2301542 0.2301542 0.2301542 0.2301542 0.2301542 0.2301542 0.2301542 0.2301542 0.2301542 0.2301542 0.2301542 0.2301542 0.2301542 0.2301542 0.2301542 0.2301542 0.2301542 0.320117
0.5685579 0.5685579 0.5685579 0.5685579 0.5685579 0.5685579 0.5685579 0.5685579 0.5006254 0.5131834 0.5173102 0.5173102 0.5173103 0.5173102 0.5173102 0.5173102 0.5173103 0.5173102 0.5168679 0.4215032 0.3101602 0.3066107 0.3066107 0.3066107 0.3066107 0.3066107 0.3066107 0.3066107 0.3066107 0.3066107 0.3066107 0.3066107 0.3066107 0.3066107 0.3066107 0.3066107 0.3066107 0.3068267 0.3196501 0.3612103 0.3976355 0.3730142 0.2301542 0.2301542 0.2301542 0.2301542 0.2301542 0.2301542 0.2301542 0.2301542 0.2301542 0.2301542 0.2301542 0.2301542 0.2301542 0.2301542 0.2301542 0.2301542 0.2301542 0.2301542 0.2301542 0.2301542 0.2301542 0.2301542 0.2301542 0.321315
0.5685579 0.5685579 0.5685579 0.5685579 0.5685579 0.5685579 0.5685579 0.5685579 0.5275367 0.5173103 0.5173103 0.5173103 0.5173103 0.5173103 0.5173103 0.5173103 0.5173103 0.5173103 0.5173103 0.5173103 0.4672224 0.3208009 0.3066107 0.3066107 0.3066107 0.3066107 0.3066107 0.3066156 0.3412334 0.358477 0.3460983 0.3456158 0.3451334 0.3446815 0.3464212 0.3568184 0.3913893 0.4140083 0.4184928 0.4184928 0.4184928 0.3195871 0.2301542 0.2301542 0.2301542 0.2301542 0.2301542 0.2301542 0.2301542 0.2301542 0.2301542 0.2301542 0.2301542 0.2301542 0.2301542 0.2301542 0.2301542 0.2301542 0.2301542 0.2301542 0.2301542 0.2301542 0.2301542 0.2301542 0.2301542 0.3225129
0.5685579 0.5685579 0.5685579 0.5685579 0.5685579 0.5685579 0.5685579 0.5675575 0.5224584 0.5173103 0.5173103 0.5173103 0.5173103 0.5173103 0.5173103 0.5173103 0.5173103 0.5173103 0.5173103 0.5173103 0.5173103 0.499263 0.4043441 0.3294396 0.3152516 0.3262181 0.3866535 0.4790629 0.5173103 0.4586961 0.4184928 0.4184929 0.4184928 0.4184928 0.4184928 0.4184928 0.4184928 0.4184928 0.4184928 0.4184928 0.4184928 0.2616703 0.2301542 0.2301542 0.2301542 0.2301542 0.2301542 0.2301542 0.2301542 0.2301542 0.2301542 0.2301542 0.2301542 0.2301542 0.2301542 0.2301542 0.2301542 0.2301542 0.2301542 0.2301542 0.2301542 0.2301542 0.2301542 0.2301542 0.2301542 0.3237109
0.5685579 0.5685579 0.5685579 0.5685579 0.5685579 0.5685579 0.5572412 0.5299587 0.5173103 0.5173103 0.5173103 0.5173103 0.5173103 0.5173103 0.5173103 0.5173103 0.5173103 0.5173103 0.5173103 0.5173103 0.5173103 0.5173103 0.5173103 0.5173103 0.5173103 0.5173103 0.5173103 0.5173103 0.5173103 0.4404547 0.4184928 0.4184929 0.4184928 0.4184929 0.4184928 0.4184928 0.4184928 0.4184928 0.4184928 0.4184928 0.4172892 0.2335421 0.2301542 0.2301542 0.2301542 0.2301542 0.2301542 0.2301542 0.2301542 0.2301542 0.2301542 0.2301542 0.2301542 0.2301542 0.2301542 0.2301542 0.2301542 0.2301542 0.2301542 0.2301542 0.2301542 0.2301542 0.2301542 0.2301542 0.2301542 0.3248045
0.5685579 0.5685579 0.5685579 0.5685579 0.5628867 0.5363891 0.5176958 0.5173103 0.5173103 0.5173103 0.5173103 0.5173103 0.5173103 0.5173103 0.5173103 0.5173103 0.5173103 0.5173103 0.5173103 0.5173103 0.5173103 0.5173103 0.5173103 0.5173103 0.5173103 0.5173103 0.5173103 0.5173103 0.4976721 0.4185452 0.4184928 0.4184928 0.4184928 0.4184928 0.4184928 0.4184928 0.4184928 0.4184928 0.4184928 0.4184928 0.4133585 0.2301542 0.2301542 0.2301542 0.2301542 0.2301542 0.2301542 0.2301542 0.2301542 0.2301542 0.2301542 0.2301542 0.2301542 0.2301542 0.2301542 0.2301542 0.2301542 0.2301542 0.2301542 0.2301542 0.2301542 0.2301542 0.2301542 0.2301542 0.2301542 0.3144054
0.5685579 0.5685579 0.5630492 0.5375009 0.5182714 0.5173103 0.5173103 0.5173103 0.5173103 0.5173103 0.5173103 0.5173103 0.5173103 0.5173103 0.5173103 0.5173103 0.5173103 0.5173103 0.5173103 0.5173103 0.5173103 0.5173103 0.5173103 0.5173103 0.5173103 0.5173103 0.5173103 0.5173103 0.4674636 0.4184928 0.4184928 0.4184928 0.4184928 0.4184928 0.4184928 0.4184928 0.4184928 0.4184928 0.4184928 0.4184928 0.4183919 0.2463468 0.2301542 0.2301542 0.2301542 0.2301542 0.2301542 0.2301542 0.2301542 0.2301542 0.2301542 0.2301542 0.2301542 0.2301542 0.2301542 0.2301542 0.2301542 0.2301542 0.2301542 0.2301542 0.2301542 0.2301542 0.2301542 0.2301542 0.239042 0.3513453
0.5671644 0.5404491 0.5186692 0.5173103 0.5173103 0.5173103 0.5173103 0.5173103 0.5173103 0.5173103 0.5173103 0.5173103 0.5173103 0.5173103 0.5173103 0.5173103 0.5173103 0.5173103 0.5173103 0.5173103 0.5173103 0.5173103 0.5173103 0.5173103 0.5173103 0.5173103 0.5173103 0.5173103 0.4601391 0.4184928 0.4184928 0.4184928 0.4184928 0.4184928 0.4184928 0.4184928 0.4184928 0.4184928 0.4184928 0.4184928 0.4184928 0.3517595 0.2301542 0.2301542 0.2301542 0.2301542 0.2301542 0.2301542 0.2301542 0.2301542 0.2301542 0.2301542 0.2301542 0.2301542 0.2301542 0.2301542 0.2301542 0.2301542 0.2301542 0.2301542 0.2301542 0.2301542 0.2450342 0.3612746 0.5006198 0.5266747
0.5254899 0.5173102 0.5173103 0.5173102 0.5173103 0.5173103 0.5173102 0.5173102 0.5173102 0.5173102 0.5173103 0.5173102 0.5173103 0.5173103 0.5173102 0.5173103 0.5173102 0.5173102 0.5173102 0.5173103 0.5173102 0.5173103 0.5173102 0.5173103 0.5173102 0.5173103 0.5173102 0.5173103 0.4588179 0.4184928 0.4184928 0.4184928 0.4184928 0.4184928 0.4184928 0.4184928 0.4184928 0.4184928 0.4184928 0.4184928 0.4184928 0.4143798 0.2446453 0.2301542 0.2301542 0.2301542 0.2301542 0.2301542 0.2301542 0.2301542 0.2301542 0.2301542 0.2301542 0.2301542 0.2301542 0.2301542 0.2301542 0.2301542 0.2301542 0.2301542 0.2317805 0.3427883 0.5059409 0.5331711 0.5331711 0.5331711
0.5173103 0.5173103 0.5173103 0.5173103 0.5173103 0.5173103 0.5173103 0.5173103 0.5173103 0.5173103 0.5173103 0.5173103 0.5173103 0.5173103 0.5173103 0.5173103 0.5173103 0.5173103 0.5173103 0.5173103 0.5173103 0.5173103 0.5173103 0.5173103 0.5173103 0.5173103 0.5173103 0.5173103 0.4535526 0.4184928 0.4184929 0.4184928 0.4184928 0.4184928 0.4184928 0.4184928 0.4184928 0.4184928 0.4184928 0.4184928 0.4184928 0.4184928 0.3521475 0.2301542 0.2301542 0.2301542 0.2301542 0.2301542 0.2301542 0.2301542 0.2301542 0.2301542 0.2301542 0.2301542 0.2301542 0.2301542 0.2301542 0.2530876 0.3144561 0.4167331 0.5039141 0.5331711 0.5331711 0.5331711 0.5331711 0.5331711
0.5173103 0.5173103 0.5173103 0.5173103 0.5173103 0.5173103 0.5173103 0.5173103 0.5173103 0.5173103 0.5173103 0.5173103 0.5173103 0.5173103 0.5173103 0.5173103 0.5173103 0.5173103 0.5173103 0.5173103 0.5173103 0.5173103 0.5173103 0.5173103 0.5173103 0.5173103 0.5173103 0.499098 0.4233438 0.4184928 0.4184928 0.4184929 0.4184928 0.4184928 0.4184928 0.4184928 0.4184929 0.4184929 0.4184928 0.4184929 0.4184928 0.4184929 0.4121575 0.2396815 0.2301542 0.2301542 0.2301542 0.2301542 0.2301542 0.2301542 0.2301542 0.2301542 0.2301542 0.2301542 0.2423243 0.3543833 0.4598033 0.530373 0.5331711 0.5331711 0.5331711 0.5331711 0.5331711 0.5331711 0.5331711 0.5331711
0.5173103 0.5173103 0.5173103 0.5173103 0.5173103 0.5173103 0.5173103 0.5173103 0.5173103 0.5173103 0.5173103 0.5173103 0.5173103 0.5173103 0.5173103 0.5173103 0.5173103 0.5173103 0.5173103 0.5173103 0.5173103 0.5173103 0.5173103 0.5173103 0.5173103 0.5173103 0.5139456 0.4405112 0.4184928 0.4184928 0.4184929 0.4184929 0.4184928 0.4184928 0.4184928 0.4184928 0.4184928 0.4184928 0.4184928 0.4184928 0.4184928 0.4184928 0.4184928 0.3650682 0.3258452 0.3203254 0.3170505 0.3131004 0.3136415 0.311937 0.3102325 0.3114842 0.3254534 0.3804925 0.5048485 0.5331711 0.5331711 0.5331711 0.5331711 0.5331711 0.5331711 0.5331711 0.5331711 0.5331711 0.5331711 0.5331711
0.5173103 0.5173103 0.5173103 0.5173103 0.5173103 0.5173103 0.5173103 0.5173103 0.5173103 0.5173103 0.5173103 0.5173103 0.5173103 0.5173103 0.5173103 0.5173103 0.5173103 0.5173103 0.5173103 0.5173103 0.5173103 0.5173103 0.5173103 0.5173103 0.5173102 0.4843505 0.4318703 0.4184928 0.4184928 0.4184928 0.4184928 0.4184928 0.4184928 0.4184928 0.4184928 0.4184928 0.4184928 0.4184928 0.4184928 0.4184928 0.4184928 0.4187046 0.4908653 0.5331703 0.5331711 0.5331711 0.5331711 0.5331711 0.5331711 0.5331711 0.5331711 0.5331711 0.5331711 0.5331711 0.5331711 0.5331711 0.5331711 0.5331711 0.5331711 0.5331711 0.5331711 0.5331711 0.5331711 0.5331711 0.5331711 0.5331711
0.5173103 0.5173103 0.5173103 0.5173103 0.5173103 0.5173103 0.5173103 0.5173103 0.5173103 0.5173103 0.5173103 0.5173103 0.5173103 0.5173103 0.5173103 0.5173103 0.5173103 0.5173103 0.5173103 0.5173103 0.5173103 0.5173103 0.5173103 0.5173103 0.4818086 0.418536 0.4184928 0.4184928 0.4184928 0.4184928 0.4184928 0.4184928 0.4184928 0.4184928 0.4184928 0.4184928 0.4184928 0.4184928 0.4184928 0.4184928 0.4184928 0.4334726 0.5331711 0.5331711 0.5331711 0.5331711 0.5331711 0.5331711 0.5331711 0.5331711 0.5331711 0.5331711 0.5331711 0.5331711 0.5331711 0.5331711 0.5331711 0.5331711 0.5331711 0.5331711 0.5331711 0.5331711 0.5331711 0.5331711 0.5331711 0.5331711
0.5173103 0.5173103 0.5173103 0.5173103 0.5173103 0.5173103 0.5173103 0.5173103 0.5173103 0.5173103 0.5173103 0.5173103 0.5173103 0.5173103 0.5173103 0.5173103 0.5173103 0.5173103 0.5173103 0.5173103 0.5173103 0.5173103 0.5173103 0.5158831 0.4435257 0.4184928 0.4184928 0.4184928 0.4184928 0.4184928 0.4184928 0.4184928 0.4184928 0.4184928 0.4184928 0.4184928 0.4184928 0.4184928 0.4184928 0.4184928 0.4184928 0.4372236 0.5331711 0.5331711 0.5331711 0.5331711 0.5331711 0.5331711 0.5331711 0.5331711 0.5331711 0.5331711 0.5331711 0.5331711 0.5331711 0.5331711 0.5331711 0.5331711 0.5331711 0.5331711 0.5331711 0.5331711 0.5331711 0.5331711 0.5331711 0.5331711
0.4111805 0.5173103 0.5173103 0.5173103 0.5173103 0.5173103 0.5173103 0.5173103 0.5173103 0.5173103 0.5173103 0.5173103 0.5173103 0.5173103 0.5173103 0.5173103 0.5173103 0.5173103 0.5173103 0.5173103 0.5173103 0.5173103 0.5071146 0.4437103 0.4184929 0.4184929 0.4184928 0.4184929 0.4184928 0.4184929 0.4184928 0.4184929 0.4184928 0.4184929 0.4184928 0.4184929 0.4184928 0.4184928 0.4184928 0.4184929 0.4184928 0.4225422 0.4525535 0.4693233 0.5134858 0.5331711 0.5331711 0.5331711 0.5331711 0.5331711 0.5331711 0.5331711 0.5331711 0.5331711 0.5331711 0.5331711 0.5331711 0.5331711 0.5331711 0.5331711 0.5331711 0.5331711 0.5331711 0.5331711 0.5331711 0.5331711
0.2510901 0.4963297 0.5173103 0.5173103 0.5173103 0.5173103 0.5173103 0.5173103 0.5173103 0.5173103 0.5173103 0.5173103 0.5173103 0.5173103 0.5173103 0.5173103 0.5173103 0.5173103 0.5173103 0.5173103 0.5173103 0.499706 0.4312231 0.4184928 0.4184928 0.4184928 0.4184928 0.4184928 0.4184928 0.4184928 0.4184928 0.4184928 0.4184928 0.4184928 0.4184928 0.4184928 0.4184928 0.4184928 0.4184928 0.4184928 0.4184928 0.4150482 0.3962212 0.3962212 0.4356795 0.5331711 0.5331711 0.5331711 0.5331711 0.5331711 0.5331711 0.5331711 0.5331711 0.5331711 0.5331711 0.5331711 0.5331711 0.5331711 0.5331711 0.5331711 0.5331711 0.5331711 0.5331711 0.5331711 0.5331711 0.5331711
0.2285165 0.3011846 0.5009422 0.5173103 0.5173103 0.5173103 0.5173103 0.5173103 0.5173103 0.5173103 0.5173103 0.5173103 0.5173103 0.5173103 0.5173103 0.5173103 0.5173103 0.5173103 0.5173103 0.5172643 0.4765689 0.4217885 0.4184929 0.4184929 0.4184928 0.4184929 0.4184928 0.4184929 0.4184929 0.4184929 0.4184929 0.4184929 0.4184929 0.4184929 0.4184929 0.4184929 0.4184929 0.4184929 0.4184928 0.4184929 0.4184929 0.4134188 0.3962212 0.3962212 0.4242601 0.5331711 0.5331711 0.5331711 0.5331711 0.5331711 0.5331711 0.5331711 0.5331711 0.5331711 0.5331711 0.5331711 0.5331711 0.5331711 0.5331711 0.5331711 0.5331711 0.5331711 0.5331711 0.5331711 0.5331711 0.5331711
0.2285165 0.2285165 0.2825385 0.4889997 0.5173102 0.5173103 0.5173103 0.5173103 0.5173103 0.5173103 0.5173103 0.5173103 0.5173103 0.5173103 0.5173103 0.5173103 0.5173103 0.5173103 0.5149847 0.4616349 0.4184928 0.4184928 0.4184928 0.4184928 0.4184928 0.4184928 0.4184928 0.4184928 0.4184928 0.4184928 0.4184928 0.4184928 0.4184928 0.4184928 0.4184928 0.4184928 0.4184928 0.4184928 0.4184928 0.4184928 0.4183283 0.4031051 0.3962212 0.3962212 0.398262 0.502465 0.5331711 0.5331711 0.5331711 0.5331711 0.5331711 0.5331711 0.5331711 0.5331711 0.5331711 0.5331711 0.5331711 0.5331711 0.5331711 0.5331711 0.5331711 0.5331711 0.5331711 0.5331711 0.5331711 0.5331711
0.2285165 0.2285165 0.2285165 0.2762812 0.5108408 0.5173103 0.5173103 0.5173103 0.5173102 0.5173103 0.5173103 0.5173103 0.5173103 0.5173102 0.5173103 0.5173103 0.5173103 0.499222 0.4384448 0.4184928 0.4184928 0.4184928 0.4184928 0.4184928 0.4184928 0.4184928 0.4184928 0.4184928 0.4184928 0.4184928 0.4184928 0.4184928 0.4184928 0.4184928 0.4184928 0.4184928 0.4184928 0.4184928 0.4184928 0.4177184 0.4038421 0.3962212 0.3962212 0.3962212 0.3962212 0.4082295 0.5012522 0.5331711 0.5331711 0.5331711 0.5331711 0.5331711 0.5331711 0.5331711 0.5331711 0.5331711 0.5331711 0.5331711 0.5331711 0.5331711 0.5331711 0.5331711 0.5331711 0.5331711 0.5331711 0.5394588
0.2285165 0.2285165 0.2285165 0.2285165 0.4692236 0.5173103 0.5173103 0.5173103 0.5173103 0.5173103 0.5173103 0.5173103 0.5173103 0.5173103 0.5173103 0.5173103 0.4826938 0.4209723 0.4184928 0.4184928 0.4184928 0.4184928 0.4184928 0.4184928 0.4184928 0.4184928 0.4184928 0.4184928 0.4184928 0.4184928 0.4184928 0.4184928 0.4184928 0.4184928 0.4184928 0.4184928 0.4184928 0.4184928 0.4168083 0.4017348 0.3962212 0.3962212 0.3962212 0.3962212 0.3962212 0.3962212 0.401579 0.4731027 0.5278157 0.5331711 0.5331711 0.5331711 0.5331711 0.5331711 0.5331711 0.5331711 0.5331711 0.5331711 0.5331711 0.5331711 0.5331711 0.5331711 0.5331711 0.5331711 0.5331711 0
0.2285165 0.2285165 0.2285165 0.2425511 0.5116016 0.5173103 0.5173103 0.5173103 0.5173103 0.5173103 0.5173103 0.5173103 0.5173103 0.5173103 0.5173103 0.5058367 0.4214351 0.4184929 0.4184928 0.4184928 0.4184928 0.4184928 0.4184928 0.4184928 0.4184928 0.4184929 0.4184928 0.4184928 0.4184928 0.4184928 0.4184928 0.4184928 0.4184928 0.4184928 0.4184928 0.4184928 0.4184928 0.4180793 0.4001716 0.3962212 0.3962212 0.3962212 0.3962212 0.3962212 0.3962212 0.3962212 0.3962212 0.3962212 0.4149488 0.4926045 0.5331598 0.5331711 0.5331711 0.5331711 0.5331711 0.5331711 0.5331711 0.5331711 0.5331711 0.5331711 0.5331711 0.5331711 0.5331711 0.5331711 0.6077657 0
0.2285165 0.2285165 0.2285165 0.2519414 0.517253 0.5173103 0.5173103 0.5173103 0.5173103 0.5173103 0.5173103 0.5173103 0.5173103 0.5173103 0.5173103 0.4843742 0.4184928 0.4184928 0.4184929 0.4184928 0.4184928 0.4184928 0.4184928 0.4184928 0.4184929 0.4184928 0.4184928 0.4184928 0.4184928 0.4184928 0.4184928 0.4184928 0.4184928 0.4184928 0.4184928 0.4184928 0.4184928 0.408086 0.3962212 0.3962212 0.3962212 0.3962212 0.3962212 0.3962212 0.3962212 0.3962212 0.3962212 0.3962212 0.3962212 0.3962212 0.4262051 0.5050811 0.5331711 0.5331711 0.5331711 0.5331711 0.5331711 0.5331711 0.5331711 0.5331711 0.5331711 0.5331711 0.5331711 0.5990894 0 0
0.2285165 0.2285165 0.2285165 0.2285165 0.4854212 0.5173103 0.5173102 0.5173103 0.5173103 0.5173103 0.5173102 0.5173103 0.5173103 0.5173102 0.5173103 0.4718793 0.4184928 0.4184928 0.4184928 0.4184928 0.4184928 0.4184928 0.4184928 0.4184928 0.4184928 0.4184929 0.4184928 0.4184928 0.4184928 0.4184928 0.4184928 0.4184928 0.4184928 0.4184928 0.4184928 0.4184928 0.4138711 0.3963666 0.3962212 0.3962212 0.3962212 0.3962212 0.3962212 0.3962212 0.3962212 0.3962212 0.3962212 0.3962212 0.3962212 0.3962212 0.3962212 0.3999125 0.4987332 0.5331711 0.5331711 0.5331711 0.5331711 0.5331711 0.5331711 0.5331711 0.5331711 0.548521 0 0 0 0
0.2285165 0.2285165 0.2285165 0.2285165 0.3783677 0.473471 0.5019225 0.5173103 0.5173103 0.5173103 0.5173103 0.5173103 0.5173103 0.5173103 0.5154505 0.4350525 0.4184928 0.4184928 0.4184928 0.4184928 0.4184928 0.4184928 0.4184928 0.4184928 0.4184928 0.4184928 0.4184928 0.4184928 0.4184928 0.4184928 0.4184928 0.4184928 0.4184928 0.4184928 0.4184928 0.4174723 0.3981699 0.3962212 0.3962212 0.3962212 0.3962213 0.3962212 0.3962212 0.3962212 0.3962212 0.3962212 0.3962212 0.3962212 0.3962212 0.3962212 0.3962212 0.3962212 0.4066659 0.4980556 0.5331711 0.5331711 0.5331711 0.5331711 0.5331711 0.5346941 0.6108581 0 0 0 0 0
0.2285165 0.2279959 0.217824 0 0 0 0 0 0 0 0 0 0 0 0 0 0.3491088 0.4113964 0.4184928 0.4184928 0.4184928 0.4184928 0.4184928 0.4184928 0.4184928 0.4184928 0.4184928 0.4184928 0.4184928 0.4184928 0.4184928 0.4184928 0.4184928 0.4184928 0.4184928 0.4071061 0.3962212 0.3962212 0.3962212 0.3962212 0.3962212 0.3962212 0.3962212 0.3962212 0.3962212 0.3962212 0.3962212 0.3962212 0.3962212 0.3962212 0.3962212 0.3962212 0.3962212 0.3972281 0.4559345 0.5265162 0.5331711 0.5331711 0.5626242 0 0 0 0 0 0 0
0.2269302 0 0 0 0 0 0 0 0 0 0 0 0 0 0 0 0 0 0.3767709 0.4184928 0.4184928 0.4184928 0.4184928 0.4184928 0.4184928 0.4184928 0.4184928 0.4184928 0.4184928 0.4184928 0.4184928 0.4184928 0.4184928 0.4184928 0.4162309 0.3967848 0.3962212 0.3962212 0.3962212 0.3962212 0.3962212 0.3962212 0.3962212 0.3962212 0.3962212 0.3962212 0.3962212 0.3962212 0.3962212 0.3962212 0.3962212 0.3962212 0.3962212 0.3962212 0.3962212 0.4101529 0.4859651 0.6340135 0 0 0 0 0 0 0 0
0 0 0 0 0 0 0 0 0 0 0 0 0 0 0 0 0 0 0 0.3887589 0.4184929 0.4184929 0.4184929 0.4184929 0.4184929 0.4184929 0.4184929 0.4184928 0.4184929 0.4184929 0.4184929 0.4184929 0.4184929 0.4184921 0.4017007 0.3962212 0.3962212 0.3962212 0.3962212 0.3962212 0.3962212 0.3962212 0.3962212 0.3962212 0.3962212 0.3962212 0.3962212 0.3962212 0.3962212 0.3962212 0.3962212 0.3962212 0.3962212 0.3962212 0.3962212 0.4367013 0 0 0 0 0 0 0 0 0 0
0 0 0 0 0 0 0 0 0 0 0 0 0 0 0 0 0 0 0 0 0 0.4068165 0.4184928 0.4184928 0.4184928 0.4184928 0.4184928 0.4184929 0.4184928 0.4184928 0.4184928 0.4184928 0.4184928 0.4149473 0.3962212 0.3962212 0.3962212 0.3962212 0.3962212 0.3962212 0.3962212 0.3962212 0.3962212 0.3962212 0.3962212 0.3962212 0.3962212 0.3962212 0.3962212 0.3962212 0.3962212 0.3962212 0.3971421 0.4712352 0 0 0 0 0 0 0 0 0 0 0 0
