Scenarios/Heterogeneous/data/country_data_population_distribution/processed/density_grids/mrt.asc
ncols 315
nrows 319
xllcorner -17
yllcorner 14
cellsize 0.041666666666667
NODATA_value -9999
[rows 168 to 195 of 319, columns 126 to 188 of 315]
0.09317924 0.09317924 0.09317924 0.09317923 0.09317924 0.09317924 0.09317924 0.09317924 0.09317924 0.09317923 0.09317924 0.09317924 0.09317924 0.09317924 0.09317923 0.09317924 0.09317924 0.09317924 0.09317924 0.09317924 0.09317924 0.09317924 0.09317924 0.09317924 0.09317924 0.09317924 0.09317924 0.09317924 0.09317924 0.09317924 0.09317924 0.09317924 0.09317924 0.09317924 0.09317923 0.09317924 0.09317924 0.09317924 0.09317924 0.09317924 0.09317923 0.09317924 0.09317924 0.09317924 0.09317924 0.09317924 0.09317924 0.09317924 0.09317924 0.09317924 0.09317924 0.09317924 0.09317924 0.09317924 0.09317924 0.09317924 0.09317924 0.09317924 0.09317924 0.09317924 0.09317924 0.09317924 0.09317924
0.09317924 0.09317923 0.09317923 0.09317923 0.09317924 0.09317923 0.09317923 0.09317923 0.09317923 0.09317923 0.09317924 0.09317923 0.09317923 0.09317923 0.09317923 0.09317923 0.09317923 0.09317924 0.09317923 0.09317923 0.09317923 0.09317923 0.09317923 0.09317924 0.09317923 0.09317924 0.09317923 0.09317923 0.09317923 0.09317923 0.09317923 0.09317924 0.09317923 0.09317924 0.09317923 0.09317923 0.09317923 0.09317923 0.09317923 0.09317924 0.09317923 0.09317923 0.09317923 0.09317923 0.09317923 0.09317924 0.09317923 0.09317923 0.09317923 0.09317924 0.09317923 0.09317923 0.09317923 0.09317923 0.09317923 0.09317923 0.09317923 0.09317923 0.09317924 0.09317923 0.09317923 0.09317923 0.09317923
0.09317923 0.09317923 0.09317923 0.09317923 0.09317923 0.09317923 0.09317923 0.09317923 0.09317923 0.09317923 0.09317923 0.09317923 0.09317923 0.09317923 0.09317924 0.09317923 0.09317923 0.09317923 0.09317923 0.09317923 0.09317923 0.09317923 0.09317923 0.09317923 0.09317923 0.09317923 0.09317923 0.09317923 0.09317923 0.09317923 0.09317923 0.09317923 0.09317923 0.09317923 0.09317924 0.09317923 0.09317923 0.09317923 0.09317923 0.09317923 0.09317924 0.09317923 0.09317923 0.09317923 0.09317923 0.09317923 0.09317923 0.09317923 0.09317923 0.09317924 0.09317923 0.09317923 0.09317923 0.09317923 0.09317923 0.09317923 0.09317923 0.09317923 0.09317923 0.09317923 0.09317923 0.09317923 0.09317924
0.09317923 0.09317924 0.09317924 0.09317924 0.09317923 0.09317924 0.09317923 0.09317924 0.09317924 0.09317924 0.09317923 0.09317924 0.09317923 0.09317923 0.09317924 0.09317923 0.09317924 0.09317923 0.09317924 0.09317923 0.09317924 0.09317924 0.09317923 0.09317924 0.09317924 0.09317923 0.09317924 0.09317924 0.09317924 0.09317923 0.09317924 0.09317923 0.09317923 0.09317923 0.09317924 0.09317923 0.09317923 0.09317923 0.09317924 0.09317923 0.09317924 0.09317923 0.09317924 0.09317923 0.09317924 0.09317923 0.09317924 0.09317924 0.09317924 0.09317923 0.09317924 0.09317923 0.09317924 0.09317924 0.09317923 0.09317923 0.09317924 0.09317924 0.09317923 0.09317924 0.09317924 0.09317924 0.09317923
0.09317923 0.09317923 0.09317923 0.09317923 0.09317923 0.09317923 0.09317923 0.09317923 0.09317923 0.09317923 0.09317923 0.09317923 0.09317923 0.09317923 0.09317924 0.09317923 0.09317923 0.09317923 0.09317923 0.09317923 0.09317923 0.09317923 0.09317923 0.09317923 0.09317923 0.09317923 0.09317923 0.09317923 0.09317923 0.09317923 0.09317923 0.09317923 0.09317923 0.09317923 0.09317923 0.09317923 0.09317923 0.09317923 0.09317923 0.09317923 0.09317923 0.09317923 0.09317923 0.09317923 0.09317923 0.09317923 0.09317923 0.09317923 0.09317923 0.09317923 0.09317923 0.09317923 0.09317923 0.09317923 0.09317923 0.09317923 0.09317923 0.09317923 0.09317923 0.09317923 0.09317923 0.09317923 0.09317923
0.09317923 0.09317924 0.09317924 0.09317924 0.09317924 0.09317924 0.09317924 0.09317924 0.09317924 0.09317924 0.09317924 0.09317924 0.09317924 0.09317924 0.09317924 0.09317923 0.09317924 0.09317923 0.09317924 0.09317923 0.09317924 0.09317924 0.09317924 0.09317923 0.09317924 0.09317923 0.09317924 0.09317924 0.09317924 0.09317923 0.09317924 0.09317923 0.09317924 0.09317923 0.09317924 0.09317923 0.09317924 0.09317923 0.09317924 0.09317923 0.09317924 0.09317923 0.09317924 0.09317923 0.09317924 0.09317924 0.09317924 0.09317924 0.09317924 0.09317924 0.09317924 0.09317924 0.09317924 0.09317924 0.09317924 0.09317924 0.09317924 0.09317924 0.09317923 0.09317924 0.09317924 0.09317924 0.09317923
0.09317923 0.09317923 0.09317924 0.09317923 0.09317923 0.09317924 0.09317923 0.09317923 0.09317924 0.09317924 0.09741184 0.1538371 0.2103126 0.2488825 0.2702886 0.2747812 0.2622 0.2326646 0.1856732 0.1210181 0.09317923 0.09317924 0.09317923 0.09317923 0.09317924 0.09317923 0.09317924 0.09317923 0.09317923 0.09317923 0.09317923 0.09317923 0.09317923 0.09317923 0.09317924 0.09317923 0.09317924 0.09317923 0.09317924 0.09317923 0.09317924 0.09317923 0.09317924 0.09317923 0.09317924 0.09317923 0.09317924 0.09317924 0.09317924 0.09317923 0.09317924 0.09317923 0.09317923 0.09317924 0.09317923 0.09317923 0.09317923 0.09317923 0.09317923 0.09317923 0.09317924 0.09317923 0.09317923
0.09317923 0.09317923 0.09317923 0.09317923 0.09317924 0.09317923 0.09317924 0.09317923 0.1153554 0.2234664 0.3160611 0.3356701 0.3356701 0.3356701 0.3356701 0.3356701 0.3356701 0.3356701 0.3356701 0.3347819 0.2768315 0.1693851 0.09400971 0.09317923 0.09317923 0.09317924 0.09317923 0.09317923 0.09317923 0.09317924 0.09317923 0.09317923 0.09317923 0.09317923 0.09317923 0.09317923 0.09317923 0.09317924 0.09317923 0.09317923 0.09317923 0.09317924 0.09317923 0.09317923 0.09317923 0.09317924 0.09317923 0.09317923 0.09317923 0.09317924 0.09317923 0.09317924 0.09317923 0.09317923 0.09317923 0.09317923 0.09317923 0.09317923 0.09317923 0.09317923 0.09317923 0.09317923 0.09317924
0.09340632 0.09317924 0.09317924 0.09317924 0.09317924 0.09317924 0.09448885 0.1982317 0.3237567 0.3356702 0.3356702 0.3356702 0.3356702 0.3356702 0.3356702 0.3356702 0.3356702 0.3356702 0.3356702 0.3356702 0.3356702 0.3356702 0.2783462 0.1291899 0.09317924 0.09317924 0.09317924 0.09317924 0.09317924 0.09317924 0.09317924 0.09317924 0.09317924 0.09317924 0.09317924 0.09317924 0.09317924 0.09317924 0.09317924 0.09317924 0.09317924 0.09317924 0.09317924 0.09317924 0.09317924 0.09317924 0.09317924 0.09317924 0.09317924 0.09317924 0.09317924 0.09317924 0.09317924 0.09317924 0.09317924 0.09317924 0.09317924 0.09317924 0.09317924 0.09317924 0.09317924 0.09317924 0.09317924
0.6171426 0.09860367 0.09317923 0.09317923 0.09317924 0.1022262 0.2592066 0.3356701 0.3356701 0.3356701 0.3356701 0.3356701 0.3356701 0.3356701 0.3356701 0.3356701 0.3356701 0.3356701 0.3356701 0.3356702 0.3356701 0.3356701 0.3356701 0.3234606 0.164847 0.09317924 0.09317923 0.09317923 0.09317923 0.09317923 0.09317923 0.09317923 0.09317923 0.09317924 0.09317924 0.09317924 0.09317923 0.09317924 0.09317923 0.09317924 0.09317924 0.09317924 0.09317923 0.09317924 0.09317923 0.09317924 0.09317923 0.09317923 0.09317923 0.09317924 0.09317923 0.09317923 0.09317923 0.09317923 0.09317923 0.09317924 0.09317923 0.09317923 0.09317924 0.09317923 0.09317923 0.09317923 0.09317923
1.025463 0.6885743 0.1106645 0.09317924 0.09880392 0.2709329 0.3356701 0.3356702 0.3356702 0.3356702 0.3356702 0.3356702 0.3356701 0.3356702 0.3356702 0.3356702 0.3356702 0.3356702 0.3356702 0.3356702 0.3356702 0.3356702 0.3356702 0.3356701 0.3309592 0.1657856 0.09317924 0.09317924 0.09317924 0.09317923 0.09317924 0.09317923 0.09317923 0.09317923 0.09317924 0.09317923 0.09317924 0.09317923 0.09317924 0.09317923 0.09317924 0.09317923 0.09317924 0.09317923 0.09317924 0.09317923 0.09317924 0.09317924 0.09317924 0.09317923 0.09317924 0.09317923 0.09317924 0.09317924 0.09317923 0.09317923 0.09317924 0.09317924 0.09317923 0.09317924 0.09317924 0.09317923 0.09317923
1.025463 1.025463 0.7531428 0.1295885 0.2313066 0.3356701 0.3356702 0.3356701 0.3356702 0.3356701 0.3356702 0.3356702 0.3356702 0.3356701 0.3356701 0.3356702 0.3356701 0.3356702 0.3356701 0.3356702 0.3356702 0.3356702 0.3356701 0.3356702 0.3356701 0.3238008 0.1298734 0.09317924 0.09317923 0.09317924 0.09317923 0.09317924 0.09317923 0.09317924 0.09317923 0.09317924 0.09317923 0.09317924 0.09317923 0.09317924 0.09317923 0.09317924 0.09317923 0.09317924 0.09317923 0.09317924 0.09317923 0.09317924 0.09317923 0.09317924 0.09317923 0.09317924 0.09317923 0.09317924 0.09317923 0.09317924 0.09317923 0.09317923 0.09317924 0.09317923 0.09317924 0.09317923 0.09317924
0.6546945 0.649508 0.6443216 0.4292934 0.312775 0.3356701 0.3356701 0.3356701 0.3356701 0.3356701 0.3356701 0.3356701 0.3356701 0.3356701 0.3356701 0.3356701 0.3356701 0.3356701 0.3356701 0.3356701 0.3356701 0.3356701 0.3356701 0.3356701 0.3356701 0.3356701 0.2772108 0.09353289 0.09317923 0.09317923 0.09317923 0.09317923 0.09317923 0.09317923 0.09317923 0.09317923 0.09317923 0.09317923 0.09317923 0.09317923 0.09317923 0.1012716 0.08814588 0.08815181 0.08815774 0.08816366 0.08816959 0.08817552 0.08818144 0.08818737 0.0881933 0.08819922 0.08820514 0.08821107 0.088217 0.08822292 0.08822885 0.08823478 0.08824071 0.08824664 0.08825256 0.08825849 0.08826441
0.09657535 0.09657535 0.09657535 0.09657535 0.1375289 0.3099502 0.3356701 0.3356701 0.3356701 0.3356701 0.3356701 0.3356701 0.3356701 0.3356701 0.3356701 0.3356701 0.3356701 0.3356701 0.3356701 0.3356701 0.3356701 0.3356701 0.3356701 0.3356701 0.3356701 0.3356701 0.3356701 0.1609212 0.09317923 0.09317923 0.09317923 0.09317924 0.09317923 0.09317923 0.09317924 0.09317923 0.09317923 0.09317924 0.09317923 0.09317924 0.2551371 1.260797 0.03480933 0.03480933 0.03480933 0.03480933 0.03480933 0.03480933 0.03480933 0.03480933 0.03480933 0.03480933 0.03480933 0.03480933 0.03480933 0.03480933 0.03480933 0.03480933 0.03480933 0.03480933 0.03480933 0.03480933 0.03480933
0.09657535 0.09657536 0.09657535 0.09657536 0.09657535 0.1252001 0.2982057 0.3356701 0.3356701 0.3356701 0.3356701 0.3356701 0.3356701 0.3356701 0.3356701 0.3356701 0.3356701 0.3356701 0.3356701 0.3356701 0.3356701 0.3356701 0.3356701 0.3356702 0.3356701 0.3356701 0.3356701 0.2575755 0.09317923 0.09317923 0.09317923 0.09317923 0.09317923 0.09317923 0.09317923 0.09317923 0.09317923 0.09317923 0.09317923 0.5196285 1.63896 1.725714 0.03480933 0.03480933 0.03480933 0.03480933 0.03480933 0.03480933 0.03480933 0.03480933 0.03480933 0.03480933 0.03480933 0.03480933 0.03480933 0.03480933 0.03480933 0.03480933 0.03480933 0.03480933 0.03480933 0.03480933 0.03480933
0.09657536 0.09657535 0.09657536 0.09657535 0.09657536 0.09657536 0.1150733 0.2842591 0.3356701 0.3356701 0.3356701 0.3356701 0.3356701 0.3356701 0.3356701 0.3356701 0.3356701 0.3356701 0.3356701 0.3356701 0.3356701 0.3356701 0.3356701 0.3356701 0.3356701 0.3356701 0.3356701 0.324049 0.09663473 0.09317924 0.09317924 0.09317923 0.09317923 0.09317923 0.09317923 0.09317924 0.09317924 0.1023453 0.9005367 1.779347 1.803324 1.760297 0.03480933 0.03480933 0.03480933 0.03480933 0.03480933 0.03480933 0.03480933 0.03480933 0.03480933 0.03480933 0.03480933 0.03480933 0.03480933 0.03480933 0.03480933 0.03480933 0.03480933 0.03480933 0.03480933 0.03480933 0.03480933
0.09657536 0.09657535 0.09657535 0.09657535 0.09657536 0.09657535 0.09657536 0.1071486 0.2681105 0.3356701 0.3356701 0.3356701 0.3356701 0.3356701 0.3356701 0.3356701 0.3356701 0.3356701 0.3356701 0.3356701 0.3356701 0.3356701 0.3356701 0.3356701 0.3356701 0.3356701 0.3356701 0.3356701 0.1305735 0.09317924 0.09317923 0.09317924 0.09317924 0.09317924 0.09317923 0.09317924 0.2131284 1.296239 1.803324 1.803324 1.803324 1.793748 0.03594098 0.03480933 0.03480933 0.03480933 0.03480933 0.03480933 0.03480933 0.03480933 0.03480933 0.03480933 0.03480933 0.03480933 0.03480933 0.03480933 0.03480933 0.03480933 0.03480933 0.03480933 0.03480933 0.03480933 0.03480933
0.09657535 0.09657535 0.09657535 0.09657535 0.09657535 0.09657535 0.09657535 0.09657535 0.1014258 0.2497598 0.3356702 0.3356701 0.3356701 0.3356701 0.3356701 0.3356701 0.3356701 0.3356701 0.3356701 0.3356701 0.3356701 0.3356701 0.3356701 0.3356701 0.3356701 0.3356701 0.3356701 0.3356701 0.1519825 0.09317924 0.09317923 0.09317924 0.09317923 0.09317923 0.09317923 0.4495034 1.590325 1.803324 1.803324 1.803324 1.803324 1.803323 0.0609482 0.03480933 0.03480933 0.03480933 0.03480933 0.03480933 0.03480933 0.03480933 0.03480933 0.03480933 0.03480933 0.03480933 0.03480933 0.03480933 0.03480933 0.03480933 0.03480933 0.03480933 0.03480933 0.03480933 0.03480933
0.09657535 0.09657536 0.09657536 0.09657536 0.09657535 0.09657536 0.09657536 0.09657536 0.09657536 0.09790505 0.2292073 0.3356702 0.3356701 0.3356702 0.3356702 0.3356701 0.3356702 0.3356701 0.3356702 0.3356701 0.3356702 0.3356702 0.3356702 0.3356701 0.3356702 0.3356701 0.3356702 0.3356702 0.1399901 0.09317923 0.09317924 0.09317923 0.09317924 0.09475015 0.8098918 1.758827 1.803324 1.803324 1.803324 1.803324 1.803324 1.803324 0.09553109 0.03480933 0.03480933 0.03480933 0.03480933 0.03480933 0.03480933 0.03480933 0.03480933 0.03480933 0.03480933 0.03480933 0.03480933 0.03480933 0.03480933 0.03480933 0.03480933 0.03480933 0.03480933 0.03480933 0.03480933
0.09657535 0.09657535 0.09657536 0.09657536 0.09657535 0.09657536 0.09657535 0.09657536 0.09657535 0.09657536 0.09658614 0.2073468 0.3334742 0.3356701 0.3356701 0.3356701 0.3356701 0.3356701 0.3356701 0.3356701 0.3356701 0.3356701 0.3356701 0.3356701 0.3356701 0.3356701 0.3356701 0.322242 0.09640753 0.09317923 0.09317923 0.09317923 0.1774146 1.213192 1.803324 1.803324 1.803324 1.803324 1.803324 1.803324 1.803324 1.803324 0.130114 0.03480933 0.03480933 0.03480933 0.03480933 0.03480933 0.03480933 0.03480933 0.03480933 0.03480933 0.03480933 0.03480933 0.03480933 0.03480933 0.03480933 0.03480933 0.03480933 0.03480933 0.03480933 0.03480933 0.03480933
0.09657535 0.09657535 0.09657536 0.09657535 0.09657535 0.09657535 0.09657535 0.09657535 0.09657535 0.09657536 0.09657535 0.09657535 0.1058954 0.1441479 0.1844668 0.2247874 0.2812648 0.3356701 0.3356701 0.3356701 0.3356701 0.3356701 0.3356701 0.3356701 0.3356701 0.3356701 0.3356701 0.265822 0.09317924 0.09317923 0.09317924 0.09317923 1.036048 1.803324 1.803324 1.803324 1.803324 1.803324 1.803324 1.803324 1.803324 1.803324 0.1646969 0.03480933 0.03480933 0.03480933 0.03480933 0.03480933 0.03480933 0.03480933 0.03480933 0.03480933 0.03480933 0.03480933 0.03480933 0.03480933 0.03480933 0.03480933 0.03480933 0.03480933 0.03480933 0.03480933 0.03480933
0.09657535 0.09657536 0.09657536 0.09657536 0.09657536 0.09657536 0.09657535 0.09657536 0.09657536 0.09657536 0.09657536 0.09657536 0.09657535 0.09657536 0.09657536 0.09657535 0.101271 0.2766912 0.3356701 0.3356701 0.3356701 0.3356701 0.3356701 0.3356701 0.3356701 0.3356701 0.3356701 0.2061737 0.09317923 0.09317923 0.09317923 0.09317923 1.38259 1.803324 1.803324 1.803324 1.803324 1.803324 1.803324 1.803324 1.803324 1.803324 0.1992798 0.03480933 0.03480933 0.03480933 0.03480933 0.03480933 0.03480933 0.03480933 0.03480933 0.03480933 0.03480933 0.03480933 0.03480933 0.03480933 0.03480933 0.03480933 0.03480933 0.03480933 0.03480933 0.03480933 0.03480933
0.09657535 0.09657535 0.09657536 0.09657536 0.09657535 0.09657536 0.09657535 0.09657536 0.09657536 0.09657535 0.09657535 0.09657536 0.09657535 0.09657535 0.09657536 0.09657535 0.09657536 0.1164781 0.306668 0.3356701 0.3356701 0.3356701 0.3356701 0.3356701 0.3356701 0.3356701 0.3356701 0.1412911 0.09317924 0.09317923 0.09317924 0.104642 1.710415 1.803324 1.803324 1.803324 1.803324 1.803324 1.803324 1.803324 1.803324 1.803324 0.2338627 0.03480933 0.03480933 0.03480933 0.03480933 0.03480933 0.03480933 0.03480933 0.03480933 0.03480933 0.03480933 0.03480933 0.03480933 0.03480933 0.03480933 0.03480933 0.03480933 0.03480933 0.03480933 0.03480933 0.03480933
0.09657535 0.09657535 0.09657535 0.09657535 0.09657535 0.09657535 0.09657535 0.09657535 0.09657535 0.09657535 0.09657535 0.09657535 0.09657535 0.09657535 0.09657535 0.09657535 0.09657535 0.09657535 0.1422135 0.3261164 0.3356701 0.3356701 0.3356701 0.3356701 0.3444548 0.462671 0.4600763 0.2078982 0.09443574 0.09317923 0.09317923 0.35102 1.803324 1.803324 1.803324 1.803324 1.803324 1.803324 1.803324 1.803324 1.803324 1.803324 0.2684457 0.03480933 0.03480933 0.03480933 0.03480933 0.03480933 0.03480933 0.03480933 0.03480933 0.03480933 0.03480933 0.03480933 0.03480933 0.03480933 0.03480933 0.03480933 0.03480933 0.03480933 0.03480933 0.03480933 0.03480933
0.09657536 0.09657535 0.09657536 0.09657535 0.09657536 0.09657535 0.09657536 0.09657535 0.09657535 0.09657535 0.09657536 0.09657535 0.09657536 0.09657535 0.09657536 0.09657535 0.09657535 0.09657536 0.09657535 0.178478 0.3350359 0.3356702 0.3356702 0.3754655 0.5130643 0.5462431 0.5462431 0.5462431 0.4735451 0.2886558 0.1213398 0.690307 1.803324 1.803324 1.803324 1.803324 1.803324 1.803324 1.803324 1.803324 1.803324 1.803324 0.3030287 0.03480933 0.03480933 0.03480933 0.03480933 0.03480933 0.03480933 0.03480933 0.03480933 0.03480933 0.03480933 0.03480933 0.03480933 0.03480933 0.03480933 0.03480933 0.03480933 0.03480933 0.03480933 0.03480933 0.03480933
0.09657536 0.09657536 0.09657536 0.09657536 0.09657536 0.09657536 0.09657536 0.09657536 0.09657536 0.09657536 0.09657536 0.09657535 0.09657536 0.09657536 0.09657535 0.09657536 0.09657535 0.09657536 0.09657535 0.09657536 0.2230276 0.3365321 0.4279834 0.5404066 0.5462431 0.5462431 0.5462431 0.5462431 0.5462431 0.5462431 0.5273989 1.154351 1.803324 1.803324 1.803324 1.803324 1.803324 1.803324 1.803323 1.803324 1.803324 1.803324 0.3376117 0.03480933 0.03480933 0.03480933 0.03480933 0.03480933 0.03480933 0.03480933 0.03480933 0.03480933 0.03480933 0.03480933 0.03480933 0.03480933 0.03480933 0.03480933 0.03480933 0.03480933 0.03480933 0.03480933 0.03480933
0.09657535 0.09657535 0.09657535 0.09657535 0.09657534 0.09657535 0.09657535 0.09657535 0.09657535 0.09657535 0.09657535 0.09657535 0.09657535 0.09657535 0.09657535 0.09657535 0.09657535 0.09657535 0.09657535 0.09657535 0.1533685 0.4722407 0.5462431 0.5462431 0.5462431 0.5462431 0.5462431 0.5462431 0.5462431 0.5462431 0.5462431 1.409662 1.803324 1.803324 1.803324 1.803324 1.803324 1.803324 1.803324 1.803324 1.803324 1.803324 0.3721947 0.03480933 0.03480933 0.03480933 0.03480933 0.03480933 0.03480933 0.03480933 0.03480933 0.03480933 0.03480933 0.03480933 0.03480933 0.03480933 0.03480933 0.03480933 0.03480933 0.03480933 0.03480933 0.03480933 0.03480933
0.09657535 0.09657536 0.09657536 0.09657536 0.09657535 0.09657535 0.09657535 0.09657536 0.09657536 0.09657536 0.09657535 0.09657536 0.09657535 0.09657536 0.09657536 0.09657535 0.09657535 0.09657535 0.1074283 0.309804 0.5278469 0.5462431 0.5462431 0.5462431 0.5462431 0.5462431 0.5462431 0.5462431 0.5462431 0.5462431 0.5462431 1.592682 1.803324 1.803323 1.803324 1.803323 1.803324 1.803323 1.803324 1.803323 1.803324 1.803323 0.4067777 0.03480933 0.03480933 0.03480933 0.03480933 0.03480933 0.03480933 0.03480933 0.03480933 0.03480933 0.03480933 0.03480933 0.03480933 0.03480933 0.03480933 0.03480933 0.03480933 0.03480933 0.03480933 0.03480933 0.03480933
