Scenarios/Heterogeneous/data/country_data_population_distribution/processed/density_grids/mrt.asc
ncols 315
nrows 319
xllcorner -17
yllcorner 14
cellsize 0.041666666666667
NODATA_value -9999
[rows 224 to 251 of 319, columns 189 to 251 of 315]
0.03480933 0.03480933 0.03480933 0.03480933 0.03480933 0.03480933 0.03480933 0.03480933 0.03480933 0.03480933 0.03480933 0.03480933 0.03480933 0.03480933 0.03480933 0.03480933 0.03480933 0.03480933 0.03480933 0.03480933 0.03480933 0.03480933 0.03480933 0.03480933 0.03480933 0.03480933 0.03480933 0.03480933 0.03480933 0.03480933 0.03480933 0.03702858 0.119203 0.1308244 0.1308243 0.1308243 0.1308243 0.1308244 0.1308243 0.1308243 0.1308244 0.1308243 0.1308243 0.1308243 0.1308244 0.1308243 0.1308244 0.1308243 0.1308244 0.1308243 0.1308243 0.1308244 0.1308244 0.1308243 0.1308244 0.1308243 0.1308244 0.1308243 0.1308244 0.1308243 0.1308244 0.1308243 0.1308243
0.03480933 0.03480933 0.03480933 0.03480933 0.03480933 0.03480933 0.03480933 0.03480933 0.03480933 0.03480933 0.03480933 0.03480933 0.03480933 0.03480933 0.03480933 0.03480933 0.03480933 0.03480933 0.03480933 0.03480933 0.03480933 0.03480933 0.03480933 0.03480933 0.03480933 0.03480933 0.03480933 0.03480933 0.03480933 0.03480933 0.03480933 0.07340284 0.1308243 0.1308244 0.1308243 0.1308243 0.1308243 0.1308243 0.1308243 0.1308243 0.1308243 0.1308243 0.1308243 0.1308243 0.1308243 0.1308243 0.1308243 0.1308243 0.1308243 0.1308243 0.1308243 0.1308243 0.1308243 0.1308243 0.1308243 0.1308243 0.1308243 0.1308243 0.1308243 0.1308243 0.1308243 0.1308243 0.1308243
0.03480933 0.03480933 0.03480933 0.03480933 0.03480933 0.03480933 0.03480933 0.03480933 0.03480933 0.03480933 0.03480933 0.03480933 0.03480933 0.03480933 0.03480933 0.03480933 0.03480933 0.03480933 0.03480933 0.03480933 0.03480933 0.03480933 0.03480933 0.03480933 0.03480933 0.03480933 0.03480933 0.03480933 0.03480933 0.03480933 0.03702132 0.1191864 0.1308243 0.1308244 0.1308243 0.1308243 0.1308243 0.1308243 0.1308243 0.1308243 0.1308243 0.1308243 0.1308243 0.1308243 0.1308243 0.1308243 0.1308244 0.1308243 0.1308243 0.1308243 0.1308243 0.1308243 0.1308243 0.1308243 0.1308244 0.1308243 0.1308243 0.1308243 0.1308244 0.1308243 0.1308244 0.1308243 0.1308243
0.03480933 0.03480933 0.03480933 0.03480933 0.03480933 0.03480933 0.03480933 0.03480933 0.03480933 0.03480933 0.03480933 0.03480933 0.03480933 0.03480933 0.03480933 0.03480933 0.03480933 0.03480933 0.03480933 0.03480933 0.03480933 0.03480933 0.03480933 0.03480933 0.03480933 0.03480933 0.03480933 0.03480933 0.03480933 0.03480933 0.07337895 0.1308244 0.1308244 0.1308243 0.1308244 0.1308244 0.1308244 0.1308243 0.1308244 0.1308244 0.1308243 0.1308244 0.1308244 0.1308244 0.1308243 0.1308244 0.1308243 0.1308244 0.1308244 0.1308244 0.1308243 0.1308244 0.1308243 0.1308244 0.1308243 0.1308243 0.1308243 0.1308244 0.1308243 0.1308243 0.1308243 0.1308244 0.1308244
0.03480933 0.03480933 0.03480933 0.03480933 0.03480933 0.03480933 0.03480933 0.03480933 0.03480933 0.03480933 0.03480933 0.03480933 0.03480933 0.03480933 0.03480933 0.03480933 0.03480933 0.03480933 0.03480933 0.03480933 0.03480933 0.03480933 0.03480933 0.03480933 0.03480933 0.03480933 0.03480933 0.03480933 0.03480933 0.03701407 0.1191698 0.1308243 0.1308243 0.1308243 0.1308243 0.1308243 0.1308243 0.1308243 0.1308243 0.1308243 0.1308243 0.1308243 0.1308243 0.1308243 0.1308243 0.1308243 0.1308243 0.1308243 0.1308243 0.1308243 0.1308243 0.1308243 0.1308243 0.1308243 0.1308243 0.1308243 0.1308243 0.1308243 0.1308244 0.1308243 0.1308243 0.1308243 0.1308243
0.03480933 0.03480933 0.03480933 0.03480933 0.03480933 0.03480933 0.03480933 0.03480933 0.03480933 0.03480933 0.03480933 0.03480933 0.03480933 0.03480933 0.03480933 0.03480933 0.03480933 0.03480933 0.03480933 0.03480933 0.03480933 0.03480933 0.03480933 0.03480933 0.03480933 0.03480933 0.03480933 0.03480933 0.03480933 0.07335506 0.1308243 0.1308243 0.1308243 0.1308243 0.1308243 0.1308243 0.1308243 0.1308243 0.1308243 0.1308243 0.1308243 0.1308243 0.1308243 0.1308243 0.1308243 0.1308243 0.1308243 0.1308243 0.1308243 0.1308243 0.1308243 0.1308243 0.1308243 0.1308243 0.1308243 0.1308243 0.1308243 0.1308243 0.1308243 0.1308243 0.1308243 0.1308243 0.1308243
0.03480933 0.03480933 0.03480933 0.03480933 0.03480933 0.03480933 0.03480933 0.03480933 0.03480933 0.03480933 0.03480933 0.03480933 0.03480933 0.03480933 0.03480933 0.03480933 0.03480933 0.03480933 0.03480933 0.03480933 0.03480933 0.03480933 0.03480933 0.03480933 0.03480933 0.03480933 0.03480933 0.03480933 0.03700683 0.1191531 0.1308243 0.1308243 0.1308243 0.1308243 0.1308243 0.1308243 0.1308243 0.1308243 0.1308243 0.1308243 0.1308243 0.1308243 0.1308243 0.1308243 0.1308243 0.1308243 0.1308243 0.1308243 0.1308243 0.1308243 0.1308243 0.1308243 0.1308243 0.1308243 0.1308243 0.1308243 0.1308243 0.1308243 0.1308243 0.1308243 0.1308243 0.1308243 0.1308243
0.03480933 0.03480933 0.03480933 0.03480933 0.03480933 0.03480933 0.03480933 0.03480933 0.03480933 0.03480933 0.03480933 0.03480933 0.03480933 0.03480933 0.03480933 0.03480933 0.03480933 0.03480933 0.03480933 0.03480933 0.03480933 0.03480933 0.03480933 0.03480933 0.03480933 0.03480933 0.03480933 0.03480933 0.07333115 0.1308243 0.1308243 0.1308243 0.1308243 0.1308243 0.1308243 0.1308243 0.1308243 0.1308243 0.1308243 0.1308243 0.1308243 0.1308243 0.1308243 0.1308243 0.1308243 0.1308243 0.1308243 0.1308243 0.1308243 0.1308243 0.1308243 0.1308243 0.1308243 0.1308243 0.1308243 0.1308243 0.1308243 0.1308243 0.1308243 0.1308243 0.1308243 0.1308243 0.1308243
0.03480933 0.03480933 0.03480933 0.03480933 0.03480933 0.03480933 0.03480933 0.03480933 0.03480933 0.03480933 0.03480933 0.03480933 0.03480933 0.03480933 0.03480933 0.03480933 0.03480933 0.03480933 0.03480933 0.03480933 0.03480933 0.03480933 0.03480933 0.03480933 0.03480933 0.03480933 0.03480933 0.03699961 0.1191364 0.1308243 0.1308243 0.1308243 0.1308243 0.1308243 0.1308243 0.1308243 0.1308243 0.1308243 0.1308243 0.1308243 0.1308243 0.1308243 0.1308243 0.1308243 0.1308243 0.1308243 0.1308243 0.1308243 0.1308243 0.1308243 0.1308243 0.1308243 0.1308243 0.1308243 0.1308243 0.1308243 0.1308243 0.1308243 0.1308243 0.1308243 0.1308243 0.1308243 0.1308243
0.03480933 0.03480933 0.03480933 0.04645865 0.08764224 0.1302745 0.1729062 0.2155373 0.2581677 0.4729661 0.1488556 0.03480933 0.03480933 0.03480933 0.03480933 0.03480933 0.03480933 0.03480933 0.03480933 0.03480933 0.03480933 0.03480933 0.03480933 0.03480933 0.03480933 0.03480933 0.03480933 0.07330727 0.1308243 0.1308243 0.1308243 0.1308243 0.1308243 0.1308243 0.1308243 0.1308243 0.1308243 0.1308243 0.1308243 0.1308243 0.1308243 0.1308243 0.1308243 0.1308243 0.1308243 0.1308243 0.1308243 0.1308243 0.1308243 0.1308243 0.1308243 0.1308244 0.1308243 0.1308243 0.1308243 0.1308243 0.1308243 0.1308244 0.1308243 0.1308243 0.1308243 0.1308243 0.1308243
0.5921929 0.6348179 0.6774423 0.7084193 0.7098683 0.7098684 0.7098683 0.7098683 0.7098683 1.67934 1.89311 1.107769 0.2507326 0.03480934 0.03480933 0.03480934 0.03480933 0.03480933 0.03480933 0.03480934 0.03480933 0.03480934 0.03480933 0.03480934 0.03480933 0.03480933 0.0369924 0.1191198 0.1308243 0.1308243 0.1308243 0.1308243 0.1308243 0.1308244 0.1308243 0.1308243 0.1308243 0.1308244 0.1308243 0.1308243 0.1308244 0.1308243 0.1308243 0.1308243 0.1308243 0.1308243 0.1308244 0.1308243 0.1308243 0.1308243 0.1308243 0.1308243 0.1308244 0.1308243 0.1308243 0.1308243 0.1308244 0.1308243 0.1308244 0.1308243 0.1308244 0.1308243 0.1308244
0.7098684 0.7098683 0.7098684 0.7098684 0.7098684 0.7098684 0.7098684 0.7098683 0.9235709 2.000899 2.00393 2.00393 1.96152 1.278049 0.3848502 0.03480933 0.03480933 0.03480933 0.03480933 0.03480933 0.03480933 0.03480933 0.03480933 0.03480933 0.03480933 0.03480933 0.07328337 0.1308243 0.1308244 0.1308244 0.1308244 0.1308243 0.1308244 0.1308243 0.1308244 0.1308244 0.1308243 0.1308243 0.1308244 0.1308243 0.1308243 0.1308244 0.1308243 0.1308244 0.1308243 0.1308244 0.1308243 0.1308244 0.1308243 0.1308244 0.1308243 0.1308243 0.1308243 0.1308244 0.1308243 0.1308244 0.1308243 0.1308243 0.1308243 0.1308244 0.1308243 0.1308244 0.1308243
0.7098683 0.7098683 0.7098683 0.7098683 0.7098683 0.7098683 0.7098683 0.7098683 1.455801 2.00393 2.00393 2.00393 2.00393 2.00393 1.978283 0.8586147 0.317702 0.03495183 0.03480933 0.03480933 0.03480933 0.03480933 0.03480933 0.03480933 0.03480933 0.0369852 0.1191031 0.1308243 0.1308243 0.1308243 0.1308243 0.1308243 0.1308243 0.1308243 0.1308243 0.1308243 0.1308243 0.1308243 0.1308243 0.1308243 0.1308243 0.1308243 0.1308243 0.1308243 0.1308243 0.1308243 0.1308243 0.1308243 0.1308243 0.1308243 0.1308243 0.1308243 0.1308243 0.1308243 0.1308243 0.1308243 0.1308243 0.1308243 0.1308243 0.1308243 0.1308243 0.1308243 0.1308243
0.7098683 0.7098684 0.7098683 0.7098683 0.7098683 0.7098684 0.7098684 0.7704966 1.930434 2.00393 2.00393 2.00393 2.00393 2.00393 1.98631 1.191615 1.191615 0.9334537 0.3926913 0.0418713 0.03480933 0.03480933 0.03480933 0.03480933 0.03480933 0.07325947 0.1308243 0.1308244 0.1308243 0.1308244 0.1308244 0.1308243 0.1308243 0.1308244 0.1308243 0.1308243 0.1308243 0.1308244 0.1308243 0.1308244 0.1308244 0.1308243 0.1308244 0.1308243 0.1308243 0.1308243 0.1308244 0.1308243 0.1308244 0.1308243 0.1308244 0.1308243 0.1308244 0.1308243 0.1308243 0.1308243 0.1308244 0.1308244 0.1308244 0.1308244 0.1308244 0.1308243 0.1308244
0.7098684 0.7098684 0.7098684 0.7098684 0.7098684 0.7098684 0.7098683 1.232262 2.00393 2.00393 2.00393 2.00393 2.00393 2.00393 1.989134 1.191615 1.191615 1.191615 1.191615 1.001516 0.4676796 0.05918692 0.03480933 0.03480933 0.03697801 0.1190864 0.1308244 0.1308244 0.1308244 0.1308244 0.1308244 0.1308244 0.1308243 0.1558653 0.4145878 0.730526 0.8736274 0.1335802 0.1308243 0.1308244 0.1308244 0.1308244 0.1308244 0.1308244 0.1308244 0.1308244 0.1308244 0.1308244 0.1308244 0.1308243 0.1308244 0.1308244 0.1308244 0.1308244 0.1308244 0.1308243 0.1308244 0.1308244 0.1308244 0.1308244 0.1308244 0.1308243 0.1308244
0.7098683 0.7098684 0.7098683 0.7098683 0.7098683 0.7098684 0.7107785 1.766613 2.00393 2.00393 2.00393 2.00393 2.00393 2.00393 1.991957 1.191615 1.191615 1.191615 1.191615 1.191615 1.191615 1.059184 0.5426666 0.08689849 0.07323557 0.1308244 0.1565849 0.4163823 0.7323203 1.048248 1.364166 1.680073 1.99597 2.286822 2.344035 2.344035 2.344035 1.280681 0.1308243 0.1308243 0.1308244 0.1308243 0.1308244 0.1308243 0.1308244 0.1308243 0.1308244 0.1308243 0.1308243 0.1308243 0.1308244 0.1308243 0.1308244 0.1308243 0.1308244 0.1308243 0.1308244 0.1308243 0.1308243 0.1308243 0.1308244 0.1308243 0.1308244
0.7098684 0.7098683 0.7098684 0.7098684 0.7098684 0.7098683 1.008723 2.00393 2.00393 2.00393 2.00393 2.00393 2.00393 2.00393 1.994781 1.191615 1.191615 1.191615 1.191615 1.191615 1.191615 1.191615 1.191615 1.106456 1.504522 1.997765 2.287897 2.344035 2.344035 2.344035 2.344035 2.344035 2.344035 2.344035 2.344035 2.344035 2.344035 2.343932 1.152806 0.1308243 0.1308243 0.1308243 0.1308243 0.1308243 0.1308243 0.1308243 0.1308243 0.1308243 0.1308243 0.1308243 0.1308243 0.1308243 0.1308243 0.1308243 0.1308243 0.1308243 0.1308243 0.1308243 0.1308243 0.1308243 0.1308243 0.1308243 0.1308243
0.7098683 0.7098683 0.7098684 0.7098684 0.7098684 0.7098683 1.543984 2.00393 2.00393 2.00393 2.00393 2.00393 2.00393 2.00393 1.997604 1.191615 1.191615 1.191615 1.191615 1.191615 1.191615 1.191615 1.191615 1.191615 1.879456 2.344035 2.344035 2.344035 2.344035 2.344035 2.344035 2.344035 2.344035 2.344035 2.344035 2.344035 2.344035 2.344035 2.33873 1.030029 0.1308243 0.1308244 0.1308243 0.1308243 0.1308243 0.1308243 0.1308243 0.1308244 0.1308243 0.1308243 0.1308243 0.1308243 0.1308243 0.1308243 0.1308243 0.1308243 0.1308243 0.1308244 0.1308243 0.1308244 0.1308243 0.1308243 0.1308243
0.7098683 0.7098684 0.7098683 0.7098683 0.7098683 0.8197332 1.969381 2.00393 2.00393 2.00393 2.00393 2.00393 2.00393 2.00393 2.000427 1.191615 1.191615 1.191615 1.191615 1.191615 1.191615 1.191615 1.191615 1.191615 1.65404 2.344035 2.344035 2.344035 2.344035 2.344035 2.344035 2.344035 2.344035 2.344035 2.344035 2.344035 2.344035 2.344035 2.344035 2.325674 0.9151068 0.1308243 0.1308243 0.1308243 0.1308243 0.1308243 0.1308243 0.1308243 0.1308244 0.1308243 0.1308243 0.1308244 0.1308243 0.1308243 0.1308243 0.1308243 0.1308243 0.1308243 0.1308243 0.1308243 0.1308243 0.1308243 0.1308243
0.7098683 0.7098683 0.7098684 0.7098683 0.7098683 1.320445 2.00393 2.00393 2.00393 2.00393 2.00393 2.00393 2.00393 2.00393 2.003156 1.19171 1.191615 1.191615 1.191615 1.191615 1.191615 1.191615 1.191615 1.191615 1.428624 2.344035 2.344035 2.344035 2.344035 2.344035 2.344035 2.344035 2.344035 2.344035 2.344035 2.344035 2.344035 2.344035 2.344035 2.344035 2.304765 0.8080382 0.1308243 0.1308243 0.1308243 0.1308243 0.1308243 0.1308243 0.1308243 0.1308243 0.1308243 0.1308243 0.1308243 0.1308243 0.1308243 0.1308244 0.1308243 0.1308243 0.1308243 0.1308243 0.1308243 0.1308244 0.1308243
0.9180015 0.9109349 0.9038685 0.8968019 0.8895394 1.842389 2.00393 2.00393 2.00393 2.00393 2.00393 2.00393 2.00393 2.00393 2.00393 1.193759 1.191615 1.191615 1.191615 1.191615 1.191615 1.191615 1.191615 1.191615 1.225886 2.321357 2.344035 2.344035 2.344035 2.344035 2.344035 2.344035 2.344035 2.344035 2.344035 2.344035 2.344035 2.344035 2.344035 2.344035 2.344035 2.276001 0.7088228 0.1308243 0.1308243 0.1308243 0.1308243 0.1308243 0.1308243 0.1308243 0.1308243 0.1308243 0.1308243 0.1308243 0.1308243 0.1308243 0.1308243 0.1308243 0.1308243 0.1308243 0.1308243 0.1308243 0.1308243
2.971118 2.971118 2.971118 2.971118 2.667607 2.00393 2.00393 2.00393 2.00393 2.00393 2.00393 2.00393 2.00393 2.00393 2.00393 1.196583 1.191615 1.191615 1.191615 1.191615 1.191615 1.191615 1.191615 1.191615 1.191615 2.130212 2.344035 2.344035 2.344035 2.344035 2.344035 2.344035 2.344035 2.344035 2.344035 2.344035 2.344035 2.344035 2.344035 2.344035 2.344035 2.344035 2.239384 0.6174619 0.1308243 0.1308243 0.1308243 0.1308243 0.1308243 0.1308243 0.1308243 0.1308243 0.1308243 0.1308243 0.1308243 0.1308243 0.1308243 0.1308243 0.1308243 0.1308243 0.1308243 0.1308243 0.1308243
2.971118 2.971118 2.971118 2.971118 2.243509 2.00393 2.00393 2.00393 2.00393 2.00393 2.00393 2.00393 2.00393 2.00393 2.00393 1.199406 1.191615 1.191615 1.191615 1.191615 1.191615 1.191615 1.191615 1.191615 1.191615 1.904796 2.344035 2.344035 2.344035 2.344035 2.344035 2.344035 2.344035 2.344035 2.344035 2.344035 2.344035 2.344035 2.344035 2.344035 2.344035 2.344035 2.344035 2.37177 0.798638 0.1308243 0.1308243 0.1308243 0.1308243 0.1308243 0.1308243 0.1308243 0.1308243 0.1308243 0.1308243 0.1308243 0.1308243 0.1308243 0.1308243 0.1308243 0.1308243 0.1308243 0.1308243
2.971118 2.971118 2.971118 4.660973 4.576091 2.00393 2.00393 2.00393 2.00393 2.00393 2.00393 2.00393 2.00393 2.00393 2.00393 1.202229 1.191615 1.191615 1.191615 1.191615 1.191615 1.191615 1.191615 1.191615 1.191615 1.67938 2.344035 2.344035 2.344035 2.344035 2.344035 2.344035 2.344035 2.344035 2.344035 2.344035 2.344035 2.344035 2.344035 2.344035 2.344035 2.344035 2.476513 3.61621 3.496259 0.6669944 0.1308243 0.1308243 0.1308243 0.1308243 0.1308243 0.1308243 0.1308243 0.1308243 0.1308243 0.1308243 0.1308243 0.1308243 0.1308243 0.1308243 0.1308243 0.1308243 0.1308243
2.971118 2.971118 2.971118 8.592828 8.913481 2.00393 2.00393 2.00393 2.00393 2.00393 2.00393 2.00393 2.00393 2.00393 2.00393 1.205053 1.191615 1.191615 1.191615 1.191615 1.191615 1.191615 1.191615 1.191615 1.191615 1.453964 2.344035 2.344035 2.344035 2.344035 2.344035 2.344035 2.344035 2.344035 2.344035 2.344035 2.344035 2.344035 2.344035 2.344035 2.344035 2.438533 3.55949 3.839995 3.839995 3.385278 0.5458129 0.1308243 0.1308243 0.1308243 0.1308243 0.1308243 0.1308243 0.1308243 0.1308243 0.1308243 0.1308243 0.1308243 0.1308243 0.1308243 0.1308243 0.1308243 0.1308243
2.971118 2.971118 2.97405 12.31912 12.74069 2.503271 2.00393 2.00393 2.00393 2.00393 2.00393 2.00393 2.00393 2.00393 2.00393 1.207876 1.191615 1.191615 1.191615 1.191615 1.191615 1.191615 1.191615 1.191615 1.191615 1.241284 2.331299 2.344035 2.344035 2.344035 2.344035 2.344035 2.344035 2.344035 2.344035 2.344035 2.344035 2.344035 2.344035 2.344035 2.406953 3.496369 3.839995 3.839995 3.839995 3.839995 3.258796 0.4401338 0.1308243 0.1308243 0.1308243 0.1308243 0.1308243 0.1308243 0.1308243 0.1308243 0.1308243 0.1308243 0.1308243 0.1308243 0.1308243 0.1308243 0.1308243
2.971118 2.971118 2.971118 12.21777 13.32463 6.24587 2.00393 2.00393 2.00393 2.00393 2.00393 2.00393 2.00393 2.00393 2.00393 1.210618 1.191615 1.191615 1.191615 1.191615 1.191615 1.191615 1.191615 1.191615 1.191615 1.191615 2.155552 2.344035 2.344035 2.344035 2.344035 2.344035 2.344035 2.344035 2.344035 2.344035 2.344035 2.344035 2.344035 2.381774 3.426849 3.839995 3.839995 3.839995 3.839995 3.839995 3.839995 3.116812 0.3499557 0.1308243 0.1308244 0.1308243 0.1308244 0.1308243 0.1308244 0.1308243 0.1308244 0.1308243 0.1308244 0.1308243 0.1308244 0.1308243 0.1308244
2.971118 2.971118 2.971118 10.69484 13.32464 10.57242 2.00393 2.00393 2.00393 2.00393 2.00393 2.00393 2.00393 2.00393 1.694191 1.191698 1.191615 1.191615 1.191615 1.191615 1.191615 1.191615 1.191615 1.191615 1.191615 1.191615 1.930136 2.344035 2.344035 2.344035 2.344035 2.344035 2.344035 2.344035 2.344035 2.344035 2.344035 2.344035 2.362995 3.350929 3.839995 3.839995 3.839995 3.839995 3.839995 3.839995 3.839995 3.839995 2.959325 0.27528 0.1308243 0.1308243 0.1308243 0.1308243 0.1308243 0.1308243 0.1308243 0.1308243 0.1308243 0.1308243 0.1308243 0.1308243 0.1308243
