Scenarios/Heterogeneous/data/country_data_population_distribution/processed/density_grids/mrt.asc
ncols 315
nrows 319
xllcorner -17
yllcorner 14
cellsize 0.041666666666667
NODATA_value -9999
[rows 140 to 167 of 319, columns 126 to 188 of 315]
0.3808743 0.3688807 0.2657005 0.1435839 0.04032505 0.02827987 0.02827987 0.02827987 0.02827987 0.02827987 0.02827987 0.02827987 0.02827987 0.02827987 0.02827987 0.02827987 0.02827987 0.02827987 0.02827987 0.02827987 0.02827987 0.02828142 0.02875472 0.02960177 0.03044878 0.03129577 0.03214273 0.03298966 0.03383656 0.03468344 0.03534765 0.03539753 0.03539753 0.03539753 0.03539754 0.03539753 0.03539753 0.03539753 0.03539753 0.03539753 0.03539754 0.03539753 0.03539753 0.03539753 0.03539754 0.03539753 0.03539753 0.03539753 0.03539753 0.03539753 0.03539753 0.03539753 0.03539753 0.03539753 0.03539753 0.03539753 0.03539753 0.03539753 0.03539753 0.03539753 0.03539753 0.03539753 0.03539753
0.3808744 0.3808743 0.3808743 0.3808743 0.36201 0.2519458 0.1298278 0.03498999 0.02827987 0.02827987 0.02827987 0.02827987 0.02827987 0.02837121 0.02909678 0.02994382 0.03079082 0.0316378 0.03248474 0.03333167 0.03417856 0.03502386 0.03539753 0.03539753 0.03539753 0.03539753 0.03539753 0.03539753 0.03539753 0.03539753 0.03539753 0.03539753 0.03539753 0.03539753 0.03539753 0.03539753 0.03539753 0.03539753 0.03539753 0.03539753 0.03539753 0.03539753 0.03539753 0.03539753 0.03539753 0.03539753 0.03539753 0.03539753 0.03539753 0.03539753 0.03539753 0.03539753 0.03539753 0.03539753 0.03539753 0.03539753 0.03539753 0.03539753 0.03539753 0.03539753 0.03539753 0.03539753 0.03539753
0.3808743 0.3808744 0.3808744 0.3808744 0.3808743 0.3808744 0.3808743 0.35359 0.1761016 0.03197982 0.03282676 0.03367367 0.03452054 0.03527607 0.03539753 0.03539753 0.03539753 0.03539753 0.03539753 0.03539753 0.03539753 0.03539753 0.03539753 0.03539753 0.03539753 0.03539753 0.03539753 0.03539753 0.03539753 0.03539753 0.03539753 0.03539753 0.03539753 0.03539753 0.03539753 0.03539753 0.03539753 0.03539753 0.03539753 0.03539753 0.03539753 0.03539753 0.03539753 0.03539753 0.03539753 0.03539753 0.03539753 0.03539753 0.03539753 0.03539753 0.03539753 0.03539753 0.03539753 0.03539753 0.03539753 0.03539753 0.03539753 0.03539753 0.03539753 0.03539753 0.03539753 0.03539753 0.03539753
0.3808744 0.3808743 0.3808744 0.3808743 0.3808744 0.3808744 0.3808744 0.3808743 0.1377113 0.03539753 0.03539754 0.03539754 0.03539754 0.03539754 0.03539753 0.03539754 0.03539753 0.03539754 0.03539753 0.03539754 0.03539753 0.03539754 0.03539753 0.03539754 0.03539753 0.03539754 0.03539753 0.03539754 0.03539753 0.03539754 0.03539753 0.03539754 0.03539753 0.03539754 0.03539753 0.03539754 0.03539753 0.03539754 0.03539753 0.03539754 0.03539753 0.03539754 0.03539753 0.03539754 0.03539754 0.03539754 0.03539754 0.03539754 0.03539753 0.03539754 0.03539754 0.03539754 0.03539754 0.03539754 0.03539753 0.03539754 0.03539753 0.03539754 0.03539754 0.03539753 0.03539754 0.03539754 0.03539754
0.3808744 0.3808743 0.3808743 0.3808743 0.3808744 0.3808743 0.3808744 0.2656712 0.04286291 0.03539753 0.03539753 0.03539753 0.03539753 0.03539754 0.03539753 0.03539753 0.03539754 0.03539753 0.03539753 0.03539753 0.03539753 0.03539754 0.03539753 0.03539753 0.03539753 0.03539753 0.03539753 0.03539753 0.03539753 0.03539753 0.03539753 0.03539753 0.03539753 0.03539753 0.03539753 0.03539753 0.03539753 0.03539753 0.03539754 0.03539753 0.03539753 0.03539753 0.03539753 0.03539753 0.03539753 0.03539753 0.03539753 0.03539753 0.03539753 0.03539753 0.03539753 0.03539753 0.03539753 0.03539754 0.03539753 0.03539753 0.03539753 0.03539753 0.03539753 0.03539753 0.03539754 0.03539753 0.03539753
0.3808743 0.3808743 0.3808743 0.3808743 0.3808743 0.3808743 0.3808743 0.08527267 0.03539754 0.03539754 0.03539753 0.03539754 0.03539753 0.03539754 0.03539754 0.03539753 0.03539754 0.03539753 0.03539754 0.03539753 0.03539754 0.03539754 0.03539754 0.03539753 0.03539754 0.03539753 0.03539754 0.03539754 0.03539754 0.03539753 0.03539754 0.03539753 0.03539754 0.03539753 0.03539754 0.03539753 0.03539754 0.03539753 0.03539754 0.03539753 0.03539754 0.03539753 0.03539754 0.03539753 0.03539754 0.03539753 0.03539754 0.03539754 0.03539754 0.03539753 0.03539754 0.03539753 0.03539754 0.03539754 0.03539754 0.03539753 0.03539754 0.03539754 0.03539753 0.03539754 0.03539754 0.03539754 0.03539753
0.3808744 0.3808743 0.3808743 0.3808743 0.3808744 0.3808743 0.3786034 0.03663153 0.03539753 0.03539753 0.03539754 0.03539753 0.03539754 0.03539753 0.03539753 0.03539754 0.03539753 0.03539754 0.03539753 0.03539754 0.03539753 0.03539753 0.03539753 0.03539754 0.03539753 0.03539754 0.03539753 0.03539753 0.03539753 0.03539754 0.03539753 0.03539754 0.03539753 0.03539754 0.03539753 0.03539754 0.03539753 0.03539754 0.03539753 0.03539754 0.03539753 0.03539754 0.03539753 0.03539754 0.03539753 0.03539754 0.03539753 0.03539753 0.03539753 0.03539753 0.03539753 0.03539753 0.03539753 0.03539753 0.03539753 0.03539754 0.03539753 0.03539754 0.03539754 0.03539753 0.03539753 0.03539753 0.03539754
0.5832483 0.5843984 0.5855484 0.5866985 0.5878485 0.5889986 0.5599313 0.03539754 0.03539754 0.03539754 0.03539753 0.03539754 0.03539753 0.03539754 0.03539754 0.03539753 0.03539754 0.03539753 0.03539754 0.03539753 0.03539754 0.03539754 0.03539754 0.03539753 0.03539754 0.03539753 0.03539754 0.03539754 0.03539754 0.03539753 0.03539754 0.03539753 0.03539754 0.03539753 0.03539754 0.03539753 0.03539754 0.03539753 0.03539754 0.03539753 0.03539753 0.03539753 0.03539754 0.03539753 0.03539754 0.03539753 0.03539754 0.03539754 0.03539754 0.03539753 0.03539754 0.03539753 0.03539754 0.03539754 0.03539754 0.03539753 0.03539753 0.03539754 0.03539753 0.03539754 0.03539754 0.03539754 0.03539753
0.6472726 0.6472726 0.6472726 0.6472726 0.6472726 0.6472726 0.5900108 0.07626195 0.05778751 0.04007863 0.03539753 0.03539753 0.03539753 0.03539753 0.03539753 0.03539753 0.03539753 0.03539753 0.03539753 0.03539753 0.03539753 0.03539753 0.03539753 0.03539753 0.03539753 0.03539753 0.03539753 0.03539753 0.03539753 0.03539753 0.03539753 0.03539753 0.03539753 0.03539753 0.03539753 0.03539753 0.03539753 0.03539753 0.03539753 0.03539753 0.03539753 0.03539753 0.03539753 0.03539753 0.03539753 0.03539753 0.03539753 0.03539753 0.03539753 0.03539753 0.03539753 0.03539753 0.03539753 0.03539753 0.03539753 0.03539753 0.03539753 0.03539753 0.03539753 0.03539753 0.03539753 0.03539753 0.03539753
0.6472726 0.6472726 0.6472726 0.6472726 0.6472726 0.6472726 0.5739578 0.09317924 0.09317923 0.09241223 0.07861943 0.0601452 0.04190747 0.03539754 0.03539754 0.03539753 0.03539754 0.03539753 0.03539754 0.03539753 0.03539754 0.03539754 0.03539754 0.03539753 0.03539754 0.03539753 0.03539754 0.03539754 0.03539754 0.03539753 0.03539754 0.03539753 0.03539754 0.03539753 0.03539754 0.03539753 0.03539754 0.03539753 0.03539754 0.03539753 0.03539754 0.03539753 0.03539754 0.03539753 0.03539754 0.03539753 0.03539754 0.03539754 0.03539754 0.03539753 0.03539754 0.03539753 0.03539754 0.03539754 0.03539754 0.03539753 0.03539754 0.03539754 0.03539753 0.03539754 0.03539754 0.03539754 0.03539753
0.6472726 0.6472726 0.6472726 0.6472726 0.6472726 0.6472726 0.5574077 0.09317923 0.09317923 0.09317923 0.09317924 0.09317923 0.09294114 0.08097688 0.06250285 0.04403721 0.03539753 0.03539754 0.03539753 0.03539753 0.03539753 0.03539753 0.03539753 0.03539754 0.03539753 0.03539754 0.03539753 0.03539753 0.03539753 0.03539753 0.03539753 0.03539754 0.03539753 0.03539754 0.03539753 0.03539754 0.03539753 0.03539754 0.03539753 0.03539754 0.03539754 0.03539753 0.03539753 0.03539754 0.03539753 0.03539754 0.03539753 0.03539753 0.03539753 0.03539754 0.03539753 0.03539754 0.03539753 0.03539754 0.03539753 0.03539754 0.03539753 0.03539753 0.03539753 0.03539753 0.03539753 0.03539753 0.03539754
0.6472726 0.6472726 0.6472726 0.6472726 0.6472726 0.6472726 0.5408574 0.09317923 0.09317923 0.09317923 0.09317923 0.09317923 0.09317923 0.09317923 0.09317923 0.0931692 0.08333431 0.06486049 0.04638503 0.03548033 0.03539754 0.03539754 0.03539754 0.03539753 0.03539754 0.03539753 0.03539754 0.03539754 0.03539754 0.03539754 0.03539754 0.03539753 0.03539754 0.03539753 0.03539754 0.03539753 0.03539754 0.03539753 0.03539754 0.03539753 0.03539754 0.03539753 0.03539754 0.03539753 0.03539754 0.03539753 0.03539754 0.03539754 0.03539754 0.03539753 0.03539754 0.03539753 0.03539754 0.03539754 0.03539754 0.03539753 0.03539754 0.03539754 0.03539753 0.03539754 0.03539754 0.03539754 0.03539753
0.6472726 0.6472726 0.6472726 0.6472726 0.6472726 0.6472726 0.5243072 0.09317923 0.09317923 0.09317923 0.09317923 0.09317923 0.09317923 0.09317923 0.09317924 0.09317923 0.09317923 0.09317923 0.09317923 0.08560893 0.0672181 0.04874285 0.03585401 0.03539753 0.03539753 0.03539753 0.03539753 0.03539753 0.03539753 0.03539753 0.03539753 0.03539753 0.03539753 0.03539753 0.03539753 0.03539753 0.03539753 0.03539753 0.03539753 0.03539753 0.03539753 0.03539753 0.03539753 0.03539753 0.03539753 0.03539753 0.03539753 0.03539753 0.03539753 0.03539753 0.03539753 0.03539753 0.03539753 0.03539753 0.03539753 0.03539753 0.03539753 0.03539753 0.03539753 0.03539753 0.03539753 0.03539753 0.03539753
0.6472726 0.6472726 0.6472726 0.6472726 0.6472726 0.6472726 0.5077569 0.09317924 0.09317924 0.09317924 0.09317923 0.09317923 0.09317923 0.09317923 0.09317923 0.09317923 0.09317924 0.09317923 0.09317924 0.09317923 0.09317924 0.09317924 0.07040223 0.03540871 0.03539753 0.03539754 0.03539753 0.03539754 0.03539754 0.03539754 0.03539753 0.03539754 0.03539754 0.03539754 0.03539753 0.03539754 0.03539754 0.03539754 0.03539753 0.03539754 0.03539753 0.03539754 0.03539753 0.03539754 0.03539754 0.03539754 0.03539754 0.03539754 0.03539754 0.03539754 0.03539754 0.03539754 0.03539754 0.03539754 0.03539754 0.03539754 0.03539754 0.03539754 0.03539754 0.03539754 0.03539754 0.03539754 0.03539754
0.6472726 0.6472726 0.6472726 0.6472726 0.6472726 0.6472726 0.4912067 0.09317923 0.09317923 0.09317924 0.09317923 0.09317923 0.09317923 0.09317923 0.09317923 0.09317923 0.09317923 0.09317923 0.09317923 0.09317924 0.09317923 0.07067681 0.03627831 0.03539753 0.03539753 0.03539754 0.03539753 0.03539753 0.03539753 0.03539754 0.03539753 0.03539754 0.03539753 0.03539754 0.03539753 0.03539754 0.03539754 0.03539754 0.03539753 0.03539754 0.03539753 0.03539754 0.03539753 0.03539754 0.03539753 0.03539754 0.03539753 0.03539754 0.03539753 0.03539754 0.03539753 0.03539754 0.03539753 0.03539754 0.03539753 0.03539754 0.03539753 0.03539753 0.03539754 0.03539754 0.03539753 0.03539753 0.03539754
0.6472726 0.6472726 0.6472726 0.6472726 0.6472726 0.6472726 0.4198804 0.09317923 0.09317923 0.09317923 0.09317923 0.09317923 0.09317923 0.09317923 0.09317923 0.09317923 0.09317923 0.09317924 0.09317923 0.09311344 0.06471664 0.03551381 0.03539753 0.03539753 0.03539753 0.03539753 0.03539753 0.03539753 0.03539753 0.03539753 0.03539753 0.03539753 0.03539753 0.03539753 0.03539753 0.03539754 0.03539753 0.03539753 0.03539753 0.03539753 0.03539753 0.03539754 0.03539753 0.03539753 0.03539753 0.03539753 0.03539753 0.03539753 0.03539753 0.03539753 0.03539753 0.03539754 0.03539753 0.03539753 0.03539753 0.03539753 0.03539753 0.03539753 0.03539753 0.03539753 0.03539753 0.03539753 0.03539753
0.6472726 0.6472726 0.6472726 0.6472726 0.6472726 0.6472726 0.2874738 0.09317923 0.09317923 0.09317923 0.09317923 0.09317923 0.09317923 0.09317923 0.09317923 0.09317923 0.09317923 0.09317923 0.09244976 0.05870616 0.03539753 0.03539753 0.03539753 0.03539754 0.03539753 0.03539753 0.03539753 0.03539753 0.03539753 0.03539753 0.03539753 0.03539754 0.03539753 0.03539753 0.03539753 0.03539753 0.03539753 0.03539754 0.03539753 0.03539753 0.03539753 0.03539753 0.03539753 0.03539753 0.03539753 0.03539753 0.03539753 0.03539753 0.03539753 0.03539753 0.03539753 0.03539754 0.03539753 0.03539753 0.03539753 0.03539753 0.03539753 0.03539753 0.03539754 0.03539753 0.03539753 0.03539753 0.03539753
0.6472726 0.6472726 0.6472726 0.6472726 0.6472726 0.6472002 0.1550948 0.09317923 0.09317923 0.09317923 0.09317923 0.09317923 0.09317923 0.09317923 0.09317923 0.09317923 0.09317923 0.09317923 0.06987447 0.03539753 0.03539753 0.03539753 0.03539753 0.03539753 0.03539753 0.03539753 0.03539753 0.03539753 0.03539753 0.03539753 0.03539753 0.03539753 0.03539753 0.03539753 0.03539753 0.03539753 0.03539753 0.03539753 0.03539753 0.03539753 0.03539753 0.03539753 0.03539753 0.03539753 0.03539753 0.03539753 0.03539753 0.03539753 0.03539753 0.03539753 0.03539753 0.03539753 0.03539753 0.03539753 0.03539753 0.03539753 0.03539753 0.03539753 0.03539753 0.03539753 0.03539753 0.03539753 0.03539753
0.6472726 0.6472726 0.6472726 0.6472726 0.6472726 0.5766644 0.09317923 0.09317923 0.09317923 0.09317923 0.09317923 0.09317923 0.09317923 0.09317923 0.09317923 0.09317923 0.09317923 0.09317923 0.09276269 0.05739826 0.03539753 0.03539753 0.03539753 0.03539753 0.03539753 0.03539753 0.03539753 0.03539753 0.03539753 0.03539753 0.03539753 0.03539753 0.03539753 0.03539753 0.03539753 0.03539753 0.03539753 0.03539753 0.03539753 0.03539753 0.03539753 0.03539753 0.03539753 0.03539753 0.03539753 0.03539753 0.03539753 0.03539753 0.03539753 0.03539753 0.03539753 0.03539753 0.03539753 0.03539753 0.03539753 0.03539753 0.03539753 0.03539753 0.03539753 0.03539753 0.03539753 0.03539753 0.03539753
0.6472743 0.6472726 0.6472726 0.6472726 0.6472726 0.444213 0.09317923 0.09317923 0.09317923 0.09317923 0.09317923 0.09317923 0.09317923 0.09317923 0.09317924 0.09317923 0.09317923 0.09317923 0.09317923 0.09265488 0.05666601 0.03539753 0.03539753 0.03539753 0.03539753 0.03539753 0.03539753 0.03539753 0.03539753 0.03539753 0.03539753 0.03539753 0.03539753 0.03539753 0.03539753 0.03539753 0.03539753 0.03539753 0.03539753 0.03539753 0.03539754 0.03539753 0.03539753 0.03539753 0.03539753 0.03539753 0.03539753 0.03539753 0.03539753 0.03539753 0.03539753 0.03539753 0.03539753 0.03539753 0.03539753 0.03539753 0.03539753 0.03539753 0.03539753 0.03539753 0.03539753 0.03539753 0.03539753
0.5374221 0.6403134 0.6472726 0.6472726 0.6357201 0.2919668 0.09317923 0.09317923 0.09317924 0.09317923 0.09317923 0.09317923 0.09317923 0.09317924 0.09317924 0.09317923 0.09317923 0.09317923 0.09317923 0.09317923 0.0925347 0.05594616 0.03539754 0.03539753 0.03539754 0.03539753 0.03539754 0.03539754 0.03539754 0.03539753 0.03539754 0.03539753 0.03539753 0.03539753 0.03539754 0.03539753 0.03539754 0.03539754 0.03539754 0.03539753 0.03539754 0.03539753 0.03539754 0.03539754 0.03539754 0.03539753 0.03539754 0.03539754 0.03539754 0.03539753 0.03539754 0.03539753 0.03539754 0.03539754 0.03539754 0.03539753 0.03539754 0.03539754 0.03539754 0.03539754 0.03539754 0.03539754 0.03539753
0.1117755 0.1973581 0.2510355 0.2068076 0.109148 0.09317923 0.09317923 0.09317923 0.09317923 0.09317923 0.09317923 0.09317923 0.09317923 0.09317923 0.09317923 0.09317923 0.09317923 0.09317923 0.09317923 0.09317923 0.09317923 0.09240211 0.05523869 0.03539754 0.03539753 0.03539753 0.03539753 0.03539753 0.03539753 0.03539753 0.03539753 0.03539753 0.03539753 0.03539754 0.03539753 0.03539754 0.03539753 0.03539753 0.03539753 0.03539753 0.03539753 0.03539753 0.03539753 0.03539754 0.03539753 0.03539754 0.03539753 0.03539753 0.03615302 0.03872833 0.04138375 0.04403913 0.04669448 0.0493498 0.05200508 0.05466034 0.05731555 0.05997074 0.06262589 0.065281 0.06793609 0.07059114 0.07324616
0.09317924 0.09317924 0.09317924 0.09317924 0.09317924 0.09317924 0.09317924 0.09317924 0.09317924 0.09317924 0.09317924 0.09317924 0.09317923 0.09317924 0.09317923 0.09317924 0.09317924 0.09317924 0.09317924 0.09317924 0.09317924 0.09317924 0.09225714 0.05454363 0.03539753 0.03539753 0.03575208 0.03809746 0.04075289 0.04340827 0.04606364 0.04871896 0.05137425 0.05402951 0.05668473 0.05933993 0.06199509 0.06465022 0.0673053 0.06996036 0.07261539 0.07527038 0.07792535 0.08058027 0.08323516 0.08589002 0.08854485 0.09119964 0.09309912 0.09317924 0.09317924 0.09317924 0.09317924 0.09317924 0.09317924 0.09317924 0.09317924 0.09317924 0.09317923 0.09317924 0.09317924 0.09317924 0.09317924
0.09317924 0.09317924 0.09317924 0.09317924 0.09317923 0.09317924 0.09317924 0.09317924 0.09317924 0.09317924 0.09317923 0.09317924 0.09317924 0.09317924 0.09317924 0.09317923 0.09317924 0.09317923 0.09317924 0.09317924 0.09317924 0.09317924 0.09317924 0.09227679 0.08791412 0.09056893 0.09286925 0.09317924 0.09317924 0.09317923 0.09317924 0.09317924 0.09317924 0.09317924 0.09317924 0.09317924 0.09317924 0.09317924 0.09317924 0.09317924 0.09317924 0.09317924 0.09317924 0.09317924 0.09317924 0.09317924 0.09317924 0.09317924 0.09317924 0.09317924 0.09317924 0.09317924 0.09317924 0.09317924 0.09317924 0.09317924 0.09317924 0.09317924 0.09317923 0.09317924 0.09317924 0.09317924 0.09317924
0.09317923 0.09317923 0.09317923 0.09317923 0.09317923 0.09317923 0.09317923 0.09317923 0.09317923 0.09317923 0.09317923 0.09317923 0.09317923 0.09317923 0.09317924 0.09317923 0.09317923 0.09317923 0.09317923 0.09317923 0.09317923 0.09317923 0.09317923 0.09317923 0.09317923 0.09317923 0.09317923 0.09317923 0.09317923 0.09317923 0.09317923 0.09317923 0.09317923 0.09317923 0.09317923 0.09317923 0.09317923 0.09317923 0.09317923 0.09317923 0.09317923 0.09317923 0.09317923 0.09317923 0.09317923 0.09317923 0.09317923 0.09317923 0.09317923 0.09317923 0.09317923 0.09317923 0.09317923 0.09317923 0.09317923 0.09317923 0.09317923 0.09317923 0.09317923 0.09317923 0.09317923 0.09317923 0.09317923
0.09317923 0.09317923 0.09317923 0.09317923 0.09317924 0.09317923 0.09317924 0.09317923 0.09317923 0.09317923 0.09317923 0.09317923 0.09317924 0.09317923 0.09317923 0.09317923 0.09317923 0.09317923 0.09317923 0.09317924 0.09317923 0.09317923 0.09317923 0.09317923 0.09317923 0.09317923 0.09317923 0.09317923 0.09317923 0.09317923 0.09317923 0.09317924 0.09317923 0.09317924 0.09317923 0.09317924 0.09317923 0.09317924 0.09317923 0.09317924 0.09317923 0.09317924 0.09317923 0.09317923 0.09317923 0.09317924 0.09317923 0.09317923 0.09317923 0.09317923 0.09317923 0.09317924 0.09317923 0.09317923 0.09317923 0.09317923 0.09317923 0.09317923 0.09317924 0.09317923 0.09317923 0.09317923 0.09317923
0.09317923 0.09317923 0.09317923 0.09317923 0.09317923 0.09317923 0.09317923 0.09317923 0.09317924 0.09317923 0.09317923 0.09317923 0.09317923 0.09317923 0.09317923 0.09317923 0.09317923 0.09317923 0.09317923 0.09317923 0.09317923 0.09317923 0.09317923 0.09317923 0.09317923 0.09317923 0.09317923 0.09317923 0.09317923 0.09317923 0.09317923 0.09317923 0.09317923 0.09317923 0.09317923 0.09317923 0.09317923 0.09317924 0.09317923 0.09317923 0.09317923 0.09317923 0.09317923 0.09317923 0.09317923 0.09317923 0.09317923 0.09317923 0.09317923 0.09317923 0.09317923 0.09317923 0.09317923 0.09317923 0.09317923 0.09317923 0.09317923 0.09317923 0.09317923 0.09317923 0.09317923 0.09317923 0.09317923
0.09317923 0.09317924 0.09317924 0.09317924 0.09317924 0.09317924 0.09317923 0.09317924 0.09317924 0.09317924 0.09317924 0.09317924 0.09317924 0.09317924 0.09317924 0.09317924 0.09317924 0.09317924 0.09317924 0.09317924 0.09317924 0.09317924 0.09317924 0.09317923 0.09317924 0.09317923 0.09317924 0.09317924 0.09317924 0.09317923 0.09317924 0.09317924 0.09317924 0.09317924 0.09317924 0.09317923 0.09317924 0.09317923 0.09317924 0.09317924 0.09317924 0.09317923 0.09317924 0.09317924 0.09317924 0.09317923 0.09317924 0.09317924 0.09317924 0.09317924 0.09317924 0.09317924 0.09317924 0.09317924 0.09317924 0.09317924 0.09317924 0.09317924 0.09317924 0.09317924 0.09317924 0.09317924 0.09317923
