Scenarios/Heterogeneous/data/country_data_population_distribution/processed/density_grids/mrt.asc
ncols 315
nrows 319
xllcorner -17
yllcorner 14
cellsize 0.041666666666667
NODATA_value -9999
[rows 252 to 279 of 319, columns 126 to 188 of 315]
10.40568 8.91874 8.368537 8.368537 8.368536 8.368537 8.368536 8.368537 6.730642 4.949244 4.949025 4.949025 4.949025 4.942287 4.740285 4.727015 4.714558 4.714558 7.597031 52.51109 59.60438 59.60438 59.60438 45.80046 4.578105 3.536015 1.81929 1.395578 1.395578 1.395578 15.66661 46.39697 73.10227 76.75112 63.59634 7.164686 4.548623 4.548623 4.548623 4.548623 4.589959 12.61689 14.25371 10.36482 7.272274 7.049942 7.049942 7.049942 7.049942 7.049942 7.049942 7.049942 4.346877 2.971118 2.971118 2.971118 2.971118 2.971118 2.971118 2.971118 2.971118 2.971118 2.971118
9.937275 8.369376 8.368537 8.368537 8.368536 8.368537 8.563251 16.47374 10.20493 5.437946 4.949025 4.949026 4.949026 4.949026 4.913646 4.815369 4.714559 4.714558 4.714559 17.89007 59.06968 59.60439 57.58 12.21813 4.307605 4.307605 4.250105 3.166141 25.07545 60.25143 76.73051 76.75112 76.75112 76.75112 76.75112 49.01767 4.548623 4.548623 4.548623 4.548623 4.548623 8.261561 14.25371 14.25371 12.19409 7.168655 7.049942 7.049942 7.049942 7.049942 7.049942 7.049942 4.404612 2.971118 2.971118 2.971118 2.971118 2.971118 2.971118 2.971118 2.971118 2.971118 2.971118
10.03783 9.463944 9.438378 9.412811 9.387244 20.39206 51.91969 64.62263 64.62263 61.84276 23.59845 4.949026 4.949026 4.949026 4.949026 4.838726 4.714558 4.714558 4.714558 4.714558 34.207 59.60438 29.6133 4.307605 4.307605 4.307605 4.307605 4.307605 60.05903 76.75112 76.75112 76.75111 76.75112 76.75112 76.75112 76.75063 31.82342 4.548623 4.548623 4.548623 4.548623 4.809512 13.30909 14.25371 14.23903 7.511619 7.049942 7.049942 7.049942 7.049942 7.049942 7.049942 4.462346 2.971118 2.971118 2.971118 2.971118 2.971118 2.971118 2.971118 2.971118 2.971118 2.971118
30.56993 30.56993 30.56993 30.56993 30.56993 36.57847 58.17781 64.62263 56.44052 16.62605 4.949025 4.977873 5.069575 5.145579 5.221583 4.939805 4.714558 4.714558 4.714558 4.714558 6.156474 38.29518 5.064052 4.307605 4.307605 4.307605 4.307605 4.307605 65.28681 76.75111 76.75112 76.75111 76.75111 76.75111 76.75112 76.75111 57.4528 4.599061 4.548623 4.548623 4.548623 4.577179 12.82843 14.25371 14.25371 9.987913 7.049942 7.049942 7.049942 7.049942 7.049942 7.049942 4.520081 2.971118 2.971118 2.971118 2.971118 2.971118 2.971118 2.971118 2.971118 2.971118 2.971118
30.56993 30.56993 30.56993 30.56993 30.56993 30.56993 31.30684 39.22672 8.922064 4.949025 4.949026 10.21897 16.95687 16.95687 16.95687 8.065202 4.714558 4.714559 4.714558 4.674308 4.532632 4.324463 4.307605 4.307605 4.307605 4.307605 4.307605 4.307605 70.51458 76.75112 76.75111 76.75112 76.75111 76.75112 76.75111 56.16781 6.8266 4.548623 4.548623 4.548623 4.548623 6.878948 14.25371 14.25371 14.25371 13.94472 10.05319 8.877864 8.60694 7.049942 7.049942 7.049942 4.577816 2.971118 2.971118 2.971118 2.971118 2.971118 2.971118 2.971118 2.971118 2.971118 2.971118
29.1644 30.56993 30.56993 30.56993 30.56992 28.45627 22.47132 19.962 17.75601 9.236218 4.949025 10.24839 16.95687 16.95687 16.95687 10.60649 13.9553 4.61129 4.421716 4.310341 4.307605 4.307605 4.307605 4.307605 4.307605 4.307605 4.307605 4.554013 75.49594 76.75111 76.75111 76.75111 76.75111 76.75111 75.36222 14.49332 4.548623 4.548623 4.548623 4.548623 4.827853 12.2631 14.25371 14.25371 14.25371 14.25371 14.25371 14.12918 9.209979 7.049942 7.049942 7.049942 4.635551 2.971118 2.971118 2.971118 2.971118 2.971118 2.971118 2.971118 2.971118 2.971118 3.153653
29.2718 30.56993 30.56993 29.57008 24.03004 20.04733 19.962 19.962 19.962 19.96036 15.33447 12.20375 16.95688 16.95687 16.95687 14.36124 15.5353 4.825508 4.307605 4.307605 4.307605 4.307605 4.307605 4.307605 4.307605 4.307605 4.307605 4.70101 28.50888 65.62415 76.75112 76.75112 76.75112 76.75112 47.77325 4.548623 4.548623 4.548623 4.548623 4.548623 10.02653 13.99267 14.25256 14.20861 13.91318 13.956 13.95471 11.36428 7.596171 7.565406 7.534642 7.503877 6.211907 5.155091 4.97618 4.78807 4.611545 5.118145 5.716093 6.314026 6.911943 7.509844 7.925236
29.88902 24.73315 20.14679 18.50832 18.80316 19.64635 19.962 19.962 19.962 19.962 19.962 19.80453 17.91123 16.95687 16.95687 16.95687 16.95687 9.152681 4.307605 4.307605 4.307605 4.307605 4.307605 4.307605 4.307605 4.307605 4.307605 5.237751 6.068697 7.137394 34.19326 69.54082 76.75112 74.47349 12.5172 4.548623 4.548623 4.548623 4.548623 4.548623 4.548623 4.553021 13.66164 11.23882 10.70487 8.392513 8.257125 7.93953 7.93953 7.93953 7.93953 7.93953 7.93953 7.93953 7.93953 7.93953 7.93953 7.93953 7.93953 7.93953 46.66404 20.76952 7.93953
16.90357 16.77046 15.85318 15.82725 15.82725 15.83546 16.37113 18.24094 19.962 19.962 19.962 19.962 19.94834 18.50999 16.98346 16.95687 16.95687 12.47767 12.2993 6.431568 4.307605 4.307605 4.307605 4.307605 4.307605 4.307605 4.307605 5.831397 6.068697 6.068697 6.068697 8.905379 39.87772 41.18473 4.548623 4.548623 4.548623 4.548623 4.548623 4.548623 4.548623 4.61236 13.8008 14.24525 13.61347 10.23471 8.655969 7.939531 7.93953 7.93953 7.93953 7.93953 7.93953 7.93953 7.93953 7.93953 7.93953 7.93953 7.93953 15.5902 188.7025 192.7664 169.3975
16.77046 16.77046 15.86749 15.82725 15.82725 15.82725 15.82725 16.36989 19.962 19.962 19.75435 18.45111 16.98829 15.52553 14.08121 13.84646 13.77416 13.70187 11.96051 5.388748 4.307605 4.307605 4.307605 4.307605 4.307605 4.307605 4.334487 6.064461 6.068697 6.068697 6.068697 6.068697 6.068697 5.218584 4.548623 4.548623 4.548623 4.548623 4.548623 4.548623 4.548623 4.688181 14.25371 14.25371 14.21161 13.40323 9.925471 7.93953 7.93953 7.93953 7.93953 7.93953 7.93953 7.93953 7.93953 7.93953 7.93953 7.93953 7.93953 57.28118 193.2188 193.2188 193.2188
16.77046 16.77046 15.88179 15.82725 15.82725 15.82725 15.82725 15.9883 16.41886 14.88265 13.62761 13.46798 13.46798 13.46798 13.46798 13.46798 13.46798 13.46798 9.731657 4.307605 4.307605 4.307605 4.307605 4.307605 4.307605 4.307605 4.435172 6.068697 6.068697 6.068697 6.068697 6.068697 6.068697 5.498862 4.548623 4.548623 4.548623 4.548623 4.548623 4.548623 4.548623 4.764002 14.25371 14.25371 14.25371 13.26816 8.005458 7.939531 7.939529 7.93953 7.939529 7.93953 7.939531 7.79755 7.205617 6.580479 5.955361 5.330266 4.705194 4.387304 24.70387 59.29778 93.90639
16.77046 16.86277 16.02021 15.82725 15.82725 15.82725 15.82725 15.82725 13.83926 13.46798 13.46798 13.46798 13.46798 13.46798 13.46798 13.46798 13.46798 12.89605 6.351807 4.307605 4.307605 4.307605 4.307605 4.307605 4.307605 4.307605 4.540092 6.068697 6.068697 6.068697 6.068697 6.068697 6.068697 5.779141 4.548623 4.548623 4.548623 4.548623 4.548623 4.548623 4.548623 4.839823 14.25371 14.25371 14.25371 11.71015 7.93953 7.814363 7.23135 6.60621 5.981091 5.355996 4.730922 4.247822 4.214599 4.214599 4.214599 4.214599 4.214599 4.214599 4.214599 4.214599 5.238661
20.49004 29.89525 16.41544 15.82725 15.82725 15.82725 15.82725 15.63131 13.47402 13.47179 14.13768 13.54456 13.46798 13.46798 13.46798 13.46799 13.46798 9.987374 4.307605 4.307605 4.307605 4.307605 4.307605 4.307605 4.307605 4.336843 6.040998 6.223429 6.222582 6.221736 6.22089 6.220044 6.219198 6.197323 5.958416 5.947296 5.936176 6.039331 6.20165 6.212981 6.224312 6.291358 7.888379 7.956269 8.024158 7.66206 4.840477 4.25674 4.214599 4.214599 4.214599 4.214599 4.214599 4.214599 4.214599 4.214599 4.214599 4.214599 4.214599 4.214599 4.214599 4.590623 6.205966
33.3754 32.75072 15.82725 15.82725 15.82725 15.82725 15.82725 15.24066 13.78607 16.74011 18.18963 17.4607 14.10679 13.46798 13.46798 13.46798 13.46798 7.713437 4.307605 4.307605 4.307605 4.307605 4.307605 4.307605 4.307605 4.341231 6.24783 6.24783 6.24783 6.24783 6.24783 6.24783 6.24783 6.24783 6.247831 6.24783 6.24783 6.387839 6.577766 6.577765 6.577766 6.577765 6.577766 6.577765 6.577766 6.56422 5.977426 4.652849 4.214599 4.214599 4.214599 4.214599 4.214599 4.214599 4.214599 4.214599 4.214599 4.214599 4.214599 4.214599 4.214599 4.553501 6.213791
33.44216 31.47214 15.82725 15.82725 15.82725 15.82725 16.64676 17.83103 17.82278 18.18963 18.18963 18.18963 14.8919 13.46798 13.46798 13.46798 13.46798 8.580578 4.307605 4.307605 4.307605 4.307605 4.307605 4.307605 4.307605 4.341763 6.247831 6.247831 6.24783 6.24783 6.24783 6.24783 6.247831 6.24783 6.247831 6.24783 6.247831 6.389247 6.577766 6.577766 6.577766 6.577766 6.577766 6.577766 6.577766 6.577766 6.577766 6.23229 4.273881 4.214599 4.214599 4.214599 4.214599 4.214599 4.214599 4.214599 4.214599 4.214599 4.214599 4.214599 4.214599 4.345521 6.246678
33.44216 33.09105 30.38295 15.82725 15.82725 16.67288 18.13961 18.18963 18.18963 18.18963 18.18963 18.18963 15.34157 13.46525 13.46798 13.46798 13.46799 8.736419 4.307605 4.307605 4.307605 4.307605 4.307605 4.307605 4.307605 4.342295 6.247831 6.247831 6.247831 6.247831 6.24783 6.247831 6.24783 6.247831 6.24783 6.247831 6.255754 6.44004 6.577766 6.577766 6.577765 6.577766 6.577766 6.577766 6.577766 6.577766 6.577765 6.577766 4.619399 4.214599 4.214599 4.214599 4.214599 4.214599 4.214599 4.214599 4.214599 4.214599 4.214599 4.214599 4.214599 4.39574 7.752035
33.44216 33.44216 33.44216 16.25976 16.89599 18.17672 18.18963 18.18963 18.18963 18.18963 18.18963 18.18963 14.61807 12.1003 12.29155 12.52252 13.36368 10.55863 4.307606 4.307606 4.307606 4.307606 4.307606 4.307606 4.307606 4.342827 6.247831 6.247831 6.247831 6.247831 6.247831 6.247831 6.247831 6.247831 6.279595 6.413196 6.546527 6.577766 6.577766 6.577766 6.577766 6.577766 6.577766 6.577766 6.577766 6.577766 6.577766 6.283056 4.30939 4.214599 4.214599 4.214599 4.214599 4.214599 4.214599 4.214599 4.214599 4.214599 4.214599 4.318565 5.289553 6.530581 7.752041
33.44215 33.44215 35.81009 106.2105 101.4244 39.62564 18.18963 18.18963 18.18963 18.18963 18.18963 17.13836 12.07192 11.97265 11.97265 11.97265 12.40491 11.51908 4.307605 4.307605 4.307605 4.307605 4.345318 5.550621 4.556868 4.343359 6.24783 6.24783 6.24783 6.24783 6.24783 6.24783 6.24783 6.371904 6.570102 6.577765 6.577766 6.577765 6.577766 6.577765 6.577766 6.577765 6.577766 6.577765 6.577765 6.577765 6.577765 5.276295 4.214599 4.214599 4.214599 4.214599 4.214599 4.214599 4.214599 4.214599 4.227472 5.240816 6.814051 7.563739 7.752041 7.752041 7.752041
32.06688 33.44216 44.04903 112.59 112.59 66.59859 16.58106 16.6103 16.63954 16.66878 16.69802 13.62658 11.97265 11.97265 11.97265 11.97265 11.97265 10.6129 4.307605 4.307605 4.307605 4.307605 8.113016 11.30257 10.73469 8.071129 6.260711 6.247831 6.247831 6.247831 6.24783 6.247831 6.251964 6.534106 6.577766 6.577766 6.577765 6.577766 6.577765 6.577766 6.577766 6.577766 6.577765 6.577766 6.577765 6.577766 6.577765 5.809549 4.3466 4.214599 4.214599 4.214599 4.214599 4.312474 5.058701 6.186253 7.809677 8.437537 8.437538 7.993338 7.75204 7.75204 7.752041
23.76518 33.44215 33.45671 63.78266 76.83072 24.74133 14.69811 14.69811 14.69811 14.69811 14.69811 12.50457 11.97265 11.97265 11.97265 11.97265 11.97265 10.46102 4.307605 4.307606 4.307605 4.307605 5.852815 11.72722 11.72722 11.72722 10.75991 9.724926 20.85917 23.66231 18.4871 7.594308 6.357628 6.577766 6.577766 6.577766 6.577765 6.577765 6.577765 6.577766 6.577766 6.577766 6.577765 6.577765 6.577765 6.577766 6.577765 6.577765 6.500179 7.072624 7.624653 7.633043 7.677571 8.292203 8.437538 8.437538 8.437538 8.437538 8.437538 8.335265 7.761967 7.752041 7.752041
31.97992 33.44216 32.91058 19.98818 22.89997 27.16982 14.69811 14.69811 14.69811 14.69811 14.69811 12.43424 11.97265 11.97265 11.97265 11.97265 13.13299 18.39399 7.520356 4.330822 4.307605 4.685122 10.36219 11.72722 11.72722 11.72722 11.72722 49.4455 76.9247 76.92471 76.9247 70.19019 12.96914 6.577765 6.577766 6.577765 6.577766 6.577765 6.577766 6.577765 6.577766 6.577765 6.577766 6.577765 6.577766 6.577765 6.577766 6.577766 6.577766 6.770594 8.437537 8.437537 8.437537 8.437538 8.437538 8.437537 8.437537 8.437538 8.437537 8.437538 8.011549 7.752041 7.75204
33.44216 33.44215 29.19424 19.45817 24.31957 35.57561 15.07326 14.69811 14.69811 14.69811 14.69811 12.9809 14.51431 18.5007 16.92558 22.01663 27.13616 27.2663 11.72722 9.820844 11.08718 10.56627 11.61314 11.72722 11.72722 11.72722 15.39219 65.3795 76.9247 76.92471 75.44787 24.59669 6.577765 6.577765 6.577765 6.577765 6.577765 6.577766 6.577765 6.577765 6.577765 6.577765 6.577765 6.577766 6.577765 6.577766 6.577765 6.577765 6.577765 6.578003 8.297064 8.437538 8.437537 8.437537 8.437537 8.437537 8.437537 8.437537 8.437537 8.437537 8.344442 7.75204 7.75204
33.44216 33.44216 24.9479 19.45817 25.73917 35.97019 18.39776 14.69811 14.69811 14.69811 14.69811 17.76188 27.32619 27.42092 27.42092 27.42092 27.42092 27.27229 11.72722 11.72722 11.72722 11.72722 11.72722 11.72722 11.72722 11.72722 11.72722 13.56174 48.26013 76.63664 33.8944 6.577766 6.577766 6.577766 6.577766 6.577766 6.577766 6.577766 6.577766 6.577766 6.577766 6.577766 6.577766 6.577766 6.577766 6.577766 6.577766 6.577766 6.577766 6.577766 7.992778 8.437538 8.437538 8.437538 8.437538 8.437538 8.437538 8.437538 8.437538 8.437538 8.436573 7.761769 7.752041
31.3629 31.47628 20.79269 19.45817 27.15877 35.97018 21.26625 14.69811 14.69811 14.69811 15.12598 18.6476 22.76665 27.42092 27.42092 27.42092 27.42092 27.27828 11.72722 11.72722 11.72722 11.72722 11.72722 11.72722 11.72722 11.56443 9.599301 9.262921 12.31691 22.88655 10.06829 10.08697 10.10565 10.12433 10.14302 10.1617 9.789618 8.843286 7.891833 6.947078 6.577766 6.577766 6.409808 6.279981 6.280101 6.280221 6.280342 6.280462 6.280582 6.280703 7.56829 8.437538 8.437538 8.437538 8.437538 8.437538 8.437538 8.437538 8.437538 8.437538 8.437538 7.794445 7.752041
19.45817 19.45817 19.45817 19.45817 30.34998 35.97019 26.42334 14.69811 14.69811 15.43618 18.87053 19.35926 19.36134 25.27428 27.42092 27.42092 27.42092 27.28426 11.72722 11.72722 11.72722 11.72722 11.72722 11.48733 9.407683 7.106263 6.612339 10.64254 12.31692 12.31691 12.31691 12.31691 12.31692 12.31691 12.31691 12.31691 12.31692 12.31691 12.31692 12.31019 11.7281 10.70182 6.284853 6.276967 6.276967 6.276967 6.276967 6.276967 6.276967 6.276967 7.213277 8.437538 8.437538 8.437538 8.437538 8.437538 8.437538 8.437538 8.437538 8.437538 8.437538 7.828086 7.752041
19.13087 19.45817 19.45817 25.66372 35.96708 35.97019 35.65862 27.00751 16.33004 18.95259 19.35926 19.35926 19.35926 19.91469 27.19108 27.42092 27.42092 27.29025 11.72722 11.72722 11.77537 11.08382 9.197637 6.991751 6.607064 6.607064 9.762925 12.31691 12.31691 12.31691 12.31691 12.31691 12.31691 12.31691 12.31692 12.31691 12.31691 12.31691 12.31692 12.31691 12.31692 12.21307 6.276967 6.276967 6.276967 6.276967 6.276967 6.276967 6.276967 6.276967 6.859493 8.437537 8.437538 8.437538 8.437538 8.437538 8.437538 8.437538 8.437538 8.437538 8.437538 7.861727 7.752041
11.04256 16.18388 21.53457 35.4068 35.97019 35.97019 35.95413 31.22585 22.73369 19.35926 19.35926 19.35926 19.35926 19.35926 46.18898 59.66962 60.65956 61.25078 13.07061 13.43397 13.74916 9.166368 6.607064 6.607065 6.607064 6.607065 11.75784 12.31691 12.31691 12.31691 12.31691 12.31691 12.31691 12.31691 12.31691 12.31691 12.31691 12.31691 12.31691 12.31691 12.31691 12.22661 6.276967 6.276967 6.276967 6.276967 6.276967 6.276967 6.276967 6.276967 6.664132 11.26046 11.09425 10.92804 10.76182 10.59561 10.42939 10.44252 11.44819 12.60608 13.72865 13.24137 13.17879
6.91709 10.43003 19.54378 30.91175 31.80081 26.73332 26.16415 24.12982 24.09948 20.62668 19.35926 19.35926 19.35926 19.35926 46.14114 89.27522 89.27522 88.63531 13.79193 13.79193 13.79193 9.133924 6.607064 6.607064 6.607064 6.707004 12.31417 12.31691 12.31691 13.0877 17.14536 17.19005 12.62686 12.31691 12.31691 12.31691 12.31691 12.31691 12.31691 12.31691 12.31691 10.1559 6.276967 6.276967 6.276967 6.276967 6.276967 6.276967 6.276967 6.276967 6.290476 15.31253 15.934 15.934 15.934 15.934 15.934 15.934 15.934 15.934 15.41124 14.369 14.369
