Scenarios/Heterogeneous/data/country_data_population_distribution/processed/density_grids/nam.asc
ncols 341
nrows 289
xllcorner 11
yllcorner -28
cellsize 0.041666666666667
NODATA_value -9999
[rows 222 to 258 of 289, columns 168 to 251 of 341]
0.261605 0.2502992 0.2942542 0.8585207 0.9428304 0.3910668 0.301291 0.2696395 0.3179368 0.4765063 0.5203409 0.5203409 0.5203409 0.5189365 0.2674124 0.1249224 0.1222651 0.1181947 0.1159223 0.1255094 0.1277761 0.1277761 0.1277761 0.1277761 0.08963317 0.1074689 0.1214505 0.1214506 0.1214506 0.1214507 0.1214506 0.1214506 0.1199699 0.1152584 0.1104089 0.1052012 0.09970075 0.09970075 0.09970075 0.09970075 0.09970075 0.07747428 0.07459529 0.07459529 0.07459529 0.07459529 0.07459528 0.07709207 0 0 0 0 0 0 0 0 0 0 0 0 0 0 0 0 0 0 0 0 0 0 0 0 0 0 0 0 0 0 0 0 0 0 0 0
0.2627109 0.2603886 0.2491957 0.6732907 0.8994122 0.2627109 0.2627109 0.2627109 0.3414363 0.5198958 0.5203409 0.5203409 0.5203409 0.3647387 0.1277761 0.1277761 0.1277761 0.1277761 0.1277761 0.1277761 0.1277761 0.1277761 0.1277761 0.1277761 0.08164258 0.05520663 0.06901266 0.09660622 0.1126655 0.1035259 0.08411958 0.09281329 0.09981286 0.09970075 0.09970074 0.09970075 0.09970074 0.09970075 0.09970074 0.09970075 0.09887906 0.08249771 0.08189987 0.07459528 0.07459528 0.07459528 0.07459528 0.07718059 0 0 0 0 0 0 0 0 0 0 0 0 0 0 0 0 0 0 0 0 0 0 0 0 0 0 0 0 0 0 0 0 0 0 0 0
0.313018 0.2627212 0.2613488 0.3865949 0.3517493 0.2627108 0.2627108 0.2627108 0.2627108 0.2918059 0.3641619 0.4329545 0.4543314 0.1505329 0.1277761 0.1277761 0.1277761 0.1277761 0.1277761 0.1277761 0.1277761 0.1277761 0.1277761 0.1277761 0.09724759 0.05520663 0.05520662 0.05520663 0.05520662 0.05520663 0.05520662 0.08745088 0.09970073 0.09970074 0.09970074 0.09970075 0.09970074 0.09970074 0.09970074 0.09970074 0.09970074 0.09970074 0.09981234 0.07507295 0.07459527 0.07459528 0.07459527 0.07726498 0 0 0 0 0 0 0 0 0 0 0 0 0 0 0 0 0 0 0 0 0 0 0 0 0 0 0 0 0 0 0 0 0 0 0 0
0.3636649 0.3162946 0.3072483 0.3854352 0.2942384 0.2627108 0.2627108 0.2627108 0.2627108 0.2627108 0.2627108 0.2627108 0.2284839 0.1277761 0.1277761 0.1277761 0.1277761 0.1277761 0.1277761 0.1277761 0.1277761 0.1277761 0.1277761 0.1272719 0.0743724 0.05520663 0.05520663 0.05520663 0.05520663 0.05520663 0.05653378 0.09327505 0.09970074 0.09970075 0.09970074 0.09970075 0.09970074 0.09970327 0.1164921 0.124341 0.1252739 0.1274303 0.1313836 0.1200822 0.1143351 0.1089088 0.1010016 0.09483615 0 0 0 0 0 0 0 0 0 0 0 0 0 0 0 0 0 0 0 0 0 0 0 0 0 0 0 0 0 0 0 0 0 0 0 0
0.3801955 0.3645611 0.3871059 0.4094341 0.4075778 0.3145293 0.2627109 0.2627109 0.2627108 0.2627109 0.2627108 0.2627109 0.2515717 0.1349723 0.1277761 0.1277761 0.1277761 0.1277761 0.1277761 0.1277761 0.1277761 0.1277761 0.1277761 0.09470755 0.05520663 0.05520663 0.05520663 0.05520663 0.05520663 0.05531526 0.08370989 0.09970075 0.09970075 0.09970075 0.09970075 0.09970074 0.09970075 0.1079705 0.1321584 0.1321584 0.1321584 0.1321584 0.1321584 0.1321584 0.1321584 0.1321584 0.1321584 0.1332318 0 0 0 0 0 0 0 0 0 0 0 0 0 0 0 0 0 0 0 0 0 0 0 0 0 0 0 0 0 0 0 0 0 0 0 0
0.4090106 0.4009424 0.3969828 0.4094342 0.4045537 0.3339229 0.2627108 0.2627109 0.2627108 0.2627109 0.2627108 0.2627109 0.2627108 0.2342203 0.1346125 0.1277761 0.1277761 0.1277761 0.1277761 0.1277761 0.08771586 0.07713344 0.08932669 0.05699277 0.05520663 0.05520663 0.05520663 0.05520663 0.05520663 0.05629282 0.09286975 0.09970075 0.09970075 0.09970074 0.09970075 0.09970075 0.1066218 0.1290503 0.1321584 0.1321584 0.1321584 0.1321584 0.1321584 0.1321584 0.1321584 0.1321584 0.1321584 0.1332645 0 0 0 0 0 0 0 0 0 0 0 0 0 0 0 0 0 0 0 0 0 0 0 0 0 0 0 0 0 0 0 0 0 0 0 0
0.4090936 0.4093258 0.4094341 0.4094342 0.3288145 0.2627109 0.2627109 0.2627109 0.2627109 0.2627109 0.2627109 0.2626381 0.2627109 0.2627109 0.1401487 0.1277761 0.1277761 0.1277761 0.1277761 0.1277761 0.08422256 0.05520663 0.05520663 0.05520663 0.05520663 0.05520663 0.05520663 0.05520663 0.05520663 0.05520662 0.06635586 0.09956159 0.09970074 0.09970075 0.09970074 0.1085041 0.1310486 0.1321584 0.1321584 0.1321584 0.1321584 0.1321584 0.1321584 0.1321584 0.1321584 0.1321584 0.1321584 0.1332973 0 0 0 0 0 0 0 0 0 0 0 0 0 0 0 0 0 0 0 0 0 0 0 0 0 0 0 0 0 0 0 0 0 0 0 0
0.4093194 0.4094341 0.4094341 0.4094341 0.2367142 0.1761347 0.1779489 0.2024985 0.1959938 0.1607929 0.1459243 0.1424433 0.2359748 0.2544954 0.1278873 0.1277761 0.1277761 0.1277761 0.1277761 0.1277761 0.09214369 0.05520663 0.05520663 0.05520663 0.05520663 0.05520663 0.05520663 0.05520663 0.05520663 0.05520663 0.05520663 0.07246066 0.09828851 0.09970075 0.09970074 0.1250353 0.1321584 0.1321584 0.1321584 0.1321584 0.1321584 0.1321584 0.1321584 0.1321584 0.1321584 0.1321584 0.1321584 0.1333302 0 0 0 0 0 0 0 0 0 0 0 0 0 0 0 0 0 0 0 0 0 0 0 0 0 0 0 0 0 0 0 0 0 0 0 0
0.26909 0.4041293 50.60062 415.4628 2.21415 0.8209735 0.1327324 0.132424 0.132424 0.132424 0.132424 0.132424 0.1350308 0.1646165 0.1203776 0.1270209 0.1277687 0.1277761 0.1236401 0.1190697 0.09495867 0.05520663 0.05520663 0.05520663 0.05520663 0.05520663 0.05520663 0.05520663 0.05520662 0.05520663 0.05520662 0.05520663 0.07426493 0.09970074 0.09970074 0.1049119 0.1255648 0.1321584 0.1321584 0.1321584 0.1321584 0.1528604 0.1470356 0.1410005 0.135508 0.1341704 0.1348629 0.1366019 0 0 0 0 0 0 0 0 0 0 0 0 0 0 0 0 0 0 0 0 0 0 0 0 0 0 0 0 0 0 0 0 0 0 0 0
0.1110641 0.2736966 5.758969 625.4424 3.333395 3.271615 0.4819115 0.132424 0.132424 0.132424 0.132424 0.132424 0.132424 0.1209775 0.1007972 0.1017637 0.1192786 0.1277609 0.10558 0.1007972 0.08836314 0.05520663 0.05520663 0.05520663 0.05520663 0.05520663 0.05520663 0.05520663 0.05564149 0.05604718 0.05520663 0.05520663 0.08230309 0.09970074 0.09970074 0.09970074 0.1060297 0.1321584 0.1321584 0.1321584 0.1525757 0.1844143 0.1844221 0.1844221 0.1844221 0.1844221 0.1844221 0.1886737 0 0 0 0 0 0 0 0 0 0 0 0 0 0 0 0 0 0 0 0 0 0 0 0 0 0 0 0 0 0 0 0 0 0 0 0
0.1110641 0.1457545 2.674161 3.121743 3.326675 2.105337 0.132424 0.132424 0.132424 0.132424 0.132424 0.132424 0.132424 0.1149153 0.1007972 0.1007972 0.1043236 0.1129596 0.1007972 0.1007972 0.08997344 0.06421248 0.06075614 0.05945833 0.06050068 0.06152297 0.06329663 0.06534679 0.06697962 0.06695224 0.06401405 0.06004944 0.08653682 0.0914211 0.09475671 0.09177972 0.11079 0.1321584 0.1321584 0.1321584 0.1579669 0.183911 0.1844221 0.1844221 0.1844221 0.1844221 0.1844221 0.1912564 0 0 0 0 0 0 0 0 0 0 0 0 0 0 0 0 0 0 0 0 0 0 0 0 0 0 0 0 0 0 0 0 0 0 0 0
0.1110641 0.1110641 0.8032237 0.3070744 0.5498306 0.4362224 0.132424 0.132424 0.132424 0.132424 0.132424 0.132424 0.132424 0.1087777 0.1007972 0.1007972 0.1007972 0.1007972 0.1007972 0.1007972 0.08293103 0.06710471 0.06710472 0.06710471 0.06710472 0.06710471 0.06710472 0.06710471 0.06710472 0.06710471 0.06710472 0.06710471 0.06710472 0.06710471 0.06710472 0.06710471 0.07090896 0.1199251 0.1321584 0.1321584 0.1321584 0.1618768 0.1844221 0.1844221 0.1844221 0.1844221 0.1844221 0.191438 0 0 0 0 0 0 0 0 0 0 0 0 0 0 0 0 0 0 0 0 0 0 0 0 0 0 0 0 0 0 0 0 0 0 0 0
0.1365577 0.1737825 0.1326398 0.132424 0.132424 0.132424 0.132424 0.132424 0.132424 0.132424 0.132424 0.132424 0.132424 0.1263795 0.1237612 0.1039547 0.1007972 0.1007972 0.1007972 0.1007972 0.0768887 0.06710471 0.06710471 0.06710471 0.06710471 0.06710471 0.06710471 0.06710471 0.06710471 0.06710471 0.06710471 0.06710471 0.06710471 0.06710471 0.06710471 0.06710471 0.06710471 0.07317948 0.1101998 0.1082683 0.1033338 0.134863 0.1844221 0.1844221 0.1844221 0.1844221 0.1844221 0.1916203 0 0 0 0 0 0 0 0 0 0 0 0 0 0 0 0 0 0 0 0 0 0 0 0 0 0 0 0 0 0 0 0 0 0 0 0
0.2753839 0.2769169 0.2003204 0.2099729 0.1332287 0.132424 0.132424 0.132424 0.132424 0.132424 0.132424 0.132424 0.132424 0.132424 0.1323693 0.1195843 0.1008437 0.1007972 0.1007972 0.1007972 0.09273923 0.0675818 0.06710471 0.06710471 0.06710471 0.07267326 0.07290474 0.06710471 0.06710471 0.06710471 0.06710471 0.06710471 0.0673198 0.06710471 0.06710471 0.06710471 0.06710471 0.06710471 0.06910942 0.815393 0.08315104 0.1224598 0.1844221 0.1844221 0.1844221 0.1844221 0.1844221 0.1918021 0 0 0 0 0 0 0 0 0 0 0 0 0 0 0 0 0 0 0 0 0 0 0 0 0 0 0 0 0 0 0 0 0 0 0 0
0.2769169 0.2769169 0.2769169 0.2769169 0.1802993 0.132424 0.132424 0.132424 0.132424 0.132424 0.132424 0.1304019 0.1226009 0.1145771 0.1064435 0.1028461 0.1020127 0.1007972 0.1007972 0.1007972 0.1007972 0.08783589 0.0829057 0.08588872 0.09212643 0.1006871 0.08817692 0.06710471 0.06710472 0.06710472 0.06710472 0.07334021 0.1747658 0.1342274 0.1461703 0.1477112 0.1697905 0.2052927 0.06710472 103.2491 0.102846 0.1788473 0.1844221 0.1844221 0.18228 0.1396523 0.1164787 0.1106439 0 0 0 0 0 0 0 0 0 0 0 0 0 0 0 0 0 0 0 0 0 0 0 0 0 0 0 0 0 0 0 0 0 0 0 0
0.2769169 0.2769169 0.2769169 0.2769169 0.2525822 0.1337041 0.1271527 0.1156781 0.1120863 0.1092089 0.1065243 0.1032034 0.1028461 0.1028461 0.1028461 0.1028461 0.1026577 0.1007972 0.1007972 0.1007972 0.1007972 0.1007972 0.1007972 0.1007972 0.1007972 0.1007972 0.09819029 0.06762334 0.06710471 0.06710471 0.06710471 0.1141313 0.1955362 0.1955362 0.2248843 0.2411852 0.2413041 0.2255332 0.09325051 0.1231114 0.2173095 0.1894852 0.1844221 0.1836676 0.1174739 0.08110698 0.08110698 0.08089057 0 0 0 0 0 0 0 0 0 0 0 0 0 0 0 0 0 0 0 0 0 0 0 0 0 0 0 0 0 0 0 0 0 0 0 0
0.2769169 0.2769169 0.2769169 0.2553974 0.1926018 0.1258468 0.1030346 0.1028461 0.1028461 0.1028461 0.1028461 0.1028461 0.1028461 0.1028461 0.1028461 0.1028461 0.1023261 0.1007972 0.1007972 0.1007972 0.1007972 0.1007972 0.1007972 0.1007972 0.1007972 0.1007972 0.1007972 0.07316216 0.06710471 0.06710472 0.06710471 0.1612487 0.1955362 0.1955362 0.2296935 0.2413416 0.2413416 0.2413416 0.2413416 0.2413416 0.2413416 0.2260479 0.1921916 0.124811 0.08110698 0.08110698 0.08110698 0.08088555 0 0 0 0 0 0 0 0 0 0 0 0 0 0 0 0 0 0 0 0 0 0 0 0 0 0 0 0 0 0 0 0 0 0 0 0
0.2769169 0.2769169 0.2552881 0.1245573 0.1028461 0.1028461 0.1028461 0.1028461 0.1028461 0.1028461 0.1028461 0.1028461 0.1028461 0.1028461 0.1028461 0.1028403 0.1012448 0.1007971 0.1007972 0.1007972 0.1007972 0.1007972 0.1007972 0.1007972 0.1007972 0.1007972 0.09691993 0.06743934 0.0699398 0.07560553 0.123504 0.1942225 0.1955362 0.1955362 0.1257005 0.1143761 0.2072812 0.2413416 0.2413416 0.2352943 0.232613 0.2413324 0.15714 0.08110698 0.08110698 0.08110698 0.08110698 0.08088061 0 0 0 0 0 0 0 0 0 0 0 0 0 0 0 0 0 0 0 0 0 0 0 0 0 0 0 0 0 0 0 0 0 0 0 0
0.2754516 0.2310657 0.1245107 0.1028461 0.1028461 0.1028461 0.1028461 0.1028461 0.1028461 0.1028461 0.1028461 0.1028461 0.1028461 0.1028461 0.1028461 0.1028374 0.1009703 0.1007972 0.1007972 0.1007972 0.1007972 0.1007972 0.1007972 0.1007972 0.1007972 0.1022313 0.1191996 0.08309076 0.08840422 0.1955038 0.1955362 0.1955362 0.1955362 0.1955362 0.1183575 0.09359923 0.09561519 0.1129841 0.1610634 0.1391749 0.09997426 0.1268538 0.08110698 0.08110698 0.08110698 0.08110698 0.08110698 0.08087568 0 0 0 0 0 0 0 0 0 0 0 0 0 0 0 0 0 0 0 0 0 0 0 0 0 0 0 0 0 0 0 0 0 0 0 0
0.1009495 0.08176459 0.08820363 0.1022267 0.1028461 0.1028461 0.1028461 0.1028461 0.1028461 0.1028461 0.1028461 0.1028461 0.1028461 0.1028461 0.1028461 0.1084376 0.1201281 0.1040786 0.1019422 0.1047179 0.1202399 0.1174642 0.101822 0.1007972 0.1007972 0.1257004 0.1344136 0.1332106 0.1057326 0.1955362 0.1955362 0.1955362 0.1955362 0.1955362 0.1188374 0.09359923 0.09359924 0.09359924 0.09359924 0.09359924 0.09140446 0.08144194 0.08110698 0.08110698 0.08110698 0.08110698 0.08110698 0.08087069 0 0 0 0 0 0 0 0 0 0 0 0 0 0 0 0 0 0 0 0 0 0 0 0 0 0 0 0 0 0 0 0 0 0 0 0
0.08176459 0.08176459 0.08176459 0.08798135 0.1027644 0.1028461 0.1028461 0.1028461 0.1028461 0.1028461 0.1028461 0.1028461 0.1028461 0.1028461 0.1028461 0.1502201 0.1604594 0.1600079 0.1604042 0.1598629 0.1604594 0.1604595 0.1556431 0.1090581 0.1007972 0.1217698 0.1344136 0.1344136 0.1350504 0.153633 0.1844513 0.1955362 0.1955362 0.1872837 0.09667543 0.09359923 0.09395702 0.09603702 0.09640005 0.09639131 0.08832113 0.08368481 0.0813432 0.08110698 0.08110698 0.08110698 0.08110698 0.08086528 0 0 0 0 0 0 0 0 0 0 0 0 0 0 0 0 0 0 0 0 0 0 0 0 0 0 0 0 0 0 0 0 0 0 0 0
0.08176459 0.08176459 0.08176459 0.08176459 0.09452895 0.1028461 0.1028461 0.1028461 0.1028461 0.1028461 0.1028461 0.1028461 0.1028461 0.1028461 0.1032223 0.1582758 0.1604594 0.1604594 0.1604594 0.1604594 0.1604594 0.1604594 0.1604594 0.1120781 0.1032585 0.1185308 0.1344136 0.1344136 0.1344136 0.1344136 0.1744704 0.1955362 0.1955362 0.1408404 0.09359924 0.09359923 0.09446336 0.09876972 0.09876972 0.09876971 0.09876972 0.09876971 0.09760956 0.09586748 0.09652001 0.08586562 0.08110698 0.08085978 0 0 0 0 0 0 0 0 0 0 0 0 0 0 0 0 0 0 0 0 0 0 0 0 0 0 0 0 0 0 0 0 0 0 0 0
0.08176459 0.08176459 0.08176459 0.08176459 0.08305744 0.1006699 0.1028461 0.1028155 0.1018488 0.1028455 0.1028461 0.1028461 0.1028461 0.1098542 0.1346955 0.1604594 0.1604594 0.1604594 0.1604594 0.1496153 0.1480174 0.1604594 0.1285797 0.1261821 0.1340156 0.1344136 0.1344136 0.1344136 0.1344136 0.1344136 0.1530433 0.1955362 0.1858132 0.09789518 0.09359923 0.09359924 0.09403351 0.09876971 0.09876971 0.09876972 0.09876971 0.09876972 0.09876971 0.09876971 0.09876971 0.09539562 0.08130432 0.08085436 0 0 0 0 0 0 0 0 0 0 0 0 0 0 0 0 0 0 0 0 0 0 0 0 0 0 0 0 0 0 0 0 0 0 0 0
0.08176459 0.08176459 0.08176459 0.08176459 0.08176459 0.08487641 0.08457179 0.08380678 0.0821276 0.09722853 0.1028461 0.1077983 0.132797 0.1595399 0.1604594 0.1604594 0.1604594 0.1604594 0.1604594 0.1279757 0.103189 0.1291274 0.1122817 0.1344136 0.1344136 0.1344136 0.1344136 0.1344136 0.1344136 0.1344136 0.1389219 0.1954168 0.1477498 0.05742041 0.08825763 0.09359923 0.09360476 0.0985027 0.09876971 0.09876971 0.09876971 0.09876971 0.09876971 0.09876971 0.09876971 0.09876972 0.08902454 0.08084952 0 0 0 0 0 0 0 0 0 0 0 0 0 0 0 0 0 0 0 0 0 0 0 0 0 0 0 0 0 0 0 0 0 0 0 0
0.08176459 0.08176459 0.08176459 0.08176459 0.08176459 0.08176459 0.08176459 0.08176459 0.09421629 0.136998 0.1510856 0.1604066 0.1604594 0.1604594 0.1604594 0.1604594 0.1604594 0.1604594 0.1603408 0.1091694 0.1016996 0.1016996 0.108555 0.1213125 0.1318719 0.1344136 0.1344136 0.1344136 0.1344136 0.1344136 0.1483203 0.1955362 0.127563 0.04852701 0.09122037 0.09359923 0.09359924 0.09806172 0.09876971 0.09876971 0.09876971 0.09876971 0.09876971 0.09876971 0.09876971 0.09876971 0.09857041 0.08950444 0 0 0 0 0 0 0 0 0 0 0 0 0 0 0 0 0 0 0 0 0 0 0 0 0 0 0 0 0 0 0 0 0 0 0 0
0.08176459 0.08176459 0.08176459 0.08176459 0.08176459 0.08176459 0.08176459 0.1177221 0.1521649 0.1604594 0.1604594 0.1604594 0.1604594 0.1604594 0.1604594 0.1604594 0.1602538 0.1466827 0.1426851 0.1016996 0.1016996 0.1016996 0.1016996 0.1016996 0.1025991 0.1129612 0.1257752 0.1342146 0.1344136 0.1344136 0.1344416 0.1619008 0.1355306 0.07173125 0.08606173 0.07554558 0.08094206 0.09640729 0.09876971 0.09876971 0.09876971 0.09876971 0.09876972 0.09876971 0.09876971 0.09876971 0.09876971 0.0976079 0 0 0 0 0 0 0 0 0 0 0 0 0 0 0 0 0 0 0 0 0 0 0 0 0 0 0 0 0 0 0 0 0 0 0 0
0.08176459 0.08176459 0.08176459 0.08176459 0.08176459 0.08176459 0.09358933 0.1575628 0.1604594 0.1604594 0.1604594 0.1604594 0.1604594 0.1604594 0.1604594 0.1550381 0.1127013 0.1016996 0.1016996 0.1016996 0.1016996 0.1016996 0.1016996 0.1016996 0.1016996 0.1016996 0.09649877 0.07655935 0.08501817 0.09311052 0.09708272 0.1159384 0.1666213 0.1567467 0.08519733 0.06359238 0.04689709 0.04945872 0.06616022 0.09112553 0.09876971 0.09876971 0.09876972 0.09876971 0.09876971 0.09876971 0.09876972 0.09758621 0 0 0 0 0 0 0 0 0 0 0 0 0 0 0 0 0 0 0 0 0 0 0 0 0 0 0 0 0 0 0 0 0 0 0 0
0.08176459 0.08176459 0.08176459 0.08176459 0.08176459 0.09826032 0.1556742 0.1604594 0.1604594 0.1604594 0.1604594 0.1604594 0.1604594 0.1604594 0.1587621 0.1148363 0.1016996 0.1016996 0.1016996 0.1016996 0.1016996 0.08287132 0.0830894 0.0871878 0.09152018 0.09575924 0.07870346 0.07297827 0.07297827 0.07297827 0.07297827 0.07297827 0.07297827 0.08174422 0.1181022 0.07215217 0.0468971 0.04689709 0.0468971 0.04870168 0.0727812 0.0815782 0.08158726 0.09841249 0.09876972 0.09162549 0.09178925 0.09991281 0 0 0 0 0 0 0 0 0 0 0 0 0 0 0 0 0 0 0 0 0 0 0 0 0 0 0 0 0 0 0 0 0 0 0 0
0.08176459 0.08176459 0.08176459 0.08176459 0.08443908 0.1487259 0.1604594 0.1604594 0.1604594 0.1604594 0.1604594 0.1604594 0.1604594 0.1604594 0.127264 0.1016996 0.1016996 0.1016996 0.1016996 0.1016996 0.1016996 0.08120656 0.07297827 0.07297826 0.07297827 0.07297826 0.07297827 0.07297826 0.07297827 0.07297826 0.07297827 0.07297826 0.07297827 0.07297826 0.06182534 0.04689709 0.04689709 0.04689709 0.04689709 0.04689709 0.04689709 0.04689709 0.04689709 0.07511336 0.0957175 0.04808565 0.04689709 0.06042364 0 0 0 0 0 0 0 0 0 0 0 0 0 0 0 0 0 0 0 0 0 0 0 0 0 0 0 0 0 0 0 0 0 0 0 0
0.08176459 0.08176459 0.08176459 0.08176459 0.1180437 0.1604594 0.1604594 0.1604594 0.1604594 0.1604594 0.1604594 0.1604594 0.1604594 0.1554224 0.1037129 0.1016996 0.1016996 0.1016996 0.1016996 0.1016996 0.1016996 0.08962182 0.07297826 0.07297827 0.07297826 0.07297826 0.07297826 0.07297826 0.07297826 0.07297827 0.07297826 0.07297826 0.07297826 0.07278146 0.05030356 0.04689709 0.04689709 0.04689709 0.04689709 0.04689709 0.04689709 0.04689709 0.04689709 0.04813384 0.06039324 0.04689709 0.04689709 0.06066851 0 0 0 0 0 0 0 0 0 0 0 0 0 0 0 0 0 0 0 0 0 0 0 0 0 0 0 0 0 0 0 0 0 0 0 0
0.08176459 0.08176459 0.08176459 0.08696767 0.1551086 0.1604594 0.1604594 0.1604594 0.1604594 0.1604594 0.1604594 0.1604594 0.1604594 0.124087 0.1016996 0.1016996 0.1016996 0.1016996 0.1016996 0.1016996 0.1016996 0.08986877 0.07388183 0.07297826 0.07297827 0.07297827 0.07297827 0.07297827 0.07297827 0.07297826 0.07297827 0.07297827 0.07297827 0.06625587 0.04689709 0.04689709 0.04689709 0.04689709 0.04689709 0.04689709 0.04689709 0.04689709 0.04689709 0.04689709 0.04689709 0.04689709 0.04689709 0.06090888 0 0 0 0 0 0 0 0 0 0 0 0 0 0 0 0 0 0 0 0 0 0 0 0 0 0 0 0 0 0 0 0 0 0 0 0
0.08176459 0.08176459 0.08172908 0.08105101 0.09138498 0.09369602 0.09597898 0.09826191 0.1108722 0.1604594 0.1604594 0.1604594 0.1537773 0.1017499 0.1016996 0.1016996 0.1016996 0.1016996 0.1016996 0.1016996 0.1016996 0.1016996 0.09690532 0.07297827 0.07297827 0.07297827 0.07297827 0.07297827 0.07297827 0.07297827 0.07300377 0.07297827 0.07297827 0.05881584 0.04689709 0.04689709 0.04689709 0.04689709 0.04689709 0.04689709 0.04689709 0.04689709 0.04689709 0.04689709 0.04689709 0.04689709 0.04689709 0.06114925 0 0 0 0 0 0 0 0 0 0 0 0 0 0 0 0 0 0 0 0 0 0 0 0 0 0 0 0 0 0 0 0 0 0 0 0
0.08176152 0.08176459 0.08127664 0.07641362 0.07641362 0.07641362 0.07641362 0.07641362 0.08653794 0.1212873 0.1111581 0.09679013 0.08397953 0.1016996 0.1016996 0.1016996 0.1016996 0.1016996 0.1016996 0.1016996 0.1016996 0.1016996 0.1011899 0.07301916 0.07297826 0.07297827 0.07297826 0.07297827 0.07297826 0.07297827 0.08220623 0.08114707 0.0733858 0.05302131 0.04689709 0.0468971 0.04689709 0.0468971 0.04689709 0.04689709 0.04689709 0.04689709 0.04689709 0.0468971 0.04689709 0.04689709 0.04689709 0.04966699 0 0 0 0 0 0 0 0 0 0 0 0 0 0 0 0 0 0 0 0 0 0 0 0 0 0 0 0 0 0 0 0 0 0 0 0
0.07845709 0.08162588 0.08102106 0.07641362 0.07641362 0.07641362 0.07641362 0.07641362 0.06891047 0.04554063 0.04554063 0.04554063 0.04556197 0.0705519 0.07661252 0.1000588 0.1016996 0.1016996 0.1016996 0.1016996 0.1016996 0.09949224 0.06433697 0.05129909 0.07242335 0.07297827 0.07297826 0.07297827 0.07297826 0.07297827 0.08752637 0.09028959 0.08840962 0.05112419 0.04689709 0.04689709 0.04689709 0.04689709 0.04689709 0.04689709 0.04689709 0.04846239 0.05152376 0.05136508 0.05027293 0.04689709 0.04710636 0.05047038 0 0 0 0 0 0 0 0 0 0 0 0 0 0 0 0 0 0 0 0 0 0 0 0 0 0 0 0 0 0 0 0 0 0 0 0
0.07641362 0.07764527 0.07993197 0.07641362 0.07641362 0.07641362 0.07641362 0.07641362 0.06763097 0.04554063 0.04554064 0.04554063 0.04554063 0.04554063 0.04554063 0.06218107 0.1003595 0.1016996 0.1016996 0.1016996 0.09555665 0.0567297 0.04554063 0.04554064 0.05840608 0.07297827 0.07297827 0.07297827 0.07297827 0.07510033 0.09026226 0.09028959 0.0851658 0.04713554 0.04793764 0.05034921 0.05275366 0.05515577 0.05017213 0.04689709 0.04951398 0.06186243 0.06393346 0.06393346 0.06362229 0.05470383 0.06140899 0.06414838 0 0 0 0 0 0 0 0 0 0 0 0 0 0 0 0 0 0 0 0 0 0 0 0 0 0 0 0 0 0 0 0 0 0 0 0
0.07641362 0.07641362 0.07643402 0.07641362 0.07641362 0.07641362 0.07641362 0.07641362 0.6008158 0.2928251 0.04554063 0.04554063 0.04554063 0.04554063 0.04554063 0.04554063 0.0632185 0.1006339 0.1016996 0.08910076 0.05100204 0.04554063 0.04554063 0.04554063 0.0559633 0.07297827 0.07297826 0.07297827 0.07297826 0.0807787 0.09028958 0.09028958 0.08940087 0.0889032 0.09028319 0.09028958 0.09028958 0.08311718 0.06402492 0.05904934 0.06256703 0.06393346 0.06393346 0.06393346 0.06393346 0.06393346 0.06393346 0.06415192 0 0 0 0 0 0 0 0 0 0 0 0 0 0 0 0 0 0 0 0 0 0 0 0 0 0 0 0 0 0 0 0 0 0 0 0
0.07641362 0.07641362 0.07641362 0.07641362 0.07641362 0.07641362 0.07641362 0.08732818 5.447032 6.809043 0.1046798 0.04554063 0.04554063 0.04554063 0.04554063 0.04554063 0.04554063 0.0642527 0.07574433 0.04664287 0.04554063 0.04554063 0.04554063 0.04899276 0.07859639 0.0760672 0.07328577 0.07297827 0.07297827 0.08249338 0.09028957 0.09028958 0.09028958 0.09028958 0.09028959 0.09028958 0.08898051 0.06637599 0.06393345 0.06393345 0.06393346 0.06393345 0.06393345 0.06393345 0.06393346 0.06393345 0.06393346 0.06415547 0 0 0 0 0 0 0 0 0 0 0 0 0 0 0 0 0 0 0 0 0 0 0 0 0 0 0 0 0 0 0 0 0 0 0 0
