Scenarios/Heterogeneous/data/country_data_population_distribution/processed/density_grids/nam.asc
ncols 341
nrows 289
xllcorner 11
yllcorner -28
cellsize 0.041666666666667
NODATA_value -9999
[rows 185 to 221 of 289, columns 168 to 251 of 341]
0.223571 0.223571 0.223571 0.2243733 0.2806232 0.268423 0.2244563 0.223571 0.223571 0.2083596 0.1881715 0.2718366 0.4057716 0.4057716 0.4057716 0.4053186 0.2105821 0.1327727 0.1141063 0.109533 0.1105741 0.109533 0.109533 0.109533 0.109533 0.109533 0.109533 0.1111133 0.1334728 0.1455864 0.1481907 0.1481919 0.1481919 0.1481919 0.1481919 0.1481919 0.1481919 0.1481919 0.1481919 0.1481919 0.1481919 0.1481919 0.1481919 0.1481919 0.1481919 0.1481919 0.1481919 0.1481919 0 0 0 0 0 0 0 0 0 0 0 0 0 0 0 0 0 0 0 0 0 0 0 0 0 0 0 0 0 0 0 0 0 0 0 0
0.223571 0.223571 0.223571 0.223571 0.2236741 0.223571 0.223571 0.2231386 0.2041973 0.188199 0.1881478 0.1882715 0.3297429 0.4057716 0.4010826 0.3319097 0.222467 0.1239352 0.109533 0.109533 0.109533 0.109533 0.109533 0.109533 0.109533 0.109533 0.11205 0.1363427 0.1442796 0.1442796 0.1466661 0.1481919 0.1481919 0.1481919 0.1481919 0.1481919 0.1481919 0.1481919 0.1481919 0.1481919 0.1481919 0.1481919 0.1481919 0.1481919 0.1481919 0.1481919 0.1481919 0.1481919 0 0 0 0 0 0 0 0 0 0 0 0 0 0 0 0 0 0 0 0 0 0 0 0 0 0 0 0 0 0 0 0 0 0 0 0
0.223571 0.223571 0.223571 0.223571 0.223571 0.223571 0.2217899 0.1980231 0.1881478 0.1881478 0.1881478 0.1881478 0.1956335 0.280811 0.2083405 0.1881478 0.1881478 0.1765542 0.1139982 0.109533 0.1103938 0.109533 0.109533 0.109533 0.1141945 0.1297523 0.1425673 0.1442796 0.1442796 0.1442796 0.1445408 0.1477385 0.1481919 0.1481919 0.1481919 0.1481919 0.1481919 0.1478069 0.1481919 0.148165 0.1481919 0.1481919 0.1481919 0.1481919 0.1481919 0.1481919 0.1481919 0.1481919 0 0 0 0 0 0 0 0 0 0 0 0 0 0 0 0 0 0 0 0 0 0 0 0 0 0 0 0 0 0 0 0 0 0 0 0
0.223571 0.223571 0.223571 0.223571 0.223571 0.206192 0.1951213 0.1881478 0.1881478 0.1881478 0.1881478 0.1881478 0.1881478 0.1881478 0.1881478 0.1881478 0.1881478 0.1881478 0.1726118 0.4141398 0.3580588 0.109533 0.109533 0.1197977 0.1426982 0.1442796 0.1442796 0.1442796 0.1442796 0.1442796 0.1442796 0.145074 0.1480461 0.1481318 0.1481919 0.1481919 0.1441165 0.1052526 0.1422986 0.1094329 0.1158594 0.1481919 0.1481919 0.1481919 0.1481919 0.1481919 0.1481919 0.1481919 0 0 0 0 0 0 0 0 0 0 0 0 0 0 0 0 0 0 0 0 0 0 0 0 0 0 0 0 0 0 0 0 0 0 0 0
0.223571 0.223571 0.223571 0.223571 0.223458 0.1890075 0.1881478 0.1881478 0.1881478 0.1881478 0.1881478 0.1881478 0.1880785 0.1878051 0.1881478 0.1881129 0.1869988 0.1853804 2.711545 72.84359 0.1990975 0.111742 0.1314696 0.1441291 0.1442796 0.1442797 0.1442796 0.1442796 0.1442796 0.1442797 0.1442796 0.1442797 0.1446231 0.1464628 0.1481919 0.1373239 0.1036552 0.09203023 0.09440418 0.09203023 0.1088179 0.1481919 0.1481919 0.1481919 0.1481919 0.1481919 0.1481919 0.1481919 0 0 0 0 0 0 0 0 0 0 0 0 0 0 0 0 0 0 0 0 0 0 0 0 0 0 0 0 0 0 0 0 0 0 0 0
0.223571 0.223571 0.223571 0.223571 0.2211234 0.1881478 0.1881478 0.1881478 0.1881478 0.1881478 0.1881478 0.1877901 0.1853289 0.1846779 0.186494 0.1849708 0.184449 0.184449 0.184449 0.1568834 0.1246412 0.1401747 0.1442796 0.1442796 0.1442796 0.1442796 0.1442797 0.1442796 0.1442796 0.1442796 0.1442796 0.1442796 0.1442796 0.1438058 0.1183301 0.09294683 0.09203023 0.09203023 0.09203023 0.09203023 0.09341024 0.1022586 0.1209171 0.1481919 0.1481919 0.1481919 0.1481919 0.1481919 0 0 0 0 0 0 0 0 0 0 0 0 0 0 0 0 0 0 0 0 0 0 0 0 0 0 0 0 0 0 0 0 0 0 0 0
0.2238764 0.227805 0.2237539 0.2283144 0.2979547 0.4058751 0.5595983 0.3491211 0.1869621 0.1869175 0.1865896 0.1848125 0.184449 0.184449 0.184449 0.184449 0.1838614 0.1716177 0.154577 0.1443509 0.1442796 0.1442796 0.1442796 0.1442796 0.1442796 0.1442796 0.1442796 0.1442796 0.1442796 0.1442796 0.1442796 0.1442796 0.1423639 0.1085958 0.09203023 0.09203023 0.09203023 0.09203023 0.09203023 0.09203023 0.09203023 0.09203023 0.1069734 0.1336911 0.1241121 0.1240767 0.1270969 0.1288185 0 0 0 0 0 0 0 0 0 0 0 0 0 0 0 0 0 0 0 0 0 0 0 0 0 0 0 0 0 0 0 0 0 0 0 0
0.4860941 0.4902974 0.4887848 1.337445 1.854414 1.854414 1.812807 0.3347566 0.184449 0.184449 0.184449 0.184449 0.184449 0.184449 0.1837652 0.1641264 0.1486159 0.1442796 0.1442796 0.1442796 0.1442796 0.1442796 0.1442796 0.1442796 0.1442796 0.1442796 0.1442796 0.1442796 0.1442796 0.1442796 0.1441684 0.1288936 0.1015685 0.09203023 0.09203023 0.09203023 0.09203023 0.09203023 0.09203023 0.09203023 0.09203023 0.09200675 0.07785729 0.07218853 0.07218853 0.07218853 0.07218853 0.07218853 0 0 0 0 0 0 0 0 0 0 0 0 0 0 0 0 0 0 0 0 0 0 0 0 0 0 0 0 0 0 0 0 0 0 0 0
0.4902974 0.4902974 0.4902974 1.231339 1.854414 1.290847 0.7487711 0.184449 0.184449 0.184449 0.184449 0.184449 0.184449 0.1806326 0.1540021 0.1442796 0.1442797 0.1442796 0.1442796 0.1442796 0.1442796 0.1442796 0.1442796 0.1421543 0.1336428 0.1263007 0.1413921 0.1349341 0.134037 0.1384141 0.1053767 0.09203023 0.09203023 0.09203023 0.09203023 0.09203023 0.09203023 0.09203023 0.09203023 0.09203023 0.09203023 0.08474422 0.07218853 0.07218853 0.07218853 0.07218853 0.07218853 0.07218704 0 0 0 0 0 0 0 0 0 0 0 0 0 0 0 0 0 0 0 0 0 0 0 0 0 0 0 0 0 0 0 0 0 0 0 0
0.4902974 0.4884675 0.4822547 1.112855 1.854414 0.858387 0.4217166 0.184449 0.184449 0.184449 0.184449 0.184449 0.184449 0.1687611 0.1443436 0.1442796 0.1442796 0.1442796 0.1442796 0.1442796 0.1441166 0.133418 0.1273105 0.1217034 0.1212722 0.1212722 0.1220984 0.1212722 0.1217957 0.1002417 0.09203023 0.09203023 0.09203023 0.09203023 0.09203023 0.09203022 0.09203023 0.09203023 0.08531947 0.07871145 0.08365481 0.07363119 0.07218853 0.07218853 0.07218853 0.07218853 0.07218853 0.07216199 0 0 0 0 0 0 0 0 0 0 0 0 0 0 0 0 0 0 0 0 0 0 0 0 0 0 0 0 0 0 0 0 0 0 0 0
0.4340662 0.3573308 0.4599556 0.5515576 0.721119 0.5284535 0.4496971 0.3862748 0.2829922 0.184449 0.184449 0.184449 0.184449 0.184449 0.1810883 0.1727373 0.1491267 0.1442796 0.1437431 0.1314531 0.1145496 0.108201 0.1149133 0.1212722 0.1212722 0.1212722 0.1212722 0.1212722 0.1212722 0.1154567 0.09279831 0.1029474 0.1085646 0.09241104 0.09203023 0.08774884 0.09041677 0.0804029 0.07222494 0.07218853 0.07218853 0.07218853 0.07218853 0.07218853 0.07218853 0.07218853 0.07218853 0.07215308 0 0 0 0 0 0 0 0 0 0 0 0 0 0 0 0 0 0 0 0 0 0 0 0 0 0 0 0 0 0 0 0 0 0 0 0
0.2165423 0.2554753 0.4599556 0.4599556 0.4599556 0.4599556 0.4599556 0.4599556 0.2965634 0.184449 0.184449 0.184449 0.184449 0.184449 0.184449 0.184449 0.1759635 0.1454002 0.1407556 0.1104151 0.108201 0.108201 0.1089822 0.1202977 0.1212722 0.1212722 0.1212722 0.1212722 0.1212722 0.1212722 0.1182049 0.1212722 0.1212722 0.1119198 0.08296411 0.07236021 0.07259117 0.07218853 0.07218853 0.07218853 0.07218853 0.07218853 0.07218853 0.07218853 0.07218853 0.07218853 0.07218853 0.07214792 0 0 0 0 0 0 0 0 0 0 0 0 0 0 0 0 0 0 0 0 0 0 0 0 0 0 0 0 0 0 0 0 0 0 0 0
0.2165423 0.2559952 0.4599555 0.4599555 0.4599555 0.4599555 0.4599555 0.4599556 0.264669 0.1717149 0.1696511 0.1705444 0.1719061 0.1696214 0.1691337 0.168433 0.1620184 0.1502815 0.1360587 0.1092072 0.108201 0.108201 0.108201 0.112202 0.1211628 0.1212722 0.1212722 0.1212722 0.1212722 0.1212722 0.1212722 0.1212722 0.1212722 0.1212722 0.10846 0.0746063 0.07218853 0.07218853 0.07218853 0.07218853 0.07218853 0.07218853 0.07218853 0.07218853 0.07218853 0.07218853 0.07218853 0.07209686 0 0 0 0 0 0 0 0 0 0 0 0 0 0 0 0 0 0 0 0 0 0 0 0 0 0 0 0 0 0 0 0 0 0 0 0
0.2165423 0.3070339 0.4295951 0.4420559 0.5071291 0.5134312 0.5196603 0.5243527 0.395069 0.1615396 0.1615396 0.1615396 0.1615396 0.1615396 0.1615396 0.1615396 0.1615396 0.1482898 0.1108592 0.108201 0.108201 0.108201 0.108201 0.108201 0.1136818 0.1212722 0.1212722 0.1212722 0.1212722 0.1212722 0.1212722 0.1212722 0.1212722 0.1212722 0.1212722 0.1108253 0.07353662 0.07218853 0.07218853 0.07218853 0.07218853 0.07218853 0.07218853 0.07218853 0.07218853 0.07218853 0.07218853 0.07204259 0 0 0 0 0 0 0 0 0 0 0 0 0 0 0 0 0 0 0 0 0 0 0 0 0 0 0 0 0 0 0 0 0 0 0 0
0.2165423 0.3380632 0.3551092 0.3808004 0.5805862 0.5821998 0.5821998 0.5821998 0.6189443 0.1615396 0.1615396 0.1615396 0.1615396 0.1615396 0.1615396 0.1615396 0.1615396 0.1575143 0.1082264 0.108201 0.108201 0.108201 0.108201 0.108201 0.108509 0.113025 0.1212189 0.1212722 0.1212722 0.1212722 0.1212722 0.1212722 0.1212722 0.1212722 0.1212722 0.1212722 0.08876684 0.07218853 0.07218853 0.07218853 0.07218853 0.07218853 0.07218853 0.07218853 0.07218853 0.07218853 0.07218853 0.07201356 0 0 0 0 0 0 0 0 0 0 0 0 0 0 0 0 0 0 0 0 0 0 0 0 0 0 0 0 0 0 0 0 0 0 0 0
0.2243754 0.3536224 0.3551092 0.4685984 0.5821998 0.7869459 1.751639 1.720715 0.9074209 0.542347 0.3050369 0.1615396 0.1615396 0.1615396 0.1615396 0.1615396 0.1615396 0.1597337 0.1199931 0.108201 0.108201 0.108201 0.108201 0.108201 0.108201 0.108201 0.111829 0.1209046 0.1212722 0.1212722 0.1212722 0.1212722 0.1212722 0.1212722 0.1212722 0.1212722 0.1007438 0.07218853 0.07218853 0.07218853 0.07218853 0.07218853 0.07218853 0.07218853 0.07218853 0.07218853 0.07218853 0.07197576 0 0 0 0 0 0 0 0 0 0 0 0 0 0 0 0 0 0 0 0 0 0 0 0 0 0 0 0 0 0 0 0 0 0 0 0
0.2675228 0.3550994 0.3551092 0.5000321 0.5821998 0.618623 2.303602 1.533276 0.8672282 0.8672282 0.6559256 0.1615396 0.1615396 0.1615396 0.1615396 0.1615396 0.1615396 0.1615396 0.1599817 0.118249 0.108201 0.108201 0.108201 0.108201 0.108201 0.108201 0.108201 0.1135756 0.1206922 0.1212722 0.1212722 0.1212722 0.1212722 0.1212722 0.1212722 0.1212722 0.1110447 0.07218853 0.07218853 0.07218853 0.07218853 0.07218853 0.07218853 0.07218853 0.07218853 0.07218853 0.07218853 0.07200751 0 0 0 0 0 0 0 0 0 0 0 0 0 0 0 0 0 0 0 0 0 0 0 0 0 0 0 0 0 0 0 0 0 0 0 0
0.3551092 0.3551092 0.3551092 0.5210348 0.5330611 0.541257 1.136073 0.8689488 0.8672282 0.8672282 0.8572959 0.2560223 0.1615396 0.1615396 0.1615396 0.1615396 0.1615396 0.1615396 0.1615396 0.1532498 0.1105547 0.108201 0.108201 0.108201 0.108201 0.108201 0.108201 0.1087511 0.11899 0.1212722 0.1212722 0.1212722 0.1212722 0.1212722 0.1212722 0.1212722 0.1210961 0.07979047 0.07218853 0.07218853 0.07218853 0.07218853 0.07218853 0.07218853 0.07218853 0.07218853 0.07218853 0.07205819 0 0 0 0 0 0 0 0 0 0 0 0 0 0 0 0 0 0 0 0 0 0 0 0 0 0 0 0 0 0 0 0 0 0 0 0
0.3551092 0.3551092 0.3551092 0.3556536 0.3490617 0.5153614 0.6920871 0.6945074 0.6924178 0.676178 0.6336679 0.4060824 0.2197787 0.1911145 0.1615396 0.1615396 0.1615396 0.1615396 0.1615396 0.1612521 0.1196199 0.108201 0.108201 0.108201 0.108201 0.108201 0.108201 0.108201 0.112216 0.1212722 0.1212722 0.1212722 0.1212722 0.1212722 0.1212722 0.1212722 0.1212205 0.08948347 0.07218853 0.07218853 0.07218853 0.07218853 0.07218853 0.07218853 0.07218853 0.07218853 0.07218853 0.0719711 0 0 0 0 0 0 0 0 0 0 0 0 0 0 0 0 0 0 0 0 0 0 0 0 0 0 0 0 0 0 0 0 0 0 0 0
0.3551092 0.3551092 0.3467989 0.3174467 0.3032276 0.3027258 0.3027258 0.3027258 0.3027258 0.3027258 0.3027258 0.3027258 0.3027258 0.246313 0.1615396 0.1615396 0.1615396 0.1615396 0.1615396 0.1460489 0.108201 0.108201 0.108201 0.108201 0.108201 0.108201 0.108201 0.108201 0.110972 0.1286364 0.1212722 0.1212722 0.1212722 0.1212722 0.1212722 0.09945194 0.07388228 0.07218853 0.07218853 0.07218853 0.07218853 0.07218853 0.07218853 0.07218853 0.07218853 0.07218853 0.07218853 0.07187928 0 0 0 0 0 0 0 0 0 0 0 0 0 0 0 0 0 0 0 0 0 0 0 0 0 0 0 0 0 0 0 0 0 0 0 0
0.3271357 0.313988 0.3040644 0.3027258 0.3027258 0.3027258 0.3027258 0.3027258 0.3027258 0.3027258 0.3027258 0.3027258 0.3027258 0.24078 0.1607756 0.1606459 0.1605972 0.1608576 0.1611554 0.1361165 0.1102194 0.1104969 0.1103211 0.1082013 0.108201 0.108201 0.1084273 0.1214785 0.1454646 0.1520344 0.1256949 0.1212722 0.1212722 0.1212722 0.1212722 0.09117512 0.07218853 0.07218853 0.07218853 0.07218853 0.07218853 0.07218853 0.07218853 0.07218853 0.07218853 0.07218853 0.07218853 0.0718457 0 0 0 0 0 0 0 0 0 0 0 0 0 0 0 0 0 0 0 0 0 0 0 0 0 0 0 0 0 0 0 0 0 0 0 0
0.3000978 0.3027258 0.3027258 0.3027258 0.3027258 0.3027258 0.3027258 0.3027258 0.3027258 0.3027258 0.3027258 0.3027258 0.3027258 0.2345833 0.1578162 0.1578162 0.1578162 0.1578162 0.1578162 0.1578162 0.1578162 0.1578162 0.1578162 0.1541488 0.1465609 0.1384432 0.1465279 0.1539468 0.1539468 0.1539468 0.1473301 0.1221207 0.1212722 0.1216186 0.1220555 0.112173 0.07443952 0.07218853 0.07218853 0.07218853 0.07218853 0.07218853 0.07218853 0.07218853 0.07218853 0.07218853 0.07218853 0.07180411 0 0 0 0 0 0 0 0 0 0 0 0 0 0 0 0 0 0 0 0 0 0 0 0 0 0 0 0 0 0 0 0 0 0 0 0
0.2841044 0.3027258 0.3027258 0.3027258 0.3027258 0.3027258 0.3027258 0.3027258 0.3027258 0.3027258 0.3027258 0.3027258 0.3027258 0.2296176 0.1578162 0.1578162 0.1578162 0.1578162 0.1578162 0.1578162 0.1578162 0.1578162 0.1578162 0.1578162 0.157807 0.1549184 0.1539468 0.1539468 0.1539468 0.1539468 0.1539468 0.1371881 0.1231489 0.1312914 0.1322727 0.1318595 0.1236234 0.08674891 0.07218853 0.07218853 0.07218853 0.07218853 0.07218853 0.07218853 0.07232901 0.07317401 0.07240822 0.07251763 0 0 0 0 0 0 0 0 0 0 0 0 0 0 0 0 0 0 0 0 0 0 0 0 0 0 0 0 0 0 0 0 0 0 0 0
0.2666556 0.3027258 0.3027258 0.3027258 0.3027258 0.3027258 0.3027258 0.3027258 0.3027258 0.3027258 0.3027258 0.3027258 0.3027258 0.2265896 0.1578162 0.1578162 0.1578162 0.1578162 0.1578162 0.1578162 0.1578162 0.1578162 0.1578162 0.1578162 0.1565983 0.1539468 0.1539468 0.1544712 0.1539468 0.1539468 0.1539468 0.1526185 0.1343044 0.1322727 0.1322727 0.1322727 0.1233723 0.08339994 0.07434741 0.07411027 0.0737369 0.07250158 0.07264795 0.07369307 0.07449758 0.07459528 0.07458764 0.07447496 0 0 0 0 0 0 0 0 0 0 0 0 0 0 0 0 0 0 0 0 0 0 0 0 0 0 0 0 0 0 0 0 0 0 0 0
0.2686105 0.3026896 0.3027258 0.3027258 0.3027258 0.3027258 0.3027258 0.3027258 0.3027258 0.3027258 0.3027258 0.3027258 0.3027258 0.2259895 0.1578162 0.1578162 0.1578162 0.1578162 0.1578162 0.1578162 0.1578162 0.1578162 0.1578162 0.1578162 0.1575835 0.1545592 0.1556524 0.1577034 0.1544262 0.1539468 0.1539468 0.1539468 0.1486536 0.1324233 0.1322727 0.1322727 0.1176286 0.07577167 0.07459528 0.07459528 0.07459528 0.07449345 0.07456674 0.07459528 0.07459528 0.07459528 0.07459528 0.07446845 0 0 0 0 0 0 0 0 0 0 0 0 0 0 0 0 0 0 0 0 0 0 0 0 0 0 0 0 0 0 0 0 0 0 0 0
0.2897957 0.3027258 0.3027258 0.3027258 0.3027258 0.3027258 0.3027258 0.307315 0.333934 0.3834364 0.3027258 0.303808 0.3169714 0.2378621 0.1578162 0.1578162 0.1578162 0.1578162 0.1578162 0.1578162 0.1578162 0.1578162 0.1578162 0.1578162 0.1578162 0.1576848 0.157657 0.1567248 0.1551405 0.1539468 0.1539468 0.1539466 0.1441782 0.1325788 0.1322727 0.1322727 0.1322727 0.1143733 0.08562141 0.09205374 0.1041796 0.09395589 0.07459529 0.07459528 0.07459529 0.07459529 0.07459529 0.07419684 0 0 0 0 0 0 0 0 0 0 0 0 0 0 0 0 0 0 0 0 0 0 0 0 0 0 0 0 0 0 0 0 0 0 0 0
0.2797449 0.3027258 0.3027258 0.3027258 0.3027258 0.3027258 0.3027258 0.3717128 0.6646591 0.6656446 0.6493869 0.6636035 0.6667864 0.353503 0.1578162 0.1578162 0.1578162 0.1578162 0.1578162 0.1578162 0.1578162 0.1578162 0.1578162 0.1578162 0.1577236 0.1567669 0.1555934 0.1539468 0.1539468 0.1539468 0.1537654 0.1422353 0.1322727 0.1322727 0.1322727 0.1322727 0.1322727 0.1322727 0.1322727 0.1322727 0.1322727 0.1298491 0.08168456 0.07459528 0.07459528 0.07459528 0.07459528 0.07398643 0 0 0 0 0 0 0 0 0 0 0 0 0 0 0 0 0 0 0 0 0 0 0 0 0 0 0 0 0 0 0 0 0 0 0 0
0.2584673 0.3022995 0.3027258 0.3027258 0.3027258 0.3027258 0.3027258 0.3027258 0.4050749 0.6478744 0.6667864 0.6667864 0.6667864 0.2831809 0.1578162 0.1578162 0.1578162 0.1578162 0.1578162 0.1578162 0.1578041 0.1544727 0.1485859 0.1427413 0.147838 0.1539468 0.1539468 0.1539468 0.1539468 0.1521361 0.1382398 0.1322727 0.1322727 0.1322727 0.1322727 0.1322727 0.1322727 0.1322727 0.1322727 0.1322727 0.1322727 0.1322727 0.1176911 0.07463849 0.07459528 0.07459528 0.07459528 0.07394324 0 0 0 0 0 0 0 0 0 0 0 0 0 0 0 0 0 0 0 0 0 0 0 0 0 0 0 0 0 0 0 0 0 0 0 0
0.2454728 0.2495146 2.30836 2.360954 0.331921 0.3577608 0.3698393 0.3835646 0.419871 0.4819816 0.6654838 0.6667865 0.6667864 0.2110026 0.1578162 0.1578162 0.1567066 0.1465162 0.1342483 0.1219064 0.1094118 0.1051263 0.1051263 0.1058995 0.1478605 0.1539468 0.1539468 0.1539468 0.1539468 0.1439422 0.1322727 0.1322727 0.1322727 0.1322727 0.1322727 0.1322727 0.1322727 0.1322727 0.1322727 0.1322727 0.1322727 0.1322727 0.1322727 0.09131517 0.07459529 0.07459528 0.07459529 0.07390942 0 0 0 0 0 0 0 0 0 0 0 0 0 0 0 0 0 0 0 0 0 0 0 0 0 0 0 0 0 0 0 0 0 0 0 0
0.2483269 0.2483268 29.63123 47.0441 0.8878409 0.4309183 0.4309183 0.4309183 0.4309183 0.5610914 0.6667865 0.6667865 0.6428514 0.1111713 0.1142526 0.1166153 0.1071178 0.1051263 0.1051263 0.1051263 0.1051263 0.1051263 0.1051263 0.109285 0.1304675 0.1312217 0.2653416 0.4259071 0.406001 0.1647501 0.1322727 0.1322727 0.1322727 0.1322727 0.1322727 0.1322727 0.1322727 0.1322727 0.1322727 0.1322727 0.1322727 0.1322727 0.1322727 0.09312101 0.07459528 0.07459528 0.07459528 0.07387507 0 0 0 0 0 0 0 0 0 0 0 0 0 0 0 0 0 0 0 0 0 0 0 0 0 0 0 0 0 0 0 0 0 0 0 0
0.2483268 0.2483268 0.3148723 0.4309183 0.4309183 0.4309183 0.4309183 0.4309183 0.4309351 0.6230105 0.6667865 0.7366018 0.4097083 0.1051263 0.1051263 0.1051263 0.1051263 0.1051263 0.1051263 0.1051263 0.1051263 0.1051263 0.1051263 0.1052933 0.1205272 0.1214506 9.883036 81.71478 0.6341951 0.2884643 0.1322727 0.1322727 0.1322727 0.1322727 0.1322727 0.1322727 0.1322727 0.1322727 0.1322727 0.1322592 0.1286206 0.1253712 0.103253 0.07475156 0.07459528 0.07459528 0.07459527 0.07595088 0 0 0 0 0 0 0 0 0 0 0 0 0 0 0 0 0 0 0 0 0 0 0 0 0 0 0 0 0 0 0 0 0 0 0 0
0.2483269 0.2483269 0.300202 0.4309184 0.4309184 0.4309183 0.4309184 0.4444073 0.5310614 0.6546862 0.6862863 1.301034 1.51595 1.011339 0.4359963 0.106757 0.1051263 0.1051263 0.1051263 0.1051263 0.1051263 0.1051263 0.1051263 0.1051263 0.1179159 0.1214507 0.2663167 0.8341236 0.7679053 0.4177089 0.1322727 0.1322727 0.1322727 0.1322727 0.1322727 0.1322727 0.1322727 0.1322727 0.1272931 0.1057736 0.07542774 0.07459528 0.07459528 0.07459528 0.07459528 0.07459528 0.07459528 0.07656302 0 0 0 0 0 0 0 0 0 0 0 0 0 0 0 0 0 0 0 0 0 0 0 0 0 0 0 0 0 0 0 0 0 0 0 0
0.2483269 0.2483269 0.2727199 0.4309183 0.4309183 0.4511702 0.4889362 0.5173466 0.5203409 0.5405497 0.8269548 1.568385 1.57348 1.57348 1.57348 1.328654 0.3421036 0.1051263 0.1051263 0.1051263 0.1051263 0.1051263 0.1074594 0.1096605 0.1175816 0.1214507 0.1363264 0.1650834 0.1214506 0.1214744 0.1279321 0.1322727 0.1322727 0.1322727 0.1322727 0.1322727 0.1322727 0.1322727 0.1314558 0.08766761 0.07459528 0.07459528 0.07459528 0.07459528 0.07459528 0.07459528 0.07459528 0.07665201 0 0 0 0 0 0 0 0 0 0 0 0 0 0 0 0 0 0 0 0 0 0 0 0 0 0 0 0 0 0 0 0 0 0 0 0
0.2483269 0.2608286 0.3587132 0.4374936 0.4309184 0.4955885 0.5203409 0.5203409 0.5203409 0.5203409 0.5203409 0.6929501 1.059523 1.347224 1.57348 1.57348 0.5100622 0.1051263 0.1051263 0.1051263 0.1051263 0.1051263 0.1159924 0.1214506 0.1214507 0.1214507 0.1214507 0.1214507 0.1214507 0.1214506 0.1215623 0.1282345 0.1322727 0.1322727 0.1322727 0.1322727 0.1322727 0.1322727 0.1155097 0.08155231 0.07459528 0.07459529 0.07459529 0.07459529 0.07459528 0.07459529 0.07459528 0.07673898 0 0 0 0 0 0 0 0 0 0 0 0 0 0 0 0 0 0 0 0 0 0 0 0 0 0 0 0 0 0 0 0 0 0 0 0
0.2483269 0.2483605 0.5087902 0.9132572 0.7993181 0.727217 1.800111 0.5203409 0.5203409 0.5203409 0.5203409 0.5203409 0.5431882 1.211533 1.57348 1.57348 0.5078936 0.1051263 0.1051263 0.1079584 0.1104844 0.1111606 0.1205549 0.122026 0.1214507 0.1214507 0.1214507 0.1214507 0.1214507 0.1214507 0.1214507 0.12147 0.126535 0.1321898 0.1322727 0.1322727 0.1322727 0.1322727 0.1152416 0.07459528 0.07459529 0.07459528 0.07459528 0.07459528 0.07459529 0.07459528 0.07459529 0.07682576 0 0 0 0 0 0 0 0 0 0 0 0 0 0 0 0 0 0 0 0 0 0 0 0 0 0 0 0 0 0 0 0 0 0 0 0
0.2483268 0.2483268 0.5418966 0.9428786 0.9428786 0.9428786 8.391829 0.6458139 0.5203409 0.5203409 0.5203409 0.5638884 1.311856 1.57348 1.57348 1.57348 0.485755 0.1051263 0.1051263 0.1209011 0.1277761 0.1277761 0.1277761 0.1267326 0.1214506 0.1214506 0.1214506 0.1214506 0.1214506 0.1214507 0.1214506 0.1214506 0.1214506 0.1248095 0.1293945 0.1322727 0.1322727 0.1322166 0.1188405 0.09074385 0.08429452 0.07459528 0.07459528 0.07459528 0.07459528 0.07459528 0.07459528 0.07691309 0 0 0 0 0 0 0 0 0 0 0 0 0 0 0 0 0 0 0 0 0 0 0 0 0 0 0 0 0 0 0 0 0 0 0 0
0.2549011 0.2483269 0.5276673 0.9428786 0.9428785 0.9428786 0.8852188 0.6294547 0.5203409 0.5203409 0.5203409 0.5203409 0.6110128 0.9028998 1.476027 0.7230365 0.1084372 0.1051263 0.1051263 0.1238845 0.1277761 0.1277761 0.1277761 0.1275918 0.1215091 0.1214506 0.1214506 0.1214507 0.1214506 0.1214506 0.1214507 0.1214507 0.1214506 0.1214506 0.1228947 0.1321055 0.1223294 0.1064121 0.09970075 0.09970074 0.09803989 0.07649088 0.07459529 0.07459528 0.07459528 0.07459529 0.07459528 0.0770025 0 0 0 0 0 0 0 0 0 0 0 0 0 0 0 0 0 0 0 0 0 0 0 0 0 0 0 0 0 0 0 0 0 0 0 0
