Scenarios/Heterogeneous/data/country_data_population_distribution/processed/density_grids/nam.asc
ncols 341
nrows 289
xllcorner 11
yllcorner -28
cellsize 0.041666666666667
NODATA_value -9999
[rows 148 to 184 of 289, columns 168 to 251 of 341]
0.4252099 0.4246 0.4246 0.4246 0.4246 0.4017241 0.3175317 0.3162389 0.3145647 0.3105376 0.348373 0.5042863 0.5136108 0.523214 0.523214 0.4922984 0.4004901 0.3597462 0.3597462 0.3597462 0.3597462 0.3597462 0.3597462 0.3597462 0.3468984 0.29816 0.29816 0.29816 0.29816 0.29816 0.4914584 0.6073929 0.6104324 0.7356238 0.9422649 1.012693 1.012693 1.358113 1.834579 1.948943 1.613479 1.317678 1.317678 1.306683 0.9190759 0.9193836 0.8944497 0.8944505 0 0 0 0 0 0 0 0 0 0 0 0 0 0 0 0 0 0 0 0 0 0 0 0 0 0 0 0 0 0 0 0 0 0 0 0
0.4144253 0.4016214 0.3648797 0.4246001 0.4246001 0.4246001 0.4121652 0.369968 0.2908617 0.2682994 0.2682994 0.2682994 0.2693577 0.3045083 0.3301798 0.2710371 0.3113616 0.3597462 0.3597462 0.3597462 0.3597462 0.3597462 0.3597462 0.3597462 0.3318096 0.29816 0.29816 0.29816 0.29816 0.29816 0.4913652 0.607393 0.607393 0.607393 0.6076214 0.6820712 1.086524 1.748092 1.948943 1.948943 1.882242 1.545331 1.357575 1.312208 1.119557 1.11228 0.8944496 0.8944506 0 0 0 0 0 0 0 0 0 0 0 0 0 0 0 0 0 0 0 0 0 0 0 0 0 0 0 0 0 0 0 0 0 0 0 0
0.3104143 0.2831438 0.2916088 0.4237734 0.4246001 0.4078768 0.3029016 0.3470249 0.2563276 0.2675982 0.2682994 0.2682994 0.2682994 0.2682994 0.2682994 0.2682994 0.2930035 0.3596233 0.3597462 0.359171 0.3597462 0.3597462 0.3597462 0.3597462 0.3349243 0.29816 0.29816 0.29816 0.29816 0.29816 0.4918938 0.607393 0.6073929 0.6073929 0.6073929 0.6073929 0.8560911 1.837649 1.948943 1.932156 1.916008 1.790353 1.278763 1.296249 1.119557 1.113718 0.9281362 0.9029816 0 0 0 0 0 0 0 0 0 0 0 0 0 0 0 0 0 0 0 0 0 0 0 0 0 0 0 0 0 0 0 0 0 0 0 0
0.2762356 0.2762356 0.2762356 0.3561476 0.3399631 0.2700964 0.2411559 0.2411559 0.2411559 0.246897 0.2649567 0.2682994 0.2682994 0.2682994 0.2682994 0.2682995 0.2685779 0.3275211 0.2957194 0.2572387 0.3302441 0.3597462 0.3597462 0.3597462 0.3578542 0.299362 0.2981467 0.29816 0.29816 0.29816 0.4915204 0.607393 0.607393 0.607393 0.607393 0.607393 0.687465 1.36518 1.515918 1.45849 1.104675 1.018405 1.018405 1.065715 1.119557 1.119557 1.119557 1.119097 0 0 0 0 0 0 0 0 0 0 0 0 0 0 0 0 0 0 0 0 0 0 0 0 0 0 0 0 0 0 0 0 0 0 0 0
0.2762356 0.2762356 0.2762356 0.2577713 0.2411559 0.2411559 0.2411559 0.2411559 0.2411559 0.2411559 0.2429885 0.2612956 0.2682994 0.2682994 0.2682994 0.2682994 0.2682994 0.2636867 0.2488094 0.2488094 0.299196 0.3597462 0.3597462 0.3597462 0.3588423 0.2558499 0.2555106 0.2980872 0.29816 0.29816 0.4084899 0.5395697 0.7916438 0.8478255 0.6268572 0.607393 0.8973314 1.141495 1.417016 1.427258 1.168025 1.018404 1.018404 1.021168 1.119557 1.119557 1.119557 1.119538 0 0 0 0 0 0 0 0 0 0 0 0 0 0 0 0 0 0 0 0 0 0 0 0 0 0 0 0 0 0 0 0 0 0 0 0
0.2762356 0.2762356 0.2762356 0.2702171 0.3224573 0.3609813 0.2511559 0.2411559 0.2411559 0.2411559 0.2411559 0.2443177 0.2682158 0.2682994 0.2682994 0.2682994 0.2682994 0.2665918 0.2491488 0.2488095 0.2612698 0.3219624 0.3394167 0.302539 0.2834303 0.2488095 0.2578017 0.29816 0.29816 0.29816 0.29816 0.29816 0.9091033 1.342822 0.7536587 0.6334705 1.088838 1.117348 1.353768 1.427258 1.198837 1.018405 1.018405 1.02119 1.119557 1.119557 1.119557 1.119531 0 0 0 0 0 0 0 0 0 0 0 0 0 0 0 0 0 0 0 0 0 0 0 0 0 0 0 0 0 0 0 0 0 0 0 0
0.3126561 0.330635 0.343611 0.3585043 0.4385338 0.4406268 0.4099189 0.2603822 0.2411559 0.2411559 0.2411559 0.2545569 0.2682994 0.2682994 0.2682994 0.2682994 0.2682994 0.2673115 0.2488751 0.2488094 0.2488095 0.2488095 0.2488094 0.2488095 0.2488095 0.2488095 0.2530218 0.2980077 0.29816 0.29816 0.29816 0.29816 1.046134 1.342822 1.34247 1.166132 1.117348 1.150154 1.421572 1.427258 1.077751 1.018405 1.018405 1.029833 1.453992 1.47257 1.477662 1.47143 0 0 0 0 0 0 0 0 0 0 0 0 0 0 0 0 0 0 0 0 0 0 0 0 0 0 0 0 0 0 0 0 0 0 0 0
0.3557527 0.3557527 0.3557527 0.3557527 0.3791318 0.4313435 0.4406268 0.3612387 0.2786083 0.2416019 0.2416968 0.2655259 0.2682994 0.2682994 0.2682994 0.2682994 0.2682994 0.2682994 0.2532511 0.2488095 0.2488095 0.2488095 0.2488094 0.2488095 0.2488095 0.2488095 0.2488094 0.2901009 0.29816 0.29816 0.29816 0.3494072 1.313 1.342822 1.341483 1.15138 1.117348 1.290606 1.427258 1.360388 1.024622 1.018405 1.018405 1.048319 2.140962 2.140962 2.140962 2.140889 0 0 0 0 0 0 0 0 0 0 0 0 0 0 0 0 0 0 0 0 0 0 0 0 0 0 0 0 0 0 0 0 0 0 0 0
0.3557527 0.3557527 0.3557527 0.3755824 0.4192243 0.4406268 0.4406267 0.440623 0.4149862 0.2502237 0.2469521 0.2682994 0.2611858 0.2682892 0.2682994 0.2682994 0.2682994 0.2682994 2.022716 0.5924559 0.8433079 0.2512953 0.2488094 0.2488094 0.2488094 0.2488095 0.2488094 0.2543293 0.2732296 0.2738789 0.427169 1.145091 1.342822 1.342822 1.27765 1.117348 1.122059 1.397993 1.427258 1.164727 1.018405 1.018405 1.018405 1.048251 2.140962 2.43151 1.637723 1.6321 0 0 0 0 0 0 0 0 0 0 0 0 0 0 0 0 0 0 0 0 0 0 0 0 0 0 0 0 0 0 0 0 0 0 0 0
0.3948258 0.3557528 0.3557527 0.4174988 0.4406267 0.4406267 0.4297225 0.3026791 0.1789704 0.1662857 0.2039945 0.2535487 0.2156159 0.253883 0.2548173 0.2535936 0.2446505 0.2346572 6.764288 48.84883 1.572765 0.354999 0.2488095 0.2488095 0.2488095 0.2488095 0.2488095 0.2488095 0.2488095 0.2488095 1.027811 1.518756 1.473056 1.488034 1.213498 1.117348 1.211249 1.360312 1.171412 1.034216 0.9217683 0.8173285 0.7966573 0.7987808 1.554487 22.52913 1.116154 1.116128 0 0 0 0 0 0 0 0 0 0 0 0 0 0 0 0 0 0 0 0 0 0 0 0 0 0 0 0 0 0 0 0 0 0 0 0
0.4022486 0.3566428 0.3557527 0.3922038 0.4406268 0.3344652 0.1759349 0.1662857 0.1662857 0.1662857 0.1671223 0.2042862 0.2117614 0.2117614 0.2117614 0.2117614 0.2117614 0.2117614 0.2277876 0.2502916 0.2488095 0.2488095 0.2488095 0.2488095 0.2488095 0.2488095 0.2488095 0.2488095 0.2488095 0.2488095 1.042904 1.519841 1.519841 1.453176 1.118819 1.117348 1.554956 1.156839 0.5052324 0.7232941 0.552382 0.5052324 0.5052324 0.5212321 1.116153 1.130026 1.549297 1.553821 0 0 0 0 0 0 0 0 0 0 0 0 0 0 0 0 0 0 0 0 0 0 0 0 0 0 0 0 0 0 0 0 0 0 0 0
0.3604461 0.3557527 0.3557527 0.3879668 0.4142424 0.3363835 0.1626377 0.1662842 0.1581215 0.1662857 0.1721709 0.2276211 0.2117614 0.2117614 0.2117613 0.2117614 0.2117614 0.2117614 0.2210888 0.2486183 0.2488095 0.2488095 0.2488095 0.2488095 0.2488095 0.2488095 0.2488095 0.2488095 0.2488095 0.2488095 1.042743 1.51984 1.519841 1.278339 1.117348 1.307293 1.899462 0.8866378 0.5052324 0.5052323 0.5052324 0.5052324 0.5052324 0.5211461 1.116154 1.138859 1.799065 1.799008 0 0 0 0 0 0 0 0 0 0 0 0 0 0 0 0 0 0 0 0 0 0 0 0 0 0 0 0 0 0 0 0 0 0 0 0
0.8447624 0.3371596 0.3148026 0.2803945 0.2819485 0.2591798 0.1315123 0.1436556 0.1292678 0.144229 0.174134 0.2765406 0.2195455 0.2117614 0.2117614 0.2117614 0.2117614 0.2117614 0.2128131 0.2439734 0.2488095 0.2488095 0.2488095 0.2488094 0.2488095 0.2488095 0.2488095 0.2488095 0.2488095 0.2488094 1.042903 4.305116 17.06265 2.954905 2.542081 1.912293 1.925339 0.5911345 0.5052324 0.5052324 0.5052324 0.5052324 0.5052324 0.5212699 1.116153 1.138536 1.799065 1.799008 0 0 0 0 0 0 0 0 0 0 0 0 0 0 0 0 0 0 0 0 0 0 0 0 0 0 0 0 0 0 0 0 0 0 0 0
1.658241 0.8055929 0.2752242 0.2752242 0.2833709 0.272846 0.1292128 0.1292128 0.1292128 0.1353989 0.2036206 0.2773383 0.2523173 0.2442721 0.2455202 0.2117993 0.2117614 0.2117614 0.2117614 0.2257966 0.2488094 0.2488094 0.2479959 0.2472083 0.2477 0.2488094 0.2488094 0.2488094 0.2476681 0.2446035 1.040029 3.415366 6.198599 3.073195 2.823764 1.925339 1.859449 0.5783487 0.5052323 0.5052323 0.5052324 0.5052323 0.5052323 0.5214276 1.116154 1.138282 1.799065 1.799008 0 0 0 0 0 0 0 0 0 0 0 0 0 0 0 0 0 0 0 0 0 0 0 0 0 0 0 0 0 0 0 0 0 0 0 0
1.434261 1.064704 0.275685 0.2752242 0.2847794 0.2890522 0.1294229 0.1311211 0.1458697 0.2166642 0.2773961 0.2773961 0.2773961 0.2773961 0.2773961 0.2476056 0.2118823 0.2117614 0.2117614 0.2133704 0.2426094 0.2447049 0.2433421 0.2433233 0.2451818 0.2464262 0.2467638 0.2475269 0.2436835 0.2433233 0.8883926 3.083387 5.108683 3.073195 2.775586 1.884393 1.430006 0.5052324 0.6283919 0.5444282 0.5116786 0.5052324 0.5052324 0.5383995 1.776529 1.776146 1.799065 1.799008 0 0 0 0 0 0 0 0 0 0 0 0 0 0 0 0 0 0 0 0 0 0 0 0 0 0 0 0 0 0 0 0 0 0 0 0
0.5564725 0.3283078 0.27536 0.2749144 0.2886542 0.290895 0.2754812 0.2897922 0.2869078 0.2773961 0.2773961 0.2773961 0.2755253 0.2476912 0.2263577 0.2141741 0.2043484 0.2053299 0.2172827 0.240851 0.2433233 0.2433233 0.2433233 0.2433233 0.2433233 0.2433233 0.2433233 0.2433234 0.2433233 0.2433233 0.8810575 1.273218 1.304726 1.414137 1.396877 1.394098 1.302812 1.060243 1.251559 1.224409 1.207455 0.6724647 0.5052324 0.5388668 1.81145 1.811105 1.800686 1.800714 0 0 0 0 0 0 0 0 0 0 0 0 0 0 0 0 0 0 0 0 0 0 0 0 0 0 0 0 0 0 0 0 0 0 0 0
0.5591223 0.4944512 0.4782425 0.3005326 0.2521001 0.2919522 0.291224 0.2919522 0.2592506 0.2648951 0.235126 0.2281296 0.2107785 0.2030277 0.2030277 0.2030277 0.2030277 0.2030277 0.2182583 0.2433233 0.2433233 0.2433233 0.2433233 0.2433233 0.2433233 0.2433233 0.2433233 0.2433233 0.2433233 0.2433233 0.8873 1.273218 1.273217 1.273218 1.268381 1.255356 1.252416 1.252416 1.252416 1.252416 1.252416 0.7942814 0.5052324 0.538949 1.81145 1.81145 1.81145 1.811392 0 0 0 0 0 0 0 0 0 0 0 0 0 0 0 0 0 0 0 0 0 0 0 0 0 0 0 0 0 0 0 0 0 0 0 0
0.5761996 0.5860801 0.3130478 0.2206547 0.2306771 0.2693034 0.2307784 0.2530588 0.2252125 0.2030334 0.2030277 0.2030277 0.2030277 0.2030277 0.2030277 0.2030277 0.2030277 0.2030277 0.2276505 0.2433233 0.2433233 0.2433233 0.2433233 0.2433233 0.2433233 0.2433233 0.2433233 0.2433233 0.2433233 0.2433233 0.7446396 1.043478 1.045981 1.048485 1.046126 1.036771 1.039765 1.059335 1.065031 1.064683 1.064196 0.7140412 0.4584403 0.4848249 1.503226 1.499725 1.467305 1.399862 0 0 0 0 0 0 0 0 0 0 0 0 0 0 0 0 0 0 0 0 0 0 0 0 0 0 0 0 0 0 0 0 0 0 0 0
0.7306728 2.620002 0.283746 0.2206546 0.2206546 0.2220685 0.2253608 0.2368066 0.2330109 0.2039541 0.2030277 0.2030277 0.2030277 0.2030277 0.2030277 0.2030277 0.2030277 0.2030277 0.2064033 0.2422115 0.2433233 0.2433233 0.2433233 0.2433233 0.2433233 0.2433233 0.2433233 0.2433233 0.2392936 0.1954533 0.1427696 0.1417493 0.1417493 0.1417493 0.1417493 0.1417493 0.1417493 0.2307613 0.2650068 0.2650068 0.2650068 0.2650068 0.2650068 0.2650068 0.2650068 0.2650068 0.2650068 0.2650199 0 0 0 0 0 0 0 0 0 0 0 0 0 0 0 0 0 0 0 0 0 0 0 0 0 0 0 0 0 0 0 0 0 0 0 0
0.8205135 68.24965 0.5405898 0.2255159 0.2206547 0.2237009 0.2289658 0.2368053 0.2368066 0.216126 0.2030277 0.2030277 0.2030277 0.2030277 0.2030277 0.2030277 0.2030277 0.212442 0.225683 0.241198 0.2433233 0.2433233 0.2433233 0.2433233 0.2433233 0.2433233 0.2394511 0.206781 0.1485894 0.1417493 0.1417493 0.1417493 0.1417493 0.1417493 0.1417493 0.1417493 0.1417493 0.2261543 0.2650068 0.2650068 0.2650068 0.2650068 0.2650068 0.2650068 0.2650068 0.2650068 0.2650068 0.2650199 0 0 0 0 0 0 0 0 0 0 0 0 0 0 0 0 0 0 0 0 0 0 0 0 0 0 0 0 0 0 0 0 0 0 0 0
0.4163243 0.5194296 0.3581743 0.2483194 0.2860288 0.3003578 0.2368066 0.2368066 0.2368066 0.2300044 0.2030277 0.2030277 0.2030277 0.2030277 0.2030277 0.2030277 0.2096558 0.2423378 0.2433233 0.2433233 0.2432328 0.242354 0.2433233 0.2433233 0.2393689 0.2277751 0.2217893 0.199611 0.1417493 0.1417493 0.1417493 0.1417493 0.1417493 0.1417493 0.1417493 0.1417493 0.1417493 0.232315 0.2650068 0.2650068 0.2650068 0.2650068 0.2650068 0.2650068 0.2650068 0.2650068 0.2650068 0.2650199 0 0 0 0 0 0 0 0 0 0 0 0 0 0 0 0 0 0 0 0 0 0 0 0 0 0 0 0 0 0 0 0 0 0 0 0
0.3179139 0.3179139 0.3179139 0.3179139 0.3179139 0.2955936 0.2368898 0.2368066 0.2368066 0.2351644 0.2030286 0.2030277 0.2030277 0.2030277 0.2030277 0.2030277 0.2212034 0.2309772 0.2286407 0.2263093 0.2234255 0.2278772 0.2345194 0.229234 0.2220061 0.2217732 0.2217732 0.2180757 0.1605567 0.1417493 0.1417493 0.1417493 0.1417493 0.1417493 0.1417493 0.1417493 0.1614163 0.2642091 0.2650068 0.2650068 0.2650068 0.2650068 0.2650068 0.2650068 0.2650068 0.2650068 0.2650068 0.2650199 0 0 0 0 0 0 0 0 0 0 0 0 0 0 0 0 0 0 0 0 0 0 0 0 0 0 0 0 0 0 0 0 0 0 0 0
0.3179139 0.3179139 0.3179139 0.3179139 0.3179139 0.3080185 0.23882 0.2368066 0.2368066 0.2317634 0.204887 0.2030277 0.2030277 0.2030277 0.2030277 0.2030277 0.2036067 0.2147428 0.2217732 0.2217732 0.2217732 0.2217732 0.2217732 0.2217732 0.2217732 0.2217732 0.2217732 0.5421937 0.6181816 0.198658 0.1417493 0.1417493 0.1417493 0.1417493 0.1417493 0.1443918 0.2319538 0.2650068 0.2650068 0.2650068 0.2650068 0.2650068 0.2650068 0.2650068 0.2650068 0.2650068 0.2650068 0.2650199 0 0 0 0 0 0 0 0 0 0 0 0 0 0 0 0 0 0 0 0 0 0 0 0 0 0 0 0 0 0 0 0 0 0 0 0
0.3179139 0.3179139 0.3179139 0.3179139 0.3179139 0.3075845 0.2517349 0.2331369 0.2210805 0.2106033 0.2100392 0.3861096 0.4087328 0.2277788 0.2030277 0.1962944 0.2070721 0.2161821 0.2214772 0.2217732 0.2217732 0.2217732 0.2217732 0.2217732 0.2217732 0.2735492 1.200477 1.905967 1.142779 0.2415539 0.178066 0.1503882 0.1417493 0.1417493 0.1417493 0.1434511 0.1759759 0.219052 0.2573995 0.2279056 0.2516893 0.2650068 0.2650068 0.2650068 0.2650068 0.2650068 0.2650068 0.2650199 0 0 0 0 0 0 0 0 0 0 0 0 0 0 0 0 0 0 0 0 0 0 0 0 0 0 0 0 0 0 0 0 0 0 0 0
0.3179139 0.3179139 0.3179139 0.3179139 0.3097304 0.2299409 0.2182293 0.2105304 0.2102679 0.2102679 0.2306327 0.5043446 0.4995693 0.4967423 0.2685716 0.1541777 0.148924 0.1956659 0.2217732 0.2186698 0.2061018 0.1901799 0.2096981 0.2217732 0.2217732 0.2940537 198.6812 0.4477609 0.2217732 0.2217732 0.2217732 0.1771022 0.1417493 0.1417493 0.1417493 0.1417493 0.1417493 0.1417493 0.1421884 0.1299029 0.1299044 0.1595166 0.2183902 0.2530289 0.2346791 0.2418009 0.2577099 0.2650041 0 0 0 0 0 0 0 0 0 0 0 0 0 0 0 0 0 0 0 0 0 0 0 0 0 0 0 0 0 0 0 0 0 0 0 0
0.3179139 0.3179139 0.3179139 0.3162556 0.2534888 0.2102679 0.2102679 0.2102679 0.2102679 0.2102679 0.2402361 0.5066296 0.5067102 0.5067101 0.4133818 0.1441953 0.1430165 0.1443183 0.1574057 0.1442689 0.1430165 0.1430165 0.1454558 0.1859712 0.2196686 0.2217732 0.2217732 0.2217732 0.2217732 0.2217732 0.2217732 0.2202036 0.194737 0.1695495 0.1417625 0.1406771 0.135329 0.1308214 0.1312183 0.1299029 0.1299029 0.1299029 0.1299029 0.1299029 0.1299029 0.1299029 0.1366844 0.2088344 0 0 0 0 0 0 0 0 0 0 0 0 0 0 0 0 0 0 0 0 0 0 0 0 0 0 0 0 0 0 0 0 0 0 0 0
0.2522303 0.2726657 0.2907954 0.2388679 0.2102679 0.2102679 0.2102679 0.2102679 0.2102679 0.2102679 0.2106324 0.4774432 0.5067101 0.5067101 0.5067102 0.2952425 0.1430165 0.1430165 0.1430165 0.1430165 0.1430165 0.1430165 0.1430165 0.1448821 0.212614 0.2217732 0.2217732 0.2217732 0.2217732 0.2217732 0.2217732 0.2217732 0.2217732 0.2217732 0.1900075 0.1356074 0.1299029 0.1299029 0.1299029 0.1299029 0.1299029 0.1299029 0.1299029 0.1299029 0.1299029 0.1299029 0.1299029 0.129897 0 0 0 0 0 0 0 0 0 0 0 0 0 0 0 0 0 0 0 0 0 0 0 0 0 0 0 0 0 0 0 0 0 0 0 0
0.2102679 0.2102679 0.2102679 0.2102679 0.2102679 0.2102679 0.2102679 0.2102679 0.3734853 0.5343635 0.614493 0.5147305 0.5067101 0.5067101 0.5067101 0.4984551 0.2298672 0.1430165 0.1430165 0.1430165 0.1430165 0.1430165 0.1430165 0.1430165 0.1701155 0.2217732 0.2217732 0.2217732 0.2217732 0.2217732 0.2217732 0.2217732 0.2217732 0.2217732 0.2217732 0.2017721 0.1326583 0.1299029 0.1299029 0.1299029 0.1299029 0.1299029 0.1299029 0.1299029 0.1299029 0.1299029 0.1299029 0.129897 0 0 0 0 0 0 0 0 0 0 0 0 0 0 0 0 0 0 0 0 0 0 0 0 0 0 0 0 0 0 0 0 0 0 0 0
0.2102679 0.2102679 0.2102679 0.2102679 0.2102679 0.2102679 0.2102679 0.2102679 0.5978092 0.9487953 0.9167812 0.8132685 0.543623 0.5067101 0.5067101 0.5067101 0.4772151 0.1824268 0.1430165 0.1430165 0.1430165 0.1430165 0.1430165 0.1430165 0.1436375 0.2070449 0.2217732 0.2217732 0.2217732 0.2217732 0.2217732 0.2217732 0.2217732 0.2217732 0.2217732 0.1902086 0.1453287 0.1321917 0.1299029 0.1299029 0.1299029 0.1299029 0.1299029 0.1299029 0.1299029 0.1299029 0.1299029 0.129897 0 0 0 0 0 0 0 0 0 0 0 0 0 0 0 0 0 0 0 0 0 0 0 0 0 0 0 0 0 0 0 0 0 0 0 0
0.2102679 0.2102679 0.2102679 0.2102679 0.2102679 0.2102679 0.2102679 0.2115156 0.336212 102.3734 0.8052794 0.578769 0.4435638 0.5067102 0.5067102 0.5059426 0.3331732 0.1458546 0.1430165 0.1430165 0.1430165 0.1430165 0.1430165 0.1430165 0.1430165 0.1526442 0.2110007 0.2217732 0.2217732 0.2217732 0.2217732 0.2217732 0.2217732 0.2217732 0.1925759 0.1482148 0.1481919 0.1481638 0.1436601 0.1300685 0.1299029 0.1299029 0.1299029 0.1299029 0.1299029 0.1299029 0.1299029 0.129897 0 0 0 0 0 0 0 0 0 0 0 0 0 0 0 0 0 0 0 0 0 0 0 0 0 0 0 0 0 0 0 0 0 0 0 0
0.2102679 0.2102679 0.2102679 0.2102679 0.2102679 0.2102679 0.2102679 0.2102679 0.2832141 0.406469 0.3166687 0.3113434 0.3201213 0.4907075 0.425789 0.2434306 0.1430165 0.1430165 0.1430165 0.1430165 0.1430165 0.1430165 0.1430165 0.1430165 0.1430165 0.1430165 0.1449675 0.1825465 0.2180164 0.2217732 0.2217732 0.2217732 0.2217732 0.2028276 0.1496657 0.1481919 0.1481919 0.1481919 0.1449236 0.1320544 0.1310085 0.1318222 0.1299029 0.1299029 0.1299029 0.1299029 0.1299029 0.129897 0 0 0 0 0 0 0 0 0 0 0 0 0 0 0 0 0 0 0 0 0 0 0 0 0 0 0 0 0 0 0 0 0 0 0 0
0.2102679 0.2102679 0.2102679 0.2102679 0.2102679 0.2102679 0.2159328 0.2520626 0.2985294 0.3113434 0.3113434 0.3113434 0.3113434 0.2803449 0.1431619 0.1430165 0.1430165 0.1430165 0.1430165 0.1430165 0.1430165 0.1430165 0.1430165 0.1430165 0.1430165 0.1430165 0.1430165 0.1384929 0.1472303 0.2179979 0.2217732 0.2217732 0.2036412 0.1519392 0.1481919 0.1481919 0.1481919 0.1481919 0.1481919 0.1465978 0.142625 0.1472365 0.1327782 0.1299029 0.1299029 0.1299029 0.1299029 0.1296032 0 0 0 0 0 0 0 0 0 0 0 0 0 0 0 0 0 0 0 0 0 0 0 0 0 0 0 0 0 0 0 0 0 0 0 0
0.2102679 0.2102679 0.2102679 0.2102757 0.2586531 0.2946865 0.3092723 0.3113434 0.3113434 0.3113434 0.3113434 0.3136938 0.3550726 0.393924 0.1902106 0.1430165 0.1430165 0.1430165 0.1430165 0.1430165 0.1430165 0.1430165 0.1430165 0.1430165 0.1430165 0.1430165 0.1377752 0.1161959 0.109533 0.1283761 0.2031997 0.1909959 0.1508287 0.1481919 0.1481919 0.1481919 0.1481919 0.1481919 0.1481919 0.1481919 0.1481919 0.1481919 0.1421833 0.1307447 0.1299029 0.1299029 0.1356679 0.1295228 0 0 0 0 0 0 0 0 0 0 0 0 0 0 0 0 0 0 0 0 0 0 0 0 0 0 0 0 0 0 0 0 0 0 0 0
0.2102679 0.2102679 0.2102679 0.2102679 0.2673844 0.3113434 0.3113434 0.3113434 0.3113434 0.3113434 0.3113434 0.3213813 0.4057716 0.4057716 0.3413365 0.1442349 0.1430165 0.1430165 0.1430165 0.1430165 0.1430165 0.1430165 0.1430165 0.1430165 0.1427142 0.1283663 0.1102562 0.109533 0.109533 0.109533 0.1120361 0.1348687 0.1481919 0.1481919 0.1481919 0.1481919 0.1481919 0.1481919 0.1481919 0.1481919 0.1481919 0.1481919 0.1481919 0.1465593 0.1438072 0.1418274 0.1481667 0.1453084 0 0 0 0 0 0 0 0 0 0 0 0 0 0 0 0 0 0 0 0 0 0 0 0 0 0 0 0 0 0 0 0 0 0 0 0
0.2102679 0.2102679 0.2102679 0.2248232 0.3091795 0.3113434 0.3113434 0.3113434 0.3113434 0.3055713 0.3723499 0.3982589 0.4057716 0.4057716 0.3888967 0.1691255 0.1825435 0.1430165 0.1430165 0.1430165 0.1430165 0.1430165 0.1430165 0.1383524 0.1172507 0.109533 0.109533 0.109533 0.109533 0.109533 0.109533 0.109606 0.1321095 0.1481919 0.1481919 0.1481919 0.1481919 0.1481919 0.1481919 0.1481919 0.1481919 0.1481919 0.1481919 0.1481919 0.1481919 0.1481919 0.1481919 0.147384 0 0 0 0 0 0 0 0 0 0 0 0 0 0 0 0 0 0 0 0 0 0 0 0 0 0 0 0 0 0 0 0 0 0 0 0
0.54548 0.2146427 0.2156949 0.2226916 0.3020805 0.3113434 0.3113434 0.3063377 0.2575518 0.2258651 0.3774441 0.4057716 0.4057716 0.4057716 0.4057716 0.3996015 0.3153196 0.1455573 0.1430165 0.1430165 0.1430165 0.1430165 0.1300282 0.1111205 0.109533 0.109533 0.109533 0.109533 0.109533 0.109533 0.1099665 0.1263117 0.1462668 0.1481919 0.1481919 0.1481919 0.1481919 0.1481919 0.1481919 0.1481919 0.1481919 0.1481919 0.1481919 0.1481919 0.1481919 0.1481919 0.1481919 0.1477335 0 0 0 0 0 0 0 0 0 0 0 0 0 0 0 0 0 0 0 0 0 0 0 0 0 0 0 0 0 0 0 0 0 0 0 0
0.223571 0.223571 0.223571 0.2385105 0.3094118 0.3113434 0.2836652 0.2326425 0.223571 0.223571 0.2336634 0.3955062 0.4057716 0.4057716 0.4057716 0.3069274 0.1430165 0.1430165 0.1420161 0.1269895 0.1355314 0.1256087 0.1095496 0.109533 0.109533 0.109533 0.109533 0.109533 0.109533 0.11948 0.1405648 0.1481919 0.1481919 0.1481919 0.1481919 0.1481919 0.1481919 0.1481919 0.1481919 0.1481919 0.1481919 0.1481919 0.1481919 0.1481919 0.1481919 0.1481919 0.1481919 0.1480733 0 0 0 0 0 0 0 0 0 0 0 0 0 0 0 0 0 0 0 0 0 0 0 0 0 0 0 0 0 0 0 0 0 0 0 0
