Scenarios/Heterogeneous/data/country_data_population_distribution/processed/density_grids/nam.asc
ncols 341
nrows 289
xllcorner 11
yllcorner -28
cellsize 0.041666666666667
NODATA_value -9999
[rows 37 to 73 of 289, columns 0 to 83 of 341]
0 0 0 0 0 0 0 0 0 0 0 0 0 0 0 0 0 0 0 0 0 0 0 0 0.05153017 0.05153017 0.05153017 0.05153017 0.05153017 0.05153017 0.05153017 0.05153017 0.05153017 0.05153017 0.05153017 0.05153017 0.05153017 0.05153017 0.05153017 0.05153017 0.05153017 0.05153017 0.05153017 0.05153017 0.3392569 0.5988571 0.598857 0.5988571 0.598857 0.5988571 0.598857 0.5988571 0.598857 0.5988571 0.598857 0.5988571 0.598857 0.5988571 0.5988571 0.598857 0.5988601 0.8941468 0.8811365 0.8811365 0.8811365 0.8811365 0.9101453 1.009289 1.015951 1.015951 1.015951 1.13098 1.191385 1.191385 1.139428 0.9538488 0.9538488 0.9538487 0.9538487 0.8712597 0.8332422 0.8332422 0.8332422 0.8135498
0 0 0 0 0 0 0 0 0 0 0 0 0 0 0 0 0 0 0 0 0 0 0 0 0 0.05153016 0.05153016 0.05153016 0.05153017 0.05153017 0.05153017 0.05153017 0.05153017 0.05153017 0.05153017 0.05153017 0.05153017 0.05153017 0.05153016 0.05153017 0.05153017 0.05153017 0.05153017 0.05153017 0.3614649 0.598857 0.598857 0.598857 0.598857 0.598857 0.598857 0.598857 0.598857 0.598857 0.598857 0.598857 0.598857 0.598857 0.598857 0.598857 0.598857 0.835759 0.8811365 0.8811364 0.8811364 0.910202 0.9855237 1.015951 1.015951 1.015951 1.015951 1.123474 1.191385 1.191385 1.189827 1.031939 0.9629867 0.9538487 0.9538487 0.8655785 0.8332421 0.8332421 0.8332421 0.8332421
0 0 0 0 0 0 0 0 0 0 0 0 0 0 0 0 0 0 0 0 0 0 0 0 0 0 0 0.05153017 0.05153017 0.05153016 0.05153016 0.05153016 0.05153016 0.05153016 0.05153016 0.05153016 0.05153016 0.05153016 0.05153017 0.05153016 0.05153017 0.05153016 0.05153016 0.05153016 0.2655096 0.5972213 0.598857 0.598857 0.598857 0.598857 0.598857 0.598857 0.598857 0.598857 0.598857 0.598857 0.598857 0.598857 0.598857 0.598857 0.6510001 0.8787742 0.8811364 0.8808715 0.8788454 0.9374195 0.9633663 0.9636644 0.9653984 1.007421 1.015951 1.10709 1.191385 1.191385 1.191385 1.191385 1.154169 0.9781194 0.9538487 0.8603023 0.8332421 0.8332421 0.8332421 0.8329058
0 0 0 0 0 0 0 0 0 0 0 0 0 0 0 0 0 0 0 0 0 0 0 0 0 0 0 0 0.05153016 0.05153017 0.05153017 0.05153017 0.05153017 0.05153017 0.05153017 0.05153017 0.05153017 0.05153017 0.05153017 0.05153017 0.05153017 0.05153017 0.05153017 0.05153017 0.05153017 0.3403658 0.598857 0.598857 0.598857 0.5988571 0.598857 0.598857 0.598857 0.598857 0.598857 0.598857 0.598857 0.598857 0.598857 0.598857 0.598857 0.6736311 0.7011201 0.6294823 0.624961 0.9110692 0.9593294 0.9593293 0.9593294 0.9684412 7.937996 1.284499 1.191385 1.191385 1.191385 1.191385 1.191385 1.142598 0.9671571 12.44327 6.954728 0.8335633 0.8204224 0.712887
0 0 0 0 0 0 0 0 0 0 0 0 0 0 0 0 0 0 0 0 0 0 0 0 0 0 0 0 0 0.05153017 0.05153017 0.05153017 0.05153017 0.05153017 0.05153017 0.05153017 0.05153017 0.05153017 0.05153017 0.05153017 0.05153017 0.05153017 0.05153017 0.05153017 0.05153017 0.05220155 0.4399886 0.598857 0.598857 0.598857 0.598857 0.598857 0.598857 0.598857 0.598857 0.598857 0.598857 0.598857 0.598857 0.598857 0.598857 0.598857 0.598857 0.598857 0.598857 0.9095359 0.9593293 0.9593293 0.9593293 0.9593293 10.27174 5.081451 1.191385 1.191385 1.191385 1.191385 1.191385 1.191385 1.120194 1.624507 5.337771 0.8332422 0.7562262 0.7023476
0 0 0 0 0 0 0 0 0 0 0 0 0 0 0 0 0 0 0 0 0 0 0 0 0 0 0 0 0 0 0.05153017 0.05153017 0.05153017 0.05153017 0.05153017 0.05153017 0.05153017 0.05153017 0.05153017 0.05153017 0.05153017 0.05153017 0.05153017 0.05153017 0.05153017 0.05153017 0.09031041 0.5163022 0.598857 0.598857 0.598857 0.598857 0.598857 0.598857 0.598857 0.598857 0.598857 0.598857 0.598857 0.598857 0.598857 0.598857 0.598857 0.598857 0.598857 0.7630028 0.9593293 0.9593293 0.9593293 0.9593293 1.431316 1.568584 1.191385 1.191385 1.191385 1.162084 1.159144 1.181013 1.191385 1.484782 2.729824 1.01615 0.7050022 0.7023476
0 0 0 0 0 0 0 0 0 0 0 0 0 0 0 0 0 0 0 0 0 0 0 0 0 0 0 0 0 0 0 0.05153017 0.05153017 0.05153017 0.05153017 0.05153017 0.05153017 0.05153017 0.05153017 0.05153017 0.05153017 0.05153017 0.05153017 0.05153017 0.05153017 0.05153017 0.05153017 0.1232171 0.5908085 0.5374793 0.5988571 0.598857 0.5988571 0.598857 0.5988571 0.5988571 0.598857 0.598857 0.598857 0.5988571 0.598857 0.598857 0.598857 0.5988571 0.598857 0.6059604 1.037257 1.016169 0.9593293 0.9593294 0.9593293 1.294927 1.191385 1.125563 0.9614411 0.7887663 0.774541 0.9186011 0.9758185 0.8488136 2.996711 2.177164 0.7023476 0.7023476
0 0 0 0 0 0 0 0 0 0 0 0 0 0 0 0 0 0 0 0 0 0 0 0 0 0 0 0 0 0 0 0 0.05153016 0.05153016 0.05153016 0.05153016 0.05153017 0.05153017 0.05153016 0.05153017 0.05153016 0.05153017 0.05153017 0.05153017 0.05153016 0.05153017 0.05153016 0.05153017 0.06387807 0.05735413 0.2715485 0.544651 0.5898935 0.598857 0.598857 0.598857 0.598857 0.598857 0.598857 0.598857 0.598857 0.598857 0.598857 0.598857 0.598857 0.598857 1.633211 1.900877 1.334512 0.9593292 1.164106 1.760207 1.010381 0.7871391 0.7710672 0.7710672 0.7710672 0.7710672 0.7710672 0.7710672 1.73559 4.457304 2.167395 0.7023475
0 0 0 0 0 0 0 0 0 0 0 0 0 0 0 0 0 0 0 0 0 0 0 0 0 0 0 0 0 0 0 0 0 0.05153017 0.05153016 0.05153016 0.05153016 0.05153016 0.05153017 0.05153017 0.05153017 0.05153016 0.05153016 0.05153016 0.05153017 0.05153016 0.05153017 0.05153016 0.05153017 0.05153016 0.05153017 0.05261571 0.06490632 0.2396104 0.589178 0.598857 0.5988571 0.598857 0.598857 0.5988571 0.598857 0.5988571 0.598857 0.5988571 0.598857 0.5988571 1.699066 2.00408 1.9839 1.724927 1.885616 1.520214 0.775333 0.7710673 0.7710672 0.7710672 0.7710672 0.7710673 0.7710672 0.7710673 0.787046 2.141543 2.946545 0.7023476
0 0 0 0 0 0 0 0 0 0 0 0 0 0 0 0 0 0 0 0 0 0 0 0 0 0 0 0 0 0 0 0 0 0 0.05153016 0.05153017 0.05153017 0.05153017 0.05153017 0.05153017 0.05153017 0.05153017 0.05153017 0.05153017 0.05153017 0.05153017 0.05153017 0.05153017 0.05153017 0.05153017 0.05153017 0.05153017 0.05153017 0.05153017 0.2544746 0.4592136 0.5984089 0.598857 0.598857 0.598857 0.598857 0.598857 0.598857 0.598857 0.598857 0.598857 1.355066 2.00408 2.00408 2.00408 2.00408 2.00408 1.807626 1.240586 0.901131 0.7710672 0.7710672 0.7710672 0.7710672 0.7710672 0.7710673 1.477105 1.299407 0.7023476
0 0 0 0 0 0 0 0 0 0 0 0 0 0 0 0 0 0 0 0 0 0 0 0 0 0 0 0 0 0 0 0 0 0 0.05153016 0.05153017 0.05153017 0.05153017 0.05153017 0.05153017 0.05153017 0.05153017 0.05153017 0.05153017 0.05153017 0.05153017 0.05153017 0.05153017 0.05153016 0.05153017 0.05153017 0.05153017 0.05153017 0.05153017 0.05153017 0.0948054 0.558648 0.598857 0.598857 0.598857 0.598857 0.598857 0.598857 0.598857 0.598857 0.598857 1.513208 2.00408 2.00408 2.00408 2.00408 2.00408 2.00408 2.00408 1.963445 1.048695 0.7710672 0.7710671 0.7710672 0.7710672 0.7710672 1.479793 1.833172 0.6082083
0 0 0 0 0 0 0 0 0 0 0 0 0 0 0 0 0 0 0 0 0 0 0 0 0 0 0 0 0 0 0 0 0 0 0 0.05153017 0.05153017 0.05153017 0.05153017 0.05153017 0.05153017 0.05153017 0.05153017 0.05153017 0.05153017 0.05153017 0.05153017 0.05153017 0.05153017 0.05153017 0.05153017 0.05153017 0.05153017 0.05153017 0.05153017 0.3347596 0.598857 0.598857 0.598857 0.598857 0.598857 0.598857 0.598857 0.598857 0.598857 0.598857 1.691241 2.00408 2.00408 2.00408 2.00408 2.00408 2.00408 2.00408 2.00408 1.461727 0.7710673 0.7710672 0.7710672 0.7710672 0.8025347 1.568098 0.5023872 0.03590091
0 0 0 0 0 0 0 0 0 0 0 0 0 0 0 0 0 0 0 0 0 0 0 0 0 0 0 0 0 0 0 0 0 0 0 0.01444242 0.01444242 0.01444242 0.01444242 0.01444242 0.01444242 0.01444242 0.01444242 0.01444242 0.01444242 0.01444242 0.01444242 0.01444242 0.01444242 0.01444242 0.01444242 0.01444242 0.01444242 0.01444242 0.01444242 0.01444242 0.01444242 0.1840834 0.8020085 0.8020085 0.8020085 0.8020085 0.8020085 0.8020085 0.8020085 0.8020085 0.7004862 0.6871768 0.6871768 0.6871768 0.6871769 0.6871769 0.6871769 0.7640232 0.7883881 0.7883881 0.7883881 0.788388 0.7883881 0.788388 0.6811367 0.1205727 0.03590092 0.03590092
0 0 0 0 0 0 0 0 0 0 0 0 0 0 0 0 0 0 0 0 0 0 0 0 0 0 0 0 0 0 0 0 0 0 0 0 0.01444242 0.01444242 0.01444242 0.01444242 0.01444242 0.01444242 0.01444242 0.01444242 0.01444242 0.01444242 0.01444242 0.01444242 0.01444242 0.01444242 0.01444242 0.01444242 0.01444242 0.01444242 0.01444242 0.01444242 0.01444242 0.03358241 0.5655923 0.8020085 0.8020085 0.8020085 0.8020083 0.8020085 0.8020085 0.8020085 0.7094067 0.6871768 0.6871768 0.6871768 0.6871768 0.6871768 0.6871768 0.7170778 0.7883879 0.788388 0.788388 0.788388 0.7883879 1.149484 1.57898 0.03590092 0.03590092 0.03590091
0 0 0 0 0 0 0 0 0 0 0 0 0 0 0 0 0 0 0 0 0 0 0 0 0 0 0 0 0 0 0 0 0 0 0 0 0 0.01444242 0.01444242 0.01444242 0.01444242 0.01444242 0.01444242 0.01444242 0.01444242 0.01444242 0.01444242 0.01444242 0.01444242 0.01444242 0.01444242 0.01444242 0.01444242 0.01444242 0.01444242 0.01444242 0.01444242 0.1058887 0.7259859 0.8020085 0.8020085 0.8020085 16.11248 12.87588 0.8020085 0.8020085 0.7335865 0.6871768 0.6871768 0.6871768 0.6871768 0.6871768 0.6871768 0.7788311 0.788388 0.788388 0.788388 0.788388 0.788388 1.41227 2.58901 0.03590091 0.03590091 0.03590091
0 0 0 0 0 0 0 0 0 0 0 0 0 0 0 0 0 0 0 0 0 0 0 0 0 0 0 0 0 0 0 0 0 0 0 0 0 0 0.01444242 0.01444242 0.01444242 0.01444242 0.01444242 0.01444242 0.01444242 0.01444242 0.01444242 0.01444242 0.01444242 0.01444242 0.01444242 0.01444242 0.01444242 0.01444242 0.01444242 0.01444242 0.01444242 0.3788618 0.8020085 0.8020085 0.8020085 0.7769113 16.59089 5.884219 0.2463391 0.4088047 0.6603378 0.6871768 0.6871768 0.6871768 0.6871768 0.6871768 0.700844 0.7843865 0.788388 0.788388 0.788388 0.788388 1.328073 3.291725 3.289522 0.3412683 0.03590091 0.03590091
0 0 0 0 0 0 0 0 0 0 0 0 0 0 0 0 0 0 0 0 0 0 0 0 0 0 0 0 0 0 0 0 0 0 0 0 0 0 0.01444242 0.01444242 0.01444242 0.01444242 0.01444242 0.01444242 0.01444242 0.01444242 0.01444242 0.01444242 0.01444242 0.01444242 0.01444242 0.01444242 0.01444242 0.01444242 0.01444242 0.01444242 0.01444242 0.4854005 0.7991679 0.8020084 0.8020084 0.4241703 0.1460284 0.1460283 0.1460284 0.1460283 0.1830584 0.4324115 0.68028 0.6871768 0.6871768 0.6871768 0.7157144 0.7883879 0.7883879 0.788388 0.788388 0.7883879 1.136647 2.002213 2.567094 0.6668598 0.03590091 0.03590091
0 0 0 0 0 0 0 0 0 0 0 0 0 0 0 0 0 0 0 0 0 0 0 0 0 0 0 0 0 0 0 0 0 0 0 0 0 0 0 0.01444242 0.01444242 0.01444242 0.01444242 0.01444242 0.01444242 0.01444242 0.01444242 0.01444242 0.01444242 0.01444242 0.01444242 0.01444242 0.01444242 0.01444242 0.01444242 0.01444242 0.05169656 0.4256026 0.2438482 0.3313441 0.3611972 0.1606903 0.1460284 0.1460284 0.1460284 0.1460284 0.1460284 0.1460284 0.428166 0.6871768 0.6871768 0.6871768 0.7270151 0.788388 0.788388 0.788388 0.788388 0.7814433 0.7073869 0.69303 0.6930301 0.603828 0.07892708 0.03590091
0 0 0 0 0 0 0 0 0 0 0 0 0 0 0 0 0 0 0 0 0 0 0 0 0 0 0 0 0 0 0 0 0 0 0 0 0 0 0 0.01444242 0.01444242 0.01444242 0.01444242 0.01444242 0.01444242 0.01444242 0.01444242 0.01444242 0.01444242 0.01444242 0.01444242 0.01444242 0.01444242 0.01444242 0.01444242 0.04552122 0.1460155 0.1460284 0.1460284 0.1460284 0.1460284 0.1460284 0.1460284 0.1460284 0.1460284 0.1460284 0.1460284 0.1460284 0.1921354 0.5272111 0.6871768 0.6871768 0.7250295 0.788388 0.788388 0.788388 0.7784306 0.6972375 0.69303 0.69303 0.69303 0.69303 0.6294952 0.1287756
0 0 0 0 0 0 0 0 0 0 0 0 0 0 0 0 0 0 0 0 0 0 0 0 0 0 0 0 0 0 0 0 0 0 0 0 0 0 0 0 0.01444242 0.01444242 0.01444242 0.01444242 0.01444242 0.01444242 0.01444242 0.01444242 0.01444242 0.01444242 0.01444242 0.01444242 0.01444242 0.02713776 0.1034717 0.1435931 0.1460284 0.1460284 0.1460284 0.1460284 0.1460284 0.1460284 0.1460284 0.1460284 0.1460284 0.1460284 0.1460284 0.1460284 0.1487374 0.2750098 0.4255218 0.5470268 0.4442919 0.730707 0.788388 0.7869217 0.7268116 0.69303 0.69303 0.69303 0.69303 0.69303 0.69303 0.3576504
0 0 0 0 0 0 0 0 0 0 0 0 0 0 0 0 0 0 0 0 0 0 0 0 0 0 0 0 0 0 0 0 0 0 0 0 0 0 0 0 0.01444242 0.01444242 0.01444242 0.01444242 0.01444242 0.01444242 0.01444242 0.01444242 0.01444242 0.01444242 0.01444242 0.01444242 0.01444242 0.04509636 0.1347246 0.1460284 0.1460284 0.1460284 0.1460284 0.1460284 0.1460284 0.1460284 0.1460284 0.1460284 0.1460284 0.1460284 0.1460284 0.1460284 0.1460284 0.2435901 0.2798261 0.2798261 0.2798261 0.392448 0.7513825 0.7187289 0.6930299 0.6930299 0.69303 0.6930299 0.69303 0.6930299 0.6919758 0.2672696
0 0 0 0 0 0 0 0 0 0 0 0 0 0 0 0 0 0 0 0 0 0 0 0 0 0 0 0 0 0 0 0 0 0 0 0 0 0 0 0 0.01444242 0.01444242 0.01444242 0.01444242 0.01444242 0.01444242 0.01444242 0.01444242 0.01444242 0.01444242 0.01444242 0.01444242 0.01444242 0.01444242 0.03571362 0.06947012 0.1367717 0.1460284 0.1460284 0.1460284 0.1460284 0.1460284 0.1460283 0.1460284 0.1460284 0.1460284 0.1460284 0.1460284 0.1481143 0.2617135 0.2798261 0.2798261 0.2798261 0.2875741 0.5545463 0.69303 0.69303 0.69303 0.69303 0.69303 0.69303 0.6976785 0.7682545 0.04342679
0 0 0 0 0 0 0 0 0 0 0 0 0 0 0 0 0 0 0 0 0 0 0 0 0 0 0 0 0 0 0 0 0 0 0 0 0 0 0 0 0 0.01444242 0.01444242 0.01444242 0.01444242 0.01444242 0.01444242 0.01444242 0.01444242 0.01444242 0.01444242 0.01444242 0.01444242 0.01444242 0.01444242 0.01444242 0.06026224 0.1444322 0.1460284 0.1460284 0.1460284 0.1460284 0.1460284 0.1460284 0.1460284 0.1460284 0.1460284 0.1460284 0.1514449 0.2798261 0.2798261 0.2798261 0.2798261 0.2798261 0.3012784 0.6795596 0.9758152 0.7014654 0.9366624 1.183578 1.527985 1.893532 2.191084 1.45362
0 0 0 0 0 0 0 0 0 0 0 0 0 0 0 0 0 0 0 0 0 0 0 0 0 0 0 0 0 0 0 0 0 0 0 0 0 0 0 0 0 0.01444242 0.01444242 0.01444242 0.01444242 0.01444242 0.01444242 0.01444242 0.01444242 0.01444242 0.01444242 0.01444242 0.01444242 0.01444242 0.01444242 0.01444242 0.01444242 0.111796 0.1460284 0.1460284 0.1460284 0.1460284 0.1460284 0.1460284 0.1460284 0.1460284 0.1460284 0.1460284 0.1514568 0.2798261 0.2798261 0.2798261 0.2798261 0.2798261 0.2798261 0.3349528 1.173872 1.253907 1.307612 1.442361 2.21057 2.199389 2.242523 1.511221
0 0 0 0 0 0 0 0 0 0 0 0 0 0 0 0 0 0 0 0 0 0 0 0 0 0 0 0 0 0 0 0 0 0 0 0 0 0 0 0 0 0 0.01444242 0.01444242 0.01444242 0.01444242 0.01444242 0.01444242 0.01444242 0.01444242 0.01444242 0.01444242 0.01444242 0.01444242 0.01444242 0.01444242 0.01444242 0.07153329 0.1460284 0.1460284 0.1460284 0.1460284 0.1460284 0.1460284 0.1460284 0.1460284 0.1460284 0.1460284 0.1460544 0.263123 0.2798261 0.2798261 0.2798261 0.2798261 0.2798261 0.2798261 0.8792981 1.307613 1.307613 1.307613 1.342486 1.63295 1.708223 0.8548604
0 0 0 0 0 0 0 0 0 0 0 0 0 0 0 0 0 0 0 0 0 0 0 0 0 0 0 0 0 0 0 0 0 0 0 0 0 0 0 0 0 0 0 0.01444242 0.01444242 0.01444242 0.01444242 0.01444242 0.01444242 0.01444242 0.01444242 0.01444242 0.01444242 0.01444242 0.01444242 0.01444242 0.01444242 0.0475182 0.1460283 0.1460284 0.1460284 0.1460284 0.1460284 0.1460284 0.1460283 0.1460284 0.1460283 0.1460284 0.1460284 0.2394921 0.2798261 0.2798261 0.2798261 0.2798261 0.2798261 0.2798261 0.9712937 1.307613 1.307613 1.307613 1.401166 1.641138 1.641138 1.067203
0 0 0 0 0 0 0 0 0 0 0 0 0 0 0 0 0 0 0 0 0 0 0 0 0 0 0 0 0 0 0 0 0 0 0 0 0 0 0 0 0 0 0 0.01444242 0.01444242 0.01444242 0.01444242 0.01444242 0.01444242 0.01444242 0.01444242 0.01444242 0.01444242 0.01444242 0.01444242 0.01444242 0.01444242 0.0296186 0.1460284 0.1460284 0.1460284 0.1460284 0.1460284 0.1460284 0.1460284 0.1460284 0.1460284 0.1460284 0.1526554 0.2778913 0.2798261 0.2798261 0.2798261 0.2798261 0.2798261 0.2798261 0.7532247 1.307613 1.307612 1.307613 1.365541 1.570536 1.731497 1.568228
0 0 0 0 0 0 0 0 0 0 0 0 0 0 0 0 0 0 0 0 0 0 0 0 0 0 0 0 0 0 0 0 0 0 0 0 0 0 0 0 0 0 0 0 0.01444242 0.01444242 0.01444242 0.01444242 0.01444242 0.01444242 0.01444242 0.01444242 0.01444242 0.01444242 0.01444242 0.01444242 0.01444242 0.06550966 0.1460284 0.1460284 0.1460284 0.1460284 0.1460284 0.1460284 0.1460283 0.1460284 0.1460283 0.1460284 0.1500573 0.2798261 0.2798261 0.2798261 0.2798261 0.2798261 0.2798261 0.2798261 0.3879621 1.36153 1.801089 1.490651 1.527499 1.873921 2.009625 2.035134
0 0 0 0 0 0 0 0 0 0 0 0 0 0 0 0 0 0 0 0 0 0 0 0 0 0 0 0 0 0 0 0 0 0 0 0 0 0 0 0 0 0 0 0 0.01444242 0.01444242 0.01444242 0.01444242 0.01444242 0.01444242 0.01444242 0.01444242 0.01444242 0.01444242 0.01444242 0.01444242 0.04181371 0.1458811 0.1460284 0.1460284 0.1460284 0.1460284 0.1460284 0.1460284 0.1460284 0.1460284 0.1460284 0.1460284 0.148724 0.2798261 0.2798261 0.2798261 0.2798261 0.2798261 0.2798261 0.2798261 0.2798262 1.20203 3.901367 3.089616 1.868433 1.953632 1.955195 2.120675
0 0 0 0 0 0 0 0 0 0 0 0 0 0 0 0 0 0 0 0 0 0 0 0 0 0 0 0 0 0 0 0 0 0 0 0 0 0 0 0 0 0 0 0 0 0.01444242 0.01444242 0.01444242 0.01444242 0.01444242 0.01444242 0.01444242 0.01444242 0.01444242 0.01444242 0.01444242 0.06890124 0.1460284 0.1460284 0.1460284 0.1460284 0.1460284 0.1460284 0.1460284 0.1460284 0.1460283 0.1460284 0.1687476 0.1568143 0.2798261 0.2798261 0.2798261 0.2798261 0.2798261 0.2798261 0.2798261 0.5723764 1.244626 2.200664 2.312375 1.73263 2.010537 1.953632 2.035295
0 0 0 0 0 0 0 0 0 0 0 0 0 0 0 0 0 0 0 0 0 0 0 0 0 0 0 0 0 0 0 0 0 0 0 0 0 0 0 0 0 0 0 0 0 0.01444242 0.01444242 0.01444242 0.01444242 0.01444242 0.01444242 0.01444242 0.01444242 0.01444242 0.01444242 0.01444242 0.1193465 0.1460284 0.1460284 0.1460284 0.1460284 0.1460284 0.1460284 0.1460284 0.1460284 0.1460284 0.1460284 0.5149109 0.4912346 0.2798261 0.2798261 0.2798261 0.2798261 0.2798261 0.2798261 0.6482938 1.211263 1.244626 1.315397 1.67596 1.711477 2.290322 2.27522 2.391188
0 0 0 0 0 0 0 0 0 0 0 0 0 0 0 0 0 0 0 0 0 0 0 0 0 0 0 0 0 0 0 0 0 0 0 0 0 0 0 0 0 0 0 0 0 0 0.01444242 0.01444242 0.01444242 0.01444242 0.01444242 0.01444242 0.01444242 0.01444242 0.01444242 0.01517853 0.1326068 0.1460284 0.1460284 0.1460284 0.1460284 0.1460284 0.1460283 0.1460284 0.1460284 0.1460284 0.1715325 0.565445 0.5665897 0.2976164 0.2798261 0.2798261 0.2798261 0.2798261 0.2798261 0.7721128 1.427266 1.575181 1.65935 1.457713 0.944101 1.254105 1.953905 1.93097
0 0 0 0 0 0 0 0 0 0 0 0 0 0 0 0 0 0 0 0 0 0 0 0 0 0 0 0 0 0 0 0 0 0 0 0 0 0 0 0 0 0 0 0 0 0 0.01444242 0.01444242 0.01444242 0.01444242 0.01444242 0.01444242 0.01444242 0.01444242 0.01444242 0.04672495 0.1460284 0.1460284 0.1460284 0.1460284 0.1460284 0.1460284 0.1460284 0.1460284 0.1460284 0.1460284 0.2013512 0.5666577 0.5666577 0.5008188 0.2809139 0.2798261 0.3005351 0.310738 0.3069198 0.5047504 1.65407 1.673857 1.166298 0.2068805 0.2059802 1.075356 1.42373 1.42373
0 0 0 0 0 0 0 0 0 0 0 0 0 0 0 0 0 0 0 0 0 0 0 0 0 0 0 0 0 0 0 0 0 0 0 0 0 0 0 0 0 0 0 0 0 0 0 0.01444242 0.01444242 0.01444242 0.01444242 0.01444242 0.01444242 0.01444242 0.01444242 0.03327654 0.1460284 0.1460284 0.1460284 0.1460284 0.1460284 0.1460284 0.1460284 0.1460284 0.1460284 0.1460284 0.3239675 0.5666577 0.5666577 0.5666577 0.5274255 0.3984073 0.5644646 0.4947823 0.2553924 0.200051 0.574708 0.3957903 0.270879 0.200051 0.200091 0.3460034 0.4904499 0.9199399
0 0 0 0 0 0 0 0 0 0 0 0 0 0 0 0 0 0 0 0 0 0 0 0 0 0 0 0 0 0 0 0 0 0 0 0 0 0 0 0 0 0 0 0 0 0 0 0.01444242 0.01444242 0.01444242 0.01444242 0.01444242 0.01444242 0.01444242 0.01444242 0.03018409 0.1460284 0.1460284 0.1460284 0.1460284 0.1460284 0.1460284 0.1460284 0.1460284 0.1460284 0.1656504 0.52101 0.5666577 0.5666577 0.5666577 0.5666577 0.5666577 0.5666577 0.3354346 0.200051 0.200051 0.200051 0.200051 0.200051 0.200051 0.200051 0.200051 0.200051 0.200051
0 0 0 0 0 0 0 0 0 0 0 0 0 0 0 0 0 0 0 0 0 0 0 0 0 0 0 0 0 0 0 0 0 0 0 0 0 0 0 0 0 0 0 0 0 0 0 0 0.01444242 0.01444242 0.01444243 0.01444244 0.01444244 0.01444244 0.01444244 0.02502554 0.1460283 0.1460283 0.1460283 0.1460283 0.1460283 0.1460283 0.1460283 0.1460283 0.146253 0.3541157 0.5666575 0.5666575 0.5666574 0.5666575 0.5666574 0.5666575 0.5664415 0.3468704 0.200051 0.200051 0.200051 0.200051 0.200051 0.200051 0.200051 0.200051 0.200051 0.200051
0 0 0 0 0 0 0 0 0 0 0 0 0 0 0 0 0 0 0 0 0 0 0 0 0 0 0 0 0 0 0 0 0 0 0 0 0 0 0 0 0 0 0 0 0 0 0 0 0.05309305 0.05309306 0.05309305 0.05309305 0.05309305 0.05309305 0.05309305 0.05309305 0.05309305 0.05309305 0.05309305 0.05309305 0.05309305 0.05309305 0.05309305 0.05309305 0.05309305 0.05309305 0.05309305 0.05309305 0.05309305 0.05309305 0.08555657 0.2576632 0.2576632 0.2576632 0.2576632 0.2576633 0.2576633 0.2576632 0.2576632 0.2572511 0.2522457 0.2522457 0.2522457 0.2522457
