Scenarios/Heterogeneous/data/country_data_population_distribution/processed/density_grids/ner.asc
ncols 384
nrows 301
xllcorner 0
yllcorner 11
[rows 62 to 92 of 301, columns 140 to 209 of 384]
0 0 0 0 0 0 0 0 0 0 0 0 0 0 0 0 0 0 0 0 0 0 0 0 0 0 0 0 0 0 0 0 0 0 0 0 0 0 0 0 0 0 0 0 0 0 1.284889 2.093613 2.123054 2.123054 2.123054 2.123054 2.123054 2.123054 1.951241 0.378231 0.378231 0.378231 0.378231 0.378231 0.378231 0.378231 0.378231 0.378231 0.378231 0.378231 0.378231 0.378231 0.378231 0.378231
0 0 0 0 0 0 0 0 0 0 0 0 0 0 0 0 0 0 0 0 0 0 0 0 0 0 0 0 0 0 0 0 0 0 0 0 0 0 0 0 0 0 0 0 0 1.927517 2.123054 2.123054 2.123054 2.123054 2.123054 2.123054 2.123053 2.123054 2.040719 0.378231 0.378231 0.378231 0.378231 0.378231 0.378231 0.3782309 0.378231 0.378231 0.378231 0.3782309 0.378231 0.3782309 0.378231 0.3782309
0 0 0 0 0 0 0 0 0 0 0 0 0 0 0 0 0 0 0 0 0 0 0 0 0 0 0 0 0 0 0 0 0 0 0 0 0 0 0 0 0 0 0 1.572536 2.123054 2.123054 2.123054 2.123054 2.123054 2.123054 2.123054 2.123054 2.123054 2.123054 2.115155 0.3932727 0.378231 0.378231 0.378231 0.378231 0.378231 0.378231 0.378231 0.378231 0.378231 0.378231 0.378231 0.378231 0.378231 0.378231
0 0 0 0 0 0 0 0 0 0 0 0 0 0 0 0 0 0 0 0 0 0 0 0 0 0 0 0 0 0 0 0 0 0 0 0 0 0 0 0 0 0 1.993502 2.123054 2.123053 2.123054 2.123053 2.123054 2.123054 2.123054 2.123054 2.123054 2.123053 2.123054 2.123054 0.4748526 0.378231 0.3782309 0.378231 0.3782309 0.378231 0.378231 0.378231 0.378231 0.378231 0.3782309 0.378231 0.378231 0.378231 0.3782309
0 0 0 0 0 0 0 0 0 0 0 0 0 0 0 0 0 0 0 0 0 0 0 0 0 0 0 0 0 0 0 0 0 0 0 0 0 0 0 0 1.217465 2.113226 2.123054 2.123054 2.123054 2.123054 2.123054 2.123054 2.123054 2.123054 2.123054 2.123054 2.123054 2.123054 2.123054 0.5643307 0.3782309 0.3782309 0.3782309 0.378231 0.378231 0.378231 0.378231 0.378231 0.378231 0.3782309 0.378231 0.378231 0.378231 0.378231
0 0 0 0 0 0 0 0 0 0 0 0 0 0 0 0 0 0 0 0 0 0 0 0 0 0 0 0 0 0 0 0 0 0 0 0 0 0 0 1.630314 2.123054 2.123054 2.123054 2.123054 2.123054 2.123054 2.123054 2.123054 2.123054 2.123054 2.123054 2.123054 2.123054 2.123054 2.123054 0.6538088 0.378231 0.378231 0.378231 0.378231 0.378231 0.378231 0.378231 0.378231 0.378231 0.378231 0.378231 0.378231 0.378231 0.378231
0 0 0 0 0 0 0 0 0 0 0 0 0 0 0 0 0 0 0 0 0 0 0 0 0 0 0 0 0 0 0 0 0 0 0 0 0 0 1.915782 2.123054 2.123054 2.123054 2.123054 2.123054 2.123054 2.123054 2.123054 2.123054 2.123054 2.123054 2.123054 2.123054 2.123054 2.123054 2.123054 0.7432869 0.378231 0.378231 0.378231 0.378231 0.378231 0.378231 0.378231 0.378231 0.378231 0.378231 0.378231 0.378231 0.378231 0.378231
0 0 0 0 0 0 0 0 0 0 0 0 0 0 0 0 0 0 0 0 0 0 0 0 0 0 0 0 0 0 0 0 0 0 0 0 0 2.069191 2.123054 2.123054 2.123054 2.123054 2.123054 2.123054 2.123054 2.123054 2.123054 2.123054 2.123053 2.123054 2.123054 2.123054 2.123054 2.123054 2.123053 0.832765 0.378231 0.378231 0.378231 0.378231 0.378231 0.378231 0.378231 0.378231 0.378231 0.378231 0.378231 0.378231 0.378231 0.378231
0 0 0 0 0 0 0 0 0 0 0 0 0 0 0 0 0 0 0 0 0 0 0 0 0 0 0 0 0 0 0 0 0 0 0 1.234227 2.120679 2.123054 2.123054 2.123054 2.123054 2.123054 2.123054 2.123054 2.123054 2.123054 2.123054 2.123054 2.123054 2.123054 2.123054 2.123054 2.123054 2.123054 2.123054 0.9222431 0.378231 0.378231 0.378231 0.378231 0.378231 0.378231 0.378231 0.378231 0.378231 0.378231 0.378231 0.378231 0.378231 0.378231
0 0 0 0 0 0 0 0 0 0 0 0 0 0 0 0 0 0 0 0 0 0 0 0 0 0 0 0 0 0 0 0 0 0 1.489804 2.123054 2.123054 2.123054 2.123054 2.123054 2.123054 2.123054 2.123053 2.123054 2.123054 2.123054 2.123053 2.123054 2.123054 2.123054 2.123054 2.123054 2.123054 2.123054 2.123053 1.011721 0.378231 0.378231 0.378231 0.378231 0.378231 0.378231 0.378231 0.378231 0.378231 0.378231 0.378231 0.378231 0.378231 0.378231
0 0 0 0 0 0 0 0 0 0 0 0 0 0 0 0 0 0 0 0 0 0 0 0 0 0 0 0 0 0 0 0 0 1.71554 2.123054 2.123054 2.123054 2.123054 2.123054 2.123054 2.123054 2.123054 2.123054 2.123054 2.123054 2.123054 2.123054 2.123054 2.123054 2.123054 2.123054 2.123054 2.123054 2.123054 2.123054 1.101199 0.378231 0.378231 0.378231 0.378231 0.378231 0.3782309 0.378231 0.3782309 0.378231 0.378231 0.378231 0.3782309 0.378231 0.378231
0 0 0 0 0 0 0 0 0 0 0 0 0 0 0 0 0 0 0 0 0 0 0 0 0 0 0 0 0 0 0 0 1.876736 2.123054 2.123054 2.123054 2.123054 2.123054 2.123054 2.123054 2.123054 2.123054 2.123054 2.123054 2.123054 2.123054 2.123054 2.123054 2.123054 2.123054 2.123054 2.123054 2.123054 2.123054 2.123054 1.190677 0.378231 0.378231 0.378231 0.378231 0.378231 0.378231 0.378231 0.378231 0.378231 0.378231 0.378231 0.378231 0.378231 0.378231
0 0 0 0 0 0 0 0 0 0 0 0 0 0 0 0 0 0 0 0 0 0 0 0 0 0 0 0 0 0 0 1.982404 2.123054 2.123054 2.123054 2.123054 2.123054 2.123054 2.123054 2.123054 2.123054 2.123054 2.123054 2.123054 2.123054 2.123054 2.123054 2.123054 2.123054 2.123054 2.123054 2.123054 2.123054 2.123054 2.123054 1.280155 0.378231 0.378231 0.378231 0.378231 0.378231 0.378231 0.378231 0.378231 0.378231 0.378231 0.378231 0.378231 0.378231 0.378231
0 0 0 0 0 0 0 0 0 0 0 0 0 0 0 0 0 0 0 0 0 0 0 0 0 0 0 0 0 0 2.050066 2.123054 2.123054 2.123054 2.123054 2.123054 2.123054 2.123054 2.123054 2.123054 2.123054 2.123054 2.123054 2.123054 2.123054 2.123054 2.123054 2.123054 2.123054 2.123054 2.123054 2.123054 2.123054 2.123054 2.123054 1.369633 0.378231 0.378231 0.378231 0.378231 0.378231 0.378231 0.378231 0.378231 0.378231 0.378231 0.378231 0.378231 0.378231 0.378231
0 0 0 0 0 0 0 0 0 0 0 0 0 0 0 0 0 0 0 0 0 0 0 0 0 0 0 0 0 2.101665 2.123053 2.123054 2.123053 2.123054 2.123053 2.123053 2.123053 2.123054 2.123053 2.123054 2.123053 2.123053 2.123053 2.123054 2.123053 2.123054 2.123053 2.123054 2.123053 2.123054 2.123053 2.123054 2.123053 2.123054 2.123054 1.459111 0.378231 0.3782309 0.378231 0.378231 0.378231 0.378231 0.378231 0.3782309 0.378231 0.378231 0.378231 0.378231 0.378231 0.3782309
0 0 0 0 0 0 0 0 0 0 0 0 0 0 0 0 0 0 0 0 0 0 0 0 0 0 0 1.235368 2.119764 2.123054 2.123054 2.123054 2.123054 2.123054 2.123054 2.123054 2.123054 2.123054 2.123054 2.123054 2.123054 2.123054 2.123054 2.123054 2.123054 2.123054 2.123054 2.123054 2.123054 2.123054 2.123054 2.123054 2.123054 2.123054 2.123054 1.54859 0.378231 0.378231 0.378231 0.378231 0.378231 0.378231 0.378231 0.378231 0.378231 0.378231 0.378231 0.378231 0.378231 0.378231
0 0 0 0 0 0 0 0 0 0 0 0 0 0 0 0 0 0 0 0 0 0 0 0 0 0 1.489874 2.123054 2.123054 2.123054 2.123054 2.123054 2.123054 2.123054 2.123054 2.123054 2.123054 2.123054 2.123054 2.123054 2.123054 2.123054 2.123054 2.123054 2.123054 2.123054 2.123054 2.123054 2.123054 2.123054 2.123054 2.123054 2.123054 2.123054 2.123054 1.638068 0.378231 0.378231 0.378231 0.378231 0.378231 0.378231 0.378231 0.378231 0.378231 0.378231 0.378231 0.378231 0.378231 0.378231
0 0 0 0 0 0 0 0 0 0 0 0 0 0 0 0 0 0 0 0 0 0 0 0 0 1.719027 2.123054 2.123054 2.123054 2.123054 2.123054 2.123054 2.123054 2.123054 2.123054 2.123054 2.123054 2.123054 2.123054 2.123054 2.123054 2.123054 2.123054 2.123054 2.123054 2.123054 2.123054 2.123054 2.123054 2.123054 2.123054 2.123054 2.123054 2.123054 2.123054 1.727546 0.3782309 0.3782309 0.3782309 0.3782309 0.378231 0.378231 0.378231 0.3782309 0.378231 0.3782309 0.3782309 0.378231 0.378231 0.3782309
0 0 0 0 0 0 0 0 0 0 0 0 0 0 0 0 0 0 0 0 0 0 0 0 1.886763 2.123054 2.123054 2.123054 2.123054 2.123054 2.123054 2.123054 2.123054 2.123054 2.123054 2.123054 2.123054 2.123054 2.123054 2.123054 2.123054 2.123054 2.123054 2.123054 2.123054 2.123054 2.123054 2.123054 2.123054 2.123054 2.123054 2.123054 2.123054 2.123054 2.123054 1.817024 0.3782309 0.378231 0.3782309 0.378231 0.3782309 0.378231 0.3782309 0.378231 0.3782309 0.378231 0.3782309 0.378231 0.3782309 0.378231
0 0 0 0 0 0 0 0 0 0 0 0 0 0 0 0 0 0 0 0 0 0 0 1.992592 2.123054 2.123054 2.123054 2.123054 2.123054 2.123054 2.123054 2.123054 2.123054 2.123054 2.123054 2.123054 2.123054 2.123054 2.123054 2.123054 2.123054 2.123054 2.123054 2.123054 2.123054 2.123054 2.123054 2.123054 2.123054 2.123054 2.123054 2.123054 2.123054 2.123054 2.123054 1.906502 0.378231 0.378231 0.378231 0.378231 0.378231 0.378231 0.378231 0.378231 0.378231 0.378231 0.378231 0.378231 0.378231 0.378231
0 0 0 0 0 0 0 0 0 0 0 0 0 0 0 0 0 0 0 0 0 0 2.083764 2.123054 2.123054 2.123054 2.123054 2.123054 2.123054 2.123054 2.123054 2.123054 2.123054 2.123054 2.123054 2.123054 2.123054 2.123054 2.123054 2.123054 2.123054 2.123054 2.123054 2.123054 2.123054 2.123054 2.123054 2.123054 2.123054 2.123054 2.123054 2.123054 2.123054 2.123054 2.123054 1.99598 0.378231 0.378231 0.378231 0.378231 0.378231 0.378231 0.378231 0.378231 0.378231 0.378231 0.378231 0.378231 0.378231 0.378231
0 0 0 0 0 0 0 0 0 0 0 0 0 0 0 0 0 0 0 0 1.185035 2.119663 2.123054 2.123054 2.123054 2.123054 2.123054 2.123054 2.123054 2.123054 2.123054 2.123054 2.123054 2.123054 2.123054 2.123054 2.123054 2.123054 2.123054 2.123054 2.123054 2.123054 2.123054 2.123054 2.123054 2.123054 2.123054 2.123054 2.123054 2.123054 2.123054 2.123054 2.123054 2.123054 2.123054 2.085173 0.378516 0.378231 0.378231 0.378231 0.378231 0.378231 0.378231 0.378231 0.378231 0.378231 0.3782309 0.378231 0.378231 0.378231
0 0 0 0 0 0 0 0 0 0 0 0 0 0 0 0 0 0 0 1.41887 2.123054 2.123054 2.123054 2.123054 2.123054 2.123054 2.123054 2.123054 2.123054 2.123054 2.123054 2.123054 2.123054 2.123054 2.123054 2.123054 2.123054 2.123054 2.123054 2.123054 2.123054 2.123054 2.123054 2.123054 2.123054 2.123054 2.123054 2.123054 2.123054 2.123054 2.123054 2.123054 2.123054 2.123054 2.123054 2.123054 0.4301137 0.378231 0.378231 0.378231 0.378231 0.378231 0.378231 0.378231 0.378231 0.378231 0.378231 0.378231 0.378231 0.378231
0 0 0 0 0 0 0 0 0 0 0 0 0 0 0 0 0 0 1.611078 2.123053 2.123054 2.123053 2.123054 2.123054 2.123054 2.123053 2.123054 2.123054 2.123054 2.123054 2.123054 2.123054 2.123054 2.123054 2.123054 2.123054 2.123054 2.123054 2.123054 2.123054 2.123054 2.123054 2.123054 2.123054 2.123054 2.123054 2.123053 2.123054 2.123054 2.123054 2.123054 2.123054 2.123054 2.123054 2.123054 2.123053 0.5195917 0.3782309 0.378231 0.3782309 0.3782309 0.378231 0.3782309 0.3782309 0.3782309 0.3782309 0.3782309 0.378231 0.3782309 0.3782309
0 0 0 0 0 0 0 0 0 0 0 0 0 0 0 0 0 1.767629 2.123054 2.123054 2.123054 2.123054 2.123054 2.123054 2.123054 2.123054 2.123054 2.123054 2.123054 2.123054 2.123054 2.123054 2.123054 2.123054 2.123054 2.123054 2.123054 2.123054 2.123054 2.123054 2.123054 2.123054 2.123054 2.123054 2.123054 2.123054 2.123054 2.123054 2.123054 2.123054 2.123054 2.123054 2.123054 2.123054 2.123054 2.123054 0.6090698 0.378231 0.378231 0.378231 0.378231 0.3782309 0.378231 0.378231 0.378231 0.378231 0.378231 0.3782309 0.378231 0.378231
0 0 0 0 0 0 0 0 0 0 0 0 0 0 0 0 1.893022 2.123053 2.123054 2.123054 2.123054 2.123054 2.123054 2.123054 2.123054 2.123053 2.123054 2.123054 2.123054 2.123053 2.123054 2.123054 2.123054 2.123054 2.123054 2.123054 2.123054 2.123054 2.123054 2.123054 2.123054 2.123054 2.123054 2.123054 2.123054 2.123054 2.123054 2.123053 2.123054 2.123054 2.123054 2.123054 2.123054 2.123053 2.123054 2.123054 0.698548 0.3782309 0.378231 0.378231 0.3782309 0.378231 0.378231 0.378231 0.378231 0.378231 0.378231 0.378231 0.3782309 0.378231
0 0 0 0 0 0 0 0 0 0 0 0 0 0 0 1.989736 2.123054 2.123054 2.123054 2.123054 2.123054 2.123054 2.123054 2.123054 2.123054 2.123054 2.123054 2.123054 2.123054 2.123054 2.123054 2.123054 2.123054 2.123054 2.123054 2.123054 2.123054 2.123054 2.123054 2.123054 2.123054 2.123054 2.123054 2.123054 2.123054 2.123054 2.123054 2.123054 2.123054 2.123054 2.123054 2.123054 2.123054 2.123054 2.123054 2.123054 0.788026 0.378231 0.378231 0.378231 0.378231 0.378231 0.378231 0.378231 0.378231 0.378231 0.378231 0.378231 0.378231 0.378231
0 0 0 0 0 0 0 0 0 0 0 0 0 0 2.053861 2.123054 2.123053 2.123054 2.123054 2.123054 2.123053 2.123054 2.123054 2.123054 2.123054 2.123054 2.123053 2.123054 2.123054 2.123054 2.123053 2.123054 2.123054 2.123054 2.123053 2.123054 2.123053 2.123054 2.123053 2.123054 2.123054 2.123054 2.123053 2.123054 2.123053 2.123054 2.123054 2.123054 2.123054 2.123054 2.123054 2.123054 2.123054 2.123054 2.123054 2.123054 0.8775042 0.378231 0.378231 0.378231 0.378231 0.378231 0.378231 0.378231 0.378231 0.378231 0.378231 0.378231 0.378231 0.378231
0 0 0 0 0 0 0 0 0 0 0 0 0 2.0916 2.123054 2.123054 2.123054 2.123054 2.123054 2.123054 2.123054 2.123054 2.123054 2.123054 2.123054 2.123054 2.123054 2.123054 2.123054 2.123054 2.123054 2.123054 2.123054 2.123054 2.123054 2.123054 2.123054 2.123054 2.123054 2.123054 2.123054 2.123054 2.123054 2.123054 2.123054 2.123054 2.123054 2.123054 2.123054 2.123054 2.123054 2.123054 2.123054 2.123054 2.123054 2.123054 0.9669822 0.378231 0.378231 0.378231 0.378231 0.378231 0.378231 0.378231 0.378231 0.378231 0.378231 0.378231 0.378231 0.378231
0 0 0 0 0 0 0 0 0 0 0 0 2.118464 2.123054 2.123054 2.123054 2.123054 2.123054 2.123054 2.123054 2.123054 2.123054 2.123054 2.123054 2.123054 2.123054 2.123054 2.123054 2.123054 2.123054 2.123054 2.123054 2.123054 2.123054 2.123054 2.123054 2.123054 2.123054 2.123054 2.123054 2.123054 2.123054 2.123054 2.123054 2.123054 2.123054 2.123054 2.123054 2.123054 2.123054 2.123054 2.123054 2.123054 2.123054 2.123054 2.123054 1.05646 0.378231 0.378231 0.378231 0.378231 0.378231 0.378231 0.378231 0.378231 0.378231 0.378231 0.378231 0.378231 0.378231
0 0 0 0 0 0 0 0 0 0 1.4013 2.123054 2.123054 2.123054 2.123054 2.123054 2.123054 2.123054 2.123054 2.123054 2.123054 2.123054 2.123054 2.123054 2.123054 2.123054 2.123054 2.123054 2.123054 2.123054 2.123054 2.123054 2.123054 2.123054 2.123054 2.123054 2.123054 2.123054 2.123054 2.123054 2.123054 2.123054 2.123054 2.123054 2.123054 2.123054 2.123054 2.123054 2.123054 2.123054 2.123054 2.123054 2.123054 2.123054 2.123054 2.123054 1.145938 0.378231 0.3782309 0.378231 0.378231 0.378231 0.378231 0.378231 0.378231 0.378231 0.3782309 0.378231 0.3782309 0.378231
