Scenarios/Heterogeneous/data/country_data_population_distribution/processed/density_grids/ner.asc
ncols 384
nrows 301
xllcorner 0
yllcorner 11
[rows 186 to 216 of 301, columns 70 to 139 of 384]
0 0 0 0 0 0 0 0 0 0 0 0 0 0 0 0 0 0 0 0 0 0 0 0 0 0 0 0 4.012219 4.012219 4.012218 4.012219 4.012218 4.012219 4.012219 4.012219 4.012219 4.012218 4.012219 4.012218 4.012219 4.012219 4.012219 4.012218 4.012219 4.012218 4.012219 4.012219 4.012219 4.012218 4.012219 4.012219 4.012219 4.012219 7.184661 11.23072 4.012219 4.012219 15.19391 28.17097 28.17097 28.17097 28.17097 28.17097 28.17097 28.17097 28.17097 28.17097 28.17097 28.17097
0 0 0 0 0 0 0 0 0 0 0 0 0 0 0 0 0 0 0 0 0 0 0 0 0 0 0 7.081727 4.012219 4.012219 4.012219 4.012219 4.012219 4.012219 4.012219 4.012218 4.012219 4.012219 4.012219 4.012219 4.012219 4.012219 4.012218 4.012219 4.012218 4.012219 4.012219 4.012219 4.012218 4.012219 4.012219 4.012219 4.012219 4.012219 17.42297 28.15923 23.46057 16.31681 27.54996 28.17097 28.17097 28.17097 28.17097 28.17097 28.17097 28.17097 28.17097 28.17097 28.17097 28.17097
0 0 0 0 0 0 0 0 0 0 0 0 0 0 0 0 0 0 0 0 0 0 0 0 0 0 0 14.23927 5.479984 4.012219 4.012219 4.012219 4.012219 4.012219 4.012219 4.012219 4.012219 4.012219 4.012219 4.012219 4.012219 4.012219 4.012219 4.012219 4.012219 4.012219 4.012219 4.012219 4.012219 4.012219 4.012219 4.012219 4.012219 4.012219 19.43239 28.17097 28.17097 28.17097 28.17097 28.17097 28.17097 28.17097 28.17097 28.17097 28.17097 28.17097 28.17097 28.17097 28.17097 28.17097
0 0 0 0 0 0 0 0 0 0 0 0 0 0 0 0 0 0 0 0 0 0 0 10.69586 12.85511 13.80246 14.70018 14.70018 9.203713 4.012219 4.012219 4.012219 4.012219 4.012219 4.012219 4.012219 4.012219 4.012219 4.012219 4.012219 4.012219 4.012219 4.012219 4.012219 4.012219 4.012219 4.012219 4.012219 4.012219 4.012219 4.012219 4.012219 4.012219 4.012219 17.81714 28.17097 28.17097 28.17097 28.17097 28.17097 28.17097 28.17097 28.17097 28.17097 28.17097 28.17097 28.17097 28.17097 28.17097 28.17097
0 0 0 0 0 0 0 0 0 0 0 0 0 0 0 0 0 0 0 0 0 0 12.18643 14.70018 14.70018 14.70018 14.70018 14.70018 12.95014 4.014347 4.012219 4.012219 4.012219 4.012219 4.012219 4.012219 4.012219 4.012219 4.012219 4.012219 4.012219 4.012219 4.012219 4.012219 4.012219 4.012219 4.012219 4.012219 4.012219 4.012219 4.012219 4.012219 4.012219 4.012218 7.680358 25.83316 28.17097 28.17097 28.17097 28.17097 28.17097 28.17097 28.17097 28.17097 28.17097 28.17097 28.17097 28.17097 28.17097 28.17097
0 0 0 0 0 0 0 0 0 0 0 0 0 0 0 0 0 0 0 0 0 11.76034 14.70018 14.70018 14.70018 14.70018 14.70018 14.70018 14.70018 6.012849 4.012219 4.012218 4.012219 4.012218 4.012219 4.012218 4.012219 4.012219 4.012218 4.012219 4.012218 4.012219 4.012218 4.012219 4.012218 4.012219 4.012218 4.012219 4.012218 4.012219 4.012218 4.012219 4.012218 4.012219 4.012219 7.341232 25.11023 28.17097 28.17097 28.17097 28.17097 28.17097 28.17097 28.17097 28.17097 28.17097 28.17097 28.17097 28.17097 28.17097
0 0 0 0 0 0 0 0 0 0 0 0 0 0 0 0 0 0 0 0 10.58784 14.70018 14.70018 14.70018 14.70018 14.70018 14.70018 14.70018 14.70018 9.761398 4.012219 4.012219 4.012219 4.012219 4.012219 4.012219 4.012219 4.012219 4.012219 4.012219 4.012219 4.012219 4.012219 4.012219 4.012219 4.012219 4.012219 4.012219 4.012219 4.012219 4.012219 4.012219 4.012219 4.012219 4.012219 4.012219 7.67904 26.44949 28.17097 28.17097 28.17097 28.17097 28.17097 28.17097 28.17097 28.17097 28.17097 28.17097 28.17097 28.17097
0 0 0 0 0 0 0 0 0 0 0 0 0 0 0 0 0 0 0 14.25797 14.70018 14.70018 14.70018 14.70018 14.70018 14.70018 14.70018 14.70018 14.70018 13.44754 4.074625 4.012219 4.012219 4.012219 4.012219 4.012219 4.012219 4.012219 4.012219 4.012219 4.012219 4.012219 4.012219 4.012219 4.012219 4.012219 4.012219 4.012219 4.012219 4.012219 4.012219 4.012219 4.012219 4.012219 4.012219 4.012219 4.012219 19.34786 30.57241 28.17097 28.17097 28.17097 28.17097 28.17097 28.17097 28.17097 28.17097 28.17097 28.17097 28.17097
0 0 0 0 0 0 0 0 0 0 0 0 0 0 0 0 0 0 0 14.70018 14.70018 14.70018 14.70018 14.70018 14.70018 14.70018 14.70018 14.70018 14.70018 14.70018 6.570535 4.012218 4.012219 4.012218 4.012219 4.012218 4.012219 4.012219 4.012218 4.012218 4.012218 4.012218 4.012218 4.012219 4.012218 4.012219 4.012218 4.012219 4.012218 4.012218 4.012218 4.012219 4.012218 4.012219 4.012219 4.012219 21.56609 63.06531 62.48518 37.79194 28.17097 28.17097 28.17097 28.17097 28.17097 28.17097 28.17097 28.17097 28.17097 28.17097
0 0 0 0 0 0 0 0 0 0 0 0 0 0 0 0 0 0 0 14.70018 14.70018 14.70018 14.70018 14.70018 14.70018 14.70018 14.70018 14.70018 14.70018 14.70018 10.31909 4.012219 4.012219 4.012219 4.012219 4.012219 4.012219 4.012219 4.012219 4.012219 4.012219 4.012219 4.012219 4.012219 4.012219 4.012219 4.012219 4.012219 4.012219 4.012219 8.809169 20.53892 23.83556 28.01664 41.29779 51.24049 65.89519 66.78037 66.78038 65.78616 32.83409 28.17097 28.17097 28.17097 28.17097 28.17097 28.17097 28.17097 28.17097 28.17097
10.54655 10.05433 0 0 0 0 0 0 0 0 0 0 0 0 0 0 0 0 9.417557 14.70018 14.70018 14.70018 14.70018 14.70018 14.70018 14.70018 14.70018 14.70018 14.70018 14.70018 13.86198 4.217879 4.012219 4.012219 4.012219 4.012219 4.012219 4.012219 4.012219 4.012219 4.012219 4.012219 4.012219 4.012219 4.012219 4.012219 4.012219 7.350871 27.03539 48.90897 65.68089 66.78038 66.78038 66.78038 66.78038 66.78038 66.78038 66.78038 66.78037 66.78037 52.69766 28.23635 28.17097 28.17097 28.17097 28.17097 28.17097 28.17097 28.17097 28.17097
14.91203 14.91203 14.91203 14.91203 14.91203 14.91203 14.79835 14.70018 14.70018 14.70018 14.70018 14.70018 14.70018 14.70018 14.70018 14.70018 14.70018 14.70018 14.70018 14.70018 14.70018 14.70018 14.70018 14.70018 14.70018 14.70018 14.70018 14.70018 14.70018 14.70018 14.70018 7.128222 4.012218 4.012219 4.012218 4.012219 4.012218 4.012218 4.012219 4.012218 4.012219 4.012218 4.012219 4.012218 4.012219 5.546445 38.15788 64.59024 66.78038 66.78038 66.78038 66.78038 66.78038 66.78038 66.78038 66.78038 66.78038 66.78038 66.78038 66.78038 66.78038 54.11302 30.02276 28.17097 28.17097 28.17097 28.17097 28.17097 28.17097 29.06835
14.91203 14.91203 14.91203 14.91203 14.91203 14.91203 14.82711 14.70018 14.70018 14.70018 14.70018 14.70018 14.70018 14.70018 14.70018 14.70018 14.70018 14.70018 14.70018 14.70018 14.70018 14.70018 14.70018 14.70018 14.70018 14.70018 14.70018 14.70018 14.70018 14.70018 14.70018 10.87677 4.012219 4.012219 4.012219 4.012219 4.012219 4.012219 4.012219 4.012219 4.012219 4.012219 4.012219 4.012219 6.141479 51.27102 66.78038 66.78038 66.78038 66.78038 66.78038 66.78038 66.78038 66.78038 66.78038 66.78038 66.78038 66.78038 66.78038 66.78038 66.78038 66.78038 62.05005 45.01683 30.24641 28.1825 29.97871 28.17097 32.51321 42.48537
14.91203 14.91203 14.91203 14.91203 14.91203 14.91203 14.86643 14.70018 14.70018 14.70018 14.70018 14.70018 14.70018 14.70018 14.70018 14.70018 14.70018 14.70018 14.70018 14.70018 14.70018 14.70018 14.70018 14.70018 14.70018 14.70018 14.70018 14.70018 14.70018 14.70018 14.70018 14.19344 4.444105 4.012219 4.012219 4.012219 4.012219 4.012219 4.012219 4.012219 4.012219 4.012219 7.928796 22.28926 51.09206 66.78038 66.78038 66.78039 66.78038 66.78038 66.78038 66.78038 66.78038 66.78038 66.78038 66.78038 66.78038 66.78038 66.78038 66.78038 66.78038 66.78038 66.78038 66.78038 64.78128 54.82603 51.42818 32.10576 45.99705 46.88377
14.91203 14.91203 14.91203 14.91203 14.91203 14.91203 14.90355 14.70459 14.70018 14.70018 14.70018 14.70018 14.70018 14.70018 14.70018 14.70018 14.70018 14.70018 14.70018 14.70018 14.70018 14.70018 14.70018 14.70018 14.70018 14.70018 14.70018 14.70018 14.70018 14.70018 14.70018 14.70018 21.32012 24.32932 19.62912 18.2424 17.22172 16.25094 23.56631 34.78017 40.60264 48.19931 64.82259 66.78038 66.78037 66.78038 66.78037 66.78038 66.78037 66.78038 66.78037 66.78038 66.78037 66.78038 66.78037 66.78038 66.78037 66.78038 66.78037 66.78038 66.78038 66.78038 66.78038 66.78038 66.78037 66.78038 54.61199 45.40628 46.88377 46.88377
14.91203 14.91203 14.91203 14.91203 14.91203 14.91203 14.91203 14.75322 14.70018 14.70018 14.70018 14.70018 14.70018 14.70018 14.70018 14.70018 14.70018 14.70018 14.70018 14.70018 14.70018 14.70018 14.70018 14.70018 14.70018 14.70018 14.70018 14.70018 14.70018 14.70018 14.70018 14.70018 30.61337 66.78037 66.78038 66.78037 66.78038 66.78038 66.78037 66.78038 66.78038 66.78037 66.78037 66.78038 66.78037 66.78037 66.78037 66.78038 66.78037 66.78038 66.78037 66.78038 66.78037 66.78038 66.78037 66.78038 66.78037 66.78038 66.78037 66.78038 66.78038 66.78037 66.78037 66.78037 66.78037 66.78037 66.50922 58.18757 48.03384 46.88377
14.91203 14.91203 14.91203 14.91203 14.91203 14.91203 14.91203 14.79693 14.70018 14.70018 14.70018 14.70018 14.70018 14.70018 14.70018 14.70018 14.70018 14.70018 14.70018 14.70018 14.70018 14.70018 14.70018 14.70018 14.70018 14.70018 14.70018 14.70018 14.70018 14.70018 14.70018 14.70018 15.9586 63.16925 66.78037 66.78038 66.78037 66.78038 66.78038 66.78038 66.78038 66.78038 66.78038 66.78038 66.78038 66.78037 66.78038 66.78037 66.78038 66.78037 66.78038 66.78038 66.78038 66.78037 66.78038 66.78037 66.78038 66.78038 66.78038 66.78037 66.78038 66.78037 66.78038 66.78037 66.78038 66.78037 66.78037 66.78037 63.70236 47.0453
14.91203 14.91203 14.91203 14.91203 14.91203 14.91203 14.91203 14.78736 14.70018 14.70018 14.70018 14.70018 14.70018 14.70018 14.70018 14.70018 14.70018 14.70018 14.70018 14.70018 14.70018 14.70018 14.70018 14.70018 14.70018 14.70018 14.70018 14.70018 14.70018 14.70018 14.70018 14.70018 14.70018 54.4059 66.78038 66.78038 66.78038 66.78038 66.78038 66.78038 66.78038 66.78038 66.78038 66.78038 66.78038 66.78038 66.78038 66.78038 66.78038 66.78038 66.78038 66.78038 66.78038 66.78038 66.78038 66.78038 66.78038 66.78038 66.78038 66.78038 66.78038 66.78038 66.78038 66.78038 66.78038 66.78038 66.78038 66.78038 66.78038 70.17502
14.91203 14.91203 14.91203 14.91203 14.91203 14.90959 14.8117 14.7051 14.70018 14.70018 14.70018 14.70018 14.70018 14.70018 14.70018 14.70018 14.70018 14.70018 14.70018 14.70018 14.70018 14.70018 14.70018 14.70018 14.70018 14.70018 14.70018 14.70018 14.70018 14.70018 14.70018 14.70018 14.70018 58.14556 66.78038 66.78037 66.78038 66.78038 66.78037 66.78038 66.78038 66.78038 66.78037 66.78038 66.78037 66.78038 66.78037 66.78038 66.78037 66.78038 66.78037 66.78038 66.78037 66.78038 66.78037 66.78038 66.78037 66.78038 66.78037 66.78038 66.78038 66.78038 66.78037 66.78038 66.78037 66.78038 66.78038 66.78038 66.78037 85.18921
14.91203 14.91203 14.91203 14.91203 14.89316 14.7528 14.70018 14.70018 14.70018 14.70018 14.70018 14.70018 14.70018 14.70018 14.70018 14.70018 14.70018 14.70018 14.70018 14.70018 14.70018 14.70018 14.70018 14.70018 14.70018 14.70018 14.70018 14.70018 14.70018 14.70018 14.70018 14.70018 14.70018 56.84809 66.78038 66.78038 66.78038 66.78038 66.78038 66.78038 66.78038 66.78038 66.78038 66.78038 66.78039 66.78038 66.78038 66.78038 66.78038 66.78038 66.78038 66.78038 66.78038 66.78038 66.78038 66.78038 66.78038 66.78038 66.78038 66.78038 66.78038 66.78038 66.78038 66.78038 66.78038 66.78038 66.78038 66.78038 66.78038 74.64141
14.91203 14.91203 14.91053 14.8441 14.72039 14.70018 14.70018 14.70018 14.70018 14.70018 14.70018 14.70018 14.70018 14.70018 14.70018 14.70018 14.70018 14.70018 14.70018 14.70018 14.70018 14.70018 14.70018 14.70018 14.70018 14.70018 14.70018 14.70018 14.70018 14.70018 14.70018 14.70018 14.70018 54.11226 66.78039 66.78038 66.78038 66.78038 66.78038 66.78038 66.78038 66.78038 66.78038 66.78038 66.78038 66.78038 66.78038 66.78039 66.78038 66.78038 66.78038 66.78038 66.78038 66.78039 66.78038 66.78038 66.78038 66.78038 66.78038 66.78038 66.78038 66.78038 66.78038 66.78038 66.78038 66.78038 66.78038 66.78038 66.78038 89.23875
15.50371 15.27032 14.72971 14.70018 14.70018 14.70018 14.70018 14.70018 14.70018 14.70018 14.70018 14.70018 14.70018 14.70018 14.70018 14.70018 14.70018 14.70018 14.70018 14.70018 14.70018 14.70018 14.70018 14.70018 14.70018 14.70018 14.70018 14.70018 14.70018 14.70018 14.70018 14.70018 14.70018 51.37642 66.78037 66.78038 66.78037 66.78038 66.78038 66.78038 66.78038 66.78038 66.78038 66.78038 66.78038 66.78038 66.78038 66.78037 66.78038 66.78038 66.78038 66.78038 66.78038 66.78037 66.78038 66.78038 66.78038 66.78037 66.78038 66.78038 66.78038 66.78038 66.78038 66.78038 66.78038 66.78038 66.78038 66.78038 66.78038 90.61146
32.55748 33.79219 28.47528 24.36215 19.78072 15.28891 14.70018 14.70018 14.70018 14.70018 14.70018 14.70018 14.70018 14.70018 14.70018 14.70018 14.70018 14.70018 14.70018 14.70018 14.70018 14.70018 14.70018 14.70018 14.70018 14.70018 14.70018 14.70018 14.70018 14.70018 14.70018 14.70018 14.70018 48.64059 66.78038 66.78038 66.78038 66.78038 66.78038 66.78038 66.78038 66.78038 66.78038 66.78038 66.78038 66.78038 66.78038 66.78038 66.78038 66.78038 66.78038 66.78038 66.78038 66.78038 66.78038 66.78038 66.78038 66.78038 66.78038 66.78038 66.78038 66.78038 66.78038 66.78038 66.78038 66.78038 66.78038 66.78038 73.28384 113.7231
36.2943 36.2943 36.2943 36.2943 36.2943 35.57675 30.95337 25.7202 20.40401 15.56874 14.70018 14.70018 14.70018 14.70018 14.70018 14.70018 14.70018 14.70018 14.70018 14.70018 14.70018 14.70018 14.70018 14.70018 14.70018 14.70018 14.70018 14.70018 14.70018 14.70018 14.70018 14.70018 14.70018 37.02849 66.78038 66.78037 66.78038 66.78038 66.78038 66.78038 66.78038 66.78038 66.78037 66.78038 66.78037 66.78038 66.78038 66.78038 66.78037 66.78038 66.78038 66.78038 66.78037 66.78038 66.78037 66.78038 66.78037 66.78038 66.78038 66.78038 66.78038 66.78038 66.78038 66.78038 66.78037 66.78038 66.78038 66.78038 106.1396 128.1059
33.79872 36.2943 36.2943 36.2943 36.2943 36.2943 36.2943 36.2943 36.2943 35.80473 31.34894 25.80028 17.98153 14.70018 14.70018 14.70018 14.70018 14.70018 14.70018 14.70018 14.70018 14.70018 14.70018 14.70018 14.70018 14.70018 14.70018 14.70018 14.70018 14.70018 14.70018 14.70018 14.70018 15.68833 58.39608 66.78038 66.78038 66.78038 66.78038 66.78038 66.78038 66.78038 66.78038 66.78038 66.78038 66.78038 66.78038 66.78038 66.78038 66.78038 66.78038 66.78038 66.78038 66.78038 66.78038 66.78038 66.78038 66.78038 66.78038 66.78038 66.78038 66.78038 66.78038 66.78038 66.78038 66.78038 66.78038 66.78038 92.90693 128.106
28.0894 36.2203 36.2943 36.2943 36.2943 36.2943 36.2943 36.2943 36.2943 36.2943 36.2943 36.2943 35.29897 26.02055 16.94897 14.70018 14.70018 14.70018 14.70018 14.70018 14.70018 14.70018 14.70018 14.70018 14.70018 14.70018 14.70018 14.70018 14.70018 14.70018 14.70018 14.70018 14.70018 14.70018 29.13456 66.77223 66.78038 66.78038 66.78038 66.78038 66.78038 66.78038 66.78037 66.78038 66.78038 66.78038 66.78038 66.78038 66.78038 66.78038 66.78038 66.78037 66.78038 66.78038 66.78038 66.78037 66.78038 66.78038 66.78038 66.78038 66.78038 66.78038 66.78038 66.78038 66.78038 66.78038 66.78037 80.45891 124.0216 128.1059
27.19525 34.36472 36.2943 36.2943 36.2943 36.2943 36.2943 36.2943 36.2943 36.2943 36.2943 36.2943 36.2943 36.2943 21.61534 14.70018 14.70018 14.70018 14.70018 14.70018 14.70018 14.70018 14.70018 14.70018 14.70018 14.70018 14.70018 14.70018 14.70018 14.70018 14.70018 14.70018 14.70018 14.70018 14.70018 40.61616 47.52719 46.50494 45.48269 44.46046 43.43822 43.55609 64.25137 66.78038 66.78037 66.78038 66.78037 66.78038 66.78037 66.78038 66.78037 66.78038 66.78037 66.78038 66.78037 66.78038 66.78037 66.78038 66.78037 66.78038 66.78038 66.78038 66.78037 66.78038 66.78037 66.78038 66.78038 100.5847 128.1059 128.1059
27.19525 33.37216 36.2943 36.2943 36.2943 36.2943 36.2943 36.2943 36.2943 36.2943 36.2943 36.2943 36.2943 36.2943 35.57956 16.72586 14.70018 14.70018 14.70018 14.70018 14.70018 14.70018 14.70018 14.70018 14.70018 14.70018 14.70018 14.70018 14.70018 14.70018 14.70018 14.70018 14.70018 14.70018 14.70018 17.80719 32.66882 32.72819 32.72819 32.72819 32.72819 32.72819 42.28531 66.43384 66.78038 66.78038 66.78038 66.78038 66.78038 66.78038 66.78038 66.78038 66.78038 66.78038 66.78038 66.78038 66.78038 66.78038 66.78038 66.78038 66.78038 66.78038 66.78038 66.78038 66.78038 78.79346 106.7992 127.921 128.1059 128.1059
27.19525 34.0569 36.2943 36.2943 36.2943 36.2943 36.2943 36.2943 36.2943 36.2943 36.2943 36.2943 36.2943 36.2943 36.2943 20.86033 14.70018 14.70018 14.70018 14.70018 14.70018 14.70018 14.70018 14.70018 14.70018 14.70018 14.70018 14.70018 14.70018 14.70018 14.70018 14.70018 14.70018 14.70018 14.70018 14.70018 31.73345 32.88276 32.72819 32.72819 32.72819 32.72819 32.72819 48.96628 66.76591 66.78038 66.78038 66.78038 66.78038 66.78037 66.78038 66.78037 66.78038 66.78038 66.78038 66.78038 66.78038 66.78038 66.78038 66.78038 66.78038 66.78037 66.78038 68.53875 101.9236 127.8744 128.1059 128.1059 128.1059 128.106
27.19525 35.33214 36.2943 36.2943 36.2943 36.2943 36.2943 36.2943 36.2943 36.2943 36.2943 36.2943 36.2943 36.2943 33.38937 14.90842 14.70018 14.70018 14.70018 14.70018 14.70018 14.70018 14.70018 14.70018 14.70018 14.70018 14.70018 14.70018 14.70018 14.70018 14.70018 14.70018 14.70018 14.70018 14.70018 14.70018 45.81754 55.33274 41.51744 32.72819 32.72819 32.72819 32.72819 32.72819 38.22969 50.4585 62.83294 66.78038 66.78037 66.78037 66.78038 66.78037 66.78038 66.78038 66.78038 66.78037 66.78037 66.78037 69.04679 72.16354 68.24763 90.75835 91.20421 112.5965 127.9523 128.1059 128.1059 128.1059 128.1059 128.1059
27.56598 36.25536 36.2943 36.2943 36.2943 36.2943 36.2943 36.2943 36.2943 36.2943 36.2943 36.2943 36.2943 36.2943 35.25483 30.69112 17.42178 14.70018 14.70018 14.70018 14.99982 20.62682 15.98415 14.70018 14.70018 14.70018 25.13023 17.55325 14.70018 14.70018 14.70018 14.70018 14.70018 14.70018 14.70018 14.70018 48.7471 58.96817 57.30607 34.61216 32.72819 32.72819 32.72819 32.72819 32.72819 32.72819 33.01438 41.81312 55.12557 65.13892 66.78038 66.78039 66.78038 66.78038 66.78038 71.55069 94.18717 114.4369 125.8163 126.7075 125.2907 126.7075 126.7075 126.7075 126.7748 127.672 128.1059 128.1059 128.1059 128.1059
