Scenarios/Heterogeneous/data/country_data_population_distribution/processed/density_grids/ner.asc
ncols 384
nrows 301
xllcorner 0
yllcorner 11
[rows 217 to 247 of 301, columns 210 to 279 of 384]
24.61249 24.61249 24.61249 24.61249 24.61249 24.61249 24.61249 24.61249 24.61249 24.61249 24.61249 24.61249 24.61249 24.61249 24.61249 24.61249 24.61249 29.18912 92.20506 46.66134 21.95706 21.95706 21.95706 21.95706 21.95706 21.95706 21.95706 21.95706 21.95706 21.95706 21.95706 21.95706 21.95706 21.95706 21.95706 21.95706 21.95706 21.95706 21.95706 21.95706 21.95706 21.95706 21.95706 21.95706 21.95706 21.95706 21.95706 19.46795 8.851545 1.010544 0.7340052 0.7340052 0.7340052 0.7340052 0.7340052 0.7340052 0.7340052 0.7340052 0.7340052 0.7340052 0.7340052 0.7340052 0.7340052 0.7340052 0.7340052 0.7340052 0.7340052 0.7340052 0.7340052 0.7340052
24.61249 24.61249 24.61249 24.61249 24.61249 24.61249 24.61249 24.61249 24.61249 24.61249 24.61249 24.61249 24.61249 24.61249 24.61249 24.61249 26.88926 68.13343 107.443 120.1761 75.26582 25.8531 21.95706 21.95706 21.95706 21.95706 21.95706 21.95706 21.95706 21.95707 21.95706 21.95706 21.95706 21.95706 21.95706 21.95706 21.95706 21.95706 21.95706 21.95706 21.95706 21.95706 21.95706 21.95706 21.95706 21.95706 21.95706 21.95706 21.95706 18.55149 7.558638 0.7807001 0.7340052 0.7340052 0.7340052 0.7340052 0.7340052 0.7340052 0.7340052 0.7340052 0.7340052 0.7340052 0.7340052 0.7340052 0.7340052 0.7340052 0.7340052 0.7340052 0.7340052 0.7340052
24.61249 24.61249 24.61249 24.61249 24.61249 24.61249 24.61249 24.61249 24.61249 24.61249 24.61249 24.61249 38.7769 48.67303 55.82116 62.9691 71.77721 75.06445 91.14668 121.2438 121.2438 109.5991 55.95583 22.38819 21.95706 21.95706 25.06538 38.20423 59.24685 21.95706 21.95706 21.95706 21.95706 21.95706 21.95706 21.95706 21.95707 21.95706 21.95706 21.95706 21.95706 21.95706 21.95707 21.95706 21.95706 21.95706 21.95706 21.95706 21.95706 21.95706 21.95706 17.0246 5.285 0.7340052 0.7340052 0.7340052 0.7340052 0.7340052 0.7340052 0.7340052 0.7340052 0.7340052 0.7340052 0.7340052 0.7340052 0.7340052 0.7340052 0.7340052 0.7340052 0.7340052
24.61249 24.61249 24.61249 24.61249 24.61249 24.61249 24.61249 24.61249 24.61249 24.61249 24.61249 28.18689 73.61013 75.06445 75.06445 75.06445 75.06445 75.06445 93.46252 121.2438 121.2438 121.2438 121.2438 97.5561 29.02739 98.28197 121.2361 120.8714 117.3792 34.04521 21.95706 21.95706 21.95706 21.95706 21.95706 21.95706 21.95706 21.95706 21.95706 21.95706 21.95706 21.95706 21.95706 21.95706 21.95706 21.95706 21.95706 21.95706 21.95706 21.95706 21.95706 21.95706 21.86476 14.53728 3.337026 0.7340052 0.7340052 0.7340052 0.7340052 0.7340052 0.7340052 0.7340052 0.7340052 0.7340052 0.7340052 0.7340052 0.7340052 0.7340052 0.7340052 0.7340052
24.61249 24.61249 24.61249 24.61249 24.61249 24.61249 24.61249 24.61249 24.61249 24.61249 24.64563 54.21759 75.06445 75.06445 75.06445 75.06445 75.06445 75.06445 93.06161 121.2438 121.2438 121.2438 121.2438 121.2438 113.818 121.2438 121.2438 121.2438 121.2438 100.7379 33.93567 21.95706 21.95707 21.95706 21.95707 21.95706 21.95707 21.95706 21.95707 21.95706 21.95707 21.95706 21.95707 21.95706 21.95707 21.95706 21.95707 21.95707 21.95706 21.95707 21.95707 21.95706 21.95707 21.95706 21.27858 12.18398 2.580129 0.7340052 0.7340052 0.7340052 0.7340052 0.7340052 0.7340052 0.7340052 0.7340052 0.7340052 0.7340052 0.7340052 0.7340052 0.7340052
24.61249 24.61249 24.61249 24.61249 24.61249 24.61249 24.61249 24.61249 24.61249 24.6644 44.1463 75.06445 75.06445 75.06445 75.06445 75.06445 75.06445 75.06445 104.5672 121.2438 121.2438 121.2438 121.2438 121.2438 121.2438 121.2438 121.2438 121.2438 121.2438 121.2438 93.95333 21.95706 21.95706 21.95706 21.95706 21.95706 21.95706 21.95706 21.95706 21.95706 21.95706 21.95706 21.95706 21.95706 21.95706 21.95706 21.95706 21.95706 21.95706 21.95707 21.95706 21.95706 21.95706 21.95706 21.95707 21.95707 21.51989 16.0575 9.166979 2.588094 0.7340052 0.7340052 0.7340052 0.7340052 0.7340052 0.7340052 0.7340052 0.7340052 0.7340052 0.7340052
26.03311 24.61249 24.61249 24.61249 24.61249 24.61249 24.61249 24.61249 24.75572 62.89944 73.81257 75.06445 75.06445 75.06445 75.06445 75.06445 75.06445 78.20659 118.6599 121.2438 121.2438 121.2438 121.2438 121.2438 121.2438 121.2438 121.2438 121.2438 121.2438 121.2438 120.1973 67.05946 23.26123 21.95706 21.95706 21.95706 21.95706 21.95706 21.95706 21.95706 21.95706 21.95706 21.95706 21.95706 21.95706 21.95706 21.95706 21.95706 21.95706 21.95706 21.95707 21.95706 21.95706 21.95706 21.95706 21.95706 21.95706 21.95706 21.95706 21.76265 17.0988 4.972258 0.7340052 0.7340052 0.7340052 0.7340052 0.7340052 0.7340052 0.7340052 0.7340052
36.74894 24.61249 24.61249 24.61249 24.61249 24.76421 36.15255 54.16103 70.72485 75.06445 75.06445 75.06445 75.06445 75.06445 75.06445 75.06445 75.06445 96.04638 121.2438 121.2438 121.2438 121.2438 121.2438 121.2438 121.2438 121.2438 121.2438 121.2438 121.2438 121.2438 121.2438 121.2438 57.70742 21.95707 21.95706 21.95707 21.95706 21.95707 21.95706 21.95707 21.95706 21.95707 21.95706 21.95707 21.95706 21.95707 21.95706 21.95707 21.95706 21.95706 21.95706 21.95707 21.95706 21.95707 21.95706 21.95706 21.95706 21.95707 21.95706 21.95706 21.95706 21.3382 12.10181 2.019071 0.7340052 0.7340052 0.7340052 0.7340052 0.7340052 3.130148
57.13734 24.61249 24.61249 26.74315 46.42779 68.01266 75.06445 75.06445 75.06445 75.06445 75.06445 75.06445 75.06445 75.06445 75.06445 76.99937 97.93587 116.2811 121.2438 121.2438 121.2438 121.2438 121.2438 121.2438 121.2438 121.2438 121.2438 121.2438 121.2438 121.2438 121.2438 121.2438 47.73925 21.95706 21.95707 21.95707 21.95707 21.95707 21.95707 21.95706 21.95707 21.95707 21.95707 21.95707 21.95707 21.95706 21.95707 21.95707 21.95707 21.95707 21.95707 21.95707 21.95707 21.95706 21.95707 21.95707 21.95707 21.95707 21.95707 21.95706 21.95707 21.95707 21.95707 19.96073 8.417991 1.320183 2.726819 8.219389 13.77682 16.9382
74.87753 44.21804 51.17725 71.34308 75.06445 75.06445 75.06445 75.06445 75.06445 75.06445 75.06445 75.06445 75.06445 75.06445 75.06445 102.6692 121.2438 121.2438 121.2438 121.2438 121.2438 121.2438 121.2438 124.8495 121.2438 121.2438 121.2438 121.2438 121.2438 121.2438 121.2438 121.2438 53.72901 21.95706 21.95706 21.95706 21.95707 21.95706 21.95706 21.95706 21.95706 21.95706 21.95707 21.95706 21.95706 21.95706 21.95706 21.95706 21.95707 21.95706 21.95706 21.95706 21.95707 21.95706 21.95706 21.95706 21.95707 21.95706 21.95706 21.95706 21.95706 21.95706 21.07462 17.53844 16.95238 15.95907 16.88718 16.95238 16.95238 16.95238
75.06445 75.06445 75.06445 75.06445 75.06445 75.06445 75.06445 75.06445 75.06445 75.06445 75.06445 75.06445 75.06445 75.06445 75.06445 84.39806 118.1012 121.2438 121.2438 121.2438 121.2438 121.2438 138.8736 157.6477 135.6471 121.2438 121.2438 121.2438 121.2438 121.2438 117.0183 77.05801 30.52225 21.95706 21.95706 21.95706 21.95706 21.95706 21.95706 21.95706 21.95706 21.95706 21.95706 21.95706 21.95706 21.95706 21.95706 21.95706 21.95706 21.95706 21.95706 21.95706 21.95706 21.95706 21.95706 21.95706 21.95706 21.95706 21.95706 21.95706 21.95706 20.57264 17.23151 16.95238 16.95238 16.95238 16.95238 16.95238 16.95238 16.95238
75.06445 75.06445 75.06445 75.06445 75.06445 75.06445 75.06445 75.06445 75.06445 75.06445 75.06445 75.06445 75.06445 75.06445 88.8707 79.58084 102.3148 121.2438 121.2438 121.2438 131.723 130.4008 156.1754 141.7623 146.4804 121.7178 121.2438 118.7491 92.20872 67.23402 36.58868 21.95706 21.95706 21.95706 21.95706 21.95706 21.95706 21.95706 21.95706 21.95706 21.95706 21.95706 21.95706 21.95706 21.95706 21.95706 21.95706 21.95706 21.95706 21.95706 21.95706 21.95706 21.95706 21.95706 21.95706 21.95706 21.95706 21.95706 21.95706 21.95706 19.95812 17.03712 16.95238 16.95238 16.95238 16.95238 16.95238 16.95238 16.95238 16.95238
75.06445 75.06445 75.06445 75.06445 75.06445 75.06445 75.06445 75.06445 75.06445 75.06445 75.06445 75.06445 75.06445 75.06445 112.7011 121.2438 125.7124 135.2353 126.4977 136.7889 145.7694 126.4432 142.976 124.11 121.2438 121.2438 121.2438 43.06402 21.95706 21.95706 21.95706 21.95706 21.95706 21.95706 21.95706 21.95706 21.95706 21.95706 21.95706 21.95706 21.95706 21.95706 21.95706 21.95706 21.95706 21.95706 21.95706 21.95706 21.95706 21.95706 21.95706 21.95706 21.95706 21.95706 21.95706 21.95706 21.95706 21.95706 21.92345 19.26467 16.95528 16.95238 16.95238 16.95238 16.95238 16.95238 16.95238 16.95238 16.95238 16.95238
75.06445 75.06445 75.06445 75.06445 75.06445 75.06445 75.06445 75.06445 75.06445 75.06445 75.06445 75.06445 75.06445 77.79324 116.7512 145.1807 155.376 158.1703 158.1952 158.1952 149.7482 126.7671 145.124 129.1845 123.8394 123.3416 110.6476 22.09066 21.95706 21.95706 21.95707 21.95706 21.95706 21.95706 21.95706 21.95706 21.95706 21.95706 21.95706 21.95706 21.95706 21.95706 21.95706 21.95706 21.95706 21.95706 21.95706 21.95706 21.95706 21.95706 21.95706 21.95707 21.95707 21.95706 21.95706 21.95706 21.95706 21.78019 18.60194 16.95238 16.95238 16.95238 16.95238 16.95238 16.95238 16.95238 16.95238 16.95238 16.95238 16.95238
75.06445 75.06445 75.06445 75.06445 75.06445 75.06445 75.06445 83.84628 2021.989 2489.694 1923.81 1075.201 92.03713 152.0171 158.1952 158.1952 158.1952 158.1952 158.1952 158.1952 158.1952 157.9801 140.1026 138.5139 147.6461 136.0999 115.4044 21.95706 21.95706 21.95706 21.95706 21.95706 21.95706 21.95706 21.95706 21.95706 21.95706 21.95706 21.95706 21.95706 21.95706 21.95706 21.95706 21.95706 21.95706 21.95706 21.95706 21.95706 21.95706 21.95706 21.95706 21.95706 21.95706 21.95706 21.95706 21.95706 21.52436 18.04885 16.95238 16.95238 16.95238 16.95238 16.95238 16.95238 16.95238 16.95238 16.95238 16.95238 16.95238 16.95238
75.06445 75.06445 75.06445 75.06445 75.06445 75.06445 75.06445 75.06445 1084.888 2941.074 3356.15 2314.963 178.0274 158.1952 158.1952 158.1952 158.1952 158.1952 158.1952 158.1952 158.1952 154.5282 134.1258 157.7955 154.7872 132.1943 131.4289 25.58236 21.95706 21.95706 21.95706 21.95706 21.95706 21.95706 21.95706 21.95706 21.95706 21.95706 21.95706 21.95706 21.95706 21.95706 21.95706 21.95706 21.95706 21.95706 21.95706 21.95706 21.95706 21.95706 21.95706 21.95706 21.95706 21.95706 21.95706 21.15599 17.60832 16.95238 16.95238 16.95238 16.95238 16.95238 16.95238 16.95238 16.95238 16.95238 16.95238 16.95238 16.95238 16.95238
75.06445 75.06445 75.06445 75.06444 75.06445 75.06444 75.06445 75.06445 75.24104 2185.329 1655.012 219.9229 158.1952 158.1952 158.1952 158.1952 158.1952 158.1952 158.1952 158.1952 158.1952 158.1952 158.1952 158.1952 158.1952 140.1343 119.4014 35.14349 21.95706 21.95706 21.95706 21.95706 21.95706 21.95706 21.95706 21.95706 21.95706 21.95706 21.95706 21.95706 21.95706 21.95706 21.95706 21.95706 21.95706 21.95706 21.95706 21.95706 21.95706 21.95707 21.95706 21.95706 21.95706 21.95706 20.67506 17.28034 16.95238 16.95238 16.95238 16.95238 16.95238 16.95238 16.95238 16.95238 16.95238 16.95238 16.95238 16.95238 16.95238 16.95238
75.06445 75.06445 75.06445 75.06445 75.06445 75.06445 101.0396 128.5694 107.884 158.4471 158.1952 158.1952 158.1952 158.1952 158.1952 158.1952 158.1952 158.1952 158.1952 158.1952 158.1952 158.1952 158.1952 158.1952 158.1952 158.1952 85.04498 22.06702 21.95706 21.95706 21.95706 21.95706 21.95706 21.95706 21.95706 21.95706 21.95706 21.95706 21.95706 21.95706 21.95706 21.95706 21.95706 21.95706 21.95706 21.95706 21.95706 21.95706 21.95706 21.95706 21.95706 21.95706 21.95706 21.18689 17.06491 16.95238 16.95238 16.95238 16.95238 16.95238 16.95238 16.95238 16.95238 16.95238 16.95238 16.95238 16.95238 16.95238 16.95238 16.95238
75.06445 75.06445 75.06445 75.06445 75.06445 75.06445 141.4402 158.1361 151.1474 158.1952 158.1952 158.1952 158.1952 158.1952 158.1952 158.1952 158.1952 158.1952 158.1952 158.1952 158.1952 158.1952 158.1952 158.1952 158.1952 158.1952 78.73654 21.95706 21.95706 21.95706 21.95706 21.95706 21.95706 21.95706 21.95706 21.95706 21.95706 21.95706 21.95706 21.95706 21.95706 21.95706 21.95706 21.95706 21.95706 21.95706 21.95706 21.95706 21.95706 21.95706 21.95706 21.95706 21.95706 20.75806 16.95238 16.95238 16.95238 16.95238 16.95238 16.95238 16.95238 16.95238 16.95238 16.95238 16.95238 16.95238 16.95238 16.95238 16.95238 16.95238
107.6724 157.1583 116.787 117.1727 109.8261 123.7803 157.8528 158.1952 158.1952 158.1952 158.1952 158.1952 158.1952 158.1952 158.1952 158.1952 158.1952 158.1952 158.1952 158.1952 158.1952 158.1952 158.1952 158.1952 158.1952 158.1952 76.58257 21.95706 21.95706 21.95706 21.95706 21.95706 21.95706 21.95706 21.95706 21.95706 21.95706 21.95706 21.95706 21.95706 21.95706 21.95706 21.95706 21.95706 21.95706 21.95706 21.95706 21.95706 21.95706 21.95706 21.95706 21.95706 21.95706 20.55437 16.95238 16.95238 16.95238 16.95238 16.95238 16.95238 16.95238 16.95238 16.95238 16.95238 16.95238 16.95238 16.95238 16.95238 16.95238 16.95238
248.1503 250.3288 158.1952 158.1952 158.1952 158.1952 158.1952 158.1952 158.1952 158.1952 158.1952 158.1952 158.1952 158.1952 158.1952 158.1952 158.1952 158.1952 158.1952 158.1952 158.1952 158.1952 158.1952 158.1952 156.904 154.1213 61.56989 21.95706 21.95706 21.95707 21.95707 21.95707 21.95707 21.95707 21.95707 21.95707 21.95706 21.95707 21.95706 21.95706 21.95706 21.95707 21.95706 21.95706 21.95706 21.95707 21.95707 21.95706 21.95706 21.95707 21.95707 21.95707 21.48188 17.74541 16.95238 16.95238 16.95238 16.95238 16.95238 16.95238 16.95238 16.95238 16.95238 16.95238 16.95238 16.95238 16.95238 16.95238 16.95238 16.95238
251.7912 251.1836 158.1952 158.1952 158.1952 158.1952 158.1952 158.1952 158.1952 158.1952 158.1952 158.1952 158.1952 158.1952 158.1952 158.1952 158.1952 158.1952 158.1653 156.6109 154.1857 147.4541 135.4061 132.3397 98.62594 34.2094 21.95706 21.95706 21.95706 21.95706 21.95706 21.95706 21.95706 21.95706 21.95706 21.95706 21.95706 21.95706 21.95706 21.95706 21.95706 21.95706 21.95706 21.95706 21.95706 21.95706 21.95706 21.95706 21.95706 21.95706 21.95706 21.48744 17.75262 16.95238 16.95238 16.95238 16.95238 16.95238 16.95238 16.95238 16.95238 16.95238 16.95238 16.95238 16.95238 16.95238 16.95238 16.95238 16.95238 16.95238
251.7912 251.7722 162.5765 158.1952 158.1952 158.1952 158.1952 158.1952 158.1952 158.1952 158.1952 158.1952 158.1952 158.1952 158.1952 152.4516 113.6138 115.763 108.1366 107.3447 107.3447 107.3447 107.3447 107.3447 92.9133 21.95706 21.95706 21.95706 21.95706 21.95706 21.95706 21.95706 21.95706 21.95706 21.95706 21.95706 21.95707 21.95706 21.95706 21.95706 21.95706 21.95706 21.95706 21.95706 21.95706 21.95706 21.95706 21.95706 21.95706 21.95706 21.49296 17.75987 16.95238 16.95238 16.95238 16.95238 16.95238 16.95238 16.95238 16.95238 16.95238 16.95238 16.95238 16.95238 16.95238 16.95238 16.95238 16.95238 16.95238 16.95238
251.7912 251.7912 184.3671 175.9237 162.3273 158.1952 158.1952 158.1952 158.1952 158.1952 158.1952 158.1952 158.1952 158.1952 158.1952 145.7721 107.3447 107.3447 107.3447 107.3447 107.3447 107.3447 107.3447 107.3447 101.048 21.95706 21.95706 21.95706 21.95706 21.95706 21.95706 21.95706 21.95706 21.95706 21.95706 21.95706 21.95707 21.95706 21.95706 21.95706 21.95706 21.95706 21.95707 21.95706 21.95706 21.95706 21.95706 21.95706 21.95706 21.49845 17.76715 16.95238 16.95238 16.95238 16.95238 16.95238 16.95238 16.95238 16.95238 16.95238 16.95238 16.95238 16.95238 16.95238 16.95238 16.95238 16.95238 16.95238 16.95238 16.95238
251.7912 251.7912 243.8711 250.2665 219.5861 158.1952 158.1952 158.1952 158.1952 158.1952 158.1952 158.1952 158.1952 158.1952 158.1952 149.1595 107.3447 107.3447 107.3447 107.3447 107.3447 107.3447 107.3447 107.3447 105.9526 26.98904 21.95706 21.95707 21.95706 21.95707 21.95706 21.95706 21.95706 21.95707 21.95707 21.95706 21.95706 21.95706 21.95706 21.95706 21.95707 21.95706 21.95706 21.95706 21.95707 21.95706 21.95706 21.95706 21.75314 17.77446 16.95238 16.95238 16.95238 16.95238 16.95238 16.95238 16.95238 16.95238 16.95238 16.95238 16.95238 16.95238 16.95238 16.95238 16.95238 16.95238 16.95238 16.95238 17.27757 18.29591
251.7912 251.7912 251.7912 251.7912 245.3657 158.1952 158.1952 158.1952 158.1952 158.1952 158.1952 158.1952 158.1952 158.1952 158.1952 149.3823 107.3447 107.3447 107.3447 107.3447 107.3447 107.3447 107.3447 107.3447 107.3447 36.83803 21.95706 21.95706 21.95706 21.95706 21.95706 21.95706 21.95706 21.95706 21.95706 21.95706 21.95707 21.95706 21.95706 21.95706 21.95706 21.95706 21.95707 21.95706 21.95706 21.95706 21.95706 21.95706 21.93805 17.66249 16.95238 16.95238 16.95238 16.95238 16.95238 16.95238 16.95238 16.95238 16.95238 16.95238 16.95238 16.95238 16.95238 16.95238 16.95238 16.95238 16.95285 20.85291 23.04321 23.17073
251.7912 251.7912 251.7912 251.7912 230.354 158.1952 158.1952 158.1952 158.1952 158.1952 158.1952 158.1952 158.1952 158.1952 158.1952 140.2417 107.3447 107.3447 107.3447 107.3447 107.3447 107.3447 107.3447 107.3447 107.3447 63.94141 21.95706 21.95706 21.95706 21.95706 21.95706 21.95706 21.95706 21.95706 21.95706 21.95706 21.95706 21.95706 21.95706 21.95706 21.95706 21.95706 21.95706 21.95706 21.95706 21.95706 21.95706 21.95706 21.95706 19.56651 16.95238 16.95238 16.95238 16.95238 16.95238 16.95238 16.95238 16.95238 16.95238 16.96879 16.95238 17.23965 17.08826 16.9941 16.95238 16.95238 18.0595 23.17073 23.17073 23.17073
251.7912 251.7912 251.7912 251.7912 225.6508 158.1952 158.1952 158.1952 158.1952 158.1952 158.1952 158.1952 158.1952 158.1952 153.7916 109.6702 107.3447 107.3447 107.3447 107.3447 107.3447 107.3447 107.3447 107.3447 107.3447 107.3197 62.07393 21.95706 21.95706 21.95706 21.95706 21.95706 21.95706 21.95706 21.95706 21.95706 21.95706 21.95706 21.95706 21.95706 21.95706 21.95706 21.95706 21.95706 21.95706 21.95706 21.95706 21.95706 23.42978 29.54918 0 0 0 0 0 0 0 0 0 0 0 0 0 0 0 0 0 0 0 0
251.7912 251.7912 251.7912 251.7912 246.8743 159.5074 158.1952 158.1952 158.1952 158.1952 158.7712 167.793 163.1478 158.1952 135.1627 107.3447 107.3447 107.3447 107.3447 107.3447 107.3447 107.3447 107.3447 107.3447 107.3447 107.3447 106.6948 37.09348 21.95707 21.95707 21.95706 21.95706 21.95707 21.95706 21.95707 21.95706 21.95706 21.95706 21.95706 21.95706 21.95706 21.95706 21.95706 21.95706 21.95706 22.32649 27.84935 0 0 0 0 0 0 0 0 0 0 0 0 0 0 0 0 0 0 0 0 0 0 0
251.7912 251.7912 269.8163 301.0464 302.8489 284.3152 244.1011 213.6041 217.4321 269.5558 303.4554 310.5645 256.1039 143.3907 110.9907 107.3447 107.3447 107.3447 107.3447 107.3447 107.3447 107.3447 107.3447 107.3447 107.3447 107.3447 107.3447 80.64045 21.95706 21.95706 21.95706 21.95706 21.95706 21.95706 21.95706 21.95706 21.95707 21.99427 35.32102 40.28421 0 0 0 0 0 0 0 0 0 0 0 0 0 0 0 0 0 0 0 0 0 0 0 0 0 0 0 0 0 0
266.7112 255.1133 303.4592 310.5645 310.5645 310.5645 310.5645 310.5645 310.5645 310.5645 310.5645 310.5645 189.2906 107.3447 107.3447 107.3447 107.3447 107.3447 107.3447 107.3447 107.3447 107.3447 107.3447 107.3447 107.3447 107.3447 107.3447 107.136 40.71995 21.95707 21.95707 21.95706 21.95707 21.95706 21.95707 22.8968 41.14305 0 0 0 0 0 0 0 0 0 0 0 0 0 0 0 0 0 0 0 0 0 0 0 0 0 0 0 0 0 0 0 0 0
