Scenarios/Heterogeneous/data/country_data_population_distribution/processed/density_grids/ner.asc
ncols 384
nrows 301
xllcorner 0
yllcorner 11
[rows 217 to 247 of 301, columns 70 to 139 of 384]
27.54619 35.97684 36.2943 36.2943 36.2943 36.2943 36.2943 36.2943 36.2943 36.2943 36.2943 36.2943 36.2943 36.2943 36.2943 30.87544 16.48461 14.70018 14.70018 14.89238 32.36867 36.2943 23.02602 14.70018 14.70018 22.24042 36.0443 23.76953 14.70018 14.70018 14.70018 14.70018 14.70018 14.70018 21.3976 39.19257 57.18378 58.96816 58.96817 47.1204 32.72819 32.72819 32.72819 32.72819 32.72819 32.72819 32.72819 32.72819 32.72819 34.04821 43.97788 83.60155 112.4317 97.31992 96.82052 123.5564 126.7075 126.7075 126.7075 126.7075 126.7075 126.7075 126.7075 126.7075 126.7075 127.3968 128.0704 127.7808 127.6064 127.4465
27.19525 33.94659 36.2943 36.2943 36.2943 36.2943 36.2943 36.2943 36.2943 36.2943 36.2943 36.2943 36.2943 36.2943 36.2943 31.24007 21.68017 17.22813 14.87254 23.92593 36.2943 36.2943 30.91504 14.70018 14.70018 33.39499 36.2943 29.35148 14.70018 14.70018 14.70018 14.70018 14.70018 14.70018 45.94773 58.96817 58.96817 58.96817 58.96817 58.1678 35.85112 32.72819 32.72819 32.72819 32.72819 32.72819 32.72819 32.72819 32.72819 32.72819 32.72819 63.27723 126.7075 126.7075 126.7075 126.7075 126.7075 126.7075 126.7075 126.7075 126.7075 126.7075 126.7075 126.7075 126.7075 126.7193 126.7513 126.7075 126.7075 129.3769
27.30159 35.9297 36.2943 36.2943 36.2943 36.2943 36.2943 36.2943 36.2943 36.2943 36.2943 36.2943 36.2943 36.2943 36.2943 36.2943 36.2943 36.2943 35.63916 35.86051 36.2943 36.2943 36.17961 17.77509 14.70018 25.56265 36.2943 35.97494 21.04428 14.74453 14.70018 14.70018 15.973 30.93434 54.27075 58.96817 58.96817 58.96817 58.96817 58.96817 45.94308 32.72819 32.72819 32.72819 32.72819 32.72819 32.72819 32.72819 32.72819 32.72819 32.72819 71.44283 126.7075 126.7075 126.7075 126.7075 126.7075 126.7075 126.7075 126.7075 126.7075 126.7075 126.7075 126.7075 126.7075 126.7075 126.7075 126.7075 126.7075 144.2986
27.54106 36.2943 36.2943 36.2943 36.2943 36.2943 36.2943 36.2943 36.2943 36.2943 36.2943 36.2943 36.2943 36.2943 36.2943 36.2943 36.2943 36.2943 36.2943 36.2943 36.2943 36.2943 36.2943 32.11457 17.99469 17.36777 36.2943 36.2943 37.67415 45.42976 44.05508 42.24953 55.25232 58.96816 58.96817 58.96816 58.96816 58.96816 58.96816 58.96816 43.42972 32.72819 32.72819 32.72819 32.72819 32.72819 32.72819 32.72819 32.72819 32.72819 32.72819 58.32217 126.7075 126.7075 126.7075 126.7075 126.7075 126.7075 126.7075 126.7075 126.7075 126.7075 126.7075 126.7075 126.7075 126.7075 126.7075 126.7075 126.7075 148.3481
29.97977 36.2943 36.2943 36.2943 36.2943 36.2943 36.2943 36.2943 36.2943 36.2943 36.2943 36.2943 36.2943 36.2943 36.2943 36.2943 36.2943 36.2943 36.2943 36.2943 36.2943 36.2943 36.2943 36.2943 36.29428 32.35483 36.2943 42.55178 56.57294 58.96817 58.96817 58.96817 58.96817 58.96817 58.96817 58.96817 58.96817 58.96817 58.96817 58.96817 39.47705 32.72819 32.72819 32.72819 32.72819 32.72819 32.72819 32.72819 32.72819 32.72819 32.98944 79.11205 126.7075 126.7075 126.7075 126.7075 126.7075 126.7075 126.7075 126.7075 126.7075 126.7075 126.7075 126.7075 126.7075 126.7075 126.7075 126.7075 126.7075 146.7705
32.99701 36.2943 36.2943 36.2943 36.2943 36.2943 36.2943 36.2943 36.2943 36.2943 36.2943 36.2943 36.2943 36.2943 36.2943 36.2943 36.2943 36.2943 36.2943 36.2943 36.2943 36.2943 36.2943 36.2943 36.2943 36.2943 38.37601 57.67319 58.96816 58.96817 58.96816 58.96817 58.96816 58.96817 58.96816 58.96817 58.96816 58.96816 58.96817 58.96816 35.52437 32.72819 32.72819 32.72819 32.72819 32.72819 32.72819 32.72819 32.72819 32.72819 66.42686 126.7075 126.7075 126.7075 126.7075 126.7075 126.7075 126.7075 126.7075 126.7075 126.7075 126.7075 126.7075 126.7075 126.7075 126.7075 126.7075 126.7075 126.7075 146.3299
35.74329 36.2943 36.2943 36.2943 36.2943 36.2943 36.2943 36.2943 36.2943 36.2943 36.2943 36.2943 36.2943 36.2943 36.2943 36.2943 36.2943 36.2943 36.2943 36.2943 36.2943 36.2943 36.2943 36.2943 36.2943 36.48956 51.82632 58.96817 58.96817 58.96817 58.96816 58.96817 58.96817 58.96817 58.96817 58.96817 58.96816 58.96817 58.96817 58.96816 35.6335 32.72819 32.72819 32.72819 32.72819 32.72819 32.72819 32.72819 32.72819 32.72819 53.44043 126.7075 126.7075 126.7075 126.7075 126.7075 126.7075 126.7075 126.7075 126.7075 126.7075 126.7075 126.7075 126.7075 126.7075 126.7075 126.7075 137.4655 165.859 184.4637
36.2943 36.2943 36.2943 36.2943 36.2943 36.2943 36.2943 36.2943 36.2943 36.2943 36.2943 36.2943 36.2943 36.2943 36.2943 36.2943 36.2943 36.2943 36.2943 36.2943 36.2943 36.2943 36.2943 36.2943 36.2943 48.89013 58.96817 58.96817 58.96817 58.96817 58.96817 58.96817 58.96817 58.96817 58.96817 58.96817 58.96817 58.96817 58.96817 58.96816 42.02549 32.72819 32.72819 32.72819 32.72819 32.72819 32.72819 32.72819 32.72819 32.72819 32.88258 89.11815 126.7075 126.7075 126.7075 126.7075 126.7075 126.7075 126.7075 126.7075 126.7075 126.7075 126.7075 126.7075 132.6888 159.4033 187.8602 205.4768 205.7133 205.3629
36.2943 36.2943 36.2943 36.2943 36.2943 36.2943 36.2943 36.2943 36.2943 36.2943 36.2943 36.2943 36.2943 36.2943 36.2943 36.2943 36.2943 36.2943 36.2943 36.2943 36.2943 36.2943 36.2943 36.2943 43.37899 58.94288 58.96817 58.96817 58.96817 58.96817 58.96817 58.96817 58.96817 58.96817 58.96817 58.96817 58.96817 58.96817 58.96817 58.96817 48.48862 32.72819 32.72819 32.72819 32.72819 32.72819 32.72819 32.72819 32.72819 32.72819 32.72819 33.16652 121.9822 126.7075 126.7075 126.7075 126.7075 126.7075 126.7075 126.7075 126.7075 127.1112 155.5583 165.549 203.9505 205.7134 205.7134 205.7134 205.7133 205.7134
36.2943 36.2943 36.2943 36.2943 36.2943 36.2943 36.2943 36.2943 36.2943 36.2943 36.2943 36.2943 36.2943 36.2943 36.2943 36.2943 36.2943 36.2943 36.2943 36.2943 36.2943 36.2943 36.2943 36.2943 48.70069 58.96816 58.96817 58.96816 58.96817 58.96816 58.96817 58.96816 58.96817 58.96816 58.96817 58.96816 58.96817 58.96817 58.96816 58.96817 56.90919 54.7429 48.13432 38.80793 32.72819 32.72819 32.72819 32.72819 32.72819 32.72819 32.72819 32.72819 116.4855 126.7075 126.7075 128.2018 127.8717 126.7075 126.7075 126.7075 126.7075 171.0384 205.7133 205.7133 205.7133 205.7133 205.7133 205.7133 205.7133 205.7133
36.2943 36.2943 36.2943 36.2943 36.2943 36.2943 36.2943 36.2943 36.2943 36.2943 36.2943 36.2943 36.2943 36.2943 36.2943 36.2943 36.2943 36.2943 36.2943 36.2943 36.2943 36.2943 36.2943 36.2943 50.26366 58.96816 58.96816 58.96816 58.96817 58.96816 58.96817 58.96816 58.96817 58.96816 58.96817 58.96817 58.96817 58.96817 58.96816 58.96817 59.10859 128.9301 136.2793 136.2482 128.2478 116.3304 109.7705 96.94729 78.49018 66.14021 57.31719 34.89731 112.5975 129.9373 132.3407 136.2209 135.6064 132.2406 127.7179 126.7075 146.2917 205.5733 205.7133 205.7133 205.7133 205.7133 205.7133 205.7133 205.7133 205.7133
36.2943 36.2943 36.2943 36.2943 36.2943 36.2943 36.2943 36.2943 36.2943 36.2943 36.2943 36.2943 36.2943 36.2943 36.2943 36.2943 36.2943 36.2943 36.2943 36.2943 36.2943 36.2943 36.2943 36.2943 51.82663 58.96817 58.96817 58.96817 58.96817 58.96817 58.96817 58.96817 58.96817 58.96817 58.96817 58.96817 58.96817 58.96817 58.96817 58.96817 58.96817 110.0281 136.2793 136.2793 136.2793 136.2793 136.2793 136.2793 136.2793 136.2793 136.2793 136.1777 136.2793 136.2793 136.2793 136.2793 136.2793 136.2793 135.158 126.8396 172.873 192.3838 182.6584 205.6808 205.7133 205.7133 205.7133 205.7133 205.7133 205.7133
36.2943 36.2943 36.2943 36.2943 36.2943 36.2943 36.2943 36.2943 36.2943 36.2943 36.2943 36.2943 36.2943 36.2943 36.2943 36.2943 36.2943 36.2943 36.2943 36.2943 36.2943 36.2943 36.2943 42.65778 57.96739 58.96816 58.96817 58.96817 58.96817 58.96816 58.96817 58.96817 58.96817 58.96817 58.96817 58.96817 58.96817 58.96817 58.96816 58.96816 58.96817 88.28924 136.2793 136.2793 136.2793 136.2793 136.2793 136.2793 136.2793 136.2793 136.2793 136.2793 136.2793 136.2793 136.2793 136.2793 136.2793 136.2793 136.2793 134.4272 141.456 139.8424 136.2793 205.1297 205.7133 205.7133 205.7133 205.7133 205.7133 205.7133
36.2943 36.2943 36.2943 36.2943 36.2943 36.2943 36.2943 36.2943 36.2943 36.2943 36.2943 36.2943 36.2943 36.2943 36.2943 36.2943 36.2943 36.2943 36.2943 36.2943 36.2943 36.2943 50.33918 70.52943 58.96816 58.96817 58.96816 58.96817 58.96816 58.96817 58.96816 58.96817 58.96816 58.96817 58.96816 58.96817 58.96817 58.96816 58.96817 58.96816 58.96816 59.74836 118.2809 136.2793 136.2793 136.2793 136.2793 136.2793 136.2793 136.2793 136.2793 136.2793 136.2793 136.2793 136.2793 136.2793 136.2793 136.2793 136.2793 136.2793 136.2793 136.2793 136.2793 202.3614 205.7133 188.8249 176.2809 205.0559 205.7133 205.7133
37.66507 36.2943 36.2943 36.2943 36.2943 36.2943 36.2943 36.2943 36.2943 36.2943 36.2943 36.2943 36.2943 36.2943 36.2943 36.2943 36.2943 36.2943 36.2943 36.2943 36.49893 56.33531 76.14105 76.29666 61.94011 58.96817 58.96817 58.96816 58.96817 58.96816 58.96817 58.96816 58.96817 58.96816 58.96817 58.96816 58.96817 58.96817 58.96816 58.96817 58.96817 58.96817 69.8521 133.7743 136.2793 136.2793 136.2793 136.2793 136.2793 136.2793 136.2793 136.2793 136.2793 136.2793 136.2793 136.2793 136.2793 136.2793 136.2793 136.2793 136.2793 136.2793 136.2793 148.9112 152.6347 157.6916 186.2296 200.0712 205.7133 205.7133
78.406 71.32696 67.09353 64.96761 45.55862 43.08369 38.39152 36.2943 36.2943 36.2943 36.2943 36.2943 36.2943 36.2943 36.2943 36.2943 36.2943 36.2943 36.2943 38.12495 63.42038 76.34199 76.34198 76.34198 65.13262 58.96817 58.96817 58.96817 58.96816 58.96817 58.96817 58.96817 58.96817 58.96817 58.96816 58.96817 58.96816 58.96817 58.96817 58.96817 58.96817 58.96817 58.96817 103.1181 136.2793 136.2793 136.2793 136.2793 136.2793 136.2793 136.2793 136.2793 136.2793 136.2793 136.2793 136.2793 136.2793 136.2793 136.2793 136.2793 136.2793 136.2793 172.5784 0 0 0 0 0 0 200.0452
79.0845 79.0845 79.0845 79.0845 79.0845 79.0845 66.82631 36.2943 36.2943 36.2943 36.2943 36.2943 36.2943 36.2943 36.2943 36.2943 36.2943 36.2943 41.37328 69.0841 76.34199 76.34199 76.34199 76.34198 63.05037 58.96816 58.96817 58.96817 58.96816 58.96817 58.96816 58.96817 58.96817 58.96817 58.96816 58.96817 58.96817 58.96816 58.96817 58.96817 58.96817 58.96816 58.96817 67.65137 136.0622 136.2793 136.2793 136.2793 136.2793 136.2793 136.2793 136.2793 136.2793 136.2793 136.2793 136.2793 136.2793 136.2793 136.2793 136.2793 136.2793 172.4818 0 0 0 0 0 0 0 0
79.0845 79.0845 79.0845 79.0845 79.0845 79.0845 78.01001 72.25008 60.53389 47.3382 65.82938 48.93607 36.5686 36.2943 36.2943 36.49641 46.25522 61.25194 74.47523 76.34198 76.34199 76.34199 76.34199 76.34198 61.66768 58.96816 58.96817 58.96816 58.96817 58.96817 58.96817 58.96816 58.96817 58.96816 58.96817 58.96816 58.96817 58.96817 58.96816 58.96817 58.96817 58.96817 58.96816 58.96817 123.4029 136.2793 136.0655 124.0151 103.5556 0 0 121.9751 136.2793 136.2793 136.2793 136.2773 134.1885 136.2219 136.2793 136.2793 155.9832 0 0 0 0 0 0 0 0 0
79.0845 79.0845 79.0845 79.0845 79.0845 79.0845 79.0845 79.0845 79.0845 78.42418 76.34198 76.34199 69.85847 51.9969 56.31003 71.104 76.34198 76.34199 76.34198 76.34199 76.34198 76.34199 76.34198 76.34199 61.50013 58.96817 58.96816 58.96817 58.96816 58.96817 58.96816 58.96817 58.96817 58.96817 58.96816 58.96817 58.96816 58.96816 58.96817 58.96816 58.96817 58.59869 55.04671 50.49077 0 0 0 0 0 0 0 0 0 0 0 0 0 0 0 0 0 0 0 0 0 0 0 0 0 0
79.0845 79.0845 79.0845 79.0845 79.0845 79.0845 79.0845 79.0845 79.0845 77.67811 76.34199 76.34199 76.34199 76.34199 76.34199 76.34199 76.34199 76.34199 76.34199 76.34199 76.34199 76.34199 76.34199 76.34199 65.10284 58.96817 58.96817 58.96817 58.96816 58.96817 58.96817 58.96817 58.96817 58.96817 58.96816 58.96817 58.96816 58.96817 58.96817 58.96817 51.7995 0 0 0 0 0 0 0 0 0 0 0 0 0 0 0 0 0 0 0 0 0 0 0 0 0 0 0 0 0
72.69294 76.23927 79.0845 79.0845 79.08451 79.0845 79.0845 79.0845 79.0845 76.93203 76.34198 76.34198 76.34198 76.34198 76.34197 76.34199 76.34198 76.34198 76.34198 76.34198 76.34198 76.34199 76.34198 76.34198 73.27444 58.96817 58.96817 58.96817 58.96817 58.96817 58.96817 58.96817 58.96817 58.96817 58.96817 58.96817 58.96817 58.96817 58.96021 48.62436 0 0 0 0 0 0 0 0 0 0 0 0 0 0 0 0 0 0 0 0 0 0 0 0 0 0 0 0 0 0
67.02671 67.47711 78.16786 79.0845 79.0845 85.04277 85.18089 82.99326 80.14471 76.37354 76.34198 76.34198 76.34198 76.34198 76.34198 76.34198 76.34198 76.34198 76.34198 76.34198 76.34198 76.34198 76.34198 76.34198 74.06803 58.96816 58.96816 58.96816 58.96817 58.96816 58.96816 58.96816 58.96816 58.96816 58.96817 58.96816 58.96816 58.75284 0 0 0 0 0 0 0 0 0 0 0 0 0 0 0 0 0 0 0 0 0 0 0 0 0 0 0 0 0 0 0 0
67.02671 67.02671 70.61874 79.07017 81.01517 107.6231 108.9181 108.9181 94.73615 76.34198 76.34198 76.34198 76.34198 76.34198 75.86095 74.29732 71.19535 72.94947 73.28933 76.06126 76.34198 76.34199 76.34198 76.05322 70.42121 58.96817 58.96817 61.9375 58.9742 58.96817 58.96817 58.96817 58.96817 58.96817 58.96817 58.96817 57.80074 0 0 0 0 0 0 0 0 0 0 0 0 0 0 0 0 0 0 0 0 0 0 0 0 0 0 0 0 0 0 0 0 0
67.02671 67.02671 74.88348 94.86467 101.0227 108.9181 108.9181 108.1351 78.58822 76.34198 76.34198 76.34198 72.92224 72.49392 70.14098 69.75356 69.75356 69.75356 69.79664 75.93169 76.34198 76.34198 74.1805 69.83932 67.09364 66.5085 63.50788 65.64662 59.30147 58.96817 58.96817 58.96817 58.96817 58.96817 58.96817 56.55534 0 0 0 0 0 0 0 0 0 0 0 0 0 0 0 0 0 0 0 0 0 0 0 0 0 0 0 0 0 0 0 0 0 0
67.02671 67.02671 85.61796 108.9181 108.9181 108.9181 108.5514 101.6609 76.34198 76.34198 76.34198 75.07585 69.76986 69.75356 69.75356 69.75356 69.75356 72.17247 74.6853 76.34198 76.34198 74.80753 69.96907 69.75356 69.75356 70.08108 75.60678 80.77486 58.96816 58.96817 58.96816 58.96817 58.96816 51.82851 50.34627 0 0 0 0 0 0 0 0 0 0 0 0 0 0 0 0 0 0 0 0 0 0 0 0 0 0 0 0 0 0 0 0 0 0 0
67.02671 67.0267 79.14777 108.9181 108.9181 108.9181 96.36949 69.96897 75.7998 76.34198 76.34198 72.46423 69.75356 69.75356 69.75356 69.75356 70.38454 76.1994 76.34198 76.34198 76.0015 70.23755 69.75356 69.75356 69.75356 69.75356 86.73554 107.3873 59.17114 59.04321 58.96817 58.96817 58.96817 0 0 0 0 0 0 0 0 0 0 0 0 0 0 0 0 0 0 0 0 0 0 0 0 0 0 0 0 0 0 0 0 0 0 0 0 0
67.02671 67.02671 71.28618 108.9181 108.9181 108.9181 95.86266 69.75356 73.78541 76.34198 76.34199 73.52554 69.75356 69.75356 69.75356 69.75356 72.38977 76.34198 76.34199 76.34198 75.0335 69.75356 69.75356 69.75356 69.75356 69.75356 76.33637 104.862 111.9943 108.6485 80.3773 58.96817 58.96817 0 0 0 0 0 0 0 0 0 0 0 0 0 0 0 0 0 0 0 0 0 0 0 0 0 0 0 0 0 0 0 0 0 0 0 0 0
67.02671 67.02671 83.84097 108.9181 108.9181 106.7466 74.68515 69.75356 70.86613 75.1514 76.15443 75.0332 70.95985 69.75356 69.75356 69.75356 74.95965 76.34199 76.30536 76.34198 73.92467 69.75356 69.75356 69.75356 69.75356 70.32113 101.9578 112.4658 112.4658 112.4658 84.59866 58.96817 58.96816 0 0 0 0 0 0 0 0 0 0 0 0 0 0 0 0 0 0 0 0 0 0 0 0 0 0 0 0 0 0 0 0 0 0 0 0 0
67.02671 67.02671 95.89991 108.9181 108.9181 99.88609 69.75356 69.75356 69.75356 69.75483 70.34318 70.09835 69.75356 69.75356 69.75356 69.75356 73.3718 70.72176 70.50208 71.31254 69.7963 69.75356 69.75356 70.47662 70.42422 100.1543 112.4658 112.4658 112.4658 112.4658 112.4643 92.31017 90.21346 0 0 0 0 0 0 0 0 0 0 0 0 0 0 0 0 0 0 0 0 0 0 0 0 0 0 0 0 0 0 0 0 0 0 0 0 0
67.93629 67.02671 103.119 108.9181 108.9181 94.90462 69.75356 69.75356 69.75356 69.75356 69.75356 69.75356 69.75356 69.75356 69.75356 69.75356 69.75356 69.75356 69.75356 69.75356 69.75356 69.75356 69.75356 88.42979 88.75804 111.1977 112.4658 112.4658 112.4658 112.4658 112.4658 112.4658 112.4658 0 0 0 0 0 0 0 0 0 0 0 0 0 0 0 0 0 0 0 0 0 0 0 0 0 0 0 0 0 0 0 0 0 0 0 0 0
106.3725 95.85422 108.8933 108.9181 108.9181 89.69096 69.75356 69.75356 69.75356 69.75356 69.75356 69.75356 69.75356 69.75356 69.75356 69.75356 69.75356 69.75356 69.75356 69.75356 69.75356 69.75356 69.75356 104.9845 112.4658 112.4658 112.4658 112.4658 112.4658 112.4658 112.4658 112.4658 112.4658 0 0 0 0 0 0 0 0 0 0 0 0 0 0 0 0 0 0 0 0 0 0 0 0 0 0 0 0 0 0 0 0 0 0 0 0 0
