Scenarios/Heterogeneous/data/country_data_population_distribution/processed/density_grids/nga.asc
ncols 304
nrows 237
xllcorner 2
yllcorner 4
[rows 0 to 30 of 237, columns 207 to 275 of 304]
0 0 0 0 0 0 0 0 0 0 0 0 0 0 0 0 0 0 0 0 0 0 0 0 0 0 0 0 0 0 0 0 0 0 0 0 0 0 0 0 0 0 0 0 0 0 0 0 0 0 0 0 0 0 0 0 0 0 0 0 0 0 0 0 0 0 0 0 0
0 0 0 0 0 0 0 0 0 0 0 0 0 0 0 0 0 0 0 0 0 0 0 0 0 0 0 0 0 0 0 0 0 0 0 0 0 0 0 0 0 0 0 0 0 0 0 0 0 0 0 0 0 0 0 0 0 0 0 0 0 0 0 0 0 0 0 0 0
0 0 0 0 0 0 0 0 0 0 0 0 0 0 0 0 0 0 0 0 0 0 0 0 0 0 0 0 0 0 0 0 0 0 0 0 0 0 0 0 0 0 0 0 0 0 0 0 0 0 0 0 0 0 0 0 0 0 0 0 0 0 0 0 0 0 0 0 0
0 0 0 0 0 0 0 0 0 0 0 0 0 0 0 0 0 0 0 0 0 0 0 0 0 0 0 0 0 0 0 0 0 0 0 0 0 0 0 0 0 0 0 0 0 0 0 0 0 0 0 0 0 0 0 0 0 0 0 0 0 0 0 0 0 0 0 0 0
0 0 0 0 0 0 0 0 0 0 0 0 0 0 0 0 0 0 0 0 0 0 0 0 0 0 0 0 0 0 0 0 0 0 0 0 0 0 0 0 0 0 0 0 0 0 0 0 0 0 0 0 0 0 0 0 0 0 0 0 0 0 0 0 0 0 0 0 0
0 0 0 0 0 0 0 0 0 0 0 0 0 0 0 0 0 0 0 0 0 0 0 0 0 0 0 0 0 0 0 0 0 0 0 0 0 0 0 0 0 0 0 0 0 0 0 0 0 0 0 0 0 0 0 0 0 0 0 0 0 0 0 0 0 0 0 0 40.69819
0 0 0 0 0 0 0 0 0 0 0 0 0 0 0 0 0 0 0 0 0 0 0 0 0 0 0 0 0 0 0 0 0 0 0 0 0 0 0 0 0 0 0 0 0 0 0 0 0 0 0 0 0 0 0 0 0 0 0 0 0 0 0 0 0 0 0 44.80609 39.52963
0 0 0 0 0 0 0 0 0 0 0 0 0 0 0 0 0 0 0 0 0 0 0 0 0 0 0 0 0 0 0 0 0 0 0 0 0 0 0 0 0 0 0 0 0 0 0 0 0 0 0 0 0 0 0 0 0 0 0 0 0 0 0 0 0 0 0 39.75552 39.52963
0 0 0 0 0 0 0 0 0 0 0 0 0 0 0 0 0 0 0 0 0 0 0 0 0 0 0 0 0 0 0 0 0 0 0 0 0 0 0 0 0 0 0 0 0 0 0 0 0 0 0 0 0 0 0 0 0 0 0 0 0 54.40069 45.16218 52.21601 50.32039 52.25084 39.88343 39.52963 39.52963
0 0 0 0 0 0 0 0 0 0 0 0 0 0 0 0 0 0 0 0 0 0 0 0 0 0 0 0 0 0 0 0 0 0 0 0 0 0 0 0 0 0 0 0 0 0 0 0 0 0 0 0 0 0 0 0 0 0 36.64698 38.31326 39.58879 39.52963 39.52962 39.52962 39.52962 39.52963 39.52962 39.52963 39.52962
0 0 0 0 0 0 0 0 0 0 0 0 0 0 0 0 0 0 0 0 0 0 0 0 0 0 0 0 0 0 0 0 0 0 0 0 0 0 0 0 0 0 0 0 0 0 0 0 0 0 0 0 0 0 0 0 0 36.87894 39.52963 39.52962 39.52963 39.52962 39.52963 39.52963 39.52963 39.52962 39.52963 39.52962 39.52963
0 0 0 0 0 0 0 0 0 0 0 0 0 0 0 0 0 0 0 0 0 0 0 0 0 0 0 0 0 0 0 0 0 0 0 0 0 0 0 0 0 0 0 0 0 0 0 0 0 0 0 0 0 0 0 0 0 42.52842 39.52963 39.52962 39.52963 39.52963 39.52963 39.52963 39.52963 39.52963 39.52963 39.52963 39.52963
0 0 0 0 0 31.07842 32.0942 33.24374 34.6927 35.89561 36.92979 38.35841 39.90546 40.28572 40.73782 41.05698 41.27753 41.25429 42.33541 50.94337 50.51308 49.87589 48.21916 44.1687 39.66863 0 0 0 0 0 0 0 0 0 0 0 0 0 0 0 0 0 0 0 0 0 0 0 0 0 0 0 0 0 0 0 56.70614 56.40429 44.10959 39.52963 39.52962 39.52963 39.52962 39.52962 39.52962 39.52962 39.52962 39.52962 39.52962
0 0 35.09791 40.81596 41.27841 41.27841 41.27842 41.27841 41.27841 41.27841 41.27841 41.27841 41.27841 41.27841 41.27841 41.27842 41.27841 41.27842 43.14547 51.93624 51.94059 51.94059 51.94059 51.94059 51.94059 51.94059 51.5077 42.17718 0 0 0 0 0 0 0 0 0 0 0 0 0 0 0 0 0 0 0 0 0 0 0 0 0 0 47.99225 57.06691 57.06691 57.06692 56.76366 47.70076 40.04971 39.52963 39.52962 39.52963 39.52963 39.52963 39.52963 39.52963 39.52963
39.42896 41.27842 41.27842 41.27842 41.27842 41.27842 41.27842 41.27842 41.27842 41.27842 41.27842 41.27842 41.27842 41.27842 41.27842 41.27842 41.27842 41.27842 41.27842 50.06664 51.94059 51.94059 51.94059 51.94059 51.94059 51.94059 51.94059 51.94059 51.94059 50.11284 43.66972 37.83531 0 0 0 0 0 0 0 0 0 0 0 0 0 0 0 0 0 0 0 45.26865 52.3041 52.52656 57.06692 57.06692 57.06692 57.06692 57.06692 57.06692 53.70436 42.77665 39.52963 39.52963 39.52963 39.52963 39.52963 39.52963 39.52963
41.27841 41.27842 41.27841 41.27842 41.27841 41.27842 41.27841 41.27842 41.27841 41.27842 41.27841 41.27842 41.27841 41.27841 41.27841 41.27841 41.27841 41.27842 41.27841 45.57471 51.94059 51.94059 51.94059 51.94059 51.94059 51.94059 51.94059 51.94059 51.94059 51.94059 51.94059 51.94059 51.94059 51.93808 44.94986 0 0 0 0 0 0 0 0 0 0 0 0 0 0 0 0 57.06691 57.06692 57.06691 57.06692 57.06691 57.06692 57.06691 57.06692 57.06691 57.06692 56.15399 43.63243 39.52963 39.52963 39.52963 39.52963 39.52963 39.52963
41.27841 41.27842 41.27841 41.27842 41.27842 41.27842 41.27842 41.27842 41.27842 41.27842 41.27841 41.27841 41.27841 41.27842 41.27842 41.27842 41.27841 41.27842 41.27842 44.7388 51.94059 51.94059 51.94059 51.94059 51.94059 51.94059 51.94059 51.94059 51.94059 51.94059 51.94059 51.94059 51.94059 51.94059 51.94059 51.23286 0 0 0 0 0 0 0 0 0 0 0 0 0 0 49.98145 57.06691 57.06692 57.06691 57.06692 57.06691 57.06692 57.06691 57.06692 57.06691 57.06691 57.06691 55.40532 40.51947 39.52963 39.52962 39.52962 39.52962 39.52963
41.27841 41.27841 41.27841 41.27841 41.27841 41.27842 41.27841 41.27841 41.27841 41.27841 41.27841 41.27842 41.27841 41.27841 41.27841 41.27841 41.27841 41.27841 41.27841 41.61101 49.94388 51.94059 51.94059 51.94059 51.94059 51.94059 51.94059 51.94059 51.94059 51.94059 51.94059 51.94059 51.94059 51.94059 51.94059 51.94059 51.94059 38.94077 0 0 0 0 0 0 0 0 0 0 0 0 53.55854 57.06692 57.06692 57.06692 57.06692 57.06692 57.06692 57.06692 57.06692 57.06691 57.06692 57.06691 57.06692 54.55798 42.90282 39.52963 39.52963 39.52962 39.60939
41.27842 41.27842 41.27842 41.27842 41.27841 43.35964 59.41491 77.23283 79.40727 45.12086 41.27842 41.27842 41.27842 41.27842 41.27842 41.27842 41.27842 41.27842 41.27842 41.27842 42.39819 49.67097 51.94059 51.94059 51.94059 51.94059 51.94059 51.94059 51.94059 51.94059 51.94059 51.94059 51.94059 51.94059 51.94059 51.94059 51.94059 51.94059 46.77338 0 0 44.81525 43.35513 0 0 0 0 0 0 57.06691 57.06692 57.06691 57.06691 57.06691 57.06691 57.06691 57.06692 57.06691 57.06691 57.18661 58.29293 59.08169 58.6892 57.45366 55.03775 39.65594 39.52963 43.186 58.25118
53.64701 41.27842 41.27842 41.27842 64.53985 134.3204 145.3516 145.3516 145.3516 120.7393 41.27842 41.27842 41.27841 41.27841 41.27842 41.27842 41.27842 41.27841 41.27841 41.27842 41.27842 41.74483 49.64885 51.94059 51.94059 51.94059 51.94059 51.94058 51.94059 51.94059 51.94059 51.94059 51.94059 51.94059 51.94059 51.94059 51.94059 51.94059 51.94059 51.94059 51.94059 51.94059 51.94059 51.4117 51.93181 49.99164 51.91873 50.00333 50.76432 57.06692 57.06692 57.06692 57.06692 57.06692 57.06692 57.06691 57.06692 57.06691 57.76204 64.31937 65.88161 65.88161 65.88161 65.77538 64.53062 60.93316 60.46554 65.34367 65.88161
204.5545 54.01705 41.27841 41.27842 70.79781 91.55541 144.6557 145.3516 145.3516 100.2494 41.27841 41.27841 41.27841 41.27842 41.27841 41.27842 41.27841 41.27841 41.27842 41.27841 41.27841 41.27841 45.15314 51.94059 51.94059 51.94059 51.94059 51.94059 51.94059 51.94059 51.94059 51.94059 51.94059 51.94059 51.94059 51.94059 51.94059 51.94059 51.94059 51.94059 51.94059 51.94059 51.94059 51.94059 51.94059 51.94059 55.79028 57.06691 57.06692 57.06692 57.06692 57.06691 57.06692 57.06691 57.06692 57.06691 57.06691 57.06691 73.5118 65.94661 65.88162 65.88162 65.88162 65.88162 65.88162 65.88161 65.88162 65.88161 65.88162
250.3087 164.3818 127.5683 127.1082 128.011 136.9121 145.3516 145.3516 145.3516 110.5805 69.41187 75.80032 69.25583 41.78366 41.27841 41.27842 41.27841 41.27841 41.27842 41.27842 41.27892 42.00971 46.73926 49.24586 50.25242 50.765 49.09554 48.80664 50.7602 51.94059 51.94059 51.94059 51.94059 51.94059 51.94059 51.94059 51.94059 51.94059 51.94059 51.94059 51.94059 51.94059 51.94059 51.94059 53.34151 55.92628 56.95867 57.06691 57.06691 57.06691 57.06692 57.06691 57.06691 57.06691 57.06691 57.06691 57.06692 68.80025 95.71969 78.25877 65.88161 65.88161 65.88161 65.88161 65.88161 65.88161 65.88161 65.88161 65.88161
203.1108 145.3516 145.3516 145.3516 145.3516 145.3516 145.3516 145.3516 145.3516 145.3516 145.3516 145.3516 145.3516 118.2616 41.27841 41.75005 42.88807 43.14806 43.40065 43.7806 44.63402 45.16498 45.16498 45.16498 45.16498 45.16498 45.16498 45.16498 45.22314 48.23517 51.92313 51.94059 51.94059 51.94059 52.85101 55.37037 53.73621 51.95974 51.94059 51.94059 51.94661 52.47475 54.18407 56.35592 57.88206 57.75507 57.06691 57.06691 57.06691 57.06691 57.06691 57.06691 57.06691 57.06691 57.06691 57.06691 65.39474 94.95757 95.91262 95.04859 70.27782 65.88161 65.88161 65.88161 65.88161 65.88161 65.88161 65.88161 65.88161
244.743 159.7468 145.3516 145.3516 145.3516 145.3516 145.3516 145.3516 145.3516 145.3516 145.3516 145.3516 145.3516 145.3366 46.09499 45.03743 45.16498 45.16498 45.16498 45.16498 45.16498 45.16498 45.16498 45.16498 45.16498 45.16498 45.16498 45.16498 45.16498 45.16497 50.30703 51.94059 51.94059 51.94059 54.79758 57.89375 57.89375 57.08797 56.27089 56.49715 57.40622 57.89375 57.89375 57.89375 57.89376 57.64831 57.06691 57.06692 57.06691 57.06692 57.06692 57.06691 57.06691 57.06692 57.06691 62.8797 91.56696 95.91264 95.91262 95.91262 79.0109 65.88161 65.88161 65.88161 65.88161 65.88161 65.88161 65.88161 65.88161
256.992 245.0783 162.3631 145.3516 145.5658 163.383 171.4239 193.9804 208.9913 212.8405 213.1657 201.0833 198.9427 216.2656 76.53091 45.16498 45.16498 45.16498 45.16498 45.16498 45.16498 45.16498 45.16498 45.16498 45.16498 45.16497 45.16498 45.16498 45.16498 45.17807 51.18489 52.77995 54.31215 56.25173 57.64273 57.89375 57.89375 57.89375 57.89375 57.89375 57.89375 57.89375 57.89375 57.89375 57.89375 57.78732 57.06889 57.06691 57.06692 57.06691 57.06691 57.06691 57.06691 57.06691 64.23236 92.69215 95.91262 95.91262 95.91262 95.91262 79.77786 65.88161 65.64954 63.77173 63.48116 64.63077 65.88161 65.88161 65.88162
242.978 198.1792 168.9777 218.9391 259.6499 273.753 273.753 273.753 273.753 258.1216 202.0169 167.7491 185.5328 148.5107 51.29765 45.16498 45.16498 45.16498 45.16498 45.16498 45.16498 45.16498 45.16498 45.16498 45.16498 45.16498 45.16498 45.16498 45.16498 45.18223 51.99377 57.8923 57.89376 57.89376 57.89376 57.89376 57.89376 57.89376 57.89376 57.89376 57.89376 57.89376 57.89376 57.89376 57.89375 57.89376 57.34937 57.06692 57.06692 57.06692 57.06691 57.06692 57.06692 58.66185 89.78873 95.91263 95.91262 95.91263 95.91264 95.91263 89.76569 76.05575 65.08517 62.85192 62.85192 63.19979 65.88162 65.88161 65.88162
156.6569 154.7719 247.4394 273.753 273.753 273.753 273.2562 218.6452 147.5773 99.03154 95.14771 95.14771 95.14771 76.16855 45.16498 45.16497 45.16498 45.16497 45.16497 45.16497 45.16498 45.16497 45.16498 45.16497 45.16497 45.16497 45.16498 45.16497 45.16497 45.16498 46.68435 57.68747 57.89375 57.89375 57.89375 57.89375 57.89375 57.89375 57.89375 57.89375 57.89375 57.89375 57.89375 57.89375 57.89375 57.89375 57.87325 57.40496 57.06691 57.06692 57.06691 57.06692 68.13748 89.89173 95.91262 95.91263 95.91262 95.91263 95.91262 95.91263 95.91262 95.91262 71.47355 62.85192 62.85192 62.91771 64.04883 65.74349 65.88161
155.9365 155.9365 206.301 273.753 246.4698 176.2132 119.5841 95.14771 95.14771 95.14771 95.14771 95.14771 95.55068 220.3839 84.91423 45.16498 45.16498 45.16498 45.16498 45.16498 45.16498 45.16498 45.16498 45.16498 45.16498 45.16498 45.16498 45.16498 45.16498 45.16498 45.16498 55.25692 57.89375 57.89375 57.89375 57.89375 57.89375 57.89375 57.89375 57.89375 57.89375 57.89375 57.89375 57.89375 57.89375 57.89375 57.89375 57.89364 57.45589 57.06691 63.37078 82.99012 95.83781 95.91262 95.91262 95.91262 95.91262 95.91262 95.91262 95.91262 95.91262 95.91262 68.26221 62.85192 62.85192 62.85192 62.85192 64.92799 65.88161
155.9365 155.9365 176.7249 228.7672 104.2606 95.14771 95.14771 95.14771 95.14771 95.14771 95.14771 95.14771 121.7491 273.753 262.0448 142.5128 45.30789 45.16498 45.16498 45.16498 45.16498 45.16498 45.16498 45.16498 45.16498 45.16498 45.16498 45.16498 45.16498 45.16498 45.16498 51.59833 57.89375 57.89375 57.89375 57.89375 57.89375 57.89375 57.89375 57.89375 57.89375 57.89375 57.89375 57.89375 57.89375 57.89375 57.89375 57.89375 61.25375 81.68575 95.09695 95.91263 95.91263 95.91262 95.91263 95.91262 95.91263 95.91263 95.91263 95.91262 95.91263 93.13297 62.95381 62.85192 62.85192 62.85192 62.85192 63.62447 65.87187
155.9365 155.9365 155.9637 97.27 95.14771 95.14771 95.14771 95.14771 95.14771 95.14771 95.14771 95.14771 124.8214 273.7328 273.753 273.753 155.8599 45.16498 45.16498 45.16498 45.16498 45.16498 45.16497 45.16498 45.16498 45.16498 45.16497 45.16498 45.16497 45.16497 45.16498 49.94603 57.89375 57.89375 57.89375 57.89375 57.89375 57.89375 57.89375 57.89375 57.89375 57.89375 57.89375 57.89375 57.89375 57.89375 57.89375 57.89375 78.40926 95.91262 95.91263 95.91263 95.91263 95.91262 95.91263 95.91262 95.91263 95.91262 95.91263 95.91262 95.91263 83.21256 62.85192 62.85192 62.85192 62.85192 62.85192 62.85192 64.12784
155.9365 155.9365 155.9365 99.57502 95.14771 95.14771 95.14771 95.14771 95.14771 95.14771 95.14771 95.14771 95.14771 203.1132 273.753 273.753 262.4448 49.71042 45.16498 45.16498 45.16498 45.16498 45.16498 45.16498 45.16498 45.16498 45.16498 45.16498 45.16498 45.16498 45.16498 49.03928 57.89375 57.89375 57.89375 57.89375 57.89375 57.89375 57.89375 57.89375 57.89375 57.89375 57.89375 57.89375 57.89375 57.89375 57.89375 61.65241 93.54032 95.91263 95.91263 95.91263 95.91263 95.91263 95.91262 95.91263 95.91263 95.91263 95.91263 95.91263 95.91263 71.26224 62.85192 62.85192 62.85192 62.85192 62.85192 62.85192 62.85192
