Scenarios/Heterogeneous/data/country_data_population_distribution/processed/density_grids/nga.asc
ncols 304
nrows 237
xllcorner 2
yllcorner 4
[rows 186 to 216 of 237, columns 69 to 137 of 304]
299.7694 299.7694 299.7693 299.7694 299.7694 304.3426 329.1159 330.4082 330.4083 237.8869 110.4619 80.1519 72.64431 94.98655 95.14144 95.14144 95.14144 1238.649 1861.555 738.7606 640.0654 640.0655 640.0654 604.0947 193.7822 115.0056 115.0056 115.0056 115.0056 115.0056 115.0056 115.0056 115.0056 183.6221 466.3519 472.4954 524.852 526.8102 503.9713 313.9625 251.3453 251.3453 251.3453 251.3453 251.3453 252.1813 474.7961 761.3637 2267.848 7891.229 6820.44 6844.425 7096.033 5901.632 3957.317 3486.286 1546.617 707.7151 687.671 687.6711 591.7041 506.4875 506.4875 534.2008 641.1897 641.1897 641.1897 662.3674 681.9086
0 0 299.7694 299.7694 299.7694 299.7694 311.7831 330.4082 328.9031 157.3441 130.401 129.3815 92.06004 94.69063 95.14144 95.14143 100.351 597.7205 640.4113 640.0654 640.0654 640.0511 633.7437 613.9125 143.6938 115.0056 115.0056 115.0056 115.0056 115.0056 115.0056 115.0056 115.0056 115.0056 252.9218 461.1057 472.3162 472.3162 454.3811 251.3453 251.3453 251.3453 251.3453 251.3453 406.8438 701.4448 751.6984 839.0182 3524.352 5327.857 3214.922 3336.294 2897.749 2709.784 3878.805 3268.67 760.8875 687.671 687.671 687.671 657.5491 515.1664 531.4766 533.4072 641.1896 641.1896 643.2555 681.7852 681.9086
0 0 0 299.7694 299.7694 299.7694 299.7737 319.263 273.4764 130.401 130.401 130.401 113.4287 95.14143 100.3218 112.8677 175.7723 363.1812 517.1484 640.0654 593.2611 588.1563 577.1147 604.7786 296.6256 115.0056 115.0056 115.0056 115.0056 115.0056 115.0056 115.0056 115.0056 115.0056 115.0056 188.1265 369.4629 409.1328 376.2413 251.7662 255.1667 251.3453 251.3453 251.3453 403.2176 836.8366 774.2841 823.5234 846.0524 1317.137 2226.714 2329.982 3387.317 2926.302 3761.908 3228.14 2566.918 740.6555 849.0096 1029.215 1045.711 1040.875 1095.813 732.5764 600.0125 585.3152 591.0976 667.1578 681.9086
0 0 0 0 299.7693 299.7694 299.7694 301.7731 189.0623 130.401 130.401 130.401 108.4463 95.14144 100.0736 130.3996 130.401 130.401 145.2085 303.4059 450.7886 576.569 576.569 576.569 566.168 374.2231 139.1346 115.0056 115.0056 115.0056 115.0056 115.0056 115.0056 115.0056 115.0056 115.0056 226.7319 267.0204 266.9158 263.6065 264.4809 259.7887 195.6633 128.5386 186.1167 249.4044 103.0201 109.6184 754.2428 919.0206 2011.745 2603.659 3179.082 2130.212 3134.648 3298.094 3298.094 2012.75 1084.759 1154.831 1154.831 1051.021 604.3489 529.5963 529.5963 529.5963 529.5963 561.5501 646.7794
0 0 0 0 299.7694 299.7694 299.7694 278.4241 132.3598 130.401 130.401 130.401 114.2576 97.43157 117.5933 130.401 130.401 130.401 133.0189 341.8918 572.3705 582.2909 587.1095 576.569 576.5689 576.569 434.0637 115.5965 115.0056 115.0056 115.0056 115.0056 115.0056 115.0056 115.0056 132.6639 411.1943 402.512 280.2491 267.0047 267.0047 263.8753 115.7822 98.5777 98.5777 98.5777 98.5777 172.0617 837.8348 857.1617 1847.602 2804.309 2135.906 2006.643 2105.985 2650.729 3017.906 3133.536 1406.845 1154.831 1112.203 643.9883 529.5963 529.5963 529.5963 529.5963 529.5963 545.8087 615.3358
0 0 0 0 0 299.7693 299.7693 210.9503 130.401 130.401 130.401 130.401 124.0031 123.6339 130.401 130.401 130.401 130.401 130.401 328.5489 592.9157 614.863 617.0045 597.5242 577.0845 576.569 576.569 440.7695 177.9771 115.0056 115.0056 115.0056 115.0056 115.0056 124.5192 351.9147 438.7176 438.7176 396.4684 268.791 267.0047 224.6702 104.3755 98.5777 98.57771 98.5777 98.57771 471.4467 857.1617 879.1412 1804.522 2001.14 1989.653 1905.014 1526.047 1372.776 1373.475 1285.537 1256.952 1258.377 1125.12 706.2283 605.0062 535.6678 529.5963 529.5963 529.5963 550.3356 615.3358
0 0 0 0 0 0 299.7693 145.4787 130.401 130.401 130.401 130.401 130.401 130.401 130.401 130.401 130.401 130.401 130.401 133.0031 573.3152 618.6193 618.6194 618.6174 595.1792 581.2529 576.569 576.569 345.8499 115.0056 115.0056 115.0056 115.0056 178.8306 394.3345 438.7176 438.7176 438.7176 438.7176 336.593 267.0047 267.0047 150.6003 98.57771 98.57771 98.57771 105.9243 833.9101 857.1616 1258.632 1976.341 1984.268 1974.869 1644.692 1342.313 1387.621 1672.091 1297.056 1412.36 1298.412 1203.506 795.3613 759.8995 750.0141 553.1306 515.2482 516.0972 545.1964 615.3358
0 0 0 0 0 0 0 130.401 130.401 130.401 130.401 130.401 130.401 130.401 130.401 128.5822 125.0155 124.8273 128.8972 170.6573 399.9443 618.6194 618.6194 618.6193 618.6194 561.5082 576.074 559.1188 146.8035 115.0056 115.0056 115.0056 153.0076 675.1911 444.7424 438.7176 438.7176 438.7176 438.7176 371.4792 267.0047 222.3429 99.48792 98.5777 98.5777 98.57771 222.3531 857.1202 857.1617 1321.444 1974.869 1974.869 1974.146 1694.476 1308.203 1493.32 1662.216 2114.476 2851.208 2001.708 1685.668 1019.655 759.8994 759.8994 613.7911 505.1116 505.1116 494.4699 494.7063
0 0 0 0 0 0 0 130.401 130.401 130.401 130.401 130.401 130.401 130.401 130.399 123.4769 123.4466 123.4466 125.3582 470.8815 675.3071 711.3259 618.6194 618.6194 583.2843 451.6763 498.744 476.9447 238.4325 115.0056 133.284 264.0732 688.2439 794.3882 556.4124 391.1909 351.3013 361.406 315.5799 268.8936 267.0047 175.1121 98.57771 98.57771 98.57771 98.57771 479.7805 857.1617 820.6509 692.1444 1254.026 1896.952 1952.835 1655.516 1240.4 1691.66 1681.316 1924.792 2902.896 2610.463 1771.106 1571.97 868.7028 759.8995 619.0472 505.1116 505.1116 491.3269 468.0157
0 0 0 0 0 0 0 0 130.401 130.401 130.401 130.401 130.3975 129.98 129.7041 123.6621 123.4466 123.4466 130.2627 769.2156 914.4946 803.123 621.0137 596.3395 485.838 450.4373 450.4373 590.935 687.1708 684.2646 771.7275 634.6341 621.7568 656.9243 600.8266 286.7353 267.0047 267.0047 267.0047 267.0047 267.0047 205.7996 100.8691 98.57771 98.57771 181.2682 832.0211 852.0828 547.5779 455.7758 455.7758 919.3592 1922.946 1713.463 1811.409 2521.793 3116.182 3167.847 3263.704 2621.131 1717.834 1601.782 1278.3 826.153 656.751 505.1116 505.1116 504.1329 469.1042
0 0 0 0 0 0 0 0 0 130.401 130.0444 128.851 127.4804 123.6864 124.3531 123.4466 123.4466 123.4466 123.4466 606.2837 914.4946 914.4947 757.1618 456.5819 450.4373 450.4373 450.4373 635.7651 794.0372 794.3883 794.3882 743.271 598.8635 598.8635 598.8635 287.1296 267.0047 267.0047 267.0047 267.0047 267.0047 237.768 108.3567 98.57771 98.57771 210.089 696.2618 537.1517 455.7758 455.7758 455.7758 541.4418 1469.059 1286.993 1227.785 2657.507 6302.577 3835.394 3114.836 1875.529 1650.642 1590.158 1327.342 1516.609 790.3828 505.1116 505.0301 500.1268 471.5653
0 0 0 0 0 0 0 0 0 124.0122 123.5449 123.4466 123.4466 123.4466 123.4466 123.4466 123.4466 123.4466 271.5766 841.9735 914.4947 914.4946 885.0222 574.2487 450.4373 450.4373 450.4373 450.4373 576.2186 794.3882 794.3882 793.9398 640.6776 598.8635 598.8635 390.5409 267.0047 270.0325 272.4611 191.7199 114.9584 105.6296 98.5777 98.57771 98.5777 101.5878 592.1307 455.7758 455.7758 455.7758 455.7758 455.7758 552.1572 1074.627 1370.719 2201.542 4375.368 2619.321 1665.057 1650.642 1593.808 1369.622 1327.342 2019.607 1994.247 1314.373 512.1505 468.0157 468.0156
0 0 0 0 0 0 0 0 0 0 123.4466 123.4466 123.4466 123.4466 123.4466 123.4466 123.4466 123.4466 220.0533 893.9096 914.4947 914.4946 876.6918 499.7006 1434.629 2576.172 925.1303 526.2131 561.8717 785.616 794.3882 744.6358 612.9482 594.7093 562.4499 506.5557 426.4566 448.5735 454.3046 201.5818 98.57772 98.57771 98.57771 98.57771 98.57771 368.7504 470.8763 258.3189 287.7095 306.1405 345.0624 442.2987 455.7758 462.3644 1754.123 1894.571 1894.571 1822.022 1369.361 1463.255 1565.572 1729.033 2065.695 2505.624 2127.174 1416.54 941.4171 468.0157 468.0157
0 0 0 0 0 0 0 0 0 0 123.4466 123.4466 123.4466 123.4466 123.4466 123.4466 123.4466 123.4466 123.4466 524.8165 914.4947 914.4946 914.4946 980.2803 2109.281 2894.322 2829.354 1002.997 581.4368 638.6432 660.2378 599.0253 598.8635 557.9066 454.3046 454.7082 454.3046 454.9616 456.0346 363.7184 98.57771 98.57771 98.57771 98.5777 190.6699 617.8644 382.9997 242.8788 242.8788 242.8788 242.8788 298.3298 454.4042 575.1385 1702.687 1871.999 1894.571 1534.86 1274.89 1274.891 1862.018 2564.209 2469.329 2371.208 2087.335 1416.54 1368.447 864.7808 510.6766
0 0 0 0 0 0 0 0 0 0 123.4466 123.4466 123.4466 123.4466 123.4466 123.4466 123.4466 123.4466 123.4466 158.9693 532.4155 761.8885 914.4946 914.4946 914.4946 1869.87 1658.908 700.2158 468.1745 583.2791 594.5873 598.8635 576.6683 473.9186 454.3214 502.6942 481.5898 508.3443 517.0965 453.298 123.329 98.57771 98.57771 98.57771 496.5681 637.6582 301.6906 242.8788 242.8788 242.8788 242.8788 242.8788 347.3471 508.7882 511.1205 1631.059 1525.821 1302.939 1276.279 1274.891 2051.065 2540.394 2534.759 2455.672 1998.369 1469.365 1416.54 1416.54 957.1242
0 0 0 0 0 0 0 0 0 0 0 123.4466 124.0348 129.8327 128.0691 123.4466 123.4466 123.4466 123.4466 123.4466 123.4466 125.0173 425.4371 725.0835 396.2613 1395.186 1633.359 1514.878 530.5864 426.4381 525.819 598.8635 500.8644 454.3046 487.4537 534.3874 534.3873 530.2576 516.2137 457.9587 195.2459 99.76039 98.57771 98.57771 489.2697 635.6711 428.5929 467.0063 410.9137 242.8788 242.8788 242.8788 395.8557 511.1205 511.1205 4459.035 3464.775 1355.846 1343.011 1578.029 1809.154 1907.582 2494.295 2569.788 1628.875 1536.484 1473.593 1334.946 844.1974
0 0 0 0 0 0 0 0 0 0 0 0 175.4973 185.1896 182.6035 151.0384 124.641 123.4466 123.4466 123.4466 123.4466 123.4466 123.4466 123.4466 124.546 402.7022 1498.155 1529.877 548.8928 424.7409 509.4379 598.8635 516.7158 470.4395 529.3787 534.3874 530.59 464.1123 528.8827 339.667 287.5574 342.1449 99.79716 195.7771 598.618 637.6582 637.6582 637.6582 586.0206 242.8788 242.8788 242.8788 302.2708 472.6646 511.1205 1333.956 1198.059 1355.846 1355.846 1091.747 1352.201 1998.747 2603.74 1694.129 1332.115 1429.204 1516.275 1102.207 850.4048
0 0 0 0 0 0 0 0 0 0 0 0 0 0 185.1896 185.1896 177.602 157.9925 136.1605 165.7065 134.348 129.8961 140.6226 197.8673 389.8181 424.7408 613.48 506.2817 412.6509 413.1018 461.0174 590.663 593.3815 530.1498 534.3873 534.3873 534.3873 530.8014 431.2702 98.57771 98.57771 98.57771 159.1761 573.6863 679.9733 644.3113 637.6582 637.6582 545.7172 242.8788 242.8788 242.8788 242.8788 312.4166 487.9611 536.0502 1225.459 949.4955 849.3343 402.4354 1239.114 1779.052 1707.415 891.9896 891.9896 891.9896 939.2999 871.0187 850.4048
0 0 0 0 0 0 0 0 0 0 0 0 0 0 185.1896 185.1895 185.1896 185.1896 185.1895 185.1895 185.1896 185.1896 185.1896 185.1895 365.9751 370.3772 315.2219 268.9097 249.0585 384.3581 424.7409 535.2001 598.8635 544.9794 534.3874 534.3874 534.3874 534.3874 399.7535 98.57771 98.57771 98.57771 100.3999 339.8735 730.5837 713.8705 637.6582 637.6582 436.1853 242.8788 242.8788 242.8788 242.8788 242.8788 354.9619 687.1326 1073.905 405.5052 398.0138 398.0139 602.9025 1679.467 1062.17 891.9896 891.9896 887.3322 884.1063 854.811 850.4048
0 0 0 0 0 0 0 0 0 0 0 0 0 0 185.1896 185.1895 185.1895 185.1896 185.1895 185.1896 185.1895 185.1895 185.1895 185.1895 204.3713 617.8923 673.3538 422.9343 424.7408 424.7408 424.7408 523.0149 598.8635 550.9733 534.3873 534.3873 534.3874 515.4224 331.8973 192.3447 166.8719 245.0108 325.637 499.2907 746.7256 721.5151 637.6582 637.6582 396.9277 242.8788 242.8788 242.8788 242.8788 242.8788 366.6504 518.3591 401.7954 398.0139 398.0138 398.0139 398.0138 683.3537 804.1497 835.1473 783.5877 767.5808 810.0542 893.8265 931.6714
0 0 0 0 0 0 0 0 0 0 0 0 0 0 0 185.1896 185.1895 185.1895 185.1896 185.1896 185.1895 185.1896 185.1896 185.1895 317.6703 441.4594 300.6213 419.1976 424.7409 424.7409 424.7409 551.8301 598.8635 586.4602 538.7618 534.3874 534.3874 465.6833 322.6193 344.5678 344.5678 344.5678 389.3204 706.921 735.5607 647.8419 637.6583 630.1559 532.9058 299.1027 242.8788 242.8788 242.8788 242.8788 299.264 416.254 398.0139 398.0139 398.0139 398.0139 398.0139 534.0859 801.5603 1516.104 767.7606 767.2435 771.2538 808.735 990.6234
0 0 0 0 0 0 0 0 0 0 0 0 0 0 0 185.1895 185.1896 185.1895 185.1896 185.1895 185.1896 185.1896 185.1896 185.1896 185.1896 483.1323 1014.074 543.3579 424.7409 424.7408 424.7409 473.5429 592.5697 581.6689 559.2641 508.5362 403.3734 410.2461 344.484 344.4329 345.5184 465.211 716.7452 746.7256 696.6232 637.6582 637.6582 580.6669 418.4199 377.4597 253.1807 242.8788 242.8788 242.8788 242.8788 367.2455 398.0139 398.0139 398.0139 398.0139 398.0139 775.4269 1326.394 1650.055 767.2434 766.486 727.9818 777.7886 990.6234
0 0 0 0 0 0 0 0 0 0 0 0 0 0 0 185.1896 185.1896 185.1896 185.1896 185.1895 185.1895 185.1895 185.1896 185.1896 185.1896 615.2523 369.1201 338.7194 878.742 697.9937 533.6712 498.9373 512.1859 511.7481 511.7481 481.8702 342.8572 307.9919 294.9012 296.3512 498.0148 746.7257 768.4931 804.3995 863.2374 720.6021 673.6555 632.7988 418.4378 418.4199 416.1563 381.2729 384.5529 560.9402 515.1158 497.1828 533.4466 594.7506 540.5942 446.9337 453.9838 1345.921 1680.141 1625.811 764.9913 727.9738 712.571 836.9307 990.6234
0 0 0 0 0 0 0 0 0 0 0 0 0 0 0 185.1896 194.8619 203.0329 186.512 185.1895 185.1895 185.1895 185.1896 185.1895 185.1896 185.1895 185.1896 185.1896 980.3772 487.0682 540.5235 511.7481 494.2233 406.3798 407.0889 346.2485 323.6945 293.8874 293.8874 293.8874 420.459 747.5153 858.4249 889.3516 889.3515 735.4335 728.3047 678.9188 418.4199 418.4199 429.1714 434.7887 434.7887 617.5319 680.4878 680.4879 680.4878 675.3906 538.3615 514.6302 514.6302 1107.545 1680.141 1388.007 712.571 712.571 712.571 878.2887 1008.848
0 0 0 0 0 0 0 0 0 0 0 0 0 0 0 0 233.8669 233.8669 218.4484 191.1969 185.1895 185.1896 185.1896 185.1895 185.1895 185.1896 190.6986 189.811 515.4788 242.8046 344.1802 394.881 369.4893 344.5678 344.5678 340.2802 303.4234 293.8874 293.8874 368.4992 671.1927 796.6201 889.3515 889.3515 889.3514 734.6988 728.3047 593.2996 418.4199 421.2511 433.9793 434.7887 434.7887 500.7646 680.4878 680.4878 680.4878 662.5262 514.6302 514.6302 514.1939 1207.486 3186.116 10351.81 2367.826 712.571 712.571 853.368 1011.268
0 0 0 0 0 0 0 0 0 0 0 0 0 0 0 0 233.8669 233.8669 233.8669 232.4859 220.5208 197.0261 185.2094 185.1895 190.2134 215.9841 232.527 233.8669 233.8669 237.8141 343.0331 342.188 337.2139 344.5678 344.5678 312.7518 293.8874 321.3804 523.3417 744.9304 749.8817 871.9761 889.3515 889.3515 857.8932 735.3188 728.3047 494.1091 418.4199 430.7329 434.7887 434.7887 434.7887 434.8096 642.6339 680.4878 680.4879 649.1479 514.6302 514.6302 489.7867 654.2255 9437.97 11524.62 1925.938 712.571 712.571 805.4395 972.5884
0 0 0 0 0 0 0 0 0 0 0 0 0 0 0 0 0 233.8669 233.8669 233.8669 233.8669 233.8669 216.7037 217.7056 231.4572 233.8669 233.8669 233.8669 233.8669 233.8669 316.3246 315.0576 239.0461 342.6205 330.4025 293.9229 293.8874 587.1931 718.683 746.7257 792.5569 889.3515 889.3516 887.2623 817.0779 728.3047 720.7971 420.7912 418.4199 421.3174 431.3969 434.7887 434.7887 434.7887 516.7784 680.4299 680.4878 631.0359 514.6302 507.9121 442.9008 497.7719 1587.27 1462.782 907.3218 652.1555 658.5848 859.7188 868.7796
0 0 0 0 0 0 0 0 0 0 0 0 0 0 0 0 0 233.8669 233.8669 233.8669 233.8669 233.8669 233.8669 233.8669 233.8669 233.8669 233.8669 233.8669 233.8669 233.8669 274.3976 344.5678 302.7173 250.5233 280.721 293.8874 357.0138 708.6258 746.7257 746.7256 764.8761 823.868 889.1376 796.9862 698.8882 724.4061 627.3023 418.4199 418.4199 418.4199 425.0288 434.7887 434.7887 434.7887 434.7887 608.3562 680.4879 661.3785 592.1741 480.0686 437.0406 521.1724 1099.443 936.6857 733.8823 367.7561 780.6882 869.6433 859.1647
0 0 0 0 0 0 0 0 0 0 0 0 0 0 0 0 0 233.8669 233.8669 233.8669 233.8669 233.8669 233.8669 233.8669 233.8669 233.8669 233.8669 233.8669 233.8669 233.8669 256.7888 344.5678 298.5698 196.7734 373.5828 488.759 739.1733 746.7256 746.7256 685.9366 445.8878 719.2731 852.756 760.6675 652.1292 688.6314 620.7364 418.42 418.4199 418.4199 426.7069 434.7887 434.7887 434.7887 852.3548 1026.435 680.4878 680.4879 643.5377 437.0406 437.0406 437.0406 381.8586 346.0881 346.0881 346.0881 668.5912 861.6614 820.0628
0 0 0 0 0 0 0 0 0 0 0 0 0 0 0 0 0 233.8669 233.8669 233.8669 233.8669 233.8669 233.8669 233.8669 233.8669 233.8669 233.8669 233.8669 233.8669 233.1262 227.7897 344.5678 274.1338 196.7734 464.3729 719.0857 746.7257 727.1208 588.4388 400.0406 496.0869 652.1292 688.7873 865.6428 677.9584 658.0563 603.3038 425.1596 418.4199 418.4199 423.1693 434.6849 434.7887 434.7887 2253.855 2625.682 2048.269 767.7163 550.2816 439.7504 437.0406 441.277 428.8065 350.7784 346.0881 346.0881 699.5199 790.9291 705.1578
0 0 0 0 0 0 0 0 0 0 0 0 0 0 0 0 0 0 233.8669 233.8669 233.8669 233.8669 233.8669 233.8669 233.8669 233.8669 233.8669 232.6422 219.4933 202.4123 236.8929 344.5678 255.2028 196.7735 196.7734 253.8119 732.7867 498.0479 373.5921 373.5921 578.4443 652.1292 652.1292 671.4124 652.1292 652.1292 632.8204 466.0836 418.9107 418.4199 418.4199 422.6073 2170.448 2558.363 2571.301 2625.705 2625.705 1922.702 617.4565 541.8885 533.9321 556.8892 567.0591 544.0639 515.8838 475.4956 469.3034 706.1705 704.6958
