Scenarios/Heterogeneous/data/country_data_population_distribution/processed/density_grids/nga.asc
ncols 304
nrows 237
xllcorner 2
yllcorner 4
[rows 62 to 92 of 237, columns 138 to 206 of 304]
224.7492 437.7581 513.2288 532.9116 532.9115 532.9115 532.892 429.1267 425.1385 425.1385 425.1385 423.6042 344.7595 324.9052 324.9052 324.8889 323.0586 321.3696 321.3696 321.3696 321.3696 321.3696 321.3697 321.3696 321.3696 321.3696 322.4371 327.6553 328.7012 328.7012 328.7012 328.7012 328.7012 318.9594 174.9682 115.8291 115.8291 115.8291 115.8291 115.8291 115.8291 115.8291 115.8291 115.8291 117.5875 116.3458 115.8291 201.3559 322.4247 280.4748 197.5836 197.5836 200.6333 213.3759 197.5846 197.5836 197.5836 259.2755 391.3162 401.5591 401.2184 374.4664 370.5362 370.5362 370.5361 345.5695 335.2816 335.2816 335.2816
910.3439 1368.414 532.9116 532.9115 532.9116 532.9115 532.9116 440.5215 425.1385 425.1385 425.1385 425.1385 399.79 324.9052 324.9052 324.9052 324.8522 322.6483 321.8116 321.5187 321.3696 321.3696 321.3696 299.92 245.4466 321.3696 325.3765 328.7012 328.7012 328.7012 328.7012 328.7012 311.378 158.4782 115.8291 115.8291 115.8291 115.8291 115.8291 115.8291 115.8291 115.8291 115.8291 115.8291 115.8291 115.8291 115.8291 121.8388 160.7364 247.5416 263.7502 271.3103 275.352 276.7728 223.3832 197.5836 197.5836 197.5836 219.1605 272.0784 291.3101 308.1902 345.0676 369.9636 370.5362 337.8676 335.2816 335.2816 335.2816
1402.634 1803.089 1484.417 1727.841 1124.802 532.9116 488.037 302.3808 264.168 261.1345 260.7408 320.9373 329.1595 324.9052 324.9052 324.9052 324.9052 324.9052 300.4918 318.3809 323.4494 321.466 285.8994 174.4545 166.5752 318.1826 322.5007 328.0312 328.7012 328.7012 328.7012 326.3076 161.3046 115.8291 115.8291 115.8291 115.8291 115.8291 115.8291 115.8291 115.8291 115.8291 115.8291 115.8291 115.8291 115.8291 115.8291 115.8291 118.9404 262.5081 276.7728 276.7728 276.7728 276.7728 262.4936 197.5842 197.5836 197.5836 197.5836 197.5836 197.5836 197.5836 197.5836 208.8873 228.3169 233.6272 238.3942 275.8118 236.1608
1316.938 1803.367 1804.637 1804.637 1540.538 391.1938 213.3717 202.9998 202.9998 202.9998 202.9998 203.5559 257.8167 315.7252 324.9052 324.9052 324.9052 324.9052 306.5085 221.8987 317.1382 313.4439 175.9942 162.8775 162.8775 305.407 321.3696 322.7881 328.6367 328.7011 328.7012 238.63 115.8291 115.8291 115.8291 115.8291 115.8291 115.8291 115.8291 115.8291 115.8291 115.829 115.8291 115.829 115.8291 115.829 115.8291 115.8291 171.2638 276.7728 276.7728 276.7728 276.7728 276.7728 276.7728 205.2514 197.5836 197.5836 197.5836 197.5836 197.5836 197.5836 197.5836 197.5836 197.5836 197.5836 197.4839 164.4791 156.0233
224.7492 1272.029 1898.034 1809.229 1634.203 252.5144 202.9998 202.9998 202.9998 202.9998 202.9998 202.9998 202.9998 210.245 229.6186 214.166 236.451 267.9074 306.2122 208.1487 176.6837 181.1881 170.1892 162.8775 162.8775 284.0408 321.3696 321.3696 310.4966 301.9805 253.3014 121.1799 115.8291 115.8291 115.8291 115.8291 115.8291 115.8291 115.8291 115.8291 115.8291 115.8291 115.8291 115.8291 115.8291 115.8291 115.8291 115.8291 165.3834 276.7729 276.7728 276.7729 276.7729 276.7728 276.7729 204.4603 197.5836 197.5836 197.5836 197.5836 197.5836 197.5836 197.5836 197.5836 197.4577 189.8143 168.6349 156.0233 156.0233
224.7492 1368.544 2017.541 1987.62 2018.9 631.2979 202.9998 202.9998 202.9998 202.9998 202.9998 202.9998 202.9998 198.8932 174.006 174.006 174.006 174.006 174.006 174.006 174.006 174.006 173.9334 164.6538 162.8775 166.684 307.4989 317.9795 137.7887 115.8291 115.8291 115.8291 115.8291 115.8291 115.8291 115.8291 115.8291 115.8291 115.8291 115.8291 115.8291 115.8291 115.8291 115.8291 115.8291 115.8291 115.8291 115.8291 119.1281 269.3817 276.7729 276.7728 276.7728 276.7728 268.8492 197.6071 197.5836 197.5836 197.5836 197.5836 197.5836 197.5836 197.1802 140.7341 104.9694 156.0233 156.0233 156.0233 156.0233
248.6199 1905.783 2018.9 2018.9 2018.9 687.6993 202.9998 202.9998 202.9998 202.9998 202.9998 202.9998 202.9998 202.7384 179.48 174.006 174.006 174.006 174.006 174.006 174.006 174.006 174.006 169.6446 162.8775 162.8775 278.8678 276.479 115.8291 115.8291 115.8291 115.8291 115.8291 115.8291 115.8291 115.8291 115.8291 115.8291 115.8291 115.8291 115.8291 115.8291 115.8291 115.8291 115.8291 115.8291 115.8291 115.8291 115.8291 97.74266 132.2863 132.7132 135.8319 145.9772 170.7843 197.5836 197.5836 197.5836 197.5836 197.5836 197.5836 197.5836 159.7254 81.90222 85.05812 156.0029 156.0233 156.0233 156.0233
203.8446 1846.038 2018.9 2018.9 2018.9 381.7131 202.9998 202.9998 202.9998 202.9998 202.9998 202.9998 202.9998 202.9998 198.1482 182.2231 174.0531 174.006 174.006 174.006 174.006 174.006 174.006 170.5967 162.8775 162.8775 166.2809 199.9579 115.8291 115.8291 115.8291 115.8291 115.8291 115.8291 115.8291 115.8291 115.8291 115.8291 115.8291 115.8291 115.8291 115.8291 115.8291 115.8291 115.8291 115.8291 115.8291 115.8291 115.8291 87.07314 81.90221 81.90222 81.90222 81.90221 81.9024 155.8972 196.4407 197.5836 197.5836 188.2393 181.1155 197.5836 169.7541 81.90221 81.90222 150.0571 156.0233 156.0233 156.0233
185.259 299.2624 690.9863 785.6684 694.2766 254.7521 202.9998 202.9998 202.9998 202.9998 202.9998 202.9998 202.9998 202.9998 202.9998 202.9998 182.2255 174.006 174.006 174.006 174.006 174.006 174.006 167.7022 162.8775 162.8775 162.8775 142.0225 115.8291 115.8291 115.8291 115.8291 115.8291 115.8291 115.8291 115.8291 115.8291 115.8291 115.8291 115.8291 115.8291 115.8291 115.8291 115.8291 115.8291 115.8291 115.8291 115.8291 115.8291 85.40673 81.90222 81.90222 81.90221 81.90222 81.90221 81.90222 88.73979 109.9955 100.7548 82.54858 82.70177 123.9417 140.2392 82.17669 81.90222 100.6024 149.5671 156.0233 156.0233
185.259 185.259 185.259 185.259 185.259 191.95 202.9998 202.9998 202.9998 202.9998 202.9998 202.9998 202.9998 202.9998 202.9998 196.4245 175.6327 174.006 174.006 174.006 174.006 174.006 173.9991 164.2914 162.8775 162.8775 162.8775 144.0164 115.8291 115.8291 115.8291 115.8291 115.8291 115.8291 115.8291 115.8291 115.8291 115.8291 115.8291 115.8291 115.8291 115.8291 115.8291 115.8291 115.8291 115.8291 115.8291 115.8291 115.1194 82.63242 81.90222 81.90222 81.90222 81.90222 81.90222 81.90222 81.90222 81.90222 81.90222 81.90222 81.90222 81.90222 81.90222 81.90222 81.90222 81.90222 87.19846 118.5596 150.7855
185.259 185.259 185.259 185.259 186.1928 198.9979 202.9998 202.9998 202.9998 202.9998 202.9998 202.9998 202.9998 202.9998 194.9418 175.1685 174.006 174.006 174.006 174.006 174.006 174.006 173.6917 162.9045 162.8775 162.8775 162.8775 147.795 115.8291 115.8291 115.8291 115.8291 115.8291 115.8291 115.8291 115.8291 115.8291 115.8291 115.8291 115.8291 115.8291 115.8291 115.8291 115.8291 115.8291 115.8291 115.8291 115.8291 109.9706 81.90222 81.90222 81.90222 81.90222 81.90223 81.90222 81.90222 81.90222 81.90222 81.90222 81.90222 81.90222 81.90222 81.90222 81.90222 81.90222 81.90222 81.90222 81.90222 85.70043
185.259 185.259 185.259 185.259 191.7483 202.9998 202.9998 202.9998 202.9998 202.9998 202.9998 202.9998 201.2288 185.2793 174.1245 174.006 174.006 174.006 174.006 174.006 174.006 174.006 174.006 164.2513 162.8775 162.8775 162.8775 157.9235 117.4665 115.8291 106.4743 99.94222 109.3092 115.8291 115.8291 115.8291 115.8291 115.8291 115.8291 115.8291 115.8291 115.8291 115.8291 115.8291 115.8291 114.267 103.9944 90.33968 81.95909 81.90222 81.90222 81.90222 81.90222 81.90222 81.90222 81.90222 81.90222 81.90222 81.90222 81.90222 81.90222 81.90222 81.90222 81.90222 81.90222 81.90222 81.90222 81.90222 81.90222
185.259 185.259 185.259 185.259 185.5469 197.985 202.9998 202.9998 202.9998 202.9998 202.9998 196.9198 176.8055 174.006 174.006 174.006 174.006 174.006 174.006 174.006 174.006 174.006 174.006 166.4684 162.8775 162.8775 162.8775 162.8775 148.0373 93.22999 75.99351 75.8487 75.98041 86.33598 113.6321 115.8291 115.8291 115.8291 115.8291 114.6341 99.9506 96.47484 94.33525 91.44756 87.1794 77.35009 75.8487 75.8487 81.13517 81.90222 81.90222 81.90222 81.90222 81.90222 81.90222 81.90222 81.90222 81.90222 81.90222 81.90222 81.90222 81.90222 81.90222 81.90222 81.90222 81.90222 81.90222 81.90222 81.90222
185.259 185.259 185.259 185.259 185.259 186.0896 201.9953 202.9998 202.9998 202.9998 200.5034 176.8423 174.006 174.006 174.006 174.006 174.006 174.006 174.006 174.006 174.006 174.006 174.006 166.0913 162.8775 162.8775 162.8775 162.8775 162.8775 120.355 75.84869 75.84869 75.84869 75.84869 85.23404 95.60457 96.13168 92.37148 88.55441 79.23748 75.84869 75.84869 75.84869 75.84869 75.84869 75.84869 75.84869 76.4511 81.90095 81.90222 81.90222 81.90222 81.90222 81.90222 81.90222 81.90222 81.90222 81.90221 81.90222 81.90221 81.90222 81.90222 81.90222 81.90222 81.90222 81.90222 81.90222 81.90222 81.90222
185.259 185.259 185.259 185.259 185.259 185.259 195.0613 202.9998 202.9998 202.9998 188.4053 167.1423 172.17 174.006 174.006 174.006 174.006 174.006 174.006 174.006 174.006 170.4369 164.4708 162.8775 162.8775 162.8775 162.8775 162.8775 162.8775 133.6669 75.8487 75.8487 75.8487 75.8487 75.84869 75.84869 75.84869 75.8487 75.84869 75.8487 75.84869 75.8487 75.8487 75.8487 75.84869 75.8487 75.8487 77.7654 81.90222 81.90222 81.90222 81.90222 81.90222 81.90222 81.90222 81.90222 81.90222 81.90222 81.90222 81.90222 81.90222 81.90222 81.90222 81.90222 81.90222 81.90222 81.90222 81.90222 81.90222
185.259 185.259 185.259 185.259 185.259 185.259 185.3002 187.8817 190.5309 158.2574 127.0941 121.5847 123.6883 136.3076 151.8184 170.6299 174.006 174.006 174.006 174.006 198.2121 206.3784 168.6231 165.0242 162.8775 162.8775 162.8775 162.8775 162.8775 111.9595 75.8487 75.8487 75.84869 75.8487 75.8487 75.84869 75.8487 75.8487 75.84869 75.84869 75.84869 75.84869 75.8487 75.8487 75.8487 75.84869 75.84869 78.07758 81.90223 81.90223 81.90222 81.90222 81.90223 81.90222 81.90222 81.90223 81.90222 81.90222 81.90222 81.90222 81.90222 81.90223 81.90221 81.90222 81.90222 81.90222 81.90222 81.90223 81.90524
185.259 185.259 185.259 185.259 185.259 185.259 185.259 185.259 185.259 151.1994 121.5847 121.5847 121.5847 121.5847 121.5847 128.6618 170.3911 174.006 174.006 176.2914 219.7709 219.8734 219.8734 219.6738 209.7203 167.4604 162.8775 162.8775 149.214 78.62329 75.84869 75.84869 75.84869 75.84869 75.84869 75.8487 75.84869 75.84869 75.84869 75.84869 75.84869 75.84869 75.84869 75.84869 75.84869 75.84869 75.84869 77.27475 81.90222 81.90222 81.90222 81.90222 81.90222 81.90222 81.90222 81.90222 81.90222 81.90222 81.90222 81.90222 81.90222 81.90222 81.90222 81.90222 81.90222 81.90222 84.95928 88.52749 89.9464
185.259 176.9218 162.4984 150.3153 182.8477 185.259 185.259 185.259 185.259 180.6266 126.6312 121.5847 121.5847 121.5847 121.5847 121.5847 130.2771 163.0051 174.006 176.5315 219.871 219.8734 219.8734 219.8734 219.8734 208.1076 177.9012 164.807 94.58838 75.84869 75.8487 75.84869 75.8487 75.84869 75.8487 75.84869 75.8487 75.84869 75.8487 75.8487 75.84869 75.84869 75.8487 75.8487 75.84869 75.84869 75.84869 75.90705 84.68243 96.94297 85.23355 81.90221 81.90221 81.90222 81.90222 81.90222 81.90221 81.90222 81.90221 81.90222 81.90221 81.90222 81.90222 81.90222 81.90222 85.51039 90.3162 90.32306 90.32305
137.5097 116.3928 115.9666 115.9666 158.7842 185.259 185.259 164.3485 128.2079 102.4362 106.0562 121.5847 121.5847 121.5847 121.5847 121.5847 121.5847 121.6186 130.4918 164.1803 219.8734 219.8734 219.8734 219.8734 219.8734 219.8734 219.8734 184.0429 75.8487 75.84869 75.8487 75.8487 75.8487 75.8487 75.8487 75.84869 75.8487 75.8487 75.8487 75.8487 75.8487 75.8487 75.8487 75.8487 75.8487 75.8487 75.8487 75.8487 93.62292 194.4494 194.4682 186.0374 161.2304 120.8229 82.26462 81.90222 81.90222 81.90222 81.90222 81.90222 81.90222 81.90222 81.90222 81.90222 83.33347 90.15833 90.32305 90.32305 90.32304
115.9666 115.9666 115.9666 115.9666 116.0351 95.20827 118.923 82.34344 73.97192 73.97192 82.46589 121.5847 121.5847 121.5847 121.5847 121.5847 121.5847 121.5847 121.5847 183.9033 219.8734 219.8734 219.8734 219.8734 219.8734 219.8734 219.8734 147.2327 75.84869 75.8487 75.84869 75.8487 75.8487 75.8487 75.84869 75.8487 75.8487 75.8487 75.84869 75.8487 75.84869 75.8487 75.8487 75.8487 75.84869 75.8487 75.84869 75.8487 75.8487 185.5733 194.4871 194.4871 194.4871 194.4871 117.5045 81.90222 81.90222 81.90222 81.90222 81.90222 81.90222 81.90222 81.90222 91.44929 101.794 90.32304 90.32305 90.32305 90.32304
115.9666 115.9666 115.9666 115.9666 102.7334 74.0483 73.97192 73.97192 73.97192 73.97193 78.52823 121.5847 121.5847 121.5847 121.5847 121.5847 121.5847 121.5847 122.9538 213.2479 219.8734 219.8734 219.8734 219.8734 219.8734 219.8734 202.46 83.33817 75.84869 75.8487 75.84869 75.84869 75.84869 75.8487 75.84869 75.8487 75.84869 75.8487 75.84869 75.8487 75.84869 75.8487 75.84869 75.84869 75.84869 75.84869 75.84869 75.84869 75.8487 170.0724 194.4871 194.4871 194.4871 194.4871 170.5839 81.99793 81.90222 81.90222 83.16608 112.7666 144.7344 173.2634 189.0312 193.1789 159.6217 90.32305 90.32305 90.32305 90.32305
115.9666 115.9666 115.9666 112.4242 78.86358 73.97192 73.97192 73.97193 73.97192 73.97193 79.43361 121.5847 121.5847 121.5847 121.5847 121.5847 121.5847 121.5847 148.7526 219.8734 219.8734 219.8734 219.8734 219.8734 219.8734 219.8734 208.3094 119.4493 75.84869 75.8487 75.84869 75.84869 75.84869 75.84869 75.84869 75.8487 75.84869 75.84869 75.84869 75.84869 75.84869 75.84869 75.84869 75.84869 75.84869 75.84869 75.84869 75.84869 75.84869 156.0461 194.4871 194.4871 194.4871 194.4871 194.4871 127.1769 100.2375 129.7373 181.4729 194.4871 194.4871 194.4871 194.4871 194.4871 193.5761 109.4928 90.32305 90.32305 90.32305
115.9666 115.9666 113.2335 83.17809 73.97192 73.97193 73.97192 73.97192 73.97192 73.97193 80.04813 121.5847 121.5847 121.5847 121.5847 121.5847 121.5847 121.5847 188.054 219.8734 219.8734 219.8734 219.8734 219.8734 219.8734 219.8734 219.8734 219.6807 138.0701 102.2783 100.5007 79.97458 75.8487 75.84869 75.8487 75.8487 75.8487 75.84869 75.8487 75.84869 75.8487 75.84869 75.84869 75.84869 75.8487 75.84869 75.8487 75.84869 75.84869 145.4136 194.4871 194.4871 194.4871 194.4871 194.4871 194.4871 194.4871 194.4871 194.4871 194.4871 194.4871 194.4871 194.4871 194.4871 194.4871 154.2161 90.32305 90.32304 90.32305
115.9628 100.8475 77.7151 73.97193 73.97193 73.97193 73.97193 73.97193 73.97193 73.97192 80.91021 114.5884 121.5847 121.5847 121.5847 121.5847 121.5847 121.5847 202.3572 219.8734 219.8734 219.8734 219.8734 219.8734 219.8734 219.8734 219.8734 219.8734 210.1819 190.4789 190.4789 180.2296 86.21677 75.8487 75.8487 75.8487 75.8487 75.8487 75.8487 75.8487 75.8487 75.8487 75.8487 75.8487 75.8487 75.8487 75.8487 75.8487 75.8487 143.0694 194.4871 194.4871 194.4871 194.4871 194.4871 194.4871 194.4871 194.4871 194.4871 194.4871 194.4871 194.4871 194.4871 194.4871 194.4871 155.6195 88.00132 89.40099 90.32305
93.0871 73.97192 73.97192 73.97192 73.97192 73.97192 73.97192 73.97192 73.97192 73.97193 73.97192 73.97466 84.82426 117.233 121.5847 121.5847 121.5847 121.5847 170.6258 219.873 219.8734 219.8734 219.8734 219.8734 219.8734 219.8734 219.8734 219.8734 204.1097 190.4789 190.4789 190.4789 146.8584 75.8487 75.84869 75.8487 75.84869 75.8487 75.84869 75.8487 75.84869 75.8487 75.8487 75.84869 75.84869 75.8487 75.84869 75.8487 75.8487 170.9249 194.4871 194.4871 194.4871 194.4871 194.4871 194.4871 194.4871 194.4871 194.4871 194.4871 194.4871 194.4871 194.4871 194.4871 194.4871 146.1268 83.43101 83.51656 87.2655
93.48956 73.97193 73.97192 73.97193 73.97193 73.97193 73.97192 73.97193 73.97192 73.97192 73.97193 73.97192 73.97193 89.58279 121.5847 121.5847 121.5847 121.5847 121.5847 158.6087 214.64 219.8734 219.8734 219.8734 219.8734 219.8734 217.0988 203.479 190.928 190.4789 190.4789 190.4789 185.2241 75.84896 75.8487 75.84869 75.8487 75.84869 75.8487 75.84869 75.84869 75.8487 75.8487 75.84869 75.8487 75.84869 75.8487 81.91812 118.8486 181.9019 194.4871 194.4871 194.4871 194.4871 194.4871 194.4871 194.4871 194.4871 194.4871 194.4871 194.4871 194.4871 194.4871 194.4871 194.4871 142.7591 83.431 83.43101 83.46673
112.5042 75.4748 73.97192 73.97192 73.97192 73.97192 73.97192 73.97192 73.97192 73.97192 73.97192 73.97192 73.97192 74.03905 109.0311 121.5847 121.5847 121.5847 121.5847 121.5847 152.1724 219.8734 219.8734 219.8734 219.8734 219.0843 194.4684 190.4789 190.4789 190.4789 190.4789 190.4789 190.4789 79.41858 75.8487 75.8487 75.8487 75.84869 75.8487 75.84869 75.8487 75.84869 75.8487 75.84869 75.8487 75.84869 75.8487 83.87711 150.824 171.8982 194.4871 194.4871 194.4871 194.4871 194.4871 194.4871 194.4871 194.4871 194.4871 194.4871 194.4871 194.4871 194.4871 194.4871 194.4871 145.5478 83.43099 83.43101 83.431
89.95531 80.36179 73.97193 73.97193 73.97193 73.97193 73.97193 73.97192 73.97193 73.97193 73.97192 73.97193 73.97192 73.97202 99.98286 121.5847 121.5847 121.5847 121.5847 121.5847 121.7686 201.794 219.8734 219.8734 219.8734 210.3192 190.4789 190.4789 190.4789 190.4789 190.4789 190.4789 190.4789 82.24043 75.84869 75.8487 75.84869 75.8487 75.84869 75.8487 75.84869 75.8487 75.8487 75.8487 75.84869 81.31841 115.9452 143.3304 155.6512 178.0639 194.4871 194.4871 194.4871 194.4871 194.4871 194.4871 194.4871 194.4871 194.4871 194.4871 194.4871 194.4871 194.4871 194.4871 194.4871 121.2754 83.431 83.431 83.431
82.20584 81.99789 75.65175 73.97192 73.97192 73.97193 73.97192 73.97193 73.97192 73.97199 74.60986 85.8781 120.8236 164.9282 181.4031 129.8056 121.5847 121.5847 121.5847 121.5847 121.5847 176.9251 219.8734 219.8734 219.8734 203.1131 190.4789 190.4789 190.4789 190.4789 190.4789 190.4789 190.4789 83.80897 75.8487 75.8487 75.8487 75.8487 75.8487 75.8487 75.8487 75.8487 75.84869 99.25133 209.6484 255.3705 214.8162 162.6966 157.6694 189.7082 194.4871 194.4871 194.4871 194.4871 194.4871 194.4871 194.4871 194.4871 194.4871 194.4871 194.4871 194.4871 194.4871 194.4871 193.0963 89.3577 83.431 83.431 83.431
82.20585 82.20585 81.49656 74.95451 73.97193 73.97192 74.15457 76.77774 79.27769 81.49108 86.75513 173.9631 182.2822 182.2822 182.2822 165.9037 122.9045 121.5847 121.5847 121.5847 121.5847 185.2747 219.8734 219.8734 219.8734 207.5463 190.4789 190.4789 190.4789 190.4789 190.4789 190.4789 190.4789 82.77932 75.8487 75.8487 75.8487 75.8487 75.8487 75.8487 75.8487 75.8487 75.88371 222.5524 265.7385 265.7385 265.7385 244.3915 157.6694 182.8729 194.4871 194.4871 194.4871 194.4871 194.4871 194.4871 194.4871 194.4871 194.4871 194.4871 194.4871 194.4871 194.4871 194.4871 194.2432 85.33241 83.43101 83.43101 83.431
82.20584 82.20584 82.20584 81.05841 77.32501 78.3878 81.01417 82.20584 82.20584 82.20585 139.7937 182.2822 182.2822 182.2822 182.2822 182.2822 161.7273 129.3584 121.7759 121.5847 121.5847 208.834 219.8734 219.8734 219.8734 218.9805 192.2014 190.4789 190.4789 190.4789 325.3344 738.0333 1037.283 122.0444 77.96641 92.64126 111.2777 114.6145 77.70804 75.84869 75.8487 75.84869 113.4211 265.7385 265.7385 265.7385 265.7385 209.77 157.6694 159.6543 186.0229 194.4871 194.4871 194.4871 194.4871 194.4871 194.4871 193.4635 116.7829 85.77333 88.20062 97.93465 117.0832 141.7817 149.6172 84.24689 83.431 83.431 83.431
