Scenarios/Heterogeneous/data/country_data_population_distribution/processed/density_grids/nga.asc
ncols 304
nrows 237
xllcorner 2
yllcorner 4
[rows 124 to 154 of 237, columns 69 to 137 of 304]
50.71204 50.71204 60.96366 488.1288 473.5151 233.0199 101.296 87.38427 87.38427 87.38427 98.45349 112.5288 118.8342 118.8342 115.1141 92.40723 92.75288 117.4264 78.23609 56.0608 56.06081 56.06081 56.06081 56.0608 56.06081 56.0608 56.06081 56.06081 56.06081 56.0608 56.06081 56.0608 56.06081 56.0608 56.0608 73.396 86.97519 90.78532 105.711 111.7466 112.1538 112.1538 111.2138 64.88454 61.42043 61.42043 61.42043 61.42043 61.42043 185.4463 228.532 229.154 229.154 229.154 229.154 229.154 227.3841 197.5019 196.6097 196.6098 196.6097 196.6098 196.6097 196.6098 196.6097 262.9719 887.6677 59.26379 48.67169
50.71204 91.46036 550.4554 707.7699 707.7699 707.7699 637.9736 100.9942 87.38427 87.38427 87.38427 87.4058 96.08204 111.0789 92.82648 87.38427 87.38428 112.7738 91.14772 56.0608 56.0608 56.06081 56.0608 56.0608 56.0608 56.0608 56.0608 56.0608 56.0608 56.0608 56.0608 56.0608 56.0608 56.06081 58.18306 86.48578 86.9752 86.97519 88.28042 105.883 112.1538 112.1538 112.1538 71.36239 61.42042 61.42042 61.42043 61.42042 61.42042 186.0847 229.154 229.154 229.154 229.154 229.154 229.154 229.154 206.9202 196.6097 196.6097 196.6097 196.6097 196.6097 196.6097 232.6501 1276.311 550.9771 48.75135 48.67169
135.6536 588.4083 707.7699 707.7698 700.9034 469.2529 157.8682 87.38427 87.38426 87.38427 87.38427 87.38427 87.38427 87.38427 87.38427 87.38427 87.38427 107.8751 114.2174 58.58522 56.06081 56.06081 56.06081 56.06081 56.06081 56.0608 56.06081 56.06081 56.06081 56.0608 56.06081 56.0608 56.06081 56.0608 68.27501 86.97519 86.97519 86.97519 86.97519 90.53006 110.1089 112.1538 95.7149 61.5385 61.42043 61.42043 61.42043 61.42043 61.42043 184.9575 229.1321 229.154 229.154 229.154 229.154 229.154 222.2037 198.2783 196.6097 196.6098 196.6097 196.6097 196.6097 196.6097 196.6097 161.0267 67.32983 52.29578 48.6717
632.1479 610.4601 509.3614 351.8755 189.3891 87.38427 87.38427 87.38427 87.38427 87.38427 87.38427 87.38427 87.38427 87.38427 87.38428 87.38427 87.38427 102.9441 118.8342 89.34248 56.0608 56.0608 56.0608 56.0608 56.0608 56.0608 56.0608 56.0608 56.0608 56.0608 56.0608 56.0608 56.0608 56.06081 77.46177 86.97519 86.97519 86.97519 86.97519 86.97519 74.33121 85.97186 67.5472 61.42042 61.42042 61.42042 61.42042 61.42042 61.42042 179.0067 221.3119 226.9062 228.3279 229.154 229.0642 215.1447 199.001 196.6097 196.6097 196.6097 196.6097 196.6097 196.6097 196.6097 183.3051 75.83183 66.27927 51.30663 48.67169
234.5613 87.38427 87.38427 87.38427 87.38427 87.38427 87.38427 87.38427 87.38428 87.38427 87.38427 87.38427 87.38427 87.38427 87.38428 87.38427 87.38427 99.10107 125.7952 164.8248 87.26006 56.0608 56.0608 56.0608 56.0608 56.0608 56.0608 56.0608 56.0608 56.0608 56.0608 56.0608 56.0608 56.0608 81.60286 86.97519 86.97519 86.97519 86.97519 86.97519 81.3298 61.42043 61.42043 61.42043 61.42043 61.42043 61.42043 61.42043 61.42043 179.8705 202.0889 202.0889 203.6477 219.3086 219.8509 196.6097 196.6097 196.6097 196.6097 196.6098 196.6097 196.6097 194.2965 141.5562 82.94675 66.27927 63.69584 48.71175 48.67169
309.884 87.38428 87.38428 87.38427 87.38427 87.38427 87.38428 87.38428 87.38428 87.38427 87.38428 87.38427 87.38428 87.38427 87.38428 87.38427 87.38428 104.8091 172.2005 180.4365 169.5893 90.55175 56.06081 56.06081 56.06081 56.06081 56.06081 56.06081 56.06081 56.06081 56.06081 56.0608 56.06081 56.55506 84.99039 86.97519 86.9752 86.97519 86.97519 86.97519 86.69082 64.51323 61.42042 61.42042 61.42042 61.42042 61.42042 61.42042 61.42042 182.5504 202.0889 202.0889 202.0889 202.0889 200.2902 196.6097 196.6098 196.6097 196.6097 196.2289 177.1233 145.0524 85.42348 66.27927 66.27927 66.27927 56.70142 48.67169 48.6717
1815.781 573.0404 87.38427 87.38427 87.38427 87.38427 87.38427 87.38427 87.38427 87.38427 87.38427 87.38427 87.38427 87.38427 87.38427 87.38427 92.18559 167.8221 180.4365 180.4365 180.4365 180.429 141.9183 93.37599 68.38557 56.52426 56.0608 56.0608 56.0608 56.0608 56.0608 56.0608 56.0608 60.76946 86.73966 86.83412 86.97519 86.97519 86.97519 86.97519 86.9752 75.8416 61.53744 61.42042 61.42042 61.42043 61.42043 61.42043 61.42042 128.2106 202.0889 202.0889 202.0889 202.0889 199.1383 185.6719 171.5933 148.0578 128.537 88.87128 66.27926 66.27927 66.27927 66.27927 66.27927 59.70164 48.72686 48.67169 48.67169
1864.86 885.73 87.38427 87.38427 87.38427 87.38426 87.38427 87.38426 87.38427 87.38426 87.38427 87.38427 87.38427 87.38427 87.38427 87.38426 136.3494 180.4365 180.4365 180.4365 180.4365 180.4365 164.5532 145.7183 145.7183 131.1541 121.9958 121.6321 105.066 104.5233 83.0503 67.64332 56.53127 69.98665 80.62081 80.13788 81.15165 85.46741 86.97519 86.97519 86.97519 86.97519 81.5195 64.15707 61.42042 61.42043 61.42042 61.42042 61.42042 67.46503 102.3619 138.8192 136.4125 141.3724 97.55543 67.62977 66.27927 66.27926 66.27927 66.27927 66.27927 66.27926 66.27927 66.27926 66.27927 51.52986 48.67169 48.67169 48.67169
316.0787 127.0425 121.422 206.448 174.6694 103.8847 90.46467 87.38427 95.99113 117.3153 113.3904 88.52164 87.38428 87.38427 87.38427 113.6909 178.9276 180.4365 180.4365 180.4365 180.4365 180.4365 170.3275 145.7183 145.7183 145.7183 145.7183 145.7183 145.7183 145.7183 145.7183 145.179 82.59293 80.04809 80.04809 80.0481 80.04809 80.3523 84.91746 86.97519 86.97519 86.9752 86.97519 83.43999 63.47694 61.42043 61.42043 61.42043 61.42043 63.9549 91.76826 116.8275 116.8275 114.5227 71.14126 66.27927 66.27927 66.27927 66.27927 66.27927 66.27927 66.27927 66.27927 66.27927 66.27927 53.24769 48.6717 48.6717 48.6717
87.38706 87.38427 194.6263 293.6628 207.3629 139.2195 138.7793 132.5201 138.3545 139.2195 139.2196 110.6257 87.38427 87.38427 89.67669 160.4036 180.4365 180.4365 180.4365 180.4365 180.4365 180.4365 176.3581 145.7183 145.7183 145.7183 145.7183 145.7183 145.7183 145.7183 145.0803 128.3235 80.2058 80.0481 80.04809 80.0481 80.04809 80.0481 80.18375 84.8035 86.97519 86.97519 86.97519 86.97519 80.54637 61.81312 61.42042 61.42042 61.42042 106.0889 116.8275 116.8275 116.8275 102.0599 66.27927 66.27927 66.27927 66.27927 66.27927 66.27926 66.27927 66.27927 66.27927 66.27927 66.27927 50.8682 48.67169 48.67169 48.67169
142.5577 87.38427 177.6717 293.6628 225.9442 139.2196 139.2196 139.2196 139.2196 139.2196 139.2196 109.1851 87.38427 87.38427 155.0073 199.6862 181.3957 180.4365 180.4365 180.4365 180.4365 180.4365 178.1162 145.7183 145.7183 145.7183 145.7183 145.7183 140.7818 111.0278 82.9732 74.47598 78.79716 80.04809 80.04808 80.04809 80.04808 80.04809 80.04808 80.28601 86.04047 86.97519 86.97519 86.97519 86.97519 73.32126 61.42043 61.42043 93.75163 113.3025 116.8275 116.8275 116.8275 116.1208 81.45245 66.27926 66.27926 66.27927 66.27926 66.27927 66.27926 66.27927 66.27926 66.27927 65.21238 49.30944 48.67169 48.67169 48.67169
240.9777 87.38428 196.9474 293.6628 280.192 147.1936 139.2196 139.2196 139.2196 139.2196 139.2196 124.1703 127.8116 156.9208 199.3135 201.4702 195.5264 180.5257 180.4365 180.4365 180.4365 180.4365 174.7006 145.7183 145.7183 145.7183 145.7183 120.6034 80.63515 74.47598 74.47598 75.09953 80.04787 80.04809 80.0481 80.0481 80.0481 80.04809 80.0481 80.0481 81.57422 86.94586 86.9752 86.9752 86.9752 86.43597 69.42862 62.05753 115.1028 116.8275 116.8275 116.8275 116.8275 116.8275 106.7296 66.27927 66.27927 66.27927 66.27927 66.27927 66.27927 66.27927 66.27927 66.27927 58.46355 48.6717 48.6717 48.6717 48.6717
675.8516 199.1453 292.3216 293.6628 293.6628 262.8023 161.6792 139.2196 139.2196 139.2196 173.8409 189.7649 196.2548 201.4702 201.4702 201.4702 199.4374 180.037 179.8846 180.4365 180.4365 180.4365 151.7843 145.7183 145.7183 145.6885 109.8761 74.87626 74.47598 74.47598 74.47598 75.72195 80.04809 80.04809 80.04809 80.04809 80.04809 80.04809 80.04809 80.04809 80.04809 83.96769 86.97519 86.97519 86.97519 86.9752 86.19122 94.19758 116.8275 116.8275 116.8275 116.8275 116.8275 116.8275 115.2413 66.48215 66.27927 66.27927 66.27927 66.27927 66.27927 66.27927 66.27927 66.12531 51.18917 48.67169 48.67169 48.67169 48.67169
1087.93 317.5317 293.6628 293.6628 293.6628 293.6628 291.6187 245.1972 189.8666 192.759 291.7421 248.7363 201.4702 193.3895 187.0864 162.3614 147.6977 147.349 151.9526 170.0083 180.4365 167.8708 145.742 145.7183 145.7183 132.758 74.47597 74.47597 74.47597 74.47598 74.47597 76.29057 80.04809 80.04809 80.04809 80.04809 80.04809 80.04809 80.04809 80.04809 80.04809 80.20435 86.16192 86.97519 86.97519 86.97519 86.97519 91.21613 116.8271 116.8275 116.8275 116.8275 116.8275 116.8275 115.0263 66.35284 66.27926 66.27926 66.27927 66.27927 66.27927 66.27927 66.27927 63.56018 48.67169 48.67169 48.67169 48.67169 48.67169
989.1729 397.2523 293.6628 293.6628 293.636 293.6548 293.6628 293.6628 293.6628 293.6628 259.0615 198.8469 165.5956 147.4006 147.349 147.349 147.349 147.349 147.349 147.4106 177.9487 161.8616 145.7183 145.7183 144.8874 93.82416 74.47598 74.47598 74.47598 74.47598 111.8298 84.49989 80.04809 80.04809 80.04809 80.04809 80.04809 80.04809 80.04809 80.04809 80.04809 80.55972 86.41989 86.97519 86.97518 86.97519 86.97519 86.97519 101.1814 116.8275 116.8275 116.8275 116.8275 116.8275 105.9862 66.27927 66.27926 66.27927 66.27926 66.27927 66.27926 66.27927 66.27926 64.12535 48.67169 48.67169 48.67169 48.67169 48.67169
293.2524 423.5029 314.475 289.137 285.7942 286.1908 293.4756 293.6628 293.4099 241.801 201.6475 164.4172 147.349 147.349 147.349 147.5528 183.8384 210.8456 210.41 195.2194 179.9161 165.1818 145.7183 145.7183 112.1887 74.47598 74.47598 74.47598 74.47598 122.676 193.3855 124.3088 80.04809 80.04808 80.04809 80.75069 83.1108 80.47823 80.04809 80.04809 80.04809 83.8954 86.97519 86.9752 86.97519 86.97519 86.97518 86.97519 87.43963 111.2654 116.8275 116.8275 116.8275 116.8275 96.1648 66.27926 66.27927 66.27927 66.27927 66.27927 66.27927 66.27927 66.27927 66.27733 52.61317 48.67169 48.6717 48.67169 48.67169
673.6253 727.5409 463.6459 285.1224 285.1224 285.1224 295.8008 425.4557 789.7992 227.6629 653.1724 475.675 147.349 147.349 147.349 184.1563 268.6549 254.4864 254.4864 211.5684 193.3786 203.6547 194.299 148.7038 100.744 74.47598 74.47598 74.47598 101.1409 193.0628 193.8107 185.4272 84.83924 80.04809 80.0481 81.87412 86.9751 85.80962 80.98383 80.0481 80.0498 86.33308 86.97519 86.9752 86.97519 86.9752 86.97519 86.9752 86.97519 101.6342 116.8275 116.8275 116.8275 116.8275 95.17644 66.27927 66.27927 66.27927 66.27927 66.27927 66.27927 71.39964 85.9073 100.2596 101.1198 88.34869 90.06339 87.50488 86.02128
728.264 727.5176 725.0723 336.6348 285.1224 285.1224 435.1729 499.0699 1369.404 1551.683 1580.719 1293.31 335.2077 278.1663 223.1482 316.1028 371.2947 254.4864 254.4864 245.4949 254.2702 254.4864 226.1166 152.1419 105.8924 74.47598 74.47598 74.52332 160.8473 193.8107 193.8107 193.8107 104.8179 80.0481 80.04809 80.04809 85.27573 86.97519 86.43555 81.84419 80.04809 84.74633 86.97519 86.97519 86.97519 86.97519 86.97519 86.97519 86.97519 95.64848 116.8275 116.8275 116.8275 115.7853 79.47819 66.27927 66.27927 66.27927 71.9935 96.21735 104.5344 110.0207 110.1077 110.1077 100.0316 92.11072 92.11072 92.11072 92.11072
1035.78 726.5897 725.8737 579.293 285.1224 300.0986 482.157 692.9628 1514.03 1336.598 1177.901 701.5881 660.0298 507.516 440.9274 440.9274 429.259 256.9851 254.4864 254.4864 254.4864 237.8555 152.2773 145.7183 126.3618 75.47577 74.47598 108.1622 193.8107 193.8107 193.8107 193.8085 93.35563 80.0481 80.04809 80.04809 82.60183 86.42959 86.9752 86.68684 81.3886 82.16365 86.9752 86.9752 86.9752 86.9752 86.9752 86.9752 86.9752 95.01716 116.8275 116.8275 116.8275 100.377 66.27927 66.29368 81.9498 106.5006 109.9457 110.1077 110.1077 110.1077 110.1077 107.7866 92.31789 92.11072 92.11072 92.11072 92.11072
1487.784 873.5479 725.8736 715.3419 315.6402 441.748 842.8559 957.3613 966.7875 919.0005 911.5035 834.5254 696.7063 488.5283 440.9274 440.9274 440.9274 290.7692 254.4863 254.4864 254.4863 217.1521 145.7183 145.7183 145.7183 132.1741 101.0755 183.5618 193.8107 193.8107 193.8107 179.2891 80.04809 80.04809 80.0481 80.04809 80.04809 80.56484 86.2861 86.97519 86.73475 85.94741 86.97519 86.97519 86.9752 86.97519 86.9752 86.97519 86.97519 94.89085 116.8275 116.8275 116.8275 93.88564 76.37524 107.9838 110.1077 110.1077 110.1077 110.1077 110.1077 110.1077 110.1077 95.67005 92.11072 92.11071 92.11071 92.11071 92.11072
754.9784 733.3258 558.7577 372.9695 290.8818 704.3794 957.3613 957.3611 957.3613 934.2245 914.8268 914.8268 856.7587 441.136 440.9274 440.9274 428.6104 258.6021 254.4864 254.4863 254.4864 242.4156 148.5651 145.7183 145.7183 145.7183 168.7013 193.8107 193.8107 193.8107 193.8107 149.322 80.04809 80.04809 80.04809 80.04809 80.04809 80.04809 85.2317 86.97519 86.97519 86.97519 111.8704 209.599 111.4315 86.97519 86.97519 86.97519 86.97519 92.76414 116.8275 116.7806 115.4892 111.5559 109.9985 110.1077 110.1077 110.1077 110.1077 110.1077 110.1077 110.1077 110.0142 92.34863 92.11071 92.11072 92.11072 92.11072 92.11071
343.0437 343.0437 343.0437 343.0437 353.6495 938.2217 959.2937 957.3612 957.3612 947.9001 914.8268 914.8268 912.0184 457.3255 440.9274 440.9274 430.5767 257.4553 254.4864 254.4864 254.4864 254.4864 456.5665 458.3047 153.849 145.7183 165.0149 193.8107 193.8107 193.8107 193.8107 106.0625 80.04809 80.04809 80.04809 80.04809 80.04809 80.06931 86.03399 86.97518 120.9095 310.8387 454.6883 459.4034 408.653 330.3383 258.1883 94.21999 86.97519 98.66771 113.4083 110.9895 110.1077 110.1077 110.1077 110.1077 110.1077 110.1077 110.1077 110.1077 110.1077 111.8153 128.083 115.1307 92.11072 92.11071 92.11072 92.11071 92.11072
343.0437 343.0437 343.0437 343.0437 352.7083 879.4155 967.4789 957.3661 957.3613 939.6432 806.128 805.3066 774.4657 479.5732 442.4978 440.9274 398.3997 254.4863 254.4863 254.4864 254.4863 254.4863 751.3104 942.4054 838.7684 580.6976 287.0563 317.1329 375.6927 220.3502 193.8107 128.3189 80.04809 80.04809 80.04809 80.04809 80.04808 305.3572 377.099 296.8894 445.5828 460.3992 460.3115 454.7909 452.7292 452.7292 452.7292 258.2549 86.9752 105.6775 110.1077 110.1077 110.1077 110.1077 110.1077 110.1077 110.1077 110.1077 110.1077 121.8785 138.2631 153.9777 156.4269 149.9101 95.6106 92.11071 92.11071 92.11071 92.11071
343.0437 343.0437 352.8051 354.7565 351.8656 674.5853 816.726 965.5071 958.2878 767.1767 518.3721 518.3721 518.3721 518.3721 503.6546 467.7172 381.3644 254.4864 254.4864 254.4864 254.4864 491.7104 933.9739 942.4055 783.9019 829.2048 613.441 576.6716 574.5637 214.6582 193.8107 189.3031 134.4044 80.04809 80.0481 80.04809 104.7007 460.0898 460.3992 460.3991 460.3991 459.2557 454.273 452.7292 452.7292 424.7234 266.1134 146.4707 96.14075 109.8169 110.1077 110.1077 110.1077 110.1077 110.1077 110.1077 110.1077 110.1077 126.739 155.8567 156.4269 156.4269 156.4269 156.4269 132.6734 92.11071 92.11071 92.11071 92.11072
343.0438 353.598 379.6176 379.9491 429.895 732.8751 732.8987 935.2806 968.7565 708.5156 518.3721 518.3721 518.3721 559.6356 564.9639 518.3721 485.6541 269.5895 254.4864 255.0647 381.9575 891.9919 942.4055 831.9299 579.8131 576.6717 576.6717 576.6717 572.9225 261.7407 193.8107 193.8107 192.9518 90.46856 100.2021 160.498 125.1923 460.3992 460.3991 460.3991 458.3203 453.0606 452.7292 452.7292 343.5529 162.5856 138.0724 138.0724 134.0281 110.8422 110.1077 110.1077 110.1077 110.1077 110.6566 111.5711 118.2467 132.3517 155.3412 156.4269 156.4269 156.4269 156.4269 156.4269 156.3314 106.0139 92.11072 92.11072 92.11071
1581.333 1683.244 507.6879 379.9491 424.3518 732.8987 734.8207 954.7512 972.7429 589.692 561.8984 769.325 1143.519 1438.55 1454.221 1277.482 576.5532 501.6409 426.7498 461.122 532.9573 539.5573 582.8394 576.7573 576.6717 576.6717 576.6717 576.6717 594.4337 564.8717 255.3776 194.5404 267.5706 356.6691 438.0021 460.3992 456.2253 460.3992 460.3992 459.4349 452.9293 452.7292 437.507 261.1252 139.0927 138.0724 138.0724 138.0724 134.3223 110.8361 110.1077 110.1077 110.1077 114.8087 150.5194 156.412 156.4269 156.4269 156.4269 156.4269 156.4269 156.4269 156.4269 156.4269 156.4269 115.5525 92.11072 92.11072 92.11071
2279.738 1964.296 1092.392 379.9491 382.506 705.9728 831.1414 972.7428 962.0473 736.2102 1222.83 1456.477 1456.487 1456.487 1456.487 1324.487 726.8718 532.9573 532.9573 532.9573 532.9573 540.8667 576.5515 576.6716 576.6716 576.6716 576.6716 579.6387 620.4205 624.0786 593.2042 443.3637 460.3992 460.3992 460.3991 460.3992 460.3846 460.0646 457.7716 454.5017 452.7292 374.5073 186.6852 138.0724 138.0724 138.0724 138.0724 138.0705 118.6376 110.1077 110.1077 115.5823 127.1768 147.3467 156.4269 156.4269 156.4269 156.4269 156.4269 156.4269 156.4269 156.4269 156.4269 156.4269 156.4269 125.0361 92.11071 92.11071 123.6727
1464.679 1458.978 754.5078 379.9491 379.9492 563.7059 936.4478 972.7428 898.8784 806.5956 806.5956 1064.427 1371.539 1456.487 1456.487 1426.036 582.7597 532.9573 532.9573 532.9573 532.9573 561.9734 588.1752 584.717 588.4175 594.5185 606.5787 621.2537 624.0786 624.0786 624.0786 465.4994 363.8965 509.6853 458.381 454.1655 453.7231 453.2157 452.7292 452.7292 445.0722 167.5839 138.0724 138.0724 138.0724 138.0724 138.0724 135.4625 110.1077 110.1077 118.4128 153.8527 156.4269 156.4269 156.4269 156.4269 156.4269 156.4269 156.4269 156.4269 156.4269 156.4269 156.4269 156.4269 156.4269 149.154 92.93348 92.1839 270.4458
351.3778 192.5352 213.6175 376.4086 379.9491 424.6593 849.1566 878.0079 813.0822 806.5956 806.6263 1043.419 1091.784 1220.931 1151.855 914.6655 521.4006 517.1594 511.9225 504.379 510.9434 587.5636 624.0786 624.0786 624.0786 624.2815 616.6046 604.5133 607.0787 581.8062 495.0689 294.5446 308.7427 774.535 1393.474 1436.013 1060.21 488.4158 452.7292 452.7292 331.1385 138.0724 138.0724 138.0724 138.0724 138.0724 138.0724 132.8203 110.1077 110.1077 136.9625 156.4269 156.4269 156.4269 156.4269 156.4269 156.4269 156.4269 156.4269 156.4269 156.4269 156.4269 156.4269 156.4269 156.4269 156.4269 120.7849 237.7741 313.6136
182.9418 201.5585 202.2782 322.718 379.9492 379.9491 682.6793 806.5956 806.5956 807.1011 961.2566 1091.406 1091.406 1091.406 647.1967 508.5472 508.5473 508.1595 497.5585 492.3142 492.3251 638.9487 658.1767 659.6691 667.7873 673.6252 584.5312 531.8193 531.8193 359.2253 291.0667 291.0667 291.0667 485.58 892.4528 1291.887 1672.469 1303.858 677.9907 570.5201 1117.495 387.8265 138.0724 138.0724 138.0724 138.0724 138.0724 137.476 110.1077 110.1077 139.6001 156.4269 156.4269 156.4269 156.4269 156.4269 159.9409 157.0951 156.4269 156.4269 156.4269 156.4269 156.4269 156.4269 156.4269 156.4269 224.7906 313.6136 313.6136
184.4803 202.2783 202.2782 327.4317 379.9491 379.9491 573.993 856.083 934.1734 972.0005 1084.182 867.0755 807.5064 749.8074 521.3331 508.4909 508.5472 498.206 492.3142 492.3142 532.7237 675.4976 675.4975 675.4975 675.4975 675.4975 602.9422 531.8193 531.8192 455.3647 298.9636 291.0667 291.0667 388.9755 692.895 588.5117 488.5448 629.5655 1495.432 1677.324 1677.324 1427.754 258.5773 138.0724 138.0724 138.0724 138.0724 138.0724 163.7977 126.5243 141.6034 156.4269 156.4269 156.4269 156.4269 159.9095 174.9033 159.9317 156.4269 156.4269 156.4269 156.4269 156.4269 156.4269 156.4269 156.4269 232.8086 313.6136 313.6136
