Scenarios/Heterogeneous/data/country_data_population_distribution/processed/density_grids/npl.asc
ncols 197
nrows 107
xllcorner 80
yllcorner 26
cellsize 0.041666666666667
NODATA_value -9999
[rows 0 to 33 of 107, columns 0 to 76 of 197]
0 0 0 0 0 0 0 0 0 0 0 0 0 0 0 0 0 0 0 0 0 0 0 0 0 0 0 0 0 0 0 0 0 0 0 0 0 0 0 1.090757 0 0 0 0 0 0 0 0 0 0 0 0 0 0 0 0 0 0 0 0 0 0 0 0 0 0 0 0 0 0 0 0 0 0 0 0 0
0 0 0 0 0 0 0 0 0 0 0 0 0 0 0 0 0 0 0 0 0 0 0 0 0 0 0 0 0 0 0 0 0 0 0.9018056 0 0 1.574384 1.049238 0.9959494 0.9959494 0.9536411 0 0 0 0 0 0 0 0 0 0 0 0 0 0 0 0 0 0 0 0 0 0 0 0 0 0 0 0 0 0 0 0 0 0 0
0 0 0 0 0 0 0 0 0 0 0 0 0 0 0 0 0 0 0 0 0 0 0 0 0 0 0 0 0 0 0 0 0 0 0.9741364 0.9959494 1.035608 1.053923 0.9959494 0.9959494 0.9959494 0.9959494 0.9959494 0.9959494 1.35348 3.474655 0 0 0 0 0 0 0 0 0 0 0 0 0 0 0 0 0 0 0 0 0 0 0 0 0 0 0 0 0 0 0
0 0 0 0 0 0 0 0 0 0 0 0 0 0 0 0 0 0 0 0 0 0 0 0 0 0 0 0 0 0 0 0 0 0 0.9531184 0.9959494 0.9959494 0.9959494 0.9959494 0.9959494 0.9959494 0.9959494 0.9959494 0.9959495 1.001077 4.89114 5.608938 5.583304 5.466341 5.467358 3.035305 0 0 0 0 0 0 0 0 0 0 0 0 0 0 0 0 0 0 0 0 0 0 0 0 0 0
0 0 0 0 0 0 0 0 0 0 0 0 0 0 0 0 0 0 0 0 0 0 0 0 0 0 0 0 0 0 0 0 0 0 0.9915693 0.9959494 0.9959494 0.9959494 0.9959494 0.9959494 0.9959495 0.9959495 0.9959494 0.9959495 1.009218 4.510609 5.608938 5.608938 5.608938 4.215794 2.615538 0 0 0 0 0 0 0 0 0 0 0 0 0 0 0 0 0 0 0 0 0 0 0 0 0 0
0 0 0 0 0 0 0 0 0 0 0 0 0 0 0 0 0 0 0 0 0 0 11.52245 6.920903 4.891063 0 0 0 0 0 0 0 0 0 0.9959494 0.9959494 0.9959494 0.9959494 0.9959494 0.9959494 0.9959494 0.9959494 0.9959494 0.9959494 0.9959494 4.132778 5.608938 5.608938 5.501727 3.069772 2.878847 0 0 0 0 0 0 0 0 0 0 0 0 0 0 0 0 0 0 0 0 0 0 0 0 0 0
0 0 0 0 0 0 0 0 0 0 0 0 0 0 0 0 0 0 0 0 0 7.476715 1.273211 1.273211 1.312605 0 0 0 0 0 0 0 0 0.9103253 1.081083 0.9961247 1.007113 1.099561 1.091853 1.029804 0.9959494 2.190301 2.015303 1.639529 1.813711 4.234626 5.608937 5.608938 4.531987 2.92611 2.926109 1.981355 0 0 0 0 0 0 0 0 0 0 0 0 0 0 0 0 0 0 0 0 0 0 0 0 0
0 0 0 0 0 0 0 0 0 0 0 0 0 0 0 0 0 0 0 0 0 2.211757 1.273211 1.273211 1.273211 1.535078 0 0 0 0 0 1.224893 1.368738 1.540227 1.596821 1.522789 1.529663 1.599725 1.599725 1.833849 3.565005 4.744478 4.756571 6.242241 9.100591 7.093275 5.608938 5.608938 5.55723 3.10877 2.926109 2.92611 1.541278 0 0 0 0 0 0 0 0 0 0 0 0 0 0 0 0 0 0 0 0 0 0 0 0
0 0 0 0 0 0 0 0 0 0 0 0 0 0 0 0 0 0 0 0 8.40289 1.273211 1.273211 1.273211 1.273211 1.283081 0 0 0 0 0 1.599821 1.599725 1.599725 1.599725 1.599725 1.599725 1.599725 1.599725 3.040761 4.756572 4.756571 5.081254 8.870367 9.100591 9.050711 6.118402 5.608938 5.4719 3.158053 2.92611 2.92611 0 0 0 0 0 0 0 0 0 0 0 0 0 0 0 0 0 0 0 0 0 0 0 0 0
0 0 0 0 0 0 0 0 0 0 0 0 0 0 0 0 0 0 0 3.220839 2.035557 1.273211 1.273211 1.273211 1.273211 1.310786 0 0 0 0 0 1.599725 1.599725 1.599725 1.599725 1.599725 1.599725 1.599725 1.599725 3.166713 4.756572 4.930206 8.372091 9.10059 9.128989 15.13359 5.655519 5.608938 4.570539 2.926109 2.926109 2.92611 1.448068 1.552958 0 0 0 0 0 0 0 0 0 0 0 0 0 0 0 0 0 0 0 0 0 0 0
0 0 0 0 0 0 0 0 0 0 0 0 0 0 0 0 0 0 10.20221 7.574537 6.832316 1.300872 1.273211 1.273211 1.296819 1.848108 2.04422 0 0 0 1.982419 1.855371 1.719738 1.725741 1.664972 1.599725 1.599725 1.599725 1.599725 3.489577 4.756572 6.910769 43.69154 55.92877 82.614 22.64556 6.554832 5.552317 3.549327 2.92611 2.92611 2.92611 2.926089 2.767914 2.653858 2.54546 1.65692 0 0 0 0 0 0 0 0 0 0 0 0 0 0 0 0 0 0 0 0
0 0 0 0 0 0 0 0 0 0 0 0 0 0 0 0 0 8.84786 7.627401 7.627401 7.397327 3.680373 2.65019 4.288372 2.558935 1.941206 1.941206 1.941206 1.941206 1.941206 1.941206 1.941206 1.941206 1.941206 1.941206 1.661145 1.599725 1.599725 1.599725 4.315956 6.477989 26.55254 42.5752 128.2644 101.7239 12.57292 5.536726 3.985682 2.92611 2.926109 2.92611 2.92611 2.925869 2.742522 2.653859 2.653858 2.653858 2.653859 1.948405 0 0 0 0 0 0 0 0 0 0 0 0 0 0 0 0 0 0
0 0 0 0 0 0 0 0 0 0 0 0 0 0 225.2935 75.20824 43.94162 26.19688 11.38422 7.166753 6.067888 5.78594 5.785941 5.78594 3.057618 1.941206 1.941206 1.941206 1.941206 1.941206 1.941206 1.941206 1.941206 1.941206 1.935424 1.613203 1.79494 2.600441 3.48008 4.926463 10.78092 27.78963 28.2437 39.44644 44.14671 3.395473 3.077024 2.92611 2.92611 2.92611 2.889806 2.822277 2.677912 2.653858 2.653858 2.653859 2.644782 2.633475 2.622767 2.469316 2.410145 1.840252 0 0 0 0 0 0 0 0 0 0 0 0 0 0 0
0 0 0 0 0 0 0 0 0 0 0 0 0 0 190.1569 151.5133 59.54407 44.47592 29.27013 11.30696 5.78594 5.785941 5.78594 5.785941 5.229026 1.945611 1.941206 1.941206 1.941206 1.941206 1.941206 1.941206 1.941206 1.941206 1.941206 1.874087 3.332203 5.004807 5.027632 5.027632 5.027633 8.034966 8.967184 31.8681 32.60011 19.09999 17.15222 21.9236 8.738593 2.888639 2.656734 2.653858 2.653858 2.653858 2.634809 2.515177 2.483149 2.48177 2.489717 2.665131 2.704399 2.704399 1.26736 0 0 0 0 0 0 0 0 0 0 0 0 0 0
0 0 0 0 0 0 0 0 0 0 0 0 0 179.9026 148.5268 105.9359 40.92317 37.74098 29.67141 11.64978 5.785941 5.792601 10.62444 13.9935 11.52536 2.367525 2.039161 1.941206 1.941206 1.941206 1.941206 1.941206 1.941206 1.941206 1.941206 1.941206 1.941206 3.704555 5.027632 5.027633 5.027633 5.027633 5.687664 31.23557 34.56988 49.99498 43.03925 38.06456 33.4675 2.951744 2.653858 2.653371 2.650242 2.56493 2.497329 2.48177 2.48177 2.48177 2.572641 2.696427 2.7044 2.7044 2.657842 0 0 0 0 0 0 0 0 0 0 0 0 0 0
0 0 0 0 0 0 0 0 0 0 0 0 205.9679 243.847 136.6825 113.3367 48.55164 62.78691 29.67141 23.29849 12.75763 17.62314 18.81149 19.22362 19.22362 20.48898 20.51904 16.09282 4.874402 1.941206 1.941206 1.941206 1.941206 1.941206 1.941206 1.941206 1.941206 3.851456 5.027633 5.027632 5.027632 5.153563 10.74308 23.52767 29.85797 58.87917 53.23579 48.39946 41.39129 4.66551 2.521527 2.486754 2.495989 2.48177 2.48177 2.48177 2.48177 2.489324 2.645881 2.7044 2.7044 2.7044 2.7044 2.7044 2.676893 0.814104 0 0 0 0 0 0 0 0 0 0 0
0 0 0 0 0 0 0 0 0 0 189.5468 141.1096 118.2036 121.7044 134.5147 149.0518 126.5821 94.73952 58.27457 73.69878 39.59028 33.63142 25.82655 22.34673 19.25738 24.87649 30.03403 27.14331 16.17957 2.36322 1.941206 1.941206 1.941206 1.941206 1.941206 1.941206 2.008246 4.23364 5.027633 5.027633 5.027633 9.244084 26.19626 36.88993 27.2527 23.92862 51.12551 57.72425 44.92406 16.50985 2.486114 2.48177 2.48177 2.48177 2.48177 2.48177 2.48177 2.54199 2.7044 2.7044 2.7044 2.7044 2.7044 2.237209 0.6803213 0 0 0 0 0 0 0 0 0 0 0 0
0 0 0 0 0 0 0 0 0 170.8543 164.826 164.1511 171.7435 181.4114 142.7377 146.5969 130.2973 123.0501 113.7728 73.99758 40.31682 61.7907 73.49076 41.65669 28.42263 29.74573 30.08204 30.17274 23.98488 14.01156 11.44102 7.342772 1.941206 1.941206 1.941206 1.941206 4.055527 5.027417 5.027633 5.027633 5.027633 13.24777 25.95389 46.02335 46.49072 42.70147 36.99615 49.09377 25.34726 17.3303 15.13265 6.164949 2.48177 2.48177 2.48177 2.696549 2.861231 2.520275 2.7044 2.7044 2.7044 2.7044 2.503817 0.6035691 0.5527827 0.5527819 0.330801 0 0 0 0 0 0 0 0 0 0
0 0 0 0 0 0 0 0 0 151.449 180.4677 254.4844 244.8233 251.2867 148.291 172.2543 172.6967 162.8533 158.2142 116.5609 103.7273 91.46526 56.30267 30.89028 29.74573 49.65595 41.61612 30.17274 30.15458 21.23442 19.03957 22.53867 20.61698 9.139997 2.906101 1.991455 10.53127 5.182788 5.027632 5.027632 12.39588 30.89193 27.24448 37.76926 61.73374 76.77579 62.10731 24.10071 12.47844 12.47953 25.9946 32.4496 21.3064 10.89359 7.516961 8.32631 8.388717 8.16187 5.815014 2.7044 2.7044 2.7044 2.579834 0.8850441 0.5527827 0.5527827 0.5527827 0.4551254 0.2476381 0.4143104 0.3649667 0 0 0 0 0 0
0 0 0 0 0 0 0 0 0 0 126.229 232.9398 246.1895 244.9628 252.317 187.8373 180.9928 169.1611 192.1746 143.485 98.82802 52.6237 29.74573 29.74573 41.19053 62.91906 50.62994 30.22421 54.69464 48.34254 19.03957 53.31289 74.99013 44.6528 31.09474 21.48699 21.94084 30.73647 6.266188 5.027632 15.01019 113.3208 76.37975 19.62454 74.306 142.061 144.9664 42.1445 42.63766 30.4552 18.7686 22.35781 19.47448 14.13305 8.552528 8.552528 8.667916 10.12682 9.611813 3.044008 1.555778 1.322104 0.8308259 0.55412 0.5527827 0.5527827 0.5527827 0.5722181 0.5987684 0.5987684 0.5934035 0.5715804 0.4779719 0 0 0 0
0 0 0 0 0 0 0 0 0 0 244.3493 216.4632 249.3002 187.2443 189.2166 213.9781 207.2039 259.3047 261.9565 208.7508 165.3834 119.8808 29.74573 53.6382 122.5132 99.27232 44.44569 61.05121 182.4628 138.8901 89.84504 63.44132 39.57947 37.99346 23.21161 21.94085 22.35299 56.52262 38.06355 20.857 36.75406 61.84625 71.83382 55.88605 61.92146 79.6968 91.43113 83.14191 57.36535 36.60236 30.19027 15.21882 15.21395 11.57039 8.552528 8.552529 8.739276 10.55253 13.63509 20.11383 1.072757 0.5527827 0.5527827 0.5527827 0.5527827 0.5527827 0.5527827 0.5847489 0.5987684 0.5987684 0.5987684 0.5987684 0.5987684 1.12559 2.706294 3.213019 0
0 0 0 0 0 0 0 0 0 326.3772 288.9846 182.1387 205.1729 199.5823 179.2022 155.176 182.8723 217.7885 205.8405 213.4241 221.6419 199.2627 171.1152 194.6466 139.3494 160.6708 175.7267 154.6567 165.7404 208.0609 172.0469 140.0701 85.6459 29.42613 21.94084 21.94084 21.94084 40.97195 58.90833 58.22939 68.51264 65.43567 49.48503 57.76682 60.20894 84.44301 82.78963 72.05553 54.10252 51.287 106.4003 137.1115 51.91712 22.17007 19.04024 8.710231 10.21554 10.61508 31.89533 34.7117 4.737 0.5527827 0.5527827 0.5527827 0.5527827 0.5527827 0.5527827 0.5761088 0.5987684 0.5987684 0.5987684 0.5987684 0.5987684 2.282105 3.637111 3.637111 3.637111
0 0 0 0 0 0 0 0 228.4135 195.9458 219.9303 323.4786 204.4602 234.9754 170.8015 124.1249 119.872 105.8145 117.0598 298.8435 226.4847 200.5334 209.972 233.749 254.9114 188.2807 210.3322 204.5556 151.8038 169.5106 122.693 94.0228 73.83401 22.02922 29.92942 45.9186 60.64673 65.52859 59.71842 67.40819 75.39234 81.58683 85.71358 73.35873 84.22081 110.0968 76.05431 43.64095 50.17226 51.287 30.85567 32.68593 44.72359 36.68793 35.28447 20.59692 10.97867 10.65995 28.20457 13.59272 0.5527827 0.5527827 0.5527827 0.5527827 0.5527827 0.556437 0.5688316 0.5975771 0.5987684 0.5987684 0.5987684 0.5987684 0.6505485 3.114005 3.637111 3.637112 3.000324
0 0 0 0 0 0 0 204.29 138.8207 142.9095 203.8099 225.3605 226.8932 224.0604 166.4946 125.4449 118.5955 105.2925 80.35525 65.4408 124.4193 194.847 214.5004 229.2153 278.1108 220.3613 100.3257 140.489 177.5073 104.2299 74.91651 91.27193 61.07787 59.39531 86.45197 91.31785 93.07487 101.6381 182.8425 189.6172 136.0659 102.6998 117.8172 92.88123 84.47265 86.49157 63.54824 69.80928 56.22346 69.62209 27.25858 17.01387 23.43367 34.83346 36.68794 28.905 23.55359 22.47297 27.54057 6.514113 1.464255 0.5527827 0.5527827 0.5527827 0.5527827 0.5761003 0.5987684 0.5987683 0.5987684 0.5987684 0.5987684 0.5987684 1.531611 3.637112 3.637111 3.00657 1.82894
0 0 0 0 0 0 194.9801 175.2961 189.7301 262.2575 221.9792 170.4645 160.8362 149.7318 119.5608 98.02269 97.7927 112.9046 111.6113 90.86968 76.41774 113.5365 159.266 155.4087 218.0495 108.0461 36.01364 170.6399 190.5704 92.67761 111.7037 145.9193 128.8952 118.0749 84.32667 85.31274 93.56221 93.87845 163.8666 110.6226 90.36184 152.3198 165.1443 66.82256 20.64687 29.43365 80.96559 164.6413 84.062 83.88383 42.41438 18.32865 16.80252 27.77776 35.76532 26.29089 25.51593 18.47079 16.39048 11.97082 3.552568 0.7192082 0.6372139 0.5698945 0.6265742 0.5916244 0.5987684 0.5987684 0.5987684 0.5987684 0.5987684 0.7414243 3.488977 3.637111 3.637111 3.633174 2.186247
0 0 0 0 0 0 247.6909 210.24 220.0021 203.1815 161.5219 155.6132 146.5647 74.02924 150.2996 111.3512 105.3017 102.9377 102.1908 103.4499 125.3937 133.6887 127.7062 155.9539 146.7947 32.90895 10.33348 14.9163 22.43649 146.2599 172.878 302.5787 393.326 192.3703 52.283 49.54906 65.29173 73.97444 57.93649 54.85698 56.01203 112.02 108.0803 27.22249 6.069401 6.069402 82.84805 134.5604 113.5249 76.66665 31.75279 19.58953 38.77486 42.92725 30.99627 25.56147 27.85448 16.03963 13.34614 11.97082 11.97082 3.428427 1.919213 1.099658 1.790297 1.377267 0.6885271 0.5987684 0.5987684 0.5987684 0.6614578 3.192137 3.637112 3.637112 3.637112 3.637111 3.478018
0 0 0 0 0 0 0 201.926 232.982 168.0612 143.1989 148.3064 117.6739 92.94361 181.3945 196.5301 222.2218 111.4707 117.3447 138.2629 178.0857 185.4431 190.0995 191.2273 166.6276 35.21851 0 0 47.00475 144.6355 259.3979 380.7427 207.1882 141.9628 112.2006 83.37245 87.76237 48.73513 20.09687 39.86571 54.85556 78.04941 29.59361 12.81808 6.069401 6.069401 69.64542 113.2337 152.2919 80.42171 63.91941 162.4636 48.00254 42.56376 26.33897 26.23414 45.68988 48.31068 20.62881 11.97082 11.97082 9.296868 1.941124 1.919213 1.919213 1.919213 1.361742 0.6778935 0.6426111 0.7034236 0.5988005 2.431533 3.36007 3.637111 3.637112 3.637111 3.637111
0 0 0 0 0 0 0 128.3857 84.14246 111.2497 77.2604 81.70291 95.76888 123.1794 171.1119 187.3911 275.8763 202.7978 163.1666 142.7682 200.0481 252.0523 269.9753 232.9987 179.0037 177.2165 122.8754 52.4775 86.61529 150.2107 290.6706 231.9985 235.4588 105.0285 106.0811 101.3582 47.72861 15.708 14.45997 49.36341 39.73257 32.45023 18.40495 13.14038 8.834022 30.32189 94.77965 98.46129 84.80753 64.08478 133.525 178.0283 250.0617 59.25684 26.57022 32.217 35.78548 16.79591 11.97082 11.97082 11.97082 11.96951 3.376752 1.919213 1.919213 1.919213 1.806397 0.9490463 0.9110307 0.9110307 0.7321155 0.6847939 2.443189 3.637112 3.637112 3.637112 3.003097
0 0 0 0 0 0 0 69.68376 56.50348 60.77794 61.69215 65.37594 128.2066 170.781 170.4791 131.5978 216.3648 166.8878 182.517 130.1823 185.0257 278.1653 315.7987 279.6703 257.889 241.3491 215.8317 221.3154 185.3179 302.0596 253.9923 208.3017 191.8879 157.1617 107.7399 78.06097 14.90015 29.52471 42.34771 85.40546 33.00415 18.6419 12.87924 13.33284 43.16588 76.68318 84.01343 103.658 124.7807 158.3269 172.2142 171.5077 208.3157 106.449 85.54929 16.96527 11.9461 11.97082 11.97082 11.97082 11.90044 3.951241 1.919213 1.919214 1.919213 1.919213 1.677998 0.9316738 0.9110307 0.9110307 0.9110307 0.9110307 1.095378 3.090698 3.637111 3.637111 2.49038
0 0 0 0 0 0 0 63.3968 59.35149 78.69485 81.03475 65.11148 108.1142 104.25 100.831 53.58551 84.8982 108.6324 95.93612 84.7226 101.8487 94.54971 200.8909 279.2796 191.3485 180.9548 190.6174 177.9981 305.0724 367.8093 279.084 216.0834 162.7623 131.7261 125.0139 112.0324 18.39959 22.57957 42.68686 50.29566 15.09797 12.5094 12.55567 15.57148 39.58458 93.61172 175.4726 182.9786 139.1212 150.7645 51.18441 34.85321 37.31118 58.13718 104.6381 44.98436 11.85708 11.89929 11.88432 11.86374 11.7253 2.425709 1.919213 1.919213 1.919213 1.912844 1.094561 0.9110308 0.9110307 0.9110307 0.9110307 0.9110307 0.9110307 0.9847981 2.519248 3.071267 2.081057
0 0 0 0 0 0 93.82291 84.79581 85.71881 85.71902 82.87449 46.07163 41.79594 41.79595 47.32348 55.93373 47.00427 76.98289 67.14401 82.77737 79.8681 100.7328 141.9617 197.5017 207.1356 246.6909 153.2139 134.3053 218.676 198.0061 355.2377 324.4888 229.0396 161.9281 159.5247 124.6057 28.08479 74.03893 38.03625 11.37885 12.20367 21.44796 26.09481 21.49288 15.03273 37.71614 75.90018 55.67083 59.24834 22.62854 17.84162 13.47376 13.46679 27.43162 27.87877 11.83895 11.83896 11.83895 11.83896 11.83895 11.83896 9.822102 1.925246 1.919213 1.919213 1.919213 1.376552 0.9110307 0.9110307 0.9110307 0.9110307 0.9110307 0.9110307 0.9110307 2.557798 3.204516 3.147779
0 0 0 0 0 0 122.746 93.65617 88.8869 88.30412 91.90579 83.56478 63.86485 53.6516 67.89783 63.78492 39.58095 38.16958 34.34333 37.65655 56.81572 120.2602 126.8958 170.8903 157.9272 106.721 67.76358 72.54165 143.9938 316.91 346.3684 302.7093 296.7725 251.7328 195.0857 168.6449 98.43024 81.58422 93.06827 44.23846 26.28819 38.93694 28.73929 20.37145 9.119193 13.7818 30.17972 32.20773 25.79216 20.41023 19.8954 16.27139 13.46679 13.4463 12.70287 11.83896 11.83896 11.83901 18.75489 20.68421 20.19089 9.971484 1.919213 1.919214 1.927895 3.097966 2.082149 0.9110307 0.9110307 0.9110307 0.9110307 0.9110307 0.9110307 0.994532 2.619859 3.204516 3.204516
0 0 0 0 267.6896 109.1582 101.247 101.247 101.247 101.247 98.20729 96.07662 94.97789 87.75848 79.57489 58.79676 47.01867 42.67146 35.07338 34.13863 41.91443 52.29178 50.58696 89.03367 95.58624 75.01183 67.74357 59.30122 54.78772 114.4852 210.9801 195.3504 229.3848 323.1906 218.9442 156.5046 169.0191 93.96529 36.80248 36.92569 31.61632 30.45476 8.701651 7.528846 7.529281 7.656372 7.563809 11.95144 19.57567 19.89541 19.89541 19.67288 13.78606 17.78769 27.16096 28.0465 27.55148 21.74963 28.79916 26.71958 22.14909 17.21187 1.919214 2.109621 18.1822 36.22004 29.19563 6.381625 0.9110307 0.9110307 0.9110307 3.483038 4.108087 4.099151 3.204516 3.204516 3.204516
0 0 0 373.1114 408.0348 339.9141 294.6448 294.034 136.0309 112.3021 99.37733 97.16737 96.07661 98.85079 92.94165 60.6639 56.97686 52.32806 46.90111 40.29836 43.08156 50.97606 67.93437 79.89101 67.02364 57.45313 41.24331 62.74525 66.67675 62.97967 157.2973 209.6677 231.7765 234.4936 260.1264 265.6605 229.1818 194.0849 52.26205 36.22768 42.13923 18.43232 4.158829 5.666897 7.264575 6.535296 5.571152 4.950404 13.34671 19.89541 19.89541 20.73566 22.24879 26.15492 30.59704 33.21349 33.21349 32.2915 29.24894 26.75776 18.53367 19.83874 14.89967 12.42733 72.22478 52.24419 37.27216 28.39714 20.0498 10.49657 3.619877 10.70904 10.29094 8.849401 6.403185 2.730024 3.201382
