Scenarios/Heterogeneous/data/country_data_population_distribution/processed/density_grids/npl.asc
ncols 197
nrows 107
xllcorner 80
yllcorner 26
cellsize 0.041666666666667
NODATA_value -9999
[rows 34 to 67 of 107, columns 0 to 76 of 197]
0 0 0 394.3413 423.3315 1311.748 832.9097 676.0674 139.9194 389.895 337.3598 162.2014 98.7195 110.2125 110.4891 95.13991 68.16653 62.33247 53.07164 51.77962 49.57821 46.93803 58.70502 61.58457 62.72864 50.12228 30.80183 44.12688 95.9767 159.5379 164.6713 194.6107 259.9388 220.6029 203.0518 340.1516 290.1616 317.7131 293.8205 116.9837 85.63396 46.9813 27.57847 6.952219 4.43821 4.399371 4.158829 7.769236 26.35729 20.12097 20.14313 24.85289 26.15492 27.54014 32.59191 33.44947 39.26851 33.62924 26.41016 26.29319 36.78656 34.99421 27.17712 18.61357 22.48616 43.10957 38.24711 31.02189 32.34585 26.77351 10.77799 10.24627 9.849209 9.317255 6.073295 1.370299 2.523244
0 0 0 420.6389 479.1933 1333.942 699.778 577.1833 199.7888 468.7266 356.1386 253.1924 140.904 111.0986 110.4891 106.5147 98.4374 98.4374 86.72102 58.9369 53.29221 51.80688 51.06262 55.3772 61.80716 40.68404 31.90096 47.70385 51.93705 125.7988 128.799 121.26 201.6711 188.1797 178.3346 202.4391 321.3128 223.5648 141.9341 105.1381 84.03834 95.05546 67.35152 68.03758 43.83549 55.1522 26.82603 34.67545 37.35762 29.03703 42.88763 44.66793 26.15492 27.56964 33.21349 33.87677 50.47083 45.75006 37.7386 51.22282 54.55386 30.34172 25.51578 20.09065 20.65395 23.09995 45.05015 79.23466 47.43236 18.75001 13.12583 9.366559 9.317254 9.048298 1.890341 1.150049 1.150049
0 0 1886.826 239.9703 210.0799 971.2939 680.1653 282.1982 432.7151 457.0149 312.0007 249.4422 166.8423 151.6833 144.7791 115.6423 84.68636 82.19028 70.92612 51.28162 50.19946 55.26913 54.89799 48.42963 26.69036 21.32901 21.3292 35.05516 51.08578 96.68497 103.4196 99.08436 108.7635 111.0791 109.5376 137.6714 208.37 197.472 110.499 132.9452 219.1715 219.5217 182.8044 98.80088 105.1061 96.73619 48.31636 37.35762 51.12036 68.66063 57.77671 57.65332 52.50632 57.21144 54.0593 43.05828 50.50948 46.11408 40.63783 50.10699 33.60871 19.17918 19.17918 19.17918 21.00698 23.12007 28.04886 26.66883 19.85628 19.54564 16.44592 9.458838 9.090422 4.161953 1.150049 1.150049 1.150049
0 1919.527 1517.182 0 0.5596761 273.6533 46.52964 471.7711 819.1877 404.4377 308.0323 307.9633 181.0298 159.301 159.301 159.301 58.19476 37.64803 37.64803 37.64803 46.26405 57.90987 55.98238 50.18206 46.47862 23.82936 21.7486 25.74955 30.39247 53.7133 61.62135 72.55257 91.95628 59.71824 54.46676 91.06219 109.9855 207.8194 306.0297 306.3128 279.8476 155.9413 151.0879 206.092 149.9052 72.67614 47.51114 90.94323 74.08038 86.38549 88.93505 74.10249 73.95272 94.62655 59.47335 50.50948 52.04214 44.60289 40.63783 48.70257 24.84988 19.17918 19.17918 19.17918 19.72548 21.20267 20.48818 20.45115 19.88428 19.54564 17.77826 10.25443 8.925468 6.119294 3.508428 1.424518 1.150049
0 0 1783.005 0 0 104.6446 97.20353 389.3633 1406.316 905.9752 435.7681 336.974 653.5359 699.6417 399.465 238.4443 90.28507 37.64804 37.64804 38.29975 55.51026 56.95726 53.37994 50.18206 50.21372 70.90185 48.40529 53.47361 34.3626 47.75764 49.93841 71.01647 67.71349 60.25339 56.41976 70.25119 110.4561 259.6587 212.2843 261.5809 198.1885 91.71521 268.0238 293.1618 169.4978 104.8179 67.53612 107.0892 95.34827 131.4157 108.7627 110.6258 114.3555 136.4202 140.9419 68.49937 87.47672 82.32173 31.22083 22.29156 19.17918 19.91518 26.9105 31.22651 30.44557 26.57185 20.45115 20.37308 19.5575 19.54565 18.15606 10.83498 10.83498 10.83498 10.83498 10.71265 1.552332
0 0 0 177.5968 0 135.1688 247.8684 412.8787 589.2208 808.9214 808.1797 636.4095 630.9631 1021.031 982.3639 586.3671 205.4212 58.26972 126.8873 69.79818 195.6335 216.7551 210.4813 155.4105 92.79504 77.72941 77.75541 76.86845 68.96991 69.24346 51.81694 58.32589 78.16139 94.57742 103.876 99.4968 76.02445 97.9446 471.1721 510.9826 278.9921 162.1443 251.6228 239.3146 176.8566 157.4767 182.2448 154.8057 101.4137 144.3319 132.0254 113.7416 120.9671 125.9779 139.9328 109.4716 102.1493 177.0366 35.83238 30.55964 28.91137 31.30703 33.22835 38.14003 38.14002 38.12262 20.22213 9.236309 7.793153 8.312609 8.248342 9.264442 10.598 10.83498 10.83498 10.13904 1.163277
0 0 0 0 0 374.9381 2441.968 1056.651 602.3994 780.4422 767.6034 770.3909 776.2097 1131.724 799.7809 553.3029 297.0083 282.9087 265.3323 305.9541 522.1594 358.6117 215.6723 215.6723 235.0384 115.3704 77.75541 77.75541 77.75541 75.975 56.73648 42.58405 68.97695 90.58717 65.03838 42.19556 51.67747 84.47761 478.1432 693.8076 321.7154 250.812 172.4119 148.8878 121.0372 122.749 189.8865 193.0849 179.0798 158.4254 135.4289 130.9976 157.6771 134.6262 126.0171 162.0617 159.7763 182.9119 134.0648 37.76058 31.54975 33.04636 37.82933 38.14003 35.68574 27.91985 17.54058 6.927005 6.927005 6.927005 6.927005 6.927005 6.929234 7.051266 9.057796 10.82119 1.357295
0 0 0 0 0 0 1232.734 1633.007 1161.749 1350.842 840.8891 736.1624 751.8721 585.4818 385.1306 429.9794 347.4431 315.337 269.8875 399.822 579.632 364.5387 219.753 433.5533 641.1986 468.5558 240.6147 260.89 134.7168 77.75541 50.13462 27.69141 27.69141 29.83052 42.63033 44.23608 43.48946 149.1128 189.2096 169.2708 125.1722 126.6512 133.666 131.2181 138.1068 139.1316 156.8459 178.6507 180.5914 136.8342 154.3188 174.1663 167.5287 165.1956 157.9781 247.6696 175.2618 156.7166 240.0094 92.59212 81.01462 63.51508 68.18298 66.33997 34.79287 23.78042 19.74205 7.430213 6.927005 6.927005 6.927005 6.927005 6.927005 6.927005 6.931716 6.503306 4.59279
0 0 0 0 0 0 0 0 1826.488 6794.839 3633.007 1101.711 627.1091 0 327.3507 324.3239 346.3284 343.9707 318.4489 366.3116 417.8866 311.6773 261.7497 622.5788 828.1573 671.9808 682.3027 680.8015 584.197 190.1519 65.93876 25.09148 26.59001 26.00264 35.28457 45.51353 50.16283 58.53201 76.76811 139.0172 142.891 156.2576 143.1772 103.811 95.96138 145.7051 136.6408 131.8436 128.1903 138.3532 190.8086 193.9622 198.353 170.0872 111.3849 125.407 140.0618 140.745 198.3349 96.11607 78.86902 67.49229 97.31351 83.56108 66.78831 23.78042 23.64507 11.19534 16.00905 6.936364 6.927005 6.927005 6.927005 6.927005 6.887201 5.666187 4.593694
0 0 0 0 0 0 0 0 0 11062.04 4105.38 2372.408 0 0 0 381.7044 681.7562 468.4451 331.8414 400.3775 376.2606 342.203 334.5098 660.9778 986.2291 749.1688 688.0718 633.5997 622.4459 575.8687 376.2261 7.098266 23.83537 24.45347 24.45347 28.1457 51.37525 64.78593 325.0276 375.6486 59.66013 88.73219 112.6021 85.2952 70.3585 104.983 116.5524 112.7101 105.9966 127.4688 200.1824 233.1846 279.3948 326.4169 180.8265 126.9622 170.6083 144.4024 234.6356 196.3704 133.1492 131.4147 188.3445 94.51062 47.91559 34.36156 47.7628 61.32916 32.55334 21.58048 17.80951 12.12671 6.925514 6.92405 6.58774 4.612154 4.593694
0 0 0 0 0 0 0 0 0 0 0 1195.553 0 0 0 0 637.9537 650.4415 386.3782 462.1265 398.9946 362.2292 323.9167 540.0175 1063.245 1134.911 998.691 654.6788 639.2809 662.9839 134.1044 0 0.9311991 10.97923 24.16847 27.91973 39.21938 234.07 632.425 464.1838 100.5696 77.47005 51.04935 58.30163 56.90294 93.19767 112.9633 74.33744 77.80442 82.68693 106.5353 130.3267 189.1216 252.3448 188.8692 287.9371 280.3377 300.3839 297.1066 227.1102 181.4994 145.0434 126.5879 89.79939 95.65673 67.97983 89.92541 59.11696 37.95373 29.18249 28.1692 9.103605 6.790132 6.790455 6.374734 5.792044 4.593694
0 0 0 0 0 0 0 0 0 0 0 0 0 0 0 0 0 0 415.473 568.3957 355.649 326.9318 267.5226 424.8388 1084.858 1009.521 1065.008 1013.896 752.1749 494.7752 7.063561 0 0 0 11.00407 25.1801 30.40488 200.0431 233.004 197.8951 105.8622 79.27017 64.68941 57.20709 46.86174 63.91154 83.23185 86.94489 100.0842 91.71882 128.7701 112.6688 130.2015 189.0774 234.4018 297.1435 270.3082 547.1193 310.6346 250.4179 236.9832 103.8301 100.0284 89.77046 144.8812 60.08717 63.85973 44.53767 31.11494 31.26679 38.29623 20.5203 6.785433 6.785432 9.502818 14.02605 9.488126
0 0 0 0 0 0 0 0 0 0 0 0 0 0 0 0 0 0 0 465.0226 300.5118 300.0682 267.5225 733.7456 844.0957 1323.342 1493.622 1532.921 545.0244 274.8729 3.474765 214.6656 3.00468 0 0 1.892463 17.27806 54.38183 145.0969 136.2456 104.11 63.91006 93.3059 150.9383 107.1637 59.87895 67.29213 60.63557 99.5021 125.7484 135.8888 130.8715 146.3779 187.9708 237.8781 262.2467 266.9276 198.6988 154.784 160.6699 170.0856 177.573 117.4413 49.03855 61.94862 70.8252 49.05103 45.41376 39.71893 38.08507 46.12803 20.98222 6.785432 6.785432 7.306942 13.74654 14.78746
0 0 0 0 0 0 0 0 0 0 0 0 0 0 0 0 0 0 0 0 0 0 651.889 916.6026 813.627 1293.409 1376.866 691.2881 572.9822 95.98003 249.0256 549.5717 24.02044 0 0 0 0.06632046 7.430096 23.83852 28.27296 84.15314 110.1349 140.9987 173.7263 103.7631 75.47628 58.67611 45.4911 106.3469 128.6958 131.3391 139.0827 178.3252 200.4428 212.2258 232.8382 282.9251 172.9594 90.48815 143.4823 201.1576 218.1866 226.4056 122.5231 98.61682 96.28584 64.15198 48.01981 46.52159 45.72274 46.12804 26.02894 8.46265 6.785432 36.69328 61.51503 42.9002
0 0 0 0 0 0 0 0 0 0 0 0 0 0 0 0 0 0 0 0 0 0 0 0 2215.601 6221.087 591.8831 519.3438 415.6131 200.5349 442.4981 471.486 115.929 6.517085 0 0 0 0 2.061896 19.37478 53.01047 132.3258 146.9413 157.2531 149.7946 92.51922 93.71818 116.6862 143.6354 146.1026 149.1175 175.5067 195.157 194.7974 210.7461 232.8322 228.3904 132.3199 119.8973 135.2486 122.7382 127.6031 183.6499 153.3207 106.5796 72.98522 51.37475 48.28696 42.28054 41.60151 46.08633 46.12804 31.71504 8.592741 71.6009 68.26829 46.97701
0 0 0 0 0 0 0 0 0 0 0 0 0 0 0 0 0 0 0 0 0 0 0 0 0 0 563.9254 536.6 447.4088 358.6421 292.5188 309.4834 268.9059 73.25867 0 0 0 0 0 0.2072123 55.24927 137.1563 126.1081 145.1113 168.2339 122.2037 114.4463 103.4038 134.3507 132.0406 149.5908 235.172 238.5866 174.6065 166.2829 183.7047 178.8938 138.9232 143.7069 136.8465 156.2363 153.8108 79.80875 72.29269 88.54478 66.40311 68.94685 46.85755 40.17361 40.80497 43.43567 46.12804 47.54882 33.71274 44.01488 70.20808 46.03183
0 0 0 0 0 0 0 0 0 0 0 0 0 0 0 0 0 0 0 0 0 0 0 0 0 0 0 0 0 334.4056 211.6568 251.685 267.1603 543.1723 259.8268 52.59048 0 0 0 0 52.18652 160.4137 79.76662 51.21075 57.91697 79.96107 93.93306 71.41799 69.13138 104.1755 123.2631 186.6509 304.4673 179.4985 136.8317 134.6906 134.3867 83.26577 101.0863 119.8262 153.1981 160.4077 81.8601 75.72958 103.1064 107.3294 95.76975 141.873 52.81379 40.80498 49.98266 55.06497 53.68402 57.67927 78.54786 74.5938 85.93748
0 0 0 0 0 0 0 0 0 0 0 0 0 0 0 0 0 0 0 0 0 0 0 0 0 0 0 0 0 0 545.1932 393.4702 313.001 502.7334 284.3988 253.2249 123.9803 39.07399 13.19042 12.45424 170.6447 237.1113 119.0197 51.21075 50.82239 49.52682 49.4792 48.08808 45.55257 41.33761 93.5442 128.2672 173.8599 188.8583 157.0194 166.0248 158.0628 132.3373 77.67606 104.6041 113.1314 119.4208 103.7108 92.26506 136.8131 129.3697 159.0829 167.5959 117.8627 85.82393 61.89219 71.40675 123.3803 109.7216 128.1324 216.5685 90.37711
0 0 0 0 0 0 0 0 0 0 0 0 0 0 0 0 0 0 0 0 0 0 0 0 0 0 0 0 0 0 613.1722 571.2893 430.4391 285.7247 298.4189 325.7127 471.753 249.1674 165.3637 292.7589 329.8761 518.1874 331.667 169.2128 51.72004 49.48714 46.62822 41.35978 41.45004 41.33824 89.40419 123.695 146.6311 149.7717 148.5765 179.0152 171.845 157.8567 143.6438 145.0827 146.603 143.4949 127.1804 150.289 165.4571 147.8183 176.3875 185.3482 131.5482 140.3403 133.9778 154.2164 136.4295 138.7816 218.1935 198.2975 131.6637
0 0 0 0 0 0 0 0 0 0 0 0 0 0 0 0 0 0 0 0 0 0 0 0 0 0 0 0 0 0 0 650.9849 638.8701 436.3722 348.2961 460.3263 533.5991 273.975 331.8902 493.5417 687.7961 437.4857 300.2876 62.47149 55.55196 47.7771 42.1486 41.30786 45.54706 104.7938 126.8976 133.0885 163.493 186.7977 449.6049 460.919 238.9779 151.0258 136.4545 141.4501 217.2816 196.2072 158.3586 147.0792 125.4651 166.6741 225.3959 169.6337 197.1637 181.2672 174.8492 221.499 200.7279 213.1417 315.7094 298.3236 270.3898
0 0 0 0 0 0 0 0 0 0 0 0 0 0 0 0 0 0 0 0 0 0 0 0 0 0 0 0 0 0 0 0 631.6168 557.866 536.1791 387.893 433.1695 490.5185 314.5094 785.3315 526.6795 293.1518 79.23711 55.95991 55.79345 28.66671 23.28529 34.74067 77.26903 127.4704 127.4733 140.942 169.4585 210.5078 444.8794 635.2796 263.0201 169.9988 98.57558 107.6004 188.5751 180.2354 133.6895 164.5179 178.7029 208.339 244.0989 198.3528 213.416 224.9441 256.2498 335.8885 292.3439 332.56 203.6124 178.9416 264.8041
0 0 0 0 0 0 0 0 0 0 0 0 0 0 0 0 0 0 0 0 0 0 0 0 0 0 0 0 0 0 0 0 661.5767 0 0 451.467 405.2709 582.0992 520.3145 683.9774 457.9243 176.4005 55.95991 55.81591 37.18859 20.8383 20.8383 20.9124 91.87508 134.229 139.1974 287.3492 625.0934 228.3789 544.8351 606.8774 284.7082 314.4738 172.9242 122.0483 187.0582 208.1143 172.9431 129.2439 172.7457 171.9681 162.6858 266.5052 338.6558 347.0912 332.8869 277.4608 213.2291 258.5211 232.2232 264.342 262.4991
0 0 0 0 0 0 0 0 0 0 0 0 0 0 0 0 0 0 0 0 0 0 0 0 0 0 0 0 0 0 0 0 0 0 0 0 488.4117 596.5456 664.3782 1075.415 809.0862 188.1157 80.92902 38.76519 20.8383 20.8383 20.8383 20.8383 62.08125 126.2371 173.4403 465.1009 646.0791 787.5957 2223.833 993.9484 417.5346 235.8646 177.6393 208.0533 254.3081 251.0997 192.1161 89.77303 132.0768 154.3145 173.7633 274.756 453.1377 331.1192 284.6986 253.3407 312.859 187.7293 179.6095 238.1247 215.7483
0 0 0 0 0 0 0 0 0 0 0 0 0 0 0 0 0 0 0 0 0 0 0 0 0 0 0 0 0 0 0 0 0 0 0 0 0 726.296 2349.677 3744.621 774.9079 363.0547 239.7332 184.0812 111.5232 51.15824 30.2748 20.94144 22.04203 24.05643 60.19778 133.3042 194.4814 458.5381 1166.854 548.526 531.9623 407.4965 270.1968 239.1833 253.291 289.1269 299.7552 136.0542 113.4202 124.0871 155.454 165.9505 236.5285 231.9179 198.4779 148.1074 197.6141 138.2751 236.1196 239.1086 266.2768
0 0 0 0 0 0 0 0 0 0 0 0 0 0 0 0 0 0 0 0 0 0 0 0 0 0 0 0 0 0 0 0 0 0 0 0 0 0 1554.682 1207.398 825.3138 415.7767 246.6074 217.6924 198.5383 198.9594 197.87 68.71683 22.18629 22.18629 22.18629 22.18629 61.36033 272.7925 450.5164 438.9906 376.5155 356.874 311.2497 245.4442 153.8904 119.065 56.72213 49.09843 267.9346 155.904 144.7449 118.8033 99.78999 156.7267 189.4464 145.6167 135.1801 223.0566 277.2868 277.4289 449.0377
0 0 0 0 0 0 0 0 0 0 0 0 0 0 0 0 0 0 0 0 0 0 0 0 0 0 0 0 0 0 0 0 0 0 0 0 0 0 0 0 0 483.3499 302.1794 294.8846 220.8275 200.362 198.9594 109.3651 22.18629 22.18629 22.18629 22.78866 36.44716 64.01704 117.8736 300.0063 208.7055 115.9712 167.7554 147.4245 90.14671 81.16409 52.82286 154.2261 281.2394 248.3824 144.0865 142.0114 114.0991 146.2052 152.066 138.1823 187.2847 170.6422 253.3213 187.4317 365.1339
0 0 0 0 0 0 0 0 0 0 0 0 0 0 0 0 0 0 0 0 0 0 0 0 0 0 0 0 0 0 0 0 0 0 0 0 0 0 0 0 0 0 442.8676 252.3255 178.4594 395.9873 237.4017 206.26 157.3477 100.4595 36.7596 39.72456 38.60235 49.46274 58.96357 64.18472 67.77371 85.17808 95.9426 104.6312 89.80194 82.4316 111.4921 139.9245 139.6938 139.6938 139.4348 137.0359 125.9374 137.6259 133.9116 119.9391 171.1 241.6849 107.8508 217.1969 229.0935
0 0 0 0 0 0 0 0 0 0 0 0 0 0 0 0 0 0 0 0 0 0 0 0 0 0 0 0 0 0 0 0 0 0 0 0 0 0 0 0 0 0 0 0 390.4589 381.9052 393.4984 0 0 0 213.1931 40.10154 40.10154 40.10155 40.10154 45.96134 54.6546 60.71262 64.22478 69.59911 354.5642 273.6571 91.6516 223.8567 194.6293 170.8662 167.3568 118.0961 93.38668 87.23104 81.89025 91.05518 126.9544 137.2103 88.728 207.8876 213.7663
0 0 0 0 0 0 0 0 0 0 0 0 0 0 0 0 0 0 0 0 0 0 0 0 0 0 0 0 0 0 0 0 0 0 0 0 0 0 0 0 0 0 0 0 0 0 0 0 0 0 0 0 296.8141 61.92467 40.10154 40.10154 40.10154 48.76923 64.43425 121.5238 457.7613 303.757 112.7645 233.8309 231.167 227.3861 205.4707 101.774 63.53649 63.53649 63.53649 64.24986 94.839 45.02847 71.42137 153.5294 136.6146
0 0 0 0 0 0 0 0 0 0 0 0 0 0 0 0 0 0 0 0 0 0 0 0 0 0 0 0 0 0 0 0 0 0 0 0 0 0 0 0 0 0 0 0 0 0 0 0 0 0 0 0 0 0 170.8595 40.14942 40.7159 52.34589 64.50892 88.58585 161.364 209.8384 183.4951 104.4074 83.75161 87.08076 72.5699 72.8311 64.80322 65.66946 63.53062 62.90099 61.7027 25.16041 41.6974 83.37366 85.18329
0 0 0 0 0 0 0 0 0 0 0 0 0 0 0 0 0 0 0 0 0 0 0 0 0 0 0 0 0 0 0 0 0 0 0 0 0 0 0 0 0 0 0 0 0 0 0 0 0 0 0 0 0 0 0 373.3665 83.72491 63.17331 64.50893 76.00895 159.7234 188.0484 173.2268 38.91494 39.9436 51.067 71.21651 108.1395 182.7409 171.9384 44.90891 97.40867 126.3117 74.42501 71.16647 114.1244 147.624
0 0 0 0 0 0 0 0 0 0 0 0 0 0 0 0 0 0 0 0 0 0 0 0 0 0 0 0 0 0 0 0 0 0 0 0 0 0 0 0 0 0 0 0 0 0 0 0 0 0 0 0 0 0 0 0 0 164.0807 64.50893 147.4748 283.2339 315.6834 224.9631 91.64408 149.3251 65.45434 79.91592 96.2319 181.207 185.128 46.01945 106.1362 142.6456 161.9032 115.9328 284.9057 399.5033
0 0 0 0 0 0 0 0 0 0 0 0 0 0 0 0 0 0 0 0 0 0 0 0 0 0 0 0 0 0 0 0 0 0 0 0 0 0 0 0 0 0 0 0 0 0 0 0 0 0 0 0 0 0 0 0 0 0 321.1635 428.4815 539.3636 0 0 0 0 153.5631 66.83569 119.4223 197.5618 214.0773 63.09749 80.16725 339.2606 254.2043 328.5512 438.9826 209.2001
0 0 0 0 0 0 0 0 0 0 0 0 0 0 0 0 0 0 0 0 0 0 0 0 0 0 0 0 0 0 0 0 0 0 0 0 0 0 0 0 0 0 0 0 0 0 0 0 0 0 0 0 0 0 0 0 0 0 0 0 0 0 0 0 0 0 112.9159 247.569 266.777 345.8684 194.4264 421.736 925.7008 903.3778 620.6213 406.5947 372.772
