Scenarios/Heterogeneous/data/country_data_population_distribution/processed/density_grids/npl.asc
ncols 197
nrows 107
xllcorner 80
yllcorner 26
cellsize 0.041666666666667
NODATA_value -9999
[rows 34 to 67 of 107, columns 77 to 153 of 197]
2.800633 1.747298 0.8770661 0.8770661 0.8770661 0.8770662 0.8770661 0.8770662 0.8770661 0.9332156 1.319957 2.22656 2.727729 2.165959 3.343558 3.395069 2.863396 0.6482356 0.5178555 0.5178555 0.5178555 0.5178555 0.5178555 0.5178555 0.4951241 0 0 0 0 0 0 0 0 0 0 0 0 0 0 0 0 0 0 0 0 0 0 0 0 0 0 0 0 0 0 0 0 0 0 0 0 0 0 0 0 0 0 0 0 0 0 0 0 0 0 0 0
1.150049 1.146347 0.9519822 0.8770662 0.8770661 0.8770662 0.8770662 0.8770661 0.8770661 1.0784 1.20603 1.20603 1.20603 1.20603 1.899631 2.361021 1.140744 0.5178555 0.5178555 0.5178555 0.5178555 0.5178554 0.5178555 0.5178555 0.3999575 0 0 0 0 0 0 0 0 0 0 0 0 0 0 0 0 0 0 0 0 0 0 0 0 0 0 0 0 0 0 0 0 0 0 0 0 0 0 0 0 0 0 0 0 0 0 0 0 0 0 0 0
1.150049 1.150049 1.053636 0.8886971 0.8770661 0.8870874 0.8770661 0.8770661 1.214511 1.206026 1.20603 1.20603 1.20603 1.20603 1.190027 0.7215074 0.8907397 0.8354682 0.5187045 0.5178555 0.5178555 0.5178555 0.5178554 0.5178555 0 0 0 0 0 0 0 0 0 0 0 0 0 0 0 0 0 0 0 0 0 0 0 0 0 0 0 0 0 0 0 0 0 0 0 0 0 0 0 0 0 0 0 0 0 0 0 0 0 0 0 0 0
1.150049 1.150049 1.150049 1.130655 1.000068 1.111394 0.9509669 2.270731 3.665544 2.63727 3.364879 3.274382 3.398663 2.50363 1.226683 1.20603 1.20603 1.20603 0.8117473 0.5178555 0.5178555 0.6184531 0.6619985 0.5094662 0.2632759 0 0 0 0 0 0 0 0 0 0 0 0 0 0 0 0 0 0 0 0 0 0 0 0 0 0 0 0 0 0 0 0 0 0 0 0 0 0 0 0 0 0 0 0 0 0 0 0 0 0 0 0
1.150049 1.150049 1.150049 1.150049 1.150049 1.150049 1.197856 3.799178 3.940158 3.940158 10.26014 7.018605 3.943989 3.940158 3.198047 3.475906 3.045307 2.032993 1.176421 0.835113 0.6346532 0.8502518 0.8472824 0.5072814 0.5003871 0.5003871 0.4022241 0.4015011 0 0 0 0 0 0 0 0 0 0 0 0 0 0 0 0 0 0 0 0 0 0 0 0 0 0 0 0 0 0 0 0 0 0 0 0 0 0 0 0 0 0 0 0 0 0 0 0 0
1.150049 1.150049 1.150049 1.150049 1.150049 1.150049 1.713086 4.078439 4.824163 9.579102 17.31981 13.16608 6.064179 5.13639 8.82472 10.13339 8.341579 5.112622 1.930496 1.337604 0.877653 0.8609565 0.8609566 0.7158526 0.5003871 0.5003871 0.5003871 0.5003871 0.4788142 0 0 0 0 0 0 0 0 0 0 0 0 0 0 0 0 0 0 0 0 0 0 0 0 0 0 0 0 0 0 0 0 0 0 0 0 0 0 0 0 0 0 0 0 0 0 0 0
1.150049 1.150049 1.150049 1.150049 1.151154 1.722636 4.204057 5.080179 6.852404 7.367257 15.50264 17.06308 10.15976 8.113406 8.25724 9.572617 9.789212 2.984936 2.184697 2.09819 0.8609565 0.8609566 0.8609565 0.8371658 0.5148748 0.5003871 0.5003871 0.5003871 0.5003871 0.909155 0 0 0 0 0 0 0 0 0 0 0 0 0 0 0 0 0 0 0 0 0 0 0 0 0 0 0 0 0 0 0 0 0 0 0 0 0 0 0 0 0 0 0 0 0 0 0
3.598238 1.492621 3.750588 4.457315 4.598253 4.638599 4.638598 4.981476 9.330585 8.062487 8.352979 13.41571 8.945187 8.113407 7.555444 6.095636 2.181491 2.052281 2.184697 2.149333 2.129327 1.634536 0.8609565 0.8609567 0.7046176 0.5404251 0.5003871 0.5003871 0.7275823 0.9964247 0.8961405 17.66714 18.57223 16.41353 0 0 0 0 0 0 0 0 0 0 0 0 0 0 0 0 0 0 0 0 0 0 0 0 0 0 0 0 0 0 0 0 0 0 0 0 0 0 0 0 0 0 0
4.593693 4.61079 4.638598 4.638599 4.638599 4.638599 5.216405 6.549952 10.26282 10.35 8.823511 7.327658 7.996709 8.63636 4.141077 1.493887 1.493887 1.495757 1.866511 2.221929 3.472717 6.669748 2.167298 0.8609567 0.8609565 0.8469853 0.5524736 0.9577793 1.042975 1.047047 1.047047 15.61847 25.23344 25.23344 23.52807 0 0 0 0 0 0 0 0 0 0 0 0 0 0 0 0 0 0 0 0 0 0 0 0 0 0 0 0 0 0 0 0 0 0 0 0 0 0 0 0 0 0
4.593694 4.603236 4.638598 4.638599 4.638599 4.652875 6.386151 6.50668 10.3143 14.35637 10.18342 10.14667 9.434997 9.215261 9.215262 5.035176 1.493887 1.493887 1.493887 2.494841 5.608664 9.352579 3.80429 1.49615 0.8609566 1.930529 3.279962 1.063528 1.047047 1.047047 1.047047 7.236926 25.17013 25.23344 25.23344 19.49752 0 0 0 0 0 0 0 0 3.495353 3.514522 3.582954 0 0 0 0 0 0 0 0 0 0 0 0 0 0 0 0 0 0 0 0 0 0 0 0 0 0 0 0 0 0
4.593694 4.599534 4.637915 4.638599 4.638598 5.07196 6.50668 6.50668 10.62124 20.40023 13.70719 9.693978 9.215261 9.215261 11.71484 17.22317 19.27163 18.84476 13.00002 3.652752 10.31095 8.995415 2.117077 1.960128 3.187339 3.797993 3.799657 2.028059 1.047047 1.047047 1.047047 1.047047 23.16661 25.23344 25.23344 22.37043 14.89804 5.916211 0 0 0 0 0 3.994405 3.525051 3.514522 3.514522 3.912862 0 0 0 0 0 0 0 0 0 0 0 0 0 0 0 0 0 0 0 0 0 0 0 0 0 0 0 0 0
7.364296 6.356205 5.558949 4.638599 4.90269 11.35501 6.50668 6.50668 17.73792 60.09366 29.43016 9.255582 9.215262 9.215262 14.09523 20.07673 20.07673 22.73398 16.32321 7.60551 10.05619 2.330048 2.101169 2.101169 7.831052 6.180529 4.149583 3.10271 1.047047 1.744558 2.190842 1.23066 14.83849 25.23344 22.97289 17.44914 17.02551 10.57637 4.534204 4.281176 5.128572 5.090981 5.018321 5.018871 3.897783 3.514522 3.514522 3.970958 0 0 0 0 0 0 0 0 0 0 0 0 0 0 0 0 0 0 0 0 0 0 0 0 0 0 0 0 0
25.70989 15.11615 53.97722 14.64306 18.23443 39.12209 7.387846 7.944705 23.07286 66.57366 55.56108 9.5181 9.215262 9.245708 15.02246 20.07673 21.31957 28.71017 8.033283 7.236932 7.236931 4.08896 2.662529 3.083389 9.844912 10.56532 8.762683 3.585341 4.023801 6.637274 4.991972 4.949886 12.36919 19.63174 17.98023 17.02551 11.53792 4.53794 4.534204 4.838467 5.168394 5.032357 5.01887 4.934138 3.715105 3.514522 3.584621 0 0 0 0 0 0 0 0 0 0 0 0 0 0 0 0 0 0 0 0 0 0 0 0 0 0 0 0 0 0
73.02803 73.0392 102.9568 115.0337 139.4469 65.84635 51.34684 40.35218 71.27282 102.8956 65.92736 55.32283 31.07151 18.36037 20.07674 20.6298 27.06113 17.99385 7.236933 7.236932 11.00999 8.468779 5.155474 6.072486 6.029388 7.216361 6.336628 4.96298 5.617945 15.8405 11.07937 13.2482 23.51365 17.48229 17.02551 16.89676 7.271099 7.603694 6.50312 5.166127 5.211249 5.021605 5.024559 5.071653 4.365395 3.870596 0 0 0 0 0 0 0 0 0 0 0 0 0 0 0 0 0 0 0 0 0 0 0 0 0 0 0 0 0 0 0
66.16964 95.29549 88.71434 128.6924 125.3387 119.3933 97.27594 167.3719 157.1064 152.5944 67.55583 52.49265 64.64977 20.72921 20.26002 53.8673 30.38076 14.80858 7.236932 7.236932 20.37397 23.79562 5.155475 5.155475 6.665822 23.80169 23.72926 23.94622 20.25849 16.44793 28.37274 31.05265 20.72925 15.92512 13.89196 13.40301 12.49449 13.17297 13.34532 13.00682 11.15813 5.32047 5.018871 7.592931 7.752528 6.481013 0 0 0 0 0 0 0 0 0 0 0 0 0 0 0 0 0 0 0 0 0 0 0 0 0 0 0 0 0 0 0
111.6036 195.2579 84.96272 98.04967 143.9271 200.8609 147.3559 308.2992 201.1503 154.7581 169.8456 60.5555 45.668 30.27575 28.36446 53.43665 29.62447 16.02155 10.58814 20.83271 44.39144 25.52054 5.155475 5.155475 15.78626 36.23736 32.00196 28.54842 24.57912 17.5912 34.28556 19.96438 18.44592 13.51861 13.4271 13.40663 13.40301 13.41959 13.40302 13.40302 13.40301 12.03442 10.83902 7.774298 7.752527 7.469313 0 0 0 0 0 0 0 0 0 0 0 0 0 0 0 0 0 0 0 0 0 0 0 0 0 0 0 0 0 0 0
117.7052 127.6772 87.65066 75.97035 102.5122 92.17028 79.13363 221.3446 730.1135 94.82745 111.7175 43.19537 44.19545 56.14416 49.53904 46.50488 58.51115 61.27195 59.20752 73.78803 42.03705 24.92324 5.214155 13.74301 21.12172 30.90218 45.33572 30.86297 27.39249 29.14708 22.99771 18.83539 15.39911 18.21659 20.99369 19.65414 26.72564 35.32844 37.2891 32.5131 20.56925 10.69507 8.528234 7.752527 9.002207 8.933981 0 0 0 0 0 0 0 0 0 0 0 0 0 0.4538206 0 0 0 0 0 0 0 0 0 0 0 0 0 0 0 0 0
87.40412 111.4984 80.49306 71.7095 82.23782 116.3714 202.2341 273.4406 324.2779 205.379 61.9916 35.06527 34.93794 85.05302 112.0668 168.3069 209.368 334.0268 171.7071 146.2408 58.75199 15.19008 35.01038 60.87845 39.49138 23.67951 48.02608 33.0928 27.67521 20.28111 36.03052 22.51189 17.18367 23.80655 40.22532 32.39581 34.36863 36.15538 44.02592 44.01591 36.0298 7.752527 7.752527 8.269478 23.52224 27.06861 15.80113 8.234619 8.075987 0 0 0 0 3.275101 3.241456 3.362701 0 0 0 1.262935 0.6127144 0 0 0 0 0 0 0 0 0 0 0 0 0 0 0 0
128.5409 202.419 138.3995 70.51289 442.9684 327.2894 312.703 355.3754 440.4028 299.4103 116.4466 81.03712 118.659 122.3688 209.4405 252.3204 411.671 517.905 1415.523 191.1279 93.48087 70.75709 81.18214 62.251 63.07868 60.89926 110.2701 205.8197 41.16047 51.97554 40.60632 17.24432 22.72372 27.93248 53.15956 55.79459 38.59896 41.41301 41.0947 43.97401 26.07188 7.752528 7.752528 12.86789 24.3109 28.9959 23.24635 13.64625 12.16381 13.18357 13.14464 12.20093 3.740714 3.225259 3.154929 2.450236 1.390233 0.5720218 0.9148632 1.262935 0.9691661 0 0 0 0 0 0 0 0 0 0 0 0 0 0 0 0
235.5034 196.6796 176.9136 172.8995 631.5053 734.6041 304.7208 234.5792 296.0762 416.8723 234.264 312.498 99.11857 55.26395 104.5709 136.435 196.2302 596.211 3306.296 1598.006 277.8593 134.4649 91.64957 65.66087 79.47885 80.82131 106.7006 728.5182 309.5235 132.2809 74.33958 62.07066 66.33392 63.85909 72.43159 42.81309 34.403 46.25788 40.80475 43.60481 24.22464 22.76277 22.70008 24.07783 25.19987 29.03536 21.47426 16.16037 11.9748 13.57904 13.45331 10.64194 5.601352 3.794618 1.394079 1.262935 1.262935 1.262935 1.262935 1.262935 1.262935 0 0 0 0 0 0 0 0 0 0 0 0 0 0 0 0
225.9686 236.0244 243.5766 166.5994 175.4716 136.3522 166.8394 218.2088 263.2782 291.5674 406.8347 151.072 113.6075 355.8647 268.183 164.8354 198.0087 532.6015 3778.33 4056.434 752.9954 609.2147 334.8508 140.8238 154.222 131.744 145.654 185.1319 255.2138 273.7906 176.5704 93.0766 84.26765 95.16104 128.1102 86.52422 53.87009 54.73692 39.36576 27.16247 54.21251 56.41652 32.93029 24.3109 26.23833 24.24053 19.16357 17.89742 8.706285 12.06096 68.01573 13.05153 6.938556 1.887707 1.262935 1.290424 1.424466 1.262935 1.262935 1.262935 3.095905 11.68718 4.706162 0 0 0 0 0 0 0 0 0 0 0 0 0 0
103.4254 254.6945 326.3706 268.2789 246.7585 211.1838 199.4746 252.8402 199.1205 446.7711 314.4332 75.39014 150.99 284.3568 502.6705 410.4431 151.8669 212.5325 215.6418 903.3176 589.6938 708.2535 171.4702 157.0223 221.5134 252.4783 204.575 246.2176 305.7528 580.0488 203.4617 155.5856 136.0431 165.156 172.7535 159.1959 89.01721 105.7186 39.38483 40.26637 52.86329 53.53046 80.88786 32.09655 34.80657 27.76929 21.44845 41.98505 59.00778 27.38282 64.58102 15.46345 13.91334 13.67772 10.05548 26.57819 18.0896 10.34375 11.34423 19.97283 19.44026 12.11235 7.2709 5.86323 0 0 0 0 0 0 0 6.736773 0 0 0 0 0
141.3039 241.9492 221.0476 223.5818 239.6024 293.2431 163.8694 165.912 143.8992 108.9504 65.63326 82.71243 242.405 367.447 361.856 88.22662 114.3033 259.3569 180.5348 166.5936 244.6931 605.5092 183.0948 172.031 207.0377 227.6843 230.1549 226.481 247.7048 323.2222 268.3887 274.3414 235.5002 160.5991 154.8439 250.7294 844.9216 233.9912 137.6059 181.7292 116.2419 104.8556 107.5257 75.72048 60.8933 53.08477 37.023 42.48285 92.96279 63.22627 23.35616 19.43836 17.39384 18.0772 24.47165 30.67202 23.64361 15.46352 26.34737 25.94449 19.37115 7.652408 7.2709 7.247183 0 0 0 0 0 0 7.797869 8.768802 0 0 0 0 0
583.6712 485.404 223.6768 227.3253 269.2003 208.0144 191.0007 193.5959 165.0047 90.74398 86.44111 115.9612 166.2163 303.9382 332.6479 855.744 295.7562 397.2436 275.1141 226.8987 405.6735 513.5681 301.0086 195.7833 189.0291 166.178 267.7591 232.5786 200.4771 208.2573 185.3346 170.3915 218.407 217.9471 185.9022 173.6324 807.3932 279.7652 335.8014 198.3661 154.3956 143.6389 199.7689 209.5822 89.53931 84.24439 96.01971 37.67177 82.22215 36.4545 40.12289 41.44749 29.49909 27.57079 30.05468 30.67202 24.68546 16.49954 26.353 26.2345 20.07912 9.51334 7.2709 7.2709 13.44121 0 0 0 0 10.01306 8.784265 8.762181 0 0 0 0 0
368.6452 212.3801 216.5301 213.171 211.397 235.2706 223.3048 194.9533 185.7675 151.8728 103.6629 252.5325 149.8642 193.4626 350.3409 818.1611 208.0125 206.1886 135.6252 215.1172 354.3687 334.2261 179.9942 184.0113 449.3291 565.0334 399.6204 167.1376 244.9335 301.8889 266.6099 122.0188 93.93321 119.2721 168.9889 177.3913 219.576 199.9913 297.1483 233.0433 243.3511 205.9309 195.0078 98.52059 86.43434 121.2604 218.7827 234.6773 200.1726 121.4004 74.78894 78.06305 77.44478 28.82669 28.94429 30.67202 25.08362 15.36214 25.3788 26.35526 23.22807 17.69834 7.2709 7.2709 54.10686 53.96793 0 0 0 9.65547 8.784265 8.784265 0 0 0 0 0
207.8781 214.761 224.8938 216.4826 260.2897 228.6224 245.9277 212.0096 170.9165 241.4735 205.8801 286.8749 321.811 96.82502 469.5983 215.35 142.5225 150.4715 214.8665 212.7626 354.5673 225.0968 163.3664 236.5343 334.8496 656.4387 446.7742 220.4703 223.7529 229.056 195.5081 157.2606 67.72511 35.4309 120.8681 202.8925 174.7508 217.0117 323.9663 208.5692 207.7096 208.8036 163.1598 145.7037 165.6881 181.6015 290.1801 295.3988 275.8656 223.0289 186.4185 152.4044 104.2796 30.54818 41.35737 33.52237 29.44843 17.34655 22.64773 38.51064 39.31277 19.68515 8.542207 12.64815 77.26503 75.70085 0 0 0 0 8.784266 8.784266 6.061603 0 0 0 0
304.8249 217.3788 153.7525 199.904 209.6851 238.9605 259.8726 212.1281 218.7043 212.6158 326.2029 1068.167 487.4823 157.1758 257.7492 170.7825 134.7699 79.65962 166.1519 167.6988 163.9727 133.1072 91.91861 135.1049 161.4765 187.3846 251.4729 156.9954 264.9458 264.3944 216.7931 170.4522 116.2098 101.4511 145.5039 314.3861 321.8767 165.7506 187.2721 278.5106 224.4033 315.407 224.1254 197.0186 190.9892 248.3077 574.3337 280.5795 424.0738 401.8853 495.3832 283.1617 248.969 143.3357 121.0958 82.53224 83.58617 87.33217 104.2816 142.05 75.98386 17.48728 7.54816 53.38404 88.85486 68.64996 0 0 0 0 9.505508 8.784266 8.784266 9.4225 14.17046 10.25323 0
207.1588 157.5098 235.4702 188.3882 190.342 156.6038 193.8041 190.3449 264.5762 221.3887 287.6143 195.0672 189.9814 236.9316 237.7712 172.0496 218.6131 161.2077 165.7524 87.87943 84.46062 115.5706 93.34859 117.4497 117.5952 122.8191 111.067 134.8084 172.8634 167.6945 213.1237 233.2279 183.044 168.8264 256.1572 241.2043 234.5876 226.5468 236.3886 283.9333 436.7266 487.9847 325.3771 222.8772 181.6608 292.7012 595.2202 306.3706 301.4807 488.4177 383.5577 233.2596 178.6059 129.8508 126.8267 113.9785 170.7774 173.8182 240.0376 191.712 21.02623 102.9568 98.67539 134.2307 98.68561 52.34329 48.50147 43.0752 27.81392 24.89943 20.86159 8.784265 9.605764 13.45767 16.07917 16.12179 15.4206
146.5247 131.0186 180.991 158.4766 140.916 149.974 197.0979 689.4189 995.503 268.7876 201.9484 208.6644 198.1659 239.8283 231.5835 255.5176 434.6098 235.3899 171.0938 155.92 196.5593 225.1788 126.1959 142.6479 125.646 123.1157 99.95199 88.88358 95.05964 91.58242 74.12588 198.4998 207.9428 284.4109 338.7803 178.201 149.7579 172.4062 217.7105 250.4545 234.2461 231.7185 222.4562 258.8176 255.8673 282.1339 326.444 273.9852 258.7787 238.8156 210.544 171.9135 161.4535 140.1645 168.082 215.6329 244.7608 197.2471 204.786 165.1356 89.81805 161.3239 106.7194 146.7772 134.7962 104.3158 83.51115 48.84876 35.07931 33.35172 54.85797 8.784266 13.63591 19.93147 25.5969 30.84002 26.26677
93.62988 103.4854 98.16746 99.29645 95.77192 134.7982 142.0176 211.2433 284.4215 199.4942 181.1889 165.696 150.2739 143.8832 150.0961 126.2232 201.7663 195.8694 155.3938 135.2274 142.846 209.399 183.1154 162.4035 115.6856 110.5279 91.4912 78.56552 119.7801 131.3619 105.2888 119.416 127.5605 146.8096 204.1697 162.1391 161.8889 194.8648 201.2941 220.0257 223.1651 221.9634 227.7415 202.6439 219.1763 219.0764 237.253 229.8827 219.2807 294.4051 1277.273 1834.539 1006.315 211.7596 186.6624 230.8235 306.5689 248.6396 192.8691 177.0032 214.0524 226.5946 99.99036 327.4608 320.8282 265.9741 117.3029 90.43366 87.11634 112.4088 73.3006 177.0733 98.80027 32.96582 28.76233 23.79543 21.95881
114.3698 127.6733 89.57758 89.06799 82.66187 84.36373 94.85699 110.7487 90.93461 146.7797 123.5124 113.948 92.38322 82.1035 91.3821 103.2623 123.161 104.9569 104.4474 139.7044 124.8981 130.4732 131.4378 214.6242 220.7463 97.92029 71.8568 153.3826 375.554 193.3613 163.6336 127.9767 151.1937 180.2207 174.9982 164.4224 136.4092 152.1362 220.3369 232.5624 213.8832 184.2041 237.8231 243.3088 187.2164 262.5682 266.634 262.881 287.7446 3463.481 14475.65 8659.829 3834.439 1160.051 1157.172 896.9548 468.9031 299.5785 285.3464 267.3532 496.8741 261.0738 186.9882 291.0932 358.78 194.3277 138.1089 126.1288 115.4618 158.6049 117.3946 111.3457 46.74154 27.77508 21.5008 22.4588 24.85495
246.4413 208.0202 110.7284 195.6159 189.5149 146.6121 120.7709 98.58994 86.80157 83.02901 76.26875 77.08653 81.64912 68.14965 81.14404 86.47266 86.18272 94.78903 103.8574 156.4449 194.7248 121.8881 371.1062 337.1725 348.5181 167.3873 234.4792 483.2159 608.9845 882.5925 947.7136 234.6141 249.501 195.0659 120.894 128.8001 115.9335 109.66 124.1516 164.8672 210.5717 153.9356 198.5149 291.6134 338.318 488.5225 332.7412 429.0149 2783.968 12525.48 69607.18 62969.34 21761.87 3408.999 1873.786 728.398 178.8956 211.3065 289.4883 267.9795 266.939 191.9206 232.5995 269.8573 218.8398 171.3199 139.8683 217.3471 198.558 146.9583 145.5603 60.41933 54.8521 54.01475 43.95586 26.95411 28.79883
180.226 274.7519 130.1299 256.2605 633.42 444.2004 390.7661 128.314 116.454 107.5255 185.6856 72.29196 40.1488 40.1488 82.57438 123.9321 92.80465 91.05818 115.8186 188.002 200.6685 229.0789 533.178 756.9482 347.8916 698.2311 451.583 835.2205 865.2163 1059.497 798.2939 407.7776 398.5783 337.3123 132.5949 128.6558 110.8719 100.1413 99.01044 95.93152 120.6188 131.0422 158.3037 214.8952 246.3344 292.8409 341.8261 2122.798 7208.55 23890.44 50854.69 57364.7 9555.488 5779.75 998.3192 299.018 197.7603 128.6131 168.8759 225.9427 293.2038 257.6047 209.0364 156.3552 218.9711 248.1486 144.6931 260.9244 253.8621 243.144 204.3159 156.3242 88.81008 40.99986 29.6094 30.58629 28.09625
246.0305 424.7104 526.1329 1001.733 1136.75 976.4739 3530.149 455.0677 312.342 242.6919 340.673 276.7347 40.14879 40.1488 97.18224 148.8271 147.5812 154.7671 181.9525 287.6356 240.983 578.6335 688.123 413.0103 44.79113 315.25 824.557 867.9116 1028.119 1082.402 1241.294 1364.193 828.3672 586.247 355.0707 184.3195 144.9168 106.9959 99.7322 94.14017 122.6941 110.6782 104.854 177.7253 272.7532 332.6028 258.978 161.015 1453.073 8552.729 9353.957 5769.234 2794.903 1818.342 822.1392 608.4573 234.2536 380.9653 202.1217 154.1908 78.03889 78.22482 121.7042 100.164 144.8933 83.56895 199.5655 243.7219 317.6037 178.5608 218.6314 159.1148 89.14468 75.32445 30.05195 32.61111 17.32478
