Scenarios/Heterogeneous/data/country_data_population_distribution/processed/density_grids/omn.asc
ncols 189
nrows 253
xllcorner 52
yllcorner 16
cellsize 0.041666666666667
NODATA_value -9999
[rows 148 to 184 of 253, columns 0 to 81 of 189]
0 0 0 0 0 0 0 0 0 0 0 0 0 0 0 0 0 0 0 0 0 0 0 0 0 0 0 0 0 0 0 0 0 0 0 0 0 0 0 0 0 0 0 0 0 0 0 0 0 0 0 0 0 0 0 0 0 0 0 0 0 0 0 0 0 0 0 0 0 0 0 0 0 0 0 1.040656 1.040656 1.040656 1.040656 1.040656 1.040656 1.040656
0 0 0 0 0 0 0 0 0 0 0 0 0 0 0 0 0 0 0 0 0 0 0 0 0 0 0 0 0 0 0 0 0 0 0 0 0 0 0 0 0 0 0 0 0 0 0 0 0 0 0 0 0 0 0 0 0 0 0 0 0 0 0 0 0 0 0 0 0 0 0 0 0 0 2.373722 1.040656 1.040656 1.040656 1.040656 1.040656 1.040656 1.040656
0 0 0 0 0 0 0 0 0 0 0 0 0 0 0 0 0 0 0 0 0 0 0 0 0 0 0 0 0 0 0 0 0 0 0 0 0 0 0 0 0 0 0 0 0 0 0 0 0 0 0 0 0 0 0 0 0 0 0 0 0 0 0 0 0 0 0 0 0 0 0 0 0 0 1.439128 1.040656 1.040656 1.040656 1.040656 1.040656 1.040656 1.040656
0 0 0 0 0 0 0 0 0 0 0 0 0 0 0 0 0 0 0 0 0 0 0 0 0 0 0 0 0 0 0 0 0 0 0 0 0 0 0 0 0 0 0 0 0 0 0 0 0 0 0 0 0 0 0 0 0 0 0 0 0 0 0 0 0 0 0 0 0 0 0 0 0 0 1.040656 1.040656 1.040656 1.040656 1.040656 1.040656 1.040656 1.040656
0 0 0 0 0 0 0 0 0 0 0 0 0 0 0 0 0 0 0 0 0 0 0 0 0 0 0 0 0 0 0 0 0 0 0 0 0 0 0 0 0 0 0 0 0 0 0 0 0 0 0 0 0 0 0 0 0 0 0 0 0 0 0 0 0 0 0 0 0 0 0 0 0 2.385175 1.040656 1.040656 1.040656 1.040656 1.040656 1.040656 1.040656 1.040656
0 0 0 0 0 0 0 0 0 0 0 0 0 0 0 0 0 0 0 0 0 0 0 0 0 0 0 0 0 0 0 0 0 0 0 0 0 0 0 0 0 0 0 0 0 0 0 0 0 0 0 0 0 0 0 0 0 0 0 0 0 0 0 0 0 0 0 0 0 0 0 0 0 1.451196 1.040656 1.040656 1.040656 1.040656 1.040656 1.040656 1.040656 1.040656
0 0 0 0 0 0 0 0 0 0 0 0 0 0 0 0 0 0 0 0 0 0 0 0 0 0 0 0 0 0 0 0 0 0 0 0 0 0 0 0 0 0 0 0 0 0 0 0 0 0 0 0 0 0 0 0 0 0 0 0 0 0 0 0 0 0 0 0 0 0 0 0 0 1.040656 1.040656 1.040656 1.040656 1.040656 1.040656 1.040656 1.040656 1.040656
0 0 0 0 0 0 0 0 0 0 0 0 0 0 0 0 0 0 0 0 0 0 0 0 0 0 0 0 0 0 0 0 0 0 0 0 0 0 0 0 0 0 0 0 0 0 0 0 0 0 0 0 0 0 0 0 0 0 0 0 0 0 0 0 0 0 0 0 0 0 0 0 2.401296 1.040656 1.040656 1.040656 1.040656 1.040656 1.040656 1.040656 1.040656 1.040656
0 0 0 0 0 0 0 0 0 0 0 0 0 0 0 0 0 0 0 0 0 0 0 0 0 0 0 0 0 0 0 0 0 0 0 0 0 0 0 0 0 0 0 0 0 0 0 0 0 0 0 0 0 0 0 0 0 0 0 0 0 0 0 0 0 0 0 0 0 0 0 0 1.467091 1.040656 1.040656 1.040656 1.040656 1.040656 1.040656 1.040656 1.040656 1.040656
0 0 0 0 0 0 0 0 0 0 0 0 0 0 0 0 0 0 0 0 0 0 0 0 0 0 0 0 0 0 0 0 0 0 0 0 0 0 0 0 0 0 0 0 0 0 0 0 0 0 0 0 0 0 0 0 0 0 0 0 0 0 0 0 0 0 0 0 0 0 1.819921 0.6181073 0.7050674 1.040656 1.040656 1.040656 1.040656 1.040656 1.040656 1.040656 1.040656 1.040656
0 0 0 0 0 0 0 0 0 0 0 0 0 0 0 0 0 0 0 0 0 0 0 0 0 0 0 0 0 0 0 0 0 0 0 0 0 0 0 0 0 0 0 0 0 0 0 0 0 0 0 0 0 0 0 0 0 0 0 0 0 0 0 0 0 0 0 1.688295 0.4971315 0.09666675 0.09666675 0.09666675 0.1689782 0.9581503 1.040656 1.040656 1.040656 1.040656 1.040656 1.040656 1.040656 1.040656
0 0 0 0 0 0 0 0 0 0 0 0 0 0 0 0 0 0 0 0 0 0 0 0 0 0 0 0 0 0 0 0 0 0 0 0 0 0 0 0 0 0 0 0 0 0 0 0 0 0 0 0 0 0 0 0 0 0 0 0 0 0 0 0 1.56698 0.4026602 0.09666675 0.09666675 0.09666675 0.09666674 0.09666675 0.09666675 0.09666675 0.4118671 1.040656 1.040656 1.040656 1.040656 1.040656 1.040656 1.040656 1.040656
0 0 0 0 0 0 0 0 0 0 0 0 0 0 0 0 0 0 0 0 0 0 0 0 0 0 0 0 0 0 0 0 0 0 0 0 0 0 0 0 0 0 0 0 0 0 0 0 0 0 0 0 0 0 0 0 0 0 0 0 0 1.588612 0.3728191 0.09666675 0.09666675 0.09666675 0.09666675 0.09666675 0.09666675 0.09666675 0.09666675 0.09666675 0.09666675 0.09669504 0.7372333 1.040656 1.040656 1.040656 1.040656 1.040656 1.040656 1.040656
0 0 0 0 0 0 0 0 0 0 0 0 0 0 0 0 0 0 0 0 0 0 0 0 0 0 0 0 0 0 0 0 0 0 0 0 0 0 0 0 0 0 0 0 0 0 0 0 0 0 0 0 0 0 0 0 0 0 1.555125 0.3774038 0.09666675 0.09666675 0.09666675 0.09666675 0.09666675 0.09666675 0.09666675 0.09666675 0.09666675 0.09666675 0.09666675 0.09666675 0.09666675 0.09666675 0.1853822 0.9739405 1.040656 1.040656 1.040656 1.040656 1.040656 1.040656
0 0 0 0 0 0 0 0 0 0 0 0 0 0 0 0 0 0 0 0 0 0 0 0 0 0 0 0 0 0 0 0 0 0 0 0 0 0 0 0 0 0 0 0 0 0 0 0 0 0 0 0 0 0 0 1.471221 0.354862 0.09666675 0.09666675 0.09666675 0.09666675 0.09666675 0.09666675 0.09666675 0.09666675 0.09666675 0.09666675 0.09666674 0.09666675 0.09666674 0.09666675 0.09666674 0.09666675 0.09666674 0.09666675 0.4440614 1.040656 1.040656 1.040656 1.040656 1.040656 1.040656
0 0 0 0 0 0 0 0 0 0 0 0 0 0 0 0 0 0 0 0 0 0 0 0 0 0 0 0 0 0 0 0 0 0 0 0 0 0 0 0 0 0 0 0 0 0 0 0 0 0 0 0 1.430542 0.3150385 0.09666675 0.09666675 0.09666675 0.09666675 0.09666675 0.09666675 0.09666675 0.09666675 0.09666675 0.09666675 0.09666675 0.09666675 0.09666675 0.09666675 0.09666675 0.09666675 0.09666675 0.09666675 0.09666675 0.09666675 0.09666675 0.0978406 0.7682819 1.040656 1.040656 1.040656 1.040656 1.040656
0 0 0 0 0 0 0 0 0 0 0 0 0 0 0 0 0 0 0 0 0 0 0 0 0 0 0 0 0 0 0 0 0 0 0 0 0 0 0 0 0 0 0 0 0 0 0 0 0 1.367929 0.2463455 0.09666675 0.09666675 0.09666675 0.09666675 0.09666675 0.09666675 0.09666675 0.09666675 0.09666675 0.09666675 0.09666675 0.09666675 0.09666675 0.09666675 0.09666675 0.09666675 0.09666675 0.09666675 0.09666675 0.09666675 0.09666675 0.09666675 0.09666675 0.09666675 0.09666675 0.2034617 0.9880552 1.040656 1.040656 1.040656 1.040656
0 0 0 0 0 0 0 0 0 0 0 0 0 0 0 0 0 0 0 0 0 0 0 0 0 0 0 0 0 0 0 0 0 0 0 0 0 0 0 0 0 0 0 0 0 0 1.345511 0.2776078 0.09666675 0.09666675 0.09666675 0.09666675 0.09666675 0.09666675 0.09666675 0.09666675 0.09666675 0.09666675 0.09666675 0.09666675 0.09666675 0.09666675 0.09666675 0.09666675 0.09666675 0.09666675 0.09666675 0.09666675 0.09666675 0.09666675 0.09666675 0.09666675 0.09666675 0.09666675 0.09666675 0.09666675 0.09666675 0.4762554 1.040656 1.040656 1.040656 1.040656
0 0 0 0 0 0 0 0 0 0 0 0 0 0 0 0 0 0 0 0 0 0 0 0 0 0 0 0 0 0 0 0 0 0 0 0 0 0 0 0 0 0 0 1.34957 0.2664101 0.09666675 0.09666674 0.09666675 0.09666675 0.09666675 0.09666675 0.09666675 0.09666675 0.09666675 0.09666675 0.09666675 0.09666674 0.09666675 0.09666674 0.09666675 0.09666675 0.09666675 0.09666675 0.09666675 0.09666675 0.09666675 0.09666675 0.09666675 0.09666675 0.09666675 0.09666675 0.09666675 0.09666674 0.09666675 0.09666674 0.09666675 0.09666675 0.1006615 0.7976552 1.040656 1.040656 1.040656
0 0 0 0 0 0 0 0 0 0 0 0 0 0 0 0 0 0 0 0 0 0 0 0 0 0 0 0 0 0 0 0 0 0 0 0 0 0 0 0 1.345881 0.2543214 0.09666675 0.09666675 0.09666675 0.09666675 0.09666675 0.09666675 0.09666675 0.09666675 0.09666675 0.09666675 0.09666675 0.09666675 0.09666675 0.09666675 0.09666675 0.09666675 0.09666675 0.09666675 0.09666675 0.09666675 0.09666675 0.09666675 0.09666675 0.09666675 0.09666675 0.09666675 0.09666675 0.09666675 0.09666675 0.09666675 0.09666675 0.09666675 0.09666675 0.09666675 0.09666675 0.09666675 0.2232167 1.000494 1.040656 1.040656
0 0 0 0 0 0 0 0 0 0 0 0 0 0 0 0 0 0 0 0 0 0 0 0 0 0 0 0 0 0 0 0 0 0 0 0 0 1.32666 0.2192345 0.09666675 0.09666675 0.09666675 0.09666675 0.09666675 0.09666675 0.09666675 0.09666675 0.09666675 0.09666675 0.09666675 0.09666675 0.09666675 0.09666675 0.09666675 0.09666675 0.09666675 0.09666675 0.09666675 0.09666675 0.09666675 0.09666675 0.09666675 0.09666675 0.09666675 0.09666675 0.09666675 0.09666675 0.09666675 0.09666675 0.09666675 0.09666675 0.09666675 0.09666675 0.09666675 0.09666675 0.09666675 0.09666675 0.09666675 0.09666675 0.5084497 1.040656 1.040656
0 0 0 0 0 0 0 0 0 0 0 0 0 0 0 0 0 0 0 0 0 0 0 0 0 0 0 0 0 0 0 0 0 0 1.320828 0.2487872 0.09666675 0.09666675 0.09666675 0.09666675 0.09666675 0.09666675 0.09666675 0.09666675 0.09666675 0.09666675 0.09666675 0.09666675 0.09666675 0.09666675 0.09666675 0.09666675 0.09666675 0.09666675 0.09666675 0.09666675 0.09666675 0.09666675 0.09666675 0.09666675 0.09666675 0.09666675 0.09666675 0.09666675 0.09666675 0.09666675 0.09666675 0.09666675 0.09666675 0.09666675 0.09666675 0.09666675 0.09666675 0.09666675 0.09666675 0.09666675 0.09666675 0.09666675 0.09666675 0.1051576 0.8253531 1.040656
0 0 0 0 0 0 0 0 0 0 0 0 0 0 0 0 0 0 0 0 0 0 0 0 0 0 0 0 0 0 0 1.949723 0.1952222 0.09666675 0.09666675 0.09666675 0.09666675 0.09666675 0.09666675 0.09666675 0.09666675 0.09666675 0.09666675 0.09666675 0.09666675 0.09666675 0.09666675 0.09666675 0.09666675 0.09666675 0.09666675 0.09666675 0.09666675 0.09666675 0.09666675 0.09666675 0.09666675 0.09666675 0.09666675 0.09666675 0.09666675 0.09666675 0.09666675 0.09666675 0.09666675 0.09666675 0.09666675 0.09666675 0.09666675 0.09666675 0.09666675 0.09666675 0.09666675 0.09666675 0.09666675 0.09666675 0.09666675 0.09666675 0.09666675 0.09666675 0.2446474 1.011258
0 0 0 0 0 0 0 0 0 0 0 0 0 0 0 0 0 0 0 0 0 0 0 0 0 0 0 0 1.993731 1.240334 1.154247 0.8920683 0.09666675 0.09666675 0.09666675 0.09666675 0.09666675 0.09666675 0.09666675 0.09666675 0.09666675 0.09666675 0.09666675 0.09666675 0.09666675 0.09666675 0.09666675 0.09666675 0.09666675 0.09666675 0.09666675 0.09666675 0.09666675 0.09666675 0.09666675 0.09666675 0.09666675 0.09666675 0.09666675 0.09666675 0.09666675 0.09666675 0.09666675 0.09666675 0.09666675 0.09666675 0.09666675 0.09666675 0.09666675 0.09666675 0.09666675 0.09666675 0.09666675 0.09666675 0.09666675 0.09666675 0.09666675 0.09666675 0.09666675 0.09666675 0.09666675 0.5406438
0 0 0 0 0 0 0 0 0 0 0 0 0 0 0 0 0 0 0 0 0 0 0 0 0 1.971506 1.229187 1.154247 1.154247 1.154247 1.154247 0.6990081 0.09666675 0.09666675 0.09666675 0.09666675 0.09666675 0.09666675 0.09666675 0.09666675 0.09666675 0.09666675 0.09666675 0.09666675 0.09666675 0.09666675 0.09666675 0.09666675 0.09666675 0.09666675 0.09666675 0.09666675 0.09666675 0.09666675 0.09666675 0.09666675 0.09666675 0.09666675 0.09666675 0.09666675 0.09666675 0.09666675 0.09666675 0.09666675 0.09666675 0.09666675 0.09666675 0.09666675 0.09666675 0.09666675 0.09666675 0.09666675 0.09666675 0.09666675 0.09666675 0.09666675 0.09666675 0.09666675 0.09666675 0.09666675 0.09666675 0.1113292
0 0 0 0 0 0 0 0 0 0 0 0 0 0 0 0 0 0 0 0 0 0 2.021228 1.254583 1.154247 1.154247 1.154247 1.154247 1.154247 1.154247 1.154247 0.5059479 0.09666675 0.09666675 0.09666675 0.09666675 0.09666675 0.09666675 0.09666675 0.09666675 0.09666675 0.09666675 0.09666675 0.09666675 0.09666675 0.09666675 0.09666675 0.09666675 0.09666675 0.09666675 0.09666675 0.09666675 0.09666675 0.09666675 0.09666675 0.09666675 0.09666675 0.09666675 0.09666675 0.09666675 0.09666675 0.09666675 0.09666675 0.09666675 0.09666675 0.09666675 0.09666675 0.09666675 0.09666675 0.09666675 0.09666675 0.09666675 0.09666675 0.09666675 0.09666675 0.09666675 0.09666675 0.09666675 0.09666675 0.09666675 0.09666675 0.09666675
0 0 0 0 0 0 0 0 0 0 0 0 0 0 0 0 0 0 0 1.981278 1.235873 1.154247 1.154247 1.154247 1.154247 1.154247 1.154247 1.154247 1.154247 1.154247 1.154247 0.3128878 0.09666675 0.09666675 0.09666675 0.09666675 0.09666675 0.09666675 0.09666675 0.09666675 0.09666675 0.09666675 0.09666675 0.09666675 0.09666675 0.09666675 0.09666675 0.09666675 0.09666675 0.09666675 0.09666675 0.09666675 0.09666675 0.09666675 0.09666675 0.09666675 0.09666675 0.09666675 0.09666675 0.09666675 0.09666675 0.09666675 0.09666675 0.09666675 0.09666675 0.09666675 0.09666675 0.09666675 0.09666675 0.09666675 0.09666675 0.09666675 0.09666675 0.09666675 0.09666675 0.09666675 0.09666675 0.09666675 0.09666675 0.09666675 0.09666675 0.09666675
0 0 0 0 0 0 0 0 0 0 0 0 0 0 0 0 2.033454 1.256222 1.154247 1.154247 1.154247 1.154247 1.154247 1.154247 1.154247 1.154247 1.154247 1.154247 1.154247 1.154247 1.140306 0.1337687 0.09666675 0.09666675 0.09666675 0.09666675 0.09666675 0.09666675 0.09666675 0.09666675 0.09666675 0.09666675 0.09666675 0.09666675 0.09666675 0.09666675 0.09666675 0.09666675 0.09666675 0.09666675 0.09666675 0.09666675 0.09666675 0.09666675 0.09666675 0.09666675 0.09666675 0.09666675 0.09666675 0.09666675 0.09666675 0.09666675 0.09666675 0.09666675 0.09666675 0.09666675 0.09666675 0.09666675 0.09666675 0.09666675 0.09666675 0.09666675 0.09666675 0.09666675 0.09666675 0.09666675 0.09666675 0.09666675 0.09666675 0.09666675 0.09666675 0.09666675
0 0 0 0 0 0 0 0 0 0 0 0 0 2.029395 1.253511 1.154247 1.154247 1.154247 1.154247 1.154247 1.154247 1.154247 1.154247 1.154247 1.154247 1.154247 1.154247 1.154247 1.154247 1.154247 0.984348 0.09666675 0.09666675 0.09666675 0.09666675 0.09666675 0.09666675 0.09666675 0.09666675 0.09666675 0.09666675 0.09666675 0.09666675 0.09666675 0.09666675 0.09666675 0.09666675 0.09666675 0.09666675 0.09666675 0.09666675 0.09666675 0.09666675 0.09666675 0.09666675 0.09666675 0.09666675 0.09666675 0.09666675 0.09666675 0.09666675 0.09666675 0.09666675 0.09666675 0.09666675 0.09666675 0.09666675 0.09666675 0.09666675 0.09666675 0.09666675 0.09666675 0.09666675 0.09666675 0.09666675 0.09666675 0.09666675 0.09666675 0.09666675 0.09666675 0.09666675 0.09666675
0 0 0 0 0 0 0 0 0 0 2.064126 1.255388 1.154247 1.154247 1.154247 1.154247 1.154247 1.154247 1.154247 1.154247 1.154247 1.154247 1.154247 1.154247 1.154247 1.154247 1.154247 1.154247 1.154247 1.154247 0.7912878 0.09666675 0.09666675 0.09666675 0.09666675 0.09666675 0.09666675 0.09666675 0.09666675 0.09666675 0.09666675 0.09666675 0.09666675 0.09666675 0.09666675 0.09666675 0.09666675 0.09666675 0.09666675 0.09666675 0.09666675 0.09666675 0.09666675 0.09666675 0.09666675 0.09666675 0.09666675 0.09666675 0.09666675 0.09666675 0.09666675 0.09666675 0.09666675 0.09666675 0.09666675 0.09666675 0.09666675 0.09666675 0.09666675 0.09666675 0.09666675 0.09666675 0.09666675 0.09666675 0.09666675 0.09666675 0.09666674 0.09666675 0.09666675 0.09666675 0.09666675 0.09666675
0 0 0 0 0 0 0 2.147571 1.308303 1.154247 1.154247 1.154247 1.154247 1.154247 1.154247 1.154247 1.154247 1.154247 1.154247 1.154247 1.154247 1.154247 1.154247 1.154247 1.154247 1.154248 1.154247 1.154247 1.154247 1.154247 0.5888254 0.09666675 0.09666675 0.09666675 0.09666675 0.09666675 0.09666675 0.09666675 0.09666675 0.09666675 0.09666675 0.09666675 0.09666675 0.09666675 0.09666675 0.09666675 0.09666675 0.09666675 0.09666675 0.09666675 0.09666675 0.09666675 0.09666675 0.09666675 0.09666675 0.09666675 0.09666675 0.09666675 0.09666675 0.09666675 0.09666675 0.09666675 0.09666675 0.09666675 0.09666675 0.09666675 0.09666675 0.09666675 0.09666675 0.09666675 0.09666675 0.09666675 0.09666675 0.09666675 0.09666675 0.09666675 0.09666676 0.09666675 0.09666675 0.09666675 0.09666675 0.09666675
0 0 0 0 0.8379898 1.080448 1.154247 1.154247 1.154247 1.154247 1.154247 1.154247 1.154247 1.154247 1.154247 1.154247 1.154247 1.154247 1.154247 1.154247 1.154247 1.154247 1.154247 1.154247 1.154247 1.154247 1.154247 1.154247 1.154247 1.154247 0.3477564 0.09666675 0.09666675 0.09666675 0.09666675 0.09666675 0.09666675 0.09666675 0.09666675 0.09666675 0.09666675 0.09666675 0.09666675 0.09666675 0.09666675 0.09666675 0.09666675 0.09666675 0.09666675 0.09666675 0.09666675 0.09666675 0.09666675 0.09666675 0.09666675 0.09666675 0.09666675 0.09666675 0.09666675 0.09666675 0.09666675 0.09666675 0.09666675 0.09666675 0.09666675 0.09666675 0.09666675 0.09666675 0.09666675 0.09666675 0.09666675 0.09666675 0.09666675 0.09666675 0.09666675 0.09666675 0.09666675 0.09666675 0.09666675 0.09666675 0.09666674 0.09666675
0 0.8187589 1.078783 1.154247 1.154247 1.154247 1.154247 1.154247 1.154247 1.154247 1.154247 1.154247 1.154247 1.154247 1.154247 1.154247 1.154247 1.154247 1.154247 1.154247 1.154247 1.154247 1.154247 1.154247 1.154247 1.154247 1.154247 1.154247 1.154247 1.12645 0.1303178 0.09666675 0.09666675 0.09666675 0.09666675 0.09666675 0.09666675 0.09666675 0.09666675 0.09666675 0.09666675 0.09666675 0.09666675 0.09666675 0.09666675 0.09666675 0.09666675 0.09666675 0.09666675 0.09666675 0.09666675 0.09666675 0.09666675 0.09666675 0.09666675 0.09666675 0.09666675 0.09666675 0.09666675 0.09666675 0.09666675 0.09666675 0.09666675 0.09666675 0.09666675 0.09666675 0.09666676 0.09666675 0.09666675 0.09666675 0.09666675 0.09666675 0.09666675 0.09666675 0.09666675 0.09666675 0.09666675 0.09666675 0.09666675 0.09666675 0.09666675 0.09666675
0.9375666 1.154247 1.154247 1.154247 1.154247 1.154247 1.154247 1.154247 1.154247 1.154247 1.154247 1.154247 1.154247 1.154247 1.154247 1.154247 1.154247 1.154247 1.154247 1.154247 1.154247 1.154247 1.154247 1.154247 1.154247 1.154247 1.154247 1.154247 1.154247 0.9148648 0.09666675 0.09666675 0.09666675 0.09666675 0.09666675 0.09666675 0.09666675 0.09666675 0.09666675 0.09666675 0.09666675 0.09666675 0.09666675 0.09666675 0.09666675 0.09666675 0.09666675 0.09666675 0.09666675 0.09666675 0.09666675 0.09666675 0.09666675 0.09666675 0.09666675 0.09666675 0.09666675 0.09666675 0.09666675 0.09666675 0.09666675 0.09666675 0.09666675 0.09666675 0.09666675 0.09666675 0.09666675 0.09666675 0.09666675 0.09666675 0.09666675 0.09666675 0.09666675 0.09666675 0.09666675 0.09666675 0.09666675 0.09666675 0.09666675 0.09666675 0.09666675 0.09666675
0 1.154247 1.154247 1.154247 1.154247 1.154247 1.154247 1.154247 1.154247 1.154247 1.154247 1.154247 1.154247 1.154247 1.154247 1.154247 1.154247 1.154247 1.154247 1.154247 1.154247 1.154247 1.154247 1.154247 1.154247 1.154247 1.154247 1.154247 1.154247 0.6696287 0.09666675 0.09666675 0.09666675 0.09666675 0.09666675 0.09666675 0.09666675 0.09666675 0.09666675 0.09666675 0.09666675 0.09666675 0.09666675 0.09666675 0.09666675 0.09666675 0.09666675 0.09666675 0.09666675 0.09666675 0.09666675 0.09666675 0.09666675 0.09666675 0.09666675 0.09666675 0.09666675 0.09666675 0.09666675 0.09666675 0.09666675 0.09666675 0.09666675 0.09666675 0.09666675 0.09666675 0.09666675 0.09666675 0.09666675 0.09666675 0.09666675 0.09666675 0.09666675 0.09666675 0.1269657 0.2122081 0.2381365 0.2650985 0.2980377 0.3319362 0.3664688 0.406616
0 0.9808159 1.154247 1.154247 1.154247 1.154247 1.154247 1.154247 1.154247 1.154247 1.154247 1.154247 1.154247 1.154247 1.154247 1.154247 1.154247 1.154247 1.154247 1.154247 1.154247 1.154247 1.154247 1.154247 1.154247 1.154247 1.154247 1.154247 1.154247 0.4243426 0.09666675 0.09666675 0.09666675 0.09666675 0.09666675 0.09666675 0.09666675 0.09666675 0.09666675 0.09666675 0.09666675 0.09666675 0.09666675 0.09666675 0.09666675 0.09666675 0.09666675 0.09666675 0.09666675 0.09666675 0.09666675 0.09666675 0.09666675 0.09666675 0.09666675 0.09666675 0.09666675 0.09666675 0.09666675 0.09666675 0.09666675 0.09666675 0.09666675 0.09666675 0.09666675 0.09666675 0.09666675 0.09666675 0.09666675 0.09666675 0.09666675 0.09666675 0.09666675 0.2319509 0.7889277 0.8701819 0.8701819 0.8701819 0.8701819 0.8701819 0.8701819 0.8701819
0 0 1.154247 1.154247 1.154247 1.154247 1.154247 1.154247 1.154247 1.154247 1.154247 1.154247 1.154247 1.154247 1.154247 1.154247 1.154247 1.154247 1.154247 1.154247 1.154247 1.154247 1.154247 1.154247 1.154247 1.154247 1.154247 1.154247 1.034456 0.1316436 0.09666675 0.09666675 0.09666675 0.09666675 0.09666675 0.09666675 0.09666675 0.09666675 0.09666675 0.09666675 0.09666675 0.09666675 0.09666675 0.09666675 0.09666675 0.09666675 0.09666675 0.09666675 0.09666675 0.09666675 0.09666675 0.09666675 0.09666675 0.09666675 0.09666675 0.09666675 0.09666675 0.09666675 0.09666675 0.09666675 0.09666675 0.09666675 0.09666675 0.09666675 0.09666675 0.09666675 0.09666675 0.09666675 0.09666675 0.09666675 0.09666675 0.09843225 0.474504 0.8263859 0.8701819 0.8701819 0.8701819 0.8701819 0.8701819 0.8701819 0.8701819 0.8701819
