Scenarios/Heterogeneous/data/country_data_population_distribution/processed/density_grids/omn.asc
ncols 189
nrows 253
xllcorner 52
yllcorner 16
cellsize 0.041666666666667
NODATA_value -9999
[rows 148 to 184 of 253, columns 82 to 163 of 189]
1.040656 1.040656 1.040656 1.040656 1.040656 1.040656 1.040656 1.040656 1.040656 1.040656 1.040656 1.040656 1.040656 1.040656 1.040656 1.040656 1.040656 1.040656 1.040656 1.040656 1.040656 1.040656 1.040656 1.040656 1.040656 1.040656 1.040656 1.040656 1.040656 1.040656 1.040656 1.040656 1.040656 1.040656 1.040656 1.040656 1.040656 1.040656 1.040656 1.040656 1.040656 1.040656 1.040656 1.040656 1.040656 1.040656 1.5767 2.212376 2.212375 2.212376 2.212375 2.212376 2.212375 2.212376 2.212375 2.212376 2.212375 2.212376 2.212375 2.212375 2.212375 2.212376 0 0 0 0 0 0 4.312914 4.312914 4.312914 4.312914 4.312914 4.312914 0 0 0 11.91328 11.91328 11.91328 11.91328 11.91328
1.040656 1.040656 1.040656 1.040656 1.040656 1.040656 1.040656 1.040656 1.040656 1.040656 1.040656 1.040656 1.040656 1.040656 1.040656 1.040656 1.040656 1.040656 1.040656 1.040656 1.040656 1.040656 1.040656 1.040656 1.040656 1.040656 1.040656 1.040656 1.040656 1.040656 1.040656 1.040656 1.040656 1.040656 1.040656 1.040656 1.040656 1.040656 1.040656 1.040656 1.040656 1.040656 1.040656 1.040656 1.040656 1.233174 2.150713 2.212376 2.212376 2.212376 2.212376 2.212376 2.212376 2.212376 2.212376 2.212376 2.212376 2.212376 2.212376 2.212376 2.212376 2.212375 0 0 0 0 0 0 0 0 0 0 0 0 0 0 0 11.91328 11.91328 11.91328 11.91328 11.91328
1.040656 1.040656 1.040656 1.040656 1.040656 1.040656 1.040656 1.040656 1.040656 1.040656 1.040656 1.040656 1.040656 1.040656 1.040656 1.040656 1.040656 1.040656 1.040656 1.040656 1.040656 1.040656 1.040656 1.040656 1.040656 1.040656 1.040656 1.040656 1.040656 1.040656 1.040656 1.040656 1.040656 1.040656 1.040656 1.040656 1.040656 1.040656 1.040656 1.040656 1.040656 1.040656 1.040656 1.040656 1.040656 1.961462 2.212375 2.212376 2.212376 2.212376 2.212376 2.212376 2.212375 2.212376 2.212376 2.212376 2.212376 2.212376 2.212375 2.212376 2.212376 0 0 0 0 0 0 0 0 0 0 0 0 0 0 0 11.91328 11.91328 11.91328 11.91328 11.91328 0
1.040656 1.040656 1.040656 1.040656 1.040656 1.040656 1.040656 1.040656 1.040656 1.040656 1.040656 1.040656 1.040656 1.040656 1.040656 1.040656 1.040656 1.040656 1.040656 1.040656 1.040656 1.040656 1.040656 1.040656 1.040656 1.040656 1.040656 1.040656 1.040656 1.040656 1.040656 1.040656 1.040656 1.040656 1.040656 1.040656 1.040656 1.040656 1.040656 1.040656 1.040656 1.040656 1.040656 1.040656 1.149542 2.195471 2.212376 2.212376 2.212376 2.212376 2.212376 2.212376 2.212376 2.212376 2.212376 2.212376 2.212376 2.212376 2.212375 0 0 0 0 0 0 0 0 0 0 0 0 0 0 0 0 0 0 11.91328 11.91328 11.91328 0 0
1.040656 1.040656 1.040656 1.040656 1.040656 1.040656 1.040656 1.040656 1.040656 1.040656 1.040656 1.040656 1.040656 1.040656 1.040656 1.040656 1.040656 1.040656 1.040656 1.040656 1.040656 1.040656 1.040656 1.040656 1.040656 1.040656 1.040656 1.040656 1.040656 1.040656 1.040656 1.040656 1.040656 1.040656 1.040656 1.040656 1.040656 1.040656 1.040656 1.040656 1.040656 1.040656 1.040656 1.040656 1.042967 2.164779 2.212376 2.212375 2.212376 2.212375 2.212376 2.212375 2.212376 2.212375 2.212376 2.212375 2.212376 2.212376 0 0 0 0 0 0 0 0 0 0 0 0 0 0 0 0 0 0 0 11.91328 11.91328 11.91328 0 0
1.040656 1.040656 1.040656 1.040656 1.040656 1.040656 1.040656 1.040656 1.040656 1.040656 1.040656 1.040656 1.040656 1.040656 1.040656 1.040656 1.040656 1.040656 1.040656 1.040656 1.040656 1.040656 1.040656 1.040656 1.040656 1.040656 1.040656 1.040656 1.040656 1.040656 1.040656 1.040656 1.040656 1.040656 1.040656 1.040656 1.040656 1.040656 1.040656 1.040656 1.040656 1.040656 1.040656 1.040656 1.242929 2.212376 2.212376 2.212376 2.212376 2.212376 2.212376 2.212376 2.212376 2.212376 2.212376 2.212376 2.212376 2.212376 2.212376 0 0 0 0 0 0 0 0 0 0 0 0 0 0 0 0 0 0 11.91328 0 0 0 0
1.040656 1.040656 1.040656 1.040656 1.040656 1.040656 1.040656 1.040656 1.040656 1.040656 1.040656 1.040656 1.040656 1.040656 1.040656 1.040656 1.040656 1.040656 1.040656 1.040656 1.040656 1.040656 1.040656 1.040656 1.040656 1.040656 1.040656 1.040656 1.040656 1.040656 1.040656 1.040656 1.040656 1.040656 1.040656 1.040656 1.040656 1.040656 1.040656 1.040656 1.040656 1.040656 1.040656 1.040656 1.409954 2.212376 2.212376 2.212376 2.212376 2.212376 2.212376 2.212376 2.212376 2.212376 2.212376 2.212376 2.212376 2.212376 2.212375 0 0 0 0 0 0 0 0 0 0 0 0 0 0 0 0 0 0 0 0 0 0 0
1.040656 1.040656 1.040656 1.040656 1.040656 1.040656 1.040656 1.040656 1.040656 1.040656 1.040656 1.040656 1.040656 1.040656 1.040656 1.040656 1.040656 1.040656 1.040656 1.040656 1.040656 1.040656 1.040656 1.040656 1.040656 1.040656 1.040656 1.040656 1.040656 1.040656 1.040656 1.040656 1.040656 1.040656 1.040656 1.040656 1.040656 1.040656 1.040656 1.040656 1.040656 1.040656 1.040656 1.040656 1.677178 2.212376 2.212376 2.212376 2.212376 2.212376 2.212376 2.212376 2.212376 2.212376 2.212376 2.212376 2.212376 2.212376 0 0 0 0 0 0 0 0 0 0 0 0 0 0 0 0 0 0 0 0 0 0 0 0
1.040656 1.040656 1.040656 1.040656 1.040656 1.040656 1.040656 1.040656 1.040656 1.040656 1.040656 1.040656 1.040656 1.040656 1.040656 1.040656 1.040656 1.040656 1.040656 1.040656 1.040656 1.040656 1.040656 1.040656 1.040656 1.040656 1.040656 1.040656 1.040656 1.040656 1.040656 1.040656 1.040656 1.040656 1.040656 1.040656 1.040656 1.040656 1.040656 1.040656 1.040656 1.040656 1.040656 1.040656 1.14846 2.073179 2.212376 2.212376 2.212376 2.212376 2.257457 2.561926 2.212376 2.212376 2.212376 2.212376 2.212376 2.212376 0 0 0 0 0 0 0 0 0 0 0 0 0 0 0 0 0 0 0 0 0 0 0 0
1.040656 1.040656 1.040656 1.040656 1.040656 1.040656 1.040656 1.040656 1.040656 1.040656 1.040656 1.040656 1.040656 1.040656 1.040656 1.040656 1.040656 1.040656 1.040656 1.040656 1.040656 1.040656 1.040656 1.040656 1.040656 1.040656 1.040656 1.040656 1.040656 1.040656 1.040656 1.040656 1.040656 1.040656 1.040656 1.040656 1.040656 1.040656 1.040656 1.040656 1.040656 1.040656 1.040656 1.040656 1.040656 1.285852 2.212369 2.212376 2.421548 2.406506 4.0645 4.409895 3.146571 2.212376 2.212376 2.212376 2.212376 2.212376 0 0 0 0 0 0 0 0 0 0 0 0 0 0 0 0 0 0 0 0 0 0 0 0
1.040656 1.040656 1.040656 1.040656 1.040656 1.040656 1.040656 1.040656 1.040656 1.040656 1.040656 1.040656 1.040656 1.040656 1.040656 1.040656 1.040656 1.040656 1.040656 1.040656 1.040656 1.040656 1.040656 1.040656 1.040656 1.040656 1.040656 1.040656 1.040656 1.040656 1.040656 1.040656 1.040656 1.040656 1.040656 1.040656 1.040656 1.040656 1.040656 1.040656 1.040656 1.040656 1.040656 1.040656 1.040656 1.040656 2.736764 3.849043 4.474537 4.284164 4.490392 4.490392 4.427496 4.029965 2.595241 2.212376 2.212376 2.212376 0 0 0 0 0 0 0 0 0 0 0 0 0 0 0 0 0 0 0 0 0 0 0 0
1.040656 1.040656 1.040656 1.040656 1.040656 1.040656 1.040656 1.040656 1.040656 1.040656 1.040656 1.040656 1.040656 1.040656 1.040656 1.040656 1.040656 1.040656 1.040656 1.040656 1.040656 1.040656 1.040656 1.040656 1.040656 1.040656 1.040656 1.040656 1.040656 1.040656 1.040656 1.040656 1.040656 1.040656 1.040656 1.040656 1.040656 1.040656 1.040656 1.040656 1.040656 1.040656 1.040656 1.040656 1.040656 1.040656 3.77701 4.490392 4.490392 4.490391 4.490392 4.490392 4.490392 4.490392 3.657956 2.212376 2.212376 0 0 0 0 0 0 0 0 0 0 0 0 0 0 0 0 0 0 0 0 0 0 0 0 0
1.040656 1.040656 1.040656 1.040656 1.040656 1.040656 1.040656 1.040656 1.040656 1.040656 1.040656 1.040656 1.040656 1.040656 1.040656 1.040656 1.040656 1.040656 1.040656 1.040656 1.040656 1.040656 1.040656 1.040656 1.040656 1.040656 1.040656 1.040656 1.040656 1.040656 1.040656 1.040656 1.040656 1.040656 1.040656 1.040656 1.040656 1.040656 1.040656 1.040656 1.040656 1.040656 1.040656 1.040656 1.040656 1.040656 3.920417 4.490392 4.490392 4.490392 4.490392 4.490392 4.490392 4.490392 4.346118 2.395356 2.212376 0 0 0 0 0 0 0 0 0 0 0 0 0 0 0 0 0 0 0 0 0 0 0 0 0
1.040656 1.040656 1.040656 1.040656 1.040656 1.040656 1.040656 1.040656 1.040656 1.040656 1.040656 1.040656 1.040656 1.040656 1.040656 1.040656 1.040656 1.040656 1.040656 1.040656 1.040656 1.040656 1.040656 1.040656 1.040656 1.040656 1.040656 1.040656 1.040656 1.040656 1.040656 1.040656 1.040656 1.040656 1.040656 1.040656 1.040656 1.040656 1.040656 1.040656 1.040656 1.040656 1.040656 1.040656 1.040656 1.114828 4.414998 4.490392 4.490392 4.490392 4.490392 4.490392 4.490392 4.490392 4.490392 4.012309 2.212376 4.490392 0 0 0 0 0 0 0 0 0 0 0 0 0 0 0 0 0 0 0 0 0 0 0 0
1.040656 1.040656 1.040656 1.040656 1.040656 1.040656 1.040656 1.040656 1.040656 1.040656 1.040656 1.040656 1.040656 1.040656 1.040656 1.040656 1.040656 1.040656 1.040656 1.040656 1.040656 1.040656 1.040656 1.040656 1.040656 1.040656 1.040656 1.040656 1.040656 1.040656 1.040656 1.040656 1.040656 1.040656 1.040656 1.040656 1.040656 1.040656 1.040656 1.040656 1.040656 1.040656 1.040656 1.040656 1.040656 2.461641 4.490391 4.490391 4.490391 4.490391 4.490391 4.490391 4.490391 4.490391 4.490392 4.490392 0 0 0 0 0 0 0 0 0 0 0 0 0 0 0 0 0 0 0 0 0 0 0 0 0 0
1.040656 1.040656 1.040656 1.040656 1.040656 1.040656 1.040656 1.040656 1.040656 1.040656 1.040656 1.040656 1.040656 1.040656 1.040656 1.040656 1.040656 1.040656 1.040656 1.040656 1.040656 1.040656 1.040656 1.040656 1.040656 1.040656 1.040656 1.040656 1.040656 1.040656 1.040656 1.040656 1.040656 1.040656 1.040656 1.040656 1.040656 1.040656 1.040656 1.040656 1.040656 1.040656 1.040656 1.040656 1.844409 4.426571 4.490392 4.490392 4.490391 4.490392 4.490391 4.490392 4.490392 4.490392 4.490392 0 0 0 0 0 0 0 0 0 0 0 0 0 0 0 0 0 0 0 0 0 0 0 0 0 0 0
1.040656 1.040656 1.040656 1.040656 1.040656 1.040656 1.040656 1.040656 1.040656 1.040656 1.040656 1.040656 1.040656 1.040656 1.040656 1.040656 1.040656 1.040656 1.040656 1.040656 1.040656 1.040656 1.040656 1.040656 1.040656 1.040656 1.040656 1.040656 1.040656 1.040656 1.040656 1.040656 1.040656 1.040656 1.040656 1.040656 1.040656 1.040656 1.040656 1.040656 1.040656 1.040656 1.040656 1.075381 3.961448 4.490392 4.490392 4.490392 4.490392 4.490392 4.490392 4.490392 4.490392 4.490391 4.490391 4.490392 0 0 0 0 0 0 0 0 0 0 0 0 0 0 0 0 0 0 0 0 0 0 0 0 0 0
1.040656 1.040656 1.040656 1.040656 1.040656 1.040656 1.040656 1.040656 1.040656 1.040656 1.040656 1.040656 1.040656 1.040656 1.040656 1.040656 1.040656 1.040656 1.040656 1.040656 1.040656 1.040656 1.040656 1.040656 1.040656 1.040656 1.040656 1.040656 1.040656 1.040656 1.040656 1.040656 1.040656 1.040656 1.040656 1.040656 1.040656 1.040656 1.040656 1.040656 1.040656 1.040656 1.040656 2.21126 4.490392 4.490392 4.490392 4.490392 4.490392 4.490392 4.490392 4.490392 4.490392 4.490392 4.490392 4.490392 0 0 0 0 0 0 0 0 0 0 0 0 0 0 0 0 0 0 0 0 0 0 0 0 0 0
1.040656 1.040656 1.040656 1.040656 1.040656 1.040656 1.040656 1.040656 1.040656 1.040656 1.040656 1.040656 1.040656 1.040656 1.040656 1.040656 1.040656 1.040656 1.040656 1.040656 1.040656 1.040656 1.040656 1.040656 1.040656 1.040656 1.040656 1.040656 1.040656 1.040656 1.040656 1.040656 1.040656 1.040656 1.040656 1.040656 1.040656 1.040656 1.040656 1.040656 1.040656 1.040656 1.040656 3.701878 4.490392 4.490391 4.490391 4.490392 4.490392 4.490392 4.490392 4.490392 4.490392 4.490392 4.490391 4.490392 0 0 0 0 0 0 0 0 0 0 0 0 0 0 0 0 0 0 0 0 0 0 0 0 0 0
1.040656 1.040656 1.040656 1.040656 1.040656 1.040656 1.040656 1.040656 1.040656 1.040656 1.040656 1.040656 1.040656 1.040656 1.040656 1.040656 1.040656 1.040656 1.040656 1.040656 1.040656 1.040656 1.040656 1.040656 1.040656 1.040656 1.040656 1.040656 1.040656 1.040656 1.040656 1.040656 1.040656 1.040656 1.040656 1.040656 1.040656 1.040656 1.040656 1.040656 1.040656 1.040656 1.185449 4.402431 4.490391 4.490392 4.490392 4.490391 4.490392 4.490391 4.490392 4.490391 4.490392 4.490391 4.490392 4.490391 0 0 0 0 0 0 0 0 0 0 0 0 0 0 0 0 0 0 0 0 0 0 0 0 0 0
1.040656 1.040656 1.040656 1.040656 1.040656 1.040656 1.040656 1.040656 1.040656 1.040656 1.040656 1.040656 1.040656 1.040656 1.040656 1.040656 1.040656 1.040656 1.040656 1.040656 1.040656 1.040656 1.040656 1.040656 1.040656 1.040656 1.040656 1.040656 1.040656 1.040656 1.040656 1.040656 1.040656 1.040656 1.040656 1.040656 1.040656 1.040656 1.040656 1.040656 1.040656 1.040656 2.384155 4.490392 4.490392 4.490392 4.490392 4.490392 4.490392 4.490392 4.490392 4.490392 4.490392 4.490392 4.490392 4.490391 0 0 0 0 0 0 0 0 0 0 0 0 0 0 0 0 0 0 0 0 0 0 0 0 0 0
1.040656 1.040656 1.040656 1.040656 1.040656 1.040656 1.040656 1.040656 1.040656 1.040656 1.040656 1.040656 1.040656 1.040656 1.040656 1.040656 1.040656 1.040656 1.040656 1.040656 1.040656 1.040656 1.040656 1.040656 1.040656 1.040656 1.040656 1.040656 1.040656 1.040656 1.040656 1.040656 1.040656 1.040656 1.040656 1.040656 1.040656 1.040656 1.040656 1.040656 1.040656 1.08193 3.989912 4.490392 4.490392 4.490392 4.490392 4.490392 4.490392 4.490392 4.490392 4.490392 4.490392 4.490392 4.490392 4.490392 0 0 0 0 0 0 0 0 0 0 0 0 0 0 0 0 0 0 0 0 0 0 0 0 0 0
1.040656 1.040656 1.040656 1.040656 1.040656 1.040656 1.040656 1.040656 1.040656 1.040656 1.040656 1.040656 1.040656 1.040656 1.040656 1.040656 1.040656 1.040656 1.040656 1.040656 1.040656 1.040656 1.040656 1.040656 1.040656 1.040656 1.040656 1.040656 1.040656 1.040656 1.040656 1.040656 1.040656 1.040656 1.040656 1.040656 1.040656 1.040656 1.040656 1.040656 1.040656 2.380636 4.490392 4.490392 4.490392 4.490392 4.490392 4.490392 4.490392 4.490392 4.490392 4.490392 4.490392 4.490392 4.490392 4.490392 4.490392 0 0 0 0 0 0 0 0 0 0 0 0 0 0 0 0 0 0 0 0 0 0 0 0 0
1.040656 1.040656 1.040656 1.040656 1.040656 1.040656 1.040656 1.040656 1.040656 1.040656 1.040656 1.040656 1.040656 1.040656 1.040656 1.040656 1.040656 1.040656 1.040656 1.040656 1.040656 1.040656 1.040656 1.040656 1.040656 1.040656 1.040656 1.040656 1.040656 1.040656 1.040656 1.040656 1.040656 1.040656 1.040656 1.040656 1.040656 1.040656 1.040656 1.040656 1.214984 4.155129 4.490392 4.490392 4.490392 4.490392 4.490392 4.490392 4.490392 4.490392 4.490392 4.490392 4.490392 4.490392 4.490392 4.490392 4.490392 0 0 0 0 0 0 0 0 0 0 0 0 0 0 0 0 0 0 0 0 0 0 0 0 0
0.8513758 1.040656 1.040656 1.040656 1.040656 1.040656 1.040656 1.040656 1.040656 1.040656 1.040656 1.040656 1.040656 1.040656 1.040656 1.040656 1.040656 1.040656 1.040656 1.040656 1.040656 1.040656 1.040656 1.040656 1.040656 1.040656 1.040656 1.040656 1.040656 1.040656 1.040656 1.040656 1.040656 1.040656 1.040656 1.040656 1.040656 1.040656 1.04564 1.582139 3.542713 4.490392 4.490392 4.490392 4.490392 4.490392 4.490392 4.490392 4.490392 4.490392 4.490392 4.490392 4.490392 4.490392 4.490392 4.490392 4.490392 0 0 0 0 0 0 0 0 0 0 0 0 0 0 0 0 0 0 0 0 0 0 0 0 0
0.2677536 1.020346 1.040656 1.040656 1.040656 1.040656 1.040656 1.040656 1.040656 1.040656 1.040656 1.040656 1.040656 1.040656 1.040656 1.040656 1.040656 1.040656 1.040656 1.040656 1.040656 1.040656 1.040656 1.040656 1.040656 1.040656 1.040656 1.040656 1.040656 1.040656 1.040656 1.040656 1.040656 1.040656 1.040656 1.10582 1.97234 3.071116 4.086988 4.490392 4.490392 4.490392 4.490392 4.490392 4.490392 4.490392 4.490392 4.490392 4.490392 4.490392 4.490392 4.490392 4.490392 4.490392 4.490392 4.490391 0 0 0 0 0 0 0 0 0 0 0 0 0 0 0 0 0 0 0 0 0 0 0 0 0 0
0.09666675 0.5728381 1.040656 1.040656 1.040656 1.040656 1.040656 1.040656 1.040656 1.040656 1.040656 1.040656 1.040656 1.040656 1.040656 1.040656 1.040656 1.040656 1.040656 1.040656 1.040656 1.040656 1.040656 1.040656 1.040656 1.040656 1.040656 1.040656 1.040656 1.040656 1.040656 1.040656 1.128626 1.907571 3.165437 4.252408 4.490392 4.490392 4.490392 4.490392 4.490392 4.490392 4.490392 4.490392 4.490392 4.490392 4.490392 4.490391 4.490392 4.490392 4.490392 4.490392 4.490392 4.490392 4.490392 4.490391 0 0 0 0 0 0 0 0 0 0 0 0 0 0 0 0 0 0 0 0 0 0 0 0 0 0
0.09666675 0.1191762 0.875723 1.040656 1.040656 1.040656 1.040656 1.040656 1.040656 1.040656 1.040656 1.040656 1.040656 1.040656 1.040656 1.040656 1.040656 1.040656 1.040656 1.040656 1.040656 1.040656 1.040656 1.040656 1.040656 1.040656 1.040656 1.040656 1.040656 1.096295 2.093005 3.449394 4.396881 4.490391 4.490392 4.490392 4.490392 4.490391 4.490392 4.490391 4.490392 4.490392 4.490392 4.490392 4.490392 4.490392 4.490391 4.490392 4.490392 4.490392 4.490392 4.490392 4.490391 4.490392 4.490392 4.490391 4.490391 0 0 0 0 0 0 0 0 0 0 0 0 0 0 0 0 0 0 0 0 0 0 0 0 0
0.09666675 0.09666675 0.2925354 1.027758 1.040656 1.040656 1.040656 1.040656 1.040656 1.040656 1.040656 1.040656 1.040656 1.040656 1.040656 1.040656 1.040656 1.040656 1.040656 1.040656 1.040656 1.040656 1.040656 1.040656 1.040656 1.040656 1.040656 1.040656 1.838979 3.997337 4.490391 4.490391 4.490391 4.490392 4.490391 4.490391 4.490391 4.490391 4.490391 4.490392 4.490391 4.490391 4.490391 4.490391 4.490391 4.490391 4.490392 4.490391 4.490391 4.490391 4.490391 4.490391 4.490392 4.490391 4.490391 4.490391 4.490392 4.490391 0 0 0 0 0 0 0 0 0 0 0 0 0 0 0 0 0 0 0 0 0 0 0 0
0.09666675 0.09666675 0.09666675 0.6050323 1.040656 1.040656 1.040656 1.040656 1.040656 1.040656 1.040656 1.040656 1.040656 1.040656 1.040656 1.040656 1.040656 1.040656 1.040656 1.040656 1.040656 1.040656 1.040656 1.040656 1.040656 1.040656 1.040656 2.395168 4.419755 4.490392 4.490392 4.490392 4.490392 4.490392 4.490391 4.490392 4.490392 4.490392 4.490392 4.490392 4.490392 4.490392 4.490392 4.490392 4.490392 4.490392 4.490392 4.490392 4.490392 4.490392 4.490392 4.490392 4.490392 4.490392 4.490392 4.490392 4.490392 4.490392 0 0 0 0 0 0 0 0 0 0 0 0 0 0 0 0 0 0 0 0 0 0 0 0
0.09666675 0.09666675 0.09666675 0.1286986 0.8983948 1.040656 1.040656 1.040656 1.040656 1.040656 1.040656 1.040656 1.040656 1.040656 1.040656 1.040656 1.040656 1.040656 1.040656 1.040656 1.040656 1.040656 1.040656 1.040656 1.040656 1.10134 2.961879 4.488565 4.490392 4.490392 4.490392 4.490392 4.490392 4.490392 4.490392 4.490392 4.490392 4.490392 4.490392 4.490392 4.490392 4.490392 4.490392 4.490392 4.490392 4.490392 4.490392 4.490392 4.490392 4.490392 4.490392 4.490392 4.490392 4.490392 4.490392 4.490392 4.490392 4.490392 0 0 0 0 0 0 0 0 0 0 0 0 0 0 0 0 0 0 0 0 0 0 0 0
0.09666675 0.09666675 0.09666675 0.09666675 0.3189929 1.033495 1.040656 1.040656 1.040656 1.040656 1.040656 1.040656 1.040656 1.040656 1.040656 1.040656 1.040656 1.040656 1.040656 1.040656 1.040656 1.040656 1.040656 1.040656 1.371154 3.678848 4.490392 4.490392 4.490392 4.490392 4.490392 4.490392 4.490392 4.490392 4.490392 4.490392 4.490392 4.490392 4.490392 4.490392 4.490392 4.490392 4.490392 4.490392 4.490392 4.490392 4.490392 4.490392 4.490391 4.490392 4.490392 4.490392 4.490391 4.490392 4.490392 4.490392 4.490392 4.490392 0 0 0 0 0 0 0 0 0 0 0 0 0 0 0 0 0 0 0 0 0 0 0 0
0.09666675 0.09666675 0.09666675 0.09666675 0.09666675 0.6372264 1.040656 1.040656 1.040656 1.040656 1.040656 1.040656 1.040656 1.040656 1.040656 1.040656 1.040656 1.040656 1.040656 1.040656 1.040656 1.040656 1.040656 1.040656 2.91142 4.490392 4.490392 4.490392 4.490392 4.490392 4.490392 4.490392 4.490392 4.490392 4.490392 4.490392 4.490392 4.490392 4.490392 4.490392 4.490392 4.490392 4.490392 4.490392 4.490392 4.490392 4.490392 4.490392 4.490392 4.490392 4.490392 4.490392 4.490392 4.490392 4.490392 4.490392 4.490392 4.490392 4.490391 0 0 0 0 0 0 0 0 0 0 0 0 0 0 0 0 0 0 0 0 0 0 0
0.09666675 0.09666675 0.09666675 0.09666675 0.09666675 0.1398964 0.9193912 1.040656 1.040656 1.040656 1.040656 1.040656 1.040656 1.040656 1.040656 1.040656 1.040656 1.040656 1.040656 1.040656 1.040656 1.040656 1.040656 1.236377 4.140758 4.490391 4.490391 4.490391 4.490391 4.490391 4.490391 4.490391 4.490391 4.490392 4.490391 4.490391 4.490391 4.490391 4.490391 4.490392 4.490391 4.490391 4.490391 4.490391 4.490391 4.490391 4.490392 4.490391 4.490391 4.490391 4.490391 4.490391 4.490392 4.490391 4.490391 4.490391 4.490392 4.490391 4.490392 0 0 0 0 0 0 0 0 0 0 0 0 0 0 0 0 0 0 0 0 0 0 0
0.4480825 0.4895485 0.5310139 0.5724788 0.6139432 0.6554068 0.8267245 1.040176 1.040656 1.040656 1.040656 1.040656 1.040656 1.040656 1.040656 1.040656 1.040656 1.040656 1.040656 1.040656 1.040656 1.121871 1.5776 2.222468 4.404024 4.490392 4.490392 4.490392 4.490392 4.490392 4.490392 4.490392 4.490392 4.490392 4.490392 4.490392 4.490392 4.490392 4.490392 4.490392 4.490392 4.490392 4.490392 4.490392 4.490392 4.490392 4.490392 4.490392 4.490392 4.490392 4.490391 4.490392 4.490392 4.490392 4.490392 4.490391 0 0 0 0 0 0 0 0 0 0 0 0 0 0 0 0 0 0 0 0 0 0 0 0 0 0
0.8701819 0.8701819 0.8701819 0.8701819 0.8701819 0.8701819 0.8701819 0.9750679 1.040656 1.040656 1.040656 1.040656 1.040656 1.040656 1.040656 1.040656 1.040656 1.040656 1.040656 1.250329 1.86708 2.141483 2.162796 2.162796 2.402891 3.609047 4.168268 4.420987 4.490392 4.490392 4.490392 4.490392 4.490392 4.490392 4.490392 4.490392 4.490392 4.490392 4.490392 4.490392 4.490392 4.490392 4.490392 4.490392 4.490391 0 0 0 0 0 0 0 0 0 0 0 0 0 0 0 0 0 0 0 0 0 0 0 0 0 0 0 0 0 0 0 0 0 0 0 0 0
0.8701819 0.8701819 0.8701819 0.8701819 0.8701819 0.8701819 0.8701819 0.8813056 1.023843 1.040656 1.040656 1.040656 1.040656 1.040656 1.040656 1.040656 1.040656 1.040656 1.092003 2.002104 2.162796 2.162796 2.162796 2.162796 2.162796 2.162796 2.162796 2.163267 3.193327 4.490391 4.490391 4.490391 4.490391 4.490391 4.490391 4.490391 4.490391 4.490392 4.490391 4.490392 4.490391 0 0 0 0 0 0 0 0 0 0 0 0 0 0 0 0 0 0 0 0 0 0 0 0 0 0 0 0 0 0 0 0 0 0 0 0 0 0 0 0 0
