Scenarios/Heterogeneous/data/country_data_population_distribution/processed/density_grids/pak.asc
ncols 427
nrows 338
xllcorner 60
yllcorner 23
[rows 114 to 151 of 338, columns 172 to 257 of 427]
0 0 0 0 0 0 0 0 0 0 0 0 0 0 0 0 0 0 0 0 0 0 0 0 0 0 0 0 0 0 0 0 0 0 0 0 0 0 0 0 0 0 0 0 0 0 0 0 0 0 0 0 0 0 0 110.3137 110.3137 110.3137 110.3137 102.9225 86.92165 58.35333 56.11219 56.11219 56.11219 58.71205 81.13204 81.64313 106.9708 113.8356 132.2759 165.7923 51.29274 30.02323 30.02323 30.02323 54.7233 135.2725 127.4567 184.7906 262.0114 262.0114 262.0114 262.0114 262.0114 262.0114
0 0 0 0 0 0 0 0 0 0 0 0 0 0 0 0 0 0 0 0 0 0 0 0 0 0 0 0 0 0 0 0 0 0 0 0 0 0 0 0 0 0 0 0 0 0 0 0 0 0 0 0 0 0 0 88.2598 95.07184 88.81239 71.94589 56.21923 56.11219 56.11219 56.11219 56.11219 56.11218 56.11219 70.9428 93.3628 113.8356 113.8356 116.4799 159.3999 107.5878 30.02323 30.02323 30.93957 187.9488 262.0114 262.0114 262.0114 262.0114 262.0114 262.0114 262.0114 262.0114 262.0114
0 0 0 0 0 0 0 0 0 0 0 0 0 0 0 0 0 0 0 0 0 0 0 0 0 0 0 0 0 0 0 0 0 0 0 0 0 0 0 0 0 0 0 0 0 0 0 0 0 0 0 0 0 0 0 56.11219 56.11219 56.11219 56.11219 56.11219 56.11219 56.11219 56.11219 56.11219 56.11219 56.11219 58.30092 102.2259 113.8356 113.8356 113.8356 125.8956 157.0778 76.53467 72.76905 173.3557 262.0114 262.0114 262.0114 262.0114 262.0114 262.0114 262.0114 262.0114 262.0114 258.0091
0 0 0 0 0 0 0 0 0 0 0 0 0 0 0 0 0 0 0 0 0 0 0 0 0 0 0 0 0 0 0 0 0 0 0 0 0 0 0 0 0 0 0 0 0 0 0 0 0 0 0 0 0 0 0 56.11219 56.11219 56.11219 56.11219 56.11219 56.11219 56.11219 56.11219 56.11219 56.11218 56.11219 56.11218 62.31516 98.01359 109.6167 113.8159 113.8356 111.752 136.4326 261.3013 262.0114 262.0114 262.0114 262.0114 262.0114 262.0114 262.0114 262.0114 262.0114 262.0114 215.431
0 0 0 0 0 0 0 0 0 0 0 0 0 0 0 0 0 0 0 0 0 0 0 0 0 0 0 0 0 0 0 0 0 0 0 0 0 0 0 0 0 0 0 0 0 0 0 0 0 0 0 0 0 0 0 56.11219 56.11219 56.11219 56.11219 56.11219 56.11219 56.11219 56.11219 56.11219 56.11219 56.11219 56.11219 56.11219 56.11219 56.11219 56.76474 56.58123 56.26443 70.83324 224.3795 262.0114 262.0114 262.0114 262.0114 262.0114 262.0114 262.0114 262.0114 262.0114 262.0114 211.5887
0 0 0 0 0 0 0 0 0 0 0 0 0 0 0 0 0 0 0 0 0 0 0 0 0 0 0 0 0 0 0 0 0 0 0 0 0 0 0 0 0 0 0 0 0 0 0 0 0 0 0 0 0 0 0 56.11219 56.11219 56.11219 56.11219 56.11219 56.11219 56.11219 56.11219 56.11219 56.11218 56.11219 56.11219 56.11219 56.11219 56.11219 56.11219 56.11219 56.11218 56.11219 145.5859 262.0114 262.0114 245.9451 241.1065 256.541 259.2644 261.1419 234.619 200.1245 195.4327 122.3655
0 0 0 0 0 0 0 0 0 0 0 0 0 0 0 0 0 0 0 0 0 0 0 0 0 0 0 0 0 0 0 0 0 0 0 0 0 0 0 0 0 0 0 0 0 0 0 0 0 0 0 0 0 0 0 56.11219 65.04518 82.91705 98.14457 108.3119 109.7172 110.373 111.3365 112.29 109.0565 87.67343 51.2649 47.80301 55.58937 56.11219 56.11219 56.11219 56.11219 56.11219 95.51829 262.0109 262.0114 236.6804 108.221 105.941 115.5855 124.3501 104.9242 104.9242 104.9242 104.9242
0 0 0 0 0 0 0 0 0 0 0 0 0 0 0 0 0 0 0 0 0 0 0 0 0 0 0 0 0 0 0 0 0 0 0 0 0 0 0 0 0 0 0 0 0 0 0 0 0 0 0 0 0 0 0 93.0929 118.9722 119.4141 119.4141 119.4141 119.4141 119.4141 119.4141 78.34919 38.5113 38.11722 38.11722 46.45451 56.11219 56.11219 56.11219 56.11219 56.11219 56.11219 56.11219 159.4395 225.4895 129.9664 104.9242 104.9242 104.9242 104.9242 104.9242 104.9242 104.9242 104.9242
0 0 0 0 0 0 0 0 0 0 0 0 0 0 0 0 0 0 0 0 0 0 0 0 0 0 0 0 0 0 0 0 0 0 0 0 0 0 0 0 0 0 0 0 0 0 0 0 0 0 0 0 0 0 0 66.54355 119.4141 119.4141 119.4141 119.4141 119.4141 119.4141 100.9513 39.44804 38.11722 38.11722 38.11722 48.40304 56.11219 56.11219 56.11219 56.11219 56.11219 56.11219 56.11219 56.11219 77.60906 104.9242 104.9242 104.9242 104.9242 104.9242 104.9242 104.9242 104.9242 104.9242
0 0 0 0 0 0 0 0 0 0 0 0 0 0 0 0 0 0 0 0 0 0 0 0 0 0 0 0 0 0 0 0 0 0 0 0 0 0 0 0 0 0 0 0 0 0 0 0 0 0 0 0 0 0 0 0 95.32759 87.82142 80.02107 77.71281 76.03024 66.42826 38.96067 38.11722 38.11722 38.11722 38.11722 38.12054 42.5568 56.11219 56.11219 56.11219 56.11219 56.11219 56.11219 56.11219 61.72677 104.8403 104.9242 104.9242 104.9242 104.9242 104.9242 104.9242 104.9242 104.9242
0 0 0 0 0 0 0 0 0 0 0 0 0 0 0 0 0 0 0 0 0 0 0 0 0 0 0 0 0 0 0 0 0 0 0 0 0 0 0 0 0 0 0 0 0 0 0 0 0 0 0 0 0 0 17.39255 28.73623 28.73723 28.73723 28.73723 28.73723 28.73723 28.93581 36.12943 38.11722 38.11722 38.11722 38.11722 38.11722 49.55301 54.88831 45.79102 46.25546 54.95668 56.11218 56.11219 56.11219 56.11219 97.61594 104.9242 104.9242 104.9242 104.9242 104.9242 104.9242 104.9242 104.9242
0 0 0 0 0 0 0 0 0 0 0 0 0 0 0 0 0 0 0 0 0 0 0 0 0 0 0 0 0 0 0 0 0 0 0 0 0 0 0 0 0 0 0 0 0 0 0 0 0 0 0 0 0 20.95687 28.73723 28.73723 28.73723 28.73723 28.73723 28.73723 28.73723 28.73723 30.88683 38.11722 38.11722 38.11722 38.11722 38.11722 43.4603 43.49009 35.84283 31.66433 35.81166 48.51577 49.71688 54.00037 56.11218 87.91814 104.9242 104.9242 104.9242 104.9242 104.9242 104.9242 104.9242 105.0371
0 0 0 0 0 0 0 0 0 0 0 0 0 0 0 0 0 0 0 0 0 0 0 0 0 0 0 0 4.82612 0 0 0 0 0 0 0 0 5.588272 0 0 0 0 0 0 0 0 0 0 0 0 0 0 19.20639 28.73723 28.73723 28.73723 28.73723 28.73723 28.73723 28.73723 28.73723 28.73723 29.78003 38.11722 38.11722 38.11722 38.11722 38.11722 38.11722 38.11722 33.83484 31.66434 31.66434 31.66434 31.66434 33.04847 41.10469 81.43094 104.9242 104.9242 104.9242 104.9242 104.9242 104.9242 104.9242 106.4679
0 0 0 0 0 0 0 0 0 0 0 0 0 0 0 0 0 0 0 0 0 0 0 0 0 0 0 6.833481 7.187037 7.187037 0 0 0 0 0 5.636208 6.622495 6.84392 7.080646 4.994534 4.241455 0 0 0 0 0 0 0 0 0 0 0 28.73723 28.73723 28.73723 28.73723 28.73723 28.73723 28.73723 28.73723 28.73723 28.73723 33.11628 38.11722 38.11722 38.11722 38.11722 38.11722 38.11722 38.11722 33.67876 31.66434 31.66434 31.66434 31.66434 31.66434 31.66434 66.84021 104.9242 104.9242 104.9242 104.9242 104.9242 104.9242 104.9242 104.9242
0 0 0 0 0 0 0 0 0 0 0 0 0 0 0 0 0 0 0 0 0 0 0 0 0 0 7.814308 7.187037 7.187037 7.187037 7.187037 7.187037 7.187037 7.187037 6.676522 5.874189 0 0 7.187037 7.187037 7.187037 0 0 0 0 0 0 0 0 0 0 25.79954 28.73723 28.73723 28.73723 28.73723 28.73723 28.73723 28.73723 28.73723 28.73723 28.75126 36.78314 38.11722 38.11722 38.11722 38.11722 38.11722 38.11722 38.11722 34.01175 31.66434 31.66434 31.66434 31.66434 31.66434 31.66434 51.5659 96.63261 104.9242 104.9242 104.9242 104.9242 104.9242 104.9242 104.9242
0 0 0 0 0 0 0 0 0 0 0 0 0 0 0 0 0 0 0 0 0 0 0 0 0 0 7.187037 7.187038 7.187037 7.187036 7.187037 7.187037 7.187038 7.187037 7.187036 7.187037 7.187038 7.187037 7.187037 7.187037 7.187036 4.494151 0 0 0 0 0 0 0 0 21.12559 28.73723 28.73723 28.73723 28.73723 28.73723 28.73723 28.73723 28.73723 28.73723 28.73723 29.81037 38.11722 38.11722 38.11722 38.11722 38.11722 38.11722 38.11722 38.11722 34.62798 31.66434 31.66433 31.66434 31.66433 31.66433 31.66434 31.66433 52.68345 104.9242 104.9242 104.9242 104.9242 104.9242 104.9242 104.9242
0 0 0 0 0 0 0 0 0 0 0 0 0 0 0 0 0 0 0 0 0 0 0 0 7.602231 7.187037 7.187037 7.187037 7.187037 7.187037 7.187037 7.187037 7.187037 7.187037 7.187037 7.187037 7.187037 7.187037 7.187037 7.187037 7.187037 7.187037 5.442208 0 0 0 0 0 0 27.07066 28.73723 28.73723 28.73723 28.73723 28.73723 28.73723 28.73723 28.73723 28.73723 28.73723 28.73723 31.33831 38.11722 38.11722 38.11722 38.11722 38.11722 38.11722 38.11722 38.11722 34.63211 31.66434 31.66434 31.66434 31.66434 31.66434 31.66434 31.66434 37.68997 103.9345 104.9242 104.9242 104.9242 104.9242 104.9242 105.143
0 0 0 0 0 0 0 0 0 0 0 0 0 0 0 0 0 0 0 0 0 7.630202 7.207507 7.187037 7.187037 7.187037 7.187037 7.187037 7.187037 7.187037 7.187037 7.187037 7.187037 7.187037 7.187037 7.187037 7.187037 7.187037 7.187037 7.187037 7.187037 7.187037 8.746869 17.59197 0 0 25.00105 28.73723 28.73261 28.73723 28.73723 28.73723 28.73723 28.73723 28.73723 28.73723 28.73723 28.73723 28.73723 28.73723 28.73723 32.75726 38.11722 38.11722 38.11722 38.11722 38.11722 38.11722 38.11722 38.11722 34.01925 31.66434 31.66434 31.66434 31.66434 31.66434 31.66434 31.66434 31.66434 78.87009 104.9242 104.9242 104.9242 104.9242 104.9242 130.171
0 0 0 0 0 0 0 0 0 0 0 0 0 0 0 0 0 0 0 13.52817 12.30212 8.597981 7.187037 7.187037 7.187037 7.187037 7.187037 7.187037 7.187037 7.187037 7.187037 7.187037 7.187037 7.187037 7.187037 7.187037 7.187037 7.187037 7.187037 7.187037 7.187037 7.187037 21.39966 28.73723 28.73723 28.73723 28.73723 28.73723 28.73723 28.73723 28.73723 28.73723 28.73723 28.73723 28.73723 28.73723 28.73723 28.73723 28.73723 28.73723 28.76445 36.13821 38.11722 38.11722 38.11722 38.11722 38.11722 38.11722 38.11722 38.11722 34.5739 31.88695 31.66434 31.66434 31.66434 31.66434 31.66434 31.66434 31.66434 57.50863 104.9242 104.9242 104.9242 104.9242 104.9242 113.8098
0 0 0 0 0 0 0 0 0 0 0 0 0 0 0 0 0 0 13.92651 14.70537 14.70537 14.69117 12.78905 10.06582 7.366777 7.187037 7.187037 7.187037 7.187037 7.187037 7.187037 7.187037 7.187037 7.187037 7.187037 7.187037 7.187037 7.187037 7.187037 7.187037 7.187037 7.187037 21.15946 28.73723 28.73723 28.73723 28.73723 28.73723 28.73723 28.73723 28.73723 28.73723 28.73723 28.73723 28.73723 28.73723 28.73723 28.73723 28.73723 28.73723 30.59074 38.11722 38.11722 38.11722 38.11722 38.11722 38.11722 38.11722 38.11722 38.11722 38.11722 35.15303 31.66434 31.66434 31.66434 31.66434 31.66434 31.66434 31.66434 32.04477 92.84268 104.9242 104.9242 104.9242 104.9242 106.9119
0 0 0 0 0 0 0 0 0 0 0 0 0 0 14.26791 14.70537 14.70537 14.70537 14.70537 14.70537 14.70537 14.70537 14.70537 14.70537 13.58304 8.608247 7.187037 7.187037 7.187037 7.187037 7.187037 7.187037 7.187037 7.187037 7.187037 7.187037 7.187037 7.187037 7.187037 7.187037 7.187037 7.187037 16.04182 28.73723 28.73723 28.73723 28.73723 28.73723 28.73723 28.73723 28.73723 28.73723 28.73723 28.73723 28.73723 28.73723 28.73723 28.73723 28.73723 28.73723 30.22874 38.11722 38.11722 38.11722 38.11722 38.11722 38.11722 38.11722 38.11722 38.11722 38.11722 36.83429 32.01904 31.66434 31.66434 31.66434 31.66434 31.24094 31.66434 32.53489 95.73359 104.9242 104.9242 104.9242 167.1264 239.7914
0 0 0 0 0 0 0 0 0 0 0 0 0 0 13.79419 14.70537 14.70537 14.70537 14.70537 14.73013 14.70537 14.70537 14.70537 14.70537 14.70537 14.42701 9.562374 7.187037 7.187037 7.187037 7.187037 7.187037 7.187037 7.187037 7.187037 7.187037 7.187037 7.187037 7.187037 7.187037 7.187037 7.187037 7.569367 14.30867 20.92446 27.26726 28.73723 28.73723 28.73723 28.73723 28.73723 28.73723 28.73723 28.73723 28.73723 28.73723 28.73723 28.73723 28.73723 28.73723 28.8542 37.58346 38.11722 38.11722 38.11722 38.11722 38.11722 38.11722 38.11722 38.11722 38.11722 38.11722 34.05981 31.63478 31.59408 31.58371 30.33597 29.90377 31.63269 31.66434 79.13862 104.9242 104.9242 104.9242 157.1163 278.6194
0 0 0 0 0 0 0 0 0 0 0 0 0 0 0 0 0 0 0 20.99077 14.70537 14.70537 14.70537 14.70537 14.70537 14.70537 14.60924 10.35788 7.187037 7.187037 7.187037 7.187037 7.187037 7.187037 7.187037 7.187037 7.187037 7.187037 7.187037 7.187037 7.187037 7.187037 7.187037 7.187037 7.187037 7.597139 17.05824 28.73723 28.73723 28.73723 28.73723 28.73723 28.73723 28.73723 28.73723 28.73723 28.73723 28.73723 28.73723 28.73723 28.73723 35.0112 38.11722 38.11722 38.11722 38.11722 38.11722 38.11722 38.11722 38.11722 38.11722 38.11722 35.1952 31.29215 30.16236 29.92748 29.79796 29.79796 31.33188 31.66434 59.92273 104.9242 104.9242 104.9242 130.2212 278.6194
0 0 0 0 0 0 0 0 0 0 0 0 0 0 0 0 0 0 0 27.12662 14.70537 14.70537 14.70537 14.70537 14.70537 14.70537 14.70537 14.70188 11.62089 7.552155 7.187037 7.187037 7.187037 7.187037 7.187037 7.187037 7.847528 10.24428 10.40638 7.609771 7.187037 7.187037 7.187037 7.187037 7.187037 7.187037 7.385398 27.56396 28.73723 28.73723 28.73723 28.73723 28.73723 28.73723 28.73723 28.73723 28.73723 28.73723 28.73723 28.73723 28.73723 30.89793 36.59788 38.08182 38.11722 38.11722 38.11722 38.11722 38.11722 38.11722 38.11722 38.11722 37.32745 30.90128 29.79796 29.79796 29.79796 29.84065 31.56624 31.66433 43.87969 104.9171 104.9242 104.9242 123.129 276.9193
0 0 0 0 0 0 0 0 0 0 0 0 0 0 0 0 0 27.37048 30.54179 31.09138 17.95106 14.70537 14.70537 14.70537 14.70537 14.70537 14.70537 14.70537 14.70537 14.08867 11.62591 9.280529 7.397297 7.191912 8.986954 12.83038 14.70172 14.70537 14.70537 13.40544 7.187037 7.187037 7.187037 7.187037 7.187037 7.187037 7.187037 23.8043 28.73723 28.73723 28.73723 28.73723 28.73723 28.73723 28.73723 28.73723 28.73723 28.73723 28.73723 28.73723 28.73723 28.73723 28.73723 28.85334 29.72298 31.31129 36.90719 33.77341 33.2351 36.87832 38.06496 33.66475 32.20304 29.84205 29.79797 29.79797 29.79797 29.90277 31.66434 31.66434 31.66434 94.53058 106.593 127.151 157.9285 242.747
67.48784 0 0 0 0 0 0 0 0 0 0 0 0 0 23.84268 29.41508 31.98906 31.98906 31.98906 31.98906 30.4818 17.18033 14.70537 14.70537 14.70537 14.70537 14.70537 14.70537 14.70537 14.70537 14.70537 14.70537 14.3835 13.76446 14.70537 14.70537 14.70537 14.70537 14.70537 12.92044 7.187037 7.187037 7.187037 7.187037 7.187037 7.187037 7.187037 20.54893 28.73723 28.73723 28.73723 28.73723 28.73723 28.73723 28.73723 28.73723 28.73723 28.73723 28.73723 28.73723 28.73723 28.73723 28.73723 28.73723 28.75323 29.59045 29.79796 29.79796 29.79796 29.87431 31.11971 29.79796 29.79796 29.79796 29.79796 29.79796 29.79796 29.84374 31.65839 31.66434 31.66434 71.70117 176.2733 239.9163 239.9163 239.9163
57.34162 0 0 0 0 0 0 0 0 0 0 0 32.48051 32.4407 31.98906 31.98906 31.98906 31.98906 31.98906 31.98906 31.98906 29.79091 17.38519 14.70537 14.70537 14.70537 14.70537 14.70537 14.70537 14.70537 14.70537 14.70537 14.70537 14.70537 14.70537 14.70537 14.70537 14.70537 14.70537 14.31432 8.453467 7.187037 7.187037 7.187037 7.187037 7.187037 7.187037 19.61699 28.73723 28.73723 28.73723 28.73723 28.73723 28.73723 28.73723 28.73723 28.73723 28.73723 28.73723 28.73723 28.73723 28.73723 28.73723 28.73723 28.87001 29.7303 29.79796 29.79796 29.79796 29.79796 29.79797 29.79796 29.79796 29.79796 29.79797 29.79796 29.79796 29.86276 31.63415 31.66434 31.66434 86.4046 236.9982 239.9163 239.9163 239.9163
90.04387 84.13436 89.55488 90.04387 78.3638 67.50617 0 0 39.08962 48.31727 57.67109 56.91627 58.32103 52.74376 32.0493 31.98906 31.98906 31.98906 31.98906 31.98906 31.98906 31.98906 31.74958 20.99762 14.89857 14.70537 14.70537 14.70537 14.70537 14.70537 14.70537 14.70537 14.70537 14.70537 14.70537 14.70537 14.70537 14.70537 14.70537 14.65522 8.028552 7.187037 7.187037 7.187037 7.187037 7.187037 7.187037 17.44078 28.73723 28.73723 28.73723 28.73723 28.73723 28.73723 28.73723 28.73723 28.73723 28.73723 28.73723 28.73723 28.73723 28.73723 28.73723 28.73723 28.94785 29.79673 29.79796 29.79796 29.79796 29.79796 29.79796 29.79796 29.79796 29.79796 29.79796 29.79796 29.79796 30.20296 31.6668 33.833 35.78474 84.52368 239.9163 239.9163 239.9163 239.9163
90.04388 90.04387 90.04388 90.04387 90.04388 87.86401 59.89665 58.73656 58.73657 58.73656 58.73657 58.73656 58.73656 58.73656 55.09298 54.41283 46.97523 44.49788 46.32856 40.96502 31.98906 31.98906 31.98906 31.98906 28.9756 18.24052 14.70537 14.70537 14.70537 14.70537 14.70537 14.70537 14.70537 14.70537 14.70537 14.70537 14.70537 14.70537 14.70537 14.70537 10.47632 7.187037 7.961574 11.5605 10.34469 10.00932 7.251617 11.7741 26.63969 25.55635 22.75711 28.31003 28.73723 28.73723 28.73723 28.73723 28.73723 28.73723 28.73723 28.73723 28.73723 28.73723 28.73723 28.73723 28.88124 29.79796 29.79796 29.79796 29.79796 29.79796 29.79796 29.79796 29.79796 29.79796 29.79796 29.79796 29.79796 30.52848 36.72151 39.51327 39.51327 104.6299 239.9164 239.9163 239.9163 239.9163
90.04387 90.04387 90.04387 90.04387 90.04387 68.37004 58.73656 58.73656 58.73656 58.73656 58.73656 58.73656 58.73656 58.73656 58.73656 58.73656 58.73656 58.73656 58.62737 40.36276 31.98906 31.98906 31.98906 31.98906 31.98906 31.98452 29.02637 22.25327 15.46526 14.70537 14.70537 14.70537 14.70537 14.70537 14.70537 14.70537 14.70537 14.70537 14.70537 14.70537 12.98609 10.35426 13.70045 14.70537 14.70537 14.70537 12.83693 14.74997 14.88424 14.70537 14.70537 17.93637 24.56487 28.2934 28.73723 28.73723 28.73723 28.73723 28.73723 28.73723 28.73723 28.73723 28.73723 28.73723 28.84614 29.66679 29.79796 29.79796 29.79796 29.79796 29.79796 29.79796 29.79796 29.79796 29.79796 29.79796 29.79796 30.41721 35.9473 39.51327 39.51327 40.58567 205.8074 239.9163 239.9164 239.9164
90.04387 90.04388 90.04387 90.04388 90.04387 61.30821 58.73656 58.73657 58.73656 58.73657 58.73656 58.73656 58.73657 58.73657 58.73656 58.73657 58.73656 58.73656 37.20462 31.98906 31.98906 31.98906 31.98906 31.98906 31.98906 31.98906 31.98906 30.6712 17.33469 14.70537 14.70537 14.70537 14.70537 14.70537 14.70537 14.70537 14.70537 14.70537 14.70537 14.70537 14.70537 14.70537 14.70537 14.70537 14.70537 14.70537 14.70537 14.70537 14.70537 14.70537 14.70537 14.70537 14.70537 20.49445 28.66712 28.73723 24.30278 28.01166 28.73723 28.73723 28.73723 28.73723 28.73723 28.73723 28.7932 29.74002 29.79797 29.79797 29.79797 29.79797 29.79796 29.79797 29.79797 29.79797 29.79797 29.79797 29.79797 30.24007 37.61886 39.51327 39.51327 39.51327 161.6585 239.9163 239.9164 239.9164
90.04387 90.04388 90.04387 89.97887 83.07195 62.78828 58.73656 58.73657 58.73656 58.73657 58.73656 58.73656 58.73656 58.73657 58.73656 58.73657 58.12624 45.62823 32.03282 31.98906 31.98906 31.98906 31.98906 31.98906 31.98906 31.98906 31.98906 21.59007 14.70537 14.70537 14.70537 14.70537 14.70537 14.70537 14.70537 14.70537 14.70537 14.70537 14.70537 14.70537 14.70537 14.70537 14.70537 14.70537 14.70537 14.70537 14.70537 14.70537 14.70537 14.70537 14.70537 14.70537 14.70537 14.70537 18.7631 19.11452 18.45706 28.64421 28.73723 28.73723 28.73723 28.73723 28.73723 28.73723 28.73723 29.38201 29.79797 29.79796 29.79797 29.79796 29.79797 29.79796 29.79797 29.79796 29.79797 29.79797 29.79797 31.1243 39.51327 39.51327 39.51327 39.51327 140.0671 239.9163 239.9163 239.9163
116.4882 90.08408 86.0872 68.56646 58.73656 58.73656 58.73656 58.73656 58.73656 58.73656 58.73656 58.73656 58.73656 58.73656 58.73656 55.34699 37.49361 31.98906 31.98906 31.98906 31.98906 31.98906 31.98906 31.98906 31.98906 31.98906 31.71682 17.11991 14.70537 14.70537 14.70537 14.70537 14.70537 14.70537 14.70537 14.70537 14.70537 14.70537 14.70537 14.70537 14.70537 14.70537 14.70537 14.70537 14.70537 14.70537 14.70537 14.70537 14.70537 14.70537 14.70537 14.70537 14.70537 14.70537 14.70537 23.84905 28.35455 28.73723 28.73723 28.73723 28.73723 28.73723 28.73723 28.73723 28.81017 29.66432 29.79796 29.79796 29.79796 29.79796 29.79796 29.79796 29.79796 29.79796 29.79796 29.79796 29.79796 32.02789 39.51327 39.51327 39.51327 39.51327 49.05373 215.2732 239.9163 239.9163
196.705 134.8194 59.89992 58.73656 58.73656 58.73656 58.73656 58.73656 58.73656 58.73656 58.73656 58.73656 58.73656 58.73656 56.36485 35.05796 31.98906 31.98906 31.98906 31.98906 31.98906 31.98906 31.98906 31.98906 31.98906 31.98906 31.98906 22.91913 15.48588 14.70537 14.70537 14.70537 14.70537 14.70537 14.70537 14.70537 14.70537 14.70537 14.70537 14.70537 14.70537 14.70537 14.70537 14.70537 14.70537 14.70537 14.70537 14.70537 14.70537 14.70537 14.70537 14.70537 14.70537 14.70537 16.54808 28.73477 28.73723 28.73723 28.73723 28.73723 28.73723 28.73723 28.73723 28.73723 29.43906 29.79797 29.79797 29.79796 29.79797 29.79797 29.79796 29.79796 29.79797 29.79796 29.79797 29.79797 29.79797 31.36508 39.51327 39.51327 39.51327 39.51327 39.51327 196.2213 239.9163 239.9164
196.705 157.4695 58.73656 58.73656 58.73656 58.73657 58.73656 58.73656 58.73656 58.73656 58.73656 58.61929 54.79405 45.44955 33.84871 31.98906 31.98906 31.98906 31.98906 31.98906 31.98906 31.98906 31.98906 31.98906 31.98906 31.98906 31.98906 31.98906 31.71165 24.14797 14.70537 14.70537 14.70537 14.70537 14.70537 14.70537 14.70537 14.70537 14.70537 14.70537 14.70537 14.70537 14.70537 14.70537 14.70537 14.70537 14.70537 14.70537 14.70537 14.70537 14.70537 14.70537 14.70537 14.70537 19.60874 28.73723 28.73723 28.73723 28.73723 28.73723 28.73723 28.73723 28.73723 28.93768 29.77507 29.79796 29.79797 29.79796 29.79797 29.79796 29.79797 29.79796 29.79797 29.79796 29.79796 29.79796 29.79796 32.77707 39.51327 39.51327 39.51327 39.51327 39.51327 206.5211 239.9163 239.9164
196.705 188.5662 66.7356 58.73656 58.73656 58.73657 58.73656 58.73656 58.73656 58.73656 55.44653 34.48806 31.98906 31.98906 31.98906 31.98906 31.98906 31.98906 31.98906 31.98906 31.98906 31.98906 31.98906 31.98906 31.98906 31.98906 31.98906 31.98906 31.90374 21.66079 14.70537 14.70537 14.70537 14.70537 14.70537 14.70537 14.70537 14.70537 14.70537 14.70537 14.70537 14.70537 14.70537 14.70537 14.70537 14.70537 14.70537 14.70537 14.70537 14.70537 14.70537 14.70537 14.70537 14.99379 26.02038 28.73723 28.73723 28.73723 28.73723 28.73723 28.73723 28.73723 28.73725 29.46828 29.79796 29.79796 29.79796 29.79796 29.79796 29.79796 29.79796 29.79796 29.79796 29.79796 29.79796 29.79796 29.79796 30.64984 36.64531 39.51327 39.51327 39.51327 39.51327 194.2421 239.9163 239.9163
196.705 196.705 151.677 64.01614 58.73657 58.73656 58.73657 58.73656 59.09603 60.2597 59.63844 41.6886 31.98906 31.98906 31.98906 31.98906 31.98906 31.98906 31.98906 31.98906 31.98906 31.98906 31.98906 31.98906 31.98906 31.98906 31.98906 31.35905 21.03129 14.70537 14.70537 14.70537 14.70537 14.70537 14.70537 14.70537 14.70537 14.70537 14.70537 14.70537 14.70537 14.70537 14.70537 14.70537 14.70537 14.70537 14.70537 14.70537 14.70537 14.70537 14.73987 19.01012 22.94308 27.18277 28.73723 28.73723 28.73723 28.73723 28.73723 28.73723 28.73723 28.74394 29.31891 29.79796 29.79796 29.79797 29.79796 29.79797 29.79796 29.79797 29.79796 29.79797 29.79796 29.79797 29.79796 29.79796 31.84846 37.97213 39.13144 39.51326 39.51327 39.51326 39.51326 122.6718 239.9163 239.9163
196.705 196.705 196.705 181.1696 123.1628 60.77547 61.21369 61.90063 62.48273 62.49403 62.49404 39.30165 31.98906 31.98906 31.98906 31.98906 31.98906 31.98906 31.98906 31.98906 31.98906 31.98906 31.98906 31.98906 31.98906 31.98906 31.98906 29.86548 15.53024 14.70537 14.70537 14.70537 14.70537 14.70537 14.70537 14.70537 14.70537 14.70537 14.70537 14.70537 14.70537 14.70537 14.70537 14.70537 14.70537 14.70537 14.70537 14.70537 14.70537 17.81948 24.89587 28.73723 28.73723 28.73723 28.73723 28.73723 28.73723 28.73723 28.73723 28.73723 28.76196 29.36093 29.79796 29.79796 29.79797 29.79796 29.79796 29.79797 29.79796 29.79796 29.79796 29.79797 29.79796 29.79797 29.79796 30.894 34.1586 39.51326 39.51327 39.51326 39.51327 39.51326 39.51327 50.3511 238.2338 239.9163
