Scenarios/Heterogeneous/data/country_data_population_distribution/processed/density_grids/pak.asc
ncols 427
nrows 338
xllcorner 60
yllcorner 23
[rows 0 to 37 of 338, columns 258 to 343 of 427]
0 0 0 0 0 0 0 0 0 0 0 0 0 0 0 0 0 0 0 0 0 0 0 0 0 0 0 0 0 0 0 0 0 0 0 0 0 0 0 0 0 0 0 0 0 0 0 0 0 0 0 0 0 0 0 0 0 0 0 0 0 0 0 0 0 0 0 0 0 0 0 0 0 0 0 0 0 0 0 0 0 0 0 0 0 0
0 0 0 0 0 0 0 0 0 0 0 0 0 0 0 0 0 0 0 0 0 0 0 0 0 0 0 0 0 0 0 0 0 0 0 0 0 0 0 0 0 0 0 0 0 0 0 0 0 0 0 0 0 0 0 0 0 0 0 0 0 0 0 0 0 0 0 0 0 0 0 0 0 0 0 0 0 0 0 0 0 0 0 0 0 0
0 0 0 0 0 0 0 0 0 0 0 0 0 0 0 0 0 0 0 0 0 0 0 0 0 0 0 0 0 0 0 0 0 0 0 0 0 0 0 0 0 0 0 0 0 0 0 0 0 0 0 0 0 0 0 0 0 0 0 0 0 0 0 0 0 0 0 0 0 0 0 0 0 0 0 0 0 0 0 0 0 0 0 0 0 0
0 0 0 0 0 0 0 0 0 0 0 0 0 0 0 0 0 0 0 0 0 0 0 0 0 0 0 0 0 0 0 0 0 0 0 0 0 0 0 0 0 0 0 0 0 0 0 0 0 0 0 0 0 0 0 0 0 0 0 0 0 0 0 0 0 0 0 0 0 0 0 0 0 0 0 0 0 0 0 0 0 0 0 0 0 0
0 0 0 0 0 0 0 0 0 0 0 0 0 0 0 0 0 0 0 0 0 0 0 0 0 0 0 0 0 0 0 0 0 0 0 0 0 0 0 0 0 0 0 0 0 0 0 0 0 0 0 0 0 0 0 0 0 0 0 0 0 0 0 0 0 0 0 0 0 0 0 0 0 21.12058 16.99192 14.18593 12.81712 13.43317 11.72451 0 0 0 0 0 0 0
0 0 0 0 0 0 0 0 0 0 0 0 0 0 0 0 0 0 0 0 0 0 0 0 0 0 0 0 0 0 0 0 0 0 0 0 0 0 0 0 0 0 0 0 0 0 0 0 0 0 0 0 0 0 0 0 0 25.4068 29.76821 29.59088 32.82368 33.63504 33.5882 31.11352 23.10061 0 0 31.07077 33.63888 33.63889 33.63889 33.63888 33.63888 33.63889 27.81519 17.19331 16.92657 16.92657 16.92657 16.92657 16.56088 11.06192 0 0 0 6.051284
0 0 0 0 0 0 0 0 0 0 0 0 0 0 0 0 0 0 0 0 0 0 0 0 0 0 0 0 0 0 0 0 0 0 0 0 0 0 0 0 0 0 0 0 0 0 0 31.61802 33.63888 33.63888 33.63888 33.63888 33.63888 33.63888 33.63888 33.63888 33.63888 33.63888 33.63888 33.63888 33.63889 33.63888 33.63888 33.63888 33.63888 33.63888 33.63888 33.63888 33.63888 33.63888 33.63888 33.63888 33.63888 33.63888 33.63888 32.13615 29.53038 20.04575 16.92657 16.92657 16.92657 16.92657 16.89989 10.60877 6.296692 6.296693
0 0 0 0 0 0 0 0 0 0 0 0 0 0 0 0 0 0 0 0 0 0 0 0 0 0 0 0 0 0 0 0 0 0 0 0 0 0 0 0 0 0 0 0 28.87099 28.0003 33.17917 33.63888 33.63888 33.63888 33.63888 33.63888 33.63888 33.63888 33.63888 33.63888 33.63888 33.63888 33.63888 33.63888 33.63888 33.63888 33.63888 33.63888 33.63888 33.63888 33.63888 33.63888 33.63888 33.63888 33.63888 33.63888 33.63888 33.63888 33.63888 33.63888 33.63888 31.96545 26.80662 18.15187 16.92657 16.92657 16.92657 16.91257 14.71784 6.296692
0 0 0 0 0 0 0 0 0 0 0 0 0 0 0 0 0 0 0 0 0 0 0 0 0 0 0 0 0 0 0 0 0 0 0 0 0 0 0 29.00719 33.62292 33.0428 33.63888 33.63888 33.63888 33.63888 33.63888 33.63888 33.63888 33.63888 33.63888 33.63888 33.63888 33.63888 33.63888 33.63888 33.63889 33.63888 33.63888 33.63888 33.63888 33.11759 32.00211 33.58994 33.63888 29.27268 22.87676 16.40398 14.61581 25.63182 29.55413 28.94881 33.35539 33.63888 33.63888 29.15189 33.63888 29.22087 33.6157 19.82799 16.92657 16.92657 16.92657 16.92657 13.37828 13.48511
0 0 0 0 0 0 0 0 0 0 0 0 0 0 0 0 0 0 0 0 0 0 0 0 0 0 0 0 0 0 0 0 0 0 0 0 0 0 0 33.55782 33.63888 33.63888 33.63888 33.63889 33.63888 33.63888 33.63888 33.63889 33.63888 33.63889 33.63888 33.63888 33.63888 33.63888 33.63888 33.63889 33.63888 33.63888 33.63888 30.61339 18.99184 15.46726 13.12784 13.3234 14.03827 13.28211 13.01473 13.01474 13.01474 13.01473 13.01473 13.01473 18.4393 20.66435 19.39995 17.02469 18.02823 17.52018 18.65902 17.4104 16.92657 16.92657 16.92657 16.92657 16.92657 16.92657
0 0 0 0 0 0 0 0 0 0 0 0 0 0 0 0 0 0 0 0 0 0 0 0 0 0 0 0 0 0 0 0 0 0 0 0 0 15.36127 33.38721 33.34878 33.63888 33.63888 33.63888 33.63888 33.63888 33.63888 33.63889 33.63888 33.63888 33.63888 33.63888 33.63888 33.63888 33.63888 33.63888 33.63888 33.63888 33.63888 33.63888 26.88685 13.01473 13.01473 13.01473 13.01473 13.01473 13.01473 13.01473 13.01473 13.01473 13.01473 13.01473 13.01473 15.49098 16.92657 16.92657 16.92657 16.92657 16.92657 16.92657 16.92657 16.92657 16.92657 16.92657 16.92657 16.92657 16.92657
0 0 0 0 0 0 0 0 0 0 0 0 0 0 0 0 0 0 0 0 0 0 0 0 0 0 0 0 0 0 0 0 0 0 0 0 7.561638 33.63888 33.63888 33.63889 33.63888 33.63888 33.63888 33.63888 33.63888 33.63888 33.63888 33.63888 33.63888 33.63888 33.63888 33.63888 33.63889 33.63888 33.63888 33.63888 33.63888 33.63888 33.63888 32.15921 14.59941 13.01473 13.01473 13.01473 13.01473 13.01473 13.01473 13.01473 13.01473 13.01473 13.01474 14.26904 16.22762 16.92657 16.92657 16.92657 16.92657 16.92657 16.92657 16.92657 16.92657 16.92657 16.92657 16.92657 16.92657 16.92657
0 0 0 0 0 0 0 0 0 0 0 0 0 0 0 0 0 0 0 0 0 0 0 0 0 0 0 0 0 0 0 0 0 12.4399 28.43981 33.63888 33.63888 33.63888 33.63888 33.63888 33.63888 33.63888 33.63888 33.63888 33.63888 33.63888 33.63888 33.63888 33.63888 33.63888 33.63888 33.63888 33.63888 33.63888 33.63888 33.63888 33.63888 33.63888 33.63888 23.23922 13.01473 13.01473 13.01474 13.01473 13.01473 13.01473 13.01473 13.01473 13.01473 13.01474 13.12131 15.66836 16.92657 16.92657 16.92657 16.92657 16.92657 16.92657 16.92657 16.92657 16.92657 16.92657 16.92657 16.92657 16.92657 16.92657
0 0 0 0 0 0 0 0 0 0 0 0 0 0 0 0 0 0 0 0 0 0 0 0 0 0 0 0 0 0 0 0 33.28902 33.63888 33.63888 33.63889 33.63888 33.63888 33.63888 33.63888 33.63888 33.63888 33.63889 33.63888 33.63889 33.63888 33.63889 33.63888 33.63889 33.63888 33.63889 33.63888 33.63889 33.63888 33.63888 33.63888 33.63888 30.3581 20.87706 14.13813 13.01473 13.01473 13.01473 13.01473 13.01473 13.01474 13.01473 13.01473 13.01473 13.01473 13.01473 13.36897 16.2637 16.92657 16.92657 16.92657 16.92657 16.92657 16.92657 16.92657 16.92657 16.92657 16.92657 16.92657 16.57047 10.31521
0 0 0 0 0 0 0 0 0 0 0 0 0 0 0 0 0 0 0 0 0 0 0 0 0 0 0 0 0 0 33.63888 33.63888 33.63888 33.63888 33.63888 33.63888 33.63888 33.63888 33.63888 33.63888 33.63888 33.63889 33.63888 33.63888 33.63888 33.63888 33.63888 33.63888 33.63888 33.63888 33.63888 33.63888 33.63888 33.63889 33.63888 33.62889 33.45482 22.43596 13.01473 13.01473 13.01473 13.01473 13.01473 13.01473 13.01473 13.01473 13.01473 13.01473 13.01473 13.01473 13.01474 13.01473 13.01521 15.1235 16.92657 16.92657 16.92657 16.92657 16.92657 16.92657 16.92657 16.92657 16.92657 16.92657 14.17212 6.296692
0 0 0 0 0 0 0 0 0 0 0 0 0 0 0 0 0 0 0 0 0 0 0 0 0 38.21717 59.4231 47.02922 0 0 22.40956 33.63888 33.63888 33.63888 33.63888 33.63888 33.63889 33.63888 33.63888 33.63888 33.63888 33.63888 33.63888 33.63888 33.63888 33.63888 33.63888 33.63888 33.63888 33.63888 33.63888 33.63888 33.63888 33.63888 31.31284 15.17163 13.19681 13.21412 13.01473 13.01473 13.01473 13.01473 13.01473 13.01473 13.01474 13.01473 13.01474 13.01474 13.01474 13.01474 13.01473 13.01473 13.05984 15.0104 16.92233 16.92657 16.92657 16.92657 16.92657 16.92657 16.92657 16.92657 16.92657 16.65453 7.315433 6.296692
0 0 0 0 0 0 0 0 0 0 0 0 0 0 0 0 0 0 0 0 0 0 0 0 0 57.72744 59.77814 59.77815 56.42754 53.84918 26.90935 33.63888 33.63888 33.63888 33.63889 33.63888 33.63888 33.63888 33.63888 33.63888 33.63888 33.63888 33.63888 33.63888 33.63888 33.63888 33.63888 33.63888 33.63888 33.63888 33.63888 33.63888 33.63889 33.63888 30.14036 13.01473 13.01473 13.01473 13.01473 13.01473 13.01473 13.01473 13.01473 13.01473 13.01473 13.01473 13.01473 13.01473 13.01473 13.01473 13.01473 13.01473 13.01473 13.026 15.43812 16.92657 16.92657 16.92657 16.92657 16.92657 16.92657 16.92657 16.92657 17.19469 9.271046 6.296692
0 0 0 0 0 0 0 0 0 0 0 0 0 0 0 0 0 0 0 0 0 0 0 0 41.76255 59.77814 59.77814 59.77814 59.77815 59.64071 54.45684 40.25075 33.63888 33.63888 33.63888 33.63888 33.63888 33.63888 33.63888 33.63888 33.63888 33.63888 33.63888 33.63888 33.63888 33.63888 33.63888 33.63888 33.63889 33.63888 33.63888 33.63888 33.63888 25.71797 13.98413 13.01473 13.01473 13.01473 13.01473 13.01473 13.01473 13.01473 13.01473 13.01473 13.01473 13.01473 13.01473 13.01473 13.01473 13.01473 13.01473 13.01473 13.01473 13.01473 13.82884 16.92657 16.92657 16.92657 16.92657 16.92657 16.92657 16.92657 17.02295 31.07968 7.419281 6.296692
0 0 0 0 0 0 0 0 0 0 0 0 0 0 0 0 0 0 0 0 0 0 0 0 41.92701 59.77814 59.77814 59.77814 59.77815 45.93908 33.63888 33.63888 33.63888 33.63888 33.63888 33.63888 33.63888 33.63889 33.63888 33.63889 33.63888 33.63889 33.63888 33.63888 33.63888 33.63889 33.63888 33.63889 33.63888 33.63888 33.63888 31.92587 23.38038 13.6282 13.01473 13.01474 13.01473 13.01473 13.01473 13.01473 13.01473 13.01474 13.01473 13.01473 13.01473 13.01473 13.01473 13.01473 13.01473 13.01473 13.01474 13.01474 13.01473 13.01474 13.09674 16.23125 16.92657 16.92657 16.92657 16.92657 16.92657 16.92657 19.53148 34.48354 31.82211 12.24246
0 0 0 0 0 0 0 0 0 0 0 0 0 0 0 0 0 0 0 0 0 0 53.86412 59.77815 59.77815 59.77815 59.77815 59.77815 59.77815 49.39657 34.39646 33.63888 33.63888 33.63888 33.63888 33.63888 33.63888 33.63888 33.63888 33.63888 33.63888 33.63888 33.63888 33.63888 33.63888 33.63888 33.63888 33.47 27.28695 29.32302 25.77696 14.88218 13.01473 13.01473 13.01473 13.01473 13.01474 13.01473 13.01473 13.01474 13.01473 13.01473 13.01473 13.01473 13.01474 13.01473 13.01473 13.01473 13.01473 13.01473 13.01473 13.01473 13.01473 13.03312 14.2067 16.41111 16.92657 16.92657 16.92657 16.92657 16.92657 16.92657 18.32147 34.48354 34.48354 28.43606
0 0 0 0 0 0 0 0 0 0 0 0 0 0 0 0 0 0 0 0 0 56.05233 59.77815 59.77814 59.77815 59.77815 59.77815 59.77815 59.77814 59.77814 38.51781 33.63888 33.63888 33.63888 33.63888 33.63888 33.63888 33.63888 33.63888 33.63888 33.63888 33.63888 33.63888 33.63888 33.63888 33.63888 33.63888 28.06491 13.01473 13.06941 14.46229 13.01473 13.01473 13.01473 13.01473 13.01473 13.01474 13.01473 13.01473 13.01473 13.01474 13.01474 13.01473 13.01473 13.01473 13.01473 13.01473 13.01473 13.01474 13.01473 13.01474 13.01473 13.01474 14.35629 16.92657 16.92657 16.92657 16.92657 16.92657 16.92657 16.92657 16.92657 17.05098 26.92956 34.48354 34.24357
0 0 0 0 0 0 0 0 0 0 0 0 0 0 0 0 0 0 0 38.95742 55.71346 59.77815 59.77815 59.77815 59.77814 59.77814 59.77815 59.77814 59.77814 59.77814 56.2629 34.87997 33.63888 33.63888 33.63888 33.63888 33.63888 33.63888 33.63888 33.63888 33.63888 33.63888 33.63888 33.63888 33.63888 33.63888 33.34446 14.83094 13.01473 13.01473 13.01473 13.01474 13.01473 13.01473 13.01473 13.01473 13.01473 13.01473 13.01473 13.01474 13.01473 13.01473 13.01473 13.01473 13.01473 13.01473 13.01474 13.01473 13.01473 13.01473 13.01473 13.01473 13.01473 15.26324 16.92657 16.92657 16.92657 16.92657 16.92657 16.92657 16.92657 16.92657 16.92657 16.96307 29.47628 34.48354
0 0 0 0 0 0 0 0 0 0 0 0 0 0 0 0 0 32.46613 52.15651 59.77814 59.77815 59.77814 59.77815 59.77815 59.77815 59.77815 59.77815 59.77814 59.77814 59.77814 59.77815 43.53372 33.63888 33.63889 33.63889 33.65622 33.63889 33.63888 33.63889 33.63888 33.63888 33.63888 33.63888 33.63888 33.63888 33.63888 33.63889 17.92857 13.01473 13.01473 13.01473 13.01473 13.01473 13.01473 13.01473 13.01473 13.01473 13.01473 13.01473 13.01473 13.01473 13.01473 13.01473 13.01473 13.01473 13.01473 13.01473 13.01473 13.01473 13.01473 13.01473 13.01473 13.01473 16.07407 16.92657 16.92657 16.92657 16.92657 16.92657 16.92657 16.92657 16.92657 16.92657 16.92657 22.13804 34.48354
0 0 0 0 0 0 0 0 0 0 0 0 0 0 0 0 36.29902 59.77815 59.77815 59.77815 59.77815 59.77814 59.77814 59.77815 59.77815 59.77815 59.77815 59.77815 59.77815 59.77815 59.77815 58.38404 53.98701 47.60347 34.19956 51.52705 52.13706 41.09816 33.63889 43.34842 44.18135 33.63888 33.63889 33.63888 33.63889 33.63888 25.61502 13.0177 13.01474 13.01474 13.01474 13.01473 13.01474 13.01474 13.01473 13.01474 13.01474 13.01474 13.01474 13.01474 13.01473 13.01473 13.01474 13.01474 13.01474 13.01474 13.01474 13.01474 13.01473 13.01474 13.01474 13.01473 13.01474 13.36015 16.91411 16.92657 16.92657 16.92657 16.92657 16.92657 16.92657 16.92657 16.92657 16.92657 29.24235 34.48354
0 0 0 0 0 0 0 0 0 0 0 0 0 0 0 0 59.65655 59.77814 59.77814 59.77814 59.77814 59.77814 59.77814 59.77814 59.77814 59.77814 59.77814 59.77814 59.77814 59.77814 59.77814 59.77814 59.77814 59.77814 56.45052 59.77475 59.77814 55.70721 52.24295 59.2622 58.04164 34.79113 33.63888 33.63888 33.63889 33.63888 26.98358 14.10248 13.01473 13.01473 13.01473 13.01473 13.01473 13.01473 13.01473 13.01473 13.01473 13.01473 13.01473 13.01473 13.01473 13.01473 13.01473 13.01473 13.01473 13.01473 13.01473 13.01473 13.01473 13.01473 13.01473 13.01473 13.01473 14.46769 16.92657 16.92657 16.92657 16.92657 16.92657 16.92657 16.92657 16.92657 16.92657 16.92657 24.81924 34.48354
0 0 0 0 0 0 0 0 0 0 0 0 0 0 0 0 48.04119 59.77234 59.77815 59.77814 59.77815 59.77814 59.77814 59.77814 59.77815 59.77814 59.77815 59.77814 59.77815 59.77815 59.77815 59.77814 59.77815 59.77814 59.77814 59.77814 59.77814 59.77815 59.77814 59.77814 54.35939 33.63888 33.63888 33.63888 33.63888 33.63888 33.63888 31.42941 13.28716 13.01473 13.01473 13.01473 13.01473 13.01473 13.01473 13.01473 13.01473 13.01473 13.01473 13.01473 13.01473 13.01473 13.01473 13.01473 13.01473 13.01473 13.01473 13.01473 13.01473 13.01473 13.01473 13.01473 13.01473 14.4513 16.64298 16.92657 16.92657 16.92657 16.92657 16.92657 16.92657 16.92657 16.92657 17.53673 33.63777 34.48354
0 0 0 0 0 0 0 0 0 0 0 0 0 0 0 0 0 0 44.71699 56.15869 59.77815 59.77815 59.77815 59.77815 59.77815 59.77815 59.77815 59.77815 59.77815 59.77815 59.77815 59.77815 59.77815 59.77815 59.77815 59.77815 59.77815 59.77815 59.77815 55.08581 34.68892 33.63888 33.63888 33.63888 33.63888 33.63888 33.57631 19.3171 13.01474 13.01473 13.01474 13.01473 13.01473 13.01473 13.01473 13.01473 13.01474 13.01473 13.01474 13.01473 13.01473 13.01474 13.01473 13.01473 13.01474 13.01473 13.01474 13.01474 13.01474 13.01473 13.01474 13.01473 13.01474 13.01473 13.96827 16.19219 16.92657 16.92657 16.92657 16.92657 16.92657 16.92657 16.92657 19.7613 34.48354 34.48354
0 0 0 0 0 0 0 0 0 0 0 0 0 0 0 0 0 0 0 0 59.77814 59.77814 59.77814 59.77814 59.77814 59.77814 59.77814 59.77814 59.77814 59.77814 59.77814 59.77814 59.77814 59.77814 59.77814 59.77814 59.77814 59.77814 59.77814 54.92118 33.63888 33.63888 33.63888 33.63888 33.63888 33.63888 23.26835 13.01473 13.01474 13.01473 13.01473 13.01474 13.01473 13.01473 13.01473 13.01473 13.01473 13.01474 13.01473 13.01473 13.01473 13.01473 13.01473 13.01474 18.90305 22.53128 22.87893 13.07592 13.01473 13.01474 13.01473 13.01474 13.01473 13.01474 13.01473 13.58148 16.87405 16.92657 16.92657 16.92657 16.92657 16.93867 30.82824 33.46809 34.48354 34.48354
0 0 0 0 0 0 0 0 0 0 0 0 0 0 0 0 0 0 0 0 39.08662 59.71688 59.77815 59.77814 59.77814 59.77815 59.77815 59.77815 59.77815 59.77814 59.77815 59.77815 59.77815 59.77815 59.77815 59.77815 59.77814 59.77815 59.77814 48.73587 33.69307 33.63888 33.63888 33.63888 33.63888 33.63888 144.1445 27.94971 13.01473 13.01473 13.01473 13.01473 13.01473 14.27927 13.07481 13.01473 13.01473 13.01473 13.01473 13.01473 13.01474 13.01473 13.01473 13.01473 27.04004 32.61798 32.61798 23.15066 15.34893 13.01473 13.01473 13.35189 13.01473 13.01473 13.71366 13.04972 16.68858 16.92657 16.92657 16.92657 20.87453 25.80725 34.38673 34.48354 34.48354 34.48354
0 0 0 0 0 0 0 0 0 0 0 0 0 0 0 0 0 0 0 0 0 0 59.77815 59.77815 59.77814 59.77815 59.77815 59.77815 59.77815 59.77814 59.77815 59.77814 59.77815 59.77814 59.77815 59.77814 59.77814 59.71483 51.12572 33.79736 33.63888 33.63888 33.63888 33.63888 34.16228 234.0765 401.5444 392.3167 308.9874 143.4994 193.266 105.5607 13.01473 36.29405 57.83069 40.30113 28.76335 40.21705 24.08492 42.37871 41.84083 25.446 24.50812 22.15198 29.60703 32.61798 32.61798 32.61798 32.61715 30.25037 25.11517 30.59661 27.87125 30.14306 31.02432 24.28035 27.40478 28.14466 28.0383 20.01371 24.16646 34.48354 34.48354 34.48354 34.48354 34.48354
0 0 0 0 0 0 0 0 0 0 0 0 0 0 0 0 0 0 0 0 0 0 51.67136 59.77815 59.77815 59.77815 59.77815 59.77815 59.77815 59.77815 59.77815 59.77815 59.77814 59.77814 59.77815 59.77815 59.77815 55.87699 33.63888 33.63888 33.63888 33.63888 33.63888 123.693 382.2188 401.9591 401.9591 401.9591 401.9591 401.9591 401.9591 365.9795 345.7122 114.942 60.96264 60.96264 60.96265 60.96264 60.96265 60.96265 60.96264 60.96264 52.7883 32.61798 32.61798 32.61798 32.61798 32.61798 32.61798 32.61798 32.61798 32.61798 32.61798 32.61798 32.61798 32.61798 32.61798 32.61798 32.61798 32.61798 32.69352 33.41295 33.47869 34.48354 34.48354 34.48354
0 0 0 0 0 0 0 0 0 0 0 0 0 0 0 0 0 0 0 0 0 0 53.56794 59.77814 59.77815 59.77814 59.77815 59.77814 59.77815 59.77814 59.77815 59.77814 59.77815 59.77814 59.77815 59.77815 85.12123 186.6398 89.12209 137.0387 156.4866 225.362 213.8759 369.4651 401.9591 401.9591 401.9591 401.9591 401.9591 401.9591 401.9591 401.9591 401.9591 106.7612 60.96265 60.96265 60.96265 60.96265 60.96265 60.96265 59.42002 53.96034 36.20374 32.61798 32.61798 32.61798 32.61798 32.61798 32.61798 32.61798 32.61798 32.61798 32.61798 32.61798 32.61798 32.61798 32.61798 32.61798 32.61798 32.61798 32.61798 32.61798 32.62662 33.6028 34.07846 34.48354
0 0 0 0 0 0 0 0 0 0 0 0 0 0 0 0 0 0 0 0 0 0 0 38.61326 59.77814 59.77814 59.77814 59.77814 59.77814 59.77815 59.77814 59.77814 59.77814 59.77814 59.77814 59.77815 151.1644 205.7918 205.7918 205.7918 270.3462 401.9591 401.9591 401.9591 401.9591 401.9591 401.9591 401.9591 401.9591 401.9591 401.9591 401.9591 397.662 75.41337 60.96265 60.96265 60.96265 60.96265 60.96265 60.96265 56.60717 34.94806 32.61798 32.61798 32.61798 32.61798 32.61798 32.61798 32.61798 32.61798 32.61798 32.61798 32.61798 32.61798 32.61798 32.61798 32.61798 32.61798 32.61798 32.61798 32.61798 32.61798 32.61798 32.61798 32.65671 31.07112
0 0 0 0 0 0 0 0 0 0 0 0 0 0 0 0 0 0 0 0 0 0 0 0 59.77815 59.77814 59.77815 59.77814 59.77815 59.77814 59.77814 59.77814 59.77814 59.77814 59.77814 59.77815 138.9538 205.7918 205.7918 205.7918 349.7794 401.9591 401.9591 401.9591 401.9591 401.9591 401.9591 401.9591 401.9591 401.9591 401.9591 401.9591 330.3922 60.96264 60.96265 60.96264 60.96264 60.96265 60.96264 60.96265 60.96264 59.2146 42.67251 33.03436 33.15835 32.61798 32.61798 32.61798 32.61798 32.61798 32.61798 32.61798 32.61798 32.61798 32.61798 32.61798 32.61798 32.61798 32.61798 32.61798 32.61798 32.61798 32.61752 29.37253 29.17036 23.03483
0 0 0 0 0 0 0 0 0 0 0 0 0 0 0 0 0 0 0 0 0 0 0 56.25527 59.77815 59.77815 59.77815 59.77815 59.77815 59.77815 59.77815 59.77815 59.77815 59.77815 82.77408 122.0438 189.8102 205.7918 205.7918 263.905 401.1351 401.9591 401.9591 401.9591 401.9591 401.9591 401.9591 401.9591 401.9591 401.9591 401.9591 401.9591 252.0273 60.96265 60.96265 60.96264 60.96265 60.96264 60.96264 60.96265 60.96264 60.96265 60.96264 59.25734 60.02219 56.29466 35.52917 32.61798 32.61798 32.61798 32.61798 32.61798 32.61798 32.61798 32.61798 32.61798 32.61798 32.61798 32.61798 32.61798 32.61798 32.61005 28.19505 19.98495 19.98495 19.98495
0 0 0 0 0 0 0 0 0 0 0 0 0 0 0 0 0 0 0 0 0 0 0 0 51.24184 59.75287 59.77815 59.77815 59.77815 59.77815 59.77815 59.77815 62.43345 146.2903 203.9223 205.7918 205.7918 205.7918 205.8749 332.9033 400.5436 401.9591 401.9591 401.9591 401.9591 401.9591 401.9591 401.9591 401.9591 401.9591 401.9591 401.9591 141.9891 60.96265 60.96265 60.96265 60.96265 60.96264 60.96264 60.96265 60.96265 60.96265 60.96264 60.96265 60.96265 60.96265 51.64848 34.48038 32.61798 32.61798 32.61798 32.61798 32.61798 32.61798 32.61798 32.61798 32.61798 32.61798 32.61798 32.61798 32.28691 24.8119 20.01367 19.98495 19.98495 19.98495
0 0 0 0 0 0 0 0 0 0 0 0 0 0 0 0 0 0 0 0 0 0 0 0 0 46.92334 59.77815 59.77815 59.77815 59.77815 59.77815 59.77815 150.0974 205.7918 205.7918 205.7918 205.7918 205.7918 205.7918 205.7918 309.661 400.3193 401.9591 401.9591 401.9591 401.9591 401.9591 401.9591 401.9591 401.9591 401.9591 389.2375 62.16479 60.96265 60.96264 60.96264 60.96264 60.96264 60.96264 60.96264 60.96265 60.96264 60.96264 60.96264 60.96264 60.96264 60.96264 48.08467 32.61798 32.61798 32.61802 32.61798 33.63987 32.68192 32.61798 32.61798 32.61798 32.61798 32.61798 32.52525 24.53554 19.98495 19.98495 19.98495 19.98495 19.98495
0 0 0 0 0 0 0 0 0 0 0 0 0 0 0 0 0 0 0 0 0 0 0 0 0 59.24826 59.77814 59.77815 59.77814 59.77815 59.77814 61.90218 205.0142 205.7918 205.7918 205.7918 205.7918 205.7918 205.7918 205.7918 205.7918 260.3781 350.7788 401.9591 401.9591 401.9591 401.9591 401.9591 401.9591 401.9591 401.9591 392.3398 70.01089 60.96264 60.96264 60.96265 60.96265 60.96265 60.96265 60.96265 60.96265 60.96265 60.96265 60.96265 60.96265 60.96265 60.96265 56.36695 52.43091 56.09736 56.57153 54.15468 59.88023 54.50653 51.35358 50.44195 43.85608 27.25913 25.95294 21.13305 19.98495 19.98495 19.98495 19.98495 19.98495 19.98495
