Scenarios/Heterogeneous/data/country_data_population_distribution/processed/density_grids/per.asc
ncols 320
nrows 455
xllcorner -81
yllcorner -18
cellsize 0.041666666666667
NODATA_value -9999
[rows 396 to 431 of 455, columns 240 to 319 of 320]
1.472831 1.472831 30.57198 54.20827 54.20828 54.20827 54.20828 30.7207 16.3313 2.284494 2.283907 2.283907 7.523183 25.85728 14.68259 3.784912 3.820686 3.91047 4.159722 4.16904 4.169041 4.369785 4.447865 4.447865 19.54565 20.95894 4.197684 2.526104 2.526104 2.526104 3.619144 6.578291 6.998849 6.943655 6.047842 6.613939 4.707983 2.872713 2.871534 2.871534 2.871534 2.871534 2.871534 6.120102 14.38391 14.38391 14.38391 14.38391 9.203728 2.804645 2.804645 2.804645 3.386597 4.648525 5.69356 5.69356 5.69356 5.69356 5.69356 5.69356 47.13943 57.96311 57.96311 57.96311 55.785 39.43941 39.23267 39.23267 47.44991 201.9539 282.266 0 0 0 0 0 0 0 0 0
1.472831 1.622413 39.80372 54.20827 54.20828 54.20827 54.20828 49.08722 42.47622 2.406014 2.283907 2.283907 2.283907 2.473045 3.696663 3.891927 3.891928 4.014822 4.169041 4.16904 4.171041 4.390797 4.447865 4.979316 21.11382 21.09102 10.08877 3.800663 2.526104 2.534872 3.352209 8.064181 8.144697 8.144698 8.132204 5.025288 2.871582 2.871534 2.871534 2.871534 2.871534 2.871534 2.871534 3.951446 12.99706 14.38391 14.38391 8.81191 2.805052 2.804645 2.804645 2.804645 2.804645 2.822973 4.617199 5.69356 5.69356 5.693561 5.69356 5.69356 46.0023 57.96311 57.96311 57.96311 65.37399 64.45178 60.04006 42.9424 162.6247 293.9448 293.9448 0 0 0 0 0 0 0 0 0
1.472831 1.472831 17.1547 54.1312 54.20827 54.20827 54.20828 50.7692 5.900419 2.283907 2.283907 2.283907 2.372174 3.560219 3.891927 3.891927 3.891927 4.097837 4.153389 4.062437 4.16904 4.186885 4.415679 6.412983 21.11404 21.11533 13.78917 7.370367 2.526104 4.58809 8.054564 8.144697 8.144697 8.144697 6.517546 2.871534 2.871534 2.871534 2.871534 2.871534 2.871534 2.871534 2.871534 2.871534 3.512765 8.782135 6.226994 3.752732 2.804645 2.804645 2.804645 2.804645 2.804645 2.804645 2.805343 4.924857 5.69356 5.69356 5.69356 14.21087 54.50327 57.9631 57.9631 57.96311 60.19146 72.33972 73.83986 69.37653 209.1362 293.9448 293.9448 291.1517 0 0 0 0 0 0 0 0
1.472831 3.701148 37.56888 54.20827 54.20828 52.71662 46.8861 42.6512 3.323736 4.279519 3.717922 2.433913 3.012351 3.891927 3.891927 3.891927 3.910165 4.116268 3.554706 3.39897 4.003228 4.169041 4.876132 12.87315 21.11533 21.11492 13.93854 9.026244 3.466512 5.841748 8.144697 8.144698 8.144697 8.144698 6.803786 2.871534 2.871534 2.871534 2.871534 2.871534 2.871534 2.871534 2.871534 2.871534 2.871534 2.871534 2.871534 2.862299 2.804922 2.804645 2.804645 2.804645 2.804645 2.804645 2.836151 4.657366 5.501394 5.159084 5.271427 52.70943 57.96311 57.96311 58.03312 62.50213 62.17617 65.10069 73.83986 73.83986 75.03178 121.7978 175.8323 0 0 0 0 0 0 0 0 0
1.600738 18.02482 24.33653 51.16266 48.26645 28.17444 24.3074 21.89548 5.970846 5.970846 5.970846 3.687819 3.113364 4.390557 3.597852 3.621122 3.767919 3.404964 3.307345 3.307345 3.825449 4.169041 4.234237 15.11969 21.11533 14.477 10.04066 10.04066 9.526336 7.9526 8.150252 9.565915 13.4745 8.144697 7.83975 3.14418 2.871534 2.871534 2.871534 2.871534 2.871534 2.871534 2.871534 2.871534 2.871534 2.871534 2.871534 2.857995 2.808407 2.804645 2.804645 2.804645 2.804645 2.804645 2.804645 2.804645 2.924793 2.813381 2.804645 24.33645 57.17613 49.67786 35.71277 70.83025 73.83986 70.73927 73.83987 67.88523 0 0 0 0 0 0 0 0 0 0 0 0
11.77081 24.3074 24.3074 38.71679 25.22377 24.3074 24.3074 18.8457 5.970846 5.970846 5.970846 5.646793 4.989261 5.026845 3.307346 3.307346 3.311286 3.307346 3.307346 3.307346 3.820469 4.189206 12.36869 8.509414 8.658981 7.222274 6.966688 5.784256 4.709239 6.871823 18.6037 28.42123 31.7033 18.41007 6.967016 4.420044 2.871534 2.871534 2.871534 2.843208 2.644638 2.666658 2.871534 2.871534 2.871534 2.871534 2.855607 2.806661 2.804645 2.804645 2.804645 2.804645 2.804645 2.804645 2.804645 2.804645 2.804645 2.804645 2.804645 11.1641 18.99975 16.54706 16.98452 67.58469 73.83986 73.83986 73.83986 48.26207 0 0 0 0 0 0 0 0 0 0 0 0
23.8193 24.3074 24.3074 24.3074 24.3074 24.3074 24.3074 12.186 5.970846 5.970846 5.970846 5.970846 5.970846 4.363179 3.307346 3.307346 3.307346 3.307346 3.307346 3.307346 3.850212 11.4471 16.85575 9.552001 3.127195 3.127195 3.002109 2.874691 2.871534 2.871534 2.871534 3.792068 7.546885 2.871534 2.900763 2.871534 2.871534 2.864053 2.625396 2.196342 2.156938 2.170943 2.425913 2.673041 2.871534 2.864123 2.809735 2.804645 2.804645 2.804645 2.804645 2.804645 2.804645 2.804645 2.804645 2.804645 2.804645 2.804645 6.547781 16.52503 16.54706 16.54706 16.54706 27.54349 66.65305 73.83987 72.35423 0 0 0 0 0 0 0 0 0 0 0 0 0
24.3074 24.3074 24.3074 23.77601 24.3074 24.3074 24.3074 8.198582 5.970846 5.970846 5.970846 5.970846 5.970846 4.504481 3.307345 3.307346 3.307345 3.307345 3.307345 3.307345 9.426967 16.85575 16.85575 14.52904 3.127195 3.127195 3.127195 3.053799 2.886307 2.929926 2.978526 2.871534 2.876598 2.871666 2.871534 2.871534 2.871534 2.406859 2.156938 2.156938 2.156938 2.157149 2.519774 2.825063 2.871534 2.857834 2.804645 2.804645 2.804645 2.804645 2.804645 2.804645 2.804645 2.804645 2.804645 2.804645 2.804645 2.804645 8.69008 16.54706 16.54706 16.54706 16.54706 16.54706 22.39039 45.60163 0 0 0 0 0 0 0 0 0 0 0 0 0 0
24.3074 24.30739 23.99 7.774747 15.74588 15.95523 13.0244 9.721222 5.970846 5.970845 5.970846 5.970845 5.970845 5.285613 3.307345 3.307345 3.307346 3.307345 3.307355 7.052212 15.26433 16.85575 16.85575 13.81647 3.127196 3.127195 3.127196 3.127195 3.126948 3.127195 3.125447 3.106 3.109897 3.030686 2.921941 2.89196 2.871534 2.32352 2.156938 2.156938 2.156938 2.24998 2.871534 2.863652 2.871534 2.839715 2.804645 2.804645 2.804645 2.804645 2.804645 2.804645 2.804645 2.804645 2.804645 2.804645 2.785943 2.671306 9.630394 16.54706 16.54706 16.54706 16.54706 16.54706 16.3982 0 0 0 0 0 0 0 0 0 0 0 0 0 0 0
24.3074 24.3074 24.3074 11.03122 5.970846 5.970846 5.970846 5.970846 5.970846 5.970846 5.970846 5.970846 5.810375 4.016427 3.378994 5.110839 6.087706 9.613007 14.26889 16.85575 16.85575 16.85575 16.85575 16.73087 7.986543 3.127195 3.127195 3.127195 3.127195 3.127195 3.127195 3.127195 3.127195 3.127195 3.116707 3.047922 3.019037 2.194323 2.156938 2.156938 2.156938 2.225098 2.796529 2.415537 2.460232 2.806907 2.804645 2.804645 2.804645 2.804645 2.804645 2.804645 2.804645 2.804645 2.804645 2.71001 2.421742 2.361199 6.313842 16.48714 16.54706 16.54706 16.54706 16.54706 10.9054 0 0 0 0 0 0 0 0 0 0 0 0 0 0 0
24.3074 24.3074 23.19686 12.41192 7.039425 5.970846 5.970846 5.970846 5.970846 5.970846 5.970846 5.970846 5.963219 5.927188 8.024122 13.17625 16.85575 16.85575 16.85575 16.85575 16.85575 16.85575 16.85575 16.85575 16.70327 10.22542 3.127196 3.127195 3.127195 3.127195 3.127195 3.127196 3.127195 3.127195 3.127195 3.127195 3.120735 2.370283 2.206212 2.156938 2.156938 2.156938 2.167661 2.156938 2.156938 2.540246 2.804645 2.804645 2.804645 2.804645 2.804645 2.804645 2.804645 2.772208 2.512573 2.40157 2.361199 2.361199 2.89576 15.9385 16.54706 16.54706 16.54706 13.19979 0 0 0 0 0 0 0 0 0 0 0 0 0 0 0 0
24.3074 23.96362 14.6803 13.48987 17.68994 6.534774 5.970846 5.970846 5.970846 5.970846 5.970846 5.970846 5.970846 5.970846 7.609879 11.69348 16.38137 16.85575 16.85575 16.85575 16.85575 16.85575 16.85575 16.85575 16.5574 4.839541 3.127195 3.127195 3.127195 3.127195 3.127195 3.127195 3.127195 3.127195 3.127195 3.127195 3.110096 2.748439 2.676893 2.24044 2.156938 2.156938 2.156938 2.156938 2.156938 2.240984 2.739106 2.804645 2.804645 2.804645 2.804645 2.804645 2.655568 2.383229 2.361199 2.361199 2.361199 2.361199 2.749276 15.59374 16.54706 16.54706 14.94046 0 0 0 0 0 0 0 0 0 0 0 0 0 0 0 0 0
24.3074 15.10321 12.22794 47.37109 53.31945 13.75813 5.970846 5.970846 5.970846 6.220222 6.656186 6.304224 6.067294 5.970846 6.101966 7.071411 13.80301 16.85575 16.85575 16.85575 16.85575 16.85575 16.85575 16.85575 16.19616 3.395406 3.127195 3.127195 3.127195 3.127195 3.127195 3.127195 3.127195 3.127195 3.127195 3.127195 3.125783 2.834296 2.710086 4.294343 4.235091 2.156938 2.156938 2.156938 2.156938 2.156938 2.238561 2.804645 2.804645 2.804645 2.804645 2.804645 2.591089 2.361199 2.361199 2.361199 2.361199 2.610324 5.200656 15.71852 16.54706 16.54706 16.48136 0 0 0 0 0 0 0 0 0 0 0 0 0 0 0 0 0
0 9.927664 20.25427 53.31945 53.18419 18.77551 6.963809 7.860509 8.369517 8.759852 8.857702 8.857701 8.733686 7.868677 8.515362 8.857701 12.45909 16.85575 16.85576 16.85575 16.85576 16.85575 16.85576 16.85575 16.85575 12.53966 3.410455 15.27668 3.127195 3.127195 3.127195 3.127195 3.127195 3.127195 3.127195 3.122079 2.78627 2.710086 2.710086 5.462509 6.795852 2.354884 2.156938 2.156938 2.156938 2.154071 2.191055 2.796679 2.804645 2.804645 2.804645 2.766855 2.428349 2.361199 2.361199 2.361199 2.361199 5.911469 16.51244 16.54706 15.62227 12.40197 0 0 0 0 0 0 0 0 0 0 0 0 0 0 0 0 0 0
0 0 53.31945 53.13524 37.62403 15.43937 8.857702 8.857702 8.857702 8.857702 8.857702 8.857702 8.857701 8.857702 8.857702 11.44924 16.3379 16.85575 16.85575 16.85575 16.85575 16.85575 16.85575 16.85575 16.85575 15.78399 43.3992 100.6045 68.6842 14.9254 3.127195 3.127195 3.127195 3.127195 3.127195 2.964535 2.710086 2.710086 2.710086 5.808466 6.206708 2.158068 2.156938 2.156938 2.156938 2.148443 2.131589 2.330547 2.708763 2.804645 2.572838 2.364194 2.361199 2.361199 2.361199 2.361199 2.361199 3.12665 15.06625 13.22985 0 0 0 0 0 0 0 0 0 0 0 0 0 0 0 0 0 0 0 0
0 0 0 27.78583 8.857701 8.857702 8.857702 8.857702 8.857702 8.857701 8.857702 8.857702 8.857702 8.857702 11.00138 16.60623 16.85575 16.85575 16.85575 16.85575 16.85575 16.85575 16.85575 16.85575 16.85575 16.85575 50.4201 60.3567 20.80293 15.86797 14.57765 14.20838 13.62329 10.30147 3.455906 2.732905 2.710086 2.710086 2.710086 4.01204 5.478387 2.156938 2.156938 2.156938 2.156938 2.14884 2.13155 2.13155 2.192675 2.509359 2.362598 2.361199 2.361199 2.361199 2.361199 2.361199 2.361199 2.361199 5.639212 0 0 0 0 0 0 0 0 0 0 0 0 0 0 0 0 0 0 0 0 0
0 0 0 0 0 0 0 8.857701 8.857701 8.857702 8.857702 8.857701 8.857702 10.11959 16.52664 16.85575 16.85575 16.85575 16.85575 16.85575 16.85575 16.85575 16.85575 16.85575 16.85575 16.85575 16.85575 16.85575 16.85575 16.85575 16.85575 11.48712 3.552188 3.075855 2.440853 2.635888 2.710086 2.710086 2.710086 4.956317 6.391747 2.87342 2.156938 2.156938 2.156938 2.142902 2.13155 2.13155 2.129243 1.487195 1.618291 2.058054 2.379176 2.456112 2.361199 2.361199 2.361199 4.734881 0 0 0 0 0 0 0 0 0 0 0 0 0 0 0 0 0 0 0 0 0 0
0 0 0 0 0 0 0 0 0 8.857702 8.857701 8.857701 8.998755 10.21241 13.91306 16.85575 16.85575 16.85575 16.85575 16.85575 16.85575 16.85575 16.85575 16.85575 16.85575 16.85575 16.85575 16.85575 16.85575 16.85575 15.97061 3.386074 2.425626 2.425626 2.425626 2.433236 2.615535 2.710086 3.020759 6.226857 8.857206 3.838121 2.156938 2.156938 2.156938 2.145673 2.13155 2.115506 1.782734 1.383726 1.383726 1.659537 3.372445 3.185004 2.415551 2.808358 3.133929 0 0 0 0 0 0 0 0 0 0 0 0 0 0 0 0 0 0 0 0 0 0 0
0 0 0 0 0 0 0 0 0 0 0 0 9.145981 9.145982 10.91926 16.40567 16.85576 16.85575 16.85576 16.85575 16.85576 16.85575 16.85576 16.85575 16.85576 16.85575 16.85576 16.85575 16.85576 16.85575 11.52353 2.45076 2.425626 2.425626 2.425626 2.425626 2.428077 3.128092 6.56692 8.578549 10.10958 19.35567 13.79274 2.527035 2.642289 2.139724 2.131546 1.694507 1.383726 1.383726 2.020115 3.328897 3.587602 3.587602 3.568984 3.587602 3.587602 3.587602 4.235584 0 0 0 0 0 0 0 0 0 0 0 0 0 0 0 0 0 0 0 0 0
0 0 0 0 0 0 0 0 0 0 0 0 0 9.145982 9.17993 15.62558 16.85575 16.85575 16.85575 16.85575 16.85575 16.85575 16.85575 16.85575 16.85575 16.85575 16.85575 16.85575 16.85575 16.73233 3.621043 2.425626 2.425626 2.425626 2.425626 2.425626 2.425626 2.729505 5.863994 6.347741 2.893338 16.75361 11.33328 3.684656 3.115634 2.615742 3.076 1.397426 1.383726 1.834643 3.54806 3.587602 3.587602 3.587602 3.587602 3.587602 3.587602 3.587602 3.587602 3.76374 0 0 0 0 0 0 0 0 0 0 0 0 0 0 0 0 0 0 0 0
0 0 0 0 0 0 0 0 0 0 0 0 0 9.145981 9.145981 9.996262 15.69249 16.85575 16.85575 16.85575 16.85575 16.85575 16.85575 16.85575 16.85575 16.85575 16.85575 16.85575 16.85575 16.70327 4.773641 2.425626 2.425626 2.425626 2.425626 2.425626 2.425626 2.425626 1.948255 1.454153 1.442068 4.416634 3.308938 3.684656 3.684656 3.684656 2.578156 1.383726 1.41637 2.703049 3.587602 3.587602 3.587602 3.587602 3.587602 3.587602 3.426784 2.969819 2.827616 3.387619 3.842927 0 0 0 0 0 0 0 0 0 0 0 0 0 0 0 0 0 0 0
0 0 0 0 0 0 0 0 0 0 0 0 0 0 9.14598 9.145981 10.22887 7.154279 8.147139 12.96335 12.63251 16.85575 16.85575 16.85575 16.85575 16.85575 16.85575 16.85575 16.85575 12.61619 3.075179 2.824865 2.44064 2.425626 2.425626 2.425626 2.425626 2.425626 2.242175 1.797489 2.133576 2.001837 2.292207 3.584756 3.683593 3.448613 1.422493 1.982911 2.812034 3.510111 3.587602 3.563598 3.499662 3.570046 3.58634 3.001918 1.365899 1.312177 1.287766 1.599364 3.080322 0 0 0 0 0 0 0 0 0 0 0 0 0 0 0 0 0 0 0
0 0 0 0 0 0 0 0 0 0 0 0 0 0 9.14598 9.145982 8.498652 1.437182 0.4846191 0.4846192 0.5366449 7.387453 15.45624 16.85575 16.85575 16.85575 16.85575 16.85575 11.961 3.731526 3.869136 3.880726 3.556764 2.425626 2.425626 2.425626 2.425626 2.425626 6.506688 8.630878 6.916322 2.001837 2.001837 2.298397 2.183112 2.041947 2.504968 3.648076 3.763074 3.799291 3.785844 3.204585 1.330626 1.294667 1.613186 1.619636 1.287766 1.287766 1.287766 1.287766 1.482252 0 0 0 0 0 0 0 0 0 0 0 0 0 0 0 0 0 0 0
0 0 0 0 0 0 0 0 0 0 0 0 0 0 0 9.145981 9.145981 6.405873 0.4846191 0.4846191 0.4846191 0.4846191 11.3783 16.85575 16.85575 16.85575 16.85575 13.34667 4.104736 3.881622 3.881622 3.881622 3.235686 2.425626 2.505053 2.519289 4.187774 6.979485 8.885688 8.889367 6.312709 2.086347 2.001837 2.001837 2.002982 2.001837 3.919653 3.923996 3.777701 3.48139 3.214198 2.10026 1.287766 1.287766 1.287766 1.287766 1.287766 1.287766 1.287766 1.280853 0 0 0 0 0 0 0 0 0 0 0 0 0 0 0 0 0 0 0 0
0 0 0 0 0 0 0 0 0 0 0 0 0 0 0 9.145981 9.145982 6.442922 0.4846191 0.4846191 0.4846191 0.4846191 1.029045 14.8882 16.85575 16.85575 15.17156 4.422111 3.881622 3.881622 3.881622 3.881622 3.395263 3.059591 3.803201 6.714765 8.889367 8.889368 8.889368 8.889368 8.889367 4.962004 2.002792 2.001951 4.268727 4.626168 4.768956 3.659793 2.929029 2.929496 2.929014 1.378821 1.287766 1.287766 1.287766 1.287766 1.287766 1.287766 1.251142 0 0 0 0 0 0 0 0 0 0 0 0 0 0 0 0 0 0 0 0 0
0 0 0 0 0 0 0 0 0 0 0 0 0 0 0 19.7639 10.33052 1.173386 0.4846192 0.4846191 0.4846192 0.4846191 0.4846192 5.87578 16.42295 16.85575 10.3009 3.881622 3.881622 3.881622 3.881622 3.881622 3.881622 3.896776 6.739386 8.889367 8.889367 8.889367 8.889367 8.889367 8.889367 8.889368 8.037881 8.137053 6.415301 5.307617 3.205646 2.929827 2.943382 2.949997 2.946956 1.847965 1.287766 1.287766 1.287766 1.287766 1.287766 1.138912 0 0 0 0 0 0 0 0 0 0 0 0 0 0 0 0 0 0 0 0 0 0
0 0 0 0 0 0 0 0 0 0 0 0 0 0 0 254.9555 224.4904 61.99979 0.4846191 9.716164 0.4846191 0.4846191 0.4846191 0.4846191 1.159392 5.460766 5.599771 3.881622 3.881622 3.881622 3.881622 3.881622 3.881622 6.139665 8.889367 8.889367 8.889367 8.889367 8.889367 8.889367 8.889367 8.889367 8.889367 8.699114 5.881098 4.477083 2.928973 2.937503 2.95151 2.95151 2.736784 1.40209 1.187613 0.9684026 1.039597 1.121486 0.880891 0 0 0 0 0 0 0 0 0 0 0 0 0 0 0 0 0 0 0 0 0 0 0
0 0 0 0 0 0 0 0 0 0 0 0 0 0 254.9555 254.9555 254.9555 246.9335 230.6245 253.1304 166.4098 54.62772 0.4846192 1.051878 3.067439 2.73334 4.006054 4.050535 3.882097 3.881622 3.881622 3.881622 5.977377 8.817985 8.889367 8.889366 8.889367 8.889366 8.889367 8.889367 8.889367 8.889367 8.889367 7.366302 5.083245 3.173828 2.936046 2.95151 2.89012 2.851658 1.591871 1.287766 0 0 0 0 0 0 0 0 0 0 0 0 0 0 0 0 0 0 0 0 0 0 0 0 0 0 0 0
0 0 0 0 0 0 0 0 0 0 0 0 0 0 254.9555 254.9555 254.9555 254.9555 254.9554 254.9555 254.9555 184.6427 4.817102 4.265763 4.281144 4.281144 4.281144 4.27563 4.101431 3.881622 3.881622 5.622351 8.86659 8.889367 8.889367 8.889367 8.889367 8.889367 8.889367 8.889367 8.889367 8.889367 8.921096 5.561075 3.384383 2.929775 2.948394 2.95151 1.951343 1.318818 1.287766 1.287766 0 0 0 0 0 0 0 0 0 0 0 0 0 0 0 0 0 0 0 0 0 0 0 0 0 0 0 0
0 0 0 0 0 0 0 0 0 0 0 0 0 0 0 0 0 0 254.9555 254.9555 254.9555 79.84514 4.281144 4.281145 4.281144 4.281145 4.281144 4.281145 4.268826 4.123588 4.12236 7.608823 8.817957 8.889367 8.889367 8.889367 8.889367 8.889367 8.889367 8.889367 41.66995 103.0915 123.3692 105.1217 114.0039 10.33223 2.95151 2.95151 1.937334 1.287766 1.287766 1.287766 1.035751 0 0 0 0 0 0 0 0 0 0 0 0 0 0 0 0 0 0 0 0 0 0 0 0 0 0 0
0 0 0 0 0 0 0 0 0 0 0 0 0 0 0 0 0 0 0 254.9554 220.9695 11.42035 4.281145 4.281144 4.281145 4.281144 4.281145 4.281145 4.281145 3.994158 2.509305 2.36979 2.696081 4.080871 6.799625 8.857617 8.889367 8.889368 9.89522 73.6395 143.0074 145.5697 160.2093 267.5588 179.4096 3.175575 2.95151 2.842788 1.345901 1.287766 1.287766 1.287766 1.142 0 0 0 0 0 0 0 0 0 0 0 0 0 0 0 0 0 0 0 0 0 0 0 0 0 0 0
0 0 0 0 0 0 0 0 0 0 0 0 0 0 0 0 0 0 0 0 0 4.281144 4.281145 4.281144 4.281144 4.281144 4.281144 4.281144 4.120249 2.631735 2.369789 2.369789 2.369789 2.369789 2.369789 3.580317 6.831831 9.702433 72.2632 145.5697 145.5697 145.5697 221.8125 271.0965 80.27026 2.95151 2.95151 2.78484 2.047768 1.342539 1.287766 1.287766 1.19083 0 0 0 0 0 0 0 0 0 0 0 0 0 0 0 0 0 0 0 0 0 0 0 0 0 0 0
0 0 0 0 0 0 0 0 0 0 0 0 0 0 0 0 0 0 0 0 0 0 4.281145 4.281144 4.281145 4.281144 4.281144 4.228284 2.838205 2.369789 2.369789 2.369789 2.369789 2.36979 2.369789 2.369789 2.369789 18.6986 105.4931 145.4902 145.5697 156.0745 268.4653 231.6196 12.20346 9.336089 4.107101 2.95151 2.95151 1.799727 1.287766 1.287766 1.287722 0 0 0 0 0 0 0 0 0 0 0 0 0 0 0 0 0 0 0 0 0 0 0 0 0 0 0
0 0 0 0 0 0 0 0 0 0 0 0 0 0 0 0 0 0 0 0 0 0 0 0 4.281144 4.281145 4.281145 3.601684 2.369789 2.369789 2.369789 2.369789 2.369789 2.369789 2.369789 2.369789 15.24395 27.56812 50.19521 77.43198 129.296 166.8139 234.2304 67.30556 27.58889 31.99558 5.977454 9.935776 46.4931 63.66002 2.355393 1.287766 1.287766 1.163382 0 0 0 0 0 0 0 0 0 0 0 0 0 0 0 0 0 0 0 0 0 0 0 0 0 0
0 0 0 0 0 0 0 0 0 0 0 0 0 0 0 0 0 0 0 0 0 0 0 0 0 0 3.339743 2.561994 2.369789 2.36979 2.36979 2.369789 2.36979 2.369789 2.36979 27.68084 53.6551 53.65739 53.65739 53.65739 54.91998 100.841 162.602 37.67714 42.22973 61.75668 67.57762 97.70608 100.5261 74.04227 42.63366 17.80553 3.936471 6.927166 0 0 0 0 0 0 0 0 0 0 0 0 0 0 0 0 0 0 0 0 0 0 0 0 0 0
0 0 0 0 0 0 0 0 0 0 0 0 0 0 0 0 0 0 0 0 0 0 0 0 0 0 2.369789 2.369789 2.369789 2.36979 2.36979 2.36979 2.369789 2.36979 13.19573 52.95901 53.65738 53.65739 53.65739 53.65739 53.65738 87.3441 180.2132 93.52682 100.5145 100.6208 100.6208 96.75934 67.80248 53.65739 53.65739 53.65739 53.25114 0 0 0 0 0 0 0 0 0 0 0 0 0 0 0 0 0 0 0 0 0 0 0 0 0 0 0
