Scenarios/Heterogeneous/data/country_data_population_distribution/processed/density_grids/per.asc
ncols 320
nrows 455
xllcorner -81
yllcorner -18
cellsize 0.041666666666667
NODATA_value -9999
[rows 360 to 395 of 455, columns 160 to 239 of 320]
6.479259 6.479259 6.479259 6.479259 6.479259 6.479259 6.479259 6.479259 6.479259 6.479259 6.479259 6.479259 6.479259 6.479259 6.183592 3.51984 0.9312642 0.8688271 0.8688271 1.342445 1.781549 2.071778 3.095036 2.996686 4.10192 4.380507 6.401122 6.68896 6.68896 6.68896 6.68896 6.68896 6.68896 6.558736 5.54019 5.539853 6.815446 12.65567 8.398966 7.627378 8.121355 8.232773 10.289 9.09695 9.413793 8.446884 7.311833 6.809577 5.130526 5.208366 6.587111 5.486447 2.29359 1.689466 1.689466 1.653801 1.518305 1.518305 1.518305 1.890902 2.329352 2.329352 2.292265 1.899441 1.899441 1.899441 1.899441 1.967904 2.109716 2.111977 2.111977 2.111977 3.613921 14.15128 16.04968 14.59832 10.61822 1.729427 1.406705 1.406705
6.479259 6.47926 6.479259 6.47926 6.47926 6.47926 6.479259 6.47926 6.479259 6.47926 6.479259 6.47926 6.479843 5.948314 1.564013 0.8688271 0.868969 0.8688271 0.8688271 0.8688272 2.255964 4.28768 4.380507 4.380507 4.380508 4.695875 6.637313 6.68896 6.68896 6.68896 6.68896 6.68896 6.68896 6.63533 5.604734 5.541883 7.510163 8.458827 7.627379 7.627379 7.531452 7.141879 7.861492 10.23391 10.17408 8.057922 6.809577 6.809577 5.126232 5.896663 6.587111 4.092486 1.689466 1.689466 1.689466 1.601793 1.518305 1.518305 1.518305 1.794501 2.329352 5.246217 7.042222 3.748877 1.899442 1.899442 1.899442 1.899442 2.060554 2.111977 2.111977 9.285238 14.10561 16.04968 16.04968 5.62146 1.406705 1.406705 1.406705 1.406706
6.479259 6.479259 6.479259 6.479259 6.479259 6.479259 6.479259 6.479259 6.479259 6.479259 6.265139 6.341255 6.607951 6.651871 6.229875 5.123009 5.465774 4.139057 4.351542 3.258937 3.914955 4.380507 4.380507 4.415101 5.909303 6.627817 6.68896 6.68896 6.68896 6.68896 6.68896 6.688006 5.736821 4.681732 4.085602 4.735277 7.218301 7.627378 7.627378 7.4416 3.659648 3.44672 4.716935 10.17408 10.17408 10.08924 9.669449 8.165662 6.559933 6.587111 5.254201 2.625233 1.689466 1.692983 2.3303 2.203379 1.518305 1.518305 1.518501 2.105745 5.095892 8.48842 10.37404 10.37172 5.462554 1.899441 1.899441 1.906031 2.101516 2.111977 2.111977 12.17681 16.04968 16.04968 15.66066 2.174926 1.406705 1.406705 1.405417 1.323031
0 6.479259 6.479259 6.479259 6.479259 6.479259 6.479259 6.479259 6.479259 5.888376 4.892434 6.651871 6.651871 6.651871 6.651871 6.651871 6.651871 6.651871 6.651871 5.246963 4.147852 4.151937 4.574162 6.053999 6.68896 6.68896 6.68896 6.68896 6.68896 6.68896 6.665974 5.00407 3.856523 3.856522 3.856523 3.856522 4.221774 5.767637 7.444958 5.061966 3.44672 3.44672 3.89146 9.871503 11.77603 11.58772 10.21636 10.16016 7.628184 6.587111 3.345138 1.976883 1.689466 2.417692 3.165361 3.105081 1.756844 1.691511 5.459826 8.759769 8.545328 9.597425 10.31553 10.37404 7.51685 1.890515 1.697536 1.88812 2.110969 2.111977 2.283356 15.00657 16.04968 15.16275 5.591852 1.406706 1.406706 1.406706 1.404531 1.159514
0 6.479259 6.479259 6.479259 6.479259 6.479259 6.479259 6.479259 6.465349 4.37507 5.539293 6.65187 6.651871 6.651871 6.651871 6.651871 6.651871 6.65187 6.117689 4.173412 4.133349 4.133349 5.30403 6.68896 6.688959 6.68896 6.329696 5.254251 5.363786 5.72789 4.755507 3.856523 3.856523 3.856523 3.856523 3.856523 3.856522 3.856523 3.667762 3.44672 3.446721 3.446721 3.44672 7.210175 9.820644 10.78919 11.58176 10.82047 7.439015 5.239085 5.145397 4.990554 3.189698 3.003587 3.084008 2.921011 2.927307 6.889297 17.18052 16.96496 10.55877 8.083054 8.491638 8.106657 5.986299 0.960474 0.6588349 1.360412 2.111977 2.111976 2.114788 14.80946 16.04968 16.03551 3.345625 1.406705 1.406705 1.406705 1.318373 1.093363
0 6.479259 6.479259 6.479259 6.479259 6.479259 6.479259 6.479259 6.080504 3.677557 5.613005 6.65187 6.651871 6.65187 6.651871 6.65187 6.651871 6.65187 5.273528 4.133349 4.133349 4.133349 5.571613 6.68896 6.68896 6.68896 6.327308 3.863294 3.856523 3.856523 3.856523 3.856523 3.856523 3.856523 3.856523 3.856523 3.856523 3.856523 3.691822 3.44672 3.446721 3.44672 3.44672 4.022119 8.184813 8.934548 11.11503 12.12649 10.62482 6.242847 4.37115 4.259818 2.878705 1.955056 2.094035 1.725352 1.513325 1.357057 6.983179 17.92518 16.69185 1.437682 0.845374 0.6588349 0.6588349 0.6588349 0.6989278 1.879823 2.111977 3.08996 8.318858 14.07341 16.04968 12.2375 1.406706 1.406705 1.406706 1.238045 1.102826 1.09336
0 0 6.479259 6.479259 6.479259 6.479259 6.479259 6.451133 4.907763 3.677557 5.1436 6.651871 6.651871 6.651871 6.651871 6.651871 6.651871 6.651438 4.378221 4.133348 4.133349 3.852387 5.006441 6.667259 6.68896 6.68896 6.688959 4.405559 3.856522 3.856523 3.856522 3.856523 3.856522 3.856523 3.856522 3.580122 3.598066 3.856523 3.856523 3.633667 3.44672 3.446721 3.44672 3.44672 3.872555 10.06428 12.12649 12.12649 12.12649 9.562613 8.705688 5.713059 1.284826 1.592429 1.596246 1.421705 1.357189 1.357057 7.065338 16.95263 4.226352 0.6588349 0.6588349 0.658835 0.6588349 0.6588349 1.031382 2.111976 2.111977 5.937092 9.645805 13.23046 16.04968 9.47293 1.406705 1.406705 1.359795 1.120206 1.09336 1.09336
0 0 0 6.479259 6.479259 6.479259 6.479259 5.548227 3.677557 3.677557 4.553348 6.65187 6.651871 6.651871 6.651871 6.651871 6.651871 6.490479 4.167815 4.133349 4.112106 3.085042 2.752846 3.201464 5.880215 6.68896 6.025516 3.86246 3.856523 3.856523 3.856523 3.856523 3.856523 3.856523 3.781058 2.040639 2.064512 3.058658 3.856523 3.477283 3.446721 3.446721 3.446721 3.446721 3.347161 6.797079 12.12649 12.12649 12.08708 8.134215 2.426945 1.202188 0.9961348 1.02144 1.366198 1.357057 1.357057 1.357057 4.57427 13.22408 0.658835 0.6588349 0.6588349 0.658835 0.658835 0.658835 1.177539 2.111977 2.111977 4.792456 9.645805 9.675487 15.08882 11.40616 1.406705 1.406705 1.402427 1.131597 1.09336 1.09336
0 0 0 6.479259 6.479259 6.479259 6.479259 4.764671 3.677556 3.677556 3.873261 6.573966 6.651871 6.651871 6.651871 6.651871 6.65187 5.327879 4.133349 4.133349 3.893779 2.752846 2.752846 2.752846 5.994495 6.524511 4.049338 3.856523 3.901007 4.85708 4.41932 3.856523 3.856523 3.856523 3.848355 2.133629 2.029659 2.185007 3.411244 3.522529 3.44672 3.072937 2.728279 1.629138 0.9152219 1.040567 5.152133 5.771895 6.987824 2.428573 0.9961346 0.9961346 0.9961346 1.019755 1.32806 1.357057 1.390801 1.459664 3.679372 4.902216 0.6588349 0.6588349 0.6588349 0.6588349 0.6588349 0.6588349 1.067841 2.117591 2.250804 5.564641 9.645805 9.462664 5.920726 4.229039 1.575378 1.403302 1.219212 1.09336 1.09336 1.09336
0 0 0 0 0 6.479259 5.249126 3.701386 3.677557 3.677557 3.677557 6.003393 6.651871 6.65187 6.651871 6.65187 6.352571 4.160729 4.133349 4.133348 3.850003 2.752846 2.752846 2.752846 5.100986 6.659987 4.084359 3.856523 5.37208 6.411582 6.070587 3.888814 3.856523 3.856523 4.517991 2.444777 2.029659 2.029659 2.034609 2.588278 2.151719 0.8777338 0.6681482 0.6681483 0.6681482 0.6681482 0.6681482 0.6681483 0.6681482 0.6834738 0.9837852 0.9961347 0.9973799 1.094066 1.357057 1.357057 1.46905 1.573493 1.300759 0.6588349 0.6588349 0.6588349 0.6588349 0.6588349 0.6588349 0.6588349 0.6608483 1.51753 2.349941 2.426047 4.996643 3.995984 2.349941 2.078162 1.408046 1.402707 1.108605 1.09336 1.09336 1.093421
0 0 0 0 0 0 3.677557 3.677557 3.677557 3.677557 3.677557 5.235201 6.651871 6.651871 6.651871 6.651871 5.883278 4.133349 4.133349 4.11279 3.265569 2.752846 2.752846 2.752846 3.513296 4.563299 3.572456 4.310255 6.13758 6.411582 6.238822 3.897656 3.856523 4.925969 6.408806 3.947743 2.029659 2.029658 2.029658 2.029659 1.721197 0.6843232 0.6681482 0.6681482 0.6681482 0.6681483 0.6681482 0.6681482 0.6681482 0.6681483 0.8362478 0.9963219 1.174855 1.356374 1.357057 1.357057 1.500347 1.573493 1.18228 0.658835 0.6588349 0.6588349 0.6588349 0.658835 0.6588349 0.6588349 0.6588349 1.156248 2.349941 2.349941 2.349941 2.349941 2.234385 1.574563 1.406706 1.364798 1.102328 1.09336 1.09336 1.093513
0 0 0 0 0 0 0 0 0 3.677556 3.677557 3.89349 6.614555 6.651871 6.65187 6.651871 6.070827 4.133349 4.133348 3.870014 2.762841 2.752846 2.793466 3.02364 2.966272 2.503478 2.856099 6.033708 6.411581 6.411581 4.489948 3.856523 4.248708 6.278246 6.411582 4.665429 2.029659 2.029659 2.029659 2.029659 1.077274 0.6681482 0.6681482 0.6681482 0.6681482 0.6681482 0.6681482 0.6681482 0.6681482 0.6681482 0.7043524 3.216549 1.37879 1.357057 1.371787 1.508772 1.571985 1.573493 1.032735 0.6588349 0.6588349 0.6588349 0.6588349 0.6759175 0.6590807 0.6588349 0.958542 2.202777 2.49184 2.441976 2.352423 2.349941 2.33603 1.770393 1.377789 1.211833 1.09336 1.09336 1.09336 1.097552
0 0 0 0 0 0 0 0 0 0 0 3.677557 6.372458 6.651871 6.65187 6.651871 6.217586 4.133349 4.133349 3.499927 2.944695 2.882755 3.057488 3.13189 3.041017 2.497865 4.289531 6.411581 6.411581 6.411581 4.341366 4.319354 6.29197 6.411581 6.411581 4.484515 2.029659 2.029659 2.029659 2.029659 1.616711 0.6681482 0.6681482 0.6681482 0.6681482 0.6681482 0.6681482 0.6681482 0.6681482 0.6681482 2.346591 6.680045 4.846173 2.075581 1.672705 1.605068 1.573493 1.573493 1.53202 1.336545 1.154142 0.6610886 0.8859673 5.844317 7.674209 8.44986 10.91696 3.38291 2.646768 2.646769 2.440822 2.349941 2.322891 2.018914 1.276642 1.143467 1.09336 1.09336 1.09336 1.31262
0 0 0 0 0 0 0 0 0 0 0 0 0 6.651871 6.651871 6.651871 5.833088 4.133348 4.093067 3.345248 3.129906 3.123691 3.13189 3.13189 3.107416 2.547484 4.118127 6.411582 6.411581 6.403163 4.074053 5.582824 6.411582 6.118133 5.61508 4.177337 2.029658 2.029659 2.029659 2.029659 2.028808 0.9961134 0.6681482 0.6681482 0.6681482 0.6681482 0.6681482 0.6681482 0.6681482 0.6681482 2.255577 6.680045 6.680045 6.368557 6.224423 5.207993 3.482513 2.033478 1.573493 3.610855 3.706667 0.8017678 2.926782 9.693421 9.693421 11.56423 11.82808 5.05272 2.646768 2.646768 2.26688 1.815809 1.587411 1.294874 1.272421 1.095951 1.087412 2.030584 3.828671 5.296803
0 0 0 0 0 0 0 0 0 0 0 0 0 0 6.65187 6.65187 5.437789 3.618764 3.289219 3.13189 3.13189 3.13189 3.13189 3.131801 2.644244 2.443119 4.574853 6.803039 6.411582 6.411582 6.293085 5.854683 5.612052 5.344074 5.323017 3.564962 2.029659 2.029659 2.029659 2.029659 2.029659 1.792109 0.6681482 0.6681482 0.6681482 0.6681482 0.6681482 0.7478595 0.9602842 0.9796989 2.480453 6.680045 6.680046 6.680046 6.680046 6.680045 6.680046 6.358008 4.776505 6.67161 4.211188 0.9184679 2.663152 8.579453 9.693422 10.47473 11.82323 6.995258 2.646768 2.502885 1.752164 1.292285 1.276642 1.276642 1.233488 1.089862 0.8974742 1.289965 4.697824 5.54271
0 0 0 0 0 0 0 0 0 0 0 0 0 0 0 0 0 3.13189 3.13189 3.13189 3.13189 3.13189 3.13189 2.935646 2.443119 2.443119 13.66653 25.51023 13.9032 14.65246 12.34381 5.323017 5.323016 5.323017 5.323016 4.890915 4.023015 3.72473 2.958957 2.029659 2.029659 2.027455 0.9632148 0.6681482 0.9813499 3.945868 4.895418 5.448349 5.525936 5.525936 5.414403 6.624354 6.680045 6.680045 6.680045 6.680045 6.680045 6.680045 6.680045 6.680046 3.877625 1.388917 2.896979 4.566431 9.382895 9.651616 10.4023 9.946154 3.369682 1.643349 1.569474 1.307446 1.276642 1.276642 1.108077 0.8102098 0.7749633 0.8086733 3.629502 5.54271
0 0 0 0 0 0 0 0 0 0 0 0 0 0 0 0 0 0 0 3.13189 3.13189 3.13189 3.095013 2.619564 2.443119 8.324196 28.46974 28.82699 28.82699 27.40133 6.6907 5.323017 5.323017 5.323017 5.323017 5.323017 5.323017 5.323017 3.382878 2.029659 2.029659 2.029659 1.508079 0.8783965 4.427644 5.525936 5.525936 5.525936 5.525936 5.521644 4.805046 5.87908 6.680045 6.680045 6.680046 6.680045 6.680046 6.680045 6.680045 6.510901 2.020828 1.289971 2.74014 2.896979 2.981511 6.672759 9.693422 9.410768 5.572858 1.596399 1.569474 1.496538 1.483771 1.380309 0.8780916 0.7749633 0.7749633 0.7749633 1.286721 5.465661
0 0 0 0 0 0 0 0 0 0 0 0 0 0 0 0 0 0 0 0 3.13189 2.616097 2.462677 2.443119 2.819343 17.92922 28.82699 28.82699 28.82699 15.36382 5.323016 5.323017 5.323017 5.323017 5.323017 5.323017 5.323016 5.323017 4.683811 2.021969 2.018296 1.801798 1.549746 1.519407 2.295798 5.268579 5.525936 5.525936 5.525936 5.435683 4.711118 5.474481 6.581532 6.679917 6.680045 6.680045 6.680045 6.680045 6.448552 2.667871 0.8352914 0.8424087 2.478782 2.896979 2.896979 3.26301 9.062277 9.461133 7.401304 1.569474 1.569474 1.569474 1.569474 1.248326 0.7749633 0.7749632 0.7749633 0.7749633 0.7749633 3.738747
0 0 0 0 0 0 0 0 0 0 0 0 0 0 0 0 0 0 0 0 0 2.443119 2.443119 2.443119 3.057982 28.365 28.82699 28.82699 27.33894 7.601979 5.323017 5.323016 5.323017 5.323016 5.323017 5.323016 5.31521 2.551651 2.133991 1.525572 1.544312 1.519407 1.519407 1.519407 1.519407 3.586078 5.525936 5.525935 5.525936 5.388465 4.711118 4.711118 4.722035 5.791066 6.680045 6.680045 6.680045 6.639425 2.383496 0.8352914 0.8352914 0.8352914 1.933822 2.896979 2.896979 2.8736 3.949508 13.18316 13.32348 2.054455 1.569474 1.569474 1.405637 0.8353281 0.7749633 0.7749633 0.7749633 0.7749633 0.7738833 0.8884565
0 0 0 0 0 0 0 0 0 0 0 0 0 0 0 0 0 0 0 0 0 0 2.443119 2.443119 2.461934 28.76608 28.82699 15.89404 7.698106 5.323017 5.323016 5.323017 5.323017 5.323017 5.323017 5.323017 4.321879 1.519407 1.519407 1.519407 1.519408 1.519407 1.519407 1.519408 1.519408 1.65679 5.110928 5.525936 5.525936 5.469113 4.738684 4.711118 4.711118 5.090701 6.302323 5.314219 4.325834 2.802225 0.8352915 0.8352914 0.8352915 0.8352914 2.026731 2.896979 2.830543 2.723425 2.715706 11.56923 15.22769 4.966978 1.629212 1.663735 1.53489 0.7752494 0.7749633 0.7749632 0.7749632 0.7749632 0.525818 0.2470454
0 0 0 0 0 0 0 0 0 0 0 0 0 0 0 0 0 0 0 0 0 0 0 0 0 0 28.72446 6.530019 5.323017 5.323017 5.323017 5.323017 5.323017 5.323017 5.323017 5.323017 3.286188 1.519407 1.519407 1.519407 1.519407 1.519407 1.519408 1.519408 1.519407 1.519407 2.073636 4.946305 5.525936 5.525936 12.17444 10.59867 4.711118 4.711118 4.711118 3.554549 0.8352914 0.8352914 0.8352914 0.8352914 0.8352914 0.8352914 2.398701 2.896979 2.76664 2.715706 2.715706 7.319652 13.78615 1.907642 1.675821 1.675821 1.672489 0.8332822 0.7749633 0.7734923 0.7062482 0.3867238 0.1842211 0.1811905
0 0 0 0 0 0 0 0 0 0 0 0 0 0 0 0 0 0 0 0 0 0 0 0 0 0 0 0 5.323016 5.323016 5.323016 5.323017 5.323017 5.323017 5.323017 5.213397 1.803898 1.519407 1.519408 1.519407 1.519408 1.519407 1.519408 1.519408 1.519408 1.519407 1.519408 4.170168 5.525936 5.525936 11.42064 18.32626 5.441763 4.711118 4.711118 4.690006 3.533193 0.8386334 0.8352914 0.8352914 0.8352914 1.029304 2.863741 2.895515 2.740235 3.539711 11.47342 15.15062 13.3422 1.67582 1.67582 1.67582 1.659374 1.219605 0.7977186 0.4369346 0.1816217 0.1811905 0.1811905 0.1811905
0 0 0 0 0 0 0 0 0 0 0 0 0 0 0 0 0 0 0 0 0 0 0 0 0 0 0 0 0 0 5.323016 5.323016 5.323017 5.323017 5.323017 3.731138 1.519408 1.519407 1.519408 1.519407 1.519408 1.519407 1.519408 1.519408 1.519408 1.519407 1.519408 3.981528 5.525936 5.525936 10.53457 18.03814 7.747739 5.81968 4.711118 4.63114 1.001408 0.8352914 0.8352914 0.8352914 0.8364798 2.494553 2.896979 4.404737 2.715706 6.817114 15.22682 15.2277 12.07353 1.67582 1.675821 1.675821 1.675821 1.638394 0.4092409 0.1811905 0.1811905 0.1811905 0.1811905 0.1811905
0 0 0 0 0 0 0 0 0 0 0 0 0 0 0 0 0 0 0 0 0 0 0 0 0 0 0 0 0 0 0 5.323017 5.323017 5.323016 4.881229 1.581796 1.519407 1.519408 1.519407 1.519407 1.519407 1.519407 1.519407 1.519407 1.519407 1.519408 1.519407 1.603477 4.546257 5.525936 14.01122 17.70671 14.72747 17.7168 13.42537 12.50184 3.632374 1.291324 1.305556 2.396796 2.335218 2.896979 2.908543 12.21474 10.60253 9.305958 14.59186 15.22769 7.696205 1.67582 1.67582 1.67582 1.67582 1.64347 0.3892235 0.1811905 0.1811905 0.8094897 0.1811905 0.1811905
0 0 0 0 0 0 0 0 0 0 0 0 0 0 0 0 0 0 0 0 0 0 0 0 0 0 0 0 0 0 0 5.323016 5.323016 5.323017 4.649682 1.523899 1.519408 1.519408 1.519407 1.519408 1.519407 1.519408 1.519407 1.519407 1.519407 1.519408 1.519407 1.519407 1.949732 3.122584 9.461413 18.50009 18.50009 18.50009 18.50009 16.12387 3.571804 3.346556 3.310704 2.918043 2.896979 2.896979 3.674066 15.22769 15.22769 15.22769 15.22769 15.22769 8.391072 1.67582 1.675821 1.67582 1.675821 1.288005 0.1917634 4.837372 59.6453 45.98746 0.1811905 0.1811905
0 0 0 0 0 0 0 0 0 0 0 0 0 0 0 0 0 0 0 0 0 0 0 0 0 0 0 0 0 0 0 0 0 5.323016 2.710933 1.519407 1.519407 1.519407 1.519407 1.519407 1.519407 1.519407 1.519407 1.519407 1.519407 1.519407 1.519407 1.519407 1.519407 1.519407 7.123593 18.50009 18.50009 18.50009 18.50009 10.55285 3.346556 3.346556 3.346556 3.1025 2.896979 2.896979 2.937013 12.79476 15.22769 15.22769 25.34447 18.54501 7.244447 1.675821 1.67582 1.67582 1.67582 1.604684 21.62268 59.55822 81.94874 50.5251 0.1811905 0.1811905
0 0 0 0 0 0 0 0 0 0 0 0 0 0 0 0 0 0 0 0 0 0 0 0 0 0 0 0 0 0 0 0 0 0 1.519407 1.519407 1.519407 1.519407 1.519407 1.519407 1.519407 1.519407 1.519407 1.519407 1.519407 1.519407 1.519407 1.519407 1.519407 1.519407 2.751686 17.86364 18.50009 18.50009 18.50009 5.067246 3.346556 3.346556 3.346556 3.226245 2.896979 2.896979 2.896979 9.544397 20.39507 32.21505 36.14032 30.30417 9.816472 1.67582 2.004232 22.49649 57.16634 64.26536 81.94875 81.94875 81.94875 30.4089 0.1811905 8.392392
0 0 0 0 0 0 0 0 0 0 0 0 0 0 0 0 0 0 0 0 0 0 0 0 0 0 0 0 0 0 0 0 0 0 0 0 1.519407 1.519408 1.519408 1.519407 1.519407 1.519407 1.519407 1.519407 1.519407 1.519407 1.519407 1.519407 1.519407 1.519407 1.519722 16.55446 18.50009 15.58389 8.696182 3.34656 3.346556 3.346556 3.346556 3.320557 2.96448 2.896979 2.896979 9.273138 19.6336 36.15692 36.15692 35.70015 25.42961 18.95182 21.63612 74.3846 81.94874 81.94875 81.94874 81.94875 81.94875 52.65227 9.530771 18.70083
0 0 0 0 0 0 0 0 0 0 0 0 0 0 0 0 0 0 0 0 0 0 0 0 0 0 0 0 0 0 0 0 0 0 0 0 0 0 1.519407 1.519407 1.519407 1.519407 1.519407 1.519407 1.519407 1.519407 1.519407 1.519407 1.519407 1.519407 1.519407 9.014937 12.21406 4.686191 3.346556 3.346556 3.346556 3.346556 3.346556 3.346556 3.135862 2.896979 2.896979 6.507173 24.88336 36.15692 36.15692 36.15692 36.15692 35.9455 37.55064 81.94875 81.94875 81.94875 81.94875 81.94875 81.94875 68.95703 18.83493 13.1223
0 0 0 0 0 0 0 0 0 0 0 0 0 0 0 0 0 0 0 0 0 0 0 0 0 0 0 0 0 0 0 0 0 0 0 0 0 0 0 0 0 0 1.519407 1.519407 1.519407 1.519407 1.519407 1.519407 1.519407 1.519407 1.586934 2.908879 3.346556 3.346556 3.346556 3.346556 3.346556 3.346556 3.346556 3.346556 3.185399 2.896979 2.896979 2.896979 26.33572 36.15692 36.15692 36.15692 36.15692 36.15692 44.89434 81.94875 81.94875 81.94875 81.94874 81.94875 80.89727 32.88584 17.48839 3.484685
0 0 0 0 0 0 0 0 0 0 0 0 0 0 0 0 0 0 0 0 0 0 0 0 0 0 0 0 0 0 0 0 0 0 0 0 0 0 0 0 0 0 0 0 0 1.519407 1.519408 1.519407 1.519407 1.519407 2.391277 3.346556 3.346556 3.346556 3.346556 3.346556 3.346556 3.346556 3.346556 4.284911 8.355729 5.967495 2.931027 2.896979 19.46904 36.15692 36.15692 36.15692 36.15692 54.36458 76.87865 81.94875 81.94875 81.94875 81.94875 81.94875 53.7387 18.70105 11.13926 1.472831
0 0 0 0 0 0 0 0 0 0 0 0 0 0 0 0 0 0 0 0 0 0 0 0 0 0 0 0 0 0 0 0 0 0 0 0 0 0 0 0 0 0 0 0 0 0 0 0 1.519407 1.7828 3.054358 3.346556 3.346556 3.346556 3.346556 3.346556 3.346556 3.346556 7.196857 12.37867 12.791 12.791 8.677311 2.896979 4.794416 32.98378 36.15692 36.16059 41.99994 78.34348 81.94875 81.94875 81.94875 81.94875 81.94875 80.74975 36.6146 18.70105 6.979158 1.472831
0 0 0 0 0 0 0 0 0 0 0 0 0 0 0 0 0 0 0 0 0 0 0 0 0 0 0 0 0 0 0 0 0 0 0 0 0 0 0 0 0 0 0 0 0 0 0 0 1.527321 2.997769 3.351472 3.346556 3.346556 3.346556 3.346556 3.346556 3.346556 4.451095 12.70685 12.791 12.791 12.791 17.91401 23.75049 2.896979 23.2792 41.78447 43.60201 71.322 81.94875 81.94874 81.94875 81.94874 81.94874 81.94874 65.64182 42.23968 32.72773 6.428421 1.477433
0 0 0 0 0 0 0 0 0 0 0 0 0 0 0 0 0 0 0 0 0 0 0 0 0 0 0 0 0 0 0 0 0 0 0 0 0 0 0 0 0 0 0 0 0 0 0 0 0 0 12.791 3.346556 3.346556 3.346556 3.346556 3.346556 3.497468 10.72395 12.791 12.791 12.791 12.791 38.10175 54.46344 24.24325 20.10606 55.14816 55.95298 77.77457 81.94875 81.94875 81.94875 81.94875 81.94875 80.44952 44.30801 42.498 27.40716 18.84631 3.082162
0 0 0 0 0 0 0 0 0 0 0 0 0 0 0 0 0 0 0 0 0 0 0 0 0 0 0 0 0 0 0 0 0 0 0 0 0 0 0 0 0 0 0 0 0 0 0 0 0 0 0 0 0 3.346556 3.346556 3.552414 9.08344 12.791 12.791 12.791 12.791 19.43473 54.70458 55.76508 55.76508 55.43409 56.74819 69.6824 81.94875 81.94875 81.94875 81.94875 81.94875 81.94875 68.89635 21.41048 22.36932 19.09682 14.02863 1.472831
0 0 0 0 0 0 0 0 0 0 0 0 0 0 0 0 0 0 0 0 0 0 0 0 0 0 0 0 0 0 0 0 0 0 0 0 0 0 0 0 0 0 0 0 0 0 0 0 0 0 0 0 0 0 0 8.350452 12.791 12.791 12.791 12.791 12.791 32.26251 55.76508 55.76508 58.21302 75.4196 78.68352 81.94874 81.94875 81.94875 81.94875 81.94874 81.94875 68.90856 23.90302 18.97021 19.01878 19.01878 9.478427 1.472831
