Scenarios/Heterogeneous/data/country_data_population_distribution/processed/density_grids/per.asc
ncols 320
nrows 455
xllcorner -81
yllcorner -18
cellsize 0.041666666666667
NODATA_value -9999
[rows 36 to 71 of 455, columns 160 to 239 of 320]
0.735734 0.7357339 0.735734 0.735734 0.7338055 0.7094448 0.7057876 0.7057876 0.7057876 0.7057875 0.7057876 0.7057876 0.7057876 0.7057876 0.7057876 0.7057875 0.7057876 0.7057875 0.7057876 0.7057875 0.7191697 0.7357339 0.7357339 0.7357339 0.7357339 0.7357339 0.7357339 0.7357339 0.7280341 0.4066429 0.2326776 0.2326776 0.2326776 0.2326776 0.2326776 0.2326776 0.2326776 0.2326776 0.2326776 0.2326776 0.2326776 0.2326776 0.2326776 0.2326776 0.5289777 0 0 0 0 0 0 0 0 0 0 0 0 0 0 0 0 0 0 0 0 0 0 0 0 0 0 0 0 0 0 0 0 0 0 0
0.7357339 0.7357339 0.7357339 0.7357339 0.735734 0.7323251 0.7075221 0.7057876 0.7057876 0.7057876 0.7057876 0.7057877 0.7057876 0.7057876 0.7057876 0.7057876 0.7057876 0.7057876 0.7057876 0.7057876 0.7187737 0.735734 0.735734 0.735734 0.735734 0.735734 0.735734 0.735734 0.735734 0.7224923 0.3453251 0.2326776 0.2326776 0.2326776 0.2326776 0.2326776 0.2326776 0.2326776 0.2326776 0.2326776 0.2326776 0.2326776 0.2326776 0.2336598 0 0 0 0 0 0 0 0 0 0 0 0 0 0 0 0 0 0 0 0 0 0 0 0 0 0 0 0 0 0 0 0 0 0 0 0
0.7357339 0.7357339 0.7357339 0.7357339 0.7357339 0.735734 0.7260272 0.7057876 0.7057876 0.7057876 0.7057876 0.7057877 0.7057876 0.7057876 0.7057876 0.7057876 0.7057876 0.7057876 0.7057876 0.7057876 0.7282959 0.7357339 0.7357339 0.7357339 0.7357339 0.7357339 0.7357339 0.7357339 0.7357339 0.7357339 0.7136286 0.4505572 0.2328402 0.2326776 0.2326776 0.2326776 0.2326776 0.2326776 0.2326776 0.2326776 0.2326776 0.2326776 0.2326776 0.3841361 0 0 0 0 0 0 0 0 0 0 0 0 0 0 0 0 0 0 0 0 0 0 0 0 0 0 0 0 0 0 0 0 0 0 0 0
0.735734 0.735734 0.735734 0.735734 0.7357339 0.7357339 0.7352719 0.7142485 0.7057876 0.7057876 0.7057876 0.7057877 0.7057876 0.7057876 0.7057876 0.7057876 0.7057876 0.7057877 0.7057876 0.7057876 0.7270611 0.735734 0.735734 0.735734 0.735734 0.735734 0.735734 0.735734 0.735734 0.735734 0.735734 0.7354738 0.5402209 0.2471935 0.2326776 0.2326776 0.2326776 0.2326776 0.2326776 0.2326776 0.2326776 0.2326776 0.2326776 0 0 0 0 0 0 0 0 0 0 0 0 0 0 0 0 0 0 0 0 0 0 0 0 0 0 0 0 0 0 0 0 0 0 0 0 0
0.7357339 0.7357339 0.7357339 0.7357339 0.7357339 0.735734 0.7357339 0.733147 0.7093471 0.7057876 0.7057876 0.7057876 0.7057876 0.7057876 0.7057876 0.7057875 0.7057876 0.7057877 0.7057876 0.7057876 0.7109566 0.7350207 0.7357339 0.7357339 0.735734 0.7357339 0.7357339 0.7357339 0.7357339 0.7357339 0.735734 0.7357339 0.7357339 0.6535646 0.2405499 0.2326776 0.2326776 0.2326776 0.2326776 0.2326776 0.2326776 0.2326776 0.2326776 0.3211253 0 0 0 0 0 0 0 0 0 0 0 0 0 0 0 0 0 0 0 0 0 0 0 0 0 0 0 0 0 0 0 0 0 0 0 0
0.7357339 0.7357339 0.7357339 0.7357339 0.7357339 0.7357339 0.7357339 0.735734 0.7315789 0.7115005 0.7057876 0.7057877 0.7057876 0.7057876 0.7057876 0.7057876 0.7057876 0.7057876 0.7057876 0.7057876 0.7057876 0.7296172 0.7357339 0.7357339 0.7357339 0.7357339 0.7357339 0.7357339 0.7357339 0.7357339 0.735734 0.7357339 0.7357339 0.7357339 0.4106659 0.2326776 0.2326776 0.2326776 0.2326776 0.2326776 0.2326776 0.2326776 0.2326776 0.2326776 0.2326776 0.4992604 0 0 0 0 0.5022208 0 0 0 0 0 0 0 0 0 0 0 0 0 0 0 0 0 0 0 0 0 0 0 0 0 0 0 0 0
0.7357339 0.7357339 0.7357339 0.7357339 0.7357339 0.7357339 0.735734 0.7357339 0.7357339 0.7354138 0.728121 0.7151204 0.7062376 0.7057876 0.7057876 0.7057876 0.7057876 0.7057876 0.7057876 0.7057876 0.7096883 0.7352487 0.7357339 0.7357339 0.735734 0.7357339 0.7357339 0.7357339 0.7357339 0.7357339 0.735734 0.7357339 0.7357339 0.7357339 0.526788 0.2326776 0.2326776 0.2326776 0.2326776 0.2326776 0.2326776 0.2326776 0.2326776 0.2326776 0.2326776 0.2326776 0.2326776 0.2667205 0.5028768 0.2501637 0.2856819 0.3214338 0 0 0 0 0 0 0 0 0 0 0 0 0 0 0 0 0 0 0 0 0 0 0 0 0 0 0 0
0.7357339 0.735734 0.7357339 0.7357339 0.735734 0.7357339 0.7357339 0.7357339 0.7357339 0.735734 0.7357339 0.735734 0.7328639 0.7257385 0.7258474 0.7320031 0.713795 0.7057876 0.7057875 0.7057876 0.7123705 0.735734 0.735734 0.7357339 0.735734 0.7357339 0.735734 0.7357339 0.735734 0.7357339 0.735734 0.7357339 0.735734 0.7357339 0.5443774 0.2326776 0.2326776 0.2326776 0.2326776 0.2326776 0.2326776 0.2326776 0.2326776 0.2326776 0.2326776 0.2326776 0.2326776 0.2326776 0.2326776 0.2326776 0.2326776 0.2326776 0.4655522 0 0 0 0 0 0 0 0 0 0 0 0 0 0 0 0 0 0 0 0 0 0 0 0 0 0 0
0.7357339 0.7357339 0.7357339 0.7357339 0.7357339 0.7357339 0.7357339 0.7357339 0.7357339 0.7357339 0.7357339 0.7357339 0.7357339 0.7357339 0.7357339 0.7357339 0.7335655 0.7109113 0.7057876 0.7057876 0.7093893 0.7353718 0.7357339 0.7357339 0.7357339 0.7357339 0.7357339 0.7357339 0.7357339 0.7357339 0.7357339 0.7357339 0.7357339 0.7357339 0.5481222 0.2326776 0.2326776 0.2326776 0.2326776 0.2326776 0.2326776 0.2326776 0.2326776 0.2326776 0.2326776 0.2326776 0.2326776 0.2326776 0.2326776 0.2326776 0.2326776 0.2326776 0.2326776 0 0 0 0 0 0 0 0 0 0 0 0 0 0 0 0 0 0 0 0 0 0 0 0 0 0 0
0.735734 0.7357339 0.735734 0.7357339 0.735734 0.7357339 0.735734 0.7357339 0.7357339 0.735734 0.735734 0.7357339 0.735734 0.7357339 0.735734 0.7357339 0.735734 0.7277442 0.7070808 0.7065228 0.7283621 0.7357339 0.735734 0.735734 0.7357339 0.735734 0.7357339 0.735734 0.7357339 0.735734 0.7357339 0.735734 0.7357339 0.735734 0.5205957 0.2326776 0.2326776 0.2326776 0.2326776 0.2326776 0.2326776 0.2326776 0.2326776 0.2326776 0.2326776 0.2326776 0.2326776 0.2326776 0.2326776 0.2326776 0.2326776 0.2326776 0.2326776 0 0 0 0 0 0 0 0 0 0 0 0 0 0 0 0 0 0 0 0 0 0 0 0 0 0 0
0.7357339 0.7357339 0.7357339 0.7357339 0.7357339 0.7357339 0.7357339 0.7357339 0.7357339 0.7357339 0.7357339 0.735734 0.7357339 0.7357339 0.7357339 0.7357339 0.7357339 0.735734 0.7286988 0.7307586 0.735734 0.7357339 0.7357339 0.7357339 0.735734 0.7357339 0.7357339 0.7357339 0.7357339 0.7357339 0.735734 0.7357339 0.7357339 0.7357339 0.5252228 0.2326776 0.2326776 0.2326776 0.2326776 0.2326776 0.2326776 0.2326776 0.2326776 0.2326776 0.2326776 0.2326776 0.2326776 0.2326776 0.2326776 0.2326776 0.2326776 0.2326776 0.2326776 0 0 0 0 0 0 0 0 0 0 0 0 0 0 0 0 0 0 0 0 0 0 0 0 0 0 0
0.735734 0.7357339 0.735734 0.7357339 0.7357339 0.7357339 0.735734 0.735734 0.735734 0.735734 0.7357339 0.7357339 0.735734 0.735734 0.735734 0.7357339 0.735734 0.735734 0.735734 0.7357339 0.7357339 0.7357339 0.7357339 0.735734 0.735734 0.735734 0.735734 0.735734 0.7357339 0.735734 0.735734 0.735734 0.735734 0.735734 0.6853386 0.4149577 0.2467063 0.2326776 0.2326776 0.2326776 0.2326776 0.2326776 0.2326776 0.2326776 0.2326776 0.2326776 0.2326776 0.2326776 0.2326776 0.2326776 0.2326776 0.2326776 0.2326776 0 0 0 0 0 0 0 0 0 0 0 0 0 0 0 0 0 0 0 0 0 0 0 0 0 0 0
0.7020999 0.735734 0.7357339 0.735734 0.735734 0.735734 0.735734 0.735734 0.7357339 0.735734 0.7357339 0.7357339 0.7357339 0.7357339 0.7357339 0.735734 0.7357339 0.735734 0.7357339 0.735734 0.735734 0.7357339 0.735734 0.735734 0.735734 0.735734 0.735734 0.7357339 0.735734 0.7357339 0.735734 0.735734 0.735734 0.7357339 0.735734 0.7357339 0.6461545 0.2495643 0.2326776 0.2326776 0.2326776 0.2326776 0.2326776 0.2326776 0.2326776 0.2326776 0.2326776 0.2326776 0.2326776 0.2326776 0.2326776 0.2326776 0.2326776 0.3515195 0 0 0 0 0 0 0 0 0 0 0 0 0 0 0 0 0 0 0 0 0 0 0 0 0 0
0.5158614 0.7141241 0.7357339 0.7357339 0.735734 0.7357339 0.7357339 0.7357339 0.7357339 0.7357339 0.7357339 0.7357339 0.7357339 0.7357339 0.7357339 0.7357339 0.7357339 0.7357339 0.7357339 0.735734 0.7357339 0.7357339 0.7357339 0.7357339 0.7357339 0.7357339 0.735734 0.735734 0.735734 0.7357339 0.735734 0.7357339 0.735734 0.7357339 0.7357339 0.7357339 0.735734 0.4495741 0.2326776 0.2326776 0.2326776 0.2326776 0.2326776 0.2326776 0.2326776 0.2326776 0.2326776 0.2326776 0.2326776 0.2326776 0.2326776 0.2326776 0.2326776 0.2676323 0 0 0 0 0 0 0 0 0 0 0 0 0 0 0 0 0 0 0 0 0 0 0 0 0 0
0.4907929 0.5110093 0.685034 0.7357339 0.7357339 0.7357339 0.7357339 0.7357339 0.7357339 0.7357339 0.7357339 0.7357339 0.7357339 0.7357339 0.7357339 0.7357339 0.7357339 0.7357339 0.7357339 0.735734 0.7357339 0.7357339 0.7357339 0.7357339 0.7357339 0.7357339 0.7357339 0.735734 0.7357339 0.7357339 0.7357339 0.7357339 0.7357339 0.7357339 0.7357339 0.7357339 0.7357339 0.6946493 0.2888352 0.2326776 0.2326776 0.2326776 0.2326776 0.2326776 0.2326776 0.2326776 0.2326776 0.2326776 0.2326776 0.2326776 0.2326776 0.2326776 0.2326776 0 0 0 0 0 0 0 0 0 0 0 0 0 0 0 0 0 0 0 0 0 0 0 0 0 0 0
0.4907929 0.4907929 0.5066659 0.6393769 0.735734 0.735734 0.7357339 0.735734 0.7357339 0.735734 0.7357339 0.735734 0.7357339 0.735734 0.7357339 0.735734 0.7357339 0.7357339 0.7357339 0.7357339 0.7357339 0.735734 0.735734 0.7357339 0.735734 0.7357339 0.735734 0.7357339 0.735734 0.7357339 0.735734 0.7357339 0.735734 0.7357339 0.735734 0.7357339 0.735734 0.5887674 0.2340173 0.2326776 0.2326776 0.2326776 0.2326776 0.2326776 0.2326776 0.2326776 0.2326776 0.2326776 0.2326776 0.2326776 0.2326776 0.2466574 0 0 0 0 0 0 0 0 0 0 0 0 0 0 0 0 0 0 0 0 0 0 0 0 0 0 0 0
0.4907929 0.4907929 0.4907929 0.4962307 0.6200595 0.7221778 0.7357339 0.7357339 0.7357339 0.735734 0.7357339 0.735734 0.7357339 0.735734 0.7357339 0.735734 0.7357339 0.735734 0.735734 0.7357339 0.7357339 0.7357339 0.735734 0.7357339 0.735734 0.735734 0.735734 0.735734 0.735734 0.7357339 0.7357339 0.7357339 0.735734 0.7357339 0.735734 0.7357339 0.735734 0.6911901 0.3212814 0.2326776 0.2326776 0.2326776 0.2326776 0.2326776 0.2326776 0.2326776 0.2326776 0.2326776 0.2326776 0.2326776 0.2326776 0.2365709 0 0 0 0 0 0 0 0 0 0 0 0 0 0 0 0 0 0 0 0 0 0 0 0 0 0 0 0
0.4907929 0.4907929 0.4907929 0.4907929 0.4907929 0.647041 0.7357339 0.7357339 0.735734 0.7357339 0.735734 0.7357339 0.735734 0.7357339 0.735734 0.7357339 0.735734 0.7357339 0.735734 0.7357339 0.735734 0.735734 0.7357339 0.7357339 0.7357339 0.735734 0.7357339 0.735734 0.7357339 0.735734 0.7357339 0.735734 0.7357339 0.735734 0.7357339 0.735734 0.7357339 0.735734 0.6970003 0.3965007 0.2373162 0.2326776 0.2326776 0.2326776 0.2326776 0.2326776 0.2326776 0.2326776 0.2326776 0.2326776 0.2326776 0.2326776 0.4469603 0 0 0 0 0 0 0 0 0 0 0 0 0 0 0 0 0 0 0 0 0 0 0 0 0 0 0
0.4907929 0.4907929 0.4907929 0.4907929 0.4907929 0.6238846 0.735734 0.7357339 0.735734 0.7357339 0.735734 0.7357339 0.735734 0.7357339 0.735734 0.7357339 0.735734 0.735734 0.735734 0.7357339 0.735734 0.7357339 0.7357339 0.7357339 0.735734 0.7357339 0.7357339 0.7357339 0.7357339 0.735734 0.7357339 0.735734 0.735734 0.735734 0.7357339 0.7357339 0.7357339 0.735734 0.7357339 0.7357339 0.6831439 0.5649837 0.5526201 0.3920685 0.2326776 0.2326776 0.2326776 0.2326776 0.2326776 0.2326776 0.2326776 0.2326776 0.2326776 0 0 0 0 0 0 0 0 0 0 0 0 0 0 0 0 0 0 0 0 0 0 0 0 0 0 0
0.4907929 0.4907929 0.4907929 0.4907929 0.4907929 0.5628136 0.735734 0.7357339 0.7357339 0.7357339 0.735734 0.735734 0.7357339 0.7357339 0.735734 0.7357339 0.735734 0.735734 0.735734 0.7357339 0.7357339 0.7357339 0.7357339 0.7357339 0.735734 0.7357339 0.735734 0.735734 0.735734 0.7357339 0.7357339 0.7357339 0.7357339 0.7357339 0.735734 0.7357339 0.7357339 0.735734 0.7357339 0.735734 0.7357339 0.735734 0.7357339 0.7229422 0.3949753 0.2326776 0.2326776 0.2326776 0.2326776 0.2326776 0.2326776 0.2326776 0.2326776 0.2326776 0.4589147 0.3400924 0.5215995 0 0 0 0 0 0 0 0 0 0 0 0 0 0 0 0 0 0 0 0 0 0 0.315554
0.4907929 0.4907929 0.4907929 0.4907929 0.4907929 0.4907938 0.5811449 0.7163538 0.735734 0.735734 0.735734 0.7023428 0.6083453 0.5757774 0.543794 0.5257929 1.103682 1.278101 1.410549 1.130433 0.8493101 0.736491 0.735734 0.735734 0.7357339 0.735734 0.735734 0.735734 0.7357339 0.735734 0.7357339 0.735734 0.7357339 0.735734 0.735734 0.735734 0.735734 0.735734 0.7357339 0.735734 0.735734 0.735734 0.735734 0.735734 0.70812 0.2719469 0.2326776 0.2326776 0.2326776 0.2326776 0.2326776 0.2326776 0.2326776 0.2326776 0.2326776 0.2326776 0.2326776 0 0 0 0 0.520116 0 0 0 0.550765 0 0 0 0 0 0 0 0 0 0 0 0 0.2678746 0.2326776
0.4907929 0.4907929 0.4907929 0.4907929 0.4907929 0.4907929 0.4907929 0.3144912 0.2407731 0.3419867 0.3657412 0.229882 0.1881187 0.1881187 0.1881187 0.1881187 1.644404 1.765647 1.765647 1.765647 1.765647 1.516941 1.394039 0.8342254 0.735734 0.7357339 0.7357339 0.7357339 0.7357339 0.7357339 0.735734 0.7357339 0.7357339 0.7357339 0.7357339 0.7357339 0.7357339 0.735734 0.7357339 0.7357339 0.7357339 0.7357339 0.7357339 0.7357339 0.7357339 0.6631857 0.3534661 0.2326776 0.2326776 0.2326776 0.2326776 0.2326776 0.2326776 0.2326776 0.2326776 0.2326776 0.2326776 0.3791416 0.5560509 0.5031669 0.233887 0.2379244 0.2714991 0.4170787 0.3636739 0.2342478 0.3082287 0.4510698 0.4288186 0.4810021 0 0 0 0 0 0 0 0.3733587 0.2326776 0.2326776
0.4907929 0.4907929 0.4907929 0.4907929 0.4907929 0.4907929 0.4907929 0.3429442 0.1881187 0.1881187 0.1881187 0.1881187 0.1881187 0.1881187 0.1881187 0.2222682 1.743359 1.765647 1.765647 1.765647 1.765647 1.765647 1.765647 1.395095 0.735734 0.7357339 0.735734 0.7357339 0.7357339 0.7357339 0.735734 0.7357339 0.735734 0.7357339 0.735734 0.7357339 0.735734 0.7357339 0.735734 0.7357339 0.7357339 0.7357339 0.735734 0.735734 0.735734 0.7357339 0.7272369 0.389796 0.2326776 0.2326776 0.2326776 0.2326776 0.2326776 0.2326776 0.2326776 0.2326776 0.2326776 0.2326776 0.2326776 0.2326776 0.2326776 0.2326776 0.2326776 0.2326776 0.2326776 0.2326776 0.2326776 0.2326776 0.2326776 0.2326776 0.2505894 0 0 0.3558689 0.2387075 0.2326776 0.2983434 0.243852 0.2326776 0.2326776
0.4907929 0.4907928 0.4907929 0.4907929 0.4907929 0.4907929 0.4907929 0.367799 0.1881187 0.1881187 0.1881187 0.1881187 0.1881187 0.1881187 0.1881187 0.1973783 1.724899 1.765647 1.765647 1.765647 1.765647 1.765647 1.765647 1.745144 0.912927 0.735734 0.7357339 0.735734 0.735734 0.735734 0.7357339 0.735734 0.735734 0.735734 0.7357339 0.735734 0.7357339 0.735734 0.735734 0.735734 0.735734 0.7357339 0.735734 0.735734 0.735734 0.735734 0.735734 0.6513035 0.2755055 0.2326776 0.2326776 0.2326776 0.2326776 0.2326776 0.2326776 0.2326776 0.2326776 0.2326776 0.2326776 0.2326776 0.2326776 0.2326776 0.2326776 0.2326776 0.2326776 0.2326776 0.2326776 0.2326776 0.2326776 0.2326776 0.2326776 0.2326776 0.2326776 0.2326776 0.2326776 0.2326776 0.2326776 0.2326776 0.2326776 0.2326776
0.4907929 0.4907929 0.4907929 0.4907929 0.4907929 0.4907929 0.4907929 0.3555493 0.1881187 0.1881187 0.1881187 0.1881187 0.1881187 0.1881187 0.1881187 0.1912565 1.276332 1.740764 1.765647 1.765647 1.765647 1.765647 1.765647 1.765647 1.753655 1.224501 0.7357339 0.7357339 0.7357339 0.7357339 0.7357339 0.7357339 0.735734 0.7357339 0.7357339 0.7357339 0.7357339 0.7357339 0.7357339 0.7357339 0.7357339 0.7357339 0.7357339 0.7357339 0.7357339 0.7357339 0.735734 0.7357339 0.6180271 0.2334867 0.2326776 0.2326776 0.2326776 0.2326776 0.2326776 0.2326776 0.2326776 0.2326776 0.2326776 0.2326776 0.2326776 0.2326776 0.2326776 0.2326776 0.2326776 0.2326776 0.2326776 0.2326776 0.2326776 0.2326776 0.2326776 0.2326776 0.2326776 0.2326776 0.2326776 0.2326776 0.2326776 0.2326776 0.2326776 0.2326776
0.4907929 0.4907929 0.4907929 0.4907929 0.4907929 0.4907929 0.4907929 0.3052056 0.1881187 0.1881187 0.1881187 0.1881187 0.1881187 0.1881187 0.1881187 0.1881187 0.1881187 0.3426566 1.18749 1.765647 1.765647 1.765647 1.765647 1.765647 1.765647 1.757124 1.088552 0.7357339 0.7357339 0.7357339 0.735734 0.7357339 0.7357339 0.7357339 0.7357339 0.7357339 0.7357339 0.7357339 0.7357339 0.7357339 0.7357339 0.7357339 0.7357339 0.7357339 0.7357339 0.7357339 0.7357339 0.7357339 0.7357339 0.6262798 0.3284996 0.2326776 0.2326776 0.2326776 0.2326776 0.2326776 0.2326776 0.2326776 0.2326776 0.2326776 0.2326776 0.2326776 0.2326776 0.2326776 0.2326776 0.2326776 0.2326776 0.2326776 0.2326776 0.2326776 0.2326776 0.2326776 0.2326776 0.2326776 0.2326776 0.2326776 0.2326776 0.2326776 0.2326776 0.2326776
0.4907929 0.4907929 0.4907929 0.4907929 0.4907929 0.4907929 0.4907929 0.2532477 0.1881187 0.1881187 0.1881187 0.1881187 0.1881187 0.1881187 0.1881187 0.1881187 0.1881187 0.1881187 0.2243523 1.235933 1.765647 1.765647 1.765647 1.765647 1.765647 1.765647 1.70486 0.8989663 0.735734 0.735734 0.735734 0.735734 0.735734 0.735734 0.735734 0.735734 0.735734 0.735734 0.735734 0.735734 0.735734 0.735734 0.735734 0.7357339 0.735734 0.735734 0.735734 0.735734 0.735734 0.735734 0.7151753 0.5794789 0.4298527 0.3985993 0.2439405 0.2326776 0.2326776 0.2326776 0.2326776 0.2326776 0.2326776 0.2326776 0.2326776 0.2326776 0.2326776 0.2326776 0.2326776 0.2326776 0.2326776 0.2326776 0.2326776 0.2326776 0.2326776 0.2326776 0.2326776 0.2700948 0.5619252 0.5149847 0.2584669 0.2326776
0.4907929 0.4907929 0.4907929 0.4907929 0.4907929 0.4907929 0.4907929 0.2851391 0.1881187 0.1881187 0.1881187 0.1881187 0.1881187 0.1881187 0.1881187 0.1881187 0.1881187 0.1881187 0.1881187 0.4053849 1.501312 1.765647 1.765647 1.765647 1.765647 1.765647 1.765647 1.739528 1.334188 0.8359369 0.7357339 0.7357339 0.7357339 0.7357339 0.7357339 0.7357339 0.7357339 0.7357339 0.7357339 0.7357339 0.7357339 0.7357339 0.7357339 0.7357339 0.735734 0.7357339 0.7357339 0.7357339 0.7357339 0.7357339 0.7357339 0.7357339 0.7357339 0.7357339 0.5878488 0.2392285 0.2326776 0.2326776 0.2326776 0.2326776 0.2326776 0.2326776 0.2326776 0.2326776 0.2326776 0.2326776 0.2711824 0.4557929 0.3056932 0.2326776 0.2591946 0.236339 0.2760799 0.2879803 0.3291968 1.208592 1.581908 1.581908 0.5111608 0.2326776
0.4907929 0.4907929 0.4907929 0.4907929 0.4907929 0.4907929 0.4907929 0.328753 0.1881187 0.1881187 0.1881187 0.1881187 0.1881187 0.1881187 0.1881187 0.1881187 0.1881187 0.1881187 0.1881187 0.1881187 0.3317208 1.336006 1.765647 1.765647 1.765647 1.765647 1.765647 1.765647 1.765647 1.612353 0.8367727 0.7357339 0.7357339 0.7357339 0.7357339 0.7357339 0.735734 0.7357339 0.7357339 0.7357339 0.7357339 0.7357339 0.7357339 0.7357339 0.7357339 0.7357339 0.7357339 0.7357339 0.7357339 0.7357339 0.7357339 0.7357339 0.7357339 0.7357339 0.7357339 0.4312046 0.2326776 0.2326776 0.2326776 0.2326776 0.2326776 0.2326776 0.2326776 0.2326776 0.2326776 0.432808 1.019548 1.528617 1.075458 1.046255 1.017533 1.200106 1.307142 1.449772 1.504173 1.581909 1.581908 1.581909 0.6578799 0.2326776
0.4907929 0.4907929 0.4907929 0.4907929 0.4907929 0.4907929 0.4907929 0.3140505 0.1881187 0.1881187 0.1881187 0.1881187 0.1881187 0.1881187 0.1881187 0.1881187 0.1881187 0.1881187 0.1881187 0.1881187 0.1881187 0.6740575 1.765647 1.765647 1.765647 1.765647 1.765647 1.765647 1.765647 1.765647 1.698344 1.00912 0.7357339 0.735734 0.7357339 0.7357339 0.7357339 0.7357339 0.7357339 0.7357339 0.7357339 0.7357339 0.7357339 0.7357339 0.7357339 0.7357339 0.7357339 0.7357339 0.7357339 0.7357339 0.7357339 0.7357339 0.7357339 0.7357339 0.7357339 0.718768 0.4112103 0.2326776 0.2326776 0.2326776 0.2326776 0.2326776 0.3075579 0.892545 0.9138321 1.523667 1.581909 1.581909 1.581908 1.581909 1.581908 1.581909 1.581908 1.581909 1.581908 1.581909 1.581908 1.581909 0.9978942 0.2326776
0.4907929 0.4907929 0.4907929 0.4907929 0.4907929 0.4907929 0.4907929 0.3060466 0.1881187 0.1881187 0.1881187 0.1881187 0.1881187 0.1881187 0.1881187 0.1881187 0.1881187 0.1881187 0.1881187 0.1881187 0.1881187 0.1889756 0.5401503 1.134472 1.512536 1.7604 1.765647 1.765647 1.765647 1.765647 1.765647 1.646999 1.250388 1.129021 1.011763 0.9875596 0.835077 0.7357339 0.7357339 0.735734 0.7357339 0.7357339 0.735734 0.735734 0.7357339 0.735734 0.7357339 0.735734 0.7357339 0.7357339 0.7357339 0.735734 0.7357339 0.7357339 0.7357339 0.7357339 0.7328273 0.5565499 0.9203893 1.013528 1.017125 1.105198 1.434229 1.581909 1.581909 1.581909 1.581909 1.581909 1.581909 1.581909 1.581909 1.581909 1.581909 1.581909 1.581909 1.581909 1.581909 1.581909 1.564871 0.4696471
0.4907929 0.4907929 0.4907929 0.4907929 0.4907929 0.4907929 0.4907929 0.2712832 0.1881187 0.1881187 0.1881187 0.1881187 0.1881187 0.1881187 0.1881187 0.1881187 0.1881187 0.1881187 0.1881187 0.1881187 0.1881187 0.1881187 0.1881187 0.1881187 0.1881187 0.2969565 0.9347125 1.76231 1.765647 1.765647 1.765647 1.765647 1.765647 1.765647 1.765647 1.765647 1.758636 1.329096 0.7415941 0.7357339 0.7357339 0.7357339 0.7357339 0.7357339 0.7357339 0.7357339 0.7357339 0.7357339 0.7357339 0.7357339 0.7357339 0.735734 0.7357339 0.7357339 0.7357339 0.7357339 0.742128 1.519951 1.619668 1.581909 1.581909 1.581909 1.581909 1.581909 1.581909 1.581909 1.581909 1.581909 1.581909 1.581909 1.581909 1.581909 1.581909 1.581909 1.581909 1.581909 1.581909 1.581909 1.581909 1.321945
0.4907929 0.4907929 0.4907929 0.4907929 0.4907929 0.4907929 0.4891969 0.2527332 0.1881187 0.1881187 0.1881187 0.1881187 0.1881187 0.1881187 0.1881187 0.1881187 0.1881187 0.1881187 0.1881187 0.1881187 0.1881187 0.1881187 0.1881187 0.1881187 0.1881187 0.1881187 0.1881187 0.6579547 1.673658 1.765647 1.765647 1.765647 1.765647 1.765647 1.765647 1.765647 1.765647 1.765647 1.50421 1.114824 0.7602611 0.735734 0.7357339 0.735734 0.7357339 0.735734 0.7357339 0.735734 0.7357339 0.7357339 0.7357339 0.735734 0.7357339 0.735734 0.7357339 0.735734 0.9948212 1.765647 1.751557 1.646115 1.582193 1.581909 1.581909 1.581909 1.581909 1.581909 1.581909 1.581909 1.581909 1.581909 1.581909 1.581909 1.581909 1.581909 1.581909 1.581909 1.581909 1.581909 1.581909 1.581909
0.4907929 0.4907929 0.4907929 0.4907929 0.4907929 0.4907929 0.4518956 0.1881187 0.1881187 0.1881187 0.1881187 0.1881187 0.1881187 0.1881187 0.1881187 0.1881187 0.1881187 0.1881187 0.1881187 0.1881187 0.1881187 0.1881187 0.1881187 0.1881187 0.1881187 0.1881187 0.1881187 0.1881187 0.9873017 1.765647 1.765647 1.765647 1.765647 1.765647 1.765647 1.765647 1.765647 1.765647 1.765647 1.765647 1.686415 1.579393 1.4684 0.8276929 0.7357339 0.7357339 0.7357339 0.7357339 0.7357339 0.7357339 0.7357339 0.7357339 0.7357339 0.7357339 0.7357339 0.7357339 1.236184 1.765647 1.765647 1.765647 1.712077 1.590675 1.566377 1.568789 1.572261 1.574823 1.56864 1.581909 1.581909 1.581909 1.581909 1.581909 1.581909 1.581909 1.581909 1.581909 1.581909 1.581909 1.581909 1.581909
0.4907929 0.4907929 0.4907929 0.4907929 0.4907929 0.4907929 0.4222618 0.1881187 0.1881187 0.1881187 0.1881187 0.1881187 0.1881187 0.1881187 0.1881187 0.1881187 0.1881187 0.1881187 0.1881187 0.1881187 0.1881187 0.1881187 0.1881187 0.1881187 0.1881187 0.1881187 0.1881187 0.1881187 0.1980966 1.013025 1.765647 1.765647 1.765647 1.765647 1.765647 1.765647 1.765647 1.765647 1.765647 1.765647 1.765647 1.765647 1.765647 1.604321 0.9019556 0.7357339 0.735734 0.7357339 0.7357339 0.7357339 0.735734 0.735734 0.735734 0.735734 0.735734 0.8853517 1.712844 1.765647 1.765647 1.75093 1.614648 1.520103 1.520085 1.520085 1.520085 1.520085 1.535275 1.581909 1.581909 1.581909 1.581909 1.581909 1.581909 1.581909 1.581909 1.581909 1.581909 1.581909 1.581909 1.581909
0.4907929 0.4907929 0.4907929 0.4907929 0.4907929 0.4907929 0.445002 0.1883173 0.1881187 0.1881187 0.1881187 0.1881187 0.1881187 0.1881187 0.1881187 0.1881187 0.1881187 0.1881187 0.1881187 0.1881187 0.1881187 0.1881187 0.1881187 0.1881187 0.1881187 0.1881187 0.1881187 0.1881187 0.1881187 0.1883945 1.410735 1.765647 1.765648 1.765647 1.765648 1.765647 1.765648 1.765647 1.765648 1.765647 1.765648 1.765647 1.765648 1.765648 1.758348 1.409472 1.017758 0.7374473 0.7357339 0.735734 0.7357339 0.735734 0.735734 0.735734 0.7489708 1.585839 1.765647 1.765647 1.705439 1.530607 1.520085 1.520085 1.520085 1.520085 1.520085 1.520085 1.526946 1.579057 1.581909 1.581909 1.581909 1.581909 1.581909 1.581909 1.581909 1.581909 1.581909 1.581909 1.581909 1.581909
