Scenarios/Heterogeneous/data/country_data_population_distribution/processed/density_grids/per.asc
ncols 320
nrows 455
xllcorner -81
yllcorner -18
cellsize 0.041666666666667
NODATA_value -9999
[rows 108 to 143 of 455, columns 160 to 239 of 320]
1.114517 1.114517 1.114517 1.114517 1.114517 1.114517 1.114517 1.114517 1.114517 1.114517 1.114517 1.114517 1.114517 1.114517 0.7628326 0.5779116 0.5779116 0.5779116 0.5779116 0.5779116 0.5779116 0.5779116 0.5779116 0.7269808 1.547811 2.720596 4.466493 5.034439 5.034439 5.034439 5.034439 5.034439 5.034439 5.034439 5.034439 5.034439 5.034439 5.034439 5.034439 5.034439 5.034439 5.034439 5.033478 3.746222 2.102811 2.10281 2.10281 3.561492 3.825037 2.757141 2.683829 2.217429 2.10281 2.102811 2.10281 1.91298 1.490904 1.490904 1.490904 1.490904 1.490904 1.490904 1.490904 1.490904 1.490904 1.490904 1.490904 1.490904 1.490904 1.490904 1.490904 1.490904 1.490904 1.490904 1.490904 1.490904 1.490904 1.490904 1.490904 1.490904
1.114517 1.114517 1.114517 1.114517 1.114517 1.114517 1.114517 1.114517 1.114517 1.114517 1.114517 1.114517 1.114517 1.114517 0.7089135 0.5779116 0.5779116 0.5779116 0.5779116 0.5779116 0.5779116 0.5779116 0.5779116 0.5779116 0.5779116 0.5779116 1.044327 4.682201 5.034439 5.034439 5.034439 5.034439 5.034439 5.034439 5.034439 5.034439 5.034439 5.034439 5.034439 5.034439 5.034439 5.024805 3.443634 2.10281 2.10281 2.10281 2.102811 2.10281 2.102811 2.102811 2.102811 2.10281 2.102811 2.10281 2.102811 1.89954 1.490904 1.490904 1.490904 1.490904 1.490904 1.490904 1.490904 1.490904 1.490904 1.490904 1.490904 1.490904 1.490904 1.490904 1.490904 1.490904 1.490904 1.490904 1.490904 1.490904 1.490904 1.490904 1.489119 1.485753
1.114517 1.114517 1.114517 1.114517 1.114517 1.114517 1.114517 1.114517 1.114517 1.114517 1.114517 1.114517 1.114517 1.099563 0.6005915 0.5779116 0.5779116 0.5779116 0.5779116 0.5779116 0.5779116 0.5779116 0.5779116 0.5779116 0.5779116 0.5779116 0.5779116 3.282109 5.034439 5.034439 5.034439 5.034439 5.034439 5.034439 5.034439 5.034439 5.034439 5.034439 5.034439 5.034439 5.034439 3.786508 2.10281 2.10281 2.10281 2.10281 2.102811 2.10281 2.102811 2.102811 2.102811 2.10281 2.102811 2.10281 2.102811 1.813131 1.490904 1.490904 1.490904 1.490904 1.490904 1.490904 1.490904 1.490904 1.490904 1.490904 1.490904 1.490904 1.490904 1.490904 1.490904 1.490904 1.490904 1.490904 1.490904 1.490904 1.490904 1.490904 1.14326 0
1.114517 1.114517 1.114517 1.114517 1.114517 1.114517 1.114517 1.114517 1.114517 1.114517 1.114517 1.114517 1.114517 0.9093397 0.5779116 0.5779116 0.5779116 0.5779116 0.5779116 0.5779116 0.5779116 0.5779116 0.5779116 0.5779116 0.5779116 0.5779116 0.5779116 0.9450594 3.982921 5.034439 5.034439 5.034439 5.034439 5.034439 5.034439 5.034439 5.034439 5.034439 5.034439 5.034439 4.482762 2.119529 2.102811 2.10281 2.10281 2.10281 2.102811 2.10281 2.102811 2.102811 2.102811 2.10281 2.102811 2.10281 2.052172 1.556282 1.490904 1.490904 1.490904 1.490904 1.490904 1.490904 1.490904 1.490904 1.490904 1.490904 1.490904 1.490904 1.490904 1.490904 1.490904 1.490904 1.490904 1.490904 1.490904 1.490904 1.490904 1.194467 0 0
1.114517 1.114517 1.114517 1.114517 1.114517 1.114517 1.114517 1.114517 1.114517 1.114517 1.114517 1.114517 0.9422052 0.5990803 0.5779116 0.5779116 0.5779116 0.5779116 0.5779116 0.5779116 0.5779116 0.5779116 0.5779116 0.5779116 0.5779116 0.5779116 0.5779116 0.5779116 0.5839474 2.301671 4.928518 5.034439 5.034439 5.034439 5.034439 5.034439 5.034439 5.034439 5.107407 4.107858 2.643109 2.102811 2.102811 2.102811 2.102811 2.10281 2.102811 2.102811 2.102811 2.102811 2.102811 2.102811 2.102811 2.102811 1.608928 1.490904 1.490904 1.490904 1.490904 1.490904 1.490904 1.490904 1.490904 1.490904 1.490904 1.490904 1.490904 1.490904 1.490904 1.490904 1.490904 1.490904 1.490904 1.490904 1.489626 1.262989 0 0 0 0
1.114517 1.114517 1.114517 1.114517 1.114517 1.114517 1.114517 1.114517 1.114517 1.114517 1.005939 0.7367496 0.5793309 0.5779116 0.5779116 0.5779116 0.5779116 0.5779116 0.5779116 0.5779116 0.5779116 0.5779116 0.5779116 0.5779116 0.5779116 0.5779116 0.5779116 0.5779116 0.5779116 0.5779116 2.76121 5.034439 5.034439 5.034439 5.034439 5.034439 5.034439 5.078733 5.798403 4.459134 2.102811 2.102811 2.10281 2.10281 2.10281 2.102811 2.10281 2.102811 2.102811 2.10281 2.10281 2.102811 2.102811 1.991042 1.493305 1.490904 1.490904 1.490904 1.490904 1.490904 1.490904 1.490904 1.490904 1.490904 1.490904 1.490904 1.490904 1.490904 1.490904 1.490904 1.490904 1.490904 1.147519 1.115169 0 0 0 0 0 0
1.114517 1.114517 1.114517 1.114517 1.114517 1.114517 1.114517 1.114517 1.114517 1.093372 0.6206819 0.5779116 0.5779116 0.5779116 0.5779116 0.5779116 0.5779116 0.5779116 0.5779116 0.5779116 0.5779116 0.5779116 0.5779116 0.5779116 0.5779116 0.5779116 0.5779116 0.5779116 0.5779116 0.5779116 2.34236 5.034439 5.034439 5.034439 5.034439 5.034439 5.088406 5.702099 5.869405 5.544513 2.137435 2.102811 2.10281 2.10281 2.102811 2.102811 2.10281 2.102811 2.10281 2.10281 2.10281 2.102811 2.056733 1.557426 1.490904 1.490904 1.490904 1.490904 1.490904 1.490904 1.490904 1.490904 1.490904 1.490904 1.490904 1.490904 1.490904 1.490904 1.490904 1.490904 1.461044 0 0 0 0 0 0 0 0 0
1.114517 1.114517 1.114517 1.114517 1.114517 1.114517 1.114517 1.114517 1.114517 0.7727503 0.5779116 0.5779116 0.5779116 0.5779116 0.5779116 0.5779116 0.5779116 0.5779116 0.5779116 0.5779116 0.5779116 0.5779116 0.5779116 0.5779116 0.5779116 0.5779116 0.5779116 0.5779116 0.5779116 0.5779116 3.378524 5.034439 5.034439 5.034439 5.034439 5.034439 5.390467 5.869405 5.869404 5.869405 5.13167 4.964474 4.5917 2.326501 2.102811 2.102811 2.102811 2.102811 2.102811 2.102811 2.102811 2.102811 1.705693 1.490904 1.490904 1.490904 1.490904 1.490904 1.490904 1.490904 1.490904 1.490904 1.490904 1.490904 1.490904 1.490904 1.490904 1.490904 1.490904 1.490904 1.199075 0 0 0 0 0 0 0 0 0
1.114517 1.114517 1.114517 1.114517 1.114517 1.114517 1.114517 1.114517 0.9630544 0.5808766 0.5779116 0.5779116 0.5779116 0.5779116 0.5779116 0.5779116 0.5779116 0.5779116 0.5779116 0.5779116 0.5779116 0.5779116 0.5779116 0.5779116 0.5779116 0.5779116 0.5779116 0.5779116 0.5779116 0.5779116 3.316627 5.034439 5.034439 5.034439 5.073176 5.376436 5.807831 5.869405 5.869404 5.869404 5.869405 5.869405 5.869405 5.577607 3.522061 2.253745 2.102811 2.102811 2.102811 2.102811 2.102811 1.913988 1.493792 1.490904 1.490904 1.490904 1.490904 1.490904 1.490904 1.490904 1.490904 1.490904 1.490904 1.490904 1.490904 1.490904 1.490904 1.490904 1.35375 0.9371893 0 0 0 0 0 0 0 0 0 0
1.114517 0.9929804 0.9076322 0.8791964 0.8499267 0.8157305 0.7349847 0.6335754 0.5779862 0.5779116 0.5779116 0.5779116 0.5779116 0.5779116 0.5779116 0.5779116 0.5779116 0.5779116 0.5779116 0.5779116 0.5779116 0.5779116 0.5779116 0.5779116 0.5779116 0.5779116 0.5779116 0.5779116 0.5779116 0.5779116 2.848895 6.92416 5.168017 5.034439 5.517197 5.869404 5.869405 5.869404 5.869405 5.869405 5.869405 5.869404 5.869404 5.869405 5.869405 5.840405 3.667647 2.102811 2.102811 2.102811 2.008351 1.519527 1.490904 1.490904 1.490904 1.490904 1.490904 1.490904 1.490904 1.490904 1.490904 1.490904 1.490904 1.490904 1.490904 1.490904 1.447589 1.050927 0 0 0 0 0 0 0 0 0 0 0 0
1.025869 0.5780634 0.5779116 0.5779116 0.5779116 0.5779116 0.5779116 0.5779116 0.5779116 0.5779116 0.5779116 0.5779116 0.5779116 0.5779116 0.5779116 0.5779116 0.5779116 0.5779116 0.5779116 0.5779116 0.5779116 0.5779116 0.5779116 0.5779116 0.5779116 0.5779116 0.5779116 0.5779116 0.5841206 3.560505 10.09077 11.58096 11.18006 9.838599 10.03342 11.11167 10.99866 8.259872 5.869404 5.869405 5.869405 5.869405 5.869405 5.869405 5.869405 5.789834 2.897725 1.262626 1.652377 1.428397 0.865158 1.250192 1.490543 1.490904 1.490904 1.490904 1.490904 1.490904 1.490904 1.490904 1.490904 1.490904 1.490904 1.490904 1.490904 1.291061 0 0 0 0 0 0 0 0 0 0 0 0 0 0
0.8727534 0.5779116 0.5779116 0.5779116 0.5779116 0.5779116 0.5779116 0.5779116 0.5779116 0.5779116 0.5779116 0.5779116 0.5779116 0.5779116 0.5779116 0.5779116 0.5779116 0.5779116 0.5779116 0.5779116 0.5779116 0.5779116 0.5779116 0.5779116 0.5779116 0.5779116 0.5779116 0.5779116 6.438739 11.58097 11.58097 11.58097 11.58097 11.58097 11.58097 11.58096 11.58096 8.897141 5.869404 5.869405 5.869404 5.869405 5.869404 4.036107 1.594707 0.9227099 0.2830401 0.2830401 0.2830401 0.2830401 0.2830401 0.2830401 0.5226074 1.038823 1.455326 1.490904 1.490904 1.490904 1.490904 1.490904 1.490904 1.490904 1.490904 1.490904 1.477731 0 0 0 0 0 0 0 0 0 0 0 0 0 0 0
0.5852178 0.5779116 0.5779116 0.5779116 0.5779116 0.5779116 0.5779116 0.5779116 0.5779116 0.5779116 0.5779116 0.5779116 0.5779116 0.5779116 0.5779116 0.5779116 0.5779116 0.5779116 0.5779116 0.5779116 0.5779116 0.5779116 0.5779116 0.5779116 0.5779116 0.5779116 0.5779116 1.011726 11.16948 11.58096 11.58097 11.58096 11.58096 11.58096 11.58096 11.58097 11.58096 9.427918 5.869404 5.869405 5.853264 5.446638 3.081505 0.5428867 0.2830401 0.2830401 0.2830401 0.2830401 0.2830401 0.2830401 0.2830401 0.2830401 0.2830401 0.2830401 0.390404 0.8763825 1.3712 1.490904 1.490904 1.490904 1.490904 1.472353 0.8254425 0 0 0 0 0 0 0 0 0 0 0 0 0 0 0 0 0
0.5779116 0.5779116 0.5779116 0.5779116 0.5779116 0.5779116 0.5779116 0.5779116 0.5779116 0.5779116 0.5779116 0.5779116 0.5779116 0.5779116 0.5779116 0.5779116 0.5779116 0.5779116 0.5779116 0.5779116 0.5779116 0.5779116 0.5779116 0.5779116 0.5779116 0.5779116 0.6717597 0.9213312 4.544351 11.37624 11.58096 11.58096 11.58096 11.58096 11.58096 11.58097 11.58096 11.50677 6.346509 4.658979 1.129979 0.2830401 0.2830401 0.2830401 0.2830401 0.2830401 0.2830401 0.2830401 0.2830401 0.2830401 0.2830401 0.2830401 0.2830401 0.2830401 0.2830401 0.2830401 0.3117158 0.7129707 1.232692 1.490904 1.078145 0 0 0 0 0 0 0 0 0 0 0 0 0 0 0 0 0 0 0
0.5779116 0.5779116 0.5779116 0.5779116 0.5779116 0.5779116 0.5779116 0.5779116 0.5779116 0.5779116 0.5779116 0.5779116 0.5779116 0.5779116 0.5779116 0.5779116 0.5779116 0.5779116 0.5779116 0.5779116 0.5779116 0.5779116 0.5779116 0.7223709 0.888175 0.945998 1.029678 1.036772 1.036772 4.420913 11.22628 11.58096 11.58097 11.58097 11.58097 11.58097 11.58097 11.58097 6.177782 0.2830401 0.2830401 0.2830401 0.2830401 0.2830401 0.2830401 0.2830401 0.2830401 0.2830401 0.2830401 0.2830401 0.2830401 0.2830401 0.2830401 0.2830401 0.2830401 0.2830401 0.2830401 0.2830401 0.2586849 0 0 0 0 0 0 0 0 0 0 0 0 0 0 0 0 0 0 0 0 0
0.5779116 0.5779116 0.5779116 0.5779116 0.5779116 0.5779116 0.5779116 0.5779116 0.5779116 0.5779116 0.5779116 0.5779116 0.5779116 0.5779116 0.5779116 0.5779116 0.5779116 0.5779116 0.5779116 0.5779116 0.5779116 0.602379 0.7175695 1.031337 1.036772 1.036772 1.036772 1.036772 2.124098 5.667437 11.21361 11.58096 11.58096 11.58096 11.58096 11.58096 11.58096 11.58096 11.36182 3.315132 0.2830401 0.2830401 0.2830401 0.2830401 0.2830401 0.2830401 0.2830401 0.2830401 0.2830401 0.2830401 0.2830401 0.2830401 0.2830401 0.2830401 0.2830401 0.2830401 0.2830401 0.2830401 0.2556994 0 0 0 0 0 0 0 0 0 0 0 0 0 0 0 0 0 0 0 0 0
0.5779116 0.5779116 0.5779116 0.5779116 0.5779116 0.5779116 0.5779116 0.5779116 0.5779116 0.5779116 0.5779116 0.5779116 0.5779116 0.5779116 0.5779116 0.5779116 0.5779116 0.5779116 0.5779116 0.5798031 0.809688 1.027536 1.036772 1.036772 1.036772 1.036772 1.036772 1.711507 5.428349 5.650971 8.056082 10.87111 11.58096 11.58097 11.58096 11.58096 11.58096 11.58096 11.58096 8.793846 0.3398578 0.2830401 0.2830401 0.2830401 0.2830401 0.2830401 0.2830401 0.2830401 0.2830401 0.2830401 0.2830401 0.2830401 0.2830401 0.2830401 0.2830401 0.2830401 0.2830401 0.2830401 0.2830401 0 0 0 0 0 0 0 0 0 0 0 0 0 0 0 0 0 0 0 0 0
0.5779116 0.5779116 0.5779116 0.5779116 0.5779116 0.5779116 0.5779116 0.5779116 0.5779116 0.5779116 0.5779116 0.5779116 0.5779116 0.5779116 0.5779116 0.5779116 0.5779116 0.5798503 0.7520772 0.9616634 1.036772 1.036772 1.036772 1.036772 1.036772 1.036772 1.598868 5.169515 5.65097 5.65097 5.65097 5.68831 8.471631 11.58096 11.58097 11.58097 11.58096 11.58097 11.58097 11.58097 2.630973 0.2830401 0.2830401 0.2830401 0.2830401 0.2830401 0.2830401 0.2830401 0.2830401 0.2830401 0.2830401 0.2830401 0.2830401 0.2830401 0.2830401 0.2830401 0.2830401 0.2830401 0.2819368 0 0 0 0 0 0 0 0 0 0 0 0 0 0 0 0 0 0 0 0 0
0.5779116 0.5779116 0.5779116 0.5779116 0.5779116 0.5779116 0.5779116 0.5779116 0.5779116 0.5779116 0.5779116 0.5779116 0.5779116 0.5779116 0.5779116 0.5779116 0.5792077 0.8540311 1.036772 1.036772 1.036772 1.036772 1.036772 1.036772 1.036772 2.269391 5.451869 5.65097 5.65097 5.65097 5.65097 5.801346 10.00658 11.58097 11.58096 11.58097 11.58097 11.58097 11.58096 11.58097 3.935996 0.2830401 0.2830401 0.2830401 0.2830401 0.2830401 0.2830401 0.2830401 0.2830401 0.2830401 0.2830401 0.2830401 0.2830401 0.2830401 0.2830401 0.2830401 0.2830401 0.2830401 0.1914578 0 0 0 0 0 0 0 0 0 0 0 0 0 0 0 0 0 0 0 0 0
0.5779116 0.5779116 0.5779116 0.5779116 0.5779116 0.5779116 0.5779116 0.5779116 0.5779116 0.5779116 0.5779116 0.5779116 0.5779116 0.5779116 0.5779116 0.5779116 0.7459309 1.036772 1.036772 1.036772 1.036772 1.036772 1.036772 1.036772 1.036772 3.915203 5.650971 5.650971 5.650971 5.65097 5.673355 9.325399 11.58097 11.58097 11.58097 11.58096 11.58096 11.58096 11.58097 11.58096 4.643241 0.2830401 0.2830401 0.2830401 0.2830401 0.2830401 0.2830401 0.2830401 0.2830401 0.2830401 0.2830401 0.2830401 0.2830401 0.2830401 0.2830401 0.2830401 0.2830401 0.2819987 0 0 0 0 0 0 0 0 0 0 0 0 0 0 0 0 0 0 0 0 0 0
0.5779116 0.5779116 0.5779116 0.5779116 0.5779116 0.5779116 0.5779116 0.5779116 0.5779116 0.5779116 0.5779116 0.5779116 0.5779116 0.5844622 0.7654216 0.9099913 1.025249 1.036772 1.036772 1.036772 1.036772 1.036772 1.036772 1.036772 1.058625 4.410977 5.65097 5.65097 5.65097 5.65097 8.55154 11.58096 11.58096 11.58096 11.58096 11.58096 11.58097 11.58096 11.58096 11.58096 4.581577 0.2830401 0.2830401 0.2830401 0.2830401 0.2830401 0.2830401 0.2830401 0.2830401 0.2830401 0.2830401 0.2830401 0.2830401 0.2830401 0.2830401 0.2830401 0.2830401 0.2194021 0 0 0 0 0 0 0 0 0 0 0 0 0 0 0 0 0 0 0 0 0 0
0.5779116 0.5779116 0.5779116 0.5779116 0.5779116 0.5779116 0.5779116 0.5779116 0.5779116 0.5779116 0.5779116 0.5779116 0.6570219 0.9405218 1.036772 1.036772 1.036772 1.036772 1.036772 1.036772 1.036772 1.036772 1.036772 1.036772 2.480326 5.65097 5.650971 5.650971 5.650971 5.65097 8.436764 11.58097 11.58097 11.58096 11.58096 11.58097 11.58097 11.58096 11.58097 11.58096 5.514391 0.2830401 0.2830401 0.2830401 0.2830401 0.2830401 0.2830401 0.2830401 0.2830401 0.2830401 0.2830401 0.2830401 0.2830401 0.2830401 0.2830401 0.2830401 0.2830401 0 0 0 0 0 0 0 0 0 0 0 0 0 0 0 0 0 0 0 0 0 0 0
0.5779116 0.5779116 0.5779116 0.5779116 0.5779116 0.5779116 0.7231078 0.8927203 0.7597781 0.7016733 0.876184 0.9355297 1.024941 1.036772 1.036772 1.036772 1.036772 1.036772 1.036772 1.036772 1.036772 1.036772 1.036772 1.049708 4.331574 5.310722 5.135926 5.172503 5.65097 5.65097 8.116362 11.58096 11.58097 11.58096 11.58096 11.58096 11.58097 11.58096 11.58097 11.58097 3.651243 0.2830401 0.2830401 0.2830401 0.2830401 0.2830401 0.2830401 0.2830401 0.2830401 0.2830401 0.2830401 0.2830401 0.2830401 0.2830401 0.2830401 0.2830401 0.2748849 0 0 0 0 0 0 0 0 0 0 0 0 0 0 0 0 0 0 0 0 0 0 0
0.5779116 0.5779116 0.5779116 0.5779116 0.5779116 0.7643941 1.03647 1.036772 1.036772 1.036772 1.036772 1.036772 1.036772 1.036772 1.036772 1.036772 1.036772 1.036772 1.043025 1.036772 1.036772 1.036772 1.125868 1.596318 1.753005 1.753005 1.753005 1.964569 4.946908 5.65097 10.07173 11.58096 11.58097 11.58097 11.58097 11.58096 11.58096 11.58097 11.58097 11.49672 1.89928 0.2830401 0.2830401 0.2830401 0.2830401 0.2830401 0.2830401 0.2830401 0.2830401 0.2830401 0.2830401 0.2830401 0.2830401 0.2830401 0.2830401 0.2830401 0.2731215 0 0 0 0 0 0 0 0 0 0 0 0 0 0 0 0 0 0 0 0 0 0 0
0.5779116 0.5779116 0.5779116 0.5779116 0.6409374 1.020108 1.036772 1.036772 1.036772 1.036772 1.036772 1.036772 1.036772 1.036772 1.036772 1.071904 1.544811 1.654708 1.601189 1.046142 1.036772 1.088891 1.660691 1.753005 1.753005 1.753005 1.753005 1.753005 2.503997 7.182646 11.53116 11.58096 10.35851 8.109453 9.248395 4.375797 8.351 11.57763 11.34582 5.234444 0.2830401 0.2830401 0.2830401 0.2830401 0.2830401 0.2830401 0.2830401 0.2830401 0.2830401 0.2830401 0.2830401 0.2830401 0.2830401 0.2830401 0.2830401 0.2830401 0.2801645 0 0 0 0 0 0 0 0 0 0 0 0 0 0 0 0 0 0 0 0 0 0 0
0.5842463 0.6444904 0.65883 0.6429455 0.9506323 1.036772 1.036772 1.036772 1.036772 1.036772 1.036772 1.036772 1.036772 1.036772 1.036772 1.462604 1.719477 1.719477 1.719477 1.169815 1.036772 1.158865 1.753005 1.753005 1.753005 1.753005 1.753005 1.753005 1.705558 5.383159 4.757267 1.783503 0.8126197 0.7493981 0.4656784 0.2589754 0.2830401 2.719782 2.224932 0.2830401 0.2830401 0.2830401 0.2830401 0.2830401 0.2830401 0.2830401 0.2830401 0.2830401 0.2830401 0.2830401 0.2830401 0.2830401 0.2830401 0.2830401 0.2830401 0.2830401 0.2179145 0 0 0 0 0 0 0 0 0 0 0 0 0 0 0 0 0 0 0 0 0 0 0
0.9193707 1.036772 1.036772 1.036772 1.036772 1.036772 1.036772 1.036772 1.036772 1.036772 1.036772 1.036772 1.036772 1.036772 1.03954 1.6912 1.719477 1.719477 1.719477 1.589303 1.100591 1.261083 1.753005 1.753005 1.753005 1.753005 1.753005 1.489275 0.8909392 0.7493982 0.7493981 0.7493981 0.7493981 0.7266212 0.2460161 0.2454998 0.2830401 0.28304 0.2830401 0.2830401 0.2830401 0.28304 0.2830401 0.2830401 0.2830401 0.2830401 0.2830401 0.2830401 0.2830401 0.2830401 0.2830401 0.2830401 0.2830401 0.2830401 0.2830401 0.28304 17.0349 0 0 0 0 0 0 0 0 0 0 0 0 0 0 0 0 0 0 0 0 0 0 0
1.036772 1.036772 1.036772 1.036772 1.036772 1.036772 1.036772 1.036772 1.036772 1.036772 1.036772 1.036772 1.067288 1.434753 1.550798 1.719477 1.719477 1.719477 1.719477 1.719477 1.546026 1.718496 1.753005 1.753005 1.753005 1.753005 1.753005 1.507454 0.7493981 0.7493981 0.7493981 0.7493981 0.7493981 0.5983075 0.1906494 0.2353307 0.2830401 0.2830401 0.2830401 0.2830401 0.2830401 0.2830401 0.2830401 0.2830401 0.2830401 0.2830401 0.2830401 0.2830401 0.2830401 0.2830401 0.2830401 0.2830401 0.2830401 0.2830401 0.2830401 0.280614 0 0 0 0 0 0 0 0 0 0 0 0 0 0 0 0 0 0 0 0 0 0 0 0
1.036772 1.036772 1.036772 1.036772 1.036772 1.036772 1.036772 1.036772 1.036772 1.036772 1.036772 1.036772 1.315303 1.719477 1.719477 1.719477 1.719477 1.719477 1.719477 1.719477 1.733753 1.753005 1.753005 1.753005 1.753005 1.753005 1.753005 1.744874 0.8195693 0.7493981 0.7493981 0.7493981 0.7493981 0.5106485 0.1906494 0.2039579 0.2803355 0.2830401 0.2830401 0.2830401 0.2830401 0.2830401 0.2830401 0.2830401 0.2830401 0.2830401 0.2830401 0.2830401 0.2830401 0.2830401 0.2830401 0.2830401 0.2830401 0.2830401 0.2830401 0.1878158 0 0 0 0 0 0 0 0 0 0 0 0 0 0 0 0 0 0 0 0 0 0 0 0
1.036772 1.036772 1.036772 1.036772 1.036772 1.036772 1.036772 1.036772 1.036772 1.036772 1.036772 1.036772 1.557336 1.719477 1.719477 1.719477 1.719477 1.719477 1.719477 1.719477 1.733721 1.753005 1.753005 1.753005 1.753005 1.753005 1.753005 1.753005 1.547191 0.7493982 0.7493981 0.7493981 0.7493981 0.3505859 0.1906493 0.1906494 0.2121861 0.2758831 0.2830401 0.2830401 0.2830401 0.2830401 0.2830401 0.2830401 0.2830401 0.2830401 0.2830401 0.2830401 0.2830401 0.2830401 0.2830401 0.2830401 0.2830401 0.2830401 0.2340592 0 0 0 0 0 0 0 0 0 0 0 0 0 0 0 0 0 0 0 0 0 0 0 0 0
1.036772 1.036772 1.036772 1.036772 1.036772 1.036772 1.036772 1.036772 1.036772 1.036772 1.036772 1.152946 1.719062 1.719477 1.719477 1.719477 1.719477 1.719477 1.719477 1.719477 1.729734 1.753005 1.753005 1.753005 1.753005 1.753005 1.753005 1.753005 1.463149 0.7493981 0.7493981 0.7493981 0.7493981 0.2747617 0.1906494 0.1906494 0.1906494 0.2438329 0.2830401 0.2830401 0.2830401 0.2830401 0.2830401 0.2830401 0.2830401 0.2830401 0.2830401 0.2830401 0.2830401 0.2830401 0.2830401 0.2830401 0.2830401 0.2301476 0 0 0 0 0 0 0 0 0 0 0 0 0 0 0 0 0 0 0 0 0 0 0 0 0 0
1.036772 1.036772 1.036772 1.036772 1.036772 1.036772 1.036772 1.036772 1.036772 1.036772 1.065049 1.576173 1.719477 1.719477 1.719477 1.719477 1.719477 1.719477 1.719477 1.719477 1.734316 1.753005 1.753005 1.753005 1.753005 1.753005 1.753005 1.728556 0.9222777 0.7493981 0.7493981 0.7493981 0.7493981 0.3333402 0.1906494 0.1906494 0.1906494 0.207611 0.2259375 0.2822896 0.2830401 0.2830401 0.2830401 0.2830401 0.2830401 0.2830401 0.2830401 0.2830401 0.2830401 0.2830401 0.2830401 0.2830401 0.2411628 0 0 0 0 0 0 0 0 0 0 0 0 0 0 0 0 0 0 0 0 0 0 0 0 0 0 0
1.036772 1.036772 1.036772 1.036772 1.036772 1.036772 1.036772 1.036772 1.036772 1.097907 2.335484 2.372308 1.719477 1.719477 1.719477 1.719477 1.719477 1.719477 1.719477 1.719477 1.745592 1.753005 1.753005 1.753005 1.753005 1.753005 1.753005 1.518427 0.7493981 0.7493981 0.7493982 0.7493981 0.7493982 0.5401511 0.1906494 0.1906494 0.1906493 0.1906494 0.1906494 0.2136836 0.278045 0.2830401 0.2830401 0.2830401 0.2830401 0.2830401 0.2830401 0.2830401 0.2830401 0.2830401 0.2830401 0.2791714 0 0 0 0 0 0 0 0 0 0 0 0 0 0 0 0 0 0 0 0 0 0 0 0 0 0 0 0
1.036772 1.036772 1.036772 1.036772 1.036772 1.036772 1.036772 1.036772 1.121662 2.282642 2.833376 2.661296 1.719596 2.528483 1.985328 1.795883 1.719477 1.719477 1.719477 1.719477 1.748447 1.753005 1.753005 1.753005 1.753005 1.753005 1.708556 1.083744 0.7493981 0.7493982 0.7493981 0.7493981 0.7493981 0.7426081 0.2841247 0.1906494 0.1906494 0.1906494 0.1906494 0.1906494 0.2497887 0.2830401 0.2830401 0.2830401 0.2830401 0.2830401 0.2830401 0.2830401 0.2830401 0.2830401 0.2830401 0.1879733 0 0 0 0 0 0 0 0 0 0 0 0 0 0 0 0 0 0 0 0 0 0 0 0 0 0 0 0
1.036772 1.036772 1.036772 1.036772 1.036772 1.036772 1.053646 1.652841 2.633595 2.833376 2.833376 2.833376 2.459694 2.251403 2.833376 2.184185 1.719477 1.719477 1.719477 1.719702 1.750186 1.753005 1.753005 1.753005 1.753005 1.753005 1.162359 0.7070935 0.7099509 0.6925488 0.7423546 0.7493981 0.7493981 0.7493981 0.5752246 0.1906494 0.1906494 0.1906494 0.1906494 0.1906494 0.226281 0.2830401 0.2830401 0.2830401 0.2830401 0.2830401 0.2830401 0.2830401 0.2830401 0.2830401 0.2830401 0.1637121 0 0 0 0 0 0 0 0 0 0 0 0 0 0 0 0 0 0 0 0 0 0 0 0 0 0 0 0
1.036772 1.036772 1.036772 1.036772 1.036772 1.355885 2.443722 2.833376 2.833376 2.833376 2.833376 2.833376 2.802289 2.584836 2.828538 1.936145 1.719477 1.719477 1.719477 1.731846 1.753005 1.753005 1.753005 1.753005 1.753005 1.63702 0.2921673 0.2016372 0.2016372 0.2016372 0.2531662 0.5994085 0.7493981 0.7493981 0.7492448 0.3286335 0.1906494 0.1906494 0.1906494 0.1906494 0.1920092 0.2704067 0.2830401 0.2830401 0.2830401 0.2830401 0.2830401 0.2830401 0.2830401 0.2830401 0.2003172 0 0 0 0 0 0 0 0 0 0 0 0 0 0 0 0 0 0 0 0 0 0 0 0 0 0 0 0 0
