Scenarios/Heterogeneous/data/country_data_population_distribution/processed/density_grids/phl.asc
ncols 255
nrows 410
xllcorner 116
yllcorner 4
[rows 88 to 131 of 410, columns 96 to 191 of 255]
0 0 0 0 0 0 0 0 0 0 0 0 0 0 1312.198 915.4355 250.7426 107.0665 140.9301 50.24686 114.4919 83.44437 75.92661 49.61576 16.93164 20.73069 49.45378 22.0508 2.322431 2.322431 24.92431 97.43979 157.0347 94.12914 95.83534 60.95266 68.43378 121.7051 466.0404 801.2136 375.8124 162.7752 122.6245 28.05426 23.412 241.3014 641.6115 715.632 168.6428 4.756629 4.408493 4.366182 4.28804 2.852727 3.291199 2.61558 39.44808 60.33738 39.33382 0 0 0 0 0 0 0 0 0 0 0 0 0 0 0 0 0 0 0 0 0 0 0 0 0 0 0 0 0 0 0 0 0 0 0 0 0
0 0 0 0 0 0 0 0 0 0 0 0 0 0 858.4273 692.904 265.6798 107.0185 93.57403 42.17727 72.9614 54.23429 49.06647 68.8753 21.78785 14.66785 34.11979 13.54156 2.675849 2.516997 5.637238 75.13239 109.857 50.39865 42.00282 52.46799 109.6145 153.7351 246.3804 351.7765 238.6867 187.0087 130.3876 100.5505 66.52166 155.8511 495.1858 495.689 44.24285 4.024419 4.024418 4.024419 2.917357 1.206433 1.206433 1.206433 13.91752 15.35876 23.3632 127.2278 25.00174 2.204044 0 0 0 0 0 0 0 0 0 0 0 0 0 0 0 0 0 0 0 0 0 0 0 0 0 0 0 0 0 0 0 0 0 0
0 0 0 0 0 0 0 0 0 0 0 0 0 0 585.2887 269.6323 244.0352 77.18302 45.74043 46.00741 43.76841 47.13012 14.48199 5.027619 1.962968 1.962968 2.863375 4.592267 4.592267 4.592267 17.22462 117.5791 95.48503 43.49853 26.78368 20.68359 52.48527 84.35953 92.34121 82.14024 68.25007 96.60929 120.0147 95.14254 89.13718 79.61102 395.5757 565.1441 176.8911 126.2922 55.12437 36.35477 17.9579 3.75794 3.882899 4.418277 6.804384 13.83519 34.39263 93.12923 10.65427 2.204044 2.204044 0 0 0 0 0 0 0 0 0 0 0 0 0 0 0 0 0 0 0 0 0 0 0 0 0 0 0 0 0 0 0 0 0
0 0 0 0 0 0 0 0 0 0 0 0 0 257.8768 482.4907 209.7066 222.5181 134.0975 64.55544 41.81893 36.87263 35.61649 33.77746 2.038095 1.962968 1.96308 4.009009 4.592267 4.597361 36.71524 134.0998 220.6717 75.21455 53.00644 43.56177 33.58007 54.32761 82.97815 92.38303 26.66865 24.46751 173.9305 297.0451 105.5126 93.40928 91.26866 205.2051 1078.419 380.1817 253.2155 139.1253 43.90771 18.73134 5.615749 5.118506 4.563456 3.942981 7.455374 34.32027 23.8324 2.204044 2.204044 2.204044 0 0 0 0 0 0 0 0 0 0 0 0 0 0 0 0 0 0 0 0 0 0 0 0 0 0 0 0 0 0 0 0 0
0 0 0 0 0 0 0 0 0 0 0 0 0 937.5066 598.8159 566.6964 175.0876 109.4057 93.70755 52.22359 33.50968 28.78409 24.08795 7.819544 1.962968 2.934236 26.77306 19.47229 34.29904 57.30437 47.8179 58.83541 19.96633 11.62054 18.57413 14.70387 85.99839 132.3096 76.1537 27.24104 27.00047 134.0117 295.8607 74.35738 51.87126 49.07117 72.86596 173.3004 362.5228 138.0947 208.1925 34.29287 8.264197 2.786623 2.688796 2.623222 3.536357 12.73166 15.79211 2.204044 2.204044 2.204044 2.204043 0 0 0 0 0 0 0 0 0 0 0 0 0 0 0 0 0 0 0 0 0 0 0 0 0 0 0 0 0 0 0 0 0
0 0 0 0 0 0 0 0 0 0 0 0 0 881.8401 1667.875 518.0055 226.4942 55.84443 69.82726 44.17903 44.18678 28.26924 25.34697 17.00449 8.511473 29.73212 21.10486 29.98688 57.03493 75.08116 31.77387 29.95298 9.001589 13.85974 15.02009 10.0768 43.01468 140.2214 89.785 33.30843 28.49084 288.5421 501.0024 221.5644 46.80219 156.2206 226.5029 385.6061 277.9818 284.7653 216.5494 67.48706 48.15065 2.280123 2.204044 2.204044 2.204044 2.204044 2.331726 2.878593 3.4582 4.031938 4.35056 0 0 0 0 0 0 0 0 0 0 0 0 0 0 0 0 0 0 0 0 0 0 0 0 0 0 0 0 0 0 0 0 0
0 0 0 0 0 0 0 0 0 0 0 0 0 0 913.2882 405.1674 306.3615 111.6975 55.63701 38.37904 174.6375 45.81426 17.2418 27.09514 27.34794 94.90092 61.05964 48.53743 39.25401 62.57819 37.72116 26.16559 18.12373 29.5783 34.15051 32.21178 17.62518 71.95022 120.989 57.10406 30.39646 161.1274 525.7421 222.1514 127.2595 267.9398 150.4639 184.2853 505.9513 821.3508 430.7986 56.64163 48.73992 2.204044 2.271371 2.77324 3.352853 3.932431 4.619584 5.203053 6.327248 19.01124 103.299 56.19879 56.19879 0 0 0 0 0 0 0 0 0 0 0 0 0 0 0 0 0 0 0 0 0 0 0 0 0 0 0 0 0 0 0
0 0 0 0 0 0 0 0 0 0 0 0 0 0 1267.284 531.9797 281.5344 127.5009 51.56912 42.39272 90.5479 41.09844 40.67173 66.43277 146.0177 176.8511 148.1884 362.9759 141.1778 30.95606 24.05806 26.56616 31.88826 27.6541 47.08775 81.06982 43.02332 43.65769 128.1549 122.0169 54.55032 168.0834 923.0465 1060.368 322.6646 436.0737 313.0648 198.9903 819.4767 609.007 730.0231 752.2968 76.08347 3.827089 4.422293 4.996004 5.822011 8.133233 10.43223 12.56009 14.90573 42.09402 50.50475 40.89634 50.60905 0 0 0 0 0 0 0 0 0 0 0 0 0 0 0 0 0 0 0 0 0 0 0 0 0 0 0 0 0 0 0
0 0 0 0 0 0 0 0 0 0 0 0 0 0 1450.441 460.0928 78.81471 43.66159 18.02594 31.63737 40.67134 45.68501 60.15195 173.5071 145.0778 245.7016 57.67014 85.22387 45.43802 30.19583 19.99983 23.73972 19.40808 25.44091 30.25098 44.23643 85.86564 70.25507 47.14576 49.18516 46.46766 162.7457 416.0273 565.0992 334.556 392.3804 177.2781 243.2495 572.7742 123.0962 301.8192 366.5187 69.26659 7.649665 9.913448 12.69406 15.48477 12.86773 14.28254 20.73925 28.4003 17.81487 35.99905 30.54179 37.15912 0 0 0 0 0 0 0 0 0 0 0 0 0 0 0 0 0 0 0 0 0 0 0 0 0 0 0 0 0 0 0
0 0 0 0 0 0 0 0 0 0 0 0 0 0 707.3179 325.3499 44.17102 34.11522 29.10445 30.15125 56.89286 89.45063 100.742 441.0866 225.759 163.1348 102.2422 16.47946 10.99129 26.10377 33.10096 24.98483 26.16033 40.58608 64.2885 71.52196 98.24125 98.34808 57.31582 86.51978 75.98869 131.9329 348.9444 972.2358 294.8171 255.1809 611.0348 638.1948 701.0464 228.0284 277.0572 181.6244 123.2476 83.8012 31.52685 41.16815 12.58933 5.666138 12.51674 14.12759 43.83639 59.73298 57.51492 20.68173 27.26038 0 0 0 0 0 0 0 0 0 0 0 0 0 0 0 0 0 0 0 0 0 0 0 0 0 0 0 0 0 0 0
0 0 0 0 0 0 0 0 0 0 0 0 0 0 1392.884 285.1606 72.31601 48.78963 20.13384 40.61749 125.2021 520.0954 87.44243 373.1011 266.8374 407.9537 67.93529 31.92611 16.20318 85.33764 39.74749 43.63824 102.3346 205.5903 89.17847 91.27579 70.61271 58.65567 98.48857 102.9073 63.36884 108.9912 396.3953 787.6096 1203.323 751.5876 593.7649 809.8348 436.6373 388.2728 363.0806 425.4949 919.8654 262.8637 75.52145 71.54939 27.3353 3.129826 3.757672 3.129826 5.972174 5.171144 43.64615 27.41162 0 0 0 0 0 0 0 0 0 0 0 0 0 0 0 0 0 0 0 0 0 0 0 0 0 0 0 0 0 0 0 0
0 0 0 0 0 0 0 0 0 0 0 0 0 1033.123 1190.011 556.6016 129.2707 48.51562 28.30134 32.19784 63.50722 128.5392 183.3178 163.5569 348.2498 160.1351 49.41233 52.51926 59.46806 288.41 100.6491 87.62938 56.72916 88.65444 92.06545 48.71175 48.40566 52.03731 61.94634 110.8272 381.8853 141.71 436.0012 739.5344 671.8786 627.6001 1838.097 589.5126 159.6234 68.96191 154.2649 163.0312 280.885 147.1641 86.85054 78.39809 54.28224 5.069458 3.129827 8.633949 22.53791 17.31775 9.26394 9.26394 0 0 0 0 0 0 0 0 0 0 0 0 0 0 0 0 0 0 0 0 0 0 0 0 0 0 0 0 0 0 0 0
0 0 0 0 0 0 0 0 0 0 0 0 0 1420 1115.417 422.2927 214.6013 89.67641 31.82256 31.17358 32.38894 55.82938 290.3564 124.9809 186.6115 217.4463 29.05778 59.01999 112.9234 363.6883 102.8069 113.9718 37.58597 29.37555 54.51366 52.5382 31.77136 28.64531 19.66931 42.08555 188.4987 223.1212 837.7961 697.3113 421.7159 452.4731 495.9528 389.8188 174.2995 543.6793 181.5546 258.361 241.7078 90.07343 26.70748 33.15682 33.76752 7.631374 5.490574 18.72031 24.43283 13.76766 8.873491 8.844894 0 0 0 0 0 0 0 0 0 0 0 0 0 0 0 0 0 0 0 0 0 0 0 0 0 0 0 0 0 0 0 0
0 0 0 0 0 0 0 0 0 0 0 0 873.8608 882.4638 634.0187 255.8356 112.5015 54.11372 25.52507 36.79135 41.03947 81.46125 425.1054 502.8221 282.4925 121.9792 94.08793 80.05238 61.47192 107.0619 208.3832 68.78142 14.76884 11.51521 17.70361 51.1274 39.71267 35.40914 43.69321 64.5276 448.1455 534.8874 843.5659 313.631 297.1457 413.6939 455.0258 444.2179 242.2428 506.5165 147.1873 73.01746 192.4629 141.1923 14.77478 17.57029 24.13812 11.83599 7.762065 7.858561 7.762065 7.762065 7.762065 7.762065 0 0 0 0 0 0 0 0 0 0 0 0 0 0 0 0 0 0 0 0 0 0 0 0 0 0 0 0 0 0 0 0
0 0 0 0 0 0 0 0 0 0 0 415.8959 404.5999 716.9319 791.2236 172.8951 70.75168 19.56514 18.7796 81.83927 77.26054 85.97025 101.0787 342.6744 530.2264 126.9708 29.51204 31.89248 36.54062 81.11752 513.2875 231.2727 33.30919 18.54057 12.60946 11.52193 31.68282 37.18781 76.94963 444.1951 989.3937 472.1844 326.8394 276.6277 409.0879 590.5833 242.2146 198.504 148.3021 27.21727 15.66313 35.17383 98.51663 57.72516 14.17471 14.01031 15.78724 15.41791 6.724632 6.409483 5.73341 5.043019 4.513128 0 0 0 0 0 0 0 0 0 0 0 0 0 0 0 0 0 0 0 0 0 0 0 0 0 0 0 0 0 0 0 0 0
0 0 0 0 0 0 0 0 0 0 0 409.0163 579.5776 333.0151 332.6649 166.3756 59.60615 24.41592 19.40998 83.36256 64.60043 64.69627 156.4225 268.1669 236.3244 193.1732 26.94671 26.87558 47.00656 221.4817 250.2045 163.9439 54.97591 36.83265 22.23389 10.70143 23.05256 27.27781 27.27781 29.96265 362.45 1012.359 246.547 275.6266 976.8686 634.7775 319.9652 118.059 113.0268 49.54912 60.04375 91.10447 117.1139 48.03929 14.81015 6.863491 2.893773 2.893773 2.874538 2.343145 1.787232 1.781082 1.781082 0 0 0 0 0 0 0 0 0 0 0 0 0 0 0 0 0 0 0 0 0 0 0 0 0 0 0 0 0 0 0 0 0
0 0 0 0 0 0 0 0 0 0 0 0 1114.228 246.0318 111.5155 122.5806 84.3302 10.99849 23.2114 102.9154 106.609 104.9184 152.3302 447.9332 455.3326 225.4368 81.93928 119.7851 95.18857 137.7437 112.0044 152.8754 118.9383 90.12085 19.19703 51.19245 107.0895 27.496 117.7315 373.7357 266.3246 594.5482 535.5527 549.9333 1013.394 688.8823 164.7892 310.8015 150.0065 91.5842 99.31095 72.21335 35.1368 14.13187 11.706 3.168306 3.177212 2.909666 3.120153 1.78775 1.781082 1.781082 0 0 0 0 0 0 0 0 0 0 0 0 0 0 0 0 0 0 0 0 0 0 0 0 0 0 0 0 0 0 0 0 0 0
0 0 0 0 0 0 0 0 0 0 0 2950.794 1243.667 574.7529 245.7261 104.9773 43.12215 16.44103 49.29009 217.0624 151.2689 127.7402 123.1899 179.7812 181.9122 75.43938 79.60038 143.838 84.619 67.50936 63.79325 154.9005 146.7504 199.3707 68.13266 45.20577 171.7369 107.8897 113.2389 963.0899 910.0839 3516.723 772.4184 687.0068 923.5558 303.3755 145.8763 91.57164 85.91525 65.43788 28.46747 10.76892 6.424257 6.424257 6.424257 5.429807 4.949687 3.40951 3.059122 1.781083 1.781082 1.781082 0 0 0 0 0 0 0 0 0 0 0 0 0 0 0 0 0 0 0 0 0 0 0 0 0 0 0 0 0 0 0 0 0 0
0 0 0 0 0 0 0 0 0 0 2824.987 2164.994 624.1541 289.8953 248.5809 116.5221 77.84401 87.26762 145.8491 108.661 117.4531 51.67656 61.54055 129.2163 173.6401 93.22487 166.626 80.45901 185.1202 150.8321 61.3102 152.2277 254.0922 523.0583 195.303 92.79111 243.5296 140.795 273.5997 481.7425 514.6497 560.8403 359.1696 309.9285 220.0357 54.09841 129.8246 94.58595 63.41839 48.05156 39.69412 17.79533 6.40877 6.424257 6.424256 12.51214 25.02625 9.415951 6.627656 1.781083 1.781082 0 0 0 0 0 0 0 0 0 0 0 0 0 0 0 0 0 0 0 0 0 0 0 0 0 0 0 0 0 0 0 0 0 0 0
0 0 0 0 0 0 0 0 0 0 2824.987 3199.947 657.5095 135.1523 223.9313 189.2711 111.3255 191.9562 270.7796 143.8797 101.7728 164.147 75.46404 52.39918 126.3579 67.01219 73.15323 87.78997 135.6802 85.01275 92.1311 225.6154 378.588 559.8547 320.7453 110.2796 68.89356 64.36044 59.81283 484.4904 867.7121 323.1605 166.3237 208.4814 224.6472 151.4592 82.0154 52.01604 51.02812 75.53687 36.60369 5.37188 5.458779 10.12956 14.66569 29.92368 46.22736 37.04321 30.05136 1.816168 1.781082 0 0 0 0 0 0 0 0 0 0 0 0 0 0 0 0 0 0 0 0 0 0 0 0 0 0 0 0 0 0 0 0 0 0 0
0 0 0 0 0 0 0 0 0 0 0 3085.728 481.0167 610.7476 371.0733 159.3678 118.1082 150.3387 316.1992 170.0201 164.5341 125.9955 20.27916 49.3867 117.7295 26.16654 12.11696 33.3634 160.9979 69.29751 59.67565 434.8833 374.3859 314.2108 197.7089 122.8336 27.60394 46.37771 74.12175 257.6475 492.42 444.3775 172.8087 87.62369 406.1025 486.2695 149.9101 105.1241 38.21975 66.16902 58.689 5.319588 5.319588 5.984765 13.50845 17.73234 27.07848 35.55683 29.59146 1.864173 0 0 0 0 0 0 0 0 0 0 0 0 0 0 0 0 0 0 0 0 0 0 0 0 0 0 0 0 0 0 0 0 0 0 0 0
0 0 0 0 0 0 0 0 0 0 0 2127.099 622.5908 1322.715 549.5026 145.0166 75.36684 116.783 251.1786 347.8645 156.5996 19.84125 13.36578 78.45567 57.01035 22.84457 18.01991 50.05893 184.7224 186.7075 149.7386 490.0443 1553.172 387.3023 129.4742 145.9285 39.53125 83.79794 162.9016 223.507 459.1953 395.5579 207.1611 188.2083 150.8495 318.0667 313.2845 165.9931 221.7807 87.23755 27.65524 12.05155 10.4892 5.161079 11.19191 26.51701 26.61018 26.0032 18.92772 0 0 0 0 0 0 0 0 0 0 0 0 0 0 0 0 0 0 0 0 0 0 0 0 0 0 0 0 0 0 0 0 0 0 0 0 0
0 0 0 0 0 0 0 0 0 0 0 1613.525 401.7396 251.7237 207.5702 175.6449 84.66955 826.0565 1661.287 393.1958 303.969 58.69529 42.21788 29.40265 28.80926 17.51703 19.6293 45.39144 102.1009 198.0409 411.9634 1759.093 279.2805 139.4758 201.9767 227.7721 127.4205 75.86756 101.0642 128.5381 301.9425 152.7922 261.0453 201.0329 70.727 87.30316 193.4951 42.22197 29.49864 19.68828 12.03799 6.060147 2.218773 14.67599 25.83691 29.11228 30.66186 30.70737 0 0 0 0 0 0 0 0 0 0 0 0 0 0 0 0 0 0 0 0 0 0 0 0 0 0 0 0 0 0 0 0 0 0 0 0 0 0
0 785.6949 785.6949 0 0 0 0 0 0 0 0 1389.23 614.1039 235.3868 164.0885 206.954 340.2435 4146.43 9634.319 933.368 299.0569 140.2039 17.35984 13.71544 19.07096 16.5748 39.72651 111.1453 79.92599 141.0239 240.5246 106.1954 84.97634 114.0701 107.0828 127.5868 151.0665 72.23238 78.77904 82.66657 202.6241 105.8523 96.5891 108.3624 37.76005 127.9662 169.4649 101.9037 31.40626 5.477267 2.044351 2.044351 9.445234 39.16006 28.56773 24.3039 25.74427 74.71162 0 0 0 0 0 0 0 0 0 0 0 0 0 0 0 0 0 0 0 0 0 0 0 0 0 0 0 0 0 0 0 0 0 0 0 0 0 0
2408.891 2686.09 882.4752 1115.119 0 0 0 0 0 0 0 804.342 1347.106 445.6454 100.6459 92.80137 144.3435 1945.583 5645.186 997.8184 489.7583 120.601 63.69039 12.23645 15.43546 42.71377 52.34064 125.6645 88.12779 82.29613 966.8296 104.903 63.49442 49.95537 53.50873 57.50875 38.68914 124.3889 230.6025 70.45798 69.6478 98.33145 66.63395 109.3994 51.27795 134.1015 102.1897 29.97699 2.044351 2.044351 2.044351 9.555956 17.06882 53.81089 42.56792 21.59063 198.7243 264.226 0 0 0 0 0 0 0 0 0 0 0 0 0 0 0 0 0 0 0 0 0 0 0 0 0 0 0 0 0 0 0 0 0 0 0 0 0 0
437.4312 518.7503 726.5088 1351.604 972.8151 0 0 0 0 0 0 626.7441 1846.705 759.8898 450.5956 85.77356 142.5935 270.592 618.2283 1085.329 186.2381 89.33675 55.61349 11.89227 48.66746 87.23814 98.71204 125.6246 121.4102 211.0522 359.1294 139.8714 77.15295 128.0022 133.6029 84.27637 90.40221 104.2915 123.6991 28.78316 28.02947 51.8689 34.82722 189.5977 651.5172 105.2071 16.08651 9.202947 2.044351 2.044351 17.3563 23.96231 26.51199 24.08296 18.22174 14.07214 97.34294 149.1675 0 0 0 0 0 0 0 0 0 0 0 0 0 0 0 0 0 0 0 0 0 0 0 0 0 0 0 0 0 0 0 0 0 0 0 0 0 0
98.5925 204.3143 581.7301 621.8363 779.2065 0 0 0 0 0 0 0 2407.73 580.7552 469.4884 335.6688 74.1277 60.77362 275.3075 326.8868 157.1866 51.38263 29.40531 19.21357 28.17688 35.63307 48.89245 77.36075 396.9601 466.3966 540.2351 160.9001 71.38103 157.9988 143.4448 228.681 111.405 63.55111 3.235535 1.998615 6.602262 8.432265 8.432266 183.6606 300.2183 62.79546 12.68064 9.700973 5.207358 3.141718 17.52703 51.92216 19.76869 23.93283 26.3941 18.78648 18.45328 16.30538 0 0 0 0 0 0 0 0 0 0 0 0 0 0 0 0 0 0 0 0 0 0 0 0 0 0 0 0 0 0 0 0 0 0 0 0 0 0
158.1438 444.3353 586.7709 426.8914 367.2339 0 0 0 0 0 0 0 686.1965 1100.648 425.4822 611.3494 103.2065 61.47453 145.2816 221.428 156.1436 46.04098 24.95009 21.07971 47.49614 16.68635 93.29085 205.6009 379.6164 290.0636 256.1899 167.5 79.09852 64.97869 47.12318 43.51233 1.998615 1.998616 1.998615 1.998615 15.09692 62.1515 73.88187 184.8064 161.4452 53.9473 28.12624 10.55182 11.07704 9.807796 7.202442 17.61865 67.23151 27.50803 419.5957 190.0402 23.53345 16.30538 0 0 0 0 0 0 0 0 0 0 0 0 0 0 0 0 0 0 0 0 0 0 0 0 0 0 0 0 0 0 0 0 0 0 0 0 0 0
245.5663 203.6799 407.0092 566.5759 622.4521 539.6345 0 0 0 0 0 0 778.2288 2110.504 749.2801 1472.461 248.4767 58.6651 59.6922 137.1293 102.6884 29.46056 10.75476 2.513026 8.192542 47.46107 89.60808 108.9286 125.5559 177.4397 72.36875 26.2941 68.72813 117.8141 58.04092 4.783128 1.998616 7.193021 7.5657 11.00746 74.34808 27.48009 169.2058 70.51619 46.93661 35.50975 22.17452 22.98369 18.19194 42.57919 19.4552 6.964798 190.7646 62.39335 29.94262 37.18013 37.18013 0 0 0 0 0 0 0 0 0 0 0 0 0 0 0 0 0 0 0 0 0 0 0 0 0 0 0 0 0 0 0 0 0 0 0 0 0 0 0
316.3415 260.9836 515.6637 751.3461 700.6884 429.8026 116.3772 0 0 0 0 0 0 1566.142 726.8295 806.5004 633.7341 60.28819 112.429 97.04136 109.7117 61.17167 28.60318 39.96814 10.73472 53.09486 186.3807 67.50932 31.14783 70.48936 40.3251 23.23214 37.90721 149.1645 78.76409 7.13085 4.674275 8.757683 14.3822 6.793871 38.021 15.59135 81.41147 43.50559 23.77999 22.3799 22.83628 32.60298 38.39282 32.4227 121.5767 8.652589 12.37331 243.2627 19.67056 29.939 37.18013 0 0 0 0 0 0 0 0 0 0 0 0 0 0 0 0 0 0 0 0 0 0 0 0 0 0 0 0 0 0 0 0 0 0 0 0 0 0 0
205.3773 252.6968 435.9015 1269.812 643.2346 190.1262 154.0235 0 0 0 0 0 0 3913.195 851.876 502.5362 1181.906 424.3211 67.79598 74.77354 101.5267 70.26383 75.19402 57.52855 17.73928 45.15445 221.1159 136.6914 33.40669 22.07811 15.64368 25.22586 30.13278 36.36676 31.33991 15.25858 17.14334 16.57826 14.39826 6.710159 12.96684 14.582 16.88974 17.37639 22.82221 24.93014 26.22254 28.42261 47.5019 91.77903 190.2051 14.60634 0 18.95138 18.95138 0 0 0 0 0 0 0 0 0 0 0 0 0 0 0 0 0 0 0 0 0 0 0 0 0 0 0 0 0 0 0 0 0 0 0 0 0 0 0 0 0
196.4818 196.3962 410.6099 562.6234 336.2812 254.3007 418.091 526.2885 0 0 0 0 3022.196 2735.569 1185.572 602.6638 1112.128 976.0364 208.5087 147.5269 256.0803 186.1501 168.2015 142.8104 58.29614 39.19217 43.08305 39.98784 47.93641 25.75836 16.93973 23.80192 32.18208 25.61545 33.05695 14.46816 14.87104 13.18343 10.82954 6.713439 9.450922 14.25488 15.61878 17.25379 34.86445 31.42713 51.68921 26.2219 33.32641 56.59939 180.1749 0 18.95138 18.95138 0 0 0 0 0 0 0 0 0 0 0 0 0 0 0 0 0 0 0 0 0 0 0 0 0 0 0 0 0 0 0 0 0 0 0 0 0 0 0 0 0 0
225.115 118.9296 542.4111 164.2989 113.2644 313.0227 548.1785 191.0479 1242.361 0 2570.644 4424.966 4133.021 3362.183 2706.931 1589.704 1127.549 960.0214 918.5302 847.2743 1017.67 450.9182 848.125 411.7796 111.3689 56.2879 55.24123 55.54408 51.587 49.122 25.27777 16.61371 24.86003 18.93173 25.78632 14.72264 7.784142 4.809593 3.068461 3.642393 6.242542 6.858608 20.20141 59.72108 60.22447 58.56411 60.22446 27.06137 0 0 0 18.95138 18.95138 18.95138 0 0 0 0 0 0 0 0 0 0 0 0 0 0 0 0 0 0 0 0 0 0 0 0 0 0 0 0 0 0 0 0 0 0 0 0 0 0 0 0 0 0
120.9031 70.16325 123.8037 66.36684 17.4587 34.49414 200.4506 419.3939 1004.17 3475.244 2305.646 2496.075 4175.803 2378.285 1817.418 1562.329 988.1392 1024.906 754.4069 1224.51 647.5656 1125.194 1002.171 493.7426 124.2275 118.6699 50.60618 50.70213 93.3228 92.1997 66.33525 37.15538 29.74846 16.60277 19.73556 31.69195 15.69532 4.148004 3.068461 3.068462 3.380372 11.81138 45.22646 106.3115 78.92154 60.22446 0 0 0 0 0 18.95138 18.95138 0 0 0 0 0 0 0 0 0 0 0 0 0 0 0 0 0 0 0 0 0 0 0 0 0 0 0 0 0 0 0 0 0 0 0 0 0 0 0 0 0 0 0
249.6806 213.9355 35.5895 28.86905 8.029202 9.773614 117.9327 161.641 911.1542 1018.486 941.3279 1077.483 2019.388 1491.884 1372.803 1532.906 914.7615 2866.074 1101.164 951.5706 874.3192 387.3834 443.4109 847.7465 203.1772 89.78109 54.41599 55.23261 137.2069 218.8416 115.4919 37.81944 31.60618 17.56579 15.49865 22.26015 12.13943 4.416122 3.072117 3.068461 5.551377 36.47492 56.30489 49.43817 0 0 0 0 0 0 0 0 0 0 0 0 0 0 0 0 0 0 0 0 0 0 0 0 0 0 0 0 0 0 0 0 0 0 0 0 0 0 0 0 0 0 0 0 0 0 0 0 0 0 0 0
366.2185 109.6663 20.07034 11.70652 9.377449 8.027273 13.5275 144.13 283.2701 1225.61 374.7901 1015.844 2584.114 1348.149 1546.781 552.4636 531.9839 858.1197 759.6631 907.1976 455.7039 522.2836 374.8543 640.3828 778.3642 62.81548 70.44265 66.07817 89.08736 301.1686 101.3411 37.81944 40.88614 12.1325 9.479205 16.86164 8.793158 8.186827 6.470332 18.11625 34.38258 29.10625 21.1167 20.0594 0 0 0 0 0 0 0 0 0 0 0 0 0 0 0 0 0 0 0 0 0 0 0 0 0 0 0 0 0 0 0 0 0 0 0 0 0 0 0 0 0 0 0 0 0 0 0 0 0 0 0 0
0 260.5957 47.20425 50.7821 17.89517 10.81519 11.68083 100.7197 186.9212 444.3622 1093.672 1275.472 1744.534 1705.355 1212.393 636.8882 803.2268 1064.71 2077.035 1118.13 553.454 460.5251 275.366 278.95 505.0608 904.9898 209.3419 81.08861 80.70589 99.33778 93.34578 136.3649 126.1299 16.32231 44.24919 49.07536 13.7637 10.65015 32.72821 46.06935 61.20365 79.51859 0 0 0 0 0 0 0 0 0 0 0 0 0 0 0 0 0 0 0 0 0 0 0 0 0 0 0 0 0 0 0 0 0 0 0 0 0 0 0 0 0 0 0 0 0 0 0 0 0 0 0 0 0 0
0 124.0836 255.8111 60.44067 41.48675 11.17562 11.31079 59.73784 146.3174 235.1889 781.0079 1027.071 1016.2 1633.642 1245.175 785.7158 1370.125 1390.118 697.2369 792.5545 184.4462 214.2361 257.3065 106.4893 212.3869 493.9377 382.4348 325.7874 301.791 121.4259 112.5675 105.5916 243.6896 75.76823 51.28127 49.26477 27.21255 51.24685 66.88577 229.1939 488.2572 279.6541 0 0 0 0 0 0 0 0 0 0 0 0 0 0 0 0 0 0 0 0 0 0 0 0 0 0 0 0 0 0 0 0 0 0 0 0 0 0 0 0 0 0 0 0 0 0 0 0 0 0 0 0 0 0
0 311.3858 611.2208 134.6971 56.49589 45.4934 34.4928 60.07557 198.4568 168.8398 470.4955 649.3156 1517.54 1182.091 1455.868 2213.02 471.3734 435.3116 828.9008 507.7383 336.1828 219.181 254.2306 128.0284 152.5263 252.4562 470.4004 1911.688 1098.91 61.58896 42.66431 36.49363 62.17269 92.88599 60.10615 48.14989 41.19479 64.88531 153.1542 654.6297 433.4424 391.345 0 0 0 0 0 0 0 0 0 0 0 0 0 0 0 0 0 0 0 0 0 0 0 0 0 0 0 0 0 0 0 0 0 0 0 0 0 0 0 0 0 0 0 0 0 0 0 0 0 0 0 0 0 0
0 2036.761 332.9843 32.54403 32.68224 32.55027 32.28152 32.43164 85.14629 86.65377 377.5893 892.6588 646.0831 648.4274 1361.85 916.9829 297.784 746.8776 805.1248 972.3226 518.8841 146.724 170.9354 355.0261 409.9256 639.4218 603.1417 1674.921 864.6191 262.1932 72.57414 101.362 69.55753 52.32337 41.11337 38.80287 50.63876 52.75656 208.316 486.9582 295.8356 1947.659 119.5247 110.9149 0 0 0 0 0 0 0 0 0 0 0 0 0 0 0 0 0 0 0 0 0 0 0 0 0 0 0 0 0 0 0 0 0 0 0 0 0 0 0 0 0 0 0 0 0 0 0 0 0 0 0 0
417.2188 619.713 315.4443 58.55574 33.39519 33.1487 33.13741 33.13741 43.43237 29.20341 74.9216 259.0408 683.9393 650.025 466.8644 365.9218 251.0109 1035.998 558.6738 552.7473 382.6728 323.0649 186.5486 202.0867 225.3411 1026.78 1217.781 527.4985 176.1067 252.9941 785.1577 182.0663 161.9857 36.04786 27.06539 29.99512 38.25967 31.65472 31.29474 209.8025 561.4574 239.9462 113.3437 110.9149 0 0 0 0 0 0 0 0 0 0 0 0 0 0 0 0 0 0 0 0 0 0 0 0 0 0 0 0 0 0 0 0 0 0 0 0 0 0 0 0 0 0 0 0 0 0 0 0 0 0 0 0
0 555.9955 83.17941 38.22265 39.1675 39.19304 39.12016 39.036 38.42345 45.96769 77.9106 94.0276 280.7937 855.3289 738.8542 484.7519 561.2547 2125.72 1239.346 690.3034 294.8209 719.0363 445.8623 403.7656 621.7773 1104.081 406.6806 393.0166 520.9772 486.4389 942.7828 251.6848 194.9909 46.2353 10.38117 40.64307 22.93875 18.92171 59.66274 182.019 114.6951 89.56264 117.8554 110.9149 0 0 0 0 0 0 0 0 0 0 0 0 0 0 0 0 0 0 0 0 0 0 0 0 0 0 0 0 0 0 0 0 0 0 0 0 0 0 0 0 0 0 0 0 0 0 0 0 0 0 0 0
0 625.616 246.3382 115.2122 22.44868 22.57961 22.71054 22.84148 22.97241 40.77324 65.19182 48.50089 303.3834 667.6901 565.1176 288.4359 418.2827 713.1032 781.7371 813.0587 569.7448 703.5352 1666.628 792.5978 666.0524 862.4811 881.0444 459.365 578.6956 327.8159 330.5652 943.9171 201.7961 153.8481 32.06662 10.59011 11.1592 11.1592 58.57978 64.95068 18.70385 22.40246 16.19611 0 0 0 0 0 0 0 0 0 0 0 0 0 0 0 0 0 0 0 0 0 0 0 0 0 0 0 0 0 0 0 0 0 0 0 0 0 0 0 0 0 0 0 0 0 0 0 0 0 0 0 0 0
0 522.9419 561.5026 189.2379 6.967386 5.232546 5.232546 5.232546 5.232546 6.314279 35.83608 50.15932 420.0959 569.2352 473.7542 426.3949 277.9083 618.0048 1493.317 728.4372 872.994 508.523 709.4273 410.8847 686.0871 1451.407 1345.506 678.0393 481.7539 758.9569 297.8191 565.4555 670.145 237.3882 42.94487 11.23296 11.20715 11.24251 32.44034 36.99578 37.79498 42.20929 43.56543 0 0 0 0 0 0 0 0 0 0 0 0 0 0 0 0 0 0 0 0 0 0 0 0 0 0 0 0 0 0 0 0 0 0 0 0 0 0 0 0 0 0 0 0 0 0 0 0 0 0 0 0 0
