Scenarios/Heterogeneous/data/country_data_population_distribution/processed/density_grids/png.asc
ncols 409
nrows 270
xllcorner 140
yllcorner -11
cellsize 0.041666666666667
NODATA_value -9999
[rows 74 to 110 of 270, columns 0 to 82 of 409]
0 0 0 0 0 0 0 0 0 0 0 0 0 0 0 0 0 0 0 0 0 0 0 0 6.626003 5.76913 5.76913 5.76913 5.76913 5.76913 5.76913 5.76913 5.76913 5.76913 5.76913 5.76913 5.76913 5.76913 5.76913 5.76913 5.76913 4.228567 3.261175 3.261176 3.261175 3.261176 3.261175 3.261176 3.261175 3.261176 3.261175 3.261176 3.261175 5.071276 20.28013 20.28014 20.28013 20.28014 20.28014 20.28014 20.28014 20.28014 20.28014 14.24789 24.64502 27.0304 27.0304 27.0304 27.03039 27.0304 27.03039 27.0304 27.0304 27.0304 27.03039 27.0304 26.10971 25.63254 25.63254 25.63254 25.63254 25.63254 25.63254
0 0 0 0 0 0 0 0 0 0 0 0 0 0 0 0 0 0 0 0 0 0 0 0 6.67204 5.76913 5.76913 5.769129 5.76913 5.76913 5.76913 5.76913 5.76913 5.76913 5.76913 5.76913 5.76913 5.76913 5.76913 5.76913 5.769129 4.218852 3.261176 3.261176 3.261176 3.261176 3.261175 3.261176 3.261176 3.261176 3.261175 3.261176 3.261176 5.084626 20.28014 20.28014 20.28014 20.28014 20.28014 20.28014 20.28014 20.28014 20.26817 7.160389 7.89465 23.6079 27.03039 27.0304 27.0304 27.0304 27.0304 27.0304 27.03039 27.0304 27.0304 27.0304 26.33733 25.63254 25.63254 25.63254 25.63254 25.63254 25.63254
0 0 0 0 0 0 0 0 0 0 0 0 0 0 0 0 0 0 0 0 0 0 0 0 6.620569 5.76913 5.76913 5.76913 5.76913 5.76913 5.76913 5.76913 5.76913 5.76913 5.76913 5.76913 5.76913 5.76913 5.76913 5.76913 5.76913 4.20862 3.261175 3.261176 3.261176 3.261176 3.261175 3.261176 3.261175 3.261176 3.261175 3.261176 3.261176 5.097975 20.28013 20.28014 20.28013 20.28014 20.28013 20.28014 19.05891 7.661345 7.333385 5.740245 5.740245 6.535894 18.5201 27.0304 27.0304 27.0304 27.0304 27.0304 27.0304 27.0304 27.0304 27.0304 26.94634 25.86707 25.63254 25.63254 25.63254 25.63254 25.63254
0 0 0 0 0 0 0 0 0 0 0 0 0 0 0 0 0 0 0 0 0 0 0 0 6.170054 5.76913 5.76913 5.76913 5.769129 5.76913 5.76913 5.76913 5.76913 5.76913 5.76913 5.76913 5.76913 5.769129 5.76913 5.76913 5.769099 4.023842 3.279409 3.261176 3.261176 3.261176 3.261176 3.261176 3.261176 3.261175 3.261176 3.261175 3.261176 5.111324 20.28014 20.28014 20.28014 20.28014 20.28014 20.28014 18.46651 5.740245 5.740245 5.740245 5.740245 5.740245 5.815033 15.94119 18.93279 17.54333 27.0304 27.03039 27.0304 27.03039 27.0304 27.03039 27.0304 26.88948 25.81976 25.66953 25.20801 24.94825 25.00276
0 0 0 0 0 0 0 0 0 0 0 0 0 0 0 0 0 0 0 0 0 0 0 0 5.934052 5.76913 5.76913 5.76913 5.769129 5.76913 5.76913 5.76913 5.76913 5.76913 5.76913 5.76913 5.76913 5.76913 5.76913 5.766904 5.748998 5.740245 4.726746 3.265803 3.261176 3.261176 3.261176 3.261176 3.261176 3.261176 3.261176 3.261176 3.261176 5.124673 20.28014 20.28014 20.28014 20.28014 20.28014 20.28014 18.85793 5.740245 5.740245 5.740245 5.740245 5.740245 5.740245 5.740245 5.740245 7.990434 26.81238 27.0304 27.0304 27.0304 27.0304 27.0304 27.0304 27.0304 27.0304 27.0304 14.11074 5.803204 5.803204
0 0 0 0 0 0 0 0 0 0 0 0 0 0 0 0 0 0 0 0 0 0 0 0 5.932778 5.76913 5.769129 5.76913 5.62901 5.769129 5.76913 5.769129 5.76913 5.76913 5.76913 5.76913 5.76913 5.76913 5.761778 5.744469 5.740245 5.740245 5.740245 5.100118 4.637336 4.645876 4.659151 4.659315 4.659315 4.659315 4.659315 4.659315 4.659315 5.476067 12.08456 12.0921 12.09963 12.10716 12.13694 12.34768 10.88761 5.740245 5.740245 5.740245 5.740245 5.740245 5.740245 5.740245 5.740245 5.740245 22.2722 27.0304 27.03039 27.03039 27.03039 27.03039 27.03039 27.0304 27.03039 27.03039 14.13988 5.803204 5.803204
0 0 0 0 0 0 0 0 0 0 0 0 0 0 0 0 0 0 0 0 0 0 0 0 5.933791 5.76913 5.41707 4.122008 3.595747 5.76913 5.76913 5.76913 5.76913 5.76913 5.76913 5.76913 5.767896 5.752423 5.740573 5.740245 5.740245 5.740245 5.740245 5.740245 5.740246 5.740245 5.740245 5.740245 5.740245 5.740245 5.740245 5.740245 5.740245 5.740245 5.740245 5.740245 5.740245 5.740245 5.740245 5.740245 5.740245 5.740245 5.740245 5.740245 5.740245 5.740245 5.740245 5.740245 5.740245 5.740245 11.98571 27.03039 27.0304 27.0304 27.0304 27.0304 27.0304 27.03039 27.0304 27.0304 14.16902 5.803204 5.803204
0 0 0 0 0 0 0 0 0 0 0 0 0 0 0 0 0 0 0 0 0 0 0 0 5.845301 4.625023 3.335448 3.261176 3.581033 5.76913 5.76913 5.769129 5.76913 5.76913 5.76913 5.764916 5.744146 5.740245 5.740246 5.740245 5.740245 5.740245 5.740246 5.740245 5.740245 5.740245 5.740245 5.740245 5.740245 5.740245 5.740245 5.740245 5.740245 5.740245 5.740245 5.740245 5.740245 5.740245 5.740245 5.740246 5.740245 5.740245 5.740245 5.740245 5.740245 5.740245 5.740245 5.740245 5.740245 5.740245 6.720175 25.69129 27.0304 27.0304 27.03039 27.0304 27.0304 27.03039 27.0304 27.03039 14.50579 5.803204 5.803204
0 0 0 0 0 0 0 0 0 0 0 0 0 0 0 0 0 0 0 0 0 0 0 0 3.581903 3.261175 3.261175 3.261176 3.630103 5.76913 5.76913 5.76913 5.76913 5.768631 5.756205 5.741059 5.740245 5.740245 5.740245 5.740245 5.740245 5.740245 5.740245 5.740245 5.740245 5.740245 5.740245 5.740245 5.740245 5.740245 5.740245 5.740245 5.740245 5.740245 5.740245 5.740245 5.740245 5.740245 5.740245 5.740245 5.740245 5.740245 5.740245 5.740245 5.740245 5.740245 5.740245 5.740245 5.740245 5.740245 5.740245 19.64965 27.0304 27.0304 27.03039 27.0304 27.03039 27.0304 27.0304 24.22006 7.439066 5.803204 5.803204
0 0 0 0 0 0 0 0 0 0 0 0 0 0 0 0 0 0 0 0 0 0 0 0 3.542329 3.261176 3.261175 3.261176 3.649661 5.76913 5.76913 5.76913 5.76449 5.746987 5.740245 5.740245 5.740245 5.740245 5.740245 5.740245 5.740245 5.740245 5.740245 5.740245 5.740245 5.740245 5.740245 5.740245 5.740245 5.740245 5.740245 5.740245 5.740245 5.740245 5.740245 5.740245 5.740245 5.740245 5.740245 5.740245 5.740245 5.740245 5.740244 5.740245 5.740245 5.740245 5.740245 5.740245 5.740245 5.740245 5.740245 12.61184 27.0304 27.03039 27.03039 27.03039 27.0304 27.0304 27.0304 13.35569 5.803204 5.803204 5.803204
0 0 0 0 0 0 0 0 0 0 0 0 0 0 0 0 0 0 0 0 0 0 0 0 3.470556 3.261176 3.261176 3.261176 3.278632 3.840431 3.857192 3.825816 5.425938 5.740245 5.740245 5.740245 5.740245 5.740245 5.740245 5.740245 5.740245 5.740245 5.740245 5.740245 5.740245 5.740245 5.740246 5.740245 5.740245 5.740245 5.740245 5.740245 5.740245 5.740245 5.740245 5.740245 5.740245 5.740245 5.740245 5.740245 5.740245 5.740245 5.740245 5.740245 5.740245 5.740245 5.740245 5.740245 5.740245 5.740245 5.740245 6.45225 25.90718 27.0304 27.03039 27.03039 27.03039 27.0304 23.48669 6.038236 5.803204 5.803204 5.803204
0 0 0 0 0 0 0 0 0 0 0 0 0 0 0 0 0 0 0 0 0 0 0 0 3.596974 3.261176 3.261175 3.261176 3.261176 3.261176 3.261175 3.261176 5.335304 5.740245 5.740245 5.740245 5.740245 5.740245 5.740245 5.740245 5.740245 5.740245 5.740245 5.740245 5.740245 5.740245 5.740245 5.740245 5.740245 5.740245 5.740245 5.740245 5.740245 5.740245 5.740245 5.740245 5.740245 5.740245 5.740245 5.740245 5.740245 5.740245 5.740245 5.740245 5.740245 5.740245 5.740245 5.740245 5.740245 5.740245 5.740245 5.740245 22.57432 27.03039 27.0304 27.0304 27.03039 26.90183 10.07726 5.803204 5.803204 5.803204 5.803204
0 0 0 0 0 0 0 0 0 0 0 0 0 0 0 0 0 0 0 0 0 0 0 0 3.624296 3.261176 3.261176 3.261175 3.261176 3.261176 3.261176 3.261175 5.334334 5.740245 5.740245 5.740245 5.740245 5.740245 5.740245 5.740245 5.740245 5.740245 5.740245 5.740245 5.740245 5.740245 5.740245 5.740245 5.740245 5.740245 5.740245 5.740245 5.740245 5.740245 5.740245 5.740245 5.740245 5.740245 5.740245 5.740245 5.740245 5.740245 5.740245 5.740245 5.740245 5.740245 5.740246 5.740245 5.740245 5.740245 5.740245 7.108918 26.98822 27.0304 27.0304 27.0304 27.0304 19.4283 5.803204 5.803204 5.803204 5.803204 5.803204
0 0 0 0 0 0 0 0 0 0 0 0 0 0 0 0 0 0 0 0 0 0 0 0 3.651618 3.261176 3.261175 3.261176 3.261175 3.261176 3.261175 3.261176 5.333363 5.740245 5.740245 5.740245 5.740245 5.740245 5.740245 5.740245 5.740245 5.740245 5.740245 5.740245 5.740245 5.740245 5.740245 5.740245 5.740245 5.740245 5.740245 5.740245 5.740245 5.740245 5.740245 5.740245 5.740245 5.740245 5.740245 5.740245 5.740245 5.740245 5.740245 5.740245 5.740245 5.740245 5.740245 5.740245 5.740245 5.740245 5.740245 5.875893 20.20188 27.0292 27.0304 27.0304 25.69657 7.19888 5.803204 5.803204 5.803204 5.803204 5.803204
0 0 0 0 0 0 0 0 0 0 0 0 0 0 0 0 0 0 0 0 0 0 0 0 3.653409 3.261176 3.261176 3.261175 3.261176 3.261176 3.261176 3.261176 5.332393 5.740244 5.740245 5.740245 5.740245 5.740245 5.740245 5.740245 5.740244 5.740245 5.740245 5.740245 5.740245 5.740245 5.740244 5.740245 5.740245 5.740245 5.740245 5.740245 5.740245 5.740245 5.740245 5.740245 5.740245 5.740245 5.740245 5.740245 5.740245 5.740245 5.740245 5.740245 5.740245 5.740245 5.740244 5.740245 5.740245 5.740245 5.740245 5.740245 5.740244 18.43282 27.0304 27.0304 15.22633 5.803204 5.803204 5.803204 5.803204 5.803204 5.803204
0 0 0 0 0 0 0 0 0 0 0 0 0 0 0 0 0 0 0 0 0 0 0 0 3.582982 3.261175 3.261175 3.261176 3.261175 3.261175 3.261175 3.261175 5.331871 5.740245 5.740245 5.740245 5.740245 5.740245 5.740245 5.740245 5.740245 5.740245 5.740245 5.740245 5.740245 5.740245 5.740245 5.740245 5.740245 5.740245 5.740245 5.740245 5.740245 5.740245 5.740245 5.740245 5.740245 5.740245 5.740245 5.740245 5.740245 5.740245 5.740245 5.740245 5.740245 5.740245 5.740245 5.740245 5.740245 5.740245 5.740245 5.742431 5.7566 9.585567 22.03823 19.07175 5.946183 5.803204 5.803204 5.803204 5.803204 5.803204 5.803204
0 0 0 0 0 0 0 0 0 0 0 0 0 0 0 0 0 0 0 0 0 0 0 0 3.515655 3.261176 3.261175 3.261176 3.261175 3.261176 3.261175 3.261176 5.351352 5.740245 5.740245 5.740245 5.740245 5.740245 5.740245 5.740245 5.740245 5.740245 5.740245 5.740245 5.740245 5.740245 5.740245 5.740245 5.740245 5.740245 5.740245 5.740245 5.740245 5.740245 5.740245 5.740245 5.740245 5.740245 5.740245 5.740245 5.740245 5.740245 5.740245 5.740245 5.740245 5.740245 5.740245 5.740245 5.740245 5.740245 5.743978 5.789752 5.803204 5.803204 5.803204 5.803204 5.803204 5.803204 5.803204 5.803203 5.803204 5.803204 5.803204
0 0 0 0 0 0 0 0 0 0 0 0 0 0 0 0 0 0 0 0 0 0 0 0 3.498418 3.261175 3.261176 3.261175 3.261176 3.261175 3.261176 3.261175 5.374886 5.740245 5.740245 5.740245 5.740245 5.740245 5.740245 5.740245 5.740245 5.740245 5.740245 5.740245 5.740245 5.740245 5.740245 5.740245 5.740245 5.740245 5.740245 5.740245 5.740245 5.740245 5.740245 5.740245 5.740245 5.740245 5.740245 5.740245 5.740245 5.740245 5.740245 5.740245 5.740245 5.740245 5.740245 5.740245 5.740245 5.743751 5.789411 5.803204 5.803204 5.803204 5.803204 5.803204 5.803204 5.803204 5.803204 5.803204 5.803204 5.803204 5.803204
0 0 0 0 0 0 0 0 0 0 0 0 0 0 0 0 0 0 0 0 0 0 0 0 3.490592 3.261176 3.261175 3.261176 3.261175 3.261176 3.261175 3.261176 4.425828 5.04074 5.012714 4.993031 4.992608 4.992607 4.992608 4.992607 4.992608 4.992607 4.992608 4.992607 4.992607 4.992607 4.992608 4.992607 4.992608 4.992607 4.992607 4.992607 4.992608 4.978984 4.939421 5.29105 5.740245 5.740245 5.740245 5.740245 5.740245 5.740245 5.740245 5.740245 5.740245 5.740245 5.740245 5.740245 5.744006 5.789468 5.803204 5.803204 5.803204 5.803204 5.803204 5.803204 5.803203 5.803204 5.803204 5.803204 5.803204 5.803204 5.803204
0 0 0 0 0 0 0 0 0 0 0 0 0 0 0 0 0 0 0 0 0 0 0 0 3.482766 3.261175 3.261175 3.261176 3.261175 3.261175 3.261175 3.261175 3.261175 3.261176 3.261175 3.261175 3.261175 3.261175 3.261175 3.261175 3.261176 3.261175 3.261175 3.261175 3.261176 3.261175 3.261176 3.261175 3.261175 3.261175 3.261175 3.261175 3.261175 3.261175 3.261176 3.920872 5.740245 5.740245 5.740245 5.740245 5.740245 5.740245 5.740245 5.740245 5.740245 5.740245 5.740245 5.741333 5.789388 5.803204 5.803204 5.803204 5.803204 5.803204 5.803204 5.803204 5.803204 5.803204 5.803204 5.803204 5.803204 5.803204 5.803204
0 0 0 0 0 0 0 0 0 0 0 0 0 0 0 0 0 0 0 0 0 0 0 0 3.475066 3.261176 3.261176 3.261176 3.261176 3.261176 3.261176 3.261176 3.261176 3.261176 3.261176 3.261176 3.261176 3.261176 3.261176 3.261176 3.261176 3.261176 3.261176 3.261176 3.261176 3.261176 3.261176 3.261176 3.261176 3.261176 3.261176 3.261176 3.261176 3.261176 3.261176 3.938176 5.740245 5.740245 5.740245 5.740245 5.740245 5.740245 5.740245 5.740245 5.740245 5.740245 5.740245 5.749155 5.803204 5.803204 5.803204 5.803204 5.803204 5.803204 5.803204 5.803204 5.803204 5.803204 5.803204 5.803204 5.803204 5.803204 5.803204
0 0 0 0 0 0 0 0 0 0 0 0 0 0 0 0 0 0 0 0 0 0 0 0 3.440156 3.261175 3.261175 3.261176 3.261175 3.261175 3.261175 3.261175 3.261175 3.261176 3.261175 3.261175 3.261175 3.261175 3.261175 3.261175 3.261176 3.261175 3.261175 3.261175 3.261175 3.261175 3.261176 3.261175 3.261175 3.261175 3.261175 3.261175 3.261175 3.261176 3.261176 3.959882 5.740245 5.740245 5.740245 5.740245 5.740245 5.740245 5.740245 5.740245 5.740245 5.740245 5.740245 5.749193 5.803204 5.803204 5.803204 5.803204 5.803204 5.803204 5.803204 5.803204 5.803204 5.803204 5.803204 5.803204 5.803204 5.803204 5.803204
0 0 0 0 0 0 0 0 0 0 0 0 0 0 0 0 0 0 0 0 0 0 0 0 3.297274 3.261176 3.261176 3.261176 3.261176 3.261176 3.261175 3.261175 3.261176 3.261176 3.261176 3.261176 3.261175 3.261176 3.261175 3.261176 3.261176 3.261175 3.261175 3.261176 3.261176 3.261176 3.261176 3.261176 3.261176 3.261175 3.261175 3.261176 3.261176 3.261176 3.261176 3.964141 5.740245 5.740245 5.740245 5.740245 5.740245 5.740245 5.740245 5.740245 5.740245 5.740245 5.740245 5.748923 5.803204 5.803204 5.803204 5.803204 5.803204 5.803204 5.803204 5.803204 5.803204 5.803204 5.803204 5.803204 5.803204 5.803204 5.803204
0 0 0 0 0 0 0 0 0 0 0 0 0 0 0 0 0 0 0 0 0 0 0 0 3.261176 3.261175 3.261176 3.261175 3.261176 3.261175 3.261176 3.261175 3.261176 3.261175 3.261176 3.261175 3.261175 3.261175 3.261175 3.261175 3.261175 3.261176 3.261175 3.261175 3.261175 3.261176 3.261175 3.261176 3.261175 3.261176 3.261175 3.261176 3.261175 3.261175 3.261175 3.968127 5.740245 5.740245 5.740245 5.740245 5.740245 5.740245 5.740245 5.740245 5.740245 5.740245 5.740245 5.748975 5.803204 5.803204 5.803204 5.803204 5.803204 5.803204 5.803204 5.803204 5.803204 5.803204 5.803204 5.803204 5.803204 5.803204 5.803204
0 0 0 0 0 0 0 0 0 0 0 0 0 0 0 0 0 0 0 0 0 0 0 0 3.261176 3.261176 3.261176 3.261176 3.261176 3.261176 3.261176 3.261176 3.261176 3.261176 3.261176 3.261176 3.261176 3.261176 3.261176 3.261176 3.261176 3.261176 3.261176 3.261176 3.261176 3.261176 3.261176 3.261176 3.261176 3.261176 3.261176 3.261176 3.261176 3.261176 3.261176 3.972113 5.740245 5.740245 5.740245 5.740245 5.740245 5.740245 5.740245 5.740245 5.740245 5.740245 5.740245 5.74903 5.803204 5.803204 5.803204 5.803204 5.803204 5.803204 5.803204 5.803204 5.803204 5.803204 5.803204 5.803204 5.803204 5.803204 5.803204
0 0 0 0 0 0 0 0 0 0 0 0 0 0 0 0 0 0 0 0 0 0 0 0 3.261176 3.261176 3.261176 3.261175 3.261176 3.261176 3.261176 3.261176 3.261176 3.261175 3.261176 3.261176 3.261176 3.261176 3.261176 3.261176 3.261176 3.261176 3.261176 3.261176 3.261176 3.261176 3.261175 3.261176 3.261176 3.261176 3.261176 3.261176 3.261176 3.261176 3.261176 3.966753 5.740245 5.740245 5.740245 5.740245 5.740245 5.740245 5.740245 5.740245 5.740245 5.740245 5.740245 5.749084 5.803204 5.803204 5.803204 5.803204 5.803204 5.803204 5.803204 5.803204 5.803204 5.803204 5.803204 5.803204 5.803204 5.803204 5.803204
0 0 0 0 0 0 0 0 0 0 0 0 0 0 0 0 0 0 0 0 0 0 0 0 3.261176 3.261175 3.261176 3.261175 3.261176 3.261175 3.261176 3.261175 3.261176 3.261175 3.261176 3.261175 3.261175 3.261176 3.261175 3.261176 3.261175 3.261176 3.261175 3.261176 3.261175 3.261176 3.261175 3.261176 3.261175 3.261176 3.261175 3.261176 3.261175 3.261175 3.261175 6.728652 7.152904 5.740245 5.740245 5.740245 5.740245 5.740245 5.740245 5.740245 5.740245 5.740245 5.740245 5.749138 5.803204 5.803204 5.803204 5.803204 5.803204 5.803204 5.803204 5.803204 5.803204 5.803204 5.803204 5.803204 5.803204 5.803204 5.803204
0 0 0 0 0 0 0 0 0 0 0 0 0 0 0 0 0 0 0 0 0 0 0 0 3.399883 3.261176 3.261176 3.261176 3.261176 3.261176 3.261176 3.261176 3.261176 3.261176 3.261176 3.261176 3.261176 3.261176 3.261176 3.261176 3.261176 3.261176 3.261176 3.261176 3.261176 3.261176 3.261176 3.261176 3.261176 3.261176 3.261176 3.261176 3.261176 3.261176 3.261176 14.03327 37.86155 13.72766 31.58755 37.44382 27.47468 16.00811 17.94268 17.03077 14.02448 5.740245 5.740245 5.749084 5.803204 5.803204 5.803204 5.803204 5.803204 5.803204 5.803204 5.803204 5.803204 5.803204 5.803204 5.803204 5.803204 5.803204 5.803204
0 0 0 0 0 0 0 0 0 0 0 0 0 0 0 0 0 0 0 0 0 0 0 0 4.746509 4.17186 3.69938 3.304344 3.261175 3.261175 3.261176 3.261176 3.261176 3.261176 3.261176 3.261175 3.261175 3.261176 3.261175 3.261175 3.261175 3.261175 3.261175 3.261175 3.261175 3.261175 3.261176 3.261176 3.261175 3.261176 3.261175 3.261175 3.261175 3.261175 3.261175 14.37028 43.30562 43.30562 43.30562 43.30562 43.30562 43.30562 43.30562 43.30562 43.18719 18.37667 19.14986 26.78258 17.3557 5.803204 5.803204 5.803204 5.803204 5.803204 5.803204 5.803204 5.803204 5.803204 5.803204 5.803204 5.803204 5.803204 5.803204
0 0 0 0 0 0 0 0 0 0 0 0 0 0 0 0 0 0 0 0 0 0 0 0 4.691593 4.672586 4.672586 4.595148 4.165829 3.69335 3.301799 3.261175 3.261176 3.261176 3.261176 3.261176 3.261176 3.261176 3.261176 3.261176 3.261176 3.261176 3.261176 3.261176 3.261176 3.261176 3.261176 3.261176 3.261176 3.261176 3.261175 3.261176 3.261176 3.261176 3.261176 15.61696 43.30562 43.30562 43.30562 43.30562 43.30562 43.30562 43.30562 43.30562 43.30562 43.3001 60.27804 60.58318 60.54488 40.4483 10.27073 5.803204 5.803204 5.803204 5.803204 5.803204 5.803204 5.803204 5.803204 5.803204 5.803204 5.803204 5.803204
0 0 0 0 0 0 0 0 0 0 0 0 0 0 0 0 0 0 0 0 0 0 0 0 4.672832 4.672585 4.672585 4.672586 4.672585 4.672585 4.591634 4.160923 3.68985 3.300383 3.261176 3.261176 3.261176 3.261176 3.261176 3.261176 3.261176 3.261176 3.261176 3.261176 3.261176 3.261176 3.261176 3.261176 3.261176 3.261176 3.261176 3.261176 3.261176 3.261176 3.647489 39.73669 43.30562 43.30562 43.30562 43.30562 43.30562 43.30562 43.30562 43.30562 43.30562 43.30562 60.30388 60.58317 60.58317 60.58317 55.72738 20.98652 10.20265 33.01703 32.03351 16.07449 12.69634 15.28093 6.710045 5.803204 5.803204 5.803204 13.59502
0 0 0 0 0 0 0 0 0 0 0 0 0 0 0 0 0 0 0 0 0 0 0 0 4.672832 4.672585 4.672585 4.672586 4.672585 4.672585 4.672585 4.672585 4.672585 4.589482 4.154722 3.680683 3.296154 3.261175 3.261175 3.261175 3.261176 3.261175 3.261175 3.261175 3.261175 3.261175 3.261176 3.261175 3.261175 3.261175 3.261175 3.261175 3.261175 3.261175 3.261175 32.08913 43.30562 43.30562 43.30562 43.30562 43.30562 43.30562 43.30562 43.30562 43.30562 43.30562 60.31604 60.58317 60.58318 60.58317 60.58318 60.57834 57.83487 60.58317 60.58318 60.58317 60.58318 60.58317 51.97123 27.6598 60.31042 71.73539 85.38297
0 0 0 0 0 0 0 0 0 0 0 0 0 0 0 0 0 0 0 0 0 0 0 0 4.672832 4.672585 4.672585 4.672585 4.672585 4.672586 4.672585 4.672585 4.672585 4.672585 4.672585 4.672585 4.583907 4.142413 3.681161 3.289087 3.261176 3.261176 3.261175 3.261176 3.261175 3.261176 3.261175 3.261176 3.261175 3.261176 3.261175 3.261176 3.261175 3.261175 3.261175 15.93329 43.30562 43.30562 43.30562 43.30562 43.30562 43.30562 43.30562 43.30562 43.30562 43.30562 60.32821 60.58318 60.58317 60.58318 60.58317 60.58318 60.58318 60.58318 60.58317 60.58318 60.58317 60.58318 60.58318 61.67396 81.73232 85.63507 85.63507
0 0 0 0 0 0 0 0 0 0 0 0 0 0 0 0 0 0 0 0 0 0 0 0 4.672832 4.672585 4.672585 4.672585 4.672585 4.672585 4.672586 4.672585 4.672585 4.672585 4.672585 4.672585 4.672585 4.672585 4.672585 4.571777 4.129848 3.656938 3.287788 3.261175 3.261175 3.261175 3.261176 3.261175 3.261175 3.261175 3.261175 3.261175 3.261175 3.261175 3.261175 22.8437 43.30562 43.30562 43.30562 43.30562 43.30562 43.30562 43.30562 43.30562 43.30562 43.30562 60.34037 60.58318 60.58318 60.58318 60.58318 60.58318 60.58318 60.58318 60.58318 60.58318 60.58318 60.58318 60.58318 60.58318 64.98118 82.82085 85.63507
0 0 0 0 0 0 0 0 0 0 0 0 0 0 0 0 0 0 0 0 0 0 0 0 4.672832 4.672586 4.672586 4.672586 4.672586 4.672586 4.672586 4.672586 4.672586 4.672585 4.672586 4.672586 4.672586 4.672586 4.672586 4.672586 4.672586 4.672586 4.567842 4.12055 3.646654 3.284487 3.261176 3.261176 3.261176 3.261176 3.261176 3.261176 3.261176 3.261176 3.261176 28.93874 43.30562 43.30562 43.30562 43.30562 43.30562 43.30562 43.30562 43.30562 43.30562 43.30562 60.35254 60.58318 60.58318 60.58318 60.58318 60.58318 60.58318 60.58318 60.58318 60.58318 60.58318 60.58318 60.58318 60.58318 60.58318 61.9209 70.53447
0 0 0 0 0 0 0 0 0 0 0 0 0 0 0 0 0 0 0 0 0 0 0 0 4.672832 4.672586 4.672586 4.672586 4.672586 4.672586 4.672586 4.672586 4.672586 4.672585 4.672586 4.672586 4.672586 4.672586 4.672586 4.672586 4.672585 4.672586 4.672586 4.672586 4.672585 4.561104 4.110917 3.637426 3.281729 3.261176 3.261176 3.261176 13.2548 16.06487 4.736854 30.68657 43.30562 43.30562 43.30562 43.30562 43.30562 43.30562 43.30562 43.30562 43.30562 43.30562 60.36471 60.58318 60.58318 60.58318 60.58318 60.58318 60.58318 60.58318 60.58318 60.58318 60.58318 60.58318 60.58318 60.58318 60.58318 60.58318 60.60561
0 0 0 0 0 0 0 0 0 0 0 0 0 0 0 0 0 0 0 0 0 0 0 0 4.672832 4.672586 4.672586 4.672586 4.672586 4.672586 4.672586 4.672586 4.672586 4.672585 4.672586 4.672586 4.672586 4.672586 4.672586 4.672586 4.672585 4.672586 4.672586 4.672586 4.672586 4.672586 4.672586 4.672586 4.554796 4.101851 3.658152 19.89675 42.99913 43.30562 42.91985 43.30562 43.30562 43.30562 43.30562 43.30562 43.30562 43.30562 43.30562 43.30562 43.30562 43.30562 60.37687 60.58318 60.58318 60.58318 60.58318 60.58318 60.58318 60.58318 60.58318 60.58318 60.58318 60.58318 60.58318 60.58318 60.58318 60.58318 60.58318
