Scenarios/Heterogeneous/data/country_data_population_distribution/processed/density_grids/png.asc
ncols 409
nrows 270
xllcorner 140
yllcorner -11
cellsize 0.041666666666667
NODATA_value -9999
[rows 185 to 221 of 270, columns 166 to 248 of 409]
4.539857 4.298108 4.298108 4.298108 4.298108 4.298108 4.298108 4.298108 4.298108 4.298108 4.298108 4.298108 4.298108 4.298108 4.298108 4.52697 9.008696 10.75992 10.75992 10.75992 10.75992 10.75992 10.75992 10.75992 10.75992 10.75992 10.75992 10.59558 9.169027 8.929444 8.929444 8.929444 0 0 0 0 0 0 0 0 0 0 0 0 0 0 0 0 0 0 0 0 0 0 0 0 0 0 0 0 0 0 0 0 0 0 0 0 0 0 0 0 0 0 0 0 0 0 0 0 0 0 0
13.13628 4.845548 4.298108 4.298108 4.298108 4.298108 4.298108 4.298108 4.298108 4.298108 4.298108 4.298108 4.298108 4.298108 4.298108 4.298108 4.504014 9.028605 10.75992 10.75992 10.75992 10.75992 10.75992 10.75992 10.75992 10.75992 10.75992 10.75992 10.5326 9.161338 8.929444 8.929443 0 0 0 0 0 0 0 0 0 0 0 0 0 0 0 0 0 0 0 0 0 0 0 0 0 0 0 0 0 0 0 0 0 0 0 0 0 0 0 0 0 0 0 0 0 0 0 0 0 72.17516 0
14.85399 6.216449 4.298108 4.298108 4.298108 4.298108 4.298108 4.298108 4.298108 4.298108 4.298108 4.298108 4.298108 4.298108 4.298108 4.298108 4.541535 8.989174 10.75992 10.75992 10.75992 10.75992 10.75992 10.75992 10.75992 10.75992 10.75992 10.75992 10.75992 10.58433 9.700973 9.315264 0 0 0 0 0 0 0 0 0 0 0 0 0 0 0 0 0 0 0 0 0 0 0 0 0 0 0 0 0 0 0 0 0 0 0 0 0 0 0 0 0 0 0 0 0 0 0 0 72.17516 72.17516 0
14.854 6.141653 4.298108 4.298108 4.298108 4.298108 4.298108 4.298108 4.298108 4.298108 4.298108 4.298108 4.298108 4.298108 4.298108 5.582664 10.01568 10.75992 10.75992 10.75992 10.75992 10.75992 10.75992 10.75992 10.75992 10.75992 10.75992 10.75992 10.75992 10.75992 10.75992 10.10599 8.929444 8.929443 8.929443 0 0 0 0 0 0 0 0 0 0 0 0 0 0 0 0 0 0 0 0 0 0 0 0 0 0 0 0 0 0 0 0 0 0 0 0 0 0 0 0 0 0 0 0 0 0 0 0
14.854 6.08391 4.298108 4.298108 4.298108 4.298108 4.298108 4.298108 4.298108 4.298108 4.298108 4.298108 4.298108 4.298108 5.569777 10.31676 10.75992 10.75992 10.75992 10.75992 10.75992 10.75992 10.75992 10.75992 10.75992 10.75992 10.75992 10.75992 10.75992 10.75992 10.75992 10.62075 8.973966 8.929444 8.929444 8.929444 0 0 0 0 0 0 0 0 0 0 0 0 0 0 0 0 0 0 0 0 0 0 0 0 0 0 0 0 0 0 0 0 0 0 0 0 0 0 0 0 0 0 0 0 0 0 0
14.85399 6.070904 4.298108 4.298108 4.298108 4.298108 4.298108 4.298108 4.298108 4.298108 4.298108 4.298108 4.301036 7.156661 10.42701 10.75992 10.75992 10.75992 10.75992 10.75992 10.75992 10.75992 10.75992 10.75992 10.75992 10.75992 10.75992 10.75992 10.75992 10.75992 10.75992 10.68509 9.018889 8.929444 8.929445 8.929444 8.929443 0 0 0 0 0 0 0 0 0 0 0 0 0 0 0 0 0 0 0 0 0 0 0 0 0 0 0 0 0 0 0 0 0 0 0 0 0 0 0 0 0 0 0 0 0 0
14.85399 6.057899 4.298108 4.298108 4.298108 4.298108 4.298108 4.298108 4.298108 4.298108 4.298108 4.298108 5.782909 10.75992 10.75992 10.75992 10.75992 10.75992 10.75992 10.75992 10.75992 10.75992 10.75992 10.75992 10.75992 10.75992 10.75992 10.75992 10.75992 10.75992 10.63563 9.349238 8.929444 8.929444 8.929444 8.929445 8.929444 8.929444 0 0 0 0 0 0 0 0 0 0 0 0 0 0 0 0 0 0 0 0 0 0 0 0 0 0 0 0 0 0 0 0 0 0 0 0 0 0 0 0 0 0 0 0 0
14.85399 6.043256 4.298108 4.298108 4.298108 4.298108 4.298108 4.298108 4.298108 4.298108 4.298108 4.298108 4.467859 10.70965 10.75992 10.75992 10.75992 10.75992 10.75992 10.75992 10.75992 10.75992 10.75992 10.75992 10.75992 10.75992 10.75992 10.75992 10.75992 10.75992 9.623918 8.929443 8.929444 8.929443 8.929444 8.929444 8.929444 8.929445 0 0 0 0 0 0 0 0 0 0 0 0 0 0 0 0 0 0 0 0 0 0 0 0 0 0 0 0 0 0 0 0 0 0 0 0 0 0 0 0 0 0 0 0 0
14.85399 5.928052 4.298108 4.298108 4.298108 4.298108 4.298108 4.298108 4.298108 4.298108 4.298108 4.298108 4.298108 6.864301 10.73365 10.75992 10.75992 10.75992 10.75992 10.75992 10.75992 10.75992 10.75992 10.75992 10.75992 10.75992 10.75992 10.75992 10.75992 10.75992 9.370824 8.929444 8.929444 8.929444 8.929444 8.929444 8.929445 8.929443 0 0 0 0 0 0 0 0 0 0 0 0 0 0 0 0 0 0 0 0 0 0 0 0 0 0 0 0 0 0 0 0 0 0 0 0 0 0 0 0 0 0 0 0 0
14.85399 6.038497 4.298108 4.298108 4.298108 4.298108 4.298108 4.298108 4.298108 4.298108 4.298108 4.298108 4.298108 4.30716 10.43572 10.75992 10.75992 10.75992 10.75992 10.75992 10.75992 10.75992 10.75992 10.75992 10.75992 10.75992 10.75992 10.75992 10.75992 10.75992 9.253608 8.929443 8.929444 8.929443 8.929443 8.929444 8.929444 8.929444 0 0 0 0 0 0 0 0 0 0 0 0 0 0 0 0 0 0 0 0 0 0 0 0 0 0 0 0 0 0 0 0 0 0 0 0 0 0 0 0 0 0 0 0 0
14.85399 14.08076 13.50191 13.66768 13.703 13.70025 13.69749 13.69473 13.69197 13.68921 13.68645 13.68369 13.68375 14.11102 13.8754 10.91408 10.75992 10.75992 10.75992 10.75992 10.75992 10.75992 10.75992 10.75992 10.75992 10.75992 10.75992 10.75992 10.75992 10.59074 8.930658 8.929444 8.929444 8.929444 8.929444 8.929443 8.929444 8.929444 8.929444 0 0 0 0 0 0 0 0 0 0 0 0 0 0 0 0 0 0 0 0 0 0 0 0 0 0 0 0 0 0 0 0 0 0 0 0 0 0 0 0 0 0 0 0
14.854 14.85399 14.85399 14.85399 14.85399 14.85399 14.85399 14.85399 14.85399 14.85399 14.85399 14.85399 14.85399 14.85399 14.85399 11.67497 10.75992 10.75992 10.75992 10.75992 10.75992 10.75992 10.75992 10.75992 10.75992 10.75992 10.75992 10.75992 10.75992 10.50571 8.929444 8.929445 8.929445 8.929445 8.929445 8.929444 8.929444 8.929445 8.929444 0 0 0 0 0 0 0 0 0 0 0 0 0 0 0 0 0 0 0 0 0 0 0 0 0 0 0 0 0 0 0 0 0 0 0 0 0 0 0 0 0 0 0 0
14.854 14.854 14.85399 14.854 14.85399 14.854 14.85399 14.854 14.85399 14.854 14.85399 14.854 14.85399 14.854 14.85399 14.78167 13.79535 11.90647 10.75992 10.75992 10.75992 10.75992 10.75992 10.75992 10.75992 10.75992 10.75992 10.75992 10.75992 10.66244 9.134723 8.929444 8.929444 8.929444 8.929444 8.929444 8.929444 8.929444 8.929444 0 0 0 0 0 0 0 0 0 0 0 0 0 8.929443 8.929444 0 8.929443 8.929444 0 0 0 0 0 0 0 0 0 0 0 0 0 0 0 0 0 0 0 0 0 0 0 0 0 0
14.85399 14.854 14.85399 14.854 14.85399 14.85399 14.85399 14.85399 14.85399 14.854 14.85399 14.85399 14.85399 14.85399 14.85399 14.85399 14.85399 14.62601 11.42498 10.75992 10.75992 10.75992 10.75992 10.75992 10.75992 10.75992 10.75992 10.75992 10.75992 10.57467 9.471484 8.929444 8.929443 8.929444 8.929443 8.929444 8.929443 8.929444 8.929444 8.929444 0 0 0 0 0 0 0 0 0 0 0 8.929444 8.929444 8.929444 8.929443 8.929443 8.929444 8.929444 0 0 0 0 0 0 0 0 0 0 0 0 0 0 0 0 0 0 0 0 0 0 0 0 0
14.85399 14.85399 14.85399 14.85399 14.85399 14.85399 14.85399 14.85399 14.85399 14.85399 14.85399 14.85399 14.85399 14.85399 14.85399 14.85399 14.85399 14.85399 14.17932 10.79552 10.75992 10.75992 10.75992 10.75992 10.75992 10.75992 10.75992 10.75992 10.75992 9.24497 8.929444 8.929443 8.929444 8.929443 8.929444 8.929444 8.929444 8.929443 8.929444 8.929443 8.929444 8.929444 0 0 0 0 8.929444 8.929443 8.929444 8.929444 8.929443 8.929444 8.929444 8.929443 8.929444 8.929444 8.929444 8.929443 0 0 0 0 0 0 0 0 0 0 0 0 0 0 0 0 0 0 0 0 0 0 0 0 0
14.85399 14.85399 14.85399 14.85399 14.85399 14.85399 14.85399 14.854 14.85399 14.854 14.85399 14.85399 14.85399 14.85399 14.85399 14.854 14.85399 14.85399 14.85399 12.3271 10.75992 10.75992 10.75992 10.75992 10.75992 10.75992 10.75992 10.75992 10.7234 9.030113 8.929444 8.929444 8.929444 8.929444 8.929444 8.929444 8.929444 8.929444 8.929444 8.929444 8.929444 8.929444 8.929444 8.929444 8.929444 8.929443 8.929444 8.929443 8.929444 8.929443 8.929444 8.929444 8.929444 8.929444 8.929444 8.929444 8.929445 8.929443 0 0 0 0 0 0 0 0 0 0 0 0 0 0 0 0 0 0 0 0 0 0 0 0 0
14.85399 14.85399 14.85399 14.85399 14.85399 14.85399 14.85399 14.85399 14.85399 14.85399 14.85399 14.85399 14.85399 14.85399 14.85399 14.85399 14.85399 14.85399 14.85399 13.77198 10.83676 11.15231 10.75992 10.75992 10.75992 10.75992 10.75992 10.75992 10.38259 8.929444 8.929444 8.929444 8.929444 8.929444 8.929444 8.929444 8.929444 8.929444 8.929444 8.929444 8.929444 8.929444 8.929444 8.929444 8.929444 8.929444 8.929444 8.929444 8.929444 8.929444 8.929444 8.929444 8.929444 8.929444 8.929444 8.929444 8.929444 8.929444 0 0 0 0 0 0 0 0 0 0 0 0 0 0 0 0 0 0 0 0 0 0 0 0 0
14.85399 14.85399 14.85399 14.85399 14.85399 14.85399 14.85399 14.854 14.85399 14.85399 14.85399 14.85399 14.85399 14.85399 14.85399 14.85399 14.85399 14.85399 14.85399 14.85399 14.69534 14.7666 11.35743 10.75992 10.75992 10.75992 10.75973 10.53691 10.34566 8.929444 8.929444 8.929444 8.929444 8.929443 8.929444 8.929443 8.929444 8.929444 8.929444 8.929444 8.929444 8.929443 8.929444 8.929443 8.929444 8.929444 8.929444 8.929444 8.929443 8.929444 8.929444 8.929444 8.929443 8.929444 8.929443 8.929443 8.929443 8.929443 0 0 0 0 0 0 0 0 0 0 0 0 0 0 0 0 0 0 0 0 72.17516 72.17516 72.17516 0 0
14.85399 14.85399 14.85399 14.85399 14.85399 14.85399 14.85399 14.85399 14.85399 14.85399 14.854 14.85399 14.854 14.85399 14.85399 14.85399 14.85399 14.85399 14.854 14.85399 14.85399 14.85399 12.82403 10.75992 10.75992 10.75992 10.17923 8.929444 9.023878 8.929444 8.929444 8.929444 8.929444 8.929444 8.929444 8.929444 8.929445 8.929444 8.929444 8.929444 8.929444 8.929444 8.929444 8.929444 8.929444 8.929444 8.929444 8.929444 8.929444 8.929445 8.929444 8.929445 8.929444 8.929444 8.929444 8.929444 0 0 0 0 0 0 0 0 0 0 0 0 0 0 0 0 0 0 0 0 72.17516 72.17516 72.17517 72.17516 72.17516 72.17516 0
14.85399 14.85399 14.85399 14.85399 14.85399 14.85399 14.854 14.85399 14.85399 14.85399 14.85399 14.85399 14.85399 14.85399 14.85399 14.85399 14.85399 14.85399 14.85399 14.85399 14.85399 14.14133 12.31449 10.92552 10.75709 10.21271 9.088082 8.929444 8.929444 8.929444 8.929443 8.929444 8.929444 8.929444 8.929444 8.929443 8.929444 8.929444 8.929444 8.929444 8.929444 8.929443 8.929444 8.929444 8.929444 8.929444 8.929444 8.929444 8.929444 8.929444 8.929444 8.929444 8.929444 8.929444 8.929443 8.929444 0 0 0 0 0 0 0 0 0 0 0 0 0 0 0 0 0 0 0 0 72.17516 72.17516 72.17516 72.17516 72.17516 72.17517 72.17516
0 14.85399 14.85399 14.85399 14.854 14.85399 14.854 14.85399 14.854 14.85399 14.854 14.85399 14.854 14.85399 14.854 14.85399 14.854 14.85399 14.854 14.85399 13.72327 12.17857 12.16669 12.15187 12.11189 10.54465 8.929444 8.929444 8.929444 8.929444 8.929444 8.929444 8.929444 8.929444 8.929444 8.929444 8.929444 8.929443 8.929444 8.929443 8.929444 8.929444 8.929444 8.929444 8.929444 8.929444 8.929443 8.929444 8.929444 8.929444 8.929444 8.929444 8.929444 8.929444 8.929444 8.929443 0 0 0 0 0 0 0 0 0 0 0 0 0 0 0 0 0 0 0 0 72.17516 72.17517 72.17516 72.17517 72.17516 72.17517 72.17516
0 0 14.85399 14.85399 14.85399 286.2606 513.6282 59.74351 14.85399 14.85399 14.85399 14.85399 14.85399 14.85399 14.85399 14.85399 14.85399 14.85399 14.85399 13.73687 12.17633 12.16668 12.16668 12.16668 12.16668 11.24323 8.978238 8.929444 8.929444 8.929444 8.929444 8.929444 8.929444 8.929444 8.929444 8.929444 8.929444 8.929444 8.929444 8.929444 8.929444 8.929444 8.929444 8.929444 8.929444 8.929444 8.929444 8.929444 8.929444 8.929444 8.929444 8.929444 8.929444 8.929444 8.929443 0 0 0 0 0 0 0 0 0 0 0 0 0 0 0 0 0 0 0 0 0 72.17516 72.17517 72.17516 72.17516 72.17516 72.17516 72.17516
0 0 14.85399 14.85399 874.2551 1450.565 1453.856 1289.827 418.3917 14.854 14.85399 14.854 14.85399 14.854 14.85399 14.854 14.854 14.854 13.74963 12.17797 12.16668 12.16668 12.16668 12.16668 12.16668 12.16668 11.47805 8.968655 8.929444 8.929444 8.929444 8.929444 8.929444 8.929444 8.929444 8.929445 8.929444 8.929444 8.929444 8.929444 8.929444 8.929445 8.929444 8.929444 8.929444 8.929444 8.929444 8.929444 8.929445 8.929444 8.929445 8.929444 8.929444 8.929444 8.929444 0 0 0 0 0 0 0 0 0 0 0 0 0 0 0 0 0 0 0 0 0 72.17516 72.17516 72.17516 72.17516 72.17516 72.17516 72.17516
0 0 14.85399 262.2353 1200.564 1453.856 1453.855 1453.856 1209.057 14.85399 14.85399 14.85399 14.85399 14.85399 14.85399 14.85399 14.74599 13.2193 12.17573 12.16669 12.16668 12.16668 12.16669 12.16669 12.16668 12.16669 12.16668 9.799288 8.929444 8.929444 8.929444 8.929444 8.929444 8.929444 8.929444 8.929444 8.929444 8.929444 8.929444 8.929444 8.929444 8.929444 8.929444 8.929444 8.929444 8.929444 8.929444 8.929444 8.929444 8.929444 8.929444 8.929444 8.929444 8.929444 8.929444 0 0 0 0 0 0 0 0 0 0 0 0 0 0 0 0 0 0 0 0 0 0 72.17516 72.17516 72.17516 72.17516 72.17516 72.17516
0 0 0 1453.856 1453.855 1453.856 1453.856 1453.855 1270.564 14.854 14.85399 14.85399 14.854 14.85399 14.85399 14.74336 12.85144 12.16668 12.16668 12.16668 12.16668 12.16668 12.16668 12.16668 12.16668 12.16668 11.9915 9.285918 8.929444 8.929444 8.929443 8.929444 8.929443 8.929444 8.929443 8.929444 8.929443 8.929444 8.929443 8.929444 8.929443 8.929444 8.929443 8.929444 8.929443 8.929444 8.929444 8.929443 8.929444 8.929443 8.929444 8.929443 8.929444 8.929443 8.929444 8.929444 8.929443 0 0 0 0 0 0 0 0 0 0 0 0 0 0 0 0 0 0 0 0 0 0 72.17516 72.17517 72.17516 72.17516
0 0 1453.856 1453.855 1453.856 0 1453.855 1453.855 938.2999 14.85399 14.854 14.85399 14.85399 14.85399 14.73354 12.84831 12.16668 12.16668 12.16668 12.16668 12.16668 12.16668 12.16668 12.16668 12.16668 12.16668 11.30543 8.929444 8.929444 8.929444 8.929444 8.929444 8.929444 8.929444 8.929444 8.929444 8.929444 8.929444 8.929444 8.929444 8.929444 8.929444 8.929444 8.929444 8.929444 8.929444 8.929444 8.929444 8.929444 8.929444 8.929444 8.929444 8.929444 8.929444 8.929444 8.929444 8.929444 8.929444 8.929445 0 0 0 0 0 0 0 0 0 0 0 0 0 0 0 0 0 0 0 0 0 72.17516 72.17516 72.17516
0 0 0 0 0 0 0 0 14.85399 14.85399 14.85399 14.85399 14.85399 14.74296 12.84518 12.16668 12.16668 12.16668 12.16668 12.16668 12.16668 12.16668 12.16668 12.16668 12.16668 12.16668 12.1174 9.765623 8.929444 8.929444 8.929444 8.929444 8.929444 8.929444 8.929444 8.929444 8.929444 8.929444 8.929444 8.929444 8.929444 8.929444 8.929444 8.929444 8.929444 8.929444 8.929444 8.929444 8.929444 8.929444 8.929444 8.929444 8.929444 8.929444 8.929444 8.929444 8.929444 8.929444 8.929444 8.929445 8.929443 0 0 0 0 0 0 0 0 0 0 0 0 0 0 0 0 0 0 0 0 0 0
0 0 0 0 0 0 0 0 0 0 14.85399 14.85399 14.85399 13.15536 12.16668 12.16668 12.16668 12.16668 12.16668 12.16668 12.16668 12.16668 12.16668 12.16668 12.16668 12.16668 12.16668 12.11032 10.34441 9.211659 8.929444 8.929444 8.929444 8.929444 8.929444 8.929444 8.929444 8.929444 8.929444 8.929444 8.929444 8.929444 8.929444 8.929444 8.929444 8.929444 8.929444 8.929444 8.929444 8.929444 8.929444 8.929444 8.929444 8.929444 8.929444 8.929444 8.929444 8.929444 9.036695 10.34615 12.37459 14.21256 14.21256 14.21257 14.21256 14.21256 14.21256 14.21256 14.21256 14.21256 14.21256 0 0 0 0 0 0 0 0 0 0 0 0
0 0 0 0 0 0 0 0 0 0 0 14.85399 14.37242 12.19169 12.16668 12.16668 12.16668 12.16668 12.16668 12.16668 12.16668 12.16668 12.16668 12.16668 12.16668 12.16668 12.16668 12.16668 12.16668 12.08766 10.51615 8.97714 8.929444 8.929444 8.929444 8.929444 8.929444 8.929444 8.929444 8.929444 8.929444 8.929444 8.929444 8.929444 8.929444 8.929444 8.929444 8.929444 8.929444 8.929444 8.929444 8.929444 8.929444 8.929444 8.929444 9.341736 11.04623 12.75313 13.83421 14.21257 14.21256 14.21257 14.21257 14.21257 14.21257 14.21257 14.21257 14.21257 14.21257 14.21257 14.21256 14.21256 14.21256 14.21256 14.21256 0 0 0 0 0 0 0 0
0 0 0 0 0 0 0 0 0 0 0 14.55744 12.41234 12.16668 12.16668 12.16669 12.16668 12.16669 12.16668 12.16669 12.16668 12.16669 12.16669 12.16669 12.16668 12.16669 12.16668 12.16669 12.16668 12.16669 12.16668 10.08573 8.929444 8.929444 8.929444 8.929444 8.929444 8.929444 8.929444 8.929444 8.929444 8.929444 8.929444 8.929444 8.929444 8.929444 8.929444 8.929444 8.929444 9.214636 9.974447 8.937306 9.884926 11.66406 12.97794 14.13912 14.21257 14.21257 14.21257 14.21257 14.21257 14.21257 14.21257 14.21257 14.21257 14.21257 14.21257 14.21257 14.21257 14.21257 14.21257 14.21257 14.21257 14.21257 14.21257 14.21256 0 0 0 0 0 0 0
0 0 0 0 0 0 0 0 0 0 0 0 12.16668 12.16668 12.16668 12.16668 12.16668 12.16668 12.16668 12.16668 12.16668 12.16668 12.16668 12.16668 12.16668 12.16668 12.16668 12.16668 12.16668 12.16668 12.16668 11.36251 8.889993 8.781784 8.92362 8.776619 8.929444 8.929443 8.929444 8.929443 8.929444 8.929443 8.929443 8.929443 8.929443 8.929443 8.929443 8.929444 8.929444 12.39411 14.21179 14.11715 14.21256 14.21256 14.21256 14.21257 14.21256 14.21256 14.21256 14.21257 14.21256 14.21257 14.21256 14.21257 14.21256 14.21257 14.21256 14.21256 14.21256 14.21257 14.21256 14.21257 14.21257 14.21256 14.21256 14.21256 0 0 0 0 0 0 0
0 0 0 0 0 0 0 0 0 0 0 0 0 12.16668 12.16668 12.16669 12.16668 12.16669 12.16668 12.16669 12.16668 12.16668 12.16669 12.16669 12.16668 12.16669 12.16668 12.16669 12.16669 12.16669 12.16668 9.699653 7.791295 7.778839 7.837277 7.778968 7.957212 8.696503 8.929444 8.929444 8.929444 8.929444 8.929444 8.929444 8.929444 8.929444 8.929444 8.929444 8.766553 10.03065 14.19575 12.85266 9.521751 10.77271 14.16476 14.21256 14.21257 14.21256 14.21256 14.21256 14.21257 14.21256 14.21257 14.21256 14.21256 14.21256 14.21256 14.21256 14.21256 14.21256 14.21257 14.21257 14.21256 14.21256 0 0 0 0 0 0 0 0 0
0 0 0 0 0 0 0 0 0 0 0 0 0 0 12.16668 12.16668 12.16668 12.16668 12.16668 12.16668 12.16668 12.16668 12.16668 12.16668 12.16668 12.16668 12.16668 12.16668 12.16668 12.16668 10.6689 7.821794 7.777789 7.777789 7.777789 7.777789 7.777789 7.996513 8.855461 8.929444 8.929444 8.929444 8.929444 8.929444 8.929444 8.929444 8.929444 8.929444 8.557607 7.777789 8.820292 8.005435 7.777789 7.777789 8.706644 11.1566 14.08669 14.21256 14.21256 14.21256 14.21256 14.21256 14.21256 14.21256 14.21256 14.21256 14.21256 14.21256 14.21256 0 0 0 0 0 0 0 0 0 0 0 0 0 0
0 0 0 0 0 0 0 0 0 0 0 0 0 0 12.16668 12.16668 12.16668 12.16668 12.16668 12.16668 12.16668 12.16668 12.16668 12.16668 12.16668 12.16668 12.16668 12.16668 12.16668 11.43738 7.874274 7.777789 7.777789 7.777789 7.777789 7.777789 7.777789 7.777789 7.941719 8.775681 8.929444 8.929444 8.929444 8.929444 8.929444 8.929444 8.929444 8.929444 8.915084 7.98091 7.777789 7.777789 7.777789 7.777789 7.777789 7.777789 8.065183 10.79086 14.21257 14.21256 14.21256 14.21257 14.21257 14.21256 14.21257 14.21256 14.21256 14.21257 0 0 0 0 0 0 0 0 0 0 0 0 0 0 0
0 0 0 0 0 0 0 0 0 0 0 0 0 0 12.16668 12.16668 12.16668 12.16668 12.16668 12.16668 12.16668 12.16668 12.16668 12.16668 12.16668 12.16668 12.16668 12.16668 11.70283 8.402329 7.777789 7.777789 7.777789 7.777789 7.777789 7.777789 7.777789 7.777789 7.777789 7.839683 8.217538 8.5179 8.911859 8.929444 8.929444 8.929444 8.929444 8.929444 8.928183 8.128734 7.777789 7.777789 7.777789 7.777789 7.777789 7.777789 7.777789 9.765713 14.21257 14.21257 14.21257 14.21257 14.21257 14.21257 14.21257 14.21257 14.21257 14.21256 14.21256 14.21256 0 0 0 0 0 0 0 0 0 0 0 0 0
0 0 0 0 0 0 0 0 0 0 0 0 0 0 0 12.16668 12.16668 12.16668 12.16668 12.16668 12.16668 12.16668 12.16668 12.16668 12.16668 12.16668 12.16668 12.16668 9.611494 7.777789 7.777788 7.777788 7.777788 7.777788 7.777788 7.777789 7.777788 7.777789 7.777788 7.777788 7.777788 7.777789 7.994113 8.464487 8.626621 8.929443 8.407526 8.011261 7.900103 7.777788 7.777788 7.777788 7.777788 7.777788 7.777789 7.777788 7.777788 9.266036 11.31052 13.01454 14.21256 14.21256 14.21256 14.21256 14.21256 14.21256 14.21256 14.21256 14.21256 14.21256 0 0 0 0 0 0 0 0 0 0 0 0 0
0 0 0 0 0 0 0 0 0 0 0 0 0 0 0 0 12.16668 12.16668 12.16668 12.16668 12.16668 12.16668 12.16668 12.16668 12.16668 12.16668 12.16668 12.16668 9.487463 7.777789 7.777789 7.777789 7.777789 7.777789 7.777789 7.777789 7.777789 7.777789 7.777789 7.777789 7.777789 7.777789 7.777789 7.777789 7.781808 8.165767 7.778389 7.777789 7.777789 7.777789 7.777789 7.777789 7.777789 7.777789 7.777789 7.777789 7.777789 7.777789 7.777789 8.032401 10.53193 13.99195 14.21256 14.21256 14.21256 14.21256 14.21256 14.21256 14.21256 14.21256 14.21256 0 0 0 0 0 0 0 0 0 0 0 0
