Scenarios/Heterogeneous/data/country_data_population_distribution/processed/density_grids/png.asc
ncols 409
nrows 270
xllcorner 140
yllcorner -11
cellsize 0.041666666666667
NODATA_value -9999
[rows 74 to 110 of 270, columns 83 to 165 of 409]
25.63254 25.63254 25.63254 25.63254 25.63254 25.63254 25.63254 25.63254 25.63254 39.03149 42.15271 42.15271 34.09463 5.803204 5.803204 5.803204 5.803204 5.803204 5.803204 5.803204 5.803204 5.803204 5.803204 5.803204 5.803204 5.803204 5.803204 0 0 0 0 0 0 0 0 0 0 0 0 0 0 0 0 0 0 0 0 0 0 0 0 0 0 0 0 0 0 0 0 0 0 0 0 0 0 0 0 0 0 0 0 0 0 0 0 0 0 0 0 0 0 0 0
25.63254 25.63254 25.63254 25.63254 25.63254 25.63254 25.63254 25.63254 25.63254 39.24216 42.15271 42.15271 37.04519 5.803204 5.803204 5.803204 5.803204 5.803204 5.803204 5.803204 5.803204 5.803204 5.803204 5.803204 5.803204 5.803204 5.803204 0 0 0 0 0 0 0 0 0 0 0 0 0 0 0 0 0 0 0 0 0 0 0 0 0 0 0 0 0 0 0 0 0 0 0 0 0 0 0 0 0 0 0 0 0 0 0 0 0 0 0 0 0 0 0 0
25.63254 25.63254 25.63254 25.63254 25.63254 25.63254 25.63254 25.63254 25.63254 39.32315 42.15271 42.15271 37.5739 5.803204 5.803204 5.803204 5.803204 5.803204 5.803204 5.803204 5.803204 5.803204 5.803204 5.803204 5.803204 5.803204 5.803204 0 0 0 0 0 0 0 0 0 0 0 0 0 0 0 0 0 0 0 0 0 0 0 0 0 0 0 0 0 0 0 0 0 0 0 0 0 0 0 0 0 0 0 0 0 0 0 0 0 0 0 0 0 0 0 0
24.54317 19.76859 17.53191 17.51981 17.52662 17.53343 17.54024 17.54705 17.55386 25.72386 27.52054 27.98721 23.04668 5.803204 5.803204 5.803204 5.803204 5.803204 5.803204 5.803203 5.803204 5.803204 5.803204 5.803204 5.803204 5.803204 5.889027 0 0 0 0 0 0 0 0 27.21611 27.21611 0 0 0 0 0 0 0 0 0 0 0 0 0 0 0 0 0 0 0 0 0 0 0 0 0 0 0 0 0 0 0 0 0 0 0 0 0 0 0 0 0 0 0 0 0 0
5.803204 5.803204 5.803204 5.803204 5.803204 5.803204 5.803204 5.803204 5.803204 5.803204 5.803204 5.803204 5.803204 5.803204 5.803204 5.803204 5.803204 5.803204 5.803204 5.803204 5.803204 5.803204 5.803204 5.803204 5.803204 5.803204 9.3885 27.21611 27.21611 27.21611 27.21611 0 0 0 0 0 27.2161 27.21611 27.21611 0 0 0 0 0 0 0 0 0 0 0 0 0 0 0 0 0 0 0 0 0 0 0 0 0 0 0 0 0 0 0 0 0 0 0 0 0 0 0 0 0 0 0 0
5.803204 5.803204 5.803204 5.803204 5.803204 5.803204 5.803204 5.803204 5.803204 5.803204 5.803204 5.803204 5.803204 5.803204 5.803204 5.803204 5.803204 5.803204 5.803204 5.803204 5.803204 5.803204 5.803204 5.803204 5.803204 5.803204 9.319502 27.21611 27.21611 27.21611 27.21611 27.21611 27.21611 0 0 0 27.21611 27.21611 27.21611 0 0 0 0 0 0 0 0 0 0 0 0 0 0 0 0 0 0 0 0 0 0 0 0 0 0 0 0 0 0 0 0 0 0 0 0 0 0 0 0 0 0 0 0
5.803204 5.803204 5.803204 5.803204 5.803204 5.803204 5.803204 5.803204 5.803204 5.803204 5.803204 5.803204 5.803204 5.803204 5.803203 5.803204 5.803204 5.803204 5.803204 5.803204 5.803204 5.803204 5.803204 5.803204 5.803204 5.803204 9.336774 27.21611 27.21611 27.21611 27.21611 27.21611 27.21611 27.21611 0 0 27.21611 27.21611 27.21611 0 0 0 0 0 0 0 0 0 0 0 0 0 0 0 0 0 0 0 0 0 0 0 0 0 0 0 0 0 0 0 0 0 0 0 0 0 0 0 0 0 0 0 0
5.803204 5.803204 5.803204 5.803204 5.803204 5.803204 5.803204 5.803204 5.803204 5.803203 5.803204 5.803204 5.803204 5.803204 5.803204 5.803204 5.803204 5.803204 5.803204 5.803204 5.803204 5.803204 5.803204 5.803204 5.803204 5.803204 9.354066 27.21611 27.21611 27.21611 27.21611 27.21611 27.21611 27.21611 0 0 0 0 0 0 0 0 0 0 0 0 0 0 0 0 0 0 0 0 0 0 0 0 0 0 0 0 0 0 0 0 0 0 0 0 0 0 0 0 0 0 0 0 0 0 0 0 0
5.803204 5.803204 5.803204 5.803204 5.803204 5.803204 5.803204 5.803204 5.803204 5.803204 5.803204 5.803204 5.803204 5.803204 5.803204 5.803204 5.803204 5.803204 5.803204 5.803204 5.803204 5.803204 5.803204 5.803204 5.803204 5.803204 9.371358 27.21611 27.21611 27.21611 27.21611 27.21611 27.21611 27.21611 27.21611 27.21611 0 0 0 0 0 0 0 0 0 0 0 0 0 0 0 0 0 0 0 0 0 0 0 0 0 0 0 0 0 0 0 0 0 0 0 0 0 0 0 0 0 0 0 0 0 0 0
5.803204 5.803204 5.803204 5.803204 5.803204 5.803204 5.803204 5.803203 5.803204 5.803204 5.803204 5.803204 5.803204 5.803204 5.803204 5.803204 5.803204 5.803204 5.803204 5.803204 5.803204 5.803204 5.803204 5.803204 5.803204 5.803204 9.38865 27.21611 27.21611 27.21611 27.21611 27.21611 27.21611 27.21611 27.21611 27.21611 27.21611 0 0 0 0 0 0 0 0 0 0 0 0 0 0 0 0 0 0 0 0 0 0 0 0 0 0 0 0 0 0 0 0 0 0 0 0 0 0 0 0 0 0 0 0 0 0
5.803204 5.803204 5.803204 5.803204 5.803204 5.803204 5.803204 5.803204 5.803204 5.803204 5.803204 5.803204 5.803204 5.803204 5.803204 5.803204 5.803204 5.803204 5.803204 5.803204 5.803204 5.803204 5.803204 5.803204 5.803204 5.803204 9.405941 27.21611 27.21611 27.21611 27.21611 27.21611 27.21611 27.21611 27.21611 27.21611 27.21611 0 0 0 0 0 0 0 0 0 0 0 0 0 0 0 0 0 0 0 0 0 0 0 0 0 0 0 0 0 0 0 0 0 0 0 0 0 0 0 0 0 0 0 0 0 0
5.803204 5.803204 5.803204 5.803204 5.803204 5.803204 5.803204 5.803204 5.803203 5.803204 5.803204 5.803204 5.803204 5.803204 5.803204 5.803204 5.803204 5.803204 5.803204 5.803204 5.803204 5.803204 5.803204 5.803204 5.803204 5.803204 9.423231 27.21611 27.21611 27.21611 27.21611 27.21611 27.21611 27.21611 27.21611 27.21611 27.21611 27.21611 0 0 0 0 0 0 0 0 0 0 0 0 0 0 0 0 0 0 0 0 0 0 0 0 0 0 0 0 0 0 0 0 0 0 0 0 0 0 0 0 0 0 0 0 0
5.803204 5.803204 5.803204 5.803204 5.803204 5.803204 5.803204 5.803204 5.803204 5.803204 5.803204 5.803204 5.803204 5.803204 5.803204 5.803204 5.803204 5.803204 5.803204 5.803204 5.803204 5.803204 5.803204 5.803204 5.803204 5.803204 9.440523 27.21611 27.21611 27.21611 27.21611 27.21611 27.21611 27.21611 27.21611 27.21611 27.21611 27.21611 27.21611 27.21611 27.21611 0 0 0 0 0 0 0 0 0 0 0 0 0 0 0 0 0 0 0 0 0 0 0 0 0 0 0 0 0 0 0 0 0 0 0 0 0 0 0 0 0 0
5.803204 5.803204 5.803204 5.803204 5.803204 5.803204 5.803204 5.803204 5.803204 5.803204 5.803204 5.803204 5.803204 5.803204 5.803204 5.803204 5.803204 5.803204 5.803204 5.803204 5.803204 5.803204 5.803204 5.803204 5.803204 5.803204 9.457812 27.21611 27.21611 27.21611 27.21611 27.21611 27.21611 27.21611 27.21611 27.21611 27.21611 27.21611 27.21611 27.21611 27.21611 27.21611 27.21611 27.21611 27.21611 27.21611 0 0 0 0 0 0 0 0 0 0 0 0 0 0 0 0 0 0 0 0 0 0 0 0 0 0 0 0 0 0 0 0 0 0 0 0 0
5.803204 5.803204 5.803204 5.803204 5.803204 5.803204 5.803204 5.803204 5.803204 5.803203 5.803204 5.803204 5.803204 5.803204 5.803204 5.803204 5.803204 5.803204 5.803204 5.803204 5.803204 5.803204 5.803204 5.803204 5.803204 5.803204 9.475103 27.21611 27.21611 27.21611 27.21611 27.21611 27.21611 27.21611 27.21611 27.21611 27.21611 27.21611 27.21611 27.21611 27.21611 27.21611 27.21611 27.21611 27.21611 27.21611 27.21611 0 0 0 0 0 0 0 0 0 0 0 0 0 0 0 0 0 0 0 0 0 0 0 0 0 0 0 0 0 0 0 0 0 0 0 0
5.803204 5.803204 5.803204 5.803204 5.803204 5.803204 5.803204 5.803204 5.803204 5.803204 5.803204 5.803204 5.803204 5.803204 5.803204 5.803204 5.803204 5.803204 5.803204 5.803204 5.803204 5.803204 5.803204 5.803204 5.803204 5.803204 9.492393 27.21611 27.21611 27.21611 27.21611 27.21611 27.21611 27.21611 27.21611 27.21611 27.21611 27.21611 27.21611 27.21611 27.21611 27.21611 27.21611 27.21611 27.21611 27.21611 27.21611 27.21611 27.21611 0 0 0 0 0 0 0 0 0 0 0 0 0 0 0 0 0 0 0 0 0 0 0 0 0 0 0 0 0 0 0 0 0 0
5.803204 5.803204 5.803204 5.803204 5.803204 5.803204 5.803204 5.803204 5.803204 5.803204 5.803204 5.803204 5.803204 5.803204 5.803204 5.803204 5.803204 5.803204 5.803204 5.803204 5.803204 5.803204 5.803204 5.803204 5.803204 5.803204 9.514512 27.21611 27.21611 27.21611 26.25811 26.32118 27.21611 27.21611 27.21611 27.21611 27.21611 27.21611 27.21611 27.21611 27.21611 27.21611 27.21611 27.21611 27.21611 27.21611 27.21611 27.21611 31.62667 0 0 0 0 0 0 0 0 0 0 51.86281 51.86282 51.86281 0 0 0 0 0 0 0 0 0 0 0 0 0 0 0 0 0 0 0 0 0
5.803204 5.803204 5.803204 5.803204 5.803204 5.803204 5.803204 5.803204 5.803204 5.803204 5.803204 5.803204 5.803204 5.803204 5.803204 5.803204 5.803204 5.803204 5.803204 5.803204 5.803204 5.803204 5.803204 5.803204 5.803204 5.803203 9.420657 25.15441 21.26932 17.32236 13.34103 15.31754 24.02626 21.36513 18.12687 15.92431 16.82781 24.55317 27.21611 27.21611 27.21611 27.21611 27.21611 27.21611 27.21611 27.21611 27.43545 35.71886 49.99201 51.86282 51.86281 0 0 0 0 0 0 0 51.86282 51.86282 51.86282 51.86282 51.86281 0 0 0 0 0 0 0 0 0 0 0 0 0 0 0 0 0 0 0 0
5.803204 5.803204 5.803204 5.803204 5.803204 5.803204 5.803203 5.803204 5.803204 5.803204 5.803204 5.803204 5.803204 5.803204 5.803204 5.803204 5.803204 5.803204 5.803204 5.803204 5.803204 5.803204 5.803204 5.803204 5.803204 6.043199 10.62388 12.8956 12.86903 12.86903 12.86903 12.86903 12.86903 12.86903 12.86903 12.86903 12.86903 13.08191 21.28451 27.21577 27.21611 27.21611 27.21611 27.21611 27.21611 31.12325 46.42463 51.86282 51.86282 51.86281 51.86281 0 0 0 0 0 0 0 51.86281 51.86282 51.86282 51.86282 51.86281 0 0 0 0 0 0 0 0 0 0 0 0 0 0 0 0 0 0 0 0
5.803204 5.803204 5.803204 5.803204 5.803204 5.803204 5.803204 5.803204 5.803204 5.803204 5.803204 5.803204 5.803204 5.803204 5.803204 5.803204 5.803204 5.803204 5.803204 5.803204 5.803204 5.803204 5.803204 5.803204 7.032022 11.98848 12.86903 12.86903 12.86903 12.86903 12.86903 12.86903 12.86903 12.86903 12.86903 12.86903 12.86903 12.86903 12.86903 16.28788 19.07091 19.41157 25.6213 27.33135 38.24955 50.90445 51.86282 51.86282 51.86282 51.86282 51.86282 51.86281 0 0 0 0 0 0 51.86281 51.86282 51.86282 51.86282 51.86282 0 0 0 0 0 0 0 0 0 0 0 0 0 0 0 0 0 0 0 0
5.803204 5.803204 5.803204 5.803204 5.803204 5.803204 5.803204 5.803204 5.803204 5.803204 5.803204 5.803204 5.803204 5.803204 5.803204 5.803204 5.803204 5.803204 5.803204 5.803204 5.803204 5.803204 5.803204 8.894589 12.57814 12.86903 12.86903 12.86903 12.86903 12.86903 12.86903 12.86903 12.86903 12.86903 12.86903 12.86903 12.86903 12.86903 12.86903 12.86903 12.86903 12.86903 15.29448 42.98073 51.86282 51.86282 51.86282 51.86281 51.86282 51.86282 51.86282 51.86281 51.86281 0 0 0 0 0 51.86282 51.86282 51.86282 51.86281 51.86282 0 0 0 0 0 0 0 0 0 0 0 0 0 0 0 0 0 0 0 0
5.803204 5.803204 5.803204 5.803204 5.803204 5.803204 5.803204 5.803204 5.803204 5.803204 5.803204 5.803204 5.803204 5.803204 5.803204 5.803204 5.803204 5.803204 5.803204 5.803204 5.803204 6.164011 10.49645 12.86664 12.86903 12.86903 12.86903 12.86903 12.86903 12.86903 12.86903 12.86903 12.86903 12.86903 12.86903 12.86903 12.86903 12.86903 12.86903 12.86903 12.86903 12.86903 12.86903 18.61982 50.3095 51.86281 51.86281 51.86282 51.86281 51.86281 51.86281 51.86281 51.86281 51.86282 0 0 0 0 51.86281 51.86282 51.86282 51.86281 51.86282 0 0 0 0 0 0 0 0 0 0 0 0 0 0 0 0 0 0 0 0
5.803204 5.803204 5.803204 5.803204 5.803204 5.803204 5.803204 5.803204 5.803204 5.803204 5.803204 5.803204 5.803204 5.803204 5.803204 5.803204 5.803204 5.803204 5.803204 5.803204 7.309412 11.67396 12.86903 12.86903 12.86903 12.86903 12.86903 12.86903 12.86903 12.86903 12.86903 12.86903 12.86903 12.86903 12.86903 12.86903 12.86903 12.86903 12.86903 12.86903 12.86903 12.86903 12.86903 12.86903 23.29989 40.22988 46.87152 51.86281 51.86282 51.86281 51.86281 51.86281 51.86282 51.86282 51.86281 0 0 0 0 51.86281 51.86282 0 0 0 0 51.86281 51.86281 51.86281 0 0 0 0 0 0 0 0 0 0 0 0 0 0 0
5.803204 5.803204 5.803204 5.803204 5.803204 5.803204 5.803204 5.803204 5.803204 5.803204 5.803204 5.803204 5.803204 5.803204 5.803204 5.803204 5.803204 5.803204 5.811761 8.755066 12.55517 12.86903 12.86903 12.86903 12.86903 12.86903 12.86903 12.86903 12.86903 12.86903 12.86903 12.86903 12.86903 12.86903 12.86903 12.86903 12.86903 12.86903 12.86903 12.86903 12.86903 12.86903 12.86903 12.86903 12.86903 12.86903 25.29207 51.71621 51.86281 51.86282 51.86282 51.86282 51.86281 51.86282 51.86281 51.86281 0 0 0 0 0 0 0 0 0 51.86281 51.86282 51.86281 0 0 0 0 0 0 0 0 0 0 0 0 0 0 0
5.803204 5.803204 5.803204 5.803204 5.803204 5.803204 5.803204 5.803204 5.803204 5.803204 5.803204 5.803204 5.803204 5.803204 5.803204 5.803204 5.803204 6.31931 10.25567 12.86903 12.86903 12.86903 12.86903 12.86903 12.86903 12.86903 12.86903 12.86903 12.86903 12.86903 12.86903 12.86903 12.86903 12.86903 12.86903 12.86903 12.86903 12.86903 12.86903 12.86903 12.86903 12.86903 12.86903 12.86903 12.86903 12.86903 25.79236 51.52727 51.78392 51.86282 51.86282 51.86282 51.86282 51.86282 51.86282 51.86282 51.86281 0 0 0 0 0 0 0 0 0 0 0 0 0 0 0 0 0 0 0 0 0 0 0 0 0 0
5.803204 5.803204 5.803204 5.803204 5.803204 5.803204 5.803204 5.803204 5.803204 5.803204 5.803204 5.803204 5.803204 5.803204 5.803204 5.803204 7.183185 11.73024 12.86903 12.86903 12.86903 12.86903 12.86903 12.86903 12.86903 12.86903 12.86903 12.86903 12.86903 12.86903 12.86903 12.86903 12.86903 12.86903 12.86903 12.86903 12.86903 12.86903 12.86903 12.86903 12.86903 12.86903 12.86903 12.86903 21.69475 37.56598 49.63481 51.526 51.55976 51.82651 51.86281 51.86282 51.86281 51.86282 51.86281 51.86282 51.86281 0 0 0 0 0 0 0 0 0 0 0 0 0 0 0 0 0 0 0 0 0 0 0 0 0 0
5.803204 5.803204 5.803204 5.803204 5.803204 5.803204 5.803204 5.803204 5.803204 5.803204 5.803204 5.803204 5.803204 5.803204 5.839328 8.510179 12.70189 12.86903 12.86903 12.86903 12.86903 12.86903 12.86903 12.86903 12.86903 12.86903 12.86903 12.86903 12.86903 12.86903 12.86903 12.86903 12.86903 12.86903 12.86903 12.86903 12.86903 12.74051 12.80729 12.86903 12.86903 12.86903 12.86903 14.02976 49.25626 51.526 51.52601 51.526 51.52601 51.53463 51.54949 51.83353 51.86282 51.86281 51.86281 51.86282 0 0 0 0 0 0 0 0 0 0 0 0 0 0 0 0 0 0 0 0 0 0 0 0 0 0 0
5.803204 5.803204 5.803204 5.803204 5.803204 5.803204 5.803204 5.803204 5.803204 5.803204 5.803204 5.803204 5.833313 6.715507 10.70809 12.86903 12.86903 12.86903 12.86903 12.86903 12.86903 12.86903 12.86903 12.86903 12.86903 12.86903 12.86903 12.86903 12.86903 12.86903 12.86903 12.86903 12.86903 12.86903 12.58194 12.36493 12.44009 12.08331 12.08547 12.38006 12.83938 12.86903 12.86903 12.86903 25.00454 51.52601 51.526 51.52601 51.526 51.52601 51.526 51.82878 51.84653 51.82716 51.84206 51.86282 51.86281 0 0 0 0 0 0 0 0 0 0 0 0 0 0 0 0 0 0 0 0 0 0 0 0 0 0
5.803204 5.803204 5.803204 5.803204 5.803204 5.803204 5.803204 5.803204 6.559788 10.65812 12.84679 16.81841 15.83107 12.86903 12.86903 12.86903 12.86903 12.86903 12.86903 12.86903 12.86903 12.86903 12.86903 12.86903 12.86903 12.86903 12.86903 12.86903 12.86903 12.86903 12.86903 12.86903 12.86903 12.86903 12.41022 12.07199 12.07199 12.07199 12.07199 12.07199 12.54308 12.86903 12.86903 12.86903 19.486 51.526 51.52601 51.52601 51.52601 51.526 51.52601 51.588 51.53199 51.526 51.53077 51.72751 51.82733 0 0 0 0 0 0 0 0 0 0 0 0 0 0 0 0 0 0 0 0 0 0 0 0 0 0
5.803204 5.803204 5.803204 7.924284 19.19658 11.86614 15.3509 18.31834 21.27413 21.38771 21.38771 21.38771 21.38711 17.99214 15.14897 13.49355 12.86903 12.86903 12.86903 12.86903 12.86903 12.86903 12.86903 12.86903 12.86903 12.86903 12.86903 12.86903 12.86903 12.86903 12.86903 12.86903 12.74622 12.28052 12.07254 12.07199 12.07199 12.07199 12.07199 12.07199 12.50047 12.86903 12.86903 12.86903 30.89587 51.526 51.526 51.526 51.526 51.52601 51.526 51.526 51.526 51.526 51.526 51.52606 51.54222 0 0 0 0 0 0 0 0 0 0 0 0 0 0 0 0 0 0 0 0 0 0 0 0 0 0
32.39661 47.33288 65.25877 80.9402 42.61905 21.38771 21.38771 21.38771 21.38771 21.38771 21.38771 21.38771 21.38771 21.38771 21.38771 19.94452 12.95676 12.86903 12.86903 12.86903 12.86903 12.86903 12.86903 12.86903 12.86903 12.86903 12.86903 12.86903 12.86903 12.86903 12.86903 12.86903 12.36181 12.07199 12.07199 12.07199 12.07199 12.07199 12.07199 12.07199 12.16013 12.71241 12.86903 12.86903 38.67194 51.52601 51.52601 51.52601 51.52601 51.52601 51.52601 51.52601 51.526 51.52601 51.52601 51.526 51.526 0 0 0 0 0 0 0 0 0 0 0 0 0 0 0 0 0 0 0 0 0 0 0 0 0 0
85.63508 85.63508 85.49342 44.61481 21.38771 21.38771 21.38771 21.38771 21.38771 21.38771 21.38771 21.38771 21.38771 21.38771 21.38771 21.38771 15.01146 12.86903 12.86903 12.86903 12.86903 12.86903 12.86903 12.86903 12.86903 12.86903 12.86903 12.86903 12.86903 12.86903 12.86903 12.86903 12.82598 12.13613 12.07199 12.07199 12.07199 12.07199 12.07199 12.07199 12.07199 12.16678 12.86903 17.73287 50.67365 51.52601 51.526 51.52601 51.526 51.52601 51.526 51.52601 51.526 51.52601 51.526 51.52601 51.526 0 0 0 0 0 0 0 0 0 0 0 0 0 0 0 0 0 0 0 0 0 0 0 0 0 0
85.63507 85.63507 76.45206 21.38771 21.38771 21.38771 21.38771 21.38771 21.38771 21.38771 21.38771 21.38771 21.38771 21.38771 21.38771 21.38771 20.66754 16.33566 13.78747 12.86903 12.86903 12.86903 12.86903 12.86903 12.86903 12.86903 12.86903 12.86903 12.86903 12.86903 12.86903 12.86903 12.86903 12.22534 12.07199 12.07199 12.07199 12.07199 12.07199 12.07199 12.07199 12.15989 12.90138 37.07729 51.52601 51.526 51.52601 51.526 51.52601 51.526 51.52601 51.526 51.52601 51.526 51.52601 51.526 51.526 51.526 0 0 0 0 0 0 0 0 0 0 0 0 0 0 0 0 0 0 0 0 0 0 0 0 0
85.63508 85.63507 66.84009 21.38771 21.38771 21.38771 21.38771 21.38771 21.38771 21.38771 21.38771 21.38771 21.38771 21.38771 21.38771 21.38771 21.38771 21.38771 30.04958 62.14827 38.0605 23.63672 13.4476 12.86903 12.86903 12.86903 12.86903 12.86903 12.86903 12.86903 12.79054 12.78363 12.59635 12.08147 12.07199 12.07199 12.07199 12.07199 12.07199 12.07199 12.07199 17.18292 47.00343 51.52601 51.526 51.52601 51.52601 51.52601 51.526 51.52601 51.526 51.52601 51.526 51.52601 51.526 51.526 51.526 0 0 0 0 0 0 0 0 0 0 0 0 0 0 0 0 0 0 0 0 0 0 0 0 0 0
85.63508 85.63508 81.21752 27.5412 21.38771 21.38771 21.38771 21.38771 21.38771 21.38771 21.38771 21.38771 21.38771 21.38771 21.38771 21.38771 21.38771 21.38771 27.99627 86.18187 74.46758 55.74001 51.15773 37.5933 23.69143 13.19739 12.86903 12.86903 12.86903 12.66167 12.1003 12.07828 12.08141 12.07199 12.07199 12.07199 12.07199 12.07199 12.07199 12.07199 12.07199 12.33402 43.31324 51.526 51.526 51.526 51.526 51.52601 51.526 51.526 51.526 51.526 51.526 51.52601 51.526 51.526 0 0 0 0 0 0 0 0 0 0 0 0 0 0 0 0 0 0 0 0 0 0 0 0 0 0 0
73.01905 83.18858 75.82318 26.54675 21.38771 21.38771 21.38771 21.38771 21.38771 21.38771 21.38771 21.38771 21.38771 21.38771 21.38771 21.38771 21.38771 21.38771 36.89942 86.18188 86.18188 80.34003 55.31316 55.2903 55.2903 41.18604 14.03006 12.86903 12.86903 12.53737 12.07199 12.07199 12.07199 12.07199 12.07199 12.07199 12.07199 12.07199 12.07199 12.07199 12.07199 12.07199 13.56497 32.48597 46.94854 43.67046 51.52601 51.52601 51.52601 51.52601 51.52601 51.52601 51.52601 51.526 51.526 51.526 0 0 0 0 0 0 0 0 0 0 0 0 0 0 0 0 0 0 0 0 0 0 0 0 0 0 0
60.58318 61.92759 27.30494 21.38771 21.38771 21.38771 21.38771 21.38771 21.38771 21.38771 21.38771 21.38771 21.38771 21.38771 21.38771 21.38944 56.02043 60.87551 69.58913 86.18187 86.18188 71.03944 55.29029 55.29029 55.2903 55.29029 40.20553 13.21777 12.10753 12.23116 12.07199 12.07199 12.07199 12.07199 12.07199 12.07199 12.07199 12.07199 12.07199 12.07199 12.07199 12.07199 12.07199 12.07199 12.07199 14.9297 38.61056 41.51097 32.33352 43.69263 51.526 51.52601 51.526 48.58208 51.51624 51.526 0 0 0 0 0 0 0 0 0 0 0 0 0 0 0 0 0 0 0 0 0 0 0 0 0 0 0
