Scenarios/Heterogeneous/data/country_data_population_distribution/processed/density_grids/png.asc
ncols 409
nrows 270
xllcorner 140
yllcorner -11
cellsize 0.041666666666667
NODATA_value -9999
[rows 111 to 147 of 270, columns 0 to 82 of 409]
0 0 0 0 0 0 0 0 0 0 0 0 0 0 0 0 0 0 0 0 0 0 0 0 4.672832 4.672585 4.672585 4.672585 4.672585 4.672585 4.672585 4.672585 4.672585 4.672585 4.672585 4.672585 4.672585 4.672585 4.672585 4.672585 4.672585 4.672585 4.672585 4.672585 4.672585 4.672585 4.672585 4.672585 4.672585 4.974617 30.29376 43.30562 43.30562 43.30562 43.30562 43.30562 43.30562 43.30562 43.30562 43.30562 43.30562 43.30562 43.30562 43.30562 43.30562 43.30562 60.38904 60.58318 60.58318 60.58317 60.58318 60.58318 60.58318 60.58318 60.58318 60.58318 60.58318 60.58318 60.58318 60.58318 60.58318 60.58318 60.58318
0 0 0 0 0 0 0 0 0 0 0 0 0 0 0 0 0 0 0 0 0 0 0 0 4.672832 4.672585 4.672585 4.672585 4.672585 4.672585 4.672585 4.672585 4.672585 4.672585 4.672585 4.672585 4.672585 4.672586 4.672585 4.672586 4.672585 4.672585 4.672585 4.672585 4.672585 4.672585 4.672585 4.672585 4.672585 13.05278 43.30562 43.30562 43.30562 43.30562 43.30562 43.30562 43.30562 43.30562 43.30562 43.30562 43.30562 43.30562 43.30562 43.30562 43.30562 43.30562 60.40121 60.58318 60.58318 60.58318 60.58318 60.58318 60.58318 60.58318 60.58318 60.58318 60.58318 60.58318 60.58318 60.58318 60.58318 60.58318 60.58318
0 0 0 0 0 0 0 0 0 0 0 0 0 0 0 0 0 0 0 0 0 0 0 0 4.672832 4.672586 4.672586 4.672585 4.672586 4.672586 4.672586 4.672586 4.672586 4.672586 4.672586 4.672586 4.672586 4.672586 4.672586 4.672586 4.672585 4.672586 4.672586 4.672586 4.672586 4.672586 4.672585 4.672586 4.672586 10.89071 39.16492 43.30562 43.30562 43.30562 43.30562 43.30562 43.30562 43.30562 43.30562 43.30562 43.30562 43.30562 43.30562 43.30562 43.30562 43.30562 60.45187 60.58318 60.58318 60.58318 60.58318 60.58318 60.58318 60.58318 60.58318 60.58318 60.58318 60.58318 60.58318 60.58318 60.58318 60.58318 60.58318
0 0 0 0 0 0 0 0 0 0 0 0 0 0 0 0 0 0 0 0 0 0 0 0 4.672832 4.672586 4.672585 4.672586 4.672586 4.672586 4.672585 4.672586 4.672585 4.672585 4.672585 4.672586 4.672586 4.672586 4.672586 4.672585 4.672586 4.672585 4.672586 4.672585 4.672586 4.672586 4.672585 4.672585 4.672586 4.672586 8.272557 34.21545 43.30562 43.30562 43.30562 43.30562 43.30562 43.30562 43.30562 43.30562 43.30562 43.30562 43.30562 43.30562 43.30562 43.39441 60.58101 60.58318 60.58318 60.58318 60.58318 59.83781 56.37457 58.89414 59.84383 60.58318 60.58318 60.58318 60.58318 60.58318 60.58318 60.58318 60.58318
0 0 0 0 0 0 0 0 0 0 0 0 0 0 0 0 0 0 0 0 0 0 0 0 4.672832 4.672585 4.672585 4.672586 4.672585 4.672585 4.672585 4.672585 4.672585 4.672586 4.672585 4.672586 4.672585 4.672585 4.672585 4.672585 4.672586 4.672585 4.672585 4.672585 4.672585 4.672585 4.672586 4.672585 4.672585 4.672585 4.672585 5.487438 29.52159 43.30562 43.30562 43.30562 43.30562 43.30562 43.30562 43.30562 43.30562 43.30562 43.30562 43.30562 43.30562 43.3753 60.06507 60.58318 60.58318 60.58318 60.58318 58.18131 51.56566 51.30807 50.90861 52.27763 52.7642 54.616 55.60532 57.1524 60.53318 60.58318 57.2949
0 0 0 0 0 0 0 0 0 0 0 0 0 0 0 0 0 0 0 0 0 0 0 0 4.672832 4.672585 4.672585 4.672585 4.672585 4.672585 4.672585 4.672585 4.672585 4.672585 4.672585 4.672585 4.672585 4.672585 4.672585 4.672585 4.672585 4.672585 4.672585 4.672585 4.672585 4.672585 4.672585 4.672585 4.672585 4.672585 4.672585 3.981981 1.904038 23.40994 42.57125 43.30562 43.30562 43.30562 43.30562 43.30562 43.30562 43.30562 43.30562 43.30562 43.30562 43.30562 46.70572 54.30733 68.63078 60.58318 60.58318 60.58318 59.245 52.65124 50.82025 50.82025 50.82025 50.82025 50.82025 50.82025 52.60923 53.56799 51.01028
0 0 0 0 0 0 0 0 0 0 0 0 0 0 0 0 0 0 0 0 0 0 0 0 4.672832 4.672585 4.672585 4.672585 4.672585 4.672585 4.672585 4.672585 4.672585 4.672585 4.672585 4.672585 4.672585 4.672585 4.672585 4.672585 4.672585 4.672585 4.672585 4.672585 4.672585 4.672585 4.672585 4.672585 4.672585 4.672585 4.672585 3.459359 1.410285 1.410285 13.4626 39.12257 43.30562 43.30562 43.30562 43.30562 43.30562 43.30562 43.30562 43.30562 43.30562 43.30562 43.30562 79.2186 116.2707 105.4008 87.04076 68.40945 60.5452 54.76002 50.82025 50.82026 50.82025 50.82025 50.82026 50.82025 50.82025 50.82025 50.82025
0 0 0 0 0 0 0 0 0 0 0 0 0 0 0 0 0 0 0 0 0 0 0 0 4.672832 4.672585 4.672585 4.672586 4.672585 4.672585 4.672585 4.672585 4.672585 4.672585 4.672585 4.672585 4.672585 4.672585 4.672585 4.672585 4.672585 4.672585 4.672585 3.335595 2.737946 4.669451 4.672585 4.672585 4.672585 4.672585 4.672585 2.370321 1.410285 1.410285 1.410285 5.155515 35.97964 43.30562 43.30562 43.30562 43.30562 43.30562 43.30562 43.30562 43.30562 43.30562 43.30562 107.1639 116.3493 116.3493 116.3493 116.0939 108.6849 82.21584 59.72746 50.82025 50.82025 50.82025 50.82025 50.82025 50.82025 50.82025 50.82025
0 0 0 0 0 0 0 0 0 0 0 0 0 0 0 0 0 0 0 0 0 0 0 0 4.672832 4.672586 4.672586 4.672586 4.672585 4.672586 4.672586 4.672586 4.672585 4.672586 4.672585 4.672586 4.672586 4.672586 4.672586 4.672585 4.672586 4.672586 4.672586 4.385664 1.55637 2.085138 3.667656 4.66346 4.64829 3.690901 2.615041 1.503698 1.410285 1.410285 1.410285 1.410285 3.43134 26.01346 43.30562 43.30562 43.30562 43.30562 43.30562 43.30562 43.30562 43.30562 43.30562 55.57513 106.3828 116.3493 116.3493 116.3493 116.3493 116.3493 116.3099 90.10242 61.10995 53.98525 50.82256 50.82026 50.82025 50.82026 50.82025
0 0 0 0 0 0 0 0 0 0 0 0 0 0 0 0 0 0 0 0 0 0 0 0 4.672832 4.672585 4.672585 4.672585 4.672585 4.672586 4.672585 4.672586 4.672585 4.672585 4.672585 4.672586 4.672585 4.672585 4.672586 4.672586 4.672586 4.672585 4.672585 4.672586 2.933069 1.410285 1.410285 1.982549 1.914998 1.410285 1.410285 1.410285 1.410285 1.410285 1.410285 1.410285 1.410285 1.459678 21.10544 41.82247 43.30562 43.30562 43.30562 43.30562 43.30562 43.30562 43.30562 43.30562 100.9755 116.3493 116.3493 116.3493 116.3493 116.3493 116.3493 97.92283 72.80383 72.80383 61.95296 50.82025 50.82026 50.82025 50.82025
0 0 0 0 0 0 0 0 0 0 0 0 0 0 0 0 0 0 0 0 0 0 0 0 4.672832 4.672585 4.672585 4.672585 4.672585 4.672586 4.672585 4.672586 4.672585 4.672585 4.672585 4.672585 4.672585 4.672585 4.672586 4.672585 4.672585 4.672585 4.672586 4.672585 4.410392 1.553505 1.410285 1.410285 1.410285 1.410285 1.410285 1.410285 1.410285 1.410285 1.410285 1.410285 1.410285 1.410285 1.410285 11.29816 41.22521 43.30562 43.30562 43.30562 43.30562 43.30562 43.30562 47.79777 114.7595 116.3493 116.3493 116.3493 116.3493 116.3493 116.3493 97.41689 72.80383 72.80383 72.52049 57.26405 50.82025 50.82025 50.82025
0 0 0 0 0 0 0 0 0 0 0 0 0 0 0 0 0 0 0 0 0 0 0 0 4.672832 4.672585 4.672585 4.672586 4.672585 4.672585 4.672585 4.672585 4.672585 4.672586 4.672585 4.672585 4.672585 4.672585 4.672585 4.672585 4.672586 4.672585 4.672585 4.672585 4.672585 2.920116 1.410285 1.410285 1.410285 1.410285 1.410285 1.410285 1.410285 1.410285 1.410285 1.410285 1.410285 1.410285 1.410285 1.410285 10.04761 38.44005 43.30562 43.30562 43.30562 43.30562 43.30562 45.68348 115.5187 116.3493 116.3493 116.3493 116.3493 116.3493 116.3493 87.90513 72.80383 72.80383 72.80383 70.23503 53.06387 50.82026 50.82026
0 0 0 0 0 0 0 0 0 0 0 0 0 0 0 0 0 0 0 0 0 0 0 0 4.672832 4.672585 4.672586 4.672585 4.672585 4.672585 4.672585 4.672585 4.672585 4.672585 4.672585 4.672585 4.672585 4.672585 4.672585 4.672585 4.672585 4.672585 4.672585 4.672585 4.672585 4.426438 1.753826 1.410285 1.410285 1.410285 1.410285 1.410285 1.410285 1.410285 1.410285 1.410285 1.410285 1.410285 1.410285 1.410285 1.410285 5.267693 23.69792 52.58561 57.5462 58.276 45.59491 75.16823 116.3493 116.3493 88.97234 79.46007 85.30225 99.68781 115.8645 82.60468 72.80383 72.80383 72.80383 72.80383 70.74451 61.28808 50.82026
0 0 0 0 0 0 0 0 0 0 0 0 0 0 0 0 0 0 0 0 0 0 0 0 4.672832 4.672586 4.672585 4.672585 4.672586 4.672586 4.672586 4.672586 4.672586 4.672586 4.672586 4.672585 4.672585 4.672586 4.672586 4.672586 4.672586 4.672586 4.672586 4.672586 4.672586 4.672586 3.52716 1.410285 1.410285 1.410285 1.410285 1.410285 1.410285 1.410285 1.410285 1.410285 1.410285 1.410285 1.410285 1.410285 1.410285 1.410285 1.410285 68.99686 72.80383 72.80383 72.0911 94.41752 115.8351 114.7507 73.35299 72.80383 72.80383 72.80383 79.34245 74.75213 72.80383 72.80383 72.80383 72.80383 72.80383 134.5786 154.2294
0 0 0 0 0 0 0 0 0 0 0 0 0 0 0 0 0 0 0 0 0 0 0 0 4.672832 4.672585 4.672585 4.672585 4.672585 4.672585 4.672585 4.672585 4.672585 4.672586 4.672585 4.672585 4.672585 4.672585 4.672585 4.672585 4.672586 4.672585 4.672586 4.672585 4.672585 4.672585 4.636866 1.966572 1.410285 1.410285 1.410285 1.410285 1.410285 1.410285 1.410285 1.410285 1.410285 1.410285 1.410285 1.410285 1.410285 1.410285 1.410285 68.72169 72.80383 72.80383 72.80383 72.80383 88.97984 104.3517 72.80383 72.80383 72.80383 72.80383 72.80383 72.80383 72.80383 72.80383 72.80383 72.80383 72.80383 136.0385 189.8659
0 0 0 0 0 0 0 0 0 0 0 0 0 0 0 0 0 0 0 0 0 0 0 0 4.672832 4.672586 4.672586 4.672586 4.672586 4.672586 4.672586 4.672586 4.672586 4.672586 4.672586 4.672585 4.672586 4.672586 4.672586 4.672586 4.672586 4.672586 4.672586 4.672586 4.672586 4.672586 4.672586 2.872915 1.410285 1.410285 1.410285 1.410285 1.410285 1.410285 1.410285 1.410285 1.410285 1.410285 1.410285 1.410285 1.410285 1.410285 1.410285 68.78214 72.80383 72.80383 72.80383 72.80383 74.28606 99.55902 72.80383 72.80383 72.80383 72.80383 72.80383 72.80383 72.80383 72.80383 72.80383 72.80383 72.80383 136.2263 189.8659
0 0 0 0 0 0 0 0 0 0 0 0 0 0 0 0 0 0 0 0 0 0 0 0 4.672832 4.672586 4.672586 4.672586 4.672585 4.672586 4.672586 4.672586 4.672586 4.672586 4.672585 4.672586 4.672585 4.672585 4.672586 4.672585 4.672585 4.672585 4.672586 4.672586 4.672586 4.672585 3.655534 1.479592 1.410285 1.410285 1.410285 1.410285 1.410285 1.410285 1.410285 1.410285 1.410285 1.410285 1.410285 1.410285 1.410285 1.410285 1.410285 68.84259 72.80383 72.80383 72.80383 72.80383 72.80383 72.80383 72.80383 72.80383 72.80383 72.80383 72.80383 72.80383 72.80383 72.80383 72.80383 72.80383 72.80383 130.9697 189.8659
0 0 0 0 0 0 0 0 0 0 0 0 0 0 0 0 0 0 0 0 0 0 0 0 4.672832 4.672586 4.672586 4.672585 4.672585 4.672586 4.672585 4.672586 4.672585 4.672585 4.672585 4.672586 4.672586 4.672585 4.672586 4.672585 4.672586 4.672585 4.672586 4.672585 4.672586 4.31004 1.61263 1.410285 1.410285 1.410285 1.410285 1.410285 1.410285 1.410285 1.410285 1.410285 1.410285 1.410285 1.410285 1.410285 1.410285 1.410285 1.410285 68.90303 72.80383 72.80383 72.80383 72.80383 72.80383 72.80383 72.80383 72.80383 72.80383 72.80383 72.80383 72.80383 72.80383 72.80383 72.80383 72.80383 72.80383 47.91178 88.80841
0 0 0 0 0 0 0 0 0 0 0 0 0 0 0 0 0 0 0 0 0 0 0 0 4.672832 4.672585 4.672585 4.672585 4.672585 4.672585 4.672585 4.672585 4.672585 4.672585 4.672585 4.672585 4.672585 4.672586 4.672585 4.672585 4.672585 4.672585 4.672585 4.672585 4.439715 1.920177 1.410285 1.410285 1.410285 1.410285 1.410285 1.410285 1.410285 1.410285 1.410285 1.410285 1.410285 1.410285 1.410285 1.410285 1.410285 1.410285 1.410285 68.96348 72.80383 72.80383 72.80383 72.80383 72.80383 72.80383 72.80383 72.80383 72.80383 72.80383 72.80383 72.80383 68.71788 68.0338 68.64909 69.26438 68.61449 31.61861 28.53986
0 0 0 0 0 0 0 0 0 0 0 0 0 0 0 0 0 0 0 0 0 0 0 0 4.672832 4.672586 4.672586 4.672585 4.672585 4.672585 4.672586 4.672586 4.672585 4.366178 2.876978 3.615612 4.530126 4.672586 4.672586 4.672585 4.672586 4.672586 4.672586 4.663034 2.594953 1.410285 1.410285 1.410285 1.410285 1.410285 1.410285 1.410285 1.410285 1.410285 1.410285 1.410285 1.410285 1.410285 1.410285 1.410285 1.410285 1.410285 1.410285 39.00928 45.60841 60.23235 72.21266 72.80383 72.80383 72.80383 72.80383 72.80383 72.80383 72.80383 72.80383 69.72041 28.67969 28.53986 28.53986 28.53986 28.53986 28.53986 28.53986
0 0 0 0 0 0 0 0 0 0 0 0 0 0 0 0 0 0 0 0 0 0 0 0 4.672854 4.672585 4.672585 4.672586 4.672586 4.672585 4.672585 4.672585 4.672585 3.371871 1.410285 1.410285 1.506417 3.338166 4.672479 4.672586 4.672585 4.672586 4.672585 3.011575 1.410285 1.410285 1.410285 1.410285 1.410285 1.410285 1.410285 1.410285 1.410285 1.410285 1.410285 1.410285 1.410285 1.410285 1.410285 1.410285 1.410285 1.410285 1.410285 27.13021 28.53986 28.53986 31.53126 44.04051 54.94189 68.85084 72.80383 72.80383 72.80383 72.80383 72.80383 69.639 28.53986 28.53986 28.53986 28.53986 28.53986 28.53986 28.53986
0 0 0 0 0 0 0 0 0 0 0 0 0 0 0 0 0 0 0 0 0 0 0 0 4.672862 4.672585 4.672585 4.672586 4.672585 4.672586 4.672585 4.672586 4.672585 2.54878 1.410285 1.410285 1.410285 1.410285 1.767806 2.597604 3.005535 3.027818 2.851108 1.473242 1.410285 1.410285 1.410285 1.410285 1.410285 1.410285 1.410285 1.410285 1.410285 1.410285 1.410285 1.410285 1.410285 1.410285 1.410285 1.410285 1.410285 1.410285 1.410285 27.15635 28.53986 28.53986 28.53986 28.53986 28.53986 30.09519 52.56413 71.94261 72.80383 72.80383 72.80383 70.25868 28.53986 28.53986 28.53986 28.53986 28.53986 28.53986 28.53986
0 0 0 0 0 0 0 0 0 0 0 0 0 0 0 0 0 0 0 0 0 0 0 0 4.67266 4.672585 4.672585 4.672586 4.672586 4.672585 4.672585 4.672585 4.672585 2.497965 1.410285 1.410285 1.410285 1.410285 1.410285 1.410285 1.410285 1.410285 1.410285 1.410285 1.410285 1.410285 1.410285 1.410285 1.410285 1.410285 1.410285 1.410285 1.410285 1.410285 1.410285 1.410285 1.410285 1.410285 1.410285 1.410285 1.410285 1.410285 1.410285 27.18249 28.53986 28.53986 28.53986 28.53986 28.53986 28.53986 28.53986 34.84961 62.04309 68.9412 38.03607 36.40154 28.53986 28.53986 28.53986 28.53986 28.53986 28.53986 28.53986
0 0 0 0 0 0 0 0 0 0 0 0 0 0 0 0 0 0 0 0 0 0 0 4.676309 4.672585 4.672585 4.672585 4.672585 4.672585 4.672585 4.672585 4.672585 4.672585 3.622614 1.410285 1.410285 1.410285 1.410285 1.410285 1.410285 1.410285 1.410285 1.410285 1.410285 1.410285 1.410285 1.410285 1.410285 1.410285 1.410285 1.410285 1.410285 1.410285 1.410285 1.410285 1.410285 1.410285 1.410285 1.410285 1.410285 1.410285 1.410285 1.410285 27.20863 28.53986 28.53986 28.53986 28.53986 28.53986 28.53986 28.53986 28.53986 28.8025 47.88436 30.03096 28.53986 28.53986 28.53986 28.53986 28.53986 28.53986 28.53986 28.53986
0 0 0 0 0 0 0 0 0 0 0 0 0 0 0 0 0 0 0 0 0 0 0 4.672615 4.672585 4.672585 4.672585 4.672585 4.672585 4.672585 4.672585 4.672585 4.672585 3.182863 1.410285 1.410285 1.410285 1.410285 1.410285 1.410285 1.410285 1.410285 1.410285 1.410285 1.410285 1.410285 1.410285 1.410285 1.410285 1.410285 1.410285 1.410285 1.410285 1.410285 1.410285 1.410285 1.410285 1.410285 1.410285 1.410285 1.410285 1.410285 1.410285 27.23477 28.53986 28.53986 28.53986 28.53986 28.53986 28.53986 28.53986 28.53986 28.53986 28.53986 28.53986 28.53986 28.53986 28.53986 28.53986 28.53985 28.53986 28.53986 28.53986
0 0 0 0 0 0 0 0 0 0 0 0 0 0 0 0 0 0 0 0 0 0 0 4.672585 4.672585 4.672585 4.672586 4.672585 4.672586 4.672585 4.672586 4.672585 4.507868 1.611294 1.410285 1.410285 1.410285 1.410285 1.410285 1.410285 1.410285 1.410285 1.410285 1.410285 1.410285 1.410285 1.410285 1.410285 1.410285 1.410285 1.410285 1.410285 1.410285 1.410285 1.410285 1.410285 1.410285 1.410285 1.410285 1.410285 1.410285 1.410285 1.410285 27.26091 28.53985 28.53986 28.53986 28.53986 28.53986 28.53986 28.53986 28.53986 28.53986 28.53986 28.53986 28.53986 28.53986 28.53986 28.53986 28.53986 28.53986 28.53986 28.53986
0 0 0 0 0 0 0 0 0 0 0 0 0 0 0 0 0 0 0 0 0 0 0 4.672585 4.672586 4.672585 4.672585 4.672586 4.672586 4.672585 4.672586 4.672585 2.949776 1.410285 1.410285 1.410285 1.410285 1.410285 1.410285 1.410285 1.410285 1.410285 1.410285 1.410285 1.410285 1.410285 1.410285 1.410285 1.410285 1.410285 1.410285 1.410285 1.410285 1.410285 1.410285 1.410285 1.410285 1.410285 1.410285 1.410285 1.410285 1.410285 1.410285 27.28705 28.53986 28.53986 28.53986 28.53986 28.53986 28.53986 28.53986 28.53986 28.53986 28.53986 28.53986 28.53986 28.53986 28.53986 28.53986 28.53986 28.53986 28.53986 28.53986
0 0 0 0 0 0 0 0 0 0 0 0 0 0 0 0 0 0 0 0 0 0 4.680569 4.672586 4.672586 4.672586 4.672586 4.672586 4.672586 4.672586 4.672586 3.333346 1.466462 1.410285 1.410285 1.410285 1.410285 1.410285 1.410285 1.410285 1.410285 1.410285 1.410285 1.410285 1.410285 1.410285 1.410285 1.410285 1.410285 1.410285 1.410285 1.410285 1.410285 1.410285 1.410285 1.410285 1.410285 1.410285 1.410285 1.410285 1.410285 1.410285 1.410285 27.31319 28.53986 28.53986 28.53986 28.53986 28.53986 28.53986 28.53986 28.53986 28.53986 28.53986 28.53986 28.53986 28.53986 28.53986 28.53986 28.53986 28.53986 28.53986 28.53986
0 0 0 0 0 0 0 0 0 0 0 0 0 0 0 0 0 0 0 0 0 0 4.676159 4.672585 4.672585 4.672585 4.672585 4.672586 4.672585 4.672585 3.971671 1.434659 1.410285 1.410285 1.410285 1.410285 1.410285 1.410285 1.410285 1.410285 1.410285 1.410285 1.410285 1.410285 1.410285 1.410285 1.410285 1.410285 1.410285 1.410285 1.410285 1.410285 1.410285 1.410285 1.410285 1.410285 1.410285 1.410285 1.410285 1.410285 1.410285 1.410285 1.410285 27.33934 28.53986 28.53986 28.53986 28.53986 28.53986 28.53986 28.53986 28.53986 28.53986 28.53986 28.53986 28.53986 28.53986 28.53986 28.53986 28.53986 28.53986 28.53986 28.53986
0 0 0 0 0 0 0 0 0 0 0 0 0 0 0 0 0 0 0 0 0 4.525314 4.523359 4.526578 4.526578 4.526577 4.525312 4.50215 4.543819 4.672586 2.519349 1.410285 1.410285 1.410285 1.410285 1.410285 1.410285 1.410285 1.410285 1.410285 1.410285 1.410285 1.410285 1.410285 1.410285 1.410285 1.410285 1.410285 1.410285 1.410285 1.410285 1.410285 1.410285 1.410285 1.410285 1.410285 1.410285 1.410285 1.410285 1.410285 1.410285 1.410285 1.410285 27.36547 28.53986 28.53986 28.53985 28.53986 28.53985 28.53986 28.53986 28.53986 28.53985 28.53986 28.53986 28.53986 28.53986 28.53986 28.53986 28.53986 28.53986 28.53986 28.53986
0 0 0 0 0 0 0 0 0 0 0 0 0 0 0 0 0 0 0 0 0 1.410285 1.410285 1.410285 1.410285 1.410285 1.410285 1.410285 1.425392 3.023273 1.43643 1.410285 1.410285 1.410285 1.410285 1.410285 1.410285 1.410285 1.410285 1.410285 1.410285 1.410285 1.410285 1.410285 1.410285 1.410285 1.410285 1.410285 1.410285 1.410285 1.410285 1.410285 1.410285 1.410285 1.410285 1.410285 1.410285 1.410285 1.410285 1.410285 1.410285 1.410285 1.410285 27.39161 28.53986 28.53986 28.53986 28.53986 28.53986 28.53986 28.53986 28.53986 28.53985 28.53986 28.53986 28.53986 28.53986 28.53986 28.53985 28.53986 28.53986 28.53986 28.53986
0 0 0 0 0 0 0 0 0 0 0 0 0 0 0 0 0 0 0 0 2.114329 1.410285 1.410285 1.410285 1.410285 1.410285 1.410285 1.410285 1.410285 1.410285 1.410285 1.410285 1.410285 1.410285 1.410285 1.410285 1.410285 1.410285 1.410285 1.410285 1.410285 1.410285 1.410285 1.410285 1.410285 1.410285 1.410285 1.410285 1.410285 1.410285 1.410285 1.410285 1.410285 1.410285 1.410285 1.410285 1.410285 1.410285 1.410285 1.410285 1.410285 1.410285 1.410285 27.42097 28.53986 28.53986 28.53986 28.53986 28.53986 28.53986 28.53986 28.53986 28.53986 28.53986 28.53986 28.53986 28.53986 28.53986 28.53986 28.53986 28.53986 28.53986 28.53986
0 0 0 0 0 0 0 0 0 0 0 0 0 0 0 0 0 0 0 0 0 1.637757 1.410285 1.410285 1.410285 1.410285 1.410285 1.410285 1.410285 1.410285 1.410285 1.410285 1.410285 1.410285 1.410285 1.410285 1.410285 1.410285 1.410285 1.410285 1.410285 1.410285 1.410285 1.410285 1.410285 1.410285 1.410285 1.410285 1.410285 1.410285 1.410285 1.410285 1.410285 1.410285 1.410285 1.410285 1.410285 1.410285 1.410285 1.410285 1.410285 1.410285 1.410285 27.64987 28.53986 28.53986 28.53986 28.53986 28.53986 28.53986 28.53986 28.53986 28.53986 28.53986 28.53986 28.53986 28.53986 28.53986 28.53986 28.53986 28.53986 28.53986 28.53986
0 0 0 0 0 0 0 0 0 0 0 0 0 0 0 0 0 0 0 0 0 1.492522 1.410285 1.410285 1.410285 1.410285 1.410285 1.410285 1.410285 1.410285 1.410285 1.410285 1.410285 1.410285 1.410285 1.410285 1.410285 1.410285 1.410285 1.410285 1.410285 1.410285 1.410285 1.410285 1.410285 1.410285 1.410285 1.410285 1.410285 1.410285 1.410285 1.410285 1.410285 1.410285 1.410285 1.410285 1.410285 1.410285 1.410285 1.410285 1.410285 1.410285 1.410285 27.94222 28.53986 28.53986 28.53986 28.53986 28.53986 28.53986 28.53986 28.53986 28.53986 28.53986 28.53986 28.53986 28.53986 28.53986 28.53986 28.53986 28.53986 28.53986 28.53986
0 0 0 0 0 0 0 0 0 0 0 0 0 0 0 0 0 0 0 0 0 3.126667 1.410285 1.410285 1.410285 1.410285 1.410285 1.410285 1.410285 1.410285 1.410285 1.410285 1.410285 1.410285 1.410285 1.410285 1.410285 1.410285 1.410285 1.410285 1.410285 1.410285 1.410285 1.410285 1.410285 1.410285 1.410285 1.410285 1.410285 1.410285 1.410285 1.410285 1.410285 1.410285 1.410285 1.410285 1.410285 1.410285 1.410285 1.410285 1.410285 1.410285 1.410285 17.76539 22.05447 21.74338 21.6393 21.6393 21.63929 21.6393 21.63929 21.64216 21.66192 21.66193 21.66192 21.66193 21.66192 21.66193 21.66192 21.66192 21.66193 21.66192 21.66193
0 0 0 0 0 0 0 0 0 0 0 0 0 0 0 0 0 0 0 0 0 0 3.083067 1.410285 1.410285 1.410285 1.410285 1.410285 1.410285 1.410285 1.410285 1.410285 1.410285 1.410285 1.410285 1.410285 1.410285 1.410285 1.410285 1.410285 1.410285 1.410285 1.410285 1.410285 1.410285 1.410285 1.410285 1.410285 1.410285 1.410285 1.410285 1.410285 1.410285 1.410285 1.410285 1.410285 1.410285 1.410285 1.410285 1.410285 1.410285 1.410285 1.410285 1.410285 1.410285 1.410285 1.410285 1.410285 1.410285 1.410285 1.410285 1.421624 1.499254 1.499254 1.499254 1.499254 1.499254 1.499254 1.499254 1.499254 1.499254 1.499254 1.499254
0 0 0 0 0 0 0 0 0 0 0 0 0 0 0 0 0 0 0 0 0 0 0 4.273216 1.410285 1.410285 1.410285 1.410285 1.410285 1.410285 1.410285 1.410285 1.410285 1.410285 1.410285 1.410285 1.410285 1.410285 1.410285 1.410285 1.410285 1.410285 1.410285 1.410285 1.410285 1.410285 1.410285 1.410285 1.410285 1.410285 1.410285 1.410285 1.410285 1.410285 1.410285 1.410285 1.410285 1.410285 1.410285 1.410285 1.410285 1.410285 1.410285 1.410285 1.410285 1.410285 1.410285 1.410285 1.410285 1.410285 1.410285 1.421712 1.499254 1.499254 1.499254 1.499254 1.499254 1.499254 1.499254 1.499254 1.499254 1.499254 1.499254
