Scenarios/Heterogeneous/data/country_data_population_distribution/processed/density_grids/prk.asc
ncols 160
nrows 144
xllcorner 124
yllcorner 37
cellsize 0.041666666666667
NODATA_value -9999
[rows 72 to 107 of 144, columns 0 to 80 of 160]
0 0 0 0 0 0 0 0 850.4449 1574.075 1165.914 403.4541 372.0556 372.7265 371.015 369.431 299.7657 223.7141 223.7141 223.7141 223.7141 223.7141 215.0641 152.8077 101.5904 288.9232 409.8091 409.8091 409.8091 409.8091 409.8091 372.5855 177.2568 148.1726 148.1726 148.1726 148.1726 148.1726 148.1726 148.1726 173.1942 135.3169 129.0754 129.0754 136.8337 180.4349 217.52 217.8738 217.8738 217.8738 217.8738 209.8238 208.564 208.564 208.564 208.564 61.7021 51.48172 60.24849 27.24369 27.24369 27.24369 27.24369 27.24369 27.24369 27.24369 27.20945 25.93837 24.90052 24.85653 24.85652 24.85653 24.85652 108.595 219.4803 219.4803 219.4803 151.5928 114.0534 114.0534 114.0534
0 0 0 0 0 0 0 404.4146 1556.794 1464.196 1181.475 372.8073 372.8073 372.8073 372.8073 368.6263 239.4442 223.7141 223.7141 223.7141 223.7141 223.7141 223.7141 235.6824 229.8217 289.165 390.9267 409.8091 409.8091 409.8091 409.8091 407.0909 244.6248 148.1726 148.1726 148.1726 148.1726 148.1726 148.1726 148.1726 204.2596 193.5874 130.6952 146.4483 170.4225 217.8777 217.8738 217.8738 217.8738 217.8738 217.8738 214.461 213.2349 214.3376 216.4252 215.6219 142.6666 27.24369 27.24369 27.24369 27.24369 27.24369 27.24369 27.24369 27.24369 27.24369 27.24369 27.24369 26.6215 25.2317 24.85652 24.85652 24.85652 29.39521 184.933 219.4803 219.4803 204.5157 128.3791 139.4525 169.6285
0 0 0 0 0 186.9491 123.7296 1177.947 1180.434 419.2543 372.8073 372.8073 372.8073 372.8073 372.8073 333.9372 223.7141 223.7141 223.7141 223.7141 223.7141 229.2229 232.5774 274.9789 280.5087 280.5087 310.8438 409.8091 409.8091 409.8091 409.8091 307.343 148.1726 148.1726 148.1726 148.1726 148.1726 148.1726 148.1726 191.5661 224.8424 229.7069 210.1277 210.9407 229.7069 219.8211 217.8738 217.8738 217.8738 217.8738 217.8738 217.8738 217.8738 217.8738 217.8738 235.3743 251.6432 83.50805 27.24369 27.24369 27.24369 27.24369 27.24369 27.24369 27.24369 29.50012 47.48609 32.48714 27.24369 26.27594 24.85653 24.85652 24.85652 24.85652 81.30003 219.4803 219.4803 219.4803 219.4803 219.4803 219.4803
0 0 0 0 0 123.7296 123.7296 123.7296 0 372.8073 372.8073 372.6814 318.6257 262.3185 237.0921 207.5535 218.5035 223.7141 223.7141 223.7141 227.3044 277.2106 280.5087 280.5087 280.1129 280.0867 328.3872 409.8091 409.8523 416.2524 423.3929 377.8236 148.595 148.1726 148.1726 148.1726 148.1727 148.1726 148.2292 207.4058 229.7069 229.7069 229.7069 229.7069 229.7069 226.3088 218.2196 217.8738 367.6981 233.2924 217.8738 218.1633 227.473 262.7137 324.7121 407.1232 411.2762 410.3555 225.6511 27.64501 27.24368 27.24369 27.24368 27.24369 27.24369 43.173 65.87994 50.36549 32.76581 28.69436 28.14684 26.3406 25.11128 26.17347 128.2133 204.6561 211.5781 212.2854 209.5313 214.5504 219.0493
0 0 0 0 123.7295 123.7295 123.7295 0 0 372.8073 297.2745 228.3917 199.9452 199.9452 199.9452 199.9452 202.011 216.1817 225.0519 256.4958 272.7416 280.5087 280.5087 278.2242 266.0199 265.9376 273.1662 332.5992 421.9669 427.9438 427.9438 427.9438 335.2395 157.0661 154.227 158.6759 148.1726 171.3241 193.2419 278.2366 231.2623 229.7069 229.7069 229.7069 229.7069 229.7069 223.8818 423.6687 515.9542 475.9073 416.2409 469.1535 411.2762 411.2762 411.2762 411.2762 411.2762 411.2762 411.2762 190.1279 27.24368 27.24369 31.99656 48.37429 58.51605 67.13755 43.65528 29.37761 29.37761 29.37761 29.37761 29.27386 28.97671 29.37761 65.35885 169.7708 198.9516 198.9516 198.9516 198.9516 202.8902
0 0 0 0 0 123.7295 0 0 0 0 199.9452 199.9452 199.9452 199.9452 199.9452 199.9452 199.9452 204.8293 266.5374 280.5087 280.5087 280.5087 280.5087 280.2451 266.5365 265.9376 265.9375 302.1111 427.0734 427.9438 427.9438 427.9438 419.3065 258.3624 261.6961 287.3019 260.8508 333.6602 332.1761 334.1027 242.1584 229.7069 229.7069 229.7069 230.3295 250.2353 446.1782 517.5552 517.5767 517.5767 517.5767 475.4942 411.2762 411.2762 411.2762 411.2762 411.2762 411.2762 411.2762 407.9738 199.8421 48.79927 66.1852 68.37886 68.37886 59.69368 32.84399 29.37761 29.37761 29.37761 29.37761 29.37761 29.37761 29.37761 29.37761 45.21352 186.9923 198.9516 198.9516 198.9516 198.9516
0 0 0 0 0 0 0 0 0 199.9452 0 0 199.9452 199.9452 199.9452 199.9452 199.9452 199.9452 260.0457 280.5087 280.5087 280.5086 276.6746 269.5977 265.9375 265.9375 265.9375 395.3854 427.9438 427.9438 427.9438 427.9438 383.8605 292.5397 292.5397 292.5397 320.7426 334.1027 334.1027 334.1027 286.663 237.2352 229.7069 229.7069 389.2506 512.1619 517.5767 517.5767 517.5767 517.5767 517.0125 433.8972 411.2762 411.2762 411.2762 411.2762 411.2762 411.2762 411.2762 305.8808 86.87796 68.37886 68.37886 68.37886 68.37886 47.53578 30.72382 29.37761 29.37761 29.37761 29.37761 29.37761 29.37761 29.37761 29.37761 29.37761 150.7321 198.9516 198.9516 198.9516 198.9516
0 0 0 0 0 0 0 0 0 199.9452 199.9452 0 0 199.9452 199.9452 199.9452 199.9452 199.9452 199.9452 0 280.5087 280.5087 271.4859 265.9376 265.9375 265.9375 265.9376 401.0083 427.9438 427.9438 427.9438 407.4219 302.4348 292.5397 292.5397 292.5397 297.895 316.5432 334.1027 334.1027 334.1027 294.4077 244.9675 550.3939 556.6019 517.5767 517.5767 517.5767 517.5767 517.5767 508.0389 412.7465 411.2762 408.8879 344.4731 292.4893 275.1577 275.0921 284.8022 121.5036 68.37885 68.37885 68.37885 68.37885 68.37886 54.45311 31.1188 29.37761 29.37761 29.37761 29.37761 29.37761 29.37761 29.37761 29.37761 29.37761 134.4058 198.9516 198.9516 198.9516 198.9516
0 0 0 0 0 0 0 0 0 0 0 0 0 199.9452 199.9452 199.9452 199.9452 199.9452 199.9452 280.5087 280.5087 280.5087 271.3983 265.9376 265.9376 265.9376 265.9376 374.8138 427.9438 427.9438 427.9438 331.1742 292.5397 292.5397 292.5397 297.9025 316.9904 328.9468 336.0437 411.6805 413.3449 606.9719 735.5572 802.4229 558.8906 517.5767 517.5767 517.5767 517.5767 517.5767 531.3685 539.4803 486.5149 259.0539 219.5113 219.5113 219.5113 219.5113 219.5113 129.0276 68.37886 68.37886 68.37886 68.37885 66.46781 30.30579 29.37761 29.37761 29.37761 29.37761 29.37761 29.37761 29.37761 29.37761 29.37761 48.24565 194.8318 198.9516 198.9516 198.9516 198.9516
0 0 0 0 0 0 0 0 0 0 0 0 199.9452 199.9452 199.9452 199.9452 199.9452 199.9452 199.9452 0 280.5087 280.5087 280.5087 265.9376 265.9375 265.9375 265.9376 299.6393 405.5281 427.9438 427.9438 311.4268 292.5397 292.5397 296.8679 328.5239 335.8927 395.8214 741.9194 802.4229 802.4229 802.423 802.4229 802.4229 681.3286 517.5767 526.0591 525.3583 509.6265 429.566 532.8554 566.1137 494.6862 219.5113 219.5113 219.5113 219.5113 219.5113 219.5113 213.6642 68.37885 68.37886 68.37885 68.37886 67.63349 33.20036 29.37761 29.37761 29.37761 29.37761 29.37761 29.37761 29.37761 29.37761 60.91819 82.9631 224.2223 226.978 204.5375 198.9516 198.9516
0 0 0 0 0 0 0 0 0 0 0 0 0 0 199.9452 199.9452 199.9452 199.9452 0 280.5086 280.5087 280.5087 280.5086 0 0 265.9375 265.9376 265.9376 265.9376 427.9438 427.9438 320.064 292.5397 303.5811 355.4219 351.887 355.3686 355.5173 438.0985 623.1791 468.0498 676.8069 802.423 801.8885 565.0836 569.2031 724.2601 689.0078 517.2451 340.4104 313.984 398.1703 348.3174 219.5113 219.5113 219.5113 219.5113 219.5113 219.5113 171.2459 68.37885 68.37885 69.74712 75.78926 37.44004 29.37761 29.37761 29.37761 29.37761 29.37761 45.65368 76.50697 201.9541 240.3391 297.1298 303.1387 303.1387 303.1387 293.013 231.5069 198.9516
0 0 0 0 0 0 0 0 0 0 0 0 0 0 199.9452 199.9452 199.9452 199.9452 0 280.5087 280.5087 280.5087 280.5086 0 0 0 265.9376 265.9375 265.9375 265.9375 427.9438 357.1504 0 355.5173 356.8228 355.5173 355.5173 355.5173 355.5173 355.5173 355.5173 564.6149 802.423 802.1401 741.2932 743.2562 743.2562 743.2563 743.2563 727.6107 459.7438 478.5695 478.5694 450.1574 330.9429 236.2976 219.5113 219.5113 219.5113 109.0157 68.37885 68.37886 73.42138 83.32843 48.58749 29.37761 29.37761 58.44333 103.0049 106.2923 217.3208 303.1387 303.1387 303.1387 303.1387 303.1387 303.1387 303.1387 303.1387 300.7803 270.5276
0 0 0 0 0 0 0 0 0 0 0 0 0 0 199.9452 199.9452 199.9452 0 280.5087 280.5087 280.5086 280.5087 0 0 0 0 265.9375 265.9376 265.9375 0 0 0 355.5173 355.5173 3511.612 1286.804 355.5173 355.5173 355.5173 355.5173 361.5865 537.6541 772.5275 765.4782 743.2563 743.2562 743.2563 743.2563 743.2562 740.7217 534.8819 478.5694 478.5694 478.5694 478.5694 478.3409 403.4872 229.3646 219.5113 216.3077 136.3939 72.25735 80.6709 83.32842 82.17741 52.27399 31.42725 126.7721 138.3525 138.3525 180.9565 280.4696 319.0385 363.8021 404.6414 397.6749 372.622 309.9059 303.1387 303.1387 303.1387
0 0 0 0 0 0 0 0 0 0 0 0 0 0 199.9452 199.9452 0 280.5087 280.5086 280.5086 0 0 0 0 0 0 265.9375 265.9376 0 265.9375 0 0 373.1844 382.4703 395.0043 393.8059 403.8401 392.6802 382.61 402.3195 411.8414 412.5505 447.8126 638.8191 743.9208 743.2563 743.2563 743.2563 711.7964 632.8722 492.3317 478.5694 474.5689 396.4623 306.1205 215.5821 202.6172 196.9905 213.5165 152.5826 120.396 84.94385 83.32843 83.32841 83.32843 57.93355 63.15303 138.3525 138.3524 138.3525 138.3524 139.0031 326.9177 427.7368 427.7368 427.7368 427.7368 412.6203 309.3803 303.1387 303.1387
0 0 0 0 0 0 0 0 0 0 0 0 0 0 0 0 0 280.5086 0 0 0 0 0 0 0 0 265.9375 0 0 0 0 0 412.5505 412.5505 412.5505 412.5505 412.5505 412.5505 412.5505 412.5505 412.5505 401.2085 392.8295 599.9835 856.2814 793.0221 754.5907 683.7154 495.9272 478.5694 478.5695 478.5694 444.5785 176.4636 176.4635 176.4635 176.4635 176.4635 176.197 100.5311 83.32843 83.32842 83.32843 83.32842 84.124 92.37899 85.40872 138.3524 138.3524 138.3525 138.3524 138.3525 255.8798 427.7368 389.8565 252.7005 249.3034 237.139 216.3872 225.9585 236.2367
0 0 0 0 0 0 0 0 0 0 0 0 0 0 0 0 0 0 0 0 0 0 0 0 0 0 0 0 0 0 0 0 0 412.5505 412.5505 412.5505 412.5505 412.5505 407.4641 398.6671 402.2451 379.5574 377.6178 548.8953 863.7123 863.7123 832.9755 530.6171 259.3943 290.1754 438.9561 478.5694 342.4375 176.4635 176.4635 176.4635 176.4635 176.3756 132.4991 89.9211 83.32842 83.32842 83.32842 83.32842 98.73141 138.3525 138.3525 138.3525 138.3525 138.3525 138.3524 138.3525 192.3823 409.2529 309.8995 208.1785 208.1785 208.1785 248.1861 350.0842 339.8005
0 0 0 0 0 0 0 0 0 0 0 0 0 0 0 0 0 280.5086 0 0 0 0 0 0 0 0 0 0 0 0 0 0 0 405.4314 395.1969 385.69 385.4816 385.5276 379.2256 377.6179 377.6178 377.6178 464.2071 849.6515 863.7123 863.7124 863.7123 631.5771 176.4636 176.4635 198.2623 306.6778 199.5222 176.4635 176.4635 176.4635 176.4635 155.687 83.32842 83.32843 83.32842 83.32842 83.40688 84.40254 88.3772 128.858 113.6519 111.6458 137.3194 138.3525 138.3525 138.3525 138.3525 165.529 200.971 208.1785 208.1785 236.0061 405.9408 416.1039 416.1038
0 0 0 0 0 0 0 0 0 0 0 0 0 0 0 0 0 280.5087 0 0 0 0 0 0 0 0 0 0 0 0 0 0 0 377.6178 377.6178 377.6178 377.6178 377.6178 377.6178 392.2305 1121.497 1530.934 1058.346 863.7123 863.7123 863.7123 863.7123 839.3015 295.9632 176.4636 176.4635 176.4636 176.4636 176.4636 176.4636 176.4636 176.4636 166.516 91.92962 83.32842 83.32842 83.32842 83.46832 85.61121 85.74681 85.74682 85.74681 85.74682 104.8542 92.18534 127.7307 138.3525 153.3138 186.5678 206.4007 208.1785 210.8895 383.8611 416.1038 416.1038 416.1038
0 0 0 0 0 0 0 0 0 0 0 0 0 0 0 0 0 0 0 0 0 0 0 0 0 0 0 0 0 0 0 0 257.669 343.37 377.6178 377.6178 377.6178 377.6178 551.0292 2080.622 2139.683 2139.683 1990.7 1320.43 1877.419 1535.829 1489.783 933.9974 709.1055 257.2 176.4635 176.4635 176.4635 176.4635 176.4635 175.4469 155.2034 156.5722 120.2367 83.32842 83.32842 83.36278 85.22417 85.74682 85.74681 85.74681 85.74681 85.74681 85.74681 85.74681 123.9924 131.6015 151.7885 208.1785 208.1785 233.3117 319.5657 416.1038 416.1038 416.1038 416.1038
0 0 0 0 0 0 0 0 0 0 0 0 0 0 0 0 0 0 0 0 0 0 0 0 0 0 0 0 0 0 0 257.669 257.669 261.6763 322.9716 372.2605 424.7396 494.8543 568.7363 1636.251 2139.683 2139.683 2139.683 2139.683 2252.536 2140.32 2139.683 1151.949 357.0168 356.3929 247.1129 216.2573 176.4635 176.4635 176.4635 144.5247 129.1837 129.1837 129.1828 88.63438 83.32842 83.68543 85.66302 85.74682 85.74682 85.74682 85.74681 85.74682 85.74682 85.74682 85.74682 85.74681 94.36888 166.8527 184.866 268.6077 415.2813 679.8672 935.8886 957.9523 960.0215
0 0 0 0 0 0 0 0 0 0 0 0 0 0 0 0 0 0 0 0 0 0 0 0 0 0 0 0 0 0 257.669 257.669 257.669 257.669 257.669 352.8798 577.3022 586.6809 586.681 1450.191 2139.683 2139.683 2139.683 2139.683 2139.683 2139.683 2139.683 1904.795 399.7412 357.0168 357.0168 350.8765 316.0323 298.1632 145.878 129.7216 129.1837 129.1837 129.1837 127.7518 107.9907 83.97003 65.82716 75.90795 74.43246 71.28955 84.03407 85.74682 85.7468 85.74682 85.74681 85.6464 73.88309 55.25183 51.24832 54.90884 264.081 1012.745 1012.745 1012.745 1012.745
0 0 0 0 0 0 0 0 0 0 0 0 0 0 0 0 0 0 0 0 0 0 0 0 0 0 0 0 0 0 257.669 257.669 257.669 257.669 257.669 284.2078 573.5286 586.6809 796.2955 1721.276 2139.683 2139.683 2139.683 2139.683 2139.683 2139.683 2139.683 2139.683 1240.705 357.0168 357.0168 357.0168 357.0168 318.0236 132.5329 129.1837 129.1837 129.1837 129.1837 129.1837 129.1837 109.9005 56.4546 56.35337 56.35337 56.35337 58.12432 61.48503 77.14165 85.73773 85.74681 78.69236 46.09049 46.09049 46.09049 46.09049 49.32634 682.9068 1012.745 1012.745 1012.745
0 0 0 0 0 0 0 0 0 0 0 0 0 0 0 0 0 0 0 0 0 0 0 0 0 0 0 0 0 257.669 257.669 257.669 257.669 257.669 257.669 503.9307 586.6809 685.4245 2045.994 2139.683 4795.784 5248.902 2139.683 2139.683 2139.683 2139.683 2139.683 2139.683 2112.295 579.6892 357.0168 357.0168 357.0168 357.0168 276.0621 203.2894 144.6794 129.1837 129.1837 129.1837 129.1837 129.1837 98.03656 56.35337 56.35337 56.35337 56.35337 56.35337 56.35337 64.69351 73.73341 59.45682 46.09049 46.09049 46.09049 46.09049 46.09049 46.09049 569.5579 1012.745 866.9886
0 0 0 0 0 0 0 0 0 0 0 0 0 0 0 0 0 0 0 0 0 0 0 0 0 0 0 0 257.669 257.669 257.669 257.669 266.7449 594.4662 500.2711 731.07 873.685 1123.133 2139.683 2139.683 2139.683 2139.683 2139.683 2139.683 2139.683 2139.683 2110.728 1998.567 1846.246 444.483 357.0168 357.0168 357.0168 357.0168 357.0168 357.0168 243.1309 129.1837 129.1837 129.1552 129.1832 129.1837 129.1836 77.82777 56.35337 56.35337 56.35337 56.35337 56.35337 56.35337 56.35337 53.63063 46.45467 46.09049 46.09049 46.09049 46.0905 46.09049 421.1844 406.5995 178.0059
0 0 0 0 0 0 0 0 0 0 0 0 0 0 0 0 0 0 0 0 0 0 0 0 0 0 0 0 459.1844 395.2933 283.8033 270.8978 331.2804 840.9734 840.9734 840.9734 1247.949 2703.569 2244.627 2139.683 2139.683 2139.683 2139.683 2139.683 2139.683 2139.683 1973.195 182.553 143.844 196.0746 344.2014 271.305 210.6819 236.503 339.4285 352.537 354.4948 177.7321 129.1837 99.83902 65.16039 94.29064 113.0787 98.61545 56.35337 56.35337 56.35337 56.35337 56.35337 56.35337 56.35337 56.35337 50.83251 46.0905 46.0905 46.0905 46.0905 46.09049 47.03421 153.0563 217.7621
0 0 0 0 0 0 0 0 0 0 0 0 0 0 0 0 0 0 0 0 0 0 0 0 0 0 0 459.472 459.472 459.472 459.472 459.033 541.6008 735.9603 839.8231 840.9734 845.415 2373.281 1726.07 865.2284 979.9384 1881.123 2109.766 2030.184 2139.683 2139.683 1999.775 189.4264 141.7125 141.7125 152.5524 126.7766 126.7766 126.7765 135.2957 142.383 215.0927 171.3545 129.1354 127.2597 56.35337 56.35337 56.35337 56.35337 56.35337 56.35337 56.35337 56.35337 56.35337 56.35337 56.35337 55.71609 47.8844 46.09049 46.09049 46.0905 46.09049 46.0905 46.09049 154.6327 260.553
0 0 0 0 0 0 0 0 0 0 0 0 0 0 0 0 0 0 0 0 0 0 0 0 0 0 0 459.472 459.472 459.472 459.472 415.7771 288.9973 243.2769 420.1267 788.7382 840.9734 1088.076 712.1715 466.6833 346.774 607.9319 491.675 352.0204 898.877 552.3015 381.2776 141.7125 141.7125 141.7125 141.4617 130.8932 126.983 126.7766 126.7766 126.7766 126.7766 126.7766 126.8131 120.8143 59.2616 56.35337 56.35337 56.35337 56.35337 56.35337 56.35337 56.35337 56.32343 54.30452 53.72515 53.14595 49.40541 46.78156 46.81345 46.16867 46.09049 47.11432 51.70296 222.6482 268.2621
0 0 0 0 0 0 0 0 0 0 0 0 0 0 0 0 0 0 0 0 0 0 0 0 0 0 0 459.472 459.472 459.472 458.8324 266.532 243.2769 243.2769 243.2769 610.1378 1330.638 511.6075 489.4005 404.0776 334.9373 348.4122 348.3763 335.6609 329.6813 329.5009 173.9578 141.7125 141.7125 141.7125 141.7125 141.7125 137.6451 126.9759 126.7766 126.7766 126.7766 126.7766 126.7766 126.7766 84.63902 56.35337 56.35337 56.35337 56.35337 56.35337 56.35337 56.35337 56.18106 53.04491 52.93056 52.93057 52.93056 52.93057 52.93056 48.57262 46.09049 51.87808 56.99382 170.9087 250.4829
0 0 0 0 0 0 0 0 0 0 0 0 0 0 0 0 0 0 0 0 0 0 0 0 0 0 0 459.472 459.472 459.472 458.7581 274.2323 571.6285 564.0443 244.6759 1005.007 3008.213 499.4553 620.1406 1245.342 426.5386 429.6553 429.6552 427.1819 391.1447 284.8878 141.8402 141.7125 141.7125 141.7125 141.7125 141.7125 141.7125 130.6623 126.7766 126.7766 126.7766 124.6096 124.2284 124.2688 113.7264 110.2321 126.0131 92.59618 149.644 224.0905 226.8185 183.2867 125.4179 53.13731 52.93057 52.93057 52.93057 52.93057 52.93057 52.49751 50.60616 56.6953 56.99383 56.99383 84.82868
0 0 0 0 0 0 0 0 0 0 0 0 0 0 0 0 0 0 0 0 0 0 0 215.2151 0 0 459.472 459.472 459.472 601.2924 1199.564 1436.391 1612.581 1571.251 1432.065 1528.354 846.6636 418.3943 3546.213 2665.874 429.6552 429.6552 429.6552 429.6553 410.5057 203.8432 146.5145 141.7125 141.7125 141.7124 141.7125 142.4868 141.8309 128.9591 125.0566 122.5715 123.4836 119.8599 119.6782 119.6782 119.6782 216.4027 280.7061 280.7061 280.7061 280.7061 280.7061 280.7061 202.0262 52.93057 52.93057 52.93057 52.93057 52.93057 52.93057 53.76847 56.20982 56.99382 56.99383 56.99382 56.99383
0 0 0 0 0 0 0 0 0 0 0 0 0 0 0 0 0 0 0 0 0 0 0 215.2151 0 0 215.2151 459.472 459.472 1375.332 1612.581 1612.581 1612.581 1612.581 1612.581 1612.581 1609.026 1124.986 2185.992 638.8574 429.6553 429.6553 429.6553 373.2794 163.2824 153.4608 151.8403 147.5923 142.5336 141.7125 142.9638 151.7723 148.0463 123.5012 120.235 119.6782 119.6782 119.6782 119.6782 119.6782 203.7244 279.1452 280.7061 280.7061 280.7061 280.7061 280.7061 226.3432 72.70682 52.93057 52.93057 52.93057 52.93057 52.93057 55.41547 56.99123 56.99383 56.99383 56.99383 56.99383 56.99383
0 0 0 0 0 0 0 0 0 0 0 0 0 0 0 0 0 0 0 0 0 0 0 215.2151 215.2151 0 215.2151 215.2151 0 0 1612.581 1408.444 212.8327 212.8327 212.8327 212.8327 212.8327 532.8621 1366.917 430.061 429.6553 429.4723 318.0143 204.5069 153.4608 153.4608 153.4608 153.4608 153.3964 151.7657 153.4011 153.4608 155.8874 140.4708 119.6782 119.6782 119.6782 119.6782 119.6782 119.6782 152.5816 269.9908 280.7061 280.7061 280.7061 280.7061 271.7554 83.76542 52.93057 52.93057 52.93057 52.93057 52.93057 53.56806 56.7094 56.99382 56.99383 56.99383 56.99382 56.99383 56.99382
0 0 0 0 0 0 0 0 0 0 0 0 0 0 0 0 0 0 0 0 0 0 0 215.2151 215.2151 0 215.2151 215.2151 215.2151 215.2151 215.2151 213.2438 212.8327 212.8327 212.8327 212.8327 212.8327 212.8327 522.6264 906.3657 842.0884 471.4008 257.4636 153.4608 153.4608 153.4608 153.4608 153.4608 153.4608 153.4608 153.466 162.7829 165.7718 153.9044 119.6782 119.6782 119.6782 119.6782 119.6782 119.6782 119.6782 204.5647 177.5866 254.9319 206.2975 122.5057 96.27782 69.40409 52.9398 52.93057 52.93057 52.93057 52.93057 53.65392 56.93749 56.99382 56.99383 56.99382 56.99382 56.99382 56.99383
0 0 0 0 0 0 0 0 0 0 0 0 0 0 0 0 0 0 0 0 0 0 0 282.8392 241.4883 215.2151 215.2151 215.2151 215.2151 215.2151 215.2151 214.7021 213.9637 212.8327 212.8327 212.8327 212.8327 212.8327 220.6667 1051.788 2304.873 2170.374 1183.017 220.8681 178.4267 224.8766 207.4067 185.2921 223.1272 229.8963 169.5791 165.8299 165.8299 164.3173 130.6973 119.6782 119.6782 119.6782 119.6782 119.6782 127.4512 141.5119 141.5168 141.5168 100.9688 61.77676 90.22617 90.9094 53.70296 57.28481 72.05933 58.49999 63.34563 53.48835 103.1825 86.8228 63.65836 56.99382 56.99383 56.99382 56.99383
0 0 0 0 0 0 0 0 0 0 0 0 0 0 0 0 0 0 285.7297 285.7297 285.7297 285.7297 0 285.7297 255.655 215.2151 215.2151 215.2151 215.2151 215.2151 215.2151 214.6347 212.9713 212.8327 212.8327 212.8327 212.8395 237.2449 300.6759 604.3642 2304.873 2304.873 1444.369 278.0283 278.0283 278.0283 278.0283 278.0283 278.0283 272.1232 176.1336 165.8299 165.8299 165.8299 162.6494 140.5452 120.1186 120.2118 119.7952 125.7159 140.7466 141.5168 141.5168 141.5168 141.0721 94.94184 90.90942 90.9094 75.53829 88.44049 90.9094 90.9094 90.32258 90.06878 113.7513 113.7513 111.1428 84.78328 67.93285 56.99383 56.99383
0 0 0 0 0 0 0 0 0 0 0 0 0 0 0 0 0 0 285.7297 285.7297 285.7297 285.7297 0 285.7297 281.5367 225.2068 215.2151 215.2151 215.2151 215.2151 223.5752 258.3597 212.8327 212.8327 222.7676 276.2582 337.7835 379.2332 356.3634 414.7805 1912.338 2304.873 1222.099 278.0283 278.0283 278.0283 278.0283 278.0283 278.0283 244.3939 165.8299 165.8299 165.8299 165.8299 165.8299 157.1475 139.183 140.2622 139.5434 141.5168 141.5168 141.5168 141.5168 141.5168 136.1076 90.9094 90.90942 90.9094 90.9094 90.90941 90.9094 90.90939 93.71704 113.6684 113.7513 113.7513 113.7513 113.7513 90.11259 56.99383 93.52104
