Scenarios/Heterogeneous/data/country_data_population_distribution/processed/density_grids/prk.asc
ncols 160
nrows 144
xllcorner 124
yllcorner 37
cellsize 0.041666666666667
NODATA_value -9999
[rows 36 to 71 of 144, columns 0 to 80 of 160]
0 0 0 0 0 0 0 0 0 0 0 0 0 0 0 0 0 0 0 0 0 0 0 0 0 0 0 0 0 0 0 0 0 0 0 0 0 0 0 0 0 0 0 0 0 0 0 0 0 0 0 0 0 0 0 0 0 0 0 0 0 64.40852 64.8046 64.8046 64.8046 64.8046 64.8046 64.8046 64.8046 64.63017 51.1477 51.72793 51.72794 51.72794 51.72794 51.72793 51.72794 51.72793 63.26596 0 0
0 0 0 0 0 0 0 0 0 0 0 0 0 0 0 0 0 0 0 0 0 0 0 0 0 0 0 0 0 0 0 0 0 0 0 0 0 0 0 0 0 0 0 0 0 0 0 0 0 0 0 0 0 0 0 0 0 0 0 0 57.35007 64.80461 64.8046 64.8046 64.8046 64.80461 64.8046 64.80461 59.13758 46.77862 37.74375 44.41962 46.78491 51.72794 51.72794 51.72794 51.72794 51.72794 51.72793 51.72794 51.72793
0 0 0 0 0 0 0 0 0 0 0 0 0 0 0 0 0 0 0 0 0 0 0 0 0 0 0 0 0 0 0 0 0 0 0 0 0 0 0 0 0 0 0 0 0 0 0 0 0 0 0 0 0 0 0 0 0 0 0 0 62.58031 64.80461 64.80461 64.80461 64.80461 53.17016 36.00401 37.21097 36.90023 34.04596 34.04596 34.04596 43.77032 51.72794 51.72794 51.72794 51.72793 51.72794 51.72794 51.72794 51.72794
0 0 0 0 0 0 0 0 0 0 0 0 0 0 0 0 0 0 0 0 0 0 0 0 0 0 0 0 0 0 0 0 0 0 0 0 0 0 0 0 0 0 0 0 0 0 0 0 0 0 0 0 0 0 0 0 0 0 0 143.415 116.809 67.72817 64.8046 64.8046 64.8046 44.82348 34.04596 34.04596 34.04596 34.04596 34.04596 34.04596 35.65033 49.99118 51.72793 51.72794 51.72794 51.72794 51.72793 51.72794 50.44042
0 0 0 0 0 0 0 0 0 0 0 0 0 0 0 0 0 0 0 0 0 0 0 0 0 0 0 0 0 0 0 0 0 0 0 0 0 0 0 0 0 0 0 0 0 0 0 0 0 0 0 0 0 0 0 0 0 0 184.7807 189.7041 117.2569 72.6282 68.22084 64.8046 64.8046 39.0395 34.04596 34.04596 34.04596 34.04596 34.04596 34.04596 34.04596 42.35554 51.72794 51.72793 51.72793 51.72794 51.72794 51.72793 35.90372
0 0 0 0 0 0 0 0 0 0 0 0 0 0 0 0 0 0 0 0 0 0 0 0 0 0 0 0 0 0 0 0 0 0 0 0 0 0 0 0 0 0 0 0 0 0 0 0 0 0 0 0 0 0 0 0 0 189.7041 189.7041 189.7041 189.7041 189.7041 181.1255 98.8374 64.8046 43.95361 34.04596 34.04596 34.04596 34.04596 34.04596 34.04596 34.04596 34.96921 42.05663 49.72513 51.72794 51.72793 51.72794 46.63839 32.15187
0 0 0 0 0 0 0 0 0 0 0 0 0 0 0 0 0 0 0 0 0 0 0 0 0 0 0 0 0 0 0 0 0 0 0 0 0 0 0 0 0 0 0 0 0 0 0 0 0 0 0 0 0 0 0 0 172.2643 189.7041 189.7041 189.7041 189.7041 189.7041 189.7041 185.4698 99.16846 76.68398 40.96388 34.04596 34.04596 34.04596 34.04596 34.04596 34.04596 34.04596 34.39426 50.89748 51.72794 51.72794 49.43923 35.97262 32.15187
0 0 0 0 0 0 0 0 0 0 0 0 0 0 0 0 0 0 0 0 0 0 0 0 0 0 0 0 0 0 0 0 0 0 0 0 0 0 0 0 0 0 0 0 0 0 0 0 0 0 0 0 0 0 0 167.5797 189.7041 189.7041 189.7041 189.7041 189.7041 189.7041 173.9856 125.9703 82.39528 71.76678 34.12462 34.04596 34.04596 34.04596 34.04596 34.04596 34.04596 34.04596 34.04596 46.67866 51.72794 49.12955 34.13162 32.15187 32.15187
0 0 0 0 0 0 0 0 0 0 0 0 0 0 0 0 0 0 0 0 0 0 0 0 0 0 0 0 0 0 0 0 0 0 0 0 0 0 0 0 0 0 0 0 0 0 0 0 0 0 0 0 0 0 151.6919 187.2663 183.0725 125.529 97.59207 85.01089 85.79903 101.2868 82.42126 82.39528 82.39528 64.683 43.12993 50.19851 34.04596 34.04596 34.04596 34.04596 34.04596 34.04596 34.04596 39.88349 45.7015 44.41171 32.15187 32.15187 32.01832
0 0 0 0 0 0 0 0 0 0 0 0 0 0 0 0 0 0 0 0 0 0 0 0 0 0 0 0 0 0 0 0 0 0 0 0 0 0 0 0 0 0 0 0 0 0 0 0 0 0 0 0 951.6461 237.1062 175.9278 89.54291 72.39215 72.39215 72.39215 72.39215 75.59986 82.39527 82.39529 82.39527 82.39529 82.39527 82.39529 81.88808 55.7604 34.04596 34.04596 34.04596 34.04596 34.04596 34.04596 33.56952 23.51588 27.4691 25.46272 27.64872 24.91388
0 0 0 0 0 0 0 0 0 0 0 0 0 0 0 0 0 0 0 0 0 0 0 0 0 0 0 0 0 0 0 0 0 0 0 0 0 0 0 0 0 0 0 0 0 0 0 0 0 0 0 184.6017 189.7041 189.7041 112.3663 72.39216 72.39216 72.39215 72.39215 72.39216 73.15144 108.7462 82.50629 82.39528 82.39528 82.39528 82.39528 82.39528 76.52587 34.04596 34.04596 34.04596 34.04596 34.04596 34.04596 27.83184 20.70641 20.70641 20.70641 20.70641 20.70641
0 0 0 0 0 0 0 0 0 0 0 0 0 0 0 0 0 0 0 0 0 0 0 0 0 0 0 0 0 0 0 0 0 0 0 0 0 0 0 0 0 0 0 0 0 0 0 0 0 0 0 189.7041 189.7041 189.7041 123.125 72.39215 72.39216 72.39215 72.39215 72.39215 289.7052 1001.927 604.1988 83.44326 105.9127 113.1197 82.39528 82.39528 66.50479 34.2308 34.04596 34.04596 33.92645 26.95839 25.50046 21.03998 20.70641 20.70641 20.70641 20.70641 20.70641
0 0 0 0 0 0 0 0 0 0 0 0 0 0 0 0 0 0 0 0 0 0 0 0 0 0 0 0 0 0 0 0 0 0 0 0 0 0 0 0 0 0 0 0 0 0 0 0 0 0 57.57433 67.77675 139.4997 159.2633 77.69054 72.39216 72.39215 72.39215 72.39215 72.39215 824.9347 1036.909 1036.909 716.9916 454.8697 150.4591 82.39528 82.39527 82.39527 69.96147 35.22089 31.34168 29.00753 20.70641 20.70641 20.70641 20.70641 20.70641 20.70641 20.70641 20.70641
0 0 0 0 0 0 0 0 0 0 0 0 0 0 0 0 0 0 0 0 0 0 0 0 0 0 0 0 0 0 0 0 0 0 0 0 0 0 0 0 0 0 0 0 0 0 0 0 0 51.21609 51.92827 51.92827 54.50848 69.64691 72.39215 72.39216 72.39216 72.39215 72.39216 72.39216 786.4798 1036.909 1036.909 1036.909 475.4282 82.39528 82.39528 82.39528 82.39528 82.39528 37.13734 20.70641 20.70641 20.70641 20.70641 20.70641 20.70641 20.70641 20.70641 20.70641 20.70641
0 0 0 0 0 0 0 0 0 0 0 0 0 0 0 0 0 0 0 0 0 0 0 0 0 0 0 0 0 0 0 0 0 0 0 0 0 0 0 0 0 0 0 0 0 0 0 0 49.65439 51.92827 51.92827 51.92827 51.92827 52.00157 58.2592 69.00205 72.39215 71.71568 109.0762 809.4072 1019.558 482.5867 930.0861 1036.909 1023.305 215.8349 93.10184 95.62119 91.61319 84.17803 31.86512 20.70641 20.70641 20.70641 20.70641 20.70641 20.70641 20.70641 20.70641 20.70641 20.70641
0 0 0 0 0 0 0 0 0 0 0 0 0 0 0 0 0 0 0 0 0 0 0 0 0 0 0 0 0 0 0 0 0 0 0 0 0 0 0 0 0 94.72232 104.6263 93.01344 102.4229 65.14057 51.90561 51.92827 51.92827 51.92827 51.92827 51.92827 51.92827 51.92827 51.92827 52.41724 64.64605 56.52657 63.89457 211.362 199.3663 101.8385 334.4262 702.0118 465.6031 105.9577 101.8385 101.8385 101.8385 85.49287 20.85211 20.70641 20.70641 20.70641 20.70641 20.70641 20.70641 20.70641 20.70641 20.70641 20.70641
0 0 0 0 0 0 0 0 0 0 0 0 0 0 0 0 0 0 0 0 0 0 0 0 0 0 0 0 0 0 0 0 0 0 0 0 0 0 0 0 104.5019 104.6312 104.6312 104.6312 104.6312 56.10233 51.92827 51.92827 51.92827 51.92827 51.92827 51.92827 51.92827 51.92827 51.92826 51.92827 51.92827 51.92827 89.65134 101.8385 101.8385 101.8385 101.8385 101.8385 101.8385 101.8385 101.8385 101.8385 101.8385 84.90549 20.83482 20.70641 20.70641 20.70641 20.70641 20.70641 20.70641 20.70641 20.70641 20.70641 20.70641
0 0 0 0 0 0 0 0 0 0 0 0 0 0 0 0 0 0 0 0 0 0 0 0 0 0 0 0 0 0 0 0 0 0 0 0 0 0 0 0 89.45107 104.6312 104.6312 104.6312 104.6312 102.3917 65.61478 51.92827 51.92827 51.92827 51.92827 51.92826 51.92827 51.92827 51.92827 51.92827 51.92827 51.92826 78.57024 101.8385 101.8385 101.8385 101.8385 101.8384 101.8385 101.8385 101.8385 101.8385 101.8371 87.11698 60.32408 25.76308 20.70641 20.70641 20.70641 20.70641 20.70641 20.70641 20.70641 21.3807 26.83601
0 0 0 0 0 0 0 0 0 0 0 0 0 0 0 0 0 0 0 0 0 0 0 0 0 0 0 0 0 0 0 0 0 0 0 0 0 94.61248 94.94596 94.94595 94.97469 102.7726 104.6312 104.6312 104.6312 104.6312 100.4507 57.47207 51.92827 51.92827 51.92827 51.92826 51.92827 68.94362 101.0876 98.20536 97.27609 84.68182 101.6817 101.8385 101.8385 101.8385 101.8385 101.8384 101.8385 101.8385 101.8385 87.42753 40.50426 23.93518 23.82895 20.90955 20.70641 20.70641 20.70641 20.70641 20.70641 21.42737 27.68678 31.28522 31.86
0 0 0 0 0 0 0 0 0 0 0 0 0 0 0 0 0 0 0 0 0 0 0 0 0 0 0 0 0 0 0 0 0 0 0 94.93979 94.94596 94.94595 94.94595 94.94595 96.22537 104.3653 104.6312 102.9178 104.603 99.01556 66.40609 48.30449 51.23997 51.92826 51.92827 51.92827 51.92827 62.24391 108.5055 108.5055 108.5055 108.5055 104.7194 101.9369 101.8385 101.8384 101.8385 101.8384 101.8385 94.75296 57.19584 37.10548 23.93518 23.93518 23.83732 21.12363 20.70641 20.70641 20.70641 20.70641 20.70641 25.48638 31.86 31.86 31.86
0 0 0 0 0 0 0 0 0 0 0 0 0 0 0 0 0 0 0 0 0 0 0 0 0 0 0 0 0 0 0 0 0 0 83.9352 94.89304 94.94595 94.94595 94.94595 94.94595 95.76677 86.00017 70.28655 55.87932 59.54385 49.88645 48.15998 48.26104 51.78533 51.92827 51.92827 51.92827 51.92827 55.26107 108.5055 108.5055 108.5055 108.5055 108.5055 108.0034 102.676 101.1613 101.8385 101.8385 101.8385 98.40488 24.82728 23.93518 23.93518 23.93518 23.93518 22.53349 20.70641 20.70641 20.70641 20.77192 20.95732 29.69132 31.86 31.86 31.86
0 0 0 0 0 0 0 0 0 0 0 0 0 0 0 0 0 0 0 0 0 0 0 0 0 0 0 0 43.74448 46.67385 50.81443 51.41236 51.41236 51.41236 51.41236 56.65139 84.47743 94.94595 94.94596 94.94596 79.93296 48.15998 48.15998 48.15998 48.15998 48.15998 48.15998 48.15998 49.06247 51.68224 51.92827 51.92827 51.92827 78.09859 108.5055 108.5055 108.5055 108.5055 108.5055 107.377 42.38623 24.03917 46.72207 84.0411 85.26585 49.43642 23.93518 23.93518 23.93518 23.93518 23.85575 21.17524 20.70641 20.98368 26.14767 30.76477 31.86 31.86 31.86 31.86 31.86
0 0 0 0 0 0 0 0 0 0 0 0 0 0 0 0 0 0 0 0 0 0 0 0 0 0 51.0922 50.29224 51.40388 51.41236 51.41236 51.41236 51.41236 51.41236 51.41236 51.41236 54.05162 66.06213 83.52122 94.94595 68.18258 48.15998 48.15998 48.15998 48.15998 48.15998 48.15998 48.15998 48.15998 49.41551 51.36114 64.11433 83.75604 107.4768 108.5055 108.5055 108.5055 108.5055 108.5055 79.09808 23.93518 23.93518 23.93518 23.93518 23.93518 23.93518 23.93518 23.93518 23.93518 23.93518 23.91575 21.07183 25.71104 29.95645 31.86 31.86 31.86 31.86 31.86 31.86 31.86
0 0 0 0 0 0 0 0 0 0 0 0 0 0 0 0 0 0 0 0 0 0 0 0 49.83883 48.71469 48.7147 48.71469 49.35569 51.07978 51.41237 51.41236 51.41237 51.41236 51.41237 51.41236 51.41237 51.41236 67.20449 80.78506 49.41086 48.15998 48.15998 48.15998 48.15998 48.15998 48.15998 47.45402 42.64048 46.76159 66.61266 108.5055 108.5055 108.5055 108.5055 108.5055 108.5055 108.5055 108.5055 70.10542 23.93518 23.93518 23.93518 23.93518 23.93518 23.93518 23.93518 23.93518 23.93518 23.93518 23.89127 20.94724 29.95947 31.86 31.86 31.86 31.86 31.86 31.86 31.86 31.86
0 0 0 0 0 0 0 0 0 0 0 0 0 0 0 0 0 0 0 0 0 0 0 0 0 48.72343 48.71469 48.71469 48.71469 49.05552 51.07605 51.41236 51.41236 51.41236 51.41236 51.41236 51.41236 51.41236 83.01209 82.56151 48.15998 48.15998 46.96264 47.23104 48.15998 48.15998 45.91177 41.45173 40.21772 40.55247 83.23398 108.5055 108.5055 108.5055 108.5055 108.5055 108.5055 108.5055 108.5055 61.51766 23.93518 23.93518 23.93518 23.93518 23.93518 23.93518 23.93518 23.93518 23.93518 23.93518 23.93518 23.33825 30.17515 31.86 31.86 31.86 31.86 31.86 31.86 31.86 31.86
0 0 0 0 0 0 0 0 0 0 0 0 0 0 0 0 0 0 0 0 0 228.493 218.4978 228.2925 155.1006 48.75587 48.7147 48.7147 48.71469 48.71469 48.83312 50.12049 51.32412 51.41237 51.41237 51.41236 51.41236 53.95517 93.64229 89.86619 45.69626 45.34588 41.53946 40.72696 44.89472 42.49326 40.23054 40.21772 40.21772 40.21772 66.54095 108.5055 108.5055 108.5055 108.5055 108.5055 108.5051 108.1639 108.5055 108.2674 60.43535 23.93518 23.93518 23.93518 23.93518 23.93518 23.93518 23.93518 23.93518 23.93518 25.90196 31.40206 31.86 31.86 31.86 31.86 31.86 31.86 31.86 31.86 31.86
0 0 0 0 0 0 0 0 0 0 0 0 0 0 0 0 0 0 0 189.4933 227.8928 228.8181 228.8181 228.8181 228.8181 182.571 85.14838 48.71469 48.71469 48.71469 48.71469 48.71469 48.9951 50.77872 51.41236 41.7573 39.61604 43.8817 78.67269 71.80014 40.21772 40.21772 40.21772 40.21772 40.21772 40.21772 40.21772 40.21772 40.21772 40.21772 61.62224 108.5055 108.5055 108.5055 108.5055 108.5055 89.93677 51.23547 99.50056 92.11193 62.19364 25.55098 24.63692 29.7951 24.31613 23.93518 23.93518 23.93518 23.93518 23.93518 29.23863 31.86 31.86 31.86 31.86 31.86 31.86 31.86 31.86 31.86 31.86
0 0 0 0 0 0 0 0 0 0 0 0 0 0 0 0 0 0 228.8181 228.8181 228.8181 228.8181 228.8181 228.8181 228.8181 228.818 227.4188 176.6807 80.16989 76.37286 51.78925 48.71469 48.71469 48.71909 47.74741 35.91418 35.41351 35.41351 35.82238 39.79794 40.21772 40.21773 40.21773 40.21773 40.21772 40.21772 40.21772 40.21773 40.21772 40.21773 40.24958 50.90097 60.67688 66.3354 61.04243 86.94201 54.55543 40.02885 40.67191 40.03299 40.02886 39.96048 39.90694 40.02886 35.54683 24.83511 23.93518 23.93518 23.93518 24.39323 30.79027 31.11786 31.48927 31.86 31.86 31.86 31.86 31.86 31.86 31.86 31.86
0 0 0 0 0 0 0 0 0 0 0 0 0 0 0 0 0 190.7581 228.818 228.818 228.8181 228.8181 228.8181 228.8181 228.8181 228.818 202.7444 105.3991 96.33075 96.33075 75.76583 48.7147 48.71469 48.09045 37.84297 35.41351 35.41351 35.41351 35.65713 38.37696 40.20034 40.21772 40.21772 40.21772 40.21772 40.21772 40.21772 40.21772 40.21772 176.4108 83.14874 96.53944 52.86821 40.21716 40.19514 40.03057 40.02886 40.02885 40.02886 40.02886 40.02886 40.02886 40.02886 40.02885 40.02886 28.58588 23.93518 23.93518 23.93518 24.29121 24.85652 24.85652 25.09132 27.16989 31.61733 31.86 31.86 31.86 31.86 31.86 31.86
0 0 0 0 0 0 0 0 0 0 0 0 0 0 225.5363 329.5187 308.0222 231.0569 228.8181 228.818 228.8181 228.8181 228.818 199.6785 190.0202 127.0888 118.8221 96.33074 96.33074 96.33074 84.7718 48.74568 48.71469 41.73272 35.41351 35.41351 35.41351 35.41351 35.41351 35.41351 59.45114 65.47356 41.04285 40.21772 40.21772 40.21772 40.21772 40.21772 117.0167 322.9713 322.559 323.0848 102.3873 40.06312 40.05364 40.02886 40.02885 40.02886 40.02885 40.02886 40.02885 40.02885 40.02885 40.02886 40.02885 29.46813 23.93518 23.94859 24.42464 24.83926 24.85652 24.85652 24.85652 24.85653 27.41706 31.86 31.86 31.86 31.86 31.86 31.86
0 0 0 0 0 0 0 0 0 0 0 0 0 301.2386 346.2359 346.2359 346.2359 284.6462 233.0063 228.8181 228.818 228.8181 228.818 136.5781 96.33074 96.33075 96.33075 96.33074 96.33075 96.33074 96.33075 69.00681 43.86614 36.08632 35.41351 35.41351 35.41351 35.41351 35.41351 35.41351 101.599 129.0754 112.0182 64.44523 81.07422 96.73601 68.99485 156.2907 304.0513 323.0848 323.0848 323.0848 228.0415 43.97572 40.02886 40.02885 40.02886 40.02885 40.02886 40.02885 40.02885 40.02885 40.02886 40.02885 40.02886 31.48534 23.93518 24.27399 24.85652 24.85653 24.85652 24.85652 24.85652 24.85652 28.26961 31.86 31.86 45.12663 75.38123 68.77842 96.47237
0 0 0 0 0 0 0 0 0 0 0 0 350.7938 346.2359 346.2359 346.2359 346.2359 335.8887 193.9476 142.3385 120.6658 175.7564 178.6362 107.6227 96.33076 96.33076 96.33075 96.33075 96.33075 96.33075 96.33075 62.57178 35.41853 35.41351 35.41351 35.41351 35.41351 35.41351 35.41351 37.73619 119.7659 129.0754 129.0754 129.0754 129.0754 129.0754 129.0754 138.9796 278.2535 323.0848 323.0848 323.0848 323.0848 227.2916 122.36 40.02886 40.02886 40.02886 40.02886 40.02886 40.02886 40.02886 40.02886 40.02886 40.02886 36.83162 24.66642 24.75275 24.85652 24.85652 24.85652 24.85652 24.85652 24.85652 26.37538 30.42173 68.42049 112.6064 114.0534 114.0534 114.0534
0 0 0 0 0 0 0 0 0 0 3565.187 617.8042 346.2359 346.2359 346.2359 346.2359 342.6746 143.1073 101.5904 101.5904 101.5904 101.5904 101.5904 100.0967 96.33074 96.33075 96.33074 96.33074 96.33074 96.33074 96.33074 59.89053 35.48349 35.41351 35.41351 35.41351 35.41351 35.41351 35.41351 38.1329 109.3876 129.0754 129.0754 129.0754 129.0754 129.0754 129.0754 129.0754 144.5307 234.8349 321.4936 323.0848 323.0848 323.0848 270.2736 73.91438 40.02885 40.02885 40.02885 40.02885 40.02885 40.02885 40.02885 37.79648 33.99775 27.43298 24.86777 24.85652 24.85652 24.85652 24.85652 24.85652 24.85652 24.85652 24.85652 24.85652 91.58614 114.0534 114.0534 114.0534 114.0534
0 0 0 0 0 0 0 0 0 4554.558 3442.709 951.8135 356.5385 361.8627 362.0326 356.9689 302.5462 101.5904 101.5904 101.5904 101.5904 101.5904 101.5904 101.5902 98.71162 96.33074 115.1129 148.2345 103.9195 96.33074 96.33075 96.33074 87.39713 52.51147 64.04705 37.01534 35.41351 35.41351 35.41351 65.16972 129.0754 129.0754 129.0754 129.0754 129.0754 129.0754 129.0754 131.1372 201.7641 194.7633 249.3564 322.1513 323.0848 323.0848 323.0848 309.8845 64.77705 47.14857 40.02886 40.02885 40.02886 39.25032 31.15884 27.34707 27.24369 27.17587 25.25647 24.93138 24.85653 24.85653 24.85652 24.85653 24.85653 24.85653 31.50479 72.28822 113.1398 114.0534 114.0534 114.0534 114.0534
0 0 0 0 0 0 0 0 3782.382 3900.075 2234.001 367.591 367.591 367.591 367.591 367.591 365.0216 203.5548 101.5904 101.5904 101.5904 101.5904 101.5904 101.5904 101.1653 272.9866 390.8196 409.8091 391.8165 176.0354 96.33075 96.33076 119.9308 148.1389 148.1726 117.8203 60.47258 36.40511 35.41351 59.85905 127.682 129.0754 129.0754 129.0754 129.0754 129.0754 129.0754 154.7581 216.9064 212.2822 208.564 232.2458 295.1161 322.9577 323.0848 323.0848 308.8842 220.3622 54.28347 40.02886 40.02886 34.30307 27.24368 27.24369 27.24368 27.24369 27.23924 25.80066 24.85652 24.85652 24.85652 24.85652 24.85652 24.85652 195.8649 182.0584 135.6205 120.3921 114.0534 114.0534 114.0534
0 0 0 0 0 0 0 0 0 3300.99 1595.65 367.591 367.5967 367.7243 367.591 367.591 359.1361 271.4201 192.3905 140.152 122.4674 105.6663 103.9264 101.5904 101.5904 293.6012 409.8091 409.8091 409.8091 397.9969 271.5473 144.3332 147.5891 148.1726 148.1726 148.1726 148.1726 143.3972 142.0307 148.1403 133.1692 129.0754 129.0754 129.0754 129.0754 129.0754 142.4543 198.9871 217.8738 217.7285 214.8085 211.628 208.564 213.039 219.8829 239.2057 241.4111 314.9765 297.1664 67.124 30.44593 27.63898 27.24369 27.24369 27.24369 27.24369 26.54077 24.85652 24.85652 24.85652 24.85652 24.85652 24.85652 91.4525 217.0503 219.4803 218.8739 198.4766 114.0534 114.0534 114.0534
