Scenarios/Heterogeneous/data/country_data_population_distribution/processed/density_grids/pry.asc
ncols 210
nrows 209
xllcorner -62
yllcorner -27
[rows 64 to 95 of 209, columns 74 to 147 of 210]
1.405728 1.405728 1.405728 1.175592 0.4125014 0.4125014 0.4125014 0.4125014 0.4125014 0.4125014 0.4125014 0.4125014 0.4125014 0.4125014 0.4125014 0.4125014 0.4125014 0.4125014 0.4125014 0.4125014 0.4125014 0.4125014 0.4125014 0.4125014 0.4125014 0.4125014 0.4125014 0.4125014 0.4125014 0.4125014 0.4125014 0.4125014 0.4125014 0.4125014 0.4125014 0.4125014 0.4125014 0.4125014 0.4125014 0.4125014 0.4125014 0.4125014 0.4125014 0.5373929 0.680619 0.7737379 0.8769578 0.8956011 0.8956011 0.8956011 0.8691095 0 0 0 0 0 0 0 0 0 0 0 0 0 0 0 0 0 0 0 0 0 0 0
1.405728 1.405727 1.405728 1.352219 0.5660684 0.6218433 0.796527 0.8904712 0.9502192 5.087508 5.311488 5.061241 4.690079 4.320755 4.10888 3.648156 3.800431 2.901184 0.6595729 0.4125014 0.4125014 0.4125014 0.4125014 0.4125014 0.4125014 0.4125014 0.4125014 0.4125014 0.4125014 0.4125014 0.4125014 0.4125014 0.4125014 0.4125014 0.4125014 0.4125014 0.4125014 0.4125014 0.4125014 0.4125014 0.4125014 0.4125014 0.4125014 0.4125014 0.4125014 0.4125014 0.4279955 0.5451564 0.6742959 0.7946928 0 0 0 0 0 0 0 0 0 0 0 0 0 0 0 0 0 0 0 0 0 0 0 0
1.405728 1.405727 1.405728 1.405727 1.405728 1.405727 1.405728 1.405727 1.707659 8.830823 8.840524 8.840524 8.840524 8.840524 8.840524 8.840524 8.840524 8.840524 5.015087 1.164087 0.4493711 0.4125014 0.4125014 0.4125014 0.4125014 0.4125014 0.4125014 0.4125014 0.4125014 0.4125014 0.4125014 0.4125014 0.4125014 0.4125014 0.4125014 0.4125014 0.4125014 0.4125014 0.4125014 0.4125014 0.4125014 0.4125014 0.4125014 0.4125014 0.4125014 0.4125014 0.4125014 0.4125014 0.4125014 0.4131308 0 0 0 0 0 0 0 0 0 0 0 0 0 0 0 0 0 0 0 0 0 0 0 0
1.405728 1.405728 1.405728 1.405728 1.405728 1.405728 1.405728 1.405728 2.533921 8.840524 8.840523 8.840524 8.840523 8.840524 8.840524 8.840524 8.840524 8.840524 7.422835 2.192626 1.943723 0.6835246 0.4489874 0.4430231 0.4516648 0.4178323 0.4125014 0.4125014 0.4125014 0.4125014 0.4125014 0.4125014 0.4125014 0.4125014 0.4125014 0.4125014 0.4125014 0.4125014 0.4125014 0.4125014 0.4125014 0.4125014 0.4125014 0.4125014 0.4125014 0.4125014 0.4125014 0.4125014 0.4125014 0.4125014 5.520734 7.158499 0 0 0 0 0 7.906728 5.933444 0 0 0 0 0 0 0 0 0 0 0 0 0 0 0
1.405728 1.405728 1.405728 1.405727 1.405728 1.405728 1.405728 1.405727 2.992964 8.840523 8.840524 8.840524 8.840523 8.840523 8.840524 8.840523 8.840524 8.840523 8.811246 2.850939 1.870131 0.79394 0.7939399 0.79394 0.79394 0.7850937 0.7290163 0.7209713 0.7256762 0.7300128 0.7342575 0.7296917 0.7312033 0.7417222 0.7385344 0.7226786 0.7208411 0.7256758 0.6309173 0.5247313 0.4864129 0.4616177 0.4402297 0.4297087 0.4125014 0.4125014 0.4125014 0.4125014 0.4125014 0.4125014 0.8353671 10.11206 10.04724 9.737695 7.71648 9.603239 9.941398 10.11206 10.11206 8.488967 0 0 0 0 0 0 0 0 0 0 0 0 0 0
1.405728 1.405728 1.405728 1.405728 1.405728 1.405728 1.405728 1.405728 3.202394 8.840523 8.840522 8.840523 8.840523 8.840523 8.840523 8.840523 8.840523 8.840523 6.18139 2.212238 1.735864 0.79394 0.7939401 0.79394 0.79394 0.79394 0.79394 0.79394 0.7939401 0.79394 0.7939401 0.7939401 0.7939401 0.79394 0.7939401 0.79394 0.7939401 0.7939401 0.7939401 0.79394 0.7939401 0.79394 0.7939401 0.7925066 0.5202635 0.4125014 0.4125014 0.4125014 0.4125014 0.4125014 4.397964 10.11206 10.11206 10.11206 10.11206 10.11206 10.11206 10.11206 10.11206 10.11206 5.759321 0.4402558 0.4701373 0 0 0 0 0 0 0 0 0 0 0
1.405728 1.405728 1.405728 1.405728 1.405728 1.405728 1.405728 1.405728 3.411825 8.840523 8.840523 8.840523 8.840523 8.840523 8.369108 8.259551 8.101802 7.108989 2.408488 2.192626 1.997593 0.8590711 0.8240436 1.080883 0.796187 0.79394 0.79394 0.79394 0.79394 0.79394 0.79394 0.79394 0.79394 0.79394 0.79394 0.79394 0.79394 0.79394 0.79394 0.79394 0.79394 0.79394 0.79394 0.79394 0.6892946 0.4125022 0.4125014 0.4125014 0.4125014 0.4125014 3.90103 10.11206 10.11206 10.11206 10.11206 10.11206 10.11206 10.11206 10.11206 10.11206 9.078528 0.3801083 0.3800046 0.3800046 0.3885201 0.4646395 0.4922839 0.6547701 0 0.5469709 0.6108029 0 0 0.3788221
1.405727 1.405728 1.405728 1.405728 1.405728 1.405728 1.405728 1.405728 3.621256 8.840523 8.840523 8.840523 8.322434 5.212447 2.343469 2.192626 2.192626 2.192626 2.192626 2.192626 2.192626 2.074666 2.035687 2.192626 1.138472 0.7939399 0.79394 0.7939399 0.79394 0.7939399 0.79394 0.79394 0.79394 0.7939399 0.79394 0.7939399 0.79394 0.79394 0.79394 0.7939399 0.79394 0.7939399 0.79394 0.7939399 0.79394 0.6429982 0.4961194 0.4147313 0.4125014 0.4125014 1.309994 5.038283 8.809424 10.11206 10.11206 10.11206 10.11206 10.11206 10.11206 10.11206 10.11206 7.501146 0.3800046 0.3800046 0.3800046 0.3800046 0.3800046 0.3800046 0.3800046 0.3800046 0.3800046 0.3800046 0.3800046 0.3800046
1.405727 1.405727 1.405728 1.405727 1.405728 1.405727 1.406239 1.508834 3.996968 8.840523 8.840523 8.540053 3.092695 2.192626 2.192626 2.192626 2.192626 2.192626 2.192626 2.192626 2.192626 2.192626 2.192626 2.192626 1.97023 0.8537736 0.7939399 0.7939399 0.7939399 0.7939399 0.7939399 0.7939399 0.7939399 0.7939399 0.7939399 0.7939399 0.7939399 0.7939399 0.7939399 0.7939399 0.7939399 0.7939401 0.7939399 0.7939399 0.79394 0.7939399 0.7939399 0.7489148 0.5992457 0.4490262 0.4125014 0.4125014 3.801225 10.11206 10.11206 10.11206 10.11206 10.11206 10.11206 10.11206 10.11206 7.023941 0.3800046 0.3800046 0.3800046 0.3800046 0.3800046 0.3800046 0.3800046 0.3800046 0.3800046 0.3800046 0.3800046 0.4021326
1.405728 1.405728 3.090306 8.226954 8.406129 8.585304 8.763969 8.840523 8.840524 8.840524 8.840523 8.248528 2.192626 2.192626 2.192626 2.192626 2.192626 2.192626 2.192626 2.192626 2.192626 2.192626 2.192626 2.192626 2.192626 1.636909 0.79394 0.79394 0.79394 0.79394 0.79394 0.79394 0.7939399 0.79394 0.79394 0.79394 0.7939399 0.79394 0.79394 0.79394 0.79394 0.79394 0.79394 0.79394 0.79394 0.79394 0.7939399 0.79394 0.79394 0.7873887 0.6839126 0.5699533 0.5052779 4.214754 9.633186 10.11206 9.623186 8.717555 7.61239 9.66466 10.11206 6.269142 0.3800046 0.3800046 0.3800046 0.3800046 0.3800046 0.3800046 0.3800046 0.3800046 0.3800046 0.3800046 0.3806034 2.130106
1.405728 1.405728 3.070788 8.840524 8.840523 8.840523 8.840523 8.840524 8.840524 8.504524 8.080221 7.240529 2.192626 2.192626 2.192626 2.192626 2.192626 2.192626 2.192626 2.192626 2.192626 2.192626 2.192626 2.192626 2.192626 2.191859 1.198759 0.79394 0.7939401 0.79394 0.7939401 0.7939401 0.7939401 0.79394 0.7939401 0.7939401 0.7939401 0.7939401 0.7939401 0.79394 0.7939401 0.79394 0.7939401 0.79394 0.7939399 0.79394 0.7939401 0.79394 0.7939401 0.7939401 0.7939401 0.79394 0.8314905 3.214985 4.055033 4.887324 1.82396 1.509835 1.387756 1.296806 4.742822 1.711207 0.3800046 0.3800046 0.3800046 0.3800046 0.3800046 0.3800046 0.3800046 0.3800046 0.3800046 2.328847 2.781941 3.152225
1.189411 1.366895 2.339518 7.671996 8.840524 8.840524 8.840523 8.840524 8.840524 3.003387 2.192626 2.195427 2.192626 2.192626 2.192626 2.192626 2.192626 2.192626 2.192626 2.192626 2.192626 2.192626 2.192626 2.192626 2.192626 2.192626 1.305171 0.79394 0.79394 0.79394 0.79394 0.79394 0.79394 0.79394 0.79394 0.79394 0.79394 0.79394 0.79394 0.79394 0.79394 0.79394 0.79394 0.79394 0.79394 0.79394 0.79394 0.79394 0.79394 0.79394 0.79394 0.79394 0.79394 0.9471769 1.443358 1.443358 1.443358 1.443358 1.443358 1.301281 0.520879 0.4264786 0.3800046 0.3800046 0.3800046 0.3800046 0.3800046 0.3800046 0.3800046 0.3800046 0.3800046 2.132833 3.152224 3.152225
0.4187682 0.5103415 0.9766958 4.768152 8.840523 8.840524 8.840524 8.840524 8.322996 2.442438 2.192626 2.192626 2.192626 2.192626 2.192626 2.192626 2.192626 2.192626 2.192626 2.192626 2.192626 2.192626 2.192626 2.192626 2.192626 2.192626 2.153701 1.157573 0.7939399 0.7939399 0.7939399 0.7939399 0.7939399 0.7939399 0.79394 0.7939399 0.7939399 0.79394 0.79394 0.7939399 0.79394 0.7939399 0.79394 0.7939399 0.79394 0.7939399 0.79394 0.7939399 0.79394 0.7939399 0.79394 0.7939399 0.79394 1.001659 1.443358 1.443358 1.443358 1.443358 1.443358 1.443358 1.443358 1.440015 1.188799 0.5911875 0.3800046 0.3800046 0.3800046 0.3800046 0.3800046 0.3800046 0.455139 2.142745 3.152224 3.152224
0.4187682 0.4187682 0.4187682 4.869969 8.840524 8.840523 8.840524 8.840523 5.619479 2.192626 2.192626 2.192626 2.192626 2.192626 2.192626 2.192626 2.192626 2.192626 2.192626 2.192626 2.192626 2.192626 2.192626 2.192626 2.192626 2.192626 2.192626 2.119295 1.074332 0.79394 0.79394 0.79394 0.79394 0.79394 0.79394 0.79394 0.79394 0.79394 0.7939401 0.79394 0.79394 0.79394 0.79394 0.79394 0.79394 0.79394 0.79394 0.79394 0.79394 0.79394 0.79394 0.79394 0.79394 0.8663308 1.443358 1.443358 1.443358 1.443358 1.443358 1.443358 1.443358 1.443358 1.443358 1.016354 0.3800046 0.3800046 0.3800046 0.3800046 0.3800046 0.3800046 0.3803556 2.780591 3.152225 3.152225
0.4187682 0.4187682 0.4187682 4.468728 8.265992 8.840524 8.840523 7.547801 2.407928 2.192626 2.192626 2.192626 2.192626 2.192626 2.192626 2.192626 2.192626 2.192626 2.192626 2.192626 2.192626 2.192626 2.192626 2.192626 2.192626 2.192626 2.192626 2.192626 2.070826 0.9412366 0.79394 0.79394 0.79394 0.79394 0.79394 0.79394 0.79394 0.79394 0.79394 0.79394 0.79394 0.79394 0.79394 0.79394 0.79394 0.79394 0.79394 0.79394 0.79394 0.79394 0.79394 0.79394 0.79394 0.7959541 1.402398 1.443358 1.443358 1.443358 1.443358 1.443358 1.443358 1.443358 1.443358 1.423937 0.5921165 0.3800046 0.3800046 0.3800046 0.3800046 0.3855848 1.065446 2.391697 3.152225 3.152225
0.4187682 0.4187683 0.4187682 0.4187683 6.488953 8.840523 8.410252 3.100923 2.192626 2.192626 2.192626 2.192626 2.192626 2.192626 2.192626 2.192626 2.192626 2.192626 2.192626 2.192626 2.192626 2.192626 2.192626 2.192626 2.192626 2.069721 1.703002 1.487658 1.608516 1.01704 0.79394 0.79394 0.79394 0.79394 0.79394 0.79394 0.79394 0.79394 0.79394 0.79394 0.79394 0.79394 0.79394 0.79394 0.79394 0.79394 0.79394 0.79394 0.79394 0.79394 0.79394 0.79394 0.79394 0.79394 0.8772581 1.393376 1.443358 1.443358 1.443358 1.443358 1.443358 1.443358 1.443358 1.443358 0.8492317 0.38998 0.734687 0.9208076 1.649142 2.060463 3.152224 3.152224 3.152224 3.152224
0.4187683 0.4187683 0.4187683 0.4187683 5.247124 8.502798 4.144285 2.192626 2.192626 2.192626 2.192626 2.192626 2.192626 2.192626 2.192626 2.192626 2.192626 2.192626 2.192626 2.192626 2.192626 2.192626 2.192626 2.192626 2.035892 0.8040336 0.7939401 0.7939401 0.7939401 0.7939401 0.7939401 0.7939401 0.7939401 0.7939401 0.7939401 0.7939401 0.7939401 0.7939401 0.7939401 0.7939401 0.7939401 0.7939401 0.7939401 0.7939401 0.7939399 0.7939401 0.7939399 0.7939401 0.7939401 0.7939401 0.79394 0.953603 1.244869 1.329989 1.270125 1.333629 1.443358 1.443358 1.443358 1.443358 1.443358 1.443358 1.443358 1.443358 1.120022 0.8248637 1.443358 1.461854 3.009292 3.152225 3.152225 3.152225 3.152225 3.152225
0.4187682 0.4187682 0.4187682 0.4187682 0.4187682 1.342308 2.192626 2.192626 2.192626 2.192626 2.192626 2.192626 2.192626 2.192626 2.192626 2.192626 2.192626 2.192626 2.192626 2.192626 2.192626 2.192626 2.192626 1.686447 0.8044115 0.79394 0.79394 0.79394 0.7939401 0.79394 0.7939401 0.7939401 0.7939401 0.79394 0.7939401 0.79394 0.79394 0.7939401 0.79394 0.79394 0.79394 0.79394 0.79394 0.79394 0.79394 0.79394 0.7939401 0.79394 0.7939401 0.79394 0.79394 1.113794 1.443358 1.443358 1.443358 1.443358 1.443358 1.443358 1.443358 1.443358 1.443358 1.443358 1.443358 1.443358 1.282778 1.208097 1.443358 1.970999 3.152225 3.152224 3.152225 3.152225 3.152225 3.152224
0.4187683 0.4187682 0.4187682 0.4187682 1.000593 2.179611 2.192626 2.192626 2.192626 2.192626 2.192626 2.192626 2.192626 2.192626 2.192626 2.192626 2.192626 2.192626 2.192626 2.192626 2.192626 2.192626 2.146771 1.225859 0.79394 0.79394 0.79394 0.7939399 0.79394 0.7939399 0.7939399 0.79394 0.79394 0.7939399 0.79394 0.7939399 0.79394 0.79394 0.79394 0.7939399 0.79394 0.7939399 0.79394 0.7939399 0.79394 0.7939399 0.7939399 0.7939401 0.79394 0.7939399 0.79394 0.9034061 1.30248 1.443358 1.443358 1.443358 1.443358 1.443358 1.443358 1.443358 1.443358 1.443358 1.443358 1.443358 1.443358 1.443358 1.443358 1.571791 2.927192 3.152225 3.152225 3.152225 3.152225 3.102074
0.4187682 0.4187682 0.4187682 0.5343377 2.159955 2.192626 2.192626 2.192626 2.192626 2.192626 2.192626 2.192626 2.192626 2.192626 2.192626 2.192626 2.192626 2.192626 2.192626 2.192626 2.192626 2.192626 1.723808 0.7939401 0.79394 0.7939399 0.79394 0.7939399 0.79394 0.79394 0.79394 0.79394 0.79394 0.7939401 0.79394 0.7939399 0.79394 0.79394 0.79394 0.7939401 0.79394 0.79394 0.79394 0.7939401 0.79394 0.7939399 0.79394 0.79394 0.79394 0.79394 0.79394 0.7939401 0.8867377 1.443358 1.443358 1.443358 1.443358 1.443358 1.443358 1.443358 1.443358 1.443358 1.443358 1.443358 1.443358 1.443358 1.443358 1.443358 1.810751 2.764451 2.506683 2.254003 2.014853 1.83395
0.4187682 0.4187682 0.4187682 0.8682492 2.192626 2.192626 2.192626 2.192626 2.192626 2.192626 2.192626 2.192626 2.192626 2.192626 2.192626 2.192626 2.192626 2.192626 2.192626 2.192626 2.192626 2.192626 1.684281 0.79394 0.79394 0.79394 0.79394 0.79394 0.79394 0.7939401 0.7939399 0.79394 0.7939399 0.79394 0.7939399 0.79394 0.79394 0.7939399 0.79394 0.79394 0.79394 0.79394 0.79394 0.79394 0.79394 0.79394 0.7939399 0.79394 0.7939399 0.79394 0.79394 0.79394 0.7952741 1.372208 1.415321 1.443358 1.443358 1.443358 1.443358 1.443358 1.443358 1.443358 1.443358 1.443358 1.443358 1.443358 1.443358 1.443358 1.486962 1.822061 1.822061 1.822061 1.822061 1.82206
0.4187682 0.4187682 0.4187682 1.025978 2.192626 2.192626 2.192626 2.192626 2.192626 2.192626 2.192626 2.192626 2.192626 2.192626 2.192626 2.192626 2.192626 2.192626 2.192626 2.192626 2.192626 2.192626 1.717234 0.79394 0.79394 0.79394 0.79394 0.79394 0.79394 0.79394 0.79394 0.79394 0.79394 0.79394 0.79394 0.79394 0.79394 0.79394 0.79394 0.79394 0.79394 0.79394 0.79394 0.79394 0.79394 0.79394 0.79394 0.79394 0.79394 0.79394 0.79394 0.79394 0.79394 0.7948259 0.9407891 1.443358 1.443358 1.443358 1.443358 1.443358 1.443358 1.443358 1.443358 1.443358 1.443358 1.443358 1.443358 1.443358 1.443374 1.786621 1.822061 1.822061 1.822061 1.822061
0.4187682 0.4187682 0.4187682 1.257444 2.192626 2.192626 2.192626 2.192626 2.192626 2.192626 2.192626 2.192626 2.192626 2.192626 2.192626 2.192626 2.192626 2.192626 2.192626 2.192626 2.192626 2.192626 2.134723 0.8027242 0.79394 0.7939399 0.79394 0.79394 0.79394 0.7939399 0.79394 0.79394 0.79394 0.79394 0.79394 0.79394 0.79394 0.79394 0.7939399 0.79394 0.79394 0.7939399 0.79394 0.7939399 0.79394 0.7939399 0.79394 0.7939399 0.79394 0.7939399 0.79394 0.79394 0.79394 0.79394 1.188216 1.443358 1.443358 1.443358 1.443358 1.443358 1.443358 1.443358 1.443358 1.443358 1.443358 1.443358 1.443358 1.443358 1.443358 1.776653 1.82206 1.82206 1.82206 1.82206
0.4187682 0.4187682 0.4319066 1.988692 2.192626 2.192626 2.192626 2.192626 2.192626 2.192626 2.192626 2.192626 2.192626 2.192626 2.192626 2.192626 2.192626 2.192626 2.192626 2.192626 2.192626 2.192626 1.937778 0.79394 0.79394 0.79394 0.79394 0.79394 0.7939401 0.79394 0.7939399 0.79394 0.7939399 0.79394 0.7939399 0.79394 0.79394 0.79394 0.79394 0.79394 0.79394 0.79394 0.7939399 0.79394 0.79394 0.79394 0.79394 0.79394 0.7939399 0.79394 0.79394 0.79394 0.7939401 0.7939399 1.015873 1.442525 1.443358 1.443358 1.443358 1.443358 1.443358 1.443358 1.443358 1.443358 1.443358 1.443358 1.443358 1.443358 1.591243 1.797263 1.822061 1.82206 1.822061 1.822061
0.4187682 0.4187682 0.4187682 1.563728 2.192626 2.192626 2.192626 2.192626 2.192626 2.192626 2.192626 2.192626 2.192626 2.192626 2.192626 2.192626 2.192626 2.192626 2.192626 2.192626 2.192626 2.150606 1.308685 0.7939399 0.79394 0.79394 0.79394 0.79394 0.79394 0.79394 0.79394 0.79394 0.79394 0.79394 0.79394 0.79394 0.79394 0.79394 0.79394 0.79394 0.79394 0.79394 0.79394 0.79394 0.79394 0.7939399 0.79394 0.79394 0.79394 0.79394 0.79394 0.79394 0.79394 0.79394 0.7954637 1.337999 1.443358 1.443358 1.443358 1.443358 1.443358 1.443358 1.443358 1.443358 1.443358 1.460104 1.68728 1.770655 1.821564 1.822061 1.822061 1.822061 1.822061 1.822061
0.4187682 0.4187682 0.4187682 1.661407 2.192626 2.192626 2.192626 2.192626 2.192626 2.192626 2.192626 2.192626 2.192626 2.192626 2.192626 2.192626 2.192626 2.192626 2.192626 2.192626 2.155914 1.207707 0.79394 0.79394 0.79394 0.79394 0.79394 0.79394 0.7939401 0.79394 0.79394 0.79394 0.7939401 0.79394 0.79394 0.79394 0.79394 0.79394 0.79394 0.7939399 0.79394 0.79394 0.79394 0.7939399 0.7939401 0.79394 0.79394 0.79394 0.79394 0.79394 0.79394 0.79394 0.79394 0.79394 0.9330062 1.44327 1.443358 1.443358 1.443358 1.443358 1.443358 1.443358 1.443358 1.443358 1.443358 1.569124 1.82206 1.822061 1.822061 1.822061 1.822061 1.822061 1.82206 1.822061
0.4187682 0.4187682 0.5171155 2.100622 2.192626 2.192626 2.192626 2.192626 2.192626 2.192626 2.192626 2.192626 2.192626 2.192626 2.192626 2.192626 2.192626 2.192626 2.192626 2.256508 1.815531 0.79394 0.7939399 0.79394 0.79394 0.79394 0.7939399 0.79394 0.79394 0.79394 0.79394 0.79394 0.79394 0.79394 0.7939399 0.79394 0.79394 0.7939399 0.7939399 0.79394 0.79394 0.79394 0.79394 0.79394 0.79394 0.79394 0.79394 0.79394 0.7939399 0.79394 0.79394 0.79394 0.79394 0.79394 0.7942507 1.573038 1.447254 1.443358 1.443358 1.443358 1.443358 18.68106 46.96134 52.10405 34.93556 1.763905 3.935754 8.799664 1.822061 1.962393 1.822061 3.238838 2.351979 1.822061
0.4187683 0.4187683 1.153848 2.192626 2.192626 2.192626 2.192626 2.192626 2.192626 2.192626 2.192626 2.192626 2.192626 2.192626 2.192626 2.192626 2.192626 2.19939 2.478889 2.943839 2.83019 0.8685366 0.79394 0.79394 0.79394 0.79394 0.7939401 0.79394 0.7939401 0.79394 0.79394 0.7939401 0.7939401 0.79394 0.79394 0.79394 0.79394 0.7939401 0.79394 0.79394 0.7939401 0.79394 0.7939401 0.79394 0.79394 0.79394 0.7939401 0.79394 0.79394 0.79394 0.7939401 0.79394 0.79394 0.79394 1.482034 2.879243 2.392716 2.434405 21.45321 54.58622 53.6416 76.14388 77.83737 77.83738 60.62308 47.28137 74.14795 54.19265 14.68335 18.21379 6.623023 15.2564 16.36548 11.7166
0.4187682 0.4187682 1.340096 2.192626 2.192626 2.192626 2.192626 2.192626 2.192626 2.192626 2.192626 2.192626 2.192626 2.192626 2.192626 2.192626 2.195688 2.878951 3.02735 3.02735 3.02735 1.458935 0.79394 0.79394 0.7939401 0.79394 0.79394 0.79394 0.79394 0.79394 0.79394 0.79394 0.79394 0.79394 0.7939399 0.7939401 0.7939399 0.7939399 0.79394 0.7939399 0.79394 0.79394 0.79394 0.79394 0.7939401 0.79394 0.79394 0.79394 0.79394 0.79394 0.7939401 0.7939399 0.79394 0.9482539 3.025979 3.02735 3.02735 3.02735 58.26662 77.83736 77.83736 77.83736 77.83736 77.83736 77.83736 77.83736 75.708 27.25735 19.96245 19.96245 19.96245 19.96245 19.96245 19.96245
0.4187682 0.4187682 0.871019 2.123556 2.192626 2.192626 2.192626 2.192626 2.192626 2.192626 2.192626 2.192626 2.192626 2.192626 2.192626 2.192626 2.277236 3.02735 3.02735 3.02735 3.02735 1.980512 1.279254 0.966137 1.582601 2.512644 2.948046 1.533119 0.79394 0.8035011 0.8753769 0.79394 0.79394 0.79394 0.79394 0.79394 0.7939401 0.79394 0.79394 0.79394 0.79394 0.79394 0.79394 0.79394 0.7939401 0.79394 0.7939401 0.79394 0.7939401 0.79394 0.7939401 0.8165008 1.460622 1.679022 2.995646 3.02735 3.02735 3.02735 31.0484 75.20614 77.83737 77.83737 77.83736 77.83737 77.83736 72.4639 22.53819 19.96246 19.96246 19.96246 19.96246 19.96246 19.96246 19.96246
0.4187682 0.4187682 0.5490513 2.063718 2.192626 2.192626 2.192626 2.192626 2.192626 2.192626 2.192626 2.192626 2.192626 2.192626 2.192626 2.192626 2.444996 3.02735 3.02735 3.02735 3.02735 3.02735 3.02735 3.024466 3.027348 3.02735 3.02735 3.026171 2.522585 2.825182 2.91779 2.256782 1.560652 0.9397744 1.377012 0.7977403 0.79394 0.79394 0.79394 0.7939399 0.79394 0.79394 0.79394 0.79394 0.7939399 0.7939399 0.79394 0.7980481 1.135723 1.135147 2.076279 2.690137 3.02735 3.02735 3.02735 3.02735 3.02735 3.02735 3.02735 9.592966 51.90007 77.83737 77.83736 77.83736 77.83736 41.66037 19.96245 19.96246 19.96245 19.96245 19.96245 19.96246 19.96245 20.22347
0.4187683 0.4187683 1.474081 2.192626 2.192626 2.192626 2.192626 2.192626 2.192626 2.192626 2.192626 2.192626 2.192626 2.192626 2.192626 2.192626 2.662779 3.02735 3.02735 3.02735 3.02735 3.02735 3.02735 3.02735 3.02735 3.02735 3.02735 3.02735 3.02735 3.02735 3.02735 3.02735 3.02735 3.01447 3.02735 1.619338 0.7939401 0.7939401 0.7939401 0.79394 0.7939401 0.79394 0.7939401 0.7939401 0.7939399 0.79394 0.9882424 2.284388 3.02735 3.02735 3.02735 3.02735 3.02735 3.02735 3.02735 3.02735 3.02735 3.02735 3.02735 3.02735 11.96631 59.91947 77.83737 77.83736 71.77239 21.11283 19.96246 19.96246 19.96246 19.96246 20.0125 20.0928 24.41744 31.11434
