Scenarios/Heterogeneous/data/country_data_population_distribution/processed/density_grids/pry.asc
ncols 210
nrows 209
xllcorner -62
yllcorner -27
[rows 96 to 127 of 209, columns 74 to 147 of 210]
0.4187682 0.5269053 2.131484 2.192626 2.192626 2.192626 2.192626 2.192626 2.192626 2.192626 2.192626 2.192626 2.192626 2.192626 2.192626 2.192626 2.743081 3.02735 3.02735 3.02735 3.02735 3.02735 3.02735 3.02735 3.02735 3.02735 3.02735 3.02735 3.02735 3.02735 3.02735 3.02735 3.02735 3.02735 3.02735 2.942537 2.441695 2.414656 1.518154 0.9300614 0.79394 0.8356322 0.7942411 1.324246 0.9337007 1.163542 2.810716 3.02735 3.02735 3.02735 3.02735 3.02735 3.02735 3.02735 3.02735 3.02735 3.02735 3.02735 3.02735 3.02735 3.02735 22.7661 77.83737 77.83737 77.72782 65.36231 28.16372 19.96246 19.96245 19.96246 22.71567 30.46385 31.83874 31.89402
0.4187682 1.061954 2.192626 2.192626 2.192626 2.192626 2.192626 2.192626 2.192626 2.192626 2.192626 2.192626 2.192626 2.192626 2.192626 2.192626 2.621021 3.02735 3.02735 3.02735 3.02735 3.02735 3.02735 3.02735 3.02735 3.02735 3.02735 3.02735 3.02735 3.02735 3.02735 3.02735 3.02735 3.02735 3.02735 3.02735 3.02735 3.02735 3.02735 2.799894 2.57308 2.840769 2.551043 3.02735 2.779382 2.951045 3.02735 3.02735 3.02735 3.02735 3.02735 3.02735 3.02735 3.02735 3.02735 3.02735 3.02735 3.02735 3.02735 3.02735 3.162156 64.23371 77.83736 77.83737 77.83737 77.83737 76.8168 55.16879 27.75067 21.12369 31.3752 31.89402 31.89402 31.89402
0.4187682 1.545667 2.192626 2.192626 2.192626 2.192626 2.192626 2.192626 2.192626 2.192626 2.192626 2.192626 2.192626 2.192626 2.192626 2.192626 2.234046 2.675304 2.694444 2.98214 3.02735 3.02735 3.02735 3.02735 3.02735 3.02735 3.02735 3.02735 3.02735 3.02735 3.02735 3.02735 3.02735 3.02735 3.02735 3.02735 3.02735 3.02735 3.02735 3.02735 3.02735 3.02735 3.02735 3.02735 3.02735 3.02735 3.02735 3.02735 3.02735 3.02735 3.02735 3.02735 3.02735 3.02735 3.02735 3.02735 3.02735 3.02735 3.02735 3.02735 3.02735 21.14278 74.24772 77.83736 77.83736 77.83736 78.81664 83.85076 81.50475 57.88557 52.43565 40.81752 31.89402 31.89402
0.4187682 1.912655 2.192626 2.192626 2.192626 2.192626 2.192626 2.192626 2.192626 2.192626 2.192626 2.192626 2.192626 2.192626 2.192626 2.084247 2.095912 2.153096 2.191604 2.289272 2.351372 2.210423 3.023704 3.02735 3.02735 3.02735 3.02735 3.02735 3.02735 3.02735 3.02735 3.02735 3.02735 3.02735 3.02735 3.02735 3.02735 3.02735 3.02735 3.02735 3.02735 3.02735 3.02735 3.02735 3.02735 3.02735 3.02735 3.02735 3.02735 3.02735 3.02735 3.02735 3.02735 3.02735 3.02735 3.02735 3.02735 3.02735 3.02735 3.02735 3.02735 3.02735 28.69873 77.26157 77.83736 77.83737 83.5069 91.17129 91.17129 91.15978 79.29359 36.99408 28.18103 22.99976
0.4897223 2.173167 2.192626 2.192626 2.192626 2.192626 2.192626 2.192626 2.192626 2.192626 2.192626 2.192626 2.192626 2.192626 2.192626 0.8761004 0.4418125 0.4418125 0.4607054 0.4724682 0.4418125 0.7347558 2.62534 2.991295 3.02735 3.02735 3.02735 3.02735 3.02735 3.02735 3.02735 3.02735 3.02735 3.02735 3.02735 3.02735 3.02735 3.02735 3.02735 3.02735 3.02735 3.02735 3.02735 3.02735 3.02735 3.02735 3.02735 3.02735 3.02735 3.02735 3.02735 3.02735 3.02735 3.02735 3.02735 3.02735 3.02735 3.02735 3.02735 3.02735 3.02735 3.02735 3.436032 32.66615 61.36736 75.2887 65.38931 51.3684 37.01683 38.75639 16.75569 11.72507 10.4648 7.401465
2.030398 2.192626 2.192626 2.192626 2.192626 2.192626 2.192626 2.192626 2.192626 2.192626 2.192626 2.192626 2.192626 2.192626 2.192626 0.8459139 0.4418125 0.4418125 0.4418125 0.4418125 0.4418125 0.4418125 0.4418125 1.00108 2.925736 3.02735 3.02735 3.02735 3.02735 3.02735 3.02735 3.02735 3.02735 3.02735 3.02735 3.02735 3.02735 3.02735 3.02735 3.02735 3.02735 3.02735 3.02735 3.02735 3.02735 3.02735 3.02735 3.02735 3.02735 3.02735 3.02735 3.02735 3.02735 3.02735 3.02735 3.02735 3.02735 3.02735 3.02735 3.02735 3.02735 3.02735 6.251239 11.36394 11.36394 12.52427 11.36394 11.36393 11.36394 11.36394 11.36394 11.36393 10.75325 7.829905
2.192626 2.192626 2.192626 2.192626 2.192626 2.192626 2.192626 2.192626 2.192626 2.192626 2.192626 2.192626 2.192626 2.192626 2.192626 0.8138965 0.4418125 0.4418125 0.4418125 0.4418125 0.4418125 0.4492614 0.8411503 1.349262 2.524078 3.02735 3.02735 3.02735 3.02735 3.02735 3.02735 3.02735 3.02735 3.02735 3.02735 3.02735 3.02735 3.02735 3.02735 3.02735 3.02735 3.02735 3.02735 3.02735 3.02735 3.02735 3.02735 3.02735 3.02735 3.02735 3.02735 3.02735 3.02735 3.02735 3.02735 3.02735 3.02735 3.02735 3.02735 3.02735 3.02735 3.054419 7.704788 11.36393 11.36394 11.36393 11.36394 11.36394 11.36394 11.36394 11.36394 11.36394 11.36394 11.31084
2.192626 2.192626 2.192626 2.192626 2.192626 2.192626 2.192626 2.192626 2.192626 2.192626 2.192626 2.192626 2.192626 2.192626 2.192626 0.7680985 0.4418125 0.4418125 0.4418125 0.4418125 0.4418125 1.254983 3.02735 3.02735 3.02735 3.02735 3.02735 3.02735 3.02735 3.02735 3.02735 3.02735 3.02735 3.02735 3.02735 3.02735 3.02735 3.02735 3.02735 3.02735 3.02735 3.02735 3.02735 3.02735 3.02735 3.02735 3.02735 3.02735 3.02735 3.02735 3.02735 3.02735 3.02735 3.02735 3.02735 3.02735 3.02735 3.02735 3.02735 3.02735 3.02735 3.15869 7.745253 11.36393 11.36394 11.36393 11.36394 11.36393 11.36394 11.36394 11.36394 11.36394 11.36394 11.36394
2.192626 2.192626 2.192626 2.192626 2.192626 2.192626 2.192626 2.192626 2.192626 2.192626 2.192626 2.192626 2.192626 2.192626 2.192626 1.251582 0.4418125 0.4418125 0.4418125 0.4418125 0.4418125 0.5389435 2.895041 3.02735 3.02735 3.02735 3.02735 3.02735 3.02735 3.02735 3.02735 3.02735 3.02735 3.02735 3.02735 3.02735 3.02735 3.02735 3.02735 3.02735 3.02735 3.02735 3.02735 3.02735 3.02735 3.02735 3.02735 3.02735 3.02735 3.02735 3.02735 3.02735 3.02735 3.02735 3.02735 3.02735 3.02735 3.02735 3.02735 3.02735 3.02735 3.02735 3.073961 8.110987 11.36394 11.36394 11.36393 11.36393 11.36393 11.36393 11.36393 11.36394 11.36393 11.36393
2.192626 2.192626 2.192626 2.192626 2.192626 2.192626 2.192626 2.192626 2.192626 2.192626 2.192626 2.192626 2.192626 2.191094 1.717644 0.8257731 0.4418125 0.4418125 0.4418125 0.4418125 0.4418125 0.4418125 2.077239 2.986873 2.75645 3.02735 3.02735 3.02735 3.02735 3.02735 3.02735 3.02735 3.02735 3.02735 3.02735 3.02735 3.02735 3.02735 3.02735 3.02735 3.02735 3.02735 3.02735 3.02735 3.02735 3.02735 3.02735 3.02735 3.02735 3.02735 3.02735 3.02735 3.02735 3.02735 3.02735 3.02735 3.02735 3.02735 3.02735 3.02735 3.02735 3.02735 3.02735 3.119172 6.216533 8.990967 11.36394 11.36394 11.36394 11.36394 11.36394 11.36394 11.36394 11.36394
2.192626 2.192626 2.192626 2.192626 2.192626 2.192626 2.192626 2.192626 2.192626 2.192626 2.192626 2.192626 2.192626 1.723188 0.4418125 0.4418125 0.4418125 0.4418125 0.4418125 0.4418125 0.4418125 0.4418125 0.8054702 0.8853628 0.5107113 0.8068959 1.452314 2.463158 2.860154 3.02735 3.02735 3.02735 3.02735 3.02735 3.02735 3.02735 3.02735 3.02735 3.02735 3.02735 3.02735 3.02735 3.02735 3.02735 3.02735 3.02735 3.02735 3.02735 3.02735 3.02735 3.02735 3.02735 3.02735 3.02735 3.02735 3.02735 3.02735 3.02735 3.02735 3.02735 3.02735 3.02735 3.02735 3.02735 3.02735 3.05298 3.367793 6.673062 11.36394 11.36394 11.36394 11.36394 11.36394 11.36394
2.192626 2.192626 2.192626 2.192626 1.586247 1.544839 1.869372 2.158426 2.192626 1.99598 1.418917 1.607159 1.617073 1.145355 0.4418125 0.4418125 0.4418125 0.4418125 0.4418125 0.4418125 0.4418125 0.4418125 0.4424294 0.5016831 0.509203 0.509203 0.509203 0.509203 0.5262112 0.7994117 1.193293 2.047151 2.883294 3.02735 3.02735 3.02735 3.02735 3.02735 3.02735 3.02735 3.02735 3.02735 3.02735 3.02735 3.02735 3.02735 3.02735 3.02735 3.02735 3.02735 3.02735 3.02735 3.02735 3.02735 3.02735 3.02735 3.02735 3.02735 3.02735 3.02735 3.02735 3.02735 3.02735 3.02735 3.02735 3.02735 3.02735 8.962985 11.36393 11.36393 11.36394 11.36394 11.36394 11.36394
1.491473 1.551714 1.585594 1.518708 0.4697623 0.4418125 0.4418125 0.4743496 0.6794593 0.549598 0.4418125 0.4418125 0.4418125 0.4418125 0.4418125 0.4418125 0.4418125 0.4418125 0.4418125 0.4418125 0.4418125 0.4418125 0.4418125 0.4849221 0.509203 0.509203 0.509203 0.509203 0.509203 0.509203 0.509203 0.509203 0.6788303 2.204087 2.548322 2.784308 2.893396 3.025706 3.02735 3.02735 3.02735 3.02735 3.02735 3.018843 3.015487 3.02735 3.02735 3.02735 3.02735 3.02735 3.02735 3.02735 3.02735 2.84637 2.378885 2.966973 3.02735 3.02735 3.02735 3.02735 3.02735 3.02735 3.02735 3.02735 3.02735 3.02735 3.02735 5.227235 11.36393 11.36394 11.36394 11.36394 11.36393 11.36394
0.4418125 0.4418125 0.4418125 0.4418125 0.4418125 0.4418125 0.4418125 0.4418125 0.4418125 0.4418125 0.4418125 0.4418125 0.4418125 0.4418125 0.4418125 0.4418125 0.4418125 0.4418125 0.4418125 0.4418125 0.4418125 0.4418125 0.4418125 0.4748815 0.509203 0.509203 0.509203 0.509203 0.509203 0.509203 0.509203 0.509203 0.5913814 2.022709 2.022709 2.022709 2.022709 2.234729 2.646404 3.010404 2.90974 2.461102 2.315958 2.266282 2.083776 2.397707 2.988533 3.02735 2.976113 2.672728 2.34343 2.098767 2.134091 2.086557 2.022709 2.959777 3.02735 3.02735 3.02735 3.02735 3.02735 3.02735 3.02735 3.02735 3.02735 3.02735 3.02735 6.60256 11.36394 11.36394 11.36394 11.36394 11.36394 11.36394
0.4418125 0.4418125 0.4418125 0.4418125 0.4418125 0.4418125 0.4418125 0.4418125 0.4418125 0.4418125 0.4418125 0.4418125 0.4418125 0.4418125 0.4418125 0.4418125 0.4418125 0.4418125 0.4418125 0.4418125 0.4418125 0.4418125 0.4418125 0.4610661 0.5091909 0.509203 0.509203 0.509203 0.509203 0.509203 0.509203 0.509203 0.5913814 2.022709 2.022709 2.022709 2.022709 2.022709 2.022709 2.182476 2.079451 2.022709 2.022709 2.022709 2.022709 2.022709 2.222791 2.20729 2.057816 2.022709 2.022709 2.022709 2.022709 2.022709 2.022709 2.992185 3.02735 3.02735 3.02735 3.02735 3.02735 3.02735 3.02735 3.02735 3.02735 3.02735 5.521528 10.73178 11.36394 11.12147 10.29505 10.90038 11.36394 11.36394
0.4418125 0.4418125 0.4418125 0.4418125 0.4418125 0.4418125 0.4418125 0.4418125 0.4418125 0.4418125 0.4418125 0.4418125 0.4418125 0.4418125 0.4418125 0.4418125 0.4418125 0.4418125 0.4418125 0.4418125 0.4418125 0.4418125 0.4418125 0.4418124 0.498519 0.509203 0.509203 0.509203 0.509203 0.509203 0.509203 0.509203 0.5949267 2.022709 2.022709 2.022709 2.022709 2.022709 2.022709 2.022709 2.022709 2.022709 2.022709 2.022709 2.022709 2.022709 2.022709 2.022709 2.022709 2.022709 2.022709 2.022709 2.022709 2.022709 2.025499 3.021803 3.02735 3.02735 3.02735 3.02735 3.02735 3.02735 3.02735 3.02735 3.02735 3.02735 3.336094 7.325888 9.967622 8.91509 8.555105 9.146223 11.36393 11.36394
0.4418125 0.4418125 0.4418125 0.4418125 0.4418125 0.4418125 0.4418125 0.4418125 0.4418125 0.4418125 0.4418125 0.4418125 0.4418125 0.4418125 0.4418125 0.4418125 0.4418125 0.4418125 0.4418125 0.4418125 0.4418125 0.4418125 0.4418125 0.4418125 0.4898773 0.509203 0.509203 0.509203 0.509203 0.509203 0.509203 0.509203 0.6136504 2.022709 2.022709 2.022709 2.022709 2.022709 2.022709 2.022709 2.022709 2.022709 2.022709 2.022709 2.022709 2.022709 2.022709 2.022709 2.022709 2.022709 2.022709 2.022709 2.022709 2.022709 2.052359 3.02735 3.02735 3.02735 3.02735 3.02735 3.02735 3.02735 3.02735 3.02735 3.02735 3.02735 3.02735 3.02735 5.828099 8.555105 8.555105 8.892117 11.27686 11.36394
0 1.283065 0.4505127 0.4418125 0.4418125 0.4418125 0.4418125 0.4418125 0.4418125 0.4418125 0.4418125 0.4418125 0.4418125 0.4418125 0.4418125 0.4418125 0.4418125 0.4418125 0.4418125 0.4418125 0.4418125 0.4418125 0.4418125 0.4418125 0.4844266 0.509203 0.509203 0.509203 0.509203 0.509203 0.509203 0.509203 0.6341031 2.022709 2.022709 2.022709 2.022709 2.022709 2.022709 2.022709 2.022709 2.022709 2.022709 2.022709 2.022709 2.022709 2.022709 2.022709 2.022709 2.022709 2.022709 2.022709 2.022709 2.022709 2.084767 3.02735 3.02735 3.02735 3.02735 3.02735 3.02735 3.02735 3.02735 3.02735 3.02735 3.02735 3.02735 4.112847 7.346263 8.555106 8.825149 11.30005 11.36393 11.36394
0 0 0 0.9381678 0.4418125 0.4418125 0.4418125 0.4418125 0.4418125 0.4418125 0.4418125 0.4418125 0.4418125 0.4418125 0.4418125 0.4418125 0.4418125 0.4418125 0.4418125 0.4418125 0.4418125 0.4418125 0.4598714 0.4906315 0.5024683 0.509203 0.509203 0.509203 0.509203 0.509203 0.509203 0.509203 0.6545559 2.022709 2.022709 2.022709 2.022709 2.022709 2.022709 2.022709 2.022709 2.022709 2.022709 2.022709 2.022709 2.022709 2.022709 2.022709 2.022709 2.022709 2.022709 2.022709 2.022709 2.022709 2.114325 3.02735 3.02735 3.02735 3.02735 3.02735 3.02735 3.02735 3.02735 3.02735 3.02735 3.02735 3.02735 3.539232 6.321773 8.555106 8.566177 10.58797 11.36394 11.36472
0 0 0 0 0 0.6826457 0.4418125 0.4418125 0.4418125 0.4418125 0.4418125 0.4418125 0.4418125 0.4418125 0.4418125 0.4418125 0.4418125 0.4418125 0.4418125 0.4418125 0.4418125 0.4437781 0.4906288 0.509203 0.509203 0.509203 0.509203 0.509203 0.509203 0.509203 0.509203 0.509203 0.6198578 1.949683 2.022709 2.022709 2.022709 2.022709 2.022709 2.022709 2.022709 2.022709 2.022709 2.022709 2.022709 2.022709 2.022709 2.022709 2.022709 2.022709 2.022709 2.022709 2.022709 2.022709 2.119788 3.02735 3.02735 3.02735 3.02735 3.02735 3.02735 3.02735 3.02735 3.02735 3.02735 3.02735 3.02735 4.447001 7.600891 8.555106 10.24356 11.11908 11.43286 11.59155
0 0 0 0 0 0 1.586547 0.5197648 0.4418125 0.4418125 0.4418125 0.4418125 0.4418125 0.4418125 0.4418125 0.4418125 0.4418125 0.4418125 0.4418125 0.4418125 0.4418125 0.4693569 0.509203 0.509203 0.509203 0.509203 0.509203 0.509203 0.509203 0.509203 0.509203 0.509203 0.509203 0.7600777 1.792587 2.022709 2.022709 2.022709 2.022709 2.022709 2.022709 2.022709 2.022709 2.022709 2.022709 2.022709 2.022709 2.022709 2.022709 2.022709 2.022709 2.022709 2.022709 2.022709 2.119788 3.02735 3.02735 3.02735 3.02735 3.02735 3.02735 3.02735 3.02735 3.02735 3.02735 3.02735 3.02735 7.328433 8.555105 8.555105 9.486796 9.068219 11.68167 11.42716
0 0 0 0 0 0 0 0 1.240193 0.4466794 0.4418125 0.4418125 0.4418125 0.4418125 0.4418125 0.4418125 0.4418125 0.4418125 0.4940354 0.4922529 0.4956875 0.5075842 0.509203 0.509203 0.509203 0.509203 0.509203 0.509203 0.509203 0.509203 0.509203 0.509203 0.509203 0.509203 0.604861 1.617701 2.022709 2.022709 2.022709 2.022709 2.022709 2.022709 2.022709 2.022709 2.022709 2.022709 2.022709 2.022709 2.022709 2.022709 2.022709 2.022709 2.022709 2.022709 2.119788 3.02735 3.02735 3.02735 3.02735 3.02735 3.02735 3.02735 3.02735 3.02735 3.02735 3.02735 3.02735 5.93281 8.484859 8.555106 8.555106 8.130931 7.201695 5.567795
0 0 0 0 0 0 0 0 0 0 0.9431919 0.4418125 0.4418125 0.4418125 0.4418125 0.4418125 0.4418125 0.4418128 0.490759 0.509203 0.509203 0.509203 0.509203 0.509203 0.509203 0.509203 0.509203 0.509203 0.509203 0.509203 0.509203 0.509203 0.509203 0.509203 0.509203 0.536029 1.41135 2.022709 2.022709 2.022709 2.022709 2.022709 2.022709 2.022709 2.022709 2.022709 2.022709 2.022709 2.022709 2.022709 2.022709 2.022709 2.022709 2.022709 2.071474 2.639392 2.870033 3.02735 3.02735 3.02735 3.02735 3.02735 3.02735 3.02735 3.02735 3.02735 3.02735 3.02735 3.370942 8.555105 8.554265 7.766361 5.588113 5.362927
0 0 0 0 0 0 0 0 0 0 0 0 0.7727503 0.4418125 0.4418125 0.4418125 0.4418125 0.4418125 0.4432028 0.5061207 0.509203 0.509203 0.509203 0.509203 0.509203 0.509203 0.509203 0.509203 0.509203 0.509203 0.509203 0.509203 0.509203 0.509203 0.509203 0.509203 0.5095372 1.440953 2.022709 2.022709 2.022709 2.022709 2.022709 2.022709 2.022709 2.022709 2.022709 2.022709 2.022709 2.022709 2.022709 2.022709 2.022709 2.022709 2.022709 2.022709 2.026409 2.303118 2.455486 2.858222 3.02735 3.02735 3.02735 3.02735 3.02735 3.02735 3.02735 3.02735 3.155165 5.811375 5.610045 5.362928 5.362928 5.362928
0 0 0 0 0 0 0 0 0 0 0 0 0 0 0.5580817 0.4418125 0.4418125 0.4418125 0.4418125 0.4475668 0.4847743 0.509203 0.509203 0.509203 0.509203 0.509203 0.509203 0.509203 0.509203 0.509203 0.509203 0.509203 0.509203 0.509203 0.509203 0.509203 0.509203 1.100863 2.022709 2.022709 2.022709 2.022709 2.022709 2.022709 2.022709 2.022709 2.022709 2.022709 2.022709 2.022709 2.022709 2.022709 2.022709 2.022709 2.022709 2.022709 2.022709 2.022709 2.022709 2.022715 2.657093 3.02735 3.02735 3.02735 3.02735 3.02735 3.02735 3.02735 3.02735 4.260216 5.362928 5.362928 5.362928 5.362928
0 0 0 0 0 0 0 0 0 0 0 0 0 0 0 0.4418125 0.4418125 0.4418125 0.4418125 0.4418125 0.4501163 0.509176 0.509203 0.509203 0.509203 0.509203 0.509203 0.509203 0.509203 0.509203 0.509203 0.509203 0.509203 0.509203 0.509203 0.509203 0.509203 0.8906543 2.022709 2.022709 2.022709 2.022709 2.022709 2.022709 2.022709 2.022709 2.022709 2.022709 2.022709 2.022709 2.022709 2.022709 2.022709 2.022709 2.022709 2.022709 2.022709 2.022709 2.022709 2.022709 2.394202 3.02735 3.02735 3.02735 3.02735 3.02735 3.02735 3.02735 3.02735 3.447052 5.362928 5.362928 5.362928 5.362928
0 0 0 0 0 0 0 0 0 0 0 0 0 0 0 0 0.4921118 0.4418125 0.4418125 0.4418125 0.4777281 0.509203 0.509203 0.509203 0.509203 0.509203 0.509203 0.509203 0.509203 0.509203 0.509203 0.509203 0.509203 0.509203 0.509203 0.509203 0.509203 0.6804451 2.022709 2.022709 2.022709 2.022709 2.022709 2.022709 2.022709 2.022709 2.022709 2.022709 2.022709 2.022709 2.022709 2.022709 2.022709 2.022709 2.022709 2.022709 2.022709 2.022709 2.022709 2.022709 2.186589 3.02735 3.02735 3.02735 3.02735 3.02735 3.02735 3.02735 3.027503 4.2253 5.362927 5.362928 5.362928 6.148369
0 0 0 0 0 0 0 0 0 0 0 0 0 0 0 0 0 0.5856909 0.4418125 0.4494339 0.5072035 0.509203 0.509203 0.509203 0.509203 0.509203 0.509203 0.509203 0.509203 0.509203 0.509203 0.509203 0.509203 0.509203 0.509203 0.509203 0.509203 0.5196069 1.973338 2.022709 2.022709 2.022709 2.022709 2.022709 2.022709 2.022709 2.022709 2.022709 2.022709 2.022709 2.022709 2.022709 2.022709 2.022709 2.022709 2.022709 2.022709 2.022709 2.022709 2.022709 2.043001 3.006542 3.02735 3.02735 3.02735 3.02735 3.02735 3.02735 3.02735 3.030666 5.077969 5.362928 5.362928 5.459616
0 0 0 0 0 0 0 0 0 0 0 0 0 0 0 0 0 0 0.4958578 0.4874054 0.509203 0.509203 0.509203 0.509203 0.509203 0.509203 0.509203 0.509203 0.509203 0.509203 0.509203 0.509203 0.509203 0.509203 0.509203 0.509203 0.509203 0.509203 1.773533 2.022709 2.022709 2.022709 2.022709 2.022709 2.022709 2.022709 2.022709 2.022709 2.022709 2.022709 2.022709 2.022709 2.022709 2.022709 2.022709 2.022709 2.022709 2.022709 2.022709 2.022709 2.022709 2.862438 3.02735 3.02735 3.02735 3.02735 3.02735 3.02735 3.02735 4.335862 5.362787 5.362928 5.362928 5.362927
0 0 0 0 0 0 0 0 0 0 0 0 0 0 0 0 0 0 0 1.595588 0.5478133 0.509203 0.509203 0.509203 0.509203 0.509203 0.509203 0.509203 0.509203 0.509203 0.509203 0.509203 0.509203 0.509203 0.509203 0.509203 0.509203 0.509203 1.561515 2.022709 2.022709 2.022709 2.022709 2.022709 2.022709 2.022709 2.022709 2.022709 2.022709 2.022709 2.022709 2.022709 2.022709 2.022709 2.022709 2.022709 2.022709 2.022709 2.022709 2.022709 2.022709 2.698043 3.02735 3.02735 3.02735 3.02735 3.02735 3.02735 3.02735 3.72725 5.362928 5.362928 5.362928 5.362928
0 0 0 0 0 0 0 0 0 0 0 0 0 0 0 0 0 0 0 0 0 1.325689 0.509203 0.509203 0.509203 0.509203 0.509203 0.509203 0.509203 0.509203 0.509203 0.509203 0.509203 0.509203 0.509203 0.509203 0.509203 0.509203 1.334668 2.022709 2.022709 2.022709 2.022709 2.022709 2.022709 2.022709 2.022709 2.022709 2.022709 2.022709 2.022709 2.022709 2.022709 2.022709 2.022709 2.022709 2.022709 2.022709 2.022709 2.022709 2.022709 2.544686 3.02735 3.02735 3.02735 3.02735 3.02735 3.02735 3.02735 4.651836 5.362928 5.362928 5.362928 5.362928
0 0 0 0 0 0 0 0 0 0 0 0 0 0 0 0 0 0 0 0 0 0 0 0.7791069 0.5753855 0.509203 0.509203 0.509203 0.509203 0.509203 0.509203 0.509203 0.509203 0.509203 0.509203 0.509203 0.509203 0.509203 1.104544 2.022709 2.022709 2.022709 2.022709 2.022709 2.022709 2.022709 2.022709 2.022709 2.022709 2.022709 2.022709 2.022709 2.022709 2.022709 2.022709 2.022709 2.022709 2.022709 2.022709 2.022709 2.022709 2.432579 3.02735 3.02735 3.02735 3.02735 3.02735 3.02735 3.02735 3.23682 5.306011 5.362928 5.362928 6.031579
