Scenarios/Heterogeneous/data/country_data_population_distribution/processed/density_grids/pry.asc
ncols 210
nrows 209
xllcorner -62
yllcorner -27
[rows 32 to 63 of 209, columns 74 to 147 of 210]
1.405728 1.405728 1.405728 1.405728 1.405727 0.9991167 0.2294634 0.2294634 0.2294634 0.2294634 0.2294634 0.2294634 0.2294634 0.2294634 0.2294634 0.2294634 0.2294634 0.2294634 0.2294634 0.2294634 0.2294634 0.2294634 0.2294634 0.2294634 0.2294634 0.2294634 0.2294634 0.2294634 0.2294634 0.2294634 0.2294634 0.2294634 0.2294634 0.2294634 0.2294634 0.2294634 0.2294634 0.2294634 0.2294634 0.2294634 0.2294634 0.2294634 0.2294634 0.2294634 0.2294634 0.2294634 0.2294634 0.2294634 0.2294634 0.2294576 0 0 0 0 0 0 0 0 0 0 0 0 0 0 0 0 0 0 0 0 0 0 0 0
1.405728 1.405728 1.405728 1.405728 1.405728 1.142839 0.2294634 0.2294634 0.2294634 0.2294634 0.2294634 0.2294634 0.2294634 0.2294634 0.2294634 0.2294634 0.2294634 0.2294634 0.2294634 0.2294634 0.2294634 0.2294634 0.2294634 0.2294634 0.2294634 0.2294634 0.2294634 0.2294634 0.2294634 0.2294634 0.2294634 0.2294634 0.2294634 0.2294634 0.2294634 0.2294634 0.2294634 0.2294634 0.2294634 0.2294634 0.2294634 0.2294634 0.2294634 0.2294634 0.2294634 0.2294634 0.2294634 0.2294634 0.2294634 0.2294634 0 0.1984898 0 0 0 0 0 0 0 0 0 0 0 0 0 0 0 0 0 0 0 0 0 0
1.405728 1.405727 1.405728 1.405727 1.405728 0.922381 0.2294634 0.2294634 0.2294633 0.2294634 0.2294634 0.2294633 0.2294633 0.2294634 0.2294633 0.2294634 0.2294633 0.2294634 0.2294634 0.2294633 0.2294633 0.2294634 0.2294633 0.2294633 0.2294634 0.2294634 0.2294633 0.2294633 0.2294634 0.2294634 0.2294633 0.2294633 0.2294633 0.2294633 0.2294633 0.2294634 0.2294633 0.2294633 0.2294633 0.2294634 0.2294633 0.2294634 0.2294634 0.2294634 0.2294634 0.2294634 0.2294633 0.2294633 0.2294633 0.2294634 0.2294633 0.2270756 0.2135764 0 0 0 0 0 0 0 0 0 0 0 0 0 0 0 0 0 0 0 0 0
1.405728 1.405727 1.405728 1.405728 1.405727 0.7273043 0.2294634 0.2294633 0.2294634 0.2294634 0.2294634 0.2294634 0.2294634 0.2294634 0.2294633 0.2294634 0.2294633 0.2294634 0.2294634 0.2294634 0.2294634 0.2294634 0.2294634 0.2294634 0.2294634 0.2294634 0.2294633 0.2294634 0.2294634 0.2294633 0.2294634 0.2294634 0.2294634 0.2294633 0.2294633 0.2294634 0.2294633 0.2294634 0.2294634 0.2294634 0.2294634 0.2294633 0.2294634 0.2294633 0.2294634 0.2294633 0.2294633 0.2294634 0.2294633 0.2294634 0.229048 0 0 0 0 0 0 0 0 0 0 0 0 0 0 0 0 0 0 0 0 0 0 0
1.405728 1.405728 1.405728 1.405727 1.405728 1.128978 0.2386461 0.2294633 0.2294633 0.2294634 0.2294633 0.2294633 0.2294633 0.2294634 0.2294634 0.2294634 0.2294634 0.2294634 0.2294634 0.2294634 0.2294634 0.2294634 0.2294634 0.2294634 0.2294634 0.2294634 0.2294634 0.2294634 0.2294633 0.2294634 0.2294633 0.2294634 0.2294633 0.2294634 0.2294634 0.2294634 0.2294633 0.2294633 0.2294633 0.2294634 0.2294633 0.2294634 0.2294633 0.2294634 0.2294634 0.2294634 0.2294634 0.2294634 0.2294633 0.2294634 0.2294634 0.2203703 0.2245332 0 0 0 0 0 0 0 0 0 0 0 0 0 0 0 0 0 0 0 0 0
1.405727 1.405727 1.405728 1.405727 1.405727 1.405728 0.5628874 0.2294633 0.2294634 0.2294634 0.2294633 0.2294633 0.2294633 0.2294633 0.2294633 0.2294634 0.2294633 0.2294633 0.2294633 0.2294633 0.2294633 0.2294633 0.2294633 0.2294633 0.2294634 0.2294633 0.2294633 0.2294633 0.2294633 0.2294633 0.2294633 0.2294633 0.2294633 0.2294633 0.2294633 0.2294633 0.2294633 0.2294633 0.2294633 0.2294633 0.2294633 0.2294633 0.2294633 0.2294633 0.2294634 0.2294633 0.2294633 0.2294633 0.2294633 0.2294633 0.2294634 0.2294633 0.2084218 0 0 0 0 0 0 0 0 0 0 0 0 0 0 0 0 0 0 0 0 0
1.405728 1.405727 1.405728 1.405728 1.405728 1.405728 0.7495924 0.2294633 0.2294633 0.2294634 0.2294633 0.2294634 0.2294633 0.2294634 0.2294633 0.2294634 0.2294633 0.2294634 0.2294634 0.2294634 0.2294633 0.2294634 0.2294633 0.2294634 0.2294634 0.2294634 0.2294633 0.2294634 0.2294633 0.2294633 0.2294634 0.2294633 0.2294633 0.2294634 0.2294633 0.2294634 0.2294633 0.2294633 0.2294633 0.2294634 0.2294633 0.2294634 0.2294633 0.2294634 0.2294634 0.2294634 0.2294633 0.2294634 0.2294633 0.2294634 0.2294634 0.2214591 0 0 0 0 0 0 0 0 0 0 0 0 0 0 0 0 0 0 0 0 0 0
1.405727 1.405728 1.405727 1.405728 1.405727 1.405728 1.139309 0.2296529 0.2294633 0.2294633 0.2294633 0.2294633 0.2294633 0.2294634 0.2294633 0.2294633 0.2294633 0.2294633 0.2294634 0.2294633 0.2294633 0.2294633 0.2294633 0.2294633 0.2294634 0.2294633 0.2294633 0.2294633 0.2294633 0.2294633 0.2294633 0.2294633 0.2294634 0.2294633 0.2294633 0.2294633 0.2294634 0.2294633 0.2294633 0.2294633 0.2294633 0.2294633 0.2294633 0.2294633 0.2294634 0.2294633 0.2294633 0.2294633 0.2294633 0.2294633 0.2294633 0.2294633 0.2275842 0 0 0 0 0 0 0 0 0 0 0 0 0 0 0 0 0 0 0 0 0
1.405728 1.405728 1.405728 1.405728 1.405728 1.405728 1.405728 0.7683768 0.2294633 0.2294634 0.2294633 0.2294633 0.2294633 0.2294633 0.2294633 0.2294633 0.2294633 0.2294633 0.2294634 0.2294633 0.2294633 0.2294633 0.2294633 0.2294633 0.2294634 0.2294633 0.2294633 0.2294633 0.2294633 0.2294633 0.2294633 0.2294633 0.2294633 0.2294633 0.2294633 0.2294633 0.2294633 0.2294633 0.2294633 0.2294633 0.2294633 0.2294634 0.2294633 0.2294633 0.2294634 0.2294633 0.2294633 0.2294633 0.2294633 0.2294633 0.2294634 0.2294633 0.2294634 0.2294634 0 0 0 0 0 0 0 0 0 0 0 0 0 0 0 0 0 0 0 0
1.405728 1.405728 1.405728 1.405728 1.405727 1.405728 1.405728 1.376485 0.3920739 0.2294634 0.2294634 0.2294634 0.2294634 0.2294633 0.2294633 0.2294634 0.2294634 0.2294634 0.2294634 0.2294634 0.2294634 0.2294634 0.2294634 0.2294633 0.2294634 0.2294634 0.2294634 0.2294634 0.2294634 0.2294634 0.2294634 0.2294633 0.2294634 0.2294634 0.2294634 0.2294634 0.2294634 0.2294634 0.2294634 0.2294634 0.2294634 0.2294634 0.2294634 0.2294634 0.2294634 0.2294634 0.2294634 0.2294634 0.2294633 0.2294633 0.2294634 0.2294634 0.2294634 0.2163181 0 0 0 0 0 0 0 0 0 0 0 0 0 0 0 0 0 0 0 0
1.405727 1.405728 1.405727 1.405727 1.405727 1.405728 1.405727 1.405728 0.8559824 0.2294634 0.2294634 0.2294634 0.2294634 0.2294634 0.2294634 0.2294634 0.2294634 0.2294634 0.2294634 0.2294634 0.2294634 0.2294634 0.2294634 0.2294634 0.2294634 0.2294634 0.2294634 0.2294634 0.2294634 0.2294634 0.2294634 0.2294634 0.2294634 0.2294634 0.2294634 0.2294634 0.2294634 0.2294634 0.2294634 0.2294634 0.2294634 0.2294634 0.2294634 0.2795386 0.3931206 0.3829904 0.3696925 0.3547246 0.3707096 0.3212167 0.2950747 0.284053 0.2715417 0 0 0 0 0 0 0 0 0 0 0 0 0 0 0 0 0 0 0 0 0
1.405727 1.405727 1.405727 1.405727 1.405727 1.405728 1.405727 1.405728 1.197603 0.2294634 0.2294634 0.2294634 0.2294634 0.2294634 0.2294634 0.2294634 0.2294634 0.2294634 0.2294634 0.2294634 0.2294634 0.2294634 0.2294634 0.2294634 0.2294634 0.2294634 0.2294634 0.2294634 0.2294634 0.2294634 0.2294634 0.2298129 0.286852 0.2740951 0.2971473 0.3531426 0.2980097 0.2297385 0.266654 0.2828263 0.3051093 0.3633 0.3784272 0.4055936 0.4125014 0.4125014 0.4125014 0.4125014 0.4125014 0.4125014 0.4125014 0.4125014 0.4125014 0.3184419 0 0 0 0 0 0 0 0 0 0 0 0 0 0 0 0 0 0 0 0
1.405728 1.405728 1.405728 1.405728 1.405728 1.405728 1.405728 1.405728 1.402776 0.3566342 0.2294634 0.2294634 0.2294634 0.2294634 0.2294634 0.2294634 0.2294634 0.2294634 0.2294634 0.2294634 0.2294634 0.2294634 0.2294634 0.2294634 0.2294634 0.2294634 0.2294634 0.2294634 0.2294634 0.2552248 0.2956923 0.3579692 0.4125014 0.4125014 0.4125014 0.4125014 0.4124261 0.385429 0.4125014 0.4125014 0.4125014 0.4125014 0.4125014 0.4125014 0.4125014 0.4125014 0.4125014 0.4125014 0.4125014 0.4125014 0.4125014 0.4125014 0.4125014 0 0 0 0 0 0 0 0 0 0 0 0 0 0 0 0 0 0 0 0 0
1.405728 1.405727 1.405728 1.405727 1.405728 1.405727 1.405727 1.405727 1.405727 0.7210079 0.3025902 0.3007462 0.2959296 0.2977431 0.2614667 0.2294633 0.2294633 0.2294633 0.2294633 0.2294634 0.2422767 0.2789106 0.2370706 0.2392323 0.2294633 0.2294634 0.2294633 0.2294634 0.2575465 0.4057418 0.4125014 0.4125014 0.4125014 0.4125014 0.4125014 0.4125014 0.4125014 0.4125014 0.4125013 0.4125014 0.4125014 0.4125014 0.4125013 0.4125013 0.4125014 0.4125013 0.4125013 0.4125013 0.4125013 0.4125013 0.4125014 0.4125014 0.4125014 0.3232558 0 0 0 0 0 0 0 0 0 0 0 0 0 0 0 0 0 0 0 0
1.405728 1.405728 1.405728 1.405728 1.405728 1.405728 1.405728 1.405728 1.405728 1.054965 0.4125014 0.4125014 0.4125014 0.4125014 0.3524707 0.2294634 0.2294634 0.2337292 0.2893356 0.2894905 0.3652367 0.4125014 0.4059149 0.4122009 0.3460379 0.3571746 0.3941251 0.389143 0.3896737 0.4125014 0.4125014 0.4125014 0.4125014 0.4125014 0.4125014 0.4125014 0.4125014 0.4125014 0.4125014 0.4125014 0.4125014 0.4125014 0.4125014 0.4125014 0.4125014 0.4125014 0.4125014 0.4125014 0.4125014 0.4125014 0.4125014 0.4125014 0.4124631 0 0 0 0 0 0 0 0 0 0 0 0 0 0 0 0 0 0 0 0 0
1.405728 1.405728 1.405728 1.405728 1.405728 1.405728 1.405728 1.405728 1.405728 1.247998 0.4125014 0.4125014 0.4125014 0.4125014 0.4064602 0.2400424 0.2880764 0.3864921 0.4125014 0.4125014 0.4125014 0.4125014 0.4125014 0.4125014 0.4125014 0.4125014 0.4125014 0.4125014 0.4125014 0.4125014 0.4125014 0.4125014 0.4125014 0.4125014 0.4125014 0.4125014 0.4125014 0.4125014 0.4125014 0.4125014 0.4125014 0.4125014 0.4125014 0.4125014 0.4125014 0.4125014 0.4125014 0.4125014 0.4125014 0.4125014 0.4125014 0.4684016 0 0 0 0 0 0 0 0 0 0 0 0 0 0 0 0 0 0 0 0 0 0
1.405727 1.405727 1.405727 1.405727 1.405727 1.405728 1.405727 1.405727 1.405727 1.317201 0.4125014 0.4125014 0.4125014 0.4125014 0.4125014 0.3896412 0.4125014 0.4125014 0.4125014 0.4125014 0.4125014 0.4125014 0.4125014 0.4125014 0.4125014 0.4125014 0.4125014 0.4125014 0.4125014 0.4125014 0.4125014 0.4125014 0.4125014 0.4125014 0.4125014 0.4125014 0.4125014 0.4125014 0.4125014 0.4125014 0.4689647 0.4155067 0.415798 0.4338946 0.4125014 0.4125014 0.4125014 0.4125014 0.4125014 0.4234329 0.6510974 0.8798892 0.7162071 0 0 0 0 0 0 0 0 0 0 0 0 0 0 0 0 0 0 0 0 0
1.405728 1.405728 1.405728 1.405728 1.405728 1.405728 1.405728 1.405728 1.373342 0.7663693 0.4125014 0.4125014 0.4125014 0.4125014 0.4125014 0.4125014 0.4125014 0.4125014 0.4125014 0.4125014 0.4125014 0.4125014 0.4125014 0.4125014 0.4125014 0.4125014 0.4125014 0.4125014 0.4125014 0.4125014 0.4125014 0.4125014 0.4125014 0.4125014 0.4216726 0.412546 0.4162451 0.4277456 0.6975241 0.8365106 0.8956001 0.8513219 0.8668444 0.8561024 0.7573532 0.6828342 0.6822118 0.6808593 0.5056429 0.8075446 0.8956011 0.895601 0.8837315 0 0 0 0 0 0 0 0 0 0 0 0 0 0 0 0 0 0 0 0 0
1.405728 1.405728 1.405728 1.405728 1.405728 1.405728 1.405728 1.112665 0.5618443 0.4125014 0.4125014 0.4125014 0.4125014 0.4125014 0.4125014 0.4125014 0.4125014 0.4125014 0.4125014 0.4125014 0.4125014 0.4125014 0.4125014 0.4125014 0.4125014 0.4125014 0.4125014 0.4125014 0.4125014 0.4125014 0.4125014 0.4125014 0.4125014 0.4207895 0.7035794 0.8183404 0.8479999 0.8850504 0.895601 0.895601 0.8956011 0.895601 0.895601 0.895601 0.8956011 0.895601 0.8956011 0.893766 0.8863686 0.895601 0.8956011 0.895601 0 0 0 0 0 0 0 0 0 0 0 0 0 0 0 0 0 0 0 0 0 0
1.405728 1.405728 1.405728 1.405728 1.405728 1.405728 0.9086555 0.4125594 0.4125014 0.4125014 0.4125014 0.4125014 0.4125014 0.4125014 0.4125014 0.4125014 0.4125014 0.4125014 0.4125014 0.4125014 0.4125014 0.4125014 0.4125014 0.4125014 0.4125014 0.4125014 0.4125014 0.4125014 0.4125014 0.4125014 0.4125014 0.4125014 0.4125014 0.6561969 0.895601 0.8956012 0.895601 0.895601 0.895601 0.8956012 0.895601 0.8956012 0.895601 0.895601 0.895601 0.8956012 0.895601 0.8956012 0.895601 0.895601 0.895601 0.8719966 0 0 0 0 0 0 0 0 0 0 0 0 0 0 0 0 0 0 0 0 0 0
1.405728 1.405728 1.405728 1.405728 1.405728 1.397761 0.4640625 0.4125014 0.4125014 0.4125014 0.4125014 0.4125014 0.4125014 0.4125014 0.4125014 0.4125014 0.4125014 0.4125014 0.4125014 0.4125014 0.4125014 0.4125014 0.4125014 0.4125014 0.4125014 0.4125014 0.4125014 0.4125014 0.4125014 0.4125014 0.4125014 0.4876236 0.8233737 0.8892959 0.8956011 0.895601 0.8956011 0.895601 0.8956011 0.895601 0.895601 0.895601 0.8956011 0.895601 0.8956011 0.895601 0.8956011 0.895601 0.8956011 0.895601 0.8956011 0.6092827 0 0 0 0 0 0 0 0 0 0 0 0 0 0 0 0 0 0 0 0 0 0
1.405728 1.405727 1.405728 1.405727 1.405728 1.253298 0.4125014 0.4125014 0.4125014 0.4125014 0.4125014 0.4125014 0.4125014 0.4125014 0.4125014 0.4125014 0.4125014 0.4125014 0.4125014 0.4125014 0.4125014 0.4125014 0.4125014 0.4125014 0.4125014 0.4125014 0.4125014 0.4125014 0.4125014 0.4125014 0.4125014 0.495279 0.8956012 0.8956012 0.895601 0.8956012 0.895601 0.895601 0.895601 0.8956012 0.895601 0.8956012 0.895601 0.8956012 0.895601 0.8956012 0.895601 0.8956012 0.895601 0.895601 0.809084 0 0 0 0 0 0 0 0 0 0 0 0 0 0 0 0 0 0 0 0 0 0 0
1.405727 1.405728 1.405727 1.405728 1.405727 1.078467 0.4125014 0.4125014 0.4125014 0.4125014 0.4125014 0.4125014 0.4125014 0.4125014 0.4125014 0.4125014 0.4125014 0.4125014 0.4125014 0.4125014 0.4125014 0.4125014 0.4125014 0.4125014 0.4125014 0.4125014 0.4125014 0.4125014 0.4125014 0.4125014 0.4125014 0.4155164 0.8621297 0.895601 0.8956011 0.895601 0.8956011 0.8956011 0.8956011 0.895601 0.8956011 0.895601 0.8956011 0.895601 0.8956011 0.895601 0.8956011 0.895601 0.8956011 0.895601 0.8780316 0 0 0 0 0 0 0 0 0 0 0 0 0 0 0 0 0 0 0 0 0 0 0
1.405728 1.405728 1.405728 1.405728 1.405173 0.8156596 0.4125014 0.4125014 0.4125014 0.4125014 0.4125014 0.4125014 0.4125014 0.4125014 0.4125014 0.4125014 0.4125014 0.4125014 0.4125014 0.4125014 0.4125014 0.4125014 0.4125014 0.4125014 0.4125014 0.4125014 0.4125014 0.4125014 0.4125014 0.4125014 0.4125014 0.4125014 0.7519863 0.8956011 0.8956011 0.8956011 0.8956011 0.8956011 0.8956011 0.8956011 0.8956011 0.8956011 0.8956011 0.8956011 0.8956011 0.8956011 0.8956011 0.8956011 0.8956011 0.8956011 0.8956011 0.7281339 0 0 0 0 0 0 0 0 0 0 0 0 0 0 0 0 0 0 0 0 0 0
1.405728 1.405728 1.405728 1.405728 0.8394609 0.4125014 0.4125014 0.4125014 0.4125014 0.4125014 0.4125014 0.4125014 0.4125014 0.4125014 0.4125014 0.4125014 0.4125014 0.4125014 0.4125014 0.4125014 0.4125014 0.4125014 0.4125014 0.4125014 0.4125014 0.4125014 0.4125014 0.4125014 0.4125014 0.4125014 0.4125014 0.4125014 0.6388279 0.8956012 0.895601 0.8956012 0.895601 0.8956011 0.895601 0.895601 0.895601 0.8956012 0.895601 0.8956012 0.895601 0.8956012 0.895601 0.8956012 0.895601 0.8956012 0.895601 0.6557273 0 0 0 0 0 0 0 0 0 0 0 0 0 0 0 0 0 0 0 0 0 0
1.405728 1.405728 1.405728 1.324136 0.4147569 0.4125014 0.4125014 0.4125014 0.4125014 0.4125014 0.4125014 0.4125014 0.4125014 0.4125014 0.4125014 0.4125014 0.4125014 0.4125014 0.4125014 0.4125014 0.4125014 0.4125014 0.4125014 0.4125014 0.4125014 0.4125014 0.4125014 0.4125014 0.4125014 0.4125014 0.4125014 0.4125014 0.5255269 0.895601 0.8956011 0.895601 0.895601 0.8956011 0.8956011 0.895601 0.8956011 0.895601 0.895601 0.895601 0.8956011 0.895601 0.895601 0.895601 0.895601 0.895601 0.8956011 0.895601 0 0 0 0 0 0 0 0 0 0 0 0 0 0 0 0 0 0 0 0 0 0
1.405728 1.405728 1.405728 1.403187 0.5683361 0.4125014 0.4125014 0.4125014 0.4125014 0.4125014 0.4125014 0.4125014 0.4125014 0.4125014 0.4125014 0.4125014 0.4125014 0.4125014 0.4125014 0.4125014 0.4125014 0.4125014 0.4125014 0.4125014 0.4125014 0.4125014 0.4125014 0.4125014 0.4125014 0.4125014 0.4125014 0.4125014 0.4252664 0.8783125 0.895601 0.895601 0.8956012 0.8956012 0.8956012 0.895601 0.8956012 0.895601 0.8956012 0.895601 0.8956012 0.895601 0.8956012 0.895601 0.895601 0.895601 0.895601 0.6649628 0 0 0 0 0 0 0 0 0 0 0 0 0 0 0 0 0 0 0 0 0 0
1.405728 1.405728 1.405728 1.405728 0.823423 0.4125014 0.4125014 0.4125014 0.4125014 0.4125014 0.4125014 0.4125014 0.4125014 0.4125014 0.4125014 0.4125014 0.4125014 0.4125014 0.4125014 0.4125014 0.4125014 0.4125014 0.4125014 0.4125014 0.4125014 0.4125014 0.4125014 0.4125014 0.4125014 0.4125014 0.4125014 0.4125014 0.4125014 0.7715476 0.8956011 0.8956011 0.8930663 0.8451381 0.8501651 0.8554155 0.860666 0.8880538 0.8956011 0.8956011 0.895601 0.8956011 0.8956011 0.8956011 0.8956011 0.8956011 0.895601 0.8078279 0 0 0 0 0 0 0 0 0 0 0 0 0 0 0 0 0 0 0 0 0 0
1.405728 1.405728 1.405728 1.405728 0.5999697 0.4125014 0.4125014 0.4125014 0.4125014 0.4125014 0.4125014 0.4125014 0.4125014 0.4125014 0.4125014 0.4125014 0.4125014 0.4125014 0.4125014 0.4125014 0.4125014 0.4125014 0.4125014 0.4125014 0.4125014 0.4125014 0.4125014 0.4125014 0.4125014 0.4125014 0.4125014 0.4125014 0.4125014 0.6520178 0.8956011 0.8916293 0.5578959 0.4125014 0.4125014 0.4125014 0.4125014 0.7908095 0.895601 0.8956011 0.895601 0.8956011 0.8956011 0.8956011 0.895601 0.8956011 0.8956011 0.8118085 0 0 0 0 0 0 0 0 0 0 0 0 0 0 0 0 0 0 0 0 0 0
1.405727 1.405727 1.405727 1.26747 0.4139501 0.4125014 0.4125014 0.4125014 0.4125014 0.4125014 0.4125014 0.4125014 0.4125014 0.4125014 0.4125014 0.4125014 0.4125014 0.4125014 0.4125014 0.4125014 0.4125014 0.4125014 0.4125014 0.4125014 0.4125014 0.4125014 0.4125014 0.4125014 0.4125014 0.4125014 0.4125014 0.4125014 0.4125014 0.532488 0.8956011 0.681282 0.4125014 0.4125014 0.4125014 0.4125014 0.4125014 0.8094037 0.8956011 0.895601 0.8956011 0.895601 0.8956011 0.8956011 0.8956011 0.895601 0.8822714 0 0 0 0 0 0 0 0 0 0 0 0 0 0 0 0 0 0 0 0 0 0 0
1.405728 1.405728 1.405728 1.061319 0.4125014 0.4125014 0.4125014 0.4125013 0.4125013 0.4125014 0.4125013 0.4125013 0.4125013 0.4125014 0.4125014 0.4125014 0.4125013 0.4125014 0.4125014 0.4125014 0.4125014 0.4125014 0.4125014 0.4125014 0.4125014 0.4125014 0.4125013 0.4125014 0.4125013 0.4125014 0.4125014 0.4125014 0.4125013 0.4268779 0.8087733 0.430913 0.4125013 0.4125013 0.4125013 0.4125014 0.4125013 0.6504226 0.8947937 0.895601 0.8956011 0.895601 0.8956011 0.895601 0.895601 0.895601 0.8956011 0.7098591 0 0 0 0 0 0 0 0 0 0 0 0 0 0 0 0 0 0 0 0 0 0
1.405727 1.405728 1.405727 1.016064 0.4125014 0.4125014 0.4125014 0.4125014 0.4125014 0.4125014 0.4125014 0.4125014 0.4125014 0.4125014 0.4125014 0.4125014 0.4125014 0.4125014 0.4125014 0.4125014 0.4125014 0.4125014 0.4125014 0.4125014 0.4125014 0.4125014 0.4125014 0.4125014 0.4125014 0.4125014 0.4125014 0.4125014 0.4125014 0.4125014 0.4588404 0.4125014 0.4125014 0.4125014 0.4125014 0.4125014 0.4125014 0.4125014 0.5940033 0.8862437 0.8956011 0.895601 0.8956011 0.8956011 0.8956011 0.895601 0.8956012 0 0 0 0 0 0 0 0 0 0 0 0 0 0 0 0 0 0 0 0 0 0 0
