Scenarios/Heterogeneous/data/country_data_population_distribution/processed/density_grids/pry.asc
ncols 210
nrows 209
xllcorner -62
yllcorner -27
[rows 0 to 31 of 209, columns 0 to 73 of 210]
square_width 0.041666666666667 NODATA_value -9999 0 0 0 0 0 0 0 0 0 0 0 0 0 0 0 0 0 0 0 0 0 0 0 0 0 0 0 0 0 0 0 0 0 0 0 0 0 0 0 0 0 0 0 0 0 0 0 0 0 0 0 0 0 0 0 0 0 0 0 0 0 0 0 0 0 0 0 0 0 0
0 0 0 0 0 0 0 0 0 0 0 0 0 0 0 0 0 0 0 0 0 0 0 0 0 0 0 0 0 0 0 0 0 0 0 0 0 0 0 0 0 0 0 0 0 0 0 0 0 0 0 0 0 0 0 0 0 0 0 0 0 0 0 0 0 0 0 0 0 0 0 0.2059987 0.0930418 0.07306855
0 0 0 0 0 0 0 0 0 0 0 0 0 0 0 0 0 0 0 0 0 0 0 0 0 0 0 0 0 0 0 0 0 0 0 0 0 0 0 0 0 0 0 0 0 0 0 0 0 0 0 0 0 0 0 0 0 0 0 0 0 0 0 0 0 0 0 0.2264274 0.1066396 0.07306854 0.07306854 0.07306854 0.07306854 0.07306854
0 0 0 0 0 0 0 0 0 0 0 0 0 0 0 0 0 0 0 0 0 0 0 0 0 0 0 0 0 0 0 0 0 0 0 0 0 0 0 0 0 0 0 0 0 0 0 0 0 0 0 0 0 0 0 0 0 0 0 0 0 0 0 0.2339572 0.1219627 0.07306855 0.07306855 0.07306855 0.07306855 0.07306855 0.07306855 0.07306855 0.07306855 0.07306855
0 0 0 0 0 0 0 0 0 0 0 0 0 0 0 0 0 0 0 0 0 0 0 0 0 0 0 0 0 0 0 0 0 0 0 0 0 0 0 0 0 0 0 0 0 0 0 0 0 0 0 0 0 0 0 0 0 0 0.2424704 0.1648636 0.09103227 0.07306855 0.07306854 0.07306855 0.07306855 0.07306855 0.07306855 0.07306855 0.07306855 0.07306855 0.07306855 0.07306855 0.07306855 0.07306855
0 0 0 0 0 0 0 0 0 0 0 0 0 0 0 0 0 0 0 0 0 0 0 0 0 0 0 0 0 0 0 0 0 0 0 0 0 0 0 0 0 0 0 0 0 0 0 0 0 0 0 0.305962 0.2291238 0.1521841 0.08369519 0.07306855 0.07306855 0.07306855 0.07306855 0.07306855 0.07306855 0.07306855 0.07306855 0.07306854 0.07306855 0.07306855 0.07306855 0.07306855 0.07306855 0.07306855 0.07306855 0.07306855 0.07306855 0.07306855
0 0 0 0 0 0 0 0 0 0 0 0 0 0 0 0 0 0 0 0 0 0 0 0 0 0 0 0 0 0 0 0 0 0 0 0 0 0 0 0 0 0 0 0 0 0.3107171 0.2254292 0.1373465 0.07682695 0.07306855 0.07306855 0.07306855 0.07306855 0.07306855 0.07306855 0.07306855 0.07306855 0.07306855 0.07306855 0.07306855 0.07306855 0.07306855 0.07306855 0.07306854 0.07306855 0.07306855 0.07306855 0.07306855 0.07306855 0.07306855 0.07306855 0.07306855 0.07306855 0.07306855
0 0 0 0 0 0 0 0 0 0 0 0 0 0 0 0 0 0 0 0 0 0 0 0 0 0 0 0 0 0 0 0 0 0 0 0 0 0 0 0.2846322 0.2062899 0.1276757 0.07454163 0.07306854 0.07306855 0.07306854 0.07306855 0.07306854 0.07306854 0.07306854 0.07306855 0.07306854 0.07306855 0.07306854 0.07306855 0.07306854 0.07306855 0.07306854 0.07306855 0.07306854 0.07306854 0.07306854 0.07306854 0.07306854 0.07306855 0.07306854 0.07306854 0.07306854 0.07306854 0.07306854 0.07306854 0.07306854 0.07306854 0.07306854
0 0 0 0 0 0 0 0 0 0 0 0 0 0 0 0 0 0 0 0 0 0 0 0 0 0 0 0 0 0 0 0 0 0 0.1190317 0.1157676 0.07349184 0.07306854 0.07306855 0.07306854 0.07306854 0.07306854 0.07306854 0.07306854 0.07306854 0.07306854 0.07306854 0.07306854 0.07306854 0.07306854 0.07306854 0.07306854 0.07306854 0.07306854 0.07306854 0.07306854 0.07306854 0.07306854 0.07306854 0.07306854 0.07306854 0.07306854 0.07306854 0.07306854 0.07306854 0.07306854 0.07306854 0.07306854 0.07306854 0.07306854 0.07306854 0.07306854 0.07306855 0.07306854
0 0 0 0 0 0 0 0 0 0 0 0 0 0 0 0 0 0 0 0 0 0 0 0 0 0 0 0 0 0 0 0 0 0 0.07306855 0.07306854 0.07306855 0.07306854 0.07306855 0.07306855 0.07306855 0.07306855 0.07306854 0.07306855 0.07306854 0.07306855 0.07306854 0.07306855 0.07306854 0.07306855 0.07306854 0.07306855 0.07306854 0.07306855 0.07306854 0.07306855 0.07306854 0.07306855 0.07306854 0.07306855 0.07306855 0.07306855 0.07306854 0.07306855 0.07306854 0.07306855 0.07306855 0.07306855 0.07306854 0.07306855 0.07306854 0.07306855 0.07306855 0.07306855
0 0 0 0 0 0 0 0 0 0 0 0 0 0 0 0 0 0 0 0 0 0 0 0 0 0 0 0 0 0 0 0 0 0.1587555 0.07306855 0.07306855 0.07306855 0.07306854 0.07306854 0.07306854 0.07306854 0.07306854 0.07306855 0.07306854 0.07306855 0.07306854 0.07306855 0.07306855 0.07306855 0.07306855 0.07306855 0.07306854 0.07306855 0.07306855 0.07306855 0.07306854 0.07306855 0.07306854 0.07306855 0.07306854 0.07306854 0.07306854 0.07306855 0.07306854 0.07306855 0.07306854 0.07306855 0.07306854 0.07306855 0.07306854 0.07306855 0.07306854 0.07306854 0.07306854
0 0 0 0 0 0 0 0 0 0 0 0 0 0 0 0 0 0 0 0 0 0 0 0 0 0 0 0 0 0 0 0 0 0.07306855 0.07306855 0.07306855 0.07306855 0.07306855 0.07306855 0.07306855 0.07306855 0.07306855 0.07306855 0.07306855 0.07306855 0.07306855 0.07306855 0.07306855 0.07306855 0.07306855 0.07306855 0.07306855 0.07306855 0.07306855 0.07306855 0.07306855 0.07306855 0.07306855 0.07306855 0.07306855 0.07306855 0.07306855 0.07306855 0.07306855 0.07306855 0.07306855 0.07306855 0.07306855 0.07306855 0.07306855 0.07306855 0.07306855 0.07306855 0.07306855
0 0 0 0 0 0 0 0 0 0 0 0 0 0 0 0 0 0 0 0 0 0 0 0 0 0 0 0 0 0 0 0 0.2927462 0.07306855 0.07306854 0.07306855 0.07306855 0.07306855 0.07306854 0.07306854 0.07306855 0.07306855 0.07306855 0.07306854 0.07306855 0.07306855 0.07306855 0.07306854 0.07306855 0.07306855 0.07306855 0.07306855 0.07306855 0.07306854 0.07306855 0.07306855 0.07306855 0.07306854 0.07306855 0.07306855 0.07306855 0.07306854 0.07306855 0.07306854 0.07306855 0.07306854 0.07306855 0.07306855 0.07306855 0.07306854 0.07306855 0.07306854 0.07306854 0.07306854
0 0 0 0 0 0 0 0 0 0 0 0 0 0 0 0 0 0 0 0 0 0 0 0 0 0 0 0 0 0 0 0 0.1258198 0.07306855 0.07306855 0.07306855 0.07306856 0.07306855 0.07306856 0.07306856 0.07306856 0.07306856 0.07306855 0.07306856 0.07306855 0.07306855 0.07306855 0.07306855 0.07306855 0.07306856 0.07306855 0.07306856 0.07306855 0.07306855 0.07306855 0.07306856 0.07306855 0.07306856 0.07306855 0.07306856 0.07306856 0.07306856 0.07306855 0.07306855 0.07306855 0.07306856 0.07306856 0.07306856 0.07306855 0.07306856 0.07306855 0.07306856 0.07306856 0.07306855
0 0 0 0 0 0 0 0 0 0 0 0 0 0 0 0 0 0 0 0 0 0 0 0 0 0 0 0 0 0 0 0 0.07306854 0.07306855 0.07306854 0.07306855 0.07306854 0.07306855 0.07306854 0.07306854 0.07306854 0.07306854 0.07306855 0.07306854 0.07306855 0.07306854 0.07306854 0.07306854 0.07306855 0.07306854 0.07306855 0.07306854 0.07306855 0.07306854 0.07306855 0.07306854 0.07306855 0.07306854 0.07306854 0.07306854 0.07306854 0.07306854 0.07306855 0.07306854 0.07306855 0.07306854 0.07306854 0.07306854 0.07306855 0.07306854 0.07306854 0.07306854 0.07306854 0.07306854
0 0 0 0 0 0 0 0 0 0 0 0 0 0 0 0 0 0 0 0 0 0 0 0 0 0 0 0 0 0 0 0.2912059 0.07306854 0.07306855 0.07306855 0.07306855 0.07306854 0.07306855 0.07306854 0.07306854 0.07306854 0.07306854 0.07306854 0.07306854 0.07306855 0.07306854 0.07306855 0.07306855 0.07306855 0.07306854 0.07306855 0.07306854 0.07306855 0.07306855 0.07306855 0.07306854 0.07306855 0.07306855 0.07306855 0.07306854 0.07306854 0.07306854 0.07306854 0.07306854 0.07306855 0.07306854 0.07306855 0.07306854 0.07306855 0.07306854 0.07306855 0.07306854 0.07306854 0.07306854
0 0 0 0 0 0 0 0 0 0 0 0 0 0 0 0 0 0 0 0 0 0 0 0 0 0 0 0 0 0 0 0.1097849 0.07306855 0.07306854 0.07306854 0.07306855 0.07306854 0.07306854 0.07306854 0.07306854 0.07306854 0.07306854 0.07306854 0.07306854 0.07306854 0.07306855 0.07306854 0.07306854 0.07306854 0.07306855 0.07306854 0.07306854 0.07306854 0.07306854 0.07306854 0.07306854 0.07306854 0.07306855 0.07306854 0.07306854 0.07306855 0.07306854 0.07306854 0.07306854 0.07306854 0.07306854 0.07306854 0.07306854 0.07306854 0.07306854 0.07306854 0.07306854 0.07306854 0.07306854
0 0 0 0 0 0 0 0 0 0 0 0 0 0 0 0 0 0 0 0 0 0 0 0 0 0 0 0 0 0 0 0.2163244 0.1919952 0.07860256 0.07306856 0.07306855 0.07306855 0.07306855 0.07306855 0.07306855 0.07306855 0.07306855 0.07306855 0.07306855 0.07306855 0.07306855 0.07306855 0.07306856 0.07306855 0.07306855 0.07306855 0.07306855 0.07306855 0.07306856 0.07306855 0.07306855 0.07306855 0.07306855 0.07306855 0.07306855 0.07306855 0.07306855 0.07306855 0.07306855 0.07306855 0.07306855 0.07306855 0.07306855 0.07306855 0.07306855 0.07306855 0.07306855 0.07306855 0.07306855
0 0 0 0 0 0 0 0 0 0 0 0 0 0 0 0 0 0 0 0 0 0 0 0 0 0 0 0 0 0 0.4333124 0.4187682 0.4187682 0.3339137 0.3169507 0.3529635 0.3888942 0.4045372 0.4040777 0.3276822 0.1959855 0.08543675 0.07306855 0.07306855 0.07306855 0.07306855 0.07306854 0.07306855 0.07306854 0.07306855 0.07306855 0.07306855 0.07306855 0.07306855 0.07306855 0.07306855 0.07306855 0.07306855 0.07306855 0.07306855 0.07306855 0.07306855 0.07306855 0.07306855 0.07306855 0.07306855 0.07306855 0.07306855 0.07306855 0.07306855 0.07306855 0.07306855 0.07306855 0.07306855
0 0 0 0 0 0 0 0 0 0 0 0 0 0 0 0 0 0 0 0 0 0 0 0 0 0 0 0 0 0 0.4187683 0.4187683 0.4187683 0.4187683 0.4187682 0.4187683 0.4187683 0.4187683 0.4187683 0.4187683 0.4187683 0.3976279 0.2782944 0.1429953 0.07306855 0.07306855 0.07306855 0.07306854 0.07306855 0.07306854 0.07306855 0.07306855 0.07306855 0.07306854 0.07306855 0.07306855 0.07306855 0.07306855 0.07306855 0.07306855 0.07306855 0.07306855 0.07306855 0.07306855 0.07306855 0.07306855 0.07306855 0.07306855 0.07306855 0.07306855 0.07306855 0.07306855 0.07306855 0.07306855
0 0 0 0 0 0 0 0 0 0 0 0 0 0 0 0 0 0 0 0 0 0 0 0 0 0 0 0 0 0.4259986 0.4187682 0.4187682 0.4187682 0.4187682 0.4187682 0.4187682 0.4187682 0.4187682 0.4187682 0.4187682 0.4187682 0.4187682 0.4187682 0.4187109 0.3391797 0.1883268 0.07832944 0.07306855 0.07306855 0.07306855 0.07306856 0.07306855 0.07306855 0.07306855 0.07306855 0.07306855 0.07306855 0.07306855 0.07306855 0.07306855 0.07306855 0.07306855 0.07306855 0.07306855 0.07306855 0.07306855 0.07306855 0.07306855 0.07306855 0.07306855 0.07306855 0.07306855 0.07306855 0.07306855
0 0 0 0 0 0 0 0 0 0 0 0 0 0 0 0 0 0 0 0 0 0 0 0 0 0 0 0 0.4440509 0.4187683 0.4187683 0.4187683 0.4187683 0.4187683 0.4187683 0.4187683 0.4187683 0.4187683 0.4187683 0.4187683 0.4187683 0.4187683 0.4187683 0.4187683 0.4187683 0.4187683 0.3779194 0.2323237 0.09636458 0.07306855 0.07306855 0.07306855 0.07306855 0.07306855 0.07306855 0.07306855 0.07306855 0.07306855 0.07306855 0.07306855 0.07306855 0.07306855 0.07306855 0.07306855 0.07306855 0.07306855 0.07306855 0.07306855 0.07306855 0.07306855 0.07306855 0.07306855 0.07306855 0.07306855
0 0 0 0 0 0 0 0 0 0 0 0 0 0 0 0 0 0 0 0 0 0 0 0 0 0 0 0.4680862 0.4187682 0.4187682 0.4187682 0.4187682 0.4187682 0.4187682 0.4187682 0.4187682 0.4187682 0.4187682 0.4187682 0.4187682 0.4187682 0.4187682 0.4187682 0.4187682 0.4187682 0.4187682 0.4187682 0.4187682 0.403883 0.2763221 0.1272316 0.07306854 0.07306855 0.07306854 0.07306854 0.07306855 0.07306854 0.07306854 0.07306855 0.07306854 0.07306854 0.07306854 0.07306855 0.07306854 0.07306855 0.07306854 0.07306854 0.07306854 0.07306855 0.07306854 0.07306855 0.07306854 0.07306854 0.07306854
0 0 0 0 0 0 0 0 0 0 0 0 0 0 0 0 0 0 0 0 0 0 0 0 0 0 0 0.4187689 0.4187683 0.4187683 0.4187682 0.4187683 0.4187682 0.4187683 0.4187682 0.4187683 0.4187682 0.4187683 0.4187682 0.4187682 0.4187683 0.4187682 0.4187683 0.4187682 0.4187683 0.4187683 0.4187683 0.4187682 0.4187683 0.4187683 0.4170128 0.3231996 0.1807182 0.07774384 0.07306855 0.07306855 0.07306855 0.07306854 0.07306855 0.07306855 0.07306855 0.07306855 0.07306855 0.07306854 0.07306855 0.07306855 0.07306855 0.07306854 0.07306855 0.07306854 0.07306855 0.07306854 0.07306855 0.07306855
0 0 0 0 0 0 0 0 0 0 0 0 0 0 0 0 0 0 0 0 0 0 0 0 0 0 0.4248721 0.4187682 0.4187682 0.4187682 0.4187682 0.4187683 0.4187682 0.4187682 0.4187682 0.4187682 0.4187682 0.4187682 0.4187682 0.4187682 0.4187682 0.4187682 0.4187683 0.4187682 0.4187683 0.4187682 0.4187682 0.4187682 0.4187683 0.4187682 0.4187683 0.4187682 0.4187682 0.3794002 0.2417224 0.1064501 0.07306854 0.07306854 0.07306854 0.07306854 0.07306854 0.07306854 0.07306855 0.07306854 0.07306855 0.07306854 0.07306854 0.07306854 0.07306854 0.07306854 0.07306854 0.07306854 0.07306854 0.07306854
0 0 0 0 0 0 0 0 0 0 0 0 0 0 0 0 0 0 0 0 0 0 0 0 0 0.4458739 0.4187682 0.4187682 0.4187682 0.4187682 0.4187682 0.4187682 0.4187682 0.4187682 0.4187683 0.4187682 0.4187682 0.4187682 0.4187682 0.4187682 0.4187682 0.4187682 0.4187682 0.4187682 0.4187682 0.4187682 0.4187682 0.4187682 0.4187682 0.4187682 0.4187682 0.4187682 0.4187682 0.4187682 0.4187682 0.4117 0.3027294 0.1603841 0.07398461 0.07306855 0.07306855 0.07306855 0.07306854 0.07306855 0.07306854 0.07306855 0.07306855 0.07306855 0.07306854 0.07306855 0.07306854 0.07306855 0.07306855 0.07306855
0 0 0 0 0 0 0 0 0 0 0 0 0 0 0 0 0 0 0 0 0 0 0 0 0.4795826 0.4187683 0.4187682 0.4187683 0.4187682 0.4187683 0.4187683 0.4187683 0.4187683 0.4187683 0.4187682 0.4187683 0.4187682 0.4187683 0.4187683 0.4187683 0.4187683 0.4187683 0.4187683 0.4187683 0.4187683 0.4187682 0.4187683 0.4187682 0.4187683 0.4187682 0.4187683 0.4187682 0.4187683 0.4187682 0.4187683 0.4187682 0.4187683 0.4187683 0.3628231 0.2211889 0.09305873 0.07306854 0.07306855 0.07306854 0.07306855 0.07306854 0.07306855 0.07306854 0.07306855 0.07306854 0.07306855 0.07306854 0.07306855 0.07306854
0 0 0 0 0 0 0 0 0 0 0 0 0 0 0 0 0 0 0 0 0 0 0 0 0.4197512 0.4187682 0.4187683 0.4187682 0.4187682 0.4187682 0.4187682 0.4187682 0.4187682 0.4187682 0.4187682 0.4187682 0.4187682 0.4187682 0.4187682 0.4187682 0.4187682 0.4187683 0.4187682 0.4187683 0.4187682 0.4187682 0.4187682 0.4187683 0.4187682 0.4187682 0.4187682 0.4187682 0.4187682 0.4187682 0.4187682 0.4187682 0.4187682 0.4187682 0.4187682 0.4187682 0.4024242 0.2787917 0.1834092 0.1145287 0.07337145 0.07306855 0.07306855 0.07306855 0.07306855 0.07306855 0.07306855 0.07306855 0.07306855 0.07306855
0 0 0 0 0 0 0 0 0 0 0 0 0 0 0 0 0 0 0 0 0 0 0 0.4658282 0.4187682 0.4187682 0.4187682 0.4187682 0.4187682 0.4187682 0.4187682 0.4187682 0.4187682 0.4187682 0.4187682 0.4187682 0.4187682 0.4187682 0.4187682 0.4187682 0.4187682 0.4187682 0.4187682 0.4187682 0.4187682 0.4187682 0.4187682 0.4187682 0.4187682 0.4187682 0.4187682 0.4187682 0.4187682 0.4187682 0.4187682 0.4187682 0.4187682 0.4187682 0.4187682 0.4187682 0.4187682 0.4187682 0.4187682 0.5482181 1.280821 1.006108 0.731108 0.456123 0.1827247 0.07306855 0.07306855 0.07306855 0.07306855 0.07306855
0 0 0 0 0 0 0 0 0 0 0 0 0 0 0 0 0 0 0 0 0 0 0.5724779 0.4187682 0.4187682 0.4187682 0.4187682 0.4187682 0.4187682 0.4187682 0.4187682 0.4187682 0.4187682 0.4187682 0.4187682 0.4187682 0.4187682 0.4187682 0.4187682 0.4187682 0.4187682 0.4187682 0.4187682 0.4187682 0.4187682 0.4187682 0.4187682 0.4187683 0.4187682 0.4187682 0.4187682 0.4187682 0.4187682 0.4187682 0.4187682 0.4187682 0.4187682 0.4187682 0.4187682 0.4187682 0.4187682 0.4187682 0.4187682 0.5789054 1.405728 1.405727 1.405728 1.405727 1.404156 1.238813 0.952916 0.4470567 0.07818747 0.07306854
0 0 0 0 0 0 0 0 0 0 0 0 0 0 0 0 0 0 0 0 0 0 0.4187682 0.4187682 0.4187682 0.4187682 0.4187682 0.4187682 0.4187682 0.4187682 0.4187682 0.4187682 0.4187682 0.4187682 0.4187683 0.4187682 0.4187682 0.4187682 0.4187682 0.4187682 0.4187682 0.4187682 0.4187682 0.4187682 0.4187682 0.4187682 0.4187682 0.4187683 0.4187682 0.4187682 0.4187682 0.4187683 0.4187682 0.4187683 0.4187682 0.4187682 0.4187682 0.4187682 0.4187682 0.4187682 0.4187683 0.4187682 0.4187682 0.6095928 1.405727 1.405728 1.405728 1.405728 1.405727 1.405727 1.405727 1.405727 1.182314 0.5956655
0 0 0 0 0 0 0 0 0 0 0 0 0 0 0 0 0 0 0 0 0 0 0.4187682 0.4187682 0.4187682 0.4187682 0.4187682 0.4187682 0.4187682 0.4187682 0.4187682 0.4187682 0.4187682 0.4187682 0.4187682 0.4187682 0.4187682 0.4187682 0.4187682 0.4187682 0.4187683 0.4187682 0.4187682 0.4187682 0.4187682 0.4187682 0.4187682 0.4187682 0.4187682 0.4187682 0.4187682 0.4187682 0.4187683 0.4187682 0.4187683 0.4187683 0.4187682 0.4187682 0.4187682 0.4187682 0.4187683 0.4187682 0.4187682 0.6406118 1.405728 1.405728 1.405728 1.405728 1.405728 1.405728 1.405728 1.405728 1.405728 1.405728
