Scenarios/Heterogeneous/data/country_data_population_distribution/processed/density_grids/rou.asc
ncols 233
nrows 126
xllcorner 20
yllcorner 43
[rows 31 to 61 of 126, columns 0 to 68 of 233]
0 0 0 0 0 0 0 0 0 0 0 0 0 0 0 0 0 0 0 0 0 0 0 0 0 0 0 0 0 0 0 0 0 0 0 0 0 0 0 0 0 0 0 28.01302 31.77561 31.49508 38.18045 39.52268 36.38024 35.74044 58.4992 107.5902 38.51563 35.65307 45.19711 44.27173 29.72545 32.46737 33.28096 30.70788 35.78893 57.29706 51.60412 43.84869 38.9166 37.00596 36.55048 33.62209 22.93035
0 0 0 0 0 0 0 0 0 0 0 0 0 0 0 0 0 0 0 0 0 0 0 0 0 0 0 0 0 0 0 0 0 0 0 0 0 0 0 0 0 0 24.27401 28.8253 29.0817 29.10885 37.21 31.83072 23.28049 22.23771 30.89622 35.55754 36.58518 38.91936 45.53084 46.03128 41.51871 41.98801 38.67133 37.72385 37.84463 45.80267 44.42949 36.84581 36.81835 36.64566 36.52762 35.06255 24.02867
0 0 0 0 0 0 0 0 0 0 0 0 0 0 0 0 0 0 0 0 0 0 0 0 0 0 0 0 0 0 0 0 0 0 0 0 0 0 0 0 0 61.38805 83.64574 57.52394 28.49612 28.50633 29.01347 27.12571 22.43261 19.90936 22.33598 28.77309 38.8767 38.95415 41.33869 42.54141 42.19524 38.7711 37.72385 38.34943 37.29023 33.91463 32.07179 33.88596 36.11963 34.40002 29.69928 24.34438 14.82695
0 0 0 0 0 0 0 0 0 0 0 0 0 0 0 0 0 0 0 0 0 0 0 0 0 0 0 0 0 0 0 0 0 0 0 0 0 0 0 0 70.01331 96.28331 96.2833 89.36142 67.63351 60.70203 38.08173 39.9487 48.43839 31.57392 29.04873 28.33648 41.30951 43.71898 48.06141 46.99123 46.14179 43.21251 43.79488 50.22466 41.43004 30.94722 30.02316 27.14748 27.10398 15.18007 14.17839 16.06269 17.98191
0 0 0 0 0 0 0 0 0 0 0 0 0 0 0 0 0 0 0 0 0 0 0 0 0 0 0 0 0 0 0 0 0 0 0 0 0 0 0 0 95.87773 96.17941 85.8602 92.91008 86.97435 52.89544 45.58121 45.79609 52.80207 52.90802 52.91771 47.1467 44.5876 38.07873 39.51331 46.26599 49.13804 54.45526 52.23738 43.46367 28.68498 26.80203 33.45318 33.72117 25.88461 21.44446 9.684477 8.256278 14.43676
0 0 0 0 0 0 0 0 0 0 0 0 0 0 0 0 0 0 0 0 0 0 0 0 0 0 0 0 0 0 0 0 0 0 0 0 0 0 0 0 41.99201 44.15326 37.51562 46.7634 41.97744 37.42011 38.30761 38.20314 39.71818 51.15291 52.82124 46.28785 36.22151 34.63427 29.7107 29.18412 40.28489 50.21417 58.11428 45.63747 40.75462 38.58186 34.6043 28.86724 22.47436 17.18502 7.737569 7.6514 7.651504
0 0 0 0 0 0 0 0 0 0 0 0 0 0 0 0 0 0 0 0 0 0 0 0 0 0 0 0 0 0 0 0 0 0 0 0 0 0 0 37.21992 37.45106 37.47758 37.5144 37.51562 37.51562 37.44572 37.41417 37.41416 36.87891 39.51496 35.1949 32.34239 35.3484 34.26008 25.50462 24.70808 32.90826 44.47623 50.93676 176.5787 352.3649 68.68738 26.75718 11.73001 8.190354 8.957256 7.658692 7.6514 7.6514
0 0 0 0 0 0 0 0 0 0 0 0 0 0 0 0 0 0 0 0 0 0 0 0 0 0 0 0 0 0 0 0 0 0 0 0 0 0 36.28672 24.88186 32.10113 36.55896 35.45346 34.4132 34.12231 33.95513 33.92551 33.96561 33.02566 30.7709 31.032 31.03765 28.88575 27.8907 24.24632 24.25208 26.54829 38.16634 33.70461 40.17442 166.049 94.45751 44.94715 39.54139 46.4237 39.36486 17.17661 15.30176 9.261654
0 0 0 0 0 0 0 0 0 0 0 0 0 0 0 0 0 0 0 0 0 0 0 0 0 0 0 0 0 0 0 0 0 0 0 49.85196 25.97594 25.93608 21.06883 19.45266 19.63894 32.49063 33.74259 33.74259 34.38307 36.77601 34.01854 30.88312 28.66611 23.19622 24.15351 24.03741 23.5348 25.12855 20.94489 19.12901 28.74643 33.58934 31.70452 28.71523 24.73368 35.44868 57.7267 55.28818 48.47802 22.46428 18.23178 18.23178 15.4441
0 0 0 0 0 0 0 0 0 0 0 0 0 0 0 0 0 0 0 0 0 0 0 0 0 0 0 0 0 0 0 0 0 0 0 44.76897 25.69298 19.9397 18.92328 35.19115 54.72867 44.36823 36.29704 36.63378 39.55562 40.18306 34.405 22.40779 22.28326 22.42839 23.42472 24.18057 29.10592 21.1426 13.87435 14.58377 31.36497 27.89673 24.73585 25.0122 28.2904 34.72087 63.09901 162.7294 41.00052 29.87038 29 19.25158 18.23178
0 0 0 0 0 0 0 0 0 0 0 0 0 0 0 0 0 0 0 0 0 0 0 0 0 0 0 0 0 0 0 0 0 0 38.71479 26.20724 26.12432 19.68791 18.91456 51.12447 64.59174 53.61064 38.99763 35.39371 31.87043 33.67888 24.84996 23.85603 31.73583 27.96547 29.6842 29.13971 24.87715 13.87435 14.91282 20.36101 22.14625 22.90774 27.74954 33.5661 42.19298 41.68372 108.0156 241.232 52.17648 48.35163 40.7056 35.98034 21.46728
0 0 0 0 0 0 0 0 0 0 0 0 0 0 0 0 0 0 0 0 0 0 0 0 0 0 0 0 0 0 0 0 0 0 0 28.98515 26.1122 20.80625 23.08153 53.86665 64.59174 60.41177 42.45906 36.02514 31.70728 30.87278 30.87279 34.48701 75.05276 48.83234 29.82151 30.0827 24.74933 20.31605 21.92055 33.30721 13.75181 12.74995 11.80109 14.55572 37.28073 36.62566 35.78726 34.82171 35.97628 43.72495 40.73682 36.29234 18.64487
0 0 0 0 0 0 0 0 0 0 0 0 0 0 0 0 0 0 0 0 0 0 0 0 0 0 0 0 0 0 0 0 0 0 0 55.9562 51.63158 30.91867 39.14163 53.98533 43.30799 30.02023 32.33694 30.73456 30.87524 31.48727 32.3429 65.48268 76.23066 68.23454 39.11399 37.01287 34.18888 26.43659 56.52832 48.05104 12.4628 13.17047 11.81488 12.19335 20.01928 29.51826 28.32673 26.70145 20.33315 16.21022 12.34023 12.34023 13.3108
0 0 0 0 0 0 0 0 0 0 0 0 0 0 0 0 0 0 0 0 0 0 0 0 0 0 0 0 0 0 0 0 0 83.28455 72.96014 72.08212 72.1301 39.60048 37.42276 70.62177 35.95553 34.88877 32.1422 31.58196 45.8946 45.71986 47.26811 74.85992 76.23066 58.93881 34.969 34.51575 33.68857 37.04317 77.95615 57.40005 45.87817 15.96828 13.46002 14.6855 20.1147 22.54795 24.28488 24.29851 15.15435 15.47338 16.75156 16.05255 14.55374
0 0 0 0 0 0 0 0 0 0 0 0 0 0 0 0 0 0 0 0 0 0 0 0 0 0 0 0 0 0 0 0 0 54.44661 79.41434 84.4276 69.76418 41.27886 88.56306 101.0451 82.64272 81.18338 61.70089 79.70033 86.95756 85.62711 47.14881 43.19211 50.1648 14.59121 12.57021 17.57388 32.78546 32.78748 40.3311 54.47617 48.9495 26.10449 16.10837 16.76744 21.67329 21.90224 19.47832 19.03864 19.03864 19.33619 27.08231 18.69534 14.47441
0 0 0 0 0 0 0 0 0 0 0 0 0 0 0 0 0 0 0 0 0 0 0 0 0 0 0 0 0 0 0 0 47.51634 72.1221 86.01598 88.77937 54.78447 42.06904 85.55415 99.53998 89.26497 73.01617 59.35429 61.18839 81.5014 92.81541 29.54565 26.60418 26.25607 10.8535 11.21404 16.99115 31.85038 30.05548 24.00535 32.15033 21.41715 21.0306 20.95633 20.7701 21.81378 18.26815 15.94119 18.22975 19.15051 20.86658 25.07828 14.5249 15.18167
0 0 0 0 0 0 0 0 0 0 0 0 0 0 0 0 0 0 0 0 0 0 0 48.58343 49.02819 45.74684 44.58545 0 0 0 49.86746 48.73059 75.84982 157.3638 86.36055 66.62841 58.53167 58.53167 59.17918 56.95583 48.35732 55.67651 55.67651 55.67651 57.34073 38.86375 26.60418 26.60418 26.60418 12.26006 8.194636 8.194637 9.145503 10.92827 10.38543 20.40832 28.15192 29.16648 28.35899 22.58854 21.74837 16.98209 15.15566 15.75012 24.29851 27.56835 22.69746 14.66081 16.19037
0 0 0 0 0 0 0 0 0 0 0 0 0 0 0 0 0 0 0 0 0 0 48.57667 49.27375 44.67867 40.07481 43.93588 48.26726 48.9358 49.07272 48.91948 48.91838 355.6122 604.93 600.619 521.479 352.4643 125.1972 81.70733 80.25573 74.83482 61.3182 60.4733 55.56317 36.17106 26.91006 26.60418 26.60418 24.61905 11.26405 8.194636 8.194637 8.685014 9.783609 9.783609 9.783609 21.55313 25.21329 16.29979 10.76011 13.18615 20.39741 19.46333 16.18766 22.40216 21.56165 21.97765 15.41586 17.95594
0 0 0 0 0 0 0 0 0 0 0 0 0 0 0 0 0 0 0 0 0 67.9239 49.17812 49.27377 42.8296 33.71379 41.55302 48.91948 48.91948 48.91948 48.91948 64.61102 484.7826 604.93 604.93 604.9299 553.846 237.1198 81.12687 81.12687 74.2585 69.49071 68.08923 42.07239 30.171 25.17169 17.94133 12.84239 8.821755 8.359066 8.194636 8.273088 8.837674 9.817953 9.822225 9.829992 13.7486 10.80211 9.143708 9.250536 9.211295 9.250482 15.42116 16.0936 16.0936 16.0936 16.09156 18.55074 23.91912
0 0 0 0 0 0 0 0 0 0 0 25.00748 18.58974 25.56289 42.13008 36.12344 36.64464 37.09581 45.41673 0 28.4623 37.37119 44.7795 55.77189 53.31972 33.73071 34.06884 40.99435 42.19436 42.35306 51.27435 50.70004 201.9177 371.1365 604.93 604.93 523.1271 96.83453 80.99789 80.86162 35.81161 49.15188 69.11712 34.37819 43.83577 16.14865 11.10422 11.10422 11.10422 10.78344 9.316669 9.860623 9.914825 9.914826 9.914826 10.13121 10.50402 10.62274 12.07897 12.97989 11.55101 10.53143 11.06346 15.41181 16.0936 16.0936 16.0936 19.59871 25.7258
0 0 0 0 0 0 0 0 0 0 0 15.40901 15.67386 20.44938 27.01478 29.34832 36.59534 38.49549 74.62088 67.71471 30.73688 26.32827 30.92347 44.99146 55.85609 34.37829 35.57869 37.11704 37.11806 37.11807 49.96856 55.21675 168.7421 259.3026 464.9301 432.2669 369.7768 60.0913 66.18585 66.78214 34.20779 32.34237 32.11174 50.23483 72.18312 66.6371 40.96361 11.45826 11.10422 11.10422 10.40687 10.02473 9.914826 9.914825 9.914826 12.12409 13.3825 13.48413 13.03588 12.91122 11.21964 10.89224 10.27345 13.2002 14.17183 13.79173 12.73787 10.18284 14.34517
0 0 0 0 0 0 0 0 0 0 0 0 21.62535 24.41728 27.12453 27.12452 30.85524 62.32373 111.2681 111.2681 61.14327 25.22765 28.02695 31.04523 59.72008 67.90088 42.28627 37.11806 37.11806 38.41105 42.36671 96.64753 375.3596 281.1608 87.41884 36.64274 45.56734 54.94497 57.97591 41.34859 31.66579 34.14547 34.14547 52.9397 72.07943 65.13742 49.32081 9.970488 10.09749 10.50289 11.08889 10.22455 10.08728 10.74337 13.1266 13.77064 13.8129 13.36568 13.03588 12.86964 11.64303 10.99584 10.32407 10.01758 10.01758 10.37948 11.47421 7.641541 7.452485
0 0 0 0 0 0 0 0 0 0 0 0 19.61869 27.12453 27.12453 27.12453 27.36176 66.65686 111.2681 107.8256 77.50639 30.1458 29.78335 31.95971 62.86013 71.30634 55.81838 48.2998 47.80304 47.62044 42.85655 42.83698 42.83698 42.83698 40.13492 35.21863 36.91182 36.37362 30.51501 27.2463 28.62647 33.8332 34.57658 53.89948 64.26338 3.792997 5.319283 9.102363 9.612531 9.663308 9.772143 11.1025 12.35692 12.74037 13.42344 13.85252 13.48933 13.1493 13.03588 13.03588 11.29796 10.88824 10.33287 10.11746 10.6228 12.40852 13.92789 8.504776 10.01404
0 0 0 0 0 0 0 0 0 0 0 0 0 23.8529 28.65976 40.62928 48.29156 73.52752 72.15505 80.16309 74.51943 74.20038 58.98948 63.63989 70.66207 56.00955 49.39321 49.24208 48.13853 47.02036 42.35143 34.70271 34.51667 37.23724 31.80269 31.26833 32.01754 31.05516 29.811 27.24617 11.90423 7.744196 21.83499 35.00802 9.945589 4.257138 2.922329 4.745309 9.612349 9.569677 10.11425 11.04393 12.07558 12.50877 13.82275 16.89965 16.91253 15.7106 13.56717 13.47225 12.32097 10.15692 10.70445 11.61527 12.1417 13.66204 13.98304 24.51126 33.74857
0 0 0 0 0 0 0 0 0 0 0 0 0 0 0 0 48.39071 48.44733 49.71189 48.61702 46.72397 56.26383 60.03811 56.16164 81.73569 95.02753 60.83183 44.56229 43.68244 43.68245 44.15657 44.2163 43.98286 31.26833 29.89817 26.70345 27.34032 29.02797 28.6551 14.01946 9.400488 18.25915 13.02697 5.248184 3.507308 6.512573 4.659272 4.476325 6.11167 6.081943 8.903432 10.34152 10.4145 13.60183 29.22993 22.71758 22.03409 17.29435 16.77256 15.76856 16.30792 14.95065 12.53348 12.64684 14.04723 16.37667 17.25373 33.34977 34.01303
0 0 0 0 0 0 0 0 0 0 0 0 0 0 0 0 0 0 50.48266 50.48266 49.03283 45.95336 45.91251 45.90762 59.16328 47.13784 41.40074 41.48097 45.04066 50.91305 45.63099 61.62303 61.05096 45.02122 25.5558 39.09619 34.16998 25.8252 26.64774 26.77633 33.79572 36.53766 32.61446 6.759207 6.982155 7.681291 6.458541 5.233477 5.523373 5.532979 12.69421 16.62099 22.57253 39.27665 45.09811 45.09811 45.01673 31.43067 16.30792 16.36177 17.46071 15.12367 14.11868 14.11868 17.77199 20.94765 20.94765 27.71748 32.35391
0 0 0 0 0 0 0 0 0 0 0 0 0 0 0 0 0 0 0 50.54531 52.19492 46.33704 54.81478 58.76104 59.68074 63.86908 61.57945 43.79425 58.70203 68.69562 69.23325 66.05491 62.58524 69.55185 79.76242 91.3454 89.27928 49.65602 36.9666 37.14117 36.53773 36.53766 34.75732 11.48512 9.726179 12.68725 12.64802 12.84956 21.86244 20.76291 29.13009 32.88931 34.31795 41.21655 47.00121 45.10997 45.09812 31.38629 16.79618 26.0239 27.85873 13.27052 11.38034 13.93096 20.31419 20.94765 20.94765 21.03736 21.73108
0 0 0 0 0 0 0 0 0 0 0 0 0 0 0 0 0 0 0 0 97.52982 96.22948 99.29158 101.1465 96.28373 92.48024 96.07784 64.17783 56.62106 50.21695 286.4252 2223.493 2131.122 492.828 652.3832 153.3159 95.88512 40.7833 36.71075 36.53766 36.53766 35.22796 29.23457 23.60424 16.42712 13.1929 24.75248 36.23183 29.59162 29.99631 33.8031 32.36582 30.38098 35.9616 47.37749 46.90693 46.11877 44.81496 31.1229 18.03505 16.64938 8.149456 8.149456 11.51299 15.54478 11.95871 10.31598 5.241536 11.21242
0 0 0 0 0 0 0 0 0 0 0 0 0 0 0 0 0 0 0 0 0 95.6113 72.95381 46.28353 36.90241 56.47555 56.68399 61.15186 61.15185 58.54084 85.76139 1405.021 2499.94 2301.84 2035.543 200.4836 87.09023 37.39455 36.98013 36.53766 36.53766 31.72804 26.24686 25.89089 25.90234 36.88868 40.55595 44.39973 43.41645 40.45597 38.01577 36.677 52.05901 28.29467 30.3984 28.90674 19.39138 13.82772 23.82514 13.27668 13.23621 9.351763 8.149455 8.532447 7.723656 3.855626 3.63117 3.584822 3.549771
0 0 0 0 0 0 0 0 0 0 0 0 0 0 0 0 0 0 0 0 0 0 0 28.54601 33.97762 39.56015 39.77218 49.24746 67.43013 71.27982 70.58991 1329.583 2421.277 1807.261 1835.963 188.7794 90.02922 64.00449 34.52752 34.08072 32.61184 28.06178 26.98276 26.81351 28.07857 33.41362 35.594 38.79006 80.13575 189.7145 128.9864 331.9747 104.5268 21.11864 19.81625 13.55147 13.48847 13.48847 13.46795 13.29357 13.27422 12.50917 8.77275 5.488913 3.419116 3.510923 4.429514 4.575884 4.579721
0 0 0 0 0 0 0 0 0 0 0 0 0 0 0 0 0 0 0 0 0 0 0 28.67049 27.87236 32.19144 25.40545 21.91351 65.42559 81.47163 77.92571 358.8302 518.2421 151.1943 145.9718 73.24807 66.4198 46.40059 27.8127 28.28502 46.70499 36.58004 30.52982 30.73878 27.34207 28.76498 28.91109 53.26502 283.0047 413.3158 405.425 406.8116 207.329 22.22187 21.20205 17.4428 16.0002 18.93957 17.09038 14.19052 13.26772 13.24303 10.54576 4.786233 4.413461 4.735489 4.726092 4.474155 4.515203
