Scenarios/Heterogeneous/data/country_data_population_distribution/processed/density_grids/rou.asc
ncols 233
nrows 126
xllcorner 20
yllcorner 43
[rows 31 to 61 of 126, columns 69 to 137 of 233]
31.52147 34.41212 30.4732 27.79043 25.85498 21.85786 17.89455 17.36014 16.38848 12.57568 12.82474 16.23216 49.63937 20.15984 14.96112 16.8156 24.46295 24.88121 25.30002 22.96762 22.54082 24.8856 24.7418 27.45616 30.27213 44.67044 60.17348 48.56223 42.68608 38.49759 20.48949 19.45587 19.5136 20.37412 25.10481 32.43834 29.30369 26.76711 31.6474 37.73349 31.73162 33.22591 35.25137 35.23737 35.44801 41.62857 34.67256 25.12865 19.90259 11.4388 23.75558 49.78152 50.41752 42.2546 37.18403 17.86011 7.978203 5.864625 5.864626 7.832028 12.47623 25.7623 39.42607 39.57508 45.47169 54.00563 52.19689 28.80758 22.0567
14.80919 22.3216 26.22464 25.8508 25.8508 85.40985 122.7357 84.10374 84.28083 18.19347 13.01087 18.26018 62.3176 55.80122 39.363 26.69017 25.20047 25.63382 42.82969 30.5278 29.72397 30.46642 28.34133 27.77892 50.98515 57.58081 58.09622 54.96001 51.37504 34.44404 23.57233 23.91412 23.51144 28.25179 39.18786 40.63096 32.46713 23.22036 21.04637 22.49242 27.2567 35.21467 35.25137 33.73914 30.11551 40.70094 44.19923 39.84734 39.25705 41.92888 61.59459 67.37553 64.34081 57.81671 46.40191 16.09273 5.868771 5.864625 5.864625 8.104688 13.39058 28.12991 44.27245 66.8484 66.30506 48.47959 54.73946 48.71423 38.10265
15.78183 25.68122 21.79731 23.41337 24.82629 26.92432 74.43797 127.197 111.1335 30.14336 34.09908 52.00307 61.84772 66.31813 60.9167 32.11105 28.06392 63.64304 111.7803 77.22698 532.8209 1140.932 398.3781 188.8606 65.83466 49.4099 49.43816 49.83354 48.55118 44.7537 25.47729 26.58812 25.10205 25.54979 36.96529 37.36129 32.49791 27.74 23.5105 22.34131 24.84589 27.13218 34.98492 31.96035 29.42046 38.2289 44.90367 59.73569 54.80422 50.26212 51.4722 45.81393 45.4898 47.30871 46.81649 46.56268 34.49301 21.75597 6.517096 7.61694 12.50783 31.31937 42.56337 43.41796 34.64783 40.41917 47.09436 46.40261 45.67033
22.99003 19.61042 11.96734 11.96734 16.94828 25.88227 26.53217 28.82255 28.27672 29.43941 24.94317 27.6813 25.14338 39.36454 48.61975 37.52798 33.23219 83.98483 117.0012 211.2528 1608.273 1782.967 1782.967 1597.718 155.911 89.64495 79.94493 56.18064 42.47288 41.73016 41.15555 43.51992 44.51212 50.8997 48.91143 42.60085 32.19395 28.66061 28.36352 29.66483 27.62591 24.57635 20.93109 22.3668 30.94537 33.38088 163.9832 341.8971 174.125 51.88582 59.75658 54.20935 46.08841 48.53561 49.92215 46.50064 32.97085 23.80059 14.97466 13.32948 13.32948 20.97838 54.51996 55.77159 55.77159 55.73365 47.50028 45.4048 43.15277
22.53384 16.76923 11.65629 10.92791 7.966787 7.387959 9.324938 30.04452 26.02128 23.09382 23.04183 24.10738 24.11671 24.11671 29.81285 71.11863 63.4373 183.912 227.1675 1021.925 1757.061 1782.967 1782.967 1363.951 98.2807 53.82291 46.94371 31.05203 35.92914 34.0812 32.92307 42.0956 47.34583 56.68121 76.20715 85.2527 51.24073 35.0859 29.74498 30.72724 32.09397 31.42282 33.02018 34.8342 49.82368 55.4619 210.7549 568.1844 364.4971 84.15895 55.57805 45.90701 40.6194 31.29589 28.13451 13.77287 13.32948 13.32948 13.32948 13.32948 13.32948 13.60204 25.46055 45.38065 51.46882 50.8998 43.63892 40.97918 44.28825
10.26308 11.61112 7.963535 6.911378 6.911378 6.911378 7.371075 29.46965 26.66521 21.20845 21.09342 22.55149 23.03944 34.48264 70.38812 71.22481 144.6582 332.0915 353.7531 674.0327 1782.967 1173.288 882.2631 543.2075 92.41514 59.02414 29.69108 29.69108 29.71361 32.74889 37.71721 54.8865 58.94487 83.56264 86.87434 82.1632 45.80956 45.65426 34.14775 26.88009 27.08233 31.95308 29.74223 31.9573 45.22075 51.34977 243.7779 334.1535 72.42366 59.25787 49.44292 47.81422 36.09559 28.14341 32.35524 21.14301 13.40463 13.43609 13.41909 13.33723 13.32948 19.84052 23.7438 23.78254 24.15318 24.79203 28.62137 33.69073 64.46315
7.634397 7.162221 6.911378 6.911378 6.806175 8.777072 19.47141 19.71489 19.49981 17.31292 17.84525 17.73303 30.83989 68.42014 63.30103 57.60279 40.02082 40.76355 60.52349 117.0774 439.6399 58.64278 59.71813 33.91642 35.04132 25.51525 25.91671 25.53003 31.28144 36.89083 47.61328 49.70107 56.90219 55.33783 50.08744 44.80453 45.95445 50.09636 52.89679 39.17511 29.12368 50.00726 52.62795 61.98081 65.01293 58.68147 60.03524 63.00585 63.31809 63.54166 50.05088 29.65779 15.50441 25.84633 30.61035 29.87521 13.6748 19.01458 31.45445 45.78464 36.66239 16.32589 23.65538 23.7438 23.88279 30.59935 30.40116 33.85586 32.46951
7.651399 7.48618 6.799942 6.424089 6.280619 5.9231 5.9231 6.030875 15.49871 12.38647 11.56211 10.99639 9.695376 13.65759 6.759263 11.9019 36.16261 39.3982 38.03624 25.56605 21.7849 27.78523 36.46492 30.21318 55.72155 207.3404 102.9615 17.45083 34.64292 36.18236 36.49448 45.23356 75.18569 71.98672 56.12774 65.67389 65.53664 56.64735 63.31577 52.18205 49.4432 66.7917 68.38857 68.38611 76.37875 71.77151 75.65206 69.61678 63.98838 52.11456 33.06448 37.40902 44.73511 44.35476 43.81118 55.94791 57.20362 61.0437 61.76853 61.40514 50.18703 32.22004 23.98449 23.7438 32.81188 42.48121 42.54309 31.03041 22.23263
8.123299 7.6514 6.558655 5.9231 5.9231 5.9231 6.115047 7.249444 9.658711 8.2126 8.2126 7.628592 5.957431 5.809459 9.919865 15.97284 18.2249 24.25314 23.79928 24.05601 21.64592 21.68851 22.46937 31.71973 88.24396 463.8455 503.8152 398.4845 99.96013 60.4197 68.61588 72.11661 73.59753 72.48196 62.69052 66.7485 56.16235 52.5495 62.17719 66.48061 59.43804 61.95121 94.10218 312.4965 172.7325 208.5696 124.0698 98.22678 81.81994 48.75216 40.34186 36.28358 28.85468 21.58061 28.53897 44.26654 61.76602 61.76853 60.87831 42.8465 34.75956 34.37001 30.96095 23.06457 40.00614 39.18113 34.73703 22.44014 22.23263
17.77906 9.823557 11.88452 7.543587 6.945416 14.40403 13.2114 8.213142 8.2126 8.2126 8.2126 6.5124 5.785554 6.731806 16.11768 18.49327 22.05684 22.14962 24.08559 26.6398 24.4313 22.33414 21.03893 79.60067 101.049 386.5764 513.8313 643.5391 339.3566 87.85924 77.73282 73.10075 63.47607 45.95668 44.96164 45.36571 35.05237 33.12959 47.08715 68.38651 72.48059 79.52609 200.1155 1300.499 1557.898 1262.219 203.979 166.5187 94.32955 69.29818 60.57801 35.3499 22.67792 29.33862 42.4715 41.08579 39.9721 37.08475 36.60411 34.37001 37.15767 42.99582 26.37352 19.65728 20.19519 24.30883 22.46356 22.23263 22.23265
16.26052 17.08154 23.58646 25.22587 32.16462 35.24025 34.16461 12.6713 8.212601 8.212601 9.491646 8.204051 5.785554 9.254072 13.33184 9.766768 9.375059 13.68452 25.48425 26.63079 26.30956 26.62477 31.08315 69.71076 85.30808 66.91753 243.8327 531.7957 468.8657 88.15284 57.76685 81.96438 208.8513 190.9659 57.91191 51.09203 44.51458 32.88487 41.09092 71.60268 88.98013 81.86926 307.3257 1924.507 1948.102 1078.748 141.2055 81.59306 62.11399 74.45885 86.91509 35.20182 33.12648 41.06199 43.74939 25.50912 19.52925 34.7768 35.01201 38.9998 53.66004 53.91013 31.87692 19.65728 22.12805 26.58687 25.53307 24.13741 28.0983
16.19537 16.87157 23.23536 25.7204 28.68136 33.64058 33.52672 55.8082 25.62043 19.81931 28.31281 27.77349 13.54841 6.898979 6.920911 6.876561 6.632629 6.319534 6.724701 9.735136 17.23111 22.24846 23.56601 23.56601 23.59318 24.25912 32.12319 52.19452 65.21474 78.99287 54.05696 49.44584 186.4427 170.2271 54.64379 51.87751 78.8236 70.59332 50.67492 72.50214 88.88963 104.7142 136.7453 134.6273 125.8083 76.92876 60.97133 60.82045 56.08237 50.6142 41.35037 36.4272 37.80939 38.69241 37.69693 25.94999 18.84758 41.32906 53.2575 54.00678 51.76867 38.03703 33.80253 36.11417 29.72813 26.58687 26.58687 26.58687 29.73457
15.03226 20.11888 25.03632 27.5641 29.20409 36.72786 39.95391 70.71959 56.27581 29.59948 29.59948 26.92494 18.37616 17.86699 19.11208 10.75539 11.6204 7.031078 7.834928 16.70358 17.80778 21.85276 25.39265 39.65984 41.36396 43.18872 43.24459 94.70482 72.66924 69.8632 61.31305 74.5091 162.1932 50.35878 40.61772 69.00082 72.14549 73.96393 54.90901 68.65575 75.54523 101.7831 82.40349 68.90823 85.70811 66.08377 60.97297 61.02135 62.49374 64.39126 56.89877 64.90714 58.47285 45.15246 23.27016 18.8648 19.1442 19.73743 33.16428 37.0948 33.17286 33.77978 38.64093 34.57195 26.75208 26.58687 26.58126 26.46553 36.08943
13.55004 13.55004 17.89967 32.10845 30.60422 35.70227 39.00521 71.53504 64.48557 29.59948 28.91278 24.87703 26.05615 39.0967 39.1011 19.37177 16.29548 15.16293 14.06203 15.03 15.7832 22.91678 25.82652 29.11557 33.12121 36.35306 72.9994 129.5439 151.3149 33.92036 30.42869 31.59535 24.28667 29.04958 54.74609 77.24821 51.70706 56.90872 53.27831 53.68359 70.34642 74.92896 48.81879 44.03183 47.55707 48.76854 47.71796 60.00938 62.65348 60.55469 69.31454 69.64589 58.13692 56.38626 30.18171 33.78144 36.61274 35.05566 31.37725 32.50936 32.68864 35.9684 38.71807 31.47777 34.61504 35.25953 26.415 26.68048 72.25715
12.46773 9.568842 13.26091 14.52191 22.63758 25.10699 27.40091 43.70567 73.3822 48.20235 28.1432 24.60258 25.15615 37.50065 39.31316 18.5304 14.35903 11.34873 7.028568 8.376379 18.35986 23.11385 57.6303 60.95254 101.532 137.5474 171.3998 141.5433 48.68916 22.09297 17.90796 19.14891 16.72982 16.83038 40.68001 65.18218 299.0854 335.034 222.9806 68.23742 68.09361 55.98772 38.96593 38.1951 33.45598 30.48633 52.68573 51.07092 38.2919 28.7716 41.26612 45.92119 19.54765 16.4685 24.10906 39.00695 31.50124 31.3413 31.3413 32.02734 34.25591 58.19615 160.2369 94.36138 51.93111 47.60268 28.11752 55.23979 89.61061
6.502779 2.144717 3.205948 5.819221 7.341285 20.06734 31.58811 38.26186 48.13064 50.37358 37.05861 23.07748 23.89841 8.736409 12.82507 8.153499 8.222146 7.556807 6.49954 9.869983 32.80051 139.1384 145.5361 145.5361 145.5361 125.1828 33.0428 22.35333 19.42089 18.17717 27.18123 22.8195 18.665 19.89241 41.1435 60.55234 80.92272 219.7327 266.5668 68.04846 68.15195 60.12196 38.96593 34.47255 23.8162 25.63523 47.12342 43.29253 34.50437 54.95755 55.98868 34.68108 26.19818 36.29636 98.24162 85.1313 60.23239 59.65119 38.55347 45.66878 41.95243 457.6682 691.7473 498.9337 166.2929 23.62078 27.61006 44.01215 38.2757
14.01016 2.16791 4.098573 9.481575 12.05118 12.55049 21.17211 78.93239 133.564 90.23033 19.59892 15.60627 13.47088 7.003935 7.117058 6.92745 6.313296 10.17099 24.47232 35.48272 33.73452 45.43634 108.942 142.0338 88.36731 87.9214 27.02952 27.02952 27.05589 33.42195 34.99586 34.79187 35.2734 39.53559 41.42637 47.94235 55.77893 56.11883 143.1013 63.88694 65.05224 50.85283 40.52492 39.93693 57.05083 41.48933 37.13392 41.45908 141.3881 268.7574 184.6687 70.24008 53.67462 56.14721 74.89058 165.1141 162.9351 62.89859 45.56802 51.04727 47.97344 109.5696 211.7267 66.15997 19.12229 19.41169 29.1862 29.51335 23.68182
24.11222 10.41386 15.98272 22.44397 12.19492 12.4653 16.62056 18.71428 41.97946 35.23454 16.7608 18.16458 19.00898 12.02934 6.428218 6.247165 9.267143 26.56341 36.77222 37.4796 40.18371 35.51191 33.39268 122.4291 100.8296 74.51225 40.48914 44.2559 58.28202 42.73933 37.9341 34.79756 37.94847 39.7608 40.40516 39.4373 33.52245 29.73369 57.27373 64.15063 66.52472 51.0396 47.60041 108.1529 122.9847 49.71925 34.4586 39.66499 167.873 279.5296 252.1949 61.85158 46.35146 31.3376 35.66901 49.6941 52.64618 36.01654 41.21794 41.12902 36.18082 18.06398 30.20745 20.45446 19.12229 14.45986 11.76946 11.76946 13.19831
23.24717 16.11157 44.41901 131.2574 16.92059 13.95248 13.89507 13.89507 15.00549 22.96185 24.0347 24.0347 24.0347 24.0347 16.35928 30.08081 43.25977 44.45217 42.21006 36.26541 34.2527 38.83354 47.14159 103.4248 78.59016 52.31638 55.41714 71.17786 163.8377 112.1658 40.22787 36.91741 39.75892 39.33999 40.48704 37.58657 29.93112 36.43857 217.0907 533.4357 191.18 77.30498 41.66727 95.27041 89.15596 36.45445 27.7674 36.43546 93.63768 173.861 255.3027 77.39225 25.10697 19.71211 19.10547 20.75749 33.17679 32.84316 26.49187 22.68888 18.39793 17.31552 17.43525 19.10863 19.17023 19.26786 18.2226 18.64841 23.85343
60.03527 133.9135 143.4618 110.587 45.9256 18.87411 15.96846 12.53411 13.06645 19.73908 24.0347 24.0347 24.0347 24.0347 21.6797 18.49146 24.8808 35.298 42.6229 44.45217 55.93258 73.19725 47.86651 52.05568 42.27105 42.20779 50.22366 160.7023 189.303 187.2333 101.2756 40.05044 35.87707 34.44362 33.00126 32.39982 102.2097 99.61305 361.8173 710.7114 275.3261 80.35785 34.06739 23.0167 24.30941 28.83807 27.7674 37.71385 38.53238 23.87217 44.92031 34.49671 22.02942 20.43802 18.93046 17.82546 20.06163 23.96473 22.8561 19.41162 18.20731 18.99244 19.34277 19.05892 19.48257 20.34681 20.88954 22.22346 23.9484
61.56835 115.6509 143.7833 98.47941 50.22047 20.40792 19.52301 6.13847 6.830749 13.69328 19.04287 24.0073 24.0347 24.0347 21.93121 17.8023 17.8023 17.8023 19.83502 288.1574 423.3821 457.0096 58.3265 52.0751 24.00712 22.14329 18.56274 134.279 92.97534 35.41744 93.71735 91.76405 33.04316 28.00257 28.63558 49.34456 101.6158 123.1412 251.717 638.197 82.60492 44.7151 21.23561 19.63066 20.06327 27.74825 27.7674 36.08908 39.45853 30.27087 20.43398 18.99654 20.00849 21.25526 15.71393 15.44043 15.44043 16.90488 37.82756 45.98494 31.73617 19.34277 18.97286 18.05805 18.00523 21.85533 38.38612 37.72217 32.79054
20.5509 31.50591 34.09053 39.77304 29.33311 28.76455 17.92763 5.376296 4.956116 11.169 14.4263 15.83276 21.28883 22.19448 22.60366 18.17057 26.98352 70.51086 355.5755 557.1141 560.373 254.2217 62.88956 30.21541 22.76368 19.80011 19.45663 26.4409 26.99689 25.71216 20.86536 21.13659 26.99525 25.91971 25.92689 44.79746 47.54875 44.98837 41.89449 176.7041 52.00255 53.01481 35.19984 31.14432 24.15011 52.2378 41.60655 26.01129 25.85889 25.17603 21.32436 16.93687 16.94031 16.27114 14.20068 14.58204 15.11545 19.14624 41.63783 65.27341 49.82802 18.34771 18.11886 18.42537 32.63205 41.49509 53.0031 70.3713 67.88542
17.56538 22.78781 29.84974 29.2396 28.93929 29.11592 24.72678 12.12102 4.956116 4.956116 8.671576 26.11404 21.418 5.685783 10.30219 13.05091 36.28692 48.70959 48.70959 203.8116 492.5326 384.932 64.80254 46.17028 24.07253 24.74352 26.09588 25.72689 24.8958 24.47225 22.60726 22.48798 24.29724 29.82198 33.84427 35.19315 35.3499 38.73476 31.22401 17.7321 18.73489 25.49047 35.57208 35.93968 50.09555 84.52034 79.12914 32.9614 20.12837 22.68612 23.412 16.12889 10.28761 10.43991 12.82805 12.82805 12.90214 13.14988 12.83836 46.24585 57.37444 25.17561 21.9615 29.90092 38.393 40.44941 55.41193 82.40733 69.9575
27.79085 20.1166 39.44344 34.05489 32.45621 31.72503 30.88797 30.60699 16.37062 10.16442 19.63964 29.84422 25.92146 9.894616 13.1199 11.2541 15.7945 41.01828 42.25113 155.6308 221.8077 179.3186 50.22522 46.55562 25.63757 24.54387 21.22653 21.8317 23.2 24.53835 27.43304 27.32883 27.58897 30.048 32.56414 32.40773 34.78489 35.19315 23.91346 12.63004 15.25805 26.16167 30.97852 30.85641 62.99622 82.21891 84.35663 34.98823 17.23726 16.29612 18.75126 10.10511 9.561437 11.04877 12.82805 12.62929 12.55857 15.16379 21.66267 25.17951 26.48129 26.02513 25.75341 25.66777 25.66777 30.76702 50.74503 54.67502 31.7632
28.2486 19.84224 29.88305 39.15183 43.20044 40.46084 35.23227 32.30319 25.94935 22.8687 28.87222 29.84423 29.84422 38.92025 43.79584 40.62851 33.49067 29.65199 23.42159 164.9444 217.6621 217.6621 108.0242 34.01015 25.39165 25.79421 22.91931 23.49575 16.28287 18.22233 28.39028 28.1032 28.53916 31.13337 31.63095 31.75777 32.56528 38.11843 33.05462 26.82203 21.04061 18.85704 18.37149 18.03987 16.34244 15.36278 42.36594 28.41822 14.53397 13.0077 12.5931 10.82312 9.561437 9.8542 10.4125 10.54949 12.21178 12.24542 20.30569 25.98927 25.9919 25.68677 25.66778 25.66778 25.66778 35.9787 54.93352 53.72965 38.9498
23.53235 21.31099 21.00242 280.8642 721.2533 294.9298 62.61512 84.97663 46.92956 21.12318 23.66665 112.3804 90.79119 26.67838 36.68152 57.87274 36.78522 29.79383 26.17599 103.8686 104.8003 151.4555 77.41995 33.07899 33.52216 42.47392 37.99775 26.0744 23.27724 30.08443 38.52824 37.18547 39.26175 40.24715 39.78511 43.02353 42.7404 36.00126 34.2645 34.33211 28.80961 23.30266 21.41748 19.52415 14.69216 13.48411 7.94247 6.866787 10.55241 12.58371 12.5931 11.8482 19.94123 21.32469 44.46352 35.71709 15.04388 19.84997 23.95823 24.61283 21.66926 24.91189 25.73012 25.74764 26.87611 37.13551 53.47504 48.03658 44.72575
21.5092 19.53341 15.37902 99.27393 772.3238 871.3729 241.4463 214.3697 89.2784 27.63038 65.37064 260.5164 278.6634 23.04415 27.76386 59.7015 56.86158 37.2742 23.1606 31.46904 43.63743 39.67965 33.60053 32.0803 34.86938 43.46988 43.9868 33.3841 23.41592 30.58625 39.80386 46.34194 45.28994 423.0154 340.4957 335.5885 276.021 30.5276 31.2892 31.10131 24.07599 23.22036 22.57996 22.30099 17.04798 13.4462 7.193427 6.961755 8.312899 11.31999 21.31489 27.20631 24.82138 180.95 776.454 228.1225 30.83276 28.76387 28.15945 16.23282 15.15427 15.19771 17.19634 22.78195 37.05988 48.18993 68.80859 73.73234 63.01558
14.2101 19.04161 18.08144 17.49027 236.8827 658.2518 302.2513 58.58434 49.76222 20.73749 80.44736 131.0558 127.8376 82.54926 23.85571 53.84127 59.70149 55.86079 34.14799 35.18788 43.33667 34.67657 29.66187 50.53946 92.05061 38.99715 32.91092 28.72593 23.38275 23.38275 42.66676 49.46722 209.6563 1171.991 1180.347 1180.347 844.1981 30.5276 30.5276 30.52222 27.63673 29.50005 29.81243 22.88806 26.12167 20.04971 13.73399 17.62522 19.07414 22.10788 29.71264 29.91841 27.81775 126.1031 569.2634 38.42687 31.07445 29.21219 28.57268 18.21543 15.50264 15.40037 33.26899 43.19594 43.82653 45.10294 49.71088 63.27247 76.22256
3.514538 282.0486 426.8642 387.8913 452.1034 472.9258 104.7044 89.42223 63.50779 21.60587 13.67634 13.73704 13.93732 14.54746 18.98729 30.88957 58.24216 59.7015 59.27895 36.30464 18.74537 9.88938 10.54976 16.9919 36.21463 24.26904 24.01544 23.52196 23.38274 31.12394 48.41976 42.5831 422.8207 1180.346 813.7102 216.2633 103.7637 32.27794 32.5251 46.48879 62.1247 49.42015 27.64541 17.87713 25.52987 23.68628 20.60135 19.69291 20.82469 22.68472 21.89636 27.79559 24.58276 18.20563 70.56904 20.37191 26.87897 24.62082 20.25134 18.11145 17.49914 23.55247 55.49521 98.7169 79.30835 65.92358 74.86559 73.2533 72.33459
5.846604 23.19614 137.7114 323.65 331.6815 334.9913 96.33464 94.47041 66.26644 58.80145 10.06369 8.35354 12.12222 13.93732 13.93732 23.97033 59.67933 59.7015 37.69417 36.66382 11.5345 10.25588 10.99101 11.01032 12.69875 17.95496 23.23889 26.57269 33.23168 40.57716 35.69727 43.02491 300.9279 704.5399 163.6473 94.99908 91.69004 65.44286 69.16992 72.39626 71.42284 31.70154 15.75982 15.75982 14.5248 17.57172 21.41486 471.6439 28.7716 22.63058 21.21473 18.8797 18.1389 17.93561 16.40693 12.91328 14.11694 17.52465 17.52466 17.52526 17.91577 25.76956 35.65031 139.4907 174.5582 175.5208 176.1147 137.7247 1088.996
20.53311 24.96098 24.17522 47.1325 66.26956 52.60018 32.23441 29.15144 18.37065 13.19997 8.82519 7.970552 9.817833 12.81146 13.88511 15.13005 32.53892 59.48305 56.30318 30.17996 15.12585 10.61095 11.01032 11.01032 11.01032 13.11227 44.92535 39.67602 38.94801 38.9524 39.71092 40.29906 46.1292 95.78167 82.67109 56.10895 66.00125 53.83378 58.9843 53.56337 69.43745 60.08094 15.75982 15.75982 14.45843 15.92516 21.49567 20.23322 20.47972 22.33139 20.65869 18.5934 18.31173 17.93561 17.60202 13.05104 13.07582 16.83875 17.52466 17.76719 18.5229 18.5229 24.82901 36.21733 99.96084 176.1147 171.9607 245.1658 1559.72
