Scenarios/Heterogeneous/data/country_data_population_distribution/processed/density_grids/rou.asc
ncols 233
nrows 126
xllcorner 20
yllcorner 43
[rows 62 to 92 of 126, columns 138 to 206 of 233]
1570.669 1072.11 86.54262 69.1215 60.41526 61.98662 63.73233 64.09007 42.78011 65.92862 69.69798 36.30462 35.55207 36.96379 28.61705 19.47127 17.1921 15.89741 6.868637 6.868637 6.868637 6.868637 11.48377 21.59315 21.24611 25.23806 25.50677 25.25063 28.49612 35.78986 24.52855 18.86559 19.85915 33.88683 67.53572 78.9893 79.87981 146.5685 287.2334 89.01262 89.19313 75.6925 78.65459 70.58666 60.87725 73.55087 84.4537 85.50636 86.44563 87.37957 83.13099 72.95401 78.70412 78.7135 73.76144 29.9451 28.88661 55.02075 54.98364 47.32325 45.71545 56.29335 0 0 0 0 0 0 0
1345.369 658.4395 90.41354 88.15929 61.88164 60.35141 61.18586 55.0905 20.62241 18.84817 20.6013 28.01297 33.18938 32.98683 24.73995 14.03012 15.74993 9.96112 6.868637 6.868637 6.868637 6.868637 11.40809 36.29947 27.93057 29.15892 31.29909 29.66584 30.58225 32.76603 43.35876 40.18961 31.11335 19.69199 54.27324 102.7827 88.69548 85.55234 22.03814 37.05389 58.94538 65.82476 56.82298 51.75357 51.75356 42.44641 69.00732 86.1536 82.87334 83.15329 73.63024 59.78936 72.04315 84.14751 78.79693 28.88661 28.88661 74.21571 88.99996 441.4373 0 0 0 0 0 0 0 0 0
164.8243 85.08743 90.41354 90.41355 87.34132 78.80356 69.38161 63.86937 57.5596 23.47518 18.84817 19.59622 28.43923 18.34634 15.30238 13.34604 13.31972 11.1415 6.968044 6.868637 6.868637 6.868637 22.38987 35.2029 25.19396 32.32331 35.31391 33.78125 29.91542 28.97274 30.80438 41.58393 46.70642 47.15751 51.39118 111.0862 124.9099 153.1404 76.92687 40.34859 33.71812 43.47594 45.53009 49.14614 50.12629 39.04808 61.39018 75.13785 70.3489 74.16733 74.02711 69.05634 59.7659 65.33762 73.01237 32.18005 28.88661 79.19637 89.50997 871.0149 1018.627 0 0 0 0 0 0 0 0
41.35654 45.04251 75.08756 90.41354 90.41354 90.41355 90.41354 83.72964 72.57287 63.20259 19.87296 19.69949 21.39493 15.39103 13.34604 13.34604 13.34604 13.29921 8.066101 6.868638 6.868637 8.729649 31.5496 36.32098 26.7398 26.93758 32.73077 36.8562 33.03559 23.90758 42.77316 49.16122 56.02551 80.32681 130.9314 106.8962 101.5876 74.37253 59.88808 46.40285 37.87867 37.82608 33.16533 28.41179 26.8489 31.98835 38.20479 28.56409 28.01025 39.05606 74.29474 70.43533 60.76627 59.92652 72.12344 39.77276 32.40229 88.7678 131.5299 1042.104 1042.951 845.1988 0 0 0 0 0 0 0
41.32492 47.99862 48.67493 72.27538 66.50511 79.66927 90.41355 62.31277 40.65133 40.65133 33.92073 31.3383 33.6629 25.82322 20.36024 13.48711 13.34604 46.72235 33.7514 6.868637 6.868638 30.09236 38.7377 31.08627 31.71881 24.76159 35.56424 41.84167 37.27041 28.45923 29.70302 55.50494 56.55924 57.90142 155.0533 180.9522 165.3656 143.9284 48.47007 44.0373 40.50632 34.24456 27.20974 26.17451 26.10701 26.10701 25.37661 22.87427 24.97783 30.60258 57.50366 59.22014 55.72427 60.50126 67.25488 60.05896 168.4211 871.9976 631.6653 1039.157 1042.951 1042.951 0 0 0 0 0 0 0
49.76182 49.47048 31.69786 20.00964 20.00964 31.73744 72.40216 46.60218 40.65133 39.53021 35.7767 35.74606 41.31197 34.69807 24.69027 47.34557 69.09785 83.25974 60.97568 14.95346 20.23812 44.86646 43.80523 19.30327 18.25075 27.44715 36.997 41.28728 41.43809 34.59007 24.00939 28.19757 61.51421 56.00395 57.53055 117.5064 428.6322 110.3499 42.75752 41.38822 35.33621 29.25232 29.10645 26.37196 25.94864 23.67477 21.06524 22.01644 22.85468 23.00388 33.79598 39.57413 54.16893 57.89393 58.53641 68.75613 169.9593 983.1057 1042.951 819.5709 468.4314 734.7735 727.2144 21.69032 0 0 0 0 0
95.75651 20.78469 20.4722 20.00964 20.00964 20.00964 28.57371 40.65133 40.65133 40.48084 36.89896 36.13157 41.44194 37.64504 25.1487 36.31203 75.887 83.2705 69.48929 29.15863 28.9652 34.49427 29.79018 23.5477 26.6493 28.37187 29.47734 41.63134 52.82003 51.48347 34.83697 37.66463 79.19724 72.21004 134.6519 540.9531 466.3684 84.93932 38.50285 37.97875 34.65905 31.55386 29.484 29.0466 24.62079 20.87097 19.56369 17.50861 22.33495 19.48558 22.59941 20.49037 13.67589 29.27942 34.04187 25.79194 38.86847 455.2144 373.7844 25.74888 36.57283 39.24749 22.91609 14.69918 16.19643 0 0 0 0
99.06879 23.92637 20.00964 20.00964 20.09639 24.30312 66.93333 46.15974 40.65133 40.65133 37.34396 35.95486 42.18171 41.28825 32.50625 25.24644 63.42193 83.51879 83.5626 72.29622 40.21214 34.15973 31.49557 38.61818 52.47121 29.62837 31.37413 46.76481 55.09875 56.05296 59.86054 42.24491 59.37875 86.18235 89.88254 249.1301 164.4214 90.35021 41.38662 33.77824 33.88843 34.70593 30.85846 29.09728 20.55873 20.66335 19.90407 11.22642 11.61393 11.16569 15.8774 21.4793 12.67893 12.33631 21.20051 23.40871 23.40871 23.40871 20.15258 17.10506 18.6021 43.60173 39.57771 32.01481 21.11311 33.012 0 0 0
109.2741 47.65262 21.56345 20.00964 21.05228 47.61195 64.08284 80.30935 62.17785 42.74782 39.08606 52.04955 55.41669 47.1037 45.5137 50.29191 65.79584 83.0404 77.40707 46.01742 46.03818 43.12193 70.97923 86.75531 102.049 105.1966 105.0057 88.58917 69.90636 49.66368 63.08588 57.00323 55.80115 76.08472 85.30253 78.23003 57.47109 45.49632 39.59682 32.01049 32.01477 32.31311 32.19597 33.69522 20.83537 20.70272 21.92493 16.60193 17.31397 22.02884 20.52973 21.92828 15.60791 12.34462 25.49564 43.90833 1212.545 1614.238 12.97463 12.56433 19.70265 41.80882 38.2943 33.29415 26.85803 26.85014 0 0 0
123.1712 115.9884 42.68851 23.20894 34.43663 55.65405 51.36879 69.65405 119.6653 89.87363 80.92015 86.07849 78.46629 67.4565 65.72693 64.60844 68.15502 74.87153 72.34801 46.70696 49.30953 72.2267 85.20119 81.18267 107.5797 116.0859 95.35897 94.86514 72.02803 56.55107 65.57954 65.95595 65.79245 60.33935 46.99973 46.98691 47.07746 46.78769 42.11972 37.21156 32.52173 33.56772 34.27873 35.17964 30.74811 35.74086 25.07862 22.2721 30.78252 32.95457 27.05836 22.36647 17.62198 15.08704 71.13718 193.3466 3427.087 2277.291 17.98358 44.79192 89.86969 88.48612 61.33839 33.54462 26.858 26.858 32.18066 51.37524 53.0219
144.6919 182.9356 142.6301 103.4261 109.4229 92.25433 82.65435 64.17941 135.754 122.2253 117.3105 99.24667 86.24854 57.28541 64.67686 70.87431 70.32018 68.97846 69.04478 67.34526 53.50161 48.55885 48.03518 49.50176 47.41708 81.20944 87.29484 97.00694 113.8005 174.3464 81.41946 67.70683 65.71716 58.59151 54.98932 53.13322 50.02273 41.10409 36.70819 33.63927 32.31442 32.62431 33.36397 48.31313 52.39325 56.66777 55.99131 35.88617 43.49865 47.09846 28.77637 24.04319 23.80627 24.03816 46.46789 153.6968 1183.075 155.7172 5.334739 2.795352 14.1111 124.7026 118.1203 46.6861 29.33007 25.59424 24.49076 47.30828 46.57103
138.9671 290.6865 258.3616 301.9714 174.776 116.31 92.88241 85.91576 142.3033 139.2785 334.3495 464.9027 111.3723 88.81999 84.39358 72.87997 52.46218 51.62792 62.53286 78.023 52.14859 43.31999 42.96977 45.27852 43.36403 70.07015 85.66882 277.0626 550.6061 412.9077 119.0726 100.0075 96.6595 73.73442 56.27191 58.83981 42.883 36.00299 42.83756 34.14067 30.38617 28.8108 29.02416 30.56043 49.47455 50.62765 53.27926 49.18653 48.61835 43.46181 19.42499 18.38189 18.39188 39.77852 57.68386 614.9852 336.2949 42.02569 7.091526 3.681668 31.90534 70.34061 62.95281 49.45692 40.72325 14.99096 9.560663 17.06619 40.95538
83.02268 170.0101 252.3935 934.2957 589.6024 127.9905 100.2619 90.4095 112.8142 142.4512 166.7105 151.0544 100.2221 73.2206 76.64749 88.32839 72.11972 101.4321 121.5115 67.56581 34.74018 39.77501 51.05769 54.70982 59.93904 62.92045 66.00292 383.744 971.699 1296.87 1110.85 256.0777 99.3291 54.92552 44.46644 44.11295 36.66931 42.59544 52.92144 50.7298 43.98346 34.47554 26.64829 26.29434 47.86189 50.12789 50.1279 49.72361 25.3556 17.75556 17.7582 23.35016 20.78141 38.81741 78.28933 82.7886 180.2138 17.64876 6.933764 3.374741 2.795352 7.946609 42.40868 52.20673 44.16555 41.12408 10.80161 10.13663 28.83382
62.24954 81.1946 117.9423 462.2607 310.1421 136.6126 130.7798 97.86166 99.43452 124.9188 151.0165 153.2041 104.9543 98.4061 118.2744 105.3713 81.47935 61.69353 71.50853 56.61372 23.76015 37.54607 50.67702 54.13463 57.59738 67.70771 63.05617 63.70142 519.9071 601.825 764.9534 563.7057 87.12075 45.57064 44.46644 43.57755 38.99841 35.62474 33.69581 82.18865 71.2658 55.91726 31.4606 25.91944 35.46334 50.1279 50.1279 36.02748 20.16568 18.54752 18.28949 29.46854 30.73771 30.56718 32.31355 41.40421 22.30072 7.095692 6.220625 2.795351 2.795352 20.60059 52.35364 33.47127 13.907 13.69188 12.40596 9.65059 20.35187
69.23006 73.20857 93.7337 112.5166 156.2988 233.5835 202.4286 173.2731 343.8049 283.6039 249.5309 221.7757 109.9253 74.71782 89.26421 86.09125 83.47657 87.54124 73.93727 65.5085 55.00791 42.55711 48.19507 49.67919 65.04963 72.38572 66.76578 67.93825 76.3623 65.99618 57.93468 56.47523 49.65027 49.10883 36.91463 35.2661 31.17853 30.66529 28.08642 16.77481 33.04718 30.74662 34.83108 27.60331 38.05064 48.0426 41.84652 27.31114 26.8484 31.26889 34.86898 45.15666 37.35629 42.8995 33.83876 27.07757 7.33768 7.095692 6.30342 2.795352 2.795351 29.9813 31.27213 15.04427 13.69188 13.69188 13.40271 9.971827 19.51997
162.4856 151.9888 160.5341 160.4958 181.8828 221.6163 250.6108 254.3017 209.1959 136.1468 294.9693 260.8315 132.2638 49.20723 64.87201 146.5943 171.9671 125.4048 86.21555 103.403 324.2029 275.1018 43.63263 42.44401 50.08971 69.19126 60.49194 77.02302 68.2248 61.709 58.66533 58.06794 52.13071 49.14437 35.91891 33.76961 32.00973 30.70635 29.35776 25.282 15.0261 25.50398 31.19743 26.36311 25.56766 28.5359 32.95326 26.84818 26.85164 40.04062 48.76367 49.66819 58.53663 56.16428 23.44721 20.4003 8.208189 7.095691 6.121485 2.795351 2.795351 18.75626 22.90502 13.91714 13.69188 13.44973 13.62018 15.01151 23.47789
372.7107 443.8762 284.3724 197.3226 199.041 149.2945 112.2838 111.5548 101.5016 322.5243 733.6028 361.2682 206.4428 177.9601 173.5026 208.1962 182.0845 102.5228 89.75986 75.32718 198.6866 183.1776 49.67865 44.80047 40.15809 37.50469 37.25963 39.28061 52.73018 60.35651 58.32726 58.32726 58.32726 49.64337 31.78202 31.78202 32.0876 33.15987 32.69106 33.4032 31.6514 32.87806 27.51324 26.60526 28.62598 29.18863 29.97614 27.2299 26.85202 35.43659 46.57445 51.85181 61.80384 37.67364 13.29725 13.29724 8.680449 7.095692 5.858223 2.795352 2.795352 15.9922 23.40531 15.11412 11.43995 10.17044 11.23756 10.82198 10.97565
162.9026 126.6553 140.3545 166.2892 166.0687 167.5813 99.42641 104.9637 1228.611 2065.029 3284.772 2858.6 653.9301 187.2842 140.78 106.3837 99.76611 94.52002 80.52723 76.2393 52.90012 45.71737 44.50998 38.61846 36.2681 54.11373 52.60094 42.72717 38.99955 55.86319 41.19617 40.38465 55.63718 54.04081 49.12398 38.11257 31.99319 33.47071 33.61798 33.63123 33.42164 33.33261 27.78048 27.39265 31.33678 31.31183 30.02488 27.40899 26.85202 26.85202 23.81541 36.87844 38.73592 15.15058 13.29724 13.29724 8.830041 7.095692 5.450363 2.795352 2.795352 28.17976 29.36505 14.20921 10.11016 10.15041 10.23429 10.63159 10.75689
142.7383 119.3866 118.4642 124.2035 121.3315 95.74644 96.16174 149.946 174.2585 827.8181 1224.61 787.8733 187.3525 142.1435 105.4368 84.06688 84.57549 76.53219 67.46042 59.97863 48.3761 46.37316 46.15959 43.10981 37.08918 61.97971 68.67477 42.30767 34.64354 33.82455 31.29154 39.54131 53.49561 53.91641 53.91641 43.05896 20.79419 29.23885 31.22614 33.53793 33.33614 33.40855 27.88851 27.07092 27.5489 27.85811 27.58147 26.8556 26.85202 26.85202 26.12347 16.90545 16.42495 13.29724 13.29725 13.29725 8.114534 7.095691 4.320083 2.795352 2.799196 25.19225 28.86774 20.40652 16.67105 18.81374 20.07836 19.71617 11.93655
126.9055 117.2219 119.7781 115.1141 93.03695 81.15716 84.82956 131.1765 151.1902 162.6862 162.7831 197.0183 175.4495 114.5779 87.47677 74.60033 57.02421 52.2686 52.3794 71.56566 69.02792 65.42847 47.67068 51.32562 63.86361 69.89975 56.20865 39.23558 37.15131 33.94381 35.0601 32.6204 36.41655 42.15565 43.86525 23.43738 20.03008 20.03008 20.03008 28.85668 33.22984 34.26735 31.73047 29.33979 27.23145 27.3121 31.25239 29.9895 32.49207 31.52098 22.64457 21.53781 19.59885 13.44859 16.47387 15.60383 9.650259 6.873837 3.585835 2.795351 11.32615 16.38985 16.65871 19.26204 21.43842 20.3138 21.44273 21.35453 16.27539
126.7884 130.5679 104.7498 75.98838 82.21205 81.00912 97.36546 98.29132 94.09286 101.1409 132.5823 148.9196 150.2522 134.1657 112.927 64.43371 52.38198 52.29365 62.50225 77.37011 72.26708 51.33476 58.96083 81.78387 111.3689 69.52039 45.64055 41.77256 41.82885 39.22498 40.77143 36.44931 33.12968 31.85272 28.40863 21.95988 20.03008 20.03008 21.2443 31.58174 33.23921 34.1134 37.19433 34.46489 32.00001 35.5287 36.57238 36.64539 42.78323 42.24025 36.27181 26.47667 20.37363 14.28982 21.53781 17.14456 8.520876 6.82548 2.795352 5.393745 17.42597 17.84653 16.40071 13.4001 9.952576 9.868346 17.3466 20.38358 20.06637
81.57131 89.62833 58.41335 65.74324 73.67707 78.19785 102.8918 103.5379 94.49351 94.29833 104.5356 135.3681 131.5653 84.97612 89.87049 81.96614 58.41169 59.42694 60.99722 67.72157 57.20605 56.71167 65.5228 101.7886 119.9728 184.9013 185.0238 66.43759 46.27103 43.59451 37.52034 38.00187 37.84127 24.49775 33.93865 37.07779 28.36139 27.55785 45.88563 42.95219 42.65556 54.15371 59.27158 47.2752 43.64797 42.03513 35.66338 81.52779 93.42593 68.88583 39.19691 37.14786 18.28706 11.63785 14.87024 54.49983 66.39282 42.46061 11.67757 21.37943 24.5146 22.34227 14.67333 9.662726 8.906306 8.906306 8.906306 9.561432 9.315647
52.22557 25.21538 25.11063 33.95061 52.79047 138.9374 250.2992 128.7419 102.2182 121.0379 118.1312 136.2654 147.4472 122.5646 131.5562 137.0314 107.8195 74.96388 68.76338 69.56226 62.95289 53.52361 47.18626 109.7041 182.8029 254.7591 162.1591 86.92631 54.7891 43.93617 35.90315 35.69709 28.1679 41.39541 40.41018 35.67607 28.56442 27.3799 36.77073 51.54563 42.89957 44.29434 45.99528 79.97517 48.7752 43.82568 34.65922 42.88237 112.3823 96.95541 42.11177 33.77192 21.19983 11.19591 12.31236 93.06018 92.76718 65.35729 39.94089 34.68147 21.46658 11.50509 11.18687 10.70737 8.91025 8.949031 8.906306 8.906307 8.913345
143.3528 90.52248 84.17091 87.72327 90.41325 108.2637 120.4375 60.55435 134.2617 147.8389 123.3185 121.9906 122.2145 110.5649 106.5407 131.933 145.4814 103.6062 84.10812 85.35389 67.17664 62.23151 84.16681 108.4799 133.2635 116.7812 81.86644 56.89998 77.57438 58.6467 26.81789 25.3233 26.83824 53.1225 57.71683 41.87267 31.09443 30.04314 34.79133 39.06086 70.87447 87.44945 89.37894 256.6146 58.52708 48.43024 36.28247 35.77771 92.42404 100.8565 33.80342 33.77192 26.01255 11.19591 12.09573 24.25689 68.75934 71.85493 62.88697 43.82023 26.25815 12.70668 13.05529 10.57967 8.24185 6.654926 6.067256 8.586538 9.64969
193.2839 131.0989 96.84076 87.74047 86.8556 100.0919 99.0388 106.0039 159.4374 132.8905 155.5605 151.3181 167.9575 138.1422 122.2253 130.0149 132.8206 139.8237 111.2996 84.83904 70.82931 70.94974 84.34877 89.54665 59.37503 32.65575 34.93562 44.29564 50.12577 28.15265 26.54525 20.59225 37.39907 56.8331 55.58582 50.20537 33.3159 32.10478 34.05348 37.30322 78.4632 109.6664 188.5054 299.2686 48.05643 51.06358 40.41871 34.3596 79.37444 102.6999 77.52348 37.53864 30.71866 18.35744 16.11511 17.83518 21.73508 28.37147 76.66355 93.9514 22.29644 16.1044 5.747634 4.771835 3.91543 5.162205 3.91543 6.98441 10.51687
179.7637 158.7059 132.3428 111.3046 101.0858 103.2262 115.9919 137.8118 152.4829 308.8497 287.9853 240.0346 251.1563 180.1814 122.2893 114.895 108.5245 79.86266 75.15432 50.46639 42.89987 61.67064 75.33868 74.60143 40.1226 81.70995 146.7021 21.64458 20.36671 21.26185 21.45403 19.48239 34.81932 52.09882 41.80389 32.71083 38.83028 43.5 35.48997 39.52368 43.7506 187.4519 283.5168 320.7651 64.42573 52.49905 41.43828 32.74811 33.33234 36.02289 43.3321 37.18804 19.17654 16.71753 17.44655 19.49477 22.02577 22.0497 27.97441 52.08331 15.86494 13.74246 4.356285 5.338208 7.459337 16.35486 12.58842 10.12048 12.40851
162.7811 144.0866 132.7051 109.7173 104.3279 101.7954 100.2858 337.2303 439.9016 473.7398 358.3608 500.4302 474.1181 237.4515 233.0422 179.3218 153.0397 92.84663 67.99624 37.04009 228.5368 967.5624 511.4956 23.87773 31.05486 650.0009 813.2342 237.3233 104.794 20.27379 24.74485 30.48916 36.74717 32.3875 30.76125 30.31814 32.55128 37.10009 41.21684 39.07962 39.47925 198.7598 303.7547 317.8994 117.4029 40.7188 46.55279 367.4501 32.8563 33.48014 35.66716 27.33863 18.47315 18.88171 21.53562 22.0497 22.0497 22.0497 23.50022 24.91994 19.10138 13.71678 13.42598 13.42008 14.21124 16.42054 15.84577 14.78726 11.52133
109.4756 101.0909 176.5924 184.6568 155.0709 171.0179 128.699 186.4076 455.5511 817.3895 1573.608 2744.335 2220.1 1209.753 588.9698 166.6088 151.4629 147.3757 140.0957 355.373 1052.108 2086.596 2614.953 2113.274 1273.979 1253.754 1315.232 1146.261 1045.596 994.9108 1260.761 1847.351 2229.69 1905.843 559.5765 463.5634 107.1304 27.20575 76.66389 205.5729 106.3025 58.75879 584.0604 426.1945 49.77713 36.72591 592.3168 855.7487 32.82878 33.48014 26.40377 19.76634 21.9475 21.83284 21.41468 21.20629 21.47061 21.78091 21.77847 24.66466 25.17971 16.38694 13.42623 13.42623 13.44721 15.20223 13.93808 12.17167 10.84381
87.89146 110.2111 208.5328 201.3544 181.2307 173.6104 176.719 162.1411 257.7129 2898.369 5204.127 3329.014 5770.691 7180.635 1739.438 502.2677 394.033 268.407 331.8869 1372.144 1527.928 3074.732 3386.13 3283.028 2906.122 1377.338 1315.232 1639.437 1894.648 2417.398 3003.975 3421.252 2570.61 2302.287 2162.286 2162.286 1199.019 950.5167 839.979 992.5607 988.2338 1318.784 2126.731 2268.639 2014.301 1837.072 1227.012 915.9783 813.4085 1003.46 19.8305 19.62134 20.62876 20.95795 20.78902 20.97235 20.97235 20.97235 20.97235 20.98286 19.6088 13.42625 13.42623 13.36474 13.32401 13.33842 13.65268 14.18422 13.67483
78.45908 80.96313 242.8709 282.6462 259.7532 182.8598 198.8261 275.8186 484.3179 5227.853 8419.72 7849.609 8773.603 10965.91 8233.197 2109.631 484.0556 478.1452 322.7419 1244.396 2597.683 3579.099 3397.077 3351 2788.414 2349.527 2046.11 2391.365 2625.314 2986.665 3658.247 3309.948 2133.714 2162.286 2157.992 1962.583 1390.886 1125.542 1182.077 1132.946 1165.172 2351.875 2377.26 2377.26 2150.909 1196.507 1196.507 1196.507 3282.732 4803.336 107.2646 202.9638 272.0972 200.9072 20.98348 16.11365 15.78868 17.73161 20.20668 20.97707 23.19227 20.78069 13.33309 13.55161 22.34262 29.25521 28.94068 26.78253 21.4635
47.7915 60.82788 55.81995 107.5724 124.1697 115.2637 226.793 301.7584 334.9376 1974.612 4841.657 8319.318 9497.639 8563.075 6018.755 1206.982 886.1243 1985.114 3442.078 4014.408 3873.097 3081.392 2572.549 2848.346 2476.685 1692.276 1141.707 1285.097 1931.958 2319.835 2413.85 2194.363 1943.613 1981.781 1841.902 1563.285 1502.165 1365.61 1369.723 2030.963 1566.172 2157.999 2330.378 2377.26 2137.975 1196.507 1196.507 1197.565 2037.713 1700.042 1076.129 969.2482 371.1185 297.3922 242.9317 12.94573 12.9071 12.9071 13.3989 22.63585 25.06369 20.09231 14.3234 16.45583 29.33182 34.50172 34.50172 34.50172 43.53031
