Scenarios/Heterogeneous/data/country_data_population_distribution/processed/density_grids/rou.asc
ncols 233
nrows 126
xllcorner 20
yllcorner 43
[rows 0 to 30 of 126, columns 138 to 206 of 233]
0 0 0 0 0 0 0 0 0 0 0 0 0 0 0 0 0 0 0 0 0 0 0 0 81.9663 37.67974 34.80068 33.86427 38.77463 35.98325 53.11777 0 0 0 0 0 0 0 0 0 0 0 0 0 0 0 0 0 0 0 0 0 0 0 0 0 0 0 0 0 0 0 0 0 0 0 0 0 0
0 0 0 0 0 0 0 0 0 0 0 0 0 0 0 0 0 0 0 70.48059 66.28366 55.53171 79.51859 87.73385 87.99193 57.01156 44.812 35.96159 36.36405 35.46588 35.41486 45.98499 55.57969 0 0 0 0 0 0 0 0 0 0 0 0 0 0 0 0 0 0 0 0 0 0 0 0 0 0 0 0 0 0 0 0 0 0 0 0
0 0 0 0 0 0 0 0 0 0 0 0 0 0 0 0 0 0 50.16901 43.89184 45.48183 54.07095 55.85657 60.16013 72.74026 86.02547 86.38998 55.17049 37.58378 34.45982 33.33646 32.94047 32.93644 54.11016 0 0 0 0 0 0 0 0 0 0 0 0 0 0 0 0 0 0 0 0 0 0 0 0 0 0 0 0 0 0 0 0 0 0 0
0 0 0 0 0 0 0 0 0 0 0 0 0 0 0 0 0 55.68496 59.47634 53.54154 47.00187 44.75577 50.49527 55.05637 52.39079 55.21941 48.41698 58.49579 41.06442 33.65415 32.93428 34.12046 35.28275 33.90001 34.09222 0 0 0 0 0 0 0 0 0 0 0 0 0 0 0 0 0 0 0 0 0 0 0 0 0 0 0 0 0 0 0 0 0 0
0 0 0 0 0 0 0 0 0 0 0 0 0 0 0 0 49.8642 48.04409 70.86001 74.22345 59.9631 49.89497 49.27464 48.54846 45.40246 45.09053 44.77461 43.66115 42.27021 39.62196 35.94539 40.11349 43.48602 42.10504 32.71758 39.87202 0 0 0 0 0 0 0 0 0 0 0 0 0 0 0 0 0 0 0 0 0 0 0 0 0 0 0 0 0 0 0 0 0
0 0 0 0 0 0 0 0 0 0 0 0 0 0 0 61.59732 52.94308 51.61781 50.58582 102.5008 158.4113 178.6373 59.66891 44.20201 41.868 50.82613 51.02821 47.24662 50.93022 40.45295 41.30621 45.13614 43.4911 43.23324 34.89889 28.00503 39.68133 0 0 0 0 0 0 0 0 0 0 0 0 0 0 0 0 0 0 0 0 0 0 0 0 0 0 0 0 0 0 0 0
0 0 0 0 0 0 0 0 77.14207 0 75.73463 140.4426 133.3996 90.80632 76.70476 72.36813 62.11674 55.93081 115.0392 355.1337 316.8729 183.9861 59.06927 43.71577 42.61414 61.74888 62.9461 55.97712 53.49528 76.56261 106.3787 96.69637 69.9571 42.66314 32.46746 28.00926 28.00503 31.38897 0 0 0 0 0 0 0 0 0 0 0 0 0 0 0 0 0 0 0 0 0 0 0 0 0 0 0 0 0 0 0
175.9259 230.915 248.5868 153.9738 119.8273 111.3513 99.94222 96.45686 79.20585 64.78372 146.6488 136.4586 137.5409 82.45016 55.99594 59.94331 71.84508 63.53717 56.89154 267.5627 157.0777 61.31616 40.72826 38.40989 39.42966 51.14428 52.85795 46.0145 46.61936 77.71746 84.07102 64.10282 42.64537 39.45106 34.55736 31.00327 34.57728 37.87243 0 0 0 0 0 0 0 0 0 0 0 0 0 0 0 0 0 0 0 0 0 0 0 0 0 0 0 0 0 0 0
26.76578 140.1065 181.9151 142.6162 162.971 110.2713 105.5544 109.4778 109.8924 115.4086 102.3384 74.10258 82.72516 81.17119 63.7154 50.84902 46.64384 50.82437 41.40497 32.27089 37.31996 31.52544 34.08571 34.89926 43.72758 49.92295 46.0308 44.95781 44.95782 44.95781 43.94466 42.2428 36.22573 34.89439 34.76118 31.85507 31.81195 36.43115 39.92072 0 0 0 0 0 0 0 0 0 0 0 0 0 0 0 0 0 0 0 0 0 0 0 0 0 0 0 0 0 0
25.09698 28.11523 149.6898 117.9804 95.81705 79.53571 79.53571 456.887 642.5498 267.1083 123.5167 82.81835 90.05245 68.11124 51.69597 60.78437 73.72317 51.52983 38.53938 32.43515 34.86873 38.43481 45.60463 61.05732 62.12294 53.61154 52.36146 44.40719 42.71351 43.09945 39.28897 34.55264 33.6443 36.61125 42.54565 39.18523 34.28233 37.60582 42.20075 48.80254 0 0 0 0 0 0 0 0 0 0 0 0 0 0 0 0 0 0 0 0 0 0 0 0 0 0 0 0 0
25.09632 26.07558 51.92067 51.03878 80.4631 102.9485 115.4242 236.4309 295.0734 165.176 129.5955 82.55486 85.35673 85.71461 76.74258 83.75426 84.99016 76.20836 45.18721 46.5429 58.05909 51.41963 61.86861 70.83669 67.75573 422.9545 57.9251 57.10927 40.64503 39.61061 38.26091 36.74596 36.71434 42.63097 47.16893 42.97542 43.527 45.98438 47.08569 48.26606 0 0 0 0 0 0 0 0 0 0 0 0 0 0 0 0 0 0 0 0 0 0 0 0 0 0 0 0 0
22.49372 27.67129 28.37993 54.25344 98.93867 100.4146 101.1036 128.7853 119.0419 148.5736 131.6746 84.07274 91.06702 101.6091 98.99281 78.41016 98.31068 87.99995 80.74318 76.36277 84.26436 82.21108 75.50779 73.76633 208.8717 1441.763 532.284 129.9927 60.44557 40.98464 39.39467 39.29337 41.62704 47.7185 47.63418 46.48312 46.2748 46.53334 47.08569 47.08569 47.64397 0 0 0 0 0 0 0 0 0 0 0 0 0 0 0 0 0 0 0 0 0 0 0 0 0 0 0 0
27.12267 27.65084 29.05328 87.17799 86.7514 66.21587 66.75163 85.63042 108.4966 191.5419 155.5835 82.86237 94.5067 101.0989 108.3754 156.848 171.8114 115.9588 78.34555 69.43258 80.80214 71.94956 67.97472 71.51095 80.52853 967.6657 2155.301 1163.319 78.07592 67.34772 39.72477 38.67178 41.57439 47.71849 50.79544 57.20797 51.3564 46.76592 45.04972 39.9308 45.22449 0 0 0 0 0 0 0 0 0 0 0 0 0 0 0 0 0 0 0 0 0 0 0 0 0 0 0 0
27.51227 27.75827 28.88041 32.38377 42.92799 56.83722 56.82147 61.62223 125.8172 183.3641 101.4475 76.55099 78.99364 112.3827 154.1741 1100.338 1363.713 911.6777 120.7677 100.2122 137.069 116.9107 70.28965 76.14558 79.10145 72.72552 141.0678 129.6894 64.53861 64.57491 49.85799 38.97823 43.19394 48.64707 59.66296 60.8872 60.89529 60.3997 46.37755 34.81123 36.84245 0 0 0 0 0 0 0 0 0 0 0 0 0 0 0 0 0 0 0 0 0 0 0 0 0 0 0 0
27.59848 27.7692 29.14652 33.0714 34.10955 48.90962 56.12423 60.35782 62.42433 73.52723 72.37446 56.23734 81.65749 138.778 153.4901 773.4371 1463.479 308.7668 151.9945 152.5493 151.3223 147.1471 113.9218 84.88908 84.59979 78.03054 56.43462 54.11291 53.02567 58.71534 63.31775 49.27238 47.9066 51.4931 54.24961 58.11659 59.46762 54.92636 46.12792 39.83728 46.27047 39.99234 0 0 0 0 0 0 0 0 0 0 0 0 0 0 0 0 0 0 0 0 0 0 0 0 0 0 0
27.73763 28.82288 34.52085 36.23583 35.37386 31.74741 31.48089 50.78061 67.93863 58.49704 69.99998 72.0816 76.25346 89.40488 126.4894 224.9614 295.9328 165.4144 122.2924 119.6681 125.9279 123.3523 109.7613 86.51257 83.66069 77.89711 56.33301 52.81643 49.41837 57.90757 80.42305 73.91532 60.54454 58.06493 54.27748 55.79137 56.44037 47.40026 47.11834 54.64464 55.59785 47.49768 33.95656 0 0 0 0 0 0 0 0 0 0 0 0 0 0 0 0 0 0 0 0 0 0 0 0 0 0
43.5522 35.73146 36.23583 36.23584 45.84429 66.66622 145.8466 146.2073 131.1302 106.0488 95.06176 64.0416 63.23397 80.91886 79.56493 93.7841 124.1798 124.9295 90.9519 86.35941 89.60343 94.77857 109.6852 100.0931 83.1039 83.1039 75.0714 53.61296 51.69611 71.48717 82.73029 84.51887 85.63631 83.82362 73.9363 55.75661 49.72356 46.39051 50.00607 50.7489 47.4514 46.18825 47.01984 49.99569 0 0 0 0 0 0 0 0 0 0 0 0 0 0 0 0 0 0 0 0 0 0 0 0 0
116.7193 76.92226 36.0301 51.39898 62.12922 67.04623 158.3551 98.70496 47.54495 70.75537 137.2252 93.74361 64.51322 55.67524 53.66858 66.59512 81.52834 81.91491 72.74612 65.44625 63.38504 105.0832 122.4066 107.9057 76.42325 66.7149 65.7029 61.80932 61.28499 62.25377 61.1865 61.3058 70.2399 81.74219 84.97912 78.12855 61.64433 59.02877 54.39422 50.02953 44.53785 44.29749 45.99865 49.86696 51.6506 0 0 0 0 0 0 0 0 0 0 0 0 0 0 0 0 0 0 0 0 0 0 0 0
126.0019 75.03165 26.63253 27.07438 44.61785 63.04298 143.7455 137.1821 45.4576 89.47627 113.3604 72.66666 70.06754 71.28142 63.33252 83.09814 350.2142 600.6182 205.7586 99.35048 85.08903 92.04555 108.2432 112.2992 69.75845 69.84713 68.54514 64.89474 63.46178 63.60332 63.68718 63.02081 63.18342 65.18989 80.30299 84.17322 62.10248 59.53624 58.24866 56.85325 48.43437 45.40723 45.71913 41.19673 48.48626 62.07645 0 0 0 0 0 0 0 0 0 0 0 0 0 0 0 0 0 0 0 0 0 0 0
19.52471 26.18274 26.63218 26.64639 27.03474 37.26602 41.72908 42.34053 37.39701 37.44483 37.63142 39.43375 58.66408 69.48881 105.2093 137.8794 284.1804 449.8065 193.4127 90.99971 87.83311 77.42351 76.37746 82.00317 86.89703 86.95924 78.1585 69.6235 65.95799 145.1538 195.3233 118.293 158.8451 148.8013 158.5069 95.96975 64.91799 59.85344 59.29072 56.36652 52.21154 47.2392 47.2392 42.14264 37.44378 51.38052 58.52505 65.38328 0 0 0 0 0 0 0 0 0 0 0 0 0 0 0 0 0 0 0 0 0
12.49556 22.85359 27.0404 27.38128 27.31858 26.73286 31.14268 37.39375 37.48053 37.80713 38.03463 39.5829 43.53541 49.05732 86.49538 75.41618 100.1457 76.20507 77.72852 79.40943 70.09696 63.94764 78.3823 84.59468 86.95924 88.02119 88.8042 70.35155 77.45732 112.4437 104.2121 94.60859 94.71132 90.50437 88.04936 79.99883 66.85349 66.24923 60.2911 46.17342 40.62805 42.75455 46.64153 46.85237 44.7308 41.83614 42.7315 48.67587 0 0 0 0 0 0 0 0 0 0 0 0 0 0 0 0 0 0 0 0 0
11.146 11.17939 25.3604 27.47309 27.47309 27.06491 26.72093 34.4365 37.87105 37.79646 28.51987 22.75621 22.45993 22.45992 22.45993 22.73979 135.2489 89.61497 59.56076 66.2276 67.23824 62.81425 76.51631 78.27112 81.3709 88.58448 93.90324 90.12055 84.58354 90.62166 77.49603 69.03082 69.59315 68.74781 66.94514 81.93842 89.10271 69.62269 60.30894 54.34311 41.26192 40.41653 40.75013 58.65067 59.44111 53.72081 53.689 58.67097 71.46341 0 0 0 0 0 0 0 0 0 0 0 0 0 0 0 0 0 0 0 0
11.50151 11.54832 14.38708 20.25663 19.95318 26.3067 27.95666 38.04527 38.04527 29.50024 22.45993 22.45993 22.8451 23.10509 32.61126 50.27263 61.64762 60.67101 62.04562 46.90597 51.1392 70.31946 77.16843 74.85382 74.89526 120.2759 116.696 140.8538 87.56866 94.18851 97.09185 87.50925 51.8309 53.03045 79.66069 98.96918 100.5879 92.2387 61.91122 61.60648 56.36502 42.18923 39.87512 40.09872 50.93154 85.30142 89.52605 78.10992 71.85769 0 0 0 0 0 0 0 0 0 0 0 0 0 0 0 0 0 0 0 0
11.85131 11.85131 11.85131 11.85131 11.9886 21.57606 25.78524 32.33531 36.59294 36.0797 34.65878 32.24536 37.42362 38.46507 38.93368 40.68034 54.86086 73.92484 71.94433 75.18197 86.01334 82.81797 70.43502 70.40146 87.55989 157.7009 275.5333 422.7356 298.8473 97.01381 98.04756 55.1228 40.97358 34.50786 51.61747 101.9718 100.8406 97.01901 72.23069 65.32014 65.09907 51.81577 46.01091 56.77068 69.75112 95.57095 101.6215 76.96642 66.97683 69.60436 73.58844 78.47887 0 0 0 0 0 0 0 0 0 0 0 0 0 0 0 0 0
11.85131 11.85131 11.85131 14.35684 20.71389 25.41842 25.75878 26.2234 29.13624 36.85345 36.85345 36.85345 36.85345 36.89665 38.20433 38.92648 38.93368 83.28688 212.2379 216.9871 145.0008 67.73213 61.82358 69.58767 126.0956 245.1512 406.0488 335.278 310.0374 118.595 93.72297 65.08294 34.10157 67.79258 723.2442 38.35284 81.22674 108.2603 111.1618 153.0382 132.6141 154.9547 58.888 96.75778 106.0617 137.9976 626.3361 298.4408 84.60779 99.07806 103.9898 86.86544 0 0 0 0 0 0 0 0 0 0 0 0 0 0 0 0 0
11.85131 11.85131 12.2329 22.40421 25.71694 25.73464 26.57695 26.63639 25.88278 30.82796 36.20206 36.85345 36.97821 38.06799 39.82389 47.75791 47.89873 142.7971 260.7784 272.7373 109.2067 62.14418 83.24124 85.27109 98.70497 97.44176 94.87668 78.47006 78.41734 67.81904 71.73521 62.84364 50.99933 102.2677 256.6784 43.13167 62.25161 90.43941 78.67143 104.7547 151.6584 98.34632 64.85188 103.1796 116.2461 536.9241 1407.3 2835.201 1909.79 402.9077 192.538 123.2437 85.61103 0 0 0 0 0 0 0 0 0 0 0 0 0 0 0 0
11.85131 11.85131 17.89084 25.71694 26.01981 26.52356 26.04768 23.8801 23.10207 23.10207 24.92397 30.60583 28.46441 31.84754 48.02679 61.71134 63.06432 88.47208 95.08524 110.3927 67.67233 74.97804 87.27354 75.12518 77.68277 84.88913 84.88454 84.77346 88.21244 78.73969 59.07598 54.80093 51.95251 46.73759 42.10098 47.16394 60.18227 85.1099 56.95893 52.72215 53.44294 57.85696 70.32347 83.4328 102.5256 261.0968 774.5871 2412.558 2878.494 2277.925 820.4525 190.3605 55.83158 0 0 0 0 0 0 0 0 0 0 0 0 0 0 0 0
11.82107 12.49874 24.52753 25.6868 24.64084 23.55266 21.74279 21.99336 23.10207 23.10207 23.93435 25.43225 25.60707 25.7701 37.04981 42.15711 60.82632 58.13754 68.97301 94.54351 64.40733 65.33448 66.77944 61.12869 66.14371 76.42631 73.78597 97.92229 111.414 110.7935 107.3307 73.44342 61.80032 63.49053 68.97304 61.12698 58.68202 73.32349 47.61845 50.42002 51.82869 53.45651 57.32926 75.72991 85.35464 129.6781 137.1514 700.5251 584.3351 1904.514 228.0913 269.8532 112.8674 74.50243 0 0 0 0 0 0 0 0 0 0 0 0 0 0 0
13.42376 10.43605 10.64254 12.65308 14.63547 13.88649 13.7103 15.50035 21.69748 23.65504 25.24669 25.43225 25.44921 26.7838 27.24241 27.47178 29.91283 40.50997 42.97865 59.83878 60.77426 60.19313 54.07434 53.04746 53.88556 49.19804 56.65209 108.784 126.0284 139.5555 181.0206 177.7917 82.04023 129.6955 68.90069 58.36795 55.33931 41.00602 40.25817 41.06176 29.17815 30.30607 65.3894 96.9432 98.38264 78.40874 99.38455 226.6495 153.1889 114.1846 35.96057 46.45699 92.49674 93.28238 64.69913 65.93939 0 0 0 0 0 0 0 0 0 0 0 0 0
25.95458 10.80005 10.36061 11.43923 12.41255 13.48128 13.48128 15.70388 20.81665 21.50005 34.3839 31.26461 25.43225 29.03289 31.06024 30.55812 30.38599 31.90598 44.06642 52.51475 58.84488 58.35881 50.78256 47.51665 45.99027 40.62103 44.55713 36.67166 92.1121 136.0452 209.6671 241.9405 213.7706 173.8849 94.29774 55.36425 24.03269 19.24761 24.88017 41.30746 53.78517 65.23243 96.74751 97.59346 89.77917 74.73134 75.16605 180.7066 149.221 66.68559 31.10383 35.66407 39.34271 50.10086 58.24573 58.36317 59.91692 64.26136 68.31168 0 0 0 0 0 0 0 0 0 0
24.36269 11.03026 11.23125 12.87567 12.92262 13.29846 13.50389 20.24353 23.94028 39.30627 43.52445 40.28091 35.47593 35.93435 33.3685 36.60397 43.14221 156.9901 203.132 253.1515 52.72768 57.85488 53.07912 51.79842 44.50114 40.58952 49.64923 46.12378 37.67825 74.00234 137.9725 196.7283 201.9661 196.7835 72.98033 62.34456 39.49499 27.77585 62.89428 64.75535 93.99165 92.88637 97.52422 87.28535 92.92948 77.31935 77.8612 82.36029 67.23067 35.7633 26.15172 29.73498 35.7429 43.07478 54.55218 64.62212 76.81328 78.09521 75.3523 53.19281 0 0 0 0 0 0 0 0 0
