Scenarios/Heterogeneous/data/country_data_population_distribution/processed/density_grids/sle.asc
ncols 90
nrows 96
xllcorner -13
yllcorner 6
[rows 37 to 73 of 96, columns 0 to 82 of 90]
0 144.0317 145.4302 138.5242 0 0 0 0 0 0 0 0 0 0 0 0 0 0 0 0 481.0362 7434.636 1921.614 5611.997 7973.216 347.7826 73.42581 73.42581 73.42581 73.42581 73.42581 73.42581 73.42581 73.42581 73.42581 73.42581 73.42581 82.22729 84.54333 80.82817 87.27016 88.65835 88.65835 88.65835 88.65835 88.65835 88.65835 88.65835 88.65835 88.65835 87.60679 86.22889 85.93253 85.93253 85.93253 85.93253 85.93253 85.15344 44.1758 32.72972 32.72972 32.82071 56.12519 72.68235 72.68235 72.68235 72.68235 72.68235 72.68235 63.31567 41.86292 43.5695 42.68396 66.3636 70.23028 61.40107 44.70283 34.67977 34.68613 36.3632 34.68613 34.68612 34.86371
184.1452 154.4634 152.7995 151.4268 0 0 0 0 0 0 0 0 0 0 0 0 0 0 0 0 0 481.0362 479.967 1094.095 3353.552 912.8296 147.7078 77.34003 73.42582 73.42581 73.42582 73.42581 67.52496 71.0603 73.42582 73.67072 83.47686 88.64781 88.65836 88.65835 88.65836 88.65835 88.65835 88.65835 88.65835 88.65835 88.65836 88.65835 88.65835 88.65836 88.65835 87.98117 86.04679 85.93254 85.93253 85.93254 83.97889 60.181 32.72972 32.72972 32.72972 32.72972 46.97588 72.68236 72.68235 72.68236 72.68235 72.68236 72.68235 68.09135 35.83097 34.52296 34.52296 36.47315 41.53162 35.26098 88.94093 72.59865 36.89921 67.33634 56.02248 47.31665 87.1757
198.167 160.7406 152.7995 0 0 0 0 0 0 0 0 0 0 0 0 0 0 0 0 0 0 481.0362 481.0362 497.4873 805.6556 856.0922 817.4598 328.4788 220.9397 202.8105 73.42581 67.70215 44.11813 38.19893 49.29069 43.97275 46.01676 68.87164 87.56351 88.65836 88.65835 88.65835 88.37533 76.47148 87.15645 75.50127 81.07869 88.65621 88.65835 88.65835 88.51156 65.95663 52.87122 58.1706 75.40656 80.18614 41.63383 32.72972 32.72972 32.72972 32.72972 32.72972 35.15856 74.81774 70.14754 65.6883 66.65687 65.13279 67.13454 64.73515 53.25385 35.19817 65.86927 114.7949 36.54126 68.63193 159.13 103.6319 69.41393 69.50989 69.50989 89.36519 113.0228
176.1532 152.8589 152.7995 0 0 0 0 0 0 0 0 0 0 0 0 0 0 0 0 0 0 0 0 481.0362 564.4599 836.619 828.4412 262.8447 253.7475 244.7499 74.33247 41.4108 37.51846 37.51846 37.51846 37.51846 37.51846 37.51846 67.555 86.66816 88.65835 79.92227 62.76331 46.55336 48.30871 46.63608 46.55336 50.50154 68.37302 88.65835 82.06564 49.98948 44.95813 19.35451 19.35451 19.37309 29.87925 32.72972 32.72972 32.72972 32.72972 32.72972 48.42201 99.78709 79.35731 62.51045 62.51045 62.51045 62.51045 62.51045 56.53699 47.00658 57.33419 100.6564 159.13 159.13 144.6602 70.30866 69.5099 69.50989 69.5099 97.98441 107.9867
153.9595 184.3888 191.201 0 0 0 0 0 0 0 0 0 0 0 0 0 0 0 0 0 0 0 0 481.0362 481.0361 540.4875 695.877 334.2928 235.9197 175.8347 45.33295 37.51846 37.51846 37.51846 37.87334 40.06101 42.66961 40.24519 33.44284 37.15469 37.78347 46.06083 46.26854 46.55336 46.55336 46.55336 46.55336 48.34745 48.96767 59.31754 80.15418 60.94487 43.80355 19.35451 19.35451 19.35451 25.09207 32.72972 32.72972 32.72972 32.72972 32.72972 90.31284 100.1758 94.06014 66.11515 62.51044 62.51044 62.51044 69.98571 49.72291 48.2257 48.2257 109.4315 159.13 159.1299 156.7707 76.43935 87.3185 74.66039 69.50989 92.72871 108.4329
170.1684 214.5918 190.3712 0 0 0 0 0 0 0 0 0 0 0 0 0 0 0 0 0 0 0 0 0 481.0362 481.0362 481.0362 379.3237 64.60843 37.51846 37.51846 37.51846 37.51846 37.68526 42.82835 45.37321 45.37321 44.02136 33.33083 33.33083 36.76172 42.39861 43.12901 45.88018 46.55336 46.55337 46.55336 48.29834 48.95308 48.95308 49.27252 49.51979 35.41613 19.35451 19.35451 19.35451 23.79294 32.72972 32.72972 32.72972 32.72972 33.32932 77.15462 96.78781 100.1758 96.29829 63.7226 72.08685 103.157 123.2508 52.99794 48.22571 48.38719 147.4889 159.13 159.13 159.13 136.3666 118.9229 94.10962 105.3635 121.8325 114.0498
196.9072 214.5918 208.5437 0 0 0 0 0 0 0 0 0 0 0 0 0 0 0 0 0 0 0 0 0 481.0362 481.0362 0 0 37.51846 37.51846 37.51846 37.51846 39.59513 43.43361 45.37321 45.37321 45.37321 42.69031 33.33083 33.33083 40.94143 43.12342 43.12342 44.63218 46.55337 46.55337 46.55337 47.93975 48.95308 48.95308 48.95308 48.95308 31.36697 19.35451 19.35452 19.35451 25.28854 32.72972 32.72972 34.23389 67.14301 74.6665 81.62493 87.56519 100.1758 100.1758 94.79421 117.6666 134.854 121.6192 48.22571 48.22571 81.51226 159.13 159.13 159.13 159.13 128.0959 120.2846 123.0806 122.5501 114.2203 118.2516
214.5918 214.5918 169.4857 0 0 0 0 0 0 0 0 0 0 0 0 0 0 0 0 0 0 0 0 481.0362 0 0 0 0 0 37.51846 37.51846 38.25071 44.06504 45.3732 45.37321 45.3732 45.37321 42.31603 33.33083 33.33083 40.07119 43.12341 43.12341 43.76238 45.74317 46.51546 46.55337 47.99273 48.95308 48.95308 48.95308 48.95308 26.1475 19.51395 24.33705 37.05363 37.07903 57.86576 61.93626 67.31727 81.23817 81.62493 80.40896 75.30686 74.9725 97.04686 100.3061 126.6822 134.854 134.7014 56.29403 48.2257 89.69202 159.13 159.1299 159.13 144.7116 126.142 122.6547 122.8152 116.2004 114.5956 168.2839
0 0 0 0 0 0 0 0 0 0 0 0 0 0 0 0 0 0 0 0 0 481.0362 481.0362 481.0362 0 0 0 0 0 37.51846 38.12606 43.72493 45.37321 45.37321 45.3732 45.3732 45.3732 42.91323 33.41855 33.33083 35.20084 43.07946 43.12341 43.12341 43.15774 43.32372 45.67974 48.82153 48.95308 47.56466 45.04664 32.11573 22.55106 34.56784 42.63136 49.1305 49.1305 63.75174 72.49413 74.15383 81.50806 80.87907 73.6284 72.50722 72.50722 96.25953 100.3293 116.0162 129.2729 123.2837 69.65815 48.2257 74.8652 159.13 159.1299 159.1299 136.7302 129.0285 141.2002 111.9139 111.2484 131.4641 185.3012
0 0 0 0 0 0 0 0 0 0 0 0 0 0 0 0 0 0 0 0 0 0 0 0 0 0 0 0 0 0 45.34245 45.40827 45.37321 45.37321 45.37321 45.37321 45.37321 45.37321 38.53547 31.24141 32.95903 42.98455 43.12342 43.12342 43.12342 42.90038 39.76572 41.66627 35.9974 32.55846 32.52508 31.88889 38.55351 38.92219 44.94937 49.1305 50.12104 89.87717 94.894 91.2746 99.17254 92.77605 72.59678 72.50723 72.50723 95.87521 134.4842 151.1737 112.2016 112.1796 96.77926 53.35337 84.21436 155.123 159.13 159.13 136.8477 151.9776 153.3654 145.8021 142.0442 163.387 181.1157
0 0 0 0 0 0 0 0 0 0 0 0 0 0 0 0 0 0 0 0 0 0 0 0 0 0 0 0 0 0 46.6816 46.53939 46.27935 45.96496 45.75183 45.73858 45.5793 43.05446 30.32973 24.02157 24.85968 27.68925 32.55107 37.62807 43.12061 39.8217 32.55639 32.55639 32.55639 32.55639 32.55639 32.57765 37.13947 39.11963 39.1254 43.83171 87.53588 110.1854 110.1854 110.1854 110.1854 110.1854 101.1673 74.82607 78.24641 140.6167 186.9026 171.4171 112.1796 112.1796 109.5304 140.0328 147.9785 147.9944 150.9808 157.9259 153.0695 153.4198 153.4198 153.5054 159.9119 162.6536 164.4322
0 0 0 0 0 0 0 0 0 0 0 0 0 0 0 0 0 0 0 0 0 0 0 0 0 0 0 0 0 0 46.69478 46.69478 46.69478 46.69478 46.69478 46.69478 46.69478 36.42187 24.02157 24.02157 24.02157 24.02157 24.02157 24.02157 29.4218 34.51715 36.71054 35.00972 32.55639 35.15445 44.80158 48.94179 52.87989 55.83017 49.58611 46.02003 99.25204 1074.922 4746.543 110.1854 110.1854 110.1854 127.5109 156.6666 176.928 186.9026 186.9026 166.3598 112.1796 112.1796 112.1796 140.2346 147.9785 147.9785 147.9785 151.2438 153.8216 153.4198 153.4788 159.6336 166.9641 162.8875 162.3193
0 0 0 0 0 0 0 0 0 0 0 0 0 0 0 0 0 0 0 0 0 0 0 0 0 0 0 0 46.69478 46.69478 46.69478 46.69478 46.69478 46.69478 46.69478 46.69478 46.69478 38.04372 24.02157 24.02157 24.02157 24.02157 24.02157 24.02157 24.02157 49.47794 54.30576 51.60071 48.40946 56.18559 56.27145 56.27145 56.27145 56.27145 56.27145 56.27145 122.0485 898.6917 4792.48 110.2781 110.1854 130.0954 182.8674 186.9026 186.9026 186.9026 169.0921 121.9464 115.5518 114.476 114.3832 147.3652 147.9785 147.9785 147.9785 151.5137 153.4198 154.5365 164.3402 166.9641 166.9641 163.0476 159.9818
0 0 0 0 0 0 0 0 0 0 0 0 0 0 0 0 0 0 0 0 0 0 0 0 0 0 0 46.69478 46.69478 46.69478 46.69478 46.69478 46.69478 46.69478 46.69478 46.69478 43.91281 25.07644 24.02157 24.02157 24.02157 24.02157 39.64132 37.32014 33.19263 47.01696 54.30575 54.30576 55.12133 56.27145 56.27145 56.27145 56.27145 56.27145 56.27145 61.02687 147.2318 152.4209 152.4209 118.8011 139.4867 181.5603 172.9802 186.9026 186.2738 144.6137 116.7141 116.1819 116.1819 116.1819 129.3228 4611.056 160.3513 147.9785 146.3824 155.7665 157.2853 165.7345 166.9641 166.8367 113.2934 99.27737 61.85314
0 0 0 0 0 0 0 0 0 0 0 0 0 0 0 0 0 0 0 0 0 0 0 0 0 0 0 0 0 46.69478 46.69478 46.69478 46.69478 46.69478 46.69478 44.82074 27.625 23.51003 23.97395 24.02157 24.02157 24.02157 36.03128 54.30575 54.30575 54.30576 54.30575 54.30575 54.97757 56.27145 56.27145 56.27145 56.27145 56.27145 56.27145 102.6681 152.4209 152.4208 152.4208 116.701 110.3085 102.9256 169.9081 186.6851 160.5302 116.1819 116.1819 116.1819 116.1819 120.2901 358.1732 3671.577 115.2271 89.20653 80.52853 121.3007 166.9641 166.9641 166.9641 121.7385 41.86418 41.86418 41.86418
0 0 0 0 0 0 0 0 0 0 0 0 0 0 0 0 0 0 0 0 0 0 0 0 0 0 0 0 0 0 0 46.69478 46.42527 29.25055 26.84297 26.82094 23.50984 23.50984 23.8647 24.02157 24.02157 40.57491 49.98029 51.28323 51.48778 54.23399 54.30575 54.30575 54.81911 56.27145 56.27145 56.27145 56.27145 56.27145 66.57628 150.6542 152.4209 152.4209 152.4209 113.1467 98.0493 104.3477 119.6595 101.0577 91.46793 77.89811 93.83776 115.989 116.1819 131.8464 147.9785 117.09 77.37469 77.34631 77.34631 79.6888 152.0321 166.9641 160.8319 50.79911 41.86418 41.86419 41.86418
0 0 0 0 0 0 0 0 0 0 0 0 0 0 0 0 0 0 0 0 0 0 0 0 0 0 0 0 0 0 0 0 45.67646 23.50984 23.50984 23.50984 23.50984 23.50984 23.71916 24.02157 24.05027 36.15894 44.01274 35.52092 34.56568 49.2751 51.73885 48.85054 48.97971 56.27145 56.27145 56.27145 56.27145 56.27145 74.26113 144.7974 152.1429 152.4208 148.6956 98.06509 98.04929 98.04929 98.04929 81.03345 39.84681 37.52097 58.44676 75.33405 106.9355 123.0427 88.46157 77.38531 77.3463 77.3463 75.91545 64.31963 78.57323 139.4218 83.99068 41.86418 41.86419 41.86418 41.86418
0 0 0 0 0 0 0 0 0 0 0 0 0 0 0 0 0 0 0 0 0 0 0 0 0 0 0 0 0 0 0 0 0 23.50984 23.50984 23.50984 23.50984 23.79378 24.13091 27.52828 33.67334 33.58443 34.56568 34.56568 34.56568 40.07134 46.35332 46.56018 46.56034 55.48196 56.236 56.27145 56.27145 69.92075 143.6892 147.1712 148.2059 152.0633 118.8403 98.0493 98.04929 98.0493 70.60427 37.99447 37.52097 39.58045 60.63735 60.66348 63.93145 60.27324 72.75665 77.34629 77.34629 77.3463 71.50881 62.52924 62.52924 62.52924 50.23845 41.86418 41.86418 41.86419 41.86418
0 0 0 0 0 0 0 0 0 0 0 0 0 0 0 0 0 0 0 0 0 0 0 0 0 0 79.59398 0 0 0 0 0 0 0 23.50984 27.97014 23.50984 24.66761 29.28231 34.56568 34.56568 34.56568 34.56568 34.56568 34.56568 34.57461 53.17278 46.76899 46.56019 46.65651 49.28525 56.26916 56.27145 119.7128 147.1712 147.1712 147.2044 150.4489 134.3462 98.04929 96.05998 65.54128 37.65668 36.99707 32.93261 35.93025 56.06291 60.66347 57.83541 47.49887 77.19649 77.3463 76.96325 68.49853 63.09724 62.52924 62.52924 62.52924 50.06779 41.86418 41.86419 41.86418 29.23303
0 0 0 0 0 0 0 0 0 0 0 0 0 0 0 0 0 0 0 0 0 0 0 0 0 0 79.59398 79.59398 79.59399 79.59398 0 0 31.83078 31.83078 31.83078 31.83078 31.24589 31.83078 34.40434 34.56568 34.56568 34.56568 34.56568 34.56568 34.56568 42.91966 83.70066 77.04432 76.14606 58.69044 46.67147 52.71911 76.23256 146.0884 147.4211 147.1844 150.5757 150.2487 106.8369 55.47354 39.39046 37.52098 48.65966 80.2952 30.60653 30.60653 33.41107 51.87201 46.47183 52.2367 77.3463 72.87394 70.58761 62.52924 62.52924 62.52924 61.45584 34.7941 46.74455 41.86418 41.86418 32.06503 0
0 0 0 0 0 0 0 0 0 0 0 0 0 0 0 0 0 0 0 0 0 0 0 0 0 0 79.59398 79.59398 79.59399 79.59398 79.59398 79.59398 66.04169 31.83078 31.83078 31.83078 31.83078 31.83078 31.83078 31.99668 34.56568 34.56568 34.56568 34.56568 34.56568 42.04433 83.70065 83.70065 83.70065 66.79895 51.76119 46.67895 132.5013 150.8374 153.3658 153.4693 153.5616 137.0623 78.60825 37.52097 37.52097 40.52566 83.11684 119.1682 35.86537 30.60692 61.11187 63.43137 44.41031 44.64121 45.67923 37.37117 44.97409 43.42386 50.89175 51.70235 35.00811 19.58047 23.01902 32.87107 34.78768 0 0
0 0 0 0 0 0 0 0 0 0 0 0 0 0 0 0 0 0 0 0 0 0 0 0 0 0 0 0 79.59398 79.59397 79.59398 61.51272 34.38334 31.83078 31.83078 31.83078 31.83078 31.83078 31.83078 72.30331 180.8216 34.56568 34.56568 39.25698 66.41637 77.75597 83.70065 83.70066 82.08068 63.308 62.7865 48.09984 108.1323 153.5616 153.5616 153.5616 122.3414 114.3834 146.5581 169.8816 38.15795 129.7346 211.2874 119.1841 34.75692 55.92863 108.6934 93.87266 44.41031 44.41031 41.85533 37.09742 37.09742 37.09742 37.09742 34.96812 20.14634 19.58047 19.58047 19.224 0 0 0
0 0 0 0 0 0 0 0 0 0 0 0 0 0 0 0 0 0 0 0 0 0 0 0 0 0 0 0 0 0 0 0 31.83078 31.83078 31.83078 31.83078 31.83078 31.83078 31.83078 330.5213 597.11 30.17115 28.65771 68.19232 83.70066 83.70066 83.70066 83.70066 64.97907 62.7865 62.7865 51.36499 49.36081 72.33018 83.86757 146.5219 118.9783 112.1803 151.2701 218.9845 214.0501 249.7981 162.1002 119.1757 93.29117 101.3585 108.6934 84.78835 44.41031 44.28653 40.03761 37.09742 37.09742 37.09742 37.09742 26.82767 19.58047 20.38708 24.95004 0 0 0 0
0 0 0 0 0 0 0 0 0 0 0 0 0 0 0 0 0 0 0 0 0 0 0 0 0 0 0 0 0 0 0 0 0 0 0 31.83078 31.83078 31.83078 31.83078 31.83078 26.80115 26.58731 26.58731 57.82354 82.25396 82.94054 74.56024 49.71519 27.62884 53.14528 62.7865 67.18443 61.5431 61.60049 74.51202 111.1954 112.1803 112.7191 139.8049 140.429 140.429 125.9083 103.3789 92.79663 108.6934 108.6934 108.6934 75.62643 42.62087 38.28605 37.09742 37.09742 37.09742 37.09742 37.09742 23.25074 24.52717 0 0 0 0 0 0
0 0 0 0 0 0 0 0 0 0 0 0 0 0 0 0 0 0 0 0 0 0 0 0 0 0 0 0 0 0 0 0 0 0 0 0 0 31.83078 31.83078 31.83078 27.66317 26.58731 26.58731 26.58731 30.89016 35.6954 27.18187 25.78806 25.78806 25.87658 30.81213 48.04005 72.69677 72.69678 88.27666 112.1803 112.1803 112.6003 138.9147 140.429 136.4813 97.91514 80.06805 83.46138 108.6934 108.6934 108.6934 73.92688 37.21177 37.09742 37.09742 37.09742 37.09742 37.09742 37.09742 33.21914 0 0 0 0 0 0 0
0 0 0 0 0 0 0 0 0 0 0 0 0 0 0 0 0 0 0 0 0 0 0 0 0 0 0 0 0 0 0 0 0 0 0 0 0 0 32.03609 32.47142 33.76627 32.36422 28.7254 26.61277 27.22958 33.70811 33.43596 32.00083 28.1063 25.94438 25.78806 47.40565 72.69678 72.69678 75.09821 112.1803 112.2175 125.1746 140.4288 140.429 115.8357 80.00609 80.0061 80.61662 108.0581 108.6934 108.6934 88.08928 45.91502 37.09742 37.09742 37.09742 37.09742 37.87359 0 0 0 0 0 0 0 0 0
0 0 0 0 0 0 0 0 0 0 0 0 0 0 0 0 0 0 0 0 0 0 0 0 0 0 0 0 0 0 0 0 0 0 0 0 0 0 0 0 33.76627 33.76627 33.76627 32.18227 32.8318 33.76627 33.76627 33.76627 33.76627 33.34205 34.57645 68.82638 72.69678 72.69678 78.18983 116.6673 131.4364 140.429 140.429 130.4322 87.4579 80.00609 80.00609 80.00609 106.3663 108.6934 108.6934 100.5421 92.2348 85.53077 67.24047 39.97769 37.48999 0 0 0 0 0 0 0 0 0 0
0 0 0 0 0 0 0 0 0 0 0 0 0 0 0 0 0 0 0 0 0 0 0 0 0 0 0 0 0 0 0 0 0 0 0 0 0 0 0 0 0 0 0 0 33.76627 33.76627 33.76627 33.76627 33.76627 33.76627 33.76627 39.54299 65.83562 63.92086 67.52201 183.6306 144.8901 139.6864 140.429 123.3939 87.4402 80.00609 80.0061 80.00609 97.81845 108.6934 106.1303 92.71249 92.23921 92.23923 92.23921 87.67891 0 0 0 0 0 0 0 0 0 0 0
0 0 0 0 0 0 0 0 0 0 0 0 0 0 0 0 0 0 0 0 0 0 0 0 0 0 0 0 0 0 0 0 0 0 0 0 0 0 0 0 0 0 0 0 0 0 33.76627 33.76627 33.76627 33.76627 33.76627 37.21083 51.23856 51.37989 127.1766 176.3336 63.01349 65.68947 125.6422 135.1556 89.97915 80.65 80.00609 80.00609 88.79941 107.8434 95.72855 92.23922 92.23922 92.23922 92.23922 77.78544 0 0 0 0 0 0 0 0 0 0 0
0 0 0 0 0 0 0 0 0 0 0 0 0 0 0 0 0 0 0 0 0 0 0 0 0 0 0 0 0 0 0 0 0 0 0 0 0 0 0 0 0 0 0 0 0 0 0 0 0 33.76627 33.76627 45.22955 51.37988 51.37988 57.79623 73.1545 54.8883 54.8883 55.19013 83.19265 89.35628 83.67328 80.00609 80.96861 96.05892 97.09621 92.23921 92.23921 92.20336 77.33788 0 0 0 0 0 0 0 0 0 0 0 0 0
0 0 0 0 0 0 0 0 0 0 0 0 0 0 0 0 0 0 0 0 0 0 0 0 0 0 0 0 0 0 0 0 0 0 0 0 0 0 0 0 0 0 0 0 0 0 0 0 0 0 0 51.37988 51.37989 57.16296 61.67295 61.77984 55.14203 54.8883 54.88831 54.8883 81.33083 86.42464 80.00609 82.63577 94.31805 94.87552 94.24577 93.55388 71.77054 0 0 0 0 0 0 0 0 0 0 0 0 0 0
0 0 0 0 0 0 0 0 0 0 0 0 0 0 0 0 0 0 0 0 0 0 0 0 0 0 0 0 0 0 0 0 0 0 0 0 0 0 0 0 0 0 0 0 0 0 0 0 0 0 0 0 0 0 76.73961 76.73961 75.85782 72.24877 74.5882 71.88113 78.14675 86.84677 80.00609 91.28324 94.90302 94.90302 94.90302 88.31791 0 0 0 0 0 0 0 0 0 0 0 0 0 0 0
0 0 0 0 0 0 0 0 0 0 0 0 0 0 0 0 0 0 0 0 0 0 0 0 0 0 0 0 0 0 0 0 0 0 0 0 0 0 0 0 0 0 0 0 0 0 0 0 0 0 0 0 0 0 0 0 76.73961 76.73961 76.73961 76.73961 82.48502 87.90757 80.0061 92.21552 94.90302 94.90302 94.90302 93.11663 0 0 0 0 0 0 0 0 0 0 0 0 0 0 0
0 0 0 0 0 0 0 0 0 0 0 0 0 0 0 0 0 0 0 0 0 0 0 0 0 0 0 0 0 0 0 0 0 0 0 0 0 0 0 0 0 0 0 0 0 0 0 0 0 0 0 0 0 0 0 0 0 0 76.73961 77.65469 89.44492 88.54024 80.00609 92.74274 94.90302 94.90302 94.90302 0 0 0 0 0 0 0 0 0 0 0 0 0 0 0 0
0 0 0 0 0 0 0 0 0 0 0 0 0 0 0 0 0 0 0 0 0 0 0 0 0 0 0 0 0 0 0 0 0 0 0 0 0 0 0 0 0 0 0 0 0 0 0 0 0 0 0 0 0 0 0 0 0 0 0 0 90.28869 90.25987 81.33076 94.44878 94.90302 94.90302 93.37958 0 0 0 0 0 0 0 0 0 0 0 0 0 0 0 0
0 0 0 0 0 0 0 0 0 0 0 0 0 0 0 0 0 0 0 0 0 0 0 0 0 0 0 0 0 0 0 0 0 0 0 0 0 0 0 0 0 0 0 0 0 0 0 0 0 0 0 0 0 0 0 0 0 0 0 0 0 90.28869 89.3029 94.90302 94.90302 93.31099 0 0 0 0 0 0 0 0 0 0 0 0 0 0 0 0 0
0 0 0 0 0 0 0 0 0 0 0 0 0 0 0 0 0 0 0 0 0 0 0 0 0 0 0 0 0 0 0 0 0 0 0 0 0 0 0 0 0 0 0 0 0 0 0 0 0 0 0 0 0 0 0 0 0 0 0 0 0 0 94.90302 94.90302 92.66017 78.94424 0 0 0 0 0 0 0 0 0 0 0 0 0 0 0 0 0
