Scenarios/Heterogeneous/data/country_data_population_distribution/processed/density_grids/sle.asc
ncols 90
nrows 96
xllcorner -13
yllcorner 6
[rows 0 to 36 of 96, columns 0 to 82 of 90]
square_width 0.041666666666667 NODATA_value -9999 0 0 0 0 0 0 0 0 0 0 0 0 0 0 0 0 0 0 0 0 0 0 0 0 0 0 0 0 0 0 0 0 0 0 0 0 0 0 0 0 0 0 0 0 0 0 0 0 0 0 0 35.16061 35.15676 35.26571 24.9859 20.16469 20.15832 20.16303 20.15414 20.14224 20.31642 21.04515 26.76543 27.03864 27.13017 26.25387 25.87273 23.28065 0 0 0 0 0 0 0 0 0 0 0
0 0 0 0 0 0 0 0 0 0 0 0 0 0 0 0 0 0 0 0 0 0 0 0 0 0 0 0 0 0 0 0 0 0 0 0 0 0 0 0 0 0 0 0 0 0 0 0 0 0 0 0 0 0 26.69238 36.07376 36.07376 36.07376 29.47513 20.13172 20.13172 20.13172 22.85331 20.13172 20.13172 20.13172 25.01497 25.88533 25.88533 25.88533 25.88533 25.70193 0 0 0 0 0 0 0 0 0 0 0
0 0 0 0 0 0 0 0 0 0 0 0 0 0 0 0 0 0 0 0 0 0 0 0 0 0 0 0 0 0 0 0 0 0 0 0 0 0 0 0 0 0 0 14.01772 12.03512 9.510811 9.006619 12.99121 0 0 0 10.42013 9.196306 8.866982 29.58557 36.07376 36.07376 36.07376 26.64078 20.13172 20.13172 20.33927 47.53313 20.13172 20.13172 20.13172 24.07557 25.88533 25.88533 25.88533 25.88533 25.88533 0 0 0 0 0 0 0 0 0 0 0
0 0 0 0 0 0 0 0 0 0 0 0 0 0 0 0 0 0 0 0 0 0 0 0 0 0 0 0 0 0 0 0 0 0 0 0 0 0 0 0 0 10.41504 8.866982 8.866982 8.866982 8.866982 8.866982 8.866982 8.962339 8.947188 8.866982 8.866982 8.866982 8.866982 21.02449 36.07376 36.07376 36.07376 30.30784 20.13172 20.13172 28.77223 59.27685 27.99201 20.13172 20.13172 20.76831 25.05229 25.88533 25.88533 25.88533 25.88533 24.43015 0 0 0 0 0 0 0 0 0 0
0 0 0 0 0 0 0 0 0 0 0 0 0 0 0 0 0 0 0 0 0 0 0 0 0 0 0 0 0 0 0 0 0 0 0 0 0 0 0 0 9.96915 8.866982 8.866982 8.866982 8.866983 8.866982 8.866982 8.866982 8.866982 8.866982 8.866982 8.866982 8.866982 8.866983 18.07029 36.07376 36.07376 36.07376 33.40587 26.00376 20.34616 50.6122 59.27699 38.03478 20.13172 20.13172 20.13172 23.0149 25.88533 25.88533 25.88533 25.88533 25.88533 25.88533 21.60198 0 0 0 0 0 0 0 0
0 0 0 0 0 0 0 0 0 0 0 0 0 0 0 0 0 0 0 0 0 0 0 0 0 0 0 0 0 0 0 0 0 0 0 0 0 0 0 0 8.866982 8.866982 8.866982 8.866982 8.866982 8.866982 8.866982 8.866982 8.866982 8.866982 8.866982 8.866982 8.866982 8.866982 16.30574 36.07376 34.91491 36.07376 36.07376 38.46986 49.45054 59.27699 59.27699 52.33928 20.20399 20.13172 20.13172 23.8844 25.88533 25.88533 25.88533 25.88533 25.88533 25.87885 24.11364 18.5593 0 0 0 0 0 0 0
0 0 0 0 0 0 0 0 0 0 0 0 0 0 0 0 0 0 0 0 0 0 0 0 0 0 0 0 0 0 0 0 0 0 0 0 0 0 0 13.46728 8.866982 8.866983 8.866982 8.866983 8.866982 8.866983 8.866982 8.866983 8.866983 8.866982 8.866983 8.866982 8.866983 8.866982 15.70713 30.11225 24.41542 36.04049 36.07376 36.07376 45.69945 58.89287 59.27699 59.27698 26.41557 20.13172 20.13172 25.03663 25.88533 25.88533 25.88533 25.88533 25.88533 25.00512 23.33403 23.34431 0 0 0 0 0 0 0
0 0 0 0 0 0 0 0 0 0 0 0 0 0 0 0 0 0 0 0 0 0 0 0 0 0 0 0 0 0 0 0 0 0 0 0 0 0 12.90753 8.975883 8.866982 8.866982 8.866982 8.866982 8.866982 8.866983 8.866982 8.866982 8.866982 8.866982 8.866982 8.866982 11.7116 17.93351 21.28278 23.1404 23.12629 33.19174 36.07376 36.07376 36.07376 43.28488 52.27085 59.09981 43.63221 21.43248 20.95114 25.85796 25.92985 26.31591 26.62072 27.21933 26.82028 23.36522 23.33403 23.33403 24.01122 0 0 0 0 0 0
0 0 0 0 0 0 0 0 0 0 0 0 0 0 0 0 0 0 0 0 0 0 0 0 0 0 0 0 0 0 0 0 0 0 0 0 0 0 9.194378 8.866983 8.866982 8.866983 8.866982 8.866983 8.866982 8.866983 8.866982 8.866982 8.866983 9.380821 14.83049 19.74199 23.05659 23.12629 23.12629 23.12629 23.12629 30.00342 36.07376 36.07376 36.07376 36.07376 85.23795 117.9145 80.35758 48.7146 29.8931 27.06475 29.49912 29.82783 29.82784 29.82784 28.00585 23.33403 23.33404 23.33403 23.36414 24.07153 0 0 0 0 0
0 0 0 0 0 0 0 0 0 0 0 0 0 0 0 0 0 0 0 0 0 0 0 0 0 0 0 0 0 0 0 0 0 0 0 0 0 39.45011 20.28183 15.88604 11.45603 8.866982 8.866982 8.866982 8.866982 8.866983 8.866982 8.866982 8.957534 17.57825 23.12629 23.12629 23.12629 23.12629 23.12629 23.12629 23.12629 26.57803 36.07376 36.07376 42.38038 90.16421 129.3277 89.13219 31.93286 29.82784 29.82784 29.82784 29.82784 29.82784 29.82784 29.82784 28.61684 23.33403 23.33403 23.33403 23.33403 23.33403 0 0 0 0 0
0 0 0 0 0 0 0 0 0 0 0 0 0 0 0 0 0 0 0 0 0 0 0 0 0 0 0 0 0 0 0 0 0 0 0 0 0 53.68443 53.68443 53.68443 25.71499 8.866982 8.866983 8.866982 20.49568 69.21652 112.21 113.3089 75.13922 90.98741 61.11819 23.12629 23.12629 23.12629 23.12629 23.12629 23.12848 28.42982 34.53841 62.45472 120.4999 129.6275 121.1281 50.20391 29.82784 29.82784 29.82784 29.82783 29.82784 29.82783 29.82784 29.82784 28.16169 23.33404 23.33403 23.33403 23.33403 23.33403 23.43807 0 0 0 0
0 0 0 0 0 0 0 0 0 0 0 0 0 0 0 0 0 0 0 0 0 0 0 0 0 0 0 0 0 0 0 0 0 0 0 0 48.01208 53.68443 53.68443 53.68443 26.78785 8.866983 17.32019 96.90116 110.2745 137.0123 137.0123 137.0123 137.0123 130.3074 99.03598 45.22734 28.98453 29.41057 30.80276 23.14262 24.75391 28.05386 23.42986 41.08809 124.0124 129.6275 129.6275 113.739 29.82784 29.82784 29.82784 29.82784 29.82784 29.82784 29.82784 29.82784 27.65746 23.33404 23.33404 23.33404 23.33404 23.33404 23.33404 23.04018 0 0 0
0 0 0 0 0 0 0 0 0 0 0 0 0 0 0 0 0 0 0 0 0 0 0 0 0 0 0 0 0 0 0 0 0 0 0 0 54.14889 53.68443 53.68443 53.70132 41.30392 20.96205 55.78366 137.0123 137.0123 137.0123 137.0123 118.0774 91.15791 64.70799 59.06976 59.06976 54.92347 37.86648 37.86648 24.33637 23.12629 23.12629 23.12629 23.12629 72.10608 70.87403 65.51991 117.2148 33.72489 22.88456 23.14126 24.89438 29.57083 29.37086 29.82784 29.82784 28.3852 23.33403 23.33403 23.33403 23.33403 23.33403 23.33403 23.11433 0 0 0
0 0 0 0 0 0 0 0 0 0 0 0 0 0 0 0 0 0 0 0 0 0 0 0 0 0 0 0 0 0 0 0 0 0 0 0 53.68442 54.02042 56.22006 62.20288 66.11114 66.11114 119.9569 137.0123 134.6059 136.6515 128.7836 63.34252 59.06976 59.06976 59.06976 59.06976 50.40757 37.86648 37.86648 29.53254 23.12629 23.12629 23.16617 23.86549 24.97019 25.01208 25.01209 26.64234 22.20813 21.60708 21.60709 21.86022 23.49375 22.90578 29.76173 29.82784 29.44137 23.37652 23.33404 23.33403 23.33404 23.33404 23.33404 23.22775 0 0 0
0 0 0 0 0 0 0 0 0 0 0 0 0 0 0 0 0 0 0 0 0 0 0 0 0 0 0 0 0 0 0 0 0 0 0 54.27028 53.68442 62.32116 66.11114 66.11114 66.11114 66.11114 81.75393 128.364 66.10572 63.65781 60.51479 59.06976 59.06976 59.06976 59.06976 59.06976 47.48495 35.71148 37.86648 37.82571 25.35233 23.12629 23.73569 25.01209 25.01209 25.01209 25.01209 25.01209 23.15648 21.60709 21.60708 21.60709 21.60709 21.60709 27.82066 29.82784 29.41946 23.43128 23.33403 23.33403 23.33404 23.33404 23.33403 23.33403 23.08018 0 0
0 0 0 0 0 0 0 0 0 0 0 0 0 0 0 0 0 0 0 0 0 0 0 0 0 0 0 0 0 0 0 0 0 0 53.68443 53.83785 60.45312 66.10853 66.11114 66.11113 66.11114 66.11114 70.07838 78.3888 60.51848 64.80968 59.31417 62.12808 59.06976 54.72615 41.81127 33.4996 27.96445 33.48432 37.86648 37.86648 26.81151 23.12629 23.65096 25.00545 25.01208 25.01208 25.01208 25.01208 24.51033 21.60709 21.60709 21.60709 21.60709 21.60709 22.54732 29.11877 28.37359 23.33403 23.33403 23.33403 23.33403 23.33404 23.33404 23.33403 23.33404 23.33403 23.19012
0 0 0 0 0 0 0 0 0 0 0 0 0 0 0 0 0 0 0 0 0 0 0 0 0 0 0 0 0 0 0 0 0 55.05238 53.68442 59.15116 66.11113 66.11114 66.11113 66.11114 66.11114 67.18989 78.46654 84.64159 83.73643 84.54909 84.46073 80.26324 66.13548 31.94136 27.52013 27.52013 27.73022 37.05614 37.86648 37.86648 27.21335 23.12629 23.15121 24.87258 25.01208 25.01209 25.01208 25.01208 25.01006 21.99838 21.60708 21.60709 21.60708 21.60708 21.60708 23.4338 24.64962 22.44951 22.54799 22.9819 24.16007 23.86558 23.37352 23.33433 23.33403 23.33404 23.33299
0 0 0 0 0 0 0 0 0 0 0 0 0 0 0 0 0 0 0 0 0 0 0 0 0 0 0 0 0 110.5915 94.1151 53.64455 54.1121 53.73549 58.71423 65.54659 66.11114 66.11114 65.91199 59.99918 64.6282 75.23373 81.04869 84.72018 84.72025 83.66017 83.35271 84.72025 53.7521 27.52013 27.52013 27.54852 34.9147 37.86648 37.86648 37.86648 28.60012 23.12629 30.15742 25.01208 25.01208 25.01208 25.01208 25.01208 25.01208 22.60401 21.60709 21.60708 21.60709 21.60708 21.60709 21.60708 21.60709 21.60708 21.60709 24.39164 33.09037 32.90974 32.99696 31.73366 28.78468 24.38774 23.33404
0 0 0 0 0 0 0 0 0 0 0 0 0 0 0 0 0 0 0 0 0 0 0 0 0 0 0 0 0 146.8894 136.7794 108.5983 68.80636 62.79007 66.11114 66.11114 66.11114 64.20515 54.78325 42.26268 37.66636 62.2209 84.72024 82.20211 73.17519 60.15807 58.91288 72.30169 39.7472 27.52013 28.04454 29.30709 37.86648 37.86647 37.86647 37.86647 29.64683 23.12629 41.88061 25.72696 25.01208 25.01208 25.01208 25.01208 25.01208 24.33372 21.63903 21.60708 21.60708 21.60708 21.60708 21.60708 21.60708 21.61576 25.70534 33.02568 33.27362 33.27362 33.27362 33.27362 33.27362 26.99188 23.33403
0 0 0 0 0 0 0 0 0 0 0 0 0 0 0 0 0 0 0 0 0 0 0 0 0 0 0 0 0 145.8537 182.8472 225.1335 214.5792 131.9252 109.3493 86.4019 55.08952 39.56549 37.54264 37.54265 37.54264 52.23842 63.6458 58.26484 58.11851 58.11851 58.08885 49.65967 27.52013 32.45473 53.09927 48.58735 37.86648 37.86648 37.86648 37.86648 43.09207 45.65025 52.08283 28.31318 25.01209 25.01208 25.01208 25.01208 25.05852 25.01208 22.93872 21.60708 21.60708 21.60708 21.60708 21.60708 21.60708 24.84332 33.27362 33.27362 33.27362 33.27362 33.27362 33.27362 33.27362 27.3307 25.70197
0 0 0 0 0 0 0 0 0 0 0 0 0 0 0 0 0 0 0 0 0 0 0 0 0 0 0 0 0 150.7445 209.8061 225.8324 234.0917 236.5951 236.5951 154.5322 45.5339 37.54265 37.54264 37.54265 37.77307 50.45687 58.1185 58.11851 58.1185 58.1185 57.73281 50.76111 28.91212 50.03363 54.68826 49.15928 37.86647 37.86647 37.86648 37.86647 49.09058 52.89194 52.89194 28.49871 25.01208 26.43359 30.36731 40.10386 44.48761 32.61342 22.57802 21.60708 21.60709 21.60708 21.60709 21.60709 21.60708 29.00434 33.27362 33.27362 33.27362 33.27362 33.27362 33.27362 33.27362 33.27362 31.73083
0 0 0 0 0 0 0 0 0 0 0 0 0 0 0 0 0 0 0 0 0 0 0 0 0 0 0 0 139.64 179.4511 225.1335 226.0609 217.8207 157.6032 214.1145 181.5789 40.17161 37.54264 37.54265 37.54264 37.66174 48.58833 56.21338 58.11851 58.1185 57.94086 56.04644 54.62867 52.47723 54.68827 54.68827 42.34248 37.86647 37.86648 37.86647 46.84838 57.5305 52.89194 52.89193 28.52945 29.03379 44.05327 45.2704 45.2704 45.2704 24.27224 21.60708 21.60709 21.60708 21.60709 21.60708 21.60709 24.08003 33.21538 33.27362 33.27362 33.27362 33.27362 33.27362 33.27362 33.27362 33.27362 30.05825
0 0 0 0 0 0 0 0 0 0 0 0 0 0 0 0 0 0 0 0 0 116.079 129.7595 139.4197 133.532 0 114.3224 143.0123 150.0797 217.4887 225.1335 225.1335 203.2227 89.92518 203.9159 51.44874 37.54264 37.54265 37.47134 36.38072 36.27552 36.13601 36.5524 49.17832 55.58481 54.71081 54.68826 54.68826 54.68826 54.68826 54.68826 39.86875 37.86648 37.86647 51.89929 78.91818 81.33823 70.98479 52.89194 51.10818 49.44229 45.2704 45.2704 45.2704 45.26828 24.58747 21.60708 21.60708 21.60708 21.60708 21.60708 21.60708 21.60708 24.78618 31.8776 33.11814 33.10003 33.27362 33.27362 33.27362 33.27362 33.27362 32.75451
0 0 0 0 0 0 0 0 0 0 0 0 0 0 0 0 0 0 0 0 141.6362 142.8808 142.8808 142.8808 142.8808 142.8808 142.8808 142.8808 144.1106 214.7968 225.1335 225.1335 141.1914 77.88801 108.735 48.37928 45.62898 51.91553 58.84383 37.42115 36.08545 36.08545 36.08545 37.85333 43.9142 51.11712 54.68827 54.68827 54.68827 54.68827 55.95575 47.06574 67.41953 63.87715 81.82685 81.77284 68.54936 55.22301 52.89194 52.89194 51.32384 45.2704 45.2704 45.2704 44.68018 23.6399 21.60709 21.60708 21.60709 21.60708 21.60709 21.60709 23.64574 28.6264 29.55706 29.56314 29.71557 32.71773 33.27362 33.27362 33.27362 33.27362 33.27362
0 0 0 0 0 0 0 0 0 0 0 0 0 0 0 0 0 0 0 0 142.8808 142.8808 142.8808 142.8808 142.8809 142.8808 142.8808 142.8809 171.0535 219.8364 225.1335 183.136 78.35548 77.888 77.88801 77.88801 77.88801 81.70034 91.85596 89.78898 74.84525 36.08545 36.08545 36.08545 36.41436 46.00465 54.68826 54.68826 54.68826 54.68826 73.32931 84.07874 82.27328 82.27329 78.10388 53.43498 44.50715 48.34246 52.89194 52.51449 47.2284 45.2704 45.2704 45.2704 43.80734 24.80894 21.60708 21.60709 21.60709 21.60709 21.60709 21.60709 24.42652 29.55706 29.55706 29.55706 29.55706 30.054 32.61275 33.27362 33.27362 33.27362 30.72954
0 0 0 0 0 0 0 0 0 0 0 0 0 0 0 0 0 0 0 0 0 142.8808 142.8808 142.8808 143.4322 146.5177 145.9286 147.6727 180.2548 188.5876 193.0696 99.33525 77.88802 77.888 77.88801 77.88801 80.04697 90.68313 91.85596 91.85596 91.42677 63.18609 43.53454 36.08545 36.08545 42.96919 54.68826 71.26912 82.05975 87.95599 90.3258 89.76144 77.79113 82.27329 77.28564 44.50715 44.50715 45.3626 52.38439 46.78668 45.2704 45.2704 45.2704 45.2704 35.49586 21.60708 21.60708 21.60708 21.60708 21.60708 22.01574 23.45811 27.9644 29.55706 29.55707 29.55706 29.55707 29.55707 30.06956 32.38399 32.87615 31.35994 29.78572
0 0 0 0 0 0 0 0 0 0 0 0 0 0 0 0 0 0 0 0 0 142.8808 142.8808 144.1342 153.5441 155.1283 155.1283 155.1283 155.1283 155.1283 139.434 77.88801 77.88801 77.888 78.57072 79.69383 80.68547 102.999 115.7408 96.47803 99.8064 109.7408 105.0483 50.50472 73.86984 64.81544 85.08814 90.31831 91.36372 91.19971 1815.058 1126.647 70.66177 92.52745 90.68458 45.56075 44.50715 44.52923 47.16634 44.74809 45.2704 45.2704 45.82143 56.56997 59.01266 22.30834 21.60709 21.60708 21.60709 26.25417 29.55615 29.55706 29.55706 29.55706 29.55706 29.55706 29.55706 29.55706 29.55706 29.56199 23.79581 22.3599 22.3599
0 0 0 0 0 0 0 0 0 0 0 0 0 0 0 0 0 0 0 0 0 0 104.078 109.5632 155.1283 155.1283 155.0679 146.559 142.4783 147.4403 119.4785 79.64114 78.63571 89.31342 105.096 102.0282 121.5901 125.772 126.1231 117.3869 112.112 112.1121 112.1121 111.9296 95.44953 91.36372 91.36372 91.36372 91.36372 82.91446 1209.508 904.1504 85.07962 101.5368 85.49648 46.51934 44.50716 44.50715 44.50716 44.51004 44.8753 45.2704 52.66938 67.40092 67.40092 35.90914 21.60709 21.60708 22.16232 29.09314 29.55706 29.55706 29.55706 29.55706 29.55706 29.55706 29.55706 29.55706 29.55706 29.55706 22.68888 22.3599 22.3599
0 0 0 0 0 0 0 0 0 0 0 0 0 0 0 0 0 0 0 0 0 0 104.078 108.0127 120.4727 110.8717 107.0781 104.078 104.078 104.078 105.7539 108.061 109.5661 109.9273 109.9273 109.9273 122.1478 126.1231 126.1231 124.9847 114.3315 112.112 112.112 111.7521 102.5928 91.36372 91.36371 91.36372 86.72022 67.12823 66.06184 66.06184 94.79294 101.5368 129.3891 173.5912 56.61352 46.48734 44.50715 44.50715 44.50716 44.7319 59.13445 67.40092 67.40092 50.31245 21.60709 21.60708 25.94447 29.55706 29.55707 29.55707 29.55707 29.55707 29.55707 29.55706 29.55707 33.1747 42.30819 29.55706 23.46151 22.3599 22.3599
0 0 0 0 0 0 0 0 0 0 0 0 0 0 0 0 0 0 0 0 0 0 104.078 104.078 104.078 104.078 104.078 104.078 104.078 104.078 104.8285 109.6594 109.9273 109.9273 109.9273 109.9654 118.9871 120.1665 119.562 114.8729 112.1362 110.715 107.9126 103.725 93.85163 90.16802 91.36372 90.26991 68.49319 66.06184 66.06184 68.49807 95.09361 101.5368 143.9826 178.5775 70.15228 55.2887 48.02279 44.50715 44.50716 44.50715 62.68431 67.40092 67.40092 66.49219 28.46428 23.62601 29.5399 29.55706 29.55706 29.55706 30.01298 29.58904 39.25927 58.92049 57.8791 87.19968 87.24905 41.05007 24.04134 22.3599 22.3599
0 0 0 0 0 0 0 0 0 0 0 0 0 0 0 0 0 0 0 0 0 0 131.3614 267.6099 273.1259 104.078 104.078 104.078 104.078 104.078 104.078 108.435 109.9273 109.9273 109.9273 109.9273 109.9273 106.2324 87.52448 88.34824 105.2623 103.3709 103.2441 102.9157 81.69665 73.56616 84.54626 77.82013 66.06184 66.06184 66.06184 72.30046 102.856 143.4771 178.3497 140.6124 55.71526 55.71526 55.6173 52.90803 49.32375 50.46706 66.6792 67.40092 67.40092 67.40092 42.85042 25.79223 29.55706 29.55706 29.55709 29.55706 37.95674 60.71766 101.4612 103.5857 92.03515 87.71581 87.71581 80.0145 27.81037 22.95077 26.00349
0 0 0 0 0 0 0 0 0 0 0 0 0 0 0 0 0 0 0 0 0 0 404.9688 444.4692 248.6984 104.078 104.078 104.078 104.078 104.078 104.078 108.0893 109.9273 109.9273 109.9273 109.9273 108.9225 78.60823 68.73976 69.93243 98.99921 103.2441 102.7859 78.35172 66.16221 65.8763 65.8763 65.9315 66.06184 71.84415 113.6853 103.3967 165.3694 179.2291 179.1898 89.82737 55.71526 55.71526 55.71526 66.04463 67.40092 67.06053 65.08773 66.48103 67.40092 67.40092 52.58438 25.67505 30.09958 41.2288 47.06097 29.74369 52.83848 70.23028 83.81584 103.5857 94.42526 87.71581 87.71581 59.90835 29.62417 31.4562 38.65118
0 0 0 0 0 0 0 0 0 0 0 0 0 0 0 0 0 0 0 0 0 0 445.3785 445.3785 298.1526 104.7905 104.078 104.078 104.078 104.078 104.3242 109.3888 109.9273 109.9273 109.9273 101.4761 75.9056 68.73976 68.73976 68.73976 85.7644 103.2441 102.1157 78.65076 68.97789 65.8763 65.8763 65.87637 64.46386 124.5769 178.9193 179.2291 179.2291 154.8231 83.5013 55.71526 55.71526 55.71526 55.71526 62.31026 66.42529 63.14141 63.14531 67.38909 67.40092 67.40092 63.79867 42.6903 47.70656 54.64095 54.92401 54.24927 67.44852 70.23028 71.36517 86.6665 2440.465 561.0269 55.51507 30.10225 29.62417 32.31919 38.66548
0 0 0 0 0 0 0 0 0 0 0 0 0 0 0 0 0 0 0 0 0 0 445.3785 445.3785 445.3785 290.445 104.078 104.078 104.078 105.039 108.7833 109.9273 109.9273 108.6167 91.16731 69.52 68.73976 68.73976 68.73976 68.73976 77.92579 103.2439 103.2441 103.2441 79.34219 65.4198 61.65482 62.17363 59.3281 59.1747 103.4933 176.6878 172.1428 92.37413 64.34148 55.73355 55.71526 55.71526 55.71526 61.82422 62.74934 62.74933 64.07912 67.40092 67.40092 67.40092 67.40092 61.51997 54.92402 54.92402 54.92402 62.66503 70.23028 70.23028 70.23028 73.72556 469.0196 50.73898 34.8673 29.62417 29.62417 34.58967 38.66548
0 0 0 0 0 0 0 0 0 0 0 0 0 0 0 0 0 0 0 0 0 0 0 445.3785 445.3785 2176.909 7668.171 78.39008 84.1808 92.76256 94.87588 89.66886 90.61658 81.00849 73.4258 71.82088 68.73976 68.73976 68.73976 68.73977 68.73976 85.12271 103.2441 103.2441 102.0825 80.9341 59.42411 59.17471 59.17471 59.17471 59.17471 91.03726 120.1936 85.93253 85.93253 76.98512 59.46906 55.71526 55.71526 59.54425 62.74933 62.74933 65.77078 67.40092 67.40092 67.40092 67.40092 64.23778 54.92401 54.92401 54.92401 62.25665 70.23028 70.23028 70.23028 64.01036 50.73898 50.73898 38.57872 29.62417 30.82193 35.66075 38.66548
0 0 0 0 0 0 0 0 0 0 0 0 0 0 0 0 0 0 0 0 0 0 0 445.3785 445.3785 5269.917 1044.044 73.42581 73.42581 73.42582 73.42581 73.42581 73.42581 73.42581 73.42581 73.09576 71.12492 69.42479 68.73976 68.73976 68.73976 77.88499 103.2441 98.01568 89.16055 88.65835 84.31544 75.19614 69.94894 64.57357 68.12893 75.46666 85.93253 85.93253 85.93253 85.93253 85.29594 73.15875 58.61341 58.70711 62.74934 63.21498 69.10955 71.49316 70.78857 71.5665 70.46014 66.65333 59.24251 55.18546 54.92402 60.74821 70.23028 70.23027 70.23028 62.09115 50.73897 46.6689 33.98808 32.09702 34.55592 36.42438 38.66548
0 0 0 0 0 0 0 0 0 0 0 0 0 0 0 0 0 0 0 0 18754.7 18754.7 15006.35 10371.65 10066.63 73.42581 73.42581 73.42581 73.42582 73.42581 73.42581 73.42581 73.42581 73.42581 73.42581 73.42581 73.42582 73.56239 69.86761 68.73977 68.84937 77.96199 89.96738 88.68039 88.65835 88.65836 88.65835 88.65835 88.65835 88.64221 86.89133 85.93253 85.93253 85.93253 85.93253 85.93253 85.93253 85.93253 69.47758 44.08846 42.58374 46.38413 72.53966 72.68235 72.68235 72.68235 72.68235 72.68235 72.68235 63.76467 54.92402 56.20716 70.01978 70.23027 70.23028 65.21554 50.72846 38.4614 34.68613 34.68613 34.68613 35.1062 37.44909
