Scenarios/Heterogeneous/data/country_data_population_distribution/processed/density_grids/som.asc
ncols 250
nrows 336
xllcorner 41
yllcorner -1
cellsize 0.041666666666667
NODATA_value -9999
[rows 259 to 295 of 336, columns 0 to 84 of 250]
2.773933 2.773933 2.773933 2.773933 2.773933 2.773933 2.773933 2.773933 2.773933 2.773933 2.773933 2.773933 2.773933 2.773933 2.773933 2.773933 2.773933 2.773933 2.773933 2.773933 2.773933 2.773933 2.773933 2.773933 2.773933 2.773933 2.773933 2.773933 2.773933 2.773933 2.773933 2.773933 2.773933 2.773933 2.773933 10.83186 15.77073 15.77073 15.77073 15.77073 15.77073 15.77073 15.77073 15.77073 15.77073 15.77073 15.77073 15.77073 15.77073 15.77073 15.77073 15.06979 10.35374 10.04928 10.04928 10.04928 10.04928 10.04928 10.04928 10.04928 10.04928 10.04928 10.04928 10.04928 10.04928 10.04928 13.61141 25.15618 29.85058 29.85058 29.85058 29.85058 29.85058 29.85058 29.85058 29.85058 0 0 0 0 0 0 0 0 0
2.773933 2.773933 2.773933 2.773933 2.773933 2.773933 2.773933 2.773933 2.773933 2.773933 2.773933 2.773933 2.773933 2.773933 2.773933 2.773933 2.773933 2.773933 2.773933 2.773933 2.773933 2.773933 2.773933 2.773933 2.773933 2.773933 2.773933 2.773933 2.773933 2.773933 2.773933 2.773933 2.773933 2.773933 2.773933 6.499559 15.77073 15.77073 15.77073 15.77073 15.77073 15.77073 15.77073 15.77073 15.77073 15.77073 15.77073 15.77073 15.77073 15.77073 15.77073 15.77073 13.51146 10.04928 10.04928 10.04928 10.04928 10.04928 10.04928 10.04928 10.04928 10.04928 10.04928 10.04928 11.16655 21.17637 29.54275 29.85058 29.85058 29.85058 29.85058 29.85058 29.85058 29.85058 29.85058 0 0 0 0 0 0 0 0 0 0
2.773933 2.773933 2.773933 2.773933 2.773933 2.773933 2.773933 2.773933 2.773933 2.773933 2.773933 2.773933 2.773933 2.773933 2.773933 2.773933 2.773933 2.773933 2.773933 2.773933 2.773933 2.773933 2.773933 2.773933 2.773933 2.773933 2.773933 2.773933 2.773933 2.773933 2.773933 2.773933 2.773933 2.773933 2.773933 3.054612 14.88338 15.77073 15.77073 15.77073 15.77073 15.77073 15.77073 15.77073 15.77073 15.77073 15.77073 15.77073 15.77073 15.77073 15.77073 15.77073 15.75663 11.66277 10.04928 10.04928 10.04928 10.04928 10.04928 10.04928 10.04928 10.04928 10.10065 17.12064 27.93188 29.85058 29.85058 29.85058 29.85058 29.85058 29.85058 29.85058 29.85058 29.85058 0 0 0 0 0 0 0 0 0 0 0
2.773933 2.773933 2.773933 2.773933 2.773933 2.773933 2.773933 2.773933 2.773933 2.773933 2.773933 2.773933 2.773933 2.773933 2.773933 2.773933 2.773933 2.773933 2.773933 2.773933 2.773933 2.773933 2.773933 2.773933 2.773933 2.773933 2.773933 2.773933 2.773933 2.773933 2.773933 2.773933 2.773933 2.773933 2.773933 2.773933 10.83176 15.77073 15.77073 15.77073 15.77073 15.77073 15.77073 15.77073 15.77073 15.77073 15.77073 15.77073 15.77073 15.77073 15.77073 15.77073 15.77073 15.14771 10.4089 10.04928 10.04928 10.04928 10.04928 10.04928 10.04928 13.42934 24.94205 29.85058 29.85058 29.85058 29.85058 29.85058 29.85058 29.85058 29.85058 29.85058 29.85058 0 0 0 0 0 0 0 0 0 0 0 0
2.773933 2.773933 2.773933 2.773933 2.773933 2.773933 2.773933 2.773933 2.773933 2.773933 2.773933 2.773933 2.773933 2.773933 2.773933 2.773933 2.773933 2.773933 2.773933 2.773933 2.773933 2.773933 2.773933 2.773933 2.773933 2.773933 2.773933 2.773933 2.773933 2.773933 2.773933 2.773933 2.773933 2.773933 2.773933 2.773933 6.499466 15.77073 15.77073 15.77073 15.77073 15.77073 15.77073 15.77073 15.77073 15.77073 15.77073 15.77073 15.77073 15.77073 15.77073 15.77073 15.77091 19.8165 21.97156 10.04948 10.04928 10.04928 10.04928 11.06563 20.93769 29.48614 29.85058 29.85058 29.85058 29.85058 29.85058 29.85058 29.85058 29.85058 29.85058 0 0 0 0 0 0 0 0 0 0 0 0 0 0
2.773933 2.773933 2.773933 2.773933 2.773933 2.773933 2.773933 2.773933 2.773933 2.773933 2.773933 2.773933 2.773933 2.773933 2.773933 2.773933 2.773933 2.773933 2.773933 2.773933 2.773933 2.773933 2.773933 2.773933 2.773933 2.773933 2.773933 2.773933 2.773933 2.773933 2.773933 2.773933 2.773933 2.773933 2.773933 2.773933 3.054579 14.88332 15.77073 15.77073 15.77073 15.77073 15.77073 15.77073 15.77073 15.77073 15.77073 15.77073 15.77073 15.77073 15.79177 20.54028 28.89357 33.01664 33.01664 18.48414 10.04928 10.08089 16.88196 27.79411 29.85058 29.85058 29.85058 29.85058 29.85058 29.85058 29.85058 29.85058 29.85058 29.85058 0 0 0 0 0 0 0 0 0 0 0 0 0 0 0
2.773933 2.773933 2.773933 2.773933 2.773933 2.773933 2.773933 2.773933 2.773933 2.773933 2.773933 2.773933 2.773933 2.773933 2.773933 2.773933 2.773933 2.773933 2.773933 2.773933 2.773933 2.773933 2.773933 2.773933 2.773933 2.773933 2.773933 2.773933 2.773933 2.773933 2.773933 2.773933 2.773933 2.773933 2.773933 2.773933 2.773933 10.83167 15.77073 15.77073 15.77073 15.77073 15.77073 15.77073 15.77073 15.77073 15.77073 15.77073 15.8474 21.07925 29.41168 33.01664 33.01664 33.01664 33.01664 31.87298 16.41462 24.72313 29.85058 29.85058 29.85058 29.85058 29.85058 29.85058 29.85058 29.85058 29.85058 29.85058 29.85058 0 0 0 0 0 0 0 0 0 0 0 0 0 0 0 0
2.773933 2.773933 2.773933 2.773933 2.773933 2.773933 2.773933 2.773933 2.773933 2.773933 2.773933 2.773933 2.773933 2.773933 2.773933 2.773933 2.773933 2.773933 2.773933 2.773933 2.773933 2.773933 2.773933 2.773933 2.773933 2.773933 2.773933 2.773933 2.773933 2.773933 2.773933 2.773933 2.773933 2.773933 2.773933 2.773933 2.773933 6.499374 15.77073 15.77073 15.77073 15.77073 15.77073 15.77073 15.77073 15.77073 15.93781 21.61823 29.89502 33.01664 33.01664 33.01664 33.01664 33.01664 33.01664 33.01664 32.33517 29.8987 29.85058 29.85058 29.85058 29.85058 29.85058 29.85058 29.85058 29.85058 29.85058 0 0 0 0 0 0 0 0 0 0 0 0 0 0 0 0 0 0
2.773933 2.773933 2.773933 2.773933 2.773933 2.773933 2.773933 2.773933 2.773933 2.773933 2.773933 2.773933 2.773933 2.773933 2.773933 2.773933 2.773933 2.773933 2.773933 2.773933 2.773933 2.773933 2.773933 2.773933 2.773933 2.773933 2.773933 2.773933 2.773933 2.773933 2.773933 2.773933 2.773933 2.773933 2.773933 2.773933 2.773933 3.054545 14.88326 15.77073 15.77073 15.77073 15.77073 15.77073 16.063 22.1572 30.34358 33.01664 33.01664 33.01664 33.01664 33.01664 33.01664 33.01664 33.01664 33.01664 33.01664 31.40076 29.85058 29.85058 29.85058 29.85058 29.85058 29.85058 29.85058 29.85058 0 0 0 0 0 0 0 0 0 0 0 0 0 0 0 0 0 0 0
2.773933 2.773933 2.773933 2.773933 2.773933 2.773933 2.773933 2.773933 2.773933 2.773933 2.773933 2.773933 2.773933 2.773933 2.773933 2.773933 2.773933 2.773933 2.773933 2.773933 2.773933 2.773933 2.773933 2.773933 2.773933 2.773933 2.773933 2.773933 2.773933 2.773933 2.773933 2.773933 2.773933 2.773933 2.773933 2.773933 2.773933 2.773933 10.83158 15.77073 15.77073 15.77073 16.22296 22.69617 30.75737 33.01664 33.01664 33.01664 33.01664 33.01664 33.01664 33.01664 33.01664 33.01664 33.01664 33.01664 33.01664 32.95374 30.48114 29.85058 29.85058 29.85058 29.85058 29.85058 29.85058 0 0 0 0 0 0 0 0 0 0 0 0 0 0 0 0 0 0 0 0
2.773933 2.773933 2.773933 2.773933 2.773933 2.773933 2.773933 2.773933 2.773933 2.773933 2.773933 2.773933 2.773933 2.773933 2.773933 2.773933 2.773933 2.773933 2.773933 2.773933 2.773933 2.773933 2.773933 2.773933 2.773933 2.773933 2.773933 2.773933 2.773933 2.773933 2.773933 2.773933 2.773933 2.773933 2.773933 2.773933 2.773933 2.773933 6.499281 15.77073 16.41769 23.23515 31.13638 33.01664 33.01664 33.01664 33.01664 33.01664 33.01664 33.01664 33.01664 33.01664 33.01664 33.01664 33.01664 33.01664 33.01664 33.01664 32.49685 29.9555 29.85058 29.85058 29.85058 29.85058 0 0 0 0 0 0 0 0 0 0 0 0 0 0 0 0 0 0 0 0 0
2.773933 2.773933 2.773933 2.773933 2.773933 2.773933 2.773933 2.773933 2.773933 2.773933 2.773933 2.773933 2.773933 2.773933 2.773933 2.773933 2.773933 2.773933 2.773933 2.773933 2.773933 2.773933 2.773933 2.773933 2.773933 2.773933 2.773933 2.773933 2.773933 2.773933 2.773933 2.773933 2.773933 2.773933 2.773933 2.773933 2.773933 2.773933 3.054512 22.24778 31.48061 33.01664 33.01664 33.01664 33.01664 33.01664 33.01664 33.01664 33.01664 33.01664 33.01664 33.01664 33.01664 33.01664 33.01664 33.01664 33.01664 33.01664 33.01664 31.61924 29.85058 29.85058 29.85058 0 0 0 0 0 0 0 0 0 0 0 0 0 0 0 0 0 0 0 0 0 0
2.773933 2.773933 2.773933 2.773933 2.773933 2.773933 2.773933 2.773933 2.773933 2.773933 2.773933 2.773933 2.773933 2.773933 2.773933 2.773933 2.773933 2.773933 2.773933 2.773933 2.773933 2.773933 2.773933 2.773933 2.773933 2.773933 2.773933 2.773933 2.773933 2.773933 2.773933 2.773933 2.773933 2.773933 2.773933 2.773933 2.773933 2.773933 2.773933 23.63317 33.01664 33.01664 33.01664 33.01664 33.01664 33.01664 33.01664 33.01664 33.01664 33.01664 33.01664 33.01664 33.01664 33.01664 33.01664 33.01664 33.01664 33.01664 33.01664 32.99525 30.81267 29.85058 0 0 0 0 0 0 0 0 0 0 0 0 0 0 0 0 0 0 0 0 0 0 0
2.773933 2.773933 2.773933 2.773933 2.773933 2.773933 2.773933 2.773933 2.773933 2.773933 2.773933 2.773933 2.773933 2.773933 2.773933 2.773933 2.773933 2.773933 2.773933 2.773933 2.773933 2.773933 2.773933 2.773933 2.773933 2.773933 2.773933 2.773933 2.773933 2.773933 2.773933 2.773933 2.773933 2.773933 2.773933 2.773933 2.773933 2.773933 2.773933 16.25703 33.01664 33.01664 33.01664 33.01664 33.01664 33.01664 33.01664 33.01664 33.01664 33.01664 33.01664 33.01664 33.01664 33.01664 33.01664 33.01664 33.01664 33.01664 33.01664 33.01664 33.01664 0 0 0 0 0 0 0 0 0 0 0 0 0 0 0 0 0 0 0 0 0 0 0 0
2.773933 2.773933 2.773933 2.773933 2.773933 2.773933 2.773933 2.773933 2.773933 2.773933 2.773933 2.773933 2.773933 2.773933 2.773933 2.773933 2.773933 2.773933 2.773933 2.773933 2.773933 2.773933 2.773933 2.773933 2.773933 2.773933 2.773933 2.773933 2.773933 2.773933 2.773933 2.773933 2.773933 2.773933 2.773933 2.773933 2.773933 2.773933 2.773933 8.880895 33.01664 33.01664 33.01664 33.01664 33.01664 33.01664 33.01664 33.01664 33.01664 33.01664 33.01664 33.01664 33.01664 33.01664 33.01664 33.01664 33.01664 33.01664 33.01664 33.01664 0 0 0 0 0 0 0 0 0 0 0 0 0 0 0 0 0 0 0 0 0 0 0 0 0
2.773933 2.773933 2.773933 2.773933 2.773933 2.773933 2.773933 2.773933 2.773933 2.773933 2.773933 2.773933 2.773933 2.773933 2.773933 2.773933 2.773933 2.773933 2.773933 2.773933 2.773933 2.773933 2.773933 2.773933 2.773933 2.773933 2.773933 2.773933 2.773933 2.773933 2.773933 2.773933 2.773933 2.773933 2.773933 2.773933 2.773933 2.773933 2.773933 3.170552 31.35085 33.01664 33.01664 33.01664 33.01664 33.01664 33.01664 33.01664 33.01664 33.01664 33.01664 33.01664 33.01664 33.01664 33.01664 33.01664 33.01664 33.01664 33.01664 0 0 0 0 0 0 0 0 0 0 0 0 0 0 0 0 0 0 0 0 0 0 0 0 0 0
2.773933 2.773933 2.773933 2.773933 2.773933 2.773933 2.773933 2.773933 2.773933 2.773933 2.773933 2.773933 2.773933 2.773933 2.773933 2.773933 2.773933 2.773933 2.773933 2.773933 2.773933 2.773933 2.773933 2.773933 2.773933 2.773933 2.773933 2.773933 2.773933 2.773933 2.773933 2.773933 2.773933 2.773933 2.773933 2.773933 2.773933 2.773933 2.773933 2.773933 24.37132 33.01664 33.01664 33.01664 33.01664 33.01664 33.01664 33.01664 33.01664 33.01664 33.01664 33.01664 33.01664 33.01664 33.01664 33.01664 33.01664 33.01664 0 0 0 0 0 0 0 0 0 0 0 0 0 0 0 0 0 0 0 0 0 0 0 0 0 0 0
2.773933 2.773933 2.773933 2.773933 2.773933 2.773933 2.773933 2.773933 2.773933 2.773933 2.773933 2.773933 2.773933 2.773933 2.773933 2.773933 2.773933 2.773933 2.773933 2.773933 2.773933 2.773933 2.773933 2.773933 2.773933 2.773933 2.773933 2.773933 2.773933 2.773933 2.773933 2.773933 2.773933 2.773933 2.773933 2.773933 2.773933 2.773933 2.773933 2.773933 16.99518 33.01664 33.01664 33.01664 33.01664 33.01664 33.01664 33.01664 33.01664 33.01664 33.01664 33.01664 33.01664 33.01664 33.01664 33.01664 33.01664 0 0 0 0 0 0 0 0 0 0 0 0 0 0 0 0 0 0 0 0 0 0 0 0 0 0 0 0
2.773933 2.773933 2.773933 2.773933 2.773933 2.773933 2.773933 2.773933 2.773933 2.773933 2.773933 2.773933 2.773933 2.773933 2.773933 2.773933 2.773933 2.773933 2.773933 2.773933 2.773933 2.773933 2.773933 2.773933 2.773933 2.773933 2.773933 2.773933 2.773933 2.773933 2.773933 2.773933 2.773933 2.773933 2.773933 2.773933 2.773933 2.773933 2.773933 2.773933 9.619042 33.01664 33.01664 33.01664 33.01664 33.01664 33.01664 33.01664 33.01664 33.01664 33.01664 33.01664 33.01664 33.01664 33.01664 33.01664 0 0 0 0 0 0 0 0 0 0 0 0 0 0 0 0 0 0 0 0 0 0 0 0 0 0 0 0 0
2.773933 2.773933 2.773933 2.773933 2.773933 2.773933 2.773933 2.773933 2.773933 2.773933 2.773933 2.773933 2.773933 2.773933 2.773933 2.773933 2.773933 2.773933 2.773933 2.773933 2.773933 2.773933 2.773933 2.773933 2.773933 2.773933 2.773933 2.773933 2.773933 2.773933 2.773933 2.773933 2.773933 2.773933 2.773933 2.773933 2.773933 2.773933 2.773933 2.773933 3.44955 31.81 33.01664 33.01664 33.01664 33.01664 33.01664 33.01664 33.01664 33.01664 33.01664 33.01664 33.01664 33.01664 33.01664 0 0 0 0 0 0 0 0 0 0 0 0 0 0 0 0 0 0 0 0 0 0 0 0 0 0 0 0 0 0
2.773933 2.773933 2.773933 2.773933 2.773933 2.773933 2.773933 2.773933 2.773933 2.773933 2.773933 2.773933 2.773933 2.773933 2.773933 2.773933 2.773933 2.773933 2.773933 2.773933 2.773933 2.773933 2.773933 2.773933 2.773933 2.773933 2.773933 2.773933 2.773933 2.773933 2.773933 2.773933 2.773933 2.773933 2.773933 2.773933 2.773933 2.773933 2.773933 2.773933 2.773933 25.10947 33.01664 33.01664 33.01664 33.01664 33.01664 33.01664 33.01664 33.01664 33.01664 33.01664 33.01664 33.01664 0 0 0 0 0 0 0 0 0 0 0 0 0 0 0 0 0 0 0 0 0 0 0 0 0 0 0 0 0 0 0
2.773933 2.773933 2.773933 2.773933 2.773933 2.773933 2.773933 2.773933 2.773933 2.773933 2.773933 2.773933 2.773933 2.773933 2.773933 2.773933 2.773933 2.773933 2.773933 2.773933 2.773933 2.773933 2.773933 2.773933 2.773933 2.773933 2.773933 2.773933 2.773933 2.773933 2.773933 2.773933 2.773933 2.773933 2.773933 2.773933 2.773933 2.773933 2.773933 2.773933 2.773933 38.9087 59.98331 60.8155 61.64769 62.47987 63.31206 64.14425 64.97643 65.80862 66.6408 66.83985 45.86253 0 0 0 0 0 0 0 0 0 0 0 0 0 0 0 0 0 0 0 0 0 0 0 0 0 0 0 0 0 0 0 0
2.773933 2.773933 2.773933 2.773933 2.773933 2.773933 2.773933 2.773933 2.773933 2.773933 2.773933 2.773933 2.773933 2.773933 2.773933 2.773933 2.773933 2.773933 2.773933 2.773933 2.773933 2.773933 2.773933 2.773933 2.773933 2.773933 2.773933 2.773933 2.773933 2.773933 2.773933 2.773933 2.773933 2.773933 2.773933 2.773933 2.773933 2.773933 2.773933 2.773933 32.77532 91.68501 92.45093 92.45094 92.45093 92.45094 92.45094 92.45093 92.45093 92.45094 92.45094 92.45094 0 0 0 0 0 0 0 0 0 0 0 0 0 0 0 0 0 0 0 0 0 0 0 0 0 0 0 0 0 0 0 0 0
2.773933 2.773933 2.773933 2.773933 2.773933 2.773933 2.773933 2.773933 2.773933 2.773933 2.773933 2.773933 2.773933 2.773933 2.773933 2.773933 2.773933 2.773933 2.773933 2.773933 2.773933 2.773933 2.773933 2.773933 2.773933 2.773933 2.773933 2.773933 2.773933 2.773933 2.773933 2.773933 2.773933 2.773933 2.773933 2.773933 2.773933 2.773933 2.773933 25.54108 89.95129 92.45094 92.45094 92.45094 92.45094 92.45094 92.45094 92.45094 92.45094 92.45094 92.45094 0 0 0 0 0 0 0 0 0 0 0 0 0 0 0 0 0 0 0 0 0 0 0 0 0 0 0 0 0 0 0 0 0 0
2.773933 2.773933 2.773933 2.773933 2.773933 2.773933 2.773933 2.773933 2.773933 2.773933 2.773933 2.773933 2.773933 2.773933 2.773933 2.773933 2.773933 2.773933 2.773933 2.773933 2.773933 2.773933 2.773933 2.773933 2.773933 2.773933 2.773933 2.773933 2.773933 2.773933 2.773933 2.773933 2.773933 2.773933 2.773933 2.773933 2.773933 2.773933 19.30331 87.20301 92.45094 92.45094 92.45094 92.45094 92.45094 92.45094 92.45094 92.45094 92.45094 92.45094 0 0 0 0 0 0 0 0 0 0 0 0 0 0 0 0 0 0 0 0 0 0 0 0 0 0 0 0 0 0 0 0 0 0 0
2.773933 2.773933 2.773933 2.773933 2.773933 2.773933 2.773933 2.773933 2.773933 2.773933 2.773933 2.773933 2.773933 2.773933 2.773933 2.773933 2.773933 2.773933 2.773933 2.773933 2.773933 2.773933 2.773933 2.773933 2.773933 2.773933 2.773933 2.773933 2.773933 2.773933 2.773933 2.773933 2.773933 2.773933 2.773933 2.773933 2.773933 14.06202 83.4944 92.45094 92.45094 92.45094 92.45094 92.45094 92.45094 92.45094 92.45094 92.45094 92.45093 92.45093 0 0 0 0 0 0 0 0 0 0 0 0 0 0 0 0 0 0 0 0 0 0 0 0 0 0 0 0 0 0 0 0 0 0 0
2.773933 2.773933 2.773933 2.773933 2.773933 2.773933 2.773933 2.773933 2.773933 2.773933 2.773933 2.773933 2.773933 2.773933 2.773933 2.773933 2.773933 2.773933 2.773933 2.773933 2.773933 2.773933 2.773933 2.773933 2.773933 2.773933 2.773933 2.773933 2.773933 2.773933 2.773933 2.773933 2.773933 2.773933 2.773933 2.773933 2.773933 69.28654 92.45094 92.45094 92.45094 92.45094 92.45094 92.45094 92.45094 92.45094 92.45094 92.45094 92.45094 0 0 0 0 0 0 0 0 0 0 0 0 0 0 0 0 0 0 0 0 0 0 0 0 0 0 0 0 0 0 0 0 0 0 0 0
2.773933 2.773933 2.773933 2.773933 2.773933 2.773933 2.773933 2.773933 2.773933 2.773933 2.773933 2.773933 2.773933 2.773933 2.773933 2.773933 2.773933 2.773933 2.773933 2.773933 2.773933 2.773933 2.773933 2.773933 2.773933 2.773933 2.773933 2.773933 2.773933 2.773933 2.773933 2.773933 2.773933 2.773933 2.773933 2.773933 2.773933 74.51717 92.45094 92.45093 92.45093 92.45094 92.45093 92.45094 92.45093 92.45094 92.45094 92.45094 0 0 0 0 0 0 0 0 0 0 0 0 0 0 0 0 0 0 0 0 0 0 0 0 0 0 0 0 0 0 0 0 0 0 0 0 0
2.775525 2.773933 2.773933 2.773933 2.773933 2.773933 2.773933 2.773933 2.773933 2.773933 2.773933 2.773933 2.773933 2.773933 2.773933 2.773933 2.773933 2.773933 2.773933 2.773933 2.773933 2.773933 2.773933 2.773933 2.773933 2.773933 2.773933 2.773933 2.773933 2.773933 2.773933 2.773933 2.773933 2.773933 2.773933 2.773933 2.773933 83.82128 92.45094 92.45094 92.45094 92.45094 92.45094 92.45094 92.45094 92.45094 92.45093 0 0 0 0 0 0 0 0 0 0 0 0 0 0 0 0 0 0 0 0 0 0 0 0 0 0 0 0 0 0 0 0 0 0 0 0 0 0
2.882854 2.773933 2.773933 2.773933 2.773933 2.773933 2.773933 2.773933 2.773933 2.773933 2.773933 2.773933 2.773933 2.773933 2.773933 2.773933 2.773933 2.773933 2.773933 2.773933 2.773933 2.773933 2.773933 2.773933 2.773933 2.773933 2.773933 2.773933 2.773933 2.773933 2.773933 2.773933 2.773933 2.773933 2.817299 3.150723 3.654757 76.79675 92.45094 92.45094 92.45094 92.45094 92.45094 92.45094 92.45094 92.45094 0 0 0 0 0 0 0 0 0 0 0 0 0 0 0 0 0 0 0 0 0 0 0 0 0 0 0 0 0 0 0 0 0 0 0 0 0 0 0
2.853192 2.773933 2.773933 2.773933 2.773933 2.773933 2.773933 2.773933 2.773933 2.773933 2.773933 2.773933 2.773933 2.773933 2.773933 2.773933 2.773933 4.471942 9.517112 14.65181 19.78652 23.07908 23.4902 23.86704 24.24389 24.62074 24.99758 25.37443 25.75127 26.12812 26.50496 26.88181 27.25866 27.6355 27.96898 28.01998 28.01998 43.2689 86.98239 92.45094 92.45094 92.45094 92.45094 92.45094 92.45094 0 0 0 0 0 0 0 0 0 0 0 0 0 0 0 0 0 0 0 0 0 0 0 0 0 0 0 0 0 0 0 0 0 0 0 0 0 0 0 0
2.78977 2.773933 2.773933 2.773933 2.773933 2.773933 2.773933 2.773933 2.773933 2.773933 2.773933 2.773933 4.142096 9.089644 14.22435 19.35905 24.49375 27.93045 28.01998 28.01998 28.01998 28.01998 28.01998 28.01998 28.01998 28.01998 28.01998 28.01998 28.01998 28.01998 28.01998 28.01998 28.01998 28.01998 28.01998 28.01998 28.01998 28.01998 36.0537 80.93583 92.45094 92.45094 92.45094 92.45094 0 0 0 0 0 0 0 0 0 0 0 0 0 0 0 0 0 0 0 0 0 0 0 0 0 0 0 0 0 0 0 0 0 0 0 0 0 0 0 0 0
2.778632 2.773933 2.773933 2.773933 2.773933 2.773933 2.773933 3.847837 8.662179 13.79688 18.93158 24.06629 27.83283 28.01998 28.01998 28.01998 28.01998 28.01998 28.01998 28.01998 28.01998 28.01998 28.01998 28.01998 28.01998 28.01998 28.01998 28.01998 28.01998 28.01998 28.01998 28.01998 28.01998 28.01998 28.01998 28.01998 28.01998 28.01998 28.01998 31.18653 72.66364 92.45094 92.45093 0 0 0 0 0 0 0 0 0 0 0 0 0 0 0 0 0 0 0 0 0 0 0 0 0 0 0 0 0 0 0 0 0 0 0 0 0 0 0 0 0 0
2.769588 2.773933 2.951931 3.526957 4.116647 4.706337 5.319684 20.16504 28.01998 28.01998 28.01998 28.01998 28.01998 28.01998 28.01998 28.01998 28.01998 28.01998 28.01998 28.01998 28.01998 28.01998 28.01998 28.01998 28.01998 28.01998 28.01998 28.01998 28.01998 28.01998 28.01998 28.01998 28.01998 28.01998 28.01998 28.01998 28.01998 28.01998 28.01998 28.01998 28.68874 76.63055 0 0 0 0 0 0 0 0 0 0 0 0 0 0 0 0 0 0 0 0 0 0 0 0 0 0 0 0 0 0 0 0 0 0 0 0 0 0 0 0 0 0 0
4.728443 5.383764 5.795456 5.810121 5.81012 5.810121 5.81012 6.441641 22.53195 28.01998 28.01998 28.01998 28.01998 28.01998 28.01998 28.01998 28.01998 28.01998 28.01998 28.01998 28.01998 28.01998 28.01998 28.01998 28.01998 28.01998 28.01998 28.01998 28.01998 28.01998 28.01998 28.01998 28.01998 28.01998 28.01998 28.01998 28.01998 28.01998 28.01998 28.01998 28.01998 0 0 0 0 0 0 0 0 0 0 0 0 0 0 0 0 0 0 0 0 0 0 0 0 0 0 0 0 0 0 0 0 0 0 0 0 0 0 0 0 0 0 0 0
5.739857 5.81012 5.810121 5.81012 5.810121 5.81012 5.810121 5.81012 7.242803 24.25486 28.01998 28.01998 28.01998 28.01998 28.01998 28.01998 28.01998 28.01998 28.01998 28.01998 28.01998 28.01998 28.01998 28.01998 28.01998 28.01998 28.01998 28.01998 28.01998 28.01998 28.01998 28.01998 28.01998 28.01998 28.01998 28.01998 28.01998 28.01998 28.01998 28.01998 0 0 0 0 0 0 0 0 0 0 0 0 0 0 0 0 0 0 0 0 0 0 0 0 0 0 0 0 0 0 0 0 0 0 0 0 0 0 0 0 0 0 0 0 0
5.802538 5.810121 5.810121 5.810121 5.81012 5.810121 5.81012 5.810121 5.810121 8.367599 25.65415 28.01998 28.01998 28.01998 28.01998 28.01998 28.01998 28.01998 28.01998 28.01998 28.01998 28.01998 28.01998 28.01998 28.01998 28.01998 28.01998 28.01998 28.01998 28.01998 28.01998 28.01998 28.01998 28.01998 28.01998 28.01998 28.01998 28.01998 28.01998 0 0 0 0 0 0 0 0 0 0 0 0 0 0 0 0 0 0 0 0 0 0 0 0 0 0 0 0 0 0 0 0 0 0 0 0 0 0 0 0 0 0 0 0 0 0
