Scenarios/Heterogeneous/data/country_data_population_distribution/processed/density_grids/som.asc
ncols 250
nrows 336
xllcorner 41
yllcorner -1
cellsize 0.041666666666667
NODATA_value -9999
[rows 185 to 221 of 336, columns 85 to 169 of 250]
17.85409 17.85409 17.85409 17.83363 16.9537 16.92614 16.92614 16.92614 16.92614 16.92614 16.92614 16.92614 16.15949 13.81211 11.4169 10.14104 10.13972 10.13972 10.13972 10.13972 10.13972 10.13972 10.13972 10.13972 10.15781 10.13972 10.13972 10.13972 10.13972 10.13972 10.13972 10.13972 10.13972 10.13972 10.13972 10.13972 10.13972 10.13972 10.13972 10.13972 10.13972 10.13972 10.10416 9.286201 8.717102 8.718011 9.039528 9.619441 10.18034 10.34083 10.34083 10.34083 10.34083 10.34083 10.34083 10.34083 10.34083 10.34083 10.34083 10.34083 10.34083 10.34083 10.34083 10.34083 10.34083 10.34083 10.34083 10.34083 10.34083 10.34083 10.34083 10.34083 10.34083 10.34083 10.34083 10.34083 10.34083 10.34083 0 0 0 0 0 0 0
17.85409 17.85409 17.85409 17.85409 17.12429 16.92614 16.92614 16.92614 16.92614 16.92614 16.92614 15.81758 10.34324 10.13972 10.13972 10.13972 10.13972 10.13972 10.13972 10.13972 10.13972 10.13972 10.13972 10.13972 10.13972 10.13972 10.13972 10.13972 10.13972 10.13972 10.13972 10.13972 10.13972 10.13972 10.13972 10.13972 10.13972 10.13972 10.13972 10.13972 10.13972 10.13972 10.13972 10.13972 9.750764 10.08243 10.34083 10.34083 10.34083 10.34083 10.34083 10.34083 10.34083 10.34083 10.34083 10.34083 10.34083 10.34083 10.34083 10.34083 10.34083 10.34083 10.34083 10.34083 10.34083 10.34083 10.34083 10.34083 10.34083 10.34083 10.34083 10.34083 10.34083 10.34083 10.34083 10.34083 10.34083 10.34083 0 0 0 0 0 0 0
17.85409 17.85409 17.85409 17.85409 17.31534 16.92614 16.92614 16.92614 16.92614 16.92614 16.83566 11.58745 10.13972 10.13972 10.13972 10.13972 10.13972 10.13972 10.13972 10.13972 10.13972 10.13972 10.13972 10.13972 10.13972 10.13972 10.13972 10.13972 10.13972 10.13972 10.13972 10.13972 10.13972 10.13972 10.13972 10.13972 10.13972 10.13972 10.13972 10.13972 10.13972 10.13972 10.13972 10.13972 10.22619 10.34083 10.34083 10.34083 10.34083 10.34083 10.34083 10.34083 10.34083 10.34083 10.34083 10.34083 10.34083 10.34083 10.34083 10.34083 10.34083 10.34083 10.34083 10.34083 10.34083 10.34083 10.34083 10.34083 10.34083 10.34083 10.34083 10.34083 10.34083 10.34083 10.34083 10.34083 10.34083 0 0 0 0 0 0 0 0
17.85409 17.85409 17.85409 17.85409 17.50639 16.92614 16.92614 16.92614 16.92614 16.90245 13.63634 10.13972 10.13972 10.13972 10.13972 10.13972 10.13972 10.13972 10.13972 10.13972 10.13972 10.13972 10.13972 10.13972 10.13972 10.13972 10.13972 10.13972 10.13972 10.13972 10.13972 10.13972 10.13972 10.13972 10.13972 10.13972 10.13972 10.13972 10.13972 10.13972 10.13972 10.13972 10.13972 10.13972 10.2321 10.34083 10.34083 10.34083 10.34083 10.34083 10.34083 10.34083 10.34083 10.34083 10.34083 10.34083 10.34083 10.34083 10.34083 10.34083 10.34083 10.34083 10.34083 10.34083 10.34083 10.34083 10.34083 10.34083 10.34083 10.34083 10.34083 10.34083 10.34083 10.34083 10.34083 10.34083 0 0 0 0 0 0 0 0 0
17.85409 17.85409 17.85409 17.85409 17.69743 16.92614 16.29371 14.47065 12.61982 10.7927 10.13972 10.13972 10.13972 10.13972 10.13972 10.13972 10.13972 10.13972 10.13972 10.13972 10.13972 10.13972 10.13972 10.13972 10.13972 10.13972 10.13972 10.13972 10.13972 10.13972 10.13972 10.13972 10.13972 10.13972 10.13972 10.13972 10.13972 10.13972 10.13972 10.13972 10.13972 10.13972 10.13972 10.13972 10.23802 10.34083 10.34083 10.34083 10.34083 10.34083 10.34083 10.34083 10.34083 10.34083 10.34083 10.34083 10.34083 10.34083 10.34083 10.34083 10.34083 10.34083 10.34083 10.34083 10.34083 10.34083 10.34083 10.34083 10.34083 10.34083 10.34083 10.34083 10.34083 10.34083 10.34083 0 0 0 0 0 0 0 0 0 0
17.85409 17.85409 17.85409 17.85409 17.84431 11.81056 10.16752 10.13972 10.13972 10.13972 10.13972 10.13972 10.13972 10.13972 10.13972 10.13972 10.13972 10.13972 10.13972 10.13972 10.13972 10.13972 10.13972 10.13972 10.13972 10.13972 10.13972 10.13972 10.13972 10.13972 10.13972 10.13972 10.13972 10.13972 10.13972 10.13972 10.13972 10.13972 10.13972 10.13972 10.13972 10.13972 10.13972 10.13972 10.24394 10.34083 10.34083 10.34083 10.34083 10.34083 10.34083 10.34083 10.34083 10.34083 10.34083 10.34083 10.34083 10.34083 10.34083 10.34083 10.34083 10.34083 10.34083 10.34083 10.34083 10.34083 10.34083 10.34083 10.34083 10.34083 10.34083 10.34083 10.34083 10.34083 0 0 0 0 0 0 0 0 0 0 0
17.85409 17.85409 17.85409 17.85409 17.85409 12.30707 10.13972 10.13972 10.13972 10.13972 10.13972 10.13972 10.13972 10.13972 10.13972 10.13972 10.13972 10.13972 10.13972 10.13972 10.13972 10.13972 10.13972 10.13972 10.13972 10.13972 10.13972 10.13972 10.13972 10.13972 10.13972 10.13972 10.13972 10.13972 10.13972 10.13972 10.13972 10.13972 10.13972 10.13972 10.13972 10.13972 10.13972 10.13972 10.24985 10.34083 10.34083 10.34083 10.34083 10.34083 10.34083 10.34083 10.34083 10.34083 10.34083 10.34083 10.34083 10.34083 10.34083 10.34083 10.34083 10.34083 10.34083 10.34083 10.34083 10.34083 10.34083 10.34083 10.34083 10.34083 10.34083 10.34083 10.34083 0 0 0 0 0 0 0 0 0 0 0 0
17.85409 17.85409 17.85409 17.85409 17.85409 14.14379 10.13972 10.13972 10.13972 10.13972 10.13972 10.13972 10.13972 10.13972 10.13972 10.13972 10.13972 10.13972 10.13972 10.13972 10.13972 10.13972 10.13972 10.13972 10.13972 10.13972 10.13972 10.13972 10.13972 10.13972 10.13972 10.13972 10.13972 10.13972 10.13972 10.13972 10.13972 10.13972 10.13972 10.13972 10.13972 10.13972 10.13972 10.13972 10.25577 10.34083 10.34083 10.34083 10.34083 10.34083 10.34083 10.34083 10.34083 10.34083 10.34083 10.34083 10.34083 10.34083 10.34083 10.34083 10.34083 10.34083 10.34083 10.34083 10.34083 10.34083 10.34083 10.34083 10.34083 10.34083 10.34083 10.34083 0 0 0 0 0 0 0 0 0 0 0 0 0
17.85409 17.85409 17.85409 17.85409 17.85409 15.98052 10.13972 10.13972 10.13972 10.13972 10.13972 10.13972 10.13972 10.13972 10.13972 10.13972 10.13972 10.13972 10.13972 10.13972 10.13972 10.13972 10.13972 10.13972 10.13972 10.13972 10.13972 10.13972 10.13972 10.13972 10.13972 10.13972 10.13972 10.13972 10.13972 10.13972 10.13972 10.13972 10.13972 10.13972 10.13972 10.13972 10.13972 10.13972 10.26169 10.34083 10.34083 10.34083 10.34083 10.34083 10.34083 10.34083 10.34083 10.34083 10.34083 10.34083 10.34083 10.34083 10.34083 10.34083 10.34083 10.34083 10.34083 10.34083 10.34083 10.34083 10.34083 10.34083 10.34083 10.34083 10.34083 10.34083 0 0 0 0 0 0 0 0 0 0 0 0 0
17.85409 17.85409 17.85409 17.85409 17.85409 17.60571 10.35125 10.13972 10.13972 10.13972 10.13972 10.13972 10.13972 10.13972 10.13972 10.13972 10.13972 10.13972 10.13972 10.13972 10.13972 10.13972 10.13972 10.13972 10.13972 10.13972 10.13972 10.13972 10.13972 10.13972 10.13972 10.13972 10.13972 10.13972 10.13972 10.13972 10.13972 10.13972 10.13972 10.13972 10.13972 10.13972 10.13972 10.13972 12.29391 10.34083 10.34083 10.34083 10.34083 10.34083 10.34083 10.34083 10.34083 10.34083 10.34083 10.34083 10.34083 10.34083 10.34083 10.34083 10.34083 10.34083 10.34083 10.34083 10.34083 10.34083 10.34083 10.34083 10.34083 10.34083 10.34083 0 0 0 0 0 0 0 0 0 0 0 0 0 0
17.85409 17.85409 17.85409 17.85409 17.85409 17.85409 11.26721 10.13972 10.13972 10.13972 10.13972 10.13972 10.13972 10.13972 10.13972 10.13972 10.13972 10.13972 10.13972 10.13972 10.13972 10.13972 10.13972 10.13972 10.13972 10.13972 10.13972 10.13972 10.13972 10.13972 10.13972 10.13972 10.13972 10.13972 10.13972 10.13972 10.13972 10.13972 10.13972 10.13972 10.13972 10.13972 10.13972 16.08798 22.68064 18.03014 11.18781 10.34083 10.34083 10.34083 10.34083 10.34083 10.34083 10.34083 10.34083 10.34083 10.34083 10.34083 10.34083 10.34083 10.34083 10.34083 10.34083 10.34083 10.34083 10.34083 10.34083 10.34083 10.34083 10.34083 0 0 0 0 0 0 0 0 0 0 0 0 0 0 0
17.85409 17.85409 17.85409 17.85409 17.85409 17.61632 10.27133 10.13972 10.13972 10.13972 10.13972 10.13972 10.13972 10.13972 10.13972 10.13972 10.13972 10.13972 10.13972 10.13972 10.13972 10.13972 10.13972 10.13972 10.13972 10.13972 10.13972 10.13972 10.13972 10.13972 10.13972 10.13972 10.13972 10.13972 10.13972 10.13972 10.13972 10.13972 10.13972 10.13972 10.13972 10.13972 15.70599 22.69812 22.70983 22.70983 21.54116 14.37719 10.34089 10.34083 10.34083 10.34083 10.34083 10.34083 10.34083 10.34083 10.34083 10.34083 10.34083 10.34083 10.34083 10.34083 10.34083 10.34083 10.34083 10.34083 10.34083 10.34083 10.34083 0 0 0 0 0 0 0 0 0 0 0 0 0 0 0 0
17.85409 17.85409 17.85409 17.85409 17.85409 16.30155 10.13972 10.13972 10.13972 10.13972 10.13972 10.13972 10.13972 10.13972 10.13972 10.13972 10.13972 10.13972 10.13972 10.13972 10.13972 10.13972 10.13972 10.13972 10.13972 10.13972 10.13972 10.13972 10.13972 10.13972 10.13972 10.13972 10.13972 10.13972 10.13972 10.13972 10.13972 10.13972 10.13972 10.13972 10.13972 15.33668 22.67455 22.70983 22.70983 22.70983 22.70983 22.70983 18.73516 11.54307 10.34083 10.34083 10.34083 10.34083 10.34083 10.34083 10.34083 10.34083 10.34083 10.34083 10.34083 10.34083 10.34083 10.34083 10.34083 10.34083 10.34083 10.34083 0 0 0 0 0 0 0 0 0 0 0 0 0 0 0 0 0
17.85409 17.85409 17.85409 17.85409 17.85409 14.85516 10.13972 10.13972 10.13972 10.13972 10.13972 10.13972 10.13972 10.13972 10.13972 10.13972 10.13972 10.13972 10.13972 10.13972 10.13972 10.13972 10.13972 10.13972 10.13972 10.13972 10.13972 10.13972 10.13972 10.13972 10.13972 10.13972 10.13972 10.13972 10.13972 10.13972 10.13972 10.13972 10.13972 10.13972 14.98004 22.63831 22.70983 22.70983 22.70983 22.70983 22.70983 22.70983 22.70983 21.89098 15.08228 10.37463 10.34083 10.34083 10.34083 10.34083 10.34083 10.34083 10.34083 10.34083 10.34083 10.34083 10.34083 10.34083 10.34083 10.34083 10.34083 0 0 0 0 0 0 0 0 0 0 0 0 0 0 0 0 0 0
17.85409 17.85409 17.85409 17.85409 17.85409 13.92903 10.13972 10.13972 10.13972 10.13972 10.13972 10.13972 10.13972 10.13972 10.13972 10.13972 10.13972 10.13972 10.13972 10.13972 10.13972 10.13972 10.13972 10.13972 10.13972 10.13972 10.13972 10.13972 10.13972 10.13972 10.13972 10.13972 10.13972 10.13972 10.13972 10.13972 10.13972 10.13972 10.13972 14.63608 22.58938 22.70983 22.70983 22.70983 22.70983 22.70983 22.70983 22.70983 22.70983 22.70983 22.70983 19.40649 11.96039 10.34083 10.34083 10.34083 10.34083 10.34083 10.34083 10.34083 10.34083 10.34083 10.34083 10.34083 10.34083 10.34083 0 0 0 0 0 0 0 0 0 0 0 0 0 0 0 0 0 0 0
17.85409 17.85409 17.85409 17.85409 17.85409 14.07589 10.13972 10.13972 10.13972 10.13972 10.13972 10.13972 10.13972 10.13972 10.13972 10.13972 10.13972 10.13972 10.13972 10.13972 10.13972 10.13972 10.13972 10.13972 10.13972 10.13972 10.13972 10.13972 10.13972 10.13972 10.13972 10.13972 10.13972 10.13972 10.13972 10.13972 10.13972 10.13972 14.30479 22.52779 22.70983 22.70983 22.70983 22.70983 22.70983 22.70983 22.70983 22.70983 22.70983 22.70983 22.70983 22.70983 22.17875 15.78736 10.47043 10.34083 10.34083 10.34083 10.34083 10.34083 10.34083 10.34083 10.34083 10.34083 10.34083 0 0 0 0 0 0 0 0 0 0 0 0 0 0 0 0 0 0 0 0
17.85409 17.85409 17.85409 17.85409 17.85409 14.25526 10.13972 10.13972 10.13972 10.13972 10.13972 10.13972 10.13972 10.13972 10.13972 10.13972 10.13972 10.13972 10.13972 10.13972 10.13972 10.13972 10.13972 10.13972 10.13972 10.13972 10.13972 10.13972 10.13972 10.13972 10.13972 10.13972 10.13972 10.13972 10.13972 10.13972 10.13972 13.98618 22.45351 22.70983 22.70983 22.70983 22.70983 22.70983 22.70983 22.70983 22.70983 22.70983 22.70983 22.70983 22.70983 22.70983 22.70983 22.70983 20.01577 12.43977 10.34083 10.34083 10.34083 10.34083 10.34083 10.34083 10.34083 10.34083 0 0 0 0 0 0 0 0 0 0 0 0 0 0 0 0 0 0 0 0 0
17.85409 17.85409 17.85409 17.85409 17.85409 14.43464 10.13972 10.13972 10.13972 10.13972 10.13972 10.13972 10.13972 10.13972 10.58353 14.98471 15.10249 15.22027 15.33805 15.45582 15.5736 15.69138 15.80916 15.92694 16.04471 16.16249 16.28027 16.39804 16.51582 16.6336 16.75138 16.86916 16.98693 17.10471 17.22249 17.34027 17.93205 22.36657 22.70983 22.70983 22.70983 22.70983 22.70983 22.70983 22.70983 22.70983 22.70983 22.70983 22.70983 22.70983 22.70983 22.70983 22.70983 22.70983 22.70983 22.40446 16.49245 10.62829 10.34083 10.34083 10.34083 10.34083 10.34083 0 0 0 0 0 0 0 0 0 0 0 0 0 0 0 0 0 0 0 0 0 0
17.85409 17.85409 17.85409 17.85409 17.85409 14.61401 10.13972 10.13972 10.13972 10.13972 10.13972 10.13972 10.13972 10.13972 10.1513 19.58432 20.97429 20.97429 20.97429 20.97429 20.97429 20.97429 20.97429 20.97429 20.97429 20.97429 20.97429 20.97429 20.97429 20.97429 20.97429 20.97429 20.97429 20.97429 20.97429 19.61428 20.5018 22.70482 22.70983 22.70983 22.70983 22.70983 22.70983 22.70983 22.70983 22.70983 22.70983 22.70983 22.70983 22.70983 22.70983 22.70983 22.70983 22.70983 22.70983 22.70983 22.70983 20.56299 12.9812 10.34083 10.34083 10.34083 0 0 0 0 0 0 0 0 0 0 0 0 0 0 0 0 0 0 0 0 0 0 0
17.85409 17.85409 17.85409 17.85409 17.85409 14.79338 10.13972 10.13972 10.13972 10.13972 10.13972 10.13972 10.13972 10.13972 10.13972 16.28531 20.97429 20.97429 20.97429 20.97429 20.97429 20.97429 20.97429 20.97429 20.97429 20.97429 20.97429 20.97429 20.97429 20.97429 20.97429 20.97429 20.97429 20.97429 20.97429 15.51778 11.98061 13.72347 17.58797 21.39735 22.70983 22.70983 22.70983 22.70983 22.70983 22.70983 22.70983 22.70983 22.70983 22.70983 22.70983 22.70983 22.70983 22.70983 22.70983 22.70983 22.70983 22.70983 22.56811 16.76519 10.34083 0 0 0 0 0 0 0 0 0 0 0 0 0 0 0 0 0 0 0 0 0 0 0 0
17.85409 17.85409 17.85409 17.85409 17.85409 14.97276 10.13972 10.13972 10.13972 10.13972 10.13972 10.13972 10.13972 10.13972 10.13972 12.97471 20.97429 20.97429 20.97429 20.97429 20.97429 20.97429 20.97429 20.97429 20.97429 20.97429 20.97429 20.97429 20.97429 20.97429 20.97429 20.97429 20.97429 20.97429 20.82069 12.67348 11.98061 11.98061 11.98061 12.04079 14.59783 18.46736 22.02172 22.70983 22.70983 22.70983 22.70983 22.70983 22.70983 22.70983 22.70983 22.70983 22.70983 22.70983 22.70983 22.70983 22.70983 22.70983 22.70983 22.70983 0 0 0 0 0 0 0 0 0 0 0 0 0 0 0 0 0 0 0 0 0 0 0 0 0
17.85409 17.85409 17.85409 17.85409 17.85409 15.15213 10.13972 10.13972 10.13972 10.13972 10.13972 10.13972 10.13972 10.13972 10.13972 10.34991 20.28851 20.97429 20.97429 20.97429 20.97429 20.97429 20.97429 20.97429 20.97429 20.97429 20.97429 20.97429 20.97429 20.97429 20.97429 20.97429 20.97429 20.97429 18.51566 11.98061 11.98061 11.98061 11.98061 11.98061 11.98061 11.98061 12.29582 15.47721 19.34674 22.44623 22.70983 22.70983 22.70983 22.70983 22.70983 22.70983 22.70983 22.70983 22.70983 22.70983 22.70983 22.70983 22.70983 0 0 0 0 0 0 0 0 0 0 0 0 0 0 0 0 0 0 0 0 0 0 0 0 0 0
17.85409 17.85409 17.85409 17.85409 17.85409 15.3315 10.13972 10.13972 10.13972 10.13972 10.13972 10.13972 10.13972 10.13972 10.13972 10.13972 17.1881 20.97429 20.97429 20.97429 20.97429 20.97429 20.97429 20.97429 20.97429 20.97429 20.97429 20.97429 20.97429 20.97429 20.97429 20.97429 20.97429 20.97429 15.51776 11.98061 11.98061 11.98061 11.98061 11.98061 11.98061 11.98061 11.98061 11.98061 11.98061 12.75068 16.35658 20.22613 22.6709 22.70983 22.70983 22.70983 22.70983 22.70983 22.70983 22.70983 22.70983 22.70983 0 0 0 0 0 0 0 0 0 0 0 0 0 0 0 0 0 0 0 0 0 0 0 0 0 0 0
17.85409 17.85409 17.85409 17.85409 17.85409 15.51088 10.13972 10.13972 10.13972 10.13972 10.13972 10.13972 10.13972 10.13972 10.13972 10.13972 13.87751 20.97429 20.97429 20.97429 20.97429 20.97429 20.97429 20.97429 20.97429 20.97429 20.97429 20.97429 20.97429 20.97429 20.97429 20.97429 20.97429 20.82068 12.67347 11.98061 11.98061 11.98061 11.98061 11.98061 11.98061 11.98061 11.98061 11.98061 11.98061 11.98061 11.98061 11.98061 13.40538 17.23596 21.56522 22.70983 22.70983 22.70983 22.70983 22.70983 22.70983 0 0 0 0 0 0 0 0 0 0 0 0 0 0 0 0 0 0 0 0 0 0 0 0 0 0 0 0
14.7464 14.59324 16.86337 20.23129 23.8323 26.06526 22.63672 20.61467 18.59262 16.57056 14.54849 12.52642 10.60767 10.13972 10.13972 10.13972 10.7947 20.74651 20.97429 20.97429 20.97429 20.97429 20.97429 20.97429 20.97429 20.97429 20.97429 20.97429 20.97429 20.97429 20.97429 20.97429 20.97429 18.51565 11.98061 11.98061 11.98061 11.98061 11.98061 11.98061 11.98061 11.98061 11.98061 11.98061 11.98061 11.98061 11.98061 11.98061 11.98061 11.98061 14.61619 22.69594 22.70983 22.70983 22.70983 22.70983 0 0 0 0 0 0 0 0 0 0 0 0 0 0 0 0 0 0 0 0 0 0 0 0 0 0 0 0 0
10.50729 10.50729 12.96843 39.46079 39.46079 39.46079 39.46079 39.46079 39.46079 39.46079 39.46079 39.46079 46.40313 53.32296 19.16751 10.15928 10.13972 18.0909 20.97429 20.97429 22.61725 27.21133 31.86472 36.5181 41.17147 45.82482 50.47815 55.13147 59.78479 64.43807 69.09135 73.74462 78.39787 51.20446 11.98061 11.98061 11.98061 11.98061 11.98061 11.98061 11.98061 11.98061 11.98061 11.98061 11.98061 11.98061 11.98061 11.98061 11.98061 11.98061 11.98061 19.26723 22.70983 22.70983 22.70983 22.70983 0 0 0 0 0 0 0 0 0 0 0 0 0 0 0 0 0 0 0 0 0 0 0 0 0 0 0 0 0
10.50729 10.50729 10.51695 37.56944 39.46079 39.46079 39.46079 39.4608 39.46079 39.46079 39.46079 39.46079 40.07887 81.08154 83.32871 80.74836 74.66947 71.2174 75.6058 80.25905 83.26939 83.32872 83.32872 83.32872 83.32872 83.32872 83.32871 83.32872 83.32872 83.32872 83.32872 83.32872 83.32872 51.9332 11.98061 11.98061 11.98061 11.98061 11.98061 11.98061 11.98061 11.98061 11.98061 11.98061 11.98061 11.98061 11.98061 11.98061 11.98061 11.98061 11.98061 13.47299 22.43977 22.70983 22.70983 0 0 0 0 0 0 0 0 0 0 0 0 0 0 0 0 0 0 0 0 0 0 0 0 0 0 0 0 0 0
10.50729 10.50729 10.50729 33.23628 39.46079 39.46079 39.46079 39.46079 39.46079 39.46079 39.46079 39.46079 39.46079 71.25504 83.32872 83.32872 83.32872 83.32871 83.32872 83.32872 83.32872 83.32871 83.32872 83.32872 83.32872 83.32872 83.32872 83.32871 83.32872 83.32872 83.32872 83.32871 83.32872 51.9332 11.98061 11.98061 11.98061 11.98061 11.98061 11.98061 11.98061 11.98061 11.98061 11.98061 11.98061 11.98061 11.98061 11.98061 11.98061 11.98061 11.98061 11.98061 17.08723 22.70983 0 0 0 0 0 0 0 0 0 0 0 0 0 0 0 0 0 0 0 0 0 0 0 0 0 0 0 0 0 0 0
10.50729 10.50729 10.50729 28.89345 39.46079 39.46079 39.46079 39.46079 39.46079 39.46079 39.46079 39.46079 39.46079 60.81046 83.32872 83.32872 83.32871 83.32872 83.32871 83.32872 83.32872 83.32872 83.32871 83.32872 83.32871 83.32872 83.32872 83.32872 83.32871 83.32872 83.32871 83.32872 83.32871 51.93319 11.98061 11.98061 11.98061 11.98061 11.98061 11.98061 11.98061 11.98061 11.98061 11.98061 11.98061 11.98061 11.98061 11.98061 11.98061 11.98061 11.98061 11.98061 11.98061 0 0 0 0 0 0 0 0 0 0 0 0 0 0 0 0 0 0 0 0 0 0 0 0 0 0 0 0 0 0 0 0
10.50729 10.50729 10.50729 24.75812 39.46079 39.46079 39.46079 39.46079 39.46079 39.46079 39.46079 39.46079 39.46079 50.36588 83.32871 83.32872 83.32871 83.32871 83.32871 83.32871 83.32871 83.32871 83.32871 83.32871 83.32871 83.32872 83.32871 83.32871 83.32871 83.32872 83.32871 83.32871 83.32871 51.93319 11.98061 11.98061 11.98061 11.98061 11.98061 11.98061 11.98061 11.98061 11.98061 11.98061 11.98061 11.98061 11.98061 11.98061 11.98061 11.98061 11.98061 11.98061 0 0 0 0 0 0 0 0 0 0 0 0 0 0 0 0 0 0 0 0 0 0 0 0 0 0 0 0 0 0 0 0 0
10.50729 10.50729 10.50729 27.47012 39.46079 39.46079 39.46079 39.46079 39.46079 39.46079 39.46079 39.46079 39.46079 40.13924 74.0258 83.32872 83.32872 83.32872 83.32872 83.32872 83.32871 83.32872 83.32872 83.32872 83.32872 83.32872 83.32872 83.32872 83.32872 83.32872 83.32872 83.32872 83.32872 51.9332 11.98061 11.98061 11.98061 11.98061 11.98061 11.98061 11.98061 11.98061 11.98061 11.98061 11.98061 11.98061 11.98061 11.98061 11.98061 11.98061 11.98061 0 0 0 0 0 0 0 0 0 0 0 0 0 0 0 0 0 0 0 0 0 0 0 0 0 0 0 0 0 0 0 0 0 0
10.50729 10.50729 10.50729 33.50201 39.46079 39.46079 39.46079 39.46079 39.46079 39.46079 39.46079 39.46079 39.46079 39.46079 46.21191 81.67762 83.32871 83.32871 83.32871 83.32871 83.32871 83.32871 83.32871 83.32871 83.32871 83.32871 83.32871 83.32871 83.32871 83.32871 83.32871 83.32871 83.32871 51.9332 11.98061 11.98061 11.98061 11.98061 11.98061 11.98061 11.98061 11.98061 11.98061 11.98061 11.98061 11.98061 11.98061 11.98061 11.98061 11.98061 0 0 0 0 0 0 0 0 0 0 0 0 0 0 0 0 0 0 0 0 0 0 0 0 0 0 0 0 0 0 0 0 0 0 0
10.50729 10.50729 11.29827 38.74292 39.46079 39.4608 39.46079 39.46079 39.46079 39.46079 39.46079 39.4608 39.46079 39.4608 39.46079 58.26954 83.32871 83.32872 83.32871 83.32872 83.32871 83.32872 83.32871 83.32872 83.32871 83.32872 83.32871 83.32871 83.32871 83.32872 83.32871 83.32872 83.32871 51.93319 11.98061 11.98061 11.98061 11.98061 11.98061 11.98061 11.98061 11.98061 11.98061 11.98061 11.98061 11.98061 11.98061 11.98061 11.98061 0 0 0 0 0 0 0 0 0 0 0 0 0 0 0 0 0 0 0 0 0 0 0 0 0 0 0 0 0 0 0 0 0 0 0 0
10.50729 10.50729 16.61228 39.46079 39.46079 39.46079 39.46079 39.46079 39.46079 39.46079 39.46079 39.46079 39.46079 39.46079 39.46079 39.69135 71.74772 83.32871 83.32871 83.32871 83.32871 83.32871 83.32871 83.32871 83.32871 83.32871 83.32871 83.32871 83.32871 83.32871 83.32871 83.32871 83.32871 51.9332 11.98061 11.98061 11.98061 11.98061 11.98061 11.98061 11.98061 11.98061 11.98061 11.98061 11.98061 11.98061 11.98061 0 0 0 0 0 0 0 0 0 0 0 0 0 0 0 0 0 0 0 0 0 0 0 0 0 0 0 0 0 0 0 0 0 0 0 0 0 0
10.50729 10.50729 22.64416 39.46079 39.46079 39.46079 39.46079 39.46079 39.46079 39.46079 39.46079 39.46079 39.46079 39.46079 39.46079 39.46079 44.50204 80.64577 83.32871 83.32871 83.32871 83.32871 83.32871 83.32871 83.32871 83.32871 83.32871 83.32871 83.32871 83.32871 83.32871 83.32871 83.32871 51.93319 11.98061 11.98061 11.98061 11.98061 11.98061 11.98061 11.98061 11.98061 11.98061 11.98061 11.98061 11.98061 0 0 0 0 0 0 0 0 0 0 0 0 0 0 0 0 0 0 0 0 0 0 0 0 0 0 0 0 0 0 0 0 0 0 0 0 0 0 0
10.50729 10.50729 27.1579 39.46079 39.46079 39.46079 39.46079 39.46079 39.46079 39.46079 39.46079 39.46079 39.46079 39.46079 39.46079 39.4608 39.46079 55.52782 83.32872 83.32871 83.32872 83.32871 83.32871 83.32871 83.32871 83.32872 83.32872 83.32871 83.32871 83.32871 83.32871 83.32871 83.32871 51.9332 11.98061 11.98061 11.98061 11.98061 11.98061 11.98061 11.98061 11.98061 11.98061 11.98061 11.98061 0 0 0 0 0 0 0 0 0 0 0 0 0 0 0 0 0 0 0 0 0 0 0 0 0 0 0 0 0 0 0 0 0 0 0 0 0 0 0 0
10.50729 10.50729 19.96563 39.4608 39.46079 39.46079 39.46079 39.4608 39.4608 39.4608 39.46079 39.46079 39.46079 39.46079 39.46079 39.4608 39.46079 39.47696 69.22039 83.32872 83.32871 83.32871 83.32871 83.32872 83.32871 83.32872 83.32871 83.32872 83.32871 83.32872 83.32871 83.32872 83.32871 51.9332 11.98061 11.98061 11.98061 11.98061 11.98061 11.98061 11.98061 11.98061 11.98061 11.98061 0 0 0 0 0 0 0 0 0 0 0 0 0 0 0 0 0 0 0 0 0 0 0 0 0 0 0 0 0 0 0 0 0 0 0 0 0 0 0 0 0
