Scenarios/Heterogeneous/data/country_data_population_distribution/processed/density_grids/srb.asc
ncols 120
nrows 100
xllcorner 18
yllcorner 42
[rows 33 to 65 of 100, columns 0 to 75 of 120]
0 0 0 0 0 0 0 0 0 0 0 0 0 0 0 0 0 0 0 0 0 0 0 0 0 0 0 0 0 0 0 0 0 0 0 0 70.61955 69.99733 73.92081 74.91026 66.04194 75.37757 117.9619 312.1081 1464.592 129.0879 63.9576 35.86515 17.31697 20.15724 21.99513 20.05019 25.62619 29.90269 43.7618 62.6734 174.5238 244.3952 296.1448 341.5137 2882.855 2578.922 2846.104 4155.517 5322.037 3875.448 460.5802 43.3207 77.82008 86.57504 79.15211 60.86407 39.17215 63.36255 130.9162 136.4566
0 0 0 0 0 0 0 0 0 0 0 0 0 0 0 0 0 0 0 0 0 0 0 0 0 0 0 0 0 0 0 0 0 0 0 106.8031 85.63522 85.53059 94.1582 74.93674 64.2617 66.80417 187.3192 828.9138 986.9511 597.7467 147.8182 55.44433 23.4073 17.74827 18.46761 19.53599 23.34736 23.69459 28.50582 43.31601 69.1241 132.0317 170.538 531.6165 2093.82 2587.314 3857.85 4277.169 2870.177 1743.767 628.7825 219.2732 66.7756 71.13709 67.52563 50.92217 35.59629 60.41837 126.402 148.1273
0 0 0 0 0 0 0 0 0 0 0 0 0 0 0 0 0 0 0 0 0 0 0 0 0 0 0 0 0 0 0 0 0 0 0 93.47701 74.4631 74.99007 55.05561 44.73291 46.98706 46.23599 49.74866 88.81434 82.32133 73.79469 59.758 50.93465 48.90386 42.64406 38.74671 36.03017 29.89875 53.00035 48.77782 69.14713 394.8321 257.0796 83.39227 354.9439 358.2968 1204.4 1555.564 707.0018 300.3759 187.0012 216.9939 163.3813 211.2737 133.8461 61.52185 36.80316 22.08182 22.03383 699.44 944.3201
0 0 0 0 0 0 0 0 0 0 0 0 0 0 0 0 0 0 0 0 0 0 0 0 0 0 0 0 0 0 0 0 0 0 123.9409 132.8999 63.55635 28.49089 30.4401 29.61002 29.61586 41.37951 41.51457 56.78874 53.51766 42.25526 69.23365 43.58791 48.02597 67.34697 36.0579 32.48591 63.70398 76.48376 123.4029 279.9082 1064.041 834.1161 433.2636 203.5093 247.5828 496.6028 327.5732 151.5809 144.984 179.2636 191.8046 210.4752 185.9449 213.7615 105.2169 78.07768 209.2334 1135.266 1465.792 384.2775
0 0 0 0 0 0 0 0 0 0 0 0 0 0 0 0 0 0 0 0 0 0 0 0 0 0 0 0 0 0 0 0 0 131.8725 111.3276 75.49847 66.799 51.49204 25.43961 15.24045 18.95602 31.09192 35.06996 49.77832 52.93006 51.77026 91.83138 41.22673 36.4422 39.90387 33.13134 39.07757 56.05169 65.53199 82.24483 166.3233 101.4237 100.6772 127.743 159.2224 207.5294 229.6139 173.9036 164.881 143.7348 151.4574 110.6013 97.47552 103.5055 100.3493 82.75842 78.23703 99.45772 123.7613 300.2393 259.013
0 0 0 0 0 0 0 0 0 0 0 0 0 0 0 0 0 0 0 0 0 0 0 0 0 0 0 0 0 0 0 0 0 440.4742 158.9374 79.03152 64.11038 50.76773 38.78132 23.65824 24.56604 30.8222 32.97002 35.76073 33.68671 37.63979 46.60416 45.18875 32.91339 34.77866 33.88638 47.60393 54.12646 52.97054 71.4794 111.0316 70.71287 58.89713 91.46874 87.09215 87.85806 140.5966 119.1715 71.53867 60.40528 168.4404 103.6578 72.86108 79.00807 92.09734 75.9719 59.83935 58.4525 72.36667 70.14326 83.52746
0 0 0 0 0 0 0 0 0 0 0 0 0 0 0 0 0 0 0 0 0 0 0 0 0 0 0 0 0 0 0 241.999 817.8806 762.965 265.5115 70.42226 72.27768 56.32583 48.8457 30.23756 20.00492 22.48778 27.78706 26.11122 27.52039 47.2383 49.34015 31.62777 29.45825 34.12874 39.16829 51.85781 55.54619 53.79068 61.82739 74.2228 65.86198 48.43409 110.4012 103.7329 82.9949 87.83124 51.37326 27.16759 39.76378 209.0323 118.2705 86.65043 75.22646 46.69765 42.47677 55.43522 64.48417 64.54391 66.28329 72.72929
0 0 0 0 0 0 0 0 0 0 0 0 0 0 0 0 0 0 0 0 0 0 0 0 0 0 0 0 0 0 0 121.2535 90.02312 61.76395 74.11729 53.26416 61.96816 46.08834 40.06694 35.26562 25.05241 19.05006 25.41892 26.76338 26.65536 26.62865 27.65626 90.17699 77.29676 33.57924 39.74574 45.16979 73.43077 203.4875 72.94437 40.1033 42.80771 22.28961 169.7028 177.5275 75.41596 50.91376 32.76798 38.26763 48.24409 57.74949 70.36412 85.01188 158.6809 150.6335 71.03118 68.86581 69.32346 54.29871 47.32492 54.31578
0 0 0 0 0 0 0 0 0 0 0 0 0 0 0 0 0 0 0 0 0 0 0 0 0 0 0 0 0 0 0 0 59.41456 24.75557 36.06627 38.72815 32.45869 34.74041 38.37517 44.35955 28.74019 16.39207 21.41517 24.3168 18.816 21.33055 20.48906 55.2749 66.96925 30.99398 33.46812 38.12735 57.06281 287.3673 55.62315 42.8962 53.53172 60.73352 137.2238 75.6878 46.50861 83.55301 57.42867 40.67675 40.29342 48.18357 68.31966 111.1551 1553.789 187.5831 100.535 73.46278 82.39655 72.9636 51.80196 53.84821
0 0 0 0 0 0 0 0 0 0 0 0 0 0 0 0 0 0 0 0 0 0 0 0 0 0 0 0 0 0 0 128.8085 38.01149 35.01669 26.80579 31.9871 34.27768 42.74788 41.26514 51.71151 34.81171 38.59459 57.37897 20.42116 18.41099 18.8227 18.60822 18.56305 19.16299 26.8402 25.67414 26.22888 31.73369 35.90473 40.97421 117.8138 68.54174 431.4038 705.9684 221.2448 76.23302 101.6579 74.84006 47.38379 59.57959 53.77827 59.70964 95.56562 155.3989 114.8948 77.27467 73.99912 76.05593 86.13542 181.2151 381.2376
0 0 0 0 0 0 0 0 0 0 0 0 0 0 0 0 0 0 0 0 0 0 0 0 0 0 0 0 0 0 0 52.47141 24.89608 9.81628 16.98945 29.49591 222.5807 92.87868 29.93139 31.22629 31.20447 34.3196 123.8883 20.36694 19.39041 30.74462 28.20417 21.66007 35.97951 42.09075 33.12874 32.88398 32.24995 47.08889 47.91323 215.0271 133.5447 154.238 479.839 194.8274 36.26401 73.14011 75.50296 65.80212 80.91852 60.85614 63.83102 62.64274 62.07878 57.24465 71.96651 47.76706 51.35979 72.2618 357.9715 663.7613
0 0 0 0 0 0 0 0 0 0 0 0 0 0 0 0 0 0 0 0 0 0 0 0 0 0 0 0 0 0 0 66.70732 28.45578 35.1645 29.33012 22.8249 17.17608 18.79431 21.00241 29.66764 48.37128 34.23595 26.67912 23.07344 25.10854 33.78432 35.16055 36.06243 72.09888 151.4454 114.4465 101.9572 59.83232 43.24521 39.65806 55.33423 50.1752 56.30414 55.02987 40.76204 33.5817 37.46263 36.83457 40.43863 197.3794 1475.202 93.27913 62.95854 51.20989 45.77182 34.68151 38.41794 42.48588 43.95977 43.51702 102.1477
0 0 0 0 0 0 0 0 0 0 0 0 0 0 0 0 0 0 0 0 0 0 0 0 0 0 0 0 0 0 0 0 0 55.97825 50.26376 49.84229 36.0248 16.50163 17.8143 19.81129 26.09517 27.92054 19.42913 19.97926 21.727 26.69414 27.6994 40.86045 853.7471 1891.896 840.9804 74.98489 32.80768 99.11943 107.7267 43.64845 39.7741 49.1614 54.82188 39.65891 27.97059 30.77456 21.42197 20.48192 48.14547 99.02714 72.53176 98.46606 176.1772 64.51519 38.12957 50.04898 32.03822 36.46657 34.01943 31.09301
0 0 0 0 0 0 0 0 0 0 0 0 0 0 0 0 0 0 0 0 0 0 0 0 0 0 0 0 0 0 0 0 0 0 0 0 55.84475 35.37428 32.30098 18.33415 20.93022 15.83726 14.11481 10.99844 18.05007 24.80621 22.60598 27.85632 51.17295 150.3508 61.23268 34.99022 29.68545 65.53251 64.89417 50.40276 44.26217 199.8075 67.10223 36.57407 24.43853 26.68217 24.3249 21.96529 17.2708 26.2632 44.6329 108.5771 96.69117 40.66325 43.83427 43.92393 36.92571 27.71929 38.17036 196.7041
0 0 0 0 0 0 0 0 0 0 0 0 0 0 0 0 0 0 0 0 0 0 0 0 0 0 0 0 0 0 0 0 0 0 0 0 0 193.1497 28.0946 13.94463 13.75464 12.19464 10.53569 7.085546 7.817961 17.8088 16.17441 19.42363 20.51591 22.5517 23.35947 26.93271 23.17431 23.84322 24.53728 27.53033 23.3565 28.54338 24.88058 23.01242 19.99134 19.70451 18.92086 21.48448 19.2816 31.93577 47.23597 49.89199 47.78442 51.54663 53.72627 37.03944 33.47148 26.79618 42.3025 42.5422
0 0 0 0 0 0 0 0 0 0 0 0 0 0 0 0 0 0 0 0 0 0 0 0 0 0 0 0 0 0 0 0 0 0 0 0 0 0 60.55954 36.4466 14.41206 13.41446 15.07205 13.73486 10.36896 12.55127 12.324 15.2271 15.50742 12.21216 16.54363 13.90661 18.77462 17.36328 9.671348 10.19755 18.47109 18.83504 21.8605 19.46783 15.91537 12.00874 16.66943 39.95564 46.92118 24.54595 24.79198 29.35351 24.72878 34.3544 39.35538 39.44749 41.6921 31.55087 40.65451 46.08581
0 0 0 0 0 0 0 0 0 0 0 0 0 0 0 0 0 0 0 0 0 0 0 0 0 0 0 0 0 0 0 0 0 0 0 0 0 0 0 0 29.28119 20.72458 25.51023 19.72865 11.4193 15.23316 15.12501 10.65698 10.44496 9.774675 10.04891 7.263887 6.63939 8.612172 8.125599 9.274074 8.846786 15.82152 23.9568 21.78801 15.93796 14.73918 12.05704 18.91741 13.27572 9.835578 12.83938 18.13316 22.37135 29.57407 28.42423 40.87149 63.94498 65.73851 38.82535 57.18113
0 0 0 0 0 0 0 0 0 0 0 0 0 0 0 0 0 0 0 0 0 0 0 0 0 0 0 0 0 0 0 0 0 0 0 0 0 0 0 0 0 0 21.25661 27.18219 20.67889 24.25281 18.66405 13.03331 12.32261 15.30363 11.96846 12.12167 9.939845 6.570162 11.45201 14.16818 14.2399 19.11218 18.5502 21.09991 22.76125 33.87102 48.789 160.9546 40.56159 18.16243 18.43947 17.62082 27.42263 29.78724 29.48755 38.95641 76.56543 575.4785 576.5858 208.9209
0 0 0 0 0 0 0 0 0 0 0 0 0 0 0 0 0 0 0 0 0 0 0 0 0 0 0 0 0 0 0 0 0 0 0 0 0 0 0 0 0 0 0 24.21602 23.15506 21.39517 16.22767 18.44446 22.13386 117.1539 69.157 17.31704 17.98 13.46234 12.1403 20.25108 32.67599 21.25153 14.81816 15.04668 17.50515 27.65781 537.0959 791.5121 31.18668 27.94312 25.95842 28.11577 32.15087 33.32293 38.11727 54.90567 1234.04 1853.762 1744.895 851.3919
0 0 0 0 0 0 0 0 0 0 0 0 0 0 0 0 0 0 0 0 0 0 0 0 0 0 0 0 0 0 0 0 0 0 2.580205 4.696856 0 0 0 0 0 707.5473 96.66745 22.45227 20.33644 13.17493 14.28425 18.96009 27.19581 127.5152 44.15121 24.06841 39.33604 27.85554 20.35241 17.06549 26.6761 36.96221 48.24409 44.84613 33.24965 37.45043 85.50763 42.37759 25.23833 22.84846 19.20188 26.40666 40.83392 32.3796 35.03958 151.6908 1077.061 1201.508 840.0524 186.1167
0 0 0 0 0 0 0 0 0 0 0 0 0 0 0 0 0 0 0 0 0 0 0 0 0 0 0 0 0 0 0 0 0 0 0 3.626052 4.583012 5.155332 28.86165 13.1485 25.80157 47.39077 35.99699 28.24752 18.05689 9.94942 15.35648 18.67464 17.28972 30.10664 32.19506 30.12309 29.4899 35.34116 22.96743 10.74372 14.8204 29.43642 68.08752 129.7251 154.0644 75.94136 85.66914 54.7689 38.74678 30.86622 27.3537 29.25484 68.4968 66.11776 46.88675 50.83844 57.72908 38.07144 32.02211 34.23612
0 0 0 0 0 0 0 0 0 0 0 0 0 0 0 0 0 0 0 0 0 0 0 0 0 0 0 0 0 0 0 0 0 0 0 11.99447 3.967959 3.948163 7.650152 14.27027 19.32971 18.58195 25.30406 25.80442 28.62025 24.77091 44.9617 50.77441 43.47075 39.67251 34.51463 42.90323 43.32185 26.14404 26.56908 37.56086 30.81713 31.4484 85.12813 796.6198 2012.51 1048.613 99.44466 72.69345 70.77589 53.42728 45.69343 34.74582 33.5156 48.47457 45.63785 22.83314 17.41839 13.74361 9.20014 12.43009
0 0 0 0 0 0 0 0 0 0 0 0 0 0 0 0 0 0 0 0 0 0 0 0 0 0 0 0 0 0 0 0 0 0 0 0 10.52565 3.737582 5.055117 9.646613 9.785168 10.54626 12.76114 19.98359 24.4187 22.8743 52.30983 1089.016 1953.852 301.1135 103.3963 62.43077 436.1752 323.3279 49.66613 233.2779 43.378 23.10398 26.53854 177.7591 659.0342 370.6355 124.9581 98.06763 111.2703 64.05881 58.74483 58.19858 28.52371 15.20132 24.35555 20.56651 15.29521 6.842501 6.068647 6.321626
0 0 0 0 0 0 0 0 0 0 0 0 0 0 0 0 0 0 0 0 0 0 0 0 0 0 0 0 0 0 0 0 0 0 0 0 0 9.294524 3.516759 8.632863 12.04689 15.22756 14.81105 20.8406 20.23014 20.46028 59.51356 57.89938 226.7111 100.7575 89.25985 76.18793 121.8082 144.4864 59.94449 47.76769 53.39505 31.78961 21.07677 31.37954 67.50146 63.85048 66.2976 80.57499 82.40321 58.89347 63.11712 65.94395 40.27652 26.04635 35.00078 26.70742 15.34141 11.51038 10.12771 12.48442
0 0 0 0 0 0 0 0 0 0 0 0 0 0 0 0 0 0 0 0 0 0 0 0 0 0 0 0 0 0 0 0 0 0 0 0 0 0 0 13.28553 8.799392 5.149313 5.518431 18.58943 23.39849 75.22197 36.40523 42.50408 29.05386 28.62161 35.84749 24.57387 18.68171 61.75657 372.6701 43.16488 27.14032 153.9162 47.38789 28.23336 28.14619 26.63993 39.27481 50.52695 62.36525 66.56465 88.3423 126.7266 75.76553 58.09681 42.82434 41.33351 31.25148 30.4521 23.16738 10.41178
0 0 0 0 0 0 0 0 0 0 0 0 0 0 0 0 0 0 0 0 0 0 0 0 0 0 0 0 0 0 0 0 0 0 0 0 0 0 0 0 5.273664 3.029378 3.579386 13.66944 88.3071 137.8004 12.28085 21.6848 23.65902 25.25181 19.50517 14.75986 17.73626 88.14608 220.9851 47.06204 35.26525 37.58741 27.79612 24.06404 28.59606 24.67065 25.31429 33.69416 49.41137 66.95278 174.0323 983.3127 2007.252 1125.302 119.0369 79.89286 48.19231 37.16915 14.68671 5.801645
0 0 0 0 0 0 0 0 0 0 0 0 0 0 0 0 0 0 0 0 0 0 0 0 0 0 0 0 0 0 0 0 0 0 0 0 0 0 0 0 12.73692 6.480415 6.611941 8.715512 59.8561 29.10786 9.484354 9.729145 23.02349 28.40552 15.67541 14.27053 16.83867 24.63866 58.66404 33.8179 33.96782 30.55279 21.73837 17.93003 15.57275 10.66002 13.09704 15.19361 28.57344 67.58411 329.8622 175.0975 701.9111 197.3671 156.1195 111.7233 93.72375 58.39024 27.91066 8.919976
0 0 0 0 0 0 0 0 0 0 0 0 0 0 0 0 0 0 0 0 0 0 0 0 0 0 0 0 0 0 0 0 0 0 0 0 0 0 0 0 14.06483 6.486401 5.980498 5.025837 10.54985 6.715075 5.142263 8.838444 11.10896 13.20085 12.0207 14.18364 15.92624 17.67212 36.5425 54.90755 37.54923 22.99053 21.65936 18.87139 11.87161 5.098266 4.418859 11.83892 11.80583 6.06472 23.86059 117.6901 76.48543 33.72491 52.1016 65.95894 110.8639 252.6527 151.2695 250.3143
0 0 0 0 0 0 0 0 0 0 0 0 0 0 0 0 0 0 0 0 0 0 0 0 0 0 0 0 0 0 0 0 0 0 0 0 0 0 0 0 383.0349 37.45905 28.13289 5.259448 5.241082 5.090978 5.401068 9.29818 9.241588 9.810032 10.51089 11.59257 12.941 18.27205 49.57521 58.87126 128.384 357.1985 32.4169 18.84728 15.61511 7.139992 3.555454 4.916538 2.888531 1.396534 2.568265 4.632623 4.320902 3.961256 25.51077 51.559 107.0972 408.9618 96.96373 266.2003
0 0 0 0 0 0 0 0 0 0 0 0 0 0 0 0 0 0 0 0 0 0 0 0 0 0 0 0 0 0 0 0 0 0 3.317155 7.451015 9.605467 14.76971 17.09455 37.22176 594.4392 95.42254 55.85555 9.058528 6.513167 6.978733 8.523662 11.04365 12.7192 11.99896 12.68698 10.68038 17.17033 21.39952 11.13835 14.20482 40.78208 428.1554 69.24744 24.90703 9.834302 2.981922 2.353001 2.367449 3.962486 3.157506 4.537021 3.712996 1.234235 2.34562 3.085786 29.44314 138.9826 211.4869 29.40236 31.4156
0 0 0 0 0 0 0 0 0 0 0 0 0 0 0 0 0 0 0 0 0 0 0 0 0 0 0 0 0 0 0 0 0 11.69526 5.976708 8.331364 8.783457 10.41996 10.13634 11.86296 19.11214 39.25941 45.28622 17.939 19.29508 17.42284 17.8443 17.13511 10.81069 7.711664 7.456724 8.833859 11.21979 12.92093 11.38433 9.329989 10.64465 25.58522 13.39101 7.265252 6.009865 6.4663 4.608914 9.364361 9.913804 9.330928 11.95641 14.80101 5.35876 4.842224 3.567638 2.706151 4.853611 8.977959 15.13639 24.838
0 0 0 0 0 0 0 0 0 0 0 0 0 0 0 0 0 0 0 0 0 0 0 0 0 0 0 0 0 0 0 0 0 0 7.511268 6.560048 6.14117 7.617669 6.7179 4.033334 4.129113 7.562633 9.476302 10.59818 15.07095 17.26636 19.19553 279.0307 20.44258 9.864874 6.093138 7.80409 7.29475 14.59936 7.881708 6.403026 7.117966 7.325142 8.089442 4.861389 7.632178 9.086803 9.913967 13.64967 16.49531 16.25958 61.25304 17.44262 8.083716 6.480889 3.136218 8.009504 9.363751 14.33272 26.32497 36.92646
0 0 0 0 0 0 0 0 0 0 0 0 0 0 0 0 0 0 0 0 0 0 0 0 0 0 0 0 0 0 0 0 0 0 0 0 4.325791 4.099584 3.797617 4.459199 4.914965 5.541595 6.001536 20.05891 9.123895 10.14274 13.20525 181.9389 43.26944 14.35436 11.45149 9.559037 7.635462 11.7832 3.927891 4.424788 5.275774 5.01031 5.113956 5.984868 10.53437 13.80204 10.51582 10.29333 9.509042 8.379797 45.76875 62.95465 18.86664 9.242973 6.427975 13.59603 12.80225 11.83729 14.48412 36.84216
