Scenarios/Heterogeneous/data/country_data_population_distribution/processed/density_grids/srb.asc
ncols 120
nrows 100
xllcorner 18
yllcorner 42
[rows 0 to 32 of 100, columns 0 to 75 of 120]
square_width 0.041666666666667 NODATA_value -9999 0 0 0 0 0 0 0 0 0 0 0 0 0 0 0 0 0 0 0 0 0 0 0 0 0 0 0 0 0 0 0 0 0 0 0 0 0 37.08778 78.29038 427.5944 520.0861 222.0497 0 0 58.67012 63.8754 62.42727 59.9475 143.3244 244.5929 27.62826 39.96352 53.87342 0 0 0 0 0 0 0 0 0 0 0 0 0 0 0 0 0 0 0
0 0 0 0 0 0 0 0 0 0 0 0 0 0 0 0 0 0 0 0 0 0 0 0 0 0 0 0 0 0 0 0 0 0 0 0 0 0 0 0 35.26777 75.30378 556.0587 575.3557 573.9046 462.5436 179.7699 75.64354 90.36554 64.26015 59.47208 35.26944 34.1149 39.15193 31.71118 23.62694 21.21475 14.16339 39.17547 0 0 0 0 0 0 0 0 0 0 0 0 0 0 0 0 0
0 0 0 0 0 0 0 0 0 0 0 0 0 0 0 0 0 0 0 0 0 0 0 0 0 0 0 0 0 0 0 0 0 0 0 0 0 0 36.71945 56.20375 42.55811 17.08416 217.8519 568.8675 572.7313 544.8096 153.6501 22.84448 33.12793 49.54616 40.77456 62.66793 208.911 241.3658 58.57939 54.90627 33.38125 27.47738 14.38266 14.93227 0 0 0 0 0 0 0 0 0 0 0 0 0 0 0 0
0 0 0 0 0 0 0 0 0 0 0 0 0 0 0 0 0 0 0 0 0 0 0 0 0 0 0 0 0 0 29.11675 0 0 0 0 54.00541 58.55732 51.8741 42.81837 44.93588 43.70384 14.98615 33.72964 382.7562 259.1995 118.8572 39.2182 18.55028 12.12544 24.55992 18.19636 9.224024 32.6369 170.0851 48.89497 48.98375 48.98375 32.09359 23.23847 9.724495 0 0 0 0 0 0 0 0 0 0 0 0 0 0 0 0
0 0 0 0 0 0 0 0 0 0 0 0 0 0 0 0 0 0 0 0 0 0 0 0 0 0 0 0 0 0 29.9154 29.76837 34.06958 36.70034 29.94404 42.28728 57.46854 58.67338 58.67339 42.82221 21.09018 17.96205 21.6701 24.51607 45.62947 26.36718 22.38349 48.18885 41.51266 23.66924 31.49938 62.0833 67.97856 121.5996 53.94585 36.14878 46.05534 35.96347 14.00986 13.53772 18.09759 0 0 0 0 0 0 0 0 0 0 0 0 0 0 0
0 0 0 0 0 0 0 0 0 0 0 0 0 0 0 0 0 0 0 0 0 0 0 0 0 0 0 0 17.10121 22.68518 32.70232 36.43485 37.97466 37.97466 32.99775 29.64638 38.06292 40.35114 40.90022 32.06067 19.72492 19.58432 23.15066 41.89342 67.29036 88.67265 110.2163 54.45428 16.7941 16.78907 21.30279 26.77411 110.8037 181.056 100.7917 66.1359 58.15377 41.72425 26.96367 25.32297 31.68974 31.68974 31.68974 35.89896 0 0 0 0 0 0 0 0 0 0 0 0
0 0 0 0 0 0 0 0 0 0 0 0 0 0 0 0 0 0 0 0 0 0 0 0 20.8181 22.29301 22.49175 21.92306 28.84597 53.59315 104.152 82.6919 38.63921 39.71275 40.32095 38.11141 32.39238 29.36884 33.6293 38.67453 36.42146 22.27271 23.68855 30.23519 80.00172 95.40353 40.59564 24.88456 27.75069 21.84337 15.40615 20.23461 95.88488 181.056 164.0675 39.0167 28.58572 25.07991 24.25315 26.77396 31.03064 31.68974 40.89933 74.95851 90.42178 67.32894 0 0 0 0 0 0 0 0 0 0
0 0 0 0 0 0 0 0 0 0 0 0 0 0 0 0 0 0 0 0 0 0 0 0 29.40817 42.93077 44.2275 47.59377 50.81866 58.87554 145.2626 144.7086 79.97511 40.22667 39.57133 39.21294 42.6528 51.13842 52.31464 49.75972 32.43103 35.6715 22.3187 28.1961 67.22542 48.22118 25.86696 25.81756 20.5311 19.01376 22.15069 20.32515 74.03377 122.5898 107.1124 39.12473 26.65345 25.73298 19.19619 19.50304 24.3961 83.70328 177.2646 178.2853 172 79.89034 53.07857 0 0 0 0 0 0 0 0 0
0 0 0 0 0 0 0 0 0 0 0 0 0 0 0 0 0 0 0 0 0 0 0 0 34.48804 37.57284 39.89467 35.38623 49.97408 143.729 145.6601 145.6601 145.4687 67.6966 44.32524 52.94029 56.30493 50.38002 46.90866 28.11279 17.74487 41.05464 89.58908 128.2695 124.2639 84.29195 24.60734 21.32454 32.03264 19.46613 19.91551 8.88391 2.943328 26.88435 267.3031 130.2562 25.35147 24.73951 20.77811 24.84943 51.46656 169.2872 178.2853 178.2853 178.2853 146.3253 50.98256 58.82304 0 0 0 0 0 0 0 0
0 0 0 0 0 0 0 0 0 0 0 0 0 0 0 0 0 0 0 0 0 0 0 0 0 28.85775 31.53844 31.4364 40.25675 142.6575 145.6601 145.6601 145.0462 70.32946 57.50569 52.64313 46.88583 46.09244 32.03807 9.957273 32.72262 46.42438 98.07439 110.3622 107.8129 75.58791 17.65426 38.43006 50.66835 24.64571 23.81438 59.35506 64.60963 65.30902 115.6552 99.30646 29.98432 27.11941 26.40824 26.39385 64.21759 177.5944 178.2853 120.4432 75.63736 57.17609 46.41111 45.1378 65.55224 0 0 0 0 0 0 0
0 0 0 0 0 0 0 0 0 0 0 0 0 0 0 0 0 0 0 0 0 0 0 0 0 0 28.4462 28.78947 40.47951 123.8275 145.6601 145.6601 145.6601 140.7232 105.9599 48.17368 45.96899 45.9682 45.9682 39.81795 35.22671 36.10777 59.87301 53.98004 55.83091 61.2254 39.79082 32.77325 40.81044 65.92377 59.72528 50.95248 51.94637 52.88455 60.46826 64.96984 30.87985 30.83003 30.37699 30.45475 30.81256 55.83723 44.17049 7.917314 24.04603 49.24902 47.85883 43.86795 43.79359 38.01009 19.06987 0 0 0 0 0
0 0 0 0 0 0 0 0 0 0 0 0 0 0 0 0 0 0 0 0 0 0 0 0 0 0 74.05382 123.9712 105.1212 86.76579 94.27502 105.5963 95.66169 73.19455 43.37939 42.81442 45.9682 45.9682 83.55154 94.04527 121.5016 42.5131 88.03147 55.51867 67.59212 66.17061 56.15008 39.88928 58.72125 92.14607 92.14607 89.63317 88.74066 55.68484 45.51931 41.80761 36.37335 34.50593 36.86522 32.99855 30.97778 31.47856 11.70707 7.908446 13.75953 17.47527 26.68667 29.59261 29.87144 25.18236 18.24206 0 0 0 0 0
0 0 0 0 0 0 0 0 0 0 0 0 0 0 0 0 0 0 0 0 0 0 0 0 0 0 0 140.678 102.9098 42.72879 43.07495 33.27366 34.63956 38.89329 40.20852 39.06236 42.80164 72.17892 140.2175 148.3354 145.4617 142.8942 155.8422 85.68272 59.36081 58.49216 56.45574 56.34479 61.77254 91.17414 92.14607 92.14608 86.98993 62.27993 48.15722 42.6106 42.61059 42.61059 42.61059 41.40177 33.7574 36.62516 34.55955 29.50565 34.48368 33.62397 32.57558 31.48894 24.99498 19.12373 17.37286 0 0 0 0 0
0 0 0 0 0 0 0 0 0 0 0 0 0 0 0 0 0 0 0 0 0 0 0 0 0 0 143.0213 130.9303 55.15432 31.18866 31.0858 31.54159 32.07018 36.14238 44.35434 45.34655 45.78426 47.18116 59.69401 125.0428 145.2448 157.9091 213.3025 213.3421 185.9746 68.97659 56.34478 56.34479 55.96476 58.55677 88.41309 92.14607 92.14607 79.59957 56.37572 44.51793 42.6106 42.61059 38.02228 35.19643 36.47987 33.38653 26.14724 25.63065 30.56542 32.75861 32.09115 29.14195 18.64816 15.00349 0 0 0 0 0 0
0 0 0 0 0 0 0 0 0 0 0 0 0 0 0 0 0 0 0 0 0 0 0 0 0 0 121.0068 43.83485 32.96557 31.21993 32.19167 36.40749 55.06573 72.89834 63.86913 51.5838 52.5736 56.28535 56.28535 71.11203 125.4121 90.57407 144.6865 207.3887 213.3468 109.2315 56.34478 56.32238 53.34256 57.47176 66.77928 80.3982 84.16161 77.43874 58.69531 41.7842 36.97596 32.32721 29.91608 35.68579 36.22892 35.96636 27.29257 28.65373 33.571 33.27062 31.26273 20.88437 23.60531 15.23406 17.77664 19.74847 0 0 0 0
0 0 0 0 0 0 0 0 0 0 0 0 0 0 0 0 0 0 0 0 0 0 0 0 0 0 0 0 0 0 43.78547 44.53376 61.06434 128.5602 142.8991 107.9952 47.80236 39.65542 16.66318 45.66893 84.0024 71.76466 70.10611 105.4788 100.9401 67.87646 56.22895 43.25422 40.03404 48.77297 54.97033 67.79747 66.86693 53.63109 48.61123 33.09269 28.75436 28.97384 30.9741 36.22892 36.22892 36.22892 36.03616 31.8199 33.48438 41.90262 25.30553 23.29283 34.56834 17.54646 19.02349 22.06391 0 0 0 0
0 0 0 0 0 0 0 0 0 0 0 0 0 0 0 0 0 0 0 0 0 0 0 0 0 0 0 0 35.53392 48.29211 59.71513 54.67754 49.85834 92.36937 104.2601 56.47138 53.80228 50.51352 45.9101 55.31039 58.49694 59.08202 54.53116 65.58682 68.40022 65.29932 68.16151 65.854 96.23457 106.2971 81.8901 59.65767 57.077 52.70197 56.57288 49.10369 21.97363 20.24395 36.14547 48.00943 45.85426 41.17133 37.83209 34.4549 50.21432 45.29066 24.50898 23.03334 30.21785 32.66758 26.37432 25.95086 0 0 0 0
0 0 0 0 0 0 0 0 0 0 0 0 0 0 0 0 0 0 0 0 0 0 0 0 0 0 0 0 55.86776 29.66573 30.56575 34.43472 41.03122 39.78933 55.19476 66.27613 67.45649 48.20395 50.71393 50.59054 44.89288 48.85521 51.19893 52.11678 58.8791 63.1767 68.81527 106.4413 176.7097 176.7097 174.0318 84.5123 57.14103 57.18227 60.43275 54.02617 30.99311 46.71092 58.16359 54.26473 199.3374 339.2047 323.0833 98.13316 76.35293 33.16021 28.62038 25.91359 28.3233 31.38271 27.91553 27.57467 20.75314 0 0 0
0 0 0 0 0 0 0 0 0 0 0 0 0 0 0 0 0 0 0 0 0 0 0 0 0 0 0 0 53.34433 23.91999 21.92682 25.11426 44.13057 44.13057 54.11057 71.5696 47.74086 50.1725 51.40097 53.52363 66.49556 66.95105 69.2947 64.34286 49.09528 47.72546 28.21984 46.43537 168.9013 180.8326 151.0502 67.78065 66.56268 66.54595 67.68721 67.68721 67.12219 52.34716 39.02093 35.96636 235.6329 372.6119 372.6119 334.9767 134.7351 54.23352 47.28719 27.46685 26.80327 39.66884 56.96811 29.59007 19.14851 5.107029 0 0
0 0 0 0 0 0 0 0 0 0 0 0 0 0 0 0 0 0 0 0 0 0 0 0 0 0 0 0 114.0334 67.91918 21.8435 20.35342 39.45051 44.13057 43.63187 44.73407 56.45731 76.76056 64.20855 65.69893 84.95605 82.86846 87.54772 87.54054 65.94572 186.006 159.0172 28.21984 100.0913 259.0174 176.8011 91.75663 64.51861 66.29864 66.43796 60.48746 60.37508 51.3033 35.5816 43.18712 292.1372 372.6119 358.7261 286.7924 100.3787 39.76622 28.1497 26.56135 19.91549 19.56271 32.32863 21.94178 14.11605 11.08653 11.14253 14.2074
0 0 0 0 0 0 0 0 0 0 0 0 0 0 0 0 0 0 0 0 0 0 0 0 0 0 0 0 0 0 138.5186 28.9672 37.10556 40.39428 38.18492 53.14564 111.2001 177.9666 138.74 161.1195 148.6636 95.45592 85.22881 191.1914 241.2764 240.8335 362.3071 1754.834 1977.869 292.3876 178.9996 183.3507 78.92096 69.04192 77.29722 51.17664 44.83638 99.99344 233.9097 310.5287 262.9024 120.6817 91.72704 124.619 82.05936 28.16734 24.99612 23.07386 15.09076 14.01404 13.96265 13.93311 13.94244 15.01654 16.42991 16.71839
0 0 0 0 0 0 0 0 0 0 0 0 0 0 0 0 0 0 0 0 0 0 0 0 0 0 0 0 0 0 0 0 35.87386 38.62561 37.6262 93.37743 202.3083 202.4853 202.4853 198.1911 137.1158 74.20723 84.24026 204.2792 270.1084 416.4054 1494.464 3393.148 3099.286 2880.207 660.9682 180.1317 124.8421 84.65862 102.8048 42.77691 36.26727 53.01482 221.0079 157.8979 24.53969 37.41057 40.40941 58.3464 37.62207 34.26389 28.19465 21.96858 21.59583 18.56839 17.30277 12.35932 16.44657 19.7212 18.503 18.16012
0 0 0 0 0 0 0 0 0 0 0 0 0 0 0 0 0 0 0 0 0 0 0 0 0 0 0 0 0 0 0 0 0 0 0 0 0 0 89.61461 68.74633 31.42881 56.56987 87.49708 122.9864 213.0213 424.6783 1273.837 2469.878 1254.687 699.6236 118.8514 59.51276 59.51276 59.99186 58.35846 37.9812 37.26479 56.77596 75.90321 51.40958 40.93197 31.93574 31.29464 30.94552 30.1783 32.25074 25.34208 19.55473 20.93284 20.06567 16.89507 13.26723 17.04477 18.5757 20.17394 23.15929
0 0 0 0 0 0 0 0 0 0 0 0 0 0 0 0 0 0 0 0 0 0 0 0 0 0 0 0 0 0 0 0 0 0 0 24.10604 0 0 33.38894 26.16417 39.35539 38.60325 22.82051 63.83386 130.9464 220.0844 127.5348 257.0897 445.3504 296.6734 182.1688 167.2776 88.63733 60.36087 66.10126 39.73969 40.09929 56.81642 73.24113 47.92823 32.35831 33.63268 34.90186 29.09616 18.75323 19.61916 25.72125 23.12247 23.65644 20.81726 16.81581 17.4919 17.59406 19.27486 19.32018 46.8287
0 0 0 0 0 0 0 0 0 0 0 0 0 0 0 0 0 0 0 0 0 0 0 0 0 0 0 0 0 0 0 0 240.8912 154.7167 94.18792 29.66714 29.38249 31.75983 29.97834 34.99416 31.56718 25.54967 20.42302 29.15872 52.74497 83.31195 78.84311 129.05 170.9203 86.41742 84.2692 83.04695 70.46236 110.9223 80.96278 42.79856 60.25399 48.24372 50.44049 34.23392 33.73849 37.74506 36.93759 29.76137 28.31305 20.80339 25.45614 60.17463 90.58035 43.75119 22.26689 16.68381 17.7917 18.59355 18.15494 23.47388
0 0 0 0 0 0 0 0 0 0 0 0 0 0 0 0 0 0 0 0 0 0 0 0 0 0 0 0 0 0 23.89676 29.46008 47.56631 162.927 54.59184 41.87977 38.30835 37.87724 31.24587 28.36428 29.98689 23.81455 37.34558 28.06867 23.15709 18.89382 39.19172 60.665 66.17734 37.61705 15.21761 48.13755 95.53172 236.9487 198.5232 44.29559 49.22529 50.47417 44.48282 37.37254 35.88041 33.71922 30.76763 29.66571 29.6602 29.95019 95.03909 136.3369 115.1641 94.79486 94.48614 43.5576 19.48558 19.61256 25.69919 30.4371
0 0 0 0 0 0 0 0 0 0 0 0 0 0 0 0 0 0 0 0 0 0 0 0 0 0 0 0 0 0 21.22003 19.18005 30.53775 31.367 37.24372 44.94806 51.0578 43.3331 35.19883 36.27686 49.74222 48.89169 41.77544 31.53354 44.26966 38.60836 24.53359 32.36792 90.78825 63.19387 32.15143 14.75202 124.8453 476.1911 508.8747 100.008 51.33558 49.40121 45.51487 48.5294 30.01361 17.22713 68.76818 69.90522 67.41824 70.04514 82.63457 74.69386 64.86835 61.63443 88.52316 44.72068 39.65936 28.59268 30.43722 34.93093
0 0 0 0 0 0 0 0 0 0 0 0 0 0 0 0 0 0 0 0 0 0 0 0 0 0 0 0 0 0 11.34757 12.72022 18.25412 20.973 23.06289 28.61693 45.61584 47.23757 44.46386 43.79339 133.2513 183.2328 231.6084 405.8857 88.99997 38.2503 45.12716 331.7784 379.9867 61.82029 31.00615 49.94972 63.8281 129.5095 249.9253 228.3266 202.2939 199.7384 118.7576 76.44851 63.29108 41.47971 58.65388 68.11043 67.98235 67.10332 61.02504 52.05016 58.86897 137.1434 67.93784 55.33693 45.51633 39.51697 42.27028 64.88252
0 0 0 0 0 0 0 0 0 0 0 0 0 0 0 0 0 0 0 0 0 0 0 0 0 0 0 0 0 0 16.22025 16.40977 16.84893 17.37221 20.02398 20.10247 31.59643 42.92513 44.42999 45.02761 89.92456 211.4274 686.0633 733.5242 410.4298 40.07381 55.28747 365.2803 238.5195 40.99406 54.88698 84.00854 79.35383 76.67038 104.265 271.1059 309.6754 372.71 323.4897 57.68793 49.45399 49.45399 49.45399 51.16307 62.03862 75.30607 88.66005 93.49422 153.1086 111.0218 65.56003 65.56002 56.71333 45.43313 32.95858 62.44193
0 0 0 0 0 0 0 0 0 0 0 0 0 0 0 0 0 0 0 0 0 0 0 0 0 0 0 0 0 0 0 12.98078 19.54438 14.80025 16.58983 17.81109 32.48241 43.60224 52.16606 56.42734 52.58916 58.59037 98.7439 102.9414 225.9107 48.90982 66.71223 149.9371 222.5673 109.7419 55.81506 68.64545 52.89104 74.21626 87.27069 88.97407 161.7754 695.0161 1311.191 775.6799 48.89764 46.81266 48.03834 50.59768 61.21537 76.00806 102.8351 194.5307 293.4841 321.2972 75.59422 57.91162 51.40398 50.69744 22.95666 28.71003
0 0 0 0 0 0 0 0 0 0 0 0 0 0 0 0 0 0 0 0 0 0 0 0 0 0 0 0 12.14907 12.31251 30.62752 0 0 0 0 0 64.65288 47.59897 53.31023 84.50864 61.74384 54.2086 44.27249 39.72481 44.6932 49.30846 60.40273 57.78563 28.89378 34.20347 60.58216 80.33183 33.72211 70.26639 65.28155 40.50914 198.6824 577.7805 1717.91 1887.479 759.5399 505.8036 559.9064 856.6693 264.8843 383.3543 638.3096 481.8615 481.8615 481.8615 322.5005 50.8729 50.87289 51.45142 35.5479 22.03588
0 0 0 0 0 0 0 0 0 0 0 0 0 0 0 0 0 0 0 0 0 0 0 0 0 0 0 0 0 0 0 0 0 0 0 0 0 54.39676 76.35355 118.738 89.14209 49.81338 48.42192 50.22188 47.30136 54.78848 60.03886 42.28386 33.07616 40.9712 39.78373 32.69009 34.81829 53.5442 61.57568 105.6694 221.798 190.8777 508.4295 1884.031 1895.651 1611.194 1039.16 1764.381 1829.507 2002.247 1047.689 481.8615 481.8615 333.3332 325.0728 199.9142 56.63489 59.1813 40.62162 21.81522
0 0 0 0 0 0 0 0 0 0 0 0 0 0 0 0 0 0 0 0 0 0 0 0 0 0 0 0 0 0 0 0 0 0 0 0 68.72015 55.17752 76.2906 95.71727 76.39627 67.64896 72.32797 78.57218 392.9605 54.75501 50.05507 51.09544 36.192 36.49773 36.40127 30.5244 30.69796 33.63874 49.7912 120.0113 181.1828 207.082 309.0605 614.5529 5307.054 5102.843 4668.376 7956.94 3754.879 988.9025 237.3683 461.3792 228.0811 117.4458 100.1061 67.80789 59.33153 64.21911 90.99703 79.28535
