Scenarios/Heterogeneous/data/country_data_population_distribution/processed/density_grids/ssd.asc
ncols 271
nrows 221
xllcorner 24
yllcorner 3
[rows 155 to 185 of 221, columns 70 to 139 of 271]
0 0 0 0 0 0 0 0 0 0 4.341684 6.774362 6.774361 6.774362 6.774362 6.774362 6.774361 6.774362 6.774361 6.774362 6.774362 6.774361 6.774362 6.774362 6.774362 6.774362 6.774361 8.182783 14.84652 15.31982 15.31982 15.40747 15.47396 15.47396 15.47396 15.47396 15.47396 15.47396 15.47396 15.47396 20.12213 26.39537 26.39537 26.39537 26.39537 26.39537 26.39537 26.39537 26.39537 26.39537 26.28343 10.80435 6.635734 5.777946 4.811952 4.584458 4.432261 4.398918 4.398919 4.398919 4.398919 4.398918 4.398919 4.398918 4.398919 4.398918 4.398919 4.951993 12.90833 12.94588
0 0 0 0 0 0 0 0 0 0 0 5.937781 6.774361 6.774361 6.774361 6.774361 6.774361 6.774361 6.774361 6.774361 6.774361 6.774362 6.774361 6.774361 6.774361 6.774361 6.774361 6.774362 9.306043 15.23939 15.31982 15.39839 15.47396 15.47396 15.47396 15.47396 15.47396 15.47396 15.47396 17.3092 25.6102 26.39537 26.39537 26.39537 26.39537 26.39537 26.39537 26.39537 26.39537 26.39537 16.20736 6.677125 6.677125 6.677125 6.677125 6.677125 6.666589 6.537205 6.374482 6.211756 6.04903 5.990713 11.32865 10.557 9.694555 8.832105 7.96965 9.443175 14.72158 13.46096
0 0 0 0 0 0 0 0 0 0 0 0 6.774361 6.774362 6.774361 6.774362 6.774361 6.774362 6.774361 6.774361 6.774361 6.774362 6.774361 6.774361 6.774361 6.774361 6.774361 6.774362 6.867897 14.48957 15.33259 15.46727 15.47396 15.47396 15.47396 15.47396 15.47396 15.47396 19.40815 25.92095 26.39537 26.39537 26.39537 26.39537 26.39537 26.39537 26.39537 26.39537 26.39537 19.34859 6.725614 6.677125 6.677125 6.677125 6.677125 6.677125 6.677125 6.677125 6.677125 6.677125 6.677125 8.364527 16.47314 16.47314 16.47314 16.47314 16.47314 16.47314 16.47314 16.47314
0 0 0 0 0 0 0 0 0 0 0 0 5.183475 6.774362 6.774362 6.774362 6.774362 6.774362 6.774362 6.774362 6.774362 6.774362 6.774362 6.774362 6.774362 6.774362 6.774362 6.774362 9.150905 15.31982 15.32761 15.47243 15.47396 15.47396 15.47396 15.47396 15.79744 21.97429 26.39177 26.39537 26.39537 26.39537 26.39537 26.39537 26.39537 26.39537 26.39537 26.39537 21.01048 7.277706 6.677125 6.677125 6.677125 6.677125 6.677125 6.677125 6.677125 6.677125 6.677125 6.677125 6.677125 9.323601 16.47314 16.47314 16.47314 16.47314 16.47314 16.47314 16.47314 16.47314
0 0 0 0 0 0 0 0 0 0 0 0 0 6.774362 6.774362 6.774362 6.774362 6.774362 6.774362 6.774362 6.774362 6.774363 6.774362 6.774362 6.774362 6.774362 6.774362 6.774362 12.35545 15.31982 15.31982 15.44777 15.47396 15.47396 15.47396 15.51935 23.60189 26.39537 26.39537 26.39537 26.39537 26.39537 26.39537 26.39537 26.39537 26.39537 26.13328 16.33709 6.869184 6.677125 6.677125 6.677125 6.677125 6.677125 6.677125 6.677125 6.677125 6.677125 6.677125 6.677125 6.677125 6.855786 15.5453 16.47314 16.47314 16.47314 16.47314 16.47314 16.47314 16.47314
0 0 0 0 0 0 0 0 0 0 0 0 3.82335 6.774361 6.774362 6.774362 6.774361 6.774362 6.774361 6.774362 6.774361 6.774362 6.774361 6.774361 6.774361 6.774362 6.774361 7.304019 15.03034 15.31982 15.31982 15.42005 15.47396 15.47396 15.47396 19.41231 26.39537 26.39537 26.39537 26.39537 26.39537 26.39537 26.39537 26.39537 26.39537 24.40472 11.46707 6.677125 6.677125 6.677125 6.677125 6.677125 6.677125 6.677125 6.677125 6.677125 6.677125 6.677125 6.677125 6.677125 6.677125 6.677125 12.61157 16.47314 16.47314 16.47314 16.47314 16.47314 16.47314 16.47314
0 0 0 0 0 0 0 0 0 0 0 0 6.413526 6.774362 6.774362 6.774362 6.774362 6.774362 6.774362 6.774362 6.774362 6.774362 6.774362 6.774362 6.774362 6.774362 6.864451 10.55028 15.31982 15.31982 15.33029 15.44989 15.47396 15.47396 15.98651 25.25701 26.39537 26.39537 26.39537 26.39537 26.39537 26.39537 26.39537 26.39537 26.39537 16.78289 6.677125 6.677125 6.677125 6.677125 6.677125 6.677125 6.677125 6.677125 6.677125 6.677125 6.677125 6.677125 6.677125 6.677125 6.677125 6.985492 15.52208 16.47314 16.47314 16.47314 16.47314 16.47314 16.47314 16.47314
0 0 0 0 0 0 0 0 0 0 0 0 6.774362 6.774361 6.774362 6.774361 6.774362 6.774361 6.774362 6.774361 6.774362 7.094699 9.68873 11.25255 12.55294 13.85331 15.06359 15.31982 15.31982 15.31982 15.31982 15.36093 15.47301 15.47396 21.14069 26.39537 26.39537 26.39537 26.39537 26.39537 26.39537 26.39537 26.39537 26.39537 26.39537 13.44347 6.677125 6.677125 6.677125 6.677125 6.677125 6.677125 6.677125 6.677125 6.677125 6.677125 6.677125 6.677125 6.677125 6.677125 6.677125 10.06596 16.47314 16.47314 16.47314 16.47314 16.47314 16.47314 16.47314 16.47314
0 0 0 0 0 0 0 0 0 0 0 0 6.774362 6.774362 6.774362 6.774362 6.774362 6.774362 6.774362 8.300851 11.69602 14.77545 15.31982 15.31982 15.31982 15.31982 15.31982 15.31982 15.31982 15.31982 15.31982 15.37377 15.47396 15.47396 20.16599 26.39537 26.39537 26.39537 26.39537 26.39537 26.39537 26.39537 26.39537 26.39537 23.57308 7.202013 6.677126 6.677125 6.677125 6.677125 6.677125 6.677125 6.677125 6.677125 6.677125 6.677125 6.677125 6.677125 6.677125 6.677125 6.677125 8.860014 16.47314 16.47314 16.47314 16.47314 16.47314 16.47314 16.47314 16.47314
0 0 0 0 0 0 0 0 0 0 0 0 9.398854 9.690762 9.77138 9.851999 9.932617 10.44267 13.44184 15.31516 15.31982 15.31982 15.31982 15.31982 15.31982 15.31982 15.31982 15.31982 15.31982 15.31982 15.31982 15.32204 15.39352 15.47396 15.72814 24.91746 26.39537 26.39537 26.39537 26.39537 26.39537 26.39537 26.39537 26.39537 18.4288 6.677125 6.677126 6.677125 6.677125 6.677125 6.677125 6.677125 6.677125 6.677125 6.677125 6.677125 6.677125 6.677125 6.677125 6.677125 6.677125 6.895563 15.61623 16.47314 16.47314 16.47314 16.47314 16.47314 16.47314 16.47314
0 0 0 0 0 0 0 0 0 0 0 0 12.28949 15.31982 15.31982 15.31982 15.31982 15.31982 15.31982 15.31982 15.31982 15.31982 15.31982 15.31982 15.31982 15.31982 15.31982 15.31982 15.31982 15.31982 15.31982 15.31982 15.34547 15.47396 15.47396 18.54516 25.90606 26.39537 26.39537 26.39537 26.39537 26.39537 26.39537 26.39537 16.39599 6.677125 6.677125 6.677125 6.677125 6.677125 6.677125 6.677125 6.677125 6.677125 6.677125 6.677125 6.677125 6.677125 6.677125 6.677125 6.677125 6.677126 9.579674 16.47314 16.47314 16.47314 16.47314 16.47314 16.47314 16.47314
0 0 0 0 0 0 0 0 0 0 0 0 0 14.87037 15.31982 15.31982 15.31982 15.31982 15.31982 15.31982 15.31982 15.31982 15.31982 15.31982 15.31982 15.31982 15.31982 15.31982 15.31982 15.31982 15.31982 15.31982 15.32236 15.46946 15.47396 15.47396 17.16817 25.25563 26.39537 26.39537 26.39537 26.39537 26.39537 26.39537 14.36318 6.677125 6.677125 6.677125 6.677125 6.677125 6.677125 6.677125 6.677125 6.677125 6.677125 6.677125 6.677125 6.677125 6.677125 6.677125 6.677125 6.677125 6.750385 16.22494 16.47314 16.47314 16.47314 16.47314 16.47314 16.47314
0 0 0 0 0 0 0 0 0 0 0 0 0 11.06324 15.31982 15.31982 15.31982 15.31982 15.31982 15.31982 15.31982 15.31982 15.31982 15.31982 15.31982 15.31982 15.31982 15.31982 15.31982 15.31982 15.31982 15.31982 15.31982 15.44363 15.47396 15.47396 15.47396 24.70438 26.39537 26.39537 26.39537 26.39537 26.39537 26.39537 12.33037 6.677125 6.677125 6.677125 6.677125 6.677125 6.677125 6.677125 6.677125 6.677125 6.677125 6.677125 6.677125 6.677125 6.677125 6.677125 6.677125 6.677125 6.677125 15.11593 16.47314 16.47314 16.47314 16.47314 16.47314 16.47314
0 0 0 0 0 0 0 0 0 0 0 0 0 0 8.664541 15.31945 15.31982 15.31982 15.31982 15.31982 15.31982 15.31982 15.31982 15.31982 15.31982 15.31982 15.31982 15.31982 15.31982 15.31982 15.31982 15.31982 15.31982 15.32232 15.42905 15.47396 15.52859 26.03659 26.39537 26.39537 26.39537 26.39537 26.39537 26.39537 16.22438 6.677125 6.677125 6.677125 6.677125 6.677125 6.677125 6.677125 6.677125 6.677125 6.677125 6.677125 6.677125 6.677125 6.677125 6.677125 6.677125 6.677125 6.677125 14.51101 16.47314 16.47314 16.47314 16.47314 16.47314 16.47314
0 0 0 0 0 0 0 0 0 0 0 0 0 0 0 7.537581 15.31982 15.31982 15.31982 15.31982 15.31982 15.31982 15.31982 15.31982 15.31982 15.31982 15.31982 15.31982 15.31982 15.31982 15.31982 15.31982 15.31982 15.31982 15.42365 15.47396 16.55666 26.39537 26.39537 26.39537 26.39537 26.39537 26.39537 26.39537 25.35961 8.403393 6.677125 6.677125 6.677125 6.677125 6.677125 6.677125 6.677125 6.677125 6.677125 6.677125 6.677125 6.677125 6.677125 6.677125 6.677125 6.677125 6.677125 15.58031 16.47314 16.47314 16.47314 16.47314 16.47314 16.47314
0 0 0 0 0 0 0 0 0 0 0 0 0 0 0 0 13.05577 15.31982 15.31982 15.31982 15.31982 15.31982 15.31982 15.31982 15.31982 15.31982 15.31982 15.31982 15.31982 15.31982 15.31982 15.31982 15.31982 15.31982 15.32633 15.44654 15.81937 24.63922 26.39537 26.39537 26.39537 26.39537 26.39537 26.39537 26.39537 18.24031 6.677125 6.677125 6.677125 6.677125 6.677125 6.677125 6.677125 6.677125 6.677125 6.677125 6.677125 6.677125 6.677125 6.677125 6.677125 6.677125 8.113099 16.43355 16.47314 16.47314 16.47314 16.47314 16.47314 16.47314
0 0 0 0 0 0 0 0 0 0 0 0 0 0 0 0 0 15.31982 15.31982 15.31982 15.31982 15.31982 15.31982 15.31982 15.31982 15.31982 15.31982 15.31982 15.31982 15.31982 15.31982 15.31982 15.31982 15.31982 15.31982 15.4532 15.47396 19.55325 26.39537 26.39537 26.39537 26.39537 26.39537 26.39537 26.39537 26.05546 9.734657 6.677125 6.677125 6.677125 6.677125 6.677125 6.677125 6.677125 6.677125 6.677125 6.677125 6.677125 6.677125 6.677125 6.677125 6.677125 8.395437 16.40858 16.47314 16.47314 16.47314 16.47314 16.47314 16.47314
0 0 0 0 0 0 0 0 0 0 0 0 0 0 0 0 0 14.05948 15.31982 15.31982 15.31982 15.31982 15.31982 15.31982 15.31982 15.31982 15.31982 15.31982 15.31982 15.31982 15.31982 15.31982 15.31982 15.31982 15.32834 15.47322 15.47396 22.48651 26.39537 26.39537 26.39537 26.39537 26.39537 26.39537 26.39537 26.39537 21.05115 10.34276 6.925261 6.677125 6.677125 6.677125 6.677125 6.677125 6.677125 6.677125 6.677125 6.677125 6.677125 6.677125 6.677125 6.677125 6.677125 13.69825 16.47314 16.47314 16.47314 16.47314 16.47314 16.47314
0 0 0 0 0 0 0 0 0 0 0 0 0 0 0 0 0 0 13.15382 15.31982 15.31982 15.31982 15.31982 15.31982 15.31982 15.31982 15.31982 15.31982 15.31982 15.31982 15.31982 15.31982 15.31982 15.32137 15.39387 15.47396 15.47396 24.7153 26.39537 26.39537 26.39537 26.39537 26.39537 26.39537 26.39537 26.39537 26.39537 26.39537 24.64677 9.435196 6.677125 6.677125 6.677125 6.677125 6.677125 6.677125 6.677125 6.677125 6.677125 6.677125 6.677125 6.677125 8.209418 16.22457 16.47314 16.47314 16.47314 16.47314 16.47314 16.47314
0 0 0 0 0 0 0 0 0 0 0 0 0 0 0 0 0 0 0 15.30739 15.31982 15.31982 15.31982 15.31982 15.31982 15.31982 15.31982 15.31982 15.31982 15.31982 15.31982 15.31982 15.34908 15.44167 15.47396 15.47396 15.47396 24.72714 26.39537 26.39537 26.39537 26.39537 26.39537 26.39537 26.39537 26.39537 26.39537 26.39537 26.39537 23.30631 7.946419 6.677125 6.677125 6.677125 6.677125 6.677125 6.677125 6.677125 6.677125 6.677125 6.677125 6.677125 6.727159 14.10009 16.47314 16.47314 16.47314 16.47314 16.47314 16.47314
0 0 0 0 0 0 0 0 0 0 0 0 0 0 0 0 0 0 0 0 11.85126 11.95004 15.10539 15.31982 15.31982 15.31982 15.31982 15.31982 15.31982 15.31982 15.32009 15.36057 15.46787 15.47396 15.47396 15.47396 15.47396 24.72714 26.39537 26.39537 26.39537 26.39537 26.39537 26.39537 26.39537 26.39537 26.39537 26.39537 26.39537 26.39537 21.14356 6.788417 6.677125 6.677125 6.677125 6.677125 6.677125 6.677125 6.677125 6.677125 6.677125 6.677125 6.677125 14.08454 16.47314 16.47314 16.47314 16.47314 16.47314 16.47314
0 0 0 0 0 0 0 0 0 0 0 0 0 0 0 0 0 0 0 0 0 0 0 15.31982 15.31982 15.31982 15.31982 15.31982 15.37337 15.42922 15.46156 15.47396 15.47396 15.47396 15.47396 15.47396 15.47396 24.72714 26.39537 26.39537 26.39537 26.39537 26.39537 26.39537 26.39537 26.39537 26.39537 26.39537 26.39537 26.39537 25.52313 6.708171 6.677125 6.677125 6.677125 6.677125 6.677125 6.677125 6.677125 6.677125 6.677125 6.677125 6.677125 14.00251 16.47314 16.47314 16.47314 16.47314 16.47314 16.47314
0 0 0 0 0 0 0 0 0 0 0 0 0 0 0 0 0 0 0 0 0 0 0 15.30893 15.31982 15.31982 15.31982 15.38585 15.4733 15.47396 15.47396 15.47396 15.47396 15.47396 15.47396 15.47396 15.47396 24.72714 26.39537 26.39537 26.39537 26.39537 26.39537 26.39537 26.39537 26.39537 26.39537 26.39537 26.39537 26.39537 23.53864 6.677125 6.677125 6.677125 6.677125 6.677125 6.677125 6.677125 6.677125 6.677125 6.677125 6.677125 6.696496 13.73339 16.47314 16.47314 16.47314 16.47314 16.47314 16.47314
0 0 0 0 0 0 0 0 0 0 0 0 0 0 0 0 0 0 0 0 0 0 0 0 0 15.31982 15.39107 15.47371 15.47396 15.47396 15.47396 15.47396 15.47396 15.47396 15.47396 15.47396 15.47396 24.72714 26.39537 26.39537 26.39537 26.39537 26.39537 26.39537 26.39537 26.39537 26.39537 26.39537 26.39537 26.39537 22.51676 6.677125 6.677125 6.677125 6.677125 6.677125 6.677125 6.677125 6.677125 6.677125 6.677125 6.677125 7.234421 15.78244 16.47314 16.47314 16.47314 16.47314 16.47314 16.47314
0 0 0 0 0 0 0 0 0 0 0 0 0 0 0 0 0 0 0 0 0 0 0 0 0 15.39648 15.47393 15.47396 15.47396 15.47396 15.47396 15.47396 15.47396 15.47396 15.47396 15.47396 15.47396 24.72714 26.39537 26.39537 26.39537 26.39537 26.39537 26.39537 26.39537 26.39537 26.39537 26.39537 26.39537 26.39537 21.95686 6.677125 6.677125 6.677125 6.677125 6.677125 6.677125 6.677125 6.677125 6.677125 6.677125 6.677125 6.677125 10.44726 16.32457 16.47314 16.47314 16.47314 16.47314 16.47314
0 0 0 0 0 0 0 0 0 0 0 0 0 0 0 0 0 0 0 0 0 0 0 0 0 15.47396 15.47396 15.47396 15.47396 15.47396 15.47396 15.47396 15.47396 15.47396 15.47396 15.47396 15.47396 18.08423 24.77499 26.39537 26.39537 26.39537 26.39537 26.39537 26.39537 26.39537 26.39537 26.39537 26.39537 26.39537 26.37404 16.55806 6.700631 6.677125 6.677125 6.677125 6.677125 6.677125 6.677125 6.677125 6.677125 6.677125 6.677125 6.677125 12.83685 14.94328 15.26074 16.47314 16.47314 16.47314
0 0 0 0 0 0 0 0 0 0 0 0 0 0 0 0 0 0 0 0 0 0 0 0 0 15.47396 15.47396 15.47396 15.47396 15.47396 15.47396 15.47396 15.47396 15.47396 15.47396 15.47396 15.47396 16.7386 26.09287 26.39537 26.39537 26.39537 26.39537 26.39537 26.39537 26.39537 26.39537 26.39537 26.39537 26.39537 26.39537 26.39537 9.985558 6.677125 6.677125 6.677125 6.677125 6.677125 6.677125 6.677125 6.677125 6.677125 6.677125 6.677125 12.8091 0 0 0 0 12.02589
0 0 0 0 0 0 0 0 0 0 0 0 0 0 0 0 0 0 0 0 0 0 0 0 0 13.6636 15.47396 15.47396 15.47396 15.47396 15.47396 15.47396 15.47396 15.47396 15.47396 15.47396 16.2582 22.92736 26.39537 26.39537 26.39537 26.39537 26.39537 26.39537 26.39537 26.39537 26.39537 26.39537 26.39537 26.39537 26.39537 26.16472 9.082629 6.677125 6.677125 6.677125 6.677125 6.677125 6.677125 6.677125 6.677125 6.677125 6.677125 6.677125 7.904389 0 0 0 0 0
0 0 0 0 0 0 0 0 0 0 0 0 0 0 0 0 0 0 0 0 0 0 0 0 0 0 11.68345 14.29269 12.44322 13.09141 14.03538 15.44424 15.47396 15.47396 15.47396 15.47396 16.59083 23.6217 26.39537 26.39537 26.39537 26.39537 26.39537 26.39537 26.39537 26.39537 26.39537 26.39537 22.24206 26.12014 26.39537 25.66405 10.05996 6.677125 6.677125 6.677125 6.677125 6.677125 6.677125 6.677125 6.677125 6.677125 6.677125 6.677125 6.772479 0 0 0 0 0
0 0 0 0 0 0 0 0 0 0 0 0 0 0 0 0 0 0 0 0 0 0 0 0 0 0 0 0 0 0 0 15.46472 15.47396 15.47396 15.47396 15.47396 15.47396 17.66903 26.39537 26.39537 26.39537 26.39537 26.39537 26.39537 26.39537 26.39537 24.70267 0 0 19.72039 26.39537 26.39537 15.43938 6.677125 6.677125 6.677125 6.677125 6.677125 6.677125 6.677125 6.677125 6.677125 6.677125 6.677125 0 0 0 0 0 0
0 0 0 0 0 0 0 0 0 0 0 0 0 0 0 0 0 0 0 0 0 0 0 0 0 0 0 0 0 0 0 15.47396 15.47396 15.47396 15.47396 15.47396 15.47559 22.7902 26.39537 26.39537 26.39537 26.39537 26.39537 26.39537 26.39537 26.39537 17.85145 0 0 0 16.99406 17.59808 13.49577 6.815434 0 6.67785 6.677125 6.677125 6.677125 6.677125 6.677125 6.677125 6.701182 6.808062 0 0 0 0 0 0
