Scenarios/Heterogeneous/data/country_data_population_distribution/processed/density_grids/ssd.asc
ncols 271
nrows 221
xllcorner 24
yllcorner 3
[rows 62 to 92 of 221, columns 0 to 69 of 271]
0 0 0 0 0 0 0 0 0 0 0 0 0 0 0 0 0 0 0 0 0 0 5.192375 1.216427 1.216427 1.216427 1.216428 1.216427 1.216427 1.216427 1.216427 1.216427 1.216427 1.216427 1.216427 1.216427 1.216427 1.216427 1.216427 1.216427 1.216427 1.216427 1.216427 1.216427 1.216427 1.216427 1.216428 1.216427 1.216427 1.216427 1.216427 1.216427 1.216428 1.216427 1.216427 1.216427 9.637788 19.95447 19.95447 20.43268 0 0 0 0 0 0 0 0 0 0
0 0 0 0 0 0 0 0 0 0 0 0 0 0 0 0 0 0 0 0 0 0 9.139308 1.216428 1.216427 1.216427 1.216427 1.216428 1.216427 1.216427 1.216427 1.216428 1.216427 1.216427 1.216427 1.216427 1.216427 1.216428 1.216427 1.216427 1.216427 1.216428 1.216427 1.216427 1.216427 1.216427 1.216427 1.216427 1.216427 1.216428 1.216427 1.216427 1.216427 1.216428 1.216427 1.216427 11.50557 19.95447 19.95447 19.95447 21.23825 27.7445 0 0 0 0 0 0 0 0
0 0 0 0 0 0 0 0 0 0 0 0 0 0 0 0 0 0 0 0 0 0 7.352061 1.216427 1.216427 1.216427 1.216428 1.216427 1.216427 1.216427 1.216427 1.216427 1.216427 1.216427 1.216427 1.216427 1.216427 1.216427 1.216427 1.216427 1.216427 1.216427 1.216427 1.216427 1.216427 1.216427 1.216428 1.216427 1.216427 1.216427 1.216427 1.216427 1.216428 1.216427 1.216427 1.216427 13.37335 19.95447 19.95447 19.95447 19.95447 19.95447 19.95447 21.5936 26.336 0 0 0 0 0
0 0 0 0 0 0 0 0 0 0 0 0 0 0 0 0 0 0 0 0 0 0 1.403641 1.216428 1.216428 1.216427 1.216428 1.216427 1.216428 1.216428 1.216428 1.216428 1.216428 1.216428 1.216428 1.216427 1.216428 1.216428 1.216428 1.216428 1.216428 1.216427 1.216428 1.216428 1.216428 1.216428 1.216428 1.216428 1.216428 1.216427 1.216428 1.216428 1.216428 1.216427 1.216428 1.216427 15.24113 19.95447 19.95447 19.95447 19.95447 19.95447 19.95447 19.95447 19.95447 19.95447 20.63752 24.29565 25.77792 25.174
0 0 0 0 0 0 0 0 0 0 0 0 0 0 0 0 0 0 0 0 11.15428 1.311537 1.216427 1.216427 1.216427 1.216427 1.216428 1.216427 1.216427 1.216427 1.216427 1.216427 1.216427 1.216427 1.216427 1.216427 1.216427 1.216427 1.216427 1.216427 1.216427 1.216427 1.216427 1.216427 1.216427 1.216427 1.216428 1.216427 1.216427 1.216427 1.216427 1.216427 1.216428 1.216427 1.216427 1.216427 17.10891 19.95447 19.95447 19.95447 19.95447 19.95447 19.95447 19.95447 19.95447 19.95447 19.95447 19.95447 19.95447 19.95447
0 0 0 0 0 0 0 0 0 0 0 0 0 0 0 0 0 0 0 7.176423 1.216427 1.216428 1.216428 1.216428 1.216428 1.216428 1.216427 1.216428 1.216427 1.216428 1.216428 1.216428 1.216428 1.216428 1.216428 1.216428 1.216428 1.216428 1.216428 1.216428 1.216427 1.216428 1.216428 1.216428 1.216428 1.216428 1.216427 1.216428 1.216428 1.216428 1.216428 1.216428 1.216427 1.216428 1.216427 1.216428 18.97668 19.95447 19.95447 19.95447 19.95447 19.95447 19.95447 19.95447 19.95447 19.95447 19.95447 19.95447 19.95447 19.95447
0 0 0 0 0 0 0 0 0 0 0 0 0 0 0 0 0 0 0 1.256949 1.216427 1.216427 1.216427 1.216427 1.216427 1.216427 1.216427 1.216427 1.216427 1.216427 1.216427 1.216427 1.216427 1.216427 1.216427 1.216427 1.216427 1.216427 1.216427 1.216427 1.216427 1.216427 1.216427 1.216427 1.216427 1.216427 1.216427 1.216427 1.216427 1.216427 1.216427 1.216427 1.216427 1.216427 1.216427 2.106938 19.95395 19.95447 19.95447 19.95447 19.95447 19.95447 19.95447 19.95447 19.95447 19.95447 19.95447 19.95447 19.95447 19.95447
0 0 0 0 0 0 0 0 0 0 0 0 0 0 0 0 0 0 0 2.617695 1.216427 1.216427 1.216427 1.216427 1.216427 1.216427 1.216427 1.216427 1.216427 1.216427 1.216427 1.216427 1.216427 1.216427 1.216427 1.216427 1.216427 1.216427 1.216427 1.216427 1.216427 1.216427 1.216427 1.216427 1.216427 1.216427 1.216427 1.216427 1.216427 1.216427 1.216427 1.216427 1.216427 1.216428 1.216427 3.974201 19.95447 19.95447 19.95447 19.95447 19.95447 19.95447 19.95447 19.95447 19.95447 19.95447 19.95447 19.95447 19.95447 19.95447
0 0 0 0 0 0 0 0 0 0 0 0 0 0 0 0 0 0 0 1.216427 1.216428 1.216427 1.216427 1.216427 1.216427 1.216427 1.216428 1.216427 1.216427 1.216427 1.216427 1.216427 1.216427 1.216427 1.216427 1.216427 1.216427 1.216427 1.216427 1.216427 1.216427 1.216427 1.216427 1.216427 1.216427 1.216427 1.216427 1.216427 1.216427 1.216427 1.216427 1.216427 1.216428 1.216427 1.216427 5.84198 19.95447 19.95447 19.95447 19.95447 19.95447 19.95447 19.95447 19.95447 19.95447 19.95447 19.95447 19.95447 19.95447 19.95447
0 0 0 0 0 0 0 0 0 0 0 0 0 0 0 0 0 0 6.17245 1.216427 1.216427 1.216427 1.216427 1.216427 1.216427 1.216427 1.216427 1.216427 1.216427 1.216427 1.216427 1.216427 1.216427 1.216427 1.216427 1.216427 1.216427 1.216427 1.216427 1.216427 1.216427 1.216427 1.216427 1.216427 1.216427 1.216427 1.216427 1.216427 1.216427 1.216427 1.216427 1.216427 1.216427 1.216427 1.216427 7.713672 19.95447 19.95447 19.95447 19.95447 19.95447 19.95447 19.95447 19.95447 19.95447 19.95447 19.95447 19.95447 19.95447 19.95447
0 0 0 0 0 0 0 0 0 0 0 0 0 0 0 0 0 0 1.50851 1.216427 1.216427 1.216427 1.216427 1.216427 1.216427 1.216427 1.216427 1.216427 1.216427 1.216427 1.216427 1.216427 1.216427 1.216427 1.216427 1.216427 1.216427 1.216427 1.216427 1.216427 1.216427 1.216427 1.216427 1.216427 1.216427 1.216427 1.216427 1.216427 1.216427 1.216427 1.216427 1.216427 1.216427 1.216427 1.216427 14.78953 29.30229 26.02606 22.66361 19.95893 19.95447 19.95447 19.95447 19.95447 19.95447 19.95447 19.95447 19.95447 19.95447 19.95447
0 0 0 0 0 0 0 0 0 0 0 0 0 0 0 0 0 0 1.216428 1.216428 1.216428 1.216428 1.216428 1.216428 1.216428 1.216428 1.216428 1.216428 1.216428 1.216428 1.216428 1.216428 1.216428 1.216428 1.216428 1.216428 1.216428 1.216428 1.216428 1.216428 1.216428 1.216428 1.216428 1.216428 1.216428 1.216428 1.216428 1.216428 1.216428 1.216428 1.216428 1.216428 1.216428 1.216428 1.216428 18.06271 32.0767 32.0767 32.0767 28.39083 21.23375 19.95447 19.95447 19.95447 19.95447 19.95447 19.95447 19.95447 20.64496 22.25704
0 0 0 0 0 0 0 0 0 0 0 0 0 0 0 0 0 0 1.216427 1.216428 1.216427 1.216428 1.216427 1.216427 1.216427 1.216427 1.216427 1.216427 1.216427 1.216428 1.216427 1.216427 1.216427 1.216427 1.216427 1.216427 1.216427 1.216427 1.216427 1.216427 1.216427 1.216428 1.216427 1.216428 1.216427 1.216427 1.216427 1.216427 1.216427 1.216428 1.216427 1.216427 1.216427 1.216428 1.216427 21.13881 32.0767 32.0767 32.0767 32.0767 30.49728 19.95447 20.86607 20.8458 19.95447 19.95447 20.14143 24.94655 31.05179 32.0767
0 0 0 0 0 0 0 0 0 0 0 0 0 0 0 0 0 9.269068 1.216427 1.216427 1.216427 1.216428 1.216427 1.216427 1.216427 1.216428 1.216427 1.216427 1.216427 1.216427 1.216427 1.216427 1.216427 1.216427 1.216427 1.216428 1.216427 1.216427 1.216427 1.216427 1.216427 1.216427 1.216427 1.216427 1.216427 1.216427 1.216427 1.216427 1.216427 1.216427 1.216427 1.216427 1.216427 1.216427 1.216427 22.3864 32.0767 32.0767 32.0767 32.0767 29.63278 20.86112 30.03214 31.96961 29.62841 26.61482 30.08597 32.0767 32.0767 32.0767
0 0 0 0 0 0 0 0 0 0 0 0 0 0 0 0 0 0 1.216427 1.216427 1.216428 1.216427 1.216427 1.216427 1.216427 1.216427 1.216428 1.216427 1.216427 1.216427 1.216427 1.216427 1.216427 1.216427 1.216427 1.216427 1.216427 1.216427 1.216427 1.216427 1.216427 1.216427 1.216427 1.216427 1.216427 1.216427 1.216428 1.216427 1.216427 1.216427 1.216427 1.216427 1.216427 1.216427 1.216427 17.68344 32.0767 32.0767 32.0767 32.0767 28.76781 29.5413 32.0767 32.0767 32.0767 32.0767 32.0767 32.0767 32.0767 32.0767
0 0 0 0 0 0 0 0 0 0 0 0 0 0 0 0 0 0 1.316338 1.216427 1.216427 1.216427 1.216427 1.216427 1.216427 1.216427 1.216427 1.216427 1.216427 1.216427 1.216427 1.216427 1.216427 1.216427 1.216427 1.216427 1.216427 1.216427 1.216427 1.216427 1.216427 1.216427 1.216427 1.216427 1.216427 1.216427 1.216428 1.216427 1.216427 1.216427 1.216427 1.216427 1.216428 1.216427 1.216427 12.52175 32.0767 32.0767 32.0767 32.0767 32.03429 32.0767 32.0767 32.0767 32.0767 32.0767 32.0767 32.0767 32.0767 32.0767
0 0 0 0 0 0 0 0 0 0 0 0 0 0 0 0 0 0 1.217432 1.216427 1.216428 1.216427 1.216428 1.216428 1.216427 1.216427 1.216428 1.216427 1.216428 1.216427 1.216427 1.216427 1.216428 1.216428 1.216428 1.216427 1.216428 1.216427 1.216428 1.216428 1.216428 1.216427 1.216428 1.216428 1.216428 1.216427 1.216428 1.216427 1.216428 1.216427 1.216428 1.216427 1.216428 1.216427 1.216428 7.360073 32.0767 32.0767 32.0767 32.0767 32.0767 32.0767 32.0767 32.0767 32.0767 32.0767 32.0767 32.0767 32.0767 32.0767
0 0 0 0 0 0 0 0 0 0 0 0 0 0 0 0 0 3.596435 1.216427 1.216427 1.216428 1.216427 1.216427 1.216427 1.216427 1.216427 1.216428 1.216427 1.216427 1.216427 1.216427 1.216427 1.216427 1.216427 1.216427 1.216427 1.216427 1.216427 1.216427 1.216427 1.216427 1.216427 1.216427 1.216427 1.216427 1.216427 1.216427 1.216427 1.216427 1.216427 1.216427 1.216427 1.216427 1.216427 1.216427 2.446019 31.82907 32.0767 32.0767 32.0767 32.0767 32.0767 32.0767 32.0767 32.0767 32.0767 30.98508 13.86595 29.60623 29.49464
0 0 0 0 0 0 0 0 0 0 0 0 0 0 0 0 7.604864 1.216427 1.216428 1.216427 1.216428 1.216427 1.216428 1.216427 1.216428 1.216427 1.216428 1.216427 1.216428 1.216427 1.216428 1.216427 1.216428 1.216428 1.216428 1.216427 1.216428 1.216427 1.216428 1.216428 1.216428 1.216427 1.216428 1.216427 1.216428 1.216427 1.216428 1.216427 1.216428 1.216427 1.216428 1.216427 1.216428 1.216427 1.216428 1.216427 27.89698 32.0767 32.0767 32.0767 32.0767 32.0767 32.0767 32.0767 32.0767 32.0767 20.25645 3.623052 5.517535 5.551253
0 0 0 0 0 0 0 0 0 0 0 0 0 0 0 3.944974 1.216427 1.216427 1.216427 1.216427 1.216428 1.216427 1.216427 1.216427 1.216427 1.216427 1.216428 1.216427 1.216427 1.216427 1.216427 1.216427 1.216427 1.216427 1.216427 1.216427 1.216427 1.216427 1.216427 1.216427 1.216427 1.216427 1.216427 1.216427 1.216427 1.216427 1.216427 1.216427 1.216427 1.216427 1.216427 1.216427 1.216427 1.216427 1.216427 1.216427 22.7353 32.0767 32.0767 32.0767 32.0767 32.0767 32.0767 32.0767 30.77205 24.3195 7.353666 3.623052 3.623052 3.623052
0 0 0 0 0 0 0 0 0 0 0 0 0 3.823341 1.216428 1.216427 1.216428 1.216427 1.216428 1.216427 1.216427 1.216428 1.216427 1.216427 1.216427 1.216427 1.216427 1.216427 1.216427 1.216427 1.216428 1.216427 1.216428 1.216427 1.216427 1.216427 1.216428 1.216427 1.216428 1.216428 1.216428 1.216427 1.216427 1.216427 1.216428 1.216427 1.216427 1.216427 1.216428 1.216427 1.216427 1.216427 1.216427 1.216427 1.216427 1.216427 17.57362 32.0767 32.0767 32.0767 32.0767 32.0767 30.59661 11.96344 4.149905 3.623052 3.623052 3.623052 3.623052 3.623052
0 0 0 0 0 0 0 0 0 0 0 0 1.457355 1.216427 1.216427 1.216428 1.216427 1.216428 1.216427 1.216428 1.216427 1.216428 1.216427 1.216428 1.216427 1.216428 1.216427 1.216428 1.216427 1.216428 1.216427 1.216428 1.216427 1.216428 1.216427 1.216428 1.216427 1.216428 1.216427 1.216427 1.216427 1.216428 1.216427 1.216428 1.216427 1.216428 1.216427 1.216428 1.216427 1.216428 1.216427 1.216428 1.216427 1.216428 1.216427 1.216428 12.41193 32.0767 32.0767 32.0767 32.0767 30.59661 10.15232 3.623052 3.623052 3.623052 3.623052 3.623052 3.623052 3.623052
0 0 0 0 0 0 0 0 0 0 6.33672 1.216434 1.216427 1.216427 1.216428 1.216427 1.216428 1.216427 1.216428 1.216427 1.216427 1.216427 1.216428 1.216427 1.216428 1.216427 1.216428 1.216427 1.216428 1.216427 1.216428 1.216427 1.216428 1.216427 1.216428 1.216427 1.216428 1.216427 1.216428 1.216428 1.216428 1.216427 1.216428 1.216427 1.216428 1.216427 1.216428 1.216427 1.216428 1.216427 1.216428 1.216427 1.216427 1.216427 1.216428 1.216427 7.250251 32.0767 32.0767 32.0767 30.59661 10.15232 3.623052 3.623052 3.623052 3.623052 3.623052 3.623052 3.623052 3.623052
0 0 0 0 0 0 0 0 0 0 1.216308 1.216427 1.216427 1.216427 1.216427 1.216427 1.216427 1.216427 1.216427 1.216427 1.216427 1.216427 1.216427 1.216427 1.216427 1.216427 1.216427 1.216427 1.216427 1.216427 1.216427 1.216427 1.216427 1.216427 1.216427 1.216427 1.216427 1.216427 1.216427 1.216427 1.216427 1.216427 1.216427 1.216427 1.216427 1.216427 1.216427 1.216427 1.216427 1.216427 1.216427 1.216427 1.216427 1.216427 1.216427 1.216427 2.371385 31.79388 32.03155 27.01093 10.15215 3.623052 3.623052 3.623052 3.623052 3.623052 3.623052 3.623052 3.623052 3.623052
0 0 0 0 0 0 0 0 0 0 1.02624 1.216427 1.216427 1.216427 1.216428 1.216427 1.216427 1.216427 1.216428 1.216427 1.216427 1.216427 1.216428 1.216427 1.216428 1.216427 1.216427 1.216427 1.216428 1.216427 1.216428 1.216427 1.216428 1.216428 1.216427 1.216427 1.216428 1.216427 1.216427 1.216428 1.216427 1.216427 1.216428 1.216427 1.216428 1.216427 1.216427 1.216427 1.216427 1.216427 1.216427 1.216427 1.216427 1.216427 1.216427 1.216427 1.216427 13.46676 6.992676 3.623052 3.623052 3.623052 3.623052 3.623052 3.623052 3.623052 3.623052 3.623052 3.623052 3.623052
0 0 0 0 0 0 0 0 0 0 1.179911 1.216427 1.216427 1.216428 1.216427 1.216427 1.216427 1.216427 1.216427 1.216427 1.216428 1.216427 1.216427 1.216427 1.216427 1.216427 1.216427 1.216427 1.216427 1.216427 1.216427 1.216427 1.216427 1.216427 1.216427 1.216427 1.216427 1.216427 1.216427 1.216427 1.216427 1.216427 1.216427 1.216427 1.216427 1.216427 1.216427 1.216427 1.216427 1.216427 1.216427 1.216427 1.216428 1.216427 1.216427 1.216427 1.216427 2.886003 3.623052 3.623052 3.623052 3.623052 3.623052 3.623052 3.623052 3.623052 3.623052 3.623052 3.623052 3.623052
0 0 0 0 0 0 0 0 0 1.15574 1.216427 1.216427 1.216427 1.216427 1.216427 1.216427 1.216427 1.216427 1.216427 1.216427 1.216427 1.216427 1.216427 1.216427 1.216427 1.216427 1.216427 1.216427 1.216427 1.216427 1.216427 1.216427 1.216427 1.216427 1.216427 1.216427 1.216427 1.216427 1.216427 1.216427 1.216427 1.216427 1.216427 1.216427 1.216427 1.216427 1.216427 1.216427 1.216427 1.216427 1.216427 1.216427 1.216427 1.216427 1.216427 1.216427 1.216427 2.483471 3.623052 3.623052 3.623052 3.623052 3.623052 3.623052 3.623052 3.623052 3.623052 3.623052 3.623052 3.623052
0 0 0 0 0 0 0 0 1.035311 1.216427 1.216427 1.216427 1.216427 1.216427 1.216427 1.216427 1.216427 1.216428 1.216427 1.216427 1.216427 1.216428 1.216427 1.216427 1.216427 1.216427 1.216427 1.216428 1.216427 1.216428 1.216427 1.216427 1.216427 1.216427 1.216427 1.216427 1.216427 1.216427 1.216427 1.216427 1.216427 1.216427 1.216427 1.216428 1.216427 1.216427 1.216427 1.216427 1.216427 1.216427 1.216427 1.216427 1.216427 1.216428 1.216427 1.216428 1.216427 2.08094 3.623052 3.623052 3.623052 3.623052 3.623052 3.623052 3.623052 3.623052 3.623052 3.623052 3.623052 3.623052
0 0 0 0 0 0 0 0 1.216427 1.216427 1.216427 1.216427 1.216427 1.216427 1.216427 1.216427 1.216427 1.216427 1.216427 1.216427 1.216427 1.216427 1.216427 1.216427 1.216427 1.216427 1.216427 1.216427 1.216427 1.216427 1.216427 1.216427 1.216427 1.216427 1.216427 1.216427 1.216427 1.216427 1.216427 1.216427 1.216427 1.216427 1.216427 1.216427 1.216427 1.216427 1.216427 1.216427 1.216427 1.216427 1.216427 1.216427 1.216427 1.216427 1.216427 1.216427 1.216427 1.678408 3.623052 3.623052 3.623052 3.623052 3.623052 3.623052 3.623052 3.623052 3.623052 3.623052 3.623052 3.623052
0 0 0 0 0 0 0 0 1.216427 1.216427 1.216427 1.216427 1.216427 1.216427 1.216427 1.216427 1.216427 1.216428 1.216427 1.216427 1.216427 1.216427 1.216427 1.216427 1.216427 1.216427 1.216427 1.216428 1.216427 1.216427 1.216427 1.216427 1.216427 1.216427 1.216427 1.216427 1.216427 1.216427 1.216427 1.216427 1.216427 1.216427 1.216427 1.216427 1.216427 1.216427 1.216427 1.216428 1.216427 1.216427 1.216427 1.216428 1.216427 1.216427 1.216427 1.216428 1.216427 1.300858 3.598071 3.623052 3.623052 3.623052 3.623052 3.623052 3.623052 3.623052 3.623052 3.623052 3.623052 3.623052
0 0 0 0 0 0 0 0 1.115507 1.216427 1.216427 1.216427 1.216427 1.216427 1.216427 1.216427 1.216427 1.216427 1.216427 1.216427 1.216427 1.216427 1.216427 1.216427 1.216427 1.216427 1.216427 1.216427 1.216427 1.216427 1.216427 1.216427 1.216427 1.216427 1.216427 1.216427 1.216428 1.216427 1.216427 1.216428 1.216427 1.216427 1.216427 1.216427 1.216427 1.216427 1.216427 1.216427 1.216427 1.216427 1.216427 1.216427 1.216427 1.216427 1.216427 1.216427 1.216428 1.216427 3.27997 3.623052 3.623052 3.623052 3.623052 3.623052 3.623052 3.623052 3.623052 3.623052 3.623052 3.623052
