Scenarios/Heterogeneous/data/country_data_population_distribution/processed/density_grids/ssd.asc
ncols 271
nrows 221
xllcorner 24
yllcorner 3
[rows 155 to 185 of 221, columns 140 to 209 of 271]
12.94589 12.94588 12.94589 12.94588 12.94589 12.94589 12.94588 12.94589 12.94588 12.94588 12.94589 12.94589 12.94588 12.94589 12.94588 12.94588 12.94588 12.94589 13.34975 14.22268 14.60956 14.60956 14.60956 15.2708 19.01134 22.47298 23.01145 23.01145 23.01145 23.01145 23.01145 23.01145 23.01145 23.01145 23.01145 23.01145 23.01145 23.01145 23.01145 23.01145 23.01145 23.01145 23.01145 23.01145 23.01145 23.01145 23.01145 23.01145 23.01145 23.01145 23.01145 23.01145 23.01145 23.01145 23.01145 23.01145 23.01145 23.01145 30.048 44.51557 44.51557 44.51557 44.51557 44.51557 44.51557 44.51557 44.51557 44.51557 44.51557 44.51557
13.08722 12.94588 12.94589 12.94588 12.94589 12.94588 12.94588 12.94589 12.94588 12.94589 12.94588 12.94589 12.94588 12.94589 10.95167 11.92181 13.24245 14.13759 14.60889 14.60956 14.60957 14.60956 14.60956 14.60956 14.60956 15.04884 18.41121 22.11149 23.01145 23.01145 23.01145 23.01145 23.01145 23.01145 23.01145 23.01145 23.01145 23.01145 23.01145 23.01145 23.01145 23.01145 23.01145 23.01145 23.01145 23.01145 23.01145 23.01145 23.01145 23.01145 23.01145 23.01145 23.01145 23.01145 23.01145 23.01145 23.01145 23.01145 30.59103 44.51557 44.51557 44.51557 44.51557 44.51557 44.51557 44.51557 44.51557 44.51557 44.51557 44.51557
16.46974 16.23395 15.85683 14.99199 11.66764 12.94589 12.94589 12.94589 12.94589 12.94589 12.94589 12.60434 12.67344 12.94589 10.1598 8.885345 9.480302 11.29261 13.14107 14.52944 14.60957 14.60957 14.60957 14.60957 14.60956 14.60957 14.60957 14.8102 17.81108 21.65766 23.01145 23.01145 23.01145 23.01145 23.01145 23.01145 23.01145 23.01145 23.01145 23.01145 23.01145 23.01145 23.01145 23.01145 23.01145 23.01145 23.01145 23.01145 23.01145 23.01145 23.01145 23.01145 23.01145 23.01145 23.01145 23.01145 23.01145 23.01145 31.13406 44.51557 44.51557 44.51557 44.51557 44.51557 44.51557 44.51557 44.51557 44.51557 44.51557 44.51557
16.47314 16.47314 16.47314 12.17207 8.891566 10.98037 12.94489 12.94589 12.94589 11.57064 9.986453 8.935354 8.888516 9.284859 9.488297 8.885345 8.885345 8.885345 8.885345 10.11487 14.45337 14.60956 14.60956 14.60956 14.60956 14.60956 14.60956 14.60956 14.60956 14.66389 17.21095 21.11151 23.01145 23.01145 23.01145 23.01145 23.01145 23.01145 23.01145 23.01145 23.01145 23.01145 23.01145 23.01145 23.01145 23.01145 23.01145 23.01145 23.01145 23.01145 23.01145 23.01145 23.01145 23.01145 23.01145 23.01145 23.01145 23.01145 31.67709 44.51557 44.51557 44.51557 44.51557 44.51557 44.51557 44.51557 44.51557 44.51557 44.51557 44.51557
16.47314 16.47314 16.47314 12.45826 8.885345 8.885345 10.52795 12.02068 12.77996 9.388236 8.885345 8.885345 8.885345 8.885345 8.885345 8.885345 8.885345 8.885345 8.885345 8.885345 11.19532 14.60957 14.60956 14.60957 14.60957 14.60957 14.60956 14.60957 14.60957 14.60957 14.60957 14.6099 20.00927 23.01145 23.01145 23.01145 23.01145 23.01145 23.01145 23.01145 23.01145 23.01145 23.01145 23.01145 23.01145 23.01145 23.01145 23.01145 23.01145 23.01145 23.01145 23.01145 23.01145 23.01145 23.01145 23.01145 23.01145 23.01145 32.22013 44.51557 44.51557 44.51557 44.51557 44.51557 44.51557 44.51557 44.51557 44.51557 44.51557 44.51557
16.47314 16.47314 16.47314 13.09058 8.885345 8.885345 8.885345 8.885345 8.938192 8.917165 8.885345 8.885345 8.885345 8.885345 8.885345 8.885345 8.885345 8.885345 8.885345 8.885345 8.886007 12.45273 14.60956 14.60956 14.60956 14.60956 14.60956 14.60956 14.60956 14.60956 14.60956 14.60956 20.59513 23.01145 23.01145 23.01145 23.01145 23.01145 23.01145 23.01145 23.01145 23.01145 23.01145 23.01145 23.01145 23.01145 23.01145 23.01145 23.01145 23.01145 23.01145 23.01145 23.01145 23.01145 23.01145 23.01145 23.01145 23.01145 32.76316 44.51557 44.51557 44.51557 44.51557 44.51557 44.51557 44.51557 44.51557 44.51557 44.51557 44.51557
16.47314 16.47314 16.47314 13.29258 8.885345 8.885345 8.885345 8.885345 8.885345 8.885345 8.885345 8.885345 8.885345 8.885345 8.885345 8.885345 8.885345 8.894951 9.619196 10.75419 11.88917 13.19531 14.60956 14.60956 14.60956 14.60956 14.60956 14.60956 14.60957 14.60957 14.60956 14.60956 21.60916 23.01145 23.01145 23.01145 23.01145 23.01145 23.01145 23.01145 23.01145 23.01145 23.01145 23.01145 23.01145 23.01145 23.01145 23.01145 23.01145 23.01145 23.01145 23.23855 23.27593 23.01145 23.01145 23.01145 23.01145 23.01145 33.30619 44.51557 44.51557 44.51557 44.51557 44.51557 44.51557 44.51557 44.51556 44.51557 44.51557 44.51557
16.47314 16.47314 16.06936 9.768129 8.885345 8.885345 8.885345 8.885345 8.885345 8.885345 8.885345 8.885345 8.885345 8.885345 8.885345 8.885345 8.885345 8.946042 14.18598 14.60957 14.60957 14.60956 14.60957 14.60957 14.60957 14.60956 14.60957 14.60956 14.60957 14.60956 14.60957 14.61652 22.61623 23.01145 23.01145 23.01145 23.01145 23.01145 23.01145 23.01145 23.01145 23.01145 23.01145 23.01145 23.01145 23.01145 23.01145 23.01145 23.01145 23.01145 23.01145 26.21552 33.3021 29.61362 25.66059 23.06867 23.01145 23.01145 33.84923 44.51557 44.51557 44.51557 44.51557 44.51557 44.51557 44.51557 44.51557 44.51557 44.51557 44.51557
16.47314 16.47314 13.11817 8.885345 8.885345 8.885345 8.885345 8.885345 8.885345 8.885345 8.885345 8.885345 8.885345 8.885345 8.885345 8.885345 8.885345 8.885345 12.63674 14.60956 14.60956 14.60957 14.60956 14.60956 14.60956 14.60956 14.60956 14.60956 14.60956 14.60956 16.60193 17.16365 23.01145 23.01145 23.01145 23.01145 23.01145 23.01145 23.01145 23.01145 23.01145 23.01145 23.01145 23.01145 23.01145 23.01145 23.01145 23.01145 23.01145 23.01145 23.01145 29.17168 34.09706 34.09706 34.09706 32.73595 28.84021 24.88845 34.39226 44.51557 44.51557 44.51557 44.51557 44.51557 44.51557 44.51557 44.51557 44.51557 44.51557 44.51557
16.47314 16.47314 13.92593 8.885345 8.885345 8.885345 8.885345 8.885345 8.885345 8.885345 8.885345 8.885345 8.885345 8.885345 8.885345 8.885345 8.885345 8.885345 12.28418 14.60957 14.60956 14.60957 14.60956 14.60957 14.60956 14.60957 14.60956 14.60957 14.60957 14.60957 26.38191 23.01726 23.01145 23.01145 23.01145 23.01145 23.01145 23.01145 23.01145 23.01145 23.01145 23.01145 23.01145 23.01145 23.01145 23.01145 23.01145 23.01145 23.01145 23.01145 23.01145 32.11356 34.09706 34.09706 34.09706 34.09706 34.09706 34.09578 39.41713 44.51557 44.51557 44.51557 44.51557 44.51557 44.51557 44.51557 44.51557 44.51557 44.51557 44.51557
16.47314 16.47314 15.23655 8.885345 8.885345 8.885345 8.885345 8.885345 8.885345 8.885345 8.885345 8.885345 8.885345 8.885345 8.885345 8.885345 8.885345 9.10041 14.25186 14.60956 14.60956 14.60956 14.60956 14.60956 14.60956 14.60956 14.60956 14.60956 14.60956 14.60956 28.88841 27.07651 23.01145 23.01145 23.82998 26.30786 28.33597 28.51093 26.64204 23.26098 23.01145 23.01145 23.01145 23.01145 23.01145 23.01145 23.01145 23.01145 23.01145 23.01145 24.12389 34.05626 34.09706 34.09706 34.09706 34.09706 34.09706 34.09706 40.13712 44.51557 44.51557 44.51557 44.51557 44.51557 44.51557 44.51557 44.51557 44.51557 44.51557 44.51557
16.47314 16.47314 16.34423 9.088278 8.885345 8.885345 8.885345 8.885345 8.885345 8.885345 8.885345 8.885345 8.885345 8.885345 8.885345 8.885345 8.885345 10.02881 14.58259 14.60956 14.60956 14.60957 14.60956 14.60956 14.60956 14.60956 14.60956 14.60956 14.60956 14.60956 27.80029 33.39584 29.83142 32.34178 34.04907 34.09706 34.09706 34.09706 34.09706 33.14921 29.05867 24.7432 23.01145 23.01145 23.01145 23.01145 23.01145 23.01145 23.01145 23.01145 27.05363 34.09706 34.09706 34.09706 34.09706 34.09706 34.09706 34.09706 40.40022 44.51557 44.51557 44.51557 44.51557 44.51557 44.51557 44.51557 44.51557 44.51557 44.51557 44.51557
16.47314 16.47314 16.47314 14.94127 14.1622 13.5428 11.77539 8.885345 8.885345 8.885345 8.885345 8.885345 8.885345 8.885345 8.885345 8.885345 8.885345 8.885345 12.31693 14.60956 14.60956 14.60956 14.60956 14.60956 14.60956 14.60956 14.60956 14.60956 14.60956 14.60956 19.40255 33.9679 34.09706 34.09706 34.09706 34.09706 34.09706 34.09706 34.09706 34.09706 34.09706 34.07236 31.46401 27.12391 23.44608 23.01145 23.01145 23.01145 23.01145 23.01145 29.56802 34.09706 34.09706 34.09706 34.09706 34.09706 34.09706 34.09706 40.6386 44.51557 44.51557 44.51557 44.51557 44.51557 44.51557 44.51557 44.51557 44.51557 44.51557 44.51557
16.47314 16.47314 16.47314 16.47314 16.47314 16.47314 16.40325 10.78284 8.885345 8.885345 8.885345 8.885345 8.885345 8.885345 8.885345 8.885345 8.885345 8.885345 12.44846 14.60957 14.60956 14.60957 14.60956 14.60957 14.60956 14.60957 14.60956 14.60957 14.60957 14.60957 16.99033 33.75107 34.09706 34.09706 34.09706 34.09706 34.09706 34.09706 34.09706 34.09706 34.09706 34.09706 34.09706 34.09706 33.43472 29.52928 25.18913 23.01146 23.01145 23.02228 32.85904 34.09706 34.09706 34.09706 34.09706 34.09706 34.09706 34.09706 38.89588 44.51557 44.51557 44.51557 44.51557 44.51557 44.51557 44.51557 44.51557 44.51557 44.51557 44.51557
16.47314 16.47314 16.47314 16.47314 16.47314 16.47314 16.47314 15.60217 9.387446 8.885345 8.885345 8.885345 8.885345 8.885345 8.885345 8.885345 8.885345 8.885345 13.41254 14.60956 14.60956 14.60956 14.60956 14.60957 14.60956 14.60956 14.60957 14.60956 14.60957 18.97582 30.05426 34.09706 34.09706 34.09706 34.09706 34.09706 34.09706 34.09706 34.09706 34.09706 34.09706 34.09706 34.09706 34.09706 34.09706 34.09706 34.09706 31.93461 27.59453 25.31134 34.09706 34.09706 34.09706 34.09706 34.09706 34.09706 34.09706 34.09706 35.90056 44.51557 44.51557 44.51557 44.51557 44.51557 44.51557 44.51557 44.51557 44.51557 44.51557 44.51557
16.47314 16.47314 16.47314 16.47314 16.47314 16.47314 16.47314 16.47314 14.92262 9.833414 8.885345 8.885345 8.885345 8.885345 8.885345 8.885345 8.885345 8.888665 14.31057 14.60956 14.60956 14.60957 14.60956 14.60956 14.60956 14.60956 14.60956 14.60956 14.60956 24.476 34.09706 34.09706 34.09706 34.09706 34.09706 34.09706 34.09706 34.09706 34.09706 34.09706 34.09706 34.09706 34.09706 34.09706 34.09706 34.09706 34.09706 34.09706 34.09706 34.04805 34.09706 34.09706 34.09706 34.09706 34.09706 34.09706 34.09706 34.09706 34.11268 43.30813 44.51557 44.51557 44.51557 44.51557 44.51557 44.51557 44.51557 44.51557 44.51557 44.51557
16.47314 16.47314 16.47314 16.47314 16.47314 16.47314 16.47314 16.47314 16.47314 13.3771 8.885345 8.885345 8.885345 8.885345 8.885345 8.885345 8.885345 8.885345 12.88629 14.60956 14.60957 14.60956 14.60957 14.60957 14.60957 14.60956 14.60957 14.60956 14.60957 22.42739 34.09706 34.09706 34.09706 34.09706 34.09706 34.09706 34.09706 34.09706 34.09706 34.09706 34.09706 34.09706 34.09706 34.09706 34.09706 34.09706 34.09706 34.09706 34.09706 34.09706 34.09706 34.09706 34.09706 34.09706 34.09706 34.09706 34.09706 34.09706 34.09706 40.32843 44.51557 44.51557 44.51557 44.51557 44.51557 44.51557 44.51557 44.51557 44.51557 44.51557
16.47314 16.47314 16.47314 16.47314 16.47314 16.47314 16.47314 16.47314 16.47314 15.55572 8.89304 8.885345 8.885345 8.885345 8.885345 8.885345 8.885345 8.885345 10.28014 14.60956 14.60956 14.60956 14.60956 14.60956 14.60956 14.60956 14.60956 14.60956 14.60956 20.45904 34.09706 34.09706 34.09706 34.09706 34.09706 34.09706 34.09706 34.09706 34.09706 34.09706 34.09706 34.09706 34.09706 34.09706 34.09706 34.09706 34.09706 34.09706 34.09706 34.09706 34.09706 34.09706 34.09706 34.09706 34.09706 34.09706 34.09706 34.09706 34.09706 37.33311 44.51557 44.51557 44.51557 44.51557 44.51557 44.51557 44.51557 44.51557 44.51557 44.51557
16.47314 16.47314 16.47314 16.47314 16.47314 16.47314 16.47314 16.47314 16.47314 16.47314 10.16193 8.885345 8.885345 8.885345 8.885345 8.885345 8.885345 8.885345 8.88696 13.3966 14.60956 14.60956 14.60956 14.60956 14.60956 14.60956 14.60956 14.60956 14.60956 29.34817 34.09706 34.09706 34.09706 34.09706 34.09706 34.09706 34.09706 34.09706 34.09706 34.09706 34.09706 34.09706 34.09706 34.09706 34.09706 34.09706 34.09706 34.09706 34.09706 34.09706 34.09706 34.09706 34.09706 34.09706 34.09706 34.09706 34.09706 34.09706 34.09706 34.60151 44.25184 44.51557 44.51557 44.51557 44.51557 44.51557 44.51557 44.51557 44.51557 44.51557
16.47314 16.47314 16.47314 16.47314 16.47314 16.47314 16.47314 16.47314 16.47314 16.47314 12.28103 8.885345 8.885345 8.885345 8.885345 8.885345 8.885345 8.885345 8.885345 10.79206 14.60956 14.60956 14.60956 14.60956 14.60956 14.60956 14.72336 20.40719 22.99287 34.09526 34.09706 34.09706 34.09706 34.09706 34.09706 34.09706 34.09706 34.09706 34.09706 34.09706 34.09706 34.09706 34.09706 34.09706 34.09706 34.09706 34.09706 34.09706 34.09706 34.09706 34.09706 34.09706 34.09706 34.09706 34.09706 34.09706 34.09706 34.09706 34.09706 34.09706 43.46836 44.51557 44.51557 44.51557 44.51557 44.51557 44.51557 49.39801 68.11064 82.4761
16.47314 16.47314 16.47314 16.47314 16.47314 16.47314 16.47314 16.47314 16.47314 16.47314 12.0746 8.885345 8.885345 8.885345 8.885345 8.885345 8.885345 8.885345 8.885345 10.20761 14.60956 14.60956 14.60956 14.60956 14.60956 15.62987 28.01669 34.09706 34.09706 34.09706 34.09706 34.09706 34.09706 34.09706 34.09706 34.09706 34.09706 34.09706 34.09706 34.09706 34.09706 34.09706 34.09706 34.09706 34.09706 34.09706 34.09706 34.09706 34.09706 34.09706 34.09706 34.09706 34.09706 34.09706 34.09706 34.09706 34.09706 34.09706 34.09706 34.49669 44.46955 44.51557 44.51556 44.51557 44.51557 44.51557 44.51557 77.83033 116.3426 116.3426
16.47314 16.47314 16.47314 16.47314 16.47314 16.47314 16.47314 16.47314 16.47314 16.47314 16.16166 10.06835 8.885345 8.885345 8.885345 8.885345 8.885345 8.885345 8.885345 8.983152 12.45415 14.60956 14.60956 15.11794 19.97272 30.88193 34.09706 34.09706 34.09706 34.09706 34.09706 34.09706 34.09706 34.09706 34.09706 34.09706 34.09706 34.09706 34.09706 34.09706 34.09706 34.09706 34.09706 34.09706 34.09706 34.09706 34.09706 34.09706 34.09706 34.09706 34.09706 34.09706 34.09706 34.09706 34.09706 34.09706 34.09706 34.09706 34.09706 35.88441 44.51557 44.51557 44.51557 44.51557 44.51557 44.51557 44.51557 91.73232 116.3426 116.3426
16.47314 16.47314 16.47314 16.47314 16.47314 16.47314 16.47314 16.47314 16.47314 16.47314 16.47314 11.94072 8.885345 8.885345 8.885345 8.885345 8.885345 8.885345 8.885345 8.885345 10.74324 22.18217 27.91377 33.13693 34.09706 34.09706 34.09706 34.09706 34.09706 34.09706 34.09706 34.09706 34.09706 34.09706 34.09706 34.09706 34.09706 34.09706 34.09706 34.09706 34.09706 34.09706 34.09706 34.09706 34.09706 34.09706 34.09706 34.09706 34.09706 34.09706 34.09706 34.09706 34.09706 34.09706 34.09706 34.09706 34.09706 34.09706 34.09706 37.31815 44.51557 44.51557 44.51557 44.51557 44.51557 44.51557 44.51557 75.65141 116.3426 116.3426
16.47314 16.47314 16.47314 16.47314 16.47314 16.47314 16.47314 16.47314 16.47314 16.47314 16.47314 12.29751 8.885345 8.885345 8.885345 8.885345 8.885345 8.885345 8.885345 8.885345 14.7963 34.09706 34.09706 34.09706 34.09706 34.09706 34.09706 34.09706 34.09706 34.09706 34.09706 34.09706 34.09706 34.09706 34.09706 34.09706 34.09706 34.09706 34.09706 34.09706 34.09706 34.09706 34.09706 34.09706 34.09706 34.09706 34.09706 34.09706 34.09706 34.09706 34.09706 34.09706 34.09706 34.09706 34.09706 34.09706 34.09706 34.09706 34.09706 38.75189 44.51557 44.51557 44.51557 44.51557 44.51557 44.51557 44.51557 48.74116 115.1933 116.3426
16.47314 16.47314 16.47314 16.47314 16.47314 16.47314 16.47314 16.47314 16.47314 16.47314 16.47314 16.36663 11.99052 8.886115 8.885345 8.885345 8.885345 8.885345 8.885345 8.885345 19.20835 34.09706 34.09706 34.09706 34.09706 34.09706 34.09706 34.09706 34.09706 34.09706 34.09706 34.09706 34.09706 34.09706 34.09706 34.09706 34.09706 34.09706 34.09706 34.09706 34.09706 34.09706 34.09706 34.09706 34.09706 34.09706 34.09706 34.09706 34.09706 34.09706 34.09706 34.09706 34.09706 34.09706 34.09706 34.09706 34.09706 34.09706 34.09706 40.18563 44.51557 44.51557 44.51557 44.51557 44.51557 44.51557 44.51557 73.22468 116.3426 116.3426
16.47314 16.47314 16.47314 16.47314 16.47314 16.47314 16.47314 16.47314 16.47314 16.47314 16.72584 27.80602 44.51556 45.34425 33.72093 16.67648 8.885345 8.885345 8.885345 8.885345 23.90619 34.09706 34.09706 34.09706 34.09706 34.09706 34.09706 34.09706 34.09706 34.09706 34.09706 34.09706 34.09706 34.09706 34.09706 34.09706 34.09706 34.09706 34.09706 34.09706 34.09706 34.09706 34.09706 34.09706 34.09706 34.09706 34.09706 34.09706 34.09706 34.09706 34.09706 34.09706 34.09706 34.09706 34.09706 34.09706 34.09706 34.09706 34.09706 41.61937 44.51557 44.51557 44.51557 44.51557 44.51557 44.51557 44.51557 100.428 116.3426 116.3426
16.09373 16.47314 16.47314 16.47314 16.47314 16.63792 29.23292 37.29901 36.3898 35.60276 45.27124 51.02324 51.02324 51.02324 51.02324 49.67519 25.53782 8.889205 14.57755 32.38157 42.53642 39.2327 35.23379 34.09706 34.09706 34.09706 34.09706 34.09706 34.09706 34.09706 34.09706 34.09706 34.09706 34.09706 34.09706 34.09706 34.09706 34.09706 34.09706 34.09706 34.09706 34.09706 34.09706 34.09706 34.09706 34.09706 34.09706 34.09706 34.09706 34.09706 34.09706 34.09706 34.09706 34.09706 34.09706 34.09706 34.09706 34.09706 34.09706 43.0531 44.51557 44.51557 44.51557 44.51557 44.51557 44.51557 44.51557 104.7683 116.3426 116.3426
0 14.74557 16.47314 16.47314 23.26248 43.2191 51.02324 51.02324 51.02324 51.02324 51.02324 51.02324 51.02324 51.02324 51.02324 51.02324 51.02324 41.31668 50.12301 47.9934 43.32182 43.32182 43.18335 40.18275 36.04714 34.09706 34.09706 34.09706 34.09706 34.09706 34.09706 34.09706 34.09706 34.09706 34.09706 34.09706 34.09706 34.09706 34.09706 34.09706 34.09706 34.09706 34.09706 34.09706 34.09706 34.09706 34.09706 34.09706 34.09706 34.09706 34.09706 34.09706 34.09706 34.09706 34.09706 34.09706 34.09706 34.09706 34.108 43.97268 44.51557 44.51557 44.51557 44.51557 44.51557 44.51557 44.51557 98.23856 116.3426 116.3426
0 0 0 22.12621 50.67049 51.02324 51.02324 51.02324 51.02324 51.02324 51.02324 51.02324 51.02324 51.02324 51.02324 51.02324 51.02324 51.02324 51.02324 48.06142 43.32182 43.32182 43.32182 43.32182 43.32007 41.1328 36.99546 34.18025 34.09706 34.09706 34.09706 34.09706 34.09706 34.09706 34.09706 34.09706 34.09706 34.09706 34.09706 34.09706 34.09706 34.09706 34.09706 34.09706 34.09706 34.09706 34.09706 34.09706 34.09706 34.09706 34.09706 34.09706 34.09706 34.09706 34.09706 34.09706 34.09706 34.09706 36.62236 74.60279 93.49579 89.07571 84.6556 75.87967 55.76971 44.5354 44.51557 91.70884 116.3426 116.3426
0 0 0 37.24792 51.02324 51.02324 51.02324 51.02324 51.02324 51.02324 51.02324 51.02324 51.02324 51.02324 51.02324 51.02324 51.02324 51.02324 51.02324 45.7313 43.32182 43.32182 43.32182 43.32182 43.32182 43.32182 43.32182 41.99966 37.94553 34.47986 34.09706 34.09706 34.09706 34.09706 34.09706 34.09706 34.09706 34.09706 34.09706 34.09706 34.09706 34.09706 34.09706 34.09706 34.09706 34.09706 34.09706 34.09706 34.09706 34.09706 34.09706 34.09706 34.09706 34.09706 34.09706 34.09706 58.69957 95.69135 113.7271 116.3426 116.3426 116.3426 116.3426 116.3426 116.3426 106.8809 86.20512 97.52618 116.3426 116.3426
0 0 0 38.81106 51.02324 51.02324 51.02324 51.02324 51.02324 51.02324 51.02324 51.02324 51.02324 51.02324 51.02324 51.02324 51.02324 51.02324 51.02324 50.43821 44.4165 43.32182 43.32182 43.32182 43.32182 43.32182 43.32182 43.32182 43.32182 42.6501 38.89558 34.99763 34.09706 34.09706 34.09706 34.09706 34.09706 34.09706 34.09706 34.09706 34.09706 34.09706 34.09706 34.09706 34.09706 34.09706 34.09706 34.09706 34.09706 34.09706 34.09706 34.09706 34.09706 34.09706 34.09706 34.09706 35.18573 83.91859 116.3426 116.3426 116.3426 116.3426 116.3426 116.3426 116.3426 116.3426 116.3426 116.3426 116.3426 116.3426
