Scenarios/Heterogeneous/data/country_data_population_distribution/processed/density_grids/ssd.asc
ncols 271
nrows 221
xllcorner 24
yllcorner 3
[rows 62 to 92 of 221, columns 140 to 209 of 271]
15.06777 15.06777 15.06777 15.06777 15.06777 15.06777 15.06777 15.06777 15.06777 15.06777 15.06777 15.06777 15.06777 15.06777 15.06777 15.06777 15.06777 15.06777 15.06777 15.06777 15.06777 15.06777 15.06777 15.06777 15.06777 15.06777 14.62688 14.35927 14.35927 14.35927 14.35927 14.35927 14.35927 14.35927 14.35927 14.35927 14.35927 14.35927 14.35927 14.35927 14.35927 14.35927 14.35927 14.35927 14.35927 118.6148 245.4905 272.8071 272.8071 272.8065 195.2676 46.89133 6.411706 6.411705 6.411706 6.411705 6.411706 6.411705 6.411706 6.411705 6.411706 6.411705 6.411706 6.411705 6.411706 6.411705 6.411706 6.411706 6.411706 6.411705
22.89095 15.06777 15.06777 16.02994 20.78336 15.19998 15.06777 15.06777 15.06777 15.06777 15.06777 15.06777 15.06777 15.06777 15.06777 15.06777 15.06777 15.06777 15.06777 15.06777 15.06777 15.06777 15.06777 15.06777 15.06777 15.06777 14.51643 14.35927 14.35927 14.35927 14.35927 14.35927 14.35927 14.35927 14.35927 14.35927 14.35927 14.35927 14.35927 14.35927 14.35927 14.35927 14.35927 14.35927 14.35927 14.35927 140.5762 272.8071 272.8071 183.9246 6.411706 6.411706 6.411706 6.411706 6.411706 6.411706 6.411706 6.411706 6.411706 6.411706 6.411706 6.411706 6.411706 6.411706 6.411706 6.411706 6.411706 6.411706 6.411706 6.411706
46.1931 38.02069 41.6181 46.00146 38.03425 15.70636 15.1252 15.06777 15.06777 15.06777 15.06777 15.06777 15.06777 15.06777 15.06777 15.06777 15.06777 15.06777 15.06777 15.14335 17.44369 16.94493 16.31426 15.67182 15.12557 15.06777 14.48475 14.35927 14.35927 14.35927 14.35927 14.35927 14.35927 14.35927 14.35927 14.35927 14.35927 14.35927 14.35927 14.35927 14.35927 14.35927 14.35927 14.35927 14.35927 14.35927 200.1133 272.8071 272.8071 149.392 6.411706 6.411706 6.411706 6.411706 6.411706 6.411706 6.411706 6.411706 6.411706 6.411706 6.411706 6.411705 6.411706 6.411706 6.411706 6.411706 6.411706 6.411706 6.411706 6.411706
46.42916 46.42916 46.42916 46.42916 25.39867 15.83772 15.70192 15.6394 15.70227 15.67962 15.65698 15.56808 15.19504 15.06777 15.06777 15.06777 15.06777 15.06777 15.11315 20.09809 21.82921 21.82921 21.82921 21.82921 21.71658 21.0547 20.60979 20.95865 21.09254 21.27125 20.99519 19.18346 16.67168 14.76394 14.35927 14.35927 14.35927 14.35927 14.35927 14.35927 14.35927 14.35927 14.35927 14.35927 14.35927 14.35927 50.5003 263.0693 221.4073 65.03428 6.411706 6.411706 6.411706 6.411706 6.411706 6.411706 6.411706 6.411706 6.411706 6.411706 6.411706 6.411706 6.411706 6.411706 6.411706 6.411706 6.411706 6.411706 6.411706 6.411706
46.42916 46.42916 46.42916 46.33634 17.50692 15.83772 15.83772 15.83772 15.83772 15.83772 15.83772 15.83772 15.82758 15.5301 15.12612 15.06777 15.06777 15.06777 17.08983 21.82921 21.82921 21.82921 21.82921 21.82921 21.82921 21.82921 21.82921 21.82921 21.82921 21.82921 21.82921 21.82921 21.82921 21.64416 19.72544 17.38224 16.19681 14.35927 14.35927 14.35927 14.35927 14.35927 14.35927 14.35927 14.35927 14.35927 14.35927 45.25071 14.65125 13.6546 9.174209 6.417538 6.411706 6.411706 6.411707 6.411706 6.411706 6.411706 6.411706 6.411706 6.411707 6.411706 6.411706 6.411706 6.411706 6.411706 6.411706 6.411706 6.411706 6.411706
46.42916 46.42916 46.42916 42.90697 15.83772 15.83772 15.83772 15.83772 15.83772 15.83772 15.83772 15.83772 15.83772 15.83772 15.80767 15.50492 15.36404 17.24098 21.80113 21.82921 21.82921 21.82921 21.82921 21.82921 21.82921 21.82921 21.82921 21.82921 21.82921 21.8292 21.82921 21.82921 21.82921 21.8292 21.82921 23.81575 33.16892 30.68781 24.4935 18.28696 14.56492 14.35927 14.35927 14.35927 15.0363 15.10268 14.35927 14.35927 14.35927 14.35927 14.35927 12.07601 7.396201 6.411706 6.411706 6.411706 6.411706 6.411706 6.411706 6.411706 6.411706 6.411706 6.411706 6.411706 6.411706 6.411706 6.411706 6.411706 6.411706 6.411706
46.42916 46.42916 46.42916 37.8084 15.83772 15.83772 15.83772 15.83772 15.83772 15.83772 15.83772 15.83772 15.83772 15.83772 15.83772 15.83772 17.20768 21.58448 21.82921 21.82921 21.82921 21.82921 21.82921 21.82921 21.82921 21.82921 21.82921 21.82921 21.82921 21.82921 21.82921 21.82921 21.82921 22.31336 28.90791 33.85138 34.05602 34.05602 34.05602 34.05602 32.79654 27.11744 20.47677 22.6796 32.31752 28.02768 14.49291 14.35927 14.35927 14.35927 14.35927 14.35927 13.16559 6.495888 6.411706 6.411706 6.411706 6.411706 6.411706 6.411706 6.411706 6.411706 6.411706 6.411706 6.411706 6.411706 6.411706 6.411706 6.411706 6.411706
46.42916 46.42916 46.42916 38.11542 15.83772 15.83772 15.83772 15.83772 15.83772 15.83772 15.83772 15.83772 15.83772 15.83772 15.83772 15.83772 18.05189 21.82921 21.82921 21.82921 21.82921 21.82921 21.82921 21.82921 21.82921 21.82921 21.82921 21.82921 21.82921 21.82921 21.82921 21.82921 21.82921 22.16805 33.46919 34.05602 34.05602 34.05602 34.05602 34.05602 34.05602 34.05602 34.05602 34.05602 34.05602 34.05602 24.23294 14.36054 14.35927 14.35927 14.35927 14.35927 14.35927 13.68192 11.2879 8.809616 6.682581 6.411706 6.411706 6.411706 6.411706 6.411706 6.411706 6.411706 6.411706 6.411706 6.411706 6.411706 6.411706 6.411706
46.42916 46.42916 46.42916 46.219 20.16144 15.83772 15.83772 15.83772 15.83772 15.83772 15.83772 15.83772 15.83772 15.83772 15.83772 15.83772 16.52426 21.82709 21.82921 21.82921 21.82921 21.82921 21.82921 21.82921 21.82921 21.82921 21.82921 21.82921 21.82921 21.82921 21.82921 21.82921 21.82921 21.82921 30.17303 34.05602 34.05602 34.05602 34.05602 34.05602 34.05602 34.05602 34.05602 34.05602 34.05602 34.05602 34.05602 33.14067 31.17236 29.20275 25.63015 14.35927 14.35927 14.35927 14.35927 14.35927 14.00797 11.14305 6.411706 6.411706 6.411706 6.411706 6.411706 6.411706 6.411706 6.411706 6.411706 6.411706 6.411706 6.411706
46.42916 46.42916 46.42916 46.40064 20.85444 15.83772 15.83772 15.83772 15.83772 15.83772 15.83772 15.83772 15.83772 15.83772 15.83772 15.83772 15.83772 20.98389 21.82921 21.82921 21.82921 21.82921 21.82921 21.82921 21.82921 21.82921 21.82921 21.82921 21.82921 21.82921 21.82921 21.82921 21.82921 21.82921 26.53804 34.05602 34.05602 34.05602 34.05602 34.05602 34.05602 34.05602 34.05602 34.05602 34.05602 34.05602 34.05602 34.05602 34.05602 34.05602 33.93358 15.84571 14.35927 14.35927 14.35927 14.35927 13.97055 8.595555 6.411706 6.411706 6.411706 6.411706 6.411706 6.411706 6.411706 6.411706 6.411706 6.411706 6.411706 6.411706
46.42916 46.42916 46.42916 45.63323 15.83772 15.83772 15.83772 15.83772 15.83772 15.83772 15.83772 15.83772 15.83772 15.83772 15.83772 15.83772 15.83772 20.14153 21.82921 21.82921 21.82921 21.82921 21.82921 21.82921 21.82921 21.82921 21.82921 21.82921 21.82921 21.82921 21.82921 21.82921 21.82921 21.82921 22.9791 33.97995 34.05602 34.05602 34.05602 34.05602 34.05602 34.05602 34.05602 34.05602 34.05602 34.05602 34.05602 34.05602 34.05602 34.05602 34.05602 20.64745 14.35927 14.35927 14.35927 14.35927 9.017365 6.411706 6.411706 6.411706 6.411706 6.411706 6.411706 6.411706 6.411706 6.411706 6.411706 6.411706 6.411706 6.411706
46.42916 46.42916 46.42916 46.25563 22.47769 15.83772 15.83772 15.83772 15.83772 15.83772 15.83772 15.83772 15.83772 15.83772 15.83772 15.83772 18.04953 21.82478 21.82921 21.82921 21.82921 21.82921 21.82921 21.82921 21.82921 21.82921 21.82921 21.82921 21.82921 21.82921 21.82921 21.82921 21.82921 21.82921 21.82921 31.49485 34.05602 34.05602 34.05602 34.05602 34.05602 34.05602 34.05602 34.05602 34.05602 34.05602 34.05602 34.05602 34.05602 34.05602 34.05602 22.59708 14.35927 14.35927 14.35927 14.35927 8.377541 6.411706 6.411706 6.411706 6.411706 6.411706 6.411706 6.411706 6.411706 6.411706 6.411706 6.411706 6.411706 6.411706
46.42916 46.42916 46.42916 46.42916 40.67117 16.29207 15.83772 15.83772 15.83772 15.83772 15.83772 15.83772 15.83772 15.83772 15.83772 17.04875 21.6688 21.82921 21.82921 21.82921 21.82921 21.82921 21.82921 21.82921 21.82921 21.82921 21.82921 21.82921 21.82921 21.82921 21.82921 21.82921 21.82921 21.82921 21.82921 30.46087 34.05602 34.05602 34.05602 34.05602 34.05602 34.05602 34.05602 34.05602 34.05602 34.05602 34.05602 34.05602 34.05602 34.05602 26.47036 14.44896 14.35927 14.35927 14.35927 14.35927 8.606297 6.411706 6.411706 6.411706 6.411706 6.411706 6.411706 6.411706 6.411706 7.591685 8.535328 10.85778 12.49887 14.13994
46.42916 46.42916 46.42916 46.42916 46.42916 29.42879 15.83772 15.83772 15.83772 15.83772 15.83772 15.83772 15.83772 15.83772 16.53238 21.25738 21.82921 21.82921 21.82921 21.82921 21.82921 21.82921 21.82921 21.82921 21.82921 21.82921 21.82921 21.82921 21.82921 21.82921 21.82921 21.82921 21.82921 21.82921 24.36649 34.01222 34.05602 34.05602 34.05602 34.05602 34.05602 34.05602 34.05602 34.05602 34.05602 34.05602 34.05602 34.05602 34.05602 34.05602 21.28643 14.35927 14.35927 14.35927 14.35927 14.35927 11.05636 6.411706 6.411706 6.411706 6.411706 6.411706 6.411706 6.411706 11.15354 19.53591 21.55307 27.51084 27.51084 27.51084
46.42916 46.42916 46.42916 46.42916 46.42916 42.79331 16.13977 15.83772 15.83772 15.83772 15.83772 15.83772 15.83772 16.08461 20.61913 21.82921 21.82921 21.82921 21.82921 21.82921 21.82921 21.82921 21.82921 21.82921 21.82921 21.82921 21.82921 21.82921 21.82921 21.82921 21.82921 21.82921 21.82921 21.82921 29.86202 34.05602 34.05602 34.05602 34.05602 34.05602 34.05602 34.05602 34.05602 34.05602 34.05602 34.05602 34.05602 34.05602 34.05602 34.05602 28.4265 14.35927 14.35927 14.35927 14.35927 14.35927 13.82252 6.655981 6.411706 6.411706 6.411706 6.411706 6.411706 8.612542 22.16949 23.38699 25.63939 27.51084 27.51084 27.51084
46.42916 46.42916 46.42916 41.79175 35.47353 21.84832 15.83772 15.83772 15.83772 15.83772 15.83772 15.83772 15.83772 19.79784 21.82921 21.82921 21.82921 21.82921 21.82921 21.82921 21.82921 21.82921 21.82921 21.82921 21.82921 21.82921 21.82921 21.82921 21.82921 21.82921 21.82921 21.82921 21.82921 21.82921 24.32331 33.74019 34.05602 34.05602 34.05602 34.05602 34.05602 34.05602 34.05602 34.05602 34.05602 34.05602 34.05602 34.05602 34.05602 34.05602 33.759 16.16685 14.35927 14.35927 14.35927 14.35927 14.35927 9.129674 6.411706 6.411706 6.411706 6.411706 7.034954 20.15615 23.38699 23.39183 27.23348 27.51084 27.51084 27.51084
46.42916 46.42916 46.42916 33.38166 15.83772 15.83772 15.83772 15.83772 15.83772 15.83772 15.83772 15.83772 15.83772 20.70612 21.82921 21.82921 21.82921 21.82921 21.82921 21.82921 21.82921 21.82921 21.82921 21.82921 21.82921 21.82921 21.82921 21.82921 21.82921 21.82921 21.82921 21.82921 21.82921 21.82921 21.82921 27.06418 34.05602 34.05602 34.05602 34.05602 34.05602 34.05602 34.05602 34.05602 34.05602 34.05602 34.05602 34.05602 34.05602 34.05602 34.05602 23.0099 14.35927 14.35927 14.35927 14.35927 13.42276 8.287583 6.411706 6.411706 6.411706 6.825837 17.38341 23.38699 23.38699 23.64612 27.01576 27.51079 27.51084 27.51084
46.04614 46.38152 46.42916 38.83305 20.93945 15.84262 15.83772 15.83772 20.24968 18.7467 15.86972 16.47115 22.52899 24.23255 21.82921 21.82921 21.82921 21.82921 21.82921 21.82921 21.82921 21.82921 21.82921 21.82921 21.82921 21.82921 21.82921 21.82921 21.82921 21.82921 21.82921 21.82921 21.82921 21.82921 21.82921 23.40615 33.58287 34.05602 34.05602 34.05602 34.05602 34.05602 34.05602 34.05602 34.05602 34.05602 34.05602 34.05602 34.05602 34.05602 34.05602 30.13057 14.08242 13.99972 13.917 11.20901 6.847179 6.411706 6.411706 6.424528 11.73571 20.97413 23.38699 23.38699 23.38699 23.38699 23.38699 23.86228 25.79791 27.51084
29.60358 31.9997 32.0486 28.30371 28.0916 23.6183 19.23923 19.75782 27.82296 28.0916 27.76319 27.58052 28.0916 25.75047 21.82921 21.82921 21.82921 21.82921 21.82921 21.82921 21.82921 21.82921 21.82921 21.82921 21.82921 21.82921 21.82921 21.82921 21.82921 21.82921 21.82921 21.82921 21.35808 20.00585 21.17444 31.24895 34.05602 34.05602 34.05602 34.05602 34.05602 34.05602 34.05602 34.05602 34.05602 34.05602 34.05602 34.05602 34.05602 32.7188 28.85316 24.94368 9.205706 6.411706 6.411706 6.411706 6.411706 6.411706 9.579169 19.04553 23.38699 23.38699 23.38699 23.38699 23.38699 23.38699 23.38699 23.38699 24.15632 27.51084
28.0916 28.0916 28.0916 28.0916 28.0916 28.0916 28.0916 28.0916 28.0916 28.0916 28.0916 28.0916 28.0916 27.60439 21.83102 21.82921 21.82921 21.82921 21.82921 21.82921 21.82921 21.82921 21.82921 21.82921 21.82921 21.82921 21.82921 21.82921 21.82921 21.82921 21.7527 19.38423 16.41638 16.02587 16.02587 16.03456 17.78173 20.83288 23.88408 26.93535 29.98667 32.99581 34.05602 34.05602 34.05602 34.05602 33.47655 29.96033 26.03496 23.44682 23.38699 23.38699 18.66685 7.235409 6.411706 6.411706 6.411706 11.23027 23.02982 23.38699 23.38699 23.38699 23.38699 23.38699 23.38699 23.38699 23.38699 23.38699 23.40936 27.16196
28.0916 28.0916 28.0916 28.0916 28.0916 28.0916 28.0916 28.0916 28.0916 28.0916 28.0916 28.0916 28.0916 28.0916 22.63324 21.82921 21.82921 21.82921 21.82921 21.82921 21.82921 21.82921 21.82921 21.82921 21.82921 21.82921 21.82921 21.82921 21.82921 20.37844 17.09644 16.02587 16.02587 16.02586 16.02587 16.02586 16.02587 16.02586 16.02587 16.02586 16.02587 16.0681 18.05911 21.11026 27.81172 27.1421 23.79626 23.38699 23.38699 23.38699 23.38699 23.38699 23.38699 20.22432 8.320482 6.411706 10.20915 22.67456 23.38699 23.38699 23.38699 23.38699 23.38699 23.38699 23.38699 23.38699 23.38699 23.38699 23.38699 26.08848
28.0916 28.0916 28.0916 28.0916 28.0916 28.0916 28.0916 28.0916 28.0916 28.0916 28.0916 28.0916 28.0916 27.72167 22.45031 21.82921 21.82921 21.82921 21.82921 21.82921 21.82921 21.82921 21.82921 21.82921 21.82921 21.82921 21.82921 21.23885 17.94757 16.04424 16.02587 16.02586 16.02587 16.02586 16.02586 16.02586 16.02587 16.02587 16.02587 16.02587 16.02587 16.02587 16.02587 16.02586 22.97207 23.38699 23.38699 23.38699 23.38699 23.38699 23.38699 23.38699 23.38699 23.38699 21.68554 12.4976 22.19786 23.38699 23.38699 23.38699 23.38699 23.38699 23.38699 23.38699 23.38699 23.38699 23.38699 23.38699 23.38699 24.99263
28.0916 28.0916 28.0916 28.0916 28.0916 28.0916 28.0916 28.0916 28.0916 28.0916 28.0916 28.0916 28.0916 27.74468 23.42805 21.82921 21.82921 21.82921 21.82921 21.82921 21.82921 21.82921 21.46945 20.53575 19.59465 18.66215 17.71249 16.31202 16.02587 16.02587 16.02587 16.02587 16.02587 16.02587 16.02587 16.02587 16.02587 16.02587 16.02587 16.02587 16.02587 16.02587 16.02587 16.12807 22.16361 23.38699 23.38699 23.38699 23.38699 23.38699 23.38699 23.38699 23.38699 23.38699 23.38699 23.38699 23.38699 23.38699 23.38699 23.38699 23.38699 23.38699 23.38699 23.38699 23.38699 23.38699 23.38699 23.38699 23.38699 23.89744
28.0916 28.0916 28.0916 28.0916 28.0916 28.0916 28.0916 28.0916 28.0916 28.0916 28.0916 28.0916 28.0916 28.0916 27.9938 23.70147 21.8292 21.82921 21.82921 21.24842 19.05254 16.86493 16.03329 16.02586 16.02587 16.02587 16.02587 16.02586 16.02587 16.02586 16.02587 16.02587 16.02587 16.02587 16.02586 16.02587 16.02587 16.02587 16.02587 16.02587 16.02587 16.02587 16.02587 16.02586 20.45964 23.38699 23.38699 23.38699 23.38699 23.38699 23.38699 23.38699 23.38699 23.38699 23.38699 23.38699 23.38699 23.38699 23.38699 23.38699 23.38699 23.38699 23.38699 23.38699 23.38699 23.38699 23.38699 23.38699 23.38699 23.38699
28.0916 28.0916 28.0916 28.0916 28.0916 28.0916 28.0916 28.0916 28.0916 28.0916 28.0916 28.0916 28.0916 28.0916 28.0916 24.54861 21.75739 20.12159 17.88743 16.12194 16.02587 16.02587 16.02587 16.02587 16.02587 16.02587 16.02587 16.02587 16.02587 16.02587 16.02587 16.02587 16.02587 16.02587 16.02587 16.02587 16.02587 16.02587 16.02587 16.02586 16.02587 16.02587 16.02587 16.07018 22.66456 23.38699 23.38699 23.38699 23.38699 23.38699 23.38699 23.38699 23.38699 23.38699 23.38699 23.38699 23.38699 23.38699 23.38699 23.38699 23.38699 23.38699 23.38699 23.38699 23.38699 23.38699 23.38699 23.38699 23.38699 23.38699
28.0916 28.0916 28.0916 28.0916 28.0916 28.0916 28.0916 28.0916 28.0916 28.0916 28.0916 28.0916 28.0916 28.0955 27.98327 17.39842 16.67805 16.02587 16.02586 16.02586 16.02587 16.02587 16.02587 16.02587 16.02587 16.02587 16.02587 16.02587 16.02587 16.02587 16.02587 16.02587 16.02587 16.02587 16.02587 16.02587 16.02587 16.02587 16.02586 16.02587 16.02586 16.02587 16.02587 16.63497 23.11183 23.38699 23.38699 23.38699 23.38699 23.38699 23.38699 23.38699 23.38699 23.38699 23.38699 23.38699 23.38699 23.38699 23.38699 23.38699 23.38699 23.38699 23.38699 23.38699 23.38699 23.38699 23.38699 23.38699 23.38699 23.38699
28.0916 28.0916 28.0916 28.0916 28.0916 28.0916 28.0916 28.0916 28.0916 28.0916 28.0916 28.0916 28.0916 28.65285 29.14024 24.27142 16.13495 16.02587 16.02587 16.02587 16.02586 16.02587 16.02586 16.02587 16.02587 16.02587 16.02586 16.02587 16.02587 16.02587 16.02586 16.02587 16.02586 16.02587 16.02587 16.02587 16.02586 16.02587 16.02586 16.02587 16.02586 16.02587 16.02586 16.02587 18.61058 23.22141 23.17247 23.38699 23.38699 23.38699 23.38699 23.38699 23.38699 23.38699 23.38699 23.38699 23.38699 23.38699 23.38699 23.38699 23.38699 23.38699 23.38699 23.38699 23.38699 23.38699 23.38699 23.38699 23.38699 23.38699
28.0916 28.0916 28.0916 28.0916 28.0916 28.0916 28.0916 28.0916 28.0916 28.0916 28.0916 28.19564 28.73301 29.14016 29.14024 33.40435 32.61403 16.02586 16.02587 16.02587 16.02587 16.02587 16.02587 16.02587 16.02587 16.02587 16.02587 16.02587 16.02586 16.02586 16.02587 16.02586 16.02587 16.02586 16.02587 16.02586 16.02587 16.02587 16.02587 16.02587 16.02587 16.02587 16.02587 16.02587 16.02587 16.02723 16.29115 19.26646 23.38699 23.38699 23.38699 23.38699 23.38699 23.38699 23.38699 23.38699 23.38699 23.38699 23.38699 23.38699 23.38699 23.38699 23.38699 23.38699 23.38699 23.38699 23.38699 23.38699 23.38699 23.38699
28.0916 28.0916 28.0916 28.0916 28.0916 28.0916 28.0916 28.09161 28.70153 29.04455 29.01356 34.51727 37.16709 39.56918 48.70504 53.95136 47.43971 16.02587 16.02586 16.02587 16.02587 16.02587 16.02586 16.02587 16.02587 16.02587 16.02586 16.02587 16.02587 16.02587 16.02586 16.02587 16.02586 16.02587 16.02587 16.02587 16.02586 16.02587 16.02586 16.02587 16.02586 16.02587 16.02586 16.02587 16.02586 16.02586 16.02586 16.06034 22.35129 23.38699 23.38699 23.38699 23.38699 23.38699 23.38699 23.38699 23.38699 23.38699 23.38699 23.38699 23.38699 23.38699 23.37469 23.31058 23.24904 23.38494 23.38699 23.38699 23.38699 23.38699
28.0916 28.0916 28.0916 28.0916 28.0916 28.0916 28.0916 28.37179 29.14025 29.14024 29.14025 45.11977 53.97862 53.97862 53.97862 53.97862 41.63053 16.02587 16.02587 16.02586 16.02587 16.02587 16.02587 16.02586 16.02586 16.02586 16.02586 16.02586 16.02586 16.02586 16.02587 16.02586 16.02587 16.02586 16.02586 16.02586 16.02586 16.02586 16.02587 16.02587 16.02586 16.02587 16.02587 16.02586 16.02586 16.02586 16.02586 16.02587 19.48959 23.38699 23.38699 23.38699 23.38699 23.38699 23.38699 23.38699 23.38699 23.38699 23.38699 23.38699 23.38699 23.35991 23.11762 23.06017 23.06017 23.34407 23.38699 23.38699 23.38699 23.38699
28.09192 28.56404 28.65452 28.4161 28.22429 28.51771 28.89591 29.13621 29.14024 29.14024 30.98061 51.17775 53.97862 53.97862 53.97862 53.97862 32.95907 16.02587 16.02587 16.02586 16.02587 16.02586 16.02587 16.02587 16.02586 16.02587 16.02587 16.02587 16.02587 16.02587 16.02587 16.02587 16.02587 16.02587 16.02587 16.02587 16.02587 16.02587 16.02587 16.02586 16.02587 16.02586 16.02587 16.02587 16.02587 16.02587 16.02587 16.02586 16.88722 22.60529 22.72859 22.91568 23.37071 23.38699 23.38699 23.36186 23.16038 23.05394 23.29223 23.38699 23.38698 23.12476 23.06017 23.06017 23.06017 23.28844 23.38699 23.38699 23.38699 23.38699
