Scenarios/Heterogeneous/data/country_data_population_distribution/processed/density_grids/sur.asc
ncols 121
nrows 121
xllcorner -58
yllcorner 1
cellsize 0.041666666666667
NODATA_value -9999
[rows 31 to 61 of 121, columns 0 to 69 of 121]
0 0 0 0 0 0 0 0 0 0 0 0 0 0 0 0 0 0 0 0 0 0 0 0 0 0 0 0.1116727 0.1108855 0.1108855 0.1108855 0.1108855 0.1108855 0.1108855 0.1108855 0.1108855 0.1108855 0.1108855 0.1108855 0.1108855 0.1108855 0.1108855 0.1108855 0.1108855 0.1108855 0.1108855 0.1108855 0.1108855 0.1108855 0.1108855 0.1108855 0.1108855 0.1108855 0.1108855 0.1108855 0.1108855 0.1108855 0.1081005 0.03059326 0.03056691 0.03056691 0.03056691 0.03056691 0.03056691 0.03056691 0.03056691 0.03056691 0.03056691 0.03056691 0.03056691
0 0 0 0 0 0 0 0 0 0 0 0 0 0 0 0 0 0 0 0 0 0 0 0 0 0 0 0.1462115 0.1108855 0.1108855 0.1108855 0.1108855 0.1108855 0.1108855 0.1108855 0.1108855 0.1108855 0.1108855 0.1108855 0.1108855 0.1108855 0.1108855 0.1108855 0.1108855 0.1108855 0.1108855 0.1108855 0.1108855 0.1108855 0.1108855 0.1108855 0.1108855 0.1108855 0.1108855 0.1108855 0.1108855 0.1084154 0.07222301 0.03056691 0.03056691 0.03056691 0.03056691 0.03056691 0.03056691 0.03056691 0.03056691 0.03056691 0.03056691 0.03056691 0.03056691
0 0 0 0 0 0 0 0 0 0 0 0 0 0 0 0 0 0 0 0 0 0 0 0 0 0 0 0 0.1108855 0.1108855 0.1108855 0.1108855 0.1108855 0.1108855 0.1108855 0.1108855 0.1108855 0.1108855 0.1108855 0.1108855 0.1108855 0.1108855 0.1108855 0.1108855 0.1108855 0.1108855 0.1108855 0.1108855 0.1108855 0.1108855 0.1108855 0.1108855 0.1108855 0.1108855 0.1108855 0.1099832 0.05663139 0.03056691 0.03056691 0.03056691 0.03056691 0.03056691 0.03056691 0.03056691 0.03056691 0.03056691 0.03056691 0.03056691 0.03056691 0.03056691
0 0 0 0 0 0 0 0 0 0 0 0 0 0 0 0 0 0 0 0 0 0 0 0 0 0 0 0.1142879 0.1108855 0.1108855 0.1108855 0.1108855 0.1108855 0.1108855 0.1108855 0.1108855 0.1108855 0.1108855 0.1108855 0.1108855 0.1108855 0.1108855 0.1108855 0.1108855 0.1108855 0.1108855 0.1108855 0.1108855 0.1108855 0.1108855 0.1108855 0.1108855 0.1108855 0.07488648 0.04705761 0.05079843 0.03056691 0.03056691 0.03056691 0.03056691 0.03056691 0.03056691 0.03056691 0.03056691 0.03056691 0.03056691 0.03056691 0.03056691 0.03056691 0.03056691
0 0 0 0 0 0 0 0 0 0 0 0 0 0 0 0 0 0 0 0 0 0 0 0 0 0 0 0.1108855 0.1108855 0.1108855 0.1108855 0.1108855 0.1108855 0.1108855 0.1108855 0.1108855 0.1108855 0.1108855 0.1108855 0.1108855 0.1108855 0.1108855 0.1108855 0.1108855 0.1108855 0.1108855 0.1108855 0.1108855 0.1108855 0.1108855 0.1108855 0.1108855 0.1108855 0.06880454 0.03056691 0.03056691 0.03056691 0.03056691 0.03056691 0.03056691 0.03056691 0.03056691 0.03056691 0.03056691 0.03056691 0.03056691 0.03056691 0.03056691 0.03056691 0.03056691
0 0 0 0 0 0 0 0 0 0 0 0 0 0 0 0 0 0 0 0 0 0 0 0 0 0 0.06887322 0.1108855 0.1108855 0.1108855 0.1108855 0.1108855 0.1108855 0.1108855 0.1108855 0.1108855 0.1108855 0.1108855 0.1108855 0.1108855 0.1108855 0.1108855 0.1108855 0.1108855 0.1108855 0.1108855 0.1108855 0.1108855 0.1108855 0.1108855 0.1108855 0.1101523 0.06696301 0.03206726 0.03056691 0.03056691 0.03056691 0.03056691 0.03056691 0.03056691 0.03056691 0.03056691 0.03056691 0.03056691 0.03056691 0.03056691 0.03056691 0.03056691 0.03056691 0.03056691
0 0 0 0 0 0 0 0 0 0 0 0 0 0 0 0 0 0 0 0 0 0 0 0 0 0 0.1022513 0.1108855 0.1108855 0.1108855 0.1108855 0.1108855 0.1108855 0.1108855 0.1108855 0.1108855 0.1108855 0.1108855 0.1108855 0.1108855 0.1108855 0.1108855 0.1108855 0.1108855 0.1108855 0.1108855 0.1108855 0.1108855 0.1108855 0.1108855 0.1108855 0.06379788 0.03056691 0.03056691 0.03056691 0.03056691 0.03056691 0.03056691 0.03056691 0.03056691 0.03056691 0.03056691 0.03056691 0.03056691 0.03056691 0.03056691 0.03056691 0.03056691 0.03056691 0.03056691
0 0 0 0 0 0 0 0 0 0 0 0 0 0 0 0 0 0 0 0 0 0 0 0 0 0.08098367 0.1108855 0.1108855 0.1108855 0.1108855 0.1108855 0.1108855 0.1108855 0.1108855 0.1108855 0.1108855 0.1108855 0.1108855 0.1108855 0.1108855 0.1108855 0.1108855 0.1108855 0.1108855 0.1108855 0.1108855 0.1108855 0.1108855 0.1108855 0.1108855 0.07839171 0.03060355 0.03056691 0.03056691 0.03056691 0.03056691 0.03056691 0.03056691 0.03056691 0.03056691 0.03056691 0.03056691 0.03056691 0.03056691 0.03056691 0.03056691 0.03056691 0.03056691 0.03056691 0.03056691
0 0 0 0 0 0 0 0 0 0 0 0 0 0 0 0 0 0 0 0 0 0 0 0 0 0.1108854 0.1108855 0.1108855 0.1108855 0.1108855 0.1108855 0.1108855 0.1108855 0.1108855 0.1108855 0.1108855 0.1108855 0.1108855 0.1108855 0.1108855 0.1108855 0.1108855 0.1108855 0.1108855 0.1108855 0.1108855 0.1108855 0.1108855 0.1108855 0.1029263 0.03231584 0.03056691 0.03056691 0.03056691 0.03056691 0.03056691 0.03056691 0.03056691 0.03056691 0.03056691 0.03056691 0.03056691 0.03056691 0.03056691 0.03056691 0.03056691 0.03056691 0.03056691 0.03056691 0.03056691
0 0 0 0 0 0 0 0 0 0 0 0 0 0 0 0 0 0 0 0 0 0 0 0 0 0.1108855 0.1108855 0.1108855 0.1108855 0.1108855 0.1108855 0.1108855 0.1108855 0.1108855 0.1108855 0.1108855 0.1108855 0.1108855 0.1108855 0.1108855 0.1108855 0.1108855 0.1108855 0.1108855 0.1108855 0.1108855 0.1108855 0.1108855 0.1108855 0.08513141 0.03056691 0.03056691 0.03056691 0.03056691 0.03056691 0.03056691 0.03056691 0.03056691 0.03056691 0.03056691 0.03056691 0.03056691 0.03056691 0.03056691 0.03056691 0.03056691 0.03056691 0.03056691 0.03056691 0.03056691
0 0 0 0 0 0 0 0 0 0 0 0 0 0 0 0 0 0 0 0 0 0 0 0 0.105863 0.1108855 0.1108855 0.1108855 0.1108855 0.1108855 0.1108855 0.1108855 0.1108855 0.1108855 0.1108855 0.1108855 0.1108855 0.1108855 0.1108855 0.1108855 0.1108855 0.1108855 0.1108855 0.1108855 0.1108855 0.1108855 0.1108855 0.1108855 0.1108855 0.07882776 0.03056691 0.03056691 0.03056691 0.03056691 0.03056691 0.03056691 0.03056691 0.03056691 0.03056691 0.03056691 0.03056691 0.03056691 0.03056691 0.03056691 0.03056691 0.03056691 0.03056691 0.03056691 0.03056691 0.03056691
0 0 0 0 0 0 0 0 0 0 0 0 0 0 0 0 0 0 0 0 0 0 0 0 0.1108855 0.1108855 0.1108855 0.1108855 0.1108855 0.1108855 0.1108855 0.1108855 0.1108855 0.1108855 0.1108855 0.1108855 0.1108855 0.1108855 0.1108855 0.1108855 0.1108855 0.1108855 0.1108855 0.1108855 0.1108855 0.1108855 0.1108855 0.1108855 0.1108855 0.05536614 0.03056691 0.03056691 0.03056691 0.03056691 0.03056691 0.03056691 0.03056691 0.03056691 0.03056691 0.03056691 0.03056691 0.03056691 0.03056691 0.03056691 0.03056691 0.03056691 0.03056691 0.03099203 0.1228405 0.1612824
0 0 0 0 0 0 0 0 0 0 0 0 0 0 0 0 0 0 0 0 0 0 0 0.09508217 0.1108855 0.1108855 0.1108855 0.1108855 0.1108855 0.1108855 0.1108855 0.1108855 0.1108855 0.1108855 0.1108855 0.1108855 0.1108855 0.1108855 0.1108855 0.1108855 0.1108855 0.1108855 0.1108855 0.1108855 0.1108855 0.1108855 0.1108855 0.1108855 0.1108855 0.08578391 0.08366217 0.0698588 0.0343954 0.03056691 0.03056691 0.03056691 0.03056691 0.03056691 0.03056691 0.03056691 0.03056691 0.03056691 0.03056691 0.03056691 0.03056691 0.03056691 0.03056691 0.08960543 0.2324174 0.2324175
0 0 0 0 0 0 0 0 0 0 0 0 0 0 0 0 0 0 0 0 0 0 0 0.1108855 0.1108855 0.1108855 0.1108855 0.1108855 0.1108855 0.1108855 0.1108855 0.1108855 0.1108855 0.1108855 0.1108855 0.1108855 0.1108855 0.1108855 0.1108855 0.1108855 0.1108855 0.1108855 0.1108855 0.1108855 0.1108855 0.1108855 0.1108855 0.1108855 0.1108855 0.1108855 0.1108855 0.1108855 0.06902395 0.03056691 0.03056691 0.03056691 0.03056691 0.03056691 0.03056691 0.03056691 0.03056691 0.03056691 0.03056691 0.03056691 0.03056691 0.03056691 0.03056691 0.09531894 0.2324174 0.2324174
0 0 0 0 0 0 0 0 0 0 0 0 0 0 0 0 0 0 0 0 0 0 0.1058765 0.1108855 0.1108855 0.1108855 0.1108855 0.1108855 0.1108855 0.1108855 0.1108855 0.1108855 0.1108855 0.1108855 0.1108855 0.1108855 0.1108855 0.1108855 0.1108855 0.1108855 0.1108855 0.1108855 0.1108855 0.1108855 0.1108855 0.1108855 0.1108855 0.1108855 0.1108855 0.1108855 0.1057778 0.1097223 0.06784756 0.03056691 0.03056691 0.03056691 0.03056691 0.03056691 0.03056691 0.03056691 0.03056691 0.03056691 0.03056691 0.03056691 0.03056691 0.03056691 0.03056691 0.08325154 0.2324174 0.2324174
0 0 0 0 0 0 0 0 0 0 0 0 0 0 0 0 0 0 0 0 0 0 0.08701999 0.1108855 0.1108855 0.1108855 0.1108855 0.1108855 0.1108855 0.1108855 0.1108855 0.1108855 0.1108855 0.1108855 0.1108855 0.1108855 0.1108855 0.1108855 0.1108855 0.1108855 0.1108855 0.1108855 0.1108855 0.1108855 0.1108855 0.1108855 0.1108855 0.1108855 0.1108855 0.06493457 0.03102367 0.04191504 0.03294807 0.03056691 0.03056691 0.03056691 0.03056691 0.03056691 0.03056691 0.03056691 0.03056691 0.03056691 0.03056691 0.03056691 0.03056691 0.03056691 0.03056691 0.06054841 0.2324174 0.2324174
0 0 0 0 0 0 0 0 0 0 0 0 0 0 0 0 0 0 0 0 0 0 0 0.1108855 0.1108855 0.1108855 0.1108855 0.1108855 0.1108855 0.1108855 0.1108855 0.1108855 0.1108855 0.1108855 0.1108855 0.1108855 0.1108855 0.1108855 0.1108855 0.1108855 0.1108855 0.1108855 0.1108855 0.1108855 0.1108855 0.1108855 0.1108855 0.1108855 0.1108855 0.04383501 0.03056691 0.03056691 0.03056691 0.03056691 0.03056691 0.03056691 0.03056691 0.03056691 0.03056691 0.03056691 0.03056691 0.03056691 0.03056691 0.03056691 0.03056691 0.03056691 0.03056691 0.07383833 0.2324174 0.2324174
0 0 0 0 0 0 0 0 0 0 0 0 0 0 0 0 0 0 0 0 0 0 0 0.1108855 0.1108855 0.1108855 0.1108855 0.1108855 0.1108855 0.1108855 0.1108855 0.1108855 0.1108855 0.1108855 0.1108855 0.1108855 0.1108855 0.1108855 0.1108855 0.1108855 0.1108855 0.1108855 0.1108855 0.1108855 0.1108855 0.1108855 0.1108855 0.1106402 0.07481936 0.03334019 0.03056691 0.03056691 0.03056691 0.03056691 0.03056691 0.03056691 0.03056691 0.03056691 0.03056691 0.03056691 0.03056691 0.03056691 0.03056691 0.03056691 0.03056691 0.03056691 0.03056691 0.08678775 0.2324174 0.2324174
0 0 0 0 0 0 0 0 0 0 0 0 0 0 0 0 0 0 0 0 0 0 0 0.1077957 0.1108855 0.1108855 0.1108855 0.1108855 0.1108855 0.1108855 0.1108855 0.1108855 0.1108855 0.1108855 0.1108855 0.1108855 0.1108855 0.1108855 0.1108855 0.1108855 0.1108855 0.1108855 0.1108855 0.1108855 0.1108855 0.1108855 0.1108855 0.09270652 0.03056692 0.03056691 0.03056692 0.03056691 0.03056692 0.03056691 0.03056691 0.03056691 0.03056691 0.03056691 0.03056692 0.03056691 0.03056691 0.03056691 0.03056692 0.03056691 0.03056691 0.03056691 0.03056692 0.04828191 0.2324175 0.2324174
0 0 0 0 0 0 0 0 0 0 0 0 0 0 0 0 0 0 0 0 0 0 0 0 0.1108855 0.1108855 0.1108855 0.1108855 0.1108855 0.1108855 0.1108855 0.1108855 0.1108855 0.1108855 0.1108855 0.1108855 0.1108855 0.1108855 0.1108855 0.1108855 0.1108855 0.1108855 0.1108855 0.1108855 0.1108855 0.1108855 0.1013116 0.04238634 0.03056691 0.03056691 0.03056691 0.03056691 0.03056691 0.03056691 0.03056691 0.03056691 0.03056691 0.03056691 0.03056691 0.03056691 0.03056691 0.03056691 0.03056691 0.03056691 0.03056691 0.03056691 0.03056691 0.03115454 0.2051906 0.2324174
0 0 0 0 0 0 0 0 0 0 0 0 0 0 0 0 0 0 0 0 0 0 0 0 0.07898851 0.08181743 0.1108651 0.1108855 0.1108855 0.1108855 0.1108855 0.1108855 0.1108855 0.1108855 0.1108855 0.1108855 0.1108855 0.1108855 0.1108855 0.1108855 0.1108855 0.1108855 0.1108855 0.1108855 0.1108855 0.1108855 0.05124717 0.03056691 0.03056691 0.03056691 0.03056691 0.03056691 0.03056691 0.03056691 0.03056691 0.03056691 0.03056691 0.03056691 0.03056691 0.03056691 0.03056691 0.03056691 0.03056691 0.03056691 0.03056691 0.03056691 0.03056691 0.03056691 0.1143386 0.2324175
0 0 0 0 0 0 0 0 0 0 0 0 0 0 0 0 0 0 0 0 0 0 0 0 0 0 0.08112492 0.1108855 0.1108855 0.1108855 0.1108855 0.1108855 0.1108855 0.1108855 0.1108855 0.1108855 0.1108855 0.1108855 0.1108855 0.1108855 0.1108855 0.1108855 0.1108855 0.1108855 0.1108855 0.1108855 0.09857465 0.03454209 0.03056691 0.03056691 0.03056691 0.03056691 0.03056691 0.03056691 0.03056691 0.03056691 0.03056691 0.03056691 0.03056691 0.03056691 0.03056691 0.03056691 0.03056691 0.03056691 0.03056691 0.03056691 0.03056691 0.03056691 0.07120629 0.2324174
0 0 0 0 0 0 0 0 0 0 0 0 0 0 0 0 0 0 0 0 0 0 0 0 0 0 0 0.106946 0.1108855 0.1108855 0.1108855 0.1108855 0.1108855 0.1108855 0.1108855 0.1108855 0.1108855 0.1108855 0.1108855 0.1108855 0.1108855 0.1108855 0.1108855 0.1108855 0.1108855 0.1108855 0.1104371 0.03430272 0.03056691 0.03056691 0.03056691 0.03056691 0.03056691 0.03056691 0.03056691 0.03056691 0.03056691 0.03056691 0.03056691 0.03056691 0.03056691 0.03056691 0.03056691 0.03056691 0.03056691 0.03056691 0.03056691 0.03056691 0.05669628 0.2324174
0 0 0 0 0 0 0 0 0 0 0 0 0 0 0 0 0 0 0 0 0 0 0 0 0 0 0 0.0696222 0.1108855 0.1108855 0.1108855 0.1108855 0.1108855 0.1108855 0.1108855 0.1108855 0.1108855 0.1108855 0.1108855 0.1108855 0.1108855 0.1108855 0.1108855 0.1108855 0.1108855 0.1108855 0.1108855 0.1097726 0.0995533 0.05396478 0.03056691 0.03056691 0.03056691 0.03056691 0.03056691 0.03056691 0.03056691 0.03056691 0.03056691 0.03512152 0.03058481 0.03056691 0.03056691 0.03056691 0.03056691 0.03056691 0.03056691 0.03056691 0.1031332 0.2324174
0 0 0 0 0 0 0 0 0 0 0 0 0 0 0 0 0 0 0 0 0 0 0 0 0 0 0 0 0.1108855 0.1108855 0.1108855 0.1108855 0.1108855 0.1108855 0.1108855 0.1108855 0.1108855 0.1108855 0.1108855 0.1108855 0.1108855 0.1108855 0.1108855 0.1108855 0.1108855 0.1108855 0.1108855 0.1108855 0.1108855 0.1100974 0.09817665 0.05972896 0.05989538 0.08045703 0.03554887 0.03056691 0.03056691 0.03092183 0.03614793 0.04054343 0.03056691 0.03056691 0.03056691 0.03056691 0.03056691 0.03056691 0.03056691 0.09362152 0.2257496 0.2324174
0 0 0 0 0 0 0 0 0 0 0 0 0 0 0 0 0 0 0 0 0 0 0 0 0 0 0 0 0.1108855 0.1108855 0.1108855 0.1108855 0.1108855 0.1108855 0.1108855 0.1108855 0.1108855 0.1108855 0.1108855 0.1108855 0.1108855 0.1108855 0.1108855 0.1108855 0.1108855 0.1108855 0.1108855 0.1108855 0.1108855 0.1108855 0.1108855 0.1108855 0.1108855 0.1108855 0.08080741 0.03286355 0.03579601 0.04171398 0.04346442 0.0380461 0.03056691 0.03058109 0.03056691 0.03091331 0.03068139 0.03056691 0.03453966 0.2115128 0.2324174 0.2324174
0 0 0 0 0 0 0 0 0 0 0 0 0 0 0 0 0 0 0 0 0 0 0 0 0 0 0 0 0.07159415 0.1104136 0.1108855 0.1108855 0.1108855 0.1108855 0.1108855 0.1108855 0.1108855 0.1108855 0.1108855 0.1108855 0.1108855 0.1108855 0.1108855 0.1108855 0.1108855 0.1108855 0.1108855 0.1108855 0.1108855 0.1108855 0.1108855 0.1108855 0.1108855 0.1108855 0.0911615 0.04659772 0.04346442 0.04346442 0.04346442 0.04306346 0.04079628 0.04325286 0.03708053 0.04168948 0.03895589 0.03668096 0.05765207 0.2324174 0.2324174 0.2324174
0 0 0 0 0 0 0 0 0 0 0 0 0 0 0 0 0 0 0 0 0 0 0 0 0 0 0 0 0 0 0.09213384 0.1108855 0.1101252 0.09165663 0.1101223 0.1070483 0.1108855 0.1108855 0.1108855 0.1108855 0.1108855 0.1108855 0.1108855 0.1108855 0.1108855 0.1108855 0.1108855 0.1108855 0.1108855 0.1108855 0.1108855 0.1108855 0.1095464 0.08071706 0.04444731 0.04346442 0.04346443 0.04346442 0.04346443 0.04346442 0.04346443 0.04346442 0.04346443 0.04346442 0.04346443 0.04346442 0.04436041 0.1943919 0.2324175 0.2324174
0 0 0 0 0 0 0 0 0 0 0 0 0 0 0 0 0 0 0 0 0 0 0 0 0 0 0 0 0 0 0 0.07765286 0.05691911 0.04346442 0.04542825 0.04408642 0.07943237 0.1095007 0.1108855 0.1108855 0.1108855 0.1108855 0.1108855 0.1108855 0.1108855 0.1108855 0.1108855 0.1108855 0.1108855 0.1108855 0.1108855 0.1108855 0.1040027 0.04480422 0.04346442 0.04346442 0.04346442 0.04346442 0.04346442 0.04346442 0.04346442 0.04346442 0.04346442 0.04346442 0.04346442 0.04346442 0.04346442 0.1150114 0.2593124 1.4248
0 0 0 0 0 0 0 0 0 0 0 0 0 0 0 0 0 0 0 0 0 0 0 0 0 0 0 0 0 0 0 0 0.04346442 0.04346442 0.04346442 0.04346442 0.04346442 0.05755973 0.08697036 0.1104305 0.1108855 0.1108855 0.1108855 0.1108855 0.1108855 0.1108855 0.1108855 0.1108855 0.1108855 0.1108855 0.1108855 0.1108855 0.1108855 0.08275282 0.04346442 0.04346442 0.04346442 0.04346442 0.04346442 0.04346442 0.04346442 0.04346442 0.04346442 0.6948949 1.906508 0.2520843 0.04346442 0.4878607 2.152981 2.790857
0 0 0 0 0 0 0 0 0 0 0 0 0 0 0 0 0 0 0 0 0 0 0 0 0 0 0 0 0 0 0 0 0.04346442 0.04346442 0.04346443 0.04346442 0.04346442 0.04346442 0.04346442 0.04423821 0.06015412 0.1091008 0.1108855 0.1108855 0.1108855 0.1108855 0.1108855 0.1108855 0.1108855 0.1108855 0.1108855 0.1108855 0.1108855 0.1108787 0.05762951 0.04346442 0.04346442 0.04346443 0.04346442 0.04346442 0.04346442 0.04346442 0.04346442 1.557039 2.790857 2.524652 1.935829 2.753125 2.790857 2.790857
