Scenarios/Heterogeneous/data/country_data_population_distribution/processed/density_grids/svk.asc
ncols 157
nrows 62
xllcorner 16
yllcorner 47
cellsize 0.041666666666667
NODATA_value -9999
[rows 0 to 41 of 62, columns 0 to 92 of 157]
0 0 0 0 0 0 0 0 0 0 0 0 0 0 0 0 0 0 0 0 0 0 0 0 0 0 0 0 0 0 0 0 0 0 0 0 0 0 0 0 0 0 0 0 0 0 0 0 0 0 0 0 0 0 0 0 0 0 0 0 0 0 0 0 0 0 0 0 0 0 0 0 0 0 0 0 0 0 0 0 0 57.375 48.2655 48.31782 61.69616 0 0 0 0 0 0 0 0
0 0 0 0 0 0 0 0 0 0 0 0 0 0 0 0 0 0 0 0 0 0 0 0 0 0 0 0 0 0 0 0 0 0 0 0 0 0 0 0 0 0 0 0 0 0 0 0 0 0 0 0 0 0 0 0 0 0 0 0 0 0 0 0 0 0 0 0 155.2748 0 0 0 0 0 0 0 0 0 55.19492 70.77988 147.3873 115.1211 68.72025 80.67466 84.38661 0 0 0 0 0 0 0 0
0 0 0 0 0 0 0 0 0 0 0 0 0 0 0 0 0 0 0 0 0 0 0 0 0 0 0 0 0 0 0 0 0 0 0 0 0 0 0 0 0 0 0 0 0 0 0 0 0 0 0 0 0 0 0 0 0 0 0 0 0 37.56795 41.11324 96.14204 135.4781 217.4939 280.0597 248.4248 276.5638 144.1427 134.9552 0 0 0 0 0 0 54.58033 48.35472 46.79813 67.41431 81.42522 180.6913 198.7115 146.3914 85.76178 0 0 0 0 0 0 0
0 0 0 0 0 0 0 0 0 0 0 0 0 0 0 0 0 0 0 0 0 0 0 0 0 0 0 0 0 0 0 0 0 0 0 0 0 0 0 0 0 0 0 0 0 0 0 0 0 0 0 0 0 0 0 0 0 0 0 0 57.65332 53.52246 125.6672 111.7768 132.7328 135.486 354.431 407.465 199.0967 97.84305 95.20985 0 0 0 0 0 0 95.83367 95.35763 66.83311 90.23418 81.87003 161.066 191.2088 132.2496 67.25986 114.4089 0 0 0 0 0 0
0 0 0 0 0 0 0 0 0 0 0 0 0 0 0 0 0 0 0 0 0 0 0 0 0 0 0 0 0 0 0 0 0 0 0 0 0 0 0 0 0 0 0 0 0 0 0 0 0 0 0 0 0 0 0 0 0 0 21.8984 49.89129 65.75977 79.93024 208.3777 159.6982 102.9181 75.92916 226.0642 290.0374 214.1561 127.3676 66.70872 53.14428 45.2017 27.90794 25.82305 67.76484 101.9542 115.0684 126.9092 92.70997 71.28995 84.17545 104.7725 186.9686 157.9716 120.4052 120.8325 111.4984 95.2594 0 70.97107 0 0
0 0 0 0 0 0 0 0 0 0 0 0 0 0 0 0 0 0 0 0 0 0 0 0 0 0 0 0 0 0 0 0 0 0 0 0 0 0 0 0 0 0 0 0 0 0 0 0 0 0 0 0 0 0 0 0 0 32.54205 32.05813 35.6537 69.06344 77.50857 133.0709 63.87761 84.63147 116.2733 141.5305 213.7833 171.7035 70.35793 73.78876 43.41995 22.22504 22.22504 23.77537 39.31951 53.34677 53.24957 51.33996 56.95736 80.46233 92.0132 106.2288 137.8764 104.8694 140.0315 123.6809 102.4552 102.0968 49.35148 62.75172 0 0
0 0 0 0 0 0 0 0 0 0 0 0 0 0 0 0 0 0 0 0 0 0 0 0 0 0 0 0 0 0 0 0 0 0 0 0 0 0 0 0 0 0 0 0 0 0 0 0 0 0 0 0 0 0 0 40.7441 39.1297 63.94223 61.3175 49.26992 62.21596 88.32449 62.77925 46.65302 99.10452 147.3363 484.9527 318.7498 148.0044 70.67297 52.42671 43.46006 31.54751 29.11924 31.39779 34.4091 44.44819 49.12898 121.2348 79.63131 71.19769 73.04842 66.49701 99.17417 145.21 147.9741 80.34937 60.91546 73.14249 98.84407 92.83453 0 0
0 0 0 0 0 0 0 0 0 0 0 0 0 0 0 0 0 0 0 0 0 0 0 0 0 0 0 0 0 0 0 0 0 0 0 0 0 0 0 0 0 0 0 0 0 0 0 0 0 0 0 0 25.82162 20.87315 12.07113 14.19307 40.52811 48.06474 68.00622 63.58962 62.97837 137.0749 86.18378 94.22107 133.8146 419.4634 597.597 364.3002 144.7184 82.13787 52.659 70.99155 56.54984 46.70974 43.05001 39.34226 40.56987 59.72255 338.9614 189.0125 37.58839 37.32638 52.21912 50.21117 57.4588 44.04471 37.65545 39.45895 43.5619 63.18981 65.24231 0 0
0 0 0 0 0 0 0 0 0 0 0 0 0 0 0 0 0 0 0 0 0 0 0 0 0 0 0 0 0 0 0 0 0 0 0 0 0 0 0 0 0 0 0 0 0 0 0 0 0 0 0 46.8652 32.41119 21.70011 26.89488 70.99812 46.80408 62.73587 95.67866 121.5161 231.93 242.4193 124.4451 117.6786 679.5112 1004.773 855.3216 516.5825 167.4293 137.0358 91.33907 87.01044 53.57748 45.39676 33.28845 20.10414 57.53489 66.90102 284.7882 292.3021 89.00131 59.68748 50.16489 62.08488 44.18089 21.28483 23.16419 29.99427 30.12306 25.33831 43.93774 0 0
0 0 0 0 0 0 0 0 0 0 0 0 0 0 0 0 0 0 0 0 0 0 0 0 0 0 0 0 0 0 0 0 0 0 0 0 0 0 0 0 0 0 0 0 0 0 0 0 0 0 0 51.10669 56.66684 79.35561 62.16828 181.7789 110.1054 104.3823 126.744 226.7601 125.4597 162.959 104.6231 126.7139 481.255 819.6866 635.3893 678.5715 192.5586 157.7697 108.4946 110.1872 77.05352 35.29075 20.76033 28.43574 38.80212 66.50241 84.16354 158.2658 120.2804 62.69979 42.41237 32.92957 12.40222 24.27035 25.84304 44.94125 19.97094 148.3969 23.75578 31.19985 34.17001
0 0 0 0 0 0 0 0 0 0 0 0 0 0 0 0 0 0 0 0 0 0 0 0 0 0 0 0 0 0 0 0 0 0 0 0 0 0 0 0 0 0 0 0 0 0 0 0 0 0 0 31.22774 34.90617 43.46963 106.62 370.8633 234.6539 322.2122 367.1936 407.2852 160.418 59.94135 56.95747 107.9847 155.9298 154.3453 119.1312 175.8336 288.7418 207.9521 86.19543 125.8363 93.48525 73.82305 50.94386 54.94087 80.78542 100.5158 78.24652 68.78075 81.60814 78.07506 53.55165 23.5599 37.5714 34.70387 44.74092 35.21895 65.65997 114.8572 14.69912 16.47153 16.54816
0 0 0 0 0 0 0 0 0 0 0 0 0 0 0 0 0 0 0 0 0 0 0 0 0 0 0 0 0 0 0 0 0 0 0 0 0 0 0 0 0 0 0 0 0 0 0 0 0 0 0 21.18882 36.12464 49.95578 153.0335 287.4346 275.6673 335.5644 449.6263 455.0996 288.0036 70.54386 102.2283 155.979 163.795 64.94112 83.07528 298.5871 788.1332 691.802 590.5371 137.7159 94.36098 57.1563 42.26697 16.47206 67.73717 186.9642 193.3113 179.9965 113.5821 84.48676 116.1174 45.72422 38.37375 202.0335 269.5164 227.02 179.584 38.87011 26.27472 27.99483 34.50682
0 0 0 0 0 0 0 0 0 0 0 0 0 0 0 0 0 0 0 0 0 0 0 0 0 0 0 0 0 0 0 0 0 0 0 0 0 0 0 0 0 0 0 0 0 0 0 0 0 0 49.82518 21.3387 117.5491 121.7394 211.6413 154.8165 103.1375 99.93447 179.2484 251.6637 70.7913 45.33872 89.46863 105.0419 129.7858 113.5808 46.73746 137.3511 416.4352 648.223 708.2926 124.5495 46.45718 31.74137 20.23198 9.219552 17.21785 188.2863 210.5186 205.2395 124.5813 172.491 31.4153 66.4204 86.38134 405.8567 437.7507 207.3883 135.3917 160.3103 244.5097 159.8126 26.48402
0 0 0 0 0 0 0 0 0 0 0 0 0 0 0 0 0 0 0 0 0 0 0 0 0 0 0 0 0 0 0 0 0 0 0 0 0 0 0 0 0 0 0 0 0 0 55.90522 63.38164 112.0491 98.68139 95.38038 109.7041 238.8619 182.5842 153.6607 148.3782 111.9136 83.5023 52.67085 45.47753 38.58859 45.29361 23.81519 26.67901 44.32509 84.87667 43.74821 46.76439 49.454 161.211 185.2207 40.57333 28.18653 20.9736 9.82362 9.219552 14.26771 186.1708 210.5186 188.7751 50.96432 76.696 16.23614 50.52451 46.9633 59.02985 206.2221 46.95368 44.74373 93.98195 84.51175 28.28868 23.22577
0 0 0 0 0 0 0 0 0 0 0 0 0 0 0 0 0 0 0 0 0 0 0 0 0 0 0 0 0 0 0 0 0 0 0 0 0 0 0 0 0 0 0 0 0 57.61477 54.7564 56.14779 124.8795 174.446 157.5004 219.9701 399.1577 298.1411 168.0409 52.6258 28.03037 33.24522 29.46185 47.49173 20.25503 14.93902 16.483 18.51435 19.7937 29.95858 38.04222 37.62933 53.31921 84.69505 42.84801 22.27247 23.7319 24.95773 17.28769 9.219551 26.98031 126.5109 191.7141 136.2749 32.90023 12.91031 13.75819 41.36021 23.60027 9.778967 24.59585 35.11815 16.36686 27.6009 16.17207 15.92722 10.11567
0 0 0 0 0 0 0 0 0 0 0 0 0 0 0 0 0 0 0 0 0 0 0 0 0 0 0 0 0 0 0 0 0 0 0 0 0 0 0 0 0 0 0 0 0 55.69642 90.38081 451.9685 343.8433 163.3248 273.2594 573.2388 671.1113 502.7688 297.8311 58.57376 27.49057 16.17848 9.619802 9.262012 18.16113 23.23766 24.44819 23.13095 21.9118 21.21616 30.13183 40.85703 54.62628 25.05958 11.68348 11.17294 13.98081 20.83853 23.56743 17.30983 19.92054 24.33159 35.22066 49.87802 50.24033 17.47336 13.25848 17.81223 18.49037 11.98912 12.1721 55.75016 30.25333 11.04578 5.496147 5.900379 6.760416
0 0 0 0 0 0 0 0 0 0 0 0 0 0 0 0 0 0 0 0 0 0 0 0 0 0 0 0 0 0 0 0 0 0 0 0 0 0 0 0 0 0 35.8031 39.95527 63.97395 66.9352 63.2804 383.076 658.9111 542.4153 614.8813 494.5574 172.4516 88.43669 41.70864 27.29955 25.99094 31.57797 25.88427 27.74666 54.80545 45.04501 29.44278 49.60813 65.13471 28.33519 41.73273 73.08881 121.8067 21.20551 19.90374 12.56404 12.27896 11.74185 19.72447 19.31316 18.47495 22.63865 38.32825 47.14871 37.25219 13.7742 14.11011 14.25538 14.96939 14.13497 17.0355 150.5371 72.69585 14.97043 20.80885 27.4915 24.66593
0 0 0 0 0 0 0 0 0 0 0 0 0 0 0 0 0 0 0 0 0 0 0 0 0 0 0 0 195.8909 196.9422 191.7651 0 0 0 0 0 0 0 0 123.827 64.19569 66.84636 63.48867 73.255 67.54932 77.67575 81.30322 189.086 410.2878 272.0329 180.2231 139.1171 39.83488 44.92969 24.85333 9.246265 10.65014 19.76743 57.11269 46.68504 41.36497 78.72582 87.18444 140.15 95.22292 25.16941 21.94736 86.38662 171.9863 45.58622 20.84439 19.95669 11.53682 11.80919 15.37041 14.13503 11.79945 22.07441 23.8057 36.32051 41.58072 15.76096 19.99568 20.06821 14.47605 13.89308 31.68157 97.07258 97.43901 26.78408 24.54538 27.7535 30.51822
0 0 0 0 0 0 0 0 0 0 0 0 0 0 0 0 0 0 0 0 0 0 0 0 0 0 238.1254 285.9742 199.0938 146.4404 138.1603 133.4875 96.6152 21.52116 26.06053 30.33578 0 44.57621 53.37077 162.7878 99.75152 53.99256 65.78549 87.65388 90.32034 63.86114 51.945 108.4557 164.8532 98.95419 76.19917 80.32126 52.80059 52.62845 42.15531 10.07946 11.69456 15.06933 80.77367 100.1907 52.59063 333.672 249.2223 187.1108 89.10773 72.67732 51.5927 39.75547 73.82935 52.20623 42.34219 12.84878 7.69455 21.86514 123.562 45.90638 53.73256 39.27286 29.06492 40.3816 63.1082 45.58844 74.31429 78.00914 167.2693 64.33327 122.8437 171.9867 148.4877 88.09789 68.86501 32.31196 29.78838
0 0 0 0 0 0 0 0 0 0 0 0 0 0 0 0 0 0 0 0 0 0 0 0 0 89.2123 99.9098 186.464 137.6471 76.4451 69.96007 45.48686 36.94873 36.20944 37.17247 71.44167 203.0319 159.0762 103.295 124.4396 138.9302 75.25987 166.378 482.3609 367.9244 59.94745 43.72476 42.28336 48.5599 57.58242 55.52418 85.78629 82.92304 61.97337 54.28691 30.04516 30.94 5.37466 68.79842 101.7699 99.84324 203.9453 705.5921 1053.489 467.7894 122.0804 89.36225 36.43212 17.0096 16.96337 11.58278 11.60512 43.48509 162.6826 670.869 597.3144 225.3849 119.1723 97.23592 81.17262 52.65883 44.54385 53.36644 65.76775 53.34743 39.63679 85.70074 109.2522 126.4648 163.7302 140.386 70.16198 48.35868
0 0 0 0 0 0 0 0 0 0 0 0 0 0 0 0 0 0 0 0 0 0 0 0 94.6555 86.96893 86.04739 83.26147 62.73825 52.53989 61.67444 116.3795 59.38194 44.92846 40.69852 75.54911 202.8773 156.2885 56.58911 53.63141 56.8049 77.53373 122.5028 393.7755 242.2694 61.63013 53.3059 39.45128 13.20874 12.39115 21.81874 39.90935 125.5152 587.7606 529.2373 53.75485 79.64142 122.5059 59.96342 79.67728 151.3671 174.7288 190.3404 518.8544 559.7531 202.3784 204.765 115.043 12.07127 47.82843 56.96001 100.5416 487.9614 447.5534 666.7786 749.6765 512.9403 356.9564 91.29471 47.88773 26.64069 30.38082 19.75621 18.4763 24.69637 55.66805 47.78355 36.62501 36.62501 36.65199 50.30689 49.93388 38.28442
0 0 0 0 0 0 0 0 0 0 0 0 0 0 0 0 0 0 0 0 0 0 0 0 113.5567 93.27403 73.8367 82.05567 79.152 69.58582 63.65719 298.2059 344.236 343.1015 104.448 26.57884 98.48547 65.18254 33.58698 37.7501 45.22725 101.9365 131.1545 133.5104 123.3638 36.24217 32.01833 23.79095 11.07047 51.86287 45.01789 61.45396 69.31102 137.4951 203.067 56.48033 84.6555 111.5663 51.06252 57.86449 127.1914 130.2771 129.9715 76.26864 147.6982 203.1047 105.6834 37.46902 25.30938 77.8532 124.463 75.07704 92.37833 82.57558 364.6514 559.0607 113.9277 39.22748 39.02854 35.05621 30.56206 34.16477 40.04269 35.09846 53.98688 37.3642 23.87073 29.38518 36.62915 36.45366 35.28555 33.97874 34.32849
0 0 0 0 0 0 0 0 0 0 0 0 0 0 0 0 0 0 0 0 0 0 0 118.0147 109.0352 70.79543 88.5044 123.7595 91.45746 79.47798 73.55264 66.8906 158.9339 186.4631 48.81995 32.23297 84.24321 84.88771 60.49017 33.28045 85.02895 145.6725 123.289 210.851 220.886 46.67977 26.9732 10.36647 18.24821 38.29429 69.18441 53.22123 53.86509 72.49422 106.8352 297.1441 801.5656 414.3138 75.13455 84.7324 71.91158 57.07578 79.24329 77.91266 172.6871 104.3268 52.37173 42.95285 45.33115 65.15545 49.74915 29.60063 55.78323 121.5325 77.85189 89.68955 83.03332 56.66988 68.61758 39.80258 35.41381 34.93089 37.13804 50.20693 59.2132 50.89552 36.24606 23.03046 25.82268 29.76716 33.52936 33.58543 33.63197
0 0 0 0 0 0 0 0 0 0 0 0 0 0 0 0 0 0 0 0 0 0 73.58478 66.93745 62.42962 43.04485 64.11451 88.3701 67.22339 73.73981 49.11487 5.737946 10.70668 58.33278 69.14176 37.33011 24.80189 38.88069 62.85278 40.01905 203.0054 243.2898 297.7964 589.2111 378.0371 115.1581 22.37644 37.04854 59.95808 56.65291 96.63705 507.9711 365.1208 124.1966 222.7372 145.981 196.463 195.4759 70.80198 92.75884 92.83476 93.45006 52.17542 11.70234 28.09153 38.90953 45.95508 133.7284 324.6815 169.855 68.46329 53.16095 45.59689 111.5643 217.4269 231.4572 179.839 356.735 63.2046 31.49616 40.0081 112.0602 183.1255 72.95387 58.6679 58.6679 56.56062 26.19774 20.7889 38.19049 38.19096 37.25969 36.48164
0 0 0 0 0 0 0 0 0 0 0 0 0 0 0 0 0 0 0 0 0 0 0 64.67303 71.10263 69.07724 64.08881 39.75592 17.33562 8.226591 1.975614 27.74165 62.46526 39.35204 54.7062 48.9329 27.56735 83.64069 85.83202 57.93164 75.16025 96.88058 324.5621 526.3081 181.425 79.27409 75.47227 63.6822 52.44607 70.81186 110.0667 502.0411 683.2197 226.2516 124.6102 51.43855 30.32562 30.03163 41.72233 58.61319 28.68996 38.38689 16.04537 38.19238 36.68424 58.89552 94.75383 172.9572 412.0848 259.7881 129.633 37.48722 44.42095 57.83485 410.1968 428.4907 324.2428 74.46294 62.6007 49.91537 49.42055 208.2779 207.1396 75.79574 48.54844 49.222 26.94267 17.41886 27.78204 22.8041 32.77297 44.46247 37.25794
0 0 0 0 0 0 0 0 0 0 0 0 0 0 0 0 0 0 0 0 0 0 57.06509 102.9501 102.1086 28.37518 45.42719 57.0561 2.351494 3.65534 20.95426 32.79187 45.74451 74.3595 90.66457 70.07507 54.72247 64.97449 98.43705 75.81856 105.5457 103.615 126.9041 115.881 98.71023 46.99495 71.7439 81.94449 59.72549 80.96629 130.4529 117.8272 96.67171 108.6035 76.70871 51.90347 42.57848 26.00831 34.47952 37.98095 25.37543 19.23253 8.428009 62.91436 88.43807 94.10853 112.1791 128.6623 75.31693 68.97334 14.44281 19.98219 19.55355 26.39809 157.6904 250.055 425.8993 172.9892 62.01079 57.13474 106.4383 212.4414 172.2685 55.85291 42.6273 28.05392 42.9124 35.14621 28.60708 7.759812 11.8851 48.56398 6.997162
0 0 0 0 0 0 0 0 0 0 0 0 0 0 0 0 0 0 0 0 0 55.65466 58.39484 81.07047 246.4411 78.06708 0.2528301 5.548093 41.06375 40.69478 35.7513 29.7244 31.65703 64.73704 100.4425 97.6748 95.0314 92.47707 85.59045 80.56604 87.3248 86.23908 175.1677 216.3405 98.20371 67.10939 75.36642 72.59706 47.88885 84.4063 142.1197 71.66785 54.36542 60.17517 48.17101 24.62974 54.91668 82.00722 41.8418 34.47963 33.96095 48.82873 82.62102 81.87312 154.7941 151.6022 77.65418 73.17072 147.2961 177.8909 68.07848 49.38064 29.02989 37.2875 41.47774 40.74568 175.0182 147.9962 26.17706 30.92631 20.49627 56.04415 36.59914 54.39836 60.37404 41.09724 45.4463 47.69748 27.7737 21.54531 21.44003 23.18843 11.03226
0 0 0 0 0 0 0 0 0 0 0 0 0 0 0 0 0 0 0 0 0 60.33384 66.70659 144.1163 592.0153 36.81603 1.808742 63.44297 96.68589 84.68211 47.39906 57.05425 59.97752 62.12197 78.71806 109.2075 108.3317 136.5743 212.1808 190.832 130.314 170.9796 477.5861 344.6138 240.0012 68.8811 66.51169 51.00013 51.69517 139.2721 142.3671 49.15514 43.39535 19.4701 22.25113 35.51641 55.87473 73.43061 59.22918 44.92346 46.28214 93.16902 123.8164 123.7845 50.10405 37.2926 33.38431 43.2775 78.43629 173.995 126.8163 38.89677 56.27521 33.22786 38.3198 49.19693 44.84424 31.77676 12.96694 3.524591 4.908515 4.37892 7.262064 21.92477 69.80982 93.54262 102.7984 56.35605 40.27238 48.94386 127.2382 136.1337 38.67078
0 0 0 0 0 0 0 0 0 0 0 0 0 0 0 0 0 0 0 0 91.8523 79.16192 78.55447 134.0273 213.2119 0.2528301 7.78633 34.70376 38.10652 82.63515 124.5022 89.34342 73.56695 53.02577 63.85056 161.1288 438.9066 764.215 870.4074 538.9626 157.6539 243.5767 260.0129 233.6107 184.0908 88.30801 72.66357 96.89104 104.2757 116.3788 118.887 59.6149 80.39037 64.95912 49.55987 82.77535 158.1307 258.3506 92.50908 79.60358 34.64193 40.56791 59.34222 72.91439 59.93182 30.80303 11.81723 8.815418 39.45764 27.87913 46.46752 28.21646 90.77206 89.55373 82.23817 32.85931 24.17627 1.859933 0.04473149 0.04473149 3.269534 5.763715 4.503235 10.59266 23.74405 46.37997 63.84717 61.74171 51.89687 61.32841 90.19982 86.89542 75.75962
0 0 0 0 0 0 0 0 0 0 0 0 0 0 0 0 0 0 0 0 0 84.04646 59.85729 77.11411 53.71302 36.91766 59.74548 18.13821 120.7314 287.7689 201.527 168.7944 91.12631 78.9379 92.19542 128.4493 427.6652 521.1492 815.1354 316.7114 159.7923 115.9733 94.72077 88.75153 77.37898 109.6754 116.097 123.8349 182.4026 528.6152 351.9052 101.097 101.6266 109.7072 92.38226 90.56936 138.2436 227.3577 186.0256 84.17458 35.55495 78.20518 47.51111 34.90345 43.92797 60.86268 16.10474 5.985048 8.211823 11.27192 20.17445 19.63403 83.98118 91.28548 56.69936 17.74167 37.05537 22.23891 1.025772 0.04473149 4.423512 9.742455 8.204715 10.63747 26.34555 44.16784 113.1401 400.2569 444.7626 217.1555 34.6214 39.1212 42.49336
0 0 0 0 0 0 0 0 0 0 0 0 0 0 0 0 0 0 0 0 0 0 114.1574 157.6681 115.2776 98.61554 77.5312 42.26561 159.1453 273.3365 286.7676 218.0477 172.5784 105.5863 143.0516 136.666 129.3553 159.315 201.7515 181.013 196.2139 366.0279 163.2112 105.305 67.4001 86.63344 134.1948 179.9213 498.7898 706.6083 685.4595 409.7931 126.1006 109.0917 73.36417 84.08776 89.86411 63.4246 45.35201 80.99348 175.6503 67.58814 42.58952 42.08908 17.18417 19.7224 12.66118 8.859586 12.43225 12.84686 43.45087 43.25023 32.53378 63.73375 56.44557 17.29303 24.593 15.17453 7.429104 0.07788868 9.209047 13.10984 16.27226 30.2383 18.97747 57.1171 177.1882 462.6209 425.1454 171.6618 63.59904 53.82506 45.31612
0 0 0 0 0 0 0 0 0 0 0 0 0 0 0 0 0 0 0 0 0 0 132.1164 182.397 157.0097 158.1036 123.6434 84.43106 175.8501 210.6273 273.7076 255.6469 329.8071 242.526 111.188 86.9267 66.36946 89.33431 86.64331 152.3926 336.9508 356.7784 154.8624 165.3099 132.0971 84.55714 99.88815 103.0475 412.4527 489.3362 674.1384 643.9747 172.168 119.1848 105.8918 177.0132 92.47261 49.91441 55.28271 46.40752 167.8262 126.8722 73.0994 54.38987 76.81167 38.76615 37.25134 32.69613 14.5022 17.86192 38.1821 39.26226 31.38071 27.99924 18.79808 20.16752 27.98027 22.02352 25.80165 58.48515 26.10871 14.48917 20.82311 45.72345 19.05892 36.48109 43.67014 49.59681 87.71736 51.62068 78.12476 570.4312 226.6181
0 0 0 0 0 0 0 0 0 0 0 0 0 0 0 0 0 0 0 0 0 0 0 560.0369 316.1352 346.6442 529.2583 657.1006 352.3748 272.0951 385.473 295.0375 348.2234 512.1037 216.6139 83.31319 53.1437 71.17758 96.01053 93.90182 198.6073 251.8683 217.0688 156.1048 133.914 96.60137 92.34585 102.0984 118.8823 158.5311 166.3587 174.0448 88.65553 54.25577 144.0427 201.7565 130.4418 47.19537 49.90663 32.01653 54.47707 222.0624 401.2644 277.8057 202.6765 69.19151 30.25199 21.45484 17.45321 23.56749 31.19088 21.09818 16.52288 8.7983 11.53408 15.9917 20.57655 41.88852 27.47662 177.3084 408.6187 61.37424 42.12982 44.93486 37.48732 36.43526 0 0 43.7915 38.53143 54.45752 142.187 91.48107
0 0 0 0 0 0 0 0 0 0 0 0 0 0 0 0 0 0 0 0 0 0 0 255.2915 1817.946 1609.018 953.7353 928.9922 1203.536 757.789 360.5298 226.2313 229.8343 261.9511 105.1446 85.13425 102.9765 107.4062 142.2023 145.0675 264.6773 357.9439 192.0267 157.5621 131.0731 273.821 162.4871 91.14056 87.92068 115.5884 60.50586 131.8845 126.8258 111.888 93.70705 68.24825 37.56854 26.44512 49.11148 58.52064 58.18234 85.49045 343.8622 368.6352 406.8419 287.9047 23.1701 40.70092 66.00683 66.61015 36.75687 21.42226 22.48915 27.68782 23.40168 12.38441 21.82068 47.60592 22.46281 72.10414 311.6881 57.03036 30.60462 69.23524 0 0 0 0 0 0 0 41.97962 79.38952
0 0 0 0 0 0 0 0 0 0 0 0 0 0 0 0 0 0 0 0 0 0 0 0 0 2549.239 3299.992 1918.611 1598.001 1047.688 208.83 186.5397 126.6567 95.82536 167.3893 140.766 120.5116 111.019 107.3202 99.89864 85.54486 124.4379 113.2681 89.80405 312.7546 478.8548 117.2137 62.921 47.3864 51.24548 96.92224 139.6155 136.9476 128.409 99.38516 81.23803 45.25871 51.69377 50.60723 51.19831 36.19168 29.05402 40.98167 50.23257 38.33036 26.67176 37.99625 39.46054 46.7746 68.76768 49.31329 32.9145 24.46373 29.77019 45.53677 38.11026 38.36928 66.61822 74.43395 59.70141 75.71831 39.77866 29.91193 49.75714 0 0 0 0 0 0 0 0 0
0 0 0 0 0 0 0 0 0 0 0 0 0 0 0 0 0 0 0 0 0 0 0 0 0 0 3214.796 2005.504 902.4894 470.4465 366.2647 243.4731 126.493 118.0432 131.4883 106.9063 73.79014 67.39492 84.90026 85.18182 87.41133 94.22993 98.21254 115.8934 214.9325 429.3072 83.80193 76.73818 86.85756 92.07092 116.4462 149.2479 142.0811 162.6104 97.84509 85.99475 73.64645 40.1102 32.14513 55.86279 58.33717 63.86241 65.77029 67.50014 42.43732 34.64614 35.19933 39.26729 43.78656 42.84394 85.71716 104.707 97.35909 42.7743 60.23246 67.10863 46.88473 51.9124 71.93522 110.881 51.80457 42.37445 47.27493 0 0 0 0 0 0 0 0 0 0
0 0 0 0 0 0 0 0 0 0 0 0 0 0 0 0 0 0 0 0 0 0 0 0 0 0 125.4927 177.8873 377.079 222.9044 239.4936 277.1277 114.9538 71.82255 90.30542 102.7349 76.28671 83.36694 87.1292 254.4627 258.1532 88.74863 81.09548 98.63404 99.24053 96.95892 78.41559 84.31097 90.66104 87.23231 125.5358 173.8049 173.6678 153.9334 94.07922 82.62782 63.56182 41.95917 40.1288 44.1124 43.04657 76.80115 109.0865 121.1212 75.75695 28.69577 37.43982 26.87056 35.87449 111.5625 110.5307 105.6886 0 0 0 0 0 71.69942 0 0 0 0 0 0 0 0 0 0 0 0 0 0 0
0 0 0 0 0 0 0 0 0 0 0 0 0 0 0 0 0 0 0 0 0 0 0 0 0 0 0 87.18024 69.90415 86.4634 382.1214 462.2822 366.7173 69.56181 89.52333 87.93999 88.39492 90.79395 301.3036 393.1347 125.7609 82.30747 91.11044 173.1566 87.2642 81.30328 86.18967 92.99732 86.94244 84.68954 121.3322 459.7509 423.5511 264.749 86.02489 69.93077 54.3762 50.70378 56.83054 46.86982 37.40278 52.66405 85.21025 73.55456 64.90939 21.01119 43.58779 37.56609 0 0 0 0 0 0 0 0 0 0 0 0 0 0 0 0 0 0 0 0 0 0 0 0 0
0 0 0 0 0 0 0 0 0 0 0 0 0 0 0 0 0 0 0 0 0 0 0 0 0 0 0 0 0 0 0 0 0 95.22665 92.01306 81.35242 62.64736 93.36729 474.4482 255.8595 109.2858 84.06046 88.73804 93.5911 74.28648 92.18845 96.34795 79.05915 77.86596 154.0524 299.2609 443.9857 516.9265 159.1717 81.41776 78.96896 59.0488 51.57206 51.98354 43.89228 42.13517 40.33781 50.43411 93.25483 45.12945 27.76694 48.19411 0 0 0 0 0 0 0 0 0 0 0 0 0 0 0 0 0 0 0 0 0 0 0 0 0 0
0 0 0 0 0 0 0 0 0 0 0 0 0 0 0 0 0 0 0 0 0 0 0 0 0 0 0 0 0 0 0 0 0 0 54.82354 93.0046 61.75727 73.39685 72.7108 65.81229 64.33492 61.74673 63.55447 71.84573 60.11163 92.31831 99.89117 68.81817 83.26701 107.7362 102.5001 123.7023 134.8678 47.45325 55.96378 60.03808 52.47971 51.77488 48.2557 46.28959 46.08762 31.7088 48.47029 64.70411 36.07415 38.20243 0 0 0 0 0 0 0 0 0 0 0 0 0 0 0 0 0 0 0 0 0 0 0 0 0 0 0
0 0 0 0 0 0 0 0 0 0 0 0 0 0 0 0 0 0 0 0 0 0 0 0 0 0 0 0 0 0 0 0 0 0 0 24.85753 72.10143 106.5953 103.5527 79.84148 68.39783 121.3074 77.58504 56.28994 58.94639 56.81807 87.51941 99.8714 94.94628 75.18311 84.72272 88.11927 112.5565 99.5004 81.82619 65.88841 56.77225 48.50552 46.39997 45.33405 46.82555 34.57854 49.43134 56.57009 39.86494 38.37032 0 0 0 0 0 0 0 0 0 0 0 0 0 0 0 0 0 0 0 0 0 0 0 0 0 0 0
0 0 0 0 0 0 0 0 0 0 0 0 0 0 0 0 0 0 0 0 0 0 0 0 0 0 0 0 0 0 0 0 0 0 0 0 0 105.1617 95.83062 61.63792 77.25435 135.1261 152.0254 73.8727 48.84846 57.66703 54.61663 64.43237 58.92471 27.47755 83.91101 95.882 122.2026 112.0888 102.912 70.98468 65.7135 68.38489 56.09766 61.99352 72.76781 35.70286 49.01536 51.58913 58.14551 57.42498 46.45424 0 0 0 0 0 0 0 0 0 0 0 0 0 0 0 0 0 0 0 0 0 0 0 0 0 0
