Scenarios/Heterogeneous/data/country_data_population_distribution/processed/density_grids/swe.asc
ncols 340
nrows 337
xllcorner 10
yllcorner 55
cellsize 0.041666666666667
NODATA_value -9999
[rows 117 to 155 of 337, columns 174 to 260 of 340]
0.5874637 0.5874637 0.5874638 0.5874638 0.5874638 0.5874637 0.5874638 0.5874638 0.5874638 0.5874638 0.5874637 0.5874638 0.5874637 0.5874637 0.5874638 0.5874638 0.5874638 0.5874637 0.5874637 0.5874637 0.5874638 0.5874638 0.5874638 0.5874637 0.5874638 0.5874637 0.5874637 0.5874637 0.5874638 0.5874637 0.5874638 0.5880349 0.9293901 1.573572 2.059826 2.06892 2.06892 2.06892 2.06892 2.06892 2.06892 2.06892 2.06892 2.026165 2.049099 1.951325 1.855112 1.868423 1.868423 1.868423 1.868423 1.868423 1.868423 1.868423 1.868423 1.868423 1.868423 1.868423 1.868423 1.868423 1.868423 1.983892 2.244063 2.393378 2.048525 2.247663 3.852855 6.51772 6.517719 6.51772 6.517719 6.51772 7.643931 8.854323 8.854323 8.854323 8.043044 5.422726 4.887727 4.887727 4.887727 4.887727 4.887727 4.887727 4.887727 4.887727 4.887727
0.5874637 0.5874637 0.5874638 0.5874637 0.5874637 0.5874637 0.5874638 0.5874638 0.5874638 0.5874637 0.5874638 0.5874638 0.5874637 0.5874637 0.5874638 0.5874637 0.5874638 0.5874637 0.5874638 0.5874638 0.5874638 0.5874637 0.5874637 0.5874637 0.5874637 0.5874638 0.5874637 0.5874638 0.5874637 0.5874637 0.5874637 0.5874637 0.5874637 0.5874637 0.8852389 1.697285 2.06892 2.06892 2.06892 2.06892 2.036226 1.955317 1.914262 1.776783 1.658015 1.655378 1.667162 1.753621 1.838916 1.868423 1.868423 1.868423 1.868423 1.868423 1.868423 1.868423 1.868423 1.868423 1.868423 1.868423 1.870849 4.817585 6.984014 6.517719 5.772623 5.7809 6.093691 6.517719 6.517719 6.517719 6.51772 6.517719 7.253834 8.832766 8.854323 8.854323 8.854323 8.812327 6.723951 4.887727 4.887727 4.887727 4.887727 4.887727 4.887727 4.887727 4.887727
0.5874637 0.5874637 0.5874638 0.5874638 0.5874638 0.5874638 0.5874638 0.5874638 0.5874637 0.5874638 0.5874637 0.5874638 0.5874638 0.5874637 0.5874638 0.5874637 0.5874638 0.5874638 0.5874638 0.5874637 0.5874638 0.5874637 0.5874638 0.5874637 0.5874637 0.5874638 0.5874637 0.5874638 0.5874637 0.5874638 0.5874637 0.5874638 0.5874638 0.5874637 0.6496186 0.8304961 1.45909 1.83168 1.760836 1.715497 1.6527 1.652308 1.652308 1.652308 1.652308 1.652308 1.652308 1.652308 1.655449 1.696426 1.785864 1.868423 1.868423 1.932738 1.868423 1.868423 2.023013 6.708057 6.928594 6.855851 9.643083 15.49613 15.47125 13.80433 12.57492 6.583552 6.51772 6.51772 6.517719 6.51772 6.517719 6.517719 6.51772 7.766056 8.854323 8.854323 8.854323 8.854324 8.792983 7.965764 5.492574 4.887727 4.887727 4.887727 4.887727 4.887728 4.887727
0.5874637 0.5874637 0.5874637 0.5874637 0.5874637 0.5874637 0.5874637 0.5874637 0.5874637 0.5874637 0.5874637 0.5874637 0.5874637 0.5874637 0.5874637 0.5874637 0.5874637 0.5874637 0.5874637 0.5874637 0.5874637 0.5874637 0.5874637 0.5874637 0.5874638 0.5874638 0.5874637 0.5874638 0.6269099 0.7988527 0.98149 1.164081 1.346624 1.529121 1.64951 1.652308 1.652308 1.652308 1.652308 1.652308 1.652308 1.652308 1.652308 1.652308 1.652308 1.652308 1.652308 1.652308 1.652308 1.652308 1.653196 1.715738 9.639626 15.22983 14.05256 10.46474 13.46261 15.49613 15.49613 15.49613 15.49613 15.49613 15.49613 15.49613 21.19921 14.93679 6.51772 6.517719 6.517719 6.51772 7.786032 28.91133 37.46714 31.60249 13.31258 8.854323 8.854323 8.854323 8.854323 8.854323 8.508431 5.634227 4.887727 4.887727 4.887727 4.887727 4.887727
0.5874638 0.5874637 0.5874637 0.5874637 0.5874638 0.5874637 0.5874637 0.5874637 0.5874637 0.5874637 0.5874638 0.5874638 0.5874638 0.5874637 0.5874637 0.5874638 0.5874638 0.5874637 0.5874637 0.5874637 0.5874638 0.5874637 0.643353 0.8221182 1.116697 1.235131 1.357446 1.626575 1.679009 1.659491 1.652308 1.652308 1.652308 1.652308 1.652308 1.652308 1.652308 1.652308 1.652308 1.652308 1.652308 1.652308 1.652308 1.652308 1.652308 1.652308 1.652308 1.652308 1.652308 1.652308 1.652308 1.652308 1.652308 9.917336 15.49613 15.49613 15.49613 15.49613 15.49613 15.49613 15.49613 15.49613 15.49613 16.44813 39.52662 41.56808 26.21999 8.796094 14.49285 27.85208 35.59628 42.68825 43.35562 171.4134 176.3623 10.6874 8.854323 8.854323 8.854323 8.854323 8.854324 8.602451 5.743063 4.887727 4.887727 4.887727 4.887727
0.5874637 0.5874637 0.5874638 0.5874637 0.5874637 0.5874637 0.5874637 0.5874638 0.5874638 0.5874637 0.5874637 0.5874638 0.5874638 0.5874637 0.5874638 0.5874637 0.6187378 0.7662983 0.9325726 1.096469 1.250293 1.511821 1.70329 1.70758 1.707581 1.707581 1.707581 1.705467 1.686589 1.659589 1.652308 1.652308 1.652308 1.652308 1.652308 1.652308 1.652308 1.652308 1.652308 1.652308 1.652308 1.652308 1.652308 1.652308 1.652308 1.652308 1.652308 1.652308 1.652308 1.652308 1.652308 1.652308 1.652308 2.96833 15.01485 15.49613 15.49613 15.49613 15.49613 15.49613 15.49613 15.49613 18.68827 28.2445 35.77184 42.1654 42.68824 33.71849 33.81598 42.68824 42.68824 50.89929 220.4336 383.1431 364.6855 116.5633 8.854323 8.854323 8.854323 8.854323 8.854323 8.616459 5.228952 4.887727 4.887727 4.887727 4.887727
1.228138 1.182352 1.256322 1.18639 1.115083 1.085839 1.022639 0.8206704 0.8454929 0.8142617 0.7562107 0.7218621 0.8547949 1.022449 1.189608 1.36123 1.509416 1.509416 1.509416 1.509416 1.509416 1.525459 1.690888 1.70758 1.70758 1.707581 1.707581 1.707581 1.680846 1.65355 1.652308 1.652308 1.652308 1.652308 1.652308 1.652308 1.652308 1.652308 1.652308 1.652308 1.652308 1.652308 1.652308 1.652308 1.652308 1.652308 1.652308 1.652308 1.652308 1.652308 1.652308 1.652308 1.652308 1.652308 9.552441 15.49613 15.49613 15.49613 15.49613 15.49613 15.49613 15.49613 16.03293 31.60302 35.5042 38.96902 42.68825 42.68825 42.68825 42.68825 42.68825 110.9749 247.0669 383.1432 363.2577 239.7844 15.14908 8.854324 8.854324 8.854324 8.854324 7.151809 5.55654 4.942653 4.887727 4.887727 0
1.504791 1.470194 1.509416 1.509416 1.509416 1.509416 1.509416 1.509416 1.509416 1.509416 1.509416 1.509416 1.509416 1.509416 1.509416 1.509416 1.509416 1.509416 1.509416 1.509416 1.509416 1.509416 1.576005 1.707581 1.70758 1.707581 1.70758 1.707581 1.70758 1.684743 1.655926 1.652308 1.652308 1.652308 1.652308 1.652308 1.652308 1.652308 2.510323 3.198689 2.746068 1.662959 1.662113 1.746509 1.652308 1.652308 1.652308 1.652308 1.652308 1.652308 1.708686 1.653634 2.016181 4.152149 7.825246 14.81916 15.49613 15.49613 15.49613 15.49613 15.49613 15.49613 21.34613 30.82365 34.93689 40.64797 43.06973 47.88853 47.81528 42.75109 47.98802 161.7878 358.403 444.9557 520.59 560.103 108.8883 8.854323 8.854323 8.854323 8.854324 8.854323 8.854323 7.503222 5.054436 0 0
1.442314 1.509416 1.509416 1.509416 1.509416 1.509416 1.509416 1.509416 1.509416 1.509416 1.509416 1.509416 1.509416 1.509416 1.509416 1.509416 1.509416 1.509416 1.509416 1.509416 1.509416 1.509416 1.509421 1.643238 1.707581 1.707581 1.707581 1.707581 1.707581 1.707581 1.707457 1.700929 1.694906 1.696203 1.70515 1.702996 1.693003 2.412727 4.945083 5.157069 5.157069 4.605536 4.716327 4.968468 3.731061 3.838582 3.989443 2.787995 1.673136 2.696715 3.960494 4.541899 4.035288 5.157069 5.157069 5.878639 9.529423 9.680865 13.03396 15.8093 15.87938 30.36333 53.9251 53.55334 54.61636 58.14746 60.68579 62.07638 62.07638 61.00249 59.15396 92.54587 162.7636 357.8726 366.1025 334.1284 272.9544 106.4578 37.14053 8.854323 8.854323 8.854323 8.854323 8.854323 0 0 8.854323
1.501709 1.509416 1.509416 1.509416 1.509416 1.509416 1.509416 1.509416 1.509416 1.509416 1.509416 1.509416 1.509416 1.509416 1.509416 1.509416 1.509416 1.509416 1.509416 1.509416 1.509416 1.509416 1.509416 1.527155 1.69167 1.707581 1.707581 1.707581 1.707581 1.707581 1.707581 1.708369 1.736073 1.741421 1.763923 1.782896 1.782895 3.020187 2.946759 2.692695 3.628157 5.136984 5.157069 5.157069 5.157069 5.157069 5.157069 5.157069 5.028027 5.148407 5.157069 5.157069 5.157069 5.157069 5.157069 5.157069 5.157069 5.157069 5.300045 11.84068 16.40231 21.77031 55.91698 62.07639 62.07639 62.07639 62.07638 62.07639 62.07639 62.07638 62.07638 62.07638 62.07638 167.2597 307.0761 291.0526 331.3513 333.9142 9.591824 8.854323 8.854323 0 0 0 0 0 8.854323
1.328874 1.323352 1.509416 1.509416 1.509416 1.509416 1.509416 1.509416 1.509416 1.509416 1.509416 1.509416 1.509416 1.509416 1.509416 1.509416 1.509416 1.509416 1.509416 1.509416 1.509416 1.509416 1.509416 1.509416 1.5417 1.660026 1.707581 1.707581 1.707581 1.707581 1.70758 1.707581 1.729092 1.773368 1.782367 1.782895 1.782895 1.782895 1.782895 1.782895 1.963011 3.210729 4.722274 5.157069 5.157069 5.157069 5.157069 5.157069 5.157069 5.157069 5.157069 5.157069 5.157069 5.157069 5.157069 5.157069 5.157069 5.157069 5.157069 5.157069 10.33307 16.44752 20.72056 31.51127 25.18568 40.58498 49.06443 54.31398 44.37911 62.07638 62.07638 62.07638 100.3588 175.5414 181.8805 181.8805 211.853 0 8.854323 8.854322 8.854322 0 0 0 0 0 8.854322
1.104625 1.21683 1.506726 1.509416 1.509416 1.509416 1.509416 1.509416 1.509416 1.509416 1.509416 1.509416 1.509416 1.509416 1.509416 1.509416 1.509416 1.509416 1.509416 1.509416 1.509416 1.509416 1.509416 1.509416 1.509416 1.524666 1.705464 1.707581 1.70758 1.70758 1.707581 1.70758 1.710325 1.754485 1.776507 1.781865 1.782895 1.782896 1.782895 1.782895 1.782895 1.782895 2.175074 4.48194 5.157069 5.157069 5.157069 5.157069 5.157069 5.157069 5.157069 5.157069 5.157069 5.157069 5.157069 5.157069 5.157069 5.157069 5.157069 5.157069 13.20609 16.44752 16.44752 16.44752 16.44752 16.44752 17.72429 26.82651 18.40552 51.92145 62.07638 77.7719 181.8554 181.8805 181.8805 181.8805 181.8805 0 0 0 0 0 0 0 0 0 8.854323
1.571507 1.507256 1.509416 1.509416 1.509416 1.509416 1.509416 1.509416 1.509416 1.509416 1.509416 1.509416 1.509416 1.509416 1.509416 1.509416 1.509416 1.509416 1.509416 1.509416 1.509416 1.509416 1.509416 1.509416 1.509416 1.51035 1.687475 1.70758 1.70758 1.707581 1.70758 1.707581 1.70758 1.71498 1.708821 1.734661 1.782811 1.782895 2.091904 2.188538 2.138157 2.248373 2.454714 2.613384 3.639988 5.023669 5.157069 5.157069 5.157069 5.157069 5.157069 5.157069 5.157069 5.157069 5.157069 5.157069 5.157069 5.157069 5.157069 9.740545 16.4459 16.44752 16.44752 16.44752 16.44751 16.44752 16.44751 0 16.44751 32.3188 62.07638 75.02079 181.8805 181.8805 0 0 0 0 0 0 0 0 0 0 0 8.854323 8.854323
2.044139 1.782797 1.510336 1.509416 1.509416 1.509416 1.509416 1.509416 1.509416 1.509416 1.509416 1.509416 1.509416 1.509416 1.509416 1.509416 1.509416 1.509416 1.509416 1.509416 1.509416 1.509416 1.509416 1.509416 1.567751 1.69044 1.70758 1.70758 1.70758 1.70758 1.707581 1.70758 1.70758 1.70758 1.707581 1.725161 2.124797 2.357091 2.577868 2.603841 2.603841 2.603841 2.603841 2.603841 2.603841 2.930509 4.694412 5.157069 5.157069 5.157069 5.157069 5.157069 5.157069 5.157069 5.157069 5.157069 5.157069 5.157069 5.157069 6.358001 15.79682 16.44752 16.44752 16.44751 16.44751 16.44751 16.44751 0 0 0 0 0 0 0 0 0 0 0 0 0 0 0 0 0 8.854323 8.854324 0
1.887455 1.691787 1.530235 1.509416 1.509416 1.509416 1.509416 1.509416 1.509416 1.509416 1.509416 1.509416 1.509416 1.509416 1.509416 1.509416 1.509416 1.509416 1.509416 1.509416 1.509416 1.509416 1.509416 1.509416 1.510546 1.649235 17.9616 11.99409 1.70758 1.70758 1.70758 1.70758 1.70758 1.70758 1.831297 2.42086 2.603841 2.603841 2.603841 2.603841 2.603841 2.603841 2.603841 2.603841 2.603841 3.726573 7.023263 5.283337 5.157068 5.157069 5.157069 5.157068 5.157069 5.157069 5.157069 5.157068 5.157068 5.157068 5.157069 10.53788 16.44554 16.44752 16.44751 0 0 0 0 0 0 0 0 0 0 0 0 0 0 0 0 0 0 0 0 0 0 0 0
1.929995 1.513121 1.509416 1.477832 1.509416 1.509416 1.509416 1.509416 1.509416 1.509416 1.509416 1.509416 1.509416 1.509416 1.509416 1.509416 1.509416 1.509416 1.509416 1.509416 1.509416 1.509416 1.509416 1.509416 2.671681 5.128577 5.402842 2.920828 1.70758 1.70758 1.70758 2.533401 7.933167 20.1561 2.756849 2.603841 2.603841 2.603841 2.603841 2.603841 2.603841 2.603841 2.603841 2.603841 4.705055 9.783085 9.901489 8.415854 5.239276 5.157069 5.157069 5.157069 5.157069 5.157069 5.157068 5.157068 5.157069 5.157069 5.157069 5.534619 14.68043 0 0 0 0 0 0 0 0 0 0 0 0 0 0 0 0 0 0 0 0 0 0 0 0 0 0
1.132645 1.227332 1.120398 1.072785 1.454194 1.475926 1.452843 1.455353 1.452438 1.479978 1.494986 1.472495 1.470073 1.506563 1.509416 1.509416 1.509416 1.509416 1.509416 1.509416 1.509416 1.509416 1.509416 1.509416 1.509416 1.806694 6.755243 7.034616 11.16763 19.64764 37.78863 63.23948 63.97945 33.5069 3.70611 6.27895 12.30512 13.69214 6.712821 2.626751 2.603841 2.603841 2.603841 2.763418 8.796187 9.901489 9.901489 9.901488 8.183043 5.157615 5.157068 5.157069 5.157068 5.157069 5.157068 5.157069 5.157069 5.157068 5.157069 5.157069 5.157068 0 0 16.44751 0 0 0 0 0 0 0 0 0 0 0 0 0 0 0 0 0 0 0 0 0 0 0
1.064508 1.064507 1.064507 1.064507 1.246076 1.305706 1.305706 1.305706 1.305706 1.305706 1.305706 1.305706 1.305706 1.33639 1.395614 1.462772 1.506318 1.509416 1.509416 1.509416 1.509416 1.509416 1.509416 1.509416 1.509416 1.509416 2.627947 6.818566 7.172517 7.172518 10.46329 48.34365 63.97946 49.16625 23.63433 23.79432 23.79432 23.79432 22.5633 10.1624 5.885283 2.783278 3.759325 6.931481 9.901489 9.901488 9.901489 9.901488 9.901489 5.157069 5.157069 5.157068 5.157069 5.157069 5.157069 0 0 5.157069 5.157068 5.157069 5.157068 0 0 0 0 0 0 0 0 0 0 0 0 0 0 0 0 0 0 0 0 0 0 0 0 0 0
1.064507 1.064507 1.064507 1.064507 1.12746 1.287559 1.305706 1.305706 1.305706 1.305706 1.305706 1.305706 1.305706 1.305706 1.305706 1.305706 1.313606 1.355654 1.402661 1.434565 1.992156 1.88256 1.940718 1.846013 1.797891 4.574457 5.499135 7.17138 7.172517 7.172517 7.402007 26.50719 63.70022 63.92499 39.82447 23.868 23.79432 23.79432 23.79432 23.79432 23.79432 22.43419 21.78696 13.57417 9.901489 9.901488 9.901488 9.901488 9.901489 0 0 0 0 0 5.157069 0 0 0 0 0 0 0 0 0 0 0 0 0 0 0 0 0 0 0 0 0 0 0 0 0 0 0 0 0 0 0 0
1.069826 3.078813 2.894303 2.445776 1.971158 1.581527 1.316521 1.305706 1.305706 1.305706 1.305706 1.305706 1.305706 1.305706 1.305706 1.305706 1.305706 1.305706 1.305706 1.583386 3.057028 3.176293 3.176293 3.176293 3.243569 3.923491 12.83729 37.32596 27.34045 35.36185 26.29317 44.70785 63.97945 63.97945 47.19258 23.7957 23.79432 23.79432 23.79432 23.79432 23.79432 23.79432 12.91197 9.901489 9.901489 9.901488 9.901489 9.901489 9.901488 0 0 0 0 0 0 0 0 0 0 0 0 0 0 0 0 0 0 0 0 0 0 0 0 0 0 0 0 0 0 0 0 0 0 0 0 0 0
2.021181 3.239699 4.034398 4.044089 4.034398 4.034398 3.776997 1.396271 1.305706 1.305706 1.305706 1.305706 1.305706 1.476515 1.865855 2.186232 1.924527 1.745202 2.087325 3.057508 3.176293 3.176293 3.176293 3.176293 3.176293 3.176293 26.65407 63.97945 63.97945 63.97945 63.97945 63.97945 63.97946 63.97945 216.2806 424.2025 36.97731 23.79432 23.79432 23.79432 23.79432 22.10517 10.10831 9.901489 9.901489 9.901489 9.901488 9.901488 9.901488 0 0 0 0 0 0 0 0 0 0 0 0 0 0 0 0 0 0 0 0 0 0 0 0 0 0 0 0 0 0 0 0 0 0 0 0 0 0
4.034398 6.845299 23.63092 12.39189 5.434428 5.534733 5.595747 4.04538 1.870572 1.779049 1.687436 1.629758 1.86916 2.44242 3.032472 3.154924 3.176293 3.176293 3.176293 3.176293 3.176293 3.176293 3.176293 3.176293 4.20088 6.398284 20.97205 35.48518 38.03487 46.16461 50.97703 52.89277 50.35968 62.64102 174.7003 382.9964 165.8467 23.83418 23.79432 23.79432 23.78776 17.11845 9.901488 9.901489 9.901488 9.901488 9.901488 0 0 0 0 0 0 0 0 0 0 0 0 0 0 0 0 0 0 0 0 0 0 0 0 0 0 0 0 0 0 0 0 0 0 0 0 0 0 0 0
29.61668 34.01242 11.43257 5.843356 5.843356 5.843356 5.843356 5.178865 1.958659 1.958659 1.958659 2.403971 2.762457 2.762457 2.762457 2.783143 2.929942 3.098071 3.176293 3.176293 3.176293 3.176293 3.176293 3.213424 6.976124 13.1766 14.8877 14.8877 14.8877 14.8877 14.8877 14.8877 14.8877 20.49813 21.76717 63.58268 63.97945 61.59273 39.05354 24.01047 21.25234 9.92126 9.901488 9.901488 9.901489 0 0 0 0 0 0 0 0 0 0 0 0 0 0 0 0 0 0 0 0 0 0 0 0 0 0 0 0 0 0 0 0 0 0 0 0 0 0 0 0 0 0
36.03249 12.99442 5.843356 5.843356 5.843356 5.843356 5.687304 5.058262 1.958659 1.958659 2.102988 2.741919 2.762457 2.762457 2.762457 2.762457 2.762457 2.712333 2.693515 2.895877 3.176293 3.581859 13.66661 14.48976 12.01353 11.10665 14.8877 14.8877 14.8877 14.8877 14.8877 14.8877 14.8877 14.8877 14.8877 30.11366 57.41008 63.97945 63.97945 43.922 23.79432 9.901489 9.901489 9.901488 0 0 0 0 0 0 0 0 0 0 0 0 0 0 0 0 0 0 0 0 0 0 0 0 0 0 0 0 0 0 0 0 0 0 0 0 0 0 0 0 0 0 0
37.43525 37.07058 18.85791 5.843355 5.843356 5.586674 2.309895 1.958659 1.961432 2.364693 2.620389 2.762457 2.762308 2.707157 2.607494 2.617065 2.616214 2.554777 2.748304 3.470628 3.717905 3.72885 5.369368 8.223907 10.62987 13.03657 14.80062 14.8877 14.8877 14.8877 14.8877 14.8877 14.8877 14.8877 14.8877 14.8877 14.8877 16.57853 63.97945 63.97945 0 0 0 0 0 0 0 0 0 0 0 0 0 0 0 0 0 0 0 0 0 0 0 0 0 0 0 0 0 0 0 0 0 0 0 0 0 0 0 0 0 0 0 0 0 0 0
37.43525 36.54728 19.66699 5.809748 4.350397 2.553551 2.43055 2.48865 2.625572 2.828498 2.844939 2.835674 2.625582 2.507899 2.507899 2.507899 2.507899 3.608517 5.396622 5.168657 5.039012 4.881168 4.035323 3.738331 3.738331 3.738331 4.38081 6.783337 10.03058 13.43459 14.6666 14.8877 14.8877 14.8877 0 14.8877 14.8877 0 0 0 0 0 0 0 0 0 0 0 0 0 0 0 0 0 0 0 0 0 0 0 0 0 0 0 0 0 0 0 0 0 0 0 0 0 0 0 0 0 0 0 0 0 0 0 0 0 0
37.43525 26.04715 6.482714 5.328785 4.028361 2.761785 2.761785 2.761785 2.761785 2.765602 3.653176 2.845 2.744089 2.507899 2.577553 3.161181 4.322013 6.568904 6.342347 6.342347 6.342347 6.342347 6.173611 4.139434 3.73833 3.73833 3.73833 3.73833 3.73833 3.738331 3.81056 3.872852 14.8877 14.8877 14.8877 14.8877 14.8877 0 0 0 0 0 0 0 0 0 0 0 0 0 0 0 0 0 0 0 0 0 0 0 0 0 0 0 0 0 0 0 0 0 0 0 0 0 0 0 0 0 0 0 0 0 0 0 0 0 0
19.1118 8.876046 4.254824 8.670797 11.38626 5.14726 6.601566 8.453551 9.419915 10.25017 12.27299 9.867166 9.762697 8.082447 9.909393 10.14626 10.14626 9.782324 7.178465 6.342346 6.342347 6.342347 6.342347 6.135067 4.436713 3.73833 3.789766 4.167831 4.812686 4.486742 3.738374 3.73833 7.099442 14.8877 14.8877 0 0 0 0 0 0 0 0 0 0 0 0 0 0 0 0 0 0 0 0 0 0 0 0 0 0 0 0 0 0 0 0 0 0 0 0 0 0 0 0 0 0 0 0 0 0 0 0 0 0 0 0
10.68112 12.37431 12.37614 12.37614 12.37614 12.37614 12.37614 12.37614 12.37614 12.78786 18.79123 25.90206 23.71525 10.14626 10.14626 10.14626 10.14626 10.14626 8.516338 6.053259 6.200991 6.342347 6.293167 5.920375 5.749804 5.749804 5.749804 5.749804 5.749804 5.749804 5.749804 5.749803 14.8877 14.8877 0 0 0 0 0 0 0 0 0 0 0 0 0 0 0 0 0 0 0 0 0 0 0 0 0 0 0 0 0 0 0 0 0 0 0 0 0 0 0 0 0 0 0 0 0 0 0 0 0 0 0 0 0
7.395003 6.706772 11.31095 14.71493 16.67686 12.82475 17.43353 23.53212 28.27843 31.88429 32.95071 32.95071 32.95071 32.95071 17.36692 10.14626 10.14018 7.660582 6.37802 5.992594 5.996017 6.116321 5.838601 5.749804 5.749804 5.749804 5.749804 5.749804 5.749804 5.749804 5.749804 0 0 0 0 0 0 0 0 0 0 0 0 0 0 0 0 0 0 0 0 0 0 0 0 0 0 0 0 0 0 0 0 0 0 0 0 0 0 0 0 0 0 0 0 0 0 0 0 0 0 0 0 0 0 0 0
1.300818 1.569304 10.77419 20.71638 27.92934 31.6813 32.95071 32.95071 32.95071 32.95071 32.95071 32.95071 32.95071 32.95071 32.93348 24.95425 7.76079 6.018676 5.992594 5.992594 5.992594 5.987381 5.909889 5.792296 5.749804 5.749804 5.749804 5.749804 5.749804 5.749804 5.749804 0 0 0 0 0 0 0 0 0 0 0 0 0 0 0 0 0 0 0 0 0 0 0 0 0 0 0 0 0 0 0 0 0 0 0 0 0 0 0 0 0 0 0 0 0 0 0 0 0 0 0 0 0 0 0 0
1.401984 1.401984 1.401984 1.401984 2.446041 7.454412 14.78606 13.47979 12.26245 9.618342 8.561448 9.859156 14.65329 20.9774 26.88826 32.72828 5.992594 5.992594 5.992594 5.992593 5.992594 5.992594 5.992594 5.992594 5.992594 5.754028 5.749804 5.749804 5.749804 5.749804 0 0 0 0 0 0 0 0 0 0 0 0 0 0 0 0 0 0 0 0 0 0 0 0 0 0 0 0 0 0 0 0 0 0 0 0 0 0 0 0 0 0 0 0 0 0 0 0 0 0 0 0 0 0 0 0 0
1.609213 1.401984 1.401984 1.401984 1.401985 1.406037 3.061768 4.752158 6.080261 6.435589 6.435589 6.435589 6.435589 6.435589 6.435589 8.965319 6.138891 5.992594 5.992594 5.992594 5.992594 5.992594 5.992594 5.992594 5.992594 0 0 0 0 0 0 0 0 0 0 0 0 0 0 0 0 0 0 0 0 0 0 0 0 0 0 0 0 0 0 0 0 0 0 0 0 0 0 0 0 0 0 0 0 0 0 0 0 0 0 0 0 0 0 0 0 0 0 0 0 0 0
2.060204 1.677974 1.405921 1.401984 1.401984 2.552879 4.840599 5.236695 10.80829 17.59219 15.45725 13.45044 12.81355 9.947621 7.051057 6.435588 6.435589 6.435589 6.421279 2.207587 5.641423 5.355788 5.992593 5.992594 5.992594 0 0 0 0 0 0 0 0 0 0 0 0 0 0 0 0 0 0 0 0 0 0 0 0 0 0 0 0 0 0 0 0 0 0 0 0 0 0 0 0 0 0 0 0 0 0 0 0 0 0 0 0 0 0 0 0 0 0 0 0 0 0
2.099918 2.099918 1.982483 1.584436 1.405692 3.399272 5.586264 5.586264 5.586264 13.50245 20.12378 21.89753 21.89753 21.89753 21.3591 16.77496 9.706954 6.510014 2.018712 2.018712 2.018712 2.018712 2.018712 0 0 0 0 0 0 0 0 0 0 0 0 0 0 0 0 0 0 0 0 0 0 0 0 0 0 0 0 0 0 0 0 0 0 0 0 0 0 0 0 0 0 0 0 0 0 0 0 0 0 0 0 0 0 0 0 0 0 0 0 0 0 0 0
2.099918 2.099918 2.099918 2.099918 2.449117 4.917892 5.586265 5.586264 5.586264 5.586264 6.089052 9.408544 20.48486 21.89753 21.89753 21.89753 21.89753 19.66456 2.159704 3.194444 3.001845 2.018712 0 0 0 0 0 0 0 0 0 0 0 0 0 0 0 0 0 0 0 0 0 0 0 0 0 0 0 0 0 0 0 0 0 0 0 0 0 0 0 0 0 0 0 0 0 0 0 0 0 0 0 0 0 0 0 0 0 0 0 0 0 0 0 0 0
2.099918 2.099918 2.099918 2.099918 2.099918 2.149719 3.383838 5.474684 5.586264 5.586265 7.970728 12.26038 21.89753 21.89753 21.89753 77.05785 257.5143 200.7956 200.2608 32.25393 21.89753 0 0 0 0 0 0 0 0 0 0 0 0 0 0 0 0 0 0 0 0 0 0 0 0 0 0 0 0 0 0 0 0 0 0 0 0 0 0 0 0 0 0 0 0 0 0 0 0 0 0 0 0 0 0 0 0 0 0 0 0 0 0 0 0 0 0
2.525355 2.099918 2.099918 2.099918 2.366383 14.54448 13.18925 17.24381 10.7151 6.820419 5.576523 17.20515 14.76824 13.49204 20.39339 23.476 214.9762 304.9819 304.9818 304.9818 0 0 0 0 0 0 0 0 0 0 0 0 0 0 0 0 0 0 0 0 0 0 0 0 0 0 0 0 0 0 0 0 0 0 0 0 0 0 0 0 0 0 0 0 0 0 0 0 0 0 0 0 0 0 0 0 0 0 0 0 0 0 0 0 0 0 0
62.21955 97.69526 76.90449 49.47107 19.58377 20.32334 20.32334 20.32334 20.32334 20.24678 8.958235 4.895836 4.762896 4.762896 5.181873 10.65919 166.0307 304.9818 304.9818 0 0 0 0 0 0 0 0 0 0 0 0 0 0 0 0 0 0 0 0 0 0 0 0 0 0 0 0 0 0 0 0 0 0 0 0 0 0 0 0 0 0 0 0 0 0 0 0 0 0 0 0 0 0 0 0 0 0 0 0 0 0 0 0 0 0 0 0
