Scenarios/Heterogeneous/data/country_data_population_distribution/processed/density_grids/swe.asc
ncols 340
nrows 337
xllcorner 10
yllcorner 55
cellsize 0.041666666666667
NODATA_value -9999
[rows 0 to 38 of 337, columns 174 to 260 of 340]
0 0 0 0 0 0 0 0 0 0 0 0 0 0 0 0 0 0 0 0 0 0 0 0 0 0 0 0 0 0 0 0 0 0 0 0 0 0 0 0 0 0 0 0 0 0 0 0 0 0 0 0 0 0 0 0 0 0 0 0 0 0 0 0 0 0 0 0 0 0.3499927 0.1554056 0.1554056 0.1554056 0.1554056 0.1554056 0.1554056 0.1554056 0.1554056 0.1554056 0.1554056 0.1558852 0.1607529 0.1586529 0.1554056 0.1554056 0 0
0 0 0 0 0 0 0 0 0 0 0 0 0 0 0 0 0 0 0 0 0 0 0 0 0 0 0 0 0 0 0 0 0 0 0 0 0 0 0 0 0 0 0 0 0 0 0 0 0 0 0 0 0 0 0 0 0 0 0 0 0 0 0 0 0 0 0 0 0 0 0 0.3211419 0.1554056 0.1554056 0.1554056 0.1554056 0.1554056 0.1554056 0.1554056 0.1554056 0.1554056 0.1554056 0.1554056 0.1554056 0.1554056 0.1554056 0.1627118
0 0 0 0 0 0 0 0 0 0 0 0 0 0 0 0 0 0 0 0 0 0 0 0 0 0 0 0 0 0 0 0 0 0 0 0 0 0 0 0 0 0 0 0 0 0 0 0 0 0 0 0 0 0 0 0 0 0 0 0 0 0 0 0 0 0 0 0 0 0 0 0 0 0.4257769 0.1554056 0.1554056 0.1554056 0.1554056 0.1554056 0.1554056 0.1554056 0.1554056 0.1554056 0.1554056 0.1554056 0.1554056 0.1575416
0 0 0 0 0 0 0 0 0 0 0 0 0 0 0 0 0 0 0 0 0 0 0 0 0 0 0 0 0 0 0 0 0 0 0 0 0 0 0 0 0 0 0 0 0 0 0 0 0 0 0 0 0 0 0 0 0 0 0 0 0 0 0 0 0 0 0 0 0 0 0 0 0 1.069332 0.1554056 0.1554056 0.1554056 0.1554056 0.1554056 0.1554056 0.1554056 0.1554056 0.1554056 0.1554056 0.1554056 0.1554056 0.1554056
0 0 0 0 0 0 0 0 0 0 0 0 0 0 0 0 0 0 0 0 0 0 0 0 0 0 0 0 0 0 0 0 0 0 0 0 0 0 0 0 0 0 0 0 0 0 0 0 0 0 0 0 0 0 0 0 0 0 0 0 0 0 0 0 0 0 0 0 0 0 0 0 0 0 0.1635519 0.1554056 0.1554056 0.1554056 0.1554056 0.1554056 0.1554056 0.1554056 0.1554056 0.1554056 0.1554056 0.1554056 0.1554056
0 0 0 0 0 0 0 0 0 0 0 0 0 0 0 0 0 0 0 0 0 0 0 0 0 0 0 0 0 0 0 0 0 0 0 0 0 0 0 0 0 0 0 0 0 0 0 0 0 0 0 0 0 0 0 0 0 0 0 0 0 0 0 0 0 0 0 0 0 0 0 0 0 0 0.2176022 0.1554056 0.1554056 0.1554056 0.1554056 0.1554056 0.1554056 0.1554056 0.1554056 0.1554056 0.1554056 0.1554056 0.1554056
0 0 0 0 0 0 0 0 0 0 0 0 0 0 0 0 0 0 0 0 0 0 0 0 0 0 0 0 0 0 0 0 0 0 0 0 0 0 0 0 0 0 0 0 0 0 0 0 0 0 0 0 0 0 0 0 0 0 0 0 0 0 0 0 0 0 0 0 0 0 0 0 0 0.8757405 0.1554056 0.1554056 0.1554056 0.1554056 0.1554056 0.1554056 0.1554056 0.1554056 0.1554056 0.1554056 0.1554056 0.1554056 0.1554056
0 0 0 0 0 0 0 0 0 0 0 0 0 0 0 0 0 0 0 0 0 0 0 0 0 0 0 0 0 0 0 0 0 0 0 0 0 0 0 0 0 0 0 0 0 0 0 0 0 0 0 0 0 0 0 0 0 0 0 0 0 0 0 0 0 0 0 0 0 0 0 0 0.7785981 0.1554056 0.1554056 0.1554056 0.1554056 0.1554056 0.1554056 0.1554056 0.1554056 0.1554056 0.1554056 0.1554056 0.1554056 0.1554056 0.1554056
0 0 0 0 0 0 0 0 0 0 0 0 0 0 0 0 0 0 0 0 0 0 0 0 0 0 0 0 0 0 0 0 0 0 0 0 0 0 0 0 0 0 0 0 0 0 0 0 0 0 0 0 0 0 0 0 0 0 0 0 0 0 0 0 0 0 0 0 0 0 0 0.8825535 0.1554056 0.1554056 0.1554056 0.1554056 0.1554056 0.1554056 0.1554056 0.1554056 0.1554056 0.1554056 0.1554056 0.1554056 0.1554056 0.1554056 0.1554056
0 0 0 0 0 0 0 0 0 0 0 0 0 0 0 0 0 0 0 0 0 0 0 0 0 0 0 0 0 0 0 0 0 0 0 0 0 0 0 0 0 0 0 0 0 0 0 0 0 0 0 0 0 0 0 0 0 0 0 0 0 0 0 0 0 0 0 0 0 0 0.5739211 0.1593591 0.1554056 0.1554056 0.1554056 0.1554056 0.1554056 0.1554056 0.1554056 0.1554056 0.1554056 0.1554056 0.1554056 0.1554056 0.1554056 0.1554056 0.1554056
0 0 0 0 0 0 0 0 0 0 0 0 0 0 0 0 0 0 0 0 0 0 0 0 0 0 0 0 0 0 0 0 0 0 0 0 0 0 0 0 0 0 0 0 0 0 0 0 0 0 0 0 0 0 0 0 0 0 0 0 0 0 0 0 0 0 0 0 0.5303162 0.1554056 0.1554056 0.1554056 0.1554056 0.1554056 0.1554056 0.1554056 0.1554056 0.1554056 0.1554056 0.1554056 0.1554056 0.1554056 0.1554056 0.1554056 0.1554056 0.1554056 0.1554056
0 0 0 0 0 0 0 0 0 0 0 0 0 0 0 0 0 0 0 0 0 0 0 0 0 2.267029 2.50294 2.617318 2.453622 0 0 0 0 0 0 0 0 0 0 0 0 0 0 0 0 0 0 0 0 0 0 0 0 0 0 0 0 0 0 0 0 0 0 0 0 1.003029 0.4153023 0.3081299 0.2919489 0.2500295 0.2253883 0.1784441 0.1556861 0.1554056 0.1554056 0.1554056 0.1554056 0.1554056 0.1554056 0.1554056 0.1554056 0.1554056 0.1554056 0.1554056 0.1554056 0.1554056 0.1554056
0 0 0 0 0 0 0 0 0 0 0 0 0 0 0 0 0 0 0 0 0 3.047766 2.743032 2.743032 2.743032 2.743032 2.743032 2.743032 2.743032 2.743032 2.73079 2.44626 0 0 0 0 0 0 0 0 0 0 0 0 0 0 0 0 0 0 0 0 0 0 0 0 0 0 0 0 0 0 0 0 0 0 0 0 0.9401509 0.623229 0.346306 0.3081299 0.2890742 0.2567422 0.2224522 0.1839786 0.1563221 0.1554056 0.1554056 0.1554056 0.1554056 0.1554056 0.1554056 0.1554056 0.1554056 0.1554056 0.1554056
0 0 0 0 0 0 0 0 0 0 0 0 0 0 0 0 0 0 0 0 0 2.743032 2.743032 2.743032 2.743032 2.743032 2.743032 2.743032 2.743032 2.743032 2.743032 2.743032 2.743032 2.743032 2.743032 2.743032 2.743032 2.743032 2.743032 2.743032 2.743032 2.743032 2.743032 2.743032 2.657484 2.459082 2.260131 0 0 0 0 0 0 0 0 0 0 0 0 0 0 0 0 0 0 0 0 0 0 0 0 0.3855446 0.3081299 0.3081299 0.3081299 0.3081299 0.2968696 0.2605859 0.2233706 0.1861386 0.1573745 0.1554056 0.1554056 0.1554056 0.1554056 0.1554056 0.1554056
0 0 0 0 0 0 0 0 0 0 0 0 0 0 0 0 0 0 0 0 0 2.743032 2.743032 2.743032 2.743032 2.743032 2.743032 2.743032 2.743032 2.743032 2.743032 2.743032 2.743032 2.743031 2.743032 2.743031 2.743032 2.743032 2.743031 2.743032 2.743032 2.743032 2.743032 2.743032 2.743032 2.743032 2.743032 2.743032 2.743032 2.743032 2.636908 2.440503 2.222472 0 0 0 0 0 0 0 0 0 0 0 0 0 0 0 0.8764328 0.3762701 0.3081299 0.3081299 0.3081299 0.3081299 0.3081299 0.3081299 0.3081299 0.3081299 0.3081299 0.3081299 0.2996609 0.2644294 0.2270723 0.1891072 0.1582377 0.1554056 0.1554056
0 0 0 0 0 0 0 0 0 0 0 0 0 0 0 0 0 0 0 0 5.783814 2.743032 2.743032 2.743032 2.743032 2.743031 2.743032 2.743032 2.743032 2.743032 2.743032 2.743032 2.743032 2.743032 2.743031 2.743032 2.743031 0 0 0 0 2.743032 2.743031 2.743031 2.743032 2.743032 2.743032 2.743032 2.743032 2.743032 2.743031 2.743032 2.743032 2.743032 2.743032 2.732232 2.610213 2.391866 2.180411 0 0 0 0 0 0 0 0.7326654 0.3149767 0.3081299 0.3081299 0.3081299 0.3081299 0.3081299 0.3081299 0.3081299 0.3081299 0.3081299 0.3081299 0.3081299 0.3081299 0.3081299 0.3081299 0.3081299 0.3081299 0.3009299 0.2656142 0.2274463
0 0 0 0 0 0 0 0 0 0 0 0 0 0 0 0 0 0 0 0 0 2.743032 2.743032 2.743032 2.743032 2.743032 2.743032 2.743032 2.743032 2.743032 2.743032 2.743032 2.743032 2.743031 2.743032 2.743032 2.743032 2.743032 2.743032 2.743032 2.743032 2.743032 2.743032 2.743032 2.743032 2.743032 2.743031 2.743031 2.743032 2.743032 2.743032 2.743032 2.743031 2.743032 2.743032 2.743032 2.743032 2.743032 2.743032 2.743032 2.743031 2.72965 2.552556 2.335483 1.714873 0.8285168 0.3537721 0.3081299 0.3081299 0.3081299 0.3081299 0.3081299 0.3081299 0.3081299 0.3081299 0.3081299 0.3081299 0.3081299 0.3081299 0.3081299 0.3081299 0.3081299 0.3081299 0.3081299 0.3081299 0.3081299 0.3081299
0 0 0 0 0 0 0 0 0 0 0 0 0 0 0 0 0 0 0 0 0 2.951202 2.743032 2.743032 2.743032 2.743032 2.743032 2.743032 2.743032 2.743032 2.743032 2.743032 2.743032 2.743032 2.743032 2.743032 2.743032 2.743032 2.743032 2.743032 2.743032 2.743032 2.743032 2.743032 2.743032 2.743032 2.743032 2.743031 2.743031 2.743031 0 0 2.743032 2.743032 2.743032 2.743032 2.743032 2.743032 2.743032 2.743032 2.743032 2.743032 2.743032 2.743032 2.743032 2.743032 2.617187 2.100415 1.520784 0.9398145 0.40822 0.3081299 0.3081299 0.3081299 0.3081299 0.3081299 0.3081299 0.3081299 0.3081299 0.3081299 0.3081299 0.3081299 0.3081299 0.3081299 0.3081299 0.3081299 0.3081299
0 0 0 0 0 0 0 0 0 0 0 0 0 0 0 0 0 0 0 0 0 4.536389 2.743032 2.743032 2.743032 2.743032 2.743032 2.743032 2.743032 2.743032 2.743032 2.743032 2.743032 2.743032 2.743032 2.743032 2.743032 2.743032 2.743032 2.743032 2.743032 2.743032 2.743032 2.743032 2.743032 2.743032 2.743032 2.743032 2.743032 2.743032 2.743032 2.743032 2.743032 2.743032 2.743032 2.743032 2.743032 2.743032 2.743032 2.743032 2.743031 2.743032 2.743032 2.743032 2.743031 2.743032 2.743032 2.743032 2.743032 2.743032 2.693493 2.212985 1.7463 1.155223 0.4882503 0.3081299 0.3081299 0.3081299 0.3081299 0.3081299 0.3081299 0.3081299 0.3081299 0.3081299 0.3081299 0.3081299 0.3081299
0 0 0 0 0 0 0 0 0 0 0 0 0 0 0 0 0 0 0 0 0 5.930144 2.743032 2.743032 2.743032 2.743032 2.743032 2.743032 2.743032 2.743032 2.743031 2.743032 2.743032 2.743032 2.743032 2.743032 2.743032 2.743032 2.743032 2.743032 2.743032 2.743032 2.743032 2.743032 2.743032 2.743032 2.743032 2.743032 2.743032 2.743032 2.743032 2.743032 2.743032 2.743032 2.743032 2.743032 2.743032 2.743031 2.743032 2.743031 2.743031 2.743032 2.743032 2.743031 2.743031 2.743031 2.743032 2.743031 2.743032 2.743032 2.743031 2.743032 2.743032 2.743032 2.728839 2.339355 1.743839 1.162966 0.5820878 0.3081299 0.3081299 0.3081299 0.3081299 0.3081299 0.3081299 0.3081299 0.3081299
0 0 0 0 0 0 0 0 0 0 0 0 0 0 0 0 0 0 0 0 0 5.309301 2.743032 2.743032 2.743032 2.743032 2.743032 2.743032 2.743032 2.743032 2.743032 2.743032 2.743032 2.743032 2.743032 2.743032 2.743032 2.743032 2.743032 2.743032 2.743032 2.743032 2.743032 2.743032 2.743032 2.743032 2.743032 2.743032 2.743032 2.743032 2.743032 2.743032 2.743032 2.743032 2.743032 2.743032 2.743032 2.743032 2.743032 2.743032 2.743032 2.743032 2.743032 2.743032 2.743032 2.743032 2.743031 2.743032 2.743032 2.743032 2.743032 2.743032 2.743032 2.743032 2.743032 2.743032 2.743032 2.743032 2.742785 2.435925 1.855352 1.269345 0.674981 0.3121945 0.3081299 0.3081299 0.3081299
0 0 0 0 0 0 0 0 0 0 0 0 0 0 0 0 0 0 0 0 5.044454 2.743032 2.743032 2.743031 2.743032 2.743032 2.743032 2.743032 2.743032 2.743032 2.743032 2.743032 2.743032 2.743031 2.743032 2.743031 2.743032 2.743031 2.743031 2.743031 2.743032 2.743031 2.743032 2.743032 2.743031 2.743032 2.743032 2.743032 2.743031 2.743032 2.743031 2.743031 2.743032 2.743032 2.743032 2.743031 2.743031 2.743032 2.743032 2.743032 2.743032 2.743031 2.743031 2.743032 2.743031 2.743032 2.743031 2.743032 2.743031 2.743032 2.743031 2.743031 2.743031 2.743032 2.743032 2.743032 2.743031 2.743031 2.743031 2.743031 2.743032 2.743032 2.743031 2.511515 1.921664 1.327493 0.7330586
2.227286 3.379508 3.02007 0 0 0 0 0 0 0 0 0 0 0 0 0 0 0 0 4.854078 2.743032 2.743032 2.743032 2.743032 2.743032 2.743032 2.743031 2.743031 2.743032 2.743032 2.743032 2.743032 2.743032 2.743031 2.743031 2.743032 2.743032 2.743032 2.743032 2.743032 2.743031 2.743032 2.743032 2.743032 2.743031 2.743032 2.743032 2.743031 2.743032 2.743032 2.743032 2.743032 2.743032 2.743032 2.743031 2.743032 2.743032 2.743032 2.743031 2.743032 2.743031 2.743031 2.743032 2.743032 2.743032 2.743032 2.743031 2.743032 2.743032 2.743032 2.743031 2.743032 2.743031 2.743032 2.743032 2.743032 2.743031 2.743032 2.743032 2.743032 2.743032 2.743032 2.743032 2.743032 2.743032 2.743032 2.743032
0.7005498 0.7005497 0.7005497 0.7005497 0.7463854 1.724621 3.678239 0 0 0 0 0 0 0 0 0 0 0 3.972794 2.743032 2.743032 2.743032 2.743032 2.743032 2.743032 2.743032 2.743032 2.743032 2.743032 2.743032 2.743032 2.743032 2.743032 2.743031 2.743032 2.743032 2.743032 2.743032 2.743032 2.743032 2.743032 2.743032 2.743032 2.743032 2.743032 2.743032 2.743032 2.743032 2.743032 2.743032 2.743031 2.743032 2.743032 2.743032 2.743032 2.743032 2.743032 2.743032 2.743032 2.743032 2.743032 2.743032 2.743032 2.743032 2.743032 2.743032 2.743032 2.743032 2.743032 2.743031 2.743032 2.743032 2.743032 2.743032 2.743032 2.743032 2.743032 2.743031 2.743031 2.743032 2.743032 2.743032 2.743032 2.743032 2.743032 2.743032 2.743032
0.7005498 0.7005497 0.7005497 0.7005497 0.7005497 0.7005498 0.7005497 0.7005497 0.7005497 0.8838013 2.404249 0 0 0 0 0 0 3.45663 2.743032 2.743032 2.743032 2.743032 2.743032 2.743032 2.743032 2.743032 2.743032 2.743032 2.743032 2.743032 2.743032 2.743032 2.743032 2.743032 2.743032 2.743032 2.743032 2.743032 2.743032 2.743032 2.743032 2.743032 2.743032 2.743032 2.743032 2.743032 2.743032 2.743032 2.743032 2.743032 2.743032 2.743032 2.743032 2.743032 2.743032 2.743032 2.743032 2.743032 2.743031 2.743032 2.743032 2.743032 2.743032 2.743032 2.743032 2.743032 2.743032 2.743032 2.743032 2.743032 2.743032 2.743032 2.743032 2.743032 2.743031 2.743032 2.743032 2.743032 2.743032 2.743032 2.743031 2.743032 2.743032 2.743032 2.743032 2.743032 2.743032
0.7005497 0.7005498 0.7005498 0.7005497 0.7005498 0.7005497 0.7005497 0.7005497 0.7005497 0.7005497 0.7005497 0.7005498 0.7005498 1.838481 3.291959 0 2.9322 2.743032 2.743032 2.743032 2.743032 2.743032 2.743032 2.743032 2.743032 2.743032 2.743032 2.743032 2.743031 2.743031 2.743031 2.743031 2.743032 2.743032 2.743032 2.743032 2.743032 2.743032 2.743032 2.743032 2.743032 2.743032 2.743032 2.743032 2.743032 2.743032 2.743032 2.743032 2.743032 2.743032 2.743032 2.743032 2.743032 2.743032 2.743032 2.743032 2.743032 2.743032 2.743032 2.743032 2.743032 2.743032 2.743032 2.743032 2.743032 2.743032 2.743032 2.743032 2.743032 2.743032 2.743032 2.743032 2.743032 2.743032 2.743031 2.743032 2.743032 2.743032 2.743032 2.743032 2.743032 2.743032 2.743032 2.743032 2.743032 2.504606 2.390337
0.7005497 0.7005498 0.7005498 0.7005498 0.7005498 0.7005497 0.7005497 0.7005497 0.7005497 0.7005498 0.7005497 0.7005498 0.7005497 0.7005498 0.7005497 0.7005497 0.7470663 1.222926 1.669123 2.188857 2.659793 2.743032 2.743031 2.743032 2.743032 2.743032 2.743032 2.743032 2.743032 2.743032 2.743031 2.743032 2.743032 2.743032 2.743032 2.743032 2.743032 2.743032 2.743032 2.743032 2.743032 2.743032 2.743032 2.743032 2.743032 2.743032 2.743032 2.743032 2.743032 2.743032 2.743032 2.743032 2.743032 2.743032 2.743032 2.743032 2.743032 2.743032 2.743032 2.743032 2.743032 2.743032 2.743032 2.743032 2.743032 2.743032 2.743032 2.743032 2.743032 2.743032 2.743032 2.743032 2.743032 2.743032 2.743032 2.743031 2.743032 2.743032 2.743031 2.743032 2.743031 2.743032 2.743032 2.743032 2.743032 2.627837 2.022532
0.7005497 0.7005497 0.7005497 0.7005497 0.7005497 0.7005497 0.7005497 0.7005497 0.7005497 0.7005497 0.7005497 0.7005497 0.7005497 0.7005497 0.7005498 0.7005498 0.7005497 0.7005497 0.7005497 0.7005497 0.7494966 1.185684 1.705967 2.230397 2.683506 2.743032 2.743032 2.743032 2.743032 2.743032 2.743032 2.743032 2.743032 2.743032 2.743032 2.743032 2.743032 2.743032 2.743032 2.743032 2.743032 2.743031 2.743031 2.743032 2.743032 2.743032 2.743032 2.743032 2.743032 2.743032 2.743031 2.743032 2.743032 2.743032 2.743032 2.743032 2.743032 2.743032 2.743032 2.743032 2.743032 2.743032 2.743032 2.743032 2.743032 2.743032 2.743032 2.743032 2.743032 2.743031 2.743032 2.743032 2.743032 2.743032 2.743032 2.743032 2.743032 2.743031 2.743032 2.743032 2.743032 2.743032 2.743032 2.743031 2.743032 2.743032 2.743032
0.7005497 0.7005497 0.7005498 0.7005497 0.7005497 0.7005497 0.7005498 0.7005497 0.7005497 0.7005497 0.7005497 0.7005497 0.7005497 0.7005497 0.7005497 0.7005497 0.7005497 0.7005497 0.7005497 0.7005497 0.7005497 0.7005497 0.7005497 0.7005497 0.7725308 1.237632 1.677077 1.731659 1.739412 1.747165 1.755293 1.805197 1.770425 1.778178 1.785931 1.793685 1.802598 1.913295 2.264639 2.08096 1.86645 1.693672 1.633481 1.978273 2.095798 2.03424 1.765294 2.219502 1.923744 1.613634 1.567811 1.85081 2.012249 2.417823 2.723544 2.743032 2.743032 2.743032 2.743032 2.743032 2.743032 2.743032 2.743032 2.743032 2.743032 2.743032 2.743032 2.743032 2.743032 2.743032 2.743032 2.743032 2.743032 2.743032 2.743032 2.743032 2.743032 2.743032 2.743032 2.743032 2.743032 2.743032 2.743032 2.743032 2.743032 2.743032 2.743032
0.7005497 0.7005497 0.7005497 0.7005497 0.7005497 0.7005497 0.7005497 0.7005497 0.7005497 0.7005497 0.7005497 0.7005497 0.7005497 0.7005497 0.7005497 0.7005497 0.7005497 0.7005497 0.7005497 0.7005497 0.7005497 0.7005497 0.7005497 0.7005497 0.7005497 0.7005497 0.7005497 0.7005497 0.7005497 0.7005497 0.7005497 0.7005497 0.7005497 0.7005497 0.7005497 0.7005497 0.7005497 0.7005497 0.7005497 0.7005497 0.7005497 0.7005497 0.7005497 0.7005497 0.7005497 0.7005497 0.7005497 0.7005497 0.7005497 0.7005497 0.7005497 0.7005497 0.7005497 0.7005497 0.7005497 0.7013122 0.8223973 1.180256 1.519474 1.680849 1.863211 2.17182 2.678026 2.743032 2.743031 2.743032 2.743031 2.743032 2.743031 2.743032 2.743031 2.743032 2.743031 2.743031 2.743031 2.743032 2.743031 2.743032 2.743031 2.743031 2.743032 2.743032 2.743032 2.743031 2.743031 2.743032 2.743032
0.7005498 0.7005497 0.7005498 0.7005498 0.7005498 0.7005498 0.7005498 0.7005498 0.7005497 0.7005497 0.7005497 0.7005498 0.7005498 0.7005497 0.7005498 0.7005497 0.7005497 0.7005498 0.7005498 0.7005498 0.7005498 0.7005498 0.7005498 0.7005498 0.7005498 0.7005498 0.7005498 0.7005498 0.7005498 0.7005498 0.7005497 0.7005498 0.7005498 0.7005498 0.7005498 0.7005498 0.7005497 0.7005498 0.7005498 0.7005498 0.7005498 0.7005498 0.7005498 0.7005498 0.7005498 0.7005498 0.7005498 0.7005498 0.7005498 0.7005498 0.7005498 0.7005498 0.7005498 0.7005497 0.7005498 0.7005497 0.7005498 0.7005498 0.7005498 0.7005497 0.7005497 0.7005497 0.7005497 0.8083836 1.463586 2.524392 2.743032 2.743032 2.743032 2.743032 2.743032 2.743032 2.743032 2.743032 2.743032 2.743032 2.743032 2.743032 2.743032 2.743032 2.743032 2.743032 2.743032 2.743032 2.743032 2.743032 2.743032
0.2549749 0.474122 0.7005497 0.7005497 0.7005497 0.7005497 0.7005498 0.7005497 0.7005498 0.7005497 0.7005497 0.7005498 0.7005497 0.7005497 0.7005497 0.7005497 0.7005498 0.7005497 0.7005497 0.7005497 0.7005497 0.7005497 0.7005497 0.7005497 0.7005497 0.7005497 0.7005497 0.7005497 0.7005497 0.7005497 0.7005498 0.7005498 0.7005498 0.7005497 0.7005497 0.7005497 0.7005497 0.7005498 0.7005497 0.7005498 0.7005497 0.7005498 0.7005497 0.7005497 0.7005497 0.7005497 0.7005497 0.7005497 0.7005497 0.7005497 0.7005497 0.7005498 0.7005497 0.7005498 0.7005497 0.7005497 0.7005497 0.7005497 0.7005497 0.7005497 0.7005497 0.7005498 0.7005498 0.7005497 0.7005497 0.7005497 0.9159939 0.8704545 0.783111 1.30921 1.707182 2.038791 1.854846 1.5994 1.857694 2.667289 2.743032 2.743032 2.743032 2.743032 2.743032 2.743032 2.743032 2.743032 2.593339 2.264646 2.389332
0.2549749 0.2549749 0.2549749 0.2549749 0 0.7005497 0.7005497 0.7005497 0.7005498 0.7005497 0.7005497 0.7005498 0.7005498 0.7005497 0.7005497 0.7005497 0.7005497 0.7005498 0.7005498 0.7005498 0.7005497 0.7005497 0.7005497 0.7005497 0.7005498 0.7005497 0.7005498 0.7005497 0.7005497 0.7005497 0.7005498 0.7005497 0.7005497 0.7005497 0.7005497 0.7005497 0.7005498 0.7005497 0.7005497 0.7005497 0.7005497 0.7005498 0.7005497 0.7005498 0.7005497 0.7005498 0.7005497 0.7005497 0.7005497 0.7005498 0.7005497 0.7005498 0.7005497 0.7005498 0.7005497 0.7005497 0.7005498 0.7005497 0.7005497 0.7005498 0.7005497 0.7005497 0.7005498 0.7005497 0.7005497 0.7005498 0.7005497 0.7005498 0.7005497 0.7005498 0.7005497 0.7005497 0.7005497 0.7005497 0.7005497 0.8533772 1.328835 1.685824 1.99734 2.42441 2.738901 2.743032 2.743032 1.425647 0.3139288 0.3081299 0.3081299
0.254975 0.2549749 0.2549749 0.2549749 0.254975 0.2549749 0.2549749 0.2549749 0.2549749 0 0.7005497 0.7005497 0.7005497 0.7005497 0.7005497 0.7005497 0.7005497 0.7005497 0.7005497 0.7005497 0.7005497 0.7005497 0.7005497 0.7005497 0.7005497 0.7005497 0.7005497 0.7005497 0.7005497 0.7005497 0.7005497 0.7005497 0.7005497 0.7005497 0.7005497 0.7005497 0.7005497 0.7005497 0.7005497 0.7005497 0.7005497 0.7005497 0.7005497 0.7005497 0.7005497 0.7005497 0.7005497 0.7005497 0.7005497 0.7005497 0.7005497 0.7005497 0.7005497 0.7005497 0.7005497 0.7005497 0.7005497 0.7005497 0.7005497 0.7005497 0.7005497 0.7005497 0.7005497 0.7005497 0.7005497 0.7005497 0.7005497 0.7005497 0.7005497 0.7005497 0.7005497 0.7005497 0.7005497 0.7005497 0.7005497 0.7005497 0.7005497 0.7005497 0.7005497 0.7005497 0.8798151 1.338295 1.721839 0.3911375 0.3081299 0.3081299 0.3081299
0.2549749 0.2549749 0.2549749 0.2549749 0.2549749 0.2549749 0.2549749 0.2549749 0.2549749 0.2549749 0.2549749 0.2549749 0.2549749 0.2549749 0.2549749 0.6520018 0.7005498 0.7005497 0.7005497 0.7005497 0.7005498 0.7005498 0.7005498 0.7005498 0.7005497 0.7005498 0.7005498 0.7005497 0.7005497 0.7005497 0.7005497 0.7005497 0.7005498 0.7005498 0.7005498 0.7005497 0.7005497 0.7005497 0.7005497 0.7005497 0.7005497 0.7005497 0.7005497 0.7005497 0.7005498 0.7005497 0.7005497 0.7005497 0.7005498 0.7005497 0.7005498 0.7005498 0.7005498 0.7005498 0.7005498 0.7005497 0.7005497 0.7005497 0.7005497 0.7005497 0.7005498 0.7005498 0.7005498 0.7005498 0.7005498 0.7005497 0.7005497 0.7005498 0.7005498 0.7005498 0.7005498 0.7005498 0.7005498 0.7005498 0.7005498 0.7005497 0.7005498 0.7005497 0.7005498 0.7005498 0.7005498 0.7005498 0.7005498 0.6932076 0.5781707 0.4218153 0.3165613
0.2549749 0.2549749 0.2549749 0.2549749 0.2549749 0.2549749 0.2549749 0.2549749 0.2549749 0.2549749 0.2549749 0.2549749 0.2549749 0.254975 0.2549749 0.2549749 0.2549749 0.254975 0.254975 0.254975 0.7005497 0.7005498 0.7005497 0.7005497 0.7005497 0.7005497 0.7005498 0.7005497 0.7005498 0.7005497 0.7005498 0.7005498 0.7005498 0.7005498 0.7005498 0.7005498 0.7005498 0.7005498 0.7005497 0.7005498 0.7005497 0.7005498 0.7005498 0.7005498 0.7005498 0.7005498 0.7005498 0.7005498 0.7005498 0.7005498 0.7005498 0.7005498 0.7005498 0.7005498 0.7005498 0.7005497 0.7005498 0.7005498 0.7005498 0.7005498 0.7005498 0.7005498 0.7005498 0.7005498 0.7005498 0.7005498 0.7005498 0.7005498 0.7005498 0.7005497 0.7005498 0.7005498 0.7005498 0.7005498 0.7005498 0.7005498 0.7005498 0.7005498 0.7005498 0.7005498 0.7005498 0.7005498 0.7005498 0.7005498 0.7005498 0.7005498 0.6701456
0.2549749 0.2549749 0.2549749 0.2549749 0.2549749 0.2549749 0.2549749 0.2549749 0.2549749 0.2549749 0.2549749 0.2549749 0.2549749 0.2549749 0.2549749 0.2549749 0.2549749 0.2549749 0.254975 0.2549749 0.2549749 0.2549749 0.2968489 0.6170874 0.7005497 0.7005497 0.7005497 0.7005497 0.7005498 0.7005498 0.7005497 0.7005498 0.7005497 0.7005497 0.7005497 0.7005497 0.7005498 0.7005498 0.7005497 0.7005497 0.7005497 0.7005497 0.7005497 0.7005497 0.7005497 0.7005497 0.7005497 0.7005497 0.7005497 0.7005497 0.7005497 0.7005497 0.7005498 0.7005498 0.7005497 0.7005497 0.7005497 0.7005497 0.7005497 0.7005497 0.7005497 0.7005497 0.7005497 0.7005497 0.7005497 0.7005497 0.7005497 0.7005497 0.7005497 0.7005498 0.7005497 0.7005497 0.7005497 0.7005497 0.7005497 0.7005497 0.7005497 0.7005497 0.7005497 0.7005497 0.7005497 0.7005497 0.7005497 0.7005497 0.7005497 0.7005497 0.7005497
0.2549749 0.2549749 0.2549749 0.2549749 0.254975 0.254975 0.2549749 0.2549749 0.254975 0.254975 0.2549749 0.2549749 0.2549749 0.2549749 0.2549749 0.2549749 0.2549749 0.2549749 0.2549749 0.2549749 0.2549749 0.2549749 0.2549749 0.2549749 0.2678493 0.4437454 0.6670511 0.7005498 0.7005497 0.7005497 0.7005497 0.7005497 0.7005497 0.7005497 0.7005497 0.7005498 0.7005498 0.7005498 0.7005497 0.7005498 0.7005497 0.7005497 0.7005497 0.7005498 0.7005497 0.7005497 0.7005497 0.7005497 0.7005497 0.7005498 0.7005497 0.7005497 0.7005498 0.7005498 0.7005497 0.7005497 0.7005497 0.7005497 0.7005497 0.7005497 0.7005497 0.7005497 0.7005497 0.7005497 0.7005497 0.7005498 0.7005498 0.7005497 0.7005497 0.7005498 0.7005497 0.7005497 0.7005497 0.7005497 0.7005498 0.7005497 0.7005497 0.7005497 0.7005497 0.7005497 0.7005497 0.7005497 0.7005497 0.7005497 0.7005497 0.7005497 0.7005497
0.2549749 0.2549749 0.2549749 0.2549749 0.2549749 0.2549749 0.254975 0.2549749 0.2549749 0.254975 0.2549749 0.2549749 0.254975 0.2549749 0.2549749 0.2549749 0.254975 0.2549749 0.2549749 0.2549749 0.2549749 0.254975 0.2549749 0.2549749 0.254975 0.2549749 0.254975 0.4289752 0.6831298 0.7005498 0.7005498 0.7005497 0.7005498 0.7005498 0.7005497 0.7005498 0.7005498 0.7005497 0.7005497 0.7005497 0.7005498 0.7005497 0.7005497 0.7005498 0.7005498 0.7005498 0.7005498 0.7005498 0.7005498 0.7005497 0.7005497 0.7005498 0.7005498 0.7005498 0.7005497 0.7005498 0.7005498 0.7005498 0.7005497 0.7005498 0.7005498 0.7005498 0.7005498 0.7005498 0.7005498 0.7005498 0.7005498 0.7005498 0.7005497 0.7005498 0.7005498 0.7005498 0.7005498 0.7005498 0.7005497 0.7005498 0.7005497 0.7005498 0.7005498 0.7005498 0.7005497 0.7005498 0.7005498 0.7005498 0.7005498 0.7005497 0.7005498
