Scenarios/Heterogeneous/data/country_data_population_distribution/processed/density_grids/swe.asc
ncols 340
nrows 337
xllcorner 10
yllcorner 55
cellsize 0.041666666666667
NODATA_value -9999
[rows 234 to 272 of 337, columns 0 to 86 of 340]
0 0 0 0 0 0 0 0 0 0 0 0 0 0 0 0 0 0 0 0 0 0 0 0 0 0 0 0 0 0 0 0 0 0 0 0 0 0 0 0 0 0 0 0 4.053569 4.051488 4.072645 4.124515 4.124515 4.112637 3.862704 9.081373 6.077073 2.966586 3.172776 3.172775 3.172775 3.172775 3.174021 6.015011 5.202603 3.346731 3.247122 3.247122 3.394103 4.032552 4.203948 4.34164 4.411486 5.006232 14.90773 15.34668 15.34668 15.34668 15.21041 15.34668 33.79752 33.79752 0 33.79751 0 0 0 304.4851 304.4851 304.4851 0
0 0 0 0 0 0 0 0 0 0 0 0 0 0 0 0 0 0 0 0 0 0 0 0 0 0 0 0 0 0 0 0 0 0 0 0 0 0 0 0 0 0 0 5.208912 2.963162 3.286899 2.847407 3.088314 4.080153 4.111009 2.009632 1.865553 1.837766 2.017897 3.116511 3.172775 3.172776 3.172775 5.337467 7.381216 6.389581 6.211562 5.380153 3.714723 4.475879 4.500488 4.544868 4.555176 4.555176 4.555176 7.903068 10.52467 10.15469 10.56991 9.239197 8.818753 0 0 0 0 0 0 0 0 0 0 0
0 0 0 0 0 0 0 0 0 0 0 0 0 0 0 0 0 0 0 0 0 0 0 0 0 0 0 0 0 0 0 0 0 0 0 0 0 0 0 0 0 0 0 5.779019 3.057344 2.148978 2.148978 2.148978 2.172828 3.290016 2.532668 2.076766 1.842889 1.836905 2.132727 2.033652 3.39995 3.580622 5.687734 7.418312 7.47225 7.472249 7.45741 10.38543 7.171942 4.975083 4.897682 4.555176 4.555175 23.15911 67.8531 9.78228 8.818752 8.818753 8.335869 7.629473 0 0 0 0 0 0 0 0 0 0 0
0 0 0 0 0 0 0 0 0 0 0 0 0 0 0 0 0 0 0 0 0 0 0 0 0 0 0 0 0 0 0 0 0 0 0 0 0 0 0 0 0 0 0 5.779019 5.779018 4.996107 4.69432 2.317524 2.148978 2.148978 5.604669 13.38004 2.326532 1.918975 3.558681 3.92562 4.195256 4.195256 5.132415 7.712682 7.53811 7.502449 12.31933 23.47252 23.19205 15.90304 9.332578 8.771747 20.88622 94.93002 103.7596 14.59974 5.022525 4.889076 3.897919 3.87279 3.87279 0 0 0 0 0 0 0 0 0 0
0 0 0 0 0 0 0 0 0 0 0 0 0 0 0 0 0 0 0 0 0 0 0 0 0 0 0 0 0 0 0 24.95298 26.94252 0 0 0 0 0 0 0 0 0 0 5.779019 5.779019 5.779019 5.779019 4.328156 2.148977 14.35252 22.71173 23.91422 23.90699 14.14769 5.935902 4.195255 4.195255 4.195255 12.78705 23.56917 23.56917 20.94433 23.09421 23.56917 23.56917 23.56917 12.8102 9.271655 33.40042 102.1133 105.7544 99.11526 8.711946 3.806361 3.808387 3.799524 3.797127 3.668442 0 0 0 0 0 0 0 0 0
0 0 0 0 0 0 0 0 0 0 0 0 0 0 0 0 0 0 0 0 0 0 0 0 0 0 0 6.338048 6.338048 6.338048 6.338048 6.338048 6.338048 23.44955 0 0 0 0 0 0 0 0 5.658176 5.779019 5.779019 5.779019 5.779019 5.738273 15.48584 23.90058 23.91422 23.91422 23.91422 23.91422 13.76236 4.195255 4.195256 4.904577 21.80222 23.56917 23.56917 23.56917 23.56917 23.56917 23.56917 23.56917 16.02929 9.271654 25.66703 105.7544 105.7544 75.47504 6.591994 3.626428 3.626428 3.626428 3.626428 3.626427 0 0 0 0 0 0 0 0 0
0 0 0 0 0 0 0 0 0 0 0 0 0 0 0 0 0 0 0 0 0 0 0 0 0 0 0 6.338048 6.418761 6.677997 6.338048 6.338048 6.380447 7.571714 0 0 0 0 0 0 0 6.340549 5.779019 5.779019 5.779019 5.779018 5.779018 5.779018 6.090409 7.771487 16.84752 23.91422 23.91422 20.05639 8.11948 4.195255 4.195256 6.319118 22.33063 23.56917 23.56917 23.56917 23.56917 23.56917 23.56917 23.56917 23.56917 0 0 105.7544 105.7544 3.626427 3.626428 3.626428 3.626428 3.626427 3.626428 3.626428 3.626428 0 0 0 0 0 0 0 0
0 0 0 0 0 0 0 0 0 0 0 0 0 0 0 0 0 0 0 0 0 0 0 0 0 0 108.3645 107.5487 52.79469 12.37626 11.25 11.33279 12.08117 12.4215 12.59411 0 0 0 0 0 0 5.779019 5.779019 5.779019 5.779019 5.779018 5.779019 5.779019 5.779019 5.779019 8.616144 17.76074 16.75469 14.59197 14.59112 10.27709 11.86109 12.91743 23.17065 23.56917 23.56917 23.56917 23.56917 23.56917 23.56917 23.56917 0 0 0 0 0 0 3.626427 3.626427 3.626428 3.626428 3.626428 3.626428 3.626428 0 0 0 0 0 0 0 0
0 0 0 0 0 0 0 0 0 0 0 0 0 0 0 0 0 0 0 0 0 0 0 0 0 0 143.4802 131.8086 136.9317 70.66677 12.43437 12.43437 12.43437 12.43437 12.52433 0 0 0 0 0 12.34021 5.779019 5.779019 5.779019 5.779019 5.779018 5.779019 5.779019 5.779019 5.788877 13.13908 14.3529 14.59112 14.59112 14.59112 14.59112 14.59112 14.76022 19.00579 23.55382 23.56917 23.56917 23.56917 23.56917 23.56917 0 0 0 0 0 0 0 0 0 3.626428 3.626428 3.626428 3.626428 3.626427 0 0 0 0 0 0 0 0
0 0 0 0 0 0 0 0 0 0 0 0 0 0 0 0 0 0 0 0 0 0 0 175.641 175.641 175.641 12.43437 12.43437 12.43437 12.43437 12.43437 12.43437 12.43437 12.43437 12.24126 0 0 0 0 9.942029 5.619226 5.779019 5.779019 5.779019 5.779019 5.779019 5.779019 5.779019 5.779019 5.899176 9.09192 9.019118 9.038145 10.63673 11.97132 14.36438 14.59112 14.59112 17.24422 23.56637 23.56917 23.56917 23.56917 23.56917 0 0 0 0 0 0 0 0 0 0 0 3.626427 3.626428 3.626428 3.626428 0 0 0 0 0 0 0 0
0 0 0 0 0 0 0 0 0 0 0 0 0 0 0 0 0 0 0 0 0 0 0 175.641 174.0513 125.8577 12.43437 12.43437 12.43437 12.0879 11.6344 10.98285 9.97554 11.13337 9.420745 5.282948 4.277085 4.277085 4.277085 4.277085 4.317736 5.74824 5.779019 5.779019 5.779019 5.779019 5.779019 5.779019 5.779019 6.054772 6.98314 7.340082 7.340082 7.407505 8.615195 11.99493 13.87235 16.72244 22.11674 23.54793 23.56917 23.56917 23.56917 23.56917 0 0 0 0 0 0 0 0 0 0 0 0 3.626427 3.626428 0 0 0 0 124.1318 124.1318 0 0 0
0 0 0 0 0 0 0 0 0 0 0 0 0 0 0 0 0 0 0 0 0 0 0 175.641 12.43437 12.43437 22.34489 16.00986 9.258975 13.76059 9.454959 8.625646 8.320748 8.320748 8.320748 5.032173 4.277085 4.277085 4.277085 4.277085 4.277085 5.497441 5.739813 5.779019 5.779019 5.744545 5.570344 5.567007 6.505504 7.191569 7.12176 7.303061 7.340082 7.49953 7.976089 8.013505 13.4862 20.73465 21.89905 22.20199 22.39876 23.56917 23.56917 0 0 0 0 0 0 0 0 0 0 0 0 0 0 3.626428 3.626427 0 0 0 0 0 0 0 124.1318
0 0 0 0 0 0 0 0 0 0 0 0 0 0 0 0 0 0 0 0 0 0 0 22.34489 0 0 22.34489 22.34489 22.34489 22.34489 21.25578 17.27659 17.63532 19.30149 11.98295 4.720132 4.277085 4.277085 4.277085 4.277085 4.277085 5.329312 5.68932 5.768537 4.910117 3.315145 3.376616 3.746191 4.832834 4.595148 4.131113 4.384345 6.834564 7.56879 7.928312 8.013506 8.013505 19.5804 33.85232 39.12332 33.70628 0 0 0 0 0 0 0 0 0 0 0 0 0 0 0 0 3.626428 3.626427 0 0 0 0 0 0 0 0
0 0 0 0 0 0 0 0 0 0 0 0 0 0 0 0 0 0 0 0 0 0 0 0 0 0 22.34489 22.34489 22.34489 22.34489 22.34489 22.34489 22.34489 22.34489 16.30243 4.736084 4.277085 4.277085 4.277085 4.277085 4.426911 5.673531 5.689271 5.689366 4.497158 3.419344 3.289628 3.374719 3.584901 3.786807 3.746378 3.746378 4.374609 7.663122 8.013505 8.013505 8.013505 13.76861 51.34035 53.02951 53.02951 0 0 0 0 0 0 0 0 0 0 0 0 0 0 0 40.74435 40.74435 0 0 0 0 0 0 0 0 0
0 0 0 0 0 0 0 0 0 0 0 0 0 0 0 0 0 0 0 0 0 0 0 0 0 0 0 0 22.34489 22.34489 22.34489 22.34489 22.34489 22.20345 21.84551 18.81499 4.555762 4.277085 4.277085 4.277085 5.086062 5.689272 5.689271 5.689271 5.689271 5.429493 3.343098 3.344431 7.618152 9.342965 8.481473 7.152102 4.009708 7.104119 8.013505 8.013505 7.955859 25.45604 52.57692 53.02951 53.02951 42.65533 0 0 0 0 0 0 0 0 0 0 0 40.74435 40.74435 40.74435 40.74435 40.74435 40.74435 0 0 0 0 17.09368 17.09368 17.09368 16.93104
0 0 0 0 0 0 0 0 0 0 0 0 0 0 0 0 0 0 0 0 0 0 0 0 0 0 0 22.34489 22.34489 22.34489 22.34489 24.17558 21.30811 18.95564 18.94942 19.92606 11.40695 16.52959 12.5077 8.418199 5.392025 5.689271 5.689271 5.689271 5.689271 7.356877 7.744533 8.319201 10.50546 10.50546 10.50546 10.5033 8.389944 7.981452 8.013505 8.013505 7.951013 15.98924 24.92671 21.90656 18.22055 7.470347 7.398767 7.398767 0 0 0 0 0 0 0 0 0 40.74435 40.74435 40.74435 40.74435 40.74435 0 0 0 17.09368 17.09368 17.09368 17.09368 17.09356 15.80723
0 0 0 0 0 0 0 0 0 0 0 0 0 0 0 0 0 0 0 0 0 0 0 0 0 47.5675 0 47.5675 47.20076 38.90694 36.79254 40.93731 18.85442 17.58675 17.58675 17.60592 17.95534 18.10792 18.10792 18.10518 8.14181 5.689271 5.689271 5.689272 10.6452 15.69081 14.91052 14.675 14.87784 14.82128 13.81379 8.471791 5.934199 6.061162 9.241058 17.53141 12.15653 7.398894 7.398767 7.398767 7.398767 7.398767 7.398767 7.398767 0 0 0 0 15.57438 0 0 40.74435 40.74435 40.74435 40.74435 40.74435 40.74435 0 0 17.09368 17.09368 17.09368 17.09368 17.09368 17.28315 28.65702 20.81156
0 0 0 0 0 0 0 0 0 0 0 0 0 0 0 0 0 0 0 0 0 0 0 0 47.5675 47.5675 47.5675 47.5675 47.5675 34.17995 21.42809 18.11345 17.58675 17.58675 17.58675 17.60565 18.08675 18.10792 19.29196 18.6363 5.689271 5.689272 6.205585 13.18271 17.39646 16.31374 16.31374 16.31374 16.31374 16.31374 15.82547 7.786146 6.719679 5.934198 6.068316 28.5499 32.78285 27.73679 14.73049 9.297668 7.418149 7.398767 7.398767 0 0 0 0 0 15.57438 15.57438 15.57438 26.9897 40.74435 40.74435 40.74435 40.74435 40.74435 0 0 21.66738 17.87945 36.72132 57.12304 30.60113 39.77107 44.83659 44.14067
0 0 0 0 0 0 0 0 0 0 0 0 0 0 0 0 0 0 0 0 0 0 0 0 47.5675 47.5675 47.5675 47.5675 47.5675 18.49011 19.43905 20.12159 18.52514 14.19731 14.80057 18.05079 18.10792 18.10792 22.8972 25.82366 21.78525 19.06934 23.34746 25.91352 22.52099 16.76455 16.31374 16.31374 16.31374 16.31374 16.24861 16.03861 15.18594 11.77931 18.38048 28.92802 30.7947 21.59915 12.36532 12.36532 10.47369 0 0 0 0 0 0 0 0 15.57438 15.57438 16.27478 24.52965 48.29619 136.2605 706.7684 931.8761 0 49.12785 49.10438 33.44863 25.91935 66.71734 54.94184 44.83659 44.83659 44.83659
0 0 0 0 0 0 0 0 0 0 0 0 0 0 0 0 0 0 0 0 0 0 0 0 0 0 0 0 0 0 74.82069 46.32415 17.89669 18.15986 18.81738 16.05167 14.54445 17.65662 25.88848 25.91352 25.91353 25.91352 25.91352 25.91352 25.91169 17.91645 16.31374 16.31374 16.31374 16.29868 16.06598 16.03861 16.03861 16.03861 16.03861 16.03861 14.26735 12.55793 12.36532 12.36532 0 0 15.16808 15.16808 0 15.57438 15.57438 15.57438 15.57438 15.57438 15.57438 25.4518 40.17673 51.55406 58.78743 389.5194 540.0044 263.0514 38.27137 46.75802 49.12155 27.50715 23.59862 31.37145 33.38757 31.25755 31.70279
0 0 0 0 0 0 0 0 0 0 0 0 0 0 0 0 0 0 0 0 0 0 0 0 0 0 0 0 74.47778 74.47778 91.61375 160.1009 41.26075 19.47843 16.33366 13.42673 19.71491 29.28163 25.95133 25.94404 26.43855 26.22181 26.66644 29.70558 36.57754 38.56984 95.10292 45.08578 20.41379 19.4286 16.56899 16.03861 16.03861 16.03861 16.03861 16.03861 14.99491 0 0 0 0 15.16808 15.16808 15.16808 15.57438 15.57438 15.57438 15.42815 15.33242 15.82202 16.34734 28.72492 51.08727 48.32854 37.14812 35.75612 35.75612 35.75613 35.75612 36.24618 31.89881 64.24034 59.21086 24.42099 23.8857 18.23917 14.61626
0 0 0 0 0 0 0 0 0 0 0 0 0 0 0 0 0 0 0 0 0 0 0 0 0 0 0 0 0 74.47778 74.47778 74.47779 70.94424 19.16007 18.54841 46.63319 56.98282 57.74393 37.31636 27.7048 27.85285 29.12267 36.45934 45.08045 63.50064 348.9813 608.9284 253.3121 21.9601 21.9601 21.77566 52.93333 88.80679 63.12103 63.86105 86.14498 164.0065 79.50829 45.67362 15.16808 15.16047 15.16808 14.7076 10.03988 13.25054 13.76279 13.63841 13.62956 16.533 18.53897 19.77648 19.82241 20.15141 32.19773 35.75613 35.75613 26.70748 16.57304 19.32029 15.62275 12.25724 128.3556 320.2625 230.1159 30.65776 23.42665 24.57276
0 0 0 0 0 0 0 0 0 0 0 0 0 0 0 0 0 0 0 0 0 0 0 0 0 0 0 0 74.47779 74.47779 74.47778 74.47779 55.72194 16.59183 37.49083 50.0316 42.39477 43.53629 29.46235 27.85285 27.85285 53.94946 63.26258 63.26258 79.07874 442.4247 371.3556 234.6955 165.3381 125.2545 132.8373 229.0266 237.0796 237.0797 239.3182 247.1655 221.183 80.03619 71.49574 23.82161 9.637012 9.52927 9.529271 9.52927 29.54683 13.21997 13.21997 17.79425 18.93959 18.93959 19.04412 19.73194 27.20833 41.68738 34.77698 34.62479 23.8675 13.14508 12.037 12.03693 12.03693 35.32092 143.7609 91.03912 23.21373 21.59081 20.32196
0 0 0 0 0 0 0 0 0 0 0 0 0 0 0 0 0 0 0 0 0 0 0 0 0 0 0 0 74.47778 74.47778 0 64.32429 36.32849 31.33224 36.76939 48.61678 30.80512 27.85553 27.85285 27.85285 29.92327 34.40099 50.77645 50.81353 43.44939 69.15972 103.4857 118.1151 138.2874 131.9341 150.8152 238.9713 310.7677 358.4486 382.6849 720.3781 264.6563 79.50828 79.50828 47.67112 17.09273 10.065 34.95431 87.64003 106.5998 14.44625 11.99069 16.43876 19.17738 19.16449 19.00732 19.26148 65.00821 41.81807 15.67124 16.82097 15.76641 15.42759 13.23473 13.02722 12.23079 12.03693 12.03693 12.03693 12.89412 12.60769 12.72212
0 0 0 0 0 0 0 0 0 0 0 0 0 0 0 0 0 0 0 0 0 0 0 0 0 0 0 0 0 0 0 31.33224 31.46249 165.868 974.3528 469.3161 28.14594 27.85285 27.85285 29.97536 41.0109 41.25879 35.16547 33.22293 41.62681 41.62681 41.62681 41.62681 41.62681 41.57449 27.54635 184.9571 202.9058 324.8874 674.6675 1312.856 79.74087 57.87053 30.30468 17.86484 17.34744 13.63111 25.49681 9.647958 39.01372 13.8692 9.900314 12.42446 19.49666 22.76979 54.92584 59.50216 70.02052 40.10701 15.00875 14.88815 15.62442 15.62442 15.62442 15.62441 15.60973 14.85744 15.43952 14.97874 15.04264 14.15407 12.87676
0 0 0 0 0 0 0 0 0 0 0 0 0 0 0 0 0 0 0 0 0 0 0 0 0 0 0 0 0 0 0 52.34148 52.34148 52.34148 52.34148 45.57633 31.06877 30.68642 57.18313 62.31422 55.45493 32.87304 24.56387 21.91061 33.93694 41.62681 41.62681 41.62681 40.16592 29.57127 24.17245 26.47271 43.23398 64.76118 129.141 72.29612 41.44358 17.68692 17.34744 17.34744 17.25942 13.35371 13.86234 16.62617 18.24763 14.7602 12.13447 20.61055 19.50761 19.49666 20.24548 52.23708 48.08607 17.15821 12.5043 13.95983 14.87294 15.44186 15.62442 15.50718 14.23557 13.38909 13.86211 15.85885 18.77228 20.96839 54.3923
0 0 0 0 0 0 0 0 0 0 0 0 0 0 0 0 0 0 0 0 0 0 0 0 0 0 0 0 0 0 0 52.34148 52.34148 38.6711 42.15281 33.05842 31.59473 32.62363 49.37491 53.1187 42.52896 33.80626 40.51985 40.92974 40.50647 41.62681 41.6268 40.3722 29.20559 24.17245 26.78163 111.0928 66.78761 55.27142 50.15985 37.06847 23.05057 12.95866 8.715893 8.034703 8.437491 23.08156 22.44521 21.72835 22.60607 28.66884 32.78875 32.26179 24.91938 20.01454 18.51135 18.34949 18.24891 15.09361 12.45151 12.45104 12.45104 13.54341 14.34998 13.62079 13.31508 13.31508 13.32595 62.11855 90.98722 176.4599 190.0248
0 0 0 0 0 0 0 0 0 0 0 0 0 0 0 0 0 0 0 0 0 0 0 0 0 0 0 0 0 0 0 0 32.36166 32.36166 32.36166 31.53065 21.70975 21.26454 24.8452 40.1844 41.04887 59.98965 71.03281 71.0328 66.52736 62.47248 46.11005 30.76061 24.24481 23.72244 29.63395 121.0997 77.51456 48.44061 29.8564 25.31804 22.97894 3.661239 3.66124 13.07861 25.10847 25.62318 25.62318 25.62318 28.06104 33.97147 33.01918 18.35701 17.33767 17.65257 18.31206 18.3495 18.08197 16.42396 13.9251 12.45104 12.35666 13.00679 13.31508 13.31508 13.31508 13.31508 14.13306 115.607 229.4601 284.2476 126.6647
0 0 0 0 0 0 0 0 0 0 0 0 0 0 0 0 0 0 0 0 0 0 0 0 0 0 0 0 0 0 0 32.36166 32.36166 32.36166 32.36166 30.37109 21.26454 24.69381 36.95626 52.38264 59.73309 57.05634 355.4168 221.641 72.22535 66.13657 44.56311 28.08094 27.37701 19.46805 21.28174 75.11884 49.06853 31.57961 31.10695 31.36577 31.21252 24.94348 14.59272 24.71388 25.62318 25.62318 25.62318 25.62317 28.19404 41.07415 45.27364 48.42323 45.50396 27.61439 13.85192 14.74243 43.25976 90.66227 20.92215 9.772832 9.537598 12.54371 12.56873 13.2221 13.31508 13.31508 13.35755 43.81754 126.1106 109.6514 19.63489
0 0 0 0 0 0 0 0 0 0 0 0 0 0 0 0 0 0 0 0 0 0 0 0 0 0 0 0 0 0 0 0 32.36166 0 32.36166 31.34429 28.0169 39.56077 40.44185 84.10014 93.74172 93.79474 125.1447 466.2028 451.9419 232.8063 28.08094 28.08094 27.96561 19.27521 18.94907 26.0514 31.72708 31.71714 31.37889 30.98234 30.83245 31.0101 26.51277 25.62318 25.62318 25.54363 23.28143 20.6938 23.5229 46.08855 61.78165 62.64798 39.67942 11.97315 15.22963 90.77869 106.6505 39.38573 9.095816 9.095817 9.088647 7.725008 7.24496 11.11105 13.31508 13.45556 16.82141 18.22457 17.35839 13.94304 12.7235
0 0 0 0 0 0 0 0 0 0 0 0 0 0 0 0 0 0 0 0 0 0 0 0 0 0 0 0 0 0 0 0 0 0 40.4212 40.4212 41.33538 52.77676 75.05389 80.4573 89.26441 93.79474 94.07911 184.1697 103.5328 35.00568 28.11536 28.08094 31.83124 35.18712 30.04924 27.82168 31.36699 31.1309 30.83246 30.83246 33.03269 50.4574 25.90761 25.62318 25.62318 22.67014 19.14227 19.14227 18.99842 24.0655 37.85638 55.17204 61.06357 32.09272 14.82092 10.47241 10.60871 10.46405 12.05176 10.3817 9.095725 7.760021 7.24496 8.771909 12.5855 13.85922 18.09864 14.71115 10.16975 9.864751 9.784534
0 0 0 0 0 0 0 0 0 0 0 0 0 0 0 0 0 0 0 0 0 0 0 0 0 0 0 0 0 0 0 0 0 0 40.4212 40.4212 93.85334 84.05701 84.05701 84.05701 84.05701 93.79473 90.50726 99.5135 104.3169 103.8868 101.6104 80.38152 45.47181 45.63331 47.26426 39.60941 34.71268 31.17811 32.22992 36.93386 34.35942 26.91525 52.13681 136.2587 173.5179 123.5166 75.80874 18.99259 17.32369 17.25767 17.25767 42.35671 17.65742 11.98702 11.98702 16.18069 17.68228 17.67392 17.68228 16.19658 8.763817 7.315801 7.24496 7.24496 7.709347 8.724665 9.436422 10.14883 10.7551 10.73519 9.838727
0 0 0 0 0 0 0 0 0 0 0 0 0 0 0 0 0 0 0 0 0 0 0 0 0 0 0 0 0 0 0 0 0 0 0 199.1821 183.3714 156.2893 153.854 176.0941 59.59041 75.60096 80.99805 80.03829 81.30791 85.47655 87.75809 76.21575 45.63331 60.74351 98.80459 99.94547 101.8962 92.01748 98.67589 54.0588 39.97557 31.59067 195.2007 209.3316 209.3316 209.3316 209.3316 140.6626 17.11962 15.26714 12.59852 10.60205 10.91666 22.63337 27.23787 17.63291 17.68228 17.68228 15.3791 10.08132 7.338987 7.30827 7.506636 7.556435 7.589728 7.590381 9.224267 10.76927 10.76927 10.76927 10.28848
0 0 0 0 0 0 0 0 0 0 0 0 0 0 0 0 0 0 0 0 0 0 0 0 0 0 0 0 0 0 0 0 0 0 0 199.1821 199.1821 158.8702 149.5015 82.41792 46.0569 46.1078 52.46176 47.22122 72.15115 130.1974 234.6256 587.6248 500.1058 237.891 176.9662 103.8382 103.7545 102.3689 100.567 76.55526 44.93412 43.88924 100.4719 139.2749 199.4076 209.3316 209.3316 182.7554 10.9896 10.60205 10.60205 11.29224 31.35246 53.32712 53.26949 45.27931 37.02639 41.51866 33.90905 13.09116 15.49995 15.9227 8.197477 7.590382 8.903967 14.4488 12.55312 10.77713 10.76927 10.76927 10.74215
0 0 0 0 0 0 0 0 0 0 0 0 0 0 0 0 0 0 0 0 0 0 0 0 0 0 0 0 0 0 0 0 0 0 0 0 0 58.52053 46.07803 50.43211 51.79866 55.80548 59.30349 61.77588 181.8954 256.7763 305.1363 506.0876 414.6894 389.9288 197.1503 95.35854 94.18534 94.36288 94.36288 94.36288 96.53593 114.276 121.08 105.2594 105.2594 145.889 147.9665 115.3859 11.45886 11.54495 15.19539 17.97069 29.34723 51.88935 53.32712 53.32712 53.32712 53.32712 45.29454 19.84852 19.2826 19.2826 17.3478 14.79836 19.7646 23.85214 22.66978 20.39019 10.56985 10.11061 10.76927
0 0 0 0 0 0 0 0 0 0 0 0 0 0 0 0 0 0 0 0 0 0 0 0 0 0 0 0 0 0 0 0 0 0 0 0 0 298.1082 218.6483 63.12756 63.12755 63.12756 61.74762 56.9133 119.2027 291.2664 312.8047 312.8047 759.6375 1506.176 592.2314 103.1063 92.24542 110.8797 150.0627 132.3667 149.3898 167.1848 145.3454 105.1314 44.10168 23.43813 14.74997 11.8728 15.92811 59.17186 76.8074 42.83093 17.62887 21.82433 30.1687 53.32712 53.32712 50.15477 37.45523 23.76244 19.555 19.2826 19.2826 42.31176 164.1298 195.0292 173.8036 39.19887 4.971542 5.153152 7.725761
0 0 0 0 0 0 0 0 0 0 0 0 0 0 0 0 0 0 0 0 0 0 0 0 0 0 0 0 0 0 0 0 0 0 0 0 0 0 445.4307 445.4308 445.4307 84.32136 296.1194 344.419 354.1509 486.2779 689.8071 1023.128 1733.612 2121.426 727.4024 384.0269 296.5251 292.6491 292.687 283.65 229.9512 169.062 167.1214 92.20756 31.24327 15.77017 11.8728 11.8728 12.12509 55.57439 83.86594 83.86594 73.12213 67.39939 192.825 174.2474 125.193 107.1319 34.94649 23.94951 30.2685 28.72825 17.92149 73.04262 149.1903 123.1723 113.4124 17.87827 4.9928 4.971542 4.971542
0 0 0 0 0 0 0 0 0 0 0 0 0 0 0 0 0 0 0 0 0 0 0 0 0 0 0 0 0 0 0 0 0 0 0 0 0 445.4307 445.4307 445.4307 440.5473 346.0069 346.0069 346.0069 832.7326 2735.338 1919.037 2395.054 3192.228 2623.145 742.9809 474.4884 331.6859 225.9839 185.3703 174.5947 139.3466 102.3567 94.7932 51.06379 47.01506 46.45422 42.60052 39.9247 47.32579 75.06396 83.86594 84.0906 209.8858 418.2995 650.7783 847.9796 227.8179 118.5775 89.13094 80.52332 49.19022 24.77235 16.84047 16.84047 16.84047 16.84047 16.84047 16.84047 15.80392 12.57999 6.837392
0 0 0 0 0 0 0 0 0 0 0 0 0 0 0 0 0 0 0 0 0 0 0 0 0 0 0 0 0 0 0 0 0 0 0 0 0 0 445.4307 445.4307 419.5929 346.0069 346.0069 393.3696 823.5823 2511.508 6034.304 5190.035 1285.629 939.9193 505.0714 367.5959 183.9026 141.751 96.80522 35.342 35.342 42.99202 77.59383 78.53896 53.6461 47.01506 47.01506 47.01506 46.81499 40.70159 109.7533 439.5607 464.8207 532.6672 976.6663 939.9881 212.52 86.15707 85.30485 81.7076 44.53715 31.21426 25.31917 16.84047 16.84047 16.84047 16.84047 16.84047 16.70888 16.82908 16.84047
