Scenarios/Heterogeneous/data/country_data_population_distribution/processed/density_grids/syr.asc
ncols 177
nrows 127
xllcorner 35
yllcorner 32
[rows 68 to 101 of 127, columns 75 to 149 of 177]
4.670734 4.670734 4.670734 4.670734 4.670735 4.670735 4.670734 4.670734 4.670734 4.670734 4.670734 4.670734 4.670734 4.670734 4.670734 4.670734 4.670735 4.670734 4.670734 4.670734 4.124979 2.334874 2.334874 2.334874 2.334874 2.334874 2.334874 2.334874 2.334874 2.334874 2.334874 2.334874 2.334874 2.334874 2.334874 2.334874 2.334874 2.334874 2.334874 2.334874 2.334874 2.334874 2.334874 2.334874 2.334874 2.334874 2.334874 2.334874 20.52951 35.92888 35.92888 35.92888 35.92888 35.92888 35.92888 35.92888 35.92888 35.92888 35.92888 35.92888 35.92888 35.92888 35.92888 35.92888 35.92888 35.92888 35.92888 35.92888 35.92888 35.92888 35.92888 88.8858 178.9108 0 0
4.670734 4.670734 4.670734 4.670734 4.670734 4.670734 4.670734 4.670734 4.670734 4.670734 4.670734 4.670734 4.670734 4.670734 4.670734 4.670734 4.670734 4.670734 4.670734 4.670734 4.067687 2.334874 2.334874 2.334874 2.334874 2.334874 2.334874 2.334874 2.334874 2.334874 2.334874 2.334874 2.334874 2.334874 2.334874 2.334874 2.334874 2.334874 2.334874 2.334874 2.334874 2.334874 2.334874 2.334874 2.334874 2.334874 2.334874 2.334874 2.806024 27.23971 35.92888 35.92888 35.92888 35.92888 35.92888 35.92888 35.92888 35.92888 35.92888 35.92888 35.92888 35.92888 35.92888 35.92888 35.92888 35.92888 35.92888 35.92888 35.92888 35.92888 35.90875 32.62868 0 0 0
4.670734 4.670734 4.670734 4.670734 4.670734 4.670734 4.670734 4.670734 4.670734 4.670734 4.670734 4.670734 4.670734 4.670734 4.670734 4.670734 4.670734 4.670734 4.670734 4.670734 4.010393 2.334874 2.334874 2.363128 2.470639 2.592393 2.831155 3.07913 3.274647 2.442902 2.334874 2.334874 2.334874 2.334874 2.334874 2.334874 2.334874 2.334874 2.334874 2.334874 2.334874 2.334874 2.334874 2.334874 2.334874 2.334874 2.334874 2.334874 2.334874 5.138474 32.08855 35.92888 35.92888 35.92888 35.92888 35.92888 35.92888 35.92888 35.92888 35.92888 35.92888 35.92888 35.92888 35.92888 35.92888 35.92888 35.92888 35.92888 35.68694 31.45209 0 0 0 0 0
4.670734 4.670735 4.670735 4.670734 4.670734 4.670735 4.670734 4.670735 4.670734 4.670734 4.670734 4.670734 4.670734 4.670734 4.670734 4.670734 4.670734 4.670734 4.670734 4.670734 4.562459 4.466668 4.631509 4.669262 4.670734 4.670734 4.670734 4.670735 4.670735 4.368208 2.941903 2.334874 2.334874 2.334874 2.334874 2.334874 2.334874 2.334874 2.334874 2.334874 2.334874 2.334874 2.334874 2.334874 2.334874 2.334874 2.334874 2.334874 2.334874 2.334874 9.423306 34.98491 35.92888 35.92888 35.92888 35.92888 35.92888 35.92888 35.92888 35.92888 35.92888 35.92888 35.92888 35.92888 35.92888 35.92888 35.13456 30.21637 0 0 0 0 0 0 0
4.670734 4.670734 4.670734 4.670734 4.670734 4.670734 4.670734 4.670734 4.670734 4.670734 4.670734 4.670734 4.670734 4.670734 4.670734 4.670734 4.670734 4.670734 4.670734 4.670734 4.670734 4.670734 4.670734 4.670734 4.670734 4.670734 4.670734 4.670734 4.670734 4.670734 4.660806 3.72358 2.457936 2.334874 2.334874 2.334874 2.334874 2.334874 2.334874 2.334874 2.334874 2.334874 2.334874 2.334874 2.334874 2.334874 2.334874 2.334874 2.334874 2.334874 2.334874 15.66053 35.92888 35.92888 35.92888 35.92888 35.92888 35.92888 35.92888 35.92888 35.92888 35.92888 35.92888 35.92888 34.17595 0 0 0 0 0 0 0 0 0 0
4.670734 4.670734 4.670734 4.670734 4.670734 4.670734 4.670734 4.670734 4.670734 4.670734 4.670734 4.670734 4.670734 4.670734 4.670734 4.670734 4.670734 4.670734 4.670734 4.670734 4.670734 4.670734 4.670734 4.670734 4.670734 4.670734 4.670734 4.670734 4.670734 4.670734 4.670734 4.670734 4.392056 2.976868 2.334874 2.334874 2.334874 2.334874 2.334874 2.334874 2.334874 2.334874 2.334874 2.334874 2.334874 2.334874 2.334874 2.334874 2.334874 2.334874 2.334874 2.335148 22.84146 35.92888 35.92888 35.92888 35.92888 35.92888 35.92888 35.92888 35.92888 35.92888 33.15807 0 0 0 0 0 0 0 0 0 0 0 0
4.670734 4.670735 4.670734 4.670735 4.670734 4.670735 4.670734 4.670735 4.670734 4.670735 4.670734 4.670735 4.670734 4.670735 4.670734 4.670735 4.670734 4.670735 4.670734 4.670735 4.670735 4.670735 4.670734 4.670735 4.670734 4.670734 4.670735 4.670734 4.670735 4.670734 4.670735 4.670734 4.670735 4.664725 3.762459 2.473949 2.334874 2.334874 2.334874 2.334874 2.334874 2.334874 2.334874 2.334874 2.334874 2.334874 2.334874 2.334874 2.334874 2.334874 2.334874 2.334874 3.343888 29.01391 35.92888 35.92888 35.92888 35.92888 35.92888 35.89169 32.35358 0 0 0 0 0 0 0 0 0 0 0 0 0 0
4.670734 4.670734 4.670734 4.670734 4.670734 4.670734 4.670734 4.670734 4.670734 4.670734 4.670734 4.670734 4.670734 4.670734 4.670734 4.670734 4.670734 4.670734 4.670734 4.670734 4.670734 4.670734 4.670734 4.670734 4.670734 4.670734 4.670734 4.670734 4.670734 4.670734 4.670734 4.670734 4.670734 4.670734 4.670734 4.414923 3.012811 2.334874 2.334874 2.334874 2.334874 2.334874 2.334874 2.334874 2.334874 2.334874 2.334874 2.334874 2.334874 2.334874 2.334874 2.334874 2.334874 6.304861 33.244 35.92888 35.92888 35.7533 31.56701 0 0 0 0 0 0 0 0 0 0 0 0 0 0 0 0
4.670734 4.670734 4.670734 4.670734 4.670734 4.670734 4.670734 4.670734 4.670734 4.670734 4.670734 4.670734 4.670734 4.670734 4.670734 4.670734 4.670734 4.670734 4.670734 4.670734 4.670734 4.670734 4.670734 4.670734 4.670734 4.670734 4.670734 4.670734 4.670734 4.670734 4.670734 4.670734 4.670734 4.670734 4.670734 4.670734 4.667665 3.801338 2.490943 2.334874 2.334874 2.334874 2.334874 2.334874 2.334874 2.334874 2.334874 2.334874 2.334874 2.334874 2.334874 2.334874 2.334874 2.334874 11.94892 35.34351 30.80886 0 0 0 0 0 0 0 0 0 0 0 0 0 0 0 0 0 0
4.670734 4.670734 4.670734 4.670734 4.670734 4.670734 4.670734 4.670734 4.670734 4.670734 4.670734 4.670734 4.670735 4.670734 4.670734 4.670734 4.670734 4.670734 4.670735 4.670734 4.670734 4.670734 4.670734 4.670734 4.670734 4.670735 4.670734 4.670734 4.670734 4.670734 4.670734 4.670735 4.670734 4.670734 4.670734 4.670734 4.670734 4.670735 4.436819 3.049756 2.334874 2.334874 2.334874 2.334874 2.334874 2.334874 2.334874 2.334874 2.334874 2.334874 2.334874 2.334874 2.334874 3.548907 12.23289 0 0 0 0 0 0 0 0 0 0 0 0 0 0 0 0 0 0 0 0
4.670734 4.670734 4.670734 4.670735 4.670734 4.670734 4.670734 4.670734 4.670734 4.670735 4.670734 4.670734 4.670734 4.670734 4.670734 4.670734 4.670734 4.670734 4.670734 4.670734 4.670734 4.670734 4.670734 4.670734 4.670734 4.670734 4.670734 4.670734 4.670734 4.670734 4.670734 4.670734 4.670734 4.670734 4.670734 4.670734 4.670734 4.670734 4.670735 4.669628 3.840253 2.508935 2.334874 2.334874 2.334874 2.334874 2.334874 2.334874 2.334874 2.334874 2.334874 4.189115 0 0 0 0 0 0 0 0 0 0 0 0 0 0 0 0 0 0 0 0 0 0 0
4.670734 4.670734 4.670734 4.670735 4.670734 4.670734 4.670734 4.670735 4.670734 4.670735 4.670734 4.670734 4.670734 4.670734 4.670734 4.670735 4.670734 4.670735 4.670734 4.670735 4.670734 4.670734 4.670734 4.670734 4.670734 4.670734 4.670735 4.670734 4.670734 4.670734 4.670735 4.670734 4.670735 4.670734 4.670734 4.670734 4.670734 4.670734 4.670734 4.670734 4.670735 4.45775 3.087699 2.334874 2.334874 2.334874 2.334874 2.334874 2.334874 4.936027 0 0 0 0 0 0 0 0 0 0 0 0 0 0 0 0 0 0 0 0 0 0 0 0 0
4.670734 4.670734 4.670734 4.670734 4.670734 4.670734 4.670734 4.670734 4.670734 4.670734 4.670734 4.670734 4.670734 4.670734 4.670734 4.670734 4.670734 4.670734 4.670734 4.670734 4.670734 4.670734 4.670734 4.670734 4.670734 4.670734 4.670734 4.670734 4.670734 4.670734 4.670734 4.670734 4.670734 4.670734 4.670734 4.670734 4.670734 4.670734 4.670734 4.670734 4.670734 4.670734 4.67061 3.879173 2.527907 2.334874 2.334874 5.749626 0 0 0 0 0 0 0 0 0 0 0 0 0 0 0 0 0 0 0 0 0 0 0 0 0 0 0
4.670734 4.670734 4.670734 4.670734 4.670734 4.670734 4.670734 4.670734 4.670734 4.670734 4.670734 4.670734 4.670734 4.670734 4.670734 4.670734 4.670734 4.670734 4.670734 4.670734 4.670734 4.670734 4.670734 4.670734 4.670734 4.670734 4.670734 4.670734 4.670734 4.670734 4.670734 4.670734 4.670734 4.670734 4.670734 4.670734 4.670734 4.670734 4.670734 4.670734 4.670734 4.670734 4.670734 4.670734 4.472754 2.431239 0 0 0 0 0 0 0 0 0 0 0 0 0 0 0 0 0 0 0 0 0 0 0 0 0 0 0 0 0
0.531612 1.066254 1.603158 2.156739 2.713494 3.270117 3.826797 4.379955 4.670272 4.670734 4.670734 4.670734 4.670734 4.670734 4.670734 4.670734 4.670734 4.670734 4.670734 4.670734 4.670734 4.670734 4.670734 4.670734 4.670734 4.670734 4.670734 4.670734 4.670734 4.670734 4.670734 4.670734 4.670734 4.670734 4.670734 4.670734 4.670734 4.670734 4.670734 4.670734 4.670734 4.670734 4.670384 3.616214 0 0 0 0 0 0 0 0 0 0 0 0 0 0 0 0 0 0 0 0 0 0 0 0 0 0 0 0 0 0 0
0.05033982 0.05033981 0.05033982 0.05033981 0.05033982 0.05033982 0.05033982 0.05033981 0.2944148 0.825534 1.357054 1.888571 2.420124 2.951718 3.483342 4.014973 4.527729 4.670734 4.670734 4.670734 4.670734 4.670734 4.670734 4.670734 4.670734 4.670734 4.670734 4.670734 4.670734 4.670734 4.670734 4.670734 4.670734 4.670734 4.670734 4.670734 4.670734 4.670734 4.670734 4.670734 4.659062 3.434859 0 0 0 0 0 0 0 0 0 0 0 0 0 0 0 0 0 0 0 0 0 0 0 0 0 0 0 0 0 0 0 0 0
0.05033982 0.05033982 0.05033982 0.05033982 0.05033982 0.05033982 0.05033982 0.05033982 0.05033982 0.05033982 0.05033982 0.05033982 0.05033982 0.05033982 0.05033982 0.05033982 0.06921634 0.4577023 0.9893101 1.521001 2.052644 2.584172 3.115728 4.089546 4.670734 4.670734 4.670734 4.670734 4.670734 4.670734 4.670734 4.670734 4.670734 4.670734 4.670734 4.670734 4.670734 4.670734 4.633915 3.261051 0 0 0 0 0 0 0 0 0 0 0 0 0 0 0 0 0 0 0 0 0 0 0 0 0 0 0 0 0 0 0 0 0 0 0
0.05033982 0.05033982 0.05033982 0.05033982 0.05033982 0.05033982 0.05033982 0.05033982 0.05033982 0.05033982 0.05033982 0.05033982 0.05033982 0.05033982 0.05033982 0.05033982 0.05033982 0.05033982 0.05033982 0.05033982 0.05033982 0.05033982 0.05033982 0.4923945 4.137558 4.670734 4.670734 4.670734 4.670734 4.670734 4.670734 4.670734 4.670734 4.670734 4.670734 4.670734 4.596471 3.096524 0 0 0 0 0 0 0 0 0 0 0 0 0 0 0 0 0 0 0 0 0 0 0 0 0 0 0 0 0 0 0 0 0 0 0 0 0
0.05033982 0.05033982 0.05033982 0.05033982 0.05033982 0.05033982 0.05033982 0.05033982 0.05033982 0.05033982 0.05033982 0.05033982 0.05033982 0.05033982 0.05033982 0.05033982 0.05033982 0.05033982 0.05033982 0.05033982 0.05033982 0.05033982 0.05033982 0.05033982 0.9074252 4.450538 4.670734 4.670734 4.670734 4.670734 4.670734 4.670734 4.670734 4.670734 4.561084 2.960288 0 0 0 0 0 0 0 0 0 0 0 0 0 0 0 0 0 0 0 0 0 0 0 0 0 0 0 0 0 0 0 0 0 0 0 0 0 0 0
0.05033982 0.05033982 0.05033982 0.05033982 0.05033982 0.05033982 0.05033982 0.05033982 0.05033982 0.05033982 0.05033982 0.05033982 0.05033982 0.05033982 0.05033982 0.05033982 0.05033982 0.05033982 0.05033982 0.05033982 0.05033982 0.05033982 0.05033982 0.05033982 0.05033982 1.458631 4.627344 4.670734 4.670734 4.670734 4.670734 4.670734 4.526837 2.857528 0 0 0 0 0 0 0 0 0 0 0 0 0 0 0 0 0 0 0 0 0 0 0 0 0 0 0 0 0 0 0 0 0 0 0 0 0 0 0 0 0
0.05033981 0.05033982 0.05033981 0.05033982 0.05033981 0.05033982 0.05033981 0.05033982 0.05033981 0.05033982 0.05033981 0.05033982 0.05033982 0.05033981 0.05033981 0.05033982 0.05033982 0.05033981 0.05033982 0.05033982 0.05033981 0.05033982 0.05033981 0.05033981 0.05033981 0.05033982 2.143252 4.670734 4.670734 4.670734 4.49064 2.764547 0 0 0 0 0 0 0 0 0 0 0 0 0 0 0 0 0 0 0 0 0 0 0 0 0 0 0 0 0 0 0 0 0 0 0 0 0 0 0 0 0 0 0
0.05033982 0.05033982 0.05033982 0.05033982 0.05033982 0.05033982 0.05033982 0.05033982 0.05033982 0.05033982 0.05033982 0.05033982 0.05033982 0.05033982 0.05033982 0.05033982 0.05033982 0.05033982 0.05033982 0.05033982 0.05033982 0.05033982 0.05033982 0.05033982 0.05033982 0.05033982 0.05311044 2.868969 4.457253 2.683055 0 0 0 0 0 0 0 0 0 0 0 0 0 0 0 0 0 0 0 0 0 0 0 0 0 0 0 0 0 0 0 0 0 0 0 0 0 0 0 0 0 0 0 0 0
0.05033982 0.05033982 0.05033982 0.05033982 0.05033982 0.05033982 0.05033982 0.05033982 0.05033982 0.05033982 0.05033982 0.05033982 0.05033982 0.05033982 0.05033982 0.05033982 0.05033982 0.05033982 0.05033982 0.05033982 0.05033982 0.05033982 0.05033982 0.05033982 0.05033982 0.05033982 0.07167826 0.3330211 0 0 0 0 0 0 0 0 0 0 0 0 0 0 0 0 0 0 0 0 0 0 0 0 0 0 0 0 0 0 0 0 0 0 0 0 0 0 0 0 0 0 0 0 0 0 0
0.05033981 0.05033981 0.05033981 0.05033982 0.05033981 0.05033981 0.05033981 0.05033982 0.05033981 0.05033981 0.05033982 0.05033982 0.05033982 0.05033982 0.05033982 0.05033982 0.05033981 0.05033981 0.05033982 0.05033981 0.05033981 0.05033982 0.05033982 0.05033982 0.07431258 0.2347865 0 0 0 0 0 0 0 0 0 0 0 0 0 0 0 0 0 0 0 0 0 0 0 0 0 0 0 0 0 0 0 0 0 0 0 0 0 0 0 0 0 0 0 0 0 0 0 0 0
0.05033982 0.05033982 0.05033982 0.05033982 0.05033982 0.05033982 0.05033982 0.05033982 0.05033982 0.05033982 0.05033981 0.05033982 0.05033981 0.05033982 0.05033982 0.05033982 0.05033982 0.05033982 0.05033981 0.05033982 0.05033982 0.05033982 0.07640522 0 0 0 0 0 0 0 0 0 0 0 0 0 0 0 0 0 0 0 0 0 0 0 0 0 0 0 0 0 0 0 0 0 0 0 0 0 0 0 0 0 0 0 0 0 0 0 0 0 0 0 0
0.05033982 0.05033982 0.05033982 0.05033982 0.05033982 0.05033982 0.05033982 0.05033982 0.05033982 0.05033982 0.05033982 0.05033982 0.05033982 0.05033982 0.05033982 0.05033982 0.05033982 0.05033982 0.05033982 0.05033982 0.07830936 0 0 0 0 0 0 0 0 0 0 0 0 0 0 0 0 0 0 0 0 0 0 0 0 0 0 0 0 0 0 0 0 0 0 0 0 0 0 0 0 0 0 0 0 0 0 0 0 0 0 0 0 0 0
0.05033982 0.05033982 0.05033982 0.05033982 0.05033982 0.05033982 0.05033982 0.05033982 0.05033982 0.05033982 0.05033982 0.05033982 0.05033982 0.05033982 0.05033982 0.05033982 0.05033982 0.05033982 0.09367705 0 0 0 0 0 0 0 0 0 0 0 0 0 0 0 0 0 0 0 0 0 0 0 0 0 0 0 0 0 0 0 0 0 0 0 0 0 0 0 0 0 0 0 0 0 0 0 0 0 0 0 0 0 0 0 0
0.05033982 0.05033982 0.05033982 0.05033982 0.05033982 0.05033982 0.05033982 0.05033982 0.05033982 0.05033982 0.05033982 0.05033982 0.05033982 0.05033982 0.05033982 0.05033982 0.08303144 0.379713 0 0 0 0 0 0 0 0 0 0 0 0 0 0 0 0 0 0 0 0 0 0 0 0 0 0 0 0 0 0 0 0 0 0 0 0 0 0 0 0 0 0 0 0 0 0 0 0 0 0 0 0 0 0 0 0 0
0.05033982 0.05033982 0.05033982 0.05033982 0.05033982 0.05033982 0.05033982 0.05033982 0.05033982 0.05033982 0.05033982 0.05033982 0.05033982 0.05033982 0.07317597 0.3550844 0 0 0 0 0 0 0 0 0 0 0 0 0 0 0 0 0 0 0 0 0 0 0 0 0 0 0 0 0 0 0 0 0 0 0 0 0 0 0 0 0 0 0 0 0 0 0 0 0 0 0 0 0 0 0 0 0 0 0
0.05033982 0.05033982 0.05033982 0.05033982 0.05033982 0.05033982 0.05033982 0.05033982 0.05033982 0.05033982 0.05033982 0.05033982 0.06463724 0.3292798 0 0 0 0 0 0 0 0 0 0 0 0 0 0 0 0 0 0 0 0 0 0 0 0 0 0 0 0 0 0 0 0 0 0 0 0 0 0 0 0 0 0 0 0 0 0 0 0 0 0 0 0 0 0 0 0 0 0 0 0 0
0.05033982 0.05033982 0.05033982 0.05033982 0.05033982 0.05033982 0.05033982 0.05033982 0.05033982 0.05033982 0.05677544 0.299991 0 0 0 0 0 0 0 0 0 0 0 0 0 0 0 0 0 0 0 0 0 0 0 0 0 0 0 0 0 0 0 0 0 0 0 0 0 0 0 0 0 0 0 0 0 0 0 0 0 0 0 0 0 0 0 0 0 0 0 0 0 0 0
0.05033982 0.05033982 0.05033982 0.05033982 0.05033982 0.05033982 0.05033982 0.05033982 0.05127804 0.2582177 0 0 0 0 0 0 0 0 0 0 0 0 0 0 0 0 0 0 0 0 0 0 0 0 0 0 0 0 0 0 0 0 0 0 0 0 0 0 0 0 0 0 0 0 0 0 0 0 0 0 0 0 0 0 0 0 0 0 0 0 0 0 0 0 0
0.05033982 0.05033982 0.05033982 0.05033981 0.05033982 0.05033982 0.05033982 0.2156061 0 0 0 0 0 0 0 0 0 0 0 0 0 0 0 0 0 0 0 0 0 0 0 0 0 0 0 0 0 0 0 0 0 0 0 0 0 0 0 0 0 0 0 0 0 0 0 0 0 0 0 0 0 0 0 0 0 0 0 0 0 0 0 0 0 0 0
0.05033982 0.05033982 0.05033982 0.05033982 0.05033982 0.1755892 0 0 0 0 0 0 0 0 0 0 0 0 0 0 0 0 0 0 0 0 0 0 0 0 0 0 0 0 0 0 0 0 0 0 0 0 0 0 0 0 0 0 0 0 0 0 0 0 0 0 0 0 0 0 0 0 0 0 0 0 0 0 0 0 0 0 0 0 0
