Scenarios/Heterogeneous/data/country_data_population_distribution/processed/density_grids/syr.asc
ncols 177
nrows 127
xllcorner 35
yllcorner 32
[rows 68 to 101 of 127, columns 0 to 74 of 177]
0 0 0 0 0 0 0 0 0 0 0 0 0 0 0 0 0 0 0 0 0 0 0 0 0 0 0 0 0 0 0 0 0 0 0 0 0 0 0 0 0 265.8876 74.28156 29.18378 29.18378 29.18378 29.18378 29.18477 58.43441 63.16446 62.81665 63.20338 63.20338 37.74333 7.691023 6.525778 6.525777 6.525778 6.525778 6.525777 6.525778 6.525778 6.525778 6.525777 6.525778 6.525778 6.525778 6.522662 4.730222 4.670735 4.670734 4.670734 4.670734 4.670734 4.670735
0 0 0 0 0 0 0 0 0 0 0 0 0 0 0 0 0 0 0 0 0 0 0 0 0 0 0 0 0 0 0 0 0 0 0 0 0 0 0 0 0 138.8879 29.18378 29.18378 29.18378 29.18378 29.18378 29.18378 40.70385 39.10286 45.96694 56.05595 60.18507 50.11079 38.62295 38.72474 40.66152 39.21905 11.96264 6.525778 6.525778 6.525778 6.525778 6.525778 6.525778 6.525778 6.525778 6.514733 4.76529 4.670734 4.670734 4.670734 4.670734 4.670734 4.670734
0 0 0 0 0 0 0 0 0 0 0 0 0 0 0 0 0 0 0 0 0 0 0 0 0 0 0 0 0 0 0 0 0 0 0 0 0 0 0 0 0 55.08587 29.18378 29.18378 29.18378 29.18378 29.18378 29.18378 25.75943 19.68633 15.79007 15.79007 15.79007 23.50854 41.78459 41.78459 41.78459 37.66697 6.526361 6.525777 6.525777 6.525778 6.525777 6.525778 6.525777 6.525778 6.525777 6.525778 5.103498 4.670734 4.670734 4.670734 4.670734 4.670734 4.670734
0 0 0 0 0 0 0 0 0 0 0 0 0 0 0 0 0 0 0 0 0 0 0 0 0 0 0 0 0 0 0 0 0 0 0 0 0 0 0 0 0 0 21.28101 29.18378 29.18378 29.18378 29.18378 29.18378 19.00309 15.79007 15.79007 15.79257 24.21694 36.69666 41.78459 41.78459 41.78459 27.85306 6.525778 6.525778 6.525778 6.525778 6.525778 6.525778 6.525778 6.525778 6.525778 6.525778 5.454067 4.670734 4.670734 4.670734 4.670735 4.670734 4.670734
0 0 0 0 0 0 0 0 0 0 0 0 0 0 0 0 0 0 0 0 0 0 0 0 0 0 0 0 0 0 0 0 0 0 0 0 0 0 0 0 0 0 18.89878 29.18378 29.18378 29.18378 29.18378 25.58382 17.39924 15.79007 15.79007 25.38026 41.78459 41.78459 41.78459 40.34991 25.20777 7.873534 6.525778 6.525778 6.525778 6.525778 6.525778 6.525778 6.525778 6.525778 6.525778 6.525778 5.804635 4.670734 4.670734 4.670734 4.670734 4.670734 4.670734
0 0 0 0 0 0 0 0 0 0 0 0 0 0 0 0 0 0 0 0 0 0 0 0 0 0 0 0 0 0 0 0 0 0 0 0 0 0 0 0 0 0 0 59.98862 55.29692 56.8777 68.69997 36.88942 15.79007 15.79007 15.79007 26.94032 41.78458 41.78459 38.92842 13.15188 6.525777 6.525777 6.525778 6.525777 6.525778 6.525777 6.525778 6.525777 6.525778 6.525777 6.525778 6.525777 6.156072 4.670734 4.670734 4.670734 4.670734 4.670734 4.670734
0 0 0 0 0 0 0 0 0 0 0 0 0 0 0 0 0 0 0 0 0 0 0 0 0 0 0 0 0 0 0 0 0 0 0 0 0 0 0 0 0 0 0 87.78059 85.72128 85.72128 85.72128 84.23065 57.37927 42.67168 16.17635 21.18936 41.78459 39.84864 13.01313 6.525778 6.525778 6.525778 6.525778 6.525778 6.525778 6.525778 6.525778 6.525778 6.525778 6.525778 6.525778 6.525778 6.478048 4.716491 4.670735 4.670734 4.670735 4.670734 4.670735
0 0 0 0 0 0 0 0 0 0 0 0 0 0 0 0 0 0 0 0 0 0 0 0 0 0 0 0 0 0 0 0 0 0 0 0 0 0 0 0 0 0 86.83772 85.72128 85.72128 85.72128 85.72128 85.72128 85.72128 85.72128 49.90963 38.31757 40.6585 15.10397 6.525778 6.525778 6.525778 6.525778 6.525778 6.525778 6.525778 6.525778 6.525778 6.525778 6.525778 6.525778 6.525778 6.525778 6.525778 5.042663 4.670734 4.670734 4.670734 4.670734 4.670734
0 0 0 0 0 0 0 0 0 0 0 0 0 0 0 0 0 0 0 0 0 0 0 0 0 0 0 0 0 0 0 0 0 0 0 0 0 0 0 0 0 137.8713 93.61152 85.72128 85.72128 85.72128 85.72128 85.72128 85.72128 85.72128 85.23553 65.82816 24.5513 6.525778 6.525778 6.525777 6.525778 6.525778 6.525777 6.525778 6.525777 6.525778 6.525777 6.525778 6.525777 6.525778 6.525777 6.525778 6.525777 5.416566 4.670734 4.670734 4.670734 4.670734 4.670734
0 0 0 0 0 0 0 0 0 0 0 0 0 0 0 0 0 0 0 0 0 0 0 0 0 0 0 0 0 0 0 0 0 0 0 0 0 0 0 0 143.089 154.9442 151.7757 127.9275 114.1524 134.3223 116.356 101.1574 90.05 97.28933 122.3788 56.73807 6.525778 6.525778 6.525778 6.525778 6.525778 6.525778 6.525778 6.525778 6.525778 6.525778 6.525778 6.525778 6.525778 6.525778 6.525778 6.525778 6.525778 5.790468 4.670734 4.670734 4.670734 4.670734 4.670734
0 0 0 0 0 0 0 0 0 0 0 0 0 0 0 0 0 0 0 0 0 0 0 0 0 0 0 0 0 0 0 0 0 0 0 0 0 0 205.3723 205.375 198.9138 183.5137 169.2852 157.2215 154.9442 154.9442 154.9442 154.9442 154.9442 154.9442 153.3447 118.7899 33.30591 6.525777 6.525778 6.525778 6.525777 6.525777 6.525777 6.525777 6.525777 6.525778 6.525777 6.525778 6.525777 6.525777 6.525777 6.525778 6.525777 6.16437 4.670734 4.670734 4.670734 4.670734 4.670734
0 0 0 0 0 0 0 0 0 0 0 0 0 0 0 0 0 0 0 0 0 0 0 0 0 0 0 0 0 0 0 0 0 0 0 0 32.1046 59.5189 103.9689 194.1057 205.375 205.3751 205.375 204.1005 175.7816 154.9442 154.9442 154.9442 154.9442 152.0462 139.0756 137.761 43.58881 6.525778 6.525778 6.525778 6.525778 6.525778 6.525778 6.525778 6.525778 6.525778 5.889925 3.416258 2.544269 2.120933 3.928277 5.851394 6.034302 5.966047 4.680838 4.670734 4.670734 4.670734 4.670734
0 0 0 0 0 0 0 0 0 0 0 0 0 0 0 0 0 0 0 0 0 0 0 0 0 0 0 0 0 0 0 0 0 0 0 0 59.22546 59.22545 59.22546 105.3417 205.375 205.375 205.375 205.375 170.646 154.9442 154.9442 154.9442 150.438 139.3537 137.761 137.761 91.78809 76.86575 58.26079 41.04568 40.07681 36.60341 28.81787 4.270265 1.837804 0.6202536 0.3007463 0.05033981 0.05033982 0.05033982 1.761032 4.670588 4.670734 4.670734 4.670734 4.670734 4.670734 4.670734 4.670734
0 0 0 0 0 0 0 0 0 0 0 0 0 0 0 0 0 0 0 0 0 0 0 0 0 0 0 0 0 0 0 0 0 0 0 36.49169 58.99627 59.22544 59.22545 67.21642 205.3204 194.754 179.7312 151.2439 148.4003 154.9442 151.048 142.7159 137.7787 137.761 137.7584 124.2273 104.4873 78.46561 71.07777 71.07777 71.07777 53.56981 15.73189 4.472168 0.05033982 0.05033982 0.05033982 0.05033982 0.05033982 0.05033982 0.05033982 0.5692871 1.395092 1.982593 2.481798 3.012215 3.547298 4.082272 4.574443
0 0 0 0 0 0 0 0 0 0 0 0 0 0 0 0 0 0 0 0 0 0 0 0 0 0 0 0 0 0 0 0 0 0 0 0 0 48.28955 59.26868 67.59583 98.02641 89.20292 89.20292 89.20292 127.8332 142.181 137.7638 137.761 137.0337 119.8498 89.01511 71.07778 71.07778 71.07778 71.07777 68.15545 33.43812 7.526096 7.306624 7.254773 1.596813 0.05033982 0.05033982 0.05033982 0.05033982 0.05033982 0.05033982 0.05033981 0.05033982 0.05033982 0.05033982 0.05033982 0.05033982 0.05033982 0.09312263
0 0 0 0 0 0 0 0 0 0 0 0 0 0 0 0 0 0 0 0 0 0 0 0 0 0 0 0 0 0 188.1432 131.7602 135.3919 131.3855 124.893 90.9446 69.47453 85.58532 92.96267 88.83624 89.20291 89.20291 95.85196 105.0249 137.3408 137.0612 137.761 124.6932 77.34927 71.07777 71.07777 71.07777 71.07777 71.07777 55.36182 15.89429 7.306624 7.306624 7.306624 7.306624 5.701249 0.05033982 0.05033981 0.05033982 0.05033981 0.05033982 0.05033981 0.05033982 0.05033981 0.05033982 0.05033981 0.05033981 0.05033981 0.05033981 0.05033981
0 0 0 0 0 0 0 0 0 0 0 0 0 0 0 0 0 0 0 0 0 0 0 0 0 0 0 0 0 256.0309 355.2799 230.3343 245.4339 183.389 116.7191 94.13107 94.13107 94.13107 94.13107 90.57049 106.6372 153.0787 262.5697 273.8578 204.0964 72.81218 77.26649 71.67287 71.07778 71.07777 71.07777 71.00916 53.58187 23.83141 7.406928 7.306623 7.306624 7.306624 7.306623 7.306624 7.305958 1.255084 0.05033982 0.05033982 0.05033982 0.05033982 0.05033982 0.05033982 0.05033982 0.05033982 0.05033982 0.05033982 0.05033982 0.05033982 0.05033982
0 0 0 0 0 0 0 0 0 0 0 0 0 0 0 0 0 0 0 0 0 0 0 0 0 0 0 0 235.3258 301.1682 387.3736 382.4321 268.0247 292.1902 373.429 513.4198 395.815 164.2605 196.7138 212.6158 264.4347 273.8578 273.8578 273.8578 164.033 71.07777 71.07778 71.07777 71.07778 70.71431 51.44549 20.78838 7.306624 7.306624 7.306624 7.306624 7.306624 7.306624 7.306624 7.306624 7.306624 3.778346 0.05033982 0.05033982 0.05033982 0.05033982 0.05033982 0.05033983 0.05033982 0.05033982 0.05033982 0.05033982 0.05033982 0.05033982 0.05033982
0 0 0 0 0 0 0 0 0 0 0 0 0 0 0 0 0 0 0 0 0 0 0 0 0 0 0 173.3978 278.8178 375.9367 293.6296 242.5787 280.774 390.0153 633.4934 633.4934 452.5462 225.8539 225.8539 225.9294 272.6045 273.8578 273.8578 273.8578 151.5733 71.0536 66.14273 60.25032 40.18879 15.5566 7.306623 7.306623 7.306623 7.306623 7.306623 7.306623 7.306623 7.306623 7.306623 7.306623 7.306623 6.289134 0.06347943 0.05033982 0.05033982 0.05033982 0.05033982 0.05033982 0.05033982 0.05033982 0.05033982 0.05033982 0.05033982 0.05033982 0.05033982
0 0 0 0 0 0 0 0 0 0 0 0 0 0 0 0 0 0 0 0 0 0 0 0 0 0 0 226.9095 349.4525 387.5101 356.4418 293.2106 316.6971 443.6331 633.4933 605.2733 300.2947 418.2065 1103.372 1355.951 1106.599 426.5051 273.8578 198.9273 46.71725 15.58101 7.306624 7.306624 7.306624 7.306624 7.306624 7.306623 7.306624 7.306624 7.306624 7.306623 7.306624 7.306624 7.306624 7.306624 7.306624 7.306624 1.569919 0.05033982 0.05033982 0.05033982 0.05033982 0.05033982 0.05033982 0.05033982 0.05033982 0.05033982 0.05033982 0.05033982 0.05033982
0 0 0 0 0 0 0 0 0 0 0 0 0 0 0 0 0 0 0 0 0 0 0 0 0 0 0 0 0 265.9313 321.4386 313.0565 741.7015 1383.543 832.1932 633.4934 896.1437 1871.201 1245.07 1441.578 1441.578 1260.697 130.4089 32.62347 7.306623 7.306624 7.306623 7.306624 7.306623 7.306624 7.306623 7.306624 7.306623 7.306624 7.306623 7.306623 7.306623 7.306623 7.306624 7.306623 7.306624 7.306623 4.093848 0.05033981 0.05033981 0.05033981 0.05033981 0.05033982 0.05033982 0.05033981 0.05033981 0.05033981 0.05033981 0.05033981 0.05033981
0 0 0 0 0 0 0 0 0 0 0 0 0 0 0 0 0 0 0 0 0 0 0 0 0 0 0 0 0 258.9354 354.8518 358.0966 1207.083 2608.729 7203.263 10730.94 7041.141 3994.381 1522.72 1441.578 1440.646 1244.078 285.7327 19.42059 7.306624 7.306624 7.306624 7.306624 7.306624 7.306624 7.306624 7.306624 7.306624 7.306624 7.306624 7.306624 7.306624 7.306624 7.306624 7.306624 7.306624 7.306624 6.552717 0.1154001 0.05033982 0.05033982 0.05033982 0.05033982 0.05033982 0.05033982 0.05033982 0.05033982 0.05033982 0.05033982 0.05033982
0 0 0 0 0 0 0 0 0 0 0 0 0 0 0 0 0 0 0 0 0 0 0 0 0 0 0 384.4835 486.7945 534.1683 534.1683 561.0256 3389.824 16458.96 19520.28 19518.31 14915.06 8383.579 3014.956 854.0333 867.4123 457.3464 457.3463 414.9834 94.00444 7.306623 7.306623 7.306624 7.306623 7.306624 7.306623 7.306623 7.306623 7.306623 7.306623 7.306623 7.306623 7.306623 7.306623 7.306623 7.306623 7.306623 7.306623 1.885421 0.05033982 0.05033982 0.05033982 0.05033982 0.05033982 0.05033982 0.05033982 0.05033982 0.05033982 0.05033982 0.05033982
0 0 0 0 0 0 0 0 0 0 0 0 0 0 0 0 0 0 0 0 0 0 0 0 0 0 0 507.0709 534.1683 534.1683 534.1683 784.9854 3598.629 10517.62 15722.7 15871.19 10526.54 1300.592 1015.86 457.5485 437.0762 426.3165 451.6502 457.3463 271.1392 7.306623 7.306623 7.306624 7.306623 7.306623 7.306623 7.306624 7.306623 7.306623 7.306624 7.306624 7.306623 7.306623 7.306623 7.306623 7.306623 7.306623 7.306623 4.409351 0.05033982 0.05033982 0.05033982 0.05033982 0.05033982 0.05033982 0.05033981 0.05033981 0.05033982 0.05033981 0.05033981
0 0 0 0 0 0 0 0 0 0 0 0 0 0 0 0 0 0 0 0 0 0 0 0 0 0 476.9951 534.1683 534.1683 534.1683 534.1683 534.1683 1075.566 2660.141 4244.768 10564.44 7013.903 1655.683 1135.206 279.6379 298.0254 298.0254 317.2008 434.5155 434.128 334.6098 61.15102 7.306624 7.306624 7.306624 7.306624 7.306624 7.306624 7.306624 7.306624 7.306624 7.306624 7.306624 7.306624 7.306624 7.306624 7.306623 7.306624 6.776855 0.2067649 0.05033982 0.05033982 0.05033981 0.05033982 0.05033982 0.05033982 0.05033982 0.05033982 0.05033982 0.05033982
0 0 0 0 0 0 0 0 0 0 0 0 0 0 0 0 0 0 0 0 0 0 0 0 0 0 365.9522 356.5184 451.0056 532.9971 534.1683 515.5594 553.8749 1263.082 968.7562 3552.498 4153.401 4213.31 207.8355 161.5152 265.9419 292.1764 290.6768 307.8292 422.0335 420.9334 11.65021 7.306624 7.306623 7.306624 7.306624 7.306624 7.306624 7.306624 7.306623 7.306624 7.306623 7.306624 7.306624 7.306623 7.306624 7.306623 7.306624 7.306624 2.200925 0.05033982 0.05033982 0.05033982 0.05033982 0.05033982 0.05033982 0.05033982 0.05033982 0.05033982 0.05033982
0 0 0 0 0 0 0 0 0 0 0 0 0 0 0 0 0 0 0 0 0 0 0 0 0 308.1154 182.8855 199.6305 227.3151 314.1061 497.777 369.9372 353.9531 353.9531 353.9531 353.9531 353.9531 353.9531 243.3883 156.4941 156.4941 156.4941 156.4941 156.4941 156.4941 108.7763 7.306623 7.306623 7.306624 7.306623 7.306623 7.306623 7.306623 7.306623 7.306624 7.306623 7.306623 7.306623 7.306623 7.306623 7.306623 7.306624 7.306623 7.306623 4.724854 0.05033982 0.05033982 0.05033982 0.05033982 0.05033982 0.05033982 0.05033982 0.05033982 0.05033982 0.05033982
0 0 0 0 0 0 0 0 0 0 0 0 0 0 0 0 0 0 0 0 0 0 0 0 0 196.9743 182.8855 194.1947 224.2974 227.3151 243.8192 291.5909 353.4927 353.9531 353.9531 353.9531 353.9531 353.9531 329.183 205.5955 151.4173 156.4941 156.4941 156.4941 155.7993 58.67727 7.306624 7.306624 7.306624 7.306624 7.306624 7.306624 7.306624 7.306624 7.306624 7.306624 7.306624 7.306624 7.306624 7.306624 7.306624 7.306624 7.306624 7.306624 6.96155 0.3375719 0.05033982 0.05033982 0.05033982 0.05033982 0.05033982 0.05033982 0.05033982 0.05033982 0.05033982
0 0 0 0 0 0 0 0 0 0 0 0 0 0 0 0 0 0 0 0 0 0 0 0 0 224.3535 299.7201 226.0406 226.4358 227.3151 227.3151 261.3892 353.7541 311.3921 336.7488 353.9531 353.9531 353.9531 295.3487 142.2968 42.74557 147.1586 152.5046 120.9435 41.33734 7.306623 7.306623 7.306623 7.306624 7.306623 7.306623 7.306623 7.306623 7.306623 7.306624 7.306623 7.306623 7.306623 7.306623 7.306623 7.306623 7.306624 7.306623 7.306623 7.306623 2.516427 0.05033982 0.05033982 0.05033982 0.05033982 0.05033982 0.05033982 0.05033982 0.05033982 0.05033982
0 0 0 0 0 0 0 0 0 0 0 0 0 0 0 0 0 0 0 0 0 0 0 0 0 0 514.8882 265.1962 227.3151 227.3151 227.3151 243.3643 334.5794 242.335 227.9448 308.7544 353.953 267.8377 38.56139 28.1645 28.1645 97.13925 128.24 7.306624 7.306623 7.306624 7.306623 7.306624 7.306623 7.306624 7.306623 7.306624 7.306623 7.306624 7.306623 7.306624 7.306623 7.306624 7.306624 7.306624 7.306624 7.306623 7.306624 7.306623 7.306624 5.040357 0.05033982 0.05033982 0.05033982 0.05033982 0.05033982 0.05033982 0.05033982 0.05033982 0.05033982
0 0 0 0 0 0 0 0 0 0 0 0 0 0 0 0 0 0 0 0 0 0 0 0 0 325.9877 514.8882 419.5633 227.3151 225.8823 214.6953 214.5272 209.7139 209.7139 209.7139 145.4153 148.6103 108.0041 28.1645 28.1645 29.05386 56.11662 95.13731 20.55434 22.68514 14.80145 7.306623 7.306623 7.306623 7.306623 7.306623 7.306623 7.306623 7.306623 7.306623 7.306623 7.306623 7.306623 7.306623 7.306623 7.306623 7.306623 7.306623 7.306623 7.306623 7.10681 0.5078272 0.05033982 0.05033982 0.05033982 0.05033982 0.05033982 0.05033982 0.05033982 0.05033982
0 0 0 0 0 0 0 0 0 0 0 0 0 0 0 0 0 0 0 0 0 0 0 0 0 0 375.2848 420.73 213.3319 217.193 263.1164 233.7811 209.7139 209.7139 209.7139 160.7371 28.1645 28.1645 28.1645 28.57391 32.33868 32.35332 32.35332 32.35332 32.35332 32.15432 18.9471 7.331228 7.306623 7.306623 7.306623 7.306623 7.306623 7.306623 7.306623 7.306623 7.306623 7.306623 7.306623 7.306623 7.306623 7.306623 7.306623 7.306623 7.306623 7.306623 2.831954 0.05033981 0.05033982 0.05033982 0.05033982 0.05033982 0.05033982 0.05033982 0.05033982
0 0 0 0 0 0 0 0 0 0 0 0 0 0 0 0 0 0 0 0 0 0 0 0 0 0 424.8849 357.5635 210.8347 332.0738 353.0016 332.5168 315.3999 302.4868 219.6716 129.3792 28.1645 28.1645 28.1645 28.69757 32.32927 32.35332 32.35332 32.35332 32.35332 32.35332 32.35332 23.11416 8.063502 7.306623 7.306623 7.306623 7.306624 7.306623 7.306624 7.306623 7.306624 7.306624 7.306623 7.306624 7.306623 7.306624 7.306623 7.306624 7.306623 7.306623 5.355313 0.05033982 0.05033982 0.05033982 0.05033982 0.05033982 0.05033981 0.05033982 0.05033982
0 0 0 0 0 0 0 0 0 0 0 0 0 0 0 0 0 0 0 0 0 0 0 0 0 289.1812 472.5451 347.6639 335.7747 351.9409 353.0016 353.0016 353.0016 353.0016 328.8932 238.4908 147.6358 28.1645 28.1645 28.1645 30.34962 32.35332 32.35331 32.35332 32.35331 32.35332 32.3518 32.26888 26.63443 14.99664 12.81122 12.25684 11.74101 8.179489 6.321673 5.81405 5.306443 4.798852 4.291279 3.783723 3.276183 2.76866 2.261153 1.753664 1.246192 0.7387358 0.2365131 0.05033982 0.05033982 0.05033982 0.05033982 0.05033982 0.05033982 0.05033982 0.05033982
