Scenarios/Heterogeneous/data/country_data_population_distribution/processed/density_grids/syr.asc
ncols 177
nrows 127
xllcorner 35
yllcorner 32
[rows 34 to 67 of 127, columns 75 to 149 of 177]
46.92442 74.71957 224.798 228.6998 56.22895 24.98545 23.06922 23.06922 23.06922 23.06922 23.06922 177.9337 177.6217 2261.428 2162.618 118.6244 82.8677 94.72705 48.9424 23.06922 23.06922 23.25802 28.19834 28.60742 28.60742 28.60742 28.60742 28.60741 28.60742 31.61414 29.55624 47.31008 55.55738 53.40816 59.51089 60.44123 60.44123 60.44123 60.44123 60.44123 60.44123 56.15602 25.98923 25.98923 25.98923 25.98923 25.98923 25.98923 25.98923 25.98923 25.98923 25.98923 25.98923 25.98923 25.98923 25.98923 25.98923 25.98923 26.88571 39.28825 44.85256 44.85256 36.01996 15.13412 15.12717 15.12717 15.12716 15.12717 15.12716 15.12717 15.12717 15.12717 15.12717 15.12716 15.12717
46.92442 46.92442 56.88342 137.9562 176.0592 24.41364 23.06922 23.06922 23.06922 23.06922 23.06922 23.06922 23.24516 577.7958 2200.695 23.06922 23.06922 23.06922 23.06922 23.06922 23.06922 25.53797 28.60742 28.60741 28.60742 28.60742 28.60741 28.60742 28.60741 28.60742 28.60741 28.7381 28.70035 28.60741 34.29946 222.4564 302.2483 205.8729 84.02238 172.1972 92.83569 55.223 25.98923 25.98923 25.98923 25.98923 25.98923 25.98923 25.98923 25.98923 25.98923 25.98923 25.98923 25.98923 25.98923 25.98923 25.98923 25.98923 25.98923 26.21822 37.19614 37.29014 16.34185 15.12717 15.12716 15.12717 15.12716 15.12717 15.12716 15.12717 15.12717 15.12716 15.12717 15.12716 15.12717
46.92442 46.92442 46.92442 46.92442 45.55429 23.35661 23.06922 23.06922 23.06922 23.06922 23.06922 23.06922 23.06922 62.4006 843.9461 29.88413 23.06922 23.06922 23.06922 23.06922 23.06922 25.63237 28.60741 28.60742 28.60741 28.60741 28.60742 28.60741 28.60742 28.60741 28.60741 28.60741 28.60741 28.60741 28.60742 329.7411 440.8103 534.535 570.5586 621.104 359.2421 59.23606 36.78633 27.56657 25.98923 25.98923 25.98923 25.98923 25.98923 25.98923 25.98923 25.98923 25.98923 25.98923 25.98923 25.98923 25.98923 25.98923 25.98923 25.98923 26.01094 23.55953 16.30324 15.12716 15.12716 15.12716 15.12716 15.12716 15.12716 15.12716 15.12716 15.12716 15.12716 15.12716 15.12716
46.92442 46.92442 46.92442 46.92442 44.6763 27.08402 23.06922 23.06922 23.06922 23.06922 23.06922 23.06922 23.06922 23.06922 23.06922 23.06922 23.06922 23.06922 23.06922 23.06922 23.06922 23.35192 25.71292 28.22559 28.60742 28.60742 28.60741 28.60742 28.60742 28.60742 28.60741 28.60742 28.60742 28.60742 28.60742 28.60742 28.60742 28.60742 28.60741 181.6456 98.11522 65.11701 65.11701 65.11359 43.05174 25.98923 25.98923 25.98923 25.98923 25.98923 25.98923 25.98923 25.98923 25.98923 25.98923 25.98923 25.98923 25.98923 25.98923 25.98923 25.98923 25.65982 22.68632 17.43418 15.12716 15.12716 15.12716 15.12716 15.12716 15.12716 15.12716 15.12716 15.12716 15.12716 15.12716
46.92442 46.92442 46.92442 46.92442 46.92442 40.63327 23.06922 23.06922 23.06922 23.06922 23.06922 23.06922 23.06922 23.06922 23.06922 23.06922 23.06922 23.06922 23.06922 23.06922 23.06922 23.06922 23.06922 24.74457 28.60741 28.60741 28.60741 28.60741 28.60741 28.60741 28.60741 28.60742 28.60741 28.60741 28.60741 28.60741 28.60741 28.60742 32.15701 60.73672 65.117 65.117 65.117 65.117 60.37476 27.08282 25.98923 25.98923 25.98923 25.98923 25.98923 25.98923 25.98923 25.98923 25.98923 25.98923 25.98923 25.98923 25.98923 25.98923 25.49588 23.19427 22.80275 22.76286 18.69066 15.17211 15.12716 15.12716 15.12716 15.12716 15.12716 15.12716 15.12716 15.12716 15.12716
46.92442 46.92442 46.92442 46.92442 46.92442 40.97938 23.06922 23.06922 23.06922 23.06922 23.06922 23.06922 23.06922 23.06922 23.06922 23.06922 23.06922 23.06922 23.06922 23.06922 23.06922 23.06922 23.06922 23.16597 25.1095 28.18609 28.60742 28.60742 28.60742 28.60742 28.60742 28.60742 28.60742 28.60742 28.60742 28.60742 28.60742 29.73207 57.16819 65.11701 65.11701 65.11701 65.11701 65.11701 55.56788 26.03194 25.98923 25.98923 25.98923 25.98923 25.98923 25.98923 25.98923 25.98923 25.98923 25.98923 25.98923 25.98923 25.98923 25.30472 23.05046 22.80275 22.80275 22.80275 22.80275 21.0137 16.87183 15.12716 15.12716 15.12717 15.12717 15.12716 15.12716 15.12716 15.12716
46.92442 46.92442 46.92442 46.92442 46.92442 46.81969 32.40668 26.51673 23.06922 23.06922 23.06922 23.06922 23.06922 23.06922 23.06922 23.06922 23.06922 23.06922 23.06922 23.06922 23.06922 23.06922 23.06922 23.06922 23.06922 23.14535 28.26838 28.60742 28.60742 28.60742 28.60742 28.60742 28.60742 28.60742 28.60742 28.60742 28.66285 51.83573 65.11701 65.11702 65.11701 65.11702 65.11701 65.11702 65.09732 42.24341 27.25728 25.98923 25.98923 25.98923 25.98923 25.98923 25.98923 25.98923 25.98923 25.98923 25.98923 25.98923 42.13082 34.58855 22.80274 22.80274 22.80274 22.80275 22.80274 22.80274 22.67956 20.45793 18.35683 16.22248 15.12717 15.12717 15.12717 15.12717 15.12717
46.92442 46.92442 46.92442 46.92442 46.92442 46.92442 46.92442 44.70993 27.03176 23.06922 23.06922 23.06922 23.06922 23.06922 23.06922 23.06922 23.06922 23.06922 23.06922 23.06922 23.06922 23.06922 23.06922 23.06922 23.06922 23.08464 27.82526 28.60742 28.60741 28.60742 28.60741 28.60742 28.60741 28.60742 28.60741 28.60742 49.41347 65.11701 65.117 65.11701 65.117 65.11701 65.117 65.11701 65.11701 65.117 34.38823 25.98923 25.98923 25.98923 25.98923 25.98923 25.98923 25.98923 25.98923 25.98923 27.8847 57.18282 94.46664 95.79032 75.70292 43.97406 23.24605 22.80275 22.80274 22.80275 22.80274 22.80275 22.80274 22.79974 21.32328 18.63762 16.7105 16.7917 16.55935
46.92442 46.92442 46.92442 46.92442 46.92442 46.92442 46.92442 44.91241 25.2382 23.06922 23.06922 23.06922 23.06922 23.06922 23.06922 23.06922 23.06922 23.06922 23.06922 23.06922 23.06922 23.06922 23.06922 23.06922 23.06922 23.06922 25.19508 28.60742 28.60742 28.60742 28.60742 28.60741 28.60742 28.60742 28.60742 50.78225 95.64212 83.51794 66.82006 65.11701 65.11701 65.11701 65.11701 65.11701 65.11701 65.11701 63.5787 50.04631 33.8959 25.98923 25.98923 25.98923 25.98923 26.76539 42.95445 65.01189 88.42027 96.11691 96.11692 96.11693 96.11692 96.11693 85.11465 52.99919 24.71489 22.80275 22.80275 22.80274 22.80275 22.80275 22.80275 22.80275 22.80275 22.80275 22.80275
46.92442 46.92442 46.92442 46.92442 46.92442 46.92442 46.92442 31.3557 23.06922 23.06922 23.06922 23.06922 23.06922 23.06922 23.06922 23.06922 23.06922 23.06922 23.06922 23.06922 23.06922 23.06922 23.06922 23.06922 23.06922 23.06922 23.78709 28.60271 28.60742 28.60742 28.60742 28.60741 28.60742 28.60741 41.34908 93.23184 96.11693 96.11691 92.60654 73.47619 65.11701 65.11701 65.11701 65.11701 65.11702 65.11701 65.11701 65.11701 64.13608 50.12425 30.57835 25.98923 49.13351 88.46078 96.11693 96.11693 96.11693 96.11691 96.11693 96.11691 96.11693 95.87047 73.43181 46.68003 36.9145 22.80275 22.80274 22.80274 22.80274 22.80274 22.80274 22.80274 22.80274 22.80274 22.80274
35.65917 42.10555 46.76668 46.92442 46.92442 46.92442 46.46364 28.99323 23.06922 23.06922 23.06922 23.06922 23.06922 23.06922 23.06922 23.06922 23.06922 23.06922 23.06922 23.06922 23.06922 23.06922 23.06922 23.06922 23.06922 23.06922 23.06922 25.65348 28.60742 28.60742 28.60742 28.60741 28.60742 34.51249 88.06287 96.11692 96.11692 96.11691 96.11692 95.87859 81.31699 65.59914 65.11701 65.11701 65.11701 65.11701 65.11701 65.11701 65.11701 65.72795 56.9681 38.8952 94.27901 96.11692 96.11692 96.11692 96.11692 96.11691 96.11692 96.11692 96.11692 81.64644 22.80274 22.80274 22.80274 22.80275 22.80274 22.80275 22.80274 22.80275 22.80274 22.80274 22.80275 22.80274 22.80275
10.69448 10.69448 13.58761 22.49763 31.57789 38.81075 40.5247 35.36451 20.98219 16.91793 16.92132 15.23442 11.91936 11.60385 11.32987 12.52711 14.45663 16.38625 18.31595 20.24575 22.17581 23.06922 23.06922 23.06922 23.06922 23.06922 23.06922 23.21109 27.87423 28.60742 28.60741 28.60742 30.27275 80.29704 96.11691 96.11692 96.11692 96.11692 96.11692 96.11692 96.11691 90.00591 84.26452 82.95933 81.65411 80.57284 83.20009 87.14142 91.08249 94.93017 96.03886 94.04906 96.11691 96.11692 96.11691 96.11692 96.11691 96.11692 96.11691 96.11692 96.11691 59.52009 22.80274 22.80275 22.80274 22.80274 22.80274 22.80274 22.80274 22.80275 22.80275 22.80274 22.80274 22.80274 22.80274
10.69448 10.69448 10.69448 10.69448 10.69448 10.69876 10.80739 10.96074 11.11408 11.25637 11.2859 8.556503 2.334874 2.334874 2.334874 2.334874 2.334874 2.334874 2.334874 2.334874 2.337058 3.457307 6.475836 10.18907 13.90264 17.61656 21.32892 23.06922 24.97601 28.60741 28.60742 28.63018 69.93406 96.11691 96.11692 96.11691 96.11692 96.11691 96.11692 96.11691 96.11692 96.11692 96.11692 96.11691 96.11692 96.11691 96.11692 96.11691 96.11692 96.11692 96.11691 96.11692 96.11691 96.11691 125.2752 104.7946 96.11692 96.11691 96.11692 96.11691 96.11692 37.39374 22.80274 22.80274 22.80274 22.80274 22.80274 22.80274 22.80274 22.80274 22.80274 22.80274 22.80274 22.80274 22.80274
10.69448 10.69514 10.78544 10.9388 11.09214 11.24118 11.2859 11.2859 11.2859 11.2859 11.2859 9.203395 2.334874 2.334874 2.334874 2.334874 2.334874 2.334874 2.334874 2.334874 2.334874 2.334874 2.334874 2.334874 2.334874 2.334874 2.336774 4.310068 5.779539 12.90291 28.60742 57.98531 96.11692 96.11691 96.11692 96.11691 96.11692 96.11691 96.11692 96.11691 96.11692 96.11691 96.11692 96.11691 96.11691 96.11691 96.11692 96.11691 96.11692 96.11691 96.11691 96.11691 96.11693 95.38797 303.3455 408.7217 311.1204 115.0972 96.11692 96.11691 92.36982 64.58975 56.49014 56.0813 62.93446 58.58402 50.35374 42.12268 33.88899 25.71789 22.80274 22.80275 22.80274 22.80274 22.80274
11.07019 11.22285 11.2859 11.2859 11.2859 11.2859 11.2859 11.2859 11.2859 11.2859 11.2859 7.925817 2.334874 2.334874 2.334874 2.334874 2.334874 2.334874 2.334874 2.334874 2.334874 2.334874 2.334874 2.334874 2.334874 2.334874 2.334874 2.334874 2.334874 2.655811 9.067519 62.36766 95.36905 96.11692 96.11691 96.11692 96.11691 96.11692 96.11691 96.11692 96.11691 96.11692 96.11691 96.11692 96.11692 96.11692 96.11691 96.11692 96.11691 96.11692 96.11692 96.11692 95.37941 63.79269 67.2912 198.1881 322.8291 362.0401 146.0557 95.62192 77.37592 68.174 68.174 68.174 68.174 68.174 68.174 68.174 68.174 68.06534 62.68328 54.3868 41.83255 22.80274 22.80274
11.2859 11.2859 11.2859 11.2859 11.2859 11.2859 11.2859 11.2859 11.2859 11.2859 11.20614 4.356666 2.334874 2.334874 2.334874 2.334874 2.334874 2.334874 2.334874 2.334874 2.334874 2.334874 2.334874 2.334874 2.334874 2.334874 2.334874 2.334874 2.334874 2.334874 2.334874 2.334874 26.32279 86.54657 96.11693 96.11691 96.11693 96.11691 96.11693 96.11691 96.11693 96.11691 96.11693 96.11691 96.11691 96.11691 96.11693 96.11691 96.11693 96.11691 96.11691 82.38609 48.52636 37.54842 37.54843 37.54842 37.54843 280.2626 394.1886 166.7984 68.174 68.174 68.174 68.174 68.174 68.174 68.174 68.174 68.174 68.174 68.174 69.71402 75.79876 39.58551 22.80274
11.2859 11.2859 11.2859 11.2859 11.2859 11.2859 11.2859 11.2859 11.2859 11.04838 6.189795 2.334874 2.334874 2.334874 2.334874 2.334874 2.334874 2.334874 2.334874 2.334874 2.334874 2.334874 2.334874 2.334874 2.334874 2.334874 2.334874 2.334874 2.334874 2.334874 2.334874 2.334874 2.334874 10.05747 69.93664 96.11691 96.11693 96.11691 96.11693 96.11691 96.11693 96.11691 96.11693 96.11691 96.11691 96.11691 96.11693 96.11691 96.11693 90.4539 58.85054 37.76651 37.54843 37.54842 37.54843 37.54842 37.54843 37.54842 57.64837 70.88535 68.17401 68.174 68.17401 68.174 68.17401 68.174 68.17401 68.174 68.17401 68.174 68.49233 74.12592 76.1572 72.93555 30.29282
11.2859 11.2859 11.2859 11.2859 11.2859 11.2859 11.2859 11.2859 10.7219 3.460076 2.334874 2.334874 2.334874 2.334874 2.334874 2.334874 2.334874 2.334874 2.334874 2.334874 2.334874 2.334874 2.334874 2.334874 2.334874 2.334874 2.334874 2.334874 2.334874 2.334874 2.334874 2.334874 2.334874 2.334874 3.037879 68.06342 96.11691 96.11692 96.11691 96.11692 96.11691 96.11692 96.11691 96.11692 96.11692 96.11692 96.11691 95.00629 69.9129 40.76184 37.54843 37.54843 37.54843 37.54843 37.54843 37.54843 37.54843 69.97548 80.96996 68.65464 68.174 68.174 69.9831 71.80585 71.30033 70.6706 69.83103 68.91377 68.21231 68.58037 74.23082 76.1572 76.1572 76.1572 66.28445
11.2859 11.2859 11.2859 11.2859 11.2859 11.2859 11.2859 11.2859 10.27688 2.880199 2.334874 2.334874 2.334874 2.334874 2.334874 2.334874 2.334874 2.334874 2.334874 2.334874 2.334874 2.334874 2.334874 2.334874 2.334874 2.334874 2.334874 2.334874 2.334874 2.334874 2.334874 2.334874 2.334874 2.334874 2.334874 8.994804 84.79654 96.11692 96.11691 96.11691 96.11691 96.11691 96.11691 96.11692 96.11692 96.11692 80.90234 47.27184 37.54843 37.54843 37.54843 37.54843 37.54843 37.54843 37.54843 39.01525 61.18343 88.35967 88.94884 72.13565 68.19962 71.37643 75.94015 76.1572 76.1572 76.1572 76.1572 76.1572 75.91999 75.65992 76.1572 76.1572 76.1572 76.1572 76.1572
11.2859 11.2859 11.2859 11.2859 11.2859 11.2859 11.2859 10.92833 8.910705 3.859335 2.370932 2.334874 2.334874 2.334874 2.334874 2.334874 2.334874 2.334874 2.334874 2.334874 2.334874 2.334874 2.334874 2.334874 2.334874 2.334874 2.334874 2.334874 2.334874 2.334874 2.334874 2.334874 2.334874 2.334874 2.334874 2.334874 23.33129 94.39655 96.11692 96.11692 96.11692 96.11692 96.11692 96.11692 89.48738 57.22292 37.62239 37.54843 37.54843 37.54843 37.54843 37.54843 37.54843 37.59313 53.9929 82.03778 88.94885 88.94884 88.94885 82.56963 77.43506 76.1572 76.1572 76.1572 76.1572 76.1572 76.1572 76.1572 76.1572 76.1572 76.1572 76.1572 76.1572 76.1572 77.65946
11.2859 11.2859 11.2859 11.2859 11.06036 8.676697 6.412382 4.796798 4.670734 4.670734 4.435722 3.552684 2.792325 2.405707 2.334874 2.334874 2.334874 2.334874 2.334874 2.334874 2.334874 2.334874 2.334874 2.334874 2.334874 2.334874 2.334874 2.334874 2.334874 2.334874 2.334874 2.334874 2.334874 2.334874 2.334874 2.334874 2.334874 45.91965 96.11692 96.11692 96.11692 96.11692 94.55704 68.28513 40.10058 37.54843 37.54843 37.54843 37.54843 37.54843 37.54843 37.54843 45.71767 75.1676 88.94884 88.94885 88.94885 88.94885 88.94884 87.61026 81.21976 76.1572 76.1572 76.1572 76.1572 76.1572 76.1572 76.1572 76.1572 76.1572 76.1572 76.1572 79.92458 86.07519 90.51406
10.84398 11.2859 11.2859 11.15653 6.104651 4.670734 4.670734 4.670734 4.670734 4.670734 4.670734 4.670734 4.670734 4.510634 3.211266 2.334874 2.334874 2.334874 2.334874 2.334874 2.334874 2.334874 2.334874 2.334874 2.334874 2.334874 2.334874 2.334874 2.334874 2.334874 2.334874 2.334874 2.334874 2.334874 2.334874 2.334874 2.334874 2.898804 69.66383 96.11692 96.11692 79.34248 46.09342 37.54843 37.54843 37.54843 37.54843 37.54843 37.54843 37.54843 44.06695 68.37805 88.04322 88.94885 88.94885 88.94885 88.94885 88.94885 88.94885 88.94885 88.74904 96.49051 80.80818 76.1572 76.1572 76.1572 76.1572 76.1572 76.1572 76.1572 76.54204 84.78506 90.75291 90.76205 90.76205
5.46443 10.12311 11.2859 8.4002 4.670734 4.670734 4.670734 4.670734 4.670734 4.670734 4.670734 4.670734 4.670734 4.670734 3.818187 2.334874 2.334874 2.334874 2.334874 2.334874 2.334874 2.334874 2.334874 2.334874 2.334874 2.334874 2.334874 2.334874 2.334874 2.334874 2.334874 2.334874 2.334874 2.334874 2.334874 2.334874 2.334874 2.334874 10.12647 78.06091 55.59533 37.55434 37.54842 37.54843 37.54843 37.54843 37.54842 37.54843 45.8782 69.89026 87.98121 88.94884 88.94884 88.94884 88.94884 88.94885 88.94885 88.94885 88.94884 88.94885 100.6358 143.9141 129.8331 76.1572 76.1572 76.1572 76.1572 76.1572 76.1572 77.96833 87.65038 90.76205 90.76205 90.76205 90.76205
4.670734 5.386029 8.90202 5.072036 4.670734 4.670734 4.670734 4.670734 4.670734 4.670734 4.670734 4.670734 4.670735 4.670734 4.182456 2.337697 2.334874 2.334874 2.334874 2.334874 2.334874 2.334874 2.334874 2.334874 2.334874 2.334874 2.334874 2.334874 2.334874 2.334874 2.334874 2.334874 2.334874 2.334874 2.334874 2.334874 2.334874 2.334874 2.334874 9.950371 36.62514 37.54843 37.54843 37.54843 37.54843 37.54843 48.08931 72.26486 88.58247 88.94884 88.94884 88.94884 88.94884 88.94884 88.94884 88.94884 88.94884 88.94885 98.76682 130.239 153.2743 153.9891 146.3019 80.01857 76.48505 76.1572 76.1572 77.7627 84.62193 90.32965 90.76205 90.76205 90.76205 90.76205 90.76205
4.670734 4.670734 4.670734 4.670734 4.670734 4.670734 4.670734 4.670734 4.670734 4.670734 4.670734 4.670734 4.670734 4.670734 4.670734 3.931791 2.406063 2.334874 2.334874 2.334874 2.334874 2.334874 2.334874 2.334874 2.334874 2.334874 2.334874 2.334874 2.334874 2.334874 2.334874 2.334874 2.334874 2.334874 2.334874 2.334874 2.334874 2.334874 2.334874 2.334874 16.55529 37.54843 37.54843 37.55696 50.59225 75.48283 88.90309 88.94885 88.94885 88.94885 88.94885 88.94885 88.94885 88.94885 88.94885 88.94885 99.23971 130.8122 153.2137 153.9891 153.9891 153.9891 152.9325 140.8117 76.59921 77.7329 84.17984 90.35349 90.76205 90.76205 90.76205 90.76205 90.76205 90.76205 90.76205
4.670735 4.670735 4.670735 4.670734 4.670735 4.670735 4.670734 4.670735 4.670734 4.670734 4.670735 4.670735 4.670734 4.670734 4.670735 4.670735 3.91784 2.378586 2.334874 2.334874 2.334874 2.334874 2.334874 2.334874 2.334874 2.334874 2.334874 2.334874 2.334874 2.334874 2.334874 2.334874 2.334874 2.334874 2.334874 2.334874 2.334874 2.334874 2.334874 2.334874 2.337467 24.27806 53.24501 77.50792 88.94885 88.94886 88.94885 88.94886 88.94885 88.82513 74.09534 87.76339 88.94885 88.94886 99.72373 131.4108 153.3394 153.9891 153.9892 153.9892 153.9892 153.9892 153.9892 151.042 94.37048 90.08871 90.76205 90.76206 90.76205 90.76205 90.76205 90.76205 90.76205 90.76205 90.76206
4.670734 4.670734 4.670734 4.670734 4.670734 4.670734 4.670734 4.670734 4.670734 4.670734 4.670734 4.670734 4.670734 4.670734 4.670734 4.670734 4.670734 3.848333 2.354363 2.334874 2.334874 2.334874 2.334874 2.334874 2.334874 2.334874 2.334874 2.334874 2.334874 2.334874 2.334874 2.334874 2.334874 2.334874 2.334874 2.334874 2.334874 2.334874 2.334874 2.334874 2.334874 5.012728 71.5723 88.94884 88.94884 88.94884 88.94884 88.94884 77.05573 48.00917 35.92888 54.70824 99.91572 132.0093 153.4541 153.9891 153.9891 153.9891 153.9891 153.9891 153.9891 153.9891 149.0702 152.9786 149.7629 127.8203 95.20103 90.76205 90.76205 90.76205 90.76205 90.76205 90.76205 90.76205 90.76205
4.670734 4.670734 4.670735 4.670734 4.670735 4.670735 4.670735 4.670734 4.670735 4.670734 4.670735 4.670734 4.670734 4.670734 4.670735 4.670734 4.670735 4.670734 3.554944 2.334874 2.334874 2.334874 2.334874 2.334874 2.334874 2.334874 2.334874 2.334874 2.334874 2.334874 2.334874 2.334874 2.334874 2.334874 2.334874 2.334874 2.334874 2.334874 2.334874 2.334874 2.334874 2.334874 12.91833 82.28255 88.94885 88.94885 81.76944 53.63609 36.07858 35.92888 35.92888 35.92888 88.18736 153.9801 153.9891 153.9891 153.9891 153.9892 153.9891 153.9891 153.2543 122.7122 80.82439 90.83804 141.3072 153.9891 110.3786 86.06233 88.21265 90.76206 90.76205 90.76205 90.76206 90.76205 90.76206
4.670734 4.670734 4.670734 4.670734 4.670734 4.670734 4.670734 4.670734 4.670734 4.670734 4.670734 4.670734 4.670734 4.670734 4.670734 4.670734 4.670734 4.670734 4.626854 2.470529 2.334874 2.334874 2.334874 2.334874 2.334874 2.334874 2.334874 2.334874 2.334874 2.334874 2.334874 2.334874 2.334874 2.334874 2.334874 2.334874 2.334874 2.334874 2.334874 2.334874 2.334874 2.334874 2.334874 25.75815 84.51579 59.75482 37.27744 35.92888 35.92888 35.92888 35.92888 35.92888 35.92888 100.3748 153.9891 153.9891 153.9891 153.9891 153.9891 135.0611 90.31948 75.01115 75.01115 75.01116 77.61599 92.23487 76.55061 75.40314 81.96866 90.76205 90.76205 90.76205 90.76205 90.76205 90.76205
4.670734 4.670734 4.670734 4.670734 4.670734 4.670734 4.670734 4.670734 4.670734 4.670734 4.670734 4.670734 4.670734 4.670734 4.670734 4.670734 4.670734 4.670734 4.215742 2.369097 2.334874 2.334874 2.334874 2.334874 2.334874 2.334874 2.334874 2.334874 2.334874 2.334874 2.334874 2.334874 2.334874 2.334874 2.334874 2.334874 2.334874 2.334874 2.334874 2.334874 2.334874 2.334874 2.334874 2.334874 19.74626 35.92888 35.92888 35.92888 35.92888 35.92888 35.92888 35.92888 35.92888 36.70258 113.8738 153.9891 153.9891 142.2128 81.44007 70.15253 75.01115 75.01116 75.01115 75.01116 75.01115 75.01115 75.01115 75.01116 77.97801 54.50107 70.17998 90.76205 90.76205 90.76205 90.76205
4.670735 4.670735 4.670734 4.670735 4.670734 4.670735 4.670735 4.670735 4.670734 4.670734 4.670734 4.670735 4.670734 4.670735 4.670734 4.670735 4.670734 4.670734 4.530966 2.819016 2.334874 2.334874 2.334874 2.334874 2.334874 2.334874 2.334874 2.334874 2.334874 2.334874 2.334874 2.334874 2.334874 2.334874 2.334874 2.334874 2.334874 2.334874 2.334874 2.334874 2.334874 2.334874 2.334874 2.334874 2.470469 25.2625 35.92888 35.92888 35.92888 35.92888 35.92888 35.92888 35.92888 35.92888 39.3622 122.7748 98.32081 41.75854 35.92888 40.78848 70.31541 75.01115 75.01116 75.01115 75.01116 75.01115 75.01116 72.36032 53.75781 36.39368 35.94672 161.7058 209.5216 232.8655 256.2065
4.670734 4.670734 4.670734 4.670734 4.670734 4.670734 4.670734 4.670734 4.670734 4.670734 4.670734 4.670734 4.670734 4.670734 4.670734 4.670734 4.670734 4.670734 4.670735 4.267519 2.341603 2.334874 2.334874 2.334874 2.334874 2.334874 2.334874 2.334874 2.334874 2.334874 2.334874 2.334874 2.334874 2.334874 2.334874 2.334874 2.334874 2.334874 2.334874 2.334874 2.334874 2.334874 2.334874 2.334874 2.334874 4.17418 30.74014 35.92888 35.92888 35.92888 35.92888 35.92888 35.92888 35.92888 35.92888 36.02991 35.92888 35.92888 35.92888 35.92888 41.23376 70.73382 75.01116 75.01116 71.29681 60.59457 49.73093 38.34763 35.92888 35.92888 38.42785 272.2897 295.4099 295.4099 290.8572
4.670734 4.670734 4.670734 4.670734 4.670734 4.670734 4.670734 4.670734 4.670734 4.670734 4.670734 4.670734 4.670734 4.670734 4.670734 4.670734 4.670734 4.670734 4.670734 4.670734 2.972988 2.334874 2.334874 2.334874 2.334874 2.334874 2.334874 2.334874 2.334874 2.334874 2.334874 2.334874 2.334874 2.334874 2.334874 2.334874 2.334874 2.334874 2.334874 2.334874 2.334874 2.334874 2.334874 2.334874 2.334874 2.334874 7.830307 34.26537 35.92888 35.92888 35.92888 35.92888 35.92888 35.92888 35.92888 35.92888 35.92888 35.92888 35.92888 35.92888 35.92888 41.69857 54.05847 43.24044 36.09171 35.92888 35.92888 35.92888 35.92888 35.92888 36.26084 214.4582 295.4099 295.4099 191.92
4.670734 4.670734 4.670734 4.670734 4.670734 4.670734 4.670734 4.670734 4.670734 4.670734 4.670734 4.670734 4.670734 4.670734 4.670734 4.670734 4.670734 4.670734 4.670734 4.670734 3.98825 2.334874 2.334874 2.334874 2.334874 2.334874 2.334874 2.334874 2.334874 2.334874 2.334874 2.334874 2.334874 2.334874 2.334874 2.334874 2.334874 2.334874 2.334874 2.334874 2.334874 2.334874 2.334874 2.334874 2.334874 2.334874 2.334874 13.43913 35.83791 35.92888 35.92888 35.92888 35.92888 35.92888 35.92888 35.92888 35.92888 35.92888 35.92888 35.92888 35.92888 35.92888 35.92888 35.92888 35.92888 35.92888 35.92888 35.92888 35.92888 35.92888 37.55448 226.9531 295.4099 290.6392 0
