Scenarios/Heterogeneous/data/country_data_population_distribution/processed/density_grids/syr.asc
ncols 177
nrows 127
xllcorner 35
yllcorner 32
[rows 0 to 33 of 127, columns 75 to 149 of 177]
0 0 0 0 0 0 0 0 0 0 0 0 0 0 0 0 0 0 0 0 0 0 0 0 0 0 0 0 0 0 0 0 0 0 0 0 0 0 0 0 0 0 0 0 0 0 0 0 0 0 0 0 0 0 0 0 0 0 0 0 0 0 0 0 0 0 0 0 0 0 0 0 0 0 0
0 0 0 0 0 0 0 0 0 0 0 0 0 0 0 0 0 0 0 0 0 0 0 0 0 0 0 0 0 0 0 0 0 0 0 0 0 0 0 0 0 0 0 0 0 0 0 0 0 0 0 0 0 0 0 0 0 0 0 0 0 0 0 0 0 0 0 0 0 0 0 0 0 0 0
0 0 0 0 0 0 0 0 0 0 0 0 0 0 0 0 0 0 0 0 0 0 0 0 0 0 0 0 0 0 0 0 0 0 0 0 0 0 0 0 0 0 0 0 0 0 0 0 0 0 0 0 0 0 0 0 0 0 0 0 0 0 0 0 0 0 0 0 0 0 0 0 0 0 0
0 0 0 0 0 0 0 0 0 0 0 0 0 0 0 0 0 0 0 0 0 0 0 0 0 0 0 0 0 0 0 0 0 0 0 0 0 0 0 0 0 0 0 0 0 0 0 0 0 0 0 0 0 0 0 0 0 0 0 0 0 0 0 0 0 0 0 0 0 0 0 0 0 0 0
0 0 0 0 0 0 0 0 0 0 0 0 0 0 0 0 0 0 0 0 0 0 0 0 0 0 0 0 0 0 0 0 0 0 0 0 0 0 0 0 0 0 0 0 0 0 0 0 0 0 0 0 0 0 0 0 0 0 0 0 0 0 0 0 0 0 0 98.27867 90.30991 104.3835 81.30715 80.30946 88.65079 96.08849 171.5503
0 0 0 0 0 0 0 0 0 0 0 0 0 0 0 0 0 0 0 0 0 0 0 0 0 0 0 0 0 0 0 0 0 0 0 0 0 0 0 0 0 0 0 0 0 0 0 0 0 0 0 0 0 0 0 0 0 0 0 0 0 0 0 0 108.5665 85.19367 82.42309 81.19537 79.87631 79.87631 79.87632 79.87633 79.87631 79.87631 236.7053
0 0 0 0 0 0 0 0 0 0 0 0 0 0 0 0 0 0 0 0 0 0 0 0 0 0 0 0 0 0 0 0 0 0 0 0 0 0 0 0 0 0 0 0 0 0 0 0 0 0 0 0 0 0 0 0 0 0 0 0 0 114.2424 96.26184 82.42309 82.42308 82.42308 82.42308 81.10085 79.87633 79.87633 79.87633 79.87633 79.87633 79.87633 135.8704
0 0 0 0 0 0 0 0 0 0 0 0 0 0 0 0 0 0 0 0 0 0 0 0 0 0 0 0 0 0 0 0 0 0 0 0 0 0 0 0 0 0 0 0 0 0 0 0 0 0 0 0 0 0 0 0 0 0 102.0272 82.08263 82.42309 82.42308 82.42309 82.42308 82.42309 82.42308 82.42309 81.27859 79.87633 79.87632 79.87632 79.87633 79.87632 79.87632 79.87632
0 0 0 0 0 0 0 0 0 0 0 0 0 0 0 0 0 0 0 0 0 0 0 0 0 0 0 0 0 0 0 0 0 0 0 0 0 0 0 0 0 0 0 0 0 0 0 0 0 0 0 0 0 0 0 0 92.33036 64.2347 64.87605 80.75026 82.42308 82.42308 82.42308 82.42307 82.42307 82.42308 82.42308 81.46115 79.87633 79.87633 79.87633 79.87633 79.87633 79.87633 179.1806
0 0 0 0 0 169.3973 165.5194 163.0963 167.4063 171.3104 173.5063 0 0 0 0 0 0 0 0 0 0 0 0 0 0 0 0 0 0 0 0 0 0 0 0 0 0 0 0 0 0 0 0 0 0 0 0 0 0 0 0 0 0 0 51.80999 63.05943 63.22753 63.22753 77.82009 82.42308 82.42308 82.42308 82.42308 82.42308 82.42308 82.42308 81.51583 80.13579 79.87631 79.87632 79.87632 79.87632 79.87632 79.87632 289.3273
0 0 0 224.8755 189.2774 159.6952 159.6952 159.6952 159.6952 159.6952 159.6952 159.6952 164.0341 173.9632 0 0 0 0 0 0 0 0 0 0 0 0 0 0 0 0 0 0 0 0 0 0 0 0 0 0 0 0 0 0 0 0 0 0 0 0 0 56.65023 62.01626 63.22752 63.22753 63.22753 63.22753 63.22753 81.73919 82.42308 82.42308 82.42308 82.42308 82.42308 82.42308 82.42309 80.93019 79.87631 79.87632 79.87632 79.87632 79.87632 79.87632 79.87632 142.5287
151.5137 199.6109 232.2928 232.9111 228.385 192.2116 174.2711 159.6952 159.6952 159.6952 159.6952 159.6952 159.6952 159.6952 160.6676 0 0 0 0 0 0 0 0 0 0 0 0 0 0 0 0 0 0 0 0 0 0 0 0 0 0 0 0 0 0 0 0 0 0 57.99486 63.21628 63.22752 63.22753 63.22752 63.22752 63.22752 63.22752 63.22752 76.95846 82.42308 82.42308 82.42308 82.42308 82.42308 82.42308 82.42308 81.84255 84.46237 95.32712 88.95695 83.2633 79.87632 79.87632 79.71236 69.49389
212.3229 215.8097 232.9111 232.9111 232.9112 232.9112 203.9435 159.6952 159.6952 159.6952 159.6952 159.6952 159.6952 159.6952 159.6952 159.6878 0 0 0 0 0 0 0 0 0 0 0 0 0 0 0 0 0 0 0 0 0 0 0 0 0 0 0 0 0 0 54.27966 61.50602 63.22753 63.22753 63.22754 63.22754 63.22753 63.22753 63.22753 63.22754 63.22753 64.16959 69.11268 77.32269 82.44987 98.59591 107.6031 109.6222 114.7785 122.5126 123.0535 137.6207 149.1779 149.1779 144.0105 72.09624 71.65422 66.83841 62.5258
212.3229 212.3229 228.4141 232.9111 232.9111 232.9112 222.6428 144.4523 122.8042 159.2173 144.8968 159.6952 159.5942 142.7485 159.6952 159.6952 145.2454 138.8702 0 0 0 0 0 0 0 0 0 0 0 0 0 0 0 0 0 0 0 0 0 0 0 52.50338 59.27549 61.33413 62.97529 63.22753 63.22753 63.22753 63.22753 63.22753 63.22753 63.22753 63.22753 63.22753 63.37196 65.4294 65.97696 67.2029 67.83596 67.83597 88.46715 149.1779 149.1779 149.178 149.1779 149.1779 149.1779 149.1779 149.1779 149.1779 146.9342 70.26492 62.52581 62.52581 62.52581
212.3228 212.3229 212.376 232.9111 232.9111 176.1032 147.0107 68.75512 56.07471 66.59747 63.2195 86.08163 97.73369 59.92356 76.34981 96.05302 105.965 130.4124 130.3524 134.7325 136.7136 137.3043 137.0381 136.5245 134.9805 133.3914 131.2717 74.48325 0 0 0 0 0 44.37398 39.71787 36.60153 32.44584 51.73679 63.16967 63.22752 63.22752 63.22752 63.22752 63.22752 63.22752 63.22753 63.22753 63.22752 63.22753 63.22752 63.22752 63.22752 63.22752 63.22752 63.25425 66.6096 67.83596 67.83596 67.83597 67.83596 106.8044 149.1779 149.1779 149.1779 149.1779 149.1779 149.1779 149.1779 149.1779 149.1779 141.3771 62.52581 62.5258 62.52581 62.5258
212.424 216.9044 243.3679 260.0975 260.0976 254.5098 56.4513 56.07472 56.07471 56.07472 56.07471 56.07472 56.07471 56.07472 56.63232 120.3804 95.20969 99.55462 126.9245 129.5867 129.5867 129.5867 129.5867 129.5867 129.5867 129.5867 99.58138 24.57032 20.9506 20.9506 21.63855 20.9506 20.9506 20.9506 20.9506 20.9506 20.9506 24.80601 58.86996 63.22752 63.22753 63.22753 63.22753 63.22752 63.22752 63.22752 63.22753 63.22752 63.22753 63.22752 63.22752 63.22752 63.22753 63.22913 64.06367 67.03809 67.83596 67.83596 67.83596 67.83595 82.59752 100.6072 121.5987 148.8374 149.1779 149.1779 149.178 149.1779 149.178 125.0521 84.37286 62.52581 62.5258 62.52581 62.5258
248.439 257.9628 260.0975 260.0975 260.0975 260.0975 167.8846 56.07472 56.07472 56.07472 56.07472 56.07472 56.07471 56.07472 56.07472 76.33018 62.50487 88.83685 102.8204 76.47269 93.43156 129.5867 129.5867 129.5867 110.5146 67.95101 58.94596 20.9506 20.9506 20.9506 20.9506 20.9506 20.9506 20.9506 20.9506 20.9506 20.9506 20.9506 28.4882 58.6688 63.22753 63.22753 63.22753 63.22753 63.22752 63.22753 63.22753 63.22752 63.22753 63.22753 63.22753 63.4202 65.79678 66.47175 67.83596 67.83596 67.83596 67.83596 67.83596 67.83596 67.83596 67.83596 67.83596 139.7884 149.1779 149.1779 149.1779 149.178 149.1779 141.0983 66.19896 62.52581 62.52581 62.52581 62.52581
260.0975 260.0975 260.0975 260.0975 260.0975 260.0975 259.2085 106.1764 56.07471 56.07471 56.07471 56.07471 56.07472 56.07471 56.07471 56.07471 56.07471 64.8931 51.94583 50.83896 53.78834 98.98606 81.69914 80.33802 68.11906 31.53407 20.9506 20.9506 20.9506 20.9506 20.9506 20.9506 20.9506 20.9506 20.9506 20.9506 20.9506 20.9506 20.9506 26.68264 57.15199 63.22752 63.22752 63.22752 63.22753 63.22752 63.22752 63.22752 63.22752 63.22753 63.22752 63.2794 67.16312 67.83596 67.83596 67.83596 67.83596 67.83596 67.83596 67.83596 67.83596 67.83596 95.63794 149.1486 149.1779 149.1779 149.1779 149.1779 149.1779 149.1779 102.4838 62.5258 62.5258 62.128 62.5258
260.0976 260.0975 244.9652 258.2767 248.733 245.0758 255.0393 79.07685 56.07471 56.07471 56.07471 56.07471 56.07472 56.07471 56.07472 56.07471 55.51315 51.1315 50.83896 50.83896 50.83896 50.83896 50.83896 50.83896 50.83896 41.43758 20.9506 20.9506 20.9506 20.9506 20.9506 20.9506 20.9506 20.9506 20.9506 20.9506 20.9506 20.9506 20.9506 20.9506 23.661 51.22315 63.22752 63.22753 63.22753 63.22753 63.22752 63.22753 63.22752 63.22753 63.22753 63.22753 66.36664 67.83596 67.83596 67.83596 67.83596 67.83596 67.83596 67.83596 67.83596 67.83596 118.6786 149.178 149.1779 149.1779 149.1779 149.1779 149.1779 149.1779 146.2601 75.29451 52.13005 48.09317 35.65036
255.389 216.3376 187.5612 191.7176 188.3251 186.995 186.995 67.42602 56.07471 56.07472 56.07472 56.07472 56.07472 56.07472 56.07472 56.07472 55.38868 51.29902 50.83896 50.83896 50.83896 50.83896 50.83896 50.83896 50.83896 50.77861 29.12049 20.9506 20.9506 20.9506 20.9506 20.9506 20.9506 20.9506 20.9506 20.9506 20.9506 20.9506 20.9506 20.9506 20.9506 21.41719 44.02521 63.21019 63.22753 63.22753 63.22753 63.22753 63.22753 63.22753 63.22753 63.22753 66.59609 67.83596 67.83596 67.83596 67.83596 67.83597 67.83596 67.83596 67.83596 67.84528 142.2517 149.178 149.178 149.178 149.178 149.178 149.1779 149.178 149.178 110.8813 17.34017 28.49329 19.05384
234.1192 187.0041 186.995 186.995 186.995 186.995 177.2477 57.75727 56.07471 56.07472 56.07472 56.07472 56.07472 56.07472 56.07472 56.07472 55.24434 50.83914 50.83896 50.83896 50.83896 50.83896 50.83896 50.83896 50.83896 50.83896 48.64429 25.39415 20.9506 20.9506 20.9506 20.9506 20.9506 20.9506 20.9506 20.9506 20.9506 20.9506 20.9506 20.9506 20.9506 20.9506 20.9506 47.57578 63.22753 63.22753 63.22753 63.22753 63.22753 63.22753 63.22753 64.41351 88.49387 69.37946 87.10921 102.5325 99.7082 99.69875 101.8392 116.1432 138.0587 133.97 149.1779 149.178 149.1779 149.1779 149.1779 149.1779 149.1779 149.1779 149.1779 95.42277 17.17998 17.17998 17.17998
186.995 186.995 186.995 186.995 186.995 146.552 56.07472 56.07471 56.07472 56.07471 56.07471 56.07471 56.07472 56.07471 56.07472 56.07471 52.88393 50.83896 50.83896 50.83896 50.83896 50.83896 50.83896 50.83896 50.83896 50.83896 50.83896 27.95816 20.9506 20.9506 20.9506 20.9506 20.9506 20.9506 20.9506 20.9506 20.9506 20.9506 20.9506 20.9506 20.9506 20.9506 20.9506 26.91305 62.59235 63.22753 63.22753 63.22753 63.22753 63.22753 63.22753 83.72216 149.1779 147.3858 149.1779 149.1779 149.1779 149.1779 149.1779 149.1779 149.1779 149.1779 149.1779 149.1779 149.1779 149.1779 149.1779 149.1779 149.1779 149.1779 149.1779 107.3931 17.17998 17.17998 17.17998
110.0024 122.3414 173.5257 150.4027 174.3381 95.52714 56.07471 56.07471 56.07471 56.07471 56.07471 56.07471 56.07472 56.07471 56.07471 56.07471 53.12948 50.83896 50.83896 50.83896 50.83896 50.83896 51.97061 112.8816 71.80855 52.76225 107.3754 49.50049 20.9506 21.43171 21.3828 20.9506 20.9506 20.9506 20.9506 20.9506 20.9506 20.9506 20.9506 20.9506 20.9506 20.9506 20.9506 20.9506 26.83398 39.73659 58.15912 63.22752 63.22752 63.22752 63.22752 106.9548 149.1779 149.1779 149.1779 149.1779 149.1779 149.1779 149.1779 149.1779 149.1779 149.1779 149.1779 149.1779 149.1779 149.1779 149.1779 149.1779 149.178 123.7119 27.17094 21.28279 17.17998 17.17998 17.17998
46.92442 46.92442 46.92442 46.92442 75.68347 55.82505 56.07471 56.07472 56.07472 56.07472 56.07472 56.07472 56.07471 56.07472 56.07472 56.07472 52.37696 50.83896 50.83896 50.83896 50.83896 53.1903 61.08293 143.6964 170.9008 169.6351 177.9337 169.6149 135.9584 144.0038 173.1495 97.30845 24.48193 20.9506 20.9506 20.9506 20.9506 20.9506 20.9506 20.9506 20.9506 20.9506 20.9506 20.9506 20.9506 20.9506 29.23299 62.80355 63.22753 63.22753 63.22753 129.9423 149.178 147.448 111.1792 139.4658 146.7486 149.1779 149.178 140.3541 136.293 149.178 149.178 149.1779 149.178 149.178 149.178 149.1779 149.1779 125.1351 17.17998 17.17998 17.17998 17.17998 17.17998
46.92442 46.92442 46.92442 46.92442 46.92442 46.84491 42.82256 45.92364 44.04982 52.63351 56.07471 56.07471 56.07472 66.87531 144.8034 67.36621 53.02325 88.38468 50.83896 79.44458 111.0443 161.036 141.9472 177.9337 177.9337 177.9337 177.9337 177.9337 177.9337 177.9337 177.9337 177.9337 159.9582 104.9392 50.16525 22.1659 20.9506 20.9506 20.9506 20.9506 20.9506 20.9506 20.9506 20.9506 20.9506 20.9506 23.27167 49.99086 63.22753 63.22753 57.18893 101.9611 90.14106 50.26688 29.64657 29.64657 33.40753 63.87192 67.24695 36.16475 30.71599 72.0443 104.0238 109.6072 98.21468 80.63958 66.5144 71.19547 85.36393 42.68279 20.16783 18.09084 17.17998 17.17998 17.17998
46.92442 46.92442 46.92442 46.84737 38.85422 38.68202 38.68202 38.68202 38.82793 54.80212 56.07471 47.78355 43.73625 55.93595 160.3619 177.9337 166.8892 161.7664 112.5383 155.442 177.9337 177.9337 177.9337 177.9337 177.9337 177.9337 177.9337 177.9337 177.9337 177.9337 177.9337 177.9337 177.9337 177.9238 74.41655 53.95653 29.78389 22.48036 20.9506 20.9506 20.9506 20.9506 20.9506 20.9506 20.9506 21.07203 24.57812 29.65502 51.14952 54.40213 30.44397 29.64657 29.64657 29.64657 29.64657 29.64657 29.64657 29.64657 29.64657 29.64657 29.64657 29.64657 36.41946 39.78254 30.36586 29.64657 29.64657 29.64657 29.64657 29.64657 29.73672 42.6748 38.47473 29.35065 36.84761
69.62296 46.92442 46.92442 38.68202 38.68202 38.68203 38.68203 38.68202 38.68203 40.92634 53.45508 47.96417 38.68203 39.23315 109.5228 177.9337 177.9337 177.9337 177.9337 177.9337 177.9337 177.9337 177.9337 177.9337 177.9337 177.9337 177.9337 177.9337 177.9337 177.9337 177.9337 177.9337 177.9337 145.8079 60.44123 60.44123 60.44123 60.30489 53.05813 23.06295 23.79066 20.9506 20.9506 20.9506 20.9506 23.80907 25.98923 25.98923 25.98923 29.36453 29.64657 29.64657 29.64657 29.64657 29.64657 29.64657 29.64657 29.64657 29.64657 29.64657 29.64657 31.43256 44.13375 44.85256 38.56913 29.64657 29.64657 29.64657 29.64657 29.65168 34.54496 44.71394 44.85256 44.85256 44.85256
226.0576 161.1994 0 38.68202 38.68202 38.68202 38.68202 38.68202 38.68202 38.68202 41.85502 41.38376 38.68202 38.68202 73.89513 177.6712 177.9337 177.9337 177.9337 177.9337 177.9337 177.9337 177.9337 177.9337 177.9337 177.9337 177.9337 177.9337 177.9337 177.9337 177.9337 177.9337 177.9337 96.3709 60.44123 60.44123 60.44123 60.44123 60.44123 58.31395 58.10436 52.42725 20.9506 20.9506 21.02237 25.59363 25.98923 25.98923 25.98923 26.06621 27.79925 29.64523 29.64657 29.64657 29.64657 29.64657 29.64657 29.64657 29.64657 29.64657 31.58093 42.45798 44.85255 44.85256 43.77766 33.80654 35.24585 39.18903 43.90979 44.66459 44.85256 44.85255 44.85256 44.85255 44.85256
239.2915 239.2915 239.2915 39.38603 38.68203 38.68203 38.68203 38.68203 38.68203 38.68203 38.68203 38.68203 38.68203 38.68203 88.67359 138.4993 177.9337 177.9337 177.9337 177.9337 177.9337 177.9337 177.9337 177.9337 177.9337 177.9337 177.9337 177.9337 177.9337 177.9337 177.9337 177.9337 177.8024 73.92857 60.44123 60.44123 60.44123 60.44123 60.44123 60.44123 60.44123 59.03859 22.67202 20.9506 22.9346 25.90851 25.98923 25.98923 25.98923 25.98923 25.98923 28.80872 29.64657 29.64657 29.64657 29.64657 29.64657 29.64657 29.64657 32.26348 43.47461 44.85256 44.85256 44.85256 44.85256 44.85256 44.85256 44.85256 44.85256 44.85256 44.85256 44.85256 44.85256 44.85256 44.85256
226.7853 239.2915 239.2915 38.68202 38.68202 38.68202 38.68203 38.68202 38.68203 38.68203 38.68203 38.68202 38.68203 39.82813 123.6206 177.9337 177.9337 177.9337 177.9337 177.9337 177.9337 177.9337 177.9337 177.9337 177.9337 177.9337 177.9337 177.9337 162.5147 165.9778 175.7384 177.9337 123.1387 60.44123 60.44123 60.44123 60.44123 60.44123 60.44123 60.44123 60.44123 60.44123 48.35778 21.82928 25.75184 25.98923 25.98923 25.98923 25.98923 25.98923 25.98923 26.21917 27.76386 29.52592 29.64657 29.64657 29.64657 29.64657 29.72023 43.11227 44.85256 44.85256 44.85256 44.85256 44.85256 44.85256 44.85256 44.85256 44.85256 44.85256 44.85256 44.85256 44.85256 44.85256 44.85256
218.7653 239.2916 239.2915 239.2915 38.68202 38.68202 38.68202 38.68203 38.68202 38.68203 38.68202 38.68203 38.68202 38.68203 48.21471 175.7968 177.9337 177.9337 177.9337 177.9337 177.9337 177.9337 177.9337 177.9337 177.9337 177.9337 177.9337 177.9337 116.5332 60.44123 60.46021 91.15813 73.02357 60.44123 60.44123 60.44123 60.44123 60.44123 60.44123 60.44123 60.44123 51.41774 32.06562 25.64919 25.98923 25.98923 25.98923 25.98923 25.98923 25.98923 25.98923 25.98923 25.98923 26.50377 28.01086 29.64657 29.64657 29.64657 31.23813 44.85256 44.85256 44.85256 44.85256 44.85256 44.85256 44.85255 44.85256 44.85256 44.85256 44.85256 42.6365 33.58343 30.1971 29.49804 16.81557
145.0715 239.2915 239.2915 239.2915 239.2915 0 38.68203 38.68203 38.68203 38.68203 38.68203 38.68203 38.68203 38.68202 71.24133 177.9337 177.9337 177.9337 177.9337 177.9337 177.9337 177.9337 177.9337 177.9337 177.9337 177.9337 176.6664 97.20477 95.96487 60.54947 60.44123 60.44123 60.44123 60.44123 60.44123 60.44123 60.44123 60.44123 60.44123 60.44123 56.08481 21.62888 25.84637 25.98923 25.98923 25.98923 25.98923 25.98923 25.98923 25.98923 25.98923 25.98923 25.98923 25.98923 26.03191 27.83584 29.40994 30.35248 40.41104 44.85256 44.85256 44.85256 44.85256 44.85256 44.85256 44.85256 44.85256 44.85256 44.85256 44.85256 23.49285 15.12716 15.12716 15.12716 15.12716
209.2878 237.517 239.2915 239.2916 239.2915 139.6154 23.06922 0 38.68202 38.68202 38.68202 38.68202 38.68202 38.68202 84.67748 177.9337 177.9337 177.9337 177.9337 177.9337 177.9258 131.0506 167.3263 177.9337 177.9337 177.9337 151.4715 113.9723 92.0748 60.44123 60.44123 60.44123 60.44123 60.44123 60.44123 60.44123 60.44123 60.44123 60.44123 60.44123 60.17947 35.3189 25.98923 25.98923 25.98923 25.98923 25.98923 25.98923 25.98923 25.98923 25.98923 25.98923 25.98923 25.98923 25.98923 25.98923 26.19759 31.57012 44.63787 44.85256 44.85255 44.85256 44.85256 44.85256 44.85256 44.85256 44.85255 44.85256 44.85256 44.85256 19.65108 15.12716 15.12716 15.12716 15.12716
46.92442 156.4732 239.2915 239.2915 162.3699 24.70205 23.06922 23.06922 23.06922 0 0 38.68203 38.68202 38.68202 143.112 206.7103 177.9337 177.9337 177.7583 73.51214 52.74441 24.25704 42.89151 64.46994 90.21844 138.6037 94.40224 94.20057 52.88894 60.38995 58.26217 60.44123 60.44123 60.44123 60.44123 60.44123 60.44123 60.44123 60.44123 60.44123 60.44123 55.35481 25.98923 25.98923 25.98923 25.98923 25.98923 25.98923 25.98923 25.98923 25.98923 25.98923 25.98923 25.98923 25.98923 25.98923 25.98923 25.98923 38.38697 44.85256 44.85255 44.85256 44.85255 31.68606 23.55977 24.87691 29.91678 32.84188 33.74548 29.4177 15.14644 15.12716 15.12716 15.12716 15.12716
