Scenarios/Heterogeneous/data/country_data_population_distribution/processed/density_grids/tcd.asc
ncols 264
nrows 395
xllcorner 13
yllcorner 7
cellsize 0.041666666666667
NODATA_value -9999
[rows 279 to 309 of 395, columns 68 to 135 of 264]
10.48427 10.48427 10.48427 10.48427 10.48427 10.48427 10.48427 10.48427 10.48427 10.48427 10.48427 10.48427 10.48427 10.48427 10.48427 10.48427 10.48427 10.48427 10.48427 10.48427 10.48427 10.48427 10.48427 14.82311 19.5178 19.5178 19.5178 19.5178 19.5178 19.5178 19.5178 19.5178 19.5178 19.5178 19.5178 19.5178 19.5178 19.5178 19.5178 19.5178 19.5178 19.5178 20.34551 25.2001 25.53573 25.53573 25.53573 25.53573 25.53573 25.53573 25.53573 25.53573 25.53573 25.53573 25.53573 25.53573 25.53573 25.53573 25.53573 25.53573 25.53573 25.53573 25.54394 29.57663 30.07339 30.07339 30.07339 30.07339
10.48427 10.48427 10.48427 10.48427 10.48427 10.48427 10.48427 10.48427 10.48427 10.48427 10.48427 10.48427 10.48427 10.48427 10.48427 10.48427 10.48427 10.48427 10.48427 10.48427 10.48427 10.48427 10.48427 13.47822 19.5178 19.5178 19.5178 19.5178 19.5178 19.5178 19.5178 19.5178 19.5178 19.5178 19.5178 19.5178 19.5178 19.5178 19.5178 19.5178 19.5178 19.5178 19.5178 22.79543 25.53573 25.53573 25.53573 25.53573 25.53573 25.53573 25.53573 25.53573 25.53573 25.53573 25.53573 25.53573 25.53573 25.53573 25.53573 25.53573 25.53573 25.53573 25.53573 28.21599 30.07339 30.07339 30.07339 30.07339
10.48427 10.48427 10.48427 10.48427 10.48427 10.48427 10.48427 10.48427 10.48427 10.48427 10.48427 10.48427 10.48427 10.48427 10.48427 10.48427 10.48427 10.48427 10.48427 10.48427 10.48427 10.48427 10.48427 11.83657 19.45403 19.5178 19.5178 19.5178 19.5178 19.5178 19.5178 19.5178 19.5178 19.5178 19.5178 19.5178 19.5178 19.5178 19.5178 19.5178 19.5178 19.5178 19.5178 20.4282 25.51665 25.53573 25.53573 25.53573 25.53573 25.53573 25.53573 25.53573 25.53573 25.53573 25.53573 25.53573 25.53573 25.53573 25.53573 25.53573 25.53573 25.53573 25.53573 26.43823 30.07137 30.07339 30.07339 30.07339
10.48427 10.48427 10.48427 10.48427 10.48427 10.48427 10.48427 10.48427 10.48427 10.48427 10.48427 10.48427 10.48427 10.48427 10.48427 10.48427 10.48427 10.48427 10.48427 10.48427 10.48427 10.48427 10.48427 10.48427 14.96241 16.21891 16.7275 18.00686 19.24583 19.5178 19.5178 19.5178 19.5178 19.5178 19.5178 19.5178 19.5178 19.5178 19.5178 19.5178 19.46079 17.06068 15.64178 14.97385 20.13702 25.50392 25.53573 25.53573 25.53573 25.53573 25.53574 25.53573 25.53573 25.53573 25.53573 25.53573 25.53573 25.53573 25.53573 25.53573 25.53573 25.53573 25.53573 25.53573 28.91912 30.07339 30.07339 30.07339
10.48427 10.48427 10.48427 10.48427 10.48427 10.48427 10.48427 10.48427 10.48427 10.48427 10.48427 10.48427 10.48427 10.48427 10.48427 10.48427 10.48427 10.48427 10.48427 10.48427 10.48427 10.48427 10.48427 10.48427 10.48427 10.48427 10.48427 10.48427 11.12994 15.80128 19.42729 19.5178 19.5178 19.5178 19.5178 19.5178 19.5178 19.5178 19.5178 17.9617 8.783511 4.694407 4.694407 4.694407 4.694407 8.321784 13.78878 16.86089 18.83865 18.49704 18.23655 19.47952 21.09865 24.10323 25.53573 25.53573 25.53573 25.53573 25.53573 25.53574 25.53573 25.53573 25.53573 25.53573 26.7959 30.07339 30.07339 30.07339
10.48427 10.48427 10.48427 10.48427 10.48427 10.48427 10.48427 10.48427 10.48427 10.48427 10.48427 10.48427 10.48427 10.48427 10.48427 10.48427 10.48427 10.48427 10.48427 10.48427 10.48427 10.48427 10.48427 10.48427 10.48427 10.48427 10.48427 10.48427 10.48427 10.48427 14.36943 19.5178 19.5178 19.5178 19.5178 19.5178 19.5178 19.5178 15.21016 5.866376 4.694407 4.694407 4.694407 4.694407 4.694407 4.694407 4.694407 4.694407 4.694407 4.694407 4.694407 4.694407 4.694407 4.879994 8.76623 14.09682 20.59026 25.51372 25.53573 25.53573 25.53573 25.53573 25.53573 25.53573 25.54502 29.50149 30.07339 30.07339
10.48427 10.48427 10.48427 10.48427 10.48427 10.48427 10.48427 10.48427 10.48427 10.48427 10.48427 10.48427 10.48427 10.48427 10.48427 10.48427 10.48427 10.48427 10.48427 10.48427 10.48427 10.48427 10.48427 10.48427 10.48427 10.48427 10.48427 10.48427 10.48427 10.48427 10.48504 14.53278 18.75429 19.5178 19.5178 19.5178 19.5178 13.98554 4.831661 4.694407 4.694407 4.694407 4.694407 4.694407 4.694407 4.694407 4.694407 4.694407 4.694407 4.694407 4.694407 4.694407 4.694407 4.694407 4.694407 4.694407 4.694407 8.472678 17.21844 24.68558 25.53573 25.53573 25.53573 25.53573 25.53573 28.45864 30.07339 30.07339
10.48427 10.48427 10.48427 10.48427 10.48427 10.48427 10.48427 10.48427 10.48427 10.48427 10.48427 10.48427 10.48427 10.48427 10.48427 10.48427 10.48427 10.48427 10.48427 10.48427 10.48427 10.48427 10.48427 10.48427 10.48427 10.48427 10.48427 10.48427 10.48427 10.48427 10.48427 10.48427 10.8525 14.47526 18.58847 19.5178 16.28942 4.852899 4.694407 4.694407 4.694407 4.694407 4.694407 4.694407 4.694407 4.694407 4.694407 4.694407 4.694407 4.694407 4.694407 4.694407 4.694407 4.694407 4.694407 4.694407 4.694407 4.694407 4.694407 6.105011 14.1566 22.93651 25.53573 25.53573 25.53573 27.44523 30.07339 30.07339
10.48427 10.48427 10.48427 10.48427 10.48427 10.48427 10.48427 10.48427 10.48427 10.48427 10.48427 10.48427 10.48427 10.48427 10.48427 10.48427 10.48427 10.48427 10.48427 10.48427 10.48427 10.48427 10.48427 10.48427 10.48427 10.48427 10.48427 10.48427 10.48427 10.48427 10.48427 10.48427 10.48427 10.48427 10.7494 14.194 7.27216 4.694407 4.694407 4.694407 4.694407 4.694407 4.694407 4.694407 4.694407 4.694407 4.694407 4.694407 4.694407 4.694407 4.694407 4.694407 4.694407 4.694407 4.694407 4.694407 4.694407 4.694407 4.694407 4.694407 4.694407 4.987875 11.66789 20.94764 25.53573 26.43182 30.07339 30.07339
10.48427 10.48427 10.48427 10.48427 10.48427 10.48427 10.48427 10.48427 10.48427 10.48427 10.48427 10.48427 10.48427 10.48427 10.48427 10.48427 10.48427 10.48427 10.48427 10.48427 10.48427 10.48427 10.48427 10.48427 10.48427 10.48427 10.48427 10.48427 10.48427 10.48427 10.48427 10.48427 10.48427 10.48427 10.48427 10.06763 4.694407 4.694407 4.694407 4.694407 4.694407 4.694407 4.694407 4.694407 4.694407 4.694407 4.694407 4.694407 4.694407 4.694407 4.694407 4.694407 4.694407 4.694407 4.694407 4.694407 4.694407 4.694407 4.694407 4.694407 4.694407 4.694407 4.694407 4.694554 9.966158 21.60854 29.88126 30.07339
10.48427 10.48427 10.48427 10.48427 10.48427 10.48427 10.48427 10.48427 10.48427 10.48427 10.48427 10.48427 10.48427 10.48427 10.48427 10.48427 10.48427 10.48427 10.48427 10.48427 10.48427 10.48427 10.48427 10.48427 10.48427 10.48427 10.48427 10.48427 10.48427 10.48427 10.48427 10.48427 10.48427 10.48427 10.48427 9.284913 4.694407 4.694407 4.694407 4.694407 4.694407 4.694407 4.694407 4.694407 4.694407 4.694407 4.694407 4.694407 4.694407 4.694407 4.694407 4.694407 4.694407 4.694407 4.694407 4.694407 4.694407 4.694407 4.694407 4.694407 4.694407 4.694407 4.694407 4.694407 4.694407 4.887781 11.21006 16.25106
10.48427 10.48427 10.48427 10.48427 10.48427 10.48427 10.48427 10.48427 10.48427 10.48427 10.48427 10.48427 10.48427 10.48427 10.48427 10.48427 10.48427 10.48427 10.48427 10.48427 10.48427 10.48427 10.48427 10.48427 10.48427 10.48427 10.48427 10.48427 10.48427 10.48427 10.48427 10.48427 10.48427 10.48427 10.48427 8.502194 4.694407 4.694407 4.694407 4.694407 4.694407 4.694407 4.694407 4.694407 4.694407 4.694407 4.694407 4.694407 4.694407 4.694407 4.694407 4.694407 4.694407 4.694407 4.694407 4.694407 4.694407 4.694407 4.694407 4.694407 4.694407 4.694407 4.694407 4.694407 4.694407 4.694407 4.694407 4.694407
10.48427 10.48427 10.48427 10.48427 10.48427 10.48427 10.48427 10.48427 10.48427 10.48427 10.48427 10.48427 10.48427 10.48427 10.48427 10.48427 10.48427 10.48427 10.48427 10.48427 10.48427 10.48427 10.48427 10.48427 10.48427 10.48427 10.48427 10.48427 10.48427 10.48427 10.48427 10.48427 10.48427 10.48427 10.48427 7.636953 4.694407 4.694407 4.694407 4.694407 4.694407 4.694407 4.694407 4.694407 4.694407 4.694407 4.694407 4.694407 4.694407 4.694407 4.694407 4.694407 4.694407 4.694407 4.694407 4.694407 4.694407 4.694407 4.694407 4.694407 4.694407 4.694407 4.694407 4.694407 4.694407 4.694407 4.694407 4.694407
10.48427 10.48427 10.48427 10.48427 10.48427 10.48427 10.48427 10.48427 10.48427 10.48427 10.48427 10.48427 10.48427 10.48427 10.48427 10.48427 10.48427 10.48427 10.48427 10.48427 10.48427 10.48427 10.48427 10.48427 10.48427 10.48427 10.48427 10.48427 10.48427 10.48427 10.48427 10.48427 10.48427 10.48427 10.48427 7.006877 4.694407 4.694407 4.694407 4.694407 4.694407 4.694407 4.694407 4.694407 4.694407 4.694407 4.694407 4.694407 4.694407 4.694407 4.694407 4.694407 4.694407 4.694407 4.694407 4.694407 4.694407 4.694407 4.694407 4.694407 4.694407 4.694407 4.694407 4.694407 4.694407 4.694407 4.694407 4.694407
10.48427 10.48427 10.48427 10.48427 10.48427 10.48427 10.48427 10.48427 10.48427 10.48427 10.48427 10.48427 10.48427 10.48427 10.48427 10.48427 10.48427 10.48427 10.48427 10.48427 10.48427 10.48427 10.48427 10.48427 10.48427 10.48427 10.48427 10.48427 10.48427 10.48427 10.48427 10.48427 10.48427 10.48427 10.48427 6.722312 4.694407 4.694407 4.694407 4.694407 4.694407 4.694407 4.694407 4.694407 4.694407 4.694407 4.694407 4.694407 4.694407 4.694407 4.694407 4.694407 4.694407 4.694407 4.694407 4.694407 4.694407 4.694407 4.694407 4.694407 4.694407 4.694407 4.694407 4.694407 4.694407 4.694407 4.694407 4.694407
10.48427 10.48427 10.48427 10.48427 10.48427 10.48427 10.48427 10.48427 10.48427 10.48427 10.48427 10.48427 10.48427 10.48427 10.48427 10.48427 10.48427 10.48427 10.48427 10.48427 10.48427 10.48427 10.48427 10.48427 10.48427 10.48427 10.48427 10.48427 10.48427 10.48427 10.48427 10.48427 10.48427 10.48427 10.48427 7.461134 4.694407 4.694407 4.694407 4.694407 4.694407 4.694407 4.694407 4.694407 4.694407 4.694407 4.694407 4.694407 4.694407 4.694407 4.694407 4.694407 4.694407 4.694407 4.694407 4.694407 4.694407 4.694407 4.694407 4.694407 4.694407 4.694407 4.694407 4.694407 4.694407 4.694407 4.694407 4.694407
10.48427 10.48427 10.48427 10.48427 10.48427 10.48427 10.48427 10.48427 10.48427 10.48427 10.48427 10.48427 10.48427 10.48427 10.48427 10.48427 10.48427 10.48427 10.48427 10.48427 10.48427 10.48427 10.48427 10.48427 10.48427 10.48427 10.48427 10.48427 10.48427 10.48427 10.48427 10.48427 10.48427 10.48427 10.48427 8.357365 4.694407 4.694407 4.694407 4.694407 4.694407 4.694407 4.694407 4.694407 4.694407 4.694407 4.694407 4.694407 4.694407 4.694407 4.694407 4.694407 4.694407 4.694407 4.694407 4.694407 4.694407 4.694407 4.694407 4.694407 4.694407 4.694407 4.694407 4.694407 4.694407 4.694407 4.694407 4.694407
10.48427 10.48427 10.48427 10.48427 10.48427 10.48427 10.48427 10.48427 10.48427 10.48427 10.48427 10.48427 10.48427 10.48427 10.48427 10.48427 10.48427 10.48427 10.48427 10.48427 10.48427 10.48427 10.48427 10.48427 10.48427 10.60433 11.78791 13.07358 10.76232 10.48427 10.48427 10.48427 10.48427 10.48427 10.48427 9.253595 4.694407 4.694407 4.694407 4.694407 4.694407 4.694407 4.694407 4.694407 4.694407 4.694407 4.694407 4.694407 4.694407 4.694407 4.694407 4.694407 4.694407 4.694407 4.694407 4.694407 4.694407 4.694407 4.694407 4.694407 4.694407 4.694407 4.694407 4.694407 4.694407 4.694407 4.694407 4.694407
10.48427 10.48427 10.48427 10.48427 10.48427 10.48427 10.48427 10.48427 10.48427 10.48427 10.48427 10.48427 10.48427 10.48427 10.48427 10.48427 10.48427 10.48427 10.48427 10.48851 11.59538 13.17466 14.26222 15.34797 16.46987 17.73197 17.98213 17.98213 16.34242 11.25095 10.48427 10.48427 10.48427 10.48427 10.48427 10.25532 4.946691 4.694407 4.694407 4.694407 4.694407 4.694407 4.694407 4.694407 4.694407 4.694407 4.694407 4.694407 4.694407 4.694407 4.694407 4.694407 4.694407 4.694407 4.694407 4.694407 4.694407 4.694407 4.694407 4.694407 4.694407 4.694407 4.694407 4.694407 4.694407 4.694407 4.694407 4.694407
10.48427 10.48427 10.48427 10.48427 10.48427 10.48427 10.48427 10.48427 10.48427 10.48427 10.48427 10.48427 10.48427 10.48427 10.48427 10.69567 12.07334 13.64253 15.31393 17.12537 17.98213 17.98213 17.98213 17.98213 17.98213 17.98213 17.98213 17.98213 17.98213 17.29303 12.10799 10.48427 10.48427 10.48427 10.48427 10.48427 6.445738 4.694407 4.694407 4.694407 4.694407 4.694407 4.694407 4.694407 4.694407 4.694407 4.694407 4.694407 4.694407 4.694407 4.694407 4.694407 4.694407 4.694407 4.694407 4.694407 4.694407 4.694407 4.694407 4.694407 4.694407 4.694407 4.694407 4.694407 4.694407 4.694407 4.694407 4.694407
10.48427 10.48427 10.48427 10.48427 10.48427 10.48427 10.48427 10.48427 10.48427 10.48427 10.48427 10.48427 10.50659 12.44856 15.62388 17.80365 17.98213 17.98213 17.98213 17.98213 17.98213 17.98213 17.98213 17.98213 17.98213 17.98213 17.98213 17.98213 17.98213 17.98213 16.87629 10.48543 10.48427 10.48427 10.48427 10.48427 7.419899 4.694407 4.694407 4.694407 4.694407 4.694407 4.694407 4.694407 4.694407 4.694407 4.694407 4.694407 4.694407 4.694407 4.694407 4.694407 4.694407 4.694407 4.694407 4.694407 4.694407 4.694407 4.694407 4.694407 4.694407 4.694407 4.694407 4.694407 4.694407 4.694407 4.694407 4.694407
10.48427 10.48427 10.48427 10.48427 10.48427 10.48427 10.51203 11.24075 12.27452 13.314 14.36149 15.409 16.88068 17.98213 17.98213 17.98213 17.98213 17.98213 17.98213 17.98213 17.98213 17.98213 17.98213 17.98213 17.98213 17.98213 17.98213 17.98213 17.98213 17.98213 17.98213 11.20462 10.48427 10.48427 10.48427 10.48427 8.266238 4.694407 4.694407 4.694407 4.694407 4.694407 4.694407 4.694407 4.694407 4.694407 4.694407 4.694407 4.694407 4.694407 4.694407 4.694407 4.694407 4.694407 4.694407 4.694407 4.694407 4.694407 4.694407 4.694407 4.694407 4.694407 4.694407 4.694407 4.694407 4.694407 4.694407 4.694407
10.48427 10.48427 10.48427 10.48427 10.48427 13.48728 17.55651 17.98213 17.98213 17.98213 17.98213 17.98213 17.98213 17.98213 17.98213 17.98213 17.98213 17.98213 17.98213 17.98213 17.98213 17.98213 17.98213 17.98213 17.98213 17.98213 17.98213 17.98213 17.98213 17.98213 17.98213 12.53395 10.48427 10.48427 10.48427 10.48427 8.515858 4.694407 4.694407 4.694407 4.694407 4.694407 4.694407 4.694407 4.694407 4.694407 4.694407 4.694407 4.694407 4.694407 4.694407 4.694407 4.694407 4.694407 4.694407 4.694407 4.694407 4.694407 4.694407 4.694407 4.694407 4.694407 4.694407 4.694407 4.694407 4.694407 4.694407 4.694407
10.48427 10.48427 10.48427 10.48427 10.52491 17.11046 17.98213 17.98213 17.98213 17.98213 17.98213 17.98213 17.98213 17.98213 17.98213 17.98213 17.98213 17.98213 17.98213 17.98213 17.98213 17.98213 17.98213 17.98213 17.98213 17.98213 17.98213 17.98213 17.98213 17.98213 17.98213 13.8573 10.48427 10.48427 10.48427 10.48427 8.640093 4.694407 4.694407 4.694407 4.694407 4.694407 4.694407 4.694407 4.694407 4.694407 4.694407 4.694407 4.694407 4.694407 4.694407 4.694407 4.694407 4.694407 4.694407 4.694407 4.694407 4.694407 4.694407 4.694407 4.694407 4.694407 4.694407 4.694407 4.694407 4.694407 4.694407 4.694407
10.96192 10.48427 10.48427 10.48427 10.6265 17.90965 17.98213 17.98213 17.98213 17.98213 17.98213 17.98213 17.98213 17.98213 17.98213 17.98213 17.98213 17.98213 17.98213 17.98213 17.98213 17.98213 17.98213 17.98213 17.98213 17.98213 17.98213 17.98213 17.98213 17.98213 17.98213 13.5416 10.48427 10.48427 10.48427 10.48427 8.762289 4.694407 4.694407 4.694407 4.694407 4.694407 4.694407 4.694407 4.694407 4.694407 4.694407 4.694407 4.694407 4.694407 4.694407 4.694407 4.694407 4.694407 4.694407 4.694407 4.694407 4.694407 4.694407 4.694407 4.694407 4.694407 4.694407 4.694407 4.694407 4.694407 4.694407 4.694407
32.53811 26.97396 26.55063 27.52893 19.99888 19.29085 22.99427 18.26762 17.98213 17.98213 17.98213 17.98213 17.98213 17.98213 17.98213 17.98213 17.98213 17.98213 17.98213 17.98213 17.98213 17.98213 17.98213 17.98213 17.98213 17.98213 17.98213 17.98213 17.98213 17.98213 17.98213 12.68076 10.48427 10.48427 10.48427 10.48427 8.518603 4.694407 4.694407 4.694407 4.694407 4.694407 4.694407 4.694407 4.694407 4.694407 4.694407 4.694407 4.694407 4.694407 4.694407 4.694407 4.694407 4.694407 4.694407 4.694407 4.694407 4.694407 4.694407 4.694407 4.694407 4.694407 4.694407 4.694407 4.694407 4.694407 4.694407 4.694407
32.76789 32.76789 32.76789 32.76789 32.76789 32.76789 33.22287 26.00173 17.98213 17.98213 17.98213 17.98213 17.98213 17.98213 17.98213 17.98213 17.98213 17.98213 17.98213 17.98213 17.98213 17.98213 17.98213 17.98213 17.98213 17.98213 17.98213 17.98213 17.98213 17.98213 17.98213 15.05674 10.48427 10.48427 10.48427 10.48427 8.00496 4.694407 4.694407 4.694407 4.694407 4.694407 4.694407 4.694407 4.694407 4.694407 4.694407 4.694407 4.694407 4.694407 4.694407 4.694407 4.694407 4.694407 4.694407 4.694407 4.694407 4.694407 4.694407 4.694407 4.694407 4.694407 4.694407 4.694407 4.694407 4.694407 4.694407 4.694407
32.76789 32.76789 32.76789 32.76789 32.76789 33.10059 37.50911 28.77197 17.98213 17.98213 17.98213 17.98213 17.98213 17.98213 17.98213 17.98213 17.98213 17.98213 17.98213 17.98213 17.98213 17.98213 17.98213 17.98213 17.98213 17.98213 17.98213 17.98213 17.98213 17.98213 17.98213 17.96166 14.29124 11.41455 10.48427 10.48427 7.486039 4.694407 4.694407 4.694407 4.694407 4.694407 4.694407 4.694407 4.694407 4.694407 4.694407 4.694407 4.694407 4.694407 4.694407 4.694407 4.694407 4.694407 4.694407 4.694407 4.694407 4.694407 4.694407 4.694407 4.694407 4.694407 4.694407 4.694407 4.694407 4.694407 4.694407 4.694407
32.76789 32.76789 32.76789 32.76789 33.2195 37.53272 38.66139 26.38371 17.98213 17.98213 17.98213 17.98213 17.98213 17.98213 17.98213 17.98213 17.98213 17.98213 17.98213 17.98213 17.98213 17.98213 17.98213 17.98213 17.98213 17.98213 17.98213 17.98213 17.98213 17.98213 17.98213 17.98213 17.98213 16.4692 10.48427 10.48427 6.386555 4.694407 4.694407 4.694407 4.694407 4.694407 4.694407 4.694407 4.694407 4.694407 4.694407 4.694407 4.694407 4.694407 4.694407 4.694407 4.694407 4.694407 4.694407 4.694407 4.694407 4.694407 4.694407 4.694407 4.694407 4.694407 4.694407 4.694407 4.694407 4.694407 4.694407 4.694407
32.76789 32.76789 32.76789 32.78696 37.18634 38.66139 38.66138 23.99127 17.98213 17.98213 17.98213 17.98213 17.98213 17.98213 17.98213 17.98213 17.98213 17.98213 17.98213 17.98213 17.98213 17.98213 17.98213 17.98213 17.98213 17.98213 17.98213 17.98213 17.98213 17.98213 17.98213 17.98213 17.98213 17.94004 12.42087 11.2326 4.994129 4.694407 4.694407 4.694407 4.694407 4.694407 4.694407 4.694407 4.694407 4.694407 4.694407 4.694407 4.694407 4.694407 4.694407 4.694407 4.694407 4.694407 4.694407 4.694407 4.694407 4.694407 4.694407 4.694407 4.694407 4.694407 4.694407 4.694407 4.694407 4.694407 4.694407 4.694407
32.76789 32.76789 32.76789 34.27469 38.66138 38.66138 38.66138 21.59884 17.98213 17.98213 17.98213 17.98213 17.98213 17.98213 17.98213 17.98213 17.98213 17.98213 17.98213 17.98213 17.98213 17.98213 17.98213 17.98213 17.98213 17.98213 17.98213 17.98213 17.98213 17.98213 17.98213 17.98213 17.98213 17.98213 17.98213 17.21654 9.279368 4.696571 4.694407 4.694407 4.694407 4.694407 4.694407 4.694407 4.694407 4.694407 4.694407 4.694407 4.694407 4.694407 4.694407 4.694407 4.694407 4.694407 4.694407 4.694407 4.694407 4.694407 4.694407 4.694407 4.694407 4.694407 4.694407 4.694407 4.694407 4.694407 4.694407 4.694407
