Scenarios/Heterogeneous/data/country_data_population_distribution/processed/density_grids/tcd.asc
ncols 264
nrows 395
xllcorner 13
yllcorner 7
cellsize 0.041666666666667
NODATA_value -9999
[rows 155 to 185 of 395, columns 68 to 135 of 264]
0.7281992 0.7281992 0.7281993 0.7281992 0.7281992 0.7281993 0.7281992 0.7281992 0.7281992 0.7281992 0.7281993 0.7281993 0.7281992 0.7281992 0.7281992 0.7281993 0.7281992 0.7281992 0.7281992 0.7281992 0.7281993 0.7281992 0.7281992 0.7281992 0.7281993 0.7281992 0.7281993 0.7281992 0.7281993 0.7281992 0.7281992 0.7281992 0.7281992 0.7281992 0.7281992 0.7281992 0.7281993 0.7281992 0.7281992 0.7281993 0.7281993 0.7281992 0.7281992 0.7281992 0.7281993 0.7281993 0.7281992 0.7281992 0.7281992 0.7281993 0.7281993 0.7281992 0.7281992 0.7281993 0.7281992 0.7281993 0.7281992 0.7281992 0.7281992 0.7281993 0.7281992 0.7281993 0.7281992 2.468426 2.743032 2.743032 2.743032 2.743032
0.7281992 0.7281992 0.7281992 0.7281992 0.7281992 0.7281993 0.7281992 0.7281992 0.7281992 0.7281992 0.7281992 0.7281993 0.7281992 0.7281992 0.7281992 0.7281992 0.7281992 0.7281992 0.7281992 0.7281992 0.7281992 0.7281992 0.7281992 0.7281992 0.7281992 0.7281992 0.7281992 0.7281993 0.7281992 0.7281993 0.7281992 0.7281992 0.7281992 0.7281992 0.7281992 0.7281992 0.7281992 0.7281992 0.7281992 0.7281992 0.7281992 0.7281992 0.7281992 0.7281992 0.7281993 0.7281992 0.7281992 0.7281992 0.7281992 0.7281992 0.7281993 0.7281992 0.7281992 0.7281992 0.7281993 0.7281992 0.7281992 0.7281992 0.7281992 0.7281992 0.7281992 0.7281992 0.9034735 2.740107 2.743032 2.743032 2.743032 2.743032
0.7281992 0.7281993 0.7281992 0.7281993 0.7281992 0.7281993 0.7281992 0.7281993 0.7281992 0.7281993 0.7281992 0.7281993 0.7281992 0.7281993 0.7281992 0.7281993 0.7281992 0.7281993 0.7281993 0.7281992 0.7281992 0.7281993 0.7281992 0.7281993 0.7281993 0.7281993 0.7281992 0.7281993 0.7281992 0.7281993 0.7281993 0.7281993 0.7281993 0.7281992 0.7281993 0.7281992 0.7281993 0.7281993 0.7281992 0.7281992 0.7281993 0.7281992 0.7281993 0.7281992 0.7281993 0.7281992 0.7281993 0.7281992 0.7281993 0.7281992 0.7281993 0.7281992 0.7281993 0.7281992 0.7281993 0.7281992 0.7281993 0.7281993 0.7281993 0.7281992 0.7281993 0.7281992 1.347503 2.743032 2.743032 2.743032 2.743032 2.743032
0.7281993 0.7281993 0.7281992 0.7281993 0.7281992 0.7281993 0.7281992 0.7281993 0.7281992 0.7281993 0.7281992 0.7281993 0.7281992 0.7281993 0.7281992 0.7281993 0.7281992 0.7281993 0.7281993 0.7281993 0.7281993 0.7281993 0.7281993 0.7281993 0.7281993 0.7281993 0.7281993 0.7281993 0.7281992 0.7281993 0.7281993 0.7281993 0.7281993 0.7281993 0.7281993 0.7281993 0.7281993 0.7281993 0.7281993 0.7281992 0.7281993 0.7281992 0.7281993 0.7281993 0.7281993 0.7281992 0.7281993 0.7281992 0.7281993 0.7281992 0.7281993 0.7281992 0.7281992 0.7281992 0.7281993 0.7281992 0.7281993 0.7281993 0.7281993 0.7281993 0.7281993 0.7281992 1.794458 2.743032 2.743032 2.743032 2.743032 2.743032
0.7281992 0.7281993 0.7281993 0.7281993 0.7281992 0.7281992 0.7281993 0.7281993 0.7281993 0.7281993 0.7281993 0.7281992 0.7281993 0.7281993 0.7281992 0.7281993 0.7281992 0.7281993 0.7281993 0.7281993 0.7281993 0.7281993 0.7281993 0.7281993 0.7281993 0.7281993 0.7281993 0.7281993 0.7281992 0.7281993 0.7281993 0.7281993 0.7281993 0.7281993 0.7281993 0.7281993 0.7281993 0.7281993 0.7281993 0.7281992 0.7281993 0.7281993 0.7281993 0.7281993 0.7281992 0.7281993 0.7281993 0.7281993 0.7281993 0.7281993 0.7281992 0.7281993 0.7281992 0.7281992 0.7281993 0.7281993 0.7281993 0.7281993 0.7281993 0.7281993 0.7281993 0.7281993 2.241413 2.743032 2.743032 2.743032 2.743032 2.743032
0.7281992 0.7281992 0.7281992 0.7281992 0.7281992 0.7281992 0.7281992 0.7281992 0.7281992 0.7281992 0.7281992 0.7281992 0.7281992 0.7281992 0.7281992 0.7281992 0.7281992 0.7281992 0.7281992 0.7281992 0.7281992 0.7281992 0.7281992 0.7281992 0.7281992 0.7281992 0.7281992 0.7281992 0.7281992 0.7281992 0.7281992 0.7281992 0.7281992 0.7281992 0.7281992 0.7281992 0.7281992 0.7281992 0.7281992 0.7281992 0.7281992 0.7281992 0.7281992 0.7281992 0.7281992 0.7281992 0.7281992 0.7281992 0.7281992 0.7281992 0.7281993 0.7281992 0.7281992 0.7281992 0.7281992 0.7281992 0.7281992 0.7281992 0.7281992 0.7281992 0.7281992 0.760079 2.656488 2.743032 2.743032 2.743032 2.743032 2.743032
0.7281993 0.7281993 0.7281993 0.7281993 0.7281993 0.7281993 0.7281993 0.7281993 0.7281993 0.7281993 0.7281993 0.7281993 0.7281993 0.7281993 0.7281993 0.7281993 0.7281993 0.7281993 0.7281993 0.7281993 0.7281993 0.7281993 0.7281993 0.7281993 0.7281993 0.7281993 0.7281993 0.7281993 0.7281993 0.7281993 0.7281993 0.7281993 0.7281993 0.7281993 0.7281993 0.7281993 0.7281993 0.7281993 0.7281993 0.7281993 0.7281993 0.7281993 0.7281993 0.7281993 0.7281993 0.7281993 0.7281993 0.7281993 0.7281993 0.7281993 0.7281993 0.7281993 0.7281993 0.7281993 0.7281993 0.7281993 0.7281993 0.7281993 0.7281993 0.7281993 0.7281993 1.12049 2.743032 2.743032 2.743032 2.743032 2.743032 2.743032
0.7281992 0.7281993 0.7281992 0.7281993 0.7281992 0.7281993 0.7281992 0.7281993 0.7281992 0.7281993 0.7281992 0.7281992 0.7281992 0.7281993 0.7281992 0.7281992 0.7281992 0.7281992 0.7281993 0.7281993 0.7281992 0.7281993 0.7281992 0.7281993 0.7281993 0.7281992 0.7281992 0.7281993 0.7281992 0.7281993 0.7281993 0.7281993 0.7281993 0.7281992 0.7281993 0.7281992 0.7281993 0.7281993 0.7281992 0.7281992 0.7281993 0.7281992 0.7281993 0.7281992 0.7281992 0.7281992 0.7281993 0.7281992 0.7281993 0.7281992 0.7281992 0.7281992 0.7281993 0.7281992 0.7281993 0.7281992 0.7281993 0.7281993 0.7281992 0.7281992 0.7281993 1.567445 2.743032 2.743032 2.743032 2.743032 2.743032 2.743032
0.7837634 0.7281992 0.7281992 0.7281992 0.7281992 0.7281993 0.7281992 0.7281992 0.7281992 0.7281992 0.7281992 0.7281993 0.7281992 0.7281992 0.7281992 0.7281992 0.7281992 0.7281992 0.7281992 0.7281992 0.7281992 0.7281992 0.7281992 0.7281992 0.7281992 0.7281992 0.7281992 0.7281992 0.7281992 0.7281992 0.7281992 0.7281992 0.7281992 0.7281992 0.7281992 0.7281992 0.7281992 0.7281992 0.7281992 0.7281992 0.7281992 0.7281992 0.7281992 0.7281992 0.7281992 0.7281992 0.7281992 0.7281992 0.7281992 0.7281992 0.7281992 0.7281992 0.7281992 0.7281992 0.7281992 0.7281992 0.7281992 0.7281992 0.7281992 0.7281992 0.7281992 2.154538 2.743032 2.743032 2.743032 2.743032 2.743032 2.743032
2.351513 1.576374 0.8409333 0.7281992 0.7281993 0.7281992 0.7281993 0.7281992 0.7281993 0.7281992 0.7281992 0.7281992 0.7281993 0.7281992 0.7281993 0.7281992 0.7281993 0.7281992 0.7281992 0.7281992 0.7281993 0.7281992 0.7281992 0.7281992 0.7281992 0.7281992 0.7281993 0.7281992 0.7281993 0.7281992 0.7281992 0.7281992 0.7281992 0.7281992 0.7281992 0.7281993 0.7281992 0.7281992 0.7281992 0.7281993 0.7281992 0.7281993 0.7281993 0.7281993 0.7281992 0.7281993 0.7281992 0.7281993 0.7281992 0.7281993 0.7281992 0.7281993 0.7281992 0.7281993 0.7281993 0.7281992 0.7281992 0.7281992 0.7281992 0.7281993 1.070532 2.733268 2.743032 2.743032 2.743032 2.743032 2.743032 2.743032
2.518599 2.518599 2.423285 1.710476 0.9374284 0.7281993 0.7281992 0.7281993 0.7281992 0.7281993 0.7281993 0.7281993 0.7281993 0.7281993 0.7281993 0.7281993 0.7281993 0.7281993 0.7281993 0.7281993 0.7281992 0.7281993 0.7281992 0.7281993 0.7281993 0.7281993 0.7281992 0.7281993 0.7281992 0.7281993 0.7281993 0.7281993 0.7281993 0.7281992 0.7281993 0.7281992 0.7281993 0.7281993 0.7281993 0.7281992 0.7281993 0.7281992 0.7281993 0.7281992 0.7281993 0.7281993 0.7281993 0.7281993 0.7281993 0.7281992 0.7281993 0.7281992 0.7281993 0.7281993 0.7281993 0.7281993 0.7281993 0.7281993 0.7281993 0.7281992 1.996196 2.743032 2.743032 2.743032 2.743032 2.743032 2.743032 2.743032
2.518599 2.518599 2.518599 2.518599 2.487755 1.895552 1.094845 0.7281993 0.7281992 0.7281993 0.7281992 0.7281993 0.7281992 0.7281993 0.7281992 0.7281993 0.7281992 0.7281993 0.7281993 0.7281993 0.7281992 0.7281993 0.7281992 0.7281993 0.7281992 0.7281993 0.7281992 0.7281993 0.7281992 0.7281993 0.7281993 0.7281993 0.7281993 0.7281992 0.7281993 0.7281992 0.7281993 0.7281993 0.7281993 0.7281992 0.7281993 0.7281992 0.7281993 0.7281992 0.7281993 0.7281992 0.7281993 0.7281992 0.7281992 0.7281992 0.7281993 0.7281992 0.7281993 0.7281992 0.7281993 0.7281992 0.7281993 0.7281993 0.7281993 0.9584358 2.701387 2.743032 2.743032 2.743032 2.743032 2.743032 2.743032 2.743032
2.518599 2.518599 2.518599 2.518599 2.518599 2.518599 2.51784 2.082943 1.279679 0.7420995 0.7281993 0.7281993 0.7281993 0.7281993 0.7281992 0.7281993 0.7281993 0.7281993 0.7281993 0.7281993 0.7281992 0.7281993 0.7281992 0.7281993 0.7281993 0.7281993 0.7281992 0.7281993 0.7281992 0.7281993 0.7281993 0.7281993 0.7281993 0.7281993 0.7281993 0.7281992 0.7281993 0.7281993 0.7281993 0.7281992 0.7281993 0.7281992 0.7281993 0.7281992 0.7281993 0.7281993 0.7281993 0.7281992 0.7281993 0.7281993 0.7281993 0.7281993 0.7281993 0.7281993 0.7281993 0.7281992 0.7281993 0.7281993 0.7281993 1.852219 2.743032 2.743032 2.743032 2.743032 2.743032 2.743032 2.743032 2.743032
2.518599 2.518599 2.518599 2.518599 2.518599 2.518599 2.518599 2.518599 2.518599 2.252256 1.462268 0.7967904 0.7281993 0.7281992 0.7281993 0.7281992 0.7281992 0.7281992 0.7281992 0.7281992 0.7281993 0.7281992 0.7281992 0.7281992 0.7281992 0.7281992 0.7281992 0.7281992 0.7281992 0.7281992 0.7281992 0.7281992 0.7281992 0.7281992 0.7281992 0.7281993 0.7281992 0.7281992 0.7281992 0.7281992 0.7281992 0.7281992 0.7281992 0.7281992 0.7281993 0.7281992 0.7281992 0.7281993 0.7281992 0.7281992 0.7281993 0.7281993 0.7281992 0.7281992 0.7281992 0.7281993 0.7281992 0.7281992 0.8684992 2.647346 2.743032 2.743032 2.743032 2.743032 2.743032 2.743032 2.743032 2.743032
2.518599 2.518599 2.518599 2.518599 2.518599 2.518599 2.518599 2.518599 2.518599 2.518599 2.518599 2.380144 1.643714 0.8909531 0.7281992 0.7281993 0.7281992 0.7281993 0.7281993 0.7281993 0.7281992 0.7281993 0.7281992 0.7281993 0.7281993 0.7281993 0.7281993 0.7281993 0.7281993 0.7281993 0.7281993 0.7281993 0.7281993 0.7281993 0.7281993 0.7281992 0.7281993 0.7281993 0.7281993 0.7281992 0.7281993 0.7281992 0.7281993 0.7281992 0.7281993 0.7281992 0.7281993 0.7281992 0.7281993 0.7281992 0.7281993 0.7281993 0.7281993 0.7281992 0.7281993 0.7281992 0.7281993 0.7281993 1.708241 2.743032 2.743032 2.743032 2.743032 2.743032 2.743032 2.743032 2.743032 2.743032
2.518599 2.518599 2.518599 2.518599 2.518599 2.518599 2.518599 2.518599 2.518599 2.518599 2.518599 2.518599 2.518599 2.464989 1.821418 1.023446 0.7281993 0.7281992 0.7281993 0.7281993 0.7281993 0.7281993 0.7281993 0.7281993 0.7281994 0.7281993 0.7281993 0.7281993 0.7281993 0.7281993 0.7281994 0.7281993 0.7281993 0.7281993 0.7281993 0.7281993 0.7281993 0.7281994 0.7281993 0.7281993 0.7281993 0.7281993 0.7281993 0.7281993 0.7281993 0.7281993 0.7281993 0.7281993 0.7281992 0.7281993 0.7281993 0.7281993 0.7281993 0.7281993 0.7281993 0.7281993 0.7281993 0.8007228 2.571146 2.743032 2.743032 2.743032 2.743032 2.743032 2.743032 2.743032 2.743032 2.743032
2.518599 2.518599 2.518599 2.518599 2.518599 2.518599 2.518599 2.518599 2.518599 2.518599 2.518599 2.518599 2.518599 2.518599 2.518599 2.510206 1.998584 1.18991 0.7302269 0.7281993 0.7281992 0.7281993 0.7281993 0.7281993 0.7281993 0.7281993 0.7281992 0.7281993 0.7281993 0.7281993 0.7281993 0.7281993 0.7281993 0.7281992 0.7281993 0.7281992 0.7281993 0.7281993 0.7281993 0.7281992 0.7281993 0.7281992 0.7281993 0.7281993 0.7281993 0.7281992 0.7281993 0.7281992 0.7281993 0.7281992 0.7281993 0.7281992 0.7281993 0.7281993 0.7281993 0.7281993 0.7281993 1.564264 2.743032 2.743032 2.743032 2.743032 2.743032 2.743032 2.743032 2.743032 2.743032 2.743032
2.518599 2.518599 2.518599 2.518599 2.518599 2.518599 2.518599 2.518599 2.518599 2.518599 2.518599 2.518599 2.518599 2.518599 2.518599 2.518599 2.518599 2.518599 2.169457 1.36268 0.7609136 0.7281992 0.7281993 0.7281993 0.7281993 0.7281992 0.7281993 0.7281993 0.7281993 0.7281993 0.7281992 0.7281993 0.7281993 0.7281993 0.7281992 0.7281993 0.7281993 0.7281993 0.7281993 0.7281993 0.7281993 0.7281993 0.7281993 0.7281993 0.7281992 0.7281993 0.7281992 0.7281993 0.7281993 0.7281993 0.7281992 0.7281993 0.7281993 0.7281993 0.7281992 0.7281993 0.7551072 2.472784 2.743032 2.743032 2.743032 2.743032 2.743032 2.743032 2.743032 2.743032 2.743032 2.743032
2.518599 2.518599 2.518599 2.518599 2.518599 2.518599 2.518599 2.518599 2.518599 2.518599 2.518599 2.518599 2.518599 2.518599 2.518599 2.518599 2.518599 2.518599 2.518599 2.518599 2.313573 1.563902 0.8576421 0.7281993 0.7281993 0.7281993 0.7281992 0.7281992 0.7281992 0.7281993 0.7281993 0.7281993 0.7281993 0.7281992 0.7281993 0.7281993 0.7281993 0.7281992 0.7281993 0.7281992 0.7281993 0.7281992 0.7281993 0.7281992 0.7281993 0.7281992 0.7281992 0.7281992 0.7281993 0.7281992 0.7281993 0.7281992 0.7281992 0.7281992 0.7281993 0.7281992 1.420287 2.743032 2.743032 2.743032 2.743032 2.743032 2.743032 2.743032 2.743032 2.743032 2.743032 2.743032
2.518599 2.518599 2.518599 2.518599 2.518599 2.518599 2.518599 2.518599 2.518599 2.518599 2.518599 2.518599 2.518599 2.518599 2.518599 2.518599 2.518599 2.518599 2.518599 2.518599 2.518599 2.518599 2.449511 1.803325 1.03183 0.7281993 0.7281993 0.7281992 0.7281993 0.7281993 0.7281993 0.7281993 0.7281993 0.7281993 0.7281993 0.7281993 0.7281992 0.7281993 0.7281992 0.7281993 0.7281993 0.7281993 0.7281992 0.7281993 0.7281992 0.7281993 0.7281993 0.7281993 0.7281993 0.7281993 0.7281993 0.7281993 0.7281992 0.7281992 0.7281992 0.7643459 2.380417 2.743032 2.743032 2.743032 2.743032 2.743032 2.743032 2.743032 2.743032 2.743032 2.743032 2.743032
2.518599 2.518599 2.518599 2.518599 2.518599 2.518599 2.518599 2.518599 2.518599 2.518599 2.518599 2.518599 2.518599 2.518599 2.518599 2.518599 2.518599 2.518599 2.518599 2.518599 2.518599 2.518599 2.518599 2.518599 2.513387 2.040263 1.262768 0.7417893 0.7281993 0.7281993 0.7281992 0.7281994 0.7281994 0.7281993 0.7281994 0.7281993 0.7281992 0.7281994 0.7281993 0.7281993 0.7281994 0.7281993 0.7281994 0.7281993 0.7281992 0.7281993 0.7281993 0.7281993 0.7281993 0.7281993 0.7281992 0.7281993 0.7281993 0.7281993 0.7281992 1.746229 2.743032 2.743032 2.743032 2.743032 2.743032 2.743032 2.743032 2.743032 2.743032 2.743032 2.743032 2.743032
2.518599 2.518599 2.518599 2.518599 2.518599 2.518599 2.518599 2.518599 2.518599 2.518599 2.518599 2.518599 2.518599 2.518599 2.518599 2.518599 2.518599 2.518599 2.518599 2.518599 2.518599 2.518599 2.518599 2.518599 2.518599 2.518599 2.518599 2.261356 1.495215 0.813385 0.7281993 0.7281993 0.7281993 0.7281993 0.7281992 0.7281993 0.7281993 0.7281993 0.7281992 0.7281993 0.7281993 0.7281993 0.7281993 0.7281993 0.7281993 0.7281993 0.7281993 0.7281993 0.7281993 0.7281993 0.7281992 0.7281993 0.7281993 0.7281993 1.162696 2.711544 2.743032 2.743032 2.743032 2.743032 2.743032 2.743032 2.743032 2.743032 2.743032 2.743032 2.743032 2.743032
2.518599 2.518599 2.518599 2.518599 2.518599 2.518599 2.518599 2.518599 2.518599 2.518599 2.518599 2.518599 2.518599 2.518599 2.518599 2.518599 2.518599 2.518599 2.518599 2.518599 2.518599 2.518599 2.518599 2.518599 2.518599 2.518599 2.518599 2.518599 2.518599 2.401254 1.681479 0.9166144 0.7281993 0.7281993 0.7281994 0.7281993 0.7281993 0.7281994 0.7281994 0.7281993 0.7281994 0.7281993 0.7281993 0.7281993 0.7281994 0.7281993 0.7281994 0.7281993 0.7281994 0.7281993 0.7281994 0.7281993 0.7281994 0.8132229 2.445995 2.743032 2.743032 2.743032 2.743032 2.743032 2.743032 2.743032 2.743032 2.743032 2.743032 2.743032 2.743032 2.743032
2.518599 2.518599 2.518599 2.518599 2.518599 2.518599 2.518599 2.518599 2.518599 2.518599 2.518599 2.518599 2.518599 2.518599 2.518599 2.518599 2.518599 2.518599 2.518599 2.518599 2.518599 2.518599 2.518599 2.518599 2.518599 2.518599 2.518599 2.518599 2.518599 2.518599 2.518599 2.561157 2.094946 1.128891 0.7281993 0.7281993 0.7281993 0.7281993 0.7281993 0.7281993 0.7281993 0.7281993 0.7281992 0.7281993 0.7281992 0.7281993 0.7281993 0.7281993 0.7281993 0.7281993 0.7281992 0.7281993 0.7281992 1.915997 2.743032 2.743032 2.743032 2.743032 2.743032 2.743032 2.743032 2.743032 2.743032 2.743032 2.743032 2.743032 2.743032 2.743032
2.518599 2.518599 2.518599 2.518599 2.518599 2.518599 2.518599 2.518599 2.518599 2.518599 2.518599 2.518599 2.518599 2.518599 2.518599 2.518599 2.518599 2.518599 2.518599 2.518599 2.518599 2.518599 2.518599 2.518599 2.518599 2.518599 2.518599 2.518599 2.518599 2.518599 2.559686 2.854072 2.889194 2.88501 2.311495 1.336657 0.7357091 0.7281992 0.7281992 0.7281993 0.7281992 0.7281993 0.7281992 0.7281993 0.7281992 0.7281992 0.7281992 0.7281993 0.7281992 0.7281992 0.7281992 0.7281993 1.30675 2.737257 2.743032 2.743032 2.743032 2.743032 2.743032 2.743032 2.743032 2.743032 2.743032 2.743032 2.743032 2.743032 2.743032 2.743032
2.518599 2.518599 2.518599 2.518599 2.518599 2.518599 2.518599 2.518599 2.518599 2.518599 2.518599 2.518599 2.518599 2.518599 2.518599 2.518599 2.518599 2.518599 2.518599 2.518599 2.518599 2.518599 2.518599 2.518599 2.518599 2.518599 2.518599 2.518599 2.518599 2.53248 2.815053 2.889194 2.889194 2.889194 2.889194 2.889194 2.515291 1.547982 0.7848459 0.7281992 0.7281993 0.7281992 0.7281992 0.7281992 0.7281993 0.7281992 0.7281993 0.7281992 0.7281992 0.7281992 0.7281993 0.8826898 2.546295 2.743032 2.743032 2.743032 2.743032 2.743032 2.743032 2.743032 2.743032 2.743032 2.743032 2.743032 2.743032 2.743032 2.743032 2.743032
2.518599 2.518599 2.518599 2.518599 2.518599 2.518599 2.518599 2.518599 2.518599 2.518599 2.518599 2.518599 2.518599 2.518599 2.518599 2.518599 2.518599 2.518599 2.518599 2.518599 2.518599 2.518599 2.518599 2.518599 2.518599 2.518599 2.518599 2.518599 2.519683 2.761624 2.889194 2.889194 2.889194 2.889194 2.889194 2.889194 2.889194 2.889194 2.677177 1.756329 0.8767565 0.7281993 0.7281992 0.7281993 0.7281992 0.7281993 0.7281993 0.7281993 0.7281992 0.7281993 0.7288479 2.085116 2.743032 2.743032 2.743032 2.743032 2.743032 2.743032 2.743032 2.743032 2.743032 2.743032 2.743032 2.743032 2.743032 2.743032 2.743032 2.743032
2.518599 2.518599 2.518599 2.518599 2.518599 2.518599 2.518599 2.518599 2.518599 2.518599 2.518599 2.518599 2.518599 2.518599 2.518599 2.518599 2.518599 2.518599 2.518599 2.518599 2.518599 2.518599 2.518599 2.518599 2.518599 2.518599 2.518599 2.518599 2.696482 2.889194 2.889194 2.889194 2.889194 2.889194 2.889194 2.889194 2.889194 2.889194 2.889194 2.889194 2.790674 1.961199 1.011135 0.7281992 0.7281993 0.7281992 0.7281992 0.7281992 0.7281992 0.7281992 1.470743 2.743032 2.743032 2.743032 2.743032 2.743032 2.743032 2.743032 2.743032 2.743032 2.743032 2.743032 2.743032 2.743032 2.743032 2.743032 2.743032 2.743032
2.518599 2.518599 2.518599 2.518599 2.518599 2.518599 2.518599 2.518599 2.518599 2.518599 2.518599 2.518599 2.518599 2.518599 2.518599 2.518599 2.518599 2.518599 2.518599 2.518599 2.518599 2.518599 2.518599 2.518599 2.518599 2.518599 2.518599 2.632955 2.886495 2.889194 2.889194 2.889194 2.889194 2.889194 2.889194 2.889194 2.889194 2.889194 2.889194 2.889194 2.889194 2.889194 2.86117 2.165711 1.185466 0.7281992 0.7281993 0.7281992 0.7281993 0.9727461 2.626007 2.743032 2.743032 2.743032 2.743032 2.743032 2.743032 2.743032 2.743032 2.743032 2.743032 2.743032 2.743032 2.743032 2.743032 2.743032 2.743032 2.743032
2.518599 2.518599 2.518599 2.518599 2.518599 2.518599 2.518599 2.518599 2.518599 2.518599 2.518599 2.518599 2.518599 2.518599 2.518599 2.518599 2.518599 2.518599 2.518599 2.518599 2.518599 2.518599 2.518599 2.518599 2.518599 2.518599 2.582752 2.870473 2.889194 2.889194 2.889194 2.889194 2.889194 2.889194 2.889194 2.889194 2.889194 2.889194 2.889194 2.889194 2.889194 2.889194 2.889194 2.889194 2.888605 2.364602 1.383334 0.7419814 0.7443122 2.239419 2.743032 2.743032 2.743032 2.743032 2.743032 2.743032 2.743032 2.743032 2.743032 2.743032 2.743032 2.743032 2.743032 2.743032 2.743032 2.743032 2.743032 2.743032
2.518599 2.518599 2.518599 2.518599 2.518599 2.518599 2.518599 2.518599 2.518599 2.518599 2.518599 2.518599 2.518599 2.518599 2.518599 2.518599 2.518599 2.518599 2.518599 2.518599 2.518599 2.518599 2.518599 2.518599 2.518599 2.546958 2.840041 2.889194 2.889194 2.889194 2.889194 2.889194 2.889194 2.889194 2.889194 2.889194 2.889194 2.889194 2.889194 2.889194 2.889194 2.889194 2.889194 2.889194 2.889194 2.889194 2.889194 2.549257 2.066667 2.743032 2.743032 2.743032 2.743032 2.743032 2.743032 2.743032 2.743032 2.743032 2.743032 2.743032 2.743032 2.743032 2.743032 2.743032 2.743032 2.743032 2.743032 2.743032
