Scenarios/Heterogeneous/data/country_data_population_distribution/processed/density_grids/tcd.asc
ncols 264
nrows 395
xllcorner 13
yllcorner 7
cellsize 0.041666666666667
NODATA_value -9999
[rows 310 to 340 of 395, columns 136 to 203 of 264]
4.694407 4.694407 4.694407 4.694407 4.694407 4.694407 4.694407 4.694407 4.694407 4.694407 4.694407 4.694407 4.694407 4.694407 4.694407 4.694407 4.694407 4.694407 4.694407 4.694407 4.694407 4.694407 6.898716 13.4465 11.73182 9.519054 9.519053 9.519054 9.519053 9.519054 9.519054 9.519054 9.519053 9.519054 9.519054 9.519054 9.519053 9.519054 9.519053 9.519054 9.519054 9.519054 9.519053 9.519054 9.519053 9.519054 9.519053 9.519054 9.519053 9.519054 9.519054 9.519053 9.512331 3.332065 2.592925 2.592925 2.592925 2.592925 2.592925 2.592925 2.592925 2.592925 2.592925 2.592925 2.592925 2.592925 2.592925 2.592925
4.694407 4.694407 4.694407 4.694407 4.694407 4.694407 4.694407 4.694407 4.694407 4.694407 4.694407 4.694407 4.694407 4.694407 4.694407 4.694407 4.694407 4.694407 7.434663 11.45266 10.02546 8.759435 12.88749 13.90061 10.73489 9.519053 9.519053 9.519053 9.519053 9.519053 9.519053 9.519053 9.519053 9.519053 9.519053 9.519053 9.519053 9.519053 9.519053 9.519053 9.519053 9.519053 9.519053 9.519053 9.519053 9.519053 9.519053 9.519053 9.519053 9.519053 9.519053 9.519053 8.461886 2.592925 2.592925 2.592925 2.592925 2.592925 2.592925 2.592925 2.592925 2.592925 2.592925 2.592925 2.592925 2.592925 2.592925 2.592925
4.694407 4.694407 4.694407 4.694407 4.694407 4.694407 4.694407 4.694407 4.694407 4.694407 4.694407 4.694407 4.694407 4.694407 4.694407 4.694407 4.694407 7.837881 13.85562 13.90061 13.90061 13.90061 13.90061 13.86155 9.777365 9.519053 9.519053 9.519053 9.519053 9.519053 9.519053 9.519053 9.519053 9.519053 9.519053 9.519053 9.519053 9.519053 9.519053 9.519053 9.519053 9.519053 9.519053 9.519053 9.519053 9.519053 9.519053 9.519053 9.519053 9.519053 9.519053 9.519053 4.915359 2.592925 2.592925 2.592925 2.592925 2.592925 2.592925 2.592925 2.592925 2.592925 2.592925 2.592925 2.592925 2.592925 2.592925 2.592925
4.694407 4.694407 4.694407 4.694407 4.694407 4.694407 4.694407 4.694407 4.694407 4.694407 4.694407 4.694407 4.694407 4.694407 4.694407 4.694407 4.694407 11.81776 13.90061 13.90061 13.90061 13.90061 13.90061 13.12334 9.519053 9.519053 9.519053 9.519054 9.519053 9.519054 9.519053 9.519053 9.519053 9.519053 9.519053 9.519054 9.519053 9.519054 9.519053 9.519053 9.519054 9.519054 9.519053 9.519054 9.519053 9.519053 9.519053 9.519054 9.519053 9.519054 9.519054 8.37735 2.6324 2.592925 2.592925 2.592925 2.592925 2.592925 2.592925 2.592925 2.592925 2.592925 2.592925 2.592925 2.592925 2.592925 2.592925 2.592925
4.694407 4.694407 4.694407 4.694407 4.694407 4.694407 4.694407 4.694407 4.694407 4.694407 4.694407 4.694407 4.694407 4.694407 4.694407 4.694407 8.922675 13.90061 13.90061 13.90061 13.90061 13.90061 13.90061 12.12746 9.519053 9.519053 9.519053 9.519053 9.519053 9.519053 9.519053 9.519053 9.519053 9.519053 9.519053 9.519053 9.519053 9.519053 9.519053 9.519053 9.519053 9.519053 9.519053 9.519053 9.519053 9.519053 9.519053 9.519053 9.519053 9.519053 9.519053 5.709455 2.592925 2.592925 2.592925 2.592925 2.592925 2.592925 2.592925 2.592925 2.592925 2.592925 2.592925 2.592925 2.592925 2.592925 2.592925 2.592925
4.694407 4.694407 4.694407 4.694407 4.694407 4.694407 4.694407 4.694407 4.694407 4.694407 4.694407 4.694407 4.694407 4.694407 4.694407 4.694407 10.0453 13.90061 13.90061 13.90061 13.90061 13.90061 13.90061 11.13177 9.519054 9.519054 9.519054 9.519053 9.519054 9.519054 9.519054 9.519053 9.519054 9.519053 9.519054 9.519054 9.519054 9.519054 9.519054 9.519054 9.519054 9.519053 9.519054 9.519054 9.519054 9.519053 9.519054 9.519053 9.519054 9.519053 9.129038 3.033921 2.592925 2.592925 2.592925 2.592925 2.592925 2.592925 2.592925 2.592925 2.592925 2.592925 2.592925 2.592925 2.592925 2.592925 2.592925 2.592925
4.694407 4.694407 4.694407 4.694407 4.694407 4.694407 4.694407 4.694407 4.694407 4.694407 4.694407 4.694407 4.694407 4.694407 4.694407 7.199782 13.5143 13.90061 13.90061 13.90061 13.90061 13.90061 13.90061 13.2006 10.84361 9.519053 9.519053 9.519053 9.519053 9.519053 9.519053 9.519053 9.519053 9.519053 9.519053 9.519053 9.519053 9.519053 9.519053 9.519053 9.519053 9.519053 9.519053 9.519053 9.519053 9.519053 9.519053 9.519053 9.519053 9.519053 7.35073 2.592925 2.592925 2.592925 2.592925 2.592925 2.592925 2.592925 2.592925 2.592925 2.592925 2.592925 2.592925 2.592925 2.592925 2.592925 2.592925 2.592925
4.694407 4.694407 4.694407 4.694407 4.694407 4.694407 4.694407 4.694407 4.694407 4.694407 4.694407 4.694407 4.694407 4.802355 7.280427 13.32255 13.90061 13.90061 13.90061 13.90061 13.90061 13.90061 13.90061 13.90061 11.36186 9.519053 9.519053 9.519053 9.519053 9.519053 9.519053 9.519053 9.519053 9.519053 9.519053 9.519053 9.519053 9.519053 9.519053 9.519053 9.519053 9.519053 9.519053 9.519053 9.519053 9.519053 9.519053 9.519053 9.519053 9.519053 5.931413 2.592925 2.592925 2.592925 2.592925 2.592925 2.592925 2.592925 2.592925 2.592925 2.592925 2.592925 2.592925 2.592925 2.592925 2.592925 2.592925 2.592925
4.694407 4.694407 4.694407 4.694407 4.694407 4.694407 4.694407 4.694407 4.694407 4.694407 4.694407 4.694407 4.694407 11.18949 13.90062 13.90062 13.90061 13.90061 13.90061 13.90061 13.90061 13.90061 13.90061 13.56025 9.813764 9.519053 9.519053 9.519053 9.519053 9.519053 9.519053 9.519053 9.519053 9.519053 9.519054 9.519053 9.519053 9.519053 9.519053 9.519054 9.519053 9.519053 9.519053 9.519054 9.519053 9.519053 9.519053 9.519053 9.519053 9.519053 4.28449 2.592925 2.592925 2.592925 2.592925 2.592925 2.592925 2.592925 2.592925 2.592926 2.592925 2.592925 2.592925 2.592925 2.592925 2.592925 2.592925 2.523023
4.694407 4.694407 4.694407 4.694407 4.694407 4.694407 4.694407 4.694407 4.694407 4.694407 4.694407 7.664663 10.2023 13.74273 13.90062 13.90062 13.90061 13.90061 13.90061 13.90061 13.90062 13.90061 13.90061 12.14341 9.519053 9.519053 9.519053 9.519054 9.519053 9.519054 9.519053 9.519053 9.519053 9.519053 9.519053 9.519053 9.519053 9.519053 9.519053 9.519053 9.519054 9.519053 9.519053 9.519053 9.519053 9.519053 9.519053 9.519053 9.519053 9.519054 2.935898 2.592925 2.592925 2.592925 2.592925 2.592925 2.592925 2.592925 2.592925 2.592925 2.592925 2.592925 2.592925 2.592925 2.592925 2.592925 2.58869 0
4.694407 4.694407 4.694407 4.694407 4.694407 4.694407 4.694407 4.694407 4.694407 4.694407 4.694407 12.49358 13.90061 13.90061 13.90061 13.90061 13.90061 13.90061 0 13.90061 13.90061 13.90061 13.90061 12.14567 9.519053 9.519053 9.519053 9.519053 9.519053 9.519053 9.519053 9.519053 9.519053 9.519053 9.519053 9.519053 9.519053 9.519053 9.519053 9.519053 9.519053 9.519053 9.519053 9.519053 9.519053 9.519053 9.519053 9.519053 9.519053 9.31249 2.60504 2.592925 2.592925 2.592925 2.592925 2.592925 2.592925 2.592925 2.592925 2.592925 2.592925 2.592925 2.592925 2.592925 2.592925 2.592925 2.490438 0
4.694407 4.694407 4.694407 4.694407 4.694407 4.694407 4.694407 4.694407 4.694407 4.694407 7.367431 13.8991 13.90061 13.90061 13.90061 13.90061 13.90061 13.90061 13.90061 13.90061 13.90061 13.90061 13.4871 9.655297 9.519053 9.519053 9.519053 9.519053 9.519053 9.519053 9.519053 9.519053 9.519053 9.519053 9.519054 9.519053 9.519053 9.519053 9.519053 9.519054 9.519053 9.519053 9.519053 9.519053 9.519053 9.519053 9.519053 9.519053 9.519053 8.429275 2.592925 2.592925 2.592925 2.592925 2.592925 2.592925 2.592925 2.592925 2.592925 2.592925 2.592925 2.592925 2.592925 2.592925 2.592925 2.580264 0 0
4.694407 4.694407 4.694407 4.694407 4.694407 4.694407 4.694407 4.694407 4.694407 4.779496 12.65376 13.90061 13.90061 13.90061 13.90061 13.90061 13.90061 13.90061 13.90061 13.90061 13.90061 13.90061 13.90061 11.40081 9.519053 9.519053 9.519053 9.519053 9.519053 9.519053 9.519053 9.519053 9.519053 9.519053 9.519053 8.278028 7.376441 8.212635 8.893722 8.998451 8.975558 8.985915 9.366705 9.519053 9.519053 9.519053 9.519053 9.519053 9.333829 5.374095 2.592925 2.592925 2.592925 2.592925 2.592925 2.592925 2.592925 2.592925 2.592925 2.592925 2.592925 2.592925 2.592925 2.592925 2.592925 2.312737 0 0
4.694407 4.694407 4.694407 6.66975 11.24862 11.24854 11.24845 11.24836 11.24828 11.50376 13.90061 13.90061 13.90061 13.90061 13.90061 13.90061 13.90061 13.90061 13.90061 13.90061 13.90061 13.90061 13.90061 13.69464 10.05761 9.519053 9.519053 9.518548 8.721027 7.5579 6.325932 5.229423 6.314236 6.078505 5.011765 2.619959 2.592925 2.592925 2.592925 2.592925 2.592925 2.592925 2.619745 3.476267 3.926866 5.020299 5.863658 5.223615 3.445524 2.592925 2.592925 2.592925 2.592925 2.592925 2.592925 2.592925 2.592925 2.592925 2.592925 2.592925 2.592925 2.537692 0 2.286274 2.303044 0 0 0
4.694407 4.694407 4.694407 9.710155 13.90061 13.90061 13.90061 13.90061 13.90061 13.90061 13.90061 13.90061 13.90061 13.90061 13.90061 13.90061 13.90061 13.90061 13.90061 13.90061 13.90061 13.90061 13.90061 13.90061 11.92692 9.10144 7.170278 4.086461 2.592925 2.592925 2.592925 2.592925 2.592925 2.592925 2.592925 2.592925 2.592925 2.592925 2.592925 2.592925 2.592925 2.592925 2.592925 2.592925 2.592925 2.592925 2.592925 2.592925 2.592925 2.592925 2.592925 2.592925 2.592925 2.592925 2.592925 2.592925 2.592925 2.592925 2.592925 2.592925 2.549893 0 0 0 0 0 0 0
9.5098 6.022625 5.3975 12.36516 13.90061 13.90061 13.90061 13.90061 13.90061 13.90061 13.90061 13.90061 13.90061 13.90061 13.90061 13.90061 13.90061 13.90061 13.90061 13.90061 13.90061 13.90061 13.90061 13.90061 12.82636 2.74473 2.592925 2.592925 2.592925 2.592925 2.592925 2.592925 2.592925 2.592925 2.592925 2.592925 2.592925 2.592925 2.592925 2.592925 2.592925 2.592925 2.592925 2.592925 2.592925 2.592925 2.592925 2.592925 2.592925 2.592925 2.592925 2.592925 2.592925 2.592925 2.592925 2.592925 2.592925 2.592925 2.592925 2.592186 2.295168 0 0 0 0 0 0 0
13.90061 13.90061 13.90061 13.90061 13.90061 13.90061 13.90061 13.90061 13.90061 13.90061 13.90061 13.90061 13.90061 13.90061 13.90061 13.90061 13.90061 13.90061 13.90061 13.90061 13.90061 13.90062 13.90061 13.90061 13.90061 5.406281 2.592925 2.592925 2.592925 2.592925 2.592925 2.592925 2.592925 2.592925 2.592925 2.592925 2.592925 2.592925 2.592925 2.592925 2.592925 2.592925 2.592925 2.592925 2.592925 2.592925 2.592925 2.592925 2.592925 2.592925 2.592925 2.592925 2.592925 2.592925 2.592925 2.592925 2.592925 2.592925 2.591889 0 0 0 0 0 0 0 0 0
13.90061 13.90061 13.90061 13.90061 13.90061 13.90061 13.90062 13.90061 13.90061 13.90061 13.90062 13.90061 13.90062 13.90061 13.90061 13.90061 13.90062 13.90061 13.90062 13.90061 13.90062 13.90061 13.90062 13.90061 13.90061 9.358609 2.592925 2.592925 2.592925 2.592925 2.592925 2.592925 2.592925 2.592925 2.592925 2.592925 2.592925 2.592925 2.592925 2.592925 2.592925 2.592925 2.592925 2.592925 2.592925 2.592925 2.592925 2.592925 2.592925 2.592925 2.592925 2.592925 2.592925 2.592925 2.592925 2.592925 2.592925 2.592925 2.470288 0 0 0 0 0 0 0 0 0
13.90061 13.90061 13.90061 13.90061 13.90061 13.90061 13.90061 13.90061 13.90061 13.90061 13.90061 13.90061 13.90061 13.90061 13.90061 13.90061 13.90061 13.90061 13.90061 13.90061 13.90061 13.90061 13.90061 13.90061 13.90061 13.06706 2.835487 2.592925 2.592925 2.592925 2.592925 2.592925 2.592925 2.592925 2.592925 2.592925 2.592925 2.592925 2.592925 2.592925 2.592925 2.592925 2.592925 2.592925 2.592925 2.592925 2.592925 2.592925 2.592925 2.592925 2.592925 2.592925 2.592925 2.592925 2.592925 2.592925 2.430879 0 0 0 0 0 0 0 0 0 0 0
13.90061 13.90061 13.90061 13.90061 13.90062 13.90061 13.90061 13.90061 13.90061 13.90061 13.90061 13.90061 13.90061 13.90061 13.90061 13.90061 13.90061 13.90061 13.90061 13.90061 13.90061 13.90061 13.90061 13.90061 13.90061 13.90061 5.951328 2.592925 2.592925 2.592925 2.592925 2.592925 2.592925 2.592925 2.592925 2.592925 2.592925 2.592925 2.592925 2.592925 2.592925 2.592925 2.592925 2.592925 2.592925 2.592925 2.592925 2.592925 2.592925 2.592925 2.592925 2.592925 2.592925 2.592925 2.592925 2.522789 0 0 0 0 0 0 0 0 0 0 0 0
13.90061 13.90061 13.90061 13.90061 13.90061 13.90061 13.90061 13.90061 13.90061 13.90061 13.90061 13.90061 13.90061 13.90061 13.90061 13.90061 13.90061 13.90061 13.90061 13.90061 13.90061 13.90062 13.90061 13.90061 13.90061 13.90061 9.899411 2.592925 2.592925 2.592925 2.592925 2.592925 2.592925 2.592925 2.592925 2.592925 2.592925 2.592925 2.592925 2.592925 2.592925 2.592925 2.592925 2.592925 2.592925 2.592925 2.592925 2.592925 2.592925 2.592925 2.592925 2.592925 2.592925 2.592925 2.592925 2.40061 0 0 0 0 0 0 0 0 0 0 0 0
13.90061 13.90061 13.90061 13.90061 13.90061 13.90061 13.90061 13.90061 13.90061 13.90061 13.90061 13.90061 13.90061 13.90061 13.90061 13.90061 13.90061 13.90061 13.90061 13.90061 13.90061 13.90061 13.90061 13.90061 13.90061 13.90061 13.37999 3.059764 2.592925 2.592925 2.592925 2.592925 2.592925 2.592925 2.592925 2.592925 2.592925 2.592925 2.592925 2.592925 2.592925 2.592925 2.592925 2.592925 2.592925 2.592925 2.592925 2.592925 2.592925 2.592925 2.592925 2.592925 2.592925 2.592925 2.592925 2.305724 0 0 0 0 0 0 0 0 0 0 0 0
13.90061 13.90061 13.90061 13.90061 13.90061 13.90061 13.90061 13.90061 13.90061 13.90061 13.90061 13.90061 13.90061 13.90061 13.90061 13.90061 13.90061 13.90061 13.90061 13.90061 13.90061 13.90061 13.90061 13.90061 13.90061 13.90061 13.90061 6.48626 2.592925 2.592925 2.592925 2.592925 2.592925 2.592925 2.592925 2.592925 2.592925 2.592925 2.592925 2.592925 2.592925 2.592925 2.592925 2.592925 2.592925 2.592925 2.592925 2.592925 2.592925 2.592925 2.592925 2.592925 2.592925 2.592925 2.510153 0 0 0 0 0 0 0 0 0 0 0 0 0
13.90061 13.90061 13.90061 13.90061 13.90061 13.90061 13.90061 13.90061 13.90061 13.90061 13.90061 13.90061 13.90061 13.90061 13.90061 13.90061 13.90061 13.90061 13.90061 13.90061 13.90061 13.90061 13.90061 13.90061 13.90061 13.90061 13.90061 10.44161 2.592925 2.592925 2.592925 2.592925 2.592925 2.592925 2.592925 2.592925 2.592925 2.592925 2.592925 2.592925 2.592925 2.592925 2.592925 2.592925 2.592925 2.592925 2.592925 2.592925 2.592925 2.592925 2.592925 2.592925 2.592925 2.592925 0 0 0 0 0 0 0 0 0 0 0 0 0 0
13.90061 13.90061 13.90061 13.90061 13.90061 13.90061 13.90061 13.90061 13.90061 13.90061 13.90061 13.90061 13.90061 13.90061 13.90061 13.90061 13.90061 13.90061 13.90061 13.90061 13.90061 13.90061 13.90061 13.90061 13.90061 13.90061 13.90061 13.62435 3.367461 2.592925 2.592925 2.592925 2.592925 2.592925 2.592925 2.592925 2.592925 2.592925 2.592925 2.592925 2.592925 2.592925 2.592925 2.592925 2.592925 2.592925 2.592925 2.592925 2.592925 2.592925 2.592925 2.592925 2.559584 0 0 0 0 0 0 0 0 0 0 0 0 0 0 0
13.90061 13.90061 13.90061 13.90061 13.90061 13.90061 13.90061 13.90061 13.90061 13.90061 13.90061 13.90061 13.90061 13.90061 13.90061 13.90061 13.90061 13.90061 13.90061 13.90061 13.90061 13.90061 13.90061 13.90061 13.90061 13.90061 13.90061 13.90061 7.037831 2.592925 2.592925 2.592925 2.592925 2.592925 2.592925 2.592925 2.592925 2.592925 2.592925 2.592925 2.592925 2.592925 2.592925 2.592925 2.592925 2.592925 2.592925 2.592925 2.592925 2.592925 2.592925 2.568081 0 0 0 0 0 0 0 0 0 0 0 0 0 0 0 0
13.90061 13.90061 13.90061 13.90061 13.90061 13.90061 13.90061 13.90061 13.90061 13.90061 13.90061 13.90061 13.90061 13.90061 13.90061 13.90061 13.90061 13.90061 13.90061 13.90061 13.90061 13.90061 13.90061 13.90061 13.90061 13.90061 13.90061 13.90061 10.98305 2.592925 2.592925 2.592925 2.592925 2.592925 2.592925 2.592925 2.592925 2.592925 2.592925 2.592925 2.592925 2.592925 2.592925 2.592925 2.592925 2.592925 2.592925 2.592925 2.592925 2.592925 2.353639 0 0 0 0 0 0 0 0 0 0 0 0 0 0 0 0 0
13.90061 13.90061 13.90061 13.90061 13.90061 13.90061 13.90061 13.90061 13.90061 13.90061 13.90061 13.90061 13.90061 13.90061 13.90061 13.90061 13.90061 13.90061 13.90061 13.90061 13.90061 13.90061 13.90061 13.90061 13.90061 13.90061 13.90061 13.90061 13.78714 3.731474 2.592925 2.592925 2.592925 2.592925 2.592925 2.592925 2.592925 2.592925 2.592925 2.592925 2.592925 2.592925 2.592925 2.592925 2.592925 2.592925 2.592925 2.481012 0 0 0 0 0 0 0 0 0 0 0 0 0 0 0 0 0 0 0 0
13.90061 13.90061 14.0414 14.28173 14.65093 13.90061 13.90061 13.90061 13.90061 13.90061 13.90061 13.90061 13.90061 13.90061 13.90061 13.90061 13.90061 13.90061 13.90061 13.90061 13.90061 13.90061 13.90061 13.90061 13.90061 13.90061 13.90061 13.90061 13.90061 7.559783 2.592925 2.592925 2.592925 2.592925 2.592925 2.592925 2.592925 2.592925 2.592925 2.592925 2.592925 2.592925 2.592925 2.592925 2.565045 2.518438 2.577888 0 0 0 0 0 0 0 0 0 0 0 0 0 0 0 0 0 0 0 0 0
13.90061 13.90061 17.31935 23.31313 16.60455 13.90061 13.90061 13.90061 13.90061 13.90061 13.90061 13.90061 13.90061 13.90061 13.90061 13.90061 13.90061 13.90061 13.90061 13.90061 13.90061 13.90061 13.90061 13.90061 13.90061 13.90061 13.90061 13.90061 13.90061 11.50157 2.592925 2.592925 2.592925 2.592925 2.592925 2.592925 2.592925 2.592925 2.592925 2.592925 2.592925 2.592925 2.592925 2.520413 0 0 0 0 0 0 0 0 0 0 0 0 0 0 0 0 0 0 0 0 0 0 0 0
14.22596 16.8516 21.30894 23.54974 15.11532 13.90061 13.90061 13.90061 13.90061 13.90061 13.90061 13.90061 13.90061 13.90061 13.90061 13.90061 13.90061 13.90061 13.90061 13.90061 13.90061 13.90061 13.90061 13.90061 13.90061 13.90061 13.90061 13.90061 13.90061 13.87736 4.171142 2.592925 2.592925 2.592925 2.592925 2.592925 2.592925 2.592925 2.592925 2.592925 2.592925 2.592925 2.592925 2.425039 0 0 0 0 0 0 0 0 0 0 0 0 0 0 0 0 0 0 0 0 0 0 0 0
