Scenarios/Heterogeneous/data/country_data_population_distribution/processed/density_grids/tcd.asc
ncols 264
nrows 395
xllcorner 13
yllcorner 7
cellsize 0.041666666666667
NODATA_value -9999
[rows 93 to 123 of 395, columns 68 to 135 of 264]
0.4145752 0.4145752 0.4145752 0.4145752 0.4145752 0.4145752 0.4145752 0.4145752 0.4145752 0.4145752 0.4145752 0.4145752 0.4145752 0.4145752 0.4145752 0.4145752 0.4145752 0.4145752 0.4145752 0.4145752 0.4145752 0.4145752 0.4145752 0.4145752 0.4145752 0.4145481 0.29717 0.2526544 0.2526544 0.2526544 0.2526544 0.2526544 0.2526544 0.2526544 0.2526544 0.2526544 0.2526544 0.2526544 0.2526544 0.2526544 0.2526544 0.2526544 0.2526544 0.2526544 0.2526544 0.2526544 0.2526544 0.2526544 0.2526544 0.2526544 0.2526544 0.2526544 0.2526544 0.2526544 0.2526544 0.2526544 0.2526544 0.2526544 0.2526544 0.2526544 0.2526544 0.2526544 0.2526544 0.2526544 0.2526544 0.2526544 0.2526544 0.2526544
0.4145752 0.4145752 0.4145752 0.4145752 0.4145752 0.4145752 0.4145752 0.4145752 0.4145752 0.4145752 0.4145752 0.4145752 0.4145752 0.4145752 0.4145752 0.4145752 0.4145752 0.4145752 0.4145753 0.4145752 0.4145752 0.4145752 0.4145752 0.4145752 0.4145752 0.3655848 0.2526544 0.2526544 0.2526544 0.2526544 0.2526544 0.2526544 0.2526544 0.2526544 0.2526544 0.2526544 0.2526544 0.2526544 0.2526544 0.2526544 0.2526544 0.2526544 0.2526544 0.2526544 0.2526544 0.2526544 0.2526544 0.2526544 0.2526544 0.2526544 0.2526544 0.2526544 0.2526544 0.2526544 0.2526544 0.2526544 0.2526544 0.2526544 0.2526544 0.2526544 0.2526544 0.2526544 0.2526544 0.2526544 0.2526544 0.2526544 0.2526544 0.2526544
0.4145752 0.4145752 0.4145752 0.4145752 0.4145752 0.4145752 0.4145752 0.4145752 0.4145752 0.4145752 0.4145752 0.4145752 0.4145752 0.4145752 0.4145752 0.4145752 0.4145752 0.4145752 0.4145752 0.4145752 0.4145752 0.4145752 0.4145752 0.4145752 0.4105941 0.2760886 0.2526544 0.2526544 0.2526544 0.2526544 0.2526544 0.2526544 0.2526544 0.2526544 0.2526544 0.2526544 0.2526544 0.2526544 0.2526544 0.2526544 0.2526544 0.2526544 0.2526544 0.2526544 0.2526544 0.2526544 0.2526544 0.2526544 0.2526544 0.2526544 0.2526544 0.2526544 0.2526544 0.2526544 0.2526544 0.2526544 0.2526544 0.2526544 0.2526544 0.2526544 0.2526544 0.2526544 0.2526544 0.2526544 0.2526544 0.2526544 0.2526544 0.2526544
0.4145752 0.4145752 0.4145752 0.4145752 0.4145752 0.4145752 0.4145752 0.4145752 0.4145752 0.4145752 0.4145752 0.4145752 0.4145752 0.4145752 0.4145752 0.4145752 0.4145752 0.4145752 0.4145752 0.4145752 0.4145752 0.4145752 0.4145752 0.4145752 0.34069 0.2526544 0.2526544 0.2526544 0.2526544 0.2526544 0.2526544 0.2526544 0.2526544 0.2526544 0.2526544 0.2526544 0.2526544 0.2526544 0.2526544 0.2526544 0.2526544 0.2526544 0.2526544 0.2526544 0.2526544 0.2526544 0.2526544 0.2526544 0.2526544 0.2526544 0.2526544 0.2526544 0.2526544 0.2526544 0.2526544 0.2526544 0.2526544 0.2526544 0.2526544 0.2526544 0.2526544 0.2526544 0.2526544 0.2526544 0.2526544 0.2526544 0.2526544 0.2526544
0.4145752 0.4145752 0.4145752 0.4145752 0.4145752 0.4145752 0.4145752 0.4145752 0.4145752 0.4145752 0.4145752 0.4145752 0.4145752 0.4145752 0.4145752 0.4145752 0.4145752 0.4145752 0.4145752 0.4145752 0.4145752 0.4145752 0.4145752 0.400167 0.2618498 0.2526544 0.2526544 0.2526544 0.2526544 0.2526544 0.2526544 0.2526544 0.2526544 0.2526544 0.2526544 0.2526544 0.2526544 0.2526544 0.2526544 0.2526544 0.2526544 0.2526544 0.2526544 0.2526544 0.2526544 0.2526544 0.2526544 0.2526544 0.2526544 0.2526544 0.2526544 0.2526544 0.2526544 0.2526544 0.2526544 0.2526544 0.2526544 0.2526544 0.2526544 0.2526544 0.2526544 0.2526544 0.2526544 0.2526544 0.2526544 0.2526544 0.2526544 0.2526544
0.4145752 0.4145752 0.4145752 0.4145752 0.4145752 0.4145752 0.4145752 0.4145752 0.4145752 0.4145752 0.4145752 0.4145752 0.4145752 0.4145752 0.4145752 0.4145752 0.4145752 0.4145752 0.4145752 0.4145752 0.4145752 0.4145752 0.4145752 0.316114 0.2526544 0.2526544 0.2526544 0.2526544 0.2526544 0.2526544 0.2526544 0.2526544 0.2526544 0.2526544 0.2526544 0.2526544 0.2526544 0.2526544 0.2526544 0.2526544 0.2526544 0.2526544 0.2526544 0.2526544 0.2526544 0.2526544 0.2526544 0.2526544 0.2526544 0.2526544 0.2526544 0.2526544 0.2526544 0.2526544 0.2526544 0.2526544 0.2526544 0.2526544 0.2526544 0.2526544 0.2526544 0.2526544 0.2526544 0.2526544 0.2526544 0.2526544 0.2526544 0.2526544
0.4145752 0.4145752 0.4145752 0.4145752 0.4145752 0.4145752 0.4145752 0.4145752 0.4145752 0.4145752 0.4145752 0.4145752 0.4145752 0.4145752 0.4145752 0.4145752 0.4145752 0.4145752 0.4145752 0.4145752 0.4145752 0.4145752 0.3832665 0.2541744 0.2526544 0.2526544 0.2526544 0.2526544 0.2526544 0.2526544 0.2526544 0.2526544 0.2526544 0.2526544 0.2526544 0.2526544 0.2526544 0.2526544 0.2526544 0.2526544 0.2526544 0.2526544 0.2526544 0.2526544 0.2526544 0.2526544 0.2526544 0.2526544 0.2526544 0.2526544 0.2526544 0.2526544 0.2526544 0.2526544 0.2526544 0.2526544 0.2526544 0.2526544 0.2526544 0.2526544 0.2526544 0.2526544 0.2526544 0.2526544 0.2526544 0.2526544 0.2526544 0.2526544
0.4145752 0.4145752 0.4145752 0.4145752 0.4145752 0.4145752 0.4145752 0.4145752 0.4145752 0.4145752 0.4145752 0.4145752 0.4145752 0.4145752 0.4145752 0.4145752 0.4145752 0.4145752 0.4145752 0.4145752 0.4145752 0.414254 0.2918592 0.2526544 0.2526544 0.2526544 0.2526544 0.2526544 0.2526544 0.2526544 0.2526544 0.2526544 0.2526544 0.2526544 0.2526544 0.2526544 0.2526544 0.2526544 0.2526544 0.2526544 0.2526544 0.2526544 0.2526544 0.2526544 0.2526544 0.2526544 0.2526544 0.2526544 0.2526544 0.2526544 0.2526544 0.2526544 0.2526544 0.2526544 0.2526544 0.2526544 0.2526544 0.2526544 0.2526544 0.2526544 0.2526544 0.2526544 0.2526544 0.2526544 0.2526544 0.2526544 0.2526544 0.2526544
0.4145752 0.4145752 0.4145752 0.4145752 0.4145752 0.4145752 0.4145752 0.4145752 0.4145752 0.4145752 0.4145752 0.4145752 0.4145752 0.4145752 0.4145752 0.4145752 0.4145752 0.4145752 0.4145752 0.4145752 0.4145752 0.3603063 0.2526544 0.2526544 0.2526544 0.2526544 0.2526544 0.2526544 0.2526544 0.2526544 0.2526544 0.2526544 0.2526544 0.2526544 0.2526544 0.2526544 0.2526544 0.2526544 0.2526544 0.2526544 0.2526544 0.2526544 0.2526544 0.2526544 0.2526544 0.2526544 0.2526544 0.2526544 0.2526544 0.2526544 0.2526544 0.2526544 0.2526544 0.2526544 0.2526544 0.2526544 0.2526544 0.2526544 0.2526544 0.2526544 0.2526544 0.2526544 0.2526544 0.2526544 0.2526544 0.2526544 0.2526544 0.2526544
0.4145752 0.4145752 0.4145752 0.4145752 0.4145752 0.4145752 0.4145752 0.4145752 0.4145752 0.4145752 0.4145752 0.4145752 0.4145752 0.4145752 0.4145752 0.4145752 0.4145752 0.4145752 0.4145752 0.4145752 0.4091111 0.2727461 0.2526544 0.2526544 0.2526544 0.2526544 0.2526544 0.2526544 0.2526544 0.2526544 0.2526544 0.2526544 0.2526544 0.2526544 0.2526544 0.2526544 0.2526544 0.2526544 0.2526544 0.2526544 0.2526544 0.2526544 0.2526544 0.2526544 0.2526544 0.2526544 0.2526544 0.2526544 0.2526544 0.2526544 0.2526544 0.2526544 0.2526544 0.2526544 0.2526544 0.2526544 0.2526544 0.2526544 0.2526544 0.2526544 0.2526544 0.2526544 0.2526544 0.2526544 0.2526544 0.2526544 0.2526544 0.2526544
0.4145752 0.4145752 0.4145752 0.4145752 0.4145752 0.4145752 0.4145752 0.4145752 0.4145752 0.4145752 0.4145752 0.4145752 0.4145752 0.4145752 0.4145752 0.4145752 0.4145752 0.4145752 0.4145752 0.4145752 0.3361793 0.2526544 0.2526544 0.2526544 0.2526544 0.2526544 0.2526544 0.2526544 0.2526544 0.2526544 0.2526544 0.2526544 0.2526544 0.2526544 0.2526544 0.2526544 0.2526544 0.2526544 0.2526544 0.2526544 0.2526544 0.2526544 0.2526544 0.2526544 0.2526544 0.2526544 0.2526544 0.2526544 0.2526544 0.2526544 0.2526544 0.2526544 0.2526544 0.2526544 0.2526544 0.2526544 0.2526544 0.2526544 0.2526544 0.2526544 0.2526544 0.2526544 0.2526544 0.2526544 0.2526544 0.2526544 0.2526544 0.2526544
0.4145752 0.4145752 0.4145752 0.4145752 0.4145752 0.4145752 0.4145752 0.4145752 0.4145752 0.4145752 0.4145752 0.4145752 0.4145752 0.4145752 0.4145752 0.4145752 0.4145752 0.4145752 0.4145752 0.3977129 0.2600181 0.2526544 0.2526544 0.2526544 0.2526544 0.2526544 0.2526544 0.2526544 0.2526544 0.2526544 0.2526544 0.2526544 0.2526544 0.2526544 0.2526544 0.2526544 0.2526544 0.2526544 0.2526544 0.2526544 0.2526544 0.2526544 0.2526544 0.2526544 0.2526544 0.2526544 0.2526544 0.2526544 0.2526544 0.2526544 0.2526544 0.2526544 0.2526544 0.2526544 0.2526544 0.2526544 0.2526544 0.2526544 0.2526544 0.2526544 0.2526544 0.2526544 0.2526544 0.2526544 0.2526544 0.2526544 0.2526544 0.2526544
0.4145752 0.4145752 0.4145752 0.4145752 0.4145752 0.4145752 0.4145752 0.4145752 0.4145752 0.4145752 0.4145752 0.4145752 0.4145752 0.4145752 0.4145752 0.4145752 0.4145752 0.4145752 0.4145752 0.3120531 0.2526544 0.2526544 0.2526544 0.2526544 0.2526544 0.2526544 0.2526544 0.2526544 0.2526544 0.2526544 0.2526544 0.2526544 0.2526544 0.2526544 0.2526544 0.2526544 0.2526544 0.2526544 0.2526544 0.2526544 0.2526544 0.2526544 0.2526544 0.2526544 0.2526544 0.2526544 0.2526544 0.2526544 0.2526544 0.2526544 0.2526544 0.2526544 0.2526544 0.2526544 0.2526544 0.2526544 0.2526544 0.2526544 0.2526544 0.2526544 0.2526544 0.2526544 0.2526544 0.2526544 0.2526544 0.2526544 0.2526544 0.2526544
0.4145752 0.4145752 0.4145752 0.4145752 0.4145752 0.4145752 0.4145752 0.4145752 0.4145752 0.4145752 0.4145752 0.4145752 0.4145752 0.4145752 0.4145752 0.4145752 0.4145752 0.4145752 0.380116 0.2535473 0.2526544 0.2526544 0.2526544 0.2526544 0.2526544 0.2526544 0.2526544 0.2526544 0.2526544 0.2526544 0.2526544 0.2526544 0.2526544 0.2526544 0.2526544 0.2526544 0.2526544 0.2526544 0.2526544 0.2526544 0.2526544 0.2526544 0.2526544 0.2526544 0.2526544 0.2526544 0.2526544 0.2526544 0.2526544 0.2526544 0.2526544 0.2526544 0.2526544 0.2526544 0.2526544 0.2526544 0.2526544 0.2526544 0.2526544 0.2526544 0.2526544 0.2526544 0.2526544 0.2526544 0.2526544 0.2526544 0.2526544 0.2526544
0.4145752 0.4145752 0.4145752 0.4145752 0.4145752 0.4145752 0.4145752 0.4145752 0.4145752 0.4145752 0.4145752 0.4145752 0.4145752 0.4145752 0.4145752 0.4145752 0.4145752 0.4139401 0.2888324 0.2526544 0.2526544 0.2526544 0.2526544 0.2526544 0.2526544 0.2526544 0.2526544 0.2526544 0.2526544 0.2526544 0.2526544 0.2526544 0.2526544 0.2526544 0.2526544 0.2526544 0.2526544 0.2526544 0.2526544 0.2526544 0.2526544 0.2526544 0.2526544 0.2526544 0.2526544 0.2526544 0.2526544 0.2526544 0.2526544 0.2526544 0.2526544 0.2526544 0.2526544 0.2526544 0.2526544 0.2526544 0.2526544 0.2526544 0.2526544 0.2526544 0.2526544 0.2526544 0.2526544 0.2526544 0.2526544 0.2526544 0.2526544 0.2526544
0.4145752 0.4145752 0.4145752 0.4145752 0.4145752 0.4145752 0.4145752 0.4145752 0.4145752 0.4145752 0.4145752 0.4145752 0.4145752 0.4145752 0.4145752 0.4145752 0.4145752 0.3573146 0.2526544 0.2526544 0.2526544 0.2526544 0.2526544 0.2526544 0.2526544 0.2526544 0.2526544 0.2526544 0.2526544 0.2526544 0.2526544 0.2526544 0.2526544 0.2526544 0.2526544 0.2526544 0.2526544 0.2526544 0.2526544 0.2526544 0.2526544 0.2526544 0.2526544 0.2526544 0.2526544 0.2526544 0.2526544 0.2526544 0.2526544 0.2526544 0.2526544 0.2526544 0.2526544 0.2526544 0.2526544 0.2526544 0.2526544 0.2526544 0.2526544 0.2526544 0.2526544 0.2526544 0.2526544 0.2526544 0.2526544 0.2526544 0.2526544 0.2526544
0.4145752 0.4145752 0.4145752 0.4145752 0.4145752 0.4145752 0.4145752 0.4145752 0.4145752 0.4145752 0.4145752 0.4145752 0.4145752 0.4145752 0.4145752 0.4145752 0.4081458 0.2709405 0.2526544 0.2526544 0.2526544 0.2526544 0.2526544 0.2526544 0.2526544 0.2526544 0.2526544 0.2526544 0.2526544 0.2526544 0.2526544 0.2526544 0.2526544 0.2526544 0.2526544 0.2526544 0.2526544 0.2526544 0.2526544 0.2526544 0.2526544 0.2526544 0.2526544 0.2526544 0.2526544 0.2526544 0.2526544 0.2526544 0.2526544 0.2526544 0.2526544 0.2526544 0.2526544 0.2526544 0.2526544 0.2526544 0.2526544 0.2526544 0.2526544 0.2526544 0.2526544 0.2526544 0.2526544 0.2526544 0.2526544 0.2526544 0.2526544 0.2526544
0.4145752 0.4145752 0.4145752 0.4145752 0.4145752 0.4145752 0.4145752 0.4145752 0.4145752 0.4145752 0.4145752 0.4145752 0.4145752 0.4145752 0.4145752 0.4145752 0.3336284 0.2526544 0.2526544 0.2526544 0.2526544 0.2526544 0.2526544 0.2526544 0.2526544 0.2526544 0.2526544 0.2526544 0.2526544 0.2526544 0.2526544 0.2526544 0.2526544 0.2526544 0.2526544 0.2526544 0.2526544 0.2526544 0.2526544 0.2526544 0.2526544 0.2526544 0.2526544 0.2526544 0.2526544 0.2526544 0.2526544 0.2526544 0.2526544 0.2526544 0.2526544 0.2526544 0.2526544 0.2526544 0.2526544 0.2526544 0.2526544 0.2526544 0.2526544 0.2526544 0.2526544 0.2526544 0.2526544 0.2526544 0.2526544 0.2526544 0.2526544 0.2526544
0.4145752 0.4145752 0.4145752 0.4145752 0.4145752 0.4145752 0.4145752 0.4145752 0.4145752 0.4145752 0.4145752 0.4145752 0.4145752 0.4145752 0.4145752 0.4509082 0.5866199 0.5818371 0.5830867 0.5843527 0.5856189 0.5868849 0.588151 0.589417 0.5906832 0.5919492 0.5932153 0.5944813 0.5957475 0.5970135 0.5982796 0.5995457 0.6008117 0.6020778 0.6033439 0.6046099 0.605876 0.607142 0.608408 0.6096741 0.61094 0.6122061 0.6134721 0.6147382 0.6160042 0.6172702 0.6185362 0.6198023 0.6210683 0.6223344 0.6236004 0.6248664 0.6261324 0.6273984 0.6286644 0.6299304 0.6311964 0.6324626 0.6337285 0.6349946 0.6362606 0.6375266 0.6387926 0.6400587 0.6413247 0.6425908 0.6438568 0.6451228
0.4145752 0.4145752 0.4145752 0.4145752 0.4145752 0.4145752 0.4145752 0.4145752 0.4145752 0.4145752 0.4145752 0.4145752 0.4145752 0.4145752 0.4145752 0.6241149 0.7281992 0.7281993 0.7281992 0.7281993 0.7281992 0.7281992 0.7281992 0.7281992 0.7281992 0.7281992 0.7281992 0.7281992 0.7281992 0.7281992 0.7281992 0.7281992 0.7281993 0.7281992 0.7281993 0.7281992 0.7281992 0.7281993 0.7281993 0.7281992 0.7281993 0.7281992 0.7281992 0.7281992 0.7281993 0.7281992 0.7281992 0.7281992 0.7281992 0.7281992 0.7281992 0.7281992 0.7281992 0.7281992 0.7281992 0.7281992 0.7281993 0.7281992 0.7281992 0.7281992 0.7281992 0.7281992 0.7281992 0.7281993 0.7281992 0.7281992 0.7281992 0.7281992
0.4145752 0.4145752 0.4145752 0.4145752 0.4145752 0.4145752 0.4145752 0.4145752 0.4145752 0.4145752 0.4145752 0.4145752 0.4145752 0.4145752 0.497212 0.7278814 0.7281992 0.7281993 0.7281993 0.7281993 0.7281993 0.7281993 0.7281993 0.7281993 0.7281993 0.7281993 0.7281993 0.7281993 0.7281994 0.7281993 0.7281993 0.7281993 0.7281993 0.7281993 0.7281993 0.7281993 0.7281993 0.7281993 0.7281993 0.7281992 0.7281993 0.7281994 0.7281993 0.7281994 0.7281993 0.7281993 0.7281993 0.7281993 0.7281993 0.7281993 0.7281993 0.7281992 0.7281993 0.7281994 0.7281993 0.7281994 0.7281993 0.7281993 0.7281993 0.7281993 0.7281993 0.7281993 0.7281993 0.7281993 0.7281993 0.7281992 0.7281993 0.7281993
0.4145752 0.4145752 0.4145752 0.4145752 0.4145752 0.4145752 0.4145752 0.4145752 0.4145752 0.4145752 0.4145752 0.4145752 0.4145752 0.4208324 0.6770402 0.7281993 0.7281993 0.7281993 0.7281993 0.7281993 0.7281993 0.7281993 0.7281992 0.7281993 0.7281993 0.7281993 0.7281992 0.7281993 0.7281993 0.7281993 0.7281993 0.7281993 0.7281993 0.7281993 0.7281993 0.7281992 0.7281993 0.7281993 0.7281993 0.7281992 0.7281993 0.7281992 0.7281993 0.7281992 0.7281993 0.7281992 0.7281993 0.7281992 0.7281993 0.7281992 0.7281993 0.7281992 0.7281993 0.7281992 0.7281993 0.7281992 0.7281993 0.7281993 0.7281993 0.7281992 0.7281993 0.7281992 0.7281993 0.7281993 0.7281993 0.7281992 0.7281993 0.7281993
0.4145752 0.4145752 0.4145752 0.4145752 0.4145752 0.4145752 0.4145752 0.4145752 0.4145752 0.4145752 0.4145752 0.4145752 0.4145752 0.5560766 0.7281992 0.7281993 0.7281992 0.7281993 0.7281993 0.7281993 0.7281992 0.7281992 0.7281992 0.7281993 0.7281993 0.7281993 0.7281993 0.7281993 0.7281992 0.7281992 0.7281993 0.7281993 0.7281993 0.7281992 0.7281993 0.7281992 0.7281993 0.7281993 0.7281993 0.7281992 0.7281993 0.7281992 0.7281993 0.7281992 0.7281993 0.7281992 0.7281993 0.7281992 0.7281992 0.7281992 0.7281993 0.7281992 0.7281993 0.7281992 0.7281992 0.7281992 0.7281993 0.7281993 0.7281993 0.7281992 0.7281993 0.7281992 0.7281993 0.7281993 0.7281993 0.7281992 0.7281993 0.7281992
0.4145752 0.4145752 0.4145752 0.4145752 0.4145752 0.4145752 0.4145752 0.4145752 0.4145752 0.4145752 0.4145752 0.4145752 0.4455631 0.7114919 0.7281993 0.7281992 0.7281993 0.7281992 0.7281993 0.7281992 0.7281993 0.7281992 0.7281993 0.7281992 0.7281992 0.7281992 0.7281993 0.7281992 0.7281993 0.7281992 0.7281992 0.7281992 0.7281992 0.7281993 0.7281992 0.7281993 0.7281992 0.7281992 0.7281992 0.7281993 0.7281992 0.7281993 0.7281992 0.7281993 0.7281992 0.7281993 0.7281993 0.7281993 0.7281992 0.7281993 0.7281992 0.7281993 0.7281992 0.7281993 0.7281993 0.7281993 0.7281992 0.7281993 0.7281992 0.7281993 0.7281992 0.7281993 0.7281992 0.7281992 0.7281992 0.7281993 0.7281992 0.7281993
0.4145752 0.4145752 0.4145752 0.4145752 0.4145752 0.4145752 0.4145752 0.4145752 0.4145752 0.4145752 0.4145752 0.4145752 0.6151701 0.7281992 0.7281993 0.7281992 0.7281993 0.7281992 0.7281993 0.7281992 0.7281993 0.7281992 0.7281993 0.7281992 0.7281993 0.7281993 0.7281992 0.7281992 0.7281993 0.7281992 0.7281992 0.7281993 0.7281992 0.7281993 0.7281993 0.7281993 0.7281992 0.7281993 0.7281992 0.7281993 0.7281993 0.7281993 0.7281993 0.7281992 0.7281992 0.7281993 0.7281992 0.7281993 0.7281993 0.7281992 0.7281993 0.7281993 0.7281992 0.7281993 0.7281993 0.7281992 0.7281992 0.7281993 0.7281992 0.7281993 0.7281992 0.7281993 0.7281992 0.7281993 0.7281992 0.7281993 0.7281992 0.7281992
0.4145752 0.4145752 0.4145752 0.4145752 0.4145752 0.4145752 0.4145752 0.4145752 0.4145752 0.4145752 0.4145752 0.4885811 0.7271197 0.7281993 0.7281993 0.7281993 0.7281993 0.7281993 0.7281993 0.7281993 0.7281993 0.7281993 0.7281993 0.7281993 0.7281993 0.7281993 0.7281993 0.7281993 0.7281993 0.7281993 0.7281993 0.7281993 0.7281993 0.7281993 0.7281993 0.7281993 0.7281993 0.7281993 0.7281993 0.7281993 0.7281993 0.7281993 0.7281993 0.7281993 0.7281993 0.7281993 0.7281993 0.7281993 0.7281993 0.7281993 0.7281992 0.7281993 0.7281993 0.7281993 0.7281993 0.7281993 0.7281993 0.7281993 0.7281993 0.7281993 0.7281993 0.7281993 0.7281993 0.7281993 0.7281993 0.7281993 0.7281993 0.7281993
0.4145752 0.4145752 0.4145752 0.4145752 0.4145752 0.4145752 0.4145752 0.4145752 0.4145752 0.4145752 0.4184949 0.6694996 0.7281992 0.7281993 0.7281993 0.7281993 0.7281992 0.7281993 0.7281993 0.7281993 0.7281993 0.7281993 0.7281993 0.7281993 0.7281993 0.7281993 0.7281992 0.7281993 0.7281992 0.7281993 0.7281993 0.7281993 0.7281993 0.7281992 0.7281993 0.7281992 0.7281993 0.7281993 0.7281993 0.7281992 0.7281993 0.7281992 0.7281993 0.7281992 0.7281993 0.7281992 0.7281993 0.7281993 0.7281993 0.7281993 0.7281993 0.7281992 0.7281993 0.7281992 0.7281993 0.7281992 0.7281993 0.7281993 0.7281993 0.7281993 0.7281993 0.7281992 0.7281993 0.7281993 0.7281993 0.7281992 0.7281993 0.7281992
0.4145752 0.4145752 0.4145752 0.4145752 0.4145752 0.4145752 0.4145752 0.4145752 0.4145752 0.4145752 0.5457129 0.7281992 0.7281992 0.7281993 0.7281992 0.7281993 0.7281992 0.7281993 0.7281993 0.7281993 0.7281992 0.7281993 0.7281992 0.7281993 0.7281992 0.7281993 0.7281992 0.7281993 0.7281992 0.7281993 0.7281992 0.7281993 0.7281993 0.7281992 0.7281993 0.7281992 0.7281993 0.7281993 0.7281993 0.7281992 0.7281993 0.7281993 0.7281993 0.7281992 0.7281992 0.7281992 0.7281993 0.7281992 0.7281993 0.7281992 0.7281992 0.7281992 0.7281993 0.7281992 0.7281993 0.7281992 0.7281993 0.7281993 0.7281993 0.7281992 0.7281993 0.7281992 0.7281993 0.7281993 0.7281993 0.7281992 0.7281992 0.7281992
0.4145752 0.4145752 0.4145752 0.4145752 0.4145752 0.4145752 0.4145752 0.4145752 0.4145752 0.4395624 0.7066436 0.7281994 0.7281993 0.7281992 0.7281993 0.7281993 0.7281993 0.7281993 0.7281993 0.7281993 0.7281993 0.7281993 0.7281993 0.7281993 0.7281993 0.7281993 0.7281993 0.7281993 0.7281993 0.7281993 0.7281993 0.7281993 0.7281993 0.7281993 0.7281993 0.7281993 0.7281993 0.7281993 0.7281993 0.7281993 0.7281993 0.7281993 0.7281993 0.7281993 0.7281992 0.7281993 0.7281993 0.7281993 0.7281993 0.7281993 0.7281992 0.7281993 0.7281993 0.7281993 0.7281993 0.7281993 0.7281993 0.7281993 0.7281993 0.7281993 0.7281994 0.7281993 0.7281993 0.7281993 0.7281993 0.7281993 0.7281993 0.7281993
0.4145752 0.4145752 0.4145752 0.4145752 0.4145752 0.4145752 0.4145752 0.4145752 0.4145752 0.6039243 0.7281993 0.7281992 0.7281993 0.7281992 0.7281993 0.7281992 0.7281993 0.7281992 0.7281992 0.7281992 0.7281993 0.7281992 0.7281993 0.7281992 0.7281992 0.7281992 0.7281993 0.7281992 0.7281993 0.7281992 0.7281992 0.7281992 0.7281992 0.7281992 0.7281993 0.7281993 0.7281992 0.7281992 0.7281992 0.7281993 0.7281992 0.7281993 0.7281993 0.7281992 0.7281992 0.7281993 0.7281992 0.7281993 0.7281992 0.7281993 0.7281992 0.7281993 0.7281992 0.7281993 0.7281992 0.7281993 0.7281992 0.7281992 0.7281992 0.7281993 0.7281992 0.7281993 0.7281993 0.7281992 0.7281992 0.7281992 0.7281993 0.7281993
0.4145752 0.4145752 0.4145752 0.4145752 0.4145752 0.4145752 0.4145752 0.4145752 0.4787499 0.7255615 0.7281992 0.7281993 0.7281992 0.7281992 0.7281992 0.7281992 0.7281992 0.7281993 0.7281993 0.7281993 0.7281992 0.7281993 0.7281992 0.7281992 0.7281993 0.7281993 0.7281992 0.7281993 0.7281992 0.7281993 0.7281993 0.7281992 0.7281993 0.7281992 0.7281993 0.7281992 0.7281993 0.7281992 0.7281993 0.7281992 0.7281993 0.7281992 0.7281993 0.7281992 0.7281993 0.7281992 0.7281993 0.7281992 0.7281993 0.7281992 0.7281993 0.7281992 0.7281993 0.7281992 0.7281993 0.7281992 0.7281992 0.7281993 0.7281993 0.7281992 0.7281993 0.7281992 0.7281993 0.7281993 0.7281993 0.7281992 0.7281993 0.7281992
