Scenarios/Heterogeneous/data/country_data_population_distribution/processed/density_grids/tjk.asc
ncols 195
nrows 121
xllcorner 67
yllcorner 36
[rows 31 to 61 of 121, columns 0 to 69 of 195]
0 0 0 0 0 0 0 0 0 0 0 0 0 0 0 0 0 0 0 0 0 0 0 0 0 0 0 0 0 0 0 0 0 0 0 0 0 0 0 0 0 0 49.92305 39.78536 39.78536 39.78536 39.78536 39.78536 39.78536 39.78536 65.21114 84.88174 84.95821 84.95821 84.95821 84.95821 84.95821 84.95821 84.76156 0 0 0 0 0 0 0 0 0 0 0
0 0 0 0 0 0 0 0 0 0 0 0 0 0 0 0 0 0 0 0 0 0 0 0 0 0 0 0 0 0 0 0 0 0 0 0 0 0 0 0 0 0 0 41.69294 39.78536 39.78536 39.78536 39.78536 39.78536 39.78536 40.24984 77.05773 84.95821 84.95821 84.95821 84.95821 84.95821 84.95821 84.95821 72.15607 0 0 0 0 0 0 0 0 0 0
0 0 0 0 0 0 0 0 0 0 0 0 0 0 0 0 0 0 0 0 0 67.73921 0 68.06574 0 0 0 0 0 0 0 0 0 0 0 0 0 0 0 0 0 0 0 40.70118 39.78536 39.78536 39.78536 39.78536 39.78536 45.17263 75.43396 84.95821 84.95821 84.95821 84.95821 84.95821 84.95821 84.95821 84.95821 78.50237 0 0 0 0 0 0 0 0 0 0
0 0 0 0 0 0 0 0 0 0 0 0 0 0 0 0 0 0 0 67.16957 66.60156 66.60157 66.60156 66.60157 66.60156 67.36493 0 0 0 0 0 0 0 0 0 0 0 0 0 0 0 0 41.17162 39.78536 39.78536 39.78536 39.78536 39.78536 39.78536 69.02872 84.95821 84.95821 84.95821 84.95821 84.95821 84.95821 84.95821 84.95821 84.95821 84.95821 0 0 0 0 0 0 0 0 0 0
0 0 0 0 0 0 0 0 0 0 0 0 0 0 0 0 66.95591 66.60156 66.60157 66.60157 66.60157 66.60156 66.60157 66.60156 66.60157 66.60156 66.60156 66.60156 66.77261 67.23145 67.79615 0 0 0 0 0 0 0 0 0 0 23.23089 37.22155 39.78536 39.78536 39.78536 39.78536 39.78536 40.09498 82.08239 84.9582 84.95821 84.9582 84.95821 84.9582 84.95821 84.9582 84.95821 84.9582 84.95821 0 0 0 0 0 0 10.67783 8.721742 7.87223 6.809116
0 0 0 0 0 0 0 0 0 0 0 0 0 0 67.85059 69.40498 159.0703 111.6902 197.5984 158.7271 66.60156 66.60156 66.60156 66.60156 66.60156 66.60156 66.60156 66.60156 66.60156 66.60156 66.60156 66.60156 66.60156 66.60156 65.11243 36.19251 24.42815 18.06821 18.23372 20.22745 19.30974 15.50043 16.77683 29.12827 39.44253 39.78536 39.78536 39.78536 63.26111 84.9582 84.95821 84.95821 84.95821 84.95821 84.95821 84.95821 84.95821 84.95821 84.95821 79.00312 24.85231 10.21451 11.22536 12.4892 8.58462 6.809116 6.809116 6.809116 6.809116 6.809116
0 0 0 0 0 0 0 0 0 0 0 0 0 0 0 112.7359 486.4965 543.0199 543.0199 348.3095 66.60156 66.60156 66.60156 66.60157 66.60156 66.60157 66.60156 66.60157 66.60156 66.60157 66.60156 66.60157 66.60156 65.09512 35.53671 15.50044 15.50043 15.50043 15.50043 15.50044 15.50043 15.50043 15.50043 15.50043 19.86822 25.68593 22.13482 32.0337 81.50858 84.95821 84.95821 84.95821 84.95821 84.95821 84.95821 84.95821 84.95821 84.95821 47.03949 11.53565 6.809116 6.809116 6.809116 6.809116 6.809116 6.809116 6.809116 6.809116 6.809116 6.809116
0 0 0 0 0 0 0 0 0 0 0 0 0 0 0 94.30094 140.556 261.0752 136.9342 66.87698 66.60157 66.60157 66.60156 66.60157 66.60157 66.60157 66.60157 66.60157 66.60157 66.60156 66.60157 66.60157 66.60157 47.46721 15.50043 15.50043 15.50043 15.50043 15.50043 15.50043 15.50043 15.50043 15.50043 15.50043 15.50043 15.50043 15.50043 15.50043 29.8124 26.41129 33.9526 39.89225 48.34217 59.10676 70.89819 81.74815 84.95821 72.66773 7.61853 6.809116 6.809116 6.809116 6.809116 6.809116 6.809115 6.809116 6.809116 6.809116 6.809116 6.809116
0 0 0 0 0 0 0 0 0 0 0 0 0 0 0 0 66.60157 66.60157 66.60157 66.60157 66.60156 66.60157 66.60157 66.60158 66.60157 66.60157 66.60157 66.60157 66.60156 66.60157 66.60157 66.60157 66.60157 32.93212 15.50043 15.50043 15.50043 15.50043 15.50043 15.50043 15.50043 15.50043 15.50043 15.50043 15.50043 15.50043 15.50043 15.50043 15.50043 15.50043 15.50043 15.50043 15.50043 15.50043 15.50043 15.50557 17.30919 13.05039 6.809116 6.809116 6.809116 6.809116 6.809116 6.809116 6.809116 6.809116 6.809116 6.809116 6.809116 6.809116
0 0 0 0 0 0 0 0 0 0 0 0 0 0 0 0 104.8393 66.60157 66.60157 66.60156 66.60157 66.60156 66.60157 66.60156 66.60157 66.60156 66.60156 66.60156 66.60157 66.60156 66.60157 66.60156 66.60157 28.26105 15.50044 15.50043 15.50043 15.50044 15.50043 15.50043 15.50043 15.50044 15.50043 15.50044 15.50043 15.50044 15.50043 15.50044 15.50043 15.50044 15.50043 15.50044 15.50043 15.50044 15.50043 13.76988 7.26129 6.809116 6.809116 6.809116 6.809115 6.809116 6.809115 6.809116 6.809116 6.809115 6.809115 6.809116 6.809115 6.809116
0 0 0 0 0 0 0 0 0 0 0 0 0 0 0 117.4286 97.96978 66.60157 66.60157 66.60156 66.60157 66.60156 66.60157 66.60157 66.60157 66.60156 66.60157 66.60157 66.60157 66.60156 66.60157 66.60156 66.60157 46.88981 15.50043 15.50044 15.50044 15.50044 15.50043 15.50044 15.50043 15.50043 15.50044 15.50044 15.50043 15.50044 15.50044 15.50043 15.50043 15.50043 15.50043 15.50043 15.50043 15.50043 13.27774 7.403291 6.809116 6.809116 6.809116 6.809116 6.809117 6.809116 6.809116 6.809116 6.809116 6.809116 6.809116 6.809116 6.809116 6.809116
0 0 0 0 0 0 0 0 0 0 0 0 0 89.28475 66.60157 66.60157 66.60157 66.60157 66.60157 66.60157 66.60157 66.60157 66.60157 66.60157 66.60157 66.60157 66.60157 66.60157 66.60157 66.60157 66.60157 66.60157 66.60156 66.26463 26.8847 15.50043 15.50043 15.50043 15.50043 15.50043 15.50043 15.50043 15.50043 15.50043 15.50043 15.50043 15.50043 15.50043 15.50043 15.50043 15.50043 15.50043 15.50043 14.37179 7.093304 6.809116 6.809116 6.809116 6.809116 6.809116 6.809116 6.809116 6.809116 6.809116 6.809116 6.809116 6.809116 6.809116 6.809116 6.809115
0 0 0 0 0 0 0 0 0 0 0 0 0 0 76.72931 66.60157 66.60157 66.60157 66.60157 66.60157 66.60157 66.60157 66.60157 66.60158 66.60157 66.60157 66.60157 66.60157 66.60157 66.60157 66.60157 66.60157 66.60157 66.30733 29.19112 15.50043 15.50043 15.50043 15.50043 15.50043 15.50043 15.50043 15.50043 15.50043 15.50043 15.50043 15.50043 15.50043 15.50043 15.50043 15.50043 15.50043 15.50043 13.9584 8.51676 7.342296 6.809116 6.809116 6.809116 6.809116 6.809116 6.809116 6.809116 6.809116 6.809116 6.809116 6.809116 6.809116 6.809116 6.809116
0 0 0 0 0 0 0 0 0 0 0 0 0 0 0 0 0 89.30669 82.34458 66.60157 66.60157 66.60157 66.60157 66.60157 66.60157 66.60157 66.60157 66.60157 66.60157 66.60157 66.60157 66.60157 66.60157 53.16217 15.50043 15.50043 15.50043 15.50043 15.50043 15.50043 15.50043 15.50043 15.50043 15.50043 15.50043 15.50043 15.50043 15.50043 15.50043 15.50043 15.50043 15.50043 15.50044 15.50043 15.50043 14.62801 12.75742 10.292 7.119466 6.809116 6.809116 6.809116 6.809116 6.836642 7.20182 9.91886 9.131385 11.01631 12.61616 12.97433
0 0 0 0 0 0 0 0 0 0 0 0 0 0 0 0 0 0 0 91.81713 74.89846 66.60156 66.60157 66.60156 66.60157 66.60156 66.60156 66.60156 66.60156 66.60156 66.60156 66.60156 66.60156 54.99474 15.50044 15.50043 15.50043 15.50044 15.50043 15.50043 15.50043 15.50043 15.50043 15.50044 15.50043 15.50043 15.50043 15.50044 15.50043 15.50044 15.50043 15.50043 15.50043 15.50043 15.50043 15.50043 15.50043 15.50044 14.96797 12.82381 11.59461 11.59683 12.49943 14.70788 15.50043 15.50043 19.42734 20.95761 15.50043 15.50044
0 0 0 0 0 0 0 0 0 0 0 0 0 0 0 0 0 0 0 0 75.82252 66.60157 66.60157 66.60157 66.60157 66.60157 66.60157 66.60157 66.60157 66.60157 66.60157 66.60157 66.60157 33.88971 15.50043 15.50043 15.50044 15.50043 15.50043 15.50043 15.50043 15.50043 15.50043 15.50043 15.50043 15.50043 15.50043 15.50043 17.92484 17.82746 16.91888 18.90551 15.50043 15.50043 15.50043 15.50043 15.50043 15.50043 15.50043 15.50043 15.50043 15.50043 15.50043 15.50043 21.59913 71.85818 97.32071 84.85799 16.4362 15.50043
0 0 0 0 0 0 0 0 0 0 0 0 0 0 0 0 0 0 0 0 79.27383 66.60157 66.60157 66.60157 66.60157 66.60157 66.60157 65.37861 20.70481 19.96044 23.92712 26.00266 25.2823 15.85115 15.50043 15.50043 15.50043 15.50043 15.50043 15.50043 15.50043 15.50043 15.50043 19.77761 27.05842 32.75221 41.88675 42.57979 46.82355 46.1927 46.46033 47.29142 33.34636 17.11123 16.84593 16.63827 15.50043 15.50043 15.50043 15.50043 17.23073 62.063 62.37597 32.7403 20.44222 94.80009 101.5233 101.5233 47.10431 17.7306
0 0 0 0 0 0 0 0 0 0 0 0 0 0 0 0 0 0 0 0 0 70.05177 83.29797 88.98682 70.19557 91.48672 0 0 56.95601 0 56.63903 15.50043 15.50043 15.50043 15.50043 15.50043 15.50043 15.50043 15.50043 15.50043 15.50043 15.50043 15.50043 37.44698 47.47985 47.47985 47.47985 47.47985 47.47985 47.47985 47.47985 47.47985 47.47985 73.71909 101.4206 96.70757 41.10886 15.50043 16.24101 43.93652 87.83601 101.5233 101.5233 101.5233 91.59723 100.8249 101.5233 101.5233 89.27856 82.4547
0 0 0 0 0 0 0 0 0 0 0 0 0 0 0 0 0 0 0 0 0 0 0 0 0 0 0 0 0 0 0 39.34549 15.50043 15.50043 15.50043 15.62594 27.86591 16.28835 15.50043 15.50043 27.67204 111.4266 35.75789 47.12215 47.47985 47.47985 47.47985 47.47985 47.47985 47.47985 47.47985 47.47985 63.26488 101.4605 101.5233 101.5233 100.2457 81.91028 90.64917 101.5233 101.5233 101.5233 101.5233 101.5233 101.5233 101.5233 101.5233 101.5233 101.5233 101.5233
0 0 0 0 0 0 0 0 0 0 0 0 0 0 0 0 0 0 0 0 0 0 0 0 0 0 0 0 0 0 0 0 57.13223 15.50043 30.98747 73.30959 89.04399 79.25431 59.6413 69.79187 243.4235 363.5553 237.191 59.13703 47.47986 47.47986 47.47985 47.47986 47.47986 47.47986 47.47985 47.47986 49.43909 80.89335 101.5233 101.5233 101.5233 101.5233 101.5233 101.5233 101.5233 101.5233 101.5233 101.5233 101.5233 101.5233 101.5233 101.5233 101.5233 101.5233
0 0 0 0 0 0 0 0 0 0 0 0 0 0 0 0 0 0 0 0 0 0 0 0 0 0 0 0 0 0 0 0 0 71.53842 127.8069 89.04399 89.04398 89.04399 89.04399 89.04399 157.1035 363.5626 363.5627 184.8512 47.47985 47.47986 47.47985 47.47986 47.47986 47.47986 47.47985 47.47986 47.47985 49.3209 99.52311 101.5233 101.5233 101.5233 101.5233 101.5233 101.5233 101.5233 101.5233 101.5233 101.5233 101.5233 101.5233 101.5233 101.5233 101.5233
0 0 0 0 0 0 0 0 0 0 0 0 0 0 0 0 0 0 0 0 0 0 0 0 0 0 0 0 0 0 0 0 187.904 265.3436 265.2104 117.8704 89.04398 89.04399 89.04398 89.044 279.939 363.5627 363.5627 317.2194 64.17751 47.47986 47.47985 47.47986 47.47985 47.47986 47.47985 47.47986 47.47985 49.67189 99.5478 101.5233 101.5233 101.5233 101.5233 101.5233 101.5233 101.5233 101.5233 101.5233 101.5233 101.5233 101.5233 101.5233 92.38108 61.68107
0 0 0 0 0 0 0 0 0 0 0 0 0 0 0 0 0 0 0 0 0 0 0 0 0 0 0 0 0 0 208.6306 233.9348 265.3436 265.3436 265.3436 121.7584 89.04399 89.04399 89.04399 89.70254 348.4621 363.5626 363.5627 363.5627 167.2181 47.47986 47.47986 47.47985 47.47986 47.47986 47.47986 47.47985 48.07006 80.3017 101.5233 101.5233 101.5233 101.5233 101.5233 101.5233 101.5233 101.5233 101.5233 101.5233 101.5233 101.5233 100.463 96.35529 70.2908 54.50975
0 0 0 0 0 0 0 0 0 0 0 0 0 0 0 0 0 0 0 0 0 0 0 0 0 0 0 0 0 0 209.3317 265.3436 265.3436 265.3436 255.6751 116.7803 89.04399 89.04399 89.04399 89.04399 283.15 363.5626 363.5626 356.4509 94.567 47.47985 47.47985 47.47985 47.47985 47.47985 47.47985 47.47985 75.55325 101.5233 101.5233 101.5233 101.5233 101.5233 101.5233 101.5233 101.5233 101.5233 101.5233 101.5233 101.5233 87.45911 67.15521 54.50975 54.50975 54.50975
0 0 0 0 0 0 0 0 0 0 0 0 0 0 0 0 0 0 0 0 0 0 0 0 0 0 0 0 0 0 0 264.6198 265.3436 265.3436 237.0388 89.044 89.044 89.04399 89.044 89.044 300.3041 363.5626 363.5627 232.2757 47.47986 47.47986 47.47986 47.47986 47.47986 47.47986 47.47986 61.35641 101.4657 101.5233 101.5233 101.5233 101.5233 101.5233 101.5233 101.5233 101.5233 101.5233 101.5233 101.5233 107.0061 81.11192 54.50976 54.50976 54.50976 54.50975
0 0 0 0 0 0 0 0 0 0 0 0 0 0 0 0 0 0 0 0 0 0 0 0 0 0 0 0 0 0 265.3436 265.3436 265.3436 265.3436 188.6519 89.04398 89.04398 89.044 89.04398 89.97253 349.066 363.5627 363.5626 220.6819 47.47985 47.47985 47.47985 47.47986 47.47985 47.47986 47.47985 65.63544 101.5233 101.5233 101.5233 101.5233 101.5233 101.5233 101.5233 101.5233 101.5233 101.5233 101.5233 103.4298 118.912 83.41387 54.50975 54.50976 54.50975 54.50976
0 0 0 0 0 0 0 0 0 0 0 0 0 0 0 0 0 0 0 0 0 0 0 0 0 0 0 0 0 0 263.1496 265.3436 265.3436 265.3436 199.2731 89.04399 89.04399 89.04398 89.04399 111.694 363.5626 363.5626 363.5626 199.4912 47.47985 47.47985 99.65604 86.76692 47.47985 47.47985 47.47985 70.19595 101.5233 101.5233 101.5233 101.5233 101.5233 101.5233 101.5233 101.5233 101.5233 101.9483 109.8182 123.6927 125.5634 115.813 58.20712 54.50975 54.50975 54.50975
0 0 0 0 0 0 0 0 0 0 0 0 0 0 0 0 0 0 0 0 0 0 0 0 0 0 0 0 0 0 265.3436 265.3436 265.3436 265.3436 218.7226 144.8923 89.04399 89.04398 89.04399 91.88892 324.539 363.5626 363.5626 278.8684 108.4935 551.6814 4822.831 1155.755 64.71436 217.7049 163.3248 56.74162 101.3584 101.5233 101.5233 101.5233 101.5233 102.8544 122.2985 120.0101 117.1124 124.1621 125.5634 125.5634 125.5634 125.5634 89.55212 54.50975 54.50975 54.50975
0 0 0 0 0 0 0 0 0 0 0 0 0 0 0 0 0 0 0 0 0 0 0 0 0 0 0 0 0 0 265.3436 265.3436 370.896 461.562 286.5521 195.4355 89.04398 89.04398 89.04398 89.04398 222.378 363.5626 363.5626 359.8586 298.1713 8506.214 18675.01 11568.87 280.042 296.7171 236.8712 48.99111 96.43688 101.5233 101.5233 101.5233 101.5263 114.9184 125.5635 125.5634 125.5634 125.5634 125.5634 125.5634 125.5634 125.5634 107.1218 54.50975 54.50975 41.07504
0 0 0 0 0 0 0 0 0 0 0 0 0 0 0 0 0 0 0 0 0 0 0 0 0 0 0 0 0 0 242.1118 373.0749 660.1494 662.0032 461.8573 126.5127 89.04398 89.04398 89.04398 89.04398 225.9872 363.5626 363.5626 363.5626 323.0935 1596.524 7864.405 2658.542 296.7171 296.7171 266.0681 182.5917 102.2275 101.5233 101.5233 109.4672 117.3367 125.5634 125.5634 125.5634 125.5634 125.5634 125.5634 125.5634 125.5634 125.5634 117.7739 54.50929 45.64708 23.80798
0 0 0 0 0 0 0 0 0 0 0 0 0 0 0 0 0 0 0 0 0 0 0 0 0 0 0 0 0 0 0 267.7083 503.5982 555.7424 340.2841 151.3085 89.04398 89.04398 89.04398 98.2184 318.9724 363.5626 363.5626 363.5626 322.2238 296.7171 296.7171 296.7171 296.7171 296.7171 257.5661 201.9149 130.0703 101.5233 101.5233 106.5769 122.4302 125.5634 125.5634 125.5634 125.5634 125.5634 125.5634 125.5634 117.7495 119.2605 121.4078 38.02924 23.61026 23.61026
