Scenarios/Heterogeneous/data/country_data_population_distribution/processed/density_grids/tjk.asc
ncols 195
nrows 121
xllcorner 67
yllcorner 36
[rows 62 to 92 of 121, columns 70 to 139 of 195]
23.61026 23.61026 23.61026 26.12122 35.06371 36.03161 36.03161 36.03161 36.03161 36.03161 36.03161 36.03161 36.03161 36.03161 36.03161 24.85436 7.183263 6.936429 6.936429 6.936429 6.936429 6.936429 7.601895 8.618579 0 0 0 0 0 0 0 7.286184 8.401431 6.93643 7.092062 7.41064 7.551329 7.563542 7.563542 7.563542 7.563542 7.563542 7.563542 7.563542 7.563542 7.563542 7.563542 7.563541 7.563542 7.563542 7.563542 7.563542 7.563542 7.563542 7.563542 7.563542 7.563542 7.563542 7.563542 7.563542 7.563542 5.072015 4.0525 4.0525 4.0525 4.0525 4.0525 4.0525 4.0525 4.0525
23.61026 23.61026 25.8772 35.238 36.0316 36.03161 36.0316 36.0316 36.0316 36.0316 36.03161 36.0316 36.03161 38.98831 39.13142 7.150574 6.936429 6.936429 6.936429 6.936429 6.936429 6.936429 0 0 0 0 0 0 0 0 0 0 0 15.47317 7.827109 7.563542 7.563542 7.563541 7.563542 7.563542 7.563542 7.563541 7.563542 7.563541 7.563542 7.563542 7.563542 7.563542 7.563541 7.563542 7.563542 7.563542 7.563541 7.563542 7.563542 7.563542 7.563542 7.563542 7.563541 7.563541 7.563541 6.231354 4.0525 4.0525 4.0525 4.0525 4.0525 4.0525 4.0525 4.0525
25.06559 30.45224 35.72464 36.0316 36.0316 36.0316 36.0316 36.0316 36.0316 36.0316 36.0316 36.0316 38.26341 77.08624 26.68153 6.936429 6.936429 6.936429 6.936429 6.936429 13.84746 29.00354 0 0 0 0 0 0 0 0 0 0 0 0 15.01318 7.563542 7.563541 7.563541 7.563541 7.563542 7.563542 7.563542 7.563541 7.563542 7.563542 7.563542 7.563542 7.563542 7.563541 7.563541 7.563541 7.563542 7.563542 7.563541 7.563542 7.563541 7.563542 7.563541 7.563542 7.563542 7.563542 6.671144 4.0525 4.0525 4.0525 4.0525 4.0525 4.0525 4.0525 4.0525
34.74201 36.03161 36.0316 36.03161 36.0316 36.03161 36.0316 39.48438 72.71044 83.30382 65.36778 47.06763 74.79372 87.45919 76.59391 6.936429 6.936429 6.936429 6.936429 6.936429 25.52853 0 0 0 0 0 0 0 0 0 0 0 0 0 0 0 15.8733 13.75525 7.573449 7.563542 7.563542 7.563542 7.563542 7.563542 7.563542 7.563542 7.563543 7.563542 7.563543 7.563542 7.563542 7.563541 7.563541 7.563541 7.563542 7.563542 7.563542 7.563541 7.563542 7.026445 5.703288 4.829434 4.0525 4.0525 4.0525 4.0525 4.0525 4.0525 4.0525 4.0525
36.03161 36.03161 36.03161 36.03161 36.03161 36.03161 49.39738 78.45473 87.4592 87.4592 87.45919 87.4592 87.45919 87.4592 73.06543 6.936429 6.936429 6.936429 6.936429 21.44113 0 0 0 0 0 0 0 0 0 0 0 0 0 0 0 0 0 0 14.85802 7.563542 7.563542 7.563541 7.563542 7.563542 7.563541 7.563542 7.563542 7.563541 7.563542 7.563542 7.563542 7.394174 6.965453 7.556066 7.563542 7.563541 7.563542 7.545184 5.336999 4.064483 4.0525 4.0525 4.0525 4.0525 4.0525 4.0525 4.0525 4.0525 4.0525 4.0525
36.0316 36.0316 36.0316 36.0316 36.0316 45.46859 85.09454 87.45919 87.45919 87.45919 87.4592 87.45919 87.45918 87.45919 66.55949 6.936428 6.936429 6.936429 9.728453 0 0 0 0 0 0 0 0 0 0 0 0 0 0 0 0 0 0 0 0 7.846369 7.563542 7.563542 7.563542 7.563542 7.563542 7.563542 7.563542 7.563542 7.563542 7.487771 5.502782 4.796232 4.0525 4.682788 6.834048 7.480807 7.559609 5.913151 4.0525 4.0525 4.0525 4.0525 4.0525 4.0525 4.0525 4.0525 4.0525 4.0525 4.0525 4.0525
36.03161 36.03161 36.03161 36.03161 36.03161 58.81879 87.4592 87.45919 87.4592 87.4592 87.45919 87.4592 87.45919 87.45919 58.89362 6.936429 6.936429 6.936429 0 0 0 0 0 0 0 0 0 0 0 0 0 0 0 0 0 0 0 0 0 7.591407 7.563542 7.563542 7.563541 7.563542 7.563541 7.563542 7.563542 7.563541 6.594101 4.85778 4.0525 4.0525 4.0525 4.0525 4.079287 4.061344 5.19883 4.19756 4.0525 4.0525 4.0525 4.0525 4.0525 4.0525 4.0525 4.0525 4.0525 4.0525 4.0525 4.0525
43.71026 161.0083 155.7336 63.01417 39.70163 81.97765 87.4592 87.4592 87.4592 87.4592 87.4592 87.4592 87.4592 87.09179 28.91421 6.936429 6.936429 6.936429 0 0 0 0 0 0 0 0 0 0 0 0 0 0 0 0 0 0 0 0 0 7.599012 7.563542 7.563542 7.563542 7.563542 7.563542 7.563542 7.563542 7.500418 4.10366 4.0525 4.0525 4.0525 4.0525 4.0525 4.0525 4.0525 4.0525 4.0525 4.0525 4.0525 4.0525 4.0525 4.0525 4.0525 4.0525 4.0525 4.0525 4.0525 4.0525 4.0525
278.5746 324.7959 384.9373 394.6439 124.4276 87.4592 87.45919 87.4592 87.4592 87.4592 87.4592 87.4592 87.4592 52.34328 6.936429 6.936429 12.75231 0 0 0 0 0 0 0 0 0 0 0 0 0 0 0 0 0 0 0 0 0 5.438974 6.130908 7.525974 7.563542 7.563541 7.563542 7.563542 7.563542 7.563542 6.819361 4.0525 4.0525 4.0525 4.0525 4.0525 4.0525 4.0525 4.0525 4.0525 4.0525 4.0525 4.0525 4.0525 4.0525 4.0525 4.0525 4.0525 4.0525 4.0525 4.0525 4.0525 4.0525
296.4591 375.15 406.8372 247.6326 87.45919 87.4592 87.45919 87.45919 87.45919 87.45919 87.4592 69.34768 52.82255 9.324218 7.994073 0 0 0 0 0 0 0 0 0 0 0 0 0 0 0 0 0 0 0 0 0 0 0 4.0525 4.0525 5.501456 7.563288 7.517563 7.563542 7.563541 6.572912 5.221248 4.288911 4.0525 4.0525 4.0525 4.0525 4.0525 4.0525 4.0525 4.0525 4.0525 4.0525 4.0525 4.0525 4.0525 4.0525 4.0525 4.0525 4.0525 4.0525 4.0525 4.0525 4.0525 4.0525
341.6368 406.8372 406.8372 402.1382 83.41425 76.75994 79.95181 79.34323 81.03114 81.36412 67.39863 48.23549 34.91313 7.020777 0 0 0 0 0 0 0 0 0 0 0 0 0 0 0 0 0 0 0 0 0 0 0 4.595538 4.0525 4.0525 4.0525 4.778899 4.560056 5.963583 6.0366 4.137341 4.0525 4.0525 4.0525 4.0525 4.0525 4.0525 4.0525 4.0525 4.0525 4.0525 4.0525 4.0525 4.0525 4.0525 4.0525 4.0525 4.0525 4.0525 4.0525 4.0525 4.0525 4.0525 4.0525 4.0525
959.9343 887.3864 972.8461 574.6082 48.19422 48.19423 48.19422 48.19423 48.19423 48.19423 48.19423 48.19423 41.40379 0 0 0 0 0 0 0 0 0 0 0 0 0 0 0 0 0 0 0 0 0 0 0 0 4.0525 4.0525 4.0525 4.0525 4.0525 4.0525 4.0525 4.0525 4.0525 4.0525 4.0525 4.0525 4.0525 4.0525 4.0525 4.0525 4.0525 4.0525 4.0525 4.0525 4.0525 4.0525 4.0525 4.0525 4.0525 4.0525 4.0525 4.0525 4.0525 4.0525 4.0525 4.0525 4.0525
1137.576 1046.398 890.3658 53.72706 48.19422 48.19422 48.19422 48.19422 48.19422 48.19422 40.7779 39.36903 0 0 0 0 0 0 0 0 0 0 0 0 0 0 0 0 0 0 0 0 0 0 0 0 6.632299 4.988025 4.0525 4.0525 4.946695 0 0 0 4.320221 4.0525 4.0525 4.0525 4.0525 4.0525 4.0525 4.0525 4.0525 4.0525 4.0525 4.0525 4.0525 4.0525 4.0525 4.0525 4.0525 4.0525 4.0525 4.0525 4.0525 4.055681 4.594532 4.499354 4.0525 4.074077
414.8314 406.8372 221.2933 48.19423 48.19422 48.19423 48.19423 48.19423 48.19423 48.19422 0 0 0 0 0 0 0 0 0 0 0 0 0 0 0 0 0 0 0 0 0 0 0 0 0 0 0 0 7.501396 0 0 0 0 0 5.245459 4.0525 4.0525 4.0525 4.0525 4.0525 4.0525 4.0525 4.0525 4.0525 4.0525 4.0525 4.0525 4.0525 4.0525 4.0525 4.0525 4.0525 4.0525 4.0525 4.469947 6.024857 6.507777 6.489278 6.367918 6.393092
401.075 206.1429 92.43965 48.89104 48.19423 50.43156 48.19423 48.19423 48.19423 48.19423 39.5562 0 0 0 0 0 0 0 0 0 0 0 0 0 0 0 0 0 0 0 0 0 0 0 0 0 0 0 0 0 0 0 0 0 5.182331 4.0525 4.0525 4.0525 4.0525 4.0525 4.0525 4.0525 4.0525 4.0525 4.0525 4.0525 4.0525 4.0525 4.0525 4.0525 4.197144 4.8807 4.672726 4.838166 6.382293 6.507778 6.507778 6.507778 6.507778 6.507777
226.7851 110.5201 110.5201 108.4381 105.0843 101.8084 48.19423 48.19423 48.19423 48.19423 48.19423 47.65884 39.56877 0 0 0 0 0 0 0 0 0 0 0 0 0 0 0 0 0 0 0 0 0 0 0 0 0 0 0 0 0 0 0 5.328038 4.0525 4.0525 4.0525 4.0525 4.0525 4.0525 4.0525 4.0525 4.0525 4.0525 4.0525 4.0525 4.303661 5.330736 5.855061 6.427035 6.507777 6.507777 6.507777 6.507777 6.507777 6.507777 6.507778 6.507777 6.507777
111.8077 110.5201 110.5201 110.5201 110.191 60.97323 48.19423 48.19423 48.19423 48.19423 48.19423 48.19423 45.66559 0 0 0 0 0 0 0 0 0 0 0 0 0 0 0 0 0 0 0 0 0 0 0 0 0 0 0 0 0 0 7.351334 5.766031 4.086957 4.0525 4.0525 4.0525 4.0525 4.0525 4.0525 4.59563 5.034172 4.863351 5.650379 6.354707 6.503561 6.507777 6.507777 6.507777 6.507777 6.507777 6.507777 6.507777 6.507777 6.507777 6.507777 6.507777 6.507777
110.5201 110.5201 110.5202 110.5201 110.5201 86.72787 60.56126 100.2906 63.60699 48.19423 48.19423 48.19423 47.90439 0 0 0 0 0 0 0 0 0 0 0 0 0 0 0 0 0 0 0 0 0 0 0 0 0 0 0 0 0 0 7.236729 6.507777 5.539322 4.075176 4.0525 4.066321 4.367922 4.840583 5.30986 6.267992 6.507778 6.507778 6.507778 6.507778 6.507778 6.507778 6.507778 6.507778 6.507778 6.507778 6.507778 6.507778 6.507778 6.507778 6.507778 6.507778 6.507777
110.5201 110.5201 110.5201 110.5201 110.5201 109.5068 104.0617 110.5201 109.1256 63.72838 48.19423 48.19423 47.55283 0 0 0 0 0 0 0 0 0 0 0 0 0 0 0 0 0 0 0 0 0 0 0 0 0 0 0 0 0 0 6.59348 6.507777 6.507777 6.298695 6.388985 6.445587 6.507777 6.507777 6.507777 6.507777 6.507777 6.507777 6.507778 6.507777 6.507777 6.507777 6.507777 6.507777 6.507777 6.507777 6.507777 6.507777 6.507777 6.507777 6.507777 6.507777 6.507777
110.5201 110.5201 110.5201 110.5201 110.5201 110.5201 110.5201 110.5201 110.5201 104.2405 68.81188 48.40847 0 0 0 0 0 0 0 0 0 0 0 0 0 0 0 0 0 0 0 0 0 0 0 0 0 0 0 0 0 0 0 6.507777 6.507777 6.507777 6.507777 6.507777 6.507777 6.507777 6.507777 6.507777 6.507777 6.507777 6.507777 6.507777 6.507777 6.507778 6.507777 6.507777 6.507777 6.507777 6.507777 6.507777 6.507777 6.507777 6.507777 6.507776 6.507777 6.507777
111.2075 111.2349 0 0 116.8084 110.5201 110.5201 110.5201 110.5201 110.5201 110.5122 90.40311 0 0 0 0 0 0 0 0 0 0 0 0 0 0 0 0 0 0 0 0 0 0 0 0 0 0 0 0 0 0 7.622121 6.507777 6.507777 6.507777 6.507777 6.507777 6.507777 6.507777 6.507777 6.507777 6.507777 6.507777 6.507777 6.507778 6.507777 6.507777 6.507777 6.507777 6.507777 6.507777 6.507777 6.507777 6.507777 6.507777 6.507777 6.507777 6.507777 6.507777
0 0 0 0 0 0 113.4086 109.9262 110.5201 110.5201 99.91249 0 0 0 0 0 0 0 0 0 0 0 0 0 0 0 0 0 0 0 0 0 0 0 0 0 0 0 0 0 0 0 6.747791 6.507777 6.507777 6.507778 6.507777 6.507777 6.507777 6.507778 6.507777 6.507777 6.507778 6.507777 6.507778 6.507777 6.507777 6.507777 6.507777 6.507777 6.507777 6.507777 6.507777 6.507777 6.507777 6.507777 6.507777 6.507777 6.507778 6.507777
0 0 0 0 0 0 0 0 0 0 0 0 0 0 0 0 0 0 0 0 0 0 0 0 0 0 0 0 0 0 0 0 0 0 0 0 0 0 0 0 0 0 43.66408 451.9064 41.53968 6.507777 6.507777 6.507777 6.507777 6.507777 6.507777 6.507777 6.507777 6.507777 6.507777 6.507777 6.507777 6.507777 6.507777 6.507777 6.507777 6.507777 6.507777 6.507777 6.507777 6.507777 6.507777 6.507777 6.507777 6.507777
0 0 0 0 0 0 0 0 0 0 0 0 0 0 0 0 0 0 0 0 0 0 0 0 0 0 0 0 0 0 0 0 0 0 0 0 0 0 0 0 0 0 152.9417 877.5498 152.3288 6.50755 6.507777 6.507777 6.507777 6.507777 6.507777 6.507777 6.507777 6.507777 6.507777 6.507777 6.507777 6.507777 6.507777 6.503288 6.450027 6.408275 6.408648 6.43371 6.462785 6.494635 6.507777 6.507777 6.507777 6.507778
0 0 0 0 0 0 0 0 0 0 0 0 0 0 0 0 0 0 0 0 0 0 0 0 0 0 0 0 0 0 0 0 0 0 0 0 0 0 0 0 0 0 6.662695 6.318512 6.289776 6.291896 6.344307 6.443397 6.507778 6.507778 6.474072 6.470278 6.507778 6.507778 6.507777 6.507778 6.507778 6.507778 6.480952 6.319627 6.282662 6.282662 6.282663 6.282662 6.282662 6.282868 6.304815 6.372365 6.400487 6.491204
0 0 0 0 0 0 0 0 0 0 0 0 0 0 0 0 0 0 0 0 0 0 0 0 0 0 0 0 0 0 0 0 0 0 0 0 0 0 0 0 0 0 6.471151 6.284538 6.282662 6.282662 6.282662 6.283063 6.394745 6.361753 6.284924 6.327428 6.500957 6.507777 6.507778 6.507777 6.507777 6.468266 6.30682 6.282662 6.282662 6.282662 6.282662 6.282662 6.282662 6.282662 6.282662 6.282662 6.282662 6.308656
0 0 0 0 0 0 0 0 0 0 0 0 0 0 0 0 0 0 0 0 0 0 0 0 0 0 0 0 0 0 0 0 0 0 0 0 0 0 0 0 0 0 6.507778 6.354904 6.282663 6.282662 6.282662 6.282662 6.282662 6.282662 6.282662 6.282662 6.373608 6.507777 6.507777 6.490788 6.382006 6.288791 6.282662 6.282662 6.282662 6.282662 6.282662 6.282663 6.282662 6.282662 6.282662 6.282662 6.282662 6.282662
0 0 0 0 0 0 0 0 0 0 0 0 0 0 0 0 0 0 0 0 0 0 0 0 0 0 0 0 0 0 0 0 0 0 0 0 0 0 0 0 0 0 6.931602 6.47588 6.290398 6.282663 6.282663 6.282663 6.282663 6.282663 6.282662 6.282663 6.283979 6.462275 6.428901 6.300858 6.282663 6.282662 6.282663 6.282663 6.282663 6.282663 6.282663 6.282663 6.282662 6.282663 6.282662 6.282662 6.282663 6.282663
0 0 0 0 0 0 0 0 0 0 0 0 0 0 0 0 0 0 0 0 0 0 0 0 0 0 0 0 0 0 0 0 0 0 0 0 0 0 0 0 0 0 9.992612 7.055445 6.28888 6.282662 6.282662 6.282662 6.282662 6.282662 6.282662 6.282662 6.282662 6.295574 6.282662 6.282662 6.282662 6.282662 6.282662 6.282662 6.282662 6.282662 6.282662 6.282662 6.282662 6.282662 6.282662 6.282662 6.282663 6.282662
0 0 0 0 0 0 0 0 0 0 0 0 0 0 0 0 0 0 0 0 0 0 0 0 0 0 0 0 0 0 0 0 0 0 0 0 0 0 0 0 0 12.7593 10.59908 10.29064 7.296584 6.282662 6.282662 6.282662 6.282662 6.282662 6.282662 6.282662 6.282662 6.282662 6.282662 6.282662 6.282662 6.282662 6.282662 6.282662 6.282662 6.282662 6.282662 6.282662 6.282662 6.282662 6.282662 6.282662 6.282662 6.946997
0 0 0 0 0 0 0 0 0 0 0 0 0 0 0 0 0 0 0 0 0 0 0 0 0 0 0 0 0 0 0 0 0 0 0 0 0 0 0 0 0 10.80379 10.59908 10.59908 10.4588 7.66935 6.282663 6.282662 6.282663 6.282663 6.282663 6.282663 6.282663 6.282663 6.282663 6.282662 6.282663 6.282663 6.282663 6.282663 6.282663 6.282663 6.282663 6.282663 6.282663 6.282663 6.282663 6.282663 6.282662 8.776432
