Scenarios/Heterogeneous/data/country_data_population_distribution/processed/density_grids/tjk.asc
ncols 195
nrows 121
xllcorner 67
yllcorner 36
[rows 62 to 92 of 121, columns 0 to 69 of 195]
0 0 0 0 0 0 0 0 0 0 0 0 0 0 0 0 0 0 0 0 0 0 0 0 0 0 0 0 0 0 0 246.8377 264.7195 265.3436 265.3436 210.7368 89.04399 89.04399 89.04399 188.9414 363.5627 363.5627 357.064 325.8885 298.9692 296.7171 296.7171 296.7171 296.7171 296.7171 296.7171 296.6873 130.9442 101.5233 101.5233 95.61208 52.376 59.37709 57.49292 63.22102 96.72046 90.03022 62.68979 64.62341 52.94959 101.2695 63.12469 23.61026 23.61026 23.61026
0 0 0 0 0 0 0 0 0 0 0 0 0 0 0 0 0 0 0 0 0 0 0 0 0 0 0 0 0 0 0 0 0 257.4243 265.3436 186.8331 89.04398 89.044 89.044 141.7099 363.5395 358.5513 319.8797 296.7171 296.7171 296.7171 296.7171 296.7171 296.7171 296.7171 294.1857 293.0279 201.5566 151.1093 136.1537 147.1356 66.16405 340.3925 461.8964 368.3064 298.6662 50.57075 50.57074 50.57075 50.57075 49.93089 23.61026 23.61026 23.61026 23.61026
0 0 0 0 0 0 0 0 0 0 0 0 0 0 0 0 0 0 0 0 0 0 0 0 0 0 0 0 0 0 0 0 0 0 265.3436 259.3021 189.5142 89.04398 89.04399 151.2587 339.2001 313.1854 296.7171 296.7171 296.7171 296.7171 258.4694 294.3362 293.1979 282.5325 272.4921 271.3431 271.3342 271.3342 271.3342 139.3728 298.9466 308.6239 90.66468 59.44409 104.6471 50.57075 50.57075 50.57075 61.51929 61.32421 24.52786 23.61026 23.61026 23.61026
0 0 0 0 0 0 0 0 0 0 0 0 0 0 0 0 0 0 0 0 0 0 0 0 0 0 0 0 0 0 0 0 0 0 0 246.4067 231.2383 89.044 103.4937 274.5065 296.7171 296.7171 296.7171 296.7171 286.8616 192.7401 133.3473 134.6769 241.9497 271.3342 271.3342 271.3342 271.3342 271.3342 271.3342 192.1151 57.30244 50.5914 50.57075 50.57075 50.57075 50.57074 50.57075 55.4224 75.97964 76.1396 39.09339 23.61027 23.61026 25.21721
0 0 0 0 0 0 0 0 0 0 0 0 0 0 0 0 0 0 0 0 0 0 0 0 0 0 0 0 0 0 0 0 0 0 0 0 230.9583 153.7918 200.9465 296.7171 296.7171 296.7171 289.8059 169.9306 136.2937 128.9615 128.9615 128.9615 164.6022 271.3342 271.3342 271.3342 271.3342 271.3342 271.3342 192.1478 97.03835 85.39597 61.3047 50.57075 51.01365 61.91833 71.46754 73.61805 76.1396 76.1396 60.63255 23.61026 26.76084 34.91734
0 0 0 0 0 0 0 0 0 0 0 0 0 0 0 0 0 0 0 0 0 0 0 0 0 0 0 0 0 0 0 0 0 0 0 0 0 141.8538 291.397 296.7171 296.7171 296.7171 230.2603 128.9615 128.9615 128.9615 128.9615 165.719 218.8036 271.3342 271.3342 271.3342 271.3342 271.3342 269.5598 108.5966 97.03835 97.03836 96.87057 88.81553 93.30208 97.03835 92.52221 78.70367 76.1396 76.1396 75.7114 59.38663 42.88892 36.03161
0 0 0 0 0 0 0 0 0 0 0 0 0 0 0 0 0 0 0 0 0 0 0 0 0 0 0 0 0 0 0 0 0 0 0 0 0 0 296.7171 296.7171 296.7171 296.7171 224.641 128.9615 128.9615 128.9615 174.2113 288.9915 273.2369 271.3342 271.3342 271.3342 271.3342 271.3342 236.1346 97.03835 97.03835 97.03835 97.03835 97.03835 97.03835 96.04839 91.97753 86.39141 76.1396 76.1396 76.1396 76.1396 69.08372 36.12843
0 0 0 0 0 0 0 0 0 0 0 0 0 0 0 0 0 0 0 0 0 0 0 0 0 0 0 0 0 0 0 0 0 0 0 0 0 237.215 296.7171 296.7171 296.7171 280.3219 134.8191 128.9615 128.9615 128.9615 251.8643 296.5285 272.1755 271.3342 271.3342 271.3342 271.3342 271.3342 199.3983 97.03835 97.03835 97.03835 97.03835 97.03835 97.03835 92.88889 76.42528 76.1396 76.1396 76.1396 76.1396 76.1396 71.87536 38.33073
0 0 0 0 0 0 0 0 0 0 0 0 0 0 0 0 0 0 0 0 0 0 0 0 0 0 0 0 0 0 0 0 0 0 0 0 0 289.6863 296.7171 296.7171 296.7171 207.4789 128.9615 128.9615 128.9615 128.9615 204.4095 306.0155 304.0831 276.1147 271.3342 271.3342 271.3342 258.7178 126.727 97.03835 97.03835 97.03835 97.03835 97.03835 97.03835 97.03835 94.59269 92.70154 82.01949 76.1396 76.1396 76.1396 80.21233 200.6295
0 0 0 0 0 0 0 0 0 0 0 0 0 0 0 0 0 0 0 0 0 0 0 0 0 0 0 0 0 0 0 0 0 0 0 0 228.7668 296.7171 296.7171 296.7171 287.7383 138.4906 128.9615 128.9615 128.9615 162.4023 296.1542 306.0158 305.3159 273.3968 272.802 277.5706 271.3342 215.6838 97.03835 97.03835 97.03835 97.03835 97.03835 97.03835 97.03835 97.03835 97.03835 93.47729 79.71951 76.1396 76.1396 76.1396 172.2537 293.4773
0 0 0 0 0 0 0 0 0 0 0 0 0 0 0 0 0 0 0 0 0 0 0 0 0 0 0 0 0 0 0 0 0 0 0 227.2104 296.7171 296.7171 296.7171 296.7171 254.2305 189.8525 170.8135 128.9615 128.9615 231.6183 306.0158 306.0158 303.6707 294.0768 300.0596 306.0158 303.5514 205.4926 97.03835 97.03835 97.03835 97.03835 97.03835 97.03835 97.03835 97.03835 94.45393 76.9081 76.1396 76.1396 76.1396 76.1396 177.0196 293.4772
0 0 0 0 0 0 0 0 0 0 0 0 0 0 0 0 0 0 0 0 0 0 0 0 0 0 0 0 0 0 0 0 0 0 0 295.8146 296.7171 296.7171 296.7171 296.7171 296.7171 296.7171 234.9291 128.9615 128.9615 183.6367 306.0158 306.0158 306.0158 306.0158 306.0158 306.0158 300.1757 171.9283 101.0362 108.7641 100.8104 97.03835 97.03835 97.03835 97.03835 95.87018 79.40712 76.1396 76.1396 76.1396 76.1396 76.1396 189.2538 335.5566
0 0 0 0 0 0 0 0 0 0 0 0 0 0 0 0 0 0 0 0 0 0 0 0 0 0 0 0 0 0 0 0 0 0 0 296.7171 296.7171 296.7171 296.7171 296.7171 296.7171 296.7171 225.3875 128.9615 128.9615 173.1292 306.0158 306.0158 306.0158 305.9528 237.0818 162.9251 121.4947 118.2287 118.2287 114.9762 98.15723 97.03835 97.03835 97.03835 97.03835 95.56123 76.24891 76.1396 76.13959 103.5701 149.1275 135.2298 243.7124 773.6295
0 0 0 0 0 0 0 0 0 0 0 0 0 0 0 0 0 0 0 0 0 0 0 0 0 0 0 0 0 0 0 0 0 0 132.1125 276.7395 296.7171 296.7171 296.7171 296.7171 296.7171 283.3379 129.042 128.9615 359.5931 525.0699 361.0851 311.3015 393.1044 264.992 405.1992 118.2287 118.2287 118.2287 142.4074 201.9237 97.03835 97.03835 97.03835 97.03835 97.03835 122.8177 202.3854 134.6993 118.1533 284.4092 293.4773 293.4772 297.1079 444.9347
0 0 0 0 0 0 0 0 0 0 0 0 0 0 0 0 0 0 0 0 0 0 0 0 0 0 0 0 0 0 0 72.7364 72.62873 72.62873 81.92645 109.9049 161.7235 184.7729 181.4856 182.706 296.6411 234.4906 128.9615 175.0174 689.5363 921.0862 894.5064 937.1146 864.1747 348.1216 608.9661 118.2287 213.6177 280.0209 258.6922 246.2695 97.03835 97.03835 97.03835 97.03835 97.03835 105.7874 291.33 293.4773 293.4773 293.4773 293.4773 293.4773 319.3331 406.3761
0 0 0 0 0 0 0 0 0 0 0 0 0 0 0 0 0 0 0 0 0 0 0 0 0 0 0 0 0 0 80.4959 72.62873 72.62873 72.72161 88.5377 101.7735 101.7735 101.3315 93.11514 93.0806 146.1462 135.4424 142.7573 758.1216 920.4717 944.5048 1011.363 991.3856 835.876 200.539 250.159 288.4527 351.66 350.7968 261.6726 238.8263 97.03835 97.03834 97.03835 97.03834 97.03835 97.03834 277.9864 293.4772 293.4773 293.4773 293.4773 293.4772 293.4773 312.8882
0 0 0 0 0 0 0 0 0 0 0 0 0 0 0 0 0 0 0 0 0 0 0 0 0 0 0 0 0 0 72.62873 72.62873 72.62873 86.96667 101.7735 101.7735 101.7735 99.88982 93.0806 93.0806 93.0806 123.1207 256.6173 920.4717 920.4717 917.3817 668.597 688.575 661.3998 250.9971 271.005 293.6628 298.3166 273.0817 250.9971 236.2106 97.03835 97.03835 97.30761 101.9861 110.3189 110.9521 265.664 293.4773 293.4773 293.4773 293.4773 293.4773 293.4773 244.7413
6.722274 0 0 0 0 0 0 0 0 0 0 0 0 0 0 0 0 0 0 0 0 0 0 0 0 0 0 0 0 74.95821 72.62873 72.62873 73.59003 99.04258 101.7735 101.7735 101.7735 99.90016 93.0806 93.0806 93.0806 126.5639 194.6703 917.2455 920.4717 505.7796 458.7787 804.0283 526.8701 250.9971 250.9971 250.9971 250.9972 250.9971 250.9971 223.6898 97.53961 107.7204 117.77 119.9975 119.9975 119.9975 136.393 223.5849 208.3672 150.855 203.2011 231.8861 236.232 132.1404
0 0 0 0 0 0 0 0 0 0 0 0 0 0 0 0 0 0 0 0 0 0 0 0 0 0 0 0 76.00797 72.62874 72.62873 72.62873 85.42284 101.7735 101.7735 101.7735 101.7735 97.90759 93.0806 93.0806 93.0817 98.75835 132.7115 473.9472 440.3894 377.1961 919.0007 736.4982 317.0748 250.9971 250.9971 250.9971 250.9971 250.9971 208.6037 126.6649 119.2292 119.9975 119.9975 119.9975 119.9975 119.9975 115.8946 110.5201 110.5201 110.5201 110.5201 110.5201 110.5201 110.5201
0 0 0 0 0 0 0 0 0 0 0 0 0 0 0 0 0 0 0 0 0 0 0 0 0 0 0 73.27511 72.62874 72.62873 72.62874 72.62873 90.11207 101.7735 101.7735 101.7735 101.7735 95.60757 93.0806 93.0806 93.0806 93.37206 135.2312 249.103 326.0223 295.0329 336.9181 250.9971 250.9971 250.9971 250.9971 250.9971 250.9971 250.9971 190.4073 119.9975 119.9975 119.9975 119.9975 119.9975 119.9975 119.9975 118.4935 114.8388 110.5213 110.5201 110.5201 110.5201 110.5201 110.5201
0 0 0 0 0 0 0 0 0 0 0 0 0 0 0 0 0 0 0 0 0 0 0 0 0 0 78.65006 72.62873 72.62873 72.62873 72.62873 72.79285 99.23394 101.7735 101.7735 101.7735 101.7735 94.39329 93.0806 93.0806 93.0806 135.8904 249.3917 249.3917 249.3917 249.3917 249.5767 250.1936 250.8707 250.9971 250.9972 250.9971 250.9972 250.9971 193.7655 119.9975 119.9975 119.9975 119.9975 119.9975 119.9975 119.9975 119.9975 119.9975 112.6602 110.4401 110.5201 110.5201 110.5201 111.4373
0 0 0 0 0 0 0 0 0 0 0 0 0 0 0 0 0 0 0 0 0 0 0 0 0 96.0681 72.62873 72.62873 72.62873 72.62873 72.62872 76.25731 101.7735 101.7735 101.7735 101.7735 101.7735 93.64874 93.0806 93.0806 93.0806 102.5151 136.6908 182.6766 249.3917 249.3917 249.3917 249.3917 249.9194 250.5506 250.7436 250.2672 250.0404 249.9035 169.9687 119.9975 119.9975 119.9975 119.9975 119.9975 119.9975 119.9975 119.9975 119.9975 0 0 0 0 0 0
0 0 0 0 0 0 0 0 0 0 0 0 0 0 0 0 0 0 0 0 0 0 0 0 99.59254 72.62874 72.62874 72.62874 72.62874 72.62874 72.62874 78.47753 101.7735 101.7735 101.7735 101.7735 101.7735 98.22071 93.10513 93.0806 93.0806 93.0806 93.0806 190.0482 249.3917 249.3917 249.3917 249.3917 249.3917 249.4764 249.4001 249.3917 249.3917 243.7471 136.4856 119.9979 125.8471 123.9917 119.9975 119.9975 119.9975 119.9975 119.2081 0 0 0 0 0 0 0
3.475503 1.452824 0 0 0 0 0 0 0 0 0 0 0 0 0 0 0 0 0 0 0 0 0 0 76.35902 72.62873 72.62873 71.69941 72.37775 72.62873 72.62873 73.20715 97.72799 101.7735 101.7735 101.7735 101.7735 101.5708 95.53735 93.0806 93.0806 93.0806 93.0806 192.3675 249.3917 249.3917 249.3917 249.3917 249.3917 249.3917 249.3917 249.3917 249.3917 184.1626 119.9975 128.1999 138.9734 122.6292 119.9975 119.9975 119.9975 119.9036 0 0 0 0 0 0 0 0
0.3383726 0.3383726 0.9350585 0 0 0 0 0 0 0 0 0 0 0 0 0 0 0 0 0 0 0 0 0 72.62874 72.62874 72.62874 62.19209 66.82846 72.62874 72.62874 72.62874 91.6887 101.7735 101.7735 101.7735 101.7735 95.41372 93.08061 93.0806 93.08061 93.08061 93.08061 184.3504 230.2062 228.9138 226.4718 225.4222 228.1743 237.3689 247.5093 249.3917 249.3917 188.9902 128.2017 138.0518 138.4553 120.0541 119.9975 119.9975 119.9975 0 0 0 0 0 0 0 0 0
0.3383726 0.3383726 0.3383726 0.3567732 0 0 0 0 0 0 0 0 0 0 0 0 0 0 0 0 0 0 0 0 72.62874 72.62873 71.32101 60.7495 64.68954 72.62873 72.62874 72.62873 88.73672 101.7735 101.7735 101.7735 101.7735 100.4301 95.43988 94.9509 93.0806 93.0806 110.4095 214.8882 214.9106 214.9106 214.9106 214.9106 214.9106 214.9106 197.0455 215.2001 205.3484 154.3135 139.5167 139.5167 139.2914 121.604 119.9975 119.9975 119.157 0 0 0 0 0 0 0 0 0
0.3383726 0.3383726 0.3383726 0.3951388 0 0 0 0 0 0 0 0 0 0 0 0 0 0 0 0 0 0 0 0 72.62873 72.61267 65.13049 60.66969 61.04047 72.47462 72.62873 74.09062 98.45785 101.7735 101.7735 101.7735 101.7735 101.7735 101.7735 101.1879 93.24511 99.08756 208.1207 214.9106 214.9106 214.9106 214.9106 214.9106 214.9106 214.1181 176.0522 139.5167 139.5167 139.5167 139.5167 139.5167 139.5167 133.8487 120.0411 119.9975 119.9975 0 0 0 0 0 0 0 0 0
0.3383726 0.3383726 0.3383726 0.5474796 0 0 0 0 0 0 0 0 0 0 0 0 0 0 0 0 0 0 0 0 66.90269 64.38878 60.6697 60.6697 60.6697 70.82495 72.62874 79.35689 101.7735 101.7735 101.7735 101.7735 101.7735 101.7735 101.7735 98.08957 93.0806 180.2233 214.9106 214.9106 214.9106 214.9106 214.9106 192.2578 176.4237 182.0796 0 136.1544 139.5155 139.5167 139.5167 139.5167 139.5167 139.5167 132.0777 120.0876 119.9975 0 0 0 0 0 0 0 0 0
0.3383726 0.4145469 0 0 0 0 0 0 0 0 0 0 0 0 0 0 0 0 0 0 0 0 0 0 60.96402 60.6697 60.6697 60.6697 60.66969 65.61971 72.62692 73.33458 96.56612 101.7735 101.7735 101.7735 101.4323 98.29945 96.43134 114.1935 133.1705 208.9393 214.9106 214.9106 174.685 173.9729 0 183.6989 0 0 0 0 0 139.5144 139.5167 139.5167 139.5167 139.5167 139.5167 123.3444 119.9975 121.3072 0 0 0 0 0 0 0 0
0 0 0 0 0 0 0 0 0 0 0 0 0 0 0 0 0 0 0 0 0 0 0 0 60.6697 60.6697 60.6697 60.6697 60.6697 62.58865 72.28471 72.62873 86.763 101.7735 101.7735 101.6638 95.55843 93.16061 93.08061 169.4803 214.9106 214.9106 214.9107 186.9268 0 0 0 0 0 0 0 0 0 0 138.7148 139.5167 139.5167 139.5167 139.5167 135.9924 119.9975 120.3182 0 0 0 0 0 0 0 0
0 0 0 0 0 0 0 0 0 0 0 0 0 0 0 0 0 0 0 0 0 0 0 73.46957 60.66969 60.6697 60.6697 60.6697 64.70802 72.04821 72.62874 72.62874 88.29085 101.7735 101.7735 100.7014 94.35135 93.0806 93.0806 164.3992 147.0053 136.1453 0 0 0 0 0 0 0 0 0 0 0 0 0 139.3469 139.5167 139.5167 139.5167 139.2608 121.5173 122.2789 0 0 0 0 0 0 0 0
