Scenarios/Heterogeneous/data/country_data_population_distribution/processed/density_grids/tjk.asc
ncols 195
nrows 121
xllcorner 67
yllcorner 36
[rows 31 to 61 of 121, columns 70 to 139 of 195]
0 0 0 0 0 0 0 0 0 0 0 0 0 0 0 0 0 0 0 0 0 0 0 0 0 0 0 0 0 0 0 0 0 0 0 0 0 0 0 0 0 0 0 0 0 0 0 0 0 0 0 0 0 0 0 0 0 0 0 0 0 0 0 0 0 0 0 0 0 0
0 0 0 0 0 0 0 0 0 0 0 0 0 0 0 0 0 0 0 0 0 0 0 0 0 0 0 0 0 0 0 0 0 0 0 0 0 0 0 0 0 0 0 0 0 0 0 0 0 0 0 0 0 0 0 0 0 0 0 0 0 0 0 0 0 0 0 0 0 0
0 0 0 0 0 0 0 0 0 0 0 0 0 0 0 0 0 0 0 0 0 0 0 0 0 0 0 0 0 0 0 0 0 0 0 0 0 0 0 0 0 0 0 0 0 0 0 0 0 0 0 0 0 0 0 0 0 0 0 0 0 0 0 0 0 0 0 0 0 0
0 0 0 0 0 0 0 0 0 0 0 0 0 0 0 0 0 0 7.91955 0 0 0 0 0 0 0 0 0 0 0 0 0 0 0 0 0 0 0 0 0 0 12.31371 0 0 0 0 0 0 0 0 0 0 0 0 0 0 0 0 0 0 0 0 0 0 0 0 0 0 0 0
9.968604 16.52013 0 0 10.72454 0 0 0 8.976735 8.739394 8.638959 8.755456 0 0 8.169522 6.809115 7.110877 6.896488 6.809116 6.814637 7.063652 8.02202 0 0 0 0 0 0 0 0 0 0 0 0 0 0 0 0 13.96386 13.91453 14.42247 14.79554 14.79554 0 0 0 0 0 0 0 0 0 0 0 0 0 0 0 0 0 0 0 0 0 0 0 0 0 0 0
6.809116 6.809116 10.35252 7.780605 6.809116 6.815477 7.082438 8.831899 6.809116 6.809116 6.809116 6.809116 7.91699 7.551752 6.809116 6.809116 6.809116 6.809116 6.809116 6.809116 6.809116 6.809116 8.467075 0 0 0 0 0 0 0 0 0 0 0 0 13.89553 13.96993 13.79671 14.79554 14.79554 14.79554 14.79554 14.79554 0 0 0 0 0 0 0 0 0 0 0 0 0 0 0 0 0 0 0 0 0 0 0 0 0 0 0
6.809116 6.809116 6.809116 6.809116 6.809116 6.809116 6.809116 6.809116 6.809116 6.809116 6.809116 6.809116 6.809116 6.809116 6.809116 6.809116 6.809116 6.809116 6.809116 6.809116 6.809116 7.385766 21.56277 25.75008 0 0 0 0 0 0 0 0 14.70392 14.79554 14.79554 14.79554 14.79554 14.79554 14.79554 14.79554 14.79554 14.79554 14.79554 0 0 0 0 0 0 0 0 0 0 0 0 0 0 0 0 0 0 0 0 0 0 0 0 0 0 0
6.809116 6.809116 6.809116 6.809116 6.809116 6.809116 6.809115 6.809116 6.809116 6.809116 6.809116 6.809116 6.809116 6.809116 6.809116 6.809116 6.809116 6.809116 7.15943 7.491356 14.95951 27.15753 28.12055 28.12055 0 0 0 0 0 0 0 0 14.79554 14.79554 14.79554 14.79554 14.79554 14.79554 14.79554 14.79554 14.79554 14.79554 14.79554 13.96369 12.03473 11.26443 13.57411 14.21492 13.11189 0 0 0 0 0 0 0 0 0 0 0 0 0 0 0 0 0 0 0 0 0
6.809116 6.809115 6.809116 6.809115 6.809116 6.809115 6.809116 6.809116 6.809115 6.809116 6.809115 6.809116 6.815602 12.68145 13.44129 9.252795 9.43881 14.70503 20.80941 28.12055 28.12055 28.12055 28.12055 28.12055 22.50381 0 0 0 24.37566 25.79219 22.94467 20.96059 14.79554 14.79554 14.79554 14.79554 14.79554 14.79554 14.79554 14.79554 14.79554 14.79554 14.79554 14.79554 14.79554 14.79554 14.79554 14.79554 14.79554 0 0 0 0 0 0 0 0 0 0 0 0 0 0 0 0 0 0 0 0 0
6.809116 6.809115 6.950253 9.130356 6.809115 12.3604 9.673994 11.3327 22.28613 12.81891 7.960022 12.19152 21.19311 28.12055 28.12055 28.12055 28.12055 28.12055 28.12055 28.12055 28.12055 28.12055 28.12055 28.12055 28.12055 28.12055 28.12055 28.12055 28.12055 28.12055 28.12055 24.1226 16.64985 14.79554 14.79554 14.79554 14.79554 14.79554 14.79554 14.79554 14.79554 14.79554 14.79554 14.79554 14.79554 14.79554 14.79554 14.79554 0 0 0 0 0 0 10.80129 0 0 0 0 0 0 0 0 0 0 2.282318 0.3953007 2.961174 1.480786 0.3383726
6.809116 6.809116 10.46403 28.08955 24.04903 28.07932 24.31915 26.30108 28.12055 28.12055 27.85005 28.12055 28.12055 28.12055 28.12055 28.12055 28.12055 28.12055 28.12055 28.12055 28.12055 28.12055 28.12055 28.12055 28.12055 28.12055 28.12055 28.12055 28.12055 28.12055 28.12055 23.39898 16.29926 14.79554 14.79554 14.79554 14.79554 14.79554 14.79554 14.79554 14.79554 14.79554 14.79554 14.79554 14.79554 14.79554 14.79554 14.79554 0 0 0 0 0 14.7194 14.79554 13.14987 0 0 0 0 0 0 0.8655098 0.7915144 0.3383726 0.3383726 0.3383726 0.3383726 0.3383726 0.3383726
6.809116 14.53048 27.02706 28.12055 28.12055 28.12055 28.12055 28.12055 28.12055 28.12055 28.12055 28.12055 28.12055 28.12055 28.12055 28.12055 28.12055 28.12055 28.12055 28.12055 28.12055 28.12055 28.12055 28.12055 28.12055 28.12055 28.12055 28.12055 28.12055 28.12055 28.12055 16.43285 14.79554 14.79554 14.79554 14.79554 14.79554 14.79554 14.79554 14.79554 14.79554 14.79554 14.79554 14.79554 14.79554 14.79554 14.79554 14.79554 13.51136 11.48701 14.20436 13.98896 14.76883 14.79554 14.79554 14.79554 11.63499 0 0 0 0 1.146395 0.3383726 0.3383726 0.3383726 0.3383726 0.3383726 0.3383726 0.3383726 0.3383726
6.809116 10.96889 27.32401 28.12055 28.12055 28.12055 28.12055 28.12055 28.12055 28.12055 28.12055 28.12055 28.12055 28.12055 28.12055 28.12055 28.12055 28.12055 28.12055 28.12055 28.12055 28.12055 28.12055 28.12055 28.12055 28.12055 28.12055 28.12055 28.12055 28.12055 28.12055 22.27063 14.79554 14.79554 14.79554 14.79554 14.79554 14.79554 14.79554 14.79554 14.79554 14.79554 14.79554 14.79554 14.79554 14.79554 14.79554 14.79554 14.79554 14.79554 14.79554 14.79554 14.79554 14.79554 14.79554 14.79554 14.79554 14.79554 13.18569 0 0 0.3383726 0.3383726 0.3383726 0.3383726 0.3383726 0.3383726 0.3383726 0.3383726 0.3383726
12.43113 12.15902 22.43414 28.12055 28.12055 28.12055 28.12055 28.12055 28.12055 28.12055 28.12055 28.12055 28.12055 28.12055 28.12055 28.12055 28.12055 28.12055 28.12055 28.12055 28.12055 28.12055 28.12055 28.12055 28.12055 28.12055 28.12055 28.12055 27.36127 22.37178 18.92074 15.51576 14.79554 14.79554 20.9951 17.53116 14.79554 14.79554 14.79554 14.79554 14.79554 14.79554 14.79554 14.79554 14.79554 14.79554 14.79554 14.79554 14.79554 14.79554 14.79554 14.79554 14.79554 14.79554 14.79554 14.79554 14.79554 14.79554 14.79554 0 1.526814 0.3383726 0.3383726 0.3383726 0.3383726 0.3383726 0.3383726 0.3383726 0.3383726 0.3383726
15.50043 15.55211 27.51246 28.12055 28.12055 28.12055 28.12055 28.12055 28.12055 28.12055 28.12055 28.12055 28.12055 28.12055 28.12055 28.12055 28.12055 28.12055 28.12055 28.12055 28.12055 28.12055 28.12055 28.12055 28.12055 28.12055 36.11452 48.85881 34.87379 21.83251 25.35418 34.78917 42.32356 51.08278 66.54159 31.31231 14.79554 14.79554 14.79554 14.79554 14.79554 14.79554 14.79554 14.79554 14.79554 14.79554 14.79554 14.79554 14.79554 14.79554 14.79554 14.79554 14.79554 14.79554 14.79554 14.79554 14.79554 14.79554 14.79554 3.490535 0.3383726 0.3383726 0.3383726 0.3383726 0.3383726 0.3383726 0.3383726 0.3383726 0.3383726 0.3383726
15.50043 15.50043 27.04472 28.12055 28.12055 28.12055 28.12055 28.12055 28.12055 28.12055 28.12055 28.12055 28.12055 28.12055 28.12055 28.12055 28.12055 28.12055 28.12055 28.12055 28.12055 28.12055 28.12055 28.17172 34.87983 44.2251 61.54771 67.61034 67.61034 67.61034 67.61034 67.61034 67.61034 57.16061 43.77314 27.62382 12.68841 11.10539 13.73598 14.79554 14.79554 14.79554 14.79554 14.79554 14.79554 14.79554 14.79554 14.79554 14.79554 14.79554 14.79554 14.79554 14.79554 14.79554 14.79554 14.79554 14.6878 12.07923 7.067852 0.8119681 0.3383726 0.3383726 0.3383726 0.3383726 0.3383726 0.3383726 0.3383726 0.3383726 0.3383726 0.3383726
23.3814 35.97721 65.55687 29.05532 28.12055 28.12055 28.12055 28.12055 28.12055 28.12055 28.12055 28.12055 28.12055 28.12055 28.12055 28.12055 28.12055 28.12055 28.12055 28.12055 29.72358 42.30192 48.2533 57.34181 67.61034 67.61033 67.61033 67.61034 67.61033 67.61033 67.61033 67.61033 55.07351 14.39641 5.822193 6.04393 5.822193 5.822193 10.11575 14.79554 14.79554 14.79554 14.79554 14.79554 14.79554 14.79554 14.79554 14.79554 14.79554 14.79554 14.79554 14.79554 14.79554 14.79554 14.79554 14.79554 12.91926 0.3383726 0.3383726 0.3383726 0.3383726 0.3383726 0.3383726 0.3383726 0.3383726 0.3383726 0.3383726 0.3383726 0.3383726 0.3383726
95.44386 87.51334 101.5233 63.31983 28.12055 28.12055 28.12055 28.12055 28.12055 28.12055 28.12055 28.12055 28.12055 28.12055 28.12055 28.12055 28.12055 28.12055 28.12055 28.12055 28.62086 62.22712 67.61034 67.61034 67.61034 67.61034 67.61034 67.61034 65.61855 47.27004 26.70117 16.61004 6.330786 5.822193 5.822193 5.822193 5.822193 5.822193 6.682768 8.441535 11.43684 14.78779 14.01019 10.46886 14.39722 14.79554 14.79554 14.79554 14.79554 14.79554 14.79554 14.79554 14.79554 14.79554 14.79554 14.79554 12.77154 0.3383726 0.3383726 0.3383726 0.3383726 0.3383726 0.3383726 0.3383726 0.3383726 0.3383726 0.3383726 0.3383726 0.3383726 0.3383726
101.5233 101.5233 91.62573 72.5313 28.76348 28.12055 28.12055 28.12055 28.12055 28.12055 28.12055 28.12055 28.12055 28.12055 28.12055 28.12055 28.12055 28.12055 28.12055 28.12055 28.12055 42.47863 67.61033 67.61033 67.61033 67.61033 67.61033 33.13319 8.59354 5.822193 5.822193 5.822193 5.822193 5.822193 5.822193 5.822193 5.822193 5.822193 5.822193 5.822193 5.822193 6.16502 5.822193 5.822193 7.967445 12.74077 14.79554 14.79554 14.79554 14.79554 14.79554 14.79554 14.79554 14.79554 14.79554 14.12213 5.762859 0.3383726 0.3383726 0.3383726 0.3383726 0.3383726 0.3383726 0.3383726 0.3383726 0.3383726 0.3383726 0.3383726 0.3383726 0.3383726
98.74087 83.07308 77.33067 77.31023 70.57322 54.8536 43.40342 40.2389 38.75911 36.28209 30.33608 28.12055 28.12055 28.12055 28.12055 28.12055 28.12055 28.12055 28.12055 28.12055 23.57359 13.56327 16.22594 11.36382 22.08496 37.40033 33.17074 5.869065 5.822193 5.822193 5.822193 5.822193 5.822193 5.822193 5.822193 5.822193 5.822193 5.822193 5.822193 5.822193 5.822193 5.822193 5.822193 5.822194 5.822193 8.814903 14.79554 14.79554 14.79554 14.59529 14.60873 14.79554 14.79303 12.59507 8.430584 5.920164 2.524792 0.3383726 0.3383726 0.3383726 0.3383726 0.3383726 0.3383726 0.3383726 0.3383726 0.3383726 0.3383726 0.3383726 0.3383726 0.3383726
89.29188 77.31023 77.31023 77.31023 77.31023 77.31023 77.31023 77.31023 77.31023 77.31023 75.88536 41.74993 31.03277 28.12055 29.93795 42.40602 55.85967 62.14745 43.95956 18.7806 7.94714 5.822192 5.822193 5.822193 5.822193 5.822194 5.822193 5.822193 5.822193 5.822193 5.822193 5.822193 5.822193 5.822193 5.822193 5.822193 5.822193 5.822193 5.822193 5.822193 5.822194 5.822193 5.822193 5.822193 5.822193 5.830191 8.793487 10.22739 9.923986 5.891318 5.860754 7.224276 5.908823 5.822193 5.822193 5.822193 4.584038 0.3383726 0.3383726 0.3383726 0.3383726 0.3383726 0.3383726 0.3383726 0.3383726 0.3383726 0.3383726 0.3383726 0.3383726 0.3383726
55.59412 68.55389 77.31023 77.31022 77.31023 77.31023 77.31022 77.31023 77.31022 77.31022 77.31023 77.31022 75.92416 65.51991 58.66135 40.39724 35.55352 26.53487 9.353529 5.822192 5.822192 5.822192 5.822193 5.822192 5.822193 5.822192 5.822193 5.822193 5.822193 5.822193 5.822193 5.822192 5.822193 5.822193 5.822193 5.822192 5.822193 5.822192 5.822193 5.822192 5.822193 5.822192 5.822193 5.822193 5.822193 5.822193 5.822193 5.822193 5.822193 5.822193 5.822193 5.822193 5.822193 5.822193 5.822193 5.822193 5.791366 1.151489 0.3383726 0.3383726 0.3383726 0.3383726 0.3383726 0.3383726 0.3383726 0.3383726 0.3383726 0.3383726 0.3383726 0.3383726
54.50975 54.51057 64.45515 77.16441 77.31023 77.31023 77.31023 77.31023 77.31023 77.31023 77.31023 77.31023 77.31023 50.98296 6.210709 5.822193 5.822193 5.822193 5.822193 5.822193 5.822193 5.822193 5.822193 5.822193 5.822193 5.822193 5.822193 5.822193 5.822193 5.822193 5.822193 5.822193 5.822193 5.822193 5.822193 5.822193 5.822193 5.822193 5.822193 5.822193 5.822193 5.822193 5.822193 5.822193 5.822193 5.822193 5.822193 5.822193 5.822193 5.822193 5.822192 5.822193 5.822193 5.822193 5.822193 5.949752 6.37267 4.647349 0.3403535 0.3383726 0.3383726 0.3383726 0.3383726 0.3383726 0.3383726 0.3383726 0.3383726 0.3383726 0.3383726 0.3383726
54.50975 54.50975 54.50975 62.46651 76.67624 77.31023 77.31023 77.31023 77.31023 77.31023 77.31023 77.31023 63.32856 8.266356 5.822193 5.822193 5.822193 5.822193 5.822193 5.822193 5.822193 5.822193 5.867021 6.319303 6.183517 5.822193 5.822193 5.858578 6.318611 6.432335 5.935539 5.822193 5.822193 5.822193 5.822193 5.822193 5.822193 5.822193 5.822193 5.822193 5.822193 5.822193 5.822193 5.822193 5.822193 5.822193 5.822193 5.822193 5.822193 5.822193 5.822193 5.822193 5.822193 5.822193 6.289986 7.181819 7.563541 7.25682 4.268396 0.3383726 0.3383726 0.3383726 0.3383726 0.3383726 0.3383726 0.3383726 0.3383726 0.3383726 0.3383726 0.3383726
54.50976 54.50976 54.50976 54.50975 58.78269 48.75803 53.61372 46.85403 77.28368 77.31023 77.31023 73.19757 15.82364 5.822193 5.822193 5.822193 5.822193 5.822193 5.822193 5.822193 5.868427 6.326546 6.837061 6.936429 6.803957 6.211505 6.395941 6.845119 6.936429 6.936429 6.679055 5.837273 5.822193 5.822193 5.822193 5.822193 5.822193 5.822193 5.822193 5.822193 5.822193 5.822193 5.822193 5.822193 5.822193 5.822193 5.822193 5.822193 5.822193 5.822193 5.997718 6.511116 6.451874 6.537527 7.407882 7.563542 7.563542 7.563542 5.901846 0.3383726 0.3383726 0.3383726 0.3383726 0.3383726 0.3383726 0.3383726 0.3383726 0.3383726 0.3383726 0.3383726
54.50975 54.50975 54.50975 54.01363 34.08435 23.61027 23.61026 23.61027 36.0061 70.38964 77.15321 28.24244 5.822193 5.822193 5.822194 5.822193 5.822193 5.822193 5.822193 5.832048 6.766313 6.936429 6.93643 6.936429 6.93643 6.936429 6.93643 6.936429 6.93643 6.93643 6.93643 6.060658 5.822193 5.822193 5.822193 5.822193 5.822193 5.822193 5.822193 5.822193 5.822193 5.822193 5.822193 5.822193 5.822193 5.822193 5.822193 5.822193 5.822193 6.263209 7.489412 7.563542 7.563542 7.563542 7.563541 7.563542 7.563541 7.563542 5.783062 0.3405364 0.3383726 0.3383726 0.3383726 0.3383726 0.3383726 0.3383726 0.3383726 0.3383726 0.3383726 0.3383726
54.50975 54.50975 54.50975 35.3793 23.61026 23.61026 23.61026 23.61026 23.61026 23.63753 35.18585 5.822193 5.822193 5.822193 5.930259 5.822193 5.822193 5.822193 5.822193 5.822193 6.547295 6.936429 6.936429 6.936429 6.936429 6.936429 6.936429 6.936429 6.936429 6.936429 6.936429 5.855564 5.822193 5.822193 5.822193 5.822193 5.822193 5.822193 5.822193 5.822193 5.822193 5.822193 5.822193 5.822193 5.875016 5.931086 6.316325 6.221692 7.178943 7.436667 7.563542 7.563542 7.563542 7.563542 7.563542 7.563542 7.563541 7.563542 7.345381 4.883036 1.383232 0.3383726 0.3383726 0.3383726 0.3383726 0.3383726 0.3383726 0.3383726 0.3383726 0.3383726
51.64828 54.34692 47.11124 23.70212 23.61026 23.61026 23.61026 23.61026 23.61026 24.3503 25.59775 5.822193 12.63558 25.33105 34.85788 29.08933 12.39957 5.822193 5.93091 6.536383 6.927767 6.936429 6.936429 6.936429 6.936429 6.936429 6.936429 6.936429 6.936429 6.936429 6.936429 6.133228 5.995716 5.917043 5.832613 5.822193 5.822193 5.822193 5.822193 5.822193 5.822193 5.822193 5.822193 6.267838 7.550927 7.457108 7.563542 7.562556 7.563542 7.563542 7.563542 7.563542 7.563542 7.563542 7.563542 7.563541 7.563543 7.563541 7.563542 7.549299 2.686701 0.3383726 0.3383726 0.3383726 0.3383726 0.3383726 0.3383726 0.3383726 0.3383726 0.3383726
25.18714 27.06273 25.25985 23.61026 23.61026 23.61026 23.61026 23.61026 25.2598 34.18476 28.16925 23.08896 35.4488 36.03161 36.03161 36.03161 35.90893 21.54975 6.5708 6.936429 6.936429 6.936429 6.936429 6.936429 6.936429 6.936429 6.936429 6.936429 6.936429 6.936429 6.936429 6.936429 6.936429 6.936429 6.821468 6.053795 5.822193 5.822193 5.822193 5.822193 5.822193 5.822193 6.746581 7.439295 7.563542 7.563541 7.563541 7.563542 7.563541 7.563542 7.563542 7.563541 7.563542 7.563542 7.563542 7.563541 7.563541 7.563541 7.563541 7.563541 6.167378 0.7805742 0.3383726 0.3383726 0.3383726 0.3383726 0.3537132 0.7125534 0.3707282 0.3383726
23.61026 23.61026 23.61026 23.61026 23.61026 23.61026 24.61241 29.95189 35.1035 36.0316 36.03161 36.0316 36.0316 36.0316 36.0316 36.0316 36.03161 24.71232 7.227839 6.936429 6.936429 6.936428 6.936428 6.936429 6.936428 6.936429 6.936428 6.936429 6.936429 6.936429 6.936429 6.936429 6.936428 6.936429 6.936429 6.579349 5.8795 5.854354 5.901776 5.822193 6.011872 6.459303 7.563541 7.563542 7.563542 7.563541 7.563541 7.563541 7.563541 7.563542 7.563541 7.563542 7.563542 7.563542 7.563542 7.563542 7.563541 7.563541 7.563541 7.563541 7.563541 5.033841 2.576722 2.446017 2.898698 3.372069 3.892761 4.0525 3.428901 2.299019
23.61026 23.61026 23.61026 23.61026 26.1184 33.0499 35.86347 36.0316 36.0316 36.0316 36.0316 36.0316 36.0316 36.0316 36.0316 36.0316 24.78838 7.117783 6.936429 6.936429 6.936429 6.936429 6.936429 6.936429 6.936429 6.936429 8.227165 9.910498 9.606109 0 10.56563 6.936429 6.936429 6.936429 6.936429 6.936429 6.751877 6.919849 7.501191 6.942288 7.563542 7.563542 7.563542 7.563541 7.563541 7.563542 7.563541 7.563541 7.563541 7.563542 7.563542 7.563541 7.563542 7.563542 7.563542 7.563542 7.563541 7.563541 7.563541 7.563542 7.563542 5.247832 4.0525 4.0525 4.0525 4.0525 4.0525 4.0525 4.0525 4.0525
