Scenarios/Heterogeneous/data/country_data_population_distribution/processed/density_grids/tkm.asc
ncols 352
nrows 187
xllcorner 52
yllcorner 35
cellsize 0.041666666666667
NODATA_value -9999
[rows 32 to 63 of 187, columns 71 to 141 of 352]
7.224109 7.224108 7.224108 7.224108 7.224109 7.224108 7.142664 0 0 0 0 0 0 0 0 0 0 0 0 0 0 0 0 0 0 0 0 0 0 0 0 0 0 0 0 0 0 0 0 0 0 0 0 0 0 0 0 0 0 0 28.33611 28.55276 28.55276 28.55276 28.55276 28.55276 28.55276 28.55276 28.55276 28.55276 28.55276 28.55276 28.55276 28.55276 28.55276 28.55276 28.55276 28.55276 28.55276 28.55276 28.55276
7.224109 7.224109 7.224109 7.224109 7.224109 7.224109 7.224109 7.164153 5.638736 0 0 0 0 0 0 0 0 0 0 0 0 0 0 0 0 0 0 0 0 0 0 0 0 0 0 0 0 0 0 0 0 0 0 0 0 0 0 0 0 0 0 28.17353 26.51163 28.55276 28.55276 28.55276 28.55276 28.55276 28.55276 28.55276 28.55276 28.55276 28.55276 28.55276 28.55276 28.55276 28.55276 28.55276 28.55276 28.55276 28.55276
7.224109 7.224108 7.224108 7.224108 7.224109 7.224108 7.224109 7.224108 7.224109 6.608409 0 0 0 0 0 0 0 0 0 0 0 0 0 0 0 0 0 0 0 0 0 0 0 0 0 0 0 0 0 0 0 0 0 0 0 0 0 0 0 0 0 0 21.48869 28.55276 28.55276 28.55276 28.55276 28.55276 28.55276 28.55276 28.55276 28.55276 28.55276 28.55276 28.55276 28.55276 28.55276 28.55276 28.55276 28.55276 28.55276
7.224109 7.224109 7.224109 7.224109 7.224109 7.224109 7.224109 7.224109 7.224109 7.224109 6.577632 0 0 0 0 0 0 0 0 0 0 5.641154 6.305595 6.150397 5.991462 9.599065 9.531436 9.515942 9.75527 0 0 0 0 0 0 0 0 0 0 0 0 0 0 0 0 0 0 0 0 0 0 28.50754 28.55276 28.55276 28.55276 28.55276 28.55276 28.55276 28.55276 28.55276 28.55276 28.55276 28.55276 28.55276 28.55276 28.55276 28.55276 28.55276 28.55276 28.55276 28.55276
7.224109 7.224109 7.224109 7.224109 7.224109 7.224109 7.224109 7.224109 7.224109 7.224109 7.224109 7.086163 0 0 0 0 5.905167 6.720967 7.120093 7.171216 6.540177 7.224109 7.224109 7.224109 7.224109 7.224109 7.224109 7.224109 7.224109 7.224109 7.224109 7.224109 7.224109 7.224109 7.224109 16.86388 28.55276 28.44966 27.52466 27.05198 26.77559 26.00029 25.29759 24.57989 23.17624 21.48743 0 0 0 0 25.02173 28.55276 28.55276 28.55276 28.55276 28.55276 28.55276 28.55276 28.55276 28.55276 28.55276 28.55276 28.55276 28.55276 28.55276 28.55276 28.55276 28.55276 28.55276 28.55276 28.55276
7.224109 7.224108 7.224109 7.224108 7.224109 7.224108 7.224109 7.224108 7.224109 7.224108 7.224109 7.224108 7.224109 7.219217 7.224108 6.865011 7.224108 7.224109 7.224108 7.224109 7.224108 7.224108 7.224108 7.224109 7.224109 7.224108 7.224109 7.224109 7.224109 7.224109 7.224108 7.224109 7.224108 7.224109 7.224108 9.619171 28.41293 28.55276 28.55276 28.55276 28.55276 28.55276 28.55276 28.55276 28.55276 28.55276 28.55276 28.55276 28.55276 28.55276 28.55276 28.55276 28.55276 28.55276 28.55276 28.55276 28.55276 28.55276 28.55276 28.55276 28.55276 28.55276 28.55276 28.55276 28.55276 28.55276 28.55276 28.55276 28.55276 28.55276 28.55276
7.224109 7.224109 7.224109 7.224109 7.224109 7.224109 7.224109 7.224109 7.224109 7.224109 7.224109 7.224109 7.224109 7.224109 7.224109 7.224109 7.224109 7.224109 7.224109 7.224109 7.224109 7.224109 7.224109 7.224109 7.224109 7.224108 7.224108 7.224109 7.224108 7.224109 7.224109 7.224109 7.224109 7.224109 7.224109 7.224109 23.42289 28.55276 28.55276 28.55276 28.55276 28.55276 28.55276 28.55276 28.55276 28.55276 28.55276 28.55276 28.55276 28.55276 28.55276 28.55276 28.55276 28.55276 28.55276 28.55276 28.55276 28.55276 28.55276 28.55276 28.55276 28.55276 28.55276 28.55276 28.55276 28.55276 28.55276 28.55276 28.55276 28.55276 28.55276
7.224109 7.224109 7.224109 7.224109 7.224109 7.224109 7.224109 7.224109 7.224109 7.224109 7.224109 7.224109 7.224109 7.224109 7.224109 7.224109 7.224109 7.224109 7.224109 7.224109 7.224109 7.224109 7.224109 7.224109 7.224109 7.224109 7.224109 7.224109 7.224109 7.224109 7.224109 7.224109 7.224109 7.224109 7.224109 7.224109 16.03779 28.55276 28.55276 28.55276 28.55276 28.55276 28.55276 28.55276 28.55276 28.55276 28.55276 28.55276 28.55276 28.55276 28.55276 28.55276 28.55276 28.55276 28.55276 28.55276 28.55276 28.55276 28.55276 28.55276 28.55276 28.55276 28.55276 28.55276 28.55276 28.55276 28.55276 28.55276 28.55276 28.55276 28.55276
7.224108 7.224108 7.224108 7.224108 7.224108 7.224108 7.224108 7.224108 7.224109 7.224109 7.224109 7.224108 7.224108 7.224108 7.224108 7.224108 7.224108 7.224109 7.224108 7.224108 7.224108 7.224108 7.224108 7.224109 7.224108 7.224109 7.224108 7.224109 7.224109 7.224109 7.224108 7.224108 7.224108 7.224109 7.224109 7.224108 8.587583 25.12332 28.55276 28.55276 28.55276 28.55276 28.55276 28.55276 28.55276 28.55276 28.55276 28.55276 28.55276 28.55276 28.55276 28.55276 28.55276 28.55276 28.55276 28.55276 28.55276 28.55276 28.55276 28.55276 28.55276 28.55276 28.55276 28.55276 28.55276 28.55276 28.55276 28.55276 28.55276 28.55276 28.55276
7.224109 7.224109 7.224109 7.224109 7.224109 7.224109 7.224109 7.224109 7.224109 7.224109 7.224109 7.224109 7.224109 7.224109 7.224109 7.224109 7.224109 7.224109 7.224109 7.224109 7.224109 7.224109 7.224109 7.224109 7.224109 7.224109 7.224109 7.224109 7.224109 7.224109 7.224109 7.224109 7.224109 7.224109 7.224109 7.224109 7.224109 9.349316 25.4397 28.55276 28.55276 28.55276 28.55276 28.55276 28.55276 28.55276 28.55276 28.55276 28.55276 28.55276 28.55276 28.55276 28.55276 28.55276 28.55276 28.55276 28.55276 28.55276 28.55276 28.55276 28.55276 28.55276 28.55276 28.55276 28.55276 28.55276 28.55276 28.55276 28.55276 28.55276 28.55276
7.224108 7.224109 7.224109 7.224109 7.224108 7.224109 7.224108 7.224109 7.224108 7.224109 7.224108 7.224109 7.224108 7.224109 7.224109 7.224109 7.224109 7.224108 7.224109 7.224108 7.224109 7.224109 7.224109 7.224108 7.224109 7.224108 7.224109 7.224108 7.224109 7.224108 7.224109 7.224108 7.224109 7.224108 7.224109 7.224108 7.224109 7.224108 9.612025 25.74077 28.55276 28.55276 28.55276 28.55276 28.55276 28.55276 28.55276 28.55276 28.55276 28.55276 28.55276 28.55276 28.55276 28.55276 28.55276 28.55276 28.55276 28.55276 28.55276 28.55276 28.55276 28.55276 28.55276 28.55276 28.55276 28.55276 28.55276 28.55276 28.55276 28.55276 28.55276
7.224109 7.224108 7.224108 7.224108 7.224109 7.224108 7.224109 7.224108 7.224108 7.224108 7.224108 7.224108 7.224109 7.224108 7.224108 7.224108 7.224108 7.224109 7.224108 7.224108 7.224108 7.224108 7.224108 7.224109 7.224108 7.224108 7.224108 7.224108 7.224109 7.224109 7.224108 7.224108 7.224108 7.224108 7.224108 7.224109 7.224108 7.224109 7.224108 9.890039 26.02654 28.55276 28.55276 28.55276 28.55276 28.55276 28.55276 28.55276 28.55276 28.55276 28.55276 28.55276 28.55276 28.55276 28.55276 28.55276 28.55276 28.55276 28.55276 28.55276 28.55276 28.55276 28.55276 28.55276 28.55276 28.55276 28.55276 28.55276 28.55276 28.55276 28.55276
7.224109 7.224109 7.224109 7.224109 7.224109 7.224108 7.224109 7.224109 7.224109 7.224108 7.224109 7.224109 7.224109 7.224109 7.224108 7.224109 7.224109 7.224109 7.224108 7.224109 7.224108 7.224109 7.224109 7.224109 7.224109 7.224109 7.224109 7.224109 7.224108 7.224109 7.224109 7.224109 7.224109 7.224109 7.224108 7.224109 7.224109 7.224109 7.224109 7.224109 10.56993 27.75608 28.55276 28.55276 28.55276 28.55276 28.55276 28.55276 28.55276 28.55276 28.55276 28.55276 28.55276 28.55276 28.55276 28.55276 28.55276 28.55276 28.55276 28.55276 28.55276 28.55276 28.55276 28.55276 28.55276 28.55276 28.55276 28.55276 28.55276 28.55276 28.55276
7.224109 7.224109 7.224109 7.224109 7.224109 7.224109 7.224109 7.224109 7.224109 7.224109 7.224109 7.224109 7.224109 7.224109 7.224109 7.224109 7.224109 7.224109 7.224109 7.224109 7.224109 7.224109 7.224109 7.224108 7.224109 7.224109 7.224109 7.224109 7.224109 7.224108 7.224109 7.224108 7.224109 7.224109 7.224109 7.224109 7.224109 7.224108 7.224109 7.224108 7.224109 16.69427 28.55276 28.55276 28.55276 28.55276 28.55276 28.55276 28.55276 28.55276 28.55276 28.55276 28.55276 28.55276 28.55276 28.55276 28.55276 28.55276 28.55276 28.55276 28.55276 28.55276 28.55276 28.55276 28.55276 28.55276 28.55276 28.55276 28.55276 28.55276 28.55276
7.224109 7.224109 7.224109 7.224109 7.224109 7.224109 7.224109 7.224109 7.224109 7.224109 7.224109 7.224109 7.224109 7.224109 7.224109 7.224109 7.224109 7.224109 7.224109 7.224109 7.224109 7.224109 7.224109 7.224109 7.224109 7.224109 7.224109 7.224109 7.224109 7.224109 7.224109 7.224109 7.224109 7.224109 7.224109 7.224109 7.224109 7.224109 7.224109 7.224109 7.224109 7.421738 23.62278 28.55276 28.55276 28.55276 28.55276 28.55276 28.55276 28.55276 28.55276 28.55276 28.55276 28.55276 28.55276 28.55276 28.55276 28.55276 28.55276 28.55276 28.55276 28.55276 28.55276 28.55276 28.55276 28.55276 28.55276 28.55276 28.55276 28.55276 28.55276
7.224109 7.224109 7.224109 7.224109 7.224109 7.224109 7.224109 7.224109 7.224109 7.224109 7.224109 7.224109 7.224109 7.224109 7.224109 7.224109 7.224109 7.224109 7.224109 7.224109 7.224109 7.224109 7.224109 7.224109 7.224109 7.224109 7.224109 7.224109 7.224109 7.224109 7.224109 7.224109 7.224109 7.224109 7.224109 7.224109 7.224109 7.224109 7.224109 7.224109 7.224109 7.224109 10.398 27.85463 28.55276 28.55276 28.55276 28.55276 28.55276 28.55276 28.55276 28.55276 28.55276 28.55276 28.55276 28.55276 28.55276 28.55276 28.55276 28.55276 28.55276 28.55276 28.55276 28.55276 28.55276 28.55276 28.55276 28.55276 28.55276 28.55276 28.55276
7.224109 7.224109 7.224109 7.224109 7.224109 7.224109 7.224109 7.224109 7.224109 7.224108 7.224109 7.224109 7.224109 7.224109 7.224109 7.224109 7.224109 7.224109 7.224109 7.224109 7.224109 7.224109 7.224109 7.224109 7.224109 7.224109 7.224109 7.224109 7.224108 7.224109 7.224108 7.224109 7.224109 7.224109 7.224109 7.224108 7.224109 7.224109 7.224109 7.224109 7.224109 7.224109 7.224109 20.18277 28.55276 28.55276 28.55276 28.55276 28.55276 28.55276 28.55276 28.55276 28.55276 28.55276 28.55276 28.55276 28.55276 28.55276 28.55276 28.55276 28.55276 28.55276 28.55276 28.55276 28.55276 28.55276 28.55276 28.55276 28.55276 28.55276 28.55276
7.224109 7.224109 7.224109 7.224109 7.224109 7.224109 7.224109 7.224108 7.224109 7.224108 7.224109 7.224109 7.224109 7.224109 7.224109 7.224109 7.224109 7.224109 7.224109 7.224109 7.224109 7.224109 7.224109 7.224109 7.224109 7.224109 7.224109 7.224109 7.224108 7.224109 7.224109 7.224109 7.224109 7.224109 7.224108 7.224109 7.224109 7.224109 7.224109 7.224109 7.224109 7.224109 7.224109 11.06823 28.52117 28.55276 28.55276 28.55276 28.55276 28.55276 28.55276 28.55276 28.55276 28.55276 28.55276 28.55276 28.55276 28.55276 28.55276 28.55276 28.55276 28.55276 28.55276 28.55276 28.55276 28.55276 28.55276 28.55276 28.55276 28.55276 28.55276
7.224109 7.224108 7.224109 7.224108 7.224109 7.224109 7.224109 7.224108 7.224109 7.224109 7.224108 7.224108 7.224109 7.224108 7.224108 7.224109 7.224108 7.224109 7.224109 7.224109 7.224109 7.224108 7.224108 7.224109 7.224109 7.224109 7.224109 7.224108 7.224109 7.224109 7.224108 7.224109 7.224108 7.224109 7.224109 7.224109 7.224109 7.224109 7.224108 7.224109 7.224108 7.224108 7.224108 7.224109 23.09266 28.55276 28.55276 28.55276 28.55276 28.55276 28.55276 28.55276 28.55276 28.55276 28.55276 28.55276 28.55276 28.55276 28.55276 28.55276 28.55276 28.55276 28.55276 28.55276 28.55276 28.55276 28.55276 28.55276 28.55276 28.55276 28.55276
7.224109 7.224109 7.224109 7.224108 7.224109 7.224109 7.224109 7.224109 7.224109 7.224109 7.224109 7.224109 7.224109 7.224109 7.224109 7.224109 7.224109 7.224109 7.224108 7.224108 7.224109 7.224109 7.224109 7.224109 7.224109 7.224108 7.224109 7.224108 7.224109 7.224108 7.224109 7.224109 7.224109 7.224108 7.224109 7.224108 7.224109 7.224109 7.224109 7.224109 7.224109 7.224109 7.224109 7.224109 8.713315 22.03342 28.55276 28.55276 28.55276 28.55276 28.55276 28.55276 28.55276 28.55276 28.55276 28.55276 28.55276 28.55276 28.55276 28.55276 28.55276 28.55276 28.55276 28.55276 28.55276 28.55276 28.55276 28.55276 28.55276 28.55276 28.55276
7.224109 7.224109 7.224109 7.224109 7.224109 7.224109 7.224109 7.224109 7.224109 7.224109 7.224109 7.224109 7.224109 7.224109 7.224109 7.224109 7.224109 7.224109 7.224109 7.224109 7.224109 7.224109 7.224109 7.224109 7.224109 7.224109 7.224109 7.224109 7.224109 7.224109 7.224109 7.224109 7.224109 7.224109 7.224109 7.224109 7.224109 7.224109 7.224109 7.224109 7.224109 7.224109 7.224109 7.224109 7.224109 7.298607 16.75235 28.22441 28.55276 28.55276 28.55276 28.55276 28.55276 28.55276 28.55276 28.55276 28.55276 28.55276 28.55276 28.55276 28.55276 28.55276 28.55276 28.55276 28.55276 28.55276 28.55276 28.55276 28.55276 28.55276 28.55276
7.224109 7.224109 7.224109 7.224109 7.224109 7.224108 7.224108 7.224109 7.224109 7.224109 7.224109 7.224109 7.224108 7.224109 7.224109 7.224109 7.224109 7.224109 7.224109 7.224108 7.224109 7.224109 7.224109 7.224109 7.224109 7.224109 7.224109 7.224109 7.224109 7.224109 7.224109 7.224109 7.224109 7.224109 7.224109 7.224108 7.224109 7.224109 7.224109 7.224109 7.224109 7.224109 7.224109 7.224108 7.224109 7.224108 7.224109 21.11664 28.55276 28.55276 28.55276 28.55276 28.55276 28.55276 28.55276 28.55276 28.55276 28.55276 28.55276 28.55276 28.55276 28.55276 28.55276 28.55276 28.55276 28.55276 28.55276 28.55276 28.55276 28.55276 28.55276
7.224109 7.224109 7.224109 7.224109 7.224109 7.224108 7.224108 7.224108 7.224109 7.224109 7.224109 7.224108 7.224109 7.224109 7.224109 7.224109 7.224109 7.224109 7.224108 7.224109 7.224109 7.224109 7.224108 7.224109 7.224109 7.224109 7.224109 7.224109 7.224109 7.224109 7.224109 7.224109 7.224109 7.224108 7.224109 7.224109 7.224109 7.224109 7.224108 7.224109 7.224109 7.224108 7.224109 7.224109 7.224109 7.224109 7.224109 11.99675 28.55276 28.55276 28.55276 28.55276 28.55276 28.55276 28.55276 28.55276 28.55276 28.55276 28.55276 28.55276 28.55276 28.55276 28.55276 28.55276 28.55276 28.55276 28.55276 28.55276 28.55276 28.55276 28.55276
7.224109 7.224108 7.224108 7.224108 7.224109 7.224108 7.224108 7.224108 7.224108 7.224109 7.224109 7.224108 7.224108 7.224108 7.224108 7.224108 7.224108 7.224109 7.224108 7.224108 7.224108 7.224108 7.224108 7.224109 7.224108 7.224108 7.224108 7.224108 7.224109 7.224109 7.224108 7.224108 7.224108 7.224109 7.224108 7.224108 7.224108 7.224109 7.224108 7.224109 7.224108 7.224108 7.224108 7.224108 7.224108 7.224108 7.224108 7.226599 24.20303 28.55276 28.55276 28.55276 28.55276 28.55276 28.55276 28.55276 28.55276 28.55276 28.55276 28.55276 28.55276 28.55276 28.55276 28.55276 28.55276 28.55276 28.55276 28.55276 28.55276 28.55276 28.55276
7.224109 7.224108 7.22411 7.224109 7.224109 7.224108 7.224108 7.224108 7.224109 7.224109 7.224109 7.224109 7.224109 7.224108 7.224108 7.224109 7.224108 7.224109 7.224109 7.224108 7.224108 7.224109 7.224108 7.224109 7.224109 7.224109 7.224108 7.224109 7.224109 7.224109 7.224109 7.224109 7.224108 7.224109 7.224109 7.224109 7.224109 7.224109 7.224108 7.224109 7.224108 7.224109 7.224109 7.224109 7.224108 7.224109 7.224109 7.224109 14.18943 28.55276 28.55276 28.55276 28.55276 28.55276 28.55276 28.55276 28.55276 28.55276 28.55276 28.55276 28.55276 28.55276 28.55276 28.55276 28.55276 28.55276 28.55276 28.55276 28.55276 28.55276 28.55276
7.224109 7.224109 7.224109 7.224109 7.224109 7.224109 7.224109 7.224109 7.224109 7.224108 7.224109 7.224108 7.224109 7.224109 7.224109 7.224109 7.224109 7.224109 7.224109 7.224109 7.224109 7.224109 7.224109 7.224109 7.224109 7.224109 7.224109 7.224109 7.224108 7.224109 7.224109 7.224109 7.224109 7.224109 7.224108 7.224109 7.224108 7.224109 7.224109 7.224109 7.224109 7.224109 7.224109 7.224109 7.224109 7.224109 7.224109 7.224109 7.328629 24.50268 28.55276 28.55276 28.55276 28.55276 28.55276 28.55276 28.55276 28.55276 28.55276 28.55276 28.55276 28.55276 28.55276 28.55276 28.55276 28.55276 28.55276 28.55276 28.55276 28.55276 28.55276
7.224109 7.224108 7.224109 7.224109 7.224109 7.224108 7.224109 7.224108 7.224109 7.224109 7.224109 7.224109 7.224109 7.224108 7.224108 7.224109 7.224109 7.224109 7.224108 7.224109 7.224108 7.224109 7.224109 7.224109 7.224109 7.224109 7.224109 7.224109 7.224108 7.224109 7.224108 7.224109 7.224109 7.224109 7.224109 7.224109 7.224108 7.224109 7.224109 7.224109 7.224109 7.224109 7.224109 7.224109 7.224109 7.224109 7.224108 7.224109 7.224109 13.69631 28.55276 28.55276 28.55276 28.55276 28.55276 28.55276 28.55276 28.55276 28.55276 28.55276 28.55276 28.55276 28.55276 28.55276 28.55276 28.55276 28.55276 28.55276 28.55276 28.55276 28.55276
7.224109 7.224109 7.224109 7.224109 7.224109 7.224109 7.224109 7.224109 7.224109 7.224109 7.224109 7.224109 7.224109 7.224109 7.224109 7.224109 7.224109 7.224109 7.224109 7.224109 7.224109 7.224109 7.224109 7.224109 7.224109 7.224109 7.224109 7.224109 7.224109 7.224109 7.224109 7.224109 7.224109 7.224109 7.224109 7.224109 7.224109 7.224109 7.224109 7.224109 7.224109 7.224109 7.224109 7.224109 7.224109 7.224109 7.224109 7.224109 7.224109 7.394253 27.65232 28.55276 28.55276 28.55276 28.55276 28.55276 28.55276 28.55276 28.55276 28.55276 28.55276 28.55276 28.55276 28.55276 28.55276 28.55276 28.55276 28.55276 28.55276 28.55276 28.55276
7.224109 7.224109 7.224109 7.224109 7.22411 7.224109 7.224109 7.224109 7.224109 7.224109 7.224109 7.224109 7.22411 7.224109 7.224109 7.224109 7.224109 7.22411 7.224109 7.22411 7.224109 7.224109 7.224109 7.224109 7.224109 7.224109 7.224109 7.224109 7.224109 7.224109 7.224109 7.224109 7.224109 7.22411 7.224109 7.224109 7.224109 7.22411 7.224109 7.224109 7.224109 7.224109 7.224109 7.224109 7.224109 7.224109 7.224109 7.224109 7.224109 11.19857 28.55276 28.55276 28.55276 28.55276 28.55276 28.55276 28.55276 28.55276 28.55276 28.55276 28.55276 28.55276 28.55276 28.55276 28.55276 28.55276 28.55276 28.55276 28.55276 28.55276 28.55276
7.224109 7.224109 7.22411 7.224109 7.224109 7.224109 7.224109 7.224109 7.224109 7.224109 7.224109 7.22411 7.224109 7.224108 7.224109 7.22411 7.224109 7.224109 7.224109 7.224109 7.224109 7.224109 7.224109 7.224109 7.224109 7.224109 7.224109 7.224109 7.224109 7.224109 7.224109 7.224109 7.224109 7.224109 7.224109 7.224109 7.224109 7.224109 7.224109 7.224109 7.224109 7.224109 7.224109 7.224109 7.224109 7.224109 7.224109 7.224109 7.224109 16.80173 28.55276 28.55276 28.55276 28.55276 28.55276 28.55276 28.55276 28.55276 28.55276 28.55276 28.55276 28.55276 28.55276 28.55276 28.55276 28.55276 28.55276 28.55276 28.55276 28.55276 28.55276
7.224109 7.224109 7.224109 7.224109 7.224109 7.224109 7.224109 7.224109 7.224109 7.224109 7.224109 7.224109 7.224109 7.224109 7.224109 7.224109 7.224109 7.224109 7.224109 7.224109 7.224109 7.224109 7.224109 7.224109 7.224109 7.224109 7.224109 7.224109 7.224109 7.224109 7.224109 7.224109 7.224109 7.224109 7.224109 7.224109 7.224109 7.224109 7.224109 7.224109 7.224109 7.224109 7.224109 7.224109 7.224109 7.224109 7.224109 7.224109 7.224109 17.47927 28.55276 28.55276 28.55276 28.55276 28.55276 28.55276 28.55276 28.55276 28.55276 28.55276 28.55276 28.55276 28.55276 28.55276 28.55276 28.55276 28.55276 28.55276 28.55276 28.55276 28.55276
7.224108 7.224109 7.224109 7.224108 7.224108 7.224108 7.224108 7.224109 7.224108 7.224109 7.224108 7.224109 7.224108 7.224109 7.224109 7.224109 7.224109 7.224108 7.224109 7.224108 7.224109 7.224109 7.224109 7.224108 7.224109 7.224108 7.224109 7.224108 7.224109 7.224109 7.224109 7.224108 7.224109 7.224108 7.224109 7.224108 7.224109 7.224108 7.224109 7.224108 7.224109 7.224109 7.224109 7.224108 7.224109 7.224108 7.224109 7.224109 7.224109 7.471608 22.545 28.55276 28.55276 28.55276 28.55276 28.55276 28.55276 28.55276 28.55276 28.55276 28.55276 28.55276 28.55276 28.55276 28.55276 28.55276 28.55276 28.55276 28.55276 28.55276 28.55276
