Scenarios/Heterogeneous/data/country_data_population_distribution/processed/density_grids/tkm.asc
ncols 352
nrows 187
xllcorner 52
yllcorner 35
cellsize 0.041666666666667
NODATA_value -9999
[rows 96 to 127 of 187, columns 71 to 141 of 352]
7.224109 7.224109 7.224109 7.224109 7.224108 7.224109 7.224109 7.224109 7.224108 7.224109 7.224108 7.224109 7.224108 7.224109 7.224109 7.224109 7.224109 7.224108 7.224109 7.224108 7.224109 7.224109 7.224109 7.224108 7.224109 7.224109 7.224109 7.224109 7.224109 7.224109 7.224109 7.224109 7.224109 7.224108 7.224109 7.224108 7.224109 7.224108 7.224109 8.746153 14.08248 14.13633 14.13633 14.13633 14.13633 14.13633 14.13633 14.13633 14.13633 14.13633 14.13633 14.13633 14.13633 14.13633 14.13633 14.13633 14.13633 14.13633 14.13633 14.13633 14.13633 14.13633 14.13633 14.13633 14.13633 14.13633 14.13633 14.13633 14.13633 14.13633 14.13633
7.224109 7.224109 7.224109 7.224109 7.224109 7.224109 7.224109 7.224109 7.224109 7.224109 7.224109 7.224109 7.224109 7.224109 7.22411 7.224109 7.224109 7.224109 7.224109 7.224109 7.224109 7.22411 7.224109 7.224109 7.224109 7.224109 7.224109 7.224109 7.224109 7.224109 7.224108 7.224109 7.224109 7.224109 7.224109 7.224109 7.224109 7.224109 7.340693 12.87241 14.13633 14.13633 14.13633 14.13633 14.13633 14.13633 14.13633 14.13633 14.13633 14.13633 14.13633 14.13633 14.13633 14.13633 14.13633 14.13633 14.13633 14.13633 14.13633 14.13633 14.13633 14.13633 14.13633 14.13633 14.13633 14.13633 14.13633 14.13633 14.13633 14.13633 14.13633
7.224109 7.224109 7.224108 7.224109 7.224109 7.224108 7.224109 7.224109 7.224109 7.224109 7.224109 7.224109 7.224109 7.224109 7.224109 7.224108 7.224109 7.224109 7.224109 7.224109 7.224109 7.224108 7.224108 7.224109 7.224109 7.224109 7.224109 7.224109 7.224109 7.224109 7.224109 7.224109 7.224109 7.224109 7.224109 7.224109 7.224108 7.224109 10.02646 14.13633 14.13633 14.13633 14.13633 14.13633 14.13633 14.13633 14.13633 14.13633 14.13633 14.13633 14.13633 14.13633 14.13633 14.13633 14.13633 14.13633 14.13633 14.13633 14.13633 14.13633 14.13633 14.13633 14.13633 14.13633 14.13633 14.13633 14.13633 14.13633 14.13633 14.13633 14.13633
7.224108 7.224109 7.224109 7.224109 7.224109 7.224109 7.224108 7.224109 7.224108 7.224109 7.224108 7.224109 7.224108 7.224109 7.224109 7.224109 7.224109 7.224108 7.224109 7.224109 7.224109 7.224109 7.224109 7.224108 7.224109 7.224108 7.224109 7.224108 7.224109 7.224108 7.224109 7.224108 7.224109 7.224108 7.224109 7.224108 7.224109 7.4299 13.36605 14.13633 14.13633 14.13633 14.13633 14.13633 14.13633 14.13633 14.13633 14.13633 14.13633 14.13633 14.13633 14.13633 14.13633 14.13633 14.13633 14.13633 14.13633 14.13633 14.13633 14.13633 14.13633 14.13633 14.13633 14.13633 14.13633 14.13633 14.13633 14.13633 14.13633 14.13633 14.13633
7.224108 7.224109 7.224109 7.224109 7.224109 7.224109 7.224109 7.224109 7.224108 7.224109 7.224109 7.224109 7.224109 7.224109 7.224109 7.224109 7.224109 7.224109 7.224109 7.224109 7.224109 7.224109 7.224109 7.224109 7.224109 7.224109 7.224109 7.224109 7.224109 7.224109 7.224109 7.224109 7.224109 7.224109 7.224109 7.224109 7.224109 10.20443 14.13633 14.13633 14.13633 14.13633 14.13633 14.13633 14.13633 14.13633 14.13633 14.13633 14.13633 14.13633 14.13633 14.13633 14.13633 14.13633 14.13633 14.13633 14.13633 14.13633 14.13633 14.13633 14.13633 14.13633 14.13633 14.13633 14.13633 14.13633 14.13633 14.13633 14.13633 14.13633 14.13633
7.224109 7.224109 7.224109 7.224109 7.224109 7.224109 7.224109 7.224109 7.224109 7.224109 7.224109 7.224109 7.224109 7.224109 7.224109 7.224109 7.224109 7.224109 7.224109 7.224109 7.224109 7.224109 7.224109 7.224109 7.224109 7.224109 7.224109 7.224109 7.224109 7.224108 7.224109 7.224109 7.224109 7.224108 7.224109 7.224109 7.226703 13.4695 14.13633 14.13633 14.13633 14.13633 14.13633 14.13633 14.13633 14.13633 14.13633 14.13633 14.13633 14.13633 14.13633 14.13633 14.13633 14.13633 14.13633 14.13633 14.13633 14.13633 14.13633 14.13633 14.13633 14.13633 14.13633 14.13633 14.13633 14.13633 14.13633 14.13633 14.13633 14.13633 14.13633
7.224109 7.224108 7.224108 7.224108 7.224108 7.224108 7.224108 7.224108 7.224109 7.224109 7.224109 7.224108 7.224109 7.224108 7.224108 7.224108 7.224108 7.224108 7.224108 7.224109 7.224108 7.224109 7.224108 7.224109 7.224108 7.224109 7.224108 7.224109 7.224109 7.224109 7.224108 7.224108 7.224108 7.224109 7.224109 7.224109 7.394171 14.13633 14.13633 14.13633 14.13633 14.13633 14.13633 14.13633 14.13633 14.13633 14.13633 14.13633 14.13633 14.13633 14.13633 14.13633 14.13633 14.13633 14.13633 14.13633 14.13633 14.13633 14.13633 14.13633 14.13633 14.13633 14.13633 14.13633 14.13633 14.13633 14.13633 14.13633 14.13633 14.13633 14.13633
7.224109 7.224109 7.224109 7.224109 7.224109 7.224109 7.224109 7.224109 7.224108 7.224109 7.224108 7.224109 7.224108 7.224109 7.224109 7.224109 7.224109 7.224109 7.224109 7.224108 7.224109 7.224109 7.224109 7.224108 7.224109 7.224108 7.224109 7.224108 7.224109 7.224108 7.224109 7.224108 7.224109 7.224108 7.224109 7.224108 7.653578 14.13633 14.13633 14.13633 14.13633 14.13633 14.13633 14.13633 14.13633 14.13633 14.13633 14.13633 14.13633 14.13633 14.13633 14.13633 14.13633 14.13633 14.13633 14.13633 14.13633 14.13633 14.13633 14.13633 14.13633 14.13633 14.13633 14.13633 14.13633 14.13633 14.13633 14.13633 14.13633 14.13633 14.13633
7.224109 7.224108 7.224109 7.224109 7.224109 7.224109 7.224109 7.224109 7.224109 7.224109 7.224109 7.224109 7.224109 7.224109 7.224109 7.224109 7.224109 7.224109 7.224109 7.224109 7.224109 7.224109 7.224108 7.224109 7.224108 7.224109 7.224109 7.224109 7.224108 7.224109 7.224109 7.224109 7.224109 7.224109 7.224109 7.224109 7.230579 11.07934 13.98583 14.13633 14.13633 14.13633 14.13633 14.13633 14.13633 14.13633 14.13633 14.13633 14.13633 14.13633 14.13633 14.13633 14.13633 14.13633 14.13633 14.13633 14.13633 14.13633 14.13633 14.13633 14.13633 14.13633 14.13633 14.13633 14.13633 14.13633 14.13633 14.13633 14.13633 14.13633 14.13633
7.224109 7.224109 7.224109 7.224109 7.224109 7.224109 7.224109 7.224109 7.224109 7.224109 7.224109 7.224109 7.224109 7.224109 7.224109 7.224109 7.224109 7.224109 7.224109 7.224109 7.224109 7.224109 7.224109 7.224109 7.224109 7.224109 7.224109 7.224109 7.224109 7.224109 7.224108 7.224109 7.224109 7.224109 7.224109 7.224109 7.224109 7.224109 7.643612 9.638009 11.48884 12.52408 13.51176 14.12768 14.13633 14.13633 14.13633 14.13633 14.13633 14.13633 14.13633 14.13633 14.13633 14.13633 14.13633 14.13633 14.13633 14.13633 14.13633 14.13633 14.13633 14.13633 14.13633 14.13633 14.13633 14.13633 14.13633 14.13633 14.13633 14.13633 14.13633
7.224108 7.224108 7.224108 7.224108 7.224108 7.224108 7.224108 7.224108 7.224108 7.224108 7.224108 7.224108 7.224108 7.224108 7.224108 7.224108 7.224108 7.224108 7.224108 7.224108 7.224108 7.224108 7.224108 7.224108 7.224108 7.224108 7.224108 7.224108 7.224108 7.224108 7.224108 7.224108 7.224108 7.224108 7.224108 7.224108 7.224108 7.224108 7.224108 7.224108 7.224108 7.224108 7.224108 7.595725 8.677672 11.98736 14.13609 14.13633 14.13633 14.13633 14.13633 14.13633 14.13633 14.13633 14.13633 14.13633 14.13633 14.13633 14.13633 14.13633 14.13633 14.13633 14.13633 14.13633 14.13633 14.13633 14.13633 14.13633 14.13633 14.13633 14.13633
7.224109 7.224108 7.224109 7.224108 7.224109 7.224109 7.224109 7.224109 7.224109 7.224109 7.224109 7.224109 7.224109 7.224109 7.224109 7.224109 7.224108 7.224109 7.224108 7.224109 7.224108 7.224109 7.224109 7.224109 7.224108 7.224109 7.224109 7.224109 7.224108 7.224109 7.224108 7.224109 7.224109 7.224109 7.224108 7.224109 7.224109 7.224109 7.224108 7.224109 7.224108 7.224109 7.224109 7.224109 7.224108 7.224109 9.278277 13.12066 14.13633 14.13633 14.13633 14.13633 14.13633 14.13633 14.13633 14.13633 14.13633 14.13633 14.13633 14.13633 14.13633 14.13633 14.13633 14.13633 14.13633 14.13633 14.13633 14.13633 14.13633 14.13633 14.13633
7.224108 7.224109 7.224109 7.224109 7.224109 7.224109 7.224109 7.224109 7.224109 7.224109 7.224109 7.224109 7.224109 7.224109 7.224109 7.224109 7.224109 7.224108 7.224109 7.224108 7.224109 7.224109 7.224109 7.224108 7.224109 7.224109 7.224109 7.224108 7.224109 7.224109 7.224109 7.224108 7.224109 7.224109 7.224109 7.783659 13.43736 13.92873 12.99788 7.224109 8.028454 16.63135 18.97548 22.02393 7.224109 7.224109 7.224109 7.371152 10.22623 13.76857 14.13633 14.13633 16.50562 36.08195 38.70657 14.27779 14.13633 14.13633 14.13633 14.13633 14.13633 14.13633 14.13633 14.13633 14.13633 14.13633 14.13633 14.13633 14.13633 14.13633 14.13633
7.224109 7.224108 7.224108 7.224108 7.224109 7.224108 7.224109 7.224108 7.224108 7.224109 7.224109 7.224108 7.224109 7.224108 7.224108 7.224108 7.224108 7.224109 7.224108 7.224109 7.224108 7.224109 7.224108 7.224109 7.224109 7.224109 7.224108 7.224109 7.224109 7.224109 7.224108 7.224109 7.224108 7.238243 33.18641 0 0 0 0 0 0 0 0 0 0 15.26724 7.224108 7.224108 7.224108 8.793813 13.78955 14.50358 0 0 0 26.3754 14.13633 14.13633 14.13633 14.13633 14.13633 14.13633 14.13633 14.13633 14.13633 14.13633 14.13633 14.13633 14.13633 14.13633 14.13633
7.224109 7.224109 7.224109 7.224109 7.224109 7.224109 7.224109 7.224109 7.224109 7.224109 7.224109 7.224109 7.224109 7.224109 7.224109 7.224109 7.224109 7.224109 7.224109 7.224109 7.224109 7.224109 7.224109 7.224108 7.224109 7.224109 7.224109 7.224109 7.224109 7.224108 7.224109 7.224109 8.393026 0 0 0 0 0 0 0 0 0 0 0 0 0 0 0 0 19.82287 19.85522 0 0 0 0 0 18.42689 14.13633 14.13633 14.13633 14.13633 14.13633 14.13633 14.13633 14.13633 14.13633 14.13633 14.13633 14.13633 14.13633 14.13633
7.224109 7.224109 7.224109 7.224109 7.224109 7.224109 7.224109 7.224109 7.224109 7.224109 7.224109 7.224109 7.224109 7.224109 7.224109 7.224109 7.224109 7.224109 7.224109 7.224109 7.224109 7.224109 7.224109 7.224109 7.224109 7.224109 7.224109 7.224109 7.224109 7.224109 7.224109 7.224109 9.519295 0 0 0 0 0 0 0 0 0 0 0 0 0 0 0 0 0 0 0 0 0 0 0 37.53411 14.45587 14.13633 14.13633 14.13633 14.13633 14.13633 14.13633 14.13633 14.13633 14.13633 14.13633 14.13633 14.13633 14.13633
7.224109 7.224109 7.224109 7.224109 7.224109 7.224109 7.224109 7.224109 7.224109 7.224109 7.224109 7.224109 8.224828 8.368812 16.47655 26.82697 33.66226 12.96747 14.87992 0 0 10.81977 7.238508 7.224109 7.224109 7.224109 7.224109 7.224109 7.224109 7.224109 7.224109 7.224109 7.224109 0 0 0 0 0 0 0 0 0 0 0 0 0 0 0 0 0 0 0 0 0 0 0 0 41.84381 14.13633 14.13633 14.13633 14.13633 14.13633 14.13633 14.13633 14.13633 14.13633 14.13633 14.13633 14.13633 14.13633
7.224108 7.224108 7.224108 7.224108 7.224108 7.224108 7.224108 7.224108 7.224109 7.224108 7.782869 35.85439 0 0 0 0 0 0 0 0 0 0 0 0 0 0 0 0 0 0 14.0421 0 0 0 0 0 0 0 0 0 0 0 0 0 0 0 0 0 0 0 0 0 0 0 0 0 0 0 17.58699 14.13633 14.13633 14.13633 14.13633 14.13633 14.13633 14.13633 14.13633 14.13633 14.13633 14.13633 14.13633
7.224109 7.224109 7.224109 7.224109 7.224109 7.224109 7.224109 7.224109 16.98351 43.39055 0 0 0 0 0 0 0 0 0 0 0 0 0 0 0 0 0 0 0 0 0 0 0 0 0 0 0 0 0 0 0 0 0 0 0 0 0 0 0 0 0 0 0 0 0 0 0 0 14.13633 14.13633 14.13633 14.13633 14.13633 14.13633 14.13633 14.13633 14.13633 14.13633 14.13633 14.13633 14.13633
7.224109 7.224108 7.224109 7.224109 7.224109 9.05759 35.63969 0 0 0 0 0 0 0 0 0 0 0 0 0 0 0 0 0 0 0 0 0 0 0 0 0 0 0 0 0 0 0 0 0 0 0 0 0 0 0 0 0 0 0 0 0 0 0 0 0 0 0 20.42274 14.13633 14.13633 14.13633 14.13633 14.13633 14.13633 14.13633 14.13633 14.13633 14.13633 14.13633 14.13633
7.224108 7.224109 7.224109 31.569 0 0 0 0 0 0 0 0 0 0 0 0 0 0 0 0 0 0 0 0 0 0 0 0 0 0 0 0 0 0 0 0 0 0 0 0 0 0 0 0 0 0 0 0 0 0 0 0 0 0 0 0 0 0 0 0 32.25726 15.92133 23.139 21.11436 14.13633 14.13633 14.13633 14.13633 14.13633 14.13633 14.13633
7.224108 9.833002 0 0 0 0 0 0 0 0 0 0 0 0 0 0 0 0 0 0 0 0 0 0 0 0 0 0 0 0 0 0 0 0 0 0 0 0 0 0 0 0 0 0 0 0 0 0 0 0 0 0 0 0 0 0 0 0 0 0 0 0 0 0 0 0 0 26.23491 16.50498 14.13633 14.13633
10.68228 0 0 0 0 0 0 0 0 0 0 0 0 0 0 0 0 0 0 0 0 0 0 0 0 0 0 0 0 0 0 0 0 0 0 0 0 0 0 0 0 0 0 0 0 0 0 0 0 0 0 0 0 0 0 0 0 0 0 0 0 0 0 0 0 0 0 0 0 0 0
0 0 0 0 0 0 0 0 0 0 0 0 0 0 0 0 0 0 0 0 0 0 0 0 0 0 0 0 0 0 0 0 0 0 0 0 0 0 0 0 0 0 0 0 0 0 0 0 0 0 0 0 0 0 0 0 0 0 0 0 0 0 0 0 0 0 0 0 0 0 0
0 0 0 0 0 0 0 0 0 0 0 0 0 0 0 0 0 0 0 0 0 0 0 0 0 0 0 0 0 0 0 0 0 0 0 0 0 0 0 0 0 0 0 0 0 0 0 0 0 0 0 0 0 0 0 0 0 0 0 0 0 0 0 0 0 0 0 0 0 0 0
0 0 0 0 0 0 0 0 0 0 0 0 0 0 0 0 0 0 0 0 0 0 0 0 0 0 0 0 0 0 0 0 0 0 0 0 0 0 0 0 0 0 0 0 0 0 0 0 0 0 0 0 0 0 0 0 0 0 0 0 0 0 0 0 0 0 0 0 0 0 0
0 0 0 0 0 0 0 0 0 0 0 0 0 0 0 0 0 0 0 0 0 0 0 0 0 0 0 0 0 0 0 0 0 0 0 0 0 0 0 0 0 0 0 0 0 0 0 0 0 0 0 0 0 0 0 0 0 0 0 0 0 0 0 0 0 0 0 0 0 0 0
0 0 0 0 0 0 0 0 0 0 0 0 0 0 0 0 0 0 0 0 0 0 0 0 0 0 0 0 0 0 0 0 0 0 0 0 0 0 0 0 0 0 0 0 0 0 0 0 0 0 0 0 0 0 0 0 0 0 0 0 0 0 0 0 0 0 0 0 0 0 0
0 0 0 0 0 0 0 0 0 0 0 0 0 0 0 0 0 0 0 0 0 0 0 0 0 0 0 0 0 0 0 0 0 0 0 0 0 0 0 0 0 0 0 0 0 0 0 0 0 0 0 0 0 0 0 0 0 0 0 0 0 0 0 0 0 0 0 0 0 0 0
0 0 0 0 0 0 0 0 0 0 0 0 0 0 0 0 0 0 0 0 0 0 0 0 0 0 0 0 0 0 0 0 0 0 0 0 0 0 0 0 0 0 0 0 0 0 0 0 0 0 0 0 0 0 0 0 0 0 0 0 0 0 0 0 0 0 0 0 0 0 0
0 0 0 0 0 0 0 0 0 0 0 0 0 0 0 0 0 0 0 0 0 0 0 0 0 0 0 0 0 0 0 0 0 0 0 0 0 0 0 0 0 0 0 0 0 0 0 0 0 0 0 0 0 0 0 0 0 0 0 0 0 0 0 0 0 0 0 0 0 0 0
0 0 0 0 0 0 0 0 0 0 0 0 0 0 0 0 0 0 0 0 0 0 0 0 0 0 0 0 0 0 0 0 0 0 0 0 0 0 0 0 0 0 0 0 0 0 0 0 0 0 0 0 0 0 0 0 0 0 0 0 0 0 0 0 0 0 0 0 0 0 0
