Scenarios/Heterogeneous/data/country_data_population_distribution/processed/density_grids/tur.asc
ncols 476
nrows 171
xllcorner 25
yllcorner 35
[rows 60 to 89 of 171, columns 198 to 263 of 476]
4.849602 4.849602 4.849602 4.849602 4.849602 25.67107 56.61675 39.83407 394.5566 547.8464 426.6089 65.9271 6.750641 6.750641 6.750641 6.750641 6.750641 6.750641 7.452568 9.046504 7.62058 6.612218 5.040875 4.848467 4.848467 4.848467 4.862188 13.4313 15.46694 15.46694 15.46695 15.46695 15.46694 15.46694 16.33026 28.48604 29.00258 25.30038 17.83806 16.39155 16.39155 16.39155 17.94446 37.13522 40.2816 40.2816 40.2816 40.21072 38.15693 37.63803 37.63803 37.63803 37.63803 37.55296 30.98201 30.37458 30.37458 30.24647 30.37458 30.37458 30.37458 30.31266 29.82687 28.60518 26.6455 26.6455
4.849602 4.849602 4.849602 4.849602 4.849601 17.79264 31.04947 106.6136 547.4147 340.5577 18.68796 6.75064 6.750641 6.75064 6.750641 6.75064 6.750641 6.75064 8.650637 10.40605 10.40605 10.40605 7.53475 4.848467 4.848467 4.848467 8.675532 15.46695 15.46694 15.46694 15.46695 15.46694 15.46694 15.46695 19.98291 28.26235 18.17475 16.39155 16.39155 16.39155 16.39155 16.39155 16.39155 21.65844 38.37097 40.2816 40.2816 40.2816 40.2766 38.16667 35.7324 32.80169 32.87406 35.51856 31.93645 30.37458 30.37458 30.37458 30.37458 30.37458 30.37458 30.37458 30.26001 27.91903 26.6455 26.6455
4.849602 4.849602 4.849602 4.849602 4.88308 26.35516 31.04947 65.63998 307.4463 19.34949 6.750641 6.750641 6.750641 6.750641 6.750641 6.750641 6.750641 8.594867 10.32038 10.40605 10.40605 10.40605 6.329557 6.140208 6.928574 27.3792 34.83636 16.59053 15.46694 15.46694 15.46694 15.46694 15.46694 15.46694 15.46694 16.58708 16.2406 16.39155 16.39155 16.39155 16.39155 16.39155 16.39155 16.39155 19.87995 38.7628 40.2816 35.65734 26.13692 26.62845 30.37458 30.37458 30.37458 30.37458 30.37458 30.37458 30.37458 30.37458 29.94558 28.74994 28.14003 21.68297 16.66213 15.74568 15.75255 15.75942
4.849602 4.849602 4.849602 4.849602 7.346662 31.04947 31.04947 30.75356 14.91742 6.75064 6.750641 6.750641 6.75064 6.750641 6.750641 6.750641 7.561862 10.40581 10.40605 10.40605 10.40605 10.40605 10.40605 10.40605 10.40605 46.71501 77.3662 72.56761 65.50831 65.5321 44.96185 7.798159 10.48412 15.39684 15.46694 15.46694 15.4834 15.66422 16.0228 16.3797 16.39155 16.39155 16.39155 16.39155 16.39028 19.59547 19.5777 13.91977 13.90883 24.42255 30.37458 30.37458 30.37458 30.37458 30.37458 30.37458 30.37458 30.37458 15.56663 9.340723 9.340723 9.340723 9.340723 9.340723 9.340723 9.340723
4.849602 4.849602 4.849602 4.849602 10.53569 20.76347 16.29179 11.73152 6.119069 6.443598 6.750641 6.750641 6.750641 9.66323 18.89075 19.73103 20.09514 20.82283 17.32769 10.49204 10.40605 10.40605 10.40605 10.40605 10.40605 46.65379 77.3662 77.3662 77.3662 66.42663 6.489562 5.606463 5.606463 7.844246 10.62205 11.43862 11.43771 14.19114 15.14963 15.28771 15.73987 16.3252 16.39155 16.28375 14.9279 13.90883 13.90883 13.90883 13.90883 24.62145 30.37458 30.37458 30.37458 30.37458 30.37458 30.37458 30.37458 29.91669 12.55494 9.340724 9.340724 9.340724 9.340723 9.340723 9.340724 9.340724
4.849601 4.849602 4.849601 5.399148 7.895213 8.044054 8.044053 6.865462 2.027851 2.554288 4.20275 5.423424 13.63231 24.15388 25.12382 25.12382 25.12382 25.12382 25.12382 19.03518 14.26097 10.84523 10.40605 10.40605 10.40711 58.29317 77.3662 77.3662 77.3662 48.95579 5.606462 5.606462 5.606462 5.606462 5.606463 5.606462 7.146199 14.96744 15.14963 15.14963 15.14963 16.11197 16.23268 9.852468 6.666224 8.568257 11.60273 13.9088 13.90882 14.37248 21.22544 25.46897 22.73162 20.94891 24.83774 30.37458 30.16231 16.99596 9.340723 9.340723 9.340723 9.340724 9.340723 9.340723 9.340724 9.340724
4.849602 4.849602 4.849602 5.141085 7.276722 8.044053 8.044052 4.684699 2.026379 2.02638 2.026379 7.599783 25.12382 25.12382 25.12382 25.12382 25.12381 25.12382 25.12382 25.12382 25.12382 22.95855 11.12987 11.75989 48.57655 77.3662 77.3662 77.3662 71.01927 11.04978 5.606463 5.606462 5.606463 5.606462 5.606463 5.606463 9.24558 15.14963 14.97066 13.73378 15.08229 15.15419 14.15456 9.476871 6.223595 6.089855 6.089856 11.72486 13.90883 13.90883 13.90883 13.90883 13.90883 13.90882 14.29128 15.07165 13.89501 10.39309 9.340723 9.340724 9.340723 9.340724 9.340723 9.340724 9.340723 9.340735
4.849602 4.849602 4.849602 5.360628 9.974448 12.7132 11.41896 2.628508 2.026379 2.026379 2.026379 18.55312 25.12382 25.12382 25.12382 25.12382 25.12382 25.12382 25.12382 25.12382 25.12382 25.12382 23.04167 56.84512 77.36621 77.3662 77.3662 77.3662 34.3021 5.606462 5.606463 5.606463 6.277584 8.879071 10.07482 11.30724 12.4719 13.69094 13.11017 14.27098 15.14963 15.14963 15.14963 14.75049 6.739155 6.089855 6.089856 9.839634 13.90883 13.90883 13.90883 13.90882 13.90883 13.90883 13.90883 13.90883 14.34485 14.85877 12.44149 9.379784 9.340724 9.340724 9.340722 9.340724 9.340722 10.18535
4.849602 5.636205 14.38894 12.89947 13.21653 13.21653 13.21653 4.736285 2.02638 2.02638 5.554484 25.11991 25.12382 25.12382 25.12382 25.12382 25.12382 25.12382 25.12382 25.12382 25.12382 25.12382 31.32923 77.3662 77.3662 77.3662 77.3662 75.79071 7.680013 5.606463 5.626991 8.854461 12.6257 12.79876 12.79876 12.79876 12.79876 12.79876 13.84148 15.14963 15.14963 15.14963 15.14963 13.08333 6.089855 6.089855 6.089855 6.160815 10.98771 13.90883 13.90883 13.90883 13.90883 13.90883 13.90883 13.90883 14.01961 14.96892 15.00187 10.9152 9.340723 9.340723 9.340723 9.340723 8.748787 7.54103
12.33909 23.552 27.82628 18.37174 13.21653 13.21653 11.65439 2.037887 2.026379 3.747183 11.56304 25.12382 25.12382 25.12381 25.12382 25.12381 25.12382 25.12382 25.12382 25.12381 25.12382 26.92571 61.52687 77.3662 77.3662 77.3662 77.3662 76.19968 10.57265 5.986511 9.81056 12.79876 12.79876 12.79876 12.79876 12.79876 12.79876 12.79876 13.75167 15.14963 15.14963 15.14963 15.14963 11.36952 6.089856 6.089855 6.089855 6.089855 6.459631 13.3203 13.90883 13.90883 13.90883 13.90883 13.90883 13.90883 13.90883 14.41655 15.00187 11.11407 9.340723 9.340723 9.266417 8.311989 7.401703 8.825338
28.19832 28.19831 28.19832 27.75995 15.56236 13.21653 13.21653 7.061674 3.480161 11.74483 13.21653 15.46216 23.83222 25.12382 25.12381 25.12382 25.12382 25.12382 25.12382 25.12382 25.12382 59.03366 77.3662 77.3662 77.3662 77.3662 77.3662 77.3662 52.37329 10.94036 12.79876 12.79876 12.79876 12.79876 12.79876 12.79876 12.7989 12.82511 14.03522 15.14785 15.14963 15.14963 15.14963 15.12916 11.18728 6.23152 6.089855 6.133758 10.12219 13.87977 13.90883 13.90883 13.90883 13.90883 13.90883 13.90883 13.90883 11.21645 10.64811 8.220559 7.931657 7.775053 7.501425 7.391558 7.656635 15.42556
28.19831 28.19831 28.19831 28.19832 25.1683 14.47288 13.21653 13.08092 12.50568 13.21653 13.21653 13.21653 13.33351 13.36193 24.31367 25.12382 25.12382 25.12382 25.12381 25.12382 42.2022 77.30188 77.3662 77.3662 77.3662 77.3662 77.3662 77.3662 77.3662 14.90556 12.79876 12.79876 12.79876 12.79876 12.79876 12.79876 12.8 12.8467 12.84785 14.17199 15.14963 15.14963 16.75216 22.0473 27.561 23.43554 7.606052 10.75514 13.90882 13.90883 13.90883 13.90883 13.90882 13.90883 13.90883 13.90883 13.90883 9.254801 7.707755 7.707755 7.636465 7.401361 7.391558 7.48877 13.96668 17.17666
28.19831 28.19831 28.19831 28.19831 28.19831 28.19831 13.21653 13.21653 13.21653 13.21653 13.21653 13.21653 13.21653 13.21653 13.21653 16.66079 17.99348 24.39276 40.91209 61.26635 77.04365 77.3662 77.3662 77.3662 77.3662 77.3662 77.3662 77.3662 77.3662 25.77681 12.79876 12.79876 12.79876 12.79876 12.79876 12.79904 12.80083 12.83674 12.84785 12.89212 14.74985 29.49848 33.60058 33.73077 33.73076 33.71056 14.97846 13.90883 13.90882 13.90883 13.90882 13.90883 13.90882 13.90883 13.90882 13.90882 13.73083 10.64596 7.707755 7.707755 7.707755 7.531584 7.391558 10.6391 17.17666 17.17666
28.19832 28.19832 28.19832 28.19832 28.19832 28.19832 28.19831 13.21653 13.21653 13.21653 13.21653 13.21653 13.21653 13.21653 13.21653 7.584029 5.333808 6.272537 22.87806 54.23392 74.9132 77.36621 77.3662 77.3662 77.3662 77.3662 77.3662 77.3662 77.3662 52.91008 12.79876 12.79876 12.79876 12.79876 12.79876 12.81093 12.84785 12.84785 12.84785 12.84785 12.84785 23.63262 33.73077 33.73077 33.73077 33.73077 23.08961 13.90883 13.90883 13.90883 13.90883 13.90883 13.90883 13.90883 12.68863 10.28993 8.11417 7.707755 7.707755 9.527185 90.50179 200.2626 131.2706 79.46699 17.17666 17.17666
28.19832 28.19831 28.19832 28.19832 28.19832 28.19832 28.19831 0 13.21653 13.21653 13.21653 13.21653 13.21653 13.21653 13.21356 6.731652 5.333808 5.333808 5.333808 5.335263 40.89769 77.3662 77.3662 77.3662 77.3662 77.3662 77.3662 77.3662 77.3662 60.59079 12.79876 12.79876 12.79876 12.79876 12.80012 12.82239 12.84785 12.84785 12.84785 12.84785 13.07951 29.40788 33.73077 33.73077 33.73077 34.4614 190.1342 241.36 215.1261 130.0485 81.77042 42.51932 122.3769 49.9396 7.707755 7.707755 7.707756 7.707755 37.57079 198.8326 264.4672 264.4672 212.8013 37.08533 20.42869 18.18711
28.19831 28.19831 28.19832 28.19831 28.19832 28.19831 28.19832 0 13.21653 13.21653 13.21653 13.21653 13.21653 13.21653 13.21653 12.29191 5.409027 5.333809 5.333808 6.245032 14.50499 61.10165 77.3662 77.3662 77.3662 77.3662 77.3662 77.3662 77.3662 37.3941 12.79876 12.79876 12.79876 12.79876 12.83076 12.84785 12.84785 12.84785 12.84785 12.84785 25.93425 33.73077 33.73077 33.73077 33.73077 72.81902 264.4672 264.4672 264.4672 264.4672 264.4672 264.4672 264.4672 223.7041 94.88095 61.84246 92.71459 187.217 261.005 264.4672 264.4672 264.4672 162.8442 21.4937 21.4937 21.4937
28.19832 28.19832 28.19832 28.19832 28.19832 28.19831 28.19832 0 13.21653 13.21653 13.21653 13.21653 13.21653 13.21653 13.21653 11.39556 5.333809 5.333808 5.333809 6.382989 7.39358 8.584394 34.50626 72.62134 77.3662 77.3662 77.3662 77.3662 77.3662 21.64705 12.79876 12.79876 12.79876 12.81014 12.84725 12.84785 12.84785 12.84785 12.84785 15.45403 33.42239 33.73077 33.73077 33.73077 33.73077 130.5751 264.4672 264.4672 264.4672 264.4672 264.4672 264.4672 264.4672 264.4672 264.4672 264.4672 264.4672 264.4672 264.4672 264.4672 264.4672 264.4672 254.5238 70.76893 21.4937 21.4937
28.19832 28.19832 28.19832 28.19832 28.19831 0 28.19832 28.19831 13.21653 13.21653 13.21653 13.21653 13.21653 13.21653 13.21653 12.57641 6.949228 5.3553 5.333808 5.529952 7.355649 7.39358 7.39358 15.91203 37.28426 45.5558 72.1488 77.36621 77.3662 61.33488 15.2909 13.9148 13.21668 13.76921 12.85915 12.84785 12.84892 14.48541 17.58809 24.68915 33.73077 33.73077 33.73077 33.73077 33.73077 198.1945 264.4672 264.4672 264.4672 264.4672 264.4672 264.4672 264.4672 264.4672 264.4672 264.4672 264.4672 264.4672 264.4672 264.4672 264.4672 264.4672 264.4672 233.4862 27.00963 21.4937
28.19831 28.19832 28.19831 28.19831 0 0 0 13.21653 13.21653 13.21653 13.21653 13.21653 13.21653 13.21653 13.21653 13.21653 13.21653 12.48293 9.849124 8.386082 7.241299 7.39358 7.39358 7.393581 7.393581 7.39358 25.55101 77.19913 77.3662 45.54094 18.6009 18.6009 18.6009 18.6009 18.57164 18.55516 18.53907 18.6009 18.6009 21.33157 33.73077 33.73076 33.73077 33.73076 42.02077 247.7425 264.4672 264.4427 236.2346 181.9803 112.2908 232.7074 264.4672 264.4672 264.4672 264.4672 264.4672 264.4672 264.4672 264.4672 264.4672 264.4672 264.4672 264.4672 97.64793 21.4937
23.271 21.68372 26.35102 0 0 0 0 0 13.21653 13.21653 13.21653 13.21653 13.21653 13.21653 13.21653 13.21653 13.21653 13.21653 13.21653 13.21653 11.21662 7.39358 7.39358 7.39358 7.39358 7.39358 7.395618 47.19002 67.03832 29.14303 18.6009 18.6009 18.6009 18.6009 18.6009 18.6009 18.6009 18.6009 18.6009 20.04925 33.54098 33.73077 33.73077 33.73077 56.88012 156.9684 124.2587 86.97667 27.91816 27.91817 27.91816 35.90762 139.2671 351.3396 386.2414 404.1225 320.2247 264.4672 264.4672 264.4672 264.4672 264.4672 264.4672 224.0273 26.49862 21.4937
12.66819 12.66819 12.66819 0 0 0 0 0 0 13.21653 13.21653 13.21653 13.21653 13.21653 13.21653 13.21653 13.21653 13.21653 13.21653 12.57949 10.39306 8.175975 7.488243 16.19791 26.1951 27.70387 30.1073 33.35416 20.01409 18.6009 18.6009 18.6009 18.6009 18.6009 18.6009 18.6009 18.6009 18.6009 18.6009 18.6009 32.68544 33.73076 33.73076 34.76578 55.01014 53.1603 44.4238 33.28325 27.91816 27.91816 27.91816 27.91816 27.91816 2105.095 3478.85 4605.963 4506.363 3236.908 1919.54 319.4144 306.5511 377.169 376.4861 213.5096 21.4937 21.4937
12.66819 12.66819 12.66819 0 0 0 0 0 0 0 13.21653 13.21653 0 13.21653 13.10052 13.03722 13.04884 13.00416 12.17507 11.48819 11.48815 11.40708 22.44193 33.7131 33.7131 33.7131 33.7131 27.15307 18.6009 18.6009 18.6009 18.6009 18.6009 18.6009 26.40163 38.37982 44.36626 92.28496 107.2877 179.0664 193.8478 79.12376 33.86655 42.2247 62.19325 62.19325 62.19325 53.67147 27.91816 27.91817 27.91816 27.91816 27.91816 38.29817 45.95749 422.2251 2362.315 4605.963 4605.964 2647.878 511.7319 513.6567 513.6567 499.7405 138.4749 21.4937
12.66819 12.66819 12.66819 12.66819 0 0 0 0 0 0 0 0 11.48815 11.8109 11.49458 11.48815 11.48815 11.48815 11.48815 11.48815 11.48815 11.48815 12.44981 29.18977 33.7131 33.7131 33.24409 19.33619 18.6009 18.6009 18.6009 18.6009 21.16918 24.62863 49.7482 203.9259 259.3622 259.3621 259.3622 259.3621 259.3622 259.3621 126.8126 61.3098 62.19324 62.19324 62.19324 54.18806 27.91816 27.91816 27.91816 27.91816 27.91816 27.91816 35.31619 45.18483 49.24524 1803.385 4568.574 1756.06 513.6567 513.6567 513.6567 513.6567 428.3875 23.06065
12.66819 12.66819 12.66819 12.66819 12.66819 0 0 0 0 0 0 0 0 0 11.48815 11.48815 11.48815 11.48815 11.48815 11.48815 11.48815 11.48815 11.48815 23.01941 33.7131 33.7131 33.7131 27.57036 19.76085 18.6009 18.6009 18.6009 20.33064 26.48615 26.48615 29.42431 148.2119 258.4019 259.3621 259.3622 259.3621 259.3622 132.2228 62.19324 62.19324 62.19324 62.19324 53.67746 27.91816 27.91816 27.91816 27.91816 27.91816 27.91816 28.20819 38.38598 45.11495 365.9252 1466.913 513.6567 513.6567 513.6567 513.6567 513.6567 455.4009 44.98048
12.66819 12.66819 12.66819 12.66819 12.66819 12.66819 12.66819 0 0 0 0 0 0 0 20.80807 11.48815 11.48815 11.48815 11.48815 11.48815 11.48815 14.37944 26.07275 33.64466 33.7131 33.7131 33.7131 33.7131 30.51742 18.71365 18.82777 21.51147 25.35281 26.48615 26.48615 26.48615 26.48615 160.8474 259.3622 259.3622 259.3622 259.3622 122.429 62.19325 62.19324 62.19325 62.09526 32.32288 20.92138 27.44644 27.91816 27.91816 27.91816 27.91816 27.91816 27.91816 36.22184 206.9884 381.4939 303.6903 232.3191 184.6631 102.7304 92.3741 20.98703 14.90754
12.66819 12.66819 12.66819 12.66819 12.66819 12.66819 12.94781 45.16632 0 0 0 0 0 76.42984 72.4558 41.9106 24.4584 23.70768 22.42751 14.39611 21.49625 32.26326 33.7131 33.7131 33.7131 33.7131 33.7131 33.7131 33.7131 26.84805 25.96377 26.48615 26.48615 26.48615 26.48615 26.48615 26.48615 174.4012 259.3622 259.3621 259.3621 210.101 64.5183 62.19324 57.74401 45.73922 29.5339 12.46383 12.46383 13.62043 19.15963 25.21309 27.91816 27.91816 28.01875 30.13727 31.92367 32.13104 32.13105 32.13104 20.84233 14.90754 14.90754 14.90754 14.90754 14.90754
12.66819 12.66819 12.66819 12.66819 12.66819 12.66819 14.81888 23.38472 62.73932 76.42985 0 0 76.42984 76.42984 76.42985 76.42985 76.42984 76.42985 76.42986 65.1627 43.25858 36.51177 36.53201 36.67701 34.971 33.7131 33.7131 33.71412 35.99179 38.86913 27.08488 26.48615 26.48615 26.48615 26.48615 26.48615 26.48615 187.2353 259.3621 259.3621 256.8063 85.0046 59.95307 58.31252 15.75734 12.46383 12.46383 12.46383 12.46383 12.46383 12.46383 12.51998 17.56105 27.93601 31.35518 32.13104 32.13104 32.13104 32.13104 32.13105 32.08609 26.34105 16.89874 14.90754 14.90754 14.90754
12.66819 12.66819 12.66819 12.66819 12.66819 12.68966 17.07637 17.99444 22.51477 65.62897 76.42986 76.42985 76.42985 76.42985 76.42985 76.42985 76.42985 76.42985 76.42985 76.42985 76.42985 76.42985 76.42985 76.42985 75.53638 68.0841 67.03134 70.64171 76.42985 76.42985 52.44504 26.7104 26.48615 26.48615 26.48615 26.48615 27.53561 82.74886 160.3476 161.0379 144.5209 57.13163 61.43858 51.39772 12.46383 12.46383 12.46383 12.46383 12.46383 12.46383 12.46383 12.46383 15.58215 32.08547 32.13105 32.13105 32.13105 32.13105 32.13105 32.13105 32.13105 32.13105 27.69891 14.90754 14.90754 14.90754
12.66819 12.66819 12.66819 12.66819 12.66819 14.03335 17.99444 17.99444 17.99444 25.80371 71.66149 76.42985 76.42985 76.42985 76.42985 76.42985 76.42985 76.42984 76.42985 76.42984 76.42985 76.42984 76.42985 76.42985 76.42985 76.42984 76.42985 76.42985 76.42985 78.24879 100.9894 59.62014 27.9615 26.48615 26.48615 35.65425 52.23333 57.13163 57.13163 57.13162 57.13163 57.13163 58.29962 60.03678 46.08301 37.46411 12.46383 12.46383 12.46383 12.46383 12.46383 12.46383 15.99638 32.03797 32.13105 32.13105 32.13105 32.13105 32.13105 32.13105 32.13105 32.13105 31.05362 15.37938 14.90754 14.90754
12.66819 12.66819 12.66819 12.66819 12.66819 15.77792 17.99444 17.99444 17.99444 17.99444 36.5558 73.70242 76.42985 76.42984 76.42985 76.42984 76.42984 76.42985 76.42985 76.42984 76.42985 76.42984 76.42985 76.42984 76.42984 76.42986 76.42985 76.42984 84.76022 99.3423 102.2266 60.1471 50.85999 38.07491 38.76529 56.7455 70.35137 88.84696 89.35922 67.52721 57.13163 57.13163 57.13163 60.51006 100.6445 102.9083 30.91669 12.46383 12.46383 12.46383 12.46383 12.46383 15.12494 25.70941 28.33142 32.12848 32.13105 32.13105 32.13105 32.13105 32.13105 32.13105 32.13105 26.98763 17.29372 14.90754
