Scenarios/Heterogeneous/data/country_data_population_distribution/processed/density_grids/tur.asc
ncols 476
nrows 171
xllcorner 25
yllcorner 35
[rows 90 to 119 of 171, columns 330 to 395 of 476]
524.4728 524.4728 149.0712 22.55929 22.55929 22.55929 21.85337 15.53047 9.822577 9.467554 9.467555 9.432387 9.608924 12.77229 14.71286 17.0443 18.95232 15.88097 13.25213 13.06486 14.59872 17.43044 42.09288 77.33871 85.15495 84.87032 84.31486 86.76949 93.51495 93.51495 93.51495 93.51495 87.55399 59.64294 53.04136 53.04136 53.04136 53.04136 53.04136 53.04136 53.04136 63.14701 78.72614 78.72614 78.72614 76.42625 41.62631 35.0778 29.87557 28.5621 28.5621 28.7366 31.234 31.93664 38.83669 50.65062 50.66413 48.77586 39.54369 30.52341 24.00209 24.00209 24.00209 31.27179 35.05463 35.05463
524.4728 524.4728 445.2373 150.8977 22.55929 22.50537 22.14165 22.10263 20.37179 9.390375 8.678972 8.57095 8.620477 18.75508 21.32099 21.32099 21.32099 21.32099 21.32099 21.32099 21.32099 21.32099 46.76183 93.51496 93.51495 93.51496 93.51496 93.51496 93.51495 93.51496 93.51496 93.51496 93.51495 67.7563 52.98886 52.82381 52.71718 52.84422 53.04136 53.04136 53.04136 53.07451 60.34582 73.97007 78.72614 71.09985 28.5621 30.20152 55.52617 40.03207 36.52604 38.12271 39.03619 39.03619 39.07079 41.61781 46.88507 50.66413 50.66413 50.62044 33.81612 24.0021 24.0021 33.45252 35.05463 35.05463
524.4728 524.4728 524.4728 484.6288 155.4188 22.20611 22.10263 20.40981 11.45551 8.559632 8.559632 8.559632 8.559632 15.99816 21.32099 21.32099 21.32099 21.32099 21.32099 21.32099 21.32099 26.0112 49.89542 79.26071 93.51496 93.51496 93.51496 93.51496 93.51496 93.51496 93.51496 93.51496 93.51496 66.09486 52.39368 52.38869 52.3887 52.38909 52.65917 52.97921 52.98829 52.98608 61.55805 108.9014 112.817 109.2249 105.2508 108.4806 111.7617 70.29236 39.03619 39.03619 39.03619 39.03619 39.03619 39.03619 39.56263 50.51279 50.66413 50.66413 50.42109 38.59865 35.64557 36.98664 35.83058 35.80219
489.0989 524.4728 524.4729 345.0016 47.55494 22.10263 22.10263 14.70836 8.632722 8.559632 8.559632 8.559632 8.559632 20.10224 21.32099 21.32099 21.32099 21.32099 21.32099 21.32099 23.07843 42.23393 58.10012 68.37783 93.51495 93.51495 93.51495 93.51495 93.51495 93.51495 93.51495 93.51495 93.51495 61.45577 52.38869 52.38869 52.38869 52.38869 52.38869 52.38869 52.38869 52.3887 79.73668 129.6121 123.0553 116.0321 112.1358 113.5464 117.0127 75.56881 39.03619 39.03619 39.03619 39.03619 39.03619 41.37417 49.13792 50.66413 50.66413 50.66413 50.66413 50.66413 50.66413 47.14056 46.43005 46.43005
40.19802 145.1098 128.7354 23.07715 22.10263 22.10263 22.10263 22.10263 22.0247 21.91988 19.61852 18.22952 17.71697 22.34477 23.99248 23.65562 21.32099 24.17682 37.69423 47.00358 56.5445 58.10012 58.10012 60.85664 75.03486 91.64935 93.51495 93.51495 93.51495 93.51495 93.51495 93.51495 99.23699 346.0556 60.97882 52.38869 52.38869 52.3887 52.38869 52.38869 52.3887 80.57836 127.1414 129.6121 129.6121 129.6121 124.0818 128.7642 129.6121 122.8703 44.49489 39.7121 44.79082 46.52741 44.20911 49.66319 50.66413 50.66413 50.66413 50.66413 50.66413 50.66413 50.66413 48.04679 46.43005 46.43005
24.2221 22.10263 22.10263 22.10263 22.10263 22.10263 22.10263 22.10263 22.10263 22.10263 22.24684 24.0632 27.24447 27.61145 27.61145 28.00623 38.08024 54.54613 58.10013 58.10013 58.10013 58.10013 58.10013 58.10013 58.10013 82.03838 93.51495 93.51495 93.51495 93.51495 93.51495 93.51495 249.8082 607.9163 439.4607 101.5548 59.00388 168.6466 348.1941 370.9417 315.1455 127.9512 129.6122 129.6122 129.6122 129.6122 129.6122 129.6122 129.6122 129.6121 77.6666 50.15975 50.66413 50.66413 50.66413 50.66413 50.66413 50.66413 50.66413 50.66413 50.66413 50.66413 50.66413 47.9238 46.43005 46.43005
25.46038 23.60677 23.41425 23.43056 23.46771 23.28077 23.33658 24.46344 25.03919 26.17787 27.24732 27.61145 27.61145 27.61145 27.61145 39.58075 58.10013 58.10013 58.10013 58.10013 58.10013 58.10013 58.10013 58.10013 58.10013 59.62716 72.64205 89.17064 93.51496 93.51495 93.51495 130.1217 485.9281 574.6214 592.2608 607.9149 607.9163 607.9162 607.9163 607.9162 486.775 129.6121 129.6121 129.6121 129.6121 129.6121 129.6122 129.6121 129.6121 114.68 54.88224 50.66413 50.66413 50.66413 50.66413 50.66413 50.66413 50.66413 50.66413 50.66413 50.66413 50.66413 50.4989 46.69955 46.43005 46.43006
28.67046 28.67046 28.67046 28.67046 30.61729 29.52089 27.61145 27.61145 27.61145 27.61145 27.61145 27.61145 27.61145 27.61145 28.68017 53.04955 58.10013 58.10013 58.10013 58.10013 58.10013 58.10013 58.10013 58.10013 61.47908 78.93741 80.1229 83.69785 93.51495 93.51496 93.51495 416.7013 534.9146 534.9146 534.9146 575.6663 607.9162 607.9163 607.9163 607.9163 277.2798 129.6121 129.6122 129.6121 129.6121 129.5832 111.2124 86.92255 68.44256 56.57555 54.80547 51.00159 50.66413 50.66413 50.87855 50.98818 50.88726 50.66413 50.66413 50.66413 50.66413 50.66413 44.5283 38.33272 39.7179 42.08288
28.67046 28.67046 39.75768 74.02377 96.01809 34.76292 27.61145 27.61145 27.61145 27.61145 27.61145 27.61145 30.51857 37.43188 47.86074 55.30773 58.09871 58.10012 58.10013 58.10013 58.10013 58.10013 58.10013 58.10013 65.8307 93.51495 93.51495 93.51495 93.51495 93.51495 194.7465 533.9121 534.9145 534.9146 534.9146 538.6536 575.551 602.1362 607.9163 577.0037 133.3257 129.6121 129.6121 129.6121 129.6121 116.9178 56.21217 56.21217 56.21217 56.21217 56.21217 55.75914 51.44269 52.65408 56.16648 56.21217 56.20631 54.53093 52.25626 51.81242 51.41784 49.21202 35.79138 34.77568 34.77568 34.77568
37.82896 84.60983 101.589 101.7922 87.96648 27.64008 27.61145 27.61145 27.61145 27.61145 27.9092 45.15255 47.52319 47.6083 47.6083 47.6083 48.01595 48.0923 48.0481 48.26074 51.39368 57.17777 58.10012 58.10013 84.64463 93.51496 93.51496 93.51496 93.51496 105.7712 465.3209 534.9146 534.9146 534.9146 534.9146 534.9146 535.6921 595.215 575.7363 584.4489 129.6121 129.6122 129.6122 129.6122 129.6122 125.9731 67.90513 56.21217 56.21217 56.21217 56.21217 56.21217 56.1692 56.20893 56.21217 56.21217 56.21217 56.21217 56.21217 56.21217 56.21124 461.3548 464.8713 366.8674 80.08568 34.77568
89.66363 101.7921 101.7922 101.7921 81.3767 27.61145 27.61145 27.61145 27.61145 27.8431 39.48592 47.6083 47.6083 47.6083 47.6083 47.6083 47.6083 47.6083 47.6083 47.6083 47.6083 48.75664 55.59093 58.10013 82.79153 93.51495 93.51495 93.51495 93.51495 278.1276 534.9146 535.4835 582.3148 569.9557 538.859 595.8736 590.2594 864.7426 864.7426 607.3041 131.7671 129.6121 129.6121 129.6121 129.6121 129.6121 85.99762 56.21217 56.21217 56.21217 56.21217 56.21217 56.21217 56.21217 56.21217 56.21217 56.21217 56.21217 56.21217 56.21217 212.1564 976.1128 998.0888 970.5416 275.5012 34.77568
101.7922 101.7921 101.7922 101.7921 98.0629 66.49613 68.04208 59.48268 27.61145 34.40579 47.6083 47.6083 47.6083 47.6083 47.6083 47.6083 47.6083 47.6083 47.6083 47.6083 47.6083 47.6083 47.61737 51.14162 87.55366 93.51496 93.51496 93.51495 99.4765 464.9744 602.8294 838.3673 864.7426 837.2288 807.8732 864.7426 864.7426 864.7426 864.7426 627.8896 129.6121 129.6121 129.6121 129.6121 129.6121 124.655 59.7528 56.21217 56.21217 56.21217 56.21217 56.21217 56.21217 56.21217 56.21217 56.21217 56.21217 56.21217 56.21216 266.9236 856.7424 998.0889 998.0889 858.9199 35.00647 34.77568
101.7922 101.7922 101.7922 101.7922 101.7922 101.7922 101.7922 79.17723 27.61145 38.89957 47.6083 47.6083 47.6083 47.6083 47.6083 47.6083 47.6083 47.6083 47.6083 47.6083 47.6083 47.6083 47.6083 47.6083 50.54414 73.9935 91.30529 92.08228 422.6255 814.0029 848.1805 864.7426 864.7426 864.7426 843.269 833.3842 833.8849 835.4075 858.2225 644.3298 131.249 118.2337 86.84926 112.6562 119.031 80.40005 54.74893 56.21217 56.21217 56.21217 56.21217 56.21217 56.21217 56.21218 56.21217 56.21217 56.21217 56.21217 176.9242 995.2084 998.0889 998.0889 998.0889 998.0889 696.4365 352.549
101.7922 101.7922 101.7921 101.7921 101.7922 101.7922 101.7921 101.7144 65.62801 46.37749 47.6083 47.6083 47.6083 47.6083 47.6083 47.6083 47.6083 47.6083 47.6083 47.6083 47.6083 47.6083 47.6083 47.6083 47.6083 47.6083 47.6083 47.6083 238.8056 783.2006 699.3857 452.0501 271.791 179.3242 50.64785 49.45396 49.45396 49.45396 88.47449 244.8152 100.7896 50.41586 49.45396 49.45396 49.45396 49.45396 49.46622 52.39522 56.04461 56.21217 56.21217 56.21217 56.21217 56.21217 56.21217 56.21217 56.21217 56.21217 56.21217 342.3805 682.3207 989.9632 998.0889 998.0888 998.0889 998.0889
101.7921 101.7921 101.7921 101.7921 101.7921 101.7922 101.7921 101.7921 101.7922 54.08469 47.6083 47.6083 47.6083 47.6083 47.6083 47.6083 47.6083 47.6083 47.6083 47.6083 47.6083 47.6083 47.6083 47.6083 47.6083 47.6083 47.6083 47.6083 47.6083 63.1689 49.03163 49.45396 49.45396 49.45396 49.45396 49.45396 49.45396 49.45396 49.45396 49.45396 49.45396 49.45396 49.45396 49.45396 49.45396 49.45396 49.45396 42.62984 29.64432 41.48882 44.50552 52.35777 56.21217 56.21217 56.21217 56.21217 56.21217 56.21217 56.21217 55.72046 35.2355 217.8386 441.4411 676.295 907.6792 942.6907
101.7922 101.7921 101.7921 101.7921 101.7921 101.7921 100.9282 95.61409 51.42984 47.6083 47.6083 47.6083 47.6083 47.6083 47.6083 47.6083 47.6083 47.6083 47.6083 47.6083 47.6083 47.6083 47.6083 47.6083 47.6083 47.6083 47.6083 47.6083 47.6083 47.6083 48.20133 49.45396 49.45396 49.45396 49.45396 49.45396 49.45396 49.45396 49.45396 49.45396 49.45396 49.45396 49.45396 49.45396 49.45396 49.45396 48.35449 24.0355 22.22819 22.22819 22.22819 26.4164 43.91961 48.80576 47.44959 40.41322 38.96706 34.5942 29.88321 27.88371 23.64772 23.64772 23.64772 18.61644 14.17774 14.17774
101.7921 101.7922 101.7922 101.7921 101.7922 98.25576 38.04053 30.80191 42.4491 47.6083 47.6083 47.6083 47.6083 47.6083 47.6083 47.6083 47.6083 47.6083 47.6083 47.6083 47.6083 47.6083 47.6083 47.6083 47.6083 47.6083 47.6083 47.6083 47.6083 47.6083 48.19883 49.45396 49.45396 49.45396 49.45396 49.45396 49.45396 49.45396 49.45396 49.45396 49.45396 49.45396 49.45396 49.45396 49.45396 49.45396 45.81223 22.22819 22.22819 22.22819 22.22819 22.22819 22.22819 22.22819 22.22819 22.22819 22.22819 22.22819 22.22819 22.4734 23.56821 23.64772 23.64772 22.70189 19.5231 17.83159
84.81172 100.106 101.7921 101.7921 94.6774 75.91642 34.05282 30.76775 30.80341 32.28631 36.36032 37.37239 38.9375 46.52877 47.6083 47.6083 47.6083 47.6083 47.6083 47.6083 47.6083 47.6083 47.6083 47.6083 47.6083 47.6083 47.6083 47.6083 47.6083 47.6083 48.21729 49.45396 49.45396 49.45396 49.45396 49.45396 49.45396 49.45396 49.45396 49.45396 49.45396 49.45396 49.43586 46.91232 44.48237 44.50217 37.11822 22.64234 22.22819 22.22819 22.22819 22.22819 22.22819 22.22819 22.22819 22.22819 22.22819 22.22819 22.22819 22.22819 22.45464 23.49204 23.64771 23.64771 23.64772 23.64771
47.28116 42.00935 46.94993 31.51254 30.76775 30.76775 30.76775 30.76775 30.76775 30.76775 30.76775 30.76775 30.76775 33.07228 39.5444 39.80674 43.49734 47.6083 47.6083 47.6083 47.6083 47.6083 47.6083 47.6083 47.6083 47.6083 47.6083 47.6083 47.6083 47.6083 48.14507 49.45396 49.45396 49.45396 49.45396 49.39259 48.54593 49.44706 49.45396 49.45396 49.45396 47.71034 42.54971 40.62307 40.62307 40.62307 40.62307 36.51466 25.36002 22.22819 22.22819 22.22819 22.22819 22.22819 22.22819 22.22819 22.22819 22.22819 22.22819 22.22819 22.22819 22.63979 23.64668 23.64771 23.64771 23.64772
30.76775 30.76775 30.76775 30.76775 30.76775 30.76775 30.76775 30.76775 30.76775 30.76775 30.76775 30.76775 30.76775 30.76775 30.76775 30.76775 31.33291 47.6083 47.6083 47.6083 47.6083 47.6083 47.6083 47.6083 47.6083 47.6083 47.6083 47.6083 47.6083 47.6083 47.63861 46.92508 46.81187 46.85701 46.18941 42.54084 41.38745 41.94843 42.72844 44.16819 43.78141 40.88502 40.62307 40.62307 40.62307 40.62307 40.62307 40.62307 40.52042 29.00968 22.22819 22.22819 22.22819 22.22819 22.22819 22.22819 22.22819 22.22819 22.22819 22.22819 22.22819 22.22819 36.05746 38.95781 38.73695 38.65481
31.42386 31.05259 30.77904 30.76775 30.76775 30.76775 30.76775 30.76775 30.76775 30.76775 30.76775 30.76775 30.76775 30.76775 30.76775 30.76775 35.88323 47.6083 47.6083 47.6083 47.6083 47.6083 47.6083 47.6083 47.6083 47.6083 47.6083 50.45873 55.1709 55.49483 56.21218 50.09893 41.38744 41.38744 41.38744 41.38744 41.38744 41.27267 40.72772 40.62307 40.62307 40.62307 40.62307 40.62307 40.62307 40.62307 40.62307 40.62307 40.62307 38.2404 22.51903 22.22819 22.22819 22.22819 22.22819 22.22819 22.22819 22.22819 22.22819 22.24941 29.57464 56.27879 73.24998 73.25013 73.25012 73.25013
31.6145 31.6145 31.48968 30.81577 30.76775 30.76775 30.76775 30.76775 30.76775 30.76775 30.76775 30.76775 30.76775 30.76775 30.76775 33.8222 46.79649 47.6083 47.6083 47.6083 47.6083 47.6083 47.6083 47.6083 47.6083 47.6083 52.92814 63.45644 63.59348 63.59348 63.59348 61.4936 42.05016 41.38744 41.38744 41.38744 41.38744 41.35251 40.72868 40.62307 40.62307 40.62307 40.62307 40.62307 40.62307 40.62306 40.62307 40.76733 46.72151 64.74953 113.9925 114.5897 114.6964 113.2044 95.03453 69.00703 28.14504 30.44391 30.69436 33.33603 36.66351 63.74152 73.24203 73.25013 73.25013 73.25014
31.6145 31.6145 31.6145 31.24213 30.76775 30.76775 30.76775 30.76775 30.76775 30.76775 30.76775 30.76775 30.76775 30.76775 37.28647 47.0892 47.6083 47.6083 47.6083 47.6083 47.6083 47.6083 47.6083 47.6083 47.6083 52.46275 63.3222 63.59348 63.59348 63.59348 63.59348 63.59348 49.24978 41.38745 41.38744 41.38744 41.38745 41.38745 41.23835 41.03289 41.02796 40.79626 40.62307 40.62307 40.62307 40.62307 40.62307 90.14069 122.4815 122.4815 122.4815 122.4815 122.4815 122.4815 128.9411 154.2909 91.03662 35.46289 35.46289 35.46289 35.46289 35.46289 42.33196 62.50738 73.25014 73.25014
31.6145 31.6145 31.6145 126.8025 209.858 198.5918 177.1624 131.5333 66.45934 30.76775 30.76775 30.76775 30.76775 93.59255 216.7677 60.6645 47.6083 47.6083 47.6083 47.6083 47.6083 47.6083 47.6083 47.6083 47.6083 59.76429 63.59348 63.59348 63.59348 63.59349 63.59348 63.59349 59.88985 41.98048 41.38744 41.38745 41.38744 41.38744 41.38745 41.38745 41.38744 41.34497 40.6827 40.62307 40.62307 40.62307 40.62307 60.72881 117.4541 122.4815 122.4814 122.4815 122.4814 122.4815 178.0396 225.6088 221.1324 72.55466 35.46289 35.46289 35.46289 35.46289 35.46289 36.39396 64.34403 73.25012
31.6145 31.6145 60.02062 252.9716 264.8761 264.8761 264.8761 264.8761 262.7703 189.016 176.3545 225.7194 238.0113 264.1157 264.8761 107.4221 49.54772 47.6083 47.6083 47.6083 47.6083 47.6083 47.6083 47.99643 55.70088 63.53432 63.59348 63.59348 63.59348 63.59348 63.59348 63.59348 63.59348 52.52412 41.38744 41.38744 41.38744 41.38744 41.38744 41.38744 41.38744 41.38744 41.25161 40.94806 40.73117 51.78194 83.48462 102.8391 126.6099 138.8384 138.9107 131.0933 122.4815 122.4815 126.0617 139.8456 126.7782 85.65353 35.46289 35.46289 37.10078 68.00108 53.67556 59.20215 59.03164 69.95616
31.6145 31.6145 189.2474 264.8761 264.8761 264.8761 264.8761 264.8761 264.8761 264.8761 264.8761 264.8761 264.8761 264.8761 264.8761 264.8761 247.9776 69.1207 47.6083 47.6083 47.6083 47.6083 47.6083 55.49763 63.59348 63.59348 63.59347 63.59348 63.59348 63.59348 63.59348 63.59348 63.59348 63.04623 45.13153 41.38744 41.38745 41.38745 41.38745 41.38745 41.38744 41.38745 41.38745 41.38745 41.37887 139.9441 151.1598 151.1598 151.1598 151.1598 151.1598 150.6265 129.9243 122.4815 122.4815 122.4815 122.4815 119.9139 77.35844 49.03532 44.00615 80.46291 80.46291 80.46291 80.46291 79.85648
31.6145 31.6145 221.9861 264.8761 264.8761 264.8761 264.8761 264.8761 264.8761 264.8761 264.8761 264.8761 264.8761 264.8761 264.8761 264.8761 264.8761 155.181 47.6083 47.6083 47.6083 47.6083 47.6083 53.9645 63.59348 63.59348 63.59348 63.59348 63.59348 63.59348 63.59348 63.59348 63.59348 63.59348 58.70527 41.56553 41.38744 41.38744 41.38744 41.38744 41.38744 41.38744 41.38744 41.38744 41.38744 122.0323 151.1598 151.1598 151.1598 151.1598 151.1598 151.1598 149.073 127.2267 122.4815 122.4815 122.4815 122.4815 122.4815 122.4815 113.1346 82.76094 80.46291 80.46291 80.46291 80.46291
31.6145 41.74491 245.3325 264.8761 264.8761 264.8761 264.8761 264.8761 264.8761 264.8761 264.8761 264.8761 264.8761 264.8761 264.8761 264.8761 264.8761 222.9991 48.45662 47.6083 47.6083 48.15347 57.42411 63.56015 63.59348 63.59348 63.59348 63.59348 63.59348 63.59348 63.59348 63.59348 63.59348 63.59348 63.59348 50.78302 41.38744 41.38744 41.38744 41.38744 41.38744 41.38744 41.38744 41.38744 64.18686 149.4216 151.1598 151.1598 151.1598 151.1598 151.1598 151.1598 151.1598 141.9159 122.4815 122.4815 122.4815 122.4815 122.4815 122.4815 122.4815 111.2404 81.65981 80.46291 80.46291 80.46291
133.8726 219.0607 264.8761 264.8761 264.8761 264.8761 264.8761 264.8761 264.8761 264.8761 264.8761 264.8761 264.8761 264.8761 264.8761 264.8761 264.8761 264.8761 213.9845 194.1215 166.573 59.95694 63.59348 63.59348 63.59348 63.59348 63.59348 63.59348 63.59348 63.59348 63.59348 63.59348 63.59348 63.59348 63.59348 60.82801 42.12781 41.38744 41.38744 41.38744 41.38744 41.38744 43.79732 95.53099 144.4401 151.1598 151.1598 151.1598 151.1598 151.1598 151.1598 151.1598 151.1598 149.8831 124.1498 122.4815 122.4815 122.4815 122.4815 122.4815 122.4815 122.4815 113.7722 84.79396 80.46291 80.46291
264.8761 264.8761 264.8761 264.8761 264.8761 264.8761 264.8761 264.8761 264.8761 264.8761 264.8761 264.8761 264.8761 264.8761 264.8761 264.8761 264.8761 264.8761 264.8761 264.8761 248.6615 63.59348 63.59348 63.59348 63.59348 63.59348 63.59348 63.59348 63.59348 63.59348 63.59348 63.59348 63.59348 63.59348 63.59348 63.59348 53.19655 50.84326 69.86771 72.20541 93.26284 104.3993 136.8278 151.1598 151.1598 151.1598 151.1598 151.1598 151.1598 151.1598 151.1598 151.1598 151.1598 151.1598 138.7202 122.1759 121.6891 122.4815 122.4814 122.4815 122.4814 122.4815 122.4814 111.3586 80.56979 80.46291
