Scenarios/Heterogeneous/data/country_data_population_distribution/processed/density_grids/tur.asc
ncols 476
nrows 171
xllcorner 25
yllcorner 35
[rows 30 to 59 of 171, columns 264 to 329 of 476]
66.71942 74.86306 76.99185 77.93551 56.96575 40.92071 24.32053 18.31879 18.1669 18.1669 18.1669 18.1669 18.1669 18.1669 51.87614 74.61492 76.23974 76.9 76.9 76.9 62.18467 27.21849 24.45092 23.37807 23.37807 23.37807 23.37807 23.37807 23.37807 23.37807 23.37807 23.37807 36.58601 67.91087 67.91087 67.91087 75.30389 116.3925 131.6145 236.9954 138.3649 85.66722 71.37428 55.2673 39.52947 39.29974 39.29974 39.29974 285.4486 383.0515 257.6943 339.2607 397.87 308.3162 63.61774 63.61774 73.57436 95.85896 95.85896 196.1396 447.8062 452.4573 451.8856 316.7967 134.6645 77.90694
76.44273 76.44273 81.82067 86.87947 86.87947 86.61537 37.17452 18.1669 18.1669 18.1669 18.1669 18.1669 18.1669 18.1669 64.39218 76.9 76.9 76.9 76.9 76.9 60.83577 30.56577 23.37807 23.37807 23.37807 23.37807 23.37807 23.37807 23.37807 23.37807 23.37807 23.37807 45.72047 67.91087 67.91086 72.8471 119.6453 128.8145 128.8145 211.8268 96.97665 57.40026 56.89029 55.27517 40.27475 39.29974 39.29974 39.29974 39.22944 23.49765 20.17066 20.17066 22.27111 58.17551 66.21648 83.87717 92.89603 95.85896 98.24252 442.1316 452.4572 452.4573 452.4572 389.1582 119.7113 77.90694
79.05389 81.78801 86.50765 86.87947 86.87947 86.87947 53.72111 18.1669 18.1669 18.1669 18.1669 18.1669 18.1669 18.1669 24.82755 76.45903 76.90001 76.9 76.90001 76.9 76.90001 76.70542 63.37434 42.48983 25.24278 23.37807 23.37807 23.37807 23.37807 23.37807 23.37807 24.52718 66.43038 67.91087 69.8317 113.8207 128.8145 127.4877 120.5916 112.204 91.04581 63.05901 51.89611 51.6629 50.23174 41.53272 39.29974 39.29974 39.29974 29.46254 20.17066 20.17066 44.81034 83.58728 94.90929 95.85896 95.85896 95.85896 99.71958 452.4572 452.4572 452.4473 282.5565 42.89147 68.73714 77.90695
86.87947 86.87947 86.87947 86.87947 86.87947 86.87947 68.12365 18.1669 18.1669 18.1669 18.1669 18.1669 18.1669 18.1669 18.1669 63.97873 76.90001 76.90001 76.90001 76.90001 76.90001 76.90001 76.90001 76.90001 75.74786 67.92759 40.90579 23.53 23.37807 23.37807 23.37807 24.22734 64.237 67.91087 106.1289 128.8145 117.727 82.13517 82.34876 91.68317 93.31867 62.51385 46.23745 46.23745 46.23745 46.23736 44.92725 42.63538 19.06357 9.40129 16.44005 20.17066 58.57087 95.85896 95.85896 95.85896 95.85896 95.85896 98.48338 444.4171 439.6635 210.879 20.45194 20.45194 21.15913 25.79187
86.87946 86.87946 86.87946 86.87946 86.87946 86.87946 78.15312 23.19977 18.1669 18.1669 18.1669 18.1669 18.1669 18.1669 18.1669 68.38596 76.90001 76.90001 76.90001 76.9 76.90001 76.90001 76.90001 76.06217 65.65831 51.29951 50.05065 46.73143 43.72439 38.29746 38.41949 44.07103 50.06017 57.24136 105.8876 100.4885 68.67751 64.95688 64.95688 64.95688 64.95688 52.5262 46.23745 46.23744 46.23744 46.23744 45.49186 21.88991 4.984028 4.984028 11.58417 20.17066 21.90812 75.73643 95.85896 95.85896 95.85896 95.85896 95.85896 100.8335 62.19265 20.45194 20.45194 20.45194 20.45194 20.45194
86.87946 86.87948 86.87946 86.87946 86.87946 86.87948 86.87946 78.67586 43.26399 18.47582 18.1669 18.1669 18.1669 18.1669 31.04301 76.87593 76.9 76.90001 76.9 76.9 76.9 76.9 76.73685 57.42191 50.05065 50.05065 50.05065 50.05065 50.05065 50.05065 50.05065 50.05066 50.05065 50.05065 50.05066 55.44999 63.24727 64.95688 64.95689 64.95688 64.95689 51.7592 46.23745 46.23744 46.23745 39.91066 14.71992 4.984028 4.984028 4.984028 15.15078 20.17066 20.17066 25.38248 83.34254 95.85896 95.85896 95.85896 85.90179 20.57317 20.45194 20.45194 20.45194 20.45194 20.45194 19.684
86.87946 86.87947 86.87946 86.87946 86.87946 86.87946 86.87946 86.87946 86.87946 57.81937 18.18601 18.1669 18.1669 30.69094 72.214 76.90001 76.9 76.90001 76.9 76.90001 76.9 75.54469 56.9209 50.05066 50.05065 50.05065 50.05065 50.05065 50.05065 46.08862 39.10165 31.87109 16.84718 21.39394 20.55354 12.58372 17.52692 47.80407 64.77388 64.95689 64.61352 46.66708 46.23745 45.77552 24.75696 5.301447 4.984028 4.984028 4.984028 4.984028 11.09064 19.07231 18.70301 14.72737 24.28583 95.70216 95.85896 81.16683 27.0478 20.45194 20.45194 20.45194 20.45194 20.45194 20.45194 17.54217
86.87946 86.87947 86.87946 86.87948 86.87948 86.87947 86.87948 86.87947 86.87946 86.87946 61.20321 20.69297 30.60628 52.98396 74.86076 76.9 76.9 76.90001 76.90001 76.90001 76.9 63.7901 50.05065 50.05066 50.05065 50.05066 50.05065 50.05066 49.3256 18.07397 14.63671 14.21032 13.04459 12.11766 11.65647 11.65647 11.65647 11.65647 22.44109 39.03456 40.37145 30.37964 33.47789 15.84619 4.984029 4.984028 4.984029 4.984029 4.984028 4.984028 4.984029 4.984028 4.984029 4.984028 4.984028 63.53157 56.11752 26.19694 20.45194 20.45194 20.45194 20.45194 20.45194 20.37751 19.67927 16.98531
84.54822 83.27138 83.71701 86.66773 86.87946 86.87946 86.87946 86.87946 86.87946 86.87946 84.61431 58.80234 50.87032 51.6338 68.95986 76.9 77.96384 79.6638 82.04643 90.74811 98.98127 87.30939 67.46167 53.07977 50.05065 50.05066 50.05066 50.05065 40.49863 14.63671 14.17394 13.56236 13.5999 12.46997 11.65647 11.65647 11.65647 11.65647 11.65647 11.65647 11.65647 11.65647 11.02374 5.162851 4.984029 4.984028 4.984029 4.984028 4.984028 4.984028 4.984029 4.984028 4.984029 4.984028 4.984028 7.62549 13.56513 18.89537 20.45194 20.45194 20.45194 20.45194 20.45194 12.85975 7.15575 5.818468
52.04004 51.6338 51.63379 56.20689 75.89567 86.8339 86.87946 86.87946 86.60757 71.56258 54.26357 51.63379 51.63379 51.63379 68.15149 99.78828 110.3417 111.5955 111.5955 111.5955 111.5955 111.5955 111.5955 110.4058 89.70948 54.17664 50.05065 50.05065 34.37289 14.63671 14.30426 13.05722 12.0945 11.65647 11.65647 11.65647 11.65647 11.65647 11.65647 11.65647 11.65647 11.65647 11.65647 6.705394 4.984028 4.984028 4.984028 4.984028 4.984028 4.984028 4.984029 4.984028 4.984028 4.984028 5.320033 5.860959 6.715749 7.474284 12.29429 16.83915 17.70403 17.77695 14.81507 6.920307 6.916494 5.357869
51.63379 51.6338 51.63379 51.63379 51.6338 53.13803 60.34513 62.64834 55.97252 51.63379 51.63379 51.63379 51.63379 51.63379 86.20355 111.5955 111.5955 111.5955 111.5955 111.5955 111.5955 111.5955 111.5955 111.5955 111.5955 103.0081 49.57639 50.05065 45.2179 36.821 26.33477 16.88819 14.36579 11.6748 11.65647 11.65647 11.65647 11.65647 11.65647 11.65647 11.65647 11.65647 10.40929 6.579545 4.984029 4.984028 4.984028 4.984028 4.984028 4.984028 4.984028 4.984028 5.008879 5.521063 5.887515 8.66035 11.03112 6.916494 6.916494 6.916494 6.916494 6.916495 6.916494 6.916494 6.916494 6.916494
41.38022 50.21492 51.63379 51.63379 51.63379 51.63379 51.63379 51.63379 51.63379 51.63379 51.63379 51.63379 51.63379 69.47158 111.4014 111.5955 111.5955 111.5955 111.5955 111.5955 111.5955 111.5955 111.5955 106.7077 62.95784 54.57592 21.68466 29.97567 33.89495 40.598 49.49671 40.41399 12.3891 11.65647 11.65647 11.65647 11.65647 11.65647 11.65647 11.65647 11.65647 11.65647 6.308222 5.887618 5.271111 4.984029 4.984029 4.984029 4.987481 5.329487 5.526003 5.704912 5.804332 5.887638 7.698298 18.09751 16.9838 6.95565 6.916495 6.916495 6.916495 6.916495 6.916495 6.916495 6.916495 6.916495
25.93979 26.95695 36.54408 48.85869 51.6338 51.63379 51.6338 51.63379 51.6338 51.6338 51.6338 51.63379 51.6338 90.95498 111.5955 111.5955 111.5955 111.5955 111.5955 111.5955 111.5955 111.5955 111.5955 77.20621 20.46801 20.46801 20.46801 20.46801 20.46801 20.46801 21.51874 12.3701 11.65647 11.65647 11.65647 11.65647 11.65647 11.65647 11.65647 11.65647 11.65647 11.25475 5.994091 5.887638 5.791572 5.106791 4.984987 5.123718 5.600281 5.887638 5.887638 5.887638 5.887638 5.967429 15.37833 18.57127 18.57127 9.132328 6.916495 6.916495 6.916495 6.916495 6.916495 6.916495 6.916495 6.916495
25.93979 25.93979 25.93979 26.20061 28.30945 36.94799 51.6338 51.6338 51.6338 51.6338 51.6338 51.6338 51.6338 99.28895 111.5955 111.5955 111.5955 111.5955 111.5955 111.5955 111.5955 111.5955 108.8992 35.17636 20.46801 20.46801 20.46801 20.46801 20.46801 20.46801 19.7251 14.42235 14.44806 14.04689 11.72246 11.65647 11.65647 11.65647 11.65647 11.65647 11.65647 7.879604 5.887638 5.887638 5.887638 5.879692 5.809917 5.887638 5.887638 5.887638 5.887638 5.887638 5.887638 9.889733 18.57127 18.57127 18.57127 12.67843 6.916495 6.916495 6.916495 6.916495 6.916495 6.916495 6.916495 6.916495
25.93979 25.93979 25.93979 25.93979 25.93979 26.27604 51.63379 51.64097 51.91807 52.11196 52.09957 51.94312 52.18766 85.65955 111.5955 111.5955 111.5955 111.5955 111.5955 111.5955 111.5955 111.5955 76.70097 20.46801 20.46801 20.46801 20.46801 20.46801 20.46801 20.46801 20.46801 20.46801 20.46801 20.46801 18.33575 15.09015 13.46619 12.30772 11.65647 11.6439 10.07024 7.354176 5.92118 5.887638 5.887638 5.887638 5.887638 5.887638 5.887638 5.887638 5.887638 5.887638 7.535798 11.82612 18.57127 18.57127 18.57127 14.48428 6.916494 6.916495 6.916494 6.916495 6.916494 6.916495 6.916494 6.916494
25.93979 25.93979 25.93979 25.93979 25.93979 26.43056 51.61407 52.08351 52.59439 52.59439 52.59439 52.59439 52.59439 73.20547 111.5955 111.5955 111.5955 111.5955 111.5955 111.5955 111.5955 111.5955 63.81714 19.43114 19.55201 20.43704 20.46801 20.46801 19.93497 15.02355 17.44508 20.46801 20.46801 20.46801 20.46801 20.46801 20.46801 20.37854 19.16906 8.876971 6.972838 6.972837 6.753237 5.943626 5.887638 5.887638 5.887638 5.887638 5.887638 5.887638 5.887638 5.887638 6.577426 17.61547 18.57127 18.57127 18.57127 17.3331 6.916494 6.916494 6.916495 6.916494 6.916495 6.916494 6.916495 6.916494
25.93979 25.93979 25.93979 25.93979 25.93979 25.93979 33.60817 36.61716 33.71291 39.38378 45.83878 52.33392 45.88419 40.27248 111.5955 111.5955 111.5955 111.5955 111.5955 111.5955 111.5955 83.70775 13.45599 9.110613 9.110613 10.26553 12.45186 11.62272 3.310884 1.821383 1.850646 6.270321 10.51326 11.63655 15.41725 16.4271 19.97896 20.46801 16.88088 6.972838 6.972837 6.972838 6.972837 6.373191 5.998058 5.997512 5.937764 5.887638 5.887638 5.887638 5.887638 5.887638 9.128803 18.00303 18.57127 18.57127 18.57127 18.405 12.29516 7.241814 6.916494 6.916495 6.916495 6.916495 6.916495 6.916495
25.93979 25.93979 25.93979 25.93979 25.93979 25.93979 25.93979 23.43731 18.06114 18.06115 18.06114 18.30779 18.06115 18.06238 82.09911 111.5955 111.5955 111.5955 111.5955 111.5955 100.5425 12.71201 9.110614 9.110613 9.110614 9.110613 9.110614 8.606325 3.174618 1.821383 1.821383 1.821383 1.821383 1.821383 1.821383 1.821383 2.127772 5.062556 5.469937 4.398739 4.928905 5.677442 5.725585 5.476923 6.349045 6.349045 6.34817 6.277782 6.063151 5.88772 5.887638 10.81375 18.41709 18.57127 18.57127 18.57127 18.57127 18.57127 15.42781 8.899525 7.624679 6.96248 6.916494 6.916495 6.916495 6.809797
25.93979 25.80869 25.91419 25.93979 25.93979 25.93979 25.85681 19.8983 18.06115 18.06115 18.06115 18.06115 18.06115 18.06115 68.01042 111.5955 111.5955 111.5955 111.5955 111.5955 107.1742 13.56315 9.110613 9.110614 9.110614 9.110614 9.110614 11.38948 81.35886 12.81294 1.821383 1.821383 1.821383 1.821383 1.821383 1.821383 1.821383 1.821383 1.821383 1.821383 1.821383 1.821383 2.544353 5.475937 6.349045 6.349045 6.349045 6.349045 6.349045 6.209737 7.334791 18.08125 18.57127 18.57127 18.57127 18.57127 18.57127 14.63234 8.653909 8.620625 8.620625 8.423553 7.757186 7.558053 6.279726 6.095714
22.72973 22.08872 22.88502 26.09403 27.35139 27.96581 28.46091 22.86131 23.31026 25.33879 25.23464 25.22037 29.24003 52.85444 109.4993 111.5955 111.5955 111.5955 111.5955 111.5955 80.82312 9.184753 9.110614 9.110614 9.110614 9.110613 9.110614 94.66705 153.8879 133.3828 15.22164 1.821383 1.821383 1.821383 1.821383 1.821383 1.821383 1.821383 1.821383 1.821383 1.821383 3.575326 6.318386 6.349045 6.349045 6.349045 6.349045 6.349045 6.349045 6.349045 7.82867 18.1483 18.57127 18.57127 18.57127 18.57127 17.04057 9.370957 8.620624 8.620625 8.620625 8.620625 8.620624 8.166929 6.06123 5.95438
22.08385 22.08385 22.08385 27.75488 28.60371 28.60371 28.60371 28.60371 36.14491 56.24098 56.76405 56.76405 56.76405 95.92136 111.5955 111.5955 111.5955 111.5955 111.5618 90.10632 19.88757 9.110613 9.110614 9.110613 9.110613 9.928281 64.81735 153.711 153.8879 153.8879 130.0143 9.400773 1.821383 1.821383 1.821383 1.821383 1.821383 1.821383 1.821383 1.821383 1.948693 6.084116 6.349045 6.349045 6.349045 6.349045 6.349045 6.349045 6.349045 6.349045 6.349045 13.29412 18.57127 16.95136 12.51235 18.57127 18.02112 13.31534 8.620625 8.620625 8.620625 8.620625 8.620625 7.472085 5.95438 5.95438
22.08384 22.08384 22.08384 27.09421 28.60371 28.60371 28.60371 28.60371 27.17911 33.81418 48.60445 56.67374 56.76405 76.01033 111.4825 102.9889 76.6725 50.51976 24.28112 9.110614 9.110613 9.110612 9.110613 9.110613 12.24931 120.4824 153.8879 153.8879 153.8879 153.8879 144.7069 11.34133 1.821383 1.821383 1.821383 1.821383 1.821383 1.821383 1.821383 1.821383 2.153506 6.349045 6.349044 6.349044 6.349045 6.349044 6.349045 6.349045 6.349044 6.349044 6.349045 7.28299 13.09772 4.793252 3.412634 14.75066 18.57127 17.78835 8.007021 8.546824 8.620625 8.620625 7.993512 5.893306 5.844778 5.95438
22.08385 22.08384 22.08385 18.2406 15.32995 15.46436 15.19026 11.60209 9.297895 9.110613 9.110613 10.62706 11.60632 11.50065 23.49136 11.10197 9.110613 9.110613 9.110613 9.110614 9.110613 9.110613 9.110614 9.110614 48.79021 153.8879 153.8879 153.8879 153.8879 153.8879 153.8879 137.508 23.61292 1.821383 1.821383 1.821383 1.821383 1.821383 1.821383 1.821383 2.156278 6.349045 6.349044 6.349044 6.349044 6.349044 6.349044 6.349044 6.349045 6.349044 6.349045 5.284153 3.421106 3.375022 3.375022 3.630321 6.514308 5.316874 3.375023 3.90971 5.864702 7.179153 4.583609 4.424064 4.441873 4.55723
23.62788 24.69689 25.85219 16.24541 9.258011 9.110613 9.110614 9.110613 9.110614 9.110614 9.110614 9.110613 9.110614 9.110613 9.110614 9.110614 9.110614 9.110613 9.110614 9.110613 9.110614 9.110613 9.110614 9.110613 87.03857 153.8879 153.8879 153.8879 153.8879 153.8879 153.8879 153.8879 117.0637 1.821383 1.821383 1.821383 1.821383 1.821383 1.821383 1.821383 1.904227 5.937217 6.349045 6.349045 6.349045 6.349045 6.349045 6.349045 6.349045 6.349045 6.349045 5.18563 3.375023 3.375023 3.375023 3.375023 3.375023 3.375023 3.375023 3.375023 3.375023 4.169634 4.424064 4.424064 4.424064 4.424064
26.6455 26.6455 26.6455 26.6455 23.5886 11.03722 9.110613 9.110613 9.110613 9.110613 9.110613 9.110613 9.110613 9.110613 9.110613 9.110613 9.110613 9.110613 9.110613 9.110613 9.110613 9.110613 9.110614 9.110613 87.33952 153.8879 153.8879 153.8879 153.8879 153.8879 153.8879 153.8879 137.9849 1.98761 1.821383 1.821383 1.821383 1.821383 1.821383 1.821383 1.821383 5.062952 6.349045 6.349045 6.349044 6.349045 6.349044 6.349045 6.349045 6.349045 6.349044 5.577787 3.375022 3.375023 3.375023 3.375023 3.375022 3.375023 3.375022 3.375023 3.554545 4.423799 4.383097 4.275897 4.105739 4.396084
26.6455 26.6455 26.6455 26.6455 26.6455 16.29976 9.110614 9.110614 9.110614 9.110614 9.110614 9.110614 9.110614 9.110614 9.110614 9.110614 9.110614 9.110614 9.110614 9.110614 9.110614 9.110614 9.110614 18.51739 114.3275 153.8879 153.8879 153.8879 153.8879 153.8879 153.8879 153.8879 58.16882 1.821383 1.821383 1.821383 1.821383 1.821383 1.821383 1.821383 1.821383 4.733875 6.349045 6.349045 6.349045 6.349045 6.349045 6.349045 6.349045 6.349045 6.349045 5.754717 3.375519 3.375023 3.375023 3.375023 3.375023 3.375023 3.375023 3.375023 3.37686 3.531909 3.411052 3.381861 3.519 4.280684
26.6455 26.6455 26.6455 26.6455 26.6455 24.52205 14.26661 9.110614 9.110614 9.110614 9.110614 9.110614 9.110614 9.110613 9.110614 9.110614 9.110614 9.110613 9.110614 9.110614 9.110614 9.110614 20.81369 134.1923 153.8879 153.8879 153.8879 153.8879 153.8879 153.8879 153.8879 153.8879 96.65175 13.71375 1.821383 1.821383 1.821383 1.821383 1.821383 1.821383 1.821383 2.041539 4.152142 5.891351 6.349045 6.349045 6.349045 6.349045 6.349045 6.349045 6.349045 6.349045 4.36367 3.375023 3.375022 3.375023 3.375022 3.375022 3.375022 3.375022 3.375022 3.375023 3.789668 4.420674 4.424064 4.424064
26.6455 26.6455 26.6455 26.6455 26.6455 26.6455 26.5368 9.796659 9.110614 9.110614 9.110614 9.110613 9.110614 9.110613 9.110614 9.110614 9.110614 9.110613 9.110614 9.110613 9.110614 9.110613 71.98676 153.8879 153.8879 153.8879 153.8879 153.8879 153.8879 153.8879 153.8879 153.8879 153.8879 150.0668 104.2288 23.57668 1.821383 1.821383 1.821383 1.821383 1.821383 1.821383 1.821383 2.387089 6.346432 6.349045 6.349044 6.349044 6.349045 6.349044 6.349044 6.349045 5.740853 3.375022 3.375022 3.375022 3.375022 3.375022 3.375022 3.375022 3.375022 3.589698 4.005129 4.049186 4.056935 4.137188
26.6455 26.6455 26.6455 26.6455 26.6455 26.6455 26.54072 15.32525 10.92827 10.79712 9.33182 9.110614 9.110613 9.110614 9.110613 9.110613 9.110613 9.110614 9.110613 9.110614 22.041 46.83533 115.3748 153.8879 153.8879 153.8879 153.8879 153.8879 153.8879 153.8879 153.8879 153.8879 153.8879 153.8879 153.8879 138.8376 12.14196 1.821383 1.821383 1.821383 1.821383 1.821383 1.821383 3.207759 6.151696 6.349045 6.349045 6.349045 6.349045 6.349045 6.349045 6.349045 6.346178 5.761682 4.268575 3.375023 3.375023 3.375022 3.375023 3.375022 3.459076 3.969907 4.003027 4.003026 4.003027 4.003026
26.6455 26.6455 26.6455 26.6455 26.6455 26.6455 26.6455 18.44334 16.35174 16.35174 15.74571 11.65396 10.07083 9.556958 9.110613 9.110613 9.110613 12.58765 84.34933 141.5629 153.4947 153.8879 153.8879 153.8879 153.8879 153.8879 153.8879 153.8879 153.8879 153.8879 153.8879 153.8879 153.8879 153.8879 153.8879 153.8879 94.42214 1.821383 1.821383 1.821383 1.821383 1.821383 1.821383 1.821383 3.136899 6.349045 6.349045 6.349045 6.349045 6.349045 6.349045 6.349045 6.349045 6.349045 5.405736 3.43724 3.589011 3.718505 3.845123 3.804976 3.720769 4.003027 4.003027 4.003027 4.003027 4.003027
