Scenarios/Heterogeneous/data/country_data_population_distribution/processed/density_grids/tur.asc
ncols 476
nrows 171
xllcorner 25
yllcorner 35
[rows 60 to 89 of 171, columns 396 to 461 of 476]
12.72274 12.72274 12.72274 12.72274 12.72274 12.72274 12.72274 12.72274 12.72274 12.72274 12.70557 12.03436 11.87968 11.87968 11.87968 11.87968 11.87968 11.87968 11.87968 11.87968 11.87968 11.87968 11.87968 11.87968 11.87968 11.87968 11.87968 11.87968 17.22219 22.84494 22.84494 22.84494 22.84494 22.84494 22.84494 22.84494 22.84494 22.84494 22.95537 24.86167 26.69337 26.69337 26.69337 35.17221 80.87374 108.4829 64.71252 33.06783 33.06783 33.06783 33.06783 37.01612 41.45834 47.18334 47.42317 47.42317 47.42317 47.42317 49.92281 54.32105 54.32105 54.32105 54.32105 54.32105 54.32105 54.32105
12.72274 12.72274 12.72274 12.72274 12.72274 12.72274 12.72274 12.72274 12.72274 12.72274 12.72274 12.54466 11.87968 11.87968 11.87968 11.87968 11.87968 11.87968 11.87968 11.87968 11.87968 11.87968 11.87968 11.87968 11.87968 11.87968 11.87968 11.87968 17.44253 22.84494 22.84494 22.84494 22.84494 22.84494 22.84494 22.84494 22.84494 22.84494 22.84494 23.77619 26.69337 26.69337 26.69337 26.69337 26.69337 28.84905 33.65172 33.06782 33.06783 33.06782 33.91033 47.36753 47.42317 47.42317 47.42317 47.42317 47.42317 47.42317 48.44869 53.43161 54.32105 54.32105 54.32105 54.32105 54.32104 54.32105
12.72274 12.72274 12.72274 12.72274 12.72274 12.72274 13.03114 13.76575 13.41012 12.84038 12.72274 13.05778 12.31898 11.87968 11.87968 11.87968 11.87968 11.87968 11.87968 11.87968 11.87968 11.87968 11.87968 11.87968 11.87968 11.87968 11.87968 13.12013 22.23177 22.84494 22.84494 22.84494 22.84494 22.84494 22.84494 22.84494 22.84494 22.84494 23.70897 25.54045 26.69337 26.69337 26.69337 26.69337 26.69337 29.90077 33.06783 33.06782 33.06783 33.06782 33.22595 45.86234 47.42317 47.42316 47.42317 47.42316 47.42317 47.42317 47.42316 50.46914 54.32105 54.32105 54.32105 54.32105 54.32105 54.32104
12.72274 12.72274 12.72274 12.91498 13.45105 13.89798 14.89496 14.96144 14.96144 14.93441 14.85204 14.95461 14.95162 14.46385 19.77848 19.43807 11.9004 11.87968 11.87968 11.87968 11.87968 11.87968 11.87968 12.07694 14.63683 19.25438 23.14656 22.44641 22.84494 22.84494 22.84494 22.84494 22.84494 22.84494 22.84494 22.84494 22.84494 22.84535 26.21752 26.69337 26.69337 26.69337 26.69337 26.69337 26.69337 28.68501 33.06783 33.06782 33.06783 33.51057 42.03405 47.42316 47.42316 47.42316 47.42316 47.42316 47.42316 47.42316 47.42316 50.44897 54.32105 54.32104 54.32105 54.32105 54.32105 54.32104
12.72274 13.29755 14.38049 14.94406 14.96144 14.96144 14.96144 14.96144 14.96144 14.96144 14.96144 14.96144 14.96144 14.96144 20.6276 46.35984 37.38148 20.64668 11.87968 11.87968 11.87968 14.49743 23.23738 31.60636 34.11248 34.11248 34.11248 29.59531 22.84494 22.84494 22.84494 22.84494 22.84494 22.84494 22.84494 22.84494 22.84494 22.84494 25.57339 26.69337 26.69337 26.69337 26.69337 26.69337 26.69337 27.55405 33.06783 33.06783 33.25142 42.85458 47.42316 47.42317 47.42317 47.42317 47.42317 47.42317 47.42316 47.42317 47.42317 50.51345 54.32105 54.32105 54.32105 54.32105 54.32104 54.32105
13.83214 15.05265 14.96144 14.96144 14.96144 14.96144 14.96144 14.96144 14.96144 14.96144 14.96144 14.96144 14.96144 14.96144 28.27518 46.35983 46.35983 45.56081 21.85783 17.02608 19.89537 33.08548 34.11248 34.11248 34.11249 34.11249 34.11249 34.04721 24.75283 22.84494 22.84494 22.84494 22.84494 22.84494 22.84494 22.84494 22.84494 22.84494 24.79626 26.93271 36.20073 28.45906 26.69337 26.69337 26.69337 27.7234 54.89509 73.61851 60.71922 65.90648 55.17928 47.42316 47.42316 47.42317 47.42316 47.42317 47.42316 47.42317 47.42316 49.06393 54.3182 54.32105 54.32104 54.32104 54.32104 43.83617
19.01734 18.98857 18.26031 16.36613 15.06753 14.96144 14.96144 14.96144 14.96144 14.96144 14.96144 14.96144 14.96144 14.96144 36.12355 46.35983 46.35983 46.35983 46.35983 46.35983 46.28863 36.1511 34.11249 34.11249 34.11249 34.11248 34.11249 34.11248 32.49426 24.69525 22.84494 22.84494 22.84494 29.81259 41.96193 26.4841 24.62803 24.10478 39.06944 89.30093 100.5958 90.5275 52.32952 26.69337 26.95609 63.99325 91.96031 91.96031 91.96031 91.96031 89.31306 54.85311 47.42316 47.42317 47.42317 47.42317 44.76829 45.45911 49.32751 49.33739 50.29547 50.98922 51.6895 51.5787 50.48755 0
19.01734 19.01734 19.01734 19.01733 18.5369 15.38378 14.96144 14.96144 14.96144 14.96144 14.96144 14.96144 14.96144 14.96144 40.6196 46.35983 46.35983 46.35983 46.35983 46.35983 45.60025 35.6912 34.11249 34.11249 34.11249 34.11248 34.11249 34.11249 34.11249 32.67219 24.41796 29.14888 73.49654 99.16751 100.5958 100.5958 100.5958 100.5958 100.5958 100.5958 100.5958 100.1567 94.3476 77.01669 82.4654 91.96031 91.96031 91.96031 91.96032 91.96031 91.96031 90.17321 72.22514 51.32165 48.65643 50.25283 41.24099 41.35172 46.3081 49.66042 49.66042 49.66042 49.66042 49.66042 49.66041 49.66042
19.01734 19.01734 19.01734 19.01734 19.01734 18.44989 15.70685 14.96144 14.96144 14.96144 14.96144 14.96144 14.96144 14.96144 31.54235 46.35983 46.35983 46.35983 46.23233 44.41345 42.12272 41.1734 38.31851 35.35642 34.11249 34.11249 34.11249 34.11249 34.11249 34.11249 33.28862 64.4853 99.93345 100.5958 100.5958 100.5958 100.5958 100.5958 100.5958 100.5958 100.5958 100.5315 96.95294 92.88552 91.96031 91.9603 91.96031 91.9603 91.96031 91.9603 91.96031 91.96031 91.96031 91.14296 90.05417 69.63321 41.23979 41.23979 41.37794 48.67054 49.66042 49.66041 49.66042 49.66041 49.66042 49.66041
19.01734 19.01734 19.01734 19.01734 19.01733 19.01734 18.85795 15.86758 14.96144 14.96144 14.96144 14.96144 14.96144 14.96144 30.74659 46.35983 46.19292 45.12154 42.76003 41.88378 41.88379 41.88378 41.88379 41.86686 38.53483 34.11351 34.11249 34.11248 34.11249 34.11248 34.11249 34.11248 71.26543 100.5958 100.5958 100.5958 100.5958 100.5958 100.5958 100.5958 100.5958 100.5958 100.5958 100.2965 92.2829 91.96031 91.9603 91.96031 91.9603 91.96031 91.9603 91.9603 91.9603 91.96031 90.81886 49.21563 41.23978 41.23978 41.25254 48.45348 49.66041 49.66042 49.66041 49.66042 49.66041 49.66042
19.01734 19.01734 19.01734 19.01734 19.01734 19.01734 19.01734 18.81516 17.08654 15.56051 15.0318 14.96144 16.32837 25.10245 37.81057 42.53602 41.93213 41.88378 41.88378 41.88379 41.88378 41.88378 41.88378 41.88378 41.88378 36.72581 34.11249 34.11249 34.11249 34.11249 34.11249 34.11249 37.11804 92.13935 100.5958 100.5958 100.5958 100.5958 100.5958 100.5958 100.5958 100.5958 100.5958 100.5958 92.41822 91.96031 91.96032 91.96031 91.96032 91.96031 91.96032 91.96032 91.96032 91.96031 90.13699 45.15137 41.23979 41.23979 42.68927 49.66042 49.66042 49.66042 49.66042 49.66042 49.66042 49.66042
19.01734 19.01734 19.01734 19.01734 19.01734 19.01734 19.01734 19.01734 19.01734 19.01734 18.70339 18.43784 25.56685 37.93544 41.88378 41.88378 41.88378 41.88378 41.88379 41.88378 41.88379 41.88378 41.88379 41.88378 41.88378 39.28749 34.11248 34.11248 34.11248 34.11248 34.11249 34.11248 34.11248 63.59141 100.5958 100.5958 100.5958 100.5958 100.5958 100.5958 100.5958 100.5958 100.5181 97.51879 91.97087 91.96032 91.9603 91.96032 91.9603 91.96032 91.9603 91.9603 91.9603 91.96032 91.9603 52.59161 41.23978 41.23978 42.36329 49.5655 49.66041 49.66041 49.66041 49.66041 49.66042 49.66042
19.01734 19.01734 19.01734 19.01734 19.01734 19.01734 19.01734 19.01734 19.01734 19.01734 19.01734 19.01734 19.01734 19.38394 34.0568 41.88378 41.88378 41.88378 41.88378 41.88378 41.88378 41.88378 41.88378 41.88378 41.88378 41.60563 36.79616 34.11248 34.11248 34.11248 34.11248 34.11248 34.11248 58.79377 100.5958 100.5958 100.5958 100.5958 100.5958 96.95526 89.81638 94.4564 92.35763 91.9603 91.96031 91.9603 91.96031 91.9603 91.96031 91.9603 91.96031 91.96031 91.96031 91.9603 87.56611 44.67983 41.23979 41.23979 41.23979 44.07106 49.66042 49.66041 49.66042 49.66041 49.66042 49.66041
31.99894 43.89177 48.35973 48.38752 48.39376 48.39999 48.07282 41.12327 35.04544 34.95993 35.01593 35.07193 35.12794 34.27755 25.11716 41.88378 41.88378 41.88378 41.88378 41.88379 41.88378 41.88378 41.88378 41.88379 41.88378 41.88379 41.87694 39.40002 35.21544 34.11249 34.11249 34.11249 34.11249 39.02522 93.75656 64.79119 51.12524 48.92667 32.19084 20.50771 65.03319 91.96031 91.96031 91.96031 91.96032 91.96031 91.96031 91.96031 91.96031 91.96031 91.96031 91.96031 91.96032 85.05231 45.28009 41.23979 41.23979 41.23979 41.23979 44.07792 49.66042 49.66042 49.66042 49.66042 49.66042 49.66042
65.7671 65.76711 65.76711 65.76711 65.7671 65.76711 65.76711 65.76711 65.76711 65.76711 65.76711 65.76711 65.76711 65.76711 49.21386 41.88378 41.88378 41.88378 41.88378 41.88379 41.88378 41.88378 41.88378 41.88378 41.88378 41.88378 41.88378 41.88378 41.19938 34.68039 34.11248 34.11249 34.11249 33.98767 19.46901 17.90947 17.90947 17.90947 17.90947 17.90947 86.74358 91.96031 91.96031 91.96031 91.96032 91.96031 91.96032 91.96031 91.96032 91.96031 91.9603 91.96031 91.96031 79.55145 41.23979 41.23979 41.23979 41.23979 41.23979 43.66254 49.66041 49.66041 49.66042 49.66041 49.66042 49.66041
65.76711 65.76711 65.76711 65.76711 65.76711 65.76711 65.76711 65.76711 65.76711 65.76711 65.76711 65.76711 65.76711 65.76711 60.93385 41.88379 41.88378 41.88379 41.88378 41.88379 41.88378 41.88379 41.88378 41.88379 41.88378 41.88379 41.88378 41.88379 41.86051 35.50967 34.11248 34.11249 34.11249 34.11248 23.02135 17.90947 17.90947 17.90947 17.90947 17.90947 58.67978 87.9862 91.96031 91.96031 91.96031 91.96032 91.96031 91.96031 91.96031 91.9603 91.9603 91.96031 91.96031 83.28036 41.28023 41.23979 41.23979 41.23979 41.23979 43.28361 49.29616 49.66041 49.66042 49.66042 49.66042 49.66042
65.76711 65.7671 65.76711 65.7671 65.76711 65.76711 65.76711 65.76711 65.76711 65.76711 65.76711 65.76711 65.7671 65.76711 58.68856 43.22985 41.88379 41.88379 41.88379 41.88378 41.88379 41.88379 40.0092 33.80506 32.03226 32.39441 36.02173 37.4318 33.98241 26.89252 29.02985 30.12618 30.00997 27.63333 22.08116 17.90947 17.90947 17.90947 17.90947 17.90947 17.90947 22.95771 61.68152 91.96031 91.96031 91.9603 91.96031 91.9603 0 0 0 0 0 305.4393 41.23978 41.23979 41.23979 41.23979 41.23978 41.23979 42.57463 48.34626 49.66042 49.66042 49.66042 49.66042
65.76711 65.76711 65.76711 65.76711 65.76711 65.76711 65.76711 65.76711 65.76711 65.76711 62.2507 63.95795 65.76711 65.76711 59.62413 54.40905 53.38204 49.17328 44.28939 41.46757 36.23231 29.22054 24.01076 23.7504 23.7504 23.7504 23.7504 23.7504 23.7504 23.32266 18.37072 17.90947 17.90947 17.90947 17.90947 17.90947 17.90947 17.90947 17.90947 17.90947 17.90947 17.90947 17.90947 17.90947 35.90383 0 0 0 0 0 0 0 305.4394 305.4394 69.62307 41.23979 41.23979 41.23979 41.23979 41.23979 41.3309 43.51752 50.20415 50.40067 49.66042 50.62557
65.76711 65.7671 65.76711 65.7671 65.76711 65.7671 65.76711 65.7671 65.76711 65.7671 58.71885 58.24239 64.27544 64.05875 55.21776 54.41895 54.41896 54.41896 54.41896 38.46739 23.7504 23.7504 23.7504 23.7504 23.7504 23.75039 23.7504 23.75039 23.7504 23.75039 20.77706 17.90947 17.90947 17.90947 17.90947 17.90947 17.90947 17.90947 17.90947 17.90947 17.90947 17.90947 17.90947 17.90947 17.90947 0 0 305.4394 305.4394 305.4394 305.4394 305.4394 305.4394 305.4394 74.85676 41.23979 41.23978 41.23978 41.23978 46.93968 57.38049 58.95171 58.9517 58.94442 57.65424 58.41495
65.76711 65.76711 65.76711 65.76711 65.76711 65.76711 65.76711 65.76711 65.76711 65.76711 65.71622 56.53308 54.69643 54.80052 54.41896 53.31842 32.65505 31.30348 31.9407 27.0029 23.7504 23.7504 23.7504 23.7504 23.7504 23.7504 23.7504 23.7504 23.7504 23.7504 21.98306 17.90947 17.90947 17.90947 17.90947 17.90947 17.90947 17.90947 17.90947 17.90947 17.90947 17.90947 17.90947 17.90947 0 0 305.4394 305.4394 305.4394 305.4394 305.4394 305.4394 305.4394 305.4394 178.6799 41.23978 41.23979 41.23979 41.23979 47.8599 58.95171 58.95171 58.95171 58.95171 58.95171 58.95171
65.76711 65.76711 65.76711 65.76711 65.76711 65.76711 65.76711 65.76711 65.76711 65.76711 64.98196 57.96745 54.41896 54.41896 54.41895 54.30579 37.03709 23.7504 23.7504 23.7504 23.7504 23.7504 23.7504 23.7504 23.7504 23.7504 23.7504 23.75039 23.75039 23.75039 22.02639 17.90947 17.90947 17.90947 17.90947 17.90947 17.90947 17.90947 17.90947 17.90947 17.90947 17.90947 0 0 305.4394 305.4394 305.4394 305.4394 305.4394 305.4394 305.4394 305.4394 305.4394 305.4394 300.4076 141.14 46.25268 41.23979 41.23979 43.5271 58.95171 58.95171 58.95171 58.95171 58.95171 58.95171
65.76711 65.76711 65.76711 65.76711 65.76711 65.76711 65.76711 65.76711 65.76711 64.00202 55.53753 54.9395 54.83892 54.75268 54.7511 54.73531 54.54961 31.71107 23.7504 23.7504 23.7504 23.7504 23.7504 23.7504 23.7504 23.77233 25.26014 23.7504 0 0 0 0 0 0 0 0 0 0 0 0 0 0 0 0 305.4394 305.4394 305.4394 305.4394 305.4394 305.4394 305.4394 305.4394 305.4394 305.4394 305.4394 305.4394 294.4715 242.4067 196.8286 241.5679 121.1225 58.95171 58.95171 58.95171 58.95171 58.95171
65.02998 65.76711 65.76711 65.76711 65.76711 65.76711 65.76711 65.76711 65.76711 57.57017 55.06444 55.06444 55.06443 55.06443 55.06444 55.06443 57.53882 63.32038 60.51235 60.5103 60.50827 59.37584 44.92807 37.92777 38.68177 52.4537 60.64875 0 0 0 0 0 0 0 0 0 0 0 0 0 0 0 0 305.4394 305.4394 305.4394 305.4394 305.4394 305.4394 305.4394 305.4394 305.4394 305.4394 0 305.4394 305.4394 305.4394 305.4394 305.4394 305.4394 276.1071 58.95171 58.95171 58.95171 58.95171 58.95171
33.96621 63.95017 65.76711 65.76711 65.76711 65.76711 65.76711 65.76711 63.69902 55.06704 55.06443 55.06443 55.06443 55.06443 55.34032 66.80733 77.15648 78.28828 78.28828 78.28828 78.28828 69.52961 60.64875 60.64875 60.64875 60.64875 60.64875 60.64875 0 0 0 0 0 0 0 0 0 0 0 0 0 0 0 305.4394 305.4394 305.4394 305.4394 305.4394 305.4394 305.4394 305.4394 305.4394 305.4394 0 305.4394 305.4394 305.4394 305.4394 305.4394 305.4394 294.3382 58.95171 58.95171 58.95171 58.95171 58.95171
24.00209 49.12916 65.76711 65.76711 65.76711 64.54912 56.289 49.74216 49.13071 44.00137 43.77561 48.01436 50.65915 51.96648 74.12916 78.28828 78.28828 78.28828 78.28828 78.28828 73.55009 60.64875 60.64875 60.64875 60.64875 60.64875 60.64875 60.64875 0 0 0 0 0 0 0 0 0 0 0 0 0 305.4394 305.4394 305.4394 305.4394 305.4394 305.4394 305.4394 305.4394 305.4394 305.4394 305.4394 305.4394 305.4394 305.4394 305.4394 305.4394 305.4394 305.4394 305.4394 175.8483 58.95171 58.95171 58.95171 58.95171 58.95171
24.00209 59.29963 65.76563 64.31305 60.34278 34.46093 29.36584 29.35599 29.35599 29.35599 29.35599 29.35599 29.35599 37.48828 78.28828 78.28828 78.28828 78.28828 78.28828 78.28828 65.13348 60.64875 60.64875 60.64875 60.64875 60.64875 60.64875 0 0 0 0 0 0 0 0 0 0 0 0 0 0 0 0 0 0 305.4394 305.4394 305.4394 305.4394 305.4394 305.4394 305.4394 305.4394 305.4394 305.4394 305.4394 305.4394 305.4394 305.4394 305.0868 98.07877 58.95171 58.95171 58.95171 58.95171 58.95171
24.0021 33.44323 39.82515 35.05463 35.05463 35.05463 33.77124 29.69185 29.35599 29.35599 29.35599 29.35599 29.35599 29.83448 64.61592 78.28828 78.28828 78.28828 78.28828 77.63037 62.70612 60.64875 60.64875 60.64875 60.64875 60.64875 60.64875 60.64875 0 60.64875 0 0 0 0 0 0 25.986 25.62856 0 0 0 0 0 0 0 0 0 251.395 289.5983 305.4394 305.4394 305.4394 305.4394 305.4394 305.4394 305.4394 305.4394 305.4394 305.4394 243.4019 56.08493 58.95171 58.95171 58.9517 58.95171 58.9517
27.38091 28.11307 33.06809 35.05463 35.05463 35.05463 35.05463 31.83554 29.35599 29.35599 29.35599 29.35599 29.35599 29.35599 55.08599 69.30388 68.50041 68.28493 63.1078 56.46505 59.44671 60.64875 60.64876 60.64875 60.64875 60.64875 60.64875 60.64876 60.64875 60.64875 60.64875 60.64875 60.64875 0 25.62856 25.62856 25.62856 25.62856 0 0 0 0 0 0 0 0 0 101.2418 107.174 171.5031 230.6252 278.9318 305.4394 305.4394 305.4394 304.9965 224.8148 87.48068 41.6397 13.82519 13.49623 26.89766 35.02419 48.14818 58.68035 58.95171
35.05463 35.05463 35.05463 35.05463 35.05463 35.05463 35.05463 33.70181 29.35599 29.35599 29.35599 29.35599 29.35599 29.35599 35.54095 51.47459 51.56253 51.56252 51.56253 51.56253 54.94407 60.64875 60.64875 60.64876 60.64875 60.64875 60.64875 60.64875 60.64875 60.64875 60.64875 60.64875 46.45815 25.62856 25.62856 25.62856 25.62856 25.62856 25.62856 0 0 0 0 0 0 101.2418 101.2418 101.2418 101.2418 101.2418 101.2418 110.0734 234.1827 302.518 206.4144 60.71802 11.03431 11.03431 11.03431 11.03431 11.03431 11.03431 11.03431 11.03431 17.81495 37.86856
35.05463 35.05463 35.05463 35.05463 35.05463 35.05463 39.39626 44.54697 29.69742 29.35599 29.35599 29.35599 29.35599 29.35599 29.35599 47.9895 51.56253 51.56252 51.56253 51.56253 51.60373 54.17456 59.0228 60.64875 60.64875 60.64875 60.64875 60.64875 60.64875 60.64875 60.64875 60.64875 45.24628 25.62856 25.62856 25.62856 25.62856 25.62856 25.62856 0 0 0 0 25.62856 100.0279 101.2418 101.2418 101.2418 101.2418 101.2418 101.2418 101.2418 89.42551 63.90637 11.03431 11.03431 11.03431 11.03431 11.03431 11.03431 11.03431 11.03431 11.03431 11.03431 11.03431 14.50447
