Scenarios/Heterogeneous/data/country_data_population_distribution/processed/density_grids/tza.asc
ncols 275
nrows 264
xllcorner 29
yllcorner -11
[rows 93 to 123 of 264, columns 70 to 139 of 275]
64.53213 72.42453 49.78097 49.11632 52.89667 62.47555 62.47556 65.73884 71.15994 70.34284 71.99475 76.75559 79.3502 79.3502 79.3502 79.3502 80.36063 100.9794 97.77063 54.14813 46.50625 66.64951 61.03005 53.84506 54.47206 61.07279 66.89295 84.70525 87.60501 62.14816 67.38856 84.37849 101.3824 91.89732 76.5381 76.5381 76.5381 66.26176 40.06406 37.78195 37.79419 37.79419 37.79419 37.62603 36.24245 36.25453 37.57697 34.50083 34.007 34.007 34.007 33.79564 16.59972 15.91297 15.91297 15.81378 14.40487 14.40487 14.40487 14.40487 14.40487 14.40487 18.46544 63.97157 69.70577 69.70577 67.84692 83.11832 99.46484 99.55343
54.74544 80.89711 74.12305 51.20734 52.76161 63.26303 73.62051 68.81133 71.94007 71.94008 71.94007 81.38775 79.48889 79.3502 79.35019 79.3502 79.35019 85.99377 105.1937 81.35545 46.50644 63.6328 55.16336 53.17057 53.17057 60.95966 69.20339 69.09443 63.59537 65.51398 73.37786 74.04654 90.81725 82.58269 76.51229 76.5381 74.07016 46.92408 37.79419 37.79419 37.79419 37.79419 37.79419 37.79419 37.79419 37.79419 37.79419 34.63473 34.007 34.007 34.007 32.8583 16.12407 15.91297 15.91297 15.6613 14.40487 14.40487 14.40487 14.40487 14.40487 14.40487 14.40487 20.31084 45.25575 45.39108 39.12257 53.13588 98.18698 100.2838
77.27413 85.97289 80.89711 78.19411 79.98776 87.9127 98.09932 93.47153 83.08166 90.17389 89.05084 102.7704 92.74426 82.72092 73.56411 69.15908 65.08686 68.40135 93.556 61.9541 50.331 65.31908 73.34501 70.73123 537.83 612.2953 168.0611 55.82744 60.41609 64.1909 65.43486 67.79263 73.37787 73.37786 74.5676 74.99979 64.2048 37.89901 37.79419 37.79419 37.79419 37.79419 37.79419 37.79419 31.35575 31.66173 35.52857 33.07779 32.45582 28.08067 27.72232 27.04491 18.17356 15.91297 15.91297 15.59021 14.40487 14.40487 14.40487 14.40487 14.40487 14.40487 14.40487 25.43355 38.15579 38.1558 38.15579 38.1558 52.68775 54.7485
100.4534 96.64925 80.89711 80.8971 81.3499 97.79388 102.6692 182.8636 190.9081 102.0535 118.841 116.9453 103.8601 104.3155 95.17882 55.26016 52.40169 54.22403 54.47468 53.47387 51.90611 64.8233 72.41531 97.46655 841.5112 3281.768 1203.819 45.85176 51.687 51.9034 60.46757 60.76244 67.20724 67.4296 67.31243 66.84739 66.90356 45.12732 37.79419 37.79419 37.79419 37.79419 37.79419 35.29619 26.99269 26.95515 26.95515 27.00791 27.02063 27.02063 27.02063 27.02063 18.30031 15.91297 15.91297 15.53912 14.40487 14.40487 14.40487 14.40487 14.40487 14.40487 14.40487 25.79924 38.15579 38.15579 38.67132 40.69797 42.56134 42.72162
86.15384 87.59415 86.67809 113.4604 126.0673 137.1429 642.9927 872.5465 279.4032 156.2026 152.0638 118.1496 118.0796 116.9572 104.8895 54.89134 52.40169 53.98376 54.47468 52.64199 51.90611 58.8235 71.84963 73.07978 607.546 1142.65 241.9429 45.26983 45.32316 52.90183 58.90226 60.23584 58.88886 57.20827 56.89409 57.13601 57.32456 41.04927 31.35691 31.61971 32.02279 32.22021 34.73959 29.41576 26.95515 26.95515 26.95515 26.99745 27.02063 27.02063 27.02063 27.02063 18.54417 15.91299 15.971 15.63091 14.40487 14.40487 14.40487 14.40487 14.40487 14.67794 25.99846 37.86675 38.15579 38.15579 40.3326 42.72163 50.39126 54.85081
77.80722 81.82481 88.57108 123.786 76.81069 44.33594 174.0652 395.609 155.509 123.7981 139.0577 118.3812 118.2429 118.5919 103.1105 52.58072 52.40169 53.48129 54.47467 52.37017 51.90611 55.08268 60.95879 32.76041 70.84325 115.1884 201.4987 44.86834 44.86835 52.84909 53.95029 56.13654 56.10502 56.10502 56.10502 56.10502 56.10503 36.79306 26.95515 26.95515 26.95515 26.95515 26.95515 26.95515 26.95515 26.95515 26.96726 27.00686 27.02063 27.02063 27.02063 27.02063 19.91209 17.59064 17.7233 17.40055 14.77269 14.40487 14.40487 14.40487 14.40487 25.31839 38.15579 38.15579 38.15579 38.15579 40.42682 42.72163 57.23267 62.05777
81.58709 81.82481 81.53892 33.10052 17.90636 17.90636 18.44349 50.35583 40.9984 66.71678 106.6444 112.5401 118.5755 85.34988 22.15586 42.45692 52.40169 53.52529 54.47468 52.75291 51.90611 51.90611 53.2034 32.50111 44.45375 47.1266 44.40618 44.86658 44.86834 41.82728 35.4293 45.73205 54.39484 56.10502 56.10502 56.10502 56.10502 37.28619 26.95515 26.95515 26.95515 26.95515 26.95515 26.95577 26.98351 26.99974 27.0198 27.02063 27.02063 27.02063 27.02063 27.02063 20.36761 17.72754 17.72753 17.72754 17.71856 17.31165 16.56792 15.49711 15.12781 35.66109 38.15579 38.15579 38.76435 38.61054 40.76488 42.53996 41.84973 43.5285
81.82481 81.82481 73.27458 17.90636 17.90636 17.90636 17.90636 18.52524 30.30668 66.51129 66.64467 53.14741 71.13819 51.89431 20.92765 20.93917 41.57508 54.22101 54.47467 52.75814 51.23927 48.95354 55.91309 33.9043 36.62231 42.43653 39.05846 36.96031 40.21659 34.86031 34.3975 34.39749 51.20547 56.89587 56.42694 56.10502 56.10502 36.73687 26.95515 26.95515 26.95515 26.95514 26.95515 27.02009 27.04851 27.03893 27.02063 27.02063 27.02063 27.02063 27.02063 27.02063 26.09887 21.8094 18.11611 19.90428 20.09015 17.3147 17.72754 17.72753 17.72754 21.12531 20.19176 20.77243 26.38359 39.78938 41.84493 41.87365 41.8443 41.8443
57.17766 72.93641 55.45278 17.90636 17.90636 17.90636 18.52188 19.00155 19.00855 34.70552 45.17498 20.07582 20.07582 20.23088 20.93556 20.93856 27.73138 54.47468 54.47468 52.3427 34.96734 34.42313 40.84708 50.74243 51.90611 51.9061 43.03667 34.3975 34.3975 34.3975 34.3975 39.21218 61.86597 62.21981 60.07637 58.32449 58.22128 35.61461 26.95515 26.95515 26.95515 26.95515 26.9681 27.0485 27.04851 27.04367 27.02169 27.02063 27.02063 27.02063 27.02063 27.02063 27.02063 27.02063 27.01334 24.97029 17.20523 14.81411 16.73615 17.70516 15.4979 14.90488 17.25615 17.72754 17.72753 23.18315 34.29512 35.38497 41.48306 42.37784
16.43734 16.43734 17.36837 17.90636 17.90636 17.90636 18.8605 19.00855 19.00855 19.00855 29.35008 20.07583 20.07583 20.48723 20.93856 20.93856 20.98143 51.82223 54.47468 45.60593 34.41632 34.41632 34.41632 36.78939 42.02577 32.57486 32.10065 31.12702 33.86377 34.3975 34.3975 42.88784 60.9164 62.21982 62.21982 62.21982 62.21981 35.33741 26.68663 26.65204 26.99694 27.01472 27.03692 27.04851 27.04851 27.04851 27.04336 27.0214 27.02063 27.02063 27.02063 27.02063 27.02063 27.02063 22.88585 15.2026 14.81385 14.81384 14.6597 12.85105 11.87893 11.87893 12.12699 14.27987 16.52616 16.56854 11.87893 11.87893 13.5992 25.10295
16.43734 16.43734 17.07353 17.90636 17.90636 17.90636 18.83469 19.00855 19.00855 19.00855 29.31159 20.07582 20.07582 20.69851 20.93856 20.93856 20.93856 45.42878 54.47467 47.71972 44.37325 44.97095 43.08091 40.34281 31.78943 25.78416 25.54208 25.54209 25.98106 34.00096 34.3975 34.3975 54.70453 68.56402 62.24043 62.21982 48.63622 26.76442 25.54208 25.54427 25.96087 26.55516 27.04851 27.04851 27.04851 27.04851 27.04851 26.09984 20.8473 20.91636 26.79595 27.02063 26.48211 20.26138 15.06182 14.81384 14.81384 14.81384 12.91114 11.87893 11.87893 11.87893 11.87893 11.87893 11.87893 12.10574 11.87893 12.67897 14.06146 18.12163
16.43734 16.43734 17.05438 17.90636 17.90636 17.90636 18.82852 19.00855 19.00855 19.00855 33.01507 20.07582 20.07582 20.86096 20.93856 20.93856 20.93856 40.03899 54.93486 64.52307 66.67691 65.00931 59.84843 59.55555 33.92111 25.54209 25.54209 25.54209 25.54209 31.87343 34.3975 34.3975 77.39903 86.11127 81.94615 54.78598 25.62114 25.54209 25.54209 25.54209 25.9146 26.87033 27.04851 27.04851 27.04851 27.04851 27.04851 25.92108 15.22627 14.81384 17.10847 18.13297 16.59757 14.81385 14.81384 14.81385 14.81385 14.81385 14.63883 12.11208 11.87893 11.87893 11.87893 11.87893 11.87893 11.87893 11.87926 16.56269 16.70823 16.70823
16.43734 16.43734 16.802 17.90636 17.90636 17.90636 18.85304 19.00855 19.00855 19.00855 33.73791 20.07582 20.10403 20.93813 20.93856 20.93856 20.93856 35.77962 57.7678 66.6769 66.6769 66.26867 59.84843 59.46468 38.68933 25.54208 25.54208 25.54208 25.54208 27.91697 34.29214 35.8537 86.102 86.11127 86.11127 59.25338 25.54209 25.54208 25.54208 25.54208 26.54381 27.04851 27.04851 27.04851 27.04851 27.04851 27.04851 27.04851 16.20587 14.81384 14.81384 14.81384 14.81384 14.81384 14.81384 14.81384 14.81384 14.81384 14.81384 13.33093 11.85705 11.87893 11.87893 11.87893 11.87893 11.87893 12.07912 16.70225 16.70823 16.70823
16.43734 16.43734 16.58681 17.89886 17.90636 17.90636 18.83069 19.00855 19.00855 19.00855 35.44954 20.07582 20.15978 20.93856 20.93856 20.93856 20.93856 32.56335 66.46074 66.67691 66.67691 67.45445 62.54048 26.93137 28.08527 25.54208 25.54209 25.54208 25.54208 25.54208 26.21057 31.41683 77.63102 86.11127 86.11127 60.99934 25.54209 25.54208 25.54208 25.54208 25.54221 26.58058 27.04851 27.04851 27.04851 27.04851 27.04851 27.04851 17.1246 14.81385 14.81384 14.81384 14.81385 14.81384 14.81384 14.81385 14.81384 14.81385 10.86509 6.782226 9.52962 11.87893 11.87893 11.87893 11.87893 11.87893 11.87893 15.15287 16.70823 16.70823
16.43734 16.43734 16.43734 17.57861 17.90636 17.90636 18.83212 19.00855 19.00855 19.00855 36.39964 20.07582 20.2133 20.93856 20.93856 20.93856 20.93856 54.86086 71.56511 69.80538 69.2625 71.2304 50.77988 25.54208 25.54208 25.54208 25.54209 25.54208 25.54209 25.06459 23.18062 22.47188 22.9109 37.75006 37.80518 31.93346 25.54209 25.54208 25.54209 25.54208 25.54209 26.27855 27.04851 27.04851 27.04851 27.04851 27.04851 27.04851 16.13068 14.81384 14.81385 14.81385 14.81385 14.81385 14.81385 14.81385 14.81385 13.79838 6.650749 6.525976 6.55899 10.41664 11.87893 11.87893 11.87893 11.87893 11.87893 12.25648 12.87358 13.15763
16.43734 16.43734 16.43734 17.15161 17.90636 17.90636 18.80564 19.00855 19.00855 19.00855 39.34611 20.07582 20.24822 20.93856 20.93856 20.93856 54.73723 69.50684 71.62153 71.62153 69.01128 61.97797 50.59248 27.90982 26.33935 21.78271 16.67078 12.84948 10.78944 8.469948 8.085302 8.085302 8.085302 8.085302 8.085302 9.507617 11.06689 10.98611 10.81468 10.64163 10.24286 9.894078 11.90099 13.41967 14.40796 14.19371 14.86679 19.60151 15.76138 14.81385 14.81384 14.81385 14.81385 14.81385 14.81385 14.81385 14.81385 10.73369 6.525976 6.525976 6.525976 7.783335 10.27841 10.90304 15.00716 15.43002 16.22751 13.10641 12.2754 12.2754
16.43734 16.43734 16.43734 16.85881 17.90636 17.90636 18.80686 19.00855 19.00855 19.00855 39.46619 20.07582 20.2721 20.93856 25.30944 29.39394 45.2185 46.61147 45.24907 40.8609 34.75388 34.63619 34.63619 34.63619 28.0413 8.22301 8.085302 8.085302 8.085302 8.085302 8.085302 8.085302 8.085302 8.085302 8.085302 8.085302 8.085302 8.085302 8.085302 8.085302 8.085302 8.085302 8.085302 8.085302 8.085302 8.085302 8.085302 8.085302 8.171143 11.05427 14.48334 14.81384 14.81384 14.81385 14.81385 14.81385 14.66588 7.292309 6.525975 6.525975 6.525975 6.525975 6.525975 6.640149 21.45406 26.45254 26.45254 26.02938 19.96007 13.06361
16.43734 16.43734 16.43734 16.9157 17.90636 17.90636 18.77932 19.00855 19.00855 19.00855 42.35122 20.07582 20.97153 27.56241 34.47504 34.63618 34.63619 34.63618 34.63618 34.63618 34.63618 34.63618 34.63618 34.77288 21.86136 15.36493 8.085302 8.085302 8.085302 8.085302 8.085303 8.085302 8.085302 8.085302 8.085302 8.085302 8.085303 8.085302 8.085302 8.085302 8.085302 8.085302 8.085302 8.085303 8.085302 8.085302 8.085302 8.085302 8.085302 8.085303 8.398486 10.61986 14.56091 14.81385 14.81385 14.81385 10.63767 6.525976 6.525975 6.525976 6.525975 6.525976 6.525976 6.525976 7.883508 26.23463 26.45254 26.45254 26.45254 25.55658
16.43734 16.43734 16.43734 16.98785 17.90636 17.90636 18.80749 19.00855 19.00855 19.00855 42.45086 24.09809 30.64868 35.30822 35.3151 35.3294 35.34097 35.33652 35.20874 35.30631 35.18583 35.57076 38.25175 36.82669 39.77641 32.15698 7.974157 5.744054 5.580592 5.57126 5.568694 5.574411 5.580156 5.5859 5.591644 5.597444 5.635536 5.695933 5.75364 5.774783 5.781671 5.817065 5.682339 5.599767 5.632758 5.680108 5.674295 5.543314 5.564882 5.618375 5.739798 5.798731 10.78945 14.81384 14.81384 12.45018 6.620651 6.525976 6.525975 6.525975 6.525975 6.525976 6.525976 6.525975 52.38324 26.45254 26.45254 26.45254 26.45254 26.27566
16.43734 16.43734 16.43734 17.04518 17.90636 17.90636 18.82977 19.00855 19.00855 18.27544 26.88211 20.12129 20.74615 19.37134 20.76468 19.16588 21.7528 21.47485 19.42293 18.80386 17.80063 18.66764 14.77199 11.52635 12.05414 11.52635 9.870461 5.107641 5.107641 5.107641 5.107641 5.107641 5.107641 5.107641 5.107641 5.107641 5.107641 5.107641 5.107641 5.107641 5.107641 5.107641 5.107641 5.107641 5.107641 5.107641 5.107641 5.107641 5.107641 5.107641 5.107641 5.107641 6.206917 12.46311 11.03434 8.263496 7.838479 6.647111 6.525976 6.525976 6.525976 6.525976 6.525976 6.525976 325.015 367.7325 308.011 26.45254 26.43307 24.96234
12.85798 5.439851 9.845069 13.15496 17.70266 17.6461 18.79439 17.61955 14.05476 11.80782 11.52636 11.52636 11.52636 11.52636 11.52636 11.52636 11.52636 11.52636 11.52636 11.52636 11.52636 11.52636 11.5675 12.06429 11.7321 11.52636 10.87698 5.233935 5.107641 5.107641 5.107641 5.107641 5.107641 5.107641 5.107641 5.107641 5.10764 5.107641 5.107641 5.107641 5.107641 5.107641 5.107641 5.107641 5.107641 5.107641 5.107641 5.107641 5.107641 5.107641 5.107641 5.107641 5.107641 5.107641 6.011732 11.48952 12.99568 12.0039 7.739706 6.525976 6.525976 6.525976 6.525976 6.525976 85.26807 101.1818 174.8299 27.46523 26.23547 24.46554
1.906419 1.21654 1.21654 1.21654 1.763877 3.297322 10.21397 16.13414 15.5545 15.5175 15.48931 15.28789 15.48746 15.66353 15.58807 15.59612 15.55332 15.59295 15.49483 15.49054 15.646 15.80558 16.8918 17.39705 12.23844 11.52636 8.685908 6.054556 6.016054 6.132007 6.110785 6.162176 6.133752 6.124376 6.165594 6.1171 6.126778 6.107437 6.084012 6.143995 6.156445 6.179926 6.223618 6.198051 6.219008 6.217628 6.214048 6.193686 6.197401 6.15772 6.165414 6.129384 6.152869 6.147156 6.206301 8.409525 12.94073 12.99568 12.75969 8.455409 6.525976 6.525975 6.525976 6.525975 8.485856 13.65613 13.67143 16.73915 20.54155 24.46555
1.21654 1.21654 1.21654 1.21654 1.21654 1.21654 2.931074 8.2985 8.033593 8.387246 8.89799 8.673358 9.426718 9.939045 9.031501 9.248069 9.346273 8.963822 8.627023 8.499578 8.051761 8.368925 9.954557 10.81251 8.146289 9.363032 6.565806 6.544992 6.544992 6.544992 6.544992 6.544992 6.544992 6.544992 6.544992 6.544992 6.544992 6.544992 6.544992 6.544992 6.544992 6.544992 6.544992 6.544992 6.544992 6.544992 6.544992 6.544992 6.544992 6.544992 6.544992 6.544992 6.544992 6.544992 6.544992 6.544992 9.850545 12.99568 12.99568 12.30186 6.947988 6.525976 6.525976 7.721138 13.6428 13.67143 13.67143 13.67143 13.83721 15.83416
1.21654 1.21654 1.21654 1.21654 1.21654 1.21654 1.931715 5.276927 2.71523 2.566793 2.566793 2.566793 2.566793 2.566793 2.566793 2.566793 2.566793 2.566793 2.566793 2.566793 2.566793 2.566793 2.566793 2.566793 2.979154 6.232721 6.925173 6.817375 6.652841 6.584826 6.595315 6.585215 6.569026 6.546669 6.544992 6.544992 6.544993 6.544992 6.544993 6.544992 6.544992 6.544992 6.544993 6.544993 6.544992 6.544993 6.544992 6.544993 6.586479 6.605304 6.608558 6.625698 6.628602 6.678277 6.798046 7.03906 9.469069 12.99568 12.99568 12.99568 11.39429 7.039564 6.525976 8.773265 13.67143 13.67143 13.67143 13.67143 13.67143 13.67143
1.21654 1.21654 1.21654 1.21654 1.21654 1.21654 1.933203 5.480734 2.748043 2.566793 2.566793 2.566793 2.566793 2.566793 2.566793 2.566793 2.566793 2.566793 2.566793 2.566793 2.566793 2.566793 2.566793 2.566793 4.207074 7.292306 7.388186 7.388186 7.388186 7.388186 7.388186 7.388186 7.388186 7.376215 7.321304 7.265255 7.266822 7.279756 7.303266 7.300606 7.303204 7.316815 7.315146 7.329231 7.336606 7.343982 7.351357 7.358947 7.38764 7.388186 7.388186 7.388186 7.388186 8.059525 10.90267 11.30232 12.66454 12.99568 12.99568 12.99568 12.99568 10.62645 6.525976 8.553688 13.67143 13.67143 13.67143 13.67143 13.67143 13.71635
1.21654 1.21654 1.21654 1.21654 1.21654 1.21654 1.981854 5.480735 3.292504 2.566793 2.566793 2.566793 2.566793 2.566793 2.566793 2.566793 2.566793 2.566793 2.566793 2.566793 2.566793 2.566793 2.566793 2.566793 2.566793 3.126734 4.824518 6.215424 6.642099 6.981617 7.070196 5.010224 7.081146 6.933186 7.388186 7.388186 7.388186 7.388186 7.388186 7.388186 7.388186 7.388186 7.388186 7.388186 7.388186 7.388186 7.388186 7.388186 7.388186 7.388186 7.388186 7.388186 7.388186 7.99927 38.55224 39.20683 12.99568 12.99568 12.99568 12.99568 12.99568 12.46401 6.591651 8.132833 13.67143 13.67143 13.67143 13.67143 13.67143 18.79123
1.21654 1.21654 1.21654 1.21654 1.21654 1.21654 1.929088 5.480735 4.841297 2.566793 2.566793 2.566793 2.566793 2.566793 2.566793 2.566793 2.566793 2.566793 2.566793 2.566793 2.566793 2.566793 2.566793 2.566793 2.566793 2.566793 2.566793 2.413355 1.717565 1.597225 1.783663 1.580916 1.775379 1.619877 2.601242 2.792599 2.849298 2.958119 3.558955 3.901328 3.913825 3.832068 3.918279 9.438426 9.42503 9.422836 9.476308 9.358028 9.452658 9.507116 9.521333 9.558695 9.570753 9.569841 48.0407 60.32627 29.45117 12.99568 12.99568 12.99568 12.99568 12.99568 10.85945 8.305818 13.67143 13.67143 13.67143 13.67143 13.67143 26.29882
1.21654 1.21654 1.21654 1.21654 1.21654 1.21654 1.966864 5.480735 5.47745 3.352092 2.566793 2.566793 2.566793 2.566793 2.566793 2.566793 2.566793 2.566793 2.566793 2.566793 2.566793 2.566793 2.566793 2.566793 2.561749 2.55108 2.383797 2.01634 1.580916 1.580916 1.580917 1.580916 1.580916 1.580916 1.580916 1.580916 1.580916 1.580916 2.319373 2.755076 2.755076 2.755076 2.963835 10.04658 10.04658 10.04658 10.04658 10.04658 10.04658 10.04658 10.04658 10.04658 10.04658 14.95112 59.8176 60.48497 55.85819 15.8925 12.99568 12.99568 12.99568 12.99568 10.88867 8.086538 13.67143 13.67143 13.67143 13.67143 13.85633 32.69879
1.21654 1.21654 1.21654 1.21654 1.21654 1.21654 1.935893 5.480735 5.480735 4.958719 2.595889 2.566793 2.566793 2.566793 2.566793 2.566793 2.566793 2.566793 2.566793 2.566793 2.566793 2.566793 2.237957 1.884612 1.632898 1.62079 1.580917 1.580916 1.580917 1.580916 1.580916 1.580916 1.580917 1.580916 1.580917 1.580916 1.580916 1.580916 2.319371 2.755076 2.755076 2.755076 3.130803 10.04658 10.04658 10.04658 10.04658 10.04658 10.04658 10.04658 10.04658 10.04658 10.95151 44.59306 60.48497 60.48497 60.48497 48.53619 14.71005 12.99568 12.99568 12.99568 11.06141 7.462314 13.67143 13.67143 13.67143 14.30171 17.01029 33.55313
1.21654 1.21654 1.21654 1.21654 1.21654 1.21654 1.946376 5.480735 5.480735 5.480248 3.041394 2.566793 2.566793 2.566793 2.566793 2.566793 2.566793 2.566793 2.566793 2.566793 2.566793 2.154152 1.593645 1.580916 1.580917 1.580917 1.580917 1.580916 1.580917 1.580917 1.580917 1.580916 1.580917 1.580917 1.580917 1.580916 1.580917 1.580916 2.319369 2.755076 2.755076 2.755076 3.627704 10.04658 10.04658 10.04658 10.04658 10.04658 10.04658 10.04658 10.04658 10.04658 10.04658 48.01517 60.48497 60.48497 60.48497 60.48497 21.56571 12.99568 12.99568 12.99568 11.75664 6.67312 13.9297 17.8108 20.66106 23.68867 24.01527 33.17208
1.21654 1.21654 1.21654 1.21654 1.21654 1.21654 1.880877 5.480734 5.480734 5.480734 4.020017 2.566793 2.566793 2.566793 2.566793 2.566793 2.566793 2.547019 2.449016 2.301827 1.869512 1.581098 1.580917 1.580916 1.580917 1.580916 1.580917 1.580916 1.580917 1.580916 1.580917 1.580916 1.580917 1.580916 1.580917 1.580916 1.580917 1.580916 2.319368 2.755076 2.755076 2.755076 4.391043 10.04658 10.04658 10.04658 10.04658 10.04658 10.04658 10.04658 10.04658 10.04658 24.16229 60.45169 60.48497 60.48497 60.48497 60.48497 19.91634 12.99568 12.99568 12.99568 12.99568 8.223334 9.803329 21.70904 24.01527 24.01527 24.01527 28.2718
