Scenarios/Heterogeneous/data/country_data_population_distribution/processed/density_grids/tza.asc
ncols 275
nrows 264
xllcorner 29
yllcorner -11
[rows 124 to 154 of 264, columns 70 to 139 of 275]
1.21654 1.21654 1.21654 1.21654 1.21654 1.21654 1.906471 5.480734 5.480734 5.480734 5.320653 3.325925 2.566793 2.565506 2.301876 2.222777 1.931074 1.664804 1.609496 1.580916 1.580916 1.580916 1.580916 1.580916 1.580917 1.580916 1.580916 1.580916 1.580916 1.580916 1.580917 1.580916 1.580916 1.580917 1.580916 1.580916 1.580917 1.580916 2.319366 2.755076 2.755076 2.755076 4.287492 10.04658 10.04658 10.04658 10.04658 10.04658 10.04658 10.04658 10.04658 10.04658 10.03669 17.33368 24.45231 40.18184 38.99511 44.92207 16.01442 12.57891 12.99568 12.99568 12.99568 9.516732 6.525976 6.984555 20.93337 28.46688 28.75751 29.23102
1.21654 1.21654 1.21654 1.21654 1.21654 1.21654 1.973658 5.480734 5.480735 5.480734 5.480734 5.443635 4.284147 3.369389 2.705281 1.580916 1.580916 1.580916 1.580916 1.580916 1.580916 1.580917 1.580916 1.580916 1.580916 1.580917 1.580916 1.580917 1.580916 1.580916 1.580916 1.580916 1.580916 1.580917 1.580916 1.580917 1.580916 1.580917 2.319364 2.755076 2.755076 2.755076 4.429656 10.04658 10.04658 10.04658 10.04658 10.04658 10.04658 10.04658 10.04658 9.973939 2.0037 1.094385 1.094385 1.094385 1.094385 1.094385 1.094385 2.332624 10.8538 12.99568 12.99568 9.9564 6.525976 6.525975 8.015757 30.26342 32.00905 32.00905
1.21654 1.21654 1.21654 1.21654 1.21654 1.21654 1.963611 5.480734 5.480735 5.480734 5.480735 5.480735 5.480735 5.480734 5.479329 4.267123 1.701551 1.580916 1.580916 1.580916 1.580916 1.580916 1.580916 1.580916 1.580917 1.580916 1.580916 1.580916 1.580916 1.580916 1.580917 1.580916 1.580916 1.580916 1.580916 1.580916 1.580917 1.580916 2.319094 2.755076 2.755076 2.755076 4.633085 10.04658 10.04658 10.04658 10.04658 10.04658 10.04658 10.04658 10.04658 8.177218 1.094385 1.094385 1.094385 1.094385 1.094385 1.094385 1.094385 1.094385 3.768436 11.05218 12.99568 9.62449 6.525976 6.525976 6.525976 24.01214 32.00905 32.00905
1.21654 1.21654 1.21654 1.21654 1.21654 1.21654 2.004765 5.480734 5.480734 5.480734 5.480735 5.480734 5.480734 5.480734 5.480734 5.480734 4.864012 2.055141 1.343615 1.425232 1.573067 1.570703 1.580917 1.580916 1.580917 1.580916 1.580916 1.580916 1.580916 1.580916 1.580917 1.580916 1.580917 1.580916 1.580916 1.580916 1.580917 1.580916 2.314058 2.755076 2.755076 2.755076 5.218475 10.04658 10.04658 10.04658 10.04658 10.04658 10.04658 10.04658 10.04658 5.367402 1.094385 1.094385 1.094385 1.094385 1.094385 1.094385 1.094385 1.094385 1.094385 2.954597 12.89665 8.581557 6.525975 6.525975 6.525976 9.673925 24.42729 24.70403
1.21654 1.21654 1.21654 1.21654 1.21654 1.21654 2.088654 5.480734 5.480735 5.480734 5.480735 5.480735 5.480735 5.480735 5.480735 5.480735 5.113174 1.375831 1.089267 1.089332 1.100472 1.169992 1.540239 1.580916 1.580917 1.580916 1.580916 1.580916 1.580916 1.580916 1.580917 1.580916 1.580916 1.580916 1.580916 1.580916 1.580916 1.580916 2.307268 2.755076 2.755076 2.755076 5.323148 10.04658 10.04658 10.04658 10.04658 10.04658 10.04658 10.04658 7.610376 1.34707 1.094385 1.094385 1.094385 1.094385 1.094385 1.094385 1.094385 1.094385 1.094385 1.094385 2.366351 5.572628 6.349871 6.525976 6.525976 6.525976 9.74168 13.76448
1.21654 1.21654 1.21654 1.21654 1.21654 1.21654 2.052135 5.480734 5.480734 5.480734 5.480735 5.480734 5.480735 5.480734 5.480735 5.480734 2.821829 1.089267 1.089267 1.089267 1.089267 1.089267 1.174927 1.346568 1.569312 1.580916 1.580916 1.580916 1.580916 1.580916 1.580916 1.580916 1.580916 1.580916 1.580916 1.580916 1.580917 1.580916 2.300479 2.755076 2.755076 2.755076 5.344732 10.04658 10.04658 10.04658 10.04658 10.04658 9.319785 2.3158 1.112675 1.094385 1.094385 1.094385 1.094385 1.094385 1.094385 1.094385 1.094385 1.094385 1.094385 1.094385 1.094385 1.094385 1.16806 1.633792 2.682032 4.160749 11.90267 13.76448
1.21654 1.21654 1.21654 1.21654 1.21654 1.21654 2.023824 5.480735 5.480735 5.480735 5.480735 5.480735 5.480735 5.480735 5.480735 5.249967 1.237455 1.089267 1.089267 1.089267 1.089267 1.089267 1.089267 1.089267 1.528289 1.580917 1.580916 1.580917 1.580916 1.580916 1.580916 1.580916 1.580916 1.580917 1.580916 1.580917 1.580916 1.580916 2.293689 2.755076 2.755076 2.755076 5.366488 10.04658 10.04658 10.04658 10.04658 8.085979 2.06645 1.094385 1.094385 1.094385 1.094385 1.094385 1.094385 1.094385 1.094385 1.094385 1.094385 1.094385 1.094385 1.094385 1.094385 1.094385 1.094385 1.094385 1.094385 1.094385 8.825436 13.75956
1.21654 1.21654 1.21654 1.21654 1.21654 1.21654 2.000731 5.480734 5.480734 5.480735 5.480734 5.480734 5.480735 5.480735 5.480734 3.157864 1.089267 1.089267 1.089267 1.089267 1.089267 1.089267 1.089267 1.089267 1.530329 1.580916 1.580916 1.580917 1.580916 1.580917 1.580916 1.580917 1.580916 1.580917 1.580916 1.580917 1.580916 1.580917 2.30022 2.755076 2.755076 2.755076 5.448253 10.04658 10.04658 10.04658 7.216652 1.149091 1.094385 1.094385 1.094385 1.094385 1.094385 1.094385 1.094385 1.094385 1.094385 1.094385 1.094385 1.094385 1.094386 1.094385 1.094385 1.094385 1.094385 1.094385 1.094385 1.094385 1.208763 2.5441
1.21654 1.21654 1.21654 1.21654 1.21654 1.21654 2.035206 5.480735 5.480735 5.480735 5.480735 5.480735 5.480735 5.413301 4.008486 1.166137 1.089267 1.089267 1.089267 1.089267 1.089267 1.089267 1.089267 1.089267 1.509162 1.580917 1.580917 1.580917 1.580916 1.580917 1.580916 1.580917 1.580917 1.580917 1.580916 1.580917 1.580916 1.580917 2.335124 2.755076 2.755076 2.755076 5.607674 10.04658 10.04658 8.44916 2.280259 1.094385 1.094385 1.094385 1.094385 1.094385 1.094385 1.094385 1.094385 1.094385 1.094385 1.094385 1.094385 1.094385 1.094385 1.094385 1.094385 1.094385 1.094385 1.094385 1.094385 1.094385 1.094385 1.094385
1.21654 1.21654 1.21654 1.21654 1.21654 1.21654 2.071819 5.480735 5.480735 5.480735 5.480735 5.480735 5.429532 2.276654 1.089267 1.089267 1.089267 1.089267 1.089267 1.089267 1.089267 1.089267 1.089267 1.089267 1.500441 1.580916 1.580916 1.580916 1.580916 1.580917 1.580916 1.580917 1.580916 1.580917 1.580916 1.580916 1.580916 1.580916 2.402733 2.755076 2.755076 2.755076 5.625846 9.501461 3.605932 1.144015 1.094386 1.094385 1.094386 1.094385 1.094386 1.094385 1.094386 1.094385 1.094386 1.094385 1.094385 1.094385 1.094386 1.094385 1.094386 1.094386 1.094385 1.094385 1.094386 1.094385 1.094386 1.094385 1.094386 1.094385
1.21654 1.21654 1.21654 1.21654 1.21654 1.21654 2.061169 5.480735 5.480735 5.480735 5.480735 5.480735 3.618412 1.089267 1.089267 1.089267 1.089267 1.089267 1.089267 1.089267 1.089267 1.089267 1.089267 1.089267 1.478856 1.580916 1.580916 1.580916 1.580916 1.580916 1.580917 1.580916 1.580917 1.580916 1.580916 1.580916 1.580917 1.580916 2.412377 2.755076 2.755076 2.755076 5.601283 4.033793 1.094385 1.094385 1.094385 1.094385 1.094385 1.094385 1.094385 1.094385 1.094385 1.094385 1.094385 1.094385 1.094385 1.094385 1.094385 1.094385 1.094385 1.094385 1.094385 1.094385 1.094385 1.094385 1.094385 1.094385 1.094385 1.473111
1.21654 1.21654 1.21654 1.21654 1.21654 1.21654 2.045983 5.480734 5.480734 5.480734 5.480734 5.374629 1.569584 1.089267 1.089267 1.089267 1.089267 1.089267 1.089267 1.089267 1.089267 1.089267 1.089267 1.089267 1.488759 1.580916 1.580916 1.580916 1.580916 1.580916 1.580916 1.580916 1.580916 1.580916 1.580916 1.580916 1.580916 1.580916 2.362074 2.755076 2.755076 2.755076 4.278722 1.198065 1.094385 1.094385 1.094385 1.094385 1.094385 1.094385 1.094385 1.094385 1.094385 1.094385 1.094385 1.094385 1.094385 1.094385 1.094385 1.094385 1.094385 1.094385 1.094385 1.094385 1.094385 1.094385 1.094385 1.094385 2.740716 5.587206
1.21654 1.21654 1.21654 1.21654 1.21654 1.21654 2.149946 5.480734 5.480735 5.480735 5.480735 4.766445 1.089267 1.089267 1.089267 1.089267 1.089267 1.089267 1.089267 1.089267 1.089267 1.089267 1.089267 1.089267 1.508006 1.580917 1.580917 1.580917 1.580917 1.580917 1.580917 1.580917 1.580917 1.580916 1.580917 1.580916 1.580917 1.580917 2.353737 2.755076 2.755076 2.755076 2.222681 1.094385 1.094385 1.094385 1.094385 1.094385 1.094385 1.094385 1.094385 1.094385 1.094385 1.094385 1.094385 1.094385 1.094385 1.094385 1.094385 1.094385 1.094385 1.094385 1.094385 1.094385 1.094385 1.094385 1.094385 1.094385 2.714238 5.689119
1.21654 1.21654 1.21654 1.21654 1.21654 9.266292 23.4049 6.376346 5.480734 5.480735 5.480734 4.159582 1.089267 1.089267 1.089267 1.089267 1.089267 1.089267 1.089267 1.089267 1.089267 1.089267 1.089267 1.089267 1.518373 1.580917 1.580916 1.580917 1.580916 1.580917 1.580917 1.580917 1.580916 1.580917 1.580916 1.580917 1.580916 1.580917 2.329822 2.755076 2.755076 2.755076 2.053847 1.094385 1.094385 1.094385 1.094385 1.094385 1.094385 1.094385 1.094385 1.094386 1.094385 1.094385 1.094385 1.094385 1.094385 1.094385 1.094385 1.094385 1.094385 1.094385 1.094386 1.094385 1.094385 1.094385 1.094385 1.094385 2.279969 5.689119
1.21654 1.21654 1.21654 1.21654 1.21654 27.41599 130.5843 46.14025 12.83569 13.64249 13.50437 8.718223 1.089267 1.089267 1.089267 1.089267 1.089267 1.089267 1.089267 1.089267 1.089267 1.089267 1.089267 1.116539 1.5805 1.580917 1.580917 1.580917 1.580917 1.580917 1.580917 1.580917 1.580917 1.580917 1.580917 1.580917 1.580917 1.580917 2.311399 2.755076 2.755076 2.755076 1.974379 0.7540408 0.7183869 0.7217789 0.8696439 1.023408 1.092771 1.094385 1.094385 1.094385 1.094385 1.094385 1.094385 1.094385 1.094385 1.094385 1.094385 1.094385 1.094385 1.094385 1.094385 1.094385 1.094385 1.094385 1.094385 1.094385 1.094611 3.638386
1.21654 1.21654 1.21654 1.21654 1.21654 1.264045 104.1445 17.74079 16.8802 16.8802 16.8802 8.772391 1.089267 1.089267 1.089267 1.089267 1.089267 1.089267 1.089267 1.089267 1.089267 1.089267 1.089267 1.119533 1.580917 1.580916 1.580917 1.580917 1.580917 1.580916 1.580917 1.580916 1.580917 1.580916 1.580917 1.580916 1.580917 1.580916 2.331931 2.755076 2.755076 2.755076 1.892016 0.5447503 0.5447503 0.5447503 0.5447503 0.5447503 0.6491412 0.9258603 1.088422 1.094385 1.094386 1.094385 1.094386 1.094385 1.094386 1.094385 1.094386 1.094385 1.094386 1.094385 1.094386 1.094385 1.094386 1.094385 1.094386 1.094385 1.094386 1.102082
1.21654 1.21654 1.21654 1.21654 1.21654 1.21654 47.59093 16.8802 16.8802 16.8802 16.8802 7.289728 1.089267 1.089267 1.089267 1.089267 1.089267 1.089267 1.089267 1.089267 1.089267 1.089267 1.089267 1.11722 1.580916 1.580917 1.580917 1.580917 1.580917 1.624952 1.624554 1.644097 1.580917 1.580917 1.580917 1.580917 1.580916 1.580917 2.323573 2.755076 2.755076 2.755076 1.915156 0.5447503 0.5447503 0.5447503 0.5447503 0.5447503 0.5447503 0.5447503 0.657514 0.8358566 0.9974552 1.089522 1.094385 1.094386 1.094385 1.094385 1.094322 1.039501 1.093039 1.094386 1.094386 1.094386 1.094385 1.094385 1.094385 1.094385 1.094385 1.094385
1.21654 1.225503 3.429692 3.834231 3.339257 4.34991 16.89977 16.8802 16.8802 16.8802 16.8802 5.673381 1.089267 1.089267 1.089267 1.089267 1.089267 1.089267 1.089267 1.089267 1.089267 1.089267 1.089267 1.11856 1.580916 1.580917 1.580917 1.639199 1.859592 2.121382 2.167198 2.160637 1.864346 1.583942 1.580917 1.580917 1.580916 1.580917 2.325719 2.755076 2.755076 2.755076 1.613338 0.5447503 0.5447503 0.5447503 0.5447503 0.5447503 0.5447503 0.5447503 0.5447503 0.5447503 0.5447503 0.5672845 0.7406816 0.9591765 0.8181971 0.5786934 0.5727675 0.5468788 0.9124885 1.094385 1.094385 1.094385 1.094385 1.094385 1.094385 1.094385 1.094385 1.094385
1.21654 2.941796 5.400884 5.400884 5.400884 5.651738 14.37081 7.546212 10.31958 16.45646 16.8802 5.7329 1.089267 1.089267 1.089267 1.089267 1.089267 1.089267 1.089267 1.089267 1.089267 1.089267 1.089267 1.119537 1.573994 1.391659 1.381955 1.762522 2.167643 2.167643 2.167643 2.167643 2.167643 2.127463 1.764757 1.634252 1.727946 1.716066 2.404591 2.646404 2.641485 2.417906 0.7137425 0.5575139 0.5447503 0.5447503 0.5447503 0.5447503 0.5447503 0.5447503 0.5447503 0.5447503 0.5447503 0.5447503 0.5447503 0.5447503 0.5447503 0.5447503 0.5447503 0.5447503 0.5668443 0.841653 1.089528 1.094385 1.094386 1.094386 1.094386 1.094385 1.094386 1.094385
2.972903 5.352173 5.400884 5.400884 5.400883 5.400884 5.445798 5.400884 5.400884 7.866616 8.678391 3.777113 1.089267 1.089267 1.089267 1.089267 1.089267 1.089267 1.089267 1.089267 1.089267 1.089293 1.090245 1.106279 1.337465 1.159325 1.159325 1.647417 2.167643 2.167643 2.167643 2.167643 2.167643 2.167643 2.167643 2.167643 2.167643 2.167643 2.172349 2.167643 2.167673 2.167643 2.165701 1.435013 0.5468733 0.5447503 0.5447503 0.5447503 0.5447503 0.5447503 0.5447503 0.5447503 0.5447503 0.5447503 0.5447503 0.5447503 0.5447503 0.5447503 0.5447503 0.5447503 0.5447503 0.5447503 0.689445 1.058961 1.094385 1.094385 1.094385 1.094385 1.094385 1.094385
5.400884 5.400884 5.400884 5.400884 5.400884 5.400884 5.400884 5.400884 5.400884 5.400884 5.400884 2.74343 1.089267 1.089267 1.089267 1.089267 1.089267 1.089267 1.089267 1.164338 1.95059 1.760533 1.159082 1.158365 1.159325 1.159325 1.159325 1.638238 2.167643 2.167643 2.167643 2.167643 2.167643 2.167643 2.167643 2.167643 2.167643 2.167643 2.167643 2.167643 2.167643 2.167643 2.167643 2.167643 1.74857 1.026214 0.5447503 0.5447503 0.5447503 0.5447503 0.5447503 0.5447503 0.5447503 0.5447503 0.5447503 0.5447503 0.5447503 0.5447503 0.5447503 0.5447503 0.5447503 0.5447503 0.5447503 0.5872727 0.8011715 0.9353039 0.8259936 0.8154103 0.9939369 1.094321
5.400884 5.400884 5.400884 5.400884 5.400884 5.400884 5.400884 5.400884 5.400884 5.400884 5.400884 3.679255 1.089267 1.089267 1.089267 1.089267 1.089267 1.089267 1.089267 1.111154 1.915848 1.793725 1.159325 1.159325 1.159325 1.159325 1.159325 1.635837 2.167643 2.167643 2.167643 2.167643 2.167643 2.167643 2.167643 2.167643 2.167643 2.167643 2.167643 2.167643 2.167643 2.167643 2.167643 2.167643 2.167643 2.156772 1.253037 0.5447503 0.5447503 0.5447503 0.5447503 0.5447503 0.5447503 0.5447503 0.5447503 0.5447503 0.5447503 0.5447503 0.5447503 0.5447503 0.5447503 0.5447503 0.5447503 0.5447503 0.5447503 0.5447503 0.5447503 0.5447503 0.5447503 0.7224792
5.400884 5.400883 5.400884 5.400883 5.400884 5.400883 5.400884 5.400883 5.400884 5.400883 5.400884 5.056635 1.167703 1.089267 1.089267 1.089267 1.089267 1.089267 1.14003 1.543516 1.968852 1.767393 1.159325 1.159325 1.159325 1.159325 1.159325 1.63462 2.167643 2.167643 2.167643 2.167643 2.167643 2.167643 2.167643 2.167643 2.167643 2.167643 2.167643 2.167643 2.167643 2.167643 2.167643 2.167643 2.167643 2.167643 2.139335 1.558201 0.9224022 0.5711169 0.5447503 0.5447503 0.5447503 0.5447503 0.5447503 0.5447503 0.5447503 0.5447503 0.5447503 0.5447503 0.5447503 0.5447503 0.5447503 0.5447503 0.5447503 0.5447503 0.5447503 0.5447503 0.5447503 0.7950782
5.400884 5.400884 5.400884 5.400884 5.400884 5.400884 5.400884 5.400884 5.400884 5.400884 5.400884 5.400884 3.012796 1.089267 1.089267 1.089267 1.193284 1.528373 1.948877 1.979891 1.979891 1.798287 1.159325 1.159325 1.159325 1.159325 1.159325 1.632251 2.167643 2.167643 2.167643 2.167643 2.167643 2.167643 2.167643 2.167643 2.167643 2.167643 2.167643 2.167643 2.167643 2.167643 2.167643 2.167643 2.167643 2.167643 2.167643 2.167643 2.167643 1.108073 0.5447503 0.5447503 0.5447503 0.5447503 0.5447503 0.5447503 0.5447503 0.5447503 0.5447503 0.5447503 0.5447503 0.5447503 0.5447503 0.5447503 0.5447503 0.5447503 0.5447503 0.5447503 0.6520097 1.226826
5.400884 5.400884 5.400883 5.400884 5.400884 5.400884 5.400884 5.400884 5.400883 5.400884 5.400883 5.400884 5.167178 1.591561 1.112364 1.403055 1.896629 1.979891 1.979891 1.979891 1.979891 1.741581 1.159325 1.159325 1.159325 1.159325 1.159325 1.640079 2.167643 2.167643 2.167643 2.167643 2.167643 2.167643 2.167643 2.167643 2.167643 2.167643 2.167643 2.167643 2.167643 2.167643 2.167643 2.167643 2.167643 2.167643 2.167643 2.167643 2.167643 0.9468088 0.5447503 0.5447503 0.5447503 0.5447503 0.5447503 0.5447503 0.5447503 0.5447503 0.5447503 0.5447503 0.5447503 0.5447503 0.5447503 0.5447503 0.5447503 0.5447503 0.5447503 0.6269855 1.127409 1.262343
5.400884 5.400884 5.400884 5.400884 5.400883 5.400884 5.400884 5.400884 5.400883 5.400884 5.400884 5.400884 5.400884 4.811422 2.369745 1.979891 1.979891 1.979891 1.979891 1.979891 1.979891 1.572874 1.159325 1.159325 1.159325 1.159325 1.159325 1.653664 2.167643 2.167643 2.167643 2.167643 2.167643 2.167643 2.167643 2.167643 2.167643 2.167643 2.167643 2.167643 2.167643 2.167643 2.167643 2.167643 2.167643 2.167643 2.167643 2.167643 2.167643 0.7904127 0.5447503 0.5447503 0.5447503 0.5447503 0.5447503 0.5447503 0.5447503 0.5447503 0.5447503 0.5447503 0.5447503 0.5447503 0.5447503 0.5447503 0.5447503 0.5447503 0.8938411 1.213218 1.262343 1.262343
5.400884 5.400884 5.400884 5.400884 5.400884 5.400884 5.400884 5.400884 5.400884 5.400884 5.400884 5.400884 4.751479 2.120147 1.979891 1.979891 1.979891 1.979891 1.979891 1.979891 1.979891 1.668461 1.159325 1.159325 1.159325 1.159325 1.159325 1.656731 2.167643 2.167643 2.167643 2.167643 2.167643 2.167643 2.167643 2.167643 2.167643 2.167643 2.167643 2.167643 2.167643 2.167643 2.167643 2.167643 2.167643 2.167643 2.167643 2.167643 2.11105 0.5688105 0.5447503 0.5447503 0.5447503 0.5447503 0.5447503 0.5447503 0.5447503 0.5447503 0.5447503 0.5447503 0.5447503 0.5447503 0.5447503 0.5447503 0.5719054 0.9257897 1.258409 1.262343 1.262343 1.262343
5.400884 5.400884 5.400884 5.400884 5.400884 5.400884 5.400884 5.400884 5.400884 5.400884 5.400884 5.400884 3.949722 1.979891 1.979891 1.979891 1.979891 1.979891 1.979891 1.979891 1.979891 1.477675 1.159325 1.159325 1.159325 1.159325 1.159325 1.671342 2.167643 2.167643 2.167643 2.167643 2.167643 2.167643 2.167643 2.167643 2.167643 2.167643 2.167643 2.167643 2.167643 2.167643 2.167643 2.167643 2.167643 2.167643 2.167643 2.167643 2.010172 0.5528392 0.5447503 0.5447503 0.5447503 0.5447503 0.5447503 0.5447503 0.5447503 0.5447503 0.5447503 0.557291 0.5708919 0.5716341 0.6594269 0.7641976 1.036338 1.262343 1.262343 1.262343 1.262343 1.262343
5.400884 5.400883 5.400883 5.400883 5.400884 5.400883 5.400884 5.400883 5.400884 5.400883 5.400884 5.400883 3.483739 1.979891 1.979891 1.979891 1.979891 1.979891 1.979891 1.979891 1.739924 1.171674 1.159325 1.159325 1.159325 1.159325 1.159325 1.884668 2.556444 2.500445 2.521527 2.57057 2.665616 2.665378 2.659833 2.63646 2.675671 2.712099 2.726777 2.742201 2.793011 2.463172 2.485551 2.507799 2.589726 2.739089 2.846388 2.774492 2.747351 0.9279006 0.5447503 0.5447503 0.5447503 0.5447503 0.5447503 0.5447503 0.5447503 0.5447503 0.6225851 1.12939 1.250386 1.245828 1.262343 1.262343 1.262343 1.262343 1.262343 1.262343 1.262343 1.262343
8.067094 5.400884 5.400884 5.400884 5.400884 5.400884 5.400884 5.400884 5.400884 5.400884 5.400884 5.269038 2.337997 1.979891 1.979891 1.979891 1.979891 1.979891 1.979891 1.979891 1.892773 1.237589 1.159325 1.159325 1.159325 1.159325 1.159325 2.024064 2.96638 2.96638 2.96638 2.96638 2.96638 2.96638 2.96638 2.96638 2.96638 2.96638 2.96638 2.96638 2.96638 2.96638 2.96638 2.96638 2.96638 2.96638 2.96638 2.96638 2.96638 1.542068 0.5447503 0.5447503 0.5447503 0.5447503 0.6876948 1.312976 1.783728 2.367687 2.36497 1.262343 1.262343 1.262343 1.262343 1.262343 1.262343 1.262343 1.262343 1.262343 1.262343 1.262343
37.73808 5.400883 5.400884 5.400884 5.400883 5.400884 5.400884 5.400884 5.400884 5.400884 5.400884 3.653372 1.979891 1.979891 1.979891 1.979891 1.979891 1.979891 1.979891 1.979891 1.979891 1.464956 1.159325 1.159325 1.159325 1.159325 1.159325 2.028616 2.96638 2.96638 2.96638 2.96638 2.96638 2.96638 2.96638 2.96638 2.96638 2.96638 2.96638 2.96638 2.96638 2.96638 2.96638 2.96638 2.96638 2.96638 2.96638 2.96638 2.96638 1.929187 0.5447503 0.5447503 0.5447503 0.5447503 2.475932 2.96638 2.96638 2.96638 2.509699 1.262343 1.262343 1.262343 1.262343 1.262343 1.262343 1.262343 1.262343 1.262343 1.262343 1.262343
