Scenarios/Heterogeneous/data/country_data_population_distribution/processed/density_grids/tza.asc
ncols 275
nrows 264
xllcorner 29
yllcorner -11
[rows 124 to 154 of 264, columns 0 to 69 of 275]
0 0 0 0 0 0 0 0 0 0 0 0 0 0 0 0 0 0 0 0 0 12.33647 12.33647 12.33647 12.33647 12.33647 12.33647 12.33647 12.33647 12.33647 15.55014 23.40209 23.40209 23.40209 6.964521 4.034373 4.034373 4.034373 4.034373 4.034373 4.034373 14.64656 16.49948 16.49948 16.49948 16.14176 13.47231 12.4619 12.4619 12.4619 12.4619 12.4619 19.83995 51.54295 53.23578 53.23579 53.23578 53.23579 53.23578 53.23579 53.23578 53.23579 53.23578 53.23579 30.39335 1.21654 1.21654 1.21654 1.21654 1.21654
0 0 0 0 0 0 0 0 0 0 0 0 0 0 0 0 0 0 0 0 0 12.33647 12.33647 12.33647 12.33647 12.33647 12.33647 12.33647 12.33647 12.33647 15.425 23.40209 23.40209 23.40209 7.450902 4.034373 4.034373 4.034373 4.034373 4.034373 4.034373 15.4228 16.49948 16.49948 16.49948 16.49948 15.88924 13.98726 12.4619 12.4619 12.4619 12.4619 12.49271 49.80048 58.70295 53.35627 53.23578 53.23578 53.23578 53.23578 53.23578 53.23579 53.23578 53.23578 26.98096 1.21654 1.21654 1.21654 1.21654 1.21654
0 0 0 0 0 0 0 0 0 0 0 0 0 0 0 0 0 0 0 0 0 12.33647 12.33647 12.33647 12.33647 12.33647 12.33647 12.33647 12.33647 12.33647 15.08355 23.40209 23.40209 23.40209 7.934864 4.034373 4.034373 4.034373 4.034373 4.034373 4.034373 15.69142 16.49948 16.49948 16.49948 16.49948 23.17096 52.41131 43.26754 38.37377 45.15684 31.30426 47.13815 57.50061 131.8835 60.3672 53.23578 53.23578 53.23578 53.23578 53.23578 53.23578 53.23578 53.23578 26.20541 1.21654 1.21654 1.21654 1.21654 1.21654
0 0 0 0 0 0 0 0 0 0 0 0 0 0 0 0 0 0 0 0 0 0 12.33647 12.33647 12.33647 12.33647 12.33647 12.33647 12.33647 12.33647 14.06631 23.40209 26.4216 36.83401 11.32297 4.034373 4.034373 4.034373 4.034373 4.034373 4.034373 15.72453 16.49948 16.49948 16.49948 16.49948 19.71855 54.62983 57.07653 57.07653 57.07652 57.07822 60.7704 526.9953 745.7698 81.89374 65.29345 53.23578 53.23578 53.23578 53.23578 53.23578 52.96517 31.83839 6.43824 1.21654 1.21654 1.21654 1.21654 1.21654
0 0 0 0 0 0 0 0 0 0 0 0 0 0 0 0 0 0 0 0 0 0 0 12.33647 12.33647 12.33647 12.33647 12.33647 12.48829 19.37574 29.32401 44.27642 50.71106 50.7112 17.02032 4.034373 4.034373 4.034373 4.034373 4.034373 4.034373 15.92374 16.49948 16.49948 16.49948 16.49948 23.75171 56.01696 57.07653 57.07653 57.07653 109.4752 151.7128 2377.583 866.2958 164.2845 78.54366 67.05042 54.25931 53.23578 48.12408 50.02525 19.03763 4.153521 2.577518 1.21654 1.21654 1.21654 1.21654 1.21654
0 0 0 0 0 0 0 0 0 0 0 0 0 0 0 0 0 0 0 0 0 0 0 12.33647 12.33647 12.33647 12.33647 15.8059 43.56857 50.7112 50.7112 50.7112 50.7112 50.7112 14.38582 4.034373 4.034373 4.034373 4.034373 4.034373 4.034695 16.11887 16.49948 16.49948 16.49948 30.8462 57.05511 57.07652 57.07652 57.07652 69.79389 122.768 129.4632 100.1485 114.146 98.42863 90.45996 86.6776 63.6623 25.02185 7.078549 5.426387 4.153521 4.153521 4.04941 1.710268 1.21654 1.21654 1.21654 1.21654
0 0 0 0 0 0 0 0 0 0 0 0 0 0 0 0 0 0 0 0 0 0 0 0 12.33647 26.27601 43.39656 50.20403 50.71119 50.7112 50.7112 50.7112 50.7112 50.7112 20.5467 4.034373 4.034373 4.034373 4.034373 4.034373 4.034373 13.43295 13.77251 13.6798 13.99194 35.31 48.19608 47.50516 61.18628 120.0947 135.5836 122.5644 36.14936 42.62875 111.1779 89.71445 44.09169 46.2173 86.6776 27.30939 4.153521 4.15352 4.15352 4.15352 4.153521 2.736385 1.21654 1.21654 1.21654 1.21654
0 0 0 0 0 0 0 0 0 0 0 0 0 0 0 0 0 0 0 0 0 0 0 0 0 0 50.7112 50.7112 50.7112 50.7112 0 50.7112 50.7112 50.7112 32.11088 10.28548 9.435614 9.851007 9.648246 9.27223 8.86568 13.18222 13.25048 13.25048 13.25048 13.25048 13.25048 18.39231 87.41452 136.7084 116.8968 34.74369 31.25719 29.31137 25.26503 10.33141 9.287602 9.594427 16.62306 8.234264 4.153521 4.15352 4.153521 4.15352 4.153521 4.145209 2.308457 1.21654 1.21654 1.21654
0 0 0 0 0 0 0 0 0 0 0 0 0 0 0 0 0 0 0 0 0 0 0 0 0 0 50.71119 50.7112 0 0 0 0 50.7112 50.7112 41.16678 23.53916 23.53916 23.53916 23.53916 23.53916 23.53916 15.17205 13.25048 13.25048 13.25048 13.25048 13.25048 13.25048 26.33856 86.46043 129.2257 53.14698 31.25719 28.37389 17.71626 9.287601 9.287602 9.287602 9.287602 5.244635 4.153521 4.153521 4.153521 4.15352 4.153521 4.150352 1.70998 1.21654 1.21654 1.21654
0 0 0 0 0 0 0 0 0 0 0 0 0 0 0 0 0 0 0 0 0 0 0 0 0 0 0 0 0 0 0 0 0 49.82599 28.42142 23.53916 23.53916 23.53916 23.53916 23.53916 23.53916 21.89392 15.13236 13.25048 13.25048 13.25048 13.25048 13.25048 13.25048 13.25048 13.26411 29.94901 31.25719 28.34163 12.49754 9.287601 9.287602 9.287601 9.287602 6.609283 4.153521 4.153521 4.153521 4.15352 4.153521 3.604787 1.21654 1.21654 1.21654 1.21654
0 0 0 0 0 0 0 0 0 0 0 0 0 0 0 0 0 0 0 0 0 0 0 0 0 0 0 0 0 0 0 0 0 0 23.53916 23.53916 23.53916 23.53916 23.53916 23.53916 23.53916 23.53916 21.69158 13.25048 13.25048 13.25048 13.25048 13.25048 13.25048 13.25048 13.25048 29.00562 31.25719 28.44287 17.85629 9.287601 9.287602 9.287602 9.287602 5.51485 4.153521 4.15352 4.153521 4.153521 4.153521 2.63748 1.21654 1.21654 1.21654 1.21654
0 0 0 0 0 0 0 0 0 0 0 0 0 0 0 0 0 0 0 0 0 0 0 0 0 0 0 0 0 0 0 0 0 0 0 23.53916 23.53916 23.53916 23.53916 23.53916 23.53916 23.53916 23.34259 14.29336 13.25048 13.25048 13.25048 13.25048 13.25048 13.25048 13.25048 23.25657 31.25719 28.52055 20.20376 9.287601 9.287601 9.287601 9.287601 5.112408 4.15352 4.153521 4.15352 4.15352 4.142057 1.593798 1.21654 1.21654 1.21654 1.21654
0 0 0 0 0 0 0 0 0 0 0 0 0 0 0 0 0 0 0 0 0 0 0 0 0 0 0 0 0 0 0 0 0 0 0 0 23.53916 23.53916 23.53916 23.53916 23.53916 23.53916 23.53916 18.4623 13.25048 13.25048 13.25048 13.25048 13.25048 13.25048 13.25048 16.70202 31.25719 28.55038 20.95115 9.287601 9.287601 9.287601 9.287601 4.452405 4.15352 4.153521 4.15352 4.153521 3.507361 1.21654 1.21654 1.21654 1.21654 1.21654
0 0 0 0 0 0 0 0 0 0 0 0 0 0 0 0 0 0 0 0 0 0 0 0 0 0 0 0 0 0 0 0 0 0 0 0 0 23.53916 23.53916 23.8358 23.84581 23.53916 23.53916 18.88515 13.25048 13.25048 13.25048 13.25048 13.25048 13.25048 13.25048 23.33186 31.25719 28.57963 21.39865 9.287602 9.287602 9.287602 9.251657 4.279841 4.153521 4.153521 4.153521 4.153521 2.331817 1.21654 1.21654 1.21654 1.21654 1.21654
0 0 0 0 0 0 0 0 0 0 0 0 0 0 0 0 0 0 0 0 0 0 0 0 0 0 0 0 0 0 0 0 0 0 0 0 0 91.52554 81.71605 49.52055 35.53539 34.31866 33.97017 32.22931 13.29987 13.25048 13.25048 13.25048 13.25048 13.25048 14.1937 28.20894 31.25719 28.50803 21.32282 9.287602 9.287601 9.287602 8.59139 4.153521 4.153521 4.153521 4.153521 3.858606 1.278059 1.21654 1.21654 1.21654 1.21654 1.21654
0 0 0 0 0 0 0 0 0 0 0 0 0 0 0 0 0 0 0 0 0 0 0 0 0 0 0 0 0 0 0 0 0 0 0 0 0 130.3548 130.3548 65.74857 35.55834 35.55834 35.55834 34.06085 13.30241 13.25048 13.25048 13.25048 13.25048 13.25048 23.82368 31.25719 31.25719 28.49584 20.47941 9.287602 9.287602 9.287601 8.158249 4.15352 4.153521 4.153521 4.153521 2.379304 1.21654 1.21654 1.21654 1.21654 1.21654 1.21654
0 0 0 0 0 0 0 0 0 0 0 0 0 0 0 0 0 0 0 0 0 0 0 0 0 0 0 0 0 0 0 0 0 0 0 0 0 0 130.3548 100.7986 37.00662 35.55834 35.55834 27.82235 13.25048 13.25048 13.25048 13.25047 13.25048 13.25048 24.91474 31.25719 31.25719 28.47788 20.56076 9.287601 9.287601 9.287602 8.109254 4.153521 4.15352 4.15352 3.661852 1.249393 1.21654 1.21654 1.21654 1.21654 1.21654 1.21654
0 0 0 0 0 0 0 0 0 0 0 0 0 0 0 0 0 0 0 0 0 0 0 0 0 0 0 0 0 0 0 0 0 0 0 0 0 0 0 130.3548 48.85419 31.75875 27.88151 21.78815 18.06156 16.76665 14.54222 13.28197 13.25048 13.25048 23.00173 31.25719 31.25719 28.49147 20.33929 9.287601 9.287602 9.287601 8.185078 4.153521 4.153521 4.15352 2.664787 1.21654 1.21654 1.21654 1.21654 1.21654 1.21654 1.21654
0 0 0 0 0 0 0 0 0 0 0 0 0 0 0 0 0 0 0 0 0 0 0 0 0 0 0 0 0 0 0 0 0 0 0 0 0 0 0 0 20.31257 20.31257 20.31257 20.31257 20.31257 20.31257 20.31257 21.15289 22.24236 20.14831 23.87043 31.17294 31.25719 28.49784 19.86449 9.287601 9.287602 9.287601 8.683809 4.153522 4.153521 4.153521 2.357196 1.21654 1.21654 1.21654 1.21654 1.21654 1.21654 1.21654
0 0 0 0 0 0 0 0 0 0 0 0 0 0 0 0 0 0 0 0 0 0 0 0 0 0 0 0 0 0 0 0 0 0 0 0 0 0 0 0 0 20.31257 20.31257 20.31257 20.31257 20.31257 20.31257 22.19364 23.4478 23.4478 23.4478 29.12022 31.25719 28.49163 19.76712 9.287601 9.287601 9.287601 9.287601 4.55032 4.15352 4.153521 2.265144 1.21654 1.21654 1.21654 1.21654 1.21654 1.21654 1.231623
0 0 0 0 0 0 0 0 0 0 0 0 0 0 0 0 0 0 0 0 0 0 0 0 0 0 0 0 0 0 0 0 0 0 0 0 0 0 0 0 0 20.31257 20.31257 20.31257 20.31257 20.31257 20.31257 22.51809 23.4478 23.4478 23.4478 30.09149 34.91143 33.9135 29.09425 23.76511 25.7283 21.38488 28.44125 15.50265 4.15352 4.153521 2.059726 1.21654 1.21654 1.21654 1.21654 1.21654 1.21654 2.759809
0 0 0 0 0 0 0 0 0 0 0 0 0 0 0 0 0 0 0 0 0 0 0 0 0 0 0 0 0 0 0 0 0 0 0 0 0 0 0 0 0 20.31257 20.31257 20.31257 20.31257 20.31257 20.31257 22.50938 23.4478 23.4478 24.04408 38.13512 44.36942 44.36942 44.36942 44.36942 44.36942 82.05259 106.0901 103.831 19.78892 4.153521 1.967352 1.21654 1.21654 1.21654 1.21654 1.21654 1.339184 4.818483
0 0 0 0 0 0 0 0 0 0 0 0 0 0 0 0 0 0 0 0 0 0 0 0 0 0 0 0 0 0 0 0 0 0 0 0 0 0 0 0 43.50668 20.31257 20.31257 20.31257 20.31257 20.31257 20.31257 22.55829 23.44779 23.44779 23.44779 33.43238 40.11996 42.19694 44.36942 44.36942 51.66487 95.26083 96.64161 97.71371 94.5082 69.03014 82.36949 31.60827 1.21654 1.21654 1.21654 1.314809 3.714868 5.400884
0 0 0 0 0 0 0 0 0 0 0 0 0 0 0 0 0 0 0 0 0 0 0 0 0 0 0 0 0 0 0 0 0 0 0 0 0 0 0 0 45.31704 33.68552 31.39104 25.93389 21.31945 20.31257 20.31257 22.59319 23.4478 23.4478 23.4478 23.4478 23.4478 23.85181 34.57839 44.21456 54.06787 87.08324 89.33051 96.48151 108.2119 113.0248 114.332 82.42901 3.824964 1.21654 1.38519 4.280032 5.400884 5.400884
0 0 0 0 0 0 0 0 0 0 0 0 0 0 0 0 0 0 0 0 0 0 0 0 0 0 0 0 0 0 0 0 0 0 0 0 0 0 0 0 46.5889 46.5889 46.5889 46.5889 46.19461 43.3369 43.04974 28.24844 23.44779 23.44779 23.4478 23.4478 23.4478 23.44779 23.4478 34.3265 55.60598 87.08324 91.55318 98.67437 99.61094 100.2916 105.4633 114.332 72.47103 3.047424 3.329464 5.400883 5.400883 5.400883
0 0 0 0 0 0 0 0 0 0 0 0 0 0 0 0 0 0 0 0 0 0 0 0 0 0 0 0 0 0 0 0 0 0 0 0 0 0 0 0 46.5889 46.5889 46.5889 46.5889 46.5889 46.5889 46.5889 28.57522 23.4478 23.4478 23.4478 23.4478 23.44779 23.4478 23.4478 24.7329 30.31365 37.17146 46.39012 79.08418 66.68565 6.359733 6.922854 35.68 14.33118 5.400884 5.400884 5.400884 5.400884 5.400884
0 0 0 0 0 0 0 0 0 0 0 0 0 0 0 0 0 0 0 0 0 0 0 0 0 0 0 0 0 0 0 0 0 0 0 0 0 0 0 0 0 46.5889 46.5889 46.5889 46.5889 46.5889 46.5889 28.79 23.4478 23.4478 23.4478 23.4478 23.4478 23.4478 23.44779 23.4478 23.74535 25.4648 25.56104 25.56104 30.70921 17.70538 16.44492 5.808133 5.400884 5.400884 5.400884 5.400884 5.400884 5.400884
0 0 0 0 0 0 0 0 0 0 0 0 0 0 0 0 0 0 0 0 0 0 0 0 0 0 0 0 0 0 0 0 0 0 0 0 0 0 0 0 0 46.5889 57.24966 59.9275 60.41901 60.06333 59.98104 49.61889 46.72834 42.87558 24.47191 24.62327 24.36055 23.48559 23.4478 23.4478 23.4478 24.7337 25.56104 25.56104 35.83593 37.73808 37.73808 31.54182 23.39341 19.14042 5.743925 5.400884 5.400884 5.400884
0 0 0 0 0 0 0 0 0 0 0 0 0 0 0 0 0 0 0 0 0 0 0 0 0 0 0 0 0 0 0 0 0 0 0 0 0 0 0 0 0 0 78.11246 78.11246 78.11246 78.11246 78.11246 78.11246 77.17599 41.24494 32.50256 32.50256 32.50256 28.75566 23.44779 23.4478 23.44779 24.61553 25.56104 25.56104 35.58242 37.73808 37.73808 37.73808 37.73808 37.73808 32.33506 16.84715 6.236772 5.400883
0 0 0 0 0 0 0 0 0 0 0 0 0 0 0 0 0 0 0 0 0 0 0 0 0 0 0 0 0 0 0 0 0 0 0 0 0 0 0 0 0 65.60271 73.68202 76.48569 77.98219 78.11246 78.11246 78.11246 66.70445 32.50256 32.50256 32.50256 32.50256 31.05419 23.4478 23.44779 23.4478 24.66301 25.56104 25.56104 33.56157 40.98064 127.132 82.78447 37.73808 37.73808 37.73808 37.73808 34.66714 20.97027
0 0 0 0 0 0 0 0 0 0 0 0 0 0 0 0 0 0 0 0 0 0 0 0 0 0 0 0 0 0 0 0 0 0 0 0 0 0 0 0 65.60271 65.60271 65.60271 65.60271 66.3427 67.52284 67.60787 65.33874 43.72122 32.50256 32.50256 32.50256 32.50256 32.4557 27.36538 23.44779 23.4478 23.67155 25.22211 25.56104 44.45007 136.67 150.4829 80.47199 37.73808 37.73808 37.73808 37.73808 37.73808 37.73808
