Scenarios/Heterogeneous/data/country_data_population_distribution/processed/density_grids/tza.asc
ncols 275
nrows 264
xllcorner 29
yllcorner -11
[rows 62 to 92 of 264, columns 70 to 139 of 275]
5.630009 3.977032 3.977032 3.977032 3.977032 79.06934 100.9438 72.87156 278.2872 348.4753 357.7932 138.3825 82.99017 91.16776 90.59164 80.74489 94.38422 95.75304 100.8393 113.9674 97.21973 93.04498 90.37518 80.84288 78.36874 79.73143 91.96204 92.35014 97.0736 94.77134 81.03648 98.55793 132.714 126.8433 99.04076 74.82224 73.42987 74.20516 165.964 234.2485 333.1767 196.1852 126.2434 126.552 105.9678 83.46855 78.03697 78.03761 78.04024 81.37915 81.75269 76.02447 51.20544 50.51596 60.08202 62.59187 62.64592 62.21169 63.88452 67.76872 67.76873 107.8262 94.21554 52.50544 50.31998 23.19727 12.22919 12.22919 12.22919 12.22919
3.977032 3.977032 3.977032 3.977032 3.977032 99.60748 146.5618 115.6787 213.716 241.0487 274.7458 80.86088 80.73312 77.16559 61.55381 58.76368 95.63017 101.345 113.6859 120.1814 95.18745 102.4581 90.22572 78.14126 78.14127 84.18621 100.5985 100.5985 100.5985 100.5985 99.7999 100.2218 91.55143 80.02824 76.60862 101.0034 73.42988 73.69244 304.5495 1129.889 1525.205 195.4397 115.1328 110.2415 77.0991 75.7989 76.98728 78.02406 78.03761 80.07331 82.10754 79.60225 57.26748 50.51596 50.67407 60.14846 57.21113 44.89392 46.03407 64.44781 67.76872 103.3363 54.42011 52.50545 50.12656 13.90653 12.22919 12.22919 12.22919 12.22919
3.977032 3.977032 3.977032 3.977032 3.977032 38.54548 142.2529 128.1654 135.1755 170.5567 202.5596 120.0335 80.73312 69.45641 52.4745 59.96106 94.99588 94.6571 112.6343 115.6402 96.14153 113.2246 106.8099 79.522 78.14126 87.57231 96.62164 99.08919 99.99086 105.2901 113.216 113.315 108.0769 108.805 116.6783 120.0473 114.1142 105.5709 125.4197 1085.753 1184.756 184.6378 93.27084 83.84081 75.25808 75.75417 75.78436 66.28677 60.50851 70.96421 82.10754 72.83414 63.46136 60.53855 55.0168 59.37617 43.52999 43.41879 51.87091 60.75008 47.67822 38.87114 22.70331 22.50844 20.38394 12.22919 12.22919 12.22919 12.22919 12.47428
3.977032 3.977032 3.977032 3.977032 3.977032 6.686596 102.8955 116.168 116.168 132.0854 205.7365 115.9917 80.73312 56.48901 53.91643 69.02566 74.23335 84.89854 89.45718 102.6918 116.0847 116.8659 116.8659 98.90897 93.90055 107.9272 96.00976 95.79219 98.4184 128.9134 131.5677 127.5957 113.7246 114.9783 116.278 118.8835 126.4823 129.9748 128.2428 182.4836 191.9519 100.6214 67.14273 73.88776 74.85415 75.51071 75.76952 69.14999 44.77654 48.43181 77.83878 70.50446 64.72694 64.72694 62.35848 61.15096 45.41335 43.2131 52.49389 62.62328 52.80689 38.25226 27.80029 14.35343 12.22919 12.22919 12.22919 12.70667 14.57056 17.03004
3.977032 3.977032 3.977032 18.65828 34.97361 54.96336 68.18062 99.19881 99.92892 96.50415 148.1664 108.0005 96.47243 56.84049 54.50061 71.14792 71.62019 83.90733 90.99054 198.3515 202.4983 250.565 153.3939 108.9032 110.2568 111.2048 107.926 107.4557 95.90395 99.97244 131.9473 127.5503 145.3646 155.5952 106.9848 113.9854 127.4088 110.8848 95.42683 83.40192 99.14079 82.76363 66.7739 72.7853 74.84547 74.89924 61.9079 55.08342 44.4663 44.77654 46.04717 49.66706 62.89182 64.72694 63.19736 61.33527 48.91008 37.77034 36.45855 55.83572 62.44944 52.57827 37.82885 16.55247 12.22919 13.42001 16.47685 17.80044 17.85231 17.85231
3.977032 3.977032 3.977032 49.20969 55.97736 55.97735 55.97735 55.97735 55.97736 57.75474 89.7738 106.9347 108.1384 105.3986 84.75629 74.64927 71.17558 83.24409 131.0542 939.1734 2007.41 326.7341 160.9734 108.3458 111.1258 111.2048 111.8773 166.5948 120.066 102.265 132.5619 132.979 246.8317 109.5271 99.83551 106.1547 113.3699 99.5841 82.49276 80.46139 77.89751 76.05225 66.77345 66.77345 65.89651 42.00555 32.90153 33.03817 47.84899 50.5038 47.11511 44.77654 48.19246 61.14136 64.40661 60.74788 53.09872 39.69611 35.96095 35.96095 48.16574 54.96215 37.83836 20.59527 12.22919 15.83515 17.85231 17.85231 17.85231 17.85231
3.977032 3.977032 8.636253 50.51476 52.71267 54.37831 55.82447 55.97736 55.97735 55.97736 55.97735 60.17269 84.86118 94.02979 101.6359 103.9779 94.84523 102.5841 123.4878 459.5156 1800.18 478.848 162.7503 108.2154 705.0085 314.484 123.5099 171.3557 167.5274 89.24562 67.4654 86.8825 265.3096 99.83551 99.8355 108.7918 113.3699 109.983 82.49275 81.30973 77.89751 76.51195 66.87294 66.77345 42.98309 32.90153 32.90153 39.12549 54.84755 54.92413 50.8229 42.75433 42.5234 46.87292 55.42478 54.80182 53.71988 53.31333 38.28326 35.96095 35.96095 38.48785 37.88976 30.40789 12.58472 17.12448 17.85231 17.85231 17.85231 19.29691
3.977032 3.977032 25.38956 51.69624 51.69624 51.69624 52.1167 55.13602 55.97736 55.97736 55.97736 55.97736 72.72132 84.77784 91.00169 106.2001 105.3964 105.271 111.0958 116.8763 114.2437 145.6308 154.2764 115.4836 442.107 153.3708 149.5638 171.3557 170.107 141.4711 60.04571 69.52457 108.8882 102.6293 104.7022 110.1285 112.8528 106.6577 92.16843 94.67012 80.25387 79.76878 66.39381 58.88771 51.64815 44.04853 34.63368 51.39599 54.92413 54.92413 45.48132 42.52331 42.52331 45.51462 53.06307 53.19035 53.68113 53.71988 49.17537 35.96848 36.41887 37.88564 37.90144 37.90068 22.70326 17.85231 17.85231 19.55602 18.17404 25.46193
4.544102 7.492235 47.66245 51.69624 51.69624 51.69624 51.69624 51.69762 52.09872 87.13681 92.07636 73.6428 84.60464 84.77784 86.45449 106.2705 107.2773 106.2731 105.5569 105.0865 103.9109 97.11165 117.4616 110.6615 158.3491 146.9083 76.82626 79.9818 87.57687 94.31124 86.84805 106.2895 113.5879 108.6471 112.2129 98.58502 80.12514 75.72927 99.50932 96.1237 87.69369 84.04995 54.31872 54.31872 54.31872 49.56904 46.91346 52.61993 52.076 54.13934 46.0072 42.75348 42.52331 43.72982 52.35973 53.06307 53.10077 53.48813 53.71276 38.83704 36.75731 37.90144 37.90144 37.90144 34.13797 29.10705 43.69655 54.22374 42.85716 27.38112
41.24789 43.89302 44.16061 44.38771 44.79213 45.58699 46.30846 49.98557 47.65766 68.98389 122.9146 120.2406 105.9997 97.41544 106.375 109.7358 116.3102 113.1721 103.4772 104.3321 103.9367 90.31691 85.64315 59.83754 59.83755 59.83754 59.83755 62.14593 88.39751 93.60067 95.66624 100.7349 120.6906 139.1895 124.1492 75.77143 75.72927 75.72927 96.48926 96.31362 87.69369 82.53455 54.31872 54.31872 54.31872 49.63578 49.21349 49.21349 49.21349 49.21349 49.2958 59.12931 52.51152 42.74745 52.28384 53.06308 53.06308 53.19823 53.71988 43.07003 36.13219 37.64394 37.90144 38.47681 39.80391 39.94643 51.49947 55.0906 50.51887 27.38112
44.14256 44.14256 44.14256 44.14256 44.14256 44.14255 44.14256 44.80902 45.06825 72.87132 122.9146 122.9146 120.2809 109.3563 109.3507 110.7145 114.4218 100.2245 97.54568 101.4775 103.5263 91.93356 81.18649 59.83755 59.83755 64.92303 77.87289 86.01188 88.0881 97.7878 105.8493 106.2587 113.0952 142.1906 117.4593 75.72927 75.72927 75.72927 98.09637 98.40367 87.6937 85.55203 71.90635 57.33823 54.31872 58.03482 55.40873 56.83269 69.50045 55.52496 65.58637 60.37495 60.31536 54.1249 54.15056 51.83303 51.87009 53.2268 53.67456 36.18353 35.96095 36.63254 37.90144 39.36602 39.94644 39.94644 52.4197 55.0906 51.54427 35.32359
54.28073 55.04396 53.71705 52.77536 51.47439 51.68061 51.37631 49.03934 44.14255 107.1938 122.9146 122.9146 117.4287 106.2572 103.4537 115.3383 115.0569 95.16283 97.54568 102.1208 105.4131 104.7382 86.32332 59.83755 59.83754 73.35254 89.88704 88.55067 88.08809 99.94232 106.9541 106.2587 129.6477 123.6474 88.77736 75.72927 75.85351 79.04298 100.3245 102.3898 87.66498 82.90726 75.52218 59.10239 57.62802 59.9264 50.75374 66.82435 76.82131 76.82131 76.15911 60.37495 60.37495 59.1704 50.87557 45.04342 45.50081 49.52361 50.64559 36.88496 35.96095 37.40603 104.8492 69.69306 39.94644 39.94644 49.55069 55.15376 57.46267 57.66148
11.14511 16.73489 23.92203 38.52755 54.75541 56.42663 56.42663 56.03503 54.01049 114.3804 95.63558 91.53246 92.54692 101.4068 109.2286 119.0551 95.3009 68.66238 93.4722 102.2766 105.4283 105.4283 78.96218 65.46342 65.24046 82.11853 95.10054 92.62759 88.0881 103.2243 109.6269 107.842 100.1153 87.78173 85.12226 96.90607 115.8338 92.12691 96.76297 109.8256 102.0573 78.0208 70.64974 59.105 60.24862 62.36498 54.36837 71.95299 76.82131 76.82132 75.84097 59.89907 59.86126 46.68631 45.06177 45.04342 45.07102 45.87273 46.16167 49.20382 75.0975 104.1738 101.6653 61.33882 39.9828 39.94644 50.73132 56.74669 57.66149 57.66148
8.134482 8.134482 8.134482 8.134482 12.95292 49.55618 56.42663 56.42663 93.4584 123.5978 96.71661 83.96546 83.96546 87.17437 97.87657 108.8288 70.55489 66.10214 89.88911 105.4283 101.7929 87.0434 67.77267 67.72583 67.72584 78.33314 95.09793 95.67936 91.03845 107.1415 117.3809 110.1786 95.17123 99.48478 89.91766 97.89812 101.6344 81.3401 89.18536 105.1564 101.7709 76.71017 60.84771 59.105 60.46495 62.66694 62.49944 63.5528 69.74438 61.55557 59.90017 51.65516 51.00203 46.9977 45.07138 45.20084 45.59898 46.16504 46.16504 46.16504 47.29928 82.89316 56.18149 40.4937 40.47753 40.05647 48.52031 49.20577 54.27435 57.66149
8.134482 8.134482 8.134482 8.134482 8.134482 12.95673 48.39695 82.75441 122.1684 126.2109 122.5713 83.96546 83.96546 82.89468 82.34675 82.34675 81.46748 69.58396 70.86505 95.85065 98.97044 96.49299 86.35023 75.39967 67.72583 67.72583 85.07678 103.6315 103.1175 113.9152 118.4836 86.77694 96.08896 129.6301 445.374 99.97984 94.59235 74.97952 86.42481 102.4961 90.35059 81.20149 65.02713 61.43336 61.83231 62.66695 62.55211 62.40281 62.39713 57.45984 50.43977 50.43977 50.43977 50.35382 50.25238 50.43977 48.0032 46.16504 46.16504 46.16504 45.74677 41.00635 40.4937 40.4937 40.4937 40.38441 43.15355 45.42841 49.79364 51.43271
8.134482 8.134482 8.134482 8.134482 8.134482 8.134482 9.344806 48.95539 111.2746 122.9215 117.5961 83.96547 83.96546 83.18401 82.34675 80.42216 64.72336 63.84248 61.96881 51.07341 92.50953 96.71664 96.71664 87.08022 61.56034 56.75103 197.2095 266.8594 74.33119 92.89925 96.21127 85.44991 87.10649 372.7749 1269.289 86.79922 72.40279 72.40279 85.05345 102.4961 102.4961 102.5114 103.7709 92.14044 62.80326 62.67407 62.63111 62.40281 62.62642 74.58693 146.9552 58.54219 50.43977 50.43977 50.43977 50.43977 47.55855 46.16504 46.16504 46.16504 51.92327 73.44215 70.65971 63.62209 64.6385 40.4937 43.26745 45.40812 45.40812 45.40812
8.134482 8.134482 8.134482 8.134482 8.134481 8.134482 8.134482 8.134482 8.134482 57.1666 82.83607 78.72996 80.25243 79.57362 81.35173 82.34675 63.61189 62.16958 61.88816 47.45962 77.4175 73.67378 59.42207 51.45761 51.30918 51.30919 51.30919 59.99032 68.37215 98.80247 86.0457 80.69024 88.16944 98.97786 99.52541 93.58681 73.9875 72.40279 82.71278 102.4961 102.4961 104.4934 105.9994 84.68823 66.38014 66.34925 66.49513 65.25151 66.44421 73.48061 169.7606 144.3722 92.21719 101.6935 76.95914 61.06199 55.3699 54.6969 59.77327 94.92528 101.7004 94.97988 94.97988 94.97988 93.188 50.14942 42.44997 45.5643 46.21814 47.44024
8.134481 8.134481 8.134481 8.134481 8.134481 8.134481 8.134481 8.134482 8.134481 53.70699 75.18527 75.18527 75.18527 75.18527 85.87084 87.26131 62.19037 62.85029 62.35762 56.97567 45.5436 45.5436 46.75581 47.31906 48.45881 51.06976 51.30918 59.25551 85.5279 98.47552 82.03999 80.69024 98.13299 93.95886 82.95744 73.36985 50.08541 60.89415 80.43087 110.1076 108.5375 108.5613 107.0907 83.08891 66.50104 66.5272 67.99693 66.69846 66.66322 68.23407 159.4833 169.7744 169.7744 169.7744 169.7744 163.6078 64.59573 64.58528 104.7605 150.0057 126.1671 94.97987 94.97987 94.97987 86.52151 74.01331 66.10983 57.07296 53.32523 57.4735
8.134482 8.134482 8.134482 8.134482 8.134482 8.134482 8.134481 8.134482 8.134482 67.81781 83.556 90.2012 86.80991 75.69839 102.648 106.9882 91.41877 65.89098 65.44614 65.58397 48.27186 45.5436 45.54359 45.5436 45.14987 44.19718 51.18032 59.03259 65.96772 90.24171 80.69089 80.45117 95.2965 75.38927 67.9701 46.69331 43.44689 45.05597 71.09416 108.0349 108.6026 108.9642 108.1521 98.34647 84.95905 88.84519 68.55645 68.3818 68.42015 68.45959 113.3439 169.773 114.8364 139.652 169.7744 137.409 64.58529 64.58528 141.6484 150.0027 101.3805 87.63066 88.96434 91.75893 84.31489 74.11895 70.64323 58.22246 57.98483 60.81512
8.134482 8.134482 8.134482 8.134481 8.134481 8.134482 8.134482 8.134481 8.726521 92.83504 104.13 104.13 104.915 97.05228 106.1673 107.1079 107.1079 73.02802 65.85973 65.85973 53.56049 45.5436 45.5436 45.46236 43.59613 43.169 48.40438 58.355 64.82468 74.99658 74.73919 74.54055 73.4527 71.77368 56.35741 43.44689 43.44689 43.44689 58.0811 100.9205 100.9205 100.7148 78.35847 77.68023 72.12058 67.83191 67.88048 68.45959 65.68325 62.78252 66.06039 71.51559 52.4097 124.0568 168.7857 92.63039 64.58529 64.58529 68.69926 69.09765 62.91662 71.40714 73.91978 73.91978 74.16982 71.96766 73.5495 65.74919 59.5666 60.85479
8.134482 8.134482 8.134482 8.134482 8.134481 8.134482 8.134482 8.134482 17.57995 104.13 103.5605 104.13 104.13 104.5149 105.5175 106.5548 107.1079 80.69149 65.85973 65.85973 56.96761 45.54359 45.5436 44.21084 43.169 43.169 43.57477 53.3808 53.05847 70.62529 71.77367 71.77368 71.77368 71.77368 65.25494 43.44689 43.44689 43.44689 73.17577 100.9205 100.9205 87.51413 48.45388 47.72105 47.72105 47.72105 60.94043 66.0921 52.49129 52.4097 52.38728 49.2469 44.74865 72.38006 86.28255 61.5921 62.18193 61.92401 61.12197 60.93085 60.93084 69.39967 73.91978 73.91978 72.89017 71.35932 73.66092 66.31696 66.10268 65.65794
8.134482 8.134482 8.134482 8.134482 8.134482 8.134482 8.134482 8.134482 25.57602 102.7341 99.13683 102.0686 103.8621 104.13 104.13 104.3697 105.2665 79.72176 65.85973 65.85973 54.91425 45.19555 44.8881 43.19025 43.169 43.169 42.58184 34.82336 34.49355 65.95805 70.83993 70.95332 71.1432 71.41626 69.62125 52.36843 47.53544 43.59913 51.28604 87.4863 84.53454 71.18684 47.72105 47.72105 47.72105 47.72105 56.97462 62.01961 52.40969 52.28391 48.09148 37.76535 38.11 53.77617 58.08254 60.10786 58.15789 56.28621 57.28723 60.24221 60.93084 68.73685 73.91978 73.84157 71.5903 71.49826 74.05779 67.74305 66.29503 80.93157
8.134481 8.134481 8.134481 8.134481 8.134482 8.134481 17.60129 13.54373 52.15653 121.609 98.79622 98.79622 99.11198 101.6467 95.16965 104.0938 96.11842 76.33404 65.85973 65.85973 56.73075 43.169 43.169 43.169 43.169 42.96381 35.32899 33.92778 33.92778 57.84217 68.78419 68.78419 68.78419 68.78419 67.60502 56.7499 56.7499 55.49564 56.52956 68.13778 76.40542 69.32538 60.31075 59.17207 50.13331 47.72105 47.12804 42.33733 40.47763 38.87024 37.78053 37.76535 39.46624 41.99715 41.99715 41.99837 42.059 41.99715 41.99715 42.8089 54.84013 55.72356 66.88369 71.89282 71.47675 73.77724 79.43227 110.5039 108.8408 126.006
15.67131 20.03729 45.38512 36.75883 26.47111 25.99619 64.46191 62.9931 110.4753 157.1193 122.7663 98.8064 98.79622 80.99189 45.60474 53.94338 47.20238 50.77921 65.85973 65.85974 53.1529 43.169 43.169 43.169 43.169 41.37235 33.92778 33.92778 33.92778 40.19651 58.20634 68.78419 68.78419 68.78419 65.02595 56.74991 57.67978 59.61431 59.37493 66.63141 73.75111 73.76911 74.40367 69.06442 51.71464 48.47166 45.84008 37.76535 37.76535 37.76535 37.76535 37.76535 40.22517 41.99715 41.99715 41.99715 41.99715 41.99715 41.99715 41.99715 42.80203 47.31052 47.59352 49.10822 64.36888 67.96757 107.7082 135.065 135.065 133.1844
48.8062 48.97216 66.91859 71.826 71.826 71.826 72.37451 113.0746 144.6636 153.8781 158.2126 108.8845 98.79623 56.17509 45.60474 45.60474 45.60474 52.13934 65.85973 65.85973 54.23048 43.169 43.169 43.169 43.08426 35.13206 33.92778 33.92778 33.92778 33.92778 33.96099 54.92445 68.78419 68.78419 68.98987 59.37906 58.24197 61.99487 61.99487 65.60791 70.61637 70.61637 63.3641 54.23413 54.23413 54.23413 50.39743 37.76535 37.76535 37.76535 37.76535 37.65208 35.4318 37.02708 39.23103 39.25871 38.20931 36.16142 35.26507 39.94014 47.20573 47.59353 47.59353 55.42315 61.84697 61.86066 79.42902 128.4982 115.7705 97.51165
49.11631 49.11631 55.84068 61.4172 71.826 71.826 83.63702 127.1093 127.1388 130.2212 155.9855 149.3925 110.5627 46.13709 45.60474 45.60473 45.60474 53.04121 65.51738 65.43658 46.58662 43.169 43.169 43.169 42.58514 58.37506 42.66197 33.92778 33.92778 33.92778 33.92778 34.00081 39.90327 78.33308 96.20142 103.2121 61.93772 61.99487 61.99487 61.52731 58.50431 59.13472 54.30202 54.23413 54.23413 54.23413 52.84942 37.77931 37.76535 37.76535 37.76535 37.76515 33.05304 32.59469 32.59469 32.59469 32.59469 32.59469 32.59469 36.85741 47.59353 47.59353 48.86134 61.34914 61.84697 67.1741 78.74131 86.15614 94.95316 96.79955
49.11632 49.11632 49.11632 55.70797 71.826 70.23417 94.2789 127.1093 127.1093 127.1093 153.5802 111.0752 86.4822 45.60474 45.60474 45.60474 45.60474 47.04922 49.33773 47.44736 44.19155 43.169 43.169 43.169 59.47403 81.19828 63.48176 34.84324 38.63063 39.87304 33.95885 33.92778 33.92778 70.57703 95.85592 102.7655 72.01819 62.19413 61.99487 61.76959 54.32029 39.67387 41.88848 42.69613 42.66246 42.46486 42.54242 37.89 37.74036 37.73556 37.7307 37.72375 33.40003 32.55513 31.49291 31.5076 32.59469 32.59469 32.59469 35.71261 47.59353 47.59353 49.70014 61.84697 61.84697 69.9231 81.15972 101.1622 95.23058 96.60411
49.13933 49.11631 49.11631 49.62393 61.77973 62.56316 76.1562 116.7465 127.1093 127.2101 145.1534 45.60474 45.60474 45.60474 47.05294 68.60851 78.58306 68.52633 46.50624 46.50624 46.32262 43.65222 43.169 45.80909 81.42551 102.2701 73.74414 59.28758 60.66098 60.66098 57.35646 51.76384 58.25039 89.8592 97.28008 107.69 109.1341 91.46284 62.5352 61.98526 49.69354 37.16007 37.16007 37.16007 37.16007 37.16007 37.16007 37.16007 37.16007 37.16007 37.16007 37.16007 32.51332 28.69693 28.14756 28.424 29.45049 30.8874 31.50518 33.91779 43.50037 47.77489 51.73418 57.14674 64.97601 78.23248 94.92232 113.1015 111.4087 102.9901
49.3752 49.11631 49.11631 49.11632 49.6094 62.47555 62.47555 65.24165 69.44232 99.71755 147.8803 55.6798 58.03418 59.78362 60.10844 91.51672 92.81712 53.14468 46.50624 46.50625 46.50624 45.80776 43.28167 43.48988 78.61724 98.14321 82.86211 60.66099 60.66098 69.46978 80.312 82.9896 94.81241 97.02055 99.46546 109.1341 98.59361 76.24871 61.95932 49.13986 37.16007 37.16007 37.16007 37.16007 37.16007 37.16007 37.16007 37.16007 37.16007 37.16007 37.16007 37.16007 31.62583 28.14756 28.14756 28.14756 28.14756 28.14756 28.20514 28.21107 28.16302 51.77617 53.42979 53.42979 54.93982 70.68946 106.8428 103.6149 112.7465 104.4899
49.37232 49.11632 49.11631 49.11632 49.15202 60.67938 62.47555 62.47556 62.47555 67.49092 72.87901 72.75239 75.7586 69.58968 78.08064 92.81712 92.84888 51.51511 46.50624 46.50624 46.50625 47.4927 55.59709 59.99735 74.38322 87.56911 112.1547 89.57645 61.35841 64.89072 98.86735 99.86622 100.8409 100.1311 94.04796 102.7261 92.08521 57.44832 57.44832 40.25368 37.16007 37.16092 37.16007 37.16007 37.16007 37.16007 36.37077 34.99953 34.58143 35.45653 35.62058 35.5523 28.42812 27.23557 27.66448 27.65712 27.76158 27.23983 27.03559 28.14756 28.14756 39.67274 51.96182 53.42979 53.4298 61.77548 69.70577 69.70577 73.69281 103.5035
49.49133 50.53865 49.11631 49.11632 49.15586 59.61766 62.47555 66.09843 63.38476 63.72649 72.53912 79.05628 79.35019 78.56609 80.57087 82.64065 87.95938 104.7803 83.75374 46.50625 46.50624 54.0111 56.01875 55.74472 56.9126 62.47026 76.25291 107.9648 82.04965 62.04056 93.59598 100.4567 101.3824 94.71538 77.31557 76.59441 74.41243 58.45385 53.85276 37.31667 37.59707 37.73143 37.75143 37.68592 34.60555 34.47879 34.69944 34.10912 34.007 34.007 34.007 34.00623 16.79346 15.91297 15.91297 15.73464 14.43307 14.40487 14.84672 18.56501 16.72926 15.79724 21.83176 65.36726 66.42226 69.58054 69.70578 69.94939 89.94267 100.004
