Scenarios/Heterogeneous/data/country_data_population_distribution/processed/density_grids/uga.asc
ncols 144
nrows 149
xllcorner 29
yllcorner -1
[rows 0 to 31 of 149, columns 71 to 141 of 144]
0 0 0 0 0 0 0 0 0 0 0 0 0 0 0 0 0 0 0 0 0 0 0 0 0 0 0 0 0 0 0 0 0 0 0 0 0 0 0 0 0 0 0 0 0 0 0 0 0 0 0 0 4.857479 9.623672 0 0 0 0 0 0 0 0 0 0 0 0 0 0 0 0 0
0 0 0 0 0 0 0 0 0 0 0 0 0 0 0 0 0 0 0 0 0 0 0 0 0 0 0 0 0 0 0 0 0 0 0 0 0 0 0 0 0 0 0 0 0 0 0 0 0 0 0 6.698042 4.663262 4.663262 0 0 0 0 0 0 0 0 0 0 0 0 0 0 0 0 0
0 0 0 0 0 0 0 0 0 0 0 0 0 0 0 0 0 0 0 0 0 0 0 0 0 0 0 0 0 0 0 0 0 0 0 0 0 0 0 0 0 0 0 0 0 0 0 0 0 0 7.866669 7.327004 5.325669 4.663262 0 0 0 0 0 0 0 0 0 0 0 0 0 0 0 0 0
0 0 0 0 0 0 0 0 0 0 0 0 0 0 0 0 0 0 0 0 0 0 0 0 0 0 0 0 0 0 0 0 0 0 0 0 0 0 0 0 0 0 0 0 0 0 0 0 0 7.948839 7.3343 7.3343 5.554974 4.663262 4.712722 0 0 0 0 0 0 0 0 0 0 0 0 0 0 0 0
0 0 0 0 0 0 0 0 0 0 0 0 0 0 0 0 0 0 0 0 0 0 0 0 0 0 0 0 0 0 0 0 0 0 0 0 0 0 0 0 0 0 0 0 0 0 0 0 8.133177 7.3343 7.3343 7.3343 5.059276 4.663263 4.096369 0 0 0 0 0 0 0 0 0 0 0 0 0 0 0 0
0 0 0 0 0 0 0 0 0 0 0 0 0 0 0 0 0 0 0 0 0 0 0 0 0 0 0 0 0 0 0 0 0 0 0 0 0 0 0 0 0 0 0 0 0 0 0 8.34166 7.3343 7.334301 7.3343 7.329563 4.913309 4.663263 4.663263 3.826622 0 0 0 0 0 0 0 0 0 0 0 0 0 0 0
0 0 0 0 0 0 0 0 0 0 0 0 0 0 0 0 0 0 0 0 0 0 0 0 0 0 0 0 0 0 0 0 0 0 0 0 0 0 0 0 0 0 0 0 0 0 8.574286 7.3343 7.3343 7.3343 7.3343 7.3343 5.361539 4.663263 4.663263 4.660529 0 0 0 0 0 0 0 0 0 0 0 0 0 0 0
0 0 0 0 0 0 0 0 0 0 0 0 0 0 0 0 0 0 0 0 0 0 0 0 0 0 0 0 0 0 0 0 0 0 0 0 0 0 0 0 0 0 0 0 0 8.831058 7.334301 7.3343 7.334301 7.3343 7.334301 7.158225 5.322227 4.663262 4.663263 3.926481 0 0 0 0 0 0 0 0 0 0 0 0 0 0 0
0 0 0 0 0 0 0 0 0 0 0 0 0 0 0 0 0 0 0 0 0 0 0 0 0 0 0 0 65.24187 30.47609 59.13216 0 0 0 0 0 0 0 0 0 0 0 0 0 9.119863 7.3343 7.3343 7.334301 7.3343 7.334301 7.3343 7.332654 5.270589 4.797246 4.663262 4.350431 4.46602 4.655298 0 0 0 0 0 0 0 0 0 0 0 0 0
109.7115 0 0 0 0 0 0 0 0 0 0 0 0 0 0 0 0 0 0 0 0 0 0 0 0 0 90.65999 34.30941 30.47609 30.47609 30.47609 39.35945 0 0 0 0 0 0 0 0 0 0 0 10.33754 7.3343 7.3343 7.3343 7.3343 7.3343 7.3343 7.3343 7.3343 7.32301 4.867958 4.663262 4.663263 5.305851 0 0 0 0 0 0 0 0 0 0 0 0 0 0
65.13041 72.10753 0 0 0 0 0 0 0 0 0 0 0 0 0 0 0 0 0 0 0 0 0 74.62884 33.60654 30.47609 30.47609 30.47609 30.47609 30.4761 30.47609 30.47609 29.31365 59.50821 75.3453 87.37741 0 0 0 0 0 0 10.83134 7.3343 7.3343 7.3343 7.3343 7.3343 7.3343 7.3343 7.3343 7.3343 7.3343 4.88571 4.663262 4.663263 4.664844 7.190113 6.835695 0 0 0 0 0 0 0 0 0 0 0 0
65.1304 65.13041 90.85831 0 0 0 0 0 0 0 0 0 0 0 96.41158 30.74347 28.09442 26.68969 28.2853 29.30132 29.30132 29.30132 29.30133 29.30132 29.48385 30.47609 30.47609 30.47609 30.47609 30.47609 30.47609 29.81211 18.11514 15.56528 15.56528 15.56528 15.68022 16.21419 16.21419 16.21419 16.21419 13.27759 7.334299 7.3343 7.3343 7.334299 7.3343 7.3343 7.3343 7.334299 8.955901 12.96998 23.89815 9.321163 4.663262 10.65792 4.663262 4.694641 6.244331 6.484123 0 7.998721 0 0 0 0 0 0 0 0 0
65.13042 65.13041 65.13041 139.8748 0 0 0 0 0 0 0 0 0 35.97102 8.342237 8.770295 24.76864 26.68969 28.70736 29.30132 29.30133 29.30133 29.30133 29.30133 29.31389 31.16336 31.93913 30.69781 30.47609 29.68517 26.05917 19.92104 15.56529 15.56528 15.56529 15.56528 15.88955 16.21419 16.21419 16.21419 16.21419 16.19089 13.38449 17.97779 15.07003 7.3343 7.3343 7.3343 12.67765 31.94901 39.76934 43.63137 54.06924 63.49872 61.07896 90.77352 90.3172 100.8494 98.83037 34.39912 4.663262 4.663262 5.798011 0 0 0 0 0 0 0 0
65.13041 65.13041 61.79574 66.72115 0 0 0 0 0 0 0 97.74658 9.349854 8.342237 8.342237 8.342237 24.63973 26.68969 27.732 29.30133 29.30133 29.30133 29.30133 29.39607 31.5733 33.63287 33.41929 32.91745 31.15079 16.10851 15.56529 15.56529 15.56529 15.56529 15.56529 15.56529 16.14706 16.21419 16.21419 16.21419 16.21419 16.21419 22.39895 44.02383 39.76122 13.77087 7.377096 17.48555 40.31374 43.64829 43.6483 53.66116 79.76171 84.30134 84.30135 89.91608 103.198 103.198 103.198 71.67427 4.663262 4.663262 4.663263 4.92791 0 0 0 0 0 0 0
83.39297 81.39031 55.41139 70.01111 0 0 0 0 0 0 35.94789 8.342237 8.342237 8.342237 8.342237 8.342237 23.40473 26.68969 26.73894 28.92813 29.30133 35.90585 48.7869 60.14481 53.45427 40.85913 33.41929 33.4193 30.19955 15.56529 15.56529 15.56529 15.56529 15.56529 15.56529 15.56529 16.08856 16.21419 16.21419 16.21419 16.21419 16.21419 16.21419 34.15652 44.10273 44.0989 37.18678 44.10273 44.05926 43.71001 43.6483 60.93221 69.49897 71.12035 84.30134 90.36105 123.0475 124.3208 94.84751 84.29844 26.25961 13.93061 13.99803 15.15047 0 0 0 0 0 0 0
114.1068 93.19959 55.24434 55.6802 88.91317 69.4159 76.26793 0 0 0 29.78259 8.342237 8.342237 8.342237 8.342237 8.342237 19.1906 26.68969 26.68969 27.13801 30.52451 91.33565 85.89648 74.29497 72.18778 53.14331 37.56065 33.41929 30.23921 15.56529 15.56529 15.56529 15.56529 15.56529 15.56529 15.73273 16.14945 16.21419 16.21419 16.21419 16.21419 16.21419 16.21419 16.75444 34.79116 44.10273 44.10273 43.43901 38.58302 36.98125 41.45171 43.59485 35.29921 12.96163 109.0862 159.0385 150.2832 61.52299 18.74613 14.78491 14.78491 14.78491 14.78491 15.75031 0 0 0 0 0 0 0
86.72189 94.52074 68.17194 67.07899 66.644 66.644 52.51669 82.53136 127.5707 0 8.34271 8.342237 8.342237 8.342237 8.342237 8.342237 13.71695 25.35305 26.68969 26.68969 26.68969 72.88539 72.56129 61.07489 137.1447 65.33672 36.76645 33.41929 31.9897 22.51517 25.29708 16.33758 22.07035 29.04128 25.48317 21.04714 16.21419 16.21419 16.21419 16.21419 16.21419 16.21419 16.21419 16.21419 21.9527 27.81798 24.90967 24.78866 17.51807 6.299668 24.26686 17.22514 8.830453 6.299483 101.5248 268.9725 339.1205 24.69405 14.63395 14.78491 14.78491 14.78491 14.78491 16.51967 0 0 0 0 0 0 0
86.20179 103.2426 112.8186 96.96618 67.01524 66.64401 47.25381 37.61674 37.61674 35.57543 13.02942 8.342237 8.342237 8.342237 8.342237 8.342236 8.342237 18.74424 26.68969 26.68969 25.60607 38.73367 58.99976 60.15347 144.9354 119.939 48.13424 37.48199 36.9648 41.01543 42.88129 42.12893 42.88129 42.88129 42.88129 30.06224 16.21419 16.6045 16.21419 16.21419 16.21419 16.21419 16.21419 16.21419 19.53921 23.20082 23.2168 23.2168 9.922771 6.299484 6.299484 6.299484 6.299484 6.306234 51.67148 93.53348 199.9796 52.77494 2.519366 3.51198 5.826711 6.782148 15.52333 0 0 0 0 0 0 0 0
86.20179 95.08975 112.8186 112.8186 97.08047 108.6065 56.73461 37.61674 37.61674 37.61674 26.7649 10.5498 8.342236 8.342237 8.342237 8.342236 8.342237 12.59912 26.68969 24.2401 22.63314 28.42189 58.99976 58.99975 84.72277 88.44241 54.40589 75.72501 43.15268 42.88129 42.88129 42.88129 42.88129 42.58448 42.59917 37.80106 36.48207 40.13437 28.79396 16.44362 16.21419 16.21419 16.21419 16.21419 16.21419 17.64095 22.80034 23.2168 11.92076 6.299483 6.299484 6.299483 6.299483 6.299483 6.299484 47.9761 93.09254 77.3769 5.501865 2.466696 2.466695 2.466696 3.779949 0 0 0 0 0 0 0 0
506.3262 94.91539 110.0516 112.8042 112.8186 90.22826 42.04216 37.61674 37.61674 37.61674 37.61674 23.96267 8.342237 8.342237 8.342237 8.610338 11.61711 20.76129 25.75807 20.55303 20.50856 21.7588 47.61701 60.14199 60.89297 77.0427 96.85333 104.3657 42.88129 42.88129 42.88129 42.88129 42.88129 41.3497 40.64241 40.64236 40.64236 40.64236 35.07553 16.24233 16.21419 16.21419 16.21419 16.21419 16.21419 16.21419 19.69444 23.2168 10.58008 6.299483 6.299484 6.299483 6.299484 6.299483 6.299483 10.42607 42.07145 73.0185 4.36946 2.466696 2.466696 2.466696 14.53226 0 0 0 0 0 0 0 0
685.3311 93.8183 94.21007 106.9281 112.8186 101.5909 38.18052 37.61674 37.61674 37.61674 37.61674 34.59565 9.553601 8.342237 8.342237 8.988153 19.27187 21.68137 21.29752 20.50856 20.50856 20.50856 43.80513 64.58669 64.58669 82.61844 111.6671 103.173 53.87126 48.63363 50.377 82.04964 47.34093 61.88597 43.60113 44.25404 40.64236 40.64236 24.1755 16.21419 16.21419 16.21419 16.21419 16.21419 16.21419 16.21419 21.09341 26.15838 14.98726 6.299484 6.299484 6.299484 6.299484 6.299484 6.299484 6.299484 4.116827 3.246998 2.466696 2.466695 2.466696 2.466695 5.734367 0 0 0 0 0 0 0 0
149.7885 94.04235 93.81829 109.1562 112.8186 99.17651 45.03051 37.61674 37.61674 37.61674 37.61674 37.61674 33.72355 21.66603 8.640026 8.358861 20.12929 20.50856 20.50856 20.50856 20.50856 24.95396 60.70773 64.58668 64.58668 416.1028 980.2032 94.1505 75.18336 125.4545 120.9331 118.2403 67.97198 73.36163 73.36121 67.02633 41.04539 40.64236 31.15295 21.57791 18.32574 16.21419 16.21419 16.21419 16.21419 16.21419 25.63968 34.6279 28.18151 15.97424 16.36784 6.299483 6.299483 6.299483 6.299483 6.299483 4.54285 2.466695 2.466696 2.466695 2.466696 2.466695 2.466695 0 0 0 0 0 0 0 0
192.0105 93.34626 93.81829 106.2814 112.8186 86.02028 55.43103 37.61673 37.61674 37.61674 37.61674 37.61673 37.54239 34.94844 18.8607 12.90796 19.64229 20.50856 20.50856 20.50856 20.50856 20.50856 57.95256 64.58668 67.20985 149.2356 938.0264 99.79559 88.18327 119.3353 107.297 71.56047 72.57614 73.36162 73.36163 65.8884 40.63844 40.58917 40.50057 40.49483 38.75032 32.25315 29.96898 25.20775 16.83601 18.68146 33.26731 34.64295 34.64295 34.64295 26.44027 11.04924 8.664603 6.777201 6.895008 6.307602 5.329614 2.466696 2.466695 2.466695 2.466696 2.466696 2.466695 10.38581 0 0 0 0 0 0 0
36.60874 53.47673 93.8183 97.73906 109.3614 86.47543 74.4746 37.8828 37.61674 37.61674 37.61674 37.61674 36.57116 32.73294 32.55628 29.51703 22.11541 20.50856 20.50856 20.50856 20.50856 20.50856 58.22492 67.91702 73.17747 73.63831 73.66843 97.25202 76.86736 110.4111 90.67522 67.40785 70.64489 73.25385 73.36163 72.70351 48.46728 40.49483 40.49483 40.49483 40.49483 40.49483 36.26294 34.64295 32.85304 32.40738 34.64295 34.64295 34.64295 34.64295 34.64295 34.64295 44.30601 67.8055 68.71738 54.30135 21.13935 2.466695 2.466695 2.466695 2.466695 2.466695 2.466695 7.538282 0 0 0 0 0 0 0
26.3865 50.24352 93.8183 93.81829 86.99383 79.75845 79.74042 51.96073 37.61674 37.61674 37.61674 37.54754 33.62409 32.67759 32.67759 32.67759 30.62953 20.51185 20.50856 20.50856 20.67337 25.52898 52.65281 42.12761 71.99459 75.01019 100.0758 79.79174 73.96878 68.30128 67.40784 67.40784 63.79572 65.83383 69.64663 65.38796 48.95604 44.02762 46.88091 52.0981 51.99245 48.82742 39.14692 34.64295 34.64295 34.64295 34.64295 34.64295 34.64295 34.64295 34.64295 34.64295 44.73457 68.95739 68.95739 68.95739 67.33394 10.44524 2.466695 2.466695 2.466695 2.466695 2.466695 4.308579 0 0 0 0 0 0 0
27.50409 70.38851 93.8183 93.8183 81.5024 79.74043 79.74043 77.02546 41.13162 37.61674 40.19252 40.75156 32.67759 32.67759 32.67759 32.67759 32.16105 26.81036 24.31232 23.76499 29.04376 33.35781 33.35781 33.35781 34.56578 98.00954 116.3809 96.9546 78.6926 70.93313 68.48714 66.37843 53.96969 49.85407 49.85407 49.85408 50.16334 66.55289 72.29645 72.57361 72.57361 72.57361 46.38068 30.40768 29.91437 30.84262 34.64295 34.64295 34.64295 34.64295 34.64295 34.64295 42.36478 68.95739 68.95739 68.95739 68.59891 59.85157 20.69678 2.486042 2.466695 2.466695 2.466695 2.466695 7.82736 0 0 0 0 0 0
39.34591 93.81829 93.8183 89.12344 79.75186 79.74042 79.74042 79.10033 40.74489 37.61674 41.62093 62.16191 32.67759 32.67759 32.67759 44.71773 59.30977 25.37918 25.33257 25.33257 28.50108 33.3578 33.3578 33.3578 33.42805 109.025 104.5281 85.81733 78.58701 78.64687 76.85645 64.55488 54.11996 49.85407 49.85407 49.85407 50.20816 59.19537 68.90462 72.57361 72.5736 72.57361 46.51104 20.27743 20.27743 27.97274 34.64295 34.64295 34.64295 34.64295 34.64295 35.49289 55.44635 68.95738 68.95739 68.91246 68.45562 68.44406 67.96806 51.84896 19.03628 7.943851 8.88342 2.717383 4.96416 4.391212 21.84048 0 0 0 0
51.78624 93.81829 93.8183 82.4833 79.74041 79.74041 79.74041 79.74041 63.23318 44.68023 60.28682 87.52534 76.68098 33.06002 32.67759 59.64071 77.50873 44.9464 25.33257 25.33257 26.04821 32.25144 33.3578 33.3578 40.76925 116.9274 84.2868 68.85071 66.273 68.36205 73.84696 64.37814 53.58238 49.85408 49.85407 49.85408 49.85408 223.4669 172.1084 71.73064 72.5736 72.57361 50.59468 20.27743 20.63557 37.10831 55.88206 49.89007 51.33632 49.2602 47.93669 60.07663 68.95739 68.95738 68.95739 68.85542 68.45087 68.21293 67.94148 67.94148 67.94148 67.84253 25.28245 14.13588 14.40545 14.40545 19.37574 0 0 0 0
59.24173 93.8183 91.17509 79.77175 79.74042 79.74042 79.74042 79.74042 79.74042 77.06207 82.83421 87.8313 87.08005 41.90966 33.7588 73.97778 77.50873 73.82829 32.33286 25.33257 25.33257 49.49617 50.21366 34.15592 40.76514 79.62557 61.49065 63.88039 64.37815 64.37815 64.37815 63.86678 51.72478 49.85408 49.85408 49.95911 54.97299 236.8421 129.8895 54.43796 52.61187 52.81779 42.24014 20.27743 20.27743 21.52705 58.32993 68.95739 68.95739 68.95738 68.95428 68.70673 68.74879 68.71592 68.64279 336.5029 137.0826 67.90554 67.94149 67.94149 67.94149 52.33435 14.40545 14.40545 14.40545 14.40545 16.7424 0 0 0 0
60.9398 87.32444 84.17068 71.91475 65.18263 88.54478 79.74043 79.74043 80.31594 87.49474 87.7496 87.97626 87.58369 80.31617 71.95456 77.50874 76.66533 69.12223 53.20901 25.33257 25.33257 57.30936 70.88691 47.01778 47.80098 61.49066 61.49065 63.1912 64.37814 64.37815 62.33813 54.76426 50.67076 50.04655 49.85408 51.62756 59.37131 59.37131 57.44678 51.02211 51.01395 51.01395 44.58553 20.27743 20.27743 20.27743 37.77627 52.8056 49.14752 68.41664 68.5209 68.45123 68.45123 68.45123 68.45123 426.564 75.34658 63.73423 67.94149 67.94148 65.3933 23.52019 14.40545 14.40545 14.40545 14.40545 14.40545 0 0 0 0
40.55577 42.35563 48.04947 41.09521 40.55577 111.1198 115.0734 88.56945 126.4928 122.0842 123.0601 175.0299 128.9214 77.3679 77.00375 77.03901 67.35684 65.75483 65.65559 38.96162 25.33257 51.43499 70.88691 51.25773 33.54435 59.74578 61.49065 61.82631 64.04523 62.87378 87.41711 65.22676 50.68662 63.11395 64.69638 61.49538 59.86118 63.01771 61.55674 51.08068 51.01395 51.01395 44.84534 20.27743 20.27743 20.27743 20.27743 20.27743 20.27743 36.18999 68.45123 68.45123 68.45123 68.45122 65.52164 56.19431 56.05003 56.23674 64.49616 67.29411 31.24113 14.40545 14.40545 14.40545 14.40545 14.40545 14.40545 0 0 0 0
40.55577 40.55577 40.55577 40.55577 40.55577 124.5507 150.7465 149.9196 150.7465 131.9372 184.0459 219.4895 178.2393 100.9725 87.80119 67.89507 65.75484 65.75484 65.75484 62.3302 49.96008 68.64791 70.88691 57.85107 36.24958 60.47256 61.49065 61.58039 63.95127 53.60907 179.9306 165.6042 56.46825 65.75243 81.18388 68.45144 68.01258 73.33646 65.70534 51.36458 51.01395 51.01395 45.85791 20.60289 20.27743 20.27743 20.27743 20.27743 20.27743 21.20608 64.57554 68.45123 68.45123 66.36592 57.80471 56.05002 56.05003 56.05002 59.58468 53.58543 15.13597 14.40545 14.40545 14.40545 14.40545 14.40545 14.40545 14.43846 0 0 0
