Scenarios/Heterogeneous/data/country_data_population_distribution/processed/density_grids/uga.asc
ncols 144
nrows 149
xllcorner 29
yllcorner -1
[rows 32 to 63 of 149, columns 71 to 141 of 144]
44.28266 104.1893 78.79507 40.55577 43.7375 138.5225 146.3769 150.7465 150.7465 150.1999 214.2695 219.4895 176.9402 141.4332 115.6378 66.01157 65.75484 65.75484 65.75484 65.75484 68.46404 70.88691 70.88691 70.01755 58.41752 61.33584 59.26758 60.97441 61.99566 54.69328 183.266 174.2359 68.32698 78.51561 83.42392 68.63831 80.49464 126.8819 67.4267 56.78912 51.01395 51.01395 51.01395 35.02498 20.27743 20.27743 20.27743 20.27743 20.27743 20.27743 46.63203 68.45123 64.21542 58.35652 56.05003 56.05003 56.05003 56.05003 56.25412 44.96638 18.33118 14.62549 14.40545 14.40545 14.40545 14.40545 14.40545 14.40545 14.93571 15.71337 0
70.18242 166.1879 159.1726 48.38414 40.57137 40.8629 90.78263 127.4659 150.7465 150.7465 201.3275 747.0908 662.7501 146.4965 145.3251 107.2003 67.6776 72.11963 65.75483 67.68852 87.5145 77.62849 68.96874 67.77018 60.34679 55.3603 54.81802 56.98542 54.84398 55.75602 78.44479 72.65171 74.75468 83.42392 87.71313 107.2957 124.6817 101.6016 67.38649 56.15339 54.59658 53.63437 52.78629 54.38211 60.20869 29.56394 20.27743 20.27743 20.27743 20.27743 43.48529 67.85192 57.32927 56.05003 56.05003 56.05003 56.05003 56.05003 56.05003 36.69148 19.04661 16.38399 14.40545 14.40545 14.40545 14.40545 14.40545 14.40545 14.40545 14.40545 14.47162
53.19221 59.81876 68.96111 53.87571 52.93979 48.84997 53.22583 55.15718 92.49939 109.094 281.1515 2147.664 3963.173 234.4517 159.037 160.2908 127.2829 105.8169 98.27672 98.71126 93.66676 89.36462 72.02843 67.44537 65.39445 63.37712 61.35416 55.64181 54.78091 60.93366 70.23331 73.73055 80.78602 83.42392 105.1247 192.7423 259.5611 95.51384 62.13347 59.42675 59.42675 59.42675 63.29571 89.03904 95.75511 80.62759 20.27743 20.27743 20.27743 20.27743 38.05479 58.19946 56.05003 56.05003 56.05003 51.22275 47.80362 55.52027 56.05003 32.38295 19.04661 17.5846 14.40545 14.40545 14.40545 14.40545 14.40545 14.40545 14.40545 14.40545 14.40545
53.95265 53.95265 53.95265 53.95265 53.95265 53.95265 53.95265 53.95265 63.30064 128.8725 139.1093 412.8385 1068.971 165.2624 165.2624 131.6298 109.9659 107.3982 106.8311 94.23943 93.66676 93.66676 91.43253 71.84028 67.71123 67.71123 67.71123 65.74507 63.14881 66.42242 66.02431 67.53899 73.25224 78.78271 116.9561 139.4127 196.2848 112.1753 64.17741 59.42675 59.42674 60.14685 87.31242 95.75511 137.8178 79.92823 20.27743 20.27743 20.27743 20.27743 46.25079 56.05003 56.05003 53.96666 28.90255 13.86524 13.3536 19.05814 31.71787 24.40941 19.04661 18.22384 14.45974 14.40545 14.40545 14.40545 14.40545 14.40545 14.40545 14.40545 14.40545
53.95265 53.95265 53.95265 53.95265 53.95264 53.95265 53.03504 52.22672 103.2863 139.1093 139.1093 140.8612 165.2065 164.9492 161.2159 116.9079 107.3982 107.3982 107.3982 98.31627 93.66677 93.66676 93.66677 88.76352 69.82232 67.71123 67.67112 67.41433 66.97944 66.96072 64.85038 64.07378 64.07378 66.57064 116.7451 107.3006 105.2151 87.14799 65.5331 59.73088 59.42674 72.60925 100.8401 111.8709 192.8 103.7264 20.27743 20.27743 20.27743 20.76293 50.21822 56.05003 53.10612 23.08737 13.3536 13.3536 14.35435 18.77515 19.04661 19.04661 19.04661 19.04661 16.61509 14.40545 14.40545 14.40545 14.40545 14.40545 14.40545 14.40545 14.40725
53.00643 53.79247 57.03195 106.8692 168.5353 55.7027 51.76076 51.64886 51.73218 115.0343 139.1093 145.5528 162.1919 158.7091 154.2059 128.1188 107.3982 107.3982 107.3982 100.6673 93.66676 93.66676 93.66676 93.66676 126.9993 120.7182 67.33881 66.97817 66.97817 66.97817 66.94727 64.31019 64.07378 88.73432 119.1089 88.6331 83.8382 83.14347 83.08955 65.75513 59.42674 97.30216 176.0247 176.0247 204.3701 150.9428 60.69425 65.50084 25.53549 27.9513 32.63769 49.4466 37.81821 13.3536 13.3536 13.3536 13.7942 17.61338 19.04661 19.04661 19.04661 19.04661 18.94509 15.30944 14.40545 14.40545 14.40545 14.40545 14.40545 14.40545 23.33923
26.65241 28.03158 127.4336 296.5873 275.7374 94.01723 51.64886 51.64886 51.64886 57.02076 62.24498 131.6727 149.6581 152.1343 152.1265 152.9388 156.9367 157.3831 146.0092 149.5011 163.8205 172.3941 203.1651 190.0399 208.4094 228.751 155.3527 137.429 67.73882 66.97817 69.13844 82.61781 96.12656 100.9734 112.8591 83.7476 84.1554 74.05454 70.81281 54.23957 57.00099 63.74494 174.9725 176.025 208.1859 199.6762 133.9333 133.9333 80.11756 28.11934 28.11934 28.28305 19.71368 13.3536 13.3536 13.3536 13.3536 13.72292 18.3294 19.04661 19.04661 19.04661 19.04661 18.28959 14.57 17.37639 18.43338 14.40545 14.40545 20.43999 33.67913
26.49485 26.49485 87.4323 189.3631 156.0296 81.05091 51.64886 51.64886 51.64886 51.64886 52.52032 132.4053 149.6216 149.6216 152.1858 156.1277 180.6272 166.8903 155.2375 180.0357 225.8236 225.8236 264.0261 286.981 235.4339 233.2993 236.1329 209.9281 119.8776 71.92588 99.25628 108.6519 108.6519 108.6519 96.66688 84.81775 79.70642 53.13897 49.00302 49.00302 49.00302 49.00302 139.378 177.982 196.8004 145.5982 133.9333 133.9333 78.56833 28.11934 28.11934 28.11934 25.61989 14.26332 13.3536 13.3536 13.3536 13.3536 14.6025 18.96172 19.04661 19.04661 19.04661 19.04661 64.50391 69.29384 56.43161 27.73918 16.51847 38.32695 39.50083
26.49485 26.49485 67.04084 130.423 130.423 81.3022 51.64886 51.64886 51.64886 51.64886 76.48716 160.7282 150.9165 149.6216 150.3447 161.6402 181.0387 175.5029 155.2471 207.2729 223.2454 225.8234 271.773 288.2332 248.2585 238.1848 244.3801 244.3801 232.2651 128.4184 109.2819 108.6519 108.6519 108.6519 92.0239 84.81773 65.15939 49.00302 49.00302 49.00301 49.00302 75.49453 117.8758 159.8933 156.7176 132.5868 133.9333 130.5759 48.46812 28.11934 28.11934 28.11934 28.11934 23.31681 13.3536 13.3536 13.3536 13.3536 13.3536 15.20953 15.50636 18.033 19.04661 46.29789 121.5576 114.9725 76.50067 75.65862 760.4075 131.9359 38.54541
26.49485 27.05217 102.6049 93.47662 100.2894 54.56874 51.64886 51.64886 51.64886 51.64886 119.55 188.3316 184.4138 173.5607 165.1968 165.9682 181.0387 175.5367 176.5555 220.7302 220.8192 227.876 279.8862 287.2536 294.2095 289.5839 262.1388 259.0142 256.6609 202.2117 156.0166 143.1272 126.9922 117.3687 103.0391 92.09897 67.11359 49.00302 50.06419 49.00302 91.3006 112.5567 54.18455 68.28241 92.97269 77.04539 88.49068 36.16436 28.11934 28.11934 28.11934 28.11934 28.11934 26.0174 13.3536 13.3536 13.3536 13.3536 13.3536 13.3536 13.3536 14.57676 21.04066 107.4107 126.0204 126.0204 100.3302 75.65862 75.65862 56.30971 29.91128
26.49485 30.81289 45.60265 28.36028 29.00243 50.44904 51.64886 51.64886 51.64886 51.64886 114.6719 183.6461 180.9089 188.3316 188.0907 182.6337 191.2926 203.5246 219.9477 220.7302 220.7302 232.2515 274.272 285.0025 294.8377 286.7284 282.1434 283.0923 283.0923 231.1253 170.9566 163.5845 152.8943 132.9593 120.688 120.5508 68.99083 78.85072 144.9989 82.54898 125.5935 90.82773 54.18456 54.18455 54.18456 54.18455 45.37445 28.11934 28.11934 28.11934 28.11934 28.11934 28.11934 21.61131 13.3536 13.3536 13.3536 13.3536 13.3536 13.3536 13.3536 27.38358 70.92258 77.14844 102.8543 119.1399 106.0376 52.20622 69.57666 70.22866 41.17064
26.49485 26.49485 26.49485 27.64062 41.46487 51.64886 51.64886 51.64886 51.64886 51.64886 106.6645 171.1929 169.3848 184.161 188.3316 192.5736 241.2984 298.8211 232.3397 220.7302 237.8282 271.1166 274.272 288.6811 293.7361 277.717 277.484 282.9354 264.1415 221.398 211.8296 164.1403 164.4302 176.7505 135.9908 90.2263 61.47585 62.03922 162.0184 143.3711 127.6239 57.97056 54.18455 54.18455 54.18456 54.45845 54.43586 40.21916 28.43055 28.11934 27.35071 22.73563 18.02172 14.02044 13.3536 13.3536 13.3536 13.3536 13.3536 13.3536 31.97182 74.1253 75.82025 75.82025 79.79157 103.0182 93.18594 24.35584 59.6208 75.65862 72.09393
35.43509 37.28897 36.88246 46.45486 51.57895 51.64886 51.64886 51.64886 51.64886 51.64886 102.7999 169.1462 169.1462 171.8333 181.9646 192.6471 194.536 235.7316 212.4636 229.3508 273.5794 274.272 279.0032 288.2885 278.1133 277.1049 280.3331 331.6413 278.8987 221.1971 201.0847 165.487 164.4054 174.6146 175.8227 101.9382 61.47585 81.44512 167.6739 123.0642 102.6521 77.86132 68.46392 54.29501 55.255 56.03662 56.24686 56.24686 50.452 30.33429 15.28646 13.3536 13.3536 13.3536 13.3536 13.3536 13.3536 13.3536 13.3536 16.10483 61.95812 75.82025 75.82025 75.82025 93.53015 103.5308 68.41131 24.27876 53.07146 75.65862 75.65862
41.69521 41.69521 41.69521 41.69521 44.34555 50.08303 51.64886 51.64886 51.64886 51.64886 111.1622 299.0571 312.1093 273.4204 173.7829 194.5106 194.5359 196.4506 201.1156 205.6217 242.6295 272.8532 275.9793 273.3924 347.2066 368.51 379.9273 371.3476 370.0135 228.5529 197.6292 171.0036 164.5118 170.0113 184.1157 153.1017 96.78974 105.233 108.4928 104.8262 104.8262 104.8262 105.3174 68.24014 56.24686 56.46618 56.24686 56.44153 57.22524 67.65754 42.64523 14.54526 13.3536 13.3536 13.3536 13.3536 13.3536 13.3536 56.75579 23.95431 46.07696 75.82025 75.82025 74.40137 54.09169 77.46528 40.37332 24.27876 30.28698 73.25133 75.65863
41.69521 41.69521 41.69521 41.69521 41.69521 42.81042 45.27234 51.29724 51.64886 51.64886 61.91246 324.4383 344.9296 328.2674 158.9717 167.2801 198.1733 201.8485 201.8613 204.5731 233.0631 257.5571 263.4161 268.0765 377.7101 979.1555 2470.308 533.7114 346.9998 220.4883 220.4883 205.1404 170.3581 182.4498 218.0458 183.1272 104.8774 104.8262 104.8262 104.8262 104.8262 105.1639 105.9689 97.73297 62.93905 62.94862 66.75678 68.91541 69.76997 69.76635 52.42588 35.81786 21.09577 13.3536 13.3536 13.3536 13.3536 54.97947 104.7557 60.00036 39.77755 53.59005 56.88783 55.84829 45.73759 43.98695 24.54085 24.27875 24.27876 49.44046 75.65862
41.69521 41.69521 41.69521 41.69521 41.69521 41.69521 41.69521 42.00719 46.30137 69.07443 109.8065 149.5679 330.1988 209.0419 146.4715 146.4715 196.858 201.8613 202.8005 259.1976 270.8685 266.2984 259.6096 257.2325 327.7654 588.8511 2241.444 825.5104 372.8187 220.4883 220.4883 211.8034 188.7069 183.0986 196.1078 189.4917 119.3619 104.8262 104.8262 113.3561 130.7706 113.8121 106.019 106.019 104.3673 69.38775 69.76997 69.76997 69.76997 69.76997 43.05022 38.80782 38.80632 30.62999 16.12675 13.3536 37.37762 96.14227 76.90694 48.13849 41.24394 45.71573 45.73759 45.73759 45.73759 37.42262 24.27875 24.27875 25.70868 25.86557 67.14761
41.69521 41.69521 41.69521 41.69521 41.69521 41.69521 41.69521 41.69521 41.69521 100.4754 120.6047 120.6048 161.9733 146.4715 146.4715 146.4715 191.0143 201.8613 193.4095 219.5701 265.7094 257.2578 257.2325 257.2325 259.7591 349.9652 476.6472 445.9476 246.8255 214.5137 217.2883 218.4088 198.2921 180.9991 201.835 281.7148 142.9268 141.9704 126.055 104.8262 131.2784 145.9066 116.2858 106.019 127.9035 82.95726 70.40668 70.07227 86.31211 84.87978 52.97472 38.80782 38.80782 38.80782 37.51828 31.74988 45.18 46.86777 59.07695 73.61697 44.80507 44.3417 45.73759 45.73759 45.73759 36.02311 39.0247 67.01648 75.56007 38.72443 25.09829
41.69521 41.69521 41.69521 41.69521 41.69521 41.69521 41.69521 41.69521 41.69521 99.10391 120.6048 120.6048 126.8416 146.4715 146.4715 178.9946 201.8027 200.2791 189.0945 189.0523 245.1658 244.2176 240.8342 248.8899 262.6875 263.981 263.9759 235.0419 209.0643 201.3448 202.4084 199.0805 181.938 180.7495 254.7241 265.6283 218.8351 218.2855 197.6496 110.4394 144.9267 148.1253 133.8535 120.6771 136.2873 131.9874 127.794 129.5933 110.9378 107.6447 82.86679 38.80782 38.80782 38.80782 38.80782 38.80669 39.53078 43.97668 46.48457 71.85457 56.7701 44.27627 45.73759 45.73759 48.11511 74.32461 76.31187 76.50116 76.50116 61.96726 26.30204
41.69521 41.69521 41.69521 41.69521 41.69521 41.69521 41.69521 41.69521 42.77232 105.2676 120.6048 120.6048 121.213 145.3541 146.4715 173.6565 196.2038 190.0932 187.7779 198.7081 206.838 206.838 208.5891 212.9847 242.5319 252.3784 240.4536 219.2554 219.2554 217.9856 206.2188 201.0673 196.1779 189.6223 276.799 303.2417 234.5756 210.6057 180.5568 183.0727 170.8257 147.9398 134.4141 135.4458 137.9754 148.0764 144.282 133.7443 107.9783 107.6447 85.01688 38.83603 38.80782 40.0805 38.80782 38.39221 37.60401 37.66994 44.95354 45.73759 45.73759 45.73759 45.73759 45.73759 61.76141 76.50115 76.50116 76.50116 76.50116 76.50116 46.59303
41.69521 41.69521 41.69521 41.69521 41.69521 41.69521 41.69521 41.69521 54.8211 112.6247 120.6048 120.6047 120.6048 155.9642 177.5246 183.8079 187.0992 180.4624 177.0746 185.7389 206.838 210.4183 237.4507 228.3465 198.6335 202.7062 168.2612 167.033 188.7843 219.2554 213.4892 203.02 206.7248 206.8672 218.3601 261.3208 274.8469 197.0183 174.6095 187.5159 205.2985 195.8532 143.1864 163.7395 201.3999 156.5973 154.9669 131.9034 108.0334 107.6447 71.70438 59.61826 73.353 85.39043 87.4585 56.27724 37.60401 37.60401 44.21333 45.73759 45.73759 45.73759 45.73759 48.53754 74.23985 76.50116 76.50116 76.50116 76.36065 72.86672 53.26508
41.69521 41.69521 41.69521 41.69521 41.69521 41.69521 41.69521 41.69521 41.69521 60.12491 120.6048 120.6048 120.6048 129.2248 145.4344 160.6559 172.5442 185.9173 179.3108 172.7956 190.9379 242.5918 319.9985 206.0053 198.6335 198.6335 161.0802 140.5835 145.0618 193.6692 195.5639 209.8165 226.0053 214.3443 222.7017 225.8516 240.448 226.6812 175.6272 186.7683 194.4169 200.7614 154.6359 159.3039 247.3327 162.4133 153.3609 140.6403 145.7317 124.2826 104.955 100.878 100.878 100.878 100.878 61.39765 37.60401 37.60401 43.73115 45.73759 45.73759 45.73759 46.05932 63.49101 73.47277 75.99947 76.49903 74.10939 69.8419 68.42352 53.57503
68.26494 58.03299 53.85024 41.78015 41.69521 41.69521 41.69521 139.7868 406.8065 215.9914 120.6047 120.6048 120.6048 121.9337 121.9731 124.9651 169.3551 442.1416 327.2313 171.4671 190.1011 257.04 335.9614 203.0501 198.6335 186.5348 143.874 140.633 171.786 187.2629 187.2707 214.7827 237.814 252.2332 247.9561 240.6475 238.4375 237.5379 211.1403 185.323 190.484 190.5618 159.416 131.2731 173.814 184.6309 189.748 162.5921 166.2658 156.6051 135.7369 129.3337 132.2585 101.8046 99.35906 53.71496 37.60401 37.60401 42.79937 45.73759 45.73759 47.76566 61.31059 66.49269 66.49269 67.19824 71.11262 71.83648 78.68151 85.74339 59.97908
101.5606 101.5606 151.2481 172.8437 110.7265 41.69521 41.69521 283.7495 645.9319 373.6459 153.9915 120.6048 120.6048 121.3861 121.9731 121.9837 161.7857 215.4489 235.5255 171.4667 161.8716 205.1351 230.777 210.7562 198.132 195.1004 196.1895 187.8252 185.4524 199.0472 217.7765 223.7903 238.2994 259.1193 257.4477 261.1699 257.7473 183.6936 183.7831 188.0307 191.7049 190.8819 193.0199 193.7114 193.6599 192.5595 191.151 166.0599 166.2657 166.2657 156.8734 189.3242 223.7199 128.2659 52.62013 37.60401 37.60401 37.60401 42.62977 45.73759 51.26825 64.59152 66.49269 66.49269 66.49269 66.49269 68.85937 81.36638 86.0186 86.0186 74.45042
101.5606 101.5606 138.353 183.2809 162.1408 44.1962 196.8251 153.0595 213.1411 214.9723 129.2508 83.27506 112.881 121.7311 121.9731 117.6793 155.4612 170.1884 167.6131 136.7469 115.2525 116.1465 194.8339 198.0357 198.0357 198.0357 198.0357 197.3564 207.1024 284.5452 227.0507 239.9294 258.9954 236.3448 236.5265 263.9998 259.8177 214.6522 187.4403 182.6913 194.6446 193.3693 198.1861 216.6322 213.9098 194.1489 140.771 144.328 156.7208 160.086 154.139 247.0238 245.4109 104.2222 37.67985 39.74737 41.54291 41.61055 47.52728 59.63773 66.44971 66.49269 66.49269 65.51027 52.64571 40.08377 58.6909 82.13051 86.0186 85.94454 53.79606
101.5606 101.5606 147.3253 183.2809 180.7239 82.0191 168.3084 41.69521 41.69521 41.69521 41.69521 43.21085 74.38966 121.8535 120.1723 84.80541 73.79043 96.84998 115.5617 115.2525 115.2525 115.2525 180.3521 198.0357 198.0357 198.0357 198.0357 211.0548 295.6373 269.6707 225.6459 232.1611 223.9663 212.7021 217.4204 255.0794 233.7747 211.4866 210.2285 187.0843 194.6446 194.6446 195.2853 213.7823 216.6322 212.7115 145.1189 133.2441 133.244 142.4703 151.3617 151.3617 149.3562 120.7878 43.57457 43.95001 43.95 43.95 58.36427 66.4927 66.49269 66.4927 63.46048 39.94918 32.33589 32.33589 32.33589 34.30924 72.78848 87.49731 256.5489
101.5606 101.5606 146.358 183.2809 434.572 554.1519 113.1182 42.76086 41.69521 41.69521 42.83123 85.69125 116.0278 86.40879 76.96961 73.54559 73.54559 75.88899 114.4757 115.2525 115.2525 115.2525 165.1064 198.0357 218.2231 218.2231 199.36 186.9108 295.8742 248.5566 234.9088 226.5583 212.988 214.8043 202.1604 203.3906 209.2618 210.1778 210.8407 201.2424 194.6446 196.6847 195.5267 216.2362 215.5401 199.6938 190.0966 151.0235 133.244 135.665 146.0157 140.2723 121.5931 121.0284 81.24848 46.22992 43.95001 43.95001 60.45006 66.49269 65.69501 52.43226 35.84531 32.33589 32.33589 33.31024 52.75104 64.54429 63.1587 86.0186 63.95907
88.92937 90.59482 105.8937 147.1694 214.8041 242.3926 161.0743 50.79129 58.69435 100.857 121.5404 105.7051 76.38024 73.54559 73.54559 73.54559 73.54559 73.54559 100.4306 115.2525 115.2525 115.2525 115.2525 218.2231 218.2231 227.4897 212.0012 184.5638 198.9912 232.7852 233.8316 207.675 364.8979 228.779 189.1445 167.3379 177.7359 194.2543 199.1085 216.2265 219.026 236.5411 219.5919 311.5647 248.1889 196.1735 196.1735 191.9951 133.2828 134.9498 127.6544 127.3947 126.6125 121.0284 100.3525 69.54474 59.98677 65.16219 55.72598 40.18033 34.36333 32.33589 32.33589 32.35394 37.72865 56.06594 66.34039 66.34039 66.74056 82.87021 44.55106
75.99995 75.99995 73.75046 40.27808 39.97136 39.97136 79.91479 121.4042 102.6627 101.3711 100.0979 77.56106 73.54559 73.54559 73.54559 73.54559 73.54559 73.54559 89.934 115.2525 115.2525 115.2525 240.2399 238.9087 219.6671 231.5943 203.8989 184.5638 195.6032 231.644 219.7518 169.1086 178.8335 206.158 170.974 169.4716 173.6065 173.6911 173.6911 237.0134 237.0134 237.0134 264.8198 1408.125 907.9306 259.3381 196.1735 196.1735 156.2984 148.4899 149.3947 155.9654 177.9479 148.4653 93.21046 85.63895 85.63895 85.63895 50.56071 32.33589 32.33589 32.33589 32.33589 34.11737 66.34039 66.34039 66.34039 66.34039 66.34039 43.02389 39.25351
91.05994 75.99995 71.80094 39.97136 39.97136 39.97136 39.97136 73.07676 71.96319 70.64848 72.83309 73.54558 73.54559 73.54559 73.54558 73.54559 73.54558 73.54559 77.15668 115.2525 205.802 205.802 213.0632 239.2121 229.033 241.1967 204.2996 212.8362 221.2292 184.7005 181.6633 168.0173 167.7754 172.1882 167.6816 173.4339 173.6911 173.6911 175.0284 237.0134 237.0135 240.1736 272.8083 898.8427 674.8636 313.7666 196.4181 197.3603 181.626 153.3305 149.3947 162.606 179.0402 172.3123 85.63894 85.63895 85.63895 85.63895 49.49302 32.33589 32.33589 32.33589 32.33589 34.86031 66.34039 66.34039 66.34039 66.34039 63.48637 39.72009 39.25351
103.9475 75.99994 46.83719 27.27439 37.62532 39.18467 39.31722 44.30322 35.36345 27.20523 26.57958 29.63248 82.41499 118.9876 151.6256 151.6256 0 73.54559 73.54559 0 205.802 205.0319 199.4952 191.0602 244.7225 258.651 187.5925 193.0266 189.4071 183.5126 183.5126 170.1052 167.7754 167.7448 171.9281 173.6911 197.5789 199.6592 202.8626 225.3616 244.644 261.1767 261.8494 261.8494 275.5801 200.9335 200.6648 206.9368 206.9041 275.3144 224.0222 179.5707 179.0402 147.2628 118.167 113.9334 115.2157 0 48.48996 32.33589 32.33589 32.33589 32.33589 38.51738 66.34039 66.34039 66.34039 66.34039 61.86106 39.25351 39.25351
75.99995 75.99994 39.22546 20.15299 22.9755 20.45618 20.60834 34.65556 36.72569 32.93682 26.57958 26.67948 102.6739 126.4053 151.6256 151.6256 0 0 151.6256 151.6256 172.8573 163.4924 157.7529 155.7215 234.9774 162.3196 167.3699 169.4901 181.1645 183.5126 183.5126 167.7754 167.7754 0 199.3939 199.6592 199.6592 206.9316 219.3658 232.9075 224.9464 226.4159 245.7076 261.8494 261.727 198.3785 204.9419 208.5706 234.8255 305.3581 339.384 351.6258 148.8826 148.8826 148.8826 148.8826 148.8826 148.8826 89.85714 32.33589 32.33589 32.33589 32.33589 41.96304 62.37475 57.786 63.41219 66.15007 58.0359 39.25351 50.19703
65.16876 69.73969 22.35449 20.15299 20.15299 20.41275 30.92887 36.72568 36.72569 35.20126 26.57958 26.57958 85.35656 107.9008 110.5295 197.0553 197.0553 151.6256 151.6256 151.6257 151.6256 151.6256 153.3641 155.7214 155.7215 155.7215 167.8322 169.0771 180.6733 183.5126 183.5126 0 276.3881 276.388 211.7312 205.0412 199.6592 271.9745 247.2404 265.862 247.7511 234.5944 233.1955 260.3074 265.221 246.2151 206.4501 209.8255 295.535 307.3767 361.9388 297.3525 148.8826 148.8826 148.8826 149.2355 149.7692 149.8338 94.50806 35.15617 34.96518 37.1493 36.49168 40.15472 41.32254 40.79626 41.39209 44.60283 64.94413 63.38796 71.22079
