Scenarios/Heterogeneous/data/country_data_population_distribution/processed/density_grids/uga.asc
ncols 144
nrows 149
xllcorner 29
yllcorner -1
[rows 64 to 95 of 149, columns 71 to 141 of 144]
20.15299 24.07743 20.15299 20.15299 24.40566 36.02024 36.72569 36.72569 36.72569 32.01352 26.57958 26.57958 39.46826 103.1715 108.07 179.9396 197.0553 197.0553 167.7994 151.6256 151.6256 151.6256 151.6256 155.7215 155.7214 0 0 0 183.5126 183.5126 0 276.3881 276.3881 276.3881 275.4557 256.6433 200.9386 206.7182 221.1127 289.2552 293.5598 238.8248 266.6971 266.5941 266.5941 267.4249 241.2993 231.9185 301.2747 318.5582 380.9687 383.8889 176.9847 148.8826 149.0109 149.7347 149.9441 149.9441 97.7554 42.04152 42.04152 42.04152 42.03406 41.26471 40.79626 40.79626 40.79626 40.79626 45.24289 65.03987 71.53077
20.15299 20.15299 20.15299 20.12062 29.41684 36.72569 36.72569 36.72569 36.55234 29.47599 26.57958 26.57958 26.57958 49.24664 107.4881 125.5691 197.0553 197.0553 0 151.6256 151.6256 151.6256 0 0 0 0 0 0 0 0 276.388 276.388 276.3881 276.3881 265.0681 224.0428 214.9065 215.3683 215.3683 226.6517 258.5706 264.1826 274.9737 266.7621 266.5941 269.1457 273.8276 452.6421 379.9708 371.9398 394.0917 699.571 320.1615 150.7209 149.8657 149.9441 149.9441 149.9441 101.3604 89.20441 48.6581 42.04152 42.04152 76.95762 93.83772 94.23211 97.95836 117.5302 58.25232 53.91179 69.54578
20.15299 20.15299 18.98834 16.91068 16.53424 20.95528 29.77755 36.39645 34.9089 26.73092 37.66093 60.50846 34.76026 26.57958 56.91636 66.94464 151.5445 197.0553 197.0553 0 0 0 0 111.3929 0 336.4347 336.4347 336.4347 0 0 0 0 223.9555 215.6167 215.6167 215.6167 215.5512 215.3683 215.3684 228.2204 276.1539 276.1539 276.1291 267.9849 266.5941 265.1083 256.9575 319.9408 415.1433 395.0085 391.9414 396.1596 402.0465 244.6623 149.9441 149.9441 149.9441 150.6447 152.787 143.1566 120.5773 57.35266 265.1634 248.7928 295.0472 302.9264 224.5699 189.5257 208.7304 153.1212 66.2981
20.15299 19.22265 16.5416 16.52113 16.52113 16.52113 16.52113 19.39873 26.38541 26.57958 91.25626 96.87981 28.11045 26.57958 33.97328 44.76603 113.4473 197.0553 197.0553 149.9191 126.7475 0 111.3929 111.3929 111.3929 324.2541 336.4347 336.4347 336.4347 336.4347 0 0 215.6167 215.6167 215.6167 215.6167 215.3684 215.3683 215.3683 245.2097 276.1539 276.1539 276.1189 251.7429 228.2031 211.4484 210.9081 212.4466 373.6159 378.1223 354.6236 348.9762 390.8954 300.654 244.332 150.017 150.1065 152.482 153.6481 222.0229 222.7615 213.865 278.6978 856.9553 425.5215 364.7944 419.2882 289.0843 356.2253 217.8951 61.82258
20.82005 16.81621 16.52113 16.52113 16.52113 16.52113 16.52113 15.4434 16.16209 24.80543 55.3566 50.04151 26.57958 26.60285 36.85588 76.60262 114.2951 83.82417 59.22174 125.3575 126.7475 126.7475 126.7475 111.4578 111.4696 251.4622 336.4347 336.4347 336.4347 333.5247 259.2607 259.2607 0 0 0 0 337.2457 317.9416 214.3722 253.041 276.1539 276.1539 253.9908 210.9081 210.9081 210.9081 261.0751 335.6634 360.201 370.4687 350.7353 354.6397 354.24 296.3629 272.0984 244.9668 155.2571 153.6481 171.7172 658.0948 515.5773 348.8092 309.6168 224.2567 284.239 104.1715 358.657 141.0306 162.2297 510.2463 267.1657
22.21477 15.93655 14.25831 15.79256 13.73161 14.99563 16.52113 12.60706 16.29364 19.10765 24.73441 26.57958 26.57958 34.04912 44.76603 156.2412 242.9594 57.27152 59.8084 126.7475 126.7475 126.7475 126.7475 113.6751 111.3929 178.7811 332.8456 336.4347 336.4347 307.2743 259.2607 259.2607 394.3415 394.3415 394.3414 337.3451 337.3451 337.3451 282.5171 190.4944 187.8298 221.8446 189.5661 197.3816 332.57 418.1133 488.9187 434.8665 431.6483 386.0081 385.8297 377.1682 349.421 310.8757 295.8661 316.7829 162.5764 153.6481 246.1946 790.0317 1198.913 1404.438 320.0785 192.6238 199.6886 72.35797 69.82404 65.41081 64.97585 189.4709 527.5468
22.21477 20.46278 12.19987 11.69943 11.66955 12.37707 14.76519 12.20857 17.29195 19.09953 19.37929 22.85769 31.66706 49.8574 49.34148 58.50779 88.78569 44.76603 56.30949 105.6404 116.2689 115.1545 71.08231 64.93798 111.3864 111.3929 173.3396 289.9548 278.0976 263.9766 253.7511 263.7667 394.3415 394.3415 394.3415 337.3451 337.3451 337.3451 337.3452 334.478 227.5002 175.2216 175.2216 175.2216 408.2823 485.6502 467.9946 454.6013 461.0466 421.7962 425.7435 377.324 366.9055 339.8828 314.8164 388.1439 222.8977 162.315 446.6916 716.9575 1238.945 1581.076 496.0068 179.8056 152.0233 139.4191 68.11752 68.1957 91.50948 235.349 570.4337
22.21477 22.21477 16.76977 11.66955 15.29029 19.26311 12.53139 15.03277 19.09953 19.09953 19.09953 19.09953 20.62464 44.4252 51.90261 51.14689 48.80458 45.19721 44.76603 50.36908 57.19968 58.54602 57.19968 57.19968 109.3507 111.0291 111.3495 193.3434 233.8423 240.7453 166.4517 180.1573 317.1114 283.9742 394.3415 341.8185 337.3452 337.3452 339.354 361.0497 326.6961 192.8786 175.2216 179.113 584.3535 584.6743 521.4213 484.4491 480.4749 475.9629 507.222 459.4146 408.4963 376.0808 406.3475 413.5402 413.5403 453.5686 802.437 661.7126 1000.2 748.9522 477.7009 327.4233 261.3813 167.8543 71.25773 112.7332 131.1718 144.8049 252.4839
22.21477 22.21477 19.25146 11.66955 37.65744 91.64789 82.89571 31.15491 19.09953 19.09953 19.09953 19.09953 19.09953 35.5921 51.90261 51.90261 50.75809 46.14203 44.78403 45.63336 57.19968 57.19968 57.19968 57.19968 84.99985 81.02596 86.58077 97.36443 182.471 182.471 178.1828 164.233 162.5303 223.1434 387.5856 355.1623 337.3451 337.3451 349.8399 361.1488 340.3355 309.3611 277.581 359.8687 385.7886 734.989 900.4406 518.5091 526.2434 604.1476 598.3433 595.7745 540.3679 529.8116 520.0027 489.9097 422.5002 602.5494 650.9193 584.4374 1161.591 857.6381 367.1473 205.3743 251.5592 254.6511 76.47444 156.5027 178.3702 0 0
22.21477 22.21477 20.7785 11.66955 39.56148 75.89629 24.44106 15.33659 19.09953 19.09953 19.09953 19.09953 19.09953 27.19209 52.26099 51.90261 51.90261 51.90261 46.55363 47.81044 59.12646 57.19968 57.19968 57.19968 62.68464 63.92065 63.92065 81.58846 182.471 182.471 182.471 182.371 163.7486 238.0392 342.8318 343.9466 339.1618 341.1918 360.3115 361.1488 325.861 325.861 324.4829 346.6497 363.5227 650.7585 755.7631 471.1116 507.408 599.3813 653.6054 613.6609 584.6714 602.2128 606.5792 604.6561 1312.225 1236.085 968.463 761.5424 825.2181 830.2877 394.3023 179.1179 147.6225 136.003 107.5053 0 0 0 0
22.21477 22.21477 23.85511 14.03506 11.66955 11.66955 11.66955 11.90696 14.37772 18.32455 19.09953 19.09953 19.09953 52.32825 74.82294 51.90261 73.74422 51.90261 49.62017 63.58551 66.71304 57.26912 57.19968 57.24547 63.64162 63.92066 63.92065 110.6511 190.5471 182.4762 182.471 182.471 168.0655 277.7392 342.352 342.352 342.3203 351.8285 361.1488 361.7831 326.036 322.7288 313.7564 314.8572 372.2813 388.7151 445.7267 507.0572 554.4214 576.8254 599.7548 643.3442 669.3656 692.1037 674.1713 731.2892 1202.366 2636.797 1568.527 1300.862 788.3476 570.9644 664.9402 459.414 334.9746 211.454 0 0 0 0 0
59.43973 31.81672 42.09802 42.99876 18.53191 11.66955 11.66955 12.05555 14.11615 21.64943 21.34816 19.09953 19.09953 66.78291 103.6346 123.8956 148.1647 92.31362 56.33079 69.47489 69.47489 67.78454 66.0323 71.71651 79.15536 63.92066 63.92065 137.9429 216.4584 205.1196 182.713 182.471 258.8808 342.9603 342.352 342.352 332.4272 340.6317 361.1488 364.6099 355.9573 342.5803 313.8646 306.7385 308.8454 370.4833 435.6902 557.2576 651.5296 595.5714 643.5776 699.5084 644.429 590.7455 642.4615 839.2286 2317.054 3285.166 1588.873 852.4897 1309.774 2032.191 821.7628 664.9414 395.4182 0 0 0 0 0 0
118.281 54.7543 48.60442 48.63493 45.07684 12.68618 11.66955 18.96718 29.17379 29.17379 26.81169 20.3618 22.75155 77.71312 105.0856 107.5798 145.875 71.4856 75.4005 69.52094 69.47489 69.47489 69.47489 105.9952 192.2599 164.1711 161.5638 199.6145 216.4584 216.4584 208.8687 227.3569 357.2276 395.7861 342.7266 342.352 322.4803 307.0633 349.9232 367.9905 371.4143 345.358 310.5264 297.7819 291.4801 315.4243 390.3621 403.9804 540.7439 570.113 619.3721 781.0503 642.6447 509.4819 642.9635 677.9879 724.4126 957.4424 901.9185 860.9702 1464.815 2149.922 806.3416 269.5752 163.1876 0 0 0 0 0 0
75.53255 48.63493 48.63493 48.63493 48.59818 14.44216 11.66955 25.85787 29.17379 29.17379 29.12109 29.13201 29.17379 62.71782 105.0856 105.0856 108.0454 65.25554 68.07945 74.27119 69.47489 69.47489 69.47489 103.1437 196.3538 196.3538 196.3538 201.4656 216.4583 226.0015 352.7719 424.4601 431.304 433.1247 423.0322 413.9373 335.2712 304.8772 312.6246 371.3525 372.931 358.7823 336.8527 291.4801 291.4801 306.4594 376.2355 405.0708 550.966 569.2991 514.8154 523.9394 529.5781 603.0373 658.1746 735.9139 703.472 721.6299 767.49 832.0425 1200.698 1350.949 403.8519 143.2564 93.35931 0 0 0 0 0 0
49.42287 48.63493 61.18882 57.2393 39.90265 17.18729 11.66955 20.27271 29.17379 29.17379 29.17379 29.17379 29.17379 33.48076 124.9328 127.71 105.0856 105.0856 105.0856 81.3878 93.09874 80.36217 69.47489 101.4689 196.3539 196.3538 221.0597 257.4187 215.2092 303.7852 365.7416 871.526 882.352 467.7393 439.6656 438.5687 342.275 312.3655 335.7335 397.7315 408.0078 441.1038 369.4629 291.4801 309.9117 340.8006 342.425 331.7728 353.0458 386.6024 416.3757 463.0742 530.2278 679.4533 610.0255 399.8137 602.2943 641.0447 649.4843 790.4887 902.127 1113.018 367.6528 257.9994 0 0 0 0 0 0 0
98.04061 68.51544 125.6093 118.8842 44.59722 29.71361 25.32766 26.81761 29.46766 29.17379 36.82763 63.90413 112.7986 128.5667 176.7799 158.7116 124.1125 105.0856 134.2876 155.4129 150.7116 151.0891 127.6435 154.9912 195.8361 196.3538 232.5603 257.9663 231.9726 353.0373 365.7981 419.4449 472.1328 472.8655 443.9776 437.6044 324.9331 316.8236 365.0788 397.0459 496.2196 755.43 425.1908 390.5194 360.5381 342.3302 342.3302 342.6329 366.6179 317.8901 333.3659 451.2984 454.4544 388.528 399.5274 499.2091 568.9756 558.9813 662.1128 822.4323 762.696 699.833 756.6198 526.2891 0 0 0 0 0 0 0
160.3426 112.7235 127.8749 127.8749 73.44723 30.12653 30.12653 30.12653 30.12433 29.45953 38.5963 55.72578 153.104 339.3376 228.1459 203.6327 1323.509 598.7241 192.0896 194.0467 154.6684 154.6684 154.6684 167.7898 207.8322 221.8836 261.0881 283.0928 344.8358 406.7297 389.9643 392.9477 470.5311 481.9932 583.8542 600.8971 342.8994 329.5573 386.9695 382.9136 395.8144 467.0383 426.8937 423.7876 433.94 674.6777 396.7405 385.7979 368.3657 385.2439 583.2307 790.796 447.4217 447.7085 448.9359 523.5892 532.4764 567.8751 654.2878 738.8597 662.9462 1045.121 1112.229 0 0 0 0 0 0 0 0
165.532 127.8933 127.875 127.875 100.6625 30.12653 30.12654 30.12653 30.12653 35.01823 62.76648 83.30522 75.22312 176.6245 175.5528 209.957 330.7296 652.2726 220.5767 184.6465 169.2494 166.6394 201.6108 224.0606 251.7788 291.8366 286.3407 301.9909 416.2894 455.1244 427.6838 407.7029 447.2936 517.9502 570.6265 624.6329 389.0328 355.0015 387.459 378.9989 391.0674 468.5336 437.916 424.941 427.1551 692.5662 415.2635 389.5886 331.8937 351.7252 588.4894 569.2049 499.4325 451.899 466.1667 536.8983 545.5754 566.7192 605.6944 556.9005 678.7653 878.4197 936.139 0 0 0 0 0 0 0 0
145.8646 132.4083 128.0016 146.5125 110.7278 33.09769 30.12653 30.12653 30.12654 36.70134 107.6494 113.2243 131.5691 205.3315 202.1526 230.7694 305.8414 330.1984 331.8504 302.2845 253.6499 228.5615 228.5615 230.0943 234.1238 317.4815 330.8184 397.8263 464.6322 464.6317 464.5831 455.858 470.6491 487.3741 515.7217 508.8266 497.3453 466.0115 404.1705 368.7585 441.0508 468.5389 433.1631 829.8831 679.6842 403.628 380.0404 372.3344 341.5305 335.5689 368.5601 531.2603 545.624 568.9109 544.9814 571.1176 579.2494 569.3273 559.9546 577.7516 674.1368 0 0 0 0 0 0 0 0 0 0
174.3337 143.1063 152.625 186.7619 164.9593 124.12 66.3764 64.04464 60.14872 118.3971 212.9198 170.8944 151.4325 219.0176 471.2991 243.267 441.5147 1178.732 334.2203 286.9285 269.5707 228.6341 228.5615 230.1191 230.5743 363.5381 680.9625 392.9327 458.4323 461.5896 463.7183 459.7224 440.2967 460.2961 490.9706 475.3649 424.3527 517.7327 537.8567 497.8433 502.649 503.5298 580.089 442.8206 413.6963 372.7509 371.8645 369.6351 366.6762 343.609 394.28 441.2354 449.6595 460.4761 529.8506 622.8925 558.0819 594.1478 523.3834 496.1212 0 0 0 0 0 0 0 0 0 0 0
224.938 218.9749 211.8829 187.9811 239.6788 411.1096 242.6235 141.38 153.9469 197.354 230.9885 230.9885 238.8475 209.402 235.452 230.7564 229.6478 456.1553 322.7293 279.5248 255.4467 228.5615 228.5615 230.359 263.2636 307.3672 585.3215 461.1775 382.6767 459.9789 463.0812 473.243 468.5151 476.1217 483.724 433.3755 461.7266 553.3432 544.0015 573.8513 545.4797 539.7849 668.3477 548.5238 566.4521 380.0797 341.2232 344.7391 355.3806 308.9432 357.2134 394.4011 398.9587 420.3802 420.7106 560.6186 865.0682 1467.239 492.79 454.6153 0 0 0 0 0 0 0 0 0 0 0
213.4411 224.938 221.6541 186.7208 185.3014 157.3847 182.545 182.1292 182.1292 207.9571 208.5236 209.7425 517.7396 282.3063 219.2527 223.3206 289.191 395.5083 380.8501 291.6544 315.6059 273.4912 235.3619 258.4233 356.1205 353.5699 174.169 331.5888 439.1586 461.0429 501.4113 509.282 778.9427 1209.407 457.1047 452.2433 458.7619 530.8364 536.8878 602.0162 876.1273 772.3286 607.271 537.8088 569.9539 431.4542 354.3317 383.4742 329.477 293.1708 272.5906 330.7217 376.5488 390.3817 369.921 490.6381 512.9016 651.946 778.6093 0 0 0 0 0 0 0 0 0 0 0 0
210.9604 229.1532 202.2818 176.6264 176.6264 173.1643 180.4173 194.3172 184.9519 183.4911 202.586 194.1238 210.0847 258.2772 222.4114 222.4114 375.0261 706.1768 582.5198 363.9275 363.9275 362.9608 342.694 369.045 362.229 357.2532 220.6334 173.4119 471.6478 535.6987 521.4849 511.5211 505.3043 493.8831 460.8845 446.107 445.4326 479.0714 544.4974 651.4283 3231.402 703.2328 540.0823 481.7807 498.9644 465.0923 453.5505 424.4735 327.6289 316.4041 276.6191 267.2811 266.2148 295.4604 357.0695 421.5923 477.9077 0 0 0 0 0 0 0 0 0 0 0 0 0 0
266.6234 265.6554 251.4492 178.4797 177.1679 180.9356 184.0155 225.0922 221.8586 219.8064 303.9178 242.213 215.4256 299.1729 269.0289 428.3322 587.8995 1035.911 811.6202 458.0538 424.7238 404.2939 371.8679 372.0799 390.5192 391.803 284.2372 131.8752 297.8236 538.9798 537.49 539.8105 580.6867 602.6534 464.7724 343.8033 397.0878 493.6772 564.8369 598.9148 638.2237 661.3887 503.6918 473.1499 465.534 463.3815 902.4874 1457.684 447.2529 469.4258 297.5946 278.4148 309.4149 331.8121 468.8831 579.2407 0 0 0 0 0 0 0 0 0 0 0 0 0 0 0
262.9435 165.7519 163.9541 179.632 186.1712 186.7853 186.7853 213.226 226.6704 235.2465 327.5619 322.3279 300.1401 383.8698 329.9766 558.4692 787.946 787.946 575.0414 509.6739 644.931 427.366 399.8648 376.5461 403.3044 406.6537 261.5299 133.0508 226.6405 357.8715 459.642 353.7053 615.0107 783.0657 1218.606 352.7184 361.0199 614.6064 572.3804 491.3976 468.5845 483.0023 482.5218 480.8808 463.552 490.3436 499.3171 490.5408 479.4166 456.0367 348.8644 323.3231 318.827 352.9056 557.7164 582.6357 0 0 0 0 0 0 0 0 0 0 0 0 0 0 0
178.1953 169.1227 178.5613 177.7246 185.0283 186.7853 194.3097 223.9255 221.8886 224.5623 254.8878 259.0963 342.8864 401.6497 463.5628 584.3231 759.236 892.6591 1675.038 1362.045 3002.444 1142.668 423.3914 422.6032 400.5774 301.1959 261.5385 241.0533 238.1232 247.94 262.3224 262.3224 464.3613 1528.841 3341.407 664.2753 539.5628 690.8672 490.7441 499.7979 595.0652 520.7136 505.6866 493.1805 518.7766 552.1319 508.5454 505.7901 454.1461 446.9513 364.7503 362.3716 343.2389 421.12 1204.69 3703.555 0 0 0 0 0 0 0 0 0 0 0 0 0 0 0
168.665 172.5599 178.9652 181.0206 202.2364 283.272 308.784 242.624 221.4085 209.6192 241.4409 250.5572 379.0005 580.0771 966.5948 568.3784 983.0109 2972.578 2392.597 2124.436 4206.809 930.2598 644.0474 490.0627 534.4045 370.2456 257.1039 253.5297 204.0974 210.4421 216.7202 254.9347 1445.107 2947.451 1933.297 1119.854 697.2168 480.3107 339.2112 417.6521 814.5322 579.8399 510.9073 406.3962 482.732 537.6135 481.3937 510.4503 449.5764 411.6222 361.3434 351.5323 330.2098 440.0726 768.1375 0 0 0 0 0 0 0 0 0 0 0 0 0 0 0 0
168.6649 172.4315 178.9652 204.6727 252.6976 1276.186 1248.322 252.6945 246.5148 233.3631 234.5931 235.8582 343.2594 394.9997 502.4573 1357.331 2610.544 5798.521 7271.017 6130.935 4854.779 1425.438 1126.452 645.7416 546.5264 363.4041 322.9864 1440.906 433.9143 199.5339 199.5339 282.2405 1177.318 1293.503 655.68 588.9802 314.9508 314.9508 314.9508 314.9508 440.8922 580.1024 480.3464 388.4625 400.207 419.2388 452.9905 424.3029 417.0919 392.7314 361.198 385.502 383.4702 489.6371 497.0622 766.8737 0 0 0 0 0 0 0 0 0 0 0 0 0 0 0
156.6492 173.2392 178.9652 219.977 238.3178 319.6209 265.3273 210.5159 242.3162 277.6487 293.9461 238.5457 222.3576 230.9811 409.1799 2591.274 2816.235 7504.832 12813.98 7977.922 5447.592 2536.618 1435.2 1564.477 446.1073 333.4805 356.0285 799.8942 270.9437 414.7562 321.4572 362.1124 492.4616 492.7771 492.7771 492.7771 314.9508 314.9508 314.9508 326.4354 566.9796 597.2825 603.5939 642.8947 652.6603 644.5433 444.5603 405.0792 463.3997 649.1713 417.1861 365.4585 387.3966 440.374 461.1814 0 0 0 0 0 0 0 0 0 0 0 0 0 0 0 0
120.3695 191.6126 180.3746 172.0191 175.1936 188.4996 200.7053 203.8176 233.4357 247.0179 290.4115 246.2998 222.5018 250.8279 279.3692 2531.432 2742.301 7495.079 9670.477 7929.086 6736.892 2743.486 1371.396 479.2335 294.9009 295.7625 354.438 356.8164 331.4081 408.5472 525.8804 483.1175 484.485 492.7771 338.8713 338.1674 338.5827 531.3779 409.4833 355.2914 604.992 604.981 570.4626 593.0746 679.21 668.8719 468.7683 508.5328 540.7938 586.42 420.58 356.0584 292.2654 314.4705 0 0 0 0 0 0 0 0 0 0 0 0 0 0 0 0 0
176.3278 193.1181 187.8604 172.0958 172.0191 174.4874 184.7177 188.9491 219.2603 253.8789 257.7731 258.4861 306.5114 330.5667 349.2921 2308.928 2650.13 4103.833 8285.486 9250.077 9298.865 630.6751 250.2799 310.3569 304.9377 295.1214 356.8831 357.5952 309.6161 275.9503 382.6323 483.1175 483.1175 323.6182 331.7917 338.1674 343.2104 554.2437 499.1942 550.8573 552.3901 560.8024 550.8573 550.8573 550.8572 582.9976 583.5121 547.4835 518.6592 530.1906 503.4464 411.2925 700.8516 345.1426 0 0 0 0 0 0 0 0 0 0 0 0 0 0 0 0 0
154.7672 196.1965 199.2862 185.0769 181.021 186.0503 187.1886 202.2341 354.1524 329.9409 203.569 305.0609 337.0904 339.3907 564.4609 1980.023 1481.985 1620.999 6176.25 6876.164 2526.282 196.2269 196.4276 301.5952 332.8544 306.2654 328.6381 406.0912 253.8703 253.9993 254.0872 469.5673 483.1175 354.4235 318.3862 325.0197 430.3354 434.0269 361.4886 550.1059 550.8573 550.8573 550.8574 550.8573 550.8574 479.5604 509.0963 510.7219 538.8362 533.4841 539.1859 445.5016 892.9748 0 0 0 0 0 0 0 0 0 0 0 0 0 0 0 0 0 0
