Scenarios/Heterogeneous/data/country_data_population_distribution/processed/density_grids/uga.asc
ncols 144
nrows 149
xllcorner 29
yllcorner -1
[rows 64 to 95 of 149, columns 0 to 70 of 144]
71.53077 71.05348 0 0 0 0 0 0 0 0 0 0 0 0 0 0 0 0 0 0 0 0 0 0 0 0 0 0 0 0 0 0 0 0 0 0 0 0 0 0 0 0 0 0 0 0 0 0 0 0 107.2057 128.2268 138.5926 138.5926 143.1771 147.2174 138.9435 195.4547 229.9571 288.4359 228.3515 215.6023 168.4898 157.8445 124.1672 119.7377 120.2058 120.2058 120.2058 48.57292 20.15299
70.9985 0 0 0 0 0 0 0 0 0 0 0 0 0 0 0 0 0 0 0 0 0 0 0 0 0 0 0 0 0 0 0 0 0 0 0 0 0 0 0 0 0 0 0 0 0 0 0 0 0 101.7806 112.8778 138.5926 138.5926 138.8139 175.0663 176.5101 188.5412 226.1365 447.0735 463.1313 308.8237 176.6211 168.4898 158.0512 120.9319 120.2058 120.2058 120.2058 35.38281 20.15299
0 0 0 0 0 0 0 0 0 0 0 0 0 0 0 0 0 0 0 0 0 0 0 0 0 0 0 0 0 0 0 0 0 0 0 0 0 0 0 0 0 0 0 0 0 0 0 0 0 101.7806 101.7806 115.2188 138.5926 138.5926 140.7501 178.1186 180.8977 180.8977 222.2945 433.4734 1666.279 404.0598 263.8916 168.4898 168.4898 156.9591 121.6273 120.2057 96.84911 20.58132 20.15299
0 0 0 0 0 0 0 0 0 0 0 0 0 0 0 0 0 0 0 0 0 0 0 0 0 0 0 0 0 0 0 0 0 0 0 0 0 0 0 0 0 0 0 0 0 0 0 0 135.0052 107.4203 101.7806 101.9073 118.9441 121.2878 174.0915 192.9678 182.1776 180.9412 226.3382 298.7281 875.0305 394.3975 225.4458 169.1949 168.4898 162.8088 120.2058 120.2057 72.26459 20.15299 20.15299
0 0 0 0 0 0 0 0 0 0 0 0 0 0 0 0 0 0 0 0 0 0 0 0 0 0 0 0 0 0 0 0 0 0 0 0 0 0 0 0 0 0 0 0 0 0 0 211.8654 211.8654 163.0457 101.7806 101.7806 101.7806 101.7806 155.6875 203.8026 203.9155 195.1428 181.1597 204.3589 225.3246 231.4692 173.2095 172.5067 137.5147 113.2941 110.8162 101.3279 28.76019 20.15383 20.43685
0 0 0 0 0 0 0 0 0 0 0 0 0 0 0 0 0 0 0 0 0 0 0 0 0 0 0 0 0 0 0 0 0 0 0 0 0 0 0 0 0 0 0 0 0 0 211.8654 211.8654 211.8654 194.1159 110.6306 101.7806 101.7806 101.7806 130.3193 195.1704 203.9879 199.6903 181.1667 181.1667 181.1667 180.2684 172.2506 129.184 93.20586 91.94797 91.94797 75.45269 22.21477 21.94713 22.11092
0 0 0 0 0 0 0 0 0 0 0 0 0 0 0 0 0 0 0 0 0 0 0 0 0 0 0 0 0 0 0 0 0 0 0 0 0 0 0 0 0 0 0 0 0 211.8653 211.8654 211.8654 211.8654 211.8654 190.2363 101.7813 101.7806 101.7806 106.6152 118.3762 203.1717 202.8848 182.6751 181.1667 181.1684 203.824 189.7157 96.09808 91.94796 91.94796 91.94796 72.41457 22.21477 22.21477 22.21477
0 0 0 0 0 0 0 0 0 0 0 0 0 0 0 0 0 0 0 0 0 0 0 0 0 0 0 0 0 0 0 0 0 0 0 0 0 0 0 0 0 0 0 0 0 211.8654 211.8654 211.8654 211.8654 211.8654 210.3513 104.1988 101.7806 101.7806 101.7806 101.7806 114.752 200.8705 183.815 208.4126 225.1055 240.2167 240.2167 193.8149 91.94797 91.94797 94.72413 93.98162 29.65756 22.21477 22.21477
0 0 0 0 0 0 0 0 0 0 0 0 0 0 0 0 0 0 0 0 0 0 0 0 0 0 0 0 0 0 0 0 0 0 0 0 86.55038 77.61912 69.89565 98.30103 112.2701 0 0 0 211.8654 211.8653 211.8654 211.8654 211.8654 211.8654 199.0192 104.8861 101.7806 101.7806 117.4515 203.7977 174.9033 252.1154 300.143 304.0312 256.7177 240.2167 224.6635 112.5391 92.41054 96.15125 97.9067 96.10496 28.75098 22.21477 22.21477
0 0 0 0 0 0 0 0 0 0 0 0 0 0 0 0 0 0 0 0 0 0 0 0 0 0 0 0 0 0 0 0 0 0 65.85909 61.21594 52.76662 49.17425 68.56609 112.2701 0 0 0 0 211.8654 211.8653 211.8653 211.8653 245.6437 232.18 120.0304 129.8367 136.4978 182.179 233.8159 282.9051 282.6875 233.65 255.041 322.3135 321.525 311.5082 136.6925 99.36337 136.8663 98.01437 98.01436 100.0085 62.38981 22.21477 22.21477
0 0 0 0 0 0 0 0 0 0 0 0 0 0 0 0 0 0 0 0 0 0 0 0 0 0 0 0 0 0 0 0 0 0 43.27414 45.77763 32.83834 47.64893 62.74562 112.2701 112.2701 0 0 358.6465 314.894 230.1782 257.9586 323.7208 330.8485 304.2273 277.1523 293.2504 240.9392 225.3257 244.5681 282.9051 282.9051 247.888 218.3362 265.1028 323.9468 323.9468 263.636 173.3278 171.6263 146.3188 123.1842 173.2575 92.64208 22.21477 22.21477
0 0 0 0 0 0 0 0 0 0 0 0 0 0 0 0 0 0 0 0 0 0 0 0 0 0 0 0 0 0 0 0 0 64.22125 112.6169 11.36237 8.465222 11.84831 16.56931 82.98727 578.5272 1108.289 310.8713 368.752 377.2964 366.2271 352.7261 380.4144 382.2747 301.583 280.6451 292.8901 261.8919 225.8867 229.9371 281.327 282.905 248.5192 218.3362 246.5344 323.9377 286.071 269.5987 231.1703 181.1816 177.7472 177.7472 177.3104 132.5318 41.58399 48.21592
0 0 0 0 0 0 0 0 0 0 0 0 0 0 0 0 0 0 0 0 0 0 0 0 0 0 0 0 0 0 0 0 0 86.53704 96.2019 9.49305 8.465222 8.465222 8.465222 17.14437 397.0406 321.7453 354.2664 380.0526 374.2279 376.2661 366.883 379.5521 382.3362 302.9611 279.393 269.1593 245.3509 234.504 224.5508 281.9914 282.9051 271.2823 220.2108 274.2441 308.4408 267.274 267.274 207.933 185.727 181.3939 186.7009 136.2157 122.7943 122.7943 122.7943
0 0 0 0 0 0 0 0 0 0 0 0 0 0 0 0 0 0 0 0 0 0 0 0 0 0 0 0 0 0 0 0 0 58.2271 32.56884 23.20884 8.465222 8.465222 8.465222 8.465222 25.37945 327.3148 384.4365 361.1547 360.4693 361.7729 355.9404 470.0165 382.7144 347.6213 298.2189 246.5892 231.3315 190.2756 179.3644 342.2902 300.5837 250.0811 209.7915 220.8511 214.5905 205.9731 218.6553 177.7898 177.1789 247.9118 247.087 188.0358 132.5448 122.7943 122.7259
0 0 0 0 0 0 0 0 0 0 0 0 0 0 0 0 0 0 0 0 0 0 0 0 0 0 0 0 0 0 0 0 73.17846 35.50156 29.0305 9.42609 8.465222 8.465221 8.465221 37.85522 164.918 298.0544 385.3507 360.3018 360.2987 425.7393 583.1255 640.7665 439.213 338.5187 272.5537 191.8634 178.3144 170.2053 175.7036 343.9497 347.6975 203.8387 203.9216 202.6811 178.7448 178.7448 177.1727 175.8157 176.1279 287.9935 354.8987 225.7031 197.4584 201.687 527.7562
0 0 0 0 0 0 0 0 0 0 0 0 0 0 0 0 0 0 0 0 0 0 0 0 0 0 0 0 0 0 0 0 68.83338 52.05284 30.43618 8.465221 27.78833 80.83786 156.7913 181.9088 228.4179 239.2143 270.5647 312.1031 359.5524 559.3262 490.0095 437.022 320.2931 259.9842 185.2732 175.292 179.9712 171.2443 166.3489 189.2873 365.1537 258.3572 203.8288 198.2794 178.6638 178.7448 178.0396 175.8157 175.333 172.2846 171.8137 183.223 231.9406 244.8269 617.2643
0 0 0 0 0 0 0 0 0 0 0 0 0 0 0 0 0 0 0 0 0 0 0 0 0 0 0 0 205.6254 132.5999 127.8607 127.8607 129.0583 108.7306 40.03532 8.465222 80.14734 111.0935 177.5275 192.9854 239.002 239.1337 239.1337 237.4236 284.6138 321.5858 328.614 319.6848 280.2681 185.7124 174.9407 172.4471 170.2645 163.251 162.2586 166.3488 219.7808 267.3257 200.0296 190.9667 166.403 178.7448 171.6005 162.1381 162.2267 163.8677 169.8956 171.8224 173.8639 174.5313 174.5313
0 0 0 0 0 0 0 0 0 0 0 0 0 0 0 0 0 0 0 0 0 0 0 0 0 0 0 207.011 252.4496 184.1952 227.4528 162.2007 134.6991 332.6312 36.34447 164.4919 141.3024 97.09253 104.0177 168.1573 233.3368 235.4223 238.8671 225.7997 246.5145 295.6314 281.8528 232.1736 187.5702 174.486 167.5842 151.3001 148.8559 174.5049 173.6603 162.4912 161.7899 199.181 161.9826 208.815 171.1601 167.9414 162.1337 156.4887 156.4887 156.4887 156.7669 162.5499 172.9184 173.7915 173.8728
0 0 0 0 0 0 0 0 0 0 0 0 0 0 0 0 0 0 0 0 0 0 0 0 0 0 0 319.2294 263.0322 312.3917 526.3702 211.929 172.7447 405.8463 217.1363 255.4181 220.6741 170.3222 159.5397 209.9857 225.4371 231.1183 236.6402 221.9703 239.2202 313.2645 228.5668 203.3683 203.3683 198.8246 149.2784 141.1608 145.2161 248.1485 258.2978 159.573 161.0698 174.6452 165.8026 255.1841 177.3107 153.2 156.4887 156.4887 156.4887 156.4887 157.8784 166.0811 170.1904 170.1904 169.4457
0 0 0 0 0 0 0 0 0 0 0 0 0 0 0 0 0 0 0 0 0 0 0 0 0 0 0 289.2065 360.0247 893.0049 522.1629 365.8131 264.1893 274.8511 274.9194 271.3275 186.4699 181.2742 197.8854 208.233 217.0643 237.9112 236.1799 218.2222 259.1651 298.0688 232.4735 203.3683 203.3683 212.6165 172.2814 138.6127 138.6127 145.212 157.7891 161.1524 168.8755 170.116 174.9249 208.6345 155.0463 173.775 182.8998 178.0948 157.4643 156.5913 168.5783 170.1904 170.1904 170.1904 179.5216
0 0 0 0 0 0 0 0 0 0 0 0 0 0 0 0 0 0 0 0 0 0 0 0 0 0 0 813.1616 724.0353 851.8884 310.445 361.0406 518.4261 453.9301 997.4085 279.6363 234.2814 202.1841 202.4897 208.233 221.9996 258.6392 254.1383 225.4338 217.9452 217.9452 213.7639 201.8985 203.3683 203.3683 244.1945 204.2658 148.7842 139.9835 152.2079 165.2659 170.116 170.116 175.1331 179.6343 179.0459 184.8289 191.0193 191.0237 179.1359 177.6276 168.0878 170.1904 170.1904 172.0989 218.2155
0 0 0 0 0 0 0 0 0 0 0 0 0 0 0 0 0 0 0 0 0 0 0 0 0 0 0 953.6265 689.3585 192.0233 174.8534 308.1259 677.6824 685.5466 1413.864 740.8557 264.2381 245.6191 208.233 228.2092 275.9461 280.1537 291.0344 295.9216 273.3578 214.9132 178.9261 184.4574 203.4058 207.6334 232.4739 254.085 254.0177 220.7636 198.7181 237.7411 227.5513 180.3375 179.5845 179.6343 179.6343 179.6526 187.459 191.0237 191.0237 196.9526 207.8285 184.9262 171.3844 170.1904 171.6309
0 0 0 0 0 0 0 0 0 0 0 0 0 0 0 0 0 0 0 0 0 0 0 0 0 0 0 149.604 233.7156 191.6376 238.2203 348.2929 542.8445 548.5695 768.7804 344.1126 255.2438 195.9678 187.3776 262.2494 263.9094 218.881 229.9531 297.2582 270.3805 183.3137 177.4324 185.8597 224.3311 235.0497 235.0498 241.6747 253.159 256.1886 256.1887 256.3354 289.6042 276.9101 229.7494 198.4357 238.4068 283.4922 219.1162 187.601 158.2888 187.7714 242.4815 240.6106 213.8908 202.0624 189.1958
0 0 0 0 0 0 0 0 0 0 0 0 0 0 0 0 0 0 0 0 0 0 0 0 0 0 0 69.92264 106.5567 229.9084 283.8731 325.5426 479.7585 428.9074 367.5632 222.6246 183.5901 124.8932 120.2301 174.5915 261.4907 195.4574 171.334 179.7834 171.7286 169.7593 176.8513 189.331 250.269 235.1017 235.0497 235.0497 252.5803 286.1091 259.9921 257.3625 293.2668 295.9064 287.8155 269.2683 944.8108 1555.18 347.9957 134.5047 132.3012 134.9501 222.5854 242.4814 242.4814 254.8219 266.6235
0 0 0 0 0 0 0 0 0 0 0 0 0 0 0 0 0 0 0 0 0 0 0 0 0 0 0 70.09906 80.82341 171.5286 233.3853 387.1967 534.9094 449.8775 196.3983 123.5676 125.0063 119.086 104.4068 105.7745 239.9907 190.8705 179.1759 175.1788 166.6939 166.2066 175.1071 208.5431 254.5393 235.6055 235.0497 235.0497 267.6178 301.5612 296.9936 289.3042 299.6971 294.9223 286.8392 272.0651 273.1517 327.0805 194.5834 132.3012 132.3012 132.3012 165.8017 220.6523 227.7327 257.8502 266.6234
0 0 0 0 0 0 0 0 0 0 0 0 0 0 0 0 0 0 0 0 0 0 0 0 0 0 0 83.36512 150.9467 203.892 216.7475 231.7592 532.1982 603.387 256.0883 105.1037 105.7881 103.6356 103.6037 103.8833 153.1227 185.61 208.9345 197.0955 174.476 200.9511 183.2448 262.7976 263.0258 236.0129 251.4095 235.0497 285.8833 301.6589 303.2787 310.0309 314.2097 308.5633 286.9232 285.1283 238.2117 231.7976 145.9861 132.3012 132.3012 132.3012 141.5457 210.8593 213.2253 249.7431 225.9236
0 0 0 0 0 0 0 0 0 0 0 0 0 0 0 0 0 0 0 0 0 0 0 0 0 0 83.05339 122.2422 220.4665 249.2464 253.9794 398.3554 562.937 561.6832 170.5325 102.6117 102.751 103.5775 103.6037 103.6037 121.3183 207.376 210.8837 184.7783 258.4174 304.3374 277.9247 294.5105 277.3941 225.8547 299.829 278.0998 303.3166 303.4777 304.2365 294.1411 256.1382 314.2097 239.8004 216.6451 202.396 165.5589 132.3012 132.3012 132.3012 132.3012 140.2424 211.4425 212.9241 202.8699 168.665
0 0 0 0 0 0 0 0 0 0 0 0 0 0 0 0 0 0 0 0 0 0 0 0 0 216.0866 219.6201 236.9066 248.3152 287.669 541.8447 697.9719 498.4923 456.4028 380.0883 111.9772 102.7032 103.4427 103.6037 103.6037 115.5896 198.632 192.9934 217.3992 303.7672 304.3374 262.1871 250.7153 240.8848 215.6638 283.8563 300.2884 300.3401 380.296 427.8386 226.4118 151.6911 203.4091 132.8598 127.9894 128.3263 129.8342 132.3012 132.3012 132.3012 132.7695 183.4183 171.7117 180.5802 173.1559 143.4581
0 0 0 0 0 0 0 0 0 0 0 0 0 0 0 0 0 0 0 0 0 0 0 0 0 211.4139 235.2856 218.3736 221.1225 241.9036 266.1989 292.776 213.2974 341.708 334.7018 102.6117 102.6117 144.5962 183.5261 151.0957 191.062 234.8576 272.4035 289.9571 291.6773 298.7369 257.3314 249.0116 231.9688 218.56 286.8465 225.6814 247.1509 383.3083 457.1783 254.66 148.2561 143.5475 127.9894 127.9894 127.9894 128.1354 132.2357 132.3012 126.2544 88.78173 188.3754 87.04456 61.78831 61.78831 64.82985
0 0 0 0 0 0 0 0 0 0 0 0 0 0 0 0 0 0 0 0 0 0 0 0 0 264.2444 230.9781 207.8659 200.0783 200.4854 232.9759 248.8811 280.839 212.6564 205.3299 104.7088 105.6555 200.4634 208.9229 210.2319 216.1737 204.6561 138.1181 245.8955 290.7696 267.5126 249.0115 241.2622 215.864 200.3067 184.8402 144.6156 149.418 296.7638 303.3992 155.8806 148.0342 129.8966 127.9894 127.9894 126.8133 117.4262 104.5251 90.18024 55.48392 47.36974 48.65679 56.18705 61.54622 61.78831 61.78831
0 0 0 0 0 0 0 0 0 0 0 0 0 0 0 0 0 0 0 0 0 0 0 0 143.3482 249.4702 212.2047 231.2078 203.9205 200.0783 286.7 339.4699 417.3396 212.6565 210.8184 119.1968 117.2831 125.7173 168.4474 210.2319 230.2137 211.7746 112.6775 126.3696 288.6334 281.812 271.1475 223.8602 215.6638 167.1282 144.6143 144.6143 144.6143 145.5871 147.9657 148.2561 148.2561 141.3187 127.9894 119.0657 57.03655 47.36975 47.36975 47.36975 47.36975 47.36975 47.36974 47.36975 48.42426 59.64262 89.7777
0 0 0 0 0 0 0 0 0 0 0 0 0 0 0 0 0 0 0 0 0 0 0 0 170.5915 259.1733 265.2444 217.3569 295.5166 470.5614 762.8256 317.9008 88.92014 105.8739 112.3027 123.9487 123.9495 124.1173 184.5684 245.5589 168.2179 133.2964 198.8256 162.7963 265.8221 290.7696 268.258 215.563 215.6638 192.069 144.6143 144.6143 145.5865 148.1586 146.0725 142.2892 146.7531 139.3646 127.9894 88.067 47.36975 47.36975 47.36975 47.36975 47.36975 47.36975 47.36975 47.36975 47.36975 75.99821 123.7836
