Scenarios/Heterogeneous/data/country_data_population_distribution/processed/density_grids/ukr.asc
ncols 437
nrows 201
xllcorner 22
yllcorner 44
cellsize 0.041666666666667
NODATA_value -9999
[rows 60 to 89 of 201, columns 276 to 344 of 437]
19.74795 19.74193 19.74193 20.10285 21.23103 22.04341 22.04341 22.04341 22.04341 22.04341 22.6295 24.85305 25.65287 25.65287 25.65287 25.65287 25.65287 25.65287 26.03092 26.37575 26.38739 26.38739 26.38739 26.38739 26.38739 26.38739 26.38739 26.3795 24.83253 23.60701 23.60701 23.60701 23.60701 23.62266 24.61607 25.20151 25.30233 25.37306 26.23537 23.81753 20.61719 18.62796 18.40501 18.40501 18.40501 18.40501 20.03994 29.1928 30.851 30.85101 30.851 30.851 30.851 30.58101 29.62828 30.60244 25.64857 29.62998 25.16222 49.66134 135.7715 142.811 142.811 142.811 142.811 142.811 133.218 133.0733 142.811
30.37373 29.89708 24.23421 21.80982 22.04341 22.04341 22.04341 22.04341 22.04341 23.0356 25.56022 25.65288 25.65287 25.65288 25.65288 25.65288 25.65288 25.70309 26.36055 26.38739 26.38739 26.38739 26.38739 26.38739 26.38739 26.38739 26.38739 25.5541 23.65016 23.60701 23.60701 23.60701 23.60703 24.25056 25.05312 25.2517 25.2517 25.2517 25.25169 25.2517 25.25169 23.41548 18.41014 18.40501 18.40501 18.40501 19.22321 27.06322 30.851 30.851 30.851 30.851 30.27779 25.37196 25.24845 25.95847 25.15361 25.15361 25.15361 32.11539 130.3519 142.811 142.811 106.1685 70.44289 75.16497 64.81263 55.71377 107.2262
30.64759 30.04703 25.5879 22.04341 22.04341 22.04341 22.04341 22.04341 22.04341 22.41729 25.16499 25.65287 25.65288 25.65287 25.65288 25.65287 25.52218 26.07445 26.3837 26.38739 26.38739 26.38739 26.38739 26.38739 26.38739 26.38739 26.38739 25.21447 23.60701 26.22104 26.93944 25.33318 23.61307 25.0527 25.2517 25.25169 25.25169 25.2517 25.2517 25.25169 25.25169 22.76672 18.40501 18.40501 21.82124 28.45666 27.7766 30.851 30.851 30.851 30.851 30.851 28.72722 25.51257 25.15361 25.15361 25.15361 25.15361 25.15361 33.42164 86.07501 104.3502 95.95819 105.285 51.67928 49.96719 49.96719 49.96719 49.96719
30.6476 29.55253 22.04341 22.04341 22.04341 22.04341 22.04341 22.04341 22.04341 23.62551 25.59066 25.65288 25.65287 25.65288 25.49361 25.33208 25.32446 26.19735 27.7239 33.8534 26.97271 26.38739 26.38739 26.38739 26.92218 26.55691 26.38739 25.87671 46.75729 55.17719 57.61591 57.15885 51.63663 27.45466 25.2517 25.2517 25.2517 25.2517 25.2517 25.2517 25.2517 25.00407 22.0593 24.34665 23.93517 30.70376 30.851 30.851 30.851 30.851 30.851 30.851 28.94685 25.15361 25.15361 25.15361 25.15361 25.15361 25.15361 25.84597 34.37356 48.46486 49.96719 49.96719 49.96719 49.96719 49.96719 49.96719 49.96719
30.1228 23.65848 22.04341 22.04341 22.04341 22.04341 22.04341 22.04341 22.04341 22.05534 23.82081 25.3553 25.5066 25.40001 25.26664 25.23794 25.23794 25.23794 38.29846 57.61591 54.14725 41.2796 42.15535 37.55347 46.12042 52.14033 40.74758 41.27496 57.61591 57.61591 57.61591 57.61591 57.61591 53.12915 25.70129 25.2517 25.2517 25.2517 25.2517 25.2517 25.25169 25.25169 25.99784 28.88166 29.28864 30.851 30.77953 30.83909 30.851 30.851 30.851 28.29652 26.37869 25.1595 25.15361 25.15361 25.15361 25.15361 25.15361 25.15361 25.15361 30.18251 47.89486 49.96719 49.96719 49.96719 49.96719 49.96719 49.96719
30.33134 22.58127 22.04341 22.04341 22.04341 22.04341 22.04341 22.04341 22.04341 22.04341 22.37075 23.89381 25.23794 25.23794 25.23794 25.23794 25.23794 25.23794 26.59243 56.95431 57.61591 57.61591 57.61591 57.61591 57.61591 380.2841 782.4109 118.2171 57.61591 57.61591 57.61591 57.61591 57.61591 57.61571 33.98671 26.89335 25.2517 25.2517 25.2517 25.2517 25.25169 25.2517 25.2517 25.2517 25.32584 26.62892 27.67642 41.10337 42.46206 38.80229 33.36781 26.09639 25.15361 25.15361 25.15361 25.15361 25.15361 25.15361 25.15361 25.15361 25.15361 36.64452 49.96719 49.96719 49.96719 49.96719 49.96719 49.96719 49.96719
28.49121 22.52104 22.04341 22.04341 22.04341 22.04341 22.04341 22.04341 22.08171 23.05263 25.11514 25.23794 25.23794 25.23794 25.23794 25.23794 25.23794 25.23794 44.55832 57.60037 57.61591 57.61591 57.61591 96.41239 1432.242 2298.329 2333.406 1731.862 610.434 57.61591 57.61591 57.61591 57.61591 57.61591 53.53745 39.83607 24.71488 25.36023 27.288 30.75321 33.85835 30.12629 27.8028 28.98296 26.60962 25.25169 25.29247 32.53757 47.2915 44.1769 29.82067 25.84643 25.15361 25.15361 25.15361 25.15361 25.15361 25.15361 25.15361 25.15361 25.15361 25.16404 33.66433 48.28907 49.96719 49.96719 49.96719 49.96719 49.96719
22.36476 23.36118 22.98544 22.40782 22.04341 22.04341 22.04341 22.04342 23.65388 25.23794 25.23794 25.23794 25.23794 25.23794 25.23794 25.23794 25.23794 25.23794 33.07119 55.72887 57.61591 57.61591 57.61591 815.1017 1746.132 2333.406 2333.406 1361.4 80.38267 57.61591 57.61591 57.61591 57.61591 41.69007 20.76009 20.42053 20.43608 31.60008 36.86008 36.86008 36.86008 36.86008 36.86008 36.86008 36.4829 35.11447 38.35406 34.81372 43.33845 47.10498 45.3077 30.50964 25.15361 25.15361 25.15361 25.15361 25.15361 25.15361 25.15361 25.15361 25.15361 25.15361 41.83896 49.96719 49.8223 49.96719 49.73189 47.87696 49.89536
23.55842 23.55842 23.55843 23.23098 22.04341 22.04341 22.04341 22.04341 22.80712 25.23794 25.23794 25.23794 25.23794 25.23794 25.23794 25.23794 25.23794 25.23794 25.23794 40.45656 57.61591 57.61591 57.61591 57.61591 126.6875 923.5028 795.0034 97.9369 57.61591 57.61591 57.61591 52.61145 34.80402 21.32881 20.42053 20.42053 20.46815 30.5688 36.86008 36.86008 36.86008 36.86008 36.86008 36.86008 36.86008 36.86008 38.95531 44.37369 46.28395 47.29221 47.29221 32.28313 25.15361 25.15361 25.15361 25.15361 25.15361 25.15361 25.15361 25.24571 26.72243 25.90999 38.23433 41.42374 38.21214 44.57201 42.36763 36.32737 37.21949
23.55842 23.55842 23.55842 23.54949 23.15144 22.93463 22.77404 22.23737 23.88094 25.23794 25.23794 25.23794 25.23794 25.23794 25.23794 25.23794 25.23794 25.23794 25.23794 31.55769 54.15112 56.59242 57.39249 56.74725 57.6093 57.61591 57.61591 57.61591 57.61591 57.50579 52.27526 26.69121 20.42053 20.42053 20.42053 20.42053 20.93898 27.04086 36.46085 36.86008 36.86008 36.86008 36.86008 36.86008 40.69156 45.51309 43.86815 42.0825 45.41985 47.29221 47.29221 41.40232 25.45169 25.22739 25.36694 25.41635 25.4824 25.39181 25.24437 27.35192 36.2801 36.3226 36.32737 36.32737 36.32737 36.32737 36.32737 36.32737 36.32737
23.55842 23.55843 23.55842 23.55843 23.55842 23.55843 23.55842 23.42808 23.68861 24.51553 24.86912 25.23794 25.23794 25.23794 25.23794 25.13904 25.04842 24.96116 24.95678 24.83403 25.47745 25.41271 26.79103 25.33992 41.88858 57.61591 57.56755 57.61591 51.85226 23.87165 20.42053 20.42053 20.42053 20.42053 20.42053 20.42053 20.42053 20.46888 35.33619 36.86008 36.86008 36.86008 36.86008 36.86008 39.62965 45.16573 47.29221 47.29221 47.29221 47.29221 47.29221 47.29221 40.84848 42.91135 34.58749 25.79175 25.79175 25.79175 25.74886 26.0266 35.46635 36.32737 36.32737 36.32737 36.32737 36.32737 36.32737 36.32737 36.32737
23.55842 23.55843 23.55842 23.55842 23.55842 23.55842 20.98138 19.19884 19.17677 19.35503 20.41485 23.47424 25.23794 25.23794 25.18634 24.75616 24.75103 24.75064 24.75064 24.75064 24.75064 24.75064 24.75064 24.75064 25.45512 28.78128 24.85035 27.68754 24.50488 22.82535 20.62727 20.42053 20.42053 20.42053 20.42053 20.42053 23.91945 32.65943 36.86008 36.86008 36.86008 36.86008 36.86008 36.86009 36.86008 43.09838 47.29221 47.29221 47.29221 47.29221 47.29221 47.29221 47.29221 47.29221 40.92916 25.79176 25.79176 25.79176 25.79175 26.16768 34.34702 36.32737 36.32737 36.32737 36.32737 36.32737 36.32737 36.32737 36.32737
23.55842 23.55842 23.55842 23.55842 23.55842 22.9054 20.38869 19.07272 19.07272 19.07272 19.07272 23.35875 24.97833 24.89952 24.79694 24.75064 24.75064 24.75064 24.75064 24.75064 24.75064 24.75064 24.75064 24.75064 24.75064 24.75064 24.75064 24.75064 24.75064 23.01201 20.64673 20.42053 20.42053 20.42053 20.42053 20.42053 35.1008 36.86008 36.86008 36.86008 36.86008 36.86008 36.86008 36.86008 40.16286 45.88618 47.29221 47.29221 47.29221 47.29221 47.19202 46.1089 47.29221 41.94265 27.14461 25.79175 25.79175 25.79175 25.79175 25.79175 26.33944 33.5627 36.32737 36.32737 36.32737 36.32737 36.32737 36.32737 36.32737
24.30983 25.90233 23.55842 23.55842 23.38062 20.13514 19.07272 19.07272 19.07272 19.07272 19.07272 19.07272 21.47429 24.54865 24.7246 24.74875 24.74969 24.72787 24.70112 24.74744 24.75064 24.75064 24.75064 24.75064 24.75064 24.75064 24.75064 24.75064 24.75064 24.75064 24.59574 21.69468 20.42053 20.42053 20.42053 20.42053 22.7784 27.76884 31.92351 36.86008 36.86008 36.86008 36.84111 29.85006 21.30241 36.63707 47.29221 47.29221 47.29221 47.29221 40.56197 27.48113 35.2059 34.65397 25.79175 25.79175 25.79175 25.79175 25.79175 25.79175 25.70151 31.56058 36.32737 36.32737 36.32737 36.32737 36.32737 36.32737 36.32737
29.72117 38.16784 24.06093 21.72272 19.63676 19.07272 19.07272 19.07272 19.07272 19.07272 19.07272 19.07272 19.68035 23.14249 24.48016 24.49166 24.48985 24.48148 24.48016 24.49611 24.63414 24.74465 24.75064 24.75064 24.75064 24.75064 24.75064 24.75064 24.75064 24.75064 23.32696 20.42053 20.42053 20.42053 20.42053 20.42053 19.3122 17.78297 19.08458 21.63303 23.0535 24.56711 20.42584 17.78297 22.69036 43.32164 47.29221 47.29221 47.29221 46.66417 32.55602 25.79175 25.79175 25.79175 25.79175 25.79175 25.79175 25.79175 25.79175 24.51067 22.30501 17.59697 33.5565 36.11353 36.32737 36.32737 36.32737 36.32737 36.32737
41.4628 41.9497 38.89284 20.41076 19.07272 19.07272 19.07272 19.07272 19.07272 19.07272 19.07272 19.07272 19.07272 21.59754 24.48016 24.48016 24.48016 24.48016 24.48016 24.48016 24.48016 24.51448 24.60083 24.73741 24.75064 24.75064 24.75064 24.75064 24.75064 24.65154 20.97493 20.42053 20.42053 20.42053 20.42053 20.42053 18.73528 17.78297 17.78297 17.78297 17.78297 17.78297 17.78297 17.78297 19.96633 28.21322 42.42764 47.28326 47.29221 45.70115 32.7756 25.79175 25.79175 25.79175 25.79175 24.87393 23.37146 22.80077 21.6792 17.54552 17.23934 17.23934 17.23934 24.55328 36.32737 36.32737 36.32737 36.32737 36.32737
41.9497 41.9497 41.9497 41.07437 36.42397 35.82792 31.35234 19.15692 19.07272 19.07272 19.07272 19.07272 19.07272 19.16166 24.09728 24.48016 24.48016 24.48016 24.48016 24.48016 24.48016 24.48016 24.56674 24.75031 24.75064 24.75064 24.75064 24.75064 24.75064 24.37179 21.06529 20.42053 20.42221 20.4212 20.42053 20.42053 19.80144 17.78721 17.78297 17.78297 17.78297 17.78297 17.78297 17.78297 17.78297 17.78297 17.84119 30.2865 46.97663 42.15792 36.89291 26.04005 25.79175 25.79175 20.83297 17.4867 17.23934 17.23934 17.23934 17.23934 17.23934 17.23934 17.23934 21.62942 27.8128 30.58802 36.32683 36.32737 34.15401
829.8389 41.9497 41.9497 130.7491 94.92321 44.03865 37.54896 19.20343 19.07272 19.07272 19.07272 19.07272 19.07272 19.20204 21.3019 24.10443 24.48016 24.48016 24.48016 24.48016 24.48016 24.48016 24.51746 24.66352 24.75064 24.75064 24.75064 24.75064 24.75064 24.75064 24.42017 21.15727 20.49455 20.48974 20.45517 20.48866 20.4614 19.18005 19.02228 18.67093 18.41959 17.88945 17.78297 17.78297 17.78297 17.78297 17.78297 25.02311 41.42154 32.63143 25.79175 23.5713 19.28136 20.50147 17.28312 17.23934 17.23934 17.23934 17.23934 17.23934 17.23934 17.23934 17.23934 17.23934 19.43268 20.40475 22.85218 24.83003 21.63268
856.0228 41.9497 41.9497 319.9018 364.2835 225.6098 19.74947 19.07272 19.07272 19.07272 19.07272 19.07272 19.07272 19.07272 19.07272 22.7819 24.48016 24.48016 24.48016 24.48016 24.48016 24.48016 24.48783 24.67 24.75064 24.75064 24.76133 25.6661 23.90585 22.67234 21.63262 20.50722 20.50722 20.50722 20.50722 20.50722 20.50722 20.50722 20.50722 20.50722 20.50722 19.27415 17.82586 17.78297 17.78297 17.78297 17.78297 17.78297 19.14958 25.4291 21.87049 19.03818 17.23934 17.23934 17.23934 17.23934 17.23934 17.23934 17.23934 17.23934 17.23934 17.23934 17.23934 17.23934 18.2179 17.66358 19.31478 20.40475 20.40475
797.5963 41.9497 101.653 370.8054 374.7327 171.9059 39.77165 35.34764 29.94319 19.38481 20.87716 21.06353 20.98107 20.35892 23.57241 24.38147 24.48016 24.48016 24.48016 24.48016 24.48016 24.48016 25.41661 25.45498 24.95199 24.83894 25.32084 27.95037 27.93912 21.4558 20.50722 20.50722 20.50722 20.50722 20.50722 20.50722 20.50722 20.50722 20.50722 20.50722 20.50722 20.50722 20.32274 21.30301 18.08093 17.78297 17.78297 17.78297 17.78297 17.78297 17.41739 17.23934 17.23934 17.23934 17.23934 17.23934 17.23934 17.23934 17.23934 17.23934 17.23934 17.23934 17.35684 17.93164 19.19404 19.93276 20.40476 20.40476 20.40475
928.9973 45.01653 281.777 374.7326 374.7326 258.1434 44.59443 41.9497 38.98856 24.89401 24.37106 24.48016 24.48016 24.48016 24.48016 24.48016 24.48016 24.48016 24.48016 24.48016 24.48016 24.75509 26.65037 27.95037 27.95037 27.7523 27.71156 27.95037 27.0681 24.39619 20.51102 20.50722 20.50722 20.50722 20.50722 20.50722 20.50722 20.50722 20.50722 20.50722 20.50722 20.50722 20.68471 37.30671 35.5531 27.30289 19.51025 17.78297 17.78235 17.51903 17.2492 17.23934 17.23934 17.23934 17.23934 17.23934 17.23934 17.23934 17.23934 17.23934 17.23934 17.28296 18.76334 20.40476 20.40476 20.40476 20.40475 20.40476 20.40476
183.0891 41.9497 164.8162 245.93 361.7632 339.8116 201.2091 46.64828 33.3939 24.48016 24.48016 24.48016 24.48016 24.48016 24.48016 24.48016 24.48016 24.48016 24.48016 24.48016 24.57475 27.17964 27.95037 27.95037 27.95037 27.95037 27.95037 27.95037 27.95037 27.95037 21.83965 20.50722 20.50722 20.50722 20.50722 20.50722 20.50722 20.50722 20.50722 20.50722 20.50722 20.50722 27.918 37.29156 37.64652 37.64652 36.92484 28.87351 20.64509 19.96739 17.64775 18.69823 19.02376 17.91129 17.23934 17.23934 17.23934 17.23934 17.22092 17.31227 19.1583 20.26294 20.40476 20.40476 20.40476 20.40476 20.40476 20.40476 20.40476
41.9497 41.9497 41.9497 40.66188 25.76054 40.63005 65.08076 41.67315 33.5363 24.49543 24.48016 24.48016 24.48016 24.48016 24.48016 24.48016 24.48016 24.48016 24.48016 24.48016 25.06292 27.69772 27.95037 27.95037 27.95037 27.95037 27.95037 27.95037 27.95037 27.95037 22.17855 20.50722 20.50722 20.50722 20.50722 20.50722 20.50722 20.50722 20.50722 20.50722 20.50722 20.50722 25.7442 36.75081 37.64652 37.64652 37.64652 37.64652 37.64652 37.64462 36.04951 35.50951 36.19255 23.3825 15.83056 17.08113 16.29026 15.42628 15.15333 14.91528 18.49938 20.40475 20.40476 20.40475 20.40475 20.40475 20.40475 20.40476 20.40475
30.1753 27.76637 36.02785 25.73086 19.75667 19.75668 21.70387 22.42721 20.34389 20.2947 24.42225 24.48016 24.48016 24.48016 24.48016 24.48016 24.48016 24.48016 24.48016 24.48016 27.17275 27.95037 27.95037 27.95037 27.95037 27.95037 27.95037 27.95037 27.95037 27.95037 26.95203 22.09529 20.50722 20.50722 20.50722 20.50722 20.50722 20.50722 20.50722 20.50898 20.7224 25.39355 37.60214 37.64652 37.64652 37.64652 37.64652 37.64652 37.64651 37.64652 37.64652 37.11007 33.74651 27.47078 14.91528 15.05922 14.91528 14.91528 14.91528 14.91528 15.84825 20.12581 20.40476 20.40475 20.40476 20.40475 155.8757 1625.827 814.3495
19.75668 19.75668 19.75667 19.75668 19.75667 19.75667 19.75667 19.75668 19.75667 19.90005 54.07454 54.56347 24.48016 24.48015 24.48016 24.48016 24.48016 24.48016 24.48016 24.48016 26.33722 27.94903 27.95037 27.95037 27.95037 27.95037 27.95037 27.95037 27.95037 28.23746 27.25033 22.5002 20.50722 20.50722 20.50722 20.50722 20.50722 20.50722 20.95425 29.74185 32.5426 34.57537 37.64652 37.64651 37.64652 37.64651 37.64651 37.64652 37.64652 37.64652 37.64652 35.71504 28.10577 18.59058 14.91528 14.91528 14.91528 14.91528 14.91528 14.91528 15.88174 20.27089 20.40475 20.40475 20.40476 20.40476 127.3683 868.9388 1127.297
19.75668 19.75668 19.75667 19.75668 19.75668 19.75668 19.75667 19.75668 19.75668 29.61975 63.14936 63.14936 63.14936 0 0 25.33442 24.48015 24.48016 24.48016 24.48016 25.24887 27.77309 27.95037 27.95037 27.95037 27.95037 27.95037 28.22159 30.72852 33.41059 33.27245 22.59951 20.50722 20.50722 20.50722 20.50722 20.50722 20.50722 26.8741 30.66359 37.64652 37.64652 37.64652 37.64652 37.64652 37.64652 37.64652 37.64652 37.64652 37.64652 37.64652 37.64652 31.61593 15.14508 14.91528 14.91528 14.91528 14.91528 14.91528 14.91528 14.95503 16.20558 20.1354 20.06602 17.70497 14.07842 13.34524 15.45616 12.53003
19.75668 19.75668 20.24969 21.74831 22.50103 23.83818 22.47135 22.46579 21.08852 45.04853 63.14936 63.14936 63.14936 63.14936 63.14936 63.14936 44.88822 24.77477 24.48016 24.48268 26.55828 27.95037 27.95037 27.95037 27.95037 27.95037 29.53855 33.34385 33.84499 33.84499 33.84499 22.70187 20.50722 23.22264 21.83723 20.50722 20.50722 20.50722 22.17522 32.17776 37.64652 37.64652 37.64652 37.64652 37.64652 37.64652 37.64652 37.64652 37.64652 37.64652 37.64652 37.64652 32.56707 15.08057 14.91528 14.91528 14.91528 14.91528 14.91528 14.91528 14.91528 14.91528 14.91528 15.39271 12.90521 12.49219 12.49219 12.49219 12.4922
19.75667 19.75667 19.80778 24.27478 25.46962 25.46962 25.46962 25.46962 25.13103 28.79367 36.12031 62.20726 63.14936 63.14936 63.14936 63.14936 63.14936 63.14936 63.14936 25.04371 27.68563 31.26685 32.69278 33.60428 33.61464 33.6732 33.84467 33.84499 33.84499 33.84499 33.84499 33.30778 32.5806 33.70159 22.41552 20.50722 20.50722 20.60722 29.29982 37.64652 37.64652 37.64652 37.64652 37.64652 37.64652 37.64652 37.64652 37.64652 37.64652 37.64652 37.64652 37.64652 37.9371 34.96302 23.43255 15.21986 14.91528 15.31081 15.13957 14.91528 14.91528 14.91528 14.91528 14.39117 12.4922 12.4922 12.49219 12.49219 12.4922
19.1694 18.92284 18.42416 19.1373 20.44224 21.94046 25.2831 25.46963 25.46962 25.46963 25.46963 40.44806 63.14936 63.14936 63.14936 63.14936 63.14936 63.14936 63.14936 63.14936 33.84498 33.84499 33.84499 33.84499 33.84499 33.84499 33.84499 38.85975 38.20715 43.56389 37.6604 34.5167 34.93769 33.85006 46.33287 50.34119 28.69559 28.86838 37.64652 37.64652 37.64652 37.64652 37.64652 37.64652 37.64652 37.64652 37.64652 37.64652 37.64652 37.64652 37.64652 37.96535 38.38461 39.07706 39.09376 35.61606 33.27712 38.61087 25.64219 14.91528 14.91528 14.91528 14.91528 14.82654 13.75911 12.60787 12.4922 12.49219 12.4922
18.36672 18.36672 18.36672 18.36672 18.36672 18.36672 18.97543 21.29873 24.33256 25.46962 25.46962 25.75352 56.03431 63.14936 63.14936 63.14936 63.14936 63.14936 63.14936 63.14936 63.14936 63.14936 33.84499 33.84499 33.84499 33.84499 33.84499 42.12665 64.40961 65.78207 62.86699 62.71872 65.05836 63.49611 65.59046 51.05175 37.98627 37.64652 37.78392 38.17303 40.42828 214.4126 313.0046 748.5745 37.64651 37.64652 37.64652 37.64652 37.64651 37.64652 37.83272 39.01359 39.09375 39.09375 39.09375 39.09375 39.09375 39.09375 31.89272 29.40331 30.80092 28.29552 18.86632 22.34755 29.23268 34.10923 22.99061 12.4922 12.4922
