Scenarios/Heterogeneous/data/country_data_population_distribution/processed/density_grids/ukr.asc
ncols 437
nrows 201
xllcorner 22
yllcorner 44
cellsize 0.041666666666667
NODATA_value -9999
[rows 90 to 119 of 201, columns 345 to 413 of 437]
14.24298 33.13998 43.36718 42.87901 31.32024 20.16089 25.0398 35.64355 33.60996 23.46566 19.04445 18.51123 18.51123 18.51123 18.51123 18.51123 17.77667 17.88235 17.69022 18.40653 21.32036 23.84639 22.28327 19.48123 331.8461 480.9406 1238.916 1365.184 416.4468 391.7052 102.1117 15.60229 15.60229 120.2448 494.9808 406.1537 25.77396 281.7649 968.8457 698.4146 112.3629 24.16854 24.16854 24.16854 24.37932 26.01701 26.01701 26.01701 26.01701 26.01701 26.01701 106.1862 627.7256 775.5896 644.2842 77.41718 44.40465 44.40465 44.40465 44.40465 44.40465 44.40465 44.40465 44.40465 44.40465 44.40465 46.68385 165.3801 1030.94
32.77646 43.36569 43.36718 43.36718 43.36718 43.36718 43.36718 43.36718 43.36718 38.90852 22.93591 18.57545 18.51179 18.4884 18.40274 18.02987 16.02429 15.86898 15.86899 15.86899 15.97246 17.73759 15.82178 15.69897 141.1053 16.40305 15.60229 15.60229 65.10358 494.7002 575.0731 322.1878 29.01041 38.97929 702.1041 164.4334 24.16854 356.4856 568.6897 143.3717 24.16854 24.16854 24.16854 24.16854 24.18242 25.77156 26.01701 26.01701 26.01701 26.01701 26.01701 26.01701 568.6664 874.3491 866.3622 389.9581 132.5934 100.6063 69.49334 44.90973 44.40465 44.40465 44.40465 44.61869 47.77244 50.52978 54.98199 58.22504 745.222
43.36576 43.36718 43.36718 43.36718 43.36718 43.36718 39.73687 34.10513 33.21629 25.92084 18.82519 18.07988 17.31214 16.07693 16.08741 169.0862 220.1792 15.86899 15.86899 15.86899 15.86898 15.86899 15.86899 15.85561 15.61398 15.60229 15.60229 15.60229 15.60229 26.06895 566.2988 834.4381 804.2762 342.9656 15.60229 16.82671 24.16377 24.007 24.16854 24.16854 24.16854 24.16854 24.16854 24.16854 24.16854 24.87492 26.01393 26.01701 26.017 26.01701 26.017 237.0731 920.8247 1201.085 1416.054 1392.93 1152.192 1238.705 517.9058 143.802 89.38503 101.346 55.91912 56.91603 59.17306 59.17306 59.17306 59.17306 536.9905
43.36718 43.36718 43.36718 43.36718 43.36718 43.36718 29.2136 18.82519 18.82519 18.82519 18.33525 16.20981 15.86899 15.86898 15.86899 367.6121 1000.236 301.306 15.86899 15.86898 15.86898 15.86899 15.86899 15.77232 15.65106 15.60229 15.60229 15.60229 15.60229 15.60229 19.10081 130.5007 49.5332 18.20828 15.60229 15.60229 16.27587 19.86288 58.34728 136.0916 24.16854 24.16854 24.16854 24.16854 24.16854 24.71913 25.98228 26.01701 31.90318 88.4262 110.4699 157.9719 185.7323 1276.94 1275.829 452.8673 1212.991 2206.766 1672.354 154.7863 152.4404 78.92574 59.17306 59.17306 59.17306 59.17306 59.17306 59.17307 59.17307
43.36718 43.36718 43.36718 43.36718 40.03748 25.01753 18.83142 18.82519 18.82519 18.82519 18.1346 15.86898 15.86899 15.86899 15.86899 103.3928 713.5042 134.7118 15.86899 15.86898 15.86899 15.86899 15.86899 15.86899 15.86115 15.6293 15.60229 15.60229 15.60229 15.60229 15.60229 15.60229 15.60229 15.60229 15.60229 38.98322 67.89697 59.01738 414.1146 315.8915 24.16854 24.16854 24.16854 24.16854 24.16854 24.19598 24.91677 25.15895 62.43909 154.7864 154.7864 154.7864 349.1218 600.9783 291.8047 154.7863 258.7516 406.8793 156.0094 154.7864 154.7863 118.7296 59.17305 59.17306 59.17306 59.17306 59.17306 59.17306 59.17306
43.36718 43.36718 43.36717 43.36718 43.36718 32.25223 18.82519 18.82519 18.82519 18.82519 17.33341 15.86899 15.87708 15.86898 15.86899 15.86899 15.86899 393.5359 294.5623 303.8185 16.92599 18.4096 16.46328 15.86898 15.86735 15.69531 15.60229 15.60229 15.60229 15.60229 15.60229 15.60229 24.68741 377.1449 583.9437 637.5209 540.5281 85.57076 619.8744 633.8978 614.7684 411.3155 369.5605 31.88312 278.3099 24.16854 24.16854 24.16854 28.45158 145.5605 154.7863 154.7864 154.7863 154.7864 154.7863 154.7864 154.7864 154.7864 145.6489 115.5865 83.55342 69.87273 58.68329 59.17306 59.17306 59.17306 59.17306 59.17306 59.17306
43.36718 43.36718 43.36718 43.36718 40.18842 25.27852 18.82519 18.82519 18.82519 18.82519 17.63957 17.20596 20.18717 18.46641 19.23129 16.83675 17.96625 16.19333 16.26872 17.77748 21.03155 39.55994 21.14973 20.90472 21.48421 18.89784 15.68594 16.28671 15.60229 15.60229 15.60229 15.60229 15.60229 43.49336 614.5018 639.5717 499.6132 556.8783 633.9301 633.9723 633.9724 633.9724 633.9724 510.0264 486.7956 25.65268 60.31115 300.315 479.8651 576.6323 246.6515 154.7863 154.7863 154.7863 154.7864 154.7863 154.7864 139.0597 31.50658 18.07738 20.89831 25.2486 25.54447 46.44218 59.17306 59.17306 59.17306 59.17307 59.17306
43.36718 43.36718 43.36718 38.49291 30.10142 18.8341 18.82519 18.82519 18.82519 18.82519 20.83832 21.39422 21.83561 22.05233 22.05233 22.03039 22.05233 115.4279 426.2465 516.1826 1034.198 989.0062 22.05233 22.05233 22.05233 21.96933 20.18256 22.03352 19.18966 16.015 15.60229 18.90238 27.05089 27.3431 435.9748 356.8567 397.9366 633.9723 633.9724 633.9724 633.9724 631.709 619.0462 609.1948 437.8465 284.9521 146.6437 389.7797 601.9401 177.6542 154.7863 154.7864 154.7864 154.7864 154.7863 154.7863 154.772 124.0874 42.44093 255.9902 200.3927 89.07098 18.07738 32.34896 59.17306 59.17306 59.17306 59.17306 59.17306
43.36718 37.91088 23.75787 19.53185 18.82519 18.82519 18.82519 18.82519 18.82519 18.82519 18.82519 18.82519 20.19868 22.05233 22.05232 22.05233 51.76627 718.6971 1249.606 1388.572 731.488 905.6395 22.05233 22.05232 22.05233 22.05233 22.05233 22.1478 24.8002 25.72047 23.23085 21.89083 30.74527 30.74527 70.35802 78.83395 503.9276 633.9724 633.9723 420.6967 504.6963 524.0672 534.1121 534.3472 533.1075 381.7256 290.8154 523.592 414.7428 123.1657 226.8049 81.15633 127.5067 154.6874 118.7827 81.84978 38.08108 18.07738 61.5633 84.44148 19.7636 18.07739 18.07739 19.19819 23.0572 21.40445 47.90473 59.17306 59.17306
43.36718 23.47104 18.82519 18.82519 18.82519 18.82519 18.82519 18.82519 18.82519 18.82519 18.82519 18.82519 19.2647 22.03226 22.05233 22.05232 22.05232 245.5133 319.8693 22.05232 22.05233 66.30215 71.76659 22.05233 22.28982 24.60407 24.78726 27.72486 30.74527 30.74527 30.74527 30.74527 30.74527 30.74527 30.74527 30.74527 329.0204 571.5135 292.4979 369.1951 123.9613 144.4076 533.1075 533.1075 533.1075 365.6162 23.2243 108.4122 240.1688 437.2386 338.5246 13.45458 39.12376 48.78883 18.07738 18.07739 18.07738 18.07739 18.07738 18.07739 18.07739 18.07739 18.07738 18.07738 18.07739 18.07738 21.01091 39.10347 49.24096
28.46559 21.14664 18.82519 18.82519 18.82519 18.82519 18.82519 18.82519 18.82519 18.82519 18.82519 19.08237 20.33969 21.87061 22.05233 22.05233 22.05233 92.26722 22.05233 22.05233 22.05233 25.85281 277.5809 23.5213 24.69256 27.07731 30.74527 30.74527 30.74527 30.74527 30.74527 192.7806 156.4552 30.74527 30.74527 30.74527 30.74527 187.3257 136.4117 132.0676 236.1447 583.1184 248.4389 455.4373 306.9357 112.0065 13.45458 13.45458 13.45458 13.45458 13.45458 13.45458 13.54704 17.54712 18.07739 18.07739 26.45632 79.15004 100.2194 75.47801 132.1055 52.27143 18.07739 18.77715 147.4075 272.2065 106.879 152.6965 92.78821
26.95172 23.66583 22.44009 24.5241 21.01823 18.82519 18.82519 18.82519 18.82519 18.82519 18.82519 19.52744 22.05233 22.05232 22.05233 22.05233 22.05233 22.05233 22.05233 22.05233 41.07589 347.1735 300.2906 22.05233 22.46008 29.0914 31.58749 30.74527 30.74527 30.74527 30.74527 400.0525 920.1158 319.4061 316.2213 795.4491 436.3969 322.7066 168.9206 439.8292 588.2596 941.6261 704.5992 285.6269 871.1282 176.4602 353.3242 536.574 84.34921 20.9387 13.45458 134.9365 233.028 13.50375 15.04619 116.8404 299.6373 307.0285 301.2725 231.9282 284.0493 247.9412 18.07738 260.6788 460.7872 267.3898 68.54902 326.8329 163.4161
27.64204 27.64204 27.64204 27.64204 24.08569 18.82519 19.38947 18.84688 18.82519 18.82519 18.82519 18.8581 21.39842 22.05233 22.05233 22.05233 22.05973 22.74522 22.26721 22.05233 22.05233 29.55113 25.54989 38.85124 43.25057 58.16125 49.33513 31.94578 30.74527 30.74527 30.74527 30.74527 116.877 420.3942 521.7516 791.6501 922.8031 956.5551 956.5551 956.5551 956.5551 904.8237 627.4076 268.3144 13.45458 774.6513 729.6105 60.91426 556.8519 590.0364 40.82717 64.75737 142.0116 472.8842 31.93047 366.0629 426.8907 423.5301 239.9531 266.5059 283.9294 94.8558 125.5283 716.5938 722.2031 282.7842 21.26222 18.07738 54.00698
27.64204 27.64204 27.64204 27.64204 26.46709 25.63984 26.49656 25.89804 24.105 20.33755 19.10706 19.22511 24.0901 25.22053 25.5136 26.27955 26.98489 27.15157 23.25384 22.05233 26.69684 50.58679 70.23399 1216.607 660.8763 58.16125 58.16125 47.77253 37.99753 37.96057 30.74527 277.0329 1154.762 1064.212 678.3595 516.3528 939.3695 956.5551 956.5551 956.5551 878.941 1031.685 1105.93 141.6714 13.45458 13.45458 13.45458 135.0375 420.3991 621.0582 592.3085 582.5453 511.4032 830.6609 337.2792 175.4233 386.7264 419.092 151.0191 37.6295 112.5395 18.07739 47.98245 301.1836 383.0229 238.8141 18.07739 22.04739 583.4401
27.64204 27.64204 27.64204 27.64204 27.60651 27.18383 27.15157 27.15158 27.15158 27.15158 26.45197 26.32686 27.15157 27.15158 27.15157 27.15158 27.15158 27.39113 33.25678 30.70978 30.37965 44.65974 58.16125 1081.333 728.9763 58.16125 58.16125 58.16125 58.16125 299.8116 344.9763 1545.396 1574.633 1574.633 1494.476 1404.135 1209.835 956.5551 956.5551 956.5551 955.6473 1497.035 2251.246 242.2637 13.45458 13.45458 13.45458 13.45458 13.45458 136.405 254.3803 127.1886 544.8466 724.4236 765.8802 472.2918 426.8908 426.8908 334.2032 65.28463 16.46652 16.72501 16.97227 17.22848 18.07739 18.07739 18.07739 18.07739 18.07739
27.64204 27.64204 27.64204 27.64204 27.59509 27.18258 27.15158 27.15158 27.15158 27.15157 27.15158 27.15158 27.15158 27.15158 27.15158 27.15158 31.39729 32.77199 35.94897 57.21047 58.16125 58.16125 58.16125 58.16125 58.16125 58.16125 58.16125 69.26087 612.9559 903.5381 1574.633 1574.633 1574.633 1574.633 1574.633 1574.633 1566.322 1293.128 1201.353 956.5551 937.1021 365.11 22.19444 15.34201 17.65963 15.01735 13.6947 18.23266 14.19666 13.45458 13.45458 13.45458 13.76765 13.70765 104.6411 68.50382 126.1617 201.4323 106.8271 19.53791 13.45458 13.45458 13.45458 13.46307 17.82433 18.07739 18.07739 18.07739 18.07739
27.64204 27.64204 27.64204 27.64204 27.64204 27.52465 27.2453 27.15157 27.15158 27.15158 27.15158 27.15158 27.15158 27.15157 27.15158 27.15158 39.71531 58.16125 58.16125 58.16125 58.16125 58.16125 58.16125 58.16125 58.16125 58.16125 58.16125 252.2805 1079.798 1278.399 1511.201 1574.633 1574.633 1574.633 1574.633 1574.633 1574.633 1574.633 1355.347 540.0163 208.9615 51.65432 26.61001 26.55538 26.53686 22.651 21.07997 26.52874 23.60889 19.06032 23.48757 21.83812 21.3907 23.63893 14.74955 17.83488 15.856 13.57196 13.45458 13.45458 13.45458 13.45458 13.45458 13.45458 15.25163 18.07738 18.07738 18.07739 18.07739
27.64204 27.64204 27.64204 27.64204 27.43409 27.33425 27.19832 27.15157 27.15157 27.15157 27.15157 27.15157 27.15157 27.15157 27.15157 27.15157 35.57006 58.16125 58.16125 58.16125 58.16125 58.16125 58.16125 58.16125 58.16125 58.16125 58.16125 58.16125 58.16125 58.16125 198.5954 588.2867 922.0096 898.899 1139.737 914.5986 1452.152 1574.633 1558.287 1154.563 747.8343 856.1686 217.0801 26.61001 26.61001 26.61001 26.61001 26.61001 26.61001 26.61001 26.61001 26.61001 26.61001 26.43624 26.56195 26.61001 24.60867 14.28845 13.55212 13.45458 13.45872 13.45458 13.45458 13.45458 16.52882 18.07738 18.07739 18.07738 18.07739
27.64204 27.64204 27.64204 27.64204 27.55166 27.19318 27.15158 27.15158 27.15158 27.15157 27.15157 27.15158 27.15157 27.15158 27.15157 27.15157 34.15305 57.31233 58.16125 58.16125 58.16125 58.16125 58.16125 58.16125 58.16125 58.16125 58.16125 58.16125 58.16125 57.73874 56.53311 53.37112 52.68468 52.68468 141.3719 37.63628 561.8997 1190.887 988.3042 1517.725 1574.633 1534.294 523.1926 26.6284 26.61001 26.61001 26.61001 26.61001 26.61001 26.61001 26.61001 26.61001 26.61001 26.61001 26.61001 26.61001 25.63471 24.38596 24.3027 0 0 0 0 0 0 17.67693 17.55895 17.54221 0
22.60745 24.69781 25.226 22.56331 20.21217 22.21958 27.15158 27.15158 27.15157 27.15158 27.15157 27.15158 27.15157 27.15158 27.15157 27.25555 41.49385 58.16125 58.16125 58.16125 58.03147 57.38455 58.16125 58.16125 58.16125 58.16125 58.16125 58.16125 58.16125 55.53626 52.68469 52.68469 52.68469 51.79094 43.2258 37.63628 119.3917 59.63281 37.63628 552.2625 819.2787 302.859 942.7097 200.2626 29.55715 27.93843 26.61001 26.61001 26.61002 26.61001 26.61001 26.61001 26.61001 26.61001 26.61002 26.61001 26.61001 26.60615 0 0 0 0 0 0 0 0 0 0 0
18.57269 18.57269 18.57269 18.57269 18.57269 22.51937 21.56331 26.27671 27.15157 27.15158 27.15157 27.15158 27.15157 27.15157 27.15157 27.8266 56.22844 58.16125 58.16125 58.16125 57.14798 52.84393 54.03779 55.7292 57.35112 58.16125 58.16125 58.16125 57.92746 54.11164 52.68469 52.68468 51.57655 38.95787 37.63627 37.63628 37.63628 37.63628 37.63628 37.63628 37.63627 37.63628 37.61534 35.45804 32.39931 26.63466 26.61001 26.61001 26.61001 26.61001 26.61001 26.61001 26.61001 26.61001 26.61001 26.61001 26.61001 26.51078 0 0 0 0 0 0 0 0 0 0 0
18.57269 18.57269 18.57269 18.57269 18.57269 18.57269 18.57269 22.55325 27.15157 27.15157 27.15157 27.15157 27.15157 27.15158 27.15157 27.15158 47.17336 52.27275 55.97194 55.41429 55.7 52.95877 52.68468 52.68469 53.24273 54.27793 54.09713 53.70803 53.08365 52.68469 52.68468 52.68469 48.43202 38.32856 37.63627 37.63627 37.63628 37.63628 37.63628 37.63628 37.63627 37.63628 37.53622 34.68279 28.1799 26.61001 26.61001 26.61001 26.61001 26.61001 26.61001 26.61001 26.61001 26.61001 26.61001 26.61001 26.61001 26.04938 0 0 0 0 0 0 0 0 0 0 0
18.57269 18.57269 18.57269 18.57269 18.57269 18.57269 18.57269 19.06079 27.02796 26.99323 27.14709 27.15157 27.15157 27.15157 27.15157 27.15157 27.15157 38.20628 53.11287 52.68469 52.68468 52.68469 52.68468 52.68469 52.68468 52.68469 52.68468 52.68468 52.68468 52.68469 52.68468 52.68468 47.87205 37.63684 37.63628 37.63627 37.63627 37.63628 37.63627 37.63628 37.63627 37.63627 37.63627 37.63628 36.42796 32.16615 31.70612 26.61001 26.61001 26.61001 26.61001 26.61001 26.61001 26.61001 26.50108 0 0 0 0 0 0 0 0 0 0 0 0 0 0
18.57269 18.57269 18.57269 18.57269 18.57269 18.57269 18.57269 18.57269 21.12114 25.19303 27.15158 27.15158 27.15158 27.15158 27.15158 27.15158 27.27945 38.7606 52.68468 52.68468 52.68469 52.68468 52.68469 52.68468 52.68469 52.68468 52.68468 52.68469 52.68468 52.68469 52.68469 52.68469 52.68468 48.42381 39.63087 37.63628 37.63628 37.63628 37.63628 37.63628 37.63628 37.63628 37.63628 37.63628 37.63628 37.63628 36.31868 27.23282 26.61001 26.59092 26.18572 26.18052 26.17533 26.12272 0 0 0 0 0 0 0 0 0 0 0 0 0 0 0
18.82003 20.11013 21.72197 22.51503 23.40198 22.46939 18.0737 16.75271 16.25066 23.20416 20.0815 25.67366 27.15158 27.15157 27.15158 27.15157 40.50439 52.65773 52.68469 52.68469 52.68468 52.68468 52.68469 52.68469 52.68469 52.68468 52.68468 52.68469 52.68468 52.68468 52.68468 51.04895 47.07066 52.36707 44.84692 37.20329 35.54776 34.12574 37.63628 37.63628 37.63628 37.63628 37.63628 37.63628 37.63628 37.63628 37.63628 31.72468 0 0 0 0 0 0 0 0 0 0 0 0 0 0 0 0 0 0 0 0 0
27.3496 28.68652 28.68653 28.68653 28.68653 28.66712 24.40436 17.16805 12.88883 12.88579 12.88579 15.89704 26.26847 22.26565 26.51102 27.15157 30.44408 34.38239 46.82864 52.68468 52.68468 52.68468 52.68468 52.68469 52.68468 52.68468 52.68468 52.68469 52.68468 52.68469 52.68468 42.50106 20.89678 21.69897 22.87766 23.55942 20.89679 20.92659 29.84111 37.61216 37.63627 37.63628 37.63627 37.63628 37.63628 37.63628 33.20872 0 0 0 0 0 0 0 0 0 0 0 0 0 0 0 0 0 0 0 0 0 0
28.68653 28.68653 28.68652 28.68652 28.68653 28.68653 26.94839 20.17418 13.80543 12.88579 12.88579 12.88579 13.48501 12.88579 13.12617 16.37531 25.81391 28.79526 48.33538 52.68469 52.68469 52.68469 52.68468 52.68468 52.68469 52.68469 52.68468 52.68469 52.68468 52.68469 52.68468 43.65332 26.95272 20.89679 20.89678 20.89679 20.89679 20.89679 26.79277 36.1331 37.54968 35.17809 33.49822 27.16726 32.23331 37.60445 0 0 0 0 0 0 0 0 0 0 0 0 0 0 0 0 0 0 0 0 0 0 0
28.68652 28.68652 28.68652 28.68653 26.15579 25.61506 19.14008 16.85457 15.74077 13.58095 12.88599 13.43481 13.0527 12.88579 12.88579 12.88579 14.97834 35.18066 51.35963 51.95555 52.14911 52.68468 52.68468 52.68468 52.68468 52.68468 52.68468 52.68468 52.68469 51.60506 32.17915 39.57851 20.89909 20.89678 20.89679 20.89679 20.89679 20.89678 20.89679 21.11133 22.38469 21.43029 20.89679 20.89679 24.4765 28.20331 0 0 0 0 0 0 0 0 0 0 0 0 0 0 0 0 0 0 0 0 0 0 0
28.68653 28.68652 28.68652 28.31124 18.53655 16.85457 16.85457 16.85457 16.85457 16.85457 16.09102 16.57057 15.07069 13.0214 12.88579 12.88579 12.88579 12.88579 16.04105 14.20766 17.14835 37.98878 52.68469 52.68468 52.68469 52.68469 52.68469 52.68468 52.68469 51.53451 22.56592 20.89679 20.89678 20.89679 20.89679 20.89679 20.89679 20.89679 20.89679 20.89679 20.89679 20.89679 20.89679 20.89679 20.89679 20.89679 0 0 0 0 0 0 0 0 0 0 0 0 0 0 0 0 0 0 0 0 0 0 0
28.68653 28.68653 28.68652 26.58504 17.76882 16.85457 16.85457 16.85457 16.85457 16.85457 16.85457 16.85457 16.69464 14.02864 12.88579 12.88579 12.88579 12.88579 12.88579 14.57019 22.66507 23.75533 34.30265 34.90594 36.43859 52.44421 52.68468 52.68468 52.68469 52.68468 29.96198 20.89679 20.89679 20.89679 20.89679 20.89679 20.89679 20.89679 20.89679 20.89679 20.89679 20.89679 20.89679 20.89679 20.89679 20.89679 0 0 0 0 0 0 0 0 0 0 0 0 0 0 0 0 0 0 0 0 0 0 0
