Scenarios/Heterogeneous/data/country_data_population_distribution/processed/density_grids/ukr.asc
ncols 437
nrows 201
xllcorner 22
yllcorner 44
cellsize 0.041666666666667
NODATA_value -9999
[rows 30 to 59 of 201, columns 207 to 275 of 437]
17.10979 17.10979 17.10979 17.10979 17.10979 17.10979 17.10979 17.10979 17.10979 17.10979 17.10979 17.10979 17.10979 17.10979 17.10979 17.51697 19.0463 19.34728 21.46543 22.81348 22.81348 22.81348 22.81348 21.70418 20.89263 18.24189 17.18785 17.18785 17.18785 81.28988 76.64648 17.18785 17.18785 17.18785 17.18785 17.19057 17.32919 17.52097 17.52384 17.52383 17.52383 17.52383 17.52384 17.52383 17.52384 18.58856 22.19707 26.48392 26.48392 26.48392 26.48392 26.48392 26.48392 26.48392 26.48392 26.48392 25.34609 15.92313 15.26447 15.26447 15.26447 15.26447 15.26447 15.26447 15.26447 15.26447 15.26447 15.26447 15.26447
17.10979 17.10979 17.10979 17.10979 17.10979 17.10979 17.10979 17.10979 17.10979 17.10979 17.10979 17.10979 17.10979 17.10979 17.10979 17.95108 22.28273 22.81348 22.81348 22.81348 22.81348 22.81348 22.81348 22.81348 22.81348 21.08144 17.87072 17.18785 90.91562 766.9683 900.9778 135.0649 17.18785 17.18785 17.18785 17.18785 17.3075 17.52268 17.52383 17.52383 17.52383 17.52383 17.52383 17.63629 17.85145 20.03857 26.14132 26.48392 26.48392 26.48392 26.48392 26.48392 26.48392 26.48392 26.48392 26.48392 26.48356 24.4482 22.52091 17.1835 15.26447 15.26447 15.26447 15.26447 15.26447 15.26447 15.26447 15.26447 15.38361
17.7777 17.10979 17.10979 17.10979 17.10979 17.10979 17.10979 17.10979 17.10979 17.10979 17.10979 17.10979 17.10979 17.10979 17.10979 17.1171 21.12107 22.81348 22.81348 22.81348 22.81348 22.81348 22.81348 22.81348 22.81348 22.4203 17.96964 17.18785 214.4259 671.8699 1208.076 718.3992 17.18785 17.18785 17.18785 17.18785 17.18785 17.72843 17.76015 17.66191 17.539 17.57426 17.55842 17.96196 18.09556 18.09556 23.10511 25.68774 24.37531 26.41058 26.48392 26.48392 26.48392 26.48392 26.48392 26.48392 26.48392 26.48392 26.47151 19.76833 15.26447 15.26447 15.26447 15.26447 15.26447 15.26447 15.26447 15.26447 15.26447
29.26871 17.10979 17.10979 17.10979 17.10979 17.10979 17.10979 17.10979 17.10979 17.10979 17.10979 17.10979 17.10979 17.10979 17.10979 17.10979 17.49345 20.90184 22.81348 22.81348 22.81348 22.81348 22.81348 22.81348 22.81348 22.81348 22.50913 19.38909 17.52554 134.8577 353.293 17.18785 17.18785 17.18785 17.18785 17.38245 17.56497 18.04483 18.09556 18.09556 18.0013 18.09556 17.97959 18.08569 18.09556 18.09556 18.09556 18.09556 18.09556 20.30434 25.74016 26.48392 26.48392 26.48392 26.48392 26.48392 26.48392 26.07044 21.93508 16.68706 16.67908 15.26447 15.26447 15.26447 15.26447 15.26447 15.26447 15.26447 15.26677
42.85937 18.01577 17.10979 17.10979 17.10979 17.10979 17.10979 17.10979 17.10979 17.10979 17.10979 17.10979 17.10979 17.10979 17.10979 17.10979 18.83132 21.89324 22.81348 22.81348 22.81348 22.81348 22.81348 22.81348 22.81348 22.81348 22.81348 22.81348 22.59494 20.75422 17.18785 17.18785 17.18785 17.2836 17.70666 18.02196 18.09556 18.09556 18.09556 18.09556 18.09556 18.09556 18.09556 18.09556 18.09556 18.09556 18.09556 18.09556 18.09556 18.39001 25.34929 26.48392 26.48392 26.48392 26.48392 26.48392 26.48392 22.53436 18.47658 18.41872 18.41469 17.91284 16.75415 16.034 16.18305 16.22028 15.97086 15.85184 15.89372
47.31995 39.5068 26.12405 17.10979 17.10979 17.10979 17.10979 17.10979 17.10979 17.10979 17.10979 17.10979 17.10979 17.10979 17.10979 17.93577 21.39895 22.51243 22.607 22.51843 22.26002 22.5404 22.80602 22.81348 22.81348 22.81348 22.81348 22.81348 20.53258 18.48562 17.18785 17.18785 17.18785 17.50027 18.09556 18.09556 18.09556 18.09556 18.09556 18.09556 18.09556 18.09556 18.09556 18.09556 18.09556 18.09556 18.09556 18.09556 18.09556 18.09556 18.43417 23.2758 26.48392 26.48392 26.48392 25.14609 23.34945 19.13056 18.4262 18.41872 18.41872 18.41872 17.76441 16.29912 16.29912 16.29912 16.29912 16.29912 16.29912
47.31995 47.31995 47.31604 29.88795 17.10979 17.10979 17.10979 17.10979 17.10979 17.10979 17.10979 17.10979 17.10979 17.10979 17.10979 18.29038 21.26747 21.97525 21.97525 21.97525 21.97525 21.97525 22.11335 22.48443 22.61264 22.81348 22.80716 18.93656 17.19106 17.18785 17.18785 17.18785 17.18785 17.24247 17.91346 18.09556 18.09556 18.09556 18.09556 18.09556 18.09556 18.09556 18.09556 18.09556 18.09556 18.09556 18.09556 18.09556 18.09556 18.09556 18.09556 18.25042 21.64691 23.73013 22.27725 19.12662 18.41872 18.41872 18.41872 18.41872 18.41872 18.10659 16.34234 16.29912 16.29912 16.29912 16.29912 16.29912 16.29912
47.31995 47.31995 43.49775 17.25039 17.10979 17.10979 17.10979 17.10979 17.10979 17.10979 17.10979 17.10979 17.10979 17.12082 18.13278 20.9546 21.97525 21.97525 21.97525 21.97525 21.97525 21.97525 21.97525 21.97525 22.48927 22.7444 22.81348 21.73918 17.24439 17.18785 17.18785 17.18785 17.18785 17.18785 17.25728 17.81726 18.09556 18.09556 18.09556 18.09556 18.09556 18.09556 18.09556 18.09556 18.09556 18.09556 18.09556 18.09556 18.09556 18.09556 18.09556 18.09556 18.11414 18.30518 18.41872 18.41872 18.41872 18.41872 18.41872 18.41872 18.41872 17.97579 16.32714 16.29912 16.29912 16.29912 16.29912 16.29912 16.29912
47.31995 47.31995 49.12767 46.3727 34.63673 29.23261 26.23035 24.47081 27.02052 27.18859 31.63667 36.55449 20.80016 17.83979 21.00039 21.97525 21.97525 21.97525 21.97525 21.97525 21.97525 21.97525 21.97525 21.97525 21.98258 22.06102 22.72528 22.81348 22.50838 20.19264 17.3871 17.18785 17.18785 17.18785 17.18946 17.29121 18.06427 18.1139 18.13598 18.09556 18.09556 18.09556 18.09556 18.09556 18.09556 18.09556 18.09556 18.09556 18.09556 18.09556 18.09556 18.09556 18.07278 17.92782 18.24261 18.41872 18.41872 18.41872 18.41872 18.41872 18.41872 18.17324 16.35102 16.29912 16.29912 16.29912 16.29912 46.88812 185.8424
47.31995 48.36687 51.11891 51.39828 51.39828 51.39828 51.39828 51.39828 51.39828 51.39828 51.39828 51.39828 44.2792 24.24662 20.5851 21.97525 21.97525 21.97525 21.97525 21.97525 21.97525 21.97525 21.97525 21.97525 21.97525 21.97525 22.42444 22.81348 22.81348 22.72736 18.2866 17.18785 17.18785 17.18785 17.31188 18.14491 18.20613 18.265 18.2552 18.1966 18.10278 18.11017 18.10516 18.09724 18.09556 18.13265 18.11344 18.09998 18.09556 18.09556 17.8733 17.70609 17.59805 17.54668 17.62138 17.83147 18.24921 18.41872 18.41872 18.41872 18.41872 18.41872 18.17827 16.62062 16.29912 16.29912 16.29912 125.8264 595.7919
47.34985 50.49736 51.39828 51.39828 51.39828 51.39828 51.39828 51.39828 51.39828 51.39828 51.39828 51.39828 51.39828 50.076 28.36306 21.97525 21.97525 21.97525 21.97525 21.97525 21.97525 21.97525 21.97525 21.97525 21.97525 21.97525 22.33918 22.80736 22.81348 22.14956 18.79152 17.79309 18.07636 17.72755 18.03231 18.26569 18.26569 18.26569 18.26569 18.26569 18.24686 18.24345 18.2473 18.2072 18.15523 18.20287 18.26502 18.26303 18.25828 18.05521 17.68861 17.54669 17.54669 17.54669 17.54669 17.54669 17.73627 18.12838 18.25689 18.35019 18.35264 17.38318 16.33993 16.29912 16.29912 16.29912 16.29912 16.29912 21.66367
47.37168 50.38834 51.39828 51.39828 51.39828 51.39828 51.39828 51.39828 51.39828 51.39828 51.39828 51.39828 51.39828 51.39828 23.72796 21.97525 21.97525 21.97525 21.97525 21.97525 21.97525 21.97525 21.97525 21.97525 21.97525 21.97525 22.03193 22.65955 22.81348 22.81348 21.18901 18.26569 18.26569 18.26569 18.26569 18.26569 18.26569 18.26569 18.26569 18.26569 18.26569 18.26569 18.26569 18.26569 18.26569 18.26569 18.26569 18.26569 18.26569 18.26569 18.24968 17.9319 17.54669 17.54669 17.54669 17.54668 17.54668 17.54669 17.54669 17.73571 17.77602 16.85093 16.29912 16.29912 16.29912 16.29912 16.29912 16.29912 16.29912
49.65976 51.39828 51.39828 51.39828 51.39828 51.39828 51.39828 51.39828 51.39828 51.39828 51.39828 51.39828 51.39828 41.92647 30.28413 21.97525 21.97525 21.97525 21.97525 21.97525 21.97525 21.97525 21.97525 21.97525 21.97525 21.97525 21.97525 22.01961 21.50773 19.72976 18.91406 18.30379 18.26569 18.26569 18.26569 18.26569 18.26569 18.26569 18.26569 18.26569 18.26569 153.5491 388.6537 177.5967 18.26569 18.26569 18.26569 18.26569 18.26569 18.26569 18.26569 17.74486 17.54669 17.54669 17.54669 17.54669 17.54669 17.54668 17.54669 17.54669 16.51126 16.29912 16.29912 16.29912 16.29912 16.29912 16.29912 16.29912 16.29912
51.39828 523.4545 2782.87 3005.778 879.7953 51.39828 51.39828 51.39828 51.39828 51.39828 51.39828 51.39828 51.39828 46.99239 35.8036 27.01238 21.97525 21.97525 21.97525 21.97525 21.97525 21.97525 21.97525 21.97525 21.97525 21.69081 21.16243 21.54871 19.4849 18.82748 18.82748 18.8159 18.36771 18.26569 18.26569 18.26569 18.26569 18.26569 18.26569 18.26569 18.26569 342.7035 1264.427 1417.301 18.26569 18.26569 18.26569 18.26569 18.26569 18.26569 18.25712 17.63153 17.54669 17.54668 17.54669 17.54669 17.54669 17.54669 17.54669 17.4148 16.51495 16.29912 16.29912 16.29912 16.29912 16.29912 16.29912 16.29912 16.29912
2939.561 3652.087 3700.625 3695.211 2968.87 1025.999 85.32494 51.39828 51.39828 51.39828 51.39828 51.39828 51.39828 51.39336 50.86508 45.53039 38.04277 27.41328 37.85367 24.85738 21.73061 20.75994 20.73063 20.70498 20.8936 18.93808 18.82748 18.82748 18.82748 18.82748 18.82748 18.82748 18.77826 18.64011 18.59733 18.28227 18.26569 18.26569 18.26569 18.26569 18.26569 18.26569 144.4137 155.8808 18.26569 18.26569 18.26569 18.26569 18.26569 18.26569 23.34937 23.50806 21.22511 18.85738 20.59857 24.09952 21.8975 20.00354 19.67794 17.12019 16.29912 16.7209 16.45344 20.16283 25.96293 19.89032 16.84904 16.29912 16.29912
3700.625 3700.625 3698.437 2396.963 1013.211 698.5015 74.99326 51.78136 57.76326 55.70137 57.14275 61.35665 51.64198 51.26914 50.53099 50.53099 50.53099 49.24075 50.531 48.45393 33.67783 18.82748 18.82748 18.82748 18.82748 18.82748 18.82748 18.82748 18.82748 18.82748 18.82748 18.82748 18.79898 18.6386 18.52277 18.26569 18.26569 18.26569 18.26569 18.26569 18.26569 18.26569 18.26569 18.26569 18.26569 18.26569 19.32175 22.13768 23.0505 21.55838 26.52269 26.55957 26.55957 26.52452 26.55957 26.55957 26.55957 26.55957 28.73465 31.0516 28.02122 29.54374 28.03261 28.77425 31.83559 31.83559 30.70705 22.35017 20.79043
3700.625 3700.625 3700.625 2011.188 375.5049 55.93456 70.36947 78.86265 80.4715 79.79498 80.22124 80.4715 72.75957 57.15632 52.67922 50.53099 50.53099 50.53099 50.53099 50.53099 49.31746 39.40546 37.35393 23.99342 19.16789 18.82748 18.82748 18.82748 18.82749 18.82748 18.82748 18.82748 18.82731 18.72312 18.31691 18.26569 18.26569 18.26569 18.26569 18.26569 18.26569 18.26569 18.26569 18.26569 18.26569 19.4553 24.41192 26.3346 26.55957 26.55957 26.55957 26.55957 26.55957 26.55957 26.55957 26.55957 28.22643 31.10758 31.76944 31.83559 31.83559 31.83559 31.83559 31.83559 31.83559 31.83559 31.83559 31.83559 31.83559
3700.625 3700.625 3700.625 3428.88 1020.919 79.59417 80.47151 80.47151 80.47151 80.47151 80.47151 80.47151 80.47151 80.46662 54.6717 50.53099 50.53099 50.53099 50.53099 50.53099 50.53099 50.53099 50.53099 47.33426 22.64497 18.82748 18.85068 21.35195 20.33211 19.29235 18.82748 18.82748 18.82748 18.82748 18.5368 18.40213 18.26569 18.26569 18.26569 18.26569 19.49809 28.36488 28.78982 23.28787 21.74261 25.68286 26.55957 26.55957 26.55957 26.55957 26.55957 26.55957 26.55957 26.55957 26.55957 21.19543 18.97296 23.01593 31.78004 31.83559 31.83559 31.83559 31.83559 31.83559 31.83559 31.83559 31.83559 31.83559 31.83559
2501.177 3040.115 1667.255 583.686 80.47151 80.47151 80.47151 80.47151 80.47151 80.47151 80.47151 80.47151 80.47152 74.67656 54.94205 50.53099 50.53099 50.53099 50.53099 50.53099 50.53099 50.53099 50.53099 43.55711 19.03373 18.82748 26.53832 39.05215 39.05215 37.30206 30.7694 27.73576 25.667 22.1595 32.50819 27.44204 29.66109 19.85181 18.26569 20.08551 29.98985 34.5216 34.5216 34.5216 34.5216 30.43223 26.91971 27.73896 27.43693 29.2411 28.06921 28.01883 29.09019 21.00943 16.47071 14.00955 14.00905 14.71336 16.22977 30.40205 31.83559 31.83559 31.83559 31.8356 31.83559 31.83559 31.83559 31.83559 31.83559
551.4926 80.47151 80.47151 80.47151 80.47151 80.47151 80.47151 80.47151 80.47152 80.47151 80.47151 80.47151 78.76176 52.1106 50.53099 50.53099 50.53099 50.53099 50.53099 50.53099 50.53099 50.53099 50.53099 49.4292 33.90132 28.88432 36.07853 39.05215 39.05215 39.05215 39.05215 39.05215 39.05215 37.69946 38.05813 39.05215 38.73035 33.82955 34.30567 33.02908 34.5216 34.5216 34.5216 34.5216 34.5216 34.5216 34.34446 34.5216 34.5216 34.5216 34.5216 34.5216 28.62404 16.15873 14.00905 14.00905 14.00905 14.00905 16.55951 27.67448 31.83451 31.83559 31.83559 31.83559 31.83559 31.83559 31.83559 31.83559 31.83559
2269.516 703.2126 80.47151 80.47151 80.47151 80.47151 80.47151 80.47151 80.47151 80.47151 80.47151 80.47151 79.77164 71.66534 52.98382 50.53099 50.53099 50.53099 50.53099 50.53099 50.53099 50.53099 50.53099 50.53099 49.45329 34.41279 38.71399 39.05215 39.05215 39.05215 39.05215 39.05215 39.05215 39.05215 39.05215 38.98626 36.28098 34.5216 34.5216 34.5216 34.5216 34.5216 34.5216 34.5216 34.5216 34.5216 34.5216 34.5216 34.5216 34.5216 34.5216 34.39527 19.22507 14.00905 14.00905 14.00905 14.00905 14.00905 14.00905 14.00905 18.35097 24.89207 31.83559 31.83559 31.83559 31.83559 31.83559 31.83559 31.83559
852.1072 95.87247 82.50783 80.4715 80.47151 80.47151 80.47151 80.47151 80.47151 80.47152 80.47151 80.47151 80.47151 80.29339 55.55253 50.53099 50.53099 50.53099 29.12216 33.97307 47.97811 50.52078 43.36069 33.72978 23.03421 23.09238 39.05125 39.05215 39.05215 39.05215 39.05215 39.05215 39.05215 39.05215 39.05215 38.45695 34.80124 34.5663 34.68607 34.5216 34.56541 34.76702 34.75731 34.73728 34.5216 34.5216 34.5216 34.5216 34.5216 34.5216 26.429 18.40838 14.00905 14.00905 14.00905 14.00905 14.00905 14.00905 14.00905 14.00905 14.16189 25.8903 29.46193 31.83559 31.83559 31.83559 31.83559 31.83559 31.83559
95.87247 95.87247 95.50328 81.16772 80.47152 80.4715 80.47151 80.4715 80.47151 80.4715 80.47151 80.4715 80.47151 78.94495 61.37715 56.7881 50.25512 50.53099 45.24491 26.05932 21.62955 22.38204 19.9804 19.9804 19.9804 21.56717 32.21429 37.30122 38.77581 39.05215 39.05214 39.05215 39.05214 34.66719 36.22988 32.17379 30.11875 34.30256 35.84022 35.81142 36.27397 36.2996 36.2996 36.15423 35.59361 35.40551 34.78181 34.5216 34.5216 33.09742 16.92159 14.00905 14.00905 14.00905 14.00905 14.00905 14.00905 14.00905 14.00905 14.00905 14.00905 17.60787 21.47573 24.61518 25.10733 26.20837 31.03998 31.83559 31.83559
95.87248 95.87247 95.87248 95.53573 80.93521 82.96803 80.47151 80.47151 80.47152 80.47151 80.47151 80.47151 80.47151 80.47151 56.95079 31.59938 20.08358 24.14553 30.96612 23.26647 19.9804 19.9804 19.9804 19.9804 19.9804 19.9804 19.9804 19.9804 32.11962 39.05215 39.05215 38.96008 34.10266 28.82147 28.06587 28.06586 28.06587 28.79296 33.21092 35.16216 36.2996 36.2996 36.2996 36.2996 36.2996 36.2996 35.68616 34.57652 34.5216 25.85647 18.45824 16.88224 19.72327 18.16374 18.50096 15.69304 14.00905 14.00905 14.00905 14.00905 14.67138 18.47256 21.46434 21.46434 21.46434 21.46434 24.26925 29.40659 30.94928
95.87247 95.87247 95.87247 95.87247 95.87248 95.87248 80.1361 77.01945 80.47151 80.4715 80.47151 80.47151 80.4715 80.00904 26.6509 19.9804 19.9804 19.9804 19.9804 19.9804 23.81065 19.9804 19.9804 19.9804 19.9804 19.9804 19.9804 19.9804 20.28875 36.23812 39.05215 38.51969 33.19867 28.06587 28.06586 28.06586 28.06586 28.06586 28.06587 29.72415 36.2996 36.2996 36.2996 36.2996 36.2996 36.2996 36.2996 35.84914 35.17244 24.85116 21.94942 21.46435 21.46434 21.46435 21.46434 21.39857 20.38647 20.79238 20.20868 19.91917 21.181 21.46434 21.46434 21.46434 21.46434 21.46435 21.38522 20.02902 19.76166
95.87247 95.87247 95.87248 95.87248 95.87248 85.5797 42.42064 42.94178 79.13829 80.47151 80.47151 80.47151 80.47151 40.12175 19.9804 19.9804 19.9804 19.9804 25.23768 474.4764 1058.008 230.7848 19.9804 19.9804 19.9804 19.9804 19.9804 19.9804 19.9804 23.43594 38.59508 34.51766 29.70375 28.06586 28.06586 28.06586 28.06587 28.06586 28.06586 28.34583 34.816 36.2996 36.2996 36.2996 36.2996 36.2996 36.2996 33.22844 27.26941 23.04257 22.48027 21.5968 21.46434 21.46434 21.46434 21.46434 21.46434 21.46434 21.46434 21.46434 21.46434 21.46434 21.46434 21.46434 21.46434 21.46434 21.46434 20.17239 19.74193
95.87248 95.87248 85.15775 67.16856 69.78652 65.24051 42.30759 42.3076 42.86881 68.29025 80.47151 80.47152 80.47151 62.5083 51.76054 48.21019 27.13231 19.9804 19.9804 211.3737 110.2536 19.9804 19.9804 19.9804 19.9804 19.9804 19.9804 19.9804 19.9804 21.16648 31.20182 35.5851 31.52106 28.06586 28.06587 28.06587 28.06587 28.06586 28.06587 28.06586 29.79901 30.90515 35.8265 36.2996 36.2996 36.2996 36.2996 28.80196 23.04257 23.04257 22.81659 21.6706 21.47033 21.46434 21.46434 21.46434 681.0043 382.9252 214.2382 21.46434 21.46434 21.46434 21.46434 21.46435 21.46434 21.42044 21.29199 19.83687 19.74193
70.86172 57.38012 43.87297 42.3076 42.82598 56.27081 42.3076 42.3076 42.3076 42.3076 45.31296 59.01175 64.23286 74.04451 66.85713 0 25.73194 15.46021 15.60468 15.26341 19.98039 19.9804 19.9804 19.9804 19.9804 19.9804 19.9804 19.9804 19.9804 19.9804 19.9804 24.09497 28.06586 28.06586 28.06586 28.06587 28.06586 28.06587 28.06586 28.06586 28.06586 28.06586 30.55732 36.0741 36.2996 35.29237 32.16412 23.04895 23.04257 23.04257 23.04257 23.04257 22.67842 21.55089 21.46434 21.46434 391.2257 1155.403 367.7642 21.48106 21.46434 21.46434 21.46434 21.46434 21.34344 19.88592 19.74193 19.74193 19.74193
42.54198 42.3076 42.3076 42.3076 42.3076 42.3076 42.3076 42.3076 42.3076 42.3076 42.3076 42.30759 42.64109 50.45246 46.74152 51.02237 34.9162 28.19204 15.32754 15.26341 0 0 19.9804 19.9804 19.9804 19.9804 19.9804 19.9804 23.85075 43.7382 41.01647 23.86401 28.06586 28.06587 28.06586 28.06587 28.06586 28.06587 28.06587 28.06587 28.06586 28.06587 28.06586 30.03793 28.70444 23.69126 23.26765 23.04257 23.04257 23.04257 22.97285 22.24333 21.54328 21.46464 21.46435 21.46434 21.46434 114.4521 31.95276 21.46434 21.46434 21.46435 21.46434 21.46434 21.46435 25.03341 23.70081 19.74193 19.74193
42.3076 42.3076 42.30759 42.3076 42.30759 42.3076 42.30759 42.3076 42.30759 42.3076 42.30759 40.91679 36.65029 36.00942 34.9162 34.9162 34.19404 28.90345 19.88442 15.26341 0 0 19.9804 18.45572 19.55901 19.9804 19.9804 20.82121 46.83123 50.46559 39.70678 28.48091 28.18308 28.06586 28.06586 28.06586 28.06586 28.06586 28.06587 28.06587 28.06587 28.06586 28.06586 26.48531 23.04257 23.04257 23.04257 23.04257 23.04257 23.04257 23.04257 22.43375 22.10419 21.90118 21.46435 21.46434 21.46435 24.39343 24.66408 21.99675 21.87652 21.57257 21.46435 22.14862 28.3157 30.29958 30.09651 20.24669 19.74193
