Scenarios/Heterogeneous/data/country_data_population_distribution/processed/density_grids/ukr.asc
ncols 437
nrows 201
xllcorner 22
yllcorner 44
cellsize 0.041666666666667
NODATA_value -9999
[rows 150 to 179 of 201, columns 276 to 344 of 437]
26.593 26.593 27.51979 70.54919 71.21015 71.21015 71.21015 71.21014 71.21014 70.30437 71.21014 30.70123 20.73934 18.87424 18.87424 18.87424 18.87424 18.87424 18.87424 18.87424 0 21.72346 27.43348 49.27213 52.72029 34.3189 47.92124 52.85263 46.68419 43.14433 52.85262 52.85262 52.85262 0 0 24.13311 24.1331 24.13311 24.13311 0 0 0 0 0 0 0 0 0 0 0 0 0 0 0 0 0 0 0 0 0 0 0 0 0 0 0 0 0 0
26.593 0 71.21014 71.21014 71.21014 71.21014 71.21014 71.21015 71.21014 71.21014 71.21015 46.51083 28.69731 20.36197 20.6156 18.97304 18.87424 18.87424 18.87424 0 18.87424 28.62207 28.62207 35.17622 42.07318 32.32679 30.14031 52.85262 28.62207 28.63117 33.18122 41.61212 42.97616 0 0 24.1331 24.1331 0 0 0 0 0 0 0 0 0 0 0 0 0 0 0 0 0 0 0 0 0 0 0 0 0 0 0 0 0 0 0 0
26.593 0 71.21014 71.21014 71.21015 71.21014 71.21014 71.21014 71.21014 71.21015 71.21014 71.21014 71.21014 47.14839 28.54939 28.17415 25.80535 26.06961 25.24412 25.96908 28.40575 28.62207 28.62207 43.427 45.87667 49.49952 29.65554 0 28.62207 28.62207 28.62207 28.62207 28.62207 0 0 0 0 0 0 0 0 0 0 0 0 0 0 0 0 0 0 0 0 0 0 0 0 0 0 0 0 0 0 0 0 0 0 0 0
0 0 0 71.21014 71.21015 71.21015 71.21014 71.21014 71.21014 71.21014 71.21015 71.21014 71.21014 70.81441 35.84816 28.62207 28.62207 28.62207 28.62207 28.62207 28.62207 28.62207 30.37877 45.44744 52.85262 52.85262 52.85263 0 28.62207 28.62207 28.62207 28.62207 28.62207 0 0 0 0 0 0 0 0 0 0 0 0 0 0 0 0 0 0 0 0 0 0 0 0 0 0 0 0 0 0 0 0 0 0 0 0
0 0 71.21014 71.21014 71.21014 71.21014 775.9183 989.542 71.21014 71.21015 71.21015 71.21014 71.21014 60.39795 28.80318 28.62207 28.62207 28.62207 28.62207 28.62207 28.62207 28.62207 29.03117 30.29459 28.62207 41.61271 32.49199 28.62207 0 28.62207 28.62207 28.62207 28.62207 28.62207 0 0 0 0 0 0 0 0 0 0 0 0 0 0 0 0 0 0 0 0 0 0 0 0 0 0 0 0 0 0 0 0 0 0 0
0 0 27.65079 27.6508 71.21014 71.21015 326.8682 370.8768 71.21014 71.21014 71.21014 71.21014 71.21014 70.51215 40.87441 28.62207 28.62207 28.62207 28.62207 28.62207 28.62207 28.62207 28.62207 28.62207 28.62207 28.62207 28.62207 28.62207 28.62207 28.62207 28.62207 28.62207 28.62207 28.62207 0 0 0 0 0 0 0 0 0 0 0 0 0 0 0 0 0 0 0 0 0 0 0 0 0 0 0 0 0 0 0 0 0 0 0
27.6508 27.65079 27.6508 27.65079 68.23856 71.21014 71.21014 71.21015 71.21014 71.21014 71.21014 71.21014 71.21014 71.21014 69.27137 31.99683 28.62207 28.62207 28.62207 28.62207 28.62207 28.62207 28.62207 28.62207 28.62207 28.62207 28.62207 28.62207 28.62207 28.62207 28.62207 28.62207 28.62207 28.62207 0 0 0 0 0 0 0 0 0 0 0 0 0 0 0 0 0 0 0 0 0 0 0 0 0 0 0 0 0 0 0 0 0 0 0
27.6508 27.6508 27.6508 27.6508 39.29762 71.21015 71.21014 71.21015 71.21014 71.21015 71.21014 71.21015 71.21014 70.90337 48.73814 38.3502 28.62207 28.62207 28.62207 28.62207 28.62207 28.62207 28.62207 28.62207 28.62207 28.62207 28.62207 28.62207 28.62207 28.62207 28.62207 28.62207 28.62207 0 28.62207 0 0 0 0 0 0 0 0 0 0 0 0 0 0 0 0 0 0 0 0 0 0 0 0 0 0 0 0 0 0 0 0 0 0
27.65079 27.6508 27.6508 27.65079 35.90279 67.21294 30.11898 29.74913 38.26163 58.8329 64.67576 71.21014 48.44248 36.39069 28.41691 28.62207 28.62207 28.62207 28.62207 28.62207 28.62207 28.62207 28.62207 28.62207 28.62207 28.62207 28.62207 28.62207 28.62207 28.62207 28.62207 0 0 28.62207 28.62207 28.62207 0 0 0 0 0 0 0 0 0 0 0 0 0 0 0 0 0 0 0 0 0 0 0 0 0 0 0 0 0 0 0 0 0
27.65079 27.65079 26.25237 25.8802 27.17902 24.32175 23.72985 23.72985 23.72985 23.72985 24.52264 32.13732 23.78274 23.72985 26.96097 28.62207 28.62207 28.62207 28.62207 28.62207 28.62207 28.62207 28.62207 28.62207 28.62207 28.62207 28.62207 28.62207 28.62207 28.62207 28.62207 28.62207 30.55757 34.72054 0 47.43663 47.66697 0 0 0 0 0 0 0 0 0 0 0 0 0 0 0 0 0 0 0 0 0 0 0 0 0 0 0 0 0 0 0 0
27.6508 27.6508 25.60965 23.72985 24.26921 23.72985 23.72985 23.72985 23.72985 23.72985 23.72985 23.72985 23.72985 23.72985 27.98476 28.62207 28.62207 28.62207 28.62207 28.62207 513.0602 508.7812 147.1599 28.62207 28.62207 28.62207 28.62207 28.62207 28.62207 28.62207 28.62207 31.04687 46.14522 47.66697 47.66697 47.66697 47.66697 0 0 0 0 0 0 0 0 0 0 0 0 0 0 0 0 0 0 0 0 0 0 0 0 0 0 0 0 0 0 0 0
27.65079 27.53928 25.36415 23.72985 23.72985 23.72985 23.72985 23.72985 23.72985 23.72985 23.72985 23.7483 25.43332 24.36785 28.32635 28.62207 28.62207 28.62207 28.62207 28.62207 310.8051 547.5582 204.4394 28.62207 28.62207 28.62207 28.62207 28.62207 28.62207 28.62207 28.62207 38.61232 47.66697 47.66697 47.66697 47.66697 47.66697 47.66697 0 0 0 0 0 0 0 0 0 0 0 0 0 0 0 0 0 0 0 0 0 0 0 0 0 0 0 0 0 0 0
27.6508 26.08334 23.72985 23.72985 23.72985 23.72985 23.72985 23.72985 23.72985 23.72985 23.72985 30.65043 45.49952 39.66712 32.98516 29.26019 35.14222 34.51564 28.62207 28.62207 28.62207 28.62207 28.62207 28.62207 28.62207 28.62207 28.62207 28.62207 30.18673 42.11797 42.47459 47.0253 47.66697 47.66697 47.66697 47.66697 47.66697 47.66697 50.18496 0 0 0 0 0 0 0 0 0 0 0 0 0 0 0 0 0 0 0 0 0 0 0 0 0 0 0 0 0 0
27.11096 23.83396 23.72985 23.72985 23.72985 23.72985 23.72985 23.72985 23.72985 23.72985 23.72985 24.94264 29.50669 44.18485 45.50155 39.75615 45.32327 41.6715 30.11522 31.04536 28.62207 29.77995 30.56513 28.62207 28.62207 28.62207 28.62207 28.62207 33.71762 38.34489 42.37447 47.66697 47.66697 47.66697 47.66697 47.65424 44.63166 40.14425 52.44441 52.44442 52.44442 0 0 0 0 0 0 0 0 0 0 0 0 0 0 0 0 0 0 0 0 0 0 0 0 0 0 0 0
26.86637 23.72985 23.72985 23.72985 23.72985 23.72985 23.72985 23.72985 23.72985 23.72985 23.72985 30.01569 35.99787 44.23677 45.50156 45.50156 45.50156 42.88401 44.53487 44.19204 42.24643 44.48969 43.39706 38.74532 31.2154 31.96313 43.85804 47.08064 47.57194 47.66697 47.66697 47.66697 47.66697 47.66697 47.66697 46.8562 36.73972 36.73972 41.08801 52.44441 52.44441 0 0 0 0 0 0 0 0 0 0 0 0 0 0 0 0 0 0 0 0 0 0 0 0 0 0 0 0
26.90753 25.03402 24.84268 24.01267 23.72985 23.72985 23.72985 23.72985 23.72985 23.72985 23.72985 40.52182 45.36738 45.50156 45.50156 45.50156 45.50155 45.50156 45.50155 45.50156 45.50156 45.50156 45.50156 45.50156 45.50211 47.34123 47.66697 47.66697 47.66697 47.66697 47.66697 47.66697 47.66697 45.23927 40.04241 38.30482 36.73972 36.73972 38.05071 0 52.44442 52.44441 0 0 0 0 0 0 0 0 0 0 0 0 0 22.34809 22.34809 0 0 0 0 0 0 22.34809 22.34809 22.34809 22.34809 22.34809 22.34809
33.86283 30.1234 30.08339 34.03767 26.56117 28.54577 30.97822 26.65758 23.72985 23.72985 23.72985 30.45245 30.78858 45.50156 45.50155 45.50155 45.50155 45.50156 45.50155 45.50156 45.50156 45.50155 45.50155 45.50155 45.79896 47.33529 47.66697 47.66697 47.66697 47.56487 46.1346 44.64316 41.82895 41.06097 36.73972 36.73972 38.61403 36.73972 0 0 0 52.44441 52.44442 52.44442 0 0 0 0 0 0 0 0 0 0 0 22.34809 22.34809 0 0 0 0 22.34809 22.34809 22.34809 22.34809 22.34809 22.34809 22.34809 22.34809
37.74231 36.21273 36.89287 37.74231 37.09664 37.35352 37.74231 29.30579 28.99114 25.98081 23.81269 31.69729 39.49035 45.50156 45.50156 45.50156 45.50156 45.50156 45.50156 45.50156 45.50156 45.50156 45.50156 45.50156 46.44074 47.47852 47.66697 47.66697 47.66697 47.62227 40.15601 36.76362 36.73972 36.73972 36.73972 36.73972 39.16969 49.81961 0 0 0 0 52.44441 52.44442 52.44442 0 0 0 0 0 0 0 0 22.34809 22.34809 22.34809 22.34809 22.34809 22.34809 0 22.34809 22.34809 22.34809 22.34809 22.34809 22.34809 22.34809 22.34809 22.34809
37.74231 37.74231 37.74231 37.74231 37.74231 37.74231 37.74231 37.74231 37.74231 32.9151 26.34669 44.29307 45.50155 45.50156 45.50156 45.50156 45.50155 45.50156 45.50155 45.50156 45.50156 45.50156 45.50155 45.50156 45.50155 45.87437 47.65989 47.66697 47.66697 46.96523 42.41623 36.83095 36.73972 36.73972 36.73972 36.73972 36.73972 40.67457 48.46439 52.44442 52.44442 52.44441 0 0 52.44442 52.44442 0 0 0 0 0 0 0 22.34809 22.34809 22.34809 22.34809 22.34809 22.34809 22.34809 22.34809 22.34809 22.34809 22.34809 22.34809 22.34809 22.34809 22.34809 115.0892
37.74231 37.74231 37.74231 37.74231 37.74231 37.74231 37.74231 37.74231 38.30005 44.82383 45.40077 45.50156 45.50155 45.50156 45.50156 45.50155 45.50155 45.50156 45.50155 45.50156 45.50156 45.50156 45.50155 45.50156 45.7654 46.42985 47.36227 47.66697 47.66697 46.39498 36.86643 36.73972 36.73972 36.73972 36.73972 36.73972 36.73972 38.68285 46.99477 52.44442 52.44442 52.44442 52.44442 52.44442 52.44441 52.44442 51.30213 22.34809 0 22.34809 22.34809 22.34809 22.34809 22.34809 22.34809 22.34809 22.34809 22.34809 22.34809 22.34809 22.34809 22.34809 22.34809 22.34809 22.34809 22.34809 22.34809 22.34809 22.34809
37.74231 37.74231 37.74231 37.74231 37.74231 37.74231 37.74231 37.74231 38.02575 41.00089 45.48771 45.50155 45.50155 45.50155 45.50155 45.50155 44.79371 37.79133 35.04276 40.79804 45.50155 45.50155 45.50155 45.50155 45.57671 47.45634 47.66697 47.66697 46.84871 41.76884 37.15941 36.73972 36.73972 36.73972 36.73972 36.73972 39.23635 50.4026 52.44441 52.44442 52.44441 52.44442 52.44442 52.44441 52.44442 52.44442 36.82636 22.34809 22.34809 22.34809 22.34809 22.34809 22.34809 22.34809 22.34809 22.34809 22.34809 22.34809 22.34809 22.34809 22.34809 22.34809 22.34809 22.34809 22.34809 22.34809 22.34809 22.34809 135.9685
37.74231 37.74231 37.74231 37.74231 37.74231 37.74231 37.74231 37.74231 37.74231 37.74231 56.79807 52.85208 61.68632 77.0367 58.49134 53.13598 33.86562 33.57273 33.57273 39.52875 45.37627 45.39251 45.15583 44.02377 42.9529 38.43959 35.45872 41.58936 38.51938 36.45761 36.73829 36.73972 36.73972 36.73972 36.73972 36.73972 36.73972 37.16943 48.06135 52.44442 52.44442 52.44442 52.44442 52.44442 52.44442 52.44442 36.69328 22.34809 22.34809 22.34809 22.34809 22.34809 22.34809 22.34809 22.34809 22.34809 22.34809 22.34809 22.34809 22.34809 22.34809 22.34809 22.34809 22.34809 22.34809 22.34809 22.34809 22.34809 271.9458
37.74231 37.74231 37.74231 37.74231 37.74231 37.74231 37.74231 37.74231 37.74231 52.05289 69.35634 73.29025 92.59646 93.07303 93.07303 93.07303 40.9678 33.57274 33.57273 34.88569 36.01527 34.15334 33.57273 33.57274 35.83371 33.57274 33.57273 35.0342 34.81986 33.63033 36.05983 35.63258 36.09962 36.73972 36.73972 38.44707 45.40811 40.73445 48.04144 52.44442 52.44442 52.44442 52.44442 52.44442 52.44442 52.44441 129.3625 110.4493 53.71361 22.34809 22.34809 22.34809 22.34809 22.34809 22.34809 22.34809 22.34809 22.34809 22.34809 22.34809 22.34809 22.34809 22.34809 22.34809 22.34809 22.34809 22.34809 22.34809 22.34809
544.8516 380.7892 452.6071 37.74231 37.74231 37.74231 37.74231 37.74231 37.92903 76.70217 93.07304 93.07303 93.07304 93.07304 93.07304 93.07304 66.77948 38.11178 33.57273 33.57273 33.57274 33.57273 33.57273 33.57273 33.57273 33.57274 33.57273 33.57273 33.57273 33.57274 33.93974 33.57274 34.00418 39.2571 38.58419 51.43864 52.44442 52.44442 52.44442 52.44442 52.44442 52.44442 52.44442 53.22094 138.0091 277.7535 370.9817 406.2844 292.0163 81.54057 22.34809 22.34809 22.34809 22.34809 22.34809 22.34809 22.34809 22.34809 22.34809 22.34809 22.34809 22.34809 22.34809 22.34809 22.34809 22.34809 22.34809 22.34809 22.34809
1807.961 400.1277 168.4285 37.74231 37.74231 37.74231 39.96938 42.83442 60.92202 83.31576 93.07304 93.07303 93.07304 93.07303 93.07303 93.07303 93.07302 91.50462 38.5056 33.57273 33.57273 33.57273 33.57274 33.57273 33.57274 33.57273 33.57273 33.57273 33.57273 33.57273 33.57274 33.57273 37.52742 51.82883 47.4174 52.44442 52.44442 52.44442 52.44442 52.44442 52.44442 52.44442 217.2577 187.4642 393.7819 406.2844 406.2844 406.2843 406.2844 0 22.34809 22.34809 22.34809 22.34809 22.34809 22.34809 22.34809 22.34809 22.34809 22.34809 22.34809 22.34809 22.34809 22.34809 22.34809 22.34809 22.34809 22.34809 22.34809
0 37.7423 37.74231 37.74231 38.32069 41.91052 51.03051 89.77432 93.07303 93.07302 93.07303 93.07303 93.07303 93.07303 93.07303 93.07303 93.07303 93.07302 44.16825 33.57274 33.57274 33.57274 33.57273 33.57274 33.57274 33.57273 33.57274 33.57273 33.57274 33.57273 33.57273 33.57273 34.00724 38.7961 47.48177 47.07167 51.65184 52.44442 52.44442 52.44442 52.44442 160.6536 397.8239 406.2844 406.2844 406.2844 406.2844 0 0 0 0 0 0 22.34809 22.34809 22.34809 22.34809 22.34809 22.34809 22.34809 22.34809 22.34809 22.34809 22.34809 22.34809 22.34809 22.34809 22.34809 22.34809
0 0 37.74231 37.74231 83.50314 93.07302 93.07303 93.07302 93.07303 93.07302 93.07302 580.6502 1601.287 136.8278 93.07302 93.07302 93.07303 93.07302 57.6925 33.57273 33.57273 33.57273 33.57273 33.57273 33.57273 33.57273 33.57273 33.57273 33.57273 33.57273 33.57273 33.57273 33.57273 33.60676 36.46599 48.97507 52.44308 52.44441 52.44442 52.44442 51.46548 197.581 399.2397 406.2844 406.2844 406.2844 0 0 0 0 0 0 0 0 0 22.34809 22.34809 22.34809 22.34809 22.34809 22.34809 0 0 22.34809 22.34809 22.34809 0 0 0
0 0 82.59636 78.64602 88.20322 93.07304 93.07304 93.07303 93.07304 93.07303 93.07304 115.9942 142.0635 1351.107 2207.329 2611.437 1549.598 132.1286 79.31843 33.57273 33.57273 33.57274 33.57274 33.57273 33.57273 33.57273 33.57273 33.57274 33.57274 33.57274 33.57273 33.57274 36.82992 45.88504 46.80339 47.90032 50.3593 50.34388 48.60681 48.43739 47.6331 47.19539 103.5788 352.8579 406.2844 406.2843 0 0 0 0 0 0 0 0 0 0 0 0 0 0 0 0 0 0 0 0 0 0 0
0 0 80.34853 83.74002 93.07303 93.07303 93.07303 93.07303 93.07303 93.07303 93.07303 93.07303 412.1942 2811.179 3430.608 3315.615 846.4865 105.9683 93.04778 46.06448 33.57273 33.57273 33.57273 33.57273 33.57273 33.57273 33.57273 33.57274 33.57273 33.57273 33.57274 38.21253 43.94287 47.19538 47.19538 47.19538 47.19538 47.19538 47.19538 47.19538 47.19538 47.19538 47.19538 0 406.2844 0 0 0 0 0 0 0 0 0 0 0 0 0 0 0 0 0 0 0 0 0 0 0 0
0 0 51.57243 60.94986 67.41058 69.69758 71.39086 67.39044 63.58217 80.17145 93.0629 93.07303 93.07303 1006.107 830.4484 1503.39 152.0857 93.07303 93.07303 72.09991 43.99339 33.57273 33.57273 33.57273 34.95182 51.33655 34.27869 33.57273 38.10834 41.92514 39.14273 46.79395 47.19539 47.19538 47.19539 47.19538 47.19538 47.19538 47.19538 47.19539 47.19538 47.19538 0 0 0 0 0 0 0 0 0 0 0 0 0 0 0 0 0 0 0 0 0 0 0 0 0 0 0
