Scenarios/Heterogeneous/data/country_data_population_distribution/processed/density_grids/ury.asc
ncols 142
nrows 118
xllcorner -58
yllcorner -34
[rows 29 to 57 of 118, columns 0 to 64 of 142]
0 0 0 0 0 0 0 0 0 0 0 0 0 0 0 0 0 0 0 0 0 0 0 0 0 0 0 0 0 21.06153 15.78751 6.913125 4.112526 4.234723 4.018806 2.780738 0.4821953 0.3488441 0.3155782 0.2693251 0.2383964 0.1660787 0.1231461 0.1472344 0.1315152 0.0944812 0.02577295 0.02969456 0.08399596 3.677982 0.2480533 0.1333017 0.1395009 0.1398479 0.139438 0.1278217 0.1210871 0.1210871 0.1210871 0.1210871 0.1208958 0.09976483 0.09647214 0.09647214 0.09647214
0 0 0 0 0 0 0 0 0 0 0 0 0 0 0 0 0 0 0 0 0 0 0 0 0 0 0 0 617.6539 284.7442 81.04285 48.42389 28.23792 57.70454 3.718141 4.234602 2.334348 0.2065444 0.2257527 0.2374706 0.2388446 0.2384716 19.24961 0.05480183 0.001219406 0 0 0.01880417 0.05946018 0.1527842 0.2786594 0.1331831 0.08637626 0.1247364 0.1398479 0.1382885 0.1279576 0.1218731 0.121087 0.1574329 0.1942616 0.1903217 0.1842383 0.1683208 0.1506799
0 0 0 0 0 0 0 0 0 0 0 0 0 0 0 0 0 0 0 0 0 0 0 0 0 0 0 0 2703.406 2315.663 481.0779 7.090234 39.97434 2.459141 2.459141 2.801386 0.8508745 0.2041813 0.2041813 0.2056557 0.2124297 0.2077683 0.2127673 0.1964685 0 0 0 0.01049861 0.05946019 0.05946019 0.0842996 0.06907272 0.06214566 0.08102722 0.1397658 0.1398479 0.1398479 0.150954 3.353894 0.2057596 0.2056277 0.2052451 0.2052451 0.2052451 0.2050655
0 0 0 0 0 0 0 0 0 0 0 0 0 0 0 0 0 0 0 0 0 0 0 0 0 0 33.49798 5.553807 5.244845 4.530396 24.89894 4.348456 3.19599 2.459141 2.459141 2.434547 0.3320778 0.2041813 0.2041813 0.2041813 0.2041813 0.2041813 0.2041813 0.2040466 0.07371327 0 0 7.471149e-06 0.04865823 0.05946018 0.05946019 0.05949936 0.06198284 0.06214566 0.07543924 0.1219387 0.1909214 0.208374 0.2122591 0.212259 0.2120347 0.2080088 0.206011 0.2052451 0.2052451
0 0 0 0 0 0 0 0 0 0 0 0 0 0 0 0 0 0 0 0 0 0 0 0 0 0 7.424755 2.622476 2.960259 1.700248 1.29205 1.134986 1.387471 1.264375 1.083743 0.9406743 0.2148297 0.2141631 0.2142636 4.169665 0.2067545 0.204302 0.2041813 0.2041813 0.1950984 0.03748069 0 0 3.525572 0.05946019 0.05946019 0.05946019 0.06171599 0.06269588 0.07342623 0.08211693 0.1628112 0.2122591 0.2122591 0.2122591 0.2122591 0.2122591 0.212094 0.208037 0.2052451
0 0 0 0 0 0 0 0 0 0 0 0 0 0 0 0 0 0 0 0 0 0 0 0 0 0 0 0 0.4664371 0.5389951 0.4717022 0.4325697 0.1918787 0.1463502 0.217034 0.2171975 0.2171975 0.2171975 0.2171975 2.684852 0.2171952 0.2169809 0.213038 0.2085252 0.2066629 0.1839404 0.05370648 0 3.590815 0.04462611 0.05946018 0.05946018 0.06126808 0.06214566 0.07368473 0.0789001 0.07892346 0.1252278 0.2101679 0.2122591 0.212259 0.2122591 0.2122591 0.2122338 0.2096243
0 0 0 0 0 0 0 0 0 0 0 0 0 0 0 0 0 0 0 0 0 0 0 0 0 0 0 0 12.0828 0.4160252 0.4404048 0.4858402 0.3990953 0.1059126 0.1707744 0.191632 0.3635616 11.38645 0.2171975 0.2171975 0.2171975 0.2171975 0.2171975 0.2171975 0.21491 0.2114298 0.127699 0 0 0.01829145 0.05946018 0.05946018 0.05970266 0.06177265 0.06642552 0.07845579 0.0789001 0.07890009 0.1748504 0.212259 0.212259 0.2122591 0.2122591 0.2122591 0.2122591
0 0 0 0 0 0 0 0 0 0 0 0 0 0 0 0 0 0 0 0 0 0 0 0 0 0 0 0 17.00666 0.4160252 0.4188551 0.4839524 0.4858402 0.2551103 0.1039981 0.1039981 0.1050184 0.1167752 0.08670181 0.1869928 0.2171975 0.2171975 0.2171975 0.2171367 0.1932893 0.1869594 0.1773688 0.05908917 0 0.01228229 0.05561392 0.05946018 0.05946018 0.0599866 0.06213594 0.07068502 5.884387 0.07890009 0.09365699 0.1930403 0.212259 0.2122591 0.2122591 0.2122591 0.212259
0 0 0 0 0 0 0 0 0 0 0 0 0 0 0 0 0 0 0 0 0 0 0 0 0 0 0 0 0.4904793 0.4160253 33.78165 0.4858403 0.4858403 0.4634825 2.451463 0.1039981 0.1039981 0.1039981 0.06793292 0.0239499 0.1083221 0.1743019 0.1899203 0.1941952 0.1859531 0.1859531 0.1859531 0.1810045 0.1671842 0.1123529 0.07403042 0.1117942 0.06540544 0.05946286 0.06166539 0.06350573 0.07675419 0.07862266 0.06240002 0.07089429 0.1243266 2.767278 0.2122591 0.212259 0.2122591
0 0 0 0 0 0 0 0 0 0 0 0 0 0 0 0 0 0 0 0 0 0 0 0 0 0 0 0 0.4160252 0.4160252 0.4411214 0.4858402 0.4858403 0.4858402 0.3829287 0.1043321 0.1039981 0.1039981 0.1038104 0.03998873 0.01537653 0.01537653 0.01547016 0.09699105 0.185744 0.1859531 0.1859531 0.1859531 0.1859531 0.1859531 0.1859531 0.1859531 0.1687261 0.08991948 0.06781035 0.06214565 0.07506149 0.07890002 0.05627594 0.0554906 0.05549061 0.05563832 0.1171689 0.1309988 0.1081752
0 0 0 0 0 0 0 0 0 0 0 0 0 0 0 0 0 0 0 0 0 0 0 0 0 0 0 2.943327 0.4160252 0.4160252 0.4177201 0.477599 0.4858402 0.4858402 0.4858402 0.4322134 0.1510593 0.1243804 0.1039981 0.09583598 0.03022043 0.01537653 0.01537653 0.01987768 0.09235108 0.1433837 0.181562 0.1859531 0.1859531 0.1859531 0.1859531 0.1859531 0.1859531 0.1859531 0.1743985 0.1411334 0.0987016 0.07400956 0.0555066 0.05549061 0.05549061 0.05549061 0.05549061 0.05549061 0.05549061
0 0 0 0 0 0 0 0 0 0 0 0 0 0 0 0 0 0 0 0 0 0 0 0 0 0 0 0.5537618 0.4160252 0.4160252 0.4175496 0.4781993 0.4877589 0.4896179 0.4858402 0.4858402 0.477651 0.4721203 0.1994585 0.1039981 0.08666222 0.02048581 0.01537653 0.02063299 0.02775636 0.02775636 0.04408407 0.08694892 0.1517451 0.1508563 0.1693647 3.052711 0.1676926 0.1859531 0.1856527 0.1533234 0.142086 0.09210832 0.05549061 0.05549061 0.05549061 0.05549061 0.05549061 0.05549061 0.05549061
0 0 0 0 0 0 0 0 0 0 0 0 0 0 0 0 0 0 0 0 0 0 0 0 0 0 4.969195 0.6651266 0.4626133 0.4160253 0.5067677 0.4905425 0.5035273 0.5065788 0.4976051 0.4980343 0.4998313 0.4940165 0.4852756 0.3894236 0.1713288 0.0610929 0.01757315 0.05935739 0.03213722 0.02775636 0.02775636 0.02775636 0.02775636 0.02775636 0.02497819 0.006841063 0.01322896 0.04926486 0.04200312 0.00670499 0.006704991 0.01685884 0.02426224 0.04705194 0.05384685 0.05584742 0.05549061 0.05549061 0.05549061
0 0 0 0 0 0 0 0 0 0 0 0 0 0 0 0 0 0 0 0 0 0 0 15.51196 0.8047819 0.7137362 0.7137362 0.7137362 0.698622 0.6348889 2.155974 0.5063701 0.5066269 0.506627 0.5066269 0.506627 0.506627 0.506627 4.507391 11.63576 0.2562329 0.1355587 0.159614 0.1628792 0.1463961 0.05526737 0.02774766 0.02738488 0.02747999 0.02775636 0.02775636 0.02277373 0.01075117 0.00670499 0.00670499 0.00670499 0.00670499 0.00670499 0.00670499 0.01791484 0.07840659 0.08792747 0.07826258 0.06729686 0.05825872
0 0 0 0 0 0 0 0 0 0 0 0 0 0 0 0 0 0 0 0 0 0 0 5.255982 0.7137362 0.7137362 0.7137362 0.7137362 0.7137362 0.7137362 0.5810112 0.5064627 0.5028926 0.483909 0.4482236 0.4657819 0.4277533 0.3610548 0.2692644 0.08440585 20.66428 0.1628792 0.1628792 0.1628792 0.1628792 4.734509 0.02613771 0.02529947 0.02530048 0.02567959 0.01868265 0.01868296 0.01841855 0.01218307 0.0113958 0.010446 0.006735242 0.006704991 0.02617231 0.07899672 0.09090908 0.09090496 0.08295775 0.06724872 0.06288905
0 0 0 0 0 0 0 0 0 0 0 0 0 0 0 0 0 0 0 0 0 0 0 0 1.07146 0.7137363 0.7137362 0.7111449 0.6651835 0.6254981 131.821 0.3605303 0.3297225 0.32223 0.32223 0.3183519 0.1234498 0.08183087 0.08183088 0.08869364 0.154414 0.1628792 0.1628792 0.1628792 0.1232631 0.03263023 0.02529947 4.383586 0.02529615 0.02050863 0.01403707 0.01331156 0.01331156 0.01331156 0.01331156 0.01331156 0.007202042 0.00670499 0.006704991 0.04756771 0.09090907 0.08318721 0.07048705 0.06288904 0.06288905
0 0 0 0 0 0 0 0 0 0 0 0 0 0 0 0 0 0 0 0 0 0 0 0 5.101724 0.6647744 0.6264334 0.5625322 0.509358 0.509358 0.3770552 0.32223 0.32223 0.32223 1.886099 0.2703431 0.08326083 0.08183087 1.344488 0.5471348 0.1729194 0.1764807 0.1641811 0.1627875 0.04163795 0.02529947 0.02529946 0.02529947 0.01843847 0.01331607 0.01331156 0.01331156 0.01331156 0.01331156 0.01331156 0.01331156 0.01072359 0.006704991 0.00670499 0.01163194 0.08967122 0.09090907 0.08716983 0.06291223 0.06288904
0 0 0 0 0 0 0 0 0 0 0 0 0 0 0 0 0 0 0 0 0 0 0 0 0 0.509358 0.509358 0.509358 0.509358 0.509358 0.3609763 6.543789 0.32223 0.3203543 0.2161828 0.1054784 0.08183088 0.08315989 0.1009098 0.1789182 0.2263306 0.2263306 0.1793255 0.04999163 0.2569702 0.02529947 0.02529947 0.02475963 0.01348444 0.01331156 0.01331156 0.01331156 0.01331156 0.01331156 0.01331156 0.01331156 0.009468949 0.005929238 0.00670499 0.03554341 0.09090908 0.09090908 0.08094609 0.06315899 0.06288904
0 0 0 0 0 0 0 0 0 0 0 0 0 0 0 0 0 0 0 0 0 0 0 0 6.037132 0.509358 0.509358 0.4795559 0.4618989 27.2312 6.237784 0.32223 0.3141248 0.1491346 0.09608419 0.1042459 0.10054 0.1096966 0.1378774 0.2223814 0.2263306 2.563254 0.06039996 0.02526921 0.2603344 0.0244868 0.02254683 0.02101687 0.01397631 0.01331156 0.01331156 0.01331156 0.01261234 0.01325225 0.01197372 0.007132674 0.00213008 0.002938974 0.007811628 0.08464096 0.09090908 0.09090909 0.08312511 0.06351261 0.1162331
0 0 0 0 0 0 0 0 0 0 0 0 0 0 0 0 0 0 0 0 0 0 0 0 0.5030696 0.4273241 0.4223245 0.228416 0.2411939 3.435624 0.3098178 0.2853713 0.1915546 0.1122827 0.1122827 0.1122827 0.1122827 0.1122827 0.1501653 0.1965016 0.2263306 0.1043725 0.01611704 0.01531385 0.01942505 0.01516482 0.01331156 0.01156356 0.006980523 0.005446514 0.006124545 0.004352175 0.002122767 0.003943399 0.09674455 0.002094242 0.002094243 0.003997026 0.02365935 0.03628349 0.04393587 0.08989645 0.09083237 0.09046826 0.1282453
0 0 0 0 0 0 0 0 0 0 0 0 0 0 0 0 0 0 0 0 0 0 0 0 0.3034333 0.2145137 0.2106886 0.2083189 0.9726523 0.9031751 0.1919708 0.1816292 0.1493947 0.1197947 0.1056123 0.1012913 0.1122827 0.110952 0.1069988 0.1283416 0.1435134 0.01862514 0.01331156 0.01331156 0.01331156 0.01327737 0.01359619 0.03710137 0.003948858 0.002094243 0.002094242 0.002094243 0.002094242 0.002094243 0.002094242 0.002094243 0.007676863 0.0249777 0.0285295 0.0285295 0.0285295 0.07463051 0.1000782 0.1286467 0.1297161
0 0 0 0 0 0 0 0 0 0 0 0 0 0 0 0 0 0 0 0 0 0 0 0 7.556592 0.224017 0.2238511 16.30984 1.351618 0.1924919 0.1904949 0.1904949 0.1904949 0.202081 0.185234 0.06459151 0.08427055 0.07429146 0.06075083 0.06201258 0.06003857 0.05726615 0.05225348 0.07639472 0.1319236 0.1436681 0.3795823 0.3342777 0.3236491 0.2098534 0.2147253 0.03814754 0.002157943 0.002094243 0.002094243 0.005801363 0.02745085 0.0285295 0.0285295 0.0285295 0.0285295 0.04302304 0.1206954 0.1297161 0.1297161
0 0 0 0 0 0 0 0 0 0 0 0 0 0 0 0 0 0 0 0 0 0 0 0 0 39.21268 30.50729 5.365485 0.4646123 0.3983951 0.3207502 0.2269953 0.1904948 0.2975466 0.4067055 0.08531684 0.06003857 0.06003857 0.06003857 0.06003857 0.06003857 0.06003857 0.06003857 0.06003857 0.315394 0.6262645 0.6126041 0.3394479 0.3393719 0.3393718 0.2861005 0.1166501 0.08780807 0.0673387 0.02478566 0.03042039 0.0285295 0.0285295 0.0285295 0.02960603 0.03448746 0.03652743 0.05533179 0.1173855 5.529878
0 0 0 0 0 0 0 0 0 0 0 0 0 0 0 0 0 0 0 0 0 0 0 0 0 0 339.7911 10.89679 0.6628715 0.4871455 0.4871455 0.4537183 0.4071184 0.4588307 0.4852697 0.3316961 0.1660927 0.06023867 0.06483801 0.06473437 0.06021724 0.06003857 0.06019675 0.06467406 0.2669092 0.6262643 0.6215228 0.3396158 0.3393718 0.3393719 0.2506111 0.1153318 0.1153318 0.1153318 0.1153318 0.1092825 0.06522104 0.03437687 0.03456571 0.0367532 0.03707687 0.06459529 0.09530125 0.09798422 0.1449482
0 0 0 0 0 0 0 0 0 0 0 0 0 0 0 0 0 0 0 0 0 0 0 0 0 2232.98 2752.75 22.84058 7.024091 1.192493 0.631619 0.6956748 0.7393459 0.504336 0.4871456 0.4871456 0.4783899 0.2054414 0.07004154 0.07004154 0.06742396 0.06121842 0.06753686 0.07004154 0.2512563 0.6262645 0.6152813 0.3393718 0.3393719 0.3393718 27.04644 0.1153318 0.1153318 0.1153318 0.1153318 0.1153318 0.1153318 0.09059735 0.03705911 0.03701268 0.04635911 0.09798422 0.09798422 0.09798423 0.09158841
0 0 0 0 0 0 0 0 0 0 0 0 0 0 0 0 0 0 0 0 0 0 0 0 0 156.4269 267.5584 21.14681 15.50957 17.84068 0.7718809 7.754731 0.5502806 0.3400425 0.3546284 0.4416447 0.4853233 42.72884 0.07495354 0.07004154 0.07004154 0.06837238 0.07004154 0.07004154 0.4372343 0.931851 16.89362 248.3606 0.31229 0.3200703 0.2376378 0.1206619 0.1208465 0.1160921 0.1153318 0.1153318 0.1153318 0.1153318 0.06356116 0.06918234 0.07377286 0.09798423 2.136775 0.3491965 0.09184496
0 0 0 0 0 0 0 0 0 0 0 0 0 0 0 0 0 0 0 0 0 0 0 0 21.18488 4.250338 3.71822 11.00366 69.40848 6.648499 0.7682397 0.4264031 0.2148901 0.2148901 0.2148901 0.2148901 0.3419353 13.37939 0.4793477 30.11459 0.4107683 0.3465401 0.3019211 0.3850887 0.6129451 0.6262644 0.6002324 0.2272783 0.1246878 0.1255515 0.1242141 0.1241027 0.1241026 0.1234265 27.98724 0.1191326 0.1178577 0.1062308 0.136768 10.27001 0.09798422 0.09798422 0.09798423 0.09462088 0.09298655
0 0 0 0 0 0 0 0 0 0 0 0 0 0 0 0 0 0 0 0 0 0 0 5.942624 4.248732 3.873198 1.372119 2.305011 1.705707 0.6085073 0.4157848 0.2799861 0.2229283 0.21489 0.21489 0.21489 0.3985309 0.4855323 0.4855323 0.4822829 0.320431 0.2520853 35.77269 0.2493656 0.3516228 0.5315472 0.2377083 0.1241026 0.1241027 0.1241026 0.1241027 0.1241026 0.1238685 0.1218911 0.1204951 0.1204951 0.1206082 0.1145463 0.09339829 0.09340343 0.09549119 0.09796094 0.09794095 0.09340838 0.09298655
0 0 0 0 0 0 0 0 0 0 0 0 0 0 0 0 0 0 0 0 0 0 0 3.231199 1.621916 1.285806 1.075603 1.194772 0.4091448 0.4090712 0.4090712 0.4090712 0.3894067 0.3221812 7.208783 0.21489 0.4069416 0.4855323 2.623545 0.2900612 0.2277399 0.2277399 0.2277399 0.2340695 0.4030339 0.4163856 0.2473796 0.1241026 0.1241027 0.1241027 0.1241027 0.1241026 0.1211996 0.1204951 0.1204951 0.1204951 0.1219848 0.1238228 0.09697373 0.09339829 0.09339829 0.094772 0.09547713 0.09298655 0.09298657
