Scenarios/Heterogeneous/data/country_data_population_distribution/processed/density_grids/ury.asc
ncols 142
nrows 118
xllcorner -58
yllcorner -34
[rows 87 to 115 of 118, columns 65 to 129 of 142]
0.9695909 0.9971719 116.1989 200.1228 2.028271 2.028271 1.862344 1.649224 0.5602301 0.5191605 0.4857618 0.5184242 0.4159164 0.3183723 0.2300162 0.2192741 0.2160548 0.1852682 0.1600291 0.1383936 0.08132605 0.08131851 0.08131851 0.08936233 0.1258222 0.1096733 0.09952628 0.202447 0.2693059 0.1633543 0.1115872 0.1115872 0.1115872 0.1115872 0.1111038 0.1104589 0.114035 0.09662545 0.1080726 0.1133551 23.94473 2.171508 0.3551424 0.3551424 0.348195 0.1808946 0.1628525 0.163073 0.1973769 0.2403178 0.3122061 0.3122114 0.256402 0.179093 0.4270171 0.4855295 0.1827967 0.2183029 0.2181361 0.2181085 0.2181085 0.2269904 0.3189938 0.3242253 0.328105
0.5820342 0.9971718 0.9971718 1.545146 1.823087 1.423922 0.808075 0.8402203 0.6926607 0.6754234 0.6661345 0.6195059 0.3439962 0.3312795 0.323017 0.2713951 0.223094 0.2440901 0.2486986 0.2486986 0.1385338 0.08185238 0.08131851 0.09909275 0.1492552 0.1323761 0.09952627 0.177801 0.2963381 0.2953406 0.1307833 0.1117165 0.1196563 0.1223476 0.1254152 0.1246282 0.113662 0.1502995 0.1205858 0.1134421 0.1798403 0.3551424 0.3550975 0.3514597 0.3497884 0.237551 0.1993767 0.2090992 0.2242568 0.2785341 0.3122115 0.3122114 0.1919089 0.1708152 0.1708152 0.1708152 0.1866659 0.2300985 0.2195106 0.2181085 0.2181085 0.2181085 0.2181085 0.2538826 0.2871965
0.548418 0.9883261 0.9968287 2.788115 0.7589872 0.7084656 0.6933303 0.6933455 0.7012381 0.7017699 0.7017699 0.5880362 0.4025167 0.3312795 0.3312795 0.3312795 0.3259486 0.4337728 0.3248253 0.2486986 0.2486986 0.1607468 0.08131851 0.1259945 0.1494909 0.1462567 0.1099692 0.2439367 0.2963381 0.2963381 0.291048 0.2040412 0.1294048 0.1294048 0.1270193 0.09419055 0.08091734 0.2577914 0.2568464 0.1777812 0.242653 0.3487427 0.3437436 0.3418815 0.3418815 0.2453856 0.221139 0.221139 0.2558765 0.3122114 0.3122114 0.3098969 0.1776484 0.1708152 0.1708152 0.1708152 0.2081753 0.2818931 0.2780592 0.2796832 0.2382867 0.2181085 0.2181085 0.2181085 0.2181085
0.4261421 0.8005116 0.9145951 7.572721 0.7875054 0.7720243 0.7218863 0.6943659 0.7017699 0.7017699 0.6793643 0.4874438 0.4004443 0.3421191 0.3312795 0.3312795 0.3589377 0.4610232 0.4740757 0.2926297 0.2486986 40.30384 21.29569 0.1526964 0.149504 0.1494909 0.206706 0.2963381 0.3972455 0.4637899 0.5045289 0.5364188 1.907835 0.1191023 0.06604201 0.04828903 0.1273143 0.2617493 0.2578236 0.22773 0.2681762 1.553774 0.3418815 0.3418815 0.3412735 0.2440298 0.221139 0.221139 0.2587946 0.3122114 0.3122114 0.2827252 0.1708152 0.1708152 0.1708152 0.187665 0.274723 0.2818931 0.2838209 0.4268546 0.4820752 0.3287605 0.2201539 0.2181085 0.2181085
0.6300128 0.8775569 0.8629315 0.8384554 0.7875056 0.7875055 0.7818643 0.6954514 0.7016702 0.7017699 0.5692554 0.5009868 0.5012468 0.4118454 0.3260065 0.3096035 0.3005805 0.3532358 0.483135 0.4706005 0.4105512 0.1796457 0.1753338 0.1753244 0.1615622 0.1511722 0.3294055 0.4286332 0.5662813 0.5700432 0.5638918 0.3764113 1.43457 0.1415484 0.15776 0.08380134 0.2130616 0.2617216 0.2345496 0.2223893 0.2780061 8.338573 0.3418815 0.3418815 0.3418815 0.2627349 0.221139 0.2088487 0.207222 0.2966787 0.3122114 0.2486053 0.1708152 0.1708152 0.1591191 0.2655639 0.2818931 0.2818931 0.3663177 0.5694432 0.5694431 0.5694432 0.5033315 0.4235436 0.2909451
0.8026366 0.8629317 0.8629315 1.080337 1.250185 39.32543 0.7875055 0.7283873 0.6426454 0.5476588 0.5012541 0.5030398 0.570488 0.4272652 0.2840201 0.2822323 0.4560381 0.483135 0.4831351 0.483135 0.3233312 0.1753338 0.1753338 0.1573351 0.1313956 0.3135158 0.3950649 0.4177793 0.5443994 0.5700431 0.5150964 0.1166302 0.06884672 0.195104 0.2462946 0.2486684 0.2283348 0.2278131 0.2223971 0.2223893 0.3165064 0.3418815 0.3418815 0.3418815 0.3179412 0.2294951 0.2881769 0.220993 0.1709722 0.171197 0.1887777 0.1816006 0.1686413 0.08152576 0.03581885 0.1839711 0.2340611 0.2727551 0.4253743 0.5694431 0.5694432 0.5694431 0.5694431 0.5136769 0.3482233
1.456827 0.8629315 0.8629316 1.326443 1.799728 1.757719 1.25355 0.8154687 0.5974228 0.8747898 1.059246 1.593529 1.780543 1.267148 0.2747419 0.2747419 0.3834631 0.5750853 0.6719497 16.68743 0.1171869 0.05520226 0.1216272 0.1261408 0.1819825 0.3912162 0.395065 0.395065 0.4423446 0.245184 0.1539311 0.1142376 0.1109128 0.1581203 0.1761237 0.1761237 0.1980997 0.2216485 0.2223893 0.2223893 0.32041 0.3418815 0.3418815 0.341076 0.2647775 0.2441132 0.3584547 0.2384247 0.1709722 0.1709722 0.1709722 0.1708355 0.1668382 0.02468232 0.0243351 0.1362123 0.1480299 0.1480309 0.2292047 0.4219446 0.5694431 0.5694431 0.5694431 0.4491634 0.3482233
1.551662 0.8669139 0.8776371 1.058243 2.260183 1.803301 14.45858 3.148038 2.726563 1.817222 1.799237 1.792421 1.789074 6.706584 1.060869 1.133777 0.9128953 0.9101551 0.9101551 2.92237 0.1369081 0.01602864 0.08803612 0.1247968 0.3163285 0.395065 0.4019486 0.53071 0.5013342 0.1934145 0.1142376 0.1142376 0.1142376 0.148212 0.1761237 0.1761237 0.2097968 0.2223893 0.2223893 0.2223893 39.6131 0.3073142 0.3169282 0.2573662 0.237269 0.3385035 0.3587078 0.2561205 0.1709722 0.1709722 0.1709722 0.1711342 38.97379 0.02156155 0.02143942 0.07667024 0.1480298 0.1480298 0.1480298 0.1953961 0.5552142 0.5694431 0.5694431 0.4168083 0.3482233
1.598743 1.768 1.838362 2.093597 13.87655 180.8172 15.83701 3.08354 3.08354 1.624186 0.6180056 0.1372391 0.07636087 1.240607 1.711192 1.357826 1.050073 0.9101552 0.9101552 0.9101552 0.6851947 0.01602864 0.1872364 0.337803 0.395065 0.4363218 0.7876334 0.6929442 0.5259176 0.3703285 0.1142376 0.1142376 0.1142379 0.1622025 0.1761237 0.191997 0.2217839 0.2223893 0.2223893 0.2223462 44.46278 0.2387968 0.4354554 0.4540736 0.4491741 0.3587078 0.3587078 0.2987064 0.1742671 0.1709725 0.1709722 0.1777 2.406845 0.03001699 0.02513005 0.02772224 0.08773199 0.132693 0.1404768 0.1203037 0.6049708 0.8225647 0.5677786 0.348285 0.3482233
1.598743 1.966044 2.093597 2.093597 4.855771 1661.457 149.2621 3.08354 3.08354 1.218382 0.06858029 0.1018932 0.7662138 1.711703 1.736119 1.767855 1.665742 1.26805 1.157852 127.7397 0.3412474 0.06078637 0.3709845 0.5032116 0.7958689 0.870131 0.8790691 0.5659391 0.5259176 0.2899087 0.11905 0.1142376 0.1346946 0.1761237 0.1762012 0.2790489 0.2637906 0.2468665 0.2223893 0.2566797 0.252049 0.3609925 0.4860798 0.4860798 0.4209728 0.3613451 0.3752858 6.175653 0.1865842 0.1831894 0.1828472 0.1856334 0.09119503 0.02807206 0.02807206 0.02807206 0.03246018 0.03983339 0.03983339 0.287631 0.9181731 0.9198291 0.7245158 0.3482233 0.3482233
1.785326 2.093281 2.093597 2.093597 11.22263 2.615766 1.892323 2.493608 2.909083 0.5983024 0.2424538 0.9791775 1.22221 1.711703 1.760304 1.767855 1.767855 1.594215 1.449595 1.449595 0.2541321 0.247271 0.449862 2.901489 0.8847985 0.8847984 0.7763262 0.4940212 0.3162028 0.2150999 0.2075329 0.1718594 0.1567006 0.1940147 0.5031589 0.601627 0.5580818 0.5032986 0.3977866 0.3801768 0.3792436 0.4603046 0.4860798 0.4694782 0.3926486 0.3928496 0.3938913 0.307041 0.1865842 0.1865842 0.1865842 0.186462 0.07877337 0.02807206 0.02807206 0.02807206 0.03252951 0.03983339 0.03983339 0.04029518 0.6263763 0.919829 0.8269103 0.3482233 0.3482233
1.975673 2.101292 94.89115 11.04723 1.981393 1.710797 1.70352 1.70352 1.750694 1.066275 0.9174843 1.216141 1.462677 1.724704 2.793969 2.314459 2.858638 128.7853 1.449594 1.452217 1.041254 0.6990375 0.8568215 0.8847985 0.8847985 0.8545743 0.586082 0.5196801 0.2441005 0.2148504 0.2429754 0.8072618 0.6430876 0.6993238 0.6061061 0.6061061 0.5387973 0.3795334 0.3779011 0.3779011 103.3318 0.4491964 0.4111005 0.3897062 0.3919298 0.3938913 0.3938913 0.1719739 0.1789881 0.1651263 0.1864223 0.1521608 0.08197007 0.02807206 0.02807206 0.02807206 0.03216211 0.03983339 0.03983339 0.03983339 0.4776208 4.007626 400.3526 0.3482233 0.3482233
1.669882 2.191667 2.198451 2.137982 1.73231 43.56548 1.705479 1.70352 1.6158 1.231423 1.249795 1.216141 20.2485 15.24627 5.293425 5.489677 7.530385 11.09519 1.673024 1.706358 3.656088 3.695799 2.306123 0.9637991 0.803776 0.5883586 0.5259176 0.5172058 0.2214497 0.2148504 0.7156406 1.535484 1.535484 0.7862771 0.6061061 0.6061062 0.463013 0.3779011 0.3779011 0.3779011 13.73797 0.6968459 0.3889067 0.3889067 0.3911509 0.3938913 0.3938913 0.1433544 0.06069641 0.02960552 0.05496824 0.7097341 0.09192757 0.03306409 0.0281597 0.02807495 0.04606741 0.04811642 0.04160546 0.04207348 0.4829201 0.9198291 5.243571 0.4388544 0.3482233
1.719291 44.8748 2.216368 1.994195 1.72657 40.38841 1.725623 1.720676 1.714516 1.928974 2.237087 96.65974 118.6862 3.926867 3.848941 6.206466 9.253346 4.941305 2.995713 2.351926 3.537555 4.180441 4.180441 3.537218 2.90834 2.320323 1.121749 0.6042077 0.7301484 0.7459558 1.424546 1.535484 1.535484 1.445959 1.342786 0.6079991 0.3360947 0.2989728 0.3235125 0.3376485 0.38744 0.3889067 0.3599827 0.3867135 0.3935282 0.3935717 0.3604361 0.1207528 0.02618245 0.1557794 0.09623671 0.08751568 0.08949098 0.06169249 0.07016175 0.05862205 0.04878914 0.07324882 0.06945119 0.1204533 0.8796929 0.919829 0.9198291 1.602958 50.05746
1.712369 25.06218 2.167044 1.737819 1.72657 1.72657 1.72657 1.89776 3.019354 4.246723 4.6488 52.29939 145.497 4.5416 4.00249 9.029766 17.92633 5.51685 4.919029 4.919029 4.844903 4.146772 3.019564 10.4164 3.673379 3.650314 3.185582 3.226446 4.709936 3.650995 1.535484 1.535484 1.535484 1.375806 1.059543 3.867527 0.2200158 0.2200158 0.2200158 0.2395614 0.1572324 0.3010207 0.2015588 0.228052 0.301302 0.2667057 0.244216 0.1052549 0.1351262 0.6010847 0.6147274 0.7251252 0.08703123 0.08702512 0.07730512 0.07344236 0.07150227 0.07012866 0.04856791 0.1122869 0 0.919829 0.919829 1.694656 6.903862
2.142529 23.9057 2.685108 2.728229 2.519104 2.029496 1.783291 3.31772 5.595507 6.683626 6.201295 6.104008 9.74687 7.015577 7.026033 7.124836 268.9921 8.853323 8.657387 8.14625 7.356124 3.377233 2.072319 2.072319 4.770775 2.27574 2.701172 3.093483 123.3851 1267.171 30.69666 1.091175 0.6710593 0.5445735 0.4981033 0.2576763 0.2200158 0.2200158 0.2432327 0.4304967 0.1436117 0.1514312 0.1499164 0.1744184 0.2441905 0.2441905 0.2441905 0.0990912 0.5302497 0.623826 0.6509441 0.8585567 0.1751339 0.08702512 0.08122954 0.07344236 0.07343983 5.225448 0.03961782 0.05196824 0.3582425 0.9013291 2.801495 13.14524 12.55911
3.801836 97.46498 5.068748 7.047034 6.398525 6.09617 6.298301 7.290747 8.350883 8.561454 7.87617 10.19068 31.24939 6.288134 11.01606 10.58722 9.273433 9.106671 7.94267 5.136898 4.16977 2.641703 2.135316 2.072319 2.072319 2.072319 1.973138 18.92308 178.4709 593.0248 3.650026 0.5376514 0.5376515 0.5376514 0.5376515 0.2689048 0.2168728 0.2305154 0.3245233 0.4430186 0.201044 0.1436114 0.1436114 0.2665043 0.2710357 0.2631456 0.2998969 0.4920079 0.6236258 0.623826 0.7774405 0.8890241 0.3701574 0.08702513 0.08632264 0.07325137 0.05267295 0.03961782 0.0558464 0.1632785 0.6231737 0.9244805 1.202379 3.36782 20.15836
71.29181 648.1598 26.07133 12.16415 17.53034 8.562241 7.207884 17.45066 24.73523 71.79388 8.569908 76.90621 42.00561 6.028762 11.00527 10.11797 8.531054 6.77253 4.535028 4.241295 3.343005 2.665553 2.110508 1.856279 1.864445 1.808567 1.734648 1.338381 1.177668 1.139246 0.7880994 0.5376515 0.5376515 0.5376515 0.5069329 0.1366969 0.1071087 0.3778411 0.4327433 0.4457756 0.2138524 0.1928436 0.1833944 0.2532224 0.3564968 0.3415526 0.3371827 0.3376076 0.3877702 0.5198181 6.599854 13.50293 1.112626 0.08702513 0.08702512 0.0826719 0.06217048 0.05411034 0.5996943 0.8747993 0.9679939 1.406716 1.418184 1.418184 0
6.806794 268.4542 29.75387 18.89917 33.18684 12.57236 16.94518 16.52444 16.09701 49.20938 103.2355 10.12345 8.395132 6.292079 5.2521 7.12853 7.277069 7.273599 4.956742 89.88279 28.90151 92.87566 1.799809 1.733476 1.733467 1.476833 1.414862 0.841298 1.038596 1.194132 1.180218 0.6521888 0.5376515 0.3982273 0.07190661 0.00425734 0.1992191 0.4078218 0.5728843 0.442966 0.2037704 0.5375753 0.5219918 0.3099826 0.3575522 0.3607987 0.3415692 0.3371827 0.3371827 0.3371827 595.3798 790.3115 2.309009 0.5324419 0.1499216 0.1750201 0.249545 0.2941665 0.7523639 0.8959469 0.8955973 0 0 0 0
6.283319 67.69733 19.09853 88.68054 1033.257 21.26089 19.96153 18.19606 13.43688 40.75864 47.45147 11.26561 10.30488 10.72072 54.33641 6.776912 6.81932 6.058352 4.741223 8.986928 5.497778 4.524686 1.917953 1.735622 1.403209 0.6412525 0.6400297 0.6400296 0.6468972 0.858408 0.9778507 0.2911639 0.1347616 0.02211866 0.008714837 0.00425734 0.2015537 0.5185533 0.7902094 0.5051848 0.1758687 0.9332435 0.896112 0.3575522 0.3620888 0.6494692 0.5632567 0.3371827 0.3371827 0.3373243 10.26533 8.892849 2.357512 1.135228 0.6026984 0.5993959 0.6167626 0.935751 2.181612 0.8955803 0 0 0 0 0
5.505243 28.56596 18.25347 27.5179 97.38239 43.75112 30.90135 19.54288 15.13299 16.24014 16.67975 10.92548 13.1244 85.74841 141.7313 5.946097 16.36393 5.033258 4.02632 4.736272 2.858238 2.29015 2.483972 1.897777 1.14713 0.6400297 0.6400297 0.6980805 0.8383349 1.135572 0.6271272 0.235365 0.2025587 0.03469478 0.01971871 0.01562637 0.3534575 0.6735433 0.798484 0.8694604 0.8963184 1.045175 0.861626 0.5727826 0.6230734 0.7707634 0.6544942 0.3371827 0.3371827 0.3496423 0.3724458 3.766993 1.760339 1.360014 1.142304 1.391631 8.12641 2.930798 0 0 0 0 0 0 0
9.01084 11.65623 159.3452 25.38194 120.4579 37.05504 25.04191 27.21208 18.94504 28.09685 15.82104 8.17347 14.14142 12.15203 11.05225 13.92017 3.980412 2.659429 2.698234 3.768996 3.598904 3.724124 3.720225 150.7209 10.46833 0.6411891 0.6471838 0.8910662 0.9563293 1.238609 0.935545 0.2436863 0.235365 0.08449234 0.02396845 0.1171053 0.3872282 0.6310266 0.8933579 1.039328 1.045175 1.037001 0.7751411 0.7707634 0.7707634 11.6851 5.241784 0.3371827 0.3483666 0.3677198 0.3692392 0.3692393 0.9297078 1.48115 1.489837 57.07191 121.0942 0 0 0 0 0 0 0 0
13.39961 18.49712 20.69787 31.4722 49.94624 331.1215 39.10737 39.95683 25.34694 378.1089 25.55087 66.43134 23.30262 10.47103 6.262889 3.961433 3.946561 2.631744 2.818536 3.67895 7.728771 3.152523 2.698303 1.577996 0.8325518 0.8651276 0.8715153 0.8806242 0.9539214 1.234357 1.262474 0.4628098 0.235365 1.561597 0.0255358 1.111873 0.69915 0.3872282 0.7830883 1.045175 1.045175 1.015053 0.7717629 0.8606082 0.9411672 1.017735 0.4463705 0.3615094 0.3692387 0.3692393 0.3692392 0.3692392 1.116933 2.695712 134.5187 436.8011 0 0 0 0 0 0 0 0 0
12.91113 17.98576 27.29585 30.19583 38.78058 1426.193 263.8772 58.77951 41.80407 35.35947 30.58916 230.5982 177.4798 290.2622 11.18005 13.14075 9.817678 12.38038 131.4517 8.864711 8.428851 3.186246 11.29013 2.415227 1.303173 0.8725373 0.8766907 0.9347379 0.9524756 1.156283 1.262474 0.5530922 0.235365 0.235365 0.06712759 1.780386 1.801404 0.6890769 0.9244326 1.045175 1.052885 1.466442 1.093094 1.017452 1.081792 2.019276 0.7641088 0.3692392 0.3692392 0.3692392 0.5232404 0.7231776 0.8342358 1.426643 0 524.9567 0 0 0 0 0 0 0 0 0
466.772 103.5901 10.17876 22.26835 44.56226 2714.438 1015.56 44.3041 865.7656 508.4069 515.5085 1459.32 541.2773 58.97184 24.91644 14.39467 188.5745 192.3439 148.3621 8.887994 3.47886 3.876027 10.21739 2.725294 6.618627 55.66026 0.8725373 0.9165471 11.66312 1.161459 1.262474 1.182586 0.7542663 0.198527 2.644246 4.356835 2.033111 1.53179 1.050669 1.29738 2.074312 2.298414 1.559568 1.15432 2.292515 2.673748 0.9701972 0.6048706 1.175049 1.601768 2.053069 0 0 0 0 0 0 0 0 0 0 0 0 0 0
1077.113 920.9995 698.429 27.0071 127.6567 1376.292 48.30664 562.2443 233.2716 761.027 1242.115 525.4551 362.3487 243.429 1250.427 531.52 862.1557 1134.143 452.573 180.3958 143.1158 116.1848 23.5495 36.37719 22.50764 36.59024 23.07782 17.75677 45.05318 461.077 1.608269 1.93421 2.229347 1.393336 4.002306 11.81016 605.1655 435.6869 2.102849 2.298414 2.298414 2.298414 2.382748 2.663804 2.673748 2.151699 1.424218 1.987217 2.20355 0 0 0 0 0 0 0 0 0 0 0 0 0 0 0 0
23.63477 88.62789 250.9486 326.8145 791.9946 4085.33 1786.608 4128.822 2289.715 256.4904 558.7442 1366.845 2185.198 1342.815 1176.307 0 0 0 0 0 0 1.875122 75.76015 231.814 23.94835 106.9683 39.82572 73.57451 3.011549 3.922038 2.485898 2.307989 2.299217 2.299217 7.978094 13.02209 515.3194 239.045 5.398473 2.725949 2.316118 2.902779 2.843405 7.598517 6.356061 2.505331 0 0 0 0 0 0 0 0 0 0 0 0 0 0 0 18.79072 0 0 0
23.63477 26.26073 142.7355 160.1975 2792.933 6365.034 6981.874 7446.473 3021.932 1303.305 1185.53 2704.202 1734.417 0 0 0 0 0 0 0 0 0 0 0 0 0 0 393.1293 648.1104 2.570187 2.570187 115.8296 136.1207 31.26369 13.26064 24.6386 173.9393 6.983351 6.982708 6.911233 6.25543 7.010031 70.58668 103.6543 0 0 0 0 0 0 0 0 0 0 0 0 0 0 0 0 0 0 0 0 0
0 0 343.5111 386.3529 3782.392 4416.984 12816.64 11845.75 7213.649 2847.622 1772.969 0 0 0 0 0 0 0 0 0 0 0 0 0 0 0 0 0 140.4002 20.61615 5.000523 31.15557 43.94091 110.3443 103.4102 2617.934 3354.095 50.98713 165.3397 204.9821 230.1258 0 0 0 0 0 0 0 0 0 0 0 0 0 0 0 0 0 0 0 0 0 0 0 0
