Scenarios/Heterogeneous/data/country_data_population_distribution/processed/density_grids/ury.asc
ncols 142
nrows 118
xllcorner -58
yllcorner -34
[rows 29 to 57 of 118, columns 65 to 129 of 142]
0.09647214 0.09647214 0.09647214 0.133131 0.1745318 0.1751077 0.1478741 0.157719 0.3502487 0.2634819 0.2298127 0.1926354 0.1273928 0.3609124 0.3614317 0.4558946 0.8224209 0.8224209 0.7308143 0.05303226 0.05303226 0.05303226 0.1032229 0.2855842 0.3005557 0.2999715 0.2999715 0.31422 0.3386242 0.3481867 0.435036 0.7148821 0 0 0.5545758 0 0 0 0 0 0 0 0 0 0 0 0 0 0 0 0 0 0 0 0 0 0 0 0 0 0 0 0 0 0
0.1358581 2.424954 0.1550422 0.1723242 0.1751077 0.1751077 0.1223038 0.002182774 0.2846825 0.3700062 0.2749278 0.2298339 0.2240954 0.4444145 0.9438322 0.4308807 0.6387482 0.6358974 0.6327597 0.1116401 0.05303226 0.05303226 0.09825956 0.2351909 0.3397824 0.3348879 0.3306341 0.3380483 0.341491 0.507252 0.5351734 0.5351734 0.5351735 0.4784776 0.4616899 0.2375123 0 0 0 0 0 0 0 0 0 0 0 0 0 0 0 0 0 0 0 0 0 0 0 0 0 0 0 0 0
0.1807423 0.1751077 0.1751077 0.1751077 0.1751077 0.1724587 0.03587893 0 0.1679434 0.3730579 0.3731005 0.335823 0.3701236 0.4073197 0.6900706 0.6498931 0.5211108 0.5211108 0.5211108 0.4849693 0.1282976 0.1435372 0.1203902 0.2775088 0.3399147 4.195741 0.339892 0.3404662 0.3668775 0.5229017 0.5351735 0.5351735 0.5351639 0.4883565 0.4693646 0.3339115 0.2924177 0 0 0 0 0 0 0 0 0 0 0 0 0 0 0 0 0 0 0 0 0 0 0 0 0 0 0 0
0.2047402 0.1927669 0.17576 0.1751077 0.184656 0.2184076 0.206876 0.1083388 0.001165875 0.2317544 0.3770881 0.4052367 0.4088637 0.4088637 0.4491269 0.6434435 0.5211108 0.5211107 0.5211107 0.5211107 0.4393169 0.4313131 0.3937016 0.3796735 0.3982254 0.3869717 0.3401384 0.3745357 0.3972622 0.4425335 0.5217176 0.5351735 0.5263864 0.4693647 0.4693646 0.405639 0.1790941 0.1768069 0.317405 0 0 5.590811 0 0 0 0 0 0 0 0 0 0 0 0 0 0 0 0 0 0 0 0 0 0 0
0.2052451 0.2052451 0.1983105 0.1921818 0.1845371 0.1961862 0.2264932 0.2276267 0.2124379 0.01091397 0.1111727 0.3999369 0.4088637 0.4088637 3.62265 5.358937 0.5315818 0.5211107 0.5211108 0.5211108 0.5070431 0.4189895 0.4096351 0.4096351 0.4096351 0.3972238 0.3802596 0.3984755 0.3984755 0.3984755 0.4012959 5.578061 0.4762062 0.4693647 0.4693646 13.7854 0.6665965 0.1439296 0.1927165 0.7175192 0.692304 0.2067336 0.1022669 0.104349 0.1788424 0 0 0 0 0 0 0 0 0 0 0 0 0 0 0 0 0 0 0 0
0.2062049 0.2052451 0.2052451 0.1920866 0.18548 0.1817522 0.2049834 0.224185 0.3334494 0.7494045 0.2285925 0.1130215 0.3658773 0.4088637 0.4105229 0.6807938 0.7101061 0.571053 0.5127575 0.5124007 0.4668773 0.4118688 0.4097996 0.4096351 0.4096351 0.4009297 0.3978258 0.3984754 0.3984754 0.3984755 0.3984754 0.4286323 0.4726475 0.4693646 0.4693646 0.4148464 0.1421006 0.1421006 0.4241824 0.7243793 0.7240629 0.3018899 0.1022669 0.1022669 0.1022669 0.1022669 0.1516975 0 0 0 0 0 0 0 0 0 0 0 0 0 0 0 0 0 0
0.2119536 0.208998 0.2022236 0.1885655 0.1879065 0.1825676 0.1817522 0.1875376 0.8362526 1.274921 0.9520379 0.04556562 0.05208427 0.2625169 0.4975637 0.7390531 0.7208821 0.4892682 0.1899001 0.4325713 0.4387782 0.4385476 0.4355904 196.2268 0.4047076 0.3991566 0.3984754 0.3984755 0.3984754 0.3985719 0.4117249 0.5886805 0.5386583 0.4693646 0.4693646 0.2872986 0.1421006 0.1421006 0.4962408 0.7243793 0.7159646 0.3047541 0.1022669 0.1022669 0.1022669 0.1074511 0.1395631 0.2169736 0 0 0 0 0 0 0 0 0 0 0 0 0 0 0 0 0
0.2122591 0.212259 0.1948175 0.1880274 0.1880274 0.1954522 0.1852335 0.2133535 0.1961082 0.6495383 1.268476 1.010899 0.1882175 0.119619 0.5876206 0.4865105 0.2274086 0.09079889 0.09247804 0.3791191 0.4387782 0.4387782 0.4387782 1.645123 0.5106987 0.4452474 0.4387788 0.4052185 0.3984754 0.4227321 0.526084 0.6682241 1.402809 0.5964012 0.6319343 9.494629 0.2552738 0.4311407 0.7165138 0.9249266 0.4110735 0.274126 0.2216059 0.1338605 0.1132678 0.1392213 0.1409412 0.1409412 0 0 0 0 0 0 0 0 0 0 0 0 0 0 0 0 0
0.2010423 0.1802333 0.117574 0.2717995 0.296917 0.3515903 0.3471682 8.433181 9.394883 2.565246 0.8711585 8.640112 1.601864 0.3519286 0.3096351 0.309635 0.2982802 0.107275 0.0907989 0.2684328 0.4387782 0.4387782 0.4575027 0.5710722 0.5552914 0.4580703 0.4580703 0.4543578 0.4348291 0.4503869 0.5998996 0.6682241 0.6682241 0.6682241 0.602432 0.3345414 0.3235759 0.3595437 0.5523651 2.315605 2.596315 0.2884097 0.2884097 0.2865229 13.94374 0.1409412 0.1409412 0.1433129 0 0 0 0 0 0 0 0 0 0 0 0 0 0 0 0 0
0.06044422 0.05549061 0.08038294 0.2967562 0.3533075 0.4988015 5.164302 9.967168 12.20641 12.81121 116.6213 722.3127 91.12567 0.3093725 0.3096351 0.309635 0.309635 0.2057876 0.09079889 0.3525898 0.4387782 0.4387781 0.4728448 0.5790644 0.5802627 0.5069991 0.4580703 0.4580702 0.4580703 0.5147158 0.6672957 0.6682241 0.6682241 0.6682242 0.4811902 0.325567 0.3235759 0.3235758 0.3108582 0.2884097 0.2884097 0.2884097 0.2884097 0.288324 0.1894729 0.1471298 0.1409412 0.0971316 0.1770736 0 0 0 0 0 0 0 0 0 0 0 0 0 0 0 0
0.05549061 0.05549061 0.0555852 0.1474732 0.4231179 0.6169804 1.32041 3.981707 9.330479 9.566671 343.4899 1941.092 46.90184 1.186221 0.1186879 0.1734418 0.2007486 0.2413742 0.1053507 0.3018239 0.4387782 0.4404078 0.5653903 0.5803298 0.5803298 0.5775574 0.4894319 0.4580703 0.4580703 0.5990413 0.668224 0.6682241 0.6672602 0.6619082 0.6458058 0.5125527 0.3881949 0.4097511 1.210683 1.163962 1.15419 0.5548047 0.2884097 0.2701767 0.193742 0.1911616 0.1686757 0.07762661 0.01732496 0.05022101 0 0 0 0 0 0 0 0 0 0 0 0 0 0 0
0.05549061 0.05722441 0.06189838 0.1467554 0.4788247 0.818256 0.818256 0.818256 0.818256 0.8280392 8.348585 12.85298 13.40366 4.05224 0.1036707 0.09004924 0.08871654 0.1050512 2.770143 0.2996899 0.4302261 0.3689201 0.4690889 0.5739399 0.5709453 0.5599666 0.5359918 0.4594193 0.4580703 0.5250202 15.05857 0.6675744 0.6596482 0.6537855 0.6537855 0.6537855 0.6537855 0.6537855 0.6537855 0.6820874 1.518684 1.514673 170.1408 0.2019017 0.1921888 0.1921888 0.1921888 0.1522015 0.01839655 0.01732496 0.01732496 0.1542365 0 0 0 0 0 0 0 0 0 0 0 0 0
0.05561981 0.06064657 0.0676756 0.2274141 0.5431718 0.8138734 0.8120724 0.8041966 0.8001431 0.7867842 0.8770689 24.18567 1.56533 0.1397856 0.1397855 0.1125877 0.08871654 0.2721628 0.3224045 0.3140396 0.2771249 0.2437941 0.2505553 0.4906073 0.5175368 0.5175368 0.5175368 0.515252 0.4964734 0.5020676 0.5667537 0.5403313 0.5194286 0.5725977 0.6296862 0.567256 0.5904973 0.6283321 0.6537855 1.043627 1.583231 1.579626 0.3947649 0.1921888 0.1921888 0.1921888 0.1921888 0.182501 0.01981906 0.04717582 0.07806212 0.2325469 0.3016344 0 0 0 0 0 0 0 0 0 0 0 0
0.06081419 0.06288904 0.1456858 0.2469193 4.330267 16.7009 0.7509214 0.775378 0.7739502 0.7010562 0.6934925 0.9611601 0.9079563 0.2531986 0.1397855 0.1381549 0.1164914 0.2388314 0.3223604 0.3224045 0.3224045 0.3052242 0.2722659 14.42304 13.06649 0.5175368 0.5175368 0.5175368 0.5175368 0.4445584 0.3699706 0.4214983 0.4287092 0.4287092 0.4287092 0.4287092 0.3545946 0.3533074 1.156662 1.582221 1.583231 1.462406 0.2086805 0.1921888 0.1921888 0.1921888 0.1921888 0.1580353 0.1134984 0.1258793 0.1274353 0.3602524 0.4394314 0.4394314 4.252056 0 0 0 0 0 0 0 0 0 0
0.06288905 0.1204817 0.2468919 0.2469193 0.2394129 52.84864 0.211296 0.5171419 0.4977733 0.4940042 0.6894828 1.015895 6.149777 0.9787263 0.4020298 0.1397855 0.1397855 0.1471554 0.3126312 0.3224045 0.3224045 0.3224045 0.3224045 97.04486 34.67594 0.5175368 0.5175368 0.5175368 0.5132234 0.4104713 0.3649972 0.3714937 0.4100391 0.4281992 0.42063 0.3305476 0.2845312 0.2688597 0.3501356 1.501034 1.583231 1.243893 0.2986536 0.2868472 0.2693363 0.2522557 0.2396674 0.1311342 0.1274353 0.1274677 0.1274353 0.2752711 0.4394314 0.4394314 0.4394314 14.47776 0 0 0 0 0 0 0 0 0
0.06288904 0.2063995 0.2469193 0.2469193 0.1541312 0.1084833 0.1679965 0.492476 0.4940043 0.4940043 0.8334807 1.015895 1.015895 1.015895 0.9323039 0.33403 0.1397855 0.1715001 0.2655219 0.320219 0.3219202 0.3224045 0.3224045 0.297583 0.2922076 0.5167093 0.5175369 0.4475092 0.3727197 0.3649972 0.3649972 0.3649972 0.4081261 1.506739 1.503049 0.2737658 0.2737659 0.2458655 0.1900899 0.6495852 1.460682 0.5258682 0.3233466 0.3233466 0.3233466 0.3233466 0.2323166 0.1274353 0.1285427 0.1301578 0.1299799 0.1359481 0.2474859 0.3952412 0.4140043 6.62219 8.277922 1.114798 1.109398 1.305002 0 0 0 0 0
0.07092946 0.1986896 0.2104962 0.1894146 0.1131008 0.1084833 0.1084833 0.4255365 0.4940043 0.5328743 1.003412 1.015895 1.015895 1.015895 1.015895 0.8013457 0.1243525 0.1328869 0.1804636 0.2004617 0.2884645 0.3224045 0.3190982 0.2948388 0.2390893 5.766769 0.5163531 0.3825493 0.3649972 0.3649972 0.3649972 0.4076577 0.7318627 0.7489495 0.2737658 0.2737659 0.2711715 0.2015331 0.1900899 0.2049566 0.6746447 0.3233466 0.3233466 0.3233466 0.3233466 0.3167543 0.1474146 0.1276907 0.1185545 0.1086674 0.09850047 0.1259647 0.1303534 0.2652166 0.3017586 33.04415 64.73022 0.8270361 0.8999242 0.9291109 0.9923899 1.51678 0 0 0
0.09429414 0.1297161 0.1297161 0.1288504 0.1087437 0.1084833 0.1084833 0.4051299 0.4940043 0.6443965 1.015895 1.015895 1.015895 1.015895 1.015895 0.9902712 0.1461569 0.113888 0.1804806 0.1889236 0.235026 0.2807576 0.2587705 0.2402489 0.2390894 0.2699885 0.4384143 0.3700419 0.3649972 0.3649972 0.5094618 0.7928884 0.8212095 0.5859504 0.2737658 0.2689848 0.2283549 0.1979142 0.6013 0.6955851 0.6811391 0.3897415 0.3233466 0.3233466 0.3233466 0.2990575 0.07176093 0.02982123 0.01269974 0.01818899 0.01802429 0.121801 0.1303534 0.2364967 0.3017586 0.3017586 0.3879624 0.6719541 0.08787539 0.3849974 0.7700477 0.6936336 1.32113 0 0
0.129211 0.1297161 0.1297161 7.127892 0.1084833 0.1084833 0.1084833 0.3158205 0.4951724 0.6445832 0.8380724 0.9176895 0.786203 0.7452493 0.6653244 0.6285673 0.4598934 0.1066196 0.1571386 4.325941 0.1889236 0.2167396 0.2390893 0.2390894 0.2390894 0.2465827 0.3477509 0.3523569 0.4008728 0.4048168 3.441478 0.8212094 0.8212094 0.8092911 0.3706203 0.243391 0.1900899 0.4564118 0.6966153 0.6966153 0.6966153 0.6494467 0.3647373 0.3233466 0.3233466 0.2447956 0.03465221 0.008956167 0.04496283 0.04541317 0.05581707 0.17305 0.2779858 0.2983485 0.3017586 0.3017586 0.1857156 0.07170752 0.07170752 0.07170752 0.07170751 0.09453052 0.1869776 1.151914 0
0.1297161 0.1297161 0.1444849 2.887652 0.06920445 0.06996005 0.1001046 0.1533599 0.4891293 0.5380405 0.538045 0.5524356 0.5671597 0.5671597 0.5671597 0.5671597 0.4910972 0.1049313 0.1049313 0.1415639 0.187222 0.2074991 0.2390894 0.2390894 0.2390893 0.2571434 0.3469202 0.3763798 0.5452663 0.5628513 2.58831 0.6186708 0.7507197 0.8212011 0.3242128 0.2249416 0.1900899 0.4447813 0.6966153 0.6966152 0.5938264 0.264022 0.464336 0.2145218 0.2066287 0.1122519 0.09936491 0.03807264 0.06591174 0.1141777 0.04691008 0.2507075 0.3355994 0.3308398 0.3053029 0.293965 0.2180329 0.1695081 0.07170752 0.07170752 0.08785085 0.1252319 0.125502 0.125502 0.125502
0.1297161 0.1325814 0.1761943 0.1207243 0.05038048 0.05038048 0.05806851 0.06600835 48.09921 0.521854 0.538045 0.5380463 0.5476117 0.5597644 0.5671597 0.5671597 0.4218595 0.1049313 0.1049313 0.1049313 0.1369513 0.1964031 0.2142011 0.2367683 0.2390894 0.3028275 0.3477755 0.4533004 0.5628514 0.5628513 0.5628514 0.5628514 0.5628514 0.6368638 0.5462894 0.8923673 1.880621 2.131277 1.363247 0.6341947 0.2698179 0.1077854 0.1077854 0.1077854 0.1077854 0.106749 0.107177 0.07889991 0.05178793 0.1028274 0.116458 0.2429944 0.3355994 0.3355994 0.3480445 0.3778075 0.05209458 0.05069393 0.05733936 0.06233087 0.1206284 0.125502 0.1325432 0.1363691 0.7139905
0.1309523 0.1609395 0.1555055 0.05047297 0.05038048 0.05038048 0.05574904 0.2406828 0.3864252 0.4434865 0.4743543 0.5289282 0.538045 0.5388537 0.5524572 0.5671597 0.3110946 0.07831491 0.0941099 0.09289147 0.1233412 0.1889236 0.1889236 0.1970583 0.2309564 0.3289649 0.3477755 0.4520057 0.5628514 0.5628514 0.5628514 0.5628514 0.7207214 0.8449947 61.69826 2.35595 2.394064 2.394064 2.192655 0.4497445 0.1039089 0.09744489 0.1001265 0.1045315 0.08156431 0.07209197 0.09589124 0.07872912 0.0741114 0.07172902 0.1127736 0.1709678 0.4756503 1.519143 1.823477 1.478277 1.02952 0.1294321 0.04920017 0.04727807 0.06530637 0.07571927 0.1295317 0.1604094 0.149151
0.1806863 0.1787767 0.09494878 0.05155919 0.05076884 0.06641226 0.2626515 0.3847897 0.3847897 0.3847898 0.3847897 0.3984704 0.4745314 0.5169038 0.3958654 0.5233591 0.3856537 6.264553 0.06402973 0.06402973 0.05923218 1.106503 0.1536016 0.1889225 0.2049268 0.3466624 0.4238846 0.6326429 0.6257924 0.6253799 0.6826405 1.138858 1.499299 1.499339 1.499263 25.71374 2.191635 2.394064 2.288197 0.5689089 0.1921047 0.1842309 0.0697488 0.06661313 0.06635585 0.06635585 0.07068593 0.0741114 0.0741114 0.0741114 0.08585678 0.3803827 0.9261451 2.001583 1.971604 1.493992 1.490412 0.6392027 0.04210986 0.04192574 0.04192574 0.1186639 0.1604094 0.1604094 0.1604094
0.1681587 0.08428179 0.05353099 0.05353099 0.0534857 0.1615679 0.3626572 0.3692105 0.3531125 0.364623 0.3745077 0.3812741 0.3851014 0.3879063 0.3847897 0.3512169 0.08245653 0.06402973 0.06402973 0.06402973 0.05978635 0.05254748 0.05254748 0.05458843 0.05536787 0.3408329 0.5144584 1.47742 1.495931 1.496782 1.498698 1.499339 1.499339 1.387905 0.6868937 0.399793 0.4732825 1.283753 1.619161 0.3772186 0.2875533 0.2875533 0.2543987 0.1036238 0.06635585 0.06635585 0.06864447 0.07411127 0.07411139 0.1149748 0.517079 0.5807267 0.5982101 1.775855 2.001583 1.536846 1.648656 2.835076 0.04435469 0.04192574 0.04192574 0.279613 0.2415588 0.1606758 0.1606259
0.07202365 0.05384997 0.05353099 0.05353099 0.05353099 0.0535324 0.244842 0.3376365 0.3376365 0.3376365 0.3376365 0.3382244 0.3448375 0.3452742 0.2957537 0.1867076 0.1635404 0.103133 0.06465349 0.06402974 0.06372431 0.05499796 0.05254748 0.05254748 0.06673231 0.4102769 0.4161132 1.277265 1.499339 1.499339 1.499339 1.417176 0.7090977 0.4455839 0.422494 0.399793 0.399793 0.3962894 0.367701 0.2541378 0.2850626 0.2875533 0.2875533 0.2509121 0.06635585 0.0670366 0.07288675 0.0741114 0.0741114 0.4371499 0.5807268 0.5807268 0.5807268 1.117068 1.995843 1.511062 2.781321 4.007427 0.6735312 0.2487653 0.1481587 0.5959403 0.3528557 0.1966934 0.1607169
0.09298316 0.07238907 0.05353099 0.05353099 0.07255556 0.05668435 0.2446584 0.3376365 0.3376365 0.3376365 0.3376365 0.3376365 0.3376365 0.3376365 0.2083132 0.1772811 0.1772811 0.1772811 0.126525 0.06402973 0.06402973 0.05787839 0.05254748 0.1345173 0.323218 0.4161132 0.4161132 0.6402006 0.85563 0.9511945 1.039639 0.6062815 0.4447122 0.4447122 0.4423391 0.4005892 0.399793 0.2891302 0.2345121 0.2345121 0.2405193 0.2711579 0.2875533 7.4092 0.2290416 0.1950119 0.1420019 0.1171187 0.2446748 0.5740007 0.5807267 0.5807267 0.584394 25.63208 680.0506 1352.698 4.003864 4.008584 1.191897 0.6264741 0.6130732 0.6348007 0.5711838 2.288393 0.1611626
0.09298655 0.09164564 0.06891786 0.06818021 0.1853179 0.1713396 27.66665 0.3902306 0.3805661 0.381812 0.3654313 0.3398858 0.3376365 0.3271961 0.1774445 0.1772811 0.1772811 0.1770698 0.09126726 0.06402974 0.06402974 0.06402015 0.05440364 0.231924 0.4155633 0.4161132 0.4161132 1.639957 0.4163708 0.4161132 0.4371945 0.4447122 0.4447122 0.4447122 0.4290839 0.3825038 0.2791173 0.2365296 0.2345121 0.234512 0.2345121 0.2459321 0.2744675 0.2625716 0.2571793 0.2571793 0.2571793 0.2567547 0.2577469 0.2886904 10.49127 0.9785435 0.9945149 1.007128 238.5518 692.9703 5.615059 7.14623 0.7969362 0.2197325 0.1691091 0.4608783 0.4279513 0.2375503 0.2949282
0.09298655 0.09298655 0.09367553 0.1703197 0.1979237 0.1983246 0.3877398 0.4513105 0.4513105 0.4513105 0.4513105 0.4332573 0.3590223 0.336898 0.2014492 0.1772811 0.1772811 0.1772811 0.1498952 0.06455949 0.06402973 0.06402973 0.05573087 0.301781 0.3899221 0.4161132 0.4161132 0.4161132 0.4161132 0.4129448 0.4266728 0.4407819 0.4447122 0.4447122 0.3881129 0.08698566 0.08652963 0.1103116 0.1960991 0.2048142 0.2345121 0.234512 0.2804038 0.2931183 0.2738388 0.2571793 0.2571793 0.2558078 0.2549323 0.2549323 0.2819481 0.4760152 0.8140298 0.5770154 0.7962288 0.3508323 1.896042 2.221399 0.2290687 0.1649995 0.09047576 0.0437773 0.1507577 0.2750479 0.3087499
0.09298655 0.09298657 7.578016 0.1979237 0.1979237 0.2630974 0.4513105 0.4513105 0.4513105 0.4513105 0.4513105 0.4513104 0.4452149 0.3689434 0.2543124 0.1772811 0.1772741 0.1770493 0.1765018 0.1599501 0.1629002 0.07340812 0.08232897 0.2831359 0.2773822 0.2730521 0.3262712 0.4037044 0.477915 0.4461856 0.1378679 0.1939148 0.2540204 0.2997173 0.1041044 0.02064149 0.01050594 0.01050594 0.01050594 0.01100654 0.1781906 0.234512 0.3014309 0.3113139 0.3093154 0.2719449 0.2571793 0.2673448 0.2549323 0.2549323 0.245465 0.0946389 0.06260216 0.06215559 0.1085738 0.3346049 0.6974714 1.415784 0.1753074 0.1649995 0.1244239 0.04377731 0.04377731 0.1393981 0.245864
