Scenarios/Heterogeneous/data/country_data_population_distribution/processed/density_grids/ury.asc
ncols 142
nrows 118
xllcorner -58
yllcorner -34
[rows 58 to 86 of 118, columns 65 to 129 of 142]
0.09298656 0.1097681 0.191576 0.1854458 0.185001 0.1452288 0.3407206 0.4513105 0.4513105 0.4513105 0.4513105 0.4513105 0.4513105 0.4513105 0.3242832 0.1772811 0.1732202 0.1673414 0.2027817 0.3515514 0.4088523 0.408397 0.4002843 0.3292583 0.2246125 0.2245528 0.2559355 0.3587706 0.5028156 0.5028156 0.2671513 0.08057231 0.08057231 0.08057231 0.08057231 0.02692433 0.01050594 0.01050594 0.0115528 0.05336845 0.1806044 0.1571514 8.869992 0.3077053 0.3113139 2.592974 153.6065 0.416861 0.294693 0.2653277 0.1874202 0.08040281 0.06371082 0.06215558 0.06215558 1.568843 0.2201775 0.2877937 0.1660404 0.163947 0.06023691 0.04377731 0.07844202 0.1839512 0.1931476
0.16575 0.1849088 0.1980869 0.1534961 0.1203264 0.1203264 0.2346486 0.4513105 0.4513105 0.4513105 0.4513105 0.4513104 0.4513105 0.4513105 0.4444958 0.2008915 0.1701878 0.1666407 0.1666407 0.1787385 0.349035 0.4088856 0.4082251 0.2529086 0.2245527 0.2245527 0.2575035 0.3110296 0.5028099 0.5028156 0.4611233 0.1289993 0.08057231 0.08057231 0.08057231 0.03533956 0.01050594 0.06821773 0.1545191 0.176612 0.1531293 0.1183568 0.09061946 0.1560481 0.2732574 0.2039836 0.3927358 0.479753 0.3381205 0.3254241 0.1274202 0.07976784 0.06254122 0.06215558 0.05942388 0.04057165 0.03312276 0.04236112 0.1595998 0.2449039 0.05668486 0.0836039 0.1882041 0.194093 0.119324
0.2128339 0.2128339 0.2092374 0.135598 0.1203264 0.1203264 0.1206103 0.3165941 0.4513105 0.4513105 0.4513104 0.4513105 0 0.2734075 222.123 107.0596 0.2868448 0.1666407 0.1666407 0.1666407 0.2220926 0.4088856 0.4098171 0.2986275 0.2245528 0.2349647 0.2688114 0.4187702 0.5028156 0.5028155 0.5028156 0.4645253 0.1488868 0.08057232 0.08057231 0.03965664 0.01126343 0.1032329 0.176612 0.176612 2.926332 0.1532055 0.1045745 0.09061947 7.067448 0.1785815 0.2083589 0.4772949 0.3438643 0.326342 0.1005915 0.08257002 0.07572177 2.839426 1.950809 0.03312277 0.03312277 0.03312277 0.1133605 0.276849 0.2528636 0.1778703 0.194093 0.194093 0.1925407
0.2128339 0.2128339 0.6131436 2.296468 0.1203264 0.1203264 0.1203264 0.1232563 0.4471677 0.4513105 0.4513104 0.4513104 0.2719788 0.2719789 0.2719789 0.3760876 0.3760876 0.2227532 0.1666407 0.1666407 0.1682261 0.2948642 0.4209994 0.4028931 0.2245528 0.2464521 0.2728955 0.4938352 0.5028155 0.5017281 0.52574 0.5505217 0.5415706 10.9315 0.5637125 0.4424375 0.1595342 0.1718855 0.1745836 0.1537064 0.5057518 0.1192814 0.1167674 0.09328787 4.885397 0.1785815 0.1785815 0.3523554 0.4192358 0.326342 0.1425144 0.1232939 0.1292232 0.08866755 0.01696719 0.02141462 0.02367335 0.03076535 0.07386588 0.2451715 0.2771979 0.2607428 0.1937685 0.1806455 0.1800519
0.2128339 0.212613 0.1207725 0.1203264 0.1203264 0.1203264 0.1186247 0.1147003 0.1131042 0.4513104 0 0 0.2719788 0.2719789 0.2719789 0.2740533 0.3709327 0.3589752 0.2029648 0.1666407 0.1666407 0.1792144 0.4320112 0.4396819 0.2852751 0.2527741 0.2700938 0.4806311 0.5021644 0.2262263 0.4185107 0.5512579 0.6606336 0.6606336 0.6606336 0.5725189 0.177926 0.1686533 0.1635545 0.1491483 0.121986 0.1192814 0.1192814 0.1322082 0.1884843 0.178594 0.1785815 0.3165186 0.4370815 0.3263419 0.2458781 0.1292232 0.1292232 0.1139772 0.01299993 0.012987 0.012987 0.0141571 0.03052862 0.1002788 0.2715458 0.2771979 0.1879127 0.1410009 0.1150648
0.2128339 0.197779 0.1203264 0.1203264 0.1203264 0.1203264 0.1147594 0.1131042 0.1131042 0.1131042 0.1131042 0.1131042 0.1136681 0.2704937 0.2719789 0.2719789 0.3347585 0.3760876 0.2860141 0.1666407 15.43441 48.54235 0.4423005 0.4423005 0.3943206 0.2667935 0.2693231 0.2527973 0.1989427 0.01009663 0.008625042 0.1203119 0.5614388 0.6606336 0.6606336 0.6530475 0.2466953 0.1662164 0.1635545 0.1635545 0.1470808 0.1192814 0.1192814 0.1496053 0.2166373 0.2097332 0.1832716 0.254408 0.3926823 0.6360529 0.09665491 0.09388039 0.110553 0.1064348 0.01406891 0.012987 0.012987 0.01313671 0.07020303 0.08644465 0.118567 0.1977287 0.1362013 0.1313642 0.1313642
0.2128339 0.2045187 0.1203264 0.1203264 0.1203264 0.1193485 0.1131726 0.1131042 0.1131042 0.1131042 0.1131042 0.1131042 0.1131042 0.1633507 0.2719789 0.2719789 0.3199972 0.3760876 0.3687647 0.2401832 0.166742 0.3465163 0.4423004 0.4423004 0.3754621 0.2700938 0.164515 0.02923395 0.02176423 0.01866028 0.008625042 0.008625041 0.0939195 0.5172559 0.5885451 0.3040642 0.1744391 0.1639809 0.1635545 0.1635545 0.1635216 0.139477 0.1308756 0.2086066 0.2166373 0.2166373 0.1922967 0.1650184 0.2239532 0.1152223 0.08020012 0.08020012 0.08020012 0.08181672 0.07637484 0.053083 0.0221276 0.02785753 0.08906884 0.08906885 0.08906885 0.09020784 0.1082882 0.1107942 0.1354413
1.17427 0.170674 0.1196315 0.119097 0.1187058 0.1131042 0.1131042 0.1131042 0.1131042 0.1131042 0.1131042 0.1131042 0.1131042 0.1722908 0.2719789 0.2719788 0.2878847 0.3888305 0.3760876 0.3746491 0.3014211 0.3806787 0.443128 0.4448701 0.4379946 0.3047618 0.2649785 0.05892861 0.02176423 0.01961955 0.009009203 0.008625042 0.008625042 0.06759817 0.1827099 0.1803694 0.1803694 0.176753 0.1694561 0.1649403 9.080319 0.1275034 0.1125432 0.1923639 0.2076314 0.111468 0.08540249 0.06424282 0.07066164 0.08336225 0.08020012 0.08020013 0.08020012 0.08229221 0.08300013 0.08300014 0.08284996 0.06430563 0.08403809 0.08906885 0.08906884 0.08906885 1.181948 24.60435 0.2965814
2.552039 0.1642037 0.1186906 0.1186906 0.1186906 0.1310202 0.1438013 0.1131042 0.1131042 0.1131042 0.1131042 0.1131042 0.1131042 19.91483 0.2719788 0.2719788 0.3443893 0.4192839 0.3776895 0.3760876 0.2845203 0.2121223 0.4394202 0.4493217 0.4493217 0.3698703 0.2867691 0.1035416 0.02176423 0.02242073 0.02071094 0.01442191 0.02115912 0.03508568 0.1802608 0.1803694 0.1803694 0.1803694 0.2842376 0.2506774 40.55162 0.05058279 0.09223283 0.1108191 0.1672684 0.09758417 0.06424282 0.06424282 0.08441493 0.1494684 0.1204273 0.09053019 0.0827721 0.08299986 0.08300013 0.08300013 0.08300013 0.08300013 0.08366924 0.08713149 0.08906884 0.08855763 0.6408712 6.626153 0.2824566
0.4851327 0.4568603 0.1756392 0.1186906 0.1186906 0.164749 0.2024058 0.2013973 0.1708728 0.1238071 0.1182714 0.1131042 0.1131042 0.2164308 3.656973 0.2719789 0.3769023 0.4391752 0.4349581 0.4132797 47.90291 0.1322426 0.2566003 0.4467496 0.4493217 0.4189831 0.1791512 0.06070915 0.02176423 0.02240499 0.02759104 0.02815948 0.02815948 0.02814562 0.09177626 3.063275 7.928921 0.3265032 0.5423303 0.3977114 0.04986042 0.04986042 0.08135219 0.1064319 0.1590675 0.1418701 0.06514765 0.06424282 0.06424282 0.1541236 0.1758276 0.1758036 0.1632235 0.2335409 0.11853 0.1300727 0.2571138 0.2794007 0.1199803 0.09631103 0.08921646 0.0799218 0.07093289 0.07093289 0.1903784
0.4784127 0.4784127 0.2516614 0.2186323 0.1820217 0.1713086 0.2024057 0.2024057 0.2024057 0.2040284 0.333218 0.254026 0.1869991 0.3108824 0.34021 0.2722023 0.3881631 0.4391753 0.4391752 0.376976 0.1400557 0.1322426 0.1324745 0.284647 1.454551 0.4403057 0.1451793 0.09582432 0.1467285 0.07422601 0.02280462 0.02781523 0.02815948 0.02815948 0.05661099 9.684616 107.6658 0.3565512 0.544548 0.3981828 0.04986042 0.04986042 0.07162836 0.100136 0.1380421 0.166416 0.09333193 0.06424282 0.06438697 0.1498976 0.1758276 0.3909886 0.3679504 0.3768471 0.3879098 0.3879098 0.3879098 0.3879098 0.3877557 0.387191 191.3982 0.07474478 0.0709329 0.0709329 0.0866949
0.4784127 0.4784127 0.4293791 0.3581357 0.1931809 0.1295483 0.2024057 0.2024058 0.2024057 0.2024057 0.2913172 0.3588954 0.3588955 0.3588954 0.3586981 0.2900817 0.3556962 0.4470182 0.4787433 0.4910084 0.1322426 0.1322426 0.1322426 0.2413068 0.4493217 0.3156127 0.09763912 0.09763911 0.2003682 0.5435495 0.03453577 0.02811459 0.02815948 0.03029532 0.09441563 0.1432678 0.1432678 0.1432678 0.2975876 0.4219011 0.04986042 0.05008749 0.08449247 0.100136 0.1080523 7.780777 0.1633427 0.07473322 0.08635945 0.1758276 0.305993 0.7922032 0.3679172 0.3504476 0.3598129 0.3813918 0.3879098 0.4037243 0.4317447 0.4453077 0.4455771 0.3223808 0.08850144 0.07093289 0.0709329
0.4784127 0.4784127 0.3946938 0.372247 0.2461386 0.1800744 0.2024057 0.2024057 0.2024057 0.2024058 0.2714498 0.3546452 0.354626 0.3588375 0.3588954 0.3588954 0.5002812 0.6235667 0.5986176 0.6260718 0.2457932 0.1322426 0.1322426 0.1722503 0.4490436 0.2099197 0.09763911 0.09763911 0.09763912 0.5167716 0.4254787 0.3795109 0.3711671 0.6081191 0.4706042 0.1432678 0.1432678 0.1432678 0.1784509 0.4063586 0.08156703 0.07458162 0.1034426 0.1322391 0.1384802 0.1682509 0.166416 0.1138109 0.07756785 0.3031717 0.7591926 0.8231534 0.3829048 0.3500379 0.350038 0.3506588 0.3950492 0.4451541 0.445577 0.445577 0.4395074 0.3827426 0.2661441 0.07093291 0.0709329
0.4784128 0.4482813 0.3723522 0.372247 0.3721776 0.3614959 0.2202052 0.204094 0.2229259 0.2574685 0.274272 0.2862953 0.3155053 0.3365496 0.3514076 0.4564411 0.6252127 0.6273928 0.6273928 0.6273928 0.5038359 0.1528872 0.1452956 0.1887997 0.4175901 0.2049326 0.09763912 0.09763911 0.09763912 0.3247599 0.6650606 0.6650606 0.63594 0.5344216 0.2212019 0.1432678 0.1432678 0.1432678 0.2769138 0.5469095 0.4151365 0.111393 0.162953 0.1709001 0.1709001 0.1707515 0.5115863 0.7645886 0.7517012 1.031394 0.8263584 0.8247618 0.3654569 0.350038 0.3157227 4.16104 0.2476966 0.3069927 0.223985 0.1994941 0.1620037 0.1510296 0.1158372 0.0709329 0.07093289
0.3895583 0.4038954 0.3671774 0.3470499 0.329236 0.3028933 0.3056704 0.2839097 0.2862104 0.2862104 0.2862104 0.286315 0.3254711 0.3282977 0.3389922 0.5792687 0.6119661 0.616297 0.6216331 0.6268961 0.6162956 0.2683715 0.164503 0.164503 0.1872594 0.1907974 0.182419 0.2045034 0.1510349 0.2267284 0.3449436 160.8665 6.87648 0.2641099 0.2624171 0.2434355 0.2433984 0.2282579 0.2313065 0.4702222 0.3185056 0.1620521 0.1709 0.1709 0.1709 0.2458708 0.8348203 1.093804 1.258227 1.129415 0.8263584 0.8263584 0.4299448 0.320796 0.2266127 0.2219291 0.218362 1.303272 0.1510296 2.062732 0.1510296 0.1510296 0.1306054 0.07093289 0.07310108
0.3088191 0.3089185 0.3097982 0.2570984 0.2271247 0.2333193 0.2857524 0.3074415 0.4840632 0.5320659 0.3127725 0.2937701 0.3282977 0.3282977 0.3283038 0.5468172 0.5941076 0.5941076 0.5941077 0.3744677 0.2089923 0.1755988 0.164503 0.164503 0.1783549 0.2640087 0.2683122 0.2683122 0.2683122 0.2642588 0.1685639 0.1487239 0.2604941 0.26411 0.26411 0.2610935 0.2601931 0.2628071 0.2643791 0.2867672 0.2578717 0.1977023 0.1709001 0.1709001 0.1838565 0.3972478 0.4104897 0.4181533 1.190762 1.131394 0.8263584 0.8263584 0.7472645 0.2415653 0.2219374 0.2428512 0.2691834 0.3436597 0.18635 0.1620079 1.537268 0.1567519 0.2072807 0.1382123 0.1035055
0.3083231 0.3089185 0.3084629 0.2329079 1.330888 0.2271247 0.2693951 0.2642313 0.3430262 0.6100888 0.6454962 0.3665415 0.3282977 0.3282977 0.3282978 0.4038062 0.5941077 0.5941076 4.309275 0.2364565 0.1973209 0.1778657 0.1663783 0.164503 0.2184072 0.2683122 0.2683122 0.2402231 0.2369255 0.1742339 0.1417851 0.1458594 0.2577679 0.26411 0.2621395 0.2547144 0.2546993 0.2546993 0.2553239 0.2701077 0.2911675 0.2613476 0.1716862 0.1975303 0.3416312 0.3500575 0.4104897 0.4303695 1.178652 55.65659 45.73092 0.8979799 1.020602 0.9693863 0.7161148 0.4003511 0.5092273 0.3775796 0.2774934 0.2727853 0.2474928 0.2587628 0.2774934 63.27318 0.19586
0.394711 0.3086461 0.2568629 0.2271247 0.2271247 0.2364552 0.2619073 0.2721204 0.5233312 0.6716094 120.4683 15.76366 0.3367569 0.3282977 0.3282977 0.3304707 0.4472673 0.4506343 0.2665856 0.1973209 0.1973209 0.4163511 0.4636506 0.5652035 0.4399635 0.3084643 0.1922245 0.1420442 0.1417851 0.1417851 0.1417851 0.1618184 0.2613915 0.2601974 0.2554179 0.2546992 0.2546993 0.2546992 0.2629547 0.2931887 0.2931887 0.2931887 0.282169 0.3003306 0.3679114 0.4060166 0.3553314 0.3186257 0.7646409 1330.989 407.7047 1.290159 1.290159 1.290159 1.290159 1.225798 1.261108 1.250452 0.972866 0.6420763 0.2875077 0.2774957 0.2774934 6.259221 0.244053
0.5867543 0.4835504 0.2797563 0.2271247 0.2411077 0.2611192 0.2621733 0.2621733 0.4416147 0.6716095 0.5126047 0.3681645 0.3676014 0.3240396 0.314197 0.3154375 0.4237609 0.2818933 0.1973209 0.1973209 0.3594349 0.5988259 0.5963488 0.5910355 0.5244731 0.4914364 0.373491 0.1188881 0.1298285 0.1376114 0.1417851 0.1417851 8.963254 0.228674 0.2289723 0.2347918 0.23553 0.2394764 0.2464548 0.287186 0.2931887 0.2931887 0.2931887 0.2931887 0.2931887 0.3006502 0.3014884 0.3034535 21.3354 27.3114 3.284403 0.9812831 1.211286 1.25731 1.048738 0.9839011 0.9114401 0.7669508 0.4733704 0.3845659 0.3812519 3.284801 0.2966781 46.97792 24.52512
0.591261 0.5912611 3.956274 0.4216547 0.2473842 0.2397415 0.2346261 0.3425021 0.6696421 0.6606569 0.4228524 0.3681645 0.3681645 0.3344577 0.2889142 0.2889142 0.2889522 0.2234517 0.1973209 6.863183 17.87194 0.557055 0.4962132 0.4914502 0.4914502 0.4645109 0.1557447 0.09781358 0.09771812 0.09801414 0.09979969 0.1321507 0.1974981 0.1986665 0.1986665 0.1986665 0.1986665 0.1986665 0.1921805 0.2078843 0.2958531 0.3192487 0.3240094 0.344192 0.3302675 0.3196619 0.3034405 0.3063298 0.3332756 0.3346511 0.3346512 0.3346511 0.3605468 0.3509618 0.3851494 0.3845659 0.3845659 0.3845659 0.3855548 0.4093361 0.4407087 0.9730939 0.2900271 0.2887177 0.2044204
0.5912611 0.589382 0.4756023 0.3601994 0.2217975 0.2217657 0.2217657 0.3839267 0.3938047 0.3340291 0.3403846 0.3681645 0.3681645 0.3423208 0.2889142 0.2889142 0.2886886 0.2374854 0.375304 284.4676 71.24651 0.4914502 0.4914502 0.4914502 0.4386487 0.2147666 0.1347102 0.1186941 0.1034257 0.09771813 0.09771812 0.1461971 0.2054821 0.2216796 0.2252003 0.2162573 0.2100779 0.1955867 0.05635098 0.03316866 0.2361427 0.3622964 0.3622964 0.3597959 0.3285602 0.3034535 0.3035143 0.3246195 0.3346512 0.3346512 0.3566148 0.3989147 0.3425742 0.3809613 0.4487648 0.4501406 0.4514189 0.4525978 0.4574892 0.3873875 0.3066739 0.2896343 0.2887177 0.2887177 0.2746233
2.576292 0.3824182 0.2217657 0.2217657 0.2217657 0.2222419 0.2257851 0.246683 0.2585396 0.3510352 0.3681645 0.368106 0.3327772 0.3386555 0.2866627 0.2803891 0.2553393 0.2314235 0.2335519 0.2486001 0.3444438 0.4063316 0.4602352 0.3397574 0.201932 0.1770175 0.1482136 0.1429225 0.1388921 0.1347383 0.1201346 0.1760659 0.215865 0.2365044 0.2251478 0.1551687 0.1750977 0.08358898 0.02640621 0.02330358 0.02392742 0.1926612 3.650836 0.3082791 0.3034535 0.3034535 0.3103447 0.3346512 0.4003343 0.4354886 0.5021412 0.5059835 0.4679652 0.4638099 0.4625719 0.4625718 0.4625719 0.4625719 0.4316291 0.2698599 0.2887177 0.2887177 0.2887177 0.2887177 0.2887177
4.124038 0.5993454 0.4531542 0.4452804 0.3911241 0.2479635 0.2515609 0.2568167 0.339261 0.3386593 0.1614881 0.0687022 0.0613129 0.1439258 0.2155883 0.2311169 0.2311168 0.2311168 0.2311168 0.6416 1.858814 0.3823396 0.3567415 0.2124133 0.1903458 0.1903458 0.1884965 0.1692962 0.1546365 0.1430792 0.1429226 0.1555154 0.1554212 0.09043081 0.08711939 0.07083625 0.1122847 0.5155678 0.09593493 0.02330358 0.02330358 0.1556958 0.3117113 0.3123266 0.3109177 45.12206 143.6488 0.3885653 0.4288822 0.3515532 0.4126247 0.3596041 0.3753895 0.4989682 0.4746628 0.4627996 0.3864479 0.3526812 0.1538644 0.2584645 0.2887177 0.2887177 0.2879688 0.284697 0.2866549
4.503967 0.6448557 0.6448557 0.6448557 0.6397724 0.4283739 0.3207079 2.178989 0.3519968 0.2027744 0.0488351 0.0488351 0.1164965 0.1357075 0.1508011 0.2277557 0.2311168 0.2311168 0.2394388 36.49219 4.152711 0.524732 0.3823395 0.3750725 0.218255 0.1662842 0.1903457 0.1903458 0.1896856 0.1809108 0.1598516 153.3201 0.07083625 0.07083625 0.07083625 0.07888257 0.4889056 0.6263556 0.4705482 0.1569365 0.2145671 0.3130373 0.3131091 0.3055389 0.3131091 35.39611 46.12019 0.360431 0.1429445 0.03976442 0.03976442 0.03976442 0.07938117 0.2112988 0.359859 0.2971885 0.2187856 0.2616175 0.2856991 0.2505064 0.2463733 0.1820031 0.2744444 0.2790087 0.279084
1.357845 11.68772 0.6448557 0.6448557 0.8059427 0.9591154 0.5934926 0.338126 0.338126 0.2557337 0.07625709 0.1267994 0.2474208 0.2206634 0.1431953 0.1442851 0.2089739 2.694697 0.3062105 0.3173859 0.3363617 0.345021 0.3635258 0.3695782 0.1770972 0.112218 0.1305543 0.1828858 0.1903458 0.1574897 0.0739249 0.07740843 0.06249487 0.1574211 0.2368158 0.3565388 22.16015 0.6263557 0.6215907 0.3768445 0.2645989 0.2288914 0.1889066 0.1529703 0.2016343 0.2831742 0.3422488 0.3422488 0.3414401 0.2148772 0.04293071 0.03976442 0.03976442 0.08534183 0.1329054 0.2286926 0.2887177 0.2844448 0.2159129 0.1354592 0.1542005 0.2197991 0.2790087 0.2790087 0.2790087
0.4792913 0.5032642 0.6359674 0.6480018 0.9317381 0.9591154 0.5650357 0.338126 0.3338887 0.2934742 0.178594 0.1764633 0.2224562 0.2991093 0.2745256 0.1576284 0.1330444 0.1485594 0.3015816 0.3036823 0.3100426 0.3100426 0.3007369 0.287621 0.2002625 0.1327825 0.1115771 0.1193945 0.1429605 0.09588592 0.05179932 0.05179932 0.05179932 0.06727412 0.08713735 0.0847787 0.06833523 0.2019461 0.2208914 0.2583002 0.1401701 0.1355726 0.1355726 0.1355726 0.1373842 0.1833122 0.2459008 0.2766056 0.253167 0.3417693 0.1831389 0.03976442 0.10922 0.1314885 0.1329054 0.16681 0.259108 0.1555437 0.1848969 0.2124344 0.2184694 0.2222082 0.2490101 0.2642605 0.2787587
0.4792913 0.4792913 7.945457 0.9135811 0.9591154 0.9591154 0.5247263 0.3133079 0.2649099 0.2132994 0.1826259 0.1787893 0.1798214 0.2948365 0.2991093 0.259271 0.1289661 0.1224551 0.1308101 0.1878489 0.2204208 0.222166 0.2074279 0.1956195 0.1699706 0.1497332 1.887653 2.754651 0.1093094 0.1031492 0.08566587 0.0586226 0.05652566 0.05249401 0.08251926 0.07771172 0.06810267 0.06810267 0.1069585 0.1355725 0.1296914 0.1355725 0.1355725 0.1355725 0.1518726 0.1628525 0.1628525 0.1628525 0.1628525 0.2304112 0.4507676 3.024761 0.4573478 0.3529502 0.209026 0.199525 0.1853812 0.2156227 0.2184694 0.2184695 0.2184694 0.2184695 0.2184963 0.2226609 0.3368222
0.6229606 0.4876262 0.9740053 0.9591154 0.9591154 0.9591155 0.9291862 0.4115627 0.2756884 0.2756884 0.2659916 0.2130426 0.23659 0.2984964 0.2990987 0.2639401 0.1737438 0.1224551 0.1224551 0.1011381 0.1233074 0.1740144 0.1804519 0.1499699 0.149223 0.1479452 0.1722389 0.2063921 0.1281389 0.1086048 0.1086048 0.1055448 0.08657672 0.06917431 0.06145959 0.08322919 0.06820367 0.06810267 0.1026668 0.1290944 0.1133896 0.1238401 0.1355725 0.1735933 3.76724 0.1628525 0.1628525 0.1628525 0.1628526 0.206948 0.3122025 0.3137759 0.5105177 7.040745 49.38081 0.7296293 0.3323507 0.2184695 0.2184694 0.2363873 0.3277805 0.390628 0.4385366 0.4649849 0.4803075
0.9971719 0.8965575 2.83473 1.046948 1.145152 1.153641 1.212383 1.308962 0.4512033 0.2774467 0.2756884 0.2765394 0.2925852 0.2991093 0.2588038 0.2192741 0.1605795 0.1224551 0.1224551 0.0952682 0.08131851 0.08131851 0.09223574 0.1436423 0.1434729 0.1101423 0.1369357 0.2848926 0.2634959 0.1145337 0.1101692 0.1100506 0.1055804 0.09509036 0.0892773 0.08762575 0.08036658 0.07112201 0.1032336 0.1133779 0.1133551 0.120665 0.2242076 0.3462085 0.3377353 0.1628526 0.1628526 0.1628526 0.1638011 0.2458942 0.3122114 0.3122114 0.3122114 157.149 249.5433 0.7885466 0.3574837 0.2184694 0.2184355 0.2268022 0.2751823 0.425884 0.4802774 0.4458455 0.4367141
