Scenarios/Heterogeneous/data/country_data_population_distribution/processed/density_grids/ven.asc
ncols 340
nrows 377
xllcorner -73
yllcorner 0
cellsize 0.041666666666667
NODATA_value -9999
[rows 180 to 209 of 377, columns 68 to 135 of 340]
4.264603 4.264603 4.264603 4.882109 35.34356 36.82658 36.87458 36.87458 36.87458 36.87458 36.87458 36.87458 36.87458 36.87458 34.37717 16.75734 10.90209 10.90209 10.90209 10.90209 10.90209 10.90209 10.90209 10.90209 70.05667 128.3304 128.3303 128.3303 128.3303 128.3303 128.3304 128.3303 128.3304 128.3303 128.3303 110.9851 50.77968 32.94039 28.06731 28.06731 10.54226 7.675874 7.675874 7.675874 7.675874 7.675874 7.675874 7.675874 7.675874 7.675874 7.675874 7.675874 8.104364 9.488636 9.488636 9.488636 9.488636 6.513272 4.280273 4.280273 4.280273 4.280273 4.280273 4.280273 4.280273 4.280273 4.280273 4.280273
4.264603 4.264603 4.264603 9.74848 25.30426 17.63701 28.52847 36.87458 36.87458 36.87458 36.87458 36.87458 36.87458 36.87458 36.87458 36.15123 20.75205 10.90209 10.90209 10.90209 10.90209 10.90209 10.90209 10.90209 25.94613 112.3182 128.3303 128.3304 128.3303 128.3304 128.3303 128.3304 128.3303 128.3304 128.3303 128.3304 128.3303 118.3273 50.90556 28.70457 21.68637 7.695968 7.675874 7.675874 7.675874 7.675874 7.675874 7.675874 7.675874 7.675874 7.675874 7.675874 7.681363 8.431446 9.428639 9.488636 8.716628 4.35176 4.280274 4.280273 4.280274 4.280273 4.280274 4.280273 4.280273 4.280274 4.280274 4.280273
4.264602 4.264603 4.264602 11.65661 15.3092 15.3092 20.27827 36.87458 36.87458 36.87458 36.87458 36.87458 36.87458 36.87458 36.87458 36.87458 36.84441 25.2037 11.19187 10.90209 10.90209 10.90209 10.90209 10.90209 10.90209 16.05995 59.12207 108.243 128.3303 128.3303 128.3303 128.3303 128.3304 128.3303 128.3303 128.3303 128.3303 128.3303 128.3304 116.499 41.585 9.282958 7.597114 7.675874 7.417343 7.516367 7.675874 7.675874 7.675874 7.675874 7.675874 7.675874 7.675874 7.675874 8.023893 9.25083 8.11799 4.280274 5.21645 5.105156 4.280273 4.280274 4.280273 4.280274 4.280274 4.280273 4.280273 4.280273
4.264603 4.264603 6.830837 15.07837 15.3092 15.3092 20.82033 36.87458 36.87458 36.87458 36.87458 36.87458 36.87458 36.87458 36.87458 36.87458 36.87458 36.87458 14.74394 10.90209 10.90209 10.90209 10.90209 10.90209 10.90209 10.90209 10.90209 11.01758 83.32531 128.3303 128.3303 128.3303 128.3303 128.3303 128.3304 128.3303 128.3304 128.3303 128.3303 126.8983 51.61457 3.516061 4.261688 5.518213 3.524554 3.533626 3.957835 4.296465 6.164472 7.675874 7.675874 7.675875 7.675874 7.675874 7.675873 7.752163 7.990743 6.679389 7.649765 6.559096 4.280274 4.280274 4.280274 4.280273 4.280274 4.280273 4.280274 4.280274
4.485969 7.939318 14.80608 15.3092 15.3092 15.3092 16.35928 31.96702 36.87458 36.87458 36.87458 36.87458 36.87458 36.87458 36.87458 36.87458 36.87458 36.60167 11.61034 10.90209 10.90209 10.90209 10.90209 10.90209 10.90209 10.90209 10.90209 10.90209 16.01428 105.6227 128.3304 128.3304 128.3303 128.3304 128.3304 128.3304 128.3304 128.3304 60.56052 8.390678 3.516061 3.516061 3.516061 3.516061 3.516061 3.516061 3.516061 3.516061 3.723719 7.673102 7.675875 7.675875 7.675874 7.675875 7.675875 7.675875 7.675875 7.675875 7.675875 7.574083 4.49818 4.280273 4.280273 4.280273 4.280273 4.280273 4.280273 4.280273
14.13608 15.3092 15.3092 15.3092 15.3092 15.3092 15.3092 16.14733 24.2262 33.62716 36.87458 36.87458 36.87458 36.87458 36.87458 36.87458 36.87458 36.87458 27.04796 12.82438 10.90209 10.90209 10.90209 10.90209 10.90209 10.90209 10.90209 10.90209 10.90209 20.56563 65.34746 58.88258 58.46575 71.87482 76.54639 81.92867 105.2023 119.7221 6.057344 3.516061 3.516061 3.516061 3.516061 3.516061 3.516061 3.516061 3.516061 3.516061 3.814701 5.305589 6.7445 5.818224 6.419622 7.675874 7.675875 7.675875 7.675875 7.675875 7.675875 7.675875 5.644537 4.280274 4.280273 4.280273 4.280273 4.330724 4.287669 4.280274
15.3092 15.3092 15.3092 15.3092 15.3092 15.3092 15.3092 15.3092 15.3092 16.70248 32.12261 36.87458 36.87458 36.87458 36.87458 36.87458 36.87458 36.87458 36.87458 33.46467 13.52396 10.90209 10.90209 10.90209 10.90209 10.90209 10.90209 10.90209 10.90209 10.90209 10.90209 10.90209 10.90209 10.90209 10.90209 10.90209 8.326309 15.30332 3.51606 3.516061 3.516061 3.516061 3.516061 3.516061 3.516061 3.516061 3.516061 3.516061 3.516061 3.516061 3.516061 3.516061 3.779552 7.639775 7.675874 7.675875 7.675874 7.675874 7.675874 7.663475 5.818444 4.628049 4.633707 4.487443 4.503667 4.660739 4.611739 4.43808
15.3092 15.3092 15.3092 15.3092 15.3092 15.3092 15.3092 15.3092 15.3092 15.3092 22.47069 36.87458 36.87458 36.87458 36.87458 36.87458 36.87458 36.87458 36.87458 36.87458 22.84198 10.90209 10.90209 10.90209 10.90209 10.90209 10.90209 10.90209 10.90209 10.90209 10.90209 10.90209 10.90209 10.90209 10.7482 7.109962 3.559038 3.516061 3.516061 3.516061 3.516061 3.516061 3.516061 3.516061 3.516061 3.516061 3.516061 3.516061 3.516061 3.516061 3.516061 3.516061 3.516061 5.296727 7.511583 7.675874 7.675875 7.675875 7.573102 5.208775 4.660743 4.660743 4.660743 4.660743 4.660743 4.660743 4.660743 4.660743
15.3092 15.3092 15.3092 15.3092 15.3092 15.3092 15.3092 15.3092 15.3092 15.3092 15.46187 26.01135 28.97878 32.30225 36.77169 36.87458 36.87458 36.87458 36.87458 36.87458 36.55529 19.00602 10.90209 10.90209 10.90209 10.90209 10.90209 10.90209 10.90209 10.90209 10.90209 10.90209 10.90209 10.48195 4.518612 3.516061 3.516061 3.516061 3.516061 3.516061 3.516061 3.516061 3.516061 3.516061 3.516061 3.516061 3.516061 3.516061 3.516061 3.516061 3.516061 3.516061 3.516061 3.516061 4.054318 5.352383 5.840287 6.243434 5.386524 4.660743 4.660743 4.660743 4.660743 4.660743 4.660743 4.660743 4.660743 4.660743
15.3092 15.3092 15.3092 15.3092 15.3092 15.3092 15.3092 15.3092 15.3092 15.3092 15.17726 10.90209 10.90209 10.90209 19.4529 28.02108 36.87458 36.87458 36.87458 36.87458 36.87458 32.19246 11.13217 10.90209 10.90209 10.90209 10.90209 10.90209 10.90209 10.90209 10.90209 10.66863 9.379704 5.654391 3.51606 3.51606 3.51606 3.516061 3.516061 3.516061 3.516061 3.516061 3.516061 3.516061 3.516061 3.516061 3.516061 3.516061 3.51606 3.516061 3.516061 3.516061 3.51606 3.516061 3.516061 3.51606 3.980858 4.660743 4.660743 4.660743 4.660743 4.660743 4.660743 4.660743 4.660743 4.660743 4.660743 4.660743
15.3092 15.3092 15.3092 15.3092 15.3092 15.3092 15.3092 15.3092 15.3092 15.3092 15.03214 10.90209 10.90209 10.90209 10.90209 10.90233 12.72567 12.52653 23.27739 33.4616 21.15293 20.18106 11.46856 10.90209 10.90209 10.90209 10.90209 10.90209 10.90209 10.89404 7.979822 4.086899 3.516061 3.516061 3.516061 3.516061 3.516061 3.516061 3.516061 3.516061 3.516061 3.51606 3.516061 3.516061 3.516061 3.516061 3.516061 3.516061 3.516061 3.516061 3.516061 3.516061 3.516061 3.516061 3.516061 3.516061 4.255351 4.660743 4.660743 4.660743 4.660743 4.660743 4.660743 4.660743 4.660743 4.660743 4.660743 4.660743
15.3092 15.3092 15.3092 15.3092 15.3092 15.3092 15.3092 15.3092 15.3092 15.3092 14.88702 10.90209 10.90209 10.90209 10.90209 10.90209 10.90209 10.90209 10.90209 10.90209 10.90209 10.90209 10.90209 10.90209 10.90209 10.90209 10.90209 10.88148 10.85325 9.345563 3.957278 3.516061 3.51606 3.516061 3.51606 3.516061 3.51606 3.516061 3.51606 3.516061 3.51606 3.516061 3.51606 3.516061 3.51606 3.516061 3.51606 3.516061 3.51606 3.516061 3.51606 3.516061 3.51606 3.516061 3.516061 3.516193 4.529776 4.660743 4.660743 4.660743 4.660743 4.660743 4.660743 4.660743 4.660743 4.660743 4.660743 4.660743
15.3092 15.3092 15.3092 15.3092 15.3092 15.3092 15.3092 15.3092 15.3092 15.3092 14.7419 10.90209 10.90209 10.90209 10.90209 10.90209 10.90209 10.90209 10.90209 10.90209 10.90209 10.90209 10.90209 10.90209 10.90209 10.51371 9.888392 9.555204 9.518903 9.51916 8.571746 3.979795 3.516061 3.516061 3.516061 3.516061 3.516061 3.516061 3.516061 3.516061 3.516061 3.516061 3.516061 3.516061 3.516061 3.516061 3.516061 3.516061 3.516061 3.516061 3.516061 3.516061 3.516061 3.516061 3.516061 3.662577 4.660743 4.660743 4.660743 4.660743 4.660743 4.660743 4.660743 4.660743 4.660743 4.660743 4.660743 4.660743
15.3092 15.3092 15.3092 15.3092 15.3092 15.3092 15.3092 15.3092 15.3092 15.3092 14.5371 10.90209 10.90209 10.90209 10.90209 10.90209 10.90209 10.90209 10.90209 10.90209 10.90209 10.90209 10.90209 10.90209 10.23185 9.534935 9.518902 9.518902 9.518902 9.518902 9.518902 8.160022 3.75351 3.516061 3.516061 3.516061 3.516061 3.516061 3.516061 3.516061 3.516061 3.516061 3.516061 3.516061 3.516061 3.516061 3.516061 3.516061 3.516061 3.516061 3.516061 3.516061 3.516061 3.516061 3.516061 3.938531 4.660743 4.660743 4.660743 4.660743 4.660743 4.660743 4.660743 4.660743 4.660743 4.660743 4.660743 4.660743
15.3092 15.3092 15.3092 15.3092 15.3092 15.3092 15.3092 15.3092 15.3092 14.71558 12.19499 10.90209 10.90209 10.90209 10.90209 10.90209 10.90209 10.90209 10.90209 10.90209 10.90209 10.90209 10.90209 10.86257 9.766068 9.518902 9.518902 9.518902 9.518902 9.518902 9.518902 9.518902 7.883401 3.671389 3.516061 3.516061 3.516061 3.516061 3.516061 3.516061 3.516061 3.516061 3.516061 3.516061 3.516061 3.516061 3.516061 3.516061 3.516061 3.516061 3.516061 3.516061 3.516061 3.516061 3.516061 4.214485 4.660743 4.660743 4.660743 4.660743 4.660743 4.660743 4.660743 4.660743 4.660743 4.660743 4.660743 4.660743
15.3092 15.3092 15.3092 15.3092 15.30738 14.35153 12.9752 11.89913 11.37296 10.57649 10.64635 10.90209 10.90209 10.90209 10.90209 10.90209 10.90209 10.90209 10.90209 10.89599 10.11252 9.910358 10.1185 9.714791 9.518903 9.518903 9.518902 9.518903 9.518903 9.518903 9.518903 9.518903 9.518902 7.576864 3.629238 3.516061 3.516061 3.516061 3.516061 3.516061 3.516061 3.516061 3.516061 3.516061 3.516061 3.516061 3.516061 3.516061 3.516061 3.516061 3.516061 3.516061 3.51606 3.516061 3.516061 4.490439 4.660743 4.660743 4.660743 4.660743 4.660743 4.660743 4.660743 4.660743 4.660743 4.660743 4.660743 4.660743
15.3092 15.3092 15.3092 15.07812 11.94121 10.57101 10.57101 10.57101 10.57101 10.57101 10.65726 10.90209 10.90209 10.90209 10.90209 10.90209 10.90209 10.90209 10.90209 10.44496 9.518902 9.518902 9.518902 9.518902 9.518902 9.518902 9.518902 9.518902 9.518902 9.518902 9.518902 9.518902 9.518902 9.518903 7.657576 3.633981 3.516061 3.516061 3.516061 3.516061 3.516061 3.516061 3.516061 3.516061 3.516061 3.516061 3.516061 3.516061 3.516061 3.516061 3.516061 3.516061 3.516061 3.516061 3.623605 4.658849 4.660743 4.660743 4.660743 4.660743 4.660743 4.660743 4.660743 4.660743 4.660743 4.660743 4.660743 4.660743
15.3092 15.3092 14.92456 11.52882 10.57101 10.57101 10.57101 10.57101 10.57101 10.57101 10.66599 10.90209 10.90209 10.90209 10.90209 10.90209 10.90209 10.90209 10.88135 9.756993 9.518902 9.518902 9.518902 9.518902 9.518903 9.518902 9.518902 9.518902 9.518902 9.518902 9.518902 9.518902 9.518902 9.518902 9.518902 6.825679 3.516061 3.516061 3.51606 3.516061 3.51606 3.516061 3.516061 3.516061 3.51606 3.516061 3.516061 3.516061 3.51606 3.516061 3.516061 3.516061 3.516061 3.516061 3.897666 4.660743 4.660743 4.660743 4.660743 4.660743 4.660743 4.660743 4.660743 4.660743 4.660743 4.660743 4.660743 4.660743
11.47344 11.85411 11.05727 10.57101 10.57101 10.57101 10.57101 10.57101 10.57101 10.57101 10.67235 10.90209 10.90147 10.90153 10.90209 10.90209 10.90209 10.74734 9.97041 9.518902 9.518902 9.518902 9.518902 9.518902 9.518902 9.518902 9.518903 9.518902 9.518903 9.518902 9.518902 9.518902 9.518902 9.518903 9.518902 9.081674 3.610956 3.516061 3.51606 3.516061 3.516061 3.516061 3.51606 3.516061 3.51606 3.516061 3.516061 3.516061 3.516061 3.516061 3.51606 3.516061 3.51606 3.516061 4.173582 4.660743 4.660743 4.660743 4.660743 4.660743 4.660743 4.660743 4.660743 4.660743 4.660743 4.660743 4.660743 4.660743
10.07568 10.31719 10.56503 10.57101 10.57101 10.57101 10.57101 10.57101 10.57101 10.57101 10.60074 10.61616 10.58314 10.61408 10.67047 10.36709 9.595607 9.520015 9.518902 9.518902 9.518902 9.518902 9.518902 9.518902 9.518902 9.518902 9.518902 9.518902 9.518902 9.518902 9.518902 9.518902 9.518902 9.518902 9.518902 9.518903 5.194538 3.516061 3.516061 3.516061 3.516061 3.51606 3.516061 3.516061 3.516061 3.51606 3.516061 3.51606 3.516061 3.51606 3.516061 3.516061 3.516061 3.51606 4.444018 4.660743 4.660743 4.660743 4.660743 4.660743 4.660743 4.660743 4.660743 4.660743 4.660743 4.660743 4.660743 4.660743
9.518902 9.518902 9.706619 10.12662 10.54424 10.57101 10.27688 10.30585 10.57101 10.57101 10.56817 10.17596 9.963316 10.14157 9.606905 9.519168 9.518902 9.518902 9.518902 9.518902 9.518902 9.518902 9.518902 9.518902 9.518902 9.518902 9.518902 9.518902 9.518902 9.518902 9.518902 9.518902 9.518903 9.518902 9.518902 9.518902 7.028067 3.516061 3.516061 3.51606 3.516061 3.516061 3.516061 3.516061 3.516061 3.516061 3.516061 3.516061 3.516061 3.516061 3.516061 3.516061 3.516061 3.578939 4.647662 4.660743 4.660743 4.660743 4.660743 4.660743 4.660743 4.660743 4.660743 4.660743 4.660743 4.660743 4.660743 4.660743
9.518902 9.518902 9.518902 9.518902 9.606071 9.651252 9.51893 9.526462 9.811505 10.18007 9.692835 9.518902 9.518902 9.518902 9.518902 9.518902 9.518902 9.518902 9.518902 9.518902 9.518902 9.518902 9.518902 9.518903 9.518902 9.518902 9.518902 9.518902 9.518902 9.518902 9.518902 9.518902 9.518902 9.518902 9.518902 9.518902 9.02448 4.098658 3.516061 3.51606 3.516061 3.51606 3.516061 3.51606 3.516061 3.516061 3.516061 3.51606 3.516061 3.51606 3.516061 3.516061 3.516061 3.841709 4.660743 4.660743 4.660743 4.660743 4.660743 4.660743 4.660743 4.660743 4.660743 4.660743 4.660743 4.660743 4.660743 4.660743
9.518903 9.518902 9.518903 9.518902 9.518903 9.518902 9.518902 9.518902 9.518903 9.518902 9.518902 9.518903 9.518902 9.518903 9.518902 9.518903 9.518902 9.518903 9.518903 9.518902 9.518902 9.518903 9.518902 9.518903 9.518902 9.518903 9.518902 9.518903 9.518902 9.518903 9.518902 9.518903 9.518902 9.518903 9.518902 9.499436 6.623093 3.086022 3.465503 3.516061 3.51606 3.516061 3.51606 3.516061 3.516061 3.516061 3.51606 3.516061 3.51606 3.516061 3.51606 3.51606 3.385923 3.70148 4.660743 4.660743 4.660743 4.660743 4.660743 4.660743 4.660743 4.660743 4.660743 4.660743 4.660743 4.660743 4.660743 4.660743
9.518902 9.518902 9.518902 9.518902 9.518902 9.518902 9.518902 9.518902 9.518902 9.518902 9.518903 9.518902 9.518902 9.518902 9.518902 9.518902 9.518902 9.518902 9.25542 8.005765 9.234111 9.518902 9.518902 8.874035 6.525242 5.787319 6.328403 7.308041 8.589473 9.349878 9.503765 8.345448 5.553456 4.73209 5.039261 4.125399 2.942381 2.942381 3.08429 3.510877 3.51606 3.51606 3.51606 3.51606 3.516061 3.51606 3.516061 3.51606 3.516061 3.51606 3.516061 3.452222 2.982747 3.315132 4.660743 4.660743 4.660743 4.660743 4.660743 4.660743 4.660743 4.660743 4.660743 4.660743 4.660743 4.660743 4.660743 4.660743
9.518902 9.518903 9.518902 9.518903 9.518902 9.518902 9.518902 9.518902 9.518902 9.518902 9.518902 9.518903 9.518902 9.518902 9.518902 9.518903 9.518902 9.518903 9.317145 5.965374 3.543928 5.70476 5.246662 3.178864 2.94238 2.942381 2.94238 2.94238 2.942381 2.94452 2.987462 2.942381 2.942381 2.942381 2.942381 2.94238 2.94238 2.94238 2.942381 3.250767 3.516061 3.516061 3.516061 3.516061 3.516061 3.51606 3.516061 3.516061 3.516061 3.516061 3.41517 3.059782 2.942381 3.000888 4.630836 4.660743 4.660743 4.660743 4.660743 4.660743 4.660743 4.660743 4.660743 4.660743 4.660743 4.660743 4.660743 4.660743
9.518902 9.518902 9.518902 9.518902 9.518902 9.518902 9.518902 9.518902 9.518903 9.518902 9.518902 9.518902 9.518902 9.518902 9.518902 9.518902 9.518902 9.518903 9.518902 9.518902 8.036057 3.924666 2.94238 2.94238 2.94238 2.94238 2.942381 2.942381 2.94238 2.942381 2.942381 2.942381 2.942381 2.942381 2.94238 2.942381 2.94238 2.942381 2.942381 2.952841 3.230707 3.033246 3.13956 3.292552 3.428615 3.512878 3.516061 3.516061 3.497842 3.151071 2.943643 2.942381 2.94238 2.942381 4.345195 4.660743 4.660743 4.660743 4.660743 4.660743 4.660743 4.660743 4.660743 4.660743 4.660743 4.660743 4.660743 4.660742
9.518902 9.518902 9.518902 9.518902 9.518902 9.518902 9.518902 9.518902 9.518902 10.40339 10.83847 11.53335 9.518902 9.518902 9.518902 9.518902 9.518902 9.518902 9.518902 9.518902 9.518902 9.271301 5.821206 2.991903 2.942381 2.942381 2.942381 2.942381 2.942381 2.942381 2.942381 2.942381 2.942381 2.942381 2.942381 2.942381 2.942381 2.942381 2.942381 2.942381 2.942381 2.942381 2.942381 2.942381 2.942381 2.993696 3.124089 3.246475 3.13076 2.942381 2.942381 2.942381 2.942381 2.942381 4.000618 4.660743 4.660743 4.660743 4.660743 4.660743 4.660743 4.660743 4.660743 4.660743 4.660743 4.660743 4.660743 4.660743
9.518903 9.518902 9.518903 9.518902 9.518902 9.518902 13.85186 18.69996 0 0 0 0 0 0 0 9.753663 9.518902 9.518903 9.518902 9.518902 9.518902 9.518902 9.518902 7.915787 3.831031 2.94238 2.942381 2.942381 2.942381 2.942381 2.94238 2.94238 2.942381 2.942381 2.942381 2.942381 2.94238 2.942381 2.942381 2.942381 2.94238 2.942381 2.94238 2.942381 2.942381 2.94238 2.942381 2.942381 2.94238 2.942381 2.94238 2.94238 2.94238 2.942381 3.651975 4.660743 4.660743 4.660743 4.660743 4.660743 4.660743 4.660743 4.660743 4.660743 4.660743 4.660743 4.660743 4.660743
0 10.29034 9.518902 9.518902 9.518902 15.17693 0 0 0 0 0 0 0 0 0 0 10.6394 10.37697 9.518902 9.518902 9.518902 9.518902 9.518902 9.518903 9.23061 5.83748 2.942381 2.942381 2.94238 2.94238 2.942381 2.94238 2.942381 2.94238 2.94238 2.942381 2.94238 2.94238 2.942381 2.942381 2.94238 2.94238 2.94238 2.94238 2.942381 2.94238 2.94238 2.942381 2.94238 2.942381 2.94238 2.94238 2.94238 2.94238 3.302324 4.660743 4.660743 4.660743 4.660743 4.660743 4.660743 4.660743 4.660743 4.660743 4.660743 4.660743 4.660742 4.660743
0 0 0 0 0 0 0 0 0 0 0 0 0 0 0 0 0 0 0 10.19523 9.518902 9.518903 13.83726 16.38845 18.85275 0 11.18689 2.942381 2.94238 2.942381 2.94238 2.942381 2.942381 2.942381 2.94238 2.94238 2.942381 2.94238 2.942381 2.942381 2.94238 2.94238 2.942381 2.942381 2.942381 2.942381 2.94238 2.942381 2.94238 2.942381 2.94238 2.94238 2.94238 2.94238 2.991384 4.622031 4.660743 4.660743 4.660743 4.660743 4.660743 4.660743 4.660743 4.660743 4.660743 4.660743 4.660743 4.660743
