Scenarios/Heterogeneous/data/country_data_population_distribution/processed/density_grids/ven.asc
ncols 340
nrows 377
xllcorner -73
yllcorner 0
cellsize 0.041666666666667
NODATA_value -9999
[rows 240 to 269 of 377, columns 136 to 203 of 340]
0 0 0 0 0 0 0 0 0 0 0 0 0 0 0 0 0 33.56778 33.56778 33.56778 33.56778 33.56778 33.56778 33.56778 33.56778 33.56778 33.56778 33.56778 33.56778 33.56778 33.56778 33.56778 28.2461 1.590641 1.581684 1.285793 0.7004709 0.6694856 0.6694857 0.6694856 0.6694856 0.6694856 0.6694856 0.6694856 0.6694856 0.6694856 0.6694856 0.4905086 0.2971937 0.2971937 0.2971937 0.2971937 0.2971937 0.2971937 0.2971937 0.2971937 0.2971937 0.2971937 0.2971937 0.2971937 0.2971937 0.2971937 0.2971937 0.2971937 0.2971937 0.2971937 0.2971937 0.2971937
0 0 0 0 0 0 0 0 0 0 0 0 0 0 0 0 0 33.56778 33.56778 33.56778 33.56778 33.56778 33.56778 33.56778 33.56778 33.56778 33.56778 33.56778 33.56778 33.56778 33.56778 33.56778 33.28463 6.151588 1.019544 0.6854579 0.6694856 0.6694856 0.6694856 0.6694856 0.6694856 0.6694856 0.6694856 0.6694856 0.6694856 0.6694856 0.590166 0.2980823 0.2971937 0.2971937 0.2971937 0.2971937 0.2971937 0.2971937 0.2971937 0.2971937 0.2971937 0.2971937 0.2971937 0.2971937 0.2971937 0.2971937 0.2971937 0.2971937 0.2971937 0.2971937 0.2971937 0.2971937
0 0 0 0 0 0 0 0 0 0 0 0 0 0 0 0 0 33.56778 33.56778 33.56778 33.56778 33.56778 33.56778 33.56778 33.56778 33.56778 33.56778 33.56778 33.56778 33.56778 33.56778 32.22729 11.05611 0.6694857 0.6694856 0.6694857 0.6694856 0.6694857 0.6694856 0.6694857 0.6694856 0.6694856 0.6694856 0.6694857 0.6694856 0.6694857 0.4692795 0.2971937 0.2971937 0.2971937 0.2971937 0.2971937 0.2971937 0.2971937 0.2971937 0.2971937 0.2971937 0.2971937 0.2971937 0.2971937 0.2971937 0.2971937 0.2971937 0.2971937 0.2971937 0.2971937 0.2971937 0.2971937
0 0 0 0 0 0 0 0 0 0 0 0 0 0 0 0 0 30.03117 33.56778 33.56778 33.56778 33.56778 33.56778 33.56778 33.56778 33.56778 33.56778 33.56778 33.56778 33.29857 22.23238 5.076643 0.6694856 0.6694856 0.6694857 0.6694856 0.6694856 0.6694856 0.6694856 0.6694856 0.6694856 0.6694856 0.6694856 0.6694856 0.6694856 0.6693249 0.3633373 0.2971937 0.2971937 0.2971937 0.2971937 0.2971937 0.2971937 0.2971937 0.2971937 0.2971937 0.2971937 0.2971937 0.2971937 0.2971937 0.2971937 0.2971937 0.2971937 0.2971937 0.2971937 0.2971937 0.2971937 0.2971937
0 0 0 0 0 0 0 0 0 0 0 0 0 0 0 0 0 29.62658 33.56778 33.56778 33.56778 33.56778 33.56778 33.56778 33.56778 33.56778 33.56007 28.70984 19.50886 5.894907 0.6694857 0.6694856 0.6694856 0.6694856 0.6694857 0.6694856 0.6694856 0.6694856 0.6694856 0.6694856 0.6694856 0.6694856 0.6694856 0.6694856 0.6694856 0.59272 0.2971937 0.2971937 0.2971937 0.2971937 0.2971937 0.2971937 0.2971937 0.2971937 0.2971937 0.2971937 0.2971937 0.2971937 0.2971937 0.2971937 0.2971937 0.2971937 0.2971937 0.2971937 0.2971937 0.2971937 0.2971937 0.2971937
0 0 0 0 0 0 0 0 0 0 0 0 0 0 0 0 15.36442 33.56778 33.56778 33.56778 33.56778 33.56778 33.56778 33.18779 23.04739 13.55968 4.768015 0.6694856 0.6694856 0.6694856 0.6694856 0.6694856 0.6694856 0.6694856 0.6694856 0.6694856 0.6694856 0.6694856 0.6694856 0.6694856 0.6694856 0.6694856 0.6694856 0.6694856 0.6694856 0.4735771 0.2971937 0.2971937 0.2971937 0.2971937 0.2971937 0.2971937 0.2971937 0.2971937 0.2971937 0.2971937 0.2971937 0.2971937 0.2971937 0.2971937 0.2971937 0.2971937 0.2971937 0.2971937 0.2971937 0.2971937 0.2971937 0.2971937
0 0 0 0 0 0 0 0 0 0 0 0 0 0 0 14.84256 33.56778 33.56778 33.56778 33.56778 33.56778 31.07422 20.22704 5.738545 0.6694857 0.6694857 0.6694857 0.6694856 0.6694857 0.6694856 0.6694856 0.6694857 0.6694857 0.6694857 0.6694856 0.6694857 0.6694857 0.6694857 0.6694856 0.6694857 0.6694856 0.6694857 0.6694857 0.645093 0.4835187 0.2992865 0.2971937 0.2971937 0.2971937 0.2971937 0.2971937 0.2971937 0.2971937 0.2971937 0.2971937 0.2971937 0.2971937 0.2971937 0.2971937 0.2971937 0.2971937 0.2971937 0.2971937 0.2971937 0.2971937 0.2971937 0.2971937 0.2971937
0 0 0 0 0 0 0 0 0 0 0 0 0 12.94895 31.71471 33.56778 33.56778 33.56778 32.79726 23.03851 10.70096 1.320836 0.6694856 0.6694856 0.6694856 0.6694856 0.6694856 0.6694856 0.6694856 0.6694856 0.6694856 0.6694856 0.6694856 0.6694856 0.6694857 0.6694856 0.6694856 0.6694856 0.6694856 0.6515711 0.5602047 0.4726836 0.3958294 0.3080056 0.2971937 0.2971937 0.2971937 0.2971937 0.2971937 0.2971937 0.2971937 0.2971937 0.2971937 0.2971937 0.2971937 0.2971937 0.2971937 0.2971937 0.2971937 0.2971937 0.2971937 0.2971937 0.2971937 0.2971937 0.2971937 0.2971937 0.2971937 0.2971937
0 0 0 0 0 0 0 0 0 0 0 0 11.90074 33.56778 32.1314 20.32227 13.12897 8.683454 2.945695 0.6694856 0.6694856 0.6694857 0.6694856 0.6694857 0.6694856 0.6694856 0.6694856 0.6694857 0.6694856 0.6694857 0.6694857 0.6694856 0.6694857 0.6694856 0.6694857 0.6694856 0.6694857 0.6275643 0.4630642 0.3186845 0.2971937 0.2971937 0.2971937 0.2971937 0.2971937 0.2971937 0.2971937 0.2971937 0.2971937 0.2971937 0.2971937 0.2971937 0.2971937 0.2971937 0.2971937 0.2971937 0.2971937 0.2971937 0.2971937 0.2971937 0.2971937 0.2971937 0.2971937 0.2971937 0.2971937 0.2971937 0.2971937 0.2971937
0 0 0 0 0 0 0 0 0 0 0 0 25.74837 15.14527 2.83461 0.6694856 0.6694856 0.6694856 0.6694856 0.6694856 0.6694856 0.6694856 0.6694856 0.6694856 0.6694856 0.6694856 0.6694856 0.6694856 0.6694856 0.6694856 0.6694856 0.6694856 0.6694856 0.6694856 0.6694856 0.6286659 0.4453111 0.3063998 0.2971937 0.2971937 0.2971937 0.2971937 0.2971937 0.2971937 0.2971937 0.2971937 0.2971937 0.2971937 0.2971937 0.2971937 0.2971937 0.2971937 0.2971937 0.2971937 0.2971937 0.2971937 0.2971937 0.2971937 0.2971937 0.2971937 0.2971937 0.2971937 0.2971937 0.2971937 0.2971937 0.2971937 0.2971937 0.2971937
0 0 0 0 0 0 0 0 0 0 0 0 0.6694856 0.6694856 0.6694856 0.6694857 0.6694856 0.6694856 0.6694856 0.6694857 0.6694856 0.6694857 0.6694856 0.6694856 0.6694856 0.6694856 0.6694856 0.6694856 0.6694856 0.6694856 0.6694856 0.6694856 0.6694857 0.6694856 0.6195604 0.3404605 0.2971937 0.2971937 0.2971937 0.2971937 0.2971937 0.2971937 0.2971937 0.2971937 0.2971937 0.2971937 0.2971937 0.2971937 0.2971937 0.2971937 0.2971937 0.2971937 0.2971937 0.2971937 0.2971937 0.2971937 0.2971937 0.2971937 0.2971937 0.2971937 0.2971937 0.2971937 0.2971937 0.2971937 0.2971937 0.2971937 0.2971937 0.2971937
0 0 0 0 0 0 0 0 0 0 0 0 0.6717231 0.6694856 0.6694856 0.6694856 0.6694856 0.6694856 0.6694856 0.6694856 0.6694856 0.6694856 0.6694856 0.6694856 0.6694856 0.6694856 0.6694856 0.6694856 0.6694856 0.6694856 0.6694856 0.6694856 0.6694856 0.6694856 0.3903082 0.2971937 0.2971937 0.2971937 0.2971937 0.2971937 0.2971937 0.2971937 0.2971937 0.2971937 0.2971937 0.2971937 0.2971937 0.2971937 0.2971937 0.2971937 0.2971937 0.2971937 0.2971937 0.2971937 0.2971937 0.2971937 0.2971937 0.2971937 0.2971937 0.2971937 0.2971937 0.2971937 0.2971937 0.2971937 0.2971937 0.2971937 0.2971937 0.2971937
0 0 0 0 0 0 0 0 0 0 0 0 0.6978834 0.6694857 0.6694856 0.6694857 0.6694856 0.6694856 0.6694856 0.6694856 0.6694856 0.6694856 0.6694856 0.6694856 0.6694856 0.6694856 0.6694856 0.6694856 0.6694856 0.6694856 0.6694856 0.6694856 0.6694856 0.6428694 0.2998534 0.2971937 0.2971937 0.2971937 0.2971937 0.2971937 0.2971937 0.2971937 0.2971937 0.2971937 0.2971937 0.2971937 0.2971937 0.2971937 0.2971937 0.2971937 0.2971937 0.2971937 0.2971937 0.2971937 0.2971937 0.2971937 0.2971937 0.2971937 0.2971937 0.2971937 0.2971937 0.2971937 0.2971937 0.2971937 0.2971937 0.2971937 0.2971937 0.2971937
0 0 0 0 0 0 0 0 0 0 0 0 0 0.6694857 0.6694857 0.6694856 0.6694857 0.6694856 0.6694857 0.6694856 0.6694857 0.6694856 0.6694857 0.6694856 0.6694857 0.6694857 0.6694857 0.6694856 0.6694857 0.6694856 0.6694856 0.6694857 0.6622759 0.4108508 0.2971937 0.2971937 0.2971937 0.2971937 0.2971937 0.2971937 0.2971937 0.2971937 0.2971937 0.2971937 0.2971937 0.2971937 0.2971937 0.2971937 0.2971937 0.2971937 0.2971937 0.2971937 0.2971937 0.2971937 0.2971937 0.2971937 0.2971937 0.2971937 0.2971937 0.2971937 0.2971937 0.2971937 0.2971937 0.2971937 0.2971937 0.2971937 0.2971937 0.2971937
0 0 0 0 0 0 0 0 0 0 0 0 0 0.6694856 0.6694856 0.6694856 0.6694856 0.6694856 0.6694856 0.6694856 0.6694856 0.6694856 0.6694856 0.6694856 0.6694856 0.6694856 0.6694856 0.6694856 0.6694856 0.6694856 0.6694856 0.6694856 0.4763919 0.2971937 0.2971937 0.2971937 0.2971937 0.2971937 0.2971937 0.2971937 0.2971937 0.2971937 0.2971937 0.2971937 0.2971937 0.2971937 0.2971937 0.2971937 0.2971937 0.2971937 0.2971937 0.2971937 0.2971937 0.2971937 0.2971937 0.2971937 0.2971937 0.2971937 0.2971937 0.2971937 0.2971937 0.2971937 0.2971937 0.2971937 0.2971937 0.2971937 0.2971937 0.2971937
0 0 0 0 0 0 0 0 0 0 0 0 0 0.6694856 0.6694856 0.6694856 0.6694856 0.6694856 0.6694856 0.6694856 0.6694856 0.6694856 0.6694856 0.6694856 0.6694856 0.6694856 0.6694856 0.6694856 0.6694856 0.6694856 0.6694856 0.6164604 0.3016289 0.2971937 0.2971937 0.2971937 0.2971937 0.2971937 0.2971937 0.2971937 0.2971937 0.2971937 0.2971937 0.2971937 0.2971937 0.2971937 0.2971937 0.2971937 0.2971937 0.2971937 0.2971937 0.2971937 0.2971937 0.2971937 0.2971937 0.2971937 0.2971937 0.2971937 0.2971937 0.2971937 0.2971937 0.2971937 0.2971937 0.2971937 0.2971937 0.2971937 0.2971937 0.2971937
0 0 0 0 0 0 0 0 0 0 0 0 0 0.6694856 0.6694856 0.6694857 0.6694857 0.6694857 0.6694857 0.6694857 0.6694857 0.6694856 0.6694857 0.6694857 0.6694856 0.6694857 0.6694857 0.6694857 0.6694857 0.6694857 0.6694857 0.6694449 0.5460751 0.4219669 0.3123848 0.2971937 0.2971937 0.2971937 0.2971937 0.2971937 0.2971937 0.2971937 0.2971937 0.2971937 0.2971937 0.2971937 0.2971937 0.2971937 0.2971937 0.2971937 0.2971937 0.2971937 0.2971937 0.2971937 0.2971937 0.2971937 0.2971937 0.2971937 0.2971937 0.2971937 0.2971937 0.2971937 0.2971937 0.2971937 0.2971937 0.2971937 0.2971937 0.2971937
0 0 0 0 0 0 0 0 0 0 0 0 0 0.6694856 0.6694857 0.6694856 0.6694856 0.6694856 0.6694856 0.6694856 0.6694856 0.6694856 0.6694856 0.6694856 0.6694856 0.6694856 0.6694856 0.6694856 0.6694856 0.6694857 0.6694856 0.6694856 0.6694856 0.6694856 0.6442144 0.4999786 0.4035848 0.3581871 0.2971984 0.2971937 0.2971937 0.2971937 0.2971937 0.2971937 0.2971937 0.2971937 0.2971937 0.2971937 0.2971937 0.2971937 0.2971937 0.2971937 0.2971937 0.2971937 0.2971937 0.2971937 0.2971937 0.2971937 0.2971937 0.2971937 0.2971937 0.2971937 0.2971937 0.2971937 0.2971937 0.2971937 0.2971937 0.2971937
0 0 0 0 0 0 0 0 0 0 0 0 0.6892711 0.6694856 0.6694856 0.6694857 0.6694856 0.6694856 0.6694856 0.6694856 0.6694856 0.6694857 0.6694856 0.6694856 0.6694856 0.6694856 0.6694856 0.6694857 0.6694856 0.6694856 0.6694856 0.6694856 0.6694856 0.6694856 0.6694857 0.6694856 0.6694856 0.6694856 0.5370499 0.3180888 0.2971937 0.2971937 0.2971937 0.2971937 0.2971937 0.2971937 0.2971937 0.2971937 0.2971937 0.2971937 0.2971937 0.2971937 0.2971937 0.2971937 0.2971937 0.2971937 0.2971937 0.2971937 0.2971937 0.2971937 0.2971937 0.2971937 0.2971937 0.2971937 0.2971937 0.2971937 0.2971937 0.2971937
0 0 0 0 0 0 0 0 0 0 0 0 0.6744933 0.6694857 0.6694857 0.6694856 0.6694857 0.6694856 0.6694857 0.6694857 0.6694857 0.6694856 0.6694857 0.6694856 0.6694857 0.6694856 0.6694857 0.6694856 0.6694857 0.6694857 0.6694856 0.6694857 0.6694856 0.6694857 0.6694856 0.6694857 0.6694856 0.6694857 0.6694857 0.6354176 0.5008272 0.3459062 0.2971937 0.3256761 0.2998089 0.2971937 0.2971937 0.2971937 0.2971937 0.2971937 0.2971937 0.2971937 0.2971937 0.2971937 0.2971937 0.2971937 0.2971937 0.2971937 0.2971937 0.2971937 0.2971937 0.2971937 0.2971937 0.2971937 0.2971937 0.2971937 0.2971937 0.2971937
0 0 0 0 0 0 0 0 0 0 0 0 0.6726494 0.6694856 0.6694856 0.6694856 0.6694856 0.6694856 0.6694856 0.6694856 0.6694856 0.6694856 0.6694856 0.6694856 0.6694856 0.6694856 0.6694856 0.6694856 0.6694856 0.6694856 0.6694856 0.6694856 0.6694856 0.6694856 0.6694856 0.6694856 0.6694856 0.6694856 0.6694856 0.6694856 0.6694856 0.6588633 0.4178278 0.3935211 0.3380164 0.2971937 0.2971937 0.2971937 0.2971937 0.2971937 0.2971937 0.2971937 0.2971937 0.2971937 0.2971937 0.2971937 0.2971937 0.2971937 0.2971937 0.2971937 0.2971937 0.2971937 0.2971937 0.2971937 0.2971937 0.2971937 0.2971937 0.2971937
0 0 0 0 0 0 0 0 0 0 0 0 0.6836011 0.6694856 0.6694856 0.6694856 0.6694856 0.6694857 0.6694857 0.6694857 0.6694856 0.6694856 0.6694856 0.6694857 0.6694857 0.6694857 0.6694856 0.6694856 0.6694857 0.6694857 0.6694857 0.6694856 0.6694857 0.6694857 0.6694856 0.6694856 0.6694856 0.6694856 0.6687114 0.601215 0.5000357 0.413437 0.393527 0.3935271 0.3648869 0.2971937 0.2971937 0.2971937 0.2971937 0.2971937 0.2971937 0.2971937 0.2971937 0.2971937 0.2971937 0.2971937 0.2971937 0.2971937 0.2971937 0.2971937 0.2971937 0.2971937 0.2971937 0.2971937 0.2971937 0.2971937 0.2971937 0.2971937
0 0 0 0 0 0 0 0 0 0 0 0 0.6763915 0.6694856 0.6694856 0.6694856 0.6694856 0.6694856 0.6694856 0.6694856 0.6694856 0.6694856 0.6694857 0.6694856 0.6694856 0.6694856 0.6694856 0.6694856 0.6694856 0.6694856 0.6694856 0.6694857 0.6694856 0.6694856 0.6694856 0.6694857 0.6694856 0.6694856 0.5025814 0.3935271 0.3987159 0.393527 0.393527 0.393527 0.3934934 0.3246115 0.2971937 0.2971937 0.2971937 0.2971937 0.2971937 0.2971937 0.2971937 0.2971937 0.2971937 0.2971937 0.2971937 0.2971937 0.2971937 0.2971937 0.2971937 0.2971937 0.2971937 0.2971937 0.2971937 0.2971937 0.2971937 0.2971937
0 0 0 0 0 0 0 0 0 0 0 0 0.6808624 0.6694856 0.6694857 0.6694856 0.6694856 0.6694856 0.6694856 0.6694856 0.6694856 0.6694856 0.6694856 0.6694856 0.6694856 0.6694856 0.6694856 0.6694856 0.6694856 0.6694856 0.6694856 0.6694856 0.6694856 0.6694856 0.6694856 0.6694856 0.6694856 0.6694856 0.6004876 0.5456534 0.6393254 0.4467407 0.3935271 0.3935271 0.3935271 0.3801934 0.3003192 0.2971937 0.2971937 0.2971937 0.2971937 0.2971937 0.2971937 0.2971937 0.2971937 0.2971937 0.2971937 0.2971937 0.2971937 0.2971937 0.2971937 0.2971937 0.2971937 0.2971937 0.2971937 0.2971937 0.2971937 0.2971937
0 0 0 0 0 0 0 0 0 0 0 0 0.6694869 0.6694856 0.6694856 0.6694857 0.6694856 0.6694856 0.6694856 0.6694856 0.6694856 0.6694857 0.6694856 0.6694856 0.6694856 0.6694856 0.6694856 0.6694856 0.6694856 0.6694856 0.6694856 0.6694856 0.6694856 0.6694856 0.6694856 0.6694856 0.6694856 0.6694856 0.6694856 0.6694856 0.6687933 0.4794361 0.3935271 0.3935271 0.3935271 0.3935271 0.3366385 0.2971937 0.2971937 0.2971937 0.2971937 0.2971937 0.2971937 0.2971937 0.2971937 0.2971937 0.2971937 0.2971937 0.2971937 0.2971937 0.2971937 0.2971937 0.2971937 0.2971937 0.2971937 0.2971937 0.2971937 0.2971937
0 0 0 0 0 0 0 0 0 0 0 0 0.6694856 0.6694856 0.6694856 0.6694856 0.6694856 0.6694856 0.6694856 0.6694856 0.6694856 0.6694856 0.6694856 0.6694856 0.6694856 0.6694856 0.6694856 0.6694856 0.6694856 0.6694856 0.6694856 0.6694856 0.6694856 0.6694856 0.6694856 0.6694856 0.6694856 0.6694856 0.6694856 0.6687935 0.5126513 0.393527 0.393527 0.393527 0.393527 0.3935271 0.3704316 0.2971937 0.2971937 0.2971937 0.2971937 0.2971937 0.2971937 0.2971937 0.2971937 0.2971937 0.2971937 0.2971937 0.2971937 0.2971937 0.2971937 0.2971937 0.2971937 0.2971937 0.2971937 0.2971937 0.2971937 0.2971937
0 0 0 0 0 0 0 0 0 0 0 0 0.6694857 0.6694856 0.6694856 0.6694856 0.6694856 0.6694857 0.6694856 0.6694856 0.6694857 0.6694856 0.6694856 0.6694857 0.6694856 0.6694856 0.6694856 0.6694856 0.6694857 0.6694856 0.6694856 0.6694856 0.6694857 0.6694856 0.6694856 0.6694856 0.6694857 0.6694856 0.627171 0.4954381 0.3935271 0.3935271 0.3935271 0.393527 0.3935271 0.3935271 0.3929266 0.3076127 0.2971937 0.2971937 0.2971937 0.2971937 0.2971937 0.2971937 0.2971937 0.2971937 0.2971937 0.2971937 0.2971937 0.2971937 0.2971937 0.2971937 0.2971937 0.2971937 0.2971937 0.2971937 0.2971937 0.2971937
0 0 0 0 0 0 0 0 0 0 0 0.5266001 0.5411019 0.6498139 0.6694857 0.6694856 0.6694857 0.6694856 0.6694857 0.6694856 0.6694857 0.6694856 0.6694857 0.6694856 0.6694857 0.6694856 0.6694857 0.6694856 0.6694856 0.6694856 0.6694856 0.6694857 0.6694856 0.6694857 0.6694856 0.6694857 0.5800707 0.4599047 0.3942376 0.393527 0.3935271 0.3935271 0.3935271 0.393527 0.3935271 0.393527 0.3935271 0.3649616 0.3106818 0.2971937 0.2971937 0.2971937 0.2971937 0.2971937 0.2971937 0.2971937 0.2971937 0.2971937 0.2971937 0.2971937 0.2971937 0.2971937 0.2971937 0.2971937 0.2971937 0.2971937 0.2971937 0.2971937
0 0 0 0 0 0 0 0 0 0 0 0.4616292 0.3935271 0.4043986 0.5043085 0.6150545 0.6693242 0.6694856 0.6694856 0.6694856 0.6694856 0.6694856 0.6694856 0.6694856 0.6694856 0.6694856 0.6694856 0.6694856 0.6694856 0.6694856 0.6694856 0.6694856 0.6694856 0.6694856 0.6694856 0.6118371 0.3966889 0.3935271 0.3935271 0.3935271 0.3935271 0.3935271 0.3935271 0.3935271 0.3935271 0.3935271 0.3935271 0.3935271 0.3917221 0.3539612 0.3075624 0.2971937 0.2971937 0.2971937 0.2971937 0.2971937 0.2971937 0.2971937 0.2971937 0.2971937 0.2971937 0.2971937 0.2971937 0.2971937 0.2971937 0.2971937 0.2971937 0.2971937
0 0 0 0 0 0 0 0 0 0 0 0 0.5194418 0.393527 0.393527 0.3935271 0.436775 0.5522778 0.6683033 0.6694856 0.6694856 0.6694856 0.6694856 0.6694856 0.6694856 0.6694856 0.6694856 0.6694856 0.6694856 0.6694856 0.6694856 0.6694856 0.6694856 0.6694856 0.6567106 0.4393561 0.393527 0.393527 0.393527 0.393527 0.393527 0.393527 0.393527 0.393527 0.393527 0.393527 0.393527 0.393527 0.393527 0.393527 0.3807054 0.301859 0.2971937 0.2971937 0.2971937 0.2971937 0.2971937 0.2971937 0.2971937 0.2971937 0.2971937 0.2971937 0.2971937 0.2971937 0.2971937 0.2971937 0.2971937 0.2971937
