Scenarios/Heterogeneous/data/country_data_population_distribution/processed/density_grids/ven.asc
ncols 340
nrows 377
xllcorner -73
yllcorner 0
cellsize 0.041666666666667
NODATA_value -9999
[rows 300 to 329 of 377, columns 204 to 271 of 340]
0.3769931 0.376993 0.3769931 0.376993 0.376993 0.376993 0.3769931 0.3769931 0.376993 0.3769931 0.376993 0.376993 0.376993 0.3769931 0.376993 0.3769931 0.376993 0.376993 0.3769931 0.3769931 0.376993 0.3769931 0.376993 0.376993 0.3769931 0.376993 0.376993 0.3769931 0.376993 0.3769931 0.3656229 0 0 0 0 0 0 0 0 0 0 0 0 0 0 0 0 0 0 0 0 0 0 0 0 0 0 0 0 0 0 0 0 0 0 0 0 0
0.3769931 0.3769931 0.3769931 0.3769931 0.376993 0.3769931 0.3769931 0.3769931 0.3769931 0.3769931 0.3769931 0.376993 0.3769931 0.3769931 0.3769931 0.3769931 0.3769931 0.3769931 0.3769931 0.3769931 0.3769931 0.3769931 0.3769931 0.376993 0.3769931 0.3769931 0.3769931 0.3769931 0.3769931 0.3769931 0.2717996 0 0 0 0 0 0 0 0 0 0 0 0 0 0 0 0 0 0 0 0 0 0 0 0 0 0 0 0 0 0 0 0 0 0 0 0 0
0.3769931 0.3769931 0.376993 0.3769931 0.376993 0.376993 0.376993 0.376993 0.3769931 0.3769931 0.3769931 0.3769931 0.3769931 0.376993 0.3769931 0.376993 0.3769931 0.376993 0.3769931 0.376993 0.3769931 0.376993 0.3769931 0.376993 0.376993 0.376993 0.3769931 0.376993 0.3769931 0.3769931 0.2622472 0 0 0 0 0 0 0 0 0 0 0 0 0 0 0 0 0 0 0 0 0 0 0 0 0 0 0 0 0 0 0 0 0 0 0 0 0
0.376993 0.376993 0.376993 0.376993 0.376993 0.376993 0.376993 0.376993 0.3769931 0.376993 0.3769931 0.376993 0.376993 0.376993 0.376993 0.376993 0.376993 0.376993 0.376993 0.376993 0.376993 0.376993 0.376993 0.376993 0.376993 0.376993 0.376993 0.376993 0.376993 0.376993 0.3769931 0.2776652 0 0 0 0 0 0 0 0 0 0 0 0 0 0 0 0 0 0 0 0 0 0 0 0 0 0 0 0 0 0 0 0 0 0 0 0
0.376993 0.376993 0.376993 0.376993 0.376993 0.376993 0.376993 0.376993 0.376993 0.376993 0.376993 0.3769931 0.376993 0.376993 0.376993 0.376993 0.376993 0.376993 0.376993 0.376993 0.376993 0.376993 0.376993 0.376993 0.376993 0.376993 0.376993 0.376993 0.376993 0.376993 0.376993 0.3769931 0 0 0 0 0 0 0 0 0 0 0 0 0 0 0 0 0 0 0 0 0 0 0 0 0 0 0 0 0 0 0 0 0 0 0 0
0.3769931 0.3769931 0.376993 0.3769931 0.3769931 0.3769931 0.3769931 0.3769931 0.3769931 0.3769931 0.3769931 0.376993 0.3769931 0.3769931 0.3769931 0.376993 0.3769931 0.376993 0.3769931 0.3769931 0.3769931 0.376993 0.3769931 0.3769931 0.3769931 0.3769931 0.3769931 0.3769931 0.3769931 0.3769931 0.3769931 0.376993 0.3698798 0 0 0 0 0 0 0 0 0 0 0 0 0 0 0 0 0 0 0 0 0 0 0 0 0 0 0 0 0 0 0 0 0 0 0
0.376993 0.3769931 0.376993 0.3769931 0.376993 0.3769931 0.376993 0.376993 0.3769931 0.376993 0.3769931 0.376993 0.3769931 0.376993 0.3769931 0.376993 0.3769931 0.376993 0.376993 0.376993 0.3769931 0.376993 0.3769931 0.376993 0.376993 0.376993 0.3769931 0.376993 0.3769931 0.376993 0.3769931 0.376993 0.3769931 0.3385292 0 0 0 0 0 0 0 0 0 0 0 0 0 0 0 0 0 0 0 0 0 0 0 0 0 0 0 0 0 0 0 0 0 0
0.3769931 0.376993 0.3769931 0.3769931 0.376993 0.376993 0.376993 0.3769931 0.376993 0.3769931 0.376993 0.3769931 0.376993 0.3769931 0.376993 0.3769931 0.376993 0.3769931 0.3769931 0.3769931 0.376993 0.3769931 0.376993 0.3769931 0.3769931 0.3769931 0.376993 0.3769931 0.376993 0.3769931 0.376993 0.3769931 0.376993 0.376993 0 0 0 0 0 0 0 0 0 0 0 0 0 0 0 0 0 0 0 0 0 0 0 0 0 0 0 0 0 0 0 0 0 0
0.376993 0.3769931 0.376993 0.3769931 0.376993 0.376993 0.376993 0.376993 0.3769931 0.376993 0.3769931 0.376993 0.376993 0.376993 0.3769931 0.376993 0.3769931 0.376993 0.376993 0.376993 0.3769931 0.376993 0.3769931 0.376993 0.376993 0.376993 0.3769931 0.376993 0.3769931 0.376993 0.376993 0.376993 0.3769931 0.376993 0.2707019 0 0 0 0 0 0 0 0 0 0 0 0 0 0 0 0 0 0 0 0 0 0 0 0 0 0 0 0 0 0 0 0 0
0.3769931 0.376993 0.3769931 0.376993 0.3769931 0.3769931 0.3769931 0.3769931 0.376993 0.3769931 0.376993 0.3769931 0.3769931 0.3769931 0.3769931 0.3769931 0.376993 0.3769931 0.3769931 0.3769931 0.376993 0.3769931 0.3769931 0.3769931 0.3769931 0.3769931 0.376993 0.3769931 0.376993 0.3769931 0.376993 0.3769931 0.376993 0.3769931 0.376993 0.2540256 0 0 0 0 0 0 0 0 0 0 0 0 0 0 0 0 0 0 0 0 0 0 0 0 0 0 0 0 0 0 0 0
0.3769931 0.3769931 0.3769931 0.3769931 0.3769931 0.3769931 0.376993 0.3769931 0.3769931 0.3769931 0.3769931 0.3769931 0.3769931 0.3769931 0.3769931 0.3769931 0.3769931 0.3769931 0.3769931 0.3769931 0.3769931 0.3769931 0.3769931 0.3769931 0.3769931 0.3769931 0.3769931 0.3769931 0.3769931 0.3769931 0.3769931 0.3769931 0.3769931 0.3769931 0.3769931 0.3488706 0 0 0 0 0 0 0 0 0 0 0 0 0 0 0 0 0 0 0 0 0 0 0 0 0 0 0 0 0 0 0 0
0.1984908 0.3577523 0.3769931 0.3769931 0.3769931 0.3769931 0.376993 0.376993 0.3769931 0.3769931 0.3769931 0.3769931 0.3769931 0.3769931 0.3769931 0.3769931 0.3769931 0.3769931 0.3769931 0.3769931 0.3769931 0.3769931 0.3769931 0.3769931 0.3769931 0.3769931 0.3769931 0.3769931 0.3769931 0.3769931 0.3769931 0.3769931 0.3769931 0.3769931 0.3769931 0.3768255 0 0 0 0 0 0 0 0 0 0 0 0 0 0 0 0 0 0 0 0 0 0 0 0 0 0 0 0 0 0 0 0
0.08043027 0.23691 0.376993 0.376993 0.376993 0.376993 0.376993 0.3769931 0.376993 0.376993 0.376993 0.376993 0.3769931 0.376993 0.376993 0.376993 0.376993 0.376993 0.376993 0.376993 0.376993 0.376993 0.3769931 0.376993 0.376993 0.376993 0.3769931 0.376993 0.376993 0.376993 0.376993 0.376993 0.376993 0.376993 0.376993 0.3729314 0 0 0 0 0 0 0 0 0 0 0 0 0 0 0 0 0 0 0 0 0 0 0 0 0 0 0 0 0 0 0 0
0.08043028 0.1351405 0.3769931 0.376993 0.3769931 0.3769931 0.3769931 0.376993 0.376993 0.3769931 0.376993 0.3769931 0.376993 0.3769931 0.376993 0.3769931 0.376993 0.3769931 0.3769931 0.3769931 0.376993 0.3769931 0.376993 0.3769931 0.3769931 0.3769931 0.376993 0.3769931 0.3769931 0.3769931 0.3769931 0.3769931 0.376993 0.3769931 0.376993 0.375588 0 0 0 0 0 0 0 0 0 0 0 0 0 0 0 0 0 0 0 0 0 0 0 0 0 0 0 0 0 0 0 0
0.08043028 0.08699636 0.3768909 0.3769931 0.3769931 0.3769931 0.3769931 0.376993 0.3769931 0.3769931 0.3769931 0.3769931 0.3769931 0.3769931 0.3769931 0.3769931 0.3769931 0.3769931 0.3769931 0.3769931 0.3769931 0.3769931 0.3769931 0.3769931 0.3769931 0.3769931 0.3769931 0.3769931 0.3769931 0.3769931 0.3769931 0.3769931 0.3769931 0.3769931 0.3769931 0.2739136 0 0 0 0 0 0 0 0 0 0 0 0 0 0 0 0 0 0 0 0 0 0 0 0 0 0 0 0 0 0 0 0
0.08043028 0.08043028 0.3230813 0.376993 0.376993 0.376993 0.3769931 0.376993 0.376993 0.376993 0.376993 0.3769931 0.376993 0.376993 0.376993 0.376993 0.376993 0.376993 0.376993 0.376993 0.376993 0.376993 0.376993 0.376993 0.376993 0.376993 0.376993 0.376993 0.376993 0.376993 0.376993 0.3769931 0.376993 0.376993 0.3543572 0 0 0 0 0 0 0 0 0 0 0 0 0 0 0 0 0 0 0 0 0 0 0 0 0 0 0 0 0 0 0 0 0
0.08043028 0.08043028 0.223877 0.3769931 0.3769931 0.3769931 0.3769931 0.376993 0.3769931 0.3769931 0.3769931 0.3769931 0.3769931 0.3769931 0.3769931 0.3769931 0.3769931 0.3769931 0.3769931 0.3769931 0.3769931 0.3769931 0.3769931 0.3769931 0.3769931 0.3769931 0.3769931 0.3769931 0.3769931 0.3769931 0.3769931 0.3769931 0.3769931 0.3769931 0.3045601 0 0 0 0 0 0 0 0 0 0 0 0 0 0 0 0 0 0 0 0 0 0 0 0 0 0 0 0 0 0 0 0 0
0.08043028 0.08043027 0.09341529 0.3138041 0.3769931 0.3769931 0.3769931 0.3769931 0.376993 0.3769931 0.3769931 0.3769931 0.3769931 0.3769931 0.3769931 0.3769931 0.376993 0.3769931 0.3769931 0.3769931 0.3769931 0.3769931 0.3769931 0.3769931 0.3769931 0.3769931 0.3769931 0.3769931 0.3769931 0.3769931 0.3769931 0.3769931 0.3769931 0.3769931 0.3676542 0 0 0 0 0 0 0 0 0 0 0 0 0 0 0 0 0 0 0 0 0 0 0 0 0 0 0 0 0 0 0 0 0
0.08043028 0.08043027 0.08043027 0.1037856 0.3097636 0.3769931 0.3769931 0.3769931 0.3769931 0.3769931 0.3769931 0.3769931 0.3769931 0.3769931 0.3769931 0.3769931 0.3769931 0.3769931 0.3769931 0.3769931 0.3769931 0.3769931 0.3769931 0.3769931 0.3769931 0.3769931 0.3769931 0.3769931 0.3769931 0.3769931 0.3769931 0.3769931 0.3769931 0.3769931 0.3769931 0.3769931 0.3811907 0.475351 0 0 0 0 0 0 0 0 0 0 0.5437551 0.5266774 0 0 0 0 0 0 0 0 0 0 0 0 0 0 0 0 0 0
0.08043028 0.08043027 0.08043028 0.08043027 0.08835736 0.3088371 0.3769931 0.3769931 0.3769931 0.3769931 0.3769931 0.3769931 0.3769931 0.3769931 0.3769931 0.3769931 0.3769931 0.3769931 0.3769931 0.3769931 0.3769931 0.3769931 0.3769931 0.3769931 0.3769931 0.3769931 0.3769931 0.3769931 0.3769931 0.3769931 0.3769931 0.3769931 0.3769931 0.3769931 0.3769931 0.3769931 0.3769931 0.3769931 0.3769931 0.3935294 0.5061045 0 0 0 0.5390145 0.4286375 0.3769946 0.3769931 0.3769931 0.3845558 0 0 0 0 0 0 0 0 0 0 0 0 0 0 0 0 0 0
0.08043028 0.08043028 0.08043027 0.08043028 0.08043028 0.309043 0.3769931 0.376993 0.3769931 0.3769931 0.3769931 0.376993 0.3769931 0.376993 0.3769931 0.3769931 0.3769931 0.376993 0.3769931 0.3769931 0.3769931 0.376993 0.3769931 0.3769931 0.3769931 0.3769931 0.3769931 0.376993 0.3769931 0.3769931 0.3769931 0.376993 0.3769931 0.3769931 0.3769931 0.3769931 0.3769931 0.376993 0.3769931 0.3769931 0.3769931 0.3769931 0.3769931 0.376993 0.3769931 0.3769931 0.3769931 0.3769931 0.3769931 0.4156142 0 0 0 0 0 0 0 0 0 0 0 0 0 0 0 0 0 0
0.08043028 0.08043028 0.08043028 0.08043028 0.08111013 0.3592063 0.3769931 0.3769931 0.3769931 0.3769931 0.3769931 0.3769931 0.3769931 0.3769931 0.3769931 0.3769931 0.3769931 0.3769931 0.3769931 0.3769931 0.3769931 0.3769931 0.3769931 0.3769931 0.3769931 0.3769931 0.3769931 0.3769931 0.3769931 0.3769931 0.3769931 0.3769931 0.3769931 0.3769931 0.3769931 0.3769931 0.3769931 0.3769931 0.3769931 0.3769931 0.3769931 0.3769931 0.3769931 0.3769931 0.3769931 0.3769931 0.3769931 0.3769931 0.3769931 0.3769931 0 0 0 0 0 0 0 0 0 0 0 0 0 0 0 0 0 0
0.08043028 0.08043028 0.08043028 0.08043028 0.1141665 0.3769931 0.3769931 0.376993 0.3769931 0.3769931 0.3769931 0.376993 0.3769931 0.3769931 0.3769931 0.3769931 0.3769931 0.3769931 0.3769931 0.3769931 0.3769931 0.3769931 0.3769931 0.3769931 0.3769931 0.3769931 0.3769931 0.376993 0.3769931 0.3769931 0.3769931 0.376993 0.3769931 0.3769931 0.3769931 0.3769931 0.3769931 0.376993 0.3769931 0.376993 0.3769931 0.3769931 0.3769931 0.3769931 0.3769931 0.376993 0.3769931 0.3769931 0.3769931 0.3769931 0 0 0 0 0 0 0 0 0 0 0 0 0 0 0 0 0 0
0.08043028 0.08043027 0.08043028 0.08043027 0.1650097 0.376993 0.376993 0.376993 0.376993 0.376993 0.376993 0.376993 0.376993 0.376993 0.376993 0.376993 0.376993 0.376993 0.376993 0.376993 0.376993 0.376993 0.376993 0.376993 0.376993 0.376993 0.376993 0.376993 0.376993 0.376993 0.376993 0.376993 0.376993 0.376993 0.376993 0.376993 0.376993 0.376993 0.376993 0.376993 0.376993 0.376993 0.376993 0.376993 0.376993 0.376993 0.376993 0.376993 0.376993 0.376993 0.3672721 0 0 0 0 0 0 0 0 0 0 0 0 0 0 0 0 0
0.08043027 0.08043027 0.08043027 0.08043027 0.2114322 0.376993 0.376993 0.376993 0.376993 0.376993 0.376993 0.3769931 0.376993 0.376993 0.376993 0.376993 0.376993 0.376993 0.376993 0.376993 0.376993 0.376993 0.376993 0.376993 0.376993 0.376993 0.376993 0.376993 0.376993 0.376993 0.376993 0.3769931 0.376993 0.376993 0.376993 0.376993 0.376993 0.3769931 0.376993 0.376993 0.376993 0.376993 0.376993 0.376993 0.376993 0.376993 0.376993 0.376993 0.376993 0.376993 0.2983747 0 0 0 0 0 0 0 0 0 0 0 0 0 0 0 0 0
0.08043028 0.08043028 0.08043028 0.08043028 0.2441675 0.376993 0.376993 0.376993 0.376993 0.376993 0.376993 0.376993 0.376993 0.376993 0.376993 0.376993 0.376993 0.376993 0.376993 0.376993 0.376993 0.376993 0.376993 0.376993 0.376993 0.376993 0.376993 0.376993 0.376993 0.376993 0.376993 0.376993 0.376993 0.376993 0.376993 0.376993 0.376993 0.376993 0.376993 0.376993 0.376993 0.376993 0.376993 0.376993 0.376993 0.376993 0.3585889 0.3688093 0.3508461 0.3530431 0 0 0 0 0 0 0 0 0 0 0 0 0 0 0 0 0 0
0.08043027 0.08043027 0.08043027 0.08043027 0.2759303 0.376993 0.376993 0.376993 0.376993 0.376993 0.376993 0.376993 0.376993 0.376993 0.376993 0.376993 0.376993 0.376993 0.376993 0.376993 0.376993 0.376993 0.376993 0.376993 0.376993 0.376993 0.376993 0.376993 0.376993 0.376993 0.376993 0.376993 0.376993 0.376993 0.376993 0.376993 0.376993 0.376993 0.376993 0.376993 0.376993 0.376993 0.376993 0.376993 0.3751594 0 0 0 0 0 0 0 0 0 0 0 0 0 0 0 0 0 0 0 0 0 0 0
0.08043027 0.08043028 0.08043027 0.08043028 0.307693 0.376993 0.376993 0.376993 0.3769931 0.376993 0.3769931 0.376993 0.3769931 0.376993 0.3769931 0.376993 0.3769931 0.3769931 0.376993 0.376993 0.3769931 0.3769931 0.3769931 0.3769931 0.376993 0.376993 0.3769931 0.3769931 0.3769931 0.3769931 0.3769931 0.376993 0.3769931 0.376993 0.3769931 0.376993 0.3769931 0.376993 0.3769931 0.376993 0.3769931 0.376993 0.376974 0.3733813 0 0 0 0 0 0 0 0 0 0 0 0 0 0 0 0 0 0 0 0 0 0 0 0
0.08043028 0.08043028 0.08043028 0.08043028 0.3377168 0.376993 0.376993 0.376993 0.376993 0.376993 0.376993 0.3769931 0.376993 0.376993 0.376993 0.376993 0.376993 0.376993 0.376993 0.376993 0.376993 0.3761356 0.3763293 0.376993 0.376993 0.376993 0.376993 0.376993 0.376993 0.376993 0.376993 0.3769931 0.376993 0.3769931 0.376993 0.3769931 0.376993 0.3769931 0.376993 0.376993 0.376993 0.3716744 0 0 0 0 0 0 0 0 0 0 0 0 0 0 0 0 0 0 0 0 0 0 0 0 0 0
0.08043028 0.08043028 0.08043028 0.08578499 0.365679 0.376993 0.376993 0.376993 0.376993 0.376993 0.376993 0.3769931 0.376993 0.376993 0.376993 0.376993 0.376993 0.376993 0.376993 0.376993 0.376993 0.1811731 0.1345091 0.3552049 0.376993 0.376993 0.3599561 0.3147371 0.3180505 0.3371757 0.3539596 0.3704888 0.376993 0.376993 0.376993 0.3459509 0 0 0 0.2371956 0 0 0 0 0 0 0 0 0 0 0 0 0 0 0 0 0 0 0 0 0 0 0 0 0 0 0 0
