Scenarios/Heterogeneous/data/country_data_population_distribution/processed/density_grids/ven.asc
ncols 340
nrows 377
xllcorner -73
yllcorner 0
cellsize 0.041666666666667
NODATA_value -9999
[rows 210 to 239 of 377, columns 272 to 339 of 340]
6.370661 6.370661 6.370661 6.370661 6.370661 6.370661 6.370661 6.370661 6.370661 6.370661 6.370661 6.370661 6.370661 6.370661 5.75627 3.420182 3.420182 3.420182 3.420182 3.420182 3.420182 3.420182 3.420182 3.827381 14.10885 14.53873 14.53873 14.53873 14.53873 10.2762 4.807983 4.807984 4.807984 4.807984 4.807984 4.807984 4.807984 4.807984 4.807984 4.807984 4.807984 4.807984 4.807984 4.807984 4.807984 4.807984 4.807984 4.807984 4.807984 4.807984 4.807984 4.807984 4.750253 0 0 0 0 0 0 0 0 0 0 0 0 0 0 0
6.370661 6.370661 6.370661 6.370662 6.370661 6.370662 6.370661 6.370662 6.370661 6.370662 6.370661 6.370662 6.370661 6.370662 6.266514 3.440109 3.420182 3.420182 3.420182 3.420182 3.420182 3.420182 3.420182 3.860139 14.43621 14.53873 14.53873 14.53873 14.53873 9.198022 4.807984 4.807983 4.807984 4.807983 4.807983 4.807983 4.807984 4.807983 4.807984 4.807983 4.807983 4.807983 4.807984 4.807983 4.807984 4.807983 4.807983 4.807983 4.807984 4.807983 4.807984 4.530704 0 0 0 0 0 0 0 0 0 0 0 0 0 0 0 0
6.370661 6.370662 6.370662 6.370662 6.370662 6.370662 6.370661 6.370662 6.370661 6.370662 6.370661 6.370662 6.370662 6.370662 6.370661 3.789513 3.420182 3.420182 3.420182 3.420182 3.420182 3.420182 3.420182 5.161255 14.53873 14.53873 14.53873 14.53873 14.53873 9.301316 4.807984 4.807984 4.807984 4.807984 4.807984 4.807984 4.807984 4.807984 4.807984 4.807983 4.807984 4.807984 4.807984 4.807984 4.807984 4.807984 4.807984 4.807984 4.803017 3.698043 2.695216 0 0 0 0 0 0 0 0 0 0 0 0 0 0 0 0 0
6.370661 6.370661 6.370661 6.370661 6.370661 6.370661 6.370661 6.370661 6.370661 6.370661 6.370661 6.370661 6.370661 6.370661 6.370661 3.969595 3.420182 3.420182 3.420182 3.420182 3.420182 3.420182 3.420182 5.141971 14.53873 14.53873 14.53873 14.53873 14.53873 9.343271 4.807984 4.807984 4.807984 4.807984 4.807984 4.807984 4.807984 4.807984 4.807984 4.807984 4.807984 4.807984 0 3.774613 4.681442 4.807984 4.807984 4.619528 0 0 0 0 0 0 0 0 0 0 0 0 0 0 0 0 0 0 0 0
6.370662 6.370662 6.370662 6.370662 6.370662 6.370662 6.370662 6.370662 6.370661 6.370662 6.370662 6.370662 6.370662 6.370662 6.370661 5.694105 3.957592 3.510902 3.420182 3.420182 3.420183 3.420183 3.420183 3.667816 13.69967 14.53873 14.53873 14.53873 13.78068 5.724242 4.807984 4.807984 4.807984 4.807984 4.807984 4.807984 4.807984 4.807984 4.807984 4.807984 4.807984 4.807984 0 0 0 0 4.349366 2.75201 0 0 0 0 0 0 0 0 0 0 0 0 0 0 0 0 0 0 0 0
4.765138 6.370661 6.370661 6.370661 6.370661 6.370661 6.370661 6.370661 6.370661 6.370661 6.370661 6.370661 6.370661 6.370661 6.370661 6.370661 6.370661 5.842466 3.702356 3.420182 3.420182 3.420183 3.420182 3.420182 8.243444 14.53873 14.53873 14.53873 10.29962 4.807984 4.807984 4.807984 4.807984 4.807984 4.807984 4.807984 4.205152 4.08171 3.478708 3.476698 3.730001 2.681296 0 0 0 0 0 0 0 0 0 0 0 0 0 0 0 0 0 0 0 0 0 0 0 0 0 0
1.496644 6.346862 6.370662 6.370661 6.370661 6.370661 6.370661 6.370661 6.370662 6.370661 6.370661 6.370661 6.370661 6.370661 6.370662 6.370661 6.370661 6.370661 4.896648 3.420182 3.420182 3.420182 3.420182 3.420182 3.62271 13.55076 14.53873 14.53873 10.34605 4.807984 4.807984 4.807984 4.807984 4.807984 4.807984 4.486712 0 0 0 0 0 0 0 0 0 0 0 0 0 0 0 0 0 0 0 0 0 0 0 0 0 0 0 0 0 0 0 0
1.012881 5.81234 6.370661 6.370661 6.370661 6.370661 6.370661 6.370661 6.370661 6.370661 6.370661 6.370661 6.370661 6.370661 6.370661 6.370661 6.370661 6.370661 5.061058 3.420182 3.420182 3.420182 3.420182 3.420182 3.420182 8.285995 14.44473 14.53873 11.27076 4.807984 4.807984 4.807984 4.807984 4.807984 4.807984 3.091904 0 0 0 0 0 0 0 0 0 0 0 0 0 0 0 0 0 0 0 0 0 0 0 0 0 0 0 0 0 0 0 0
1.012881 5.071316 6.370661 6.370661 6.370661 6.370661 6.370661 6.370661 6.370661 6.370661 6.370661 6.370661 6.370661 6.370661 6.370661 6.370661 6.370661 6.370661 5.462033 3.420182 3.420182 3.420182 3.420182 3.420182 3.476484 4.70781 11.76734 14.53873 11.43522 4.807983 4.807984 4.807983 4.807984 4.807983 4.507832 0 0 0 0 0 0 0 0 0 0 0 0 0 0 0 0 0 0 0 0 0 0 0 0 0 0 0 0 0 0 0 0 0
1.012881 4.06472 6.370661 6.370662 6.370661 6.370662 6.370661 6.370662 6.370661 6.370662 6.370661 6.370662 6.370661 6.370662 6.370661 6.370662 6.309255 4.951657 3.659003 3.420182 3.420182 3.420182 3.420182 3.4461 4.359934 4.807984 4.89462 11.97243 5.434368 4.807984 4.807984 4.807984 4.807984 4.807984 4.034245 0 0 0 0 0 0 0 0 0 0 0 0 0 0 0 0 0 0 0 0 0 0 0 0 0 0 0 0 0 0 0 0 0
1.012881 2.156987 6.370661 6.370661 6.370661 6.370661 6.370661 6.370661 6.37066 6.370661 6.370661 6.370661 6.370661 6.370661 6.370624 5.3111 3.803916 3.420182 3.420182 3.420182 3.420182 3.420183 3.495028 4.41749 4.807984 4.807984 4.807984 4.807983 4.807984 4.807984 4.807984 4.807984 4.807984 4.807984 4.542306 3.351071 0 0 0 0 0 0 0 0 0 0 0 0 0 0 0 0 0 0 0 0 0 0 0 0 0 0 0 0 0 0 0 0
1.012881 1.013109 5.020281 6.370661 6.370661 6.370661 6.370661 6.370661 6.370661 6.370661 6.370661 6.370661 6.370661 5.851403 4.34254 3.420182 3.420182 3.420182 3.420182 3.420182 3.420182 3.758237 4.642027 4.807984 4.807984 4.807984 4.807984 4.807984 4.807984 4.807984 4.807984 4.807984 4.807984 4.807984 4.807984 3.701106 0 0 0 0 0 0 0 0 0 0 0 0 0 0 0 0 0 0 0 0 0 0 0 0 0 0 0 0 0 0 0 0
1.012881 1.012881 2.618185 6.370661 6.37066 6.37066 6.37066 6.370661 4.307936 3.943856 5.984158 6.36243 4.921026 3.451347 3.420182 3.420182 3.420182 3.420182 3.420182 3.420182 3.78162 4.771287 4.807984 4.807984 4.807984 4.807984 4.807984 4.807984 4.807984 4.807984 4.807984 4.807984 4.807984 4.807984 4.807984 4.807984 0 0 0 0 0 0 0 0 0 0 0 0 0 0 0 0 0 0 0 0 0 0 0 0 0 0 0 0 0 0 0 0
1.012881 1.012881 3.412913 6.370661 6.370661 6.370661 6.370661 6.370661 4.424148 3.420182 3.571393 3.874812 3.420182 3.420182 3.420182 3.420182 3.420182 3.420182 3.606621 4.205207 4.751506 4.807984 4.807984 4.807984 4.807984 4.807984 4.807984 4.807984 4.807984 4.807984 4.807984 4.807984 4.807984 4.807984 4.807984 4.805511 0 0 0 0 0 0 0 0 0 0 0 0 0 0 0 0 0 0 0 0 0 0 0 0 0 0 0 0 0 0 0 0
1.012881 1.012881 4.205166 6.370661 6.370661 6.370661 6.370661 6.370661 4.448417 3.420182 3.420182 3.420182 3.420182 3.420182 3.420182 3.420182 3.420182 3.513614 4.638378 4.807984 4.807984 4.807984 4.807984 4.807984 4.807984 4.807984 4.807984 4.807984 4.807984 4.807984 4.807984 4.807984 4.807984 4.807984 4.807984 4.45335 0 0 0 0 0 0 0 0 0 0 0 0 0 0 0 0 0 0 0 0 0 0 0 0 0 0 0 0 0 0 0 0
1.012881 1.012881 5.182155 6.370661 6.370661 6.370661 6.370661 6.370661 5.591185 3.420182 3.420182 3.420182 3.420182 3.420182 3.420182 3.420182 3.501662 4.456914 4.807984 4.807984 4.807984 4.807984 4.807984 4.807984 4.807984 4.807984 4.807984 4.807984 4.807984 4.807984 4.807984 4.807984 4.807984 4.807984 4.807984 4.591105 0 0 0 0 0 0 0 0 0 0 0 0 0 0 0 0 0 0 0 0 0 0 0 0 0 0 0 0 0 0 0 0
1.012881 1.808629 6.369417 6.370661 6.370661 6.370661 6.370661 6.370661 6.370137 5.264861 3.92443 3.420182 3.420182 3.420182 3.420182 3.420182 4.332502 4.807984 4.807984 4.807984 4.807984 4.807984 4.807984 4.807984 4.807984 4.807984 4.807984 4.807984 4.807984 4.807984 4.807984 4.807984 4.807984 4.807984 4.807984 4.807984 3.993184 0 0 0 0 0 0 0 0 0 0 0 0 0 0 0 0 0 0 0 0 0 0 0 0 0 0 0 0 0 0 0
1.118187 5.205803 6.370661 6.370661 6.370661 6.370661 6.370661 6.370661 6.370662 6.370661 5.569798 3.420183 3.420182 3.420183 3.420182 3.898684 4.797904 4.807984 4.807984 4.807984 4.807984 4.807984 4.807984 4.807984 4.807984 4.807984 4.807984 4.807984 4.807984 4.807984 4.807984 4.807984 4.807984 4.807984 4.807984 4.807984 3.699887 0 0 0 0 0 0 0 0 0 0 0 0 0 0 0 0 0 0 0 0 0 0 0 0 0 0 0 0 0 0 0
3.385701 6.370661 6.370661 6.370661 6.370661 6.370661 6.370661 6.370661 6.370661 6.370661 5.689131 3.420182 3.420182 3.420182 3.420182 4.494195 4.807984 4.807984 4.807984 4.807984 4.807984 4.807984 4.807984 4.807984 4.807984 4.807984 4.807984 4.807984 4.807984 4.807984 4.807984 4.807984 4.807984 4.807984 4.807984 4.052508 2.917143 0 0 0 0 0 0 0 0 0 0 0 0 0 0 0 0 0 0 0 0 0 0 0 0 0 0 0 0 0 0 0
2.347531 5.187387 6.370661 6.370661 6.370661 6.370661 6.370661 6.370661 6.370661 6.370661 4.976867 3.420182 3.420182 3.422834 3.866287 4.763549 4.807984 4.807984 4.807984 4.807984 4.807984 4.807984 4.807984 4.807984 4.807984 4.807984 4.807984 4.807984 4.807984 4.807984 4.807984 4.807984 4.807984 4.807984 4.807984 2.745708 0 0 0 0 0 0 0 0 0 0 0 0 0 0 0 0 0 0 0 0 0 0 0 0 0 0 0 0 0 0 0 0
1.668328 2.676323 3.727444 5.739498 6.370661 6.370661 6.370661 6.370661 6.370662 6.370661 6.054886 3.8421 3.524946 4.406931 4.807984 4.807984 4.807984 4.807984 4.807984 4.807984 4.807984 4.807984 4.807984 4.807984 4.807984 4.807984 4.807984 4.807984 4.807984 4.807984 4.807984 4.807984 4.807984 3.5258 0 0 0 0 0 0 0 0 0 0 0 0 0 0 0 0 0 0 0 0 0 0 0 0 0 0 0 0 0 0 0 0 0 0
1.018813 2.142081 2.59224 3.411003 6.221144 6.370661 6.370661 6.370661 6.370661 6.370662 6.370661 6.282228 5.518697 5.249905 4.889299 4.819204 4.807984 4.807984 4.807984 4.807983 4.807984 4.807984 4.807984 4.807984 4.807984 4.807984 4.807984 4.807984 4.807983 4.807984 4.807984 4.807984 4.285852 0 0 0 0 0 0 0 0 0 0 0 0 0 0 0 0 0 0 0 0 0 0 0 0 0 0 0 0 0 0 0 0 0 0 0
1.012881 1.219428 2.569421 2.59224 3.744756 6.20314 6.370662 6.370662 6.370661 6.370662 6.370661 6.370662 6.370662 6.370662 6.370661 6.084768 4.959275 4.807984 4.807984 4.807984 4.807984 4.807984 4.807984 4.807984 4.807984 4.807984 4.807984 4.807984 4.807984 4.807984 4.807984 4.807984 0 0 0 0 0 0 0 0 0 0 0 0 0 0 0 0 0 0 0 0 0 0 0 0 0 0 0 0 0 0 0 0 0 0 0 0
1.012881 1.012881 1.978621 2.59224 2.59224 3.303597 5.99714 6.370661 6.370661 6.370661 6.370661 6.370661 6.370661 6.370661 6.370661 6.370661 6.035096 4.807984 4.807984 4.807984 4.807984 4.807984 4.807984 4.807984 4.807984 4.807984 4.807984 4.807984 4.807984 4.807984 4.628967 0 0 0 0 0 0 0 0 0 0 0 0 0 0 0 0 0 0 0 0 0 0 0 0 0 0 0 0 0 0 0 0 0 0 0 0 0
1.012881 1.012881 1.313622 2.59224 2.59224 2.59224 3.923823 6.326558 6.370661 5.445789 5.019419 6.206056 6.370661 6.370662 6.370661 6.369802 5.303646 4.807984 4.807984 4.807984 4.807984 4.807984 4.807984 4.807984 4.807984 4.807984 4.807984 4.807984 4.807984 4.807984 3.332494 0 0 0 0 0 0 0 0 0 0 0 0 0 0 0 0 0 0 0 0 0 0 0 0 0 0 0 0 0 0 0 0 0 0 0 0 0
1.012881 1.012881 1.092585 2.59161 2.59224 2.59224 2.59224 4.084806 5.623948 2.976916 2.59224 3.3321 5.420044 6.370661 6.370661 6.172151 4.807984 4.807984 4.807984 4.807984 4.807984 4.807984 4.807984 4.807984 4.807984 4.807984 4.807984 4.807984 4.687994 4.592376 2.700322 2.007531 0 0 0 0 0 0 0 0 0 0 0 0 0 0 0 0 0 0 0 0 0 0 0 0 0 0 0 0 0 0 0 0 0 0 0 0
1.012881 1.012881 1.012881 2.541908 2.59224 2.59224 2.59224 2.59224 2.59224 2.59224 2.59224 2.59224 2.653321 5.384476 5.951258 4.315046 3.53166 3.305934 3.125831 3.23828 3.671779 4.202546 4.546562 4.807984 4.807984 4.807983 4.326686 3.247183 2.664481 2.719733 2.59224 2.59224 1.777972 0 0 0 0 0 0 0 0 0 0 0 0 0 0 0 0 0 0 0 0 0 0 0 0 0 0 0 0 0 0 0 0 0 0 0
1.012881 1.012881 1.065858 2.583665 2.59224 2.59224 2.59224 2.59224 2.59224 2.59224 2.59224 2.59224 2.59224 2.594646 2.608778 2.59224 2.59224 2.59224 2.59224 2.59224 2.59224 2.59224 2.705746 3.205553 4.017253 3.863976 2.670789 2.59224 2.59224 2.59224 2.59224 2.59224 2.59224 1.51502 0 0 0 0 0 0 0 0 0 0 0 0 0 0 0 0 0 0 0 0 0 0 0 0 0 0 0 0 0 0 0 0 0 0
1.012881 1.012881 1.497148 2.59224 2.59224 2.59224 2.59224 2.59224 2.59224 2.59224 2.59224 2.59224 2.59224 2.59224 2.59224 2.59224 2.59224 2.59224 2.59224 2.59224 2.59224 2.59224 2.59224 2.59224 2.59224 2.59224 2.59224 2.59224 2.59224 2.59224 2.59224 2.59224 2.59224 2.587707 0 0 0 0 0 0 0 0 0 0 0 0 0 0 0 0 0 0 0 0 0 0 0 0 0 0 0 0 0 0 0 0 0 0
1.012881 1.012881 2.151745 2.59224 2.59224 2.59224 2.59224 2.59224 2.59224 2.59224 2.59224 2.59224 2.59224 2.59224 2.59224 2.59224 2.59224 2.59224 2.59224 2.59224 2.59224 2.59224 2.59224 2.59224 2.59224 2.59224 2.59224 2.59224 2.59224 2.59224 2.59224 2.59224 2.59224 2.59224 2.570217 0 0 0 0 0 0 0 0 0 0 0 0 0 0 0 0 0 0 0 0 0 0 0 0 0 0 0 0 0 0 0 0 0
