Scenarios/Heterogeneous/data/country_data_population_distribution/processed/density_grids/yem.asc
ncols 325
nrows 168
xllcorner 41
yllcorner 12
cellsize 0.041666666666667
NODATA_value -9999
[rows 64 to 95 of 168, columns 74 to 147 of 325]
23.99569 23.99569 23.99569 23.99569 42.36119 55.724 59.20156 59.20156 75.61483 210.3498 265.0821 160.2865 102.7844 102.7844 102.7844 93.52037 41.18987 5.345594 3.729272 3.729272 3.729272 3.729272 3.729272 3.729272 3.729271 3.729272 3.729271 3.729272 3.729272 3.729272 3.729272 3.729272 3.729272 3.729272 3.729272 3.729272 3.729272 3.729272 3.729272 3.729272 3.729272 3.729272 3.729272 3.729272 3.729272 3.729272 3.729272 3.729272 3.729272 3.729272 3.729272 3.729272 3.729272 3.729272 3.729272 3.729272 3.729272 3.729272 3.729272 3.729272 3.729272 3.729272 3.729272 3.729272 3.729272 3.729272 3.729272 3.729272 2.589225 0.1468279 0.1042629 0.1042629 0.1042629 0.1042629
28.74527 23.9957 23.99569 23.9957 24.27633 56.56887 59.20156 59.20156 59.20156 59.71759 145.858 103.6297 102.7844 102.7844 102.7844 100.2101 40.56488 27.87932 18.78766 7.401496 3.729272 3.729271 3.729272 3.729271 3.729272 3.729272 3.729272 3.729271 3.729272 3.729272 3.729272 3.729271 3.729272 3.729271 3.729272 3.729272 3.729272 3.729272 3.729272 3.729272 3.729272 3.729271 3.729272 3.729272 3.729272 3.729272 3.729272 3.729272 3.729272 3.729271 3.729272 3.729272 3.729272 3.729272 3.729272 3.729272 3.729272 3.729272 3.729272 3.729272 3.729271 3.729272 3.729272 3.729272 3.729271 3.729272 3.729272 2.884529 0.2302439 0.1042629 0.1042629 0.1042629 0.1042629 0.1042629
27.66104 23.9957 23.9957 23.9957 31.399 59.20156 59.20156 59.20156 59.20156 59.20156 94.41196 102.7844 102.7844 102.7844 102.7844 62.25628 29.29552 29.29552 29.29552 28.8365 19.08799 8.275367 3.729272 3.729272 3.729272 3.729272 3.729272 3.729272 3.729272 3.729272 3.729272 3.729272 3.729272 3.729272 3.729272 3.729272 3.729272 3.729272 3.729272 3.729272 3.729272 3.729272 3.729272 3.729272 3.729272 3.729272 3.729272 3.729272 3.729272 3.729272 3.729272 3.729272 3.729272 3.729272 3.729272 3.729272 3.729272 3.729272 3.729272 3.729272 3.729272 3.729272 3.729272 3.729272 3.729272 3.729272 3.135651 0.3578394 0.1042629 0.1042629 0.1042629 0.1042629 0.1042629 0.1042629
23.9957 23.9957 23.9957 23.9957 39.12286 59.20156 59.20156 59.20156 58.45958 55.83743 69.28206 68.81106 68.80014 71.18346 68.04882 30.00637 29.29552 29.29552 29.29552 29.29552 29.29552 29.29528 24.61338 15.37787 6.401811 3.729272 3.729272 3.729272 3.729272 3.729272 3.729272 3.729272 3.729272 3.729272 3.729272 3.729272 3.729272 3.729272 3.729272 3.729272 3.729272 3.729272 3.729272 3.729272 3.729272 3.729272 3.729272 3.729272 3.729272 3.729272 3.729272 3.729272 3.729272 3.729272 3.729272 3.729272 3.729272 3.729272 3.729272 3.729272 3.729272 3.729272 3.729272 3.729272 3.729272 3.342593 0.5296167 0.1042629 0.1042629 0.1042629 0.1042629 0.1042629 0.1042629 0.1042629
81.69435 31.07155 23.9957 23.99569 31.98548 59.01355 59.20156 59.20156 51.17072 41.76054 41.76055 41.76054 41.76054 44.10894 68.60867 39.77369 29.29552 29.29552 29.29552 29.29552 29.29552 29.29552 29.29552 29.29552 29.03055 16.05833 3.761074 3.729272 3.729271 3.729271 3.729271 3.729271 3.729271 3.729272 3.729271 3.729271 3.729272 3.729271 3.729271 3.729271 3.729271 3.729271 3.729271 3.729271 3.729272 3.729271 3.729271 3.729271 3.729271 3.729271 3.729272 3.729271 3.729271 3.729271 3.729271 3.729271 3.729271 3.729271 3.729271 3.759017 4.108005 4.54353 4.979041 5.414538 5.476911 1.459645 0.3940113 0.1696701 0.1042629 0.1042629 0.1042629 0.1042629 0.1042629 0.1788755
137.8095 122.5422 45.45855 23.9957 23.9957 34.00809 57.24453 59.20156 58.71081 45.56538 41.76055 41.76055 41.76055 76.68389 104.3206 103.8429 128.6671 116.4402 45.58981 29.29552 29.29552 29.29552 29.29552 29.29552 29.29552 29.29552 19.18297 3.733126 3.729271 3.729272 3.729271 3.729272 3.729271 3.729272 3.729271 3.729272 3.729271 3.729272 3.729271 3.729272 3.729272 3.729272 3.729271 3.729272 3.729271 3.729272 3.729272 3.729272 3.729271 3.729272 3.729271 3.729272 3.729272 3.928931 4.364069 4.799585 5.235088 5.670577 6.106052 6.511775 6.598307 6.598307 6.598307 6.411244 2.137546 0.703796 0.703796 0.6966637 0.5202821 0.1829519 0.1042629 0.1042629 0.1056118 0.5348337
137.8095 137.8095 121.3823 26.50052 23.9957 23.99569 49.80089 59.20157 59.20157 53.54798 41.76055 41.76055 56.48248 103.7793 104.3206 133.2722 220.8206 222.3539 156.5446 33.31293 29.29552 29.29552 29.29552 29.29552 29.29552 29.29552 29.29552 8.380071 3.729272 3.729272 3.729272 3.729272 3.729271 3.729272 3.729271 3.729272 3.729272 3.729272 3.729271 3.729272 3.729272 3.729272 3.729272 3.729272 3.729272 3.729272 3.794063 4.184605 4.620127 5.055636 5.49113 5.926611 6.362078 6.597913 6.598307 6.598306 6.598307 6.598306 6.598307 6.598307 6.598307 6.598306 6.533696 2.596368 0.703796 0.703796 0.703796 0.703796 0.703796 0.6775424 0.3645501 0.2045441 0.5524732 0.703796
137.8095 137.8095 137.8095 116.7 90.44657 87.49348 105.6098 57.22176 41.79329 43.38181 39.54448 40.03238 33.38958 37.77341 37.62704 59.7118 68.88234 68.68347 44.37915 28.82087 29.29552 29.29552 29.29552 29.29552 29.29552 29.29552 29.29552 17.16105 3.729272 3.729272 3.729272 3.729272 3.729272 3.729272 3.729272 3.729272 3.729272 3.729272 3.729272 3.729272 3.732171 4.288248 4.876181 5.311681 5.747169 6.182641 6.553322 6.598307 6.598307 6.598307 6.598307 6.598307 6.598307 6.598307 6.598307 6.598307 6.598307 6.598306 6.598307 6.598307 6.598307 6.592551 3.118788 0.703796 0.703796 0.703796 0.703796 0.703796 0.703796 0.703796 0.703796 0.7020943 0.703796 0.703796
137.8095 133.6872 111.8393 109.8408 108.2993 108.2993 108.2993 63.69281 34.56833 34.56833 34.56833 34.56833 29.3327 13.03675 13.02788 13.02788 13.02788 13.02788 13.02788 15.72146 25.8768 29.29552 29.29552 29.29552 29.29552 29.29552 29.29552 23.40076 3.729272 3.729272 3.729272 3.729272 3.729272 3.729272 3.729272 3.729272 3.729272 3.729272 3.955991 5.163998 6.168568 6.598306 6.598307 6.598306 6.598307 6.598306 6.598306 6.598306 6.598307 6.598306 6.598306 6.598306 6.598306 6.598306 6.598306 6.598307 6.598306 6.598307 6.598306 6.598306 6.598306 3.694307 0.7037959 0.7037959 0.703796 0.7037959 0.703796 0.703796 0.703796 0.7037959 0.703796 0.7037959 0.703796 0.703796
137.8095 134.1972 108.2993 108.2993 108.2993 108.2993 108.2993 65.50428 34.56833 34.56833 34.56833 34.56833 34.56833 18.33777 13.02788 13.02788 13.02788 13.02788 13.02788 13.02788 13.25976 20.70324 28.8356 29.29552 29.29552 29.29552 29.29552 22.97654 3.729271 3.729271 3.729271 3.729271 3.729271 3.729272 3.729271 3.729271 3.730845 4.841274 6.384379 6.598306 6.598306 6.598306 6.598306 6.598306 6.598306 6.598306 6.598306 6.598306 6.598306 6.598306 6.598306 6.598306 6.598306 6.598306 6.598306 6.598306 6.598306 6.598306 6.598306 6.598306 4.265086 0.714292 0.703796 0.7037959 0.703796 0.703796 0.703796 0.703796 0.703796 0.703796 0.703796 0.703796 0.703796 0.703796
231.1136 179.746 108.2993 108.2993 108.2993 108.2993 108.2993 67.69218 34.56833 34.56833 34.56833 34.56833 34.56833 28.12013 13.02788 13.02788 13.02788 13.02788 13.02788 13.02788 13.02788 12.9394 15.09349 25.75609 29.29552 29.29552 29.29552 22.20225 3.729272 3.729272 3.729272 3.729272 3.729272 3.729272 3.729272 3.729272 5.167927 6.598306 6.598306 6.598306 6.598306 6.598306 6.598306 6.598306 6.598306 6.598306 6.598306 6.598306 6.598306 6.598306 6.598306 6.598306 6.598306 6.598306 6.598307 6.598306 6.598306 6.598306 6.598306 4.778031 0.7826201 0.7037959 0.703796 0.703796 0.703796 0.703796 0.703796 0.703796 0.703796 0.7037959 0.703796 0.7037959 0.703796 0.7037959
267.044 245.7537 122.5223 108.2993 108.2993 108.2993 108.2993 71.35925 34.56833 34.56833 34.56833 34.56833 34.56833 34.23552 13.90134 13.02788 13.02788 13.02788 13.02788 13.02788 13.02178 12.38222 12.13965 12.40465 20.34755 28.8478 29.29552 21.42797 3.729272 3.729272 3.729272 3.729272 3.729272 3.729272 3.729272 4.536953 6.593904 6.598307 6.598307 6.598307 6.598307 6.598307 6.598307 6.598307 6.598307 6.598307 6.598307 6.598307 6.598307 6.598307 6.598306 6.598307 6.598307 6.598307 6.598307 6.598306 6.598307 6.598307 5.22907 0.9145364 0.703796 0.703796 0.703796 0.703796 0.703796 0.703796 0.703796 0.703796 0.703796 0.703796 0.703796 0.703796 0.703796 0.703796
267.044 258.5442 128.8936 108.2993 108.2993 108.2993 108.2993 73.00208 34.56833 34.56833 34.56833 34.56833 34.56833 34.56833 18.13723 13.02788 13.02788 13.02788 13.02788 13.02788 12.61093 12.13965 12.13965 12.13965 12.13965 15.12196 25.86174 20.65368 3.729272 3.729272 3.729272 3.729272 3.729272 3.729271 3.94287 6.281724 6.598307 6.598307 6.598306 6.598306 6.598307 6.598306 6.598306 6.598307 6.598307 6.598307 6.598307 6.598306 6.598307 6.598307 6.598306 6.598307 6.598306 6.598307 6.598306 6.598306 6.598307 5.619311 1.113842 0.703796 0.703796 0.703796 0.703796 0.703796 0.703796 0.703796 0.703796 0.703796 0.703796 0.703796 0.703796 0.703796 0.7037959 0.703796
266.4298 157.0342 108.2993 108.2993 108.2993 108.2993 108.2993 71.33799 34.56833 34.56833 34.56833 34.56833 34.56833 34.56833 21.69135 13.02788 13.02788 13.02788 13.02788 12.96512 12.17413 12.13965 12.13965 12.13965 12.13965 12.13965 12.43458 13.49494 4.882131 4.803836 4.725421 4.647006 4.568589 5.018844 6.288745 6.598307 6.598307 6.598307 6.598307 6.598307 6.598307 6.598307 6.598307 6.598307 6.598307 6.598307 6.598307 6.598307 6.598307 6.598307 6.598307 6.598307 6.598307 6.598307 6.598307 6.598307 5.882695 1.348138 0.703796 0.703796 0.703796 0.703796 0.703796 0.703796 0.703796 0.703796 0.703796 0.703796 0.703796 0.703796 0.703796 0.703796 0.7037959 0.703796
211.4245 108.2993 108.2993 108.2993 108.2993 108.2993 108.2993 60.24121 34.56833 34.56833 34.56833 34.56833 34.56833 34.56833 23.78224 13.02788 13.02788 13.02788 13.02788 17.38603 21.24193 16.66893 12.68953 12.13965 12.13965 12.13965 12.13965 9.923854 6.598306 6.598306 6.598306 6.598307 6.598306 6.598307 6.598306 6.598306 6.598306 6.598306 6.598306 6.598306 6.598306 6.598306 6.598306 6.598306 6.598306 6.598306 6.598306 6.598306 6.598306 6.598307 6.598306 6.598306 6.598306 6.598306 6.598306 6.098597 1.590674 0.703796 0.703796 0.703796 0.703796 0.703796 0.703796 0.703796 0.703796 0.703796 0.703796 0.703796 0.703796 0.703796 0.703796 0.703796 0.703796 0.703796
208.6698 108.2993 108.2993 108.2993 108.2993 108.2993 93.62528 35.83216 34.56833 34.56832 34.56833 34.56833 34.56833 34.56833 31.90589 13.43877 13.02788 13.02788 13.02788 21.41884 26.66673 26.66673 26.07295 23.21379 18.71984 14.88183 12.88122 8.983425 6.598307 6.598306 6.598307 6.598306 6.598307 6.598306 6.598307 6.598306 6.598307 6.598306 6.598307 6.598306 6.598306 6.598306 6.598306 6.598306 6.598307 6.598306 6.598306 6.598306 6.598306 6.598306 6.598307 6.598306 6.598306 6.598306 6.275838 1.871871 0.703796 0.7037959 0.703796 0.703796 0.703796 0.7037959 0.703796 0.703796 0.703796 0.703796 0.703796 0.703796 0.703796 0.7194228 0.9616007 1.23948 1.413564 1.581969
221.3397 108.2993 108.2993 108.2993 108.2993 108.2993 70.15119 34.56833 34.56833 34.56833 34.56833 34.56833 34.56833 34.56833 34.56833 26.77976 16.93515 15.77727 21.12667 26.36921 26.66673 26.66673 26.66673 26.66673 26.66673 26.66673 26.64594 10.49264 6.598306 6.598306 6.598306 6.598306 6.598306 6.598306 6.598306 6.598306 6.598306 6.598306 6.598306 6.598306 6.598306 6.598306 6.598306 6.598306 6.598306 6.598306 6.598306 6.598306 6.598306 6.598306 6.598306 6.598306 6.598306 6.414417 2.191732 0.703796 0.703796 0.703796 0.7540608 1.013233 1.29531 1.577381 1.859447 2.141508 2.535489 2.973313 3.289921 3.606522 3.923118 4.224085 4.298542 4.298541 4.298542 4.298541
214.6849 109.459 108.2993 108.2993 305.3036 747.1602 373.709 38.09516 34.56833 34.56833 34.56833 34.56833 34.56833 34.56833 34.56833 34.56833 34.55896 27.48162 26.66674 26.66674 26.66674 26.66674 26.66674 26.66674 26.66674 26.66674 26.66674 9.689108 6.598306 6.598306 6.598306 6.598306 6.598306 6.598306 6.598306 6.598306 6.598306 6.598306 6.598306 6.598306 6.598306 6.598306 6.598306 6.598306 6.598306 6.598306 6.598306 6.598306 6.598306 6.598306 6.598306 6.598306 6.394719 4.079561 2.76848 3.050524 3.332564 3.614598 3.846373 3.869277 3.869277 3.869277 3.869277 3.869277 3.993936 4.298542 4.298542 4.298541 4.298542 4.298541 4.298542 4.298541 4.298542 4.298541
226.823 204.9735 188.8467 597.2431 1012.057 1107.526 961.0731 433.9815 34.56833 34.56833 34.56833 34.56833 34.56833 34.56833 34.56384 31.73092 27.32872 22.39386 23.12843 23.32873 23.18607 23.07516 23.37706 24.17894 25.19983 26.17198 26.66672 8.774437 6.598307 6.598306 6.598307 6.598306 6.598307 6.598306 6.598306 6.598306 6.598307 6.598306 6.598307 6.598306 6.598306 6.598306 6.598306 6.598306 6.598307 6.598306 6.598306 6.598306 6.598307 6.598306 6.598307 5.760964 4.127131 3.869277 3.869277 3.869278 3.869277 3.869278 3.869277 3.869277 3.869277 3.869278 3.869277 3.869278 3.900433 4.296802 4.298542 4.298542 4.298542 4.298542 4.298542 4.298542 4.298542 4.298542
226.823 226.823 408.1603 1107.526 1018.098 713.0032 380.0308 335.8228 165.6484 137.6913 50.04286 34.56833 34.56833 40.99612 64.73712 22.18858 22.16973 22.16973 22.16973 22.16973 22.16973 22.16973 22.16973 22.16973 22.16973 22.16973 22.65341 17.20403 12.83299 8.530714 6.598306 6.598306 6.598306 6.598307 6.598306 6.598306 6.598306 6.598306 6.598306 6.598306 6.598306 6.598306 6.598306 6.598306 6.598306 6.598306 6.598306 6.598306 6.598306 7.115444 4.906816 3.87121 3.869278 3.869278 3.869278 3.869277 3.869278 3.869277 3.869278 3.869278 3.869278 3.869277 3.869278 3.869277 3.869277 4.232714 4.298542 4.298542 4.298542 4.298542 4.298542 4.298542 4.298542 4.298542
239.9335 522.146 941.0534 1107.526 817.1102 300.198 300.198 300.198 299.0304 270.1315 158.4443 57.08003 65.85645 75.46242 78.20779 69.05625 47.8625 22.16973 22.16973 22.16973 22.16973 22.16973 22.16973 22.16973 22.16973 22.16973 22.16973 22.16973 26.32459 135.5494 22.74432 6.598307 6.598307 6.598307 6.598306 6.598307 6.598306 6.598307 6.598306 6.598307 6.598307 6.598307 6.598306 6.598307 6.598306 6.598307 6.598307 6.598307 9.261074 15.0004 7.782179 3.869277 3.869277 3.869277 3.869277 3.869278 3.869277 3.869278 3.869277 3.869278 3.869277 3.869278 3.869277 3.869278 3.869277 4.137471 4.298541 4.298542 4.298542 4.298542 4.298541 4.298542 4.298542 4.298542
241.4286 827.2291 1724.034 1053.707 327.9009 300.198 300.198 284.1543 152.7914 129.7165 103.9923 77.31654 77.31654 89.65183 126.8617 152.3817 145.3441 34.20627 22.16973 22.16973 22.16973 22.16973 22.16973 22.16973 22.16973 22.16973 22.16973 48.94745 302.5375 401.4176 357.4668 31.53747 6.598306 6.598307 6.598306 6.598306 6.598306 6.598306 6.598306 6.598306 6.598307 6.598306 6.598306 6.598306 6.598306 6.598306 7.088466 12.28188 15.98844 16.0118 14.10688 4.048279 3.869277 3.869277 3.869277 3.869277 3.869277 3.869277 3.869277 3.869277 3.869277 3.869277 3.869277 3.869277 3.869277 4.031991 4.298541 4.298541 4.298542 4.298541 4.298541 4.298541 4.298542 4.298541
226.823 5351.35 11241.07 12617.2 300.198 300.198 300.198 211.4407 132.1882 129.7165 129.6168 118.904 119.9067 129.6944 138.8443 152.3817 152.3817 97.9531 56.7654 31.99026 22.16973 22.16973 22.16973 22.16973 22.16973 22.16973 22.16973 186.5095 397.5926 382.9968 65.94521 6.598306 6.598307 6.598306 6.598307 6.598306 6.598307 6.598306 6.598307 6.598306 6.598306 6.598306 6.598307 6.598306 6.598307 9.010224 14.83578 16.0118 16.0118 16.0118 16.0118 8.647065 3.869277 3.869277 3.869277 3.869277 3.869277 3.869277 3.869277 3.869277 3.869277 3.869277 3.869277 3.869277 3.869277 3.910776 4.296533 4.298542 4.298541 4.298542 4.298541 4.298542 4.298541 4.298542
175.8349 7482.47 19882.32 23367.4 3995.013 244.16 221.4175 195.2199 184.7456 129.7165 129.7165 129.7165 119.8438 115.107 127.642 152.3817 152.3817 94.89635 74.89883 74.7381 59.57218 23.31598 22.16618 22.16973 22.16973 22.16973 22.16973 22.16973 83.09264 94.72681 6.598307 6.598307 6.598307 6.598306 6.598307 6.598307 6.598307 6.598307 6.598307 6.598307 6.598307 6.598307 6.598307 6.983495 12.00075 15.95817 16.0118 16.0118 16.0118 16.0118 16.0118 14.71133 4.308716 3.869277 3.869277 3.869277 3.869277 3.869277 3.869277 3.869277 3.869277 3.869277 3.869277 3.869277 3.869277 3.869277 4.210776 4.298542 4.298542 4.298542 4.298542 4.298542 4.298541 4.298542
136.0167 138.6896 11712.97 12975.36 1582.71 209.7975 209.7975 209.6863 151.1187 136.1576 134.384 132.7272 91.3592 74.89883 76.56155 93.21976 94.53618 75.26151 74.89883 74.89883 52.68171 14.29625 15.89926 19.41136 22.0274 22.16973 22.77534 24.10989 25.44594 19.47297 6.850736 6.598306 6.598307 6.598306 6.598307 6.598306 6.598307 6.598306 6.598307 6.598306 6.598306 6.598306 8.749753 14.65153 16.0118 16.0118 16.0118 16.0118 16.0118 16.0118 16.0118 16.0118 9.511952 3.869277 3.869277 3.869277 3.869277 3.869277 3.869277 3.869277 3.869277 3.869277 3.869277 3.869277 3.869277 3.869277 4.071664 4.298542 4.298541 4.298542 4.298541 4.298542 4.298541 4.298542
136.0167 137.3042 172.997 209.791 209.7975 209.7975 209.7975 206.6093 141.6304 139.9718 139.9718 139.4499 89.4014 74.89883 74.89883 74.89883 49.03302 48.2542 67.8503 51.37334 15.8253 14.29594 14.29594 14.29594 21.53993 30.13142 30.85543 30.85697 30.85697 30.85697 25.03245 9.645409 6.598306 6.598307 6.598306 6.598306 6.598306 6.598306 6.598306 6.598306 6.873668 11.66976 15.90889 16.0118 16.0118 16.0118 16.0118 16.0118 16.0118 16.0118 16.0118 16.0118 15.20076 4.68417 3.869277 3.869277 3.869277 3.869277 3.869277 3.869277 3.869277 3.869277 3.869277 3.869277 3.869277 3.869277 3.931928 4.298339 4.298542 4.298542 4.298542 4.298542 4.298542 4.298542
136.0167 136.0167 174.3235 209.7533 209.7975 209.7975 209.7975 182.145 139.9718 139.9718 139.9718 128.1056 76.62658 74.89883 74.89883 74.89883 31.38185 14.29594 14.29594 14.29595 14.29594 14.29595 14.29594 14.29594 24.71474 30.85697 30.85697 30.85697 30.85697 30.85697 30.85697 29.48493 13.05791 6.598307 6.598306 6.598307 6.598306 6.598307 6.598306 8.476045 14.4172 16.0118 16.0118 16.0118 16.0118 16.0118 16.0118 16.0118 16.0118 16.0118 16.0118 16.0118 16.0118 11.53744 3.869277 3.869277 3.869277 3.869277 3.869277 3.869277 3.869277 3.869277 3.869277 3.869277 3.869277 3.869277 3.869277 4.221055 4.298542 4.298542 4.298542 4.298542 4.298542 4.298542
136.0168 136.0168 136.0168 184.6395 209.7975 209.7975 209.7975 164.5149 139.9718 139.9718 139.9718 139.9718 132.5723 95.44989 74.89883 74.89883 40.72394 14.29594 14.29594 14.29595 14.29594 14.29594 14.29594 14.29594 27.60781 30.85697 30.85697 30.85697 30.85697 30.85697 30.85697 30.85697 29.79524 13.45233 6.598306 6.598307 6.598306 6.598307 16.7382 15.83769 16.0118 16.0118 16.0118 16.0118 16.0118 16.0118 16.0118 16.0118 16.0118 16.0118 16.0118 16.0118 16.0118 16.01169 8.256565 3.869277 3.869278 3.869277 3.869278 3.869278 3.869278 3.869277 3.869278 3.869277 3.869278 3.869278 3.869278 3.961742 4.260713 4.298542 4.298542 4.298542 4.298541 4.298542
136.0167 136.0167 134.8838 167.1759 209.7975 209.7975 209.7975 161.4892 139.9718 139.9718 139.9718 139.8673 132.7169 122.2432 56.96351 35.7526 17.21665 14.29595 14.29595 14.29595 14.29595 14.29595 14.29594 14.50105 30.29499 30.85697 30.85696 30.85697 30.85696 30.85697 30.85696 30.85696 30.85696 34.45731 24.60504 6.598306 6.877497 27.47851 41.66947 16.05933 16.0118 16.0118 16.0118 16.0118 16.0118 16.0118 16.0118 16.0118 16.0118 16.0118 16.0118 16.0118 16.0118 16.02875 15.88909 5.881222 3.869277 3.869277 3.869277 3.869277 3.869277 3.869277 3.869277 3.869277 3.869277 3.869277 3.869277 3.869277 3.873344 3.963217 4.2399 4.607708 5.697881 6.14684
136.0168 136.0167 123.5044 122.2123 134.1073 179.9179 209.7975 151.631 133.581 139.8814 139.8965 139.916 137.3105 112.4138 14.29594 14.29594 14.29594 14.29594 14.29594 14.29594 14.29594 14.29594 14.29594 15.8935 23.75369 79.95552 79.85396 40.09634 30.85697 30.85697 30.85697 30.85697 37.69239 57.88784 60.76734 25.19127 30.72205 44.39441 44.39441 20.31587 16.0118 16.0118 16.0118 16.0118 16.0118 16.0118 16.0118 16.0118 16.0118 16.0118 16.0118 16.0118 16.50829 17.29911 17.50997 12.71362 3.869277 3.869278 3.869278 3.869278 3.869277 3.869277 3.869277 3.869278 3.869277 3.869278 3.869277 3.869278 3.869278 3.869277 3.949968 5.988623 6.299387 6.299387
136.0167 135.5149 121.352 120.2868 120.2868 121.6939 143.9856 125.3375 125.2914 127.6317 125.9801 127.5195 132.7294 61.50644 14.29594 14.29594 14.29594 14.29594 14.29594 14.29594 14.29594 14.29594 14.5892 14.94983 15.90384 92.28423 115.8542 70.65675 30.85696 30.85697 30.85696 36.93802 60.40077 61.65392 61.65392 55.33285 44.39441 44.39441 44.39441 26.23062 16.0118 16.0118 16.0118 16.0118 16.0118 16.0118 16.0118 16.0118 16.0118 16.0118 16.0118 16.62934 17.50052 17.50997 17.50997 17.28523 5.540271 3.869277 3.869277 3.869277 3.869277 3.869277 3.869277 3.869277 3.869277 3.869277 3.869278 3.869277 3.869278 3.869277 3.869278 4.62955 6.292336 6.299387
136.7548 129.0916 120.2868 120.2868 120.2868 120.2868 121.9353 125.2914 125.2914 125.2914 125.2914 125.2914 126.0552 86.37188 51.68092 14.29595 14.29594 14.29595 14.29594 14.29595 14.29595 14.50974 14.94552 14.95036 14.95526 69.85335 115.8542 98.50085 30.85696 30.85697 34.72146 58.2371 61.65391 61.65392 61.32643 46.67291 44.39441 44.39441 44.38866 20.30601 16.0118 16.0118 16.0118 16.0118 16.0118 16.0118 16.0118 16.0118 16.0118 16.0118 16.68424 17.50605 17.50997 17.50997 17.50997 17.50997 11.69459 3.869277 3.869277 3.869277 3.869277 3.869277 3.869277 3.869277 3.869277 3.869277 3.869277 3.869277 3.869277 3.869277 3.869277 3.869277 5.24157 6.299387
