Scenarios/Heterogeneous/data/country_data_population_distribution/processed/density_grids/yem.asc
ncols 325
nrows 168
xllcorner 41
yllcorner 12
cellsize 0.041666666666667
NODATA_value -9999
[rows 32 to 63 of 168, columns 74 to 147 of 325]
0 0 0 0 0 0 0 0 0 0 0 0 0 0 0 0 0 0 0 0 0 0 0 0 0 0 0 0 0 0 0 0 0 0 0 0 0 0 0 0 0 0 0 0 0 0 0 0 0 0 0 0 0 0 0 0 0 0 0 0 0 0 0 0 0 0 0 0 0 0 0 0 0 0
0 0 0 0 0 0 0 0 0 0 0 0 0 0 0 0 0 0 0 0 0 0 0 0 0 0 0 0 0 0 0 0 0 0 0 0 0 0 0 0 0 0 0 0 0 0 0 0 0 0 0 0 0 0 0 0 0 0 0 0 0 0 0 0 0 0 0 0 0 0 0 0 0 0
0 0 0 0 0 0 0 0 0 0 0 0 0 0 0 0 0 0 0 0 0 0 0 0 0 0 0 0 0 0 0 0 0 0 0 0 0 0 0 0 0 0 0 0 0 0 0 0 0 0 0 0 0 0 0 0 0 0 0 0 0 0 0 0 0 0 0 0 0 0 0 0 0 0
0 0 0 0 0 0 0 0 0 0 0 0 0 0 0 0 0 0 0 0 0 0 0 0 0 0 0 0 0 0 0 0 0 0 0 0 0 0 0 0 0 0 0 0 0 0 0 0 0 0 0 0 0 0 0 0 0 0 0 0 0 0 0 0 0 0 0 0 0 0 0 0 0 0
0 0 0 0 0 0 0 0 0 0 0 0 0 0 0 0 0 0 0 0 0 0 0 0 0 0 0 0 0 0 0 0 0 0 0 0 0 0 0 0 0 0 0 0 0 0 0 0 0 0 0 0 0 0 0 0 0 0 0 0 0 0 0 0 0 0 0 0 0 0 0 0 0 0
0 0 0 0 0 0 0 0 0 0 0 0 0 0 0 0 0 0 0 0 0 0 0 0 0 0 0 0 0 0 0 0 0 0 0 0 0 0 0 0 0 0 0 0 0 0 0 0 0 0 0 0 0 0 0 0 0 0 0 0 0 0 0 0 0 0 0 0 0 0 0 0 0 0
0 15.76085 13.37111 12.7993 12.69611 12.69611 12.69611 12.69611 12.69611 12.69611 12.09262 9.598166 11.96913 12.69611 12.69611 12.69611 12.69611 12.69611 12.69611 6.637906 3.729272 3.729272 3.729272 3.729272 3.729272 3.729272 3.729272 3.727918 3.39133 0 0 0 0 0 0 0 0 0 0 0 0 0 0 0 0 0 0 0 0 0 0 0 0 0 0 0 0 0 0 0 0 0 0 0 0 0 0 0 0 0 0 0 0 0
13.65886 12.69611 12.69611 12.69611 12.69611 12.69611 12.69611 12.69611 12.69611 12.69611 12.69611 12.69611 12.69611 12.69611 12.69611 12.69611 12.69611 12.69611 12.69611 6.620704 3.729272 3.729272 3.729271 3.729272 3.729271 3.729272 3.729271 3.729272 3.729272 3.712906 3.291863 0 0 0 0 0 0 0 0 0 0 0 0 0 0 0 0 0 0 0 0 0 0 0 0 0 0 0 0 0 0 0 0 0 0 0 0 0 0 0 0 0 0 0
12.69611 12.69611 12.69611 12.69611 12.69611 12.69611 12.69611 12.69611 12.69611 12.69611 12.69611 12.69611 12.69611 12.69611 12.69611 12.69611 12.69611 12.69611 12.69611 6.603502 3.729272 3.729272 3.729272 3.729272 3.729272 3.729272 3.729272 3.729272 3.729272 3.729272 3.729272 3.718527 3.61148 3.481573 3.351662 3.221748 0 0 0 0 0 0 0 0 0 0 0 0 0 0 0 0 0 0 0 0 0 0 0 0 0 0 0 0 0 0 0 0 0 0 0 0 0 0
12.69611 12.69611 12.69611 12.69611 12.69611 12.69611 12.69611 12.69611 12.69611 12.69611 12.69611 12.69611 12.69611 12.69611 12.69611 12.69611 12.69611 12.69611 12.69611 6.586301 3.729272 3.729272 3.729272 3.729272 3.729272 3.729272 3.729272 3.729272 3.729272 3.729272 3.729272 3.729272 3.729272 3.729272 3.729272 3.729272 3.729272 3.729272 3.729272 3.729271 3.663879 3.533973 3.404063 3.274151 0 0 0 0 0 0 0 0 0 0 0 0 0 0 0 0 0 0 2.949008 3.205747 0 0 0 0 0 0 0 0 0 0
12.69611 12.69611 12.69611 12.69611 12.69611 12.69611 12.69611 12.69611 12.69611 12.69611 12.69611 12.69611 12.69611 12.69611 12.69611 12.69611 12.69611 12.69611 12.69611 6.569068 3.729272 3.729272 3.729272 3.729272 3.729272 3.729272 3.729272 3.729272 3.729272 3.729272 3.729272 3.729272 3.729272 3.729272 3.729272 3.729272 3.729272 3.729272 3.729272 3.729272 3.729272 3.729272 3.729272 3.729272 3.729272 3.729272 3.729272 3.729272 3.707087 3.593709 3.470472 3.347234 3.223994 3.100752 2.985049 3.119956 3.376689 3.631358 3.729272 3.729272 3.729272 3.729272 3.729272 3.729272 3.519846 0 0 0 0 0 0 0 0 0
12.69611 12.69611 12.69611 12.69611 12.69611 12.69611 12.69611 12.69611 12.69611 12.69611 12.69611 12.69611 12.69611 12.69611 12.69611 12.69611 12.69611 12.69611 12.69611 6.551673 3.729272 3.729272 3.729272 3.729272 3.729272 3.729272 3.729272 3.729272 3.729272 3.729272 3.729272 3.729271 3.729272 3.729272 3.729272 3.729271 3.729272 3.729272 3.729272 3.729272 3.729272 3.729272 3.729272 3.729271 3.729272 3.729272 3.729272 3.729272 3.729272 3.729272 3.729272 3.729272 3.729272 3.729272 3.729271 3.729272 3.729272 3.729272 3.729272 3.729272 3.729272 3.729272 3.729272 3.729272 3.729272 3.177728 0 0 0 0 0 0 0 0
12.69611 12.69611 12.69611 12.69611 12.69611 12.69611 12.69611 12.69611 12.69611 12.69611 12.69611 12.69611 12.69611 12.69611 12.69611 12.69611 12.69611 12.69611 12.69611 6.534256 3.729272 3.729272 3.729272 3.729272 3.729272 3.729272 3.729272 3.729272 3.729272 3.729272 3.729272 3.729272 3.729272 3.729272 3.729272 3.729272 3.729272 3.729272 3.729272 3.729272 3.729272 3.729272 3.729272 3.729272 3.729272 3.729272 3.729272 3.729272 3.729272 3.729272 3.729272 3.729272 3.729272 3.729272 3.729272 3.729272 3.729272 3.729272 3.729272 3.729272 3.729272 3.729272 3.729272 3.729272 3.729272 3.729272 0 0 0 0 0 0 0 0
12.69611 12.69611 12.69611 12.69611 12.69611 12.69611 12.69611 12.69611 12.69611 12.69611 12.69611 12.69611 12.69611 12.69611 12.69611 12.69611 12.69611 12.69611 12.69611 6.516837 3.729272 3.729272 3.729272 3.729272 3.729272 3.729272 3.729272 3.729272 3.729272 3.729272 3.729272 3.729272 3.729271 3.729272 3.729272 3.729272 3.729272 3.729272 3.729272 3.729272 3.729272 3.729272 3.729272 3.729272 3.729272 3.729271 3.729272 3.729272 3.729272 3.729272 3.729272 3.729272 3.729272 3.729272 3.729272 3.729271 3.729271 3.729271 3.729272 3.729272 3.729272 3.729271 3.729272 3.729272 3.729272 3.729272 3.700612 0 0 0 0 0 0 0
12.69611 12.69611 12.69611 12.69611 12.69611 15.23206 33.95951 16.73434 12.69611 12.69611 13.55093 22.00338 30.25057 35.1921 35.69277 35.74331 35.79384 35.84438 35.89492 13.68433 3.729271 3.729271 3.729272 3.729271 3.729272 3.729271 3.729272 3.729271 3.729272 3.729272 3.729272 3.729271 3.729272 3.729271 3.729272 3.729271 3.729272 3.729271 3.729272 3.729271 3.729271 3.729272 3.729272 3.729271 3.729272 3.729271 3.729271 3.729271 3.729272 3.729271 3.729272 3.729271 3.729272 3.729271 3.729271 3.729272 3.729271 3.729272 3.729271 3.729272 3.729271 3.729272 3.729271 3.729272 3.729272 3.729271 3.729271 3.521001 0 0 0 0 0 0
12.69611 12.69611 12.69611 12.69611 12.69611 33.08313 51.18792 48.14619 25.26599 34.6022 54.28984 56.28389 56.28388 56.28389 56.28388 56.28389 56.28388 56.28389 56.28388 20.40458 3.729272 3.729272 3.729272 3.729272 3.729272 3.729272 3.729272 3.729272 3.729272 3.729272 3.729272 3.729272 3.729272 3.729272 3.729272 3.729272 3.729272 3.729272 3.729272 3.729272 3.729272 3.729272 3.729272 3.729272 3.729272 3.729272 3.729272 3.729272 3.729272 3.729272 3.729272 3.729272 3.729272 3.729272 3.729272 3.729272 3.729272 3.729272 3.729272 3.729272 3.729272 3.729272 3.729272 3.729272 3.729272 3.729272 3.729272 3.729272 3.176555 0 0 0 0 0
12.69611 12.69611 12.69611 12.69611 12.7508 38.64955 51.18792 52.05633 55.46663 56.28388 56.28388 56.28388 56.28388 56.28388 56.28388 56.28388 56.28389 56.28388 54.99499 16.21536 3.729271 3.729271 3.729272 3.729271 3.729272 3.729271 3.729272 3.729272 3.729272 3.729271 3.729272 3.729271 3.729272 3.729272 3.729272 3.729271 3.729272 3.729271 3.729271 3.729271 3.729271 3.729271 3.729271 3.729271 3.729272 3.729271 3.729271 3.729271 3.729272 3.729271 3.729271 3.729271 3.729271 3.729271 3.729271 3.729272 3.729271 3.729272 3.729271 3.729271 3.729271 3.729272 3.729271 3.729271 3.729271 3.729271 3.729271 3.729272 3.729271 0 0 0 0 0
12.69611 12.69611 24.92667 42.77962 45.96457 51.18792 52.8467 56.07547 56.28388 56.28388 56.28388 56.28388 56.28388 56.28388 56.28388 49.75329 40.00628 37.20208 20.06401 3.729272 3.729272 3.729272 3.729272 3.729272 3.729272 3.729272 3.729272 3.729272 3.729272 3.729272 3.729272 3.729272 3.729272 3.729272 3.729272 3.729272 3.729272 3.729272 3.729272 3.729272 3.729272 3.729272 3.729272 3.729272 3.729272 3.729272 3.729272 3.729272 3.729272 3.729272 3.729272 3.729272 3.729272 3.729272 3.729272 3.729272 3.729272 3.729272 3.729272 3.729272 3.729272 3.729272 3.729272 3.729272 3.729272 3.729272 3.729272 3.729272 3.729272 3.693869 0.4355668 0.4355667 0.4355668 0.4355668
12.69611 14.90609 45.47631 51.18792 51.18792 53.27789 56.2318 56.28388 56.28388 56.28388 56.28388 56.28388 56.28388 56.28388 42.89587 6.963639 3.729272 3.729272 3.729272 3.729272 3.729272 3.729272 3.729272 3.729272 3.729272 3.729272 3.729272 3.729272 3.729272 3.729272 3.729272 3.729272 3.729272 3.729272 3.729272 3.729272 3.729272 3.729272 3.729272 3.729272 3.729272 3.729272 3.729272 3.729272 3.729272 3.729272 3.729272 3.729272 3.729272 3.729272 3.729272 3.729272 3.729272 3.729272 3.729272 3.729272 3.729272 3.729272 3.729272 3.729272 3.729272 3.729272 3.729272 3.729272 3.729272 3.729272 3.729272 3.729272 3.729272 3.705267 0.1042629 0.1042629 0.1042629 0.1042629
12.69611 22.30585 51.18792 51.18793 53.37012 56.27163 56.28388 56.28388 56.28388 56.28388 56.28388 56.28388 56.28389 52.58109 8.511522 3.729272 3.729272 3.729272 3.729272 3.729272 3.729272 3.729272 3.729272 3.729272 3.729272 3.729272 3.729272 3.729272 3.729272 3.729272 3.729272 3.729272 3.729272 3.729272 3.729272 3.729272 3.729272 3.729272 3.729272 3.729272 3.729272 3.729272 3.729272 3.729272 3.729272 3.729272 3.729272 3.729272 3.729272 3.729272 3.729272 3.729272 3.729272 3.729272 3.729272 3.729272 3.729272 3.729272 3.729272 3.729272 3.729272 3.729272 3.729272 3.729272 3.729272 3.729272 3.729272 3.729272 3.729272 3.686803 0.1042629 0.1042629 0.1042629 0.1042629
16.63698 39.01202 51.25276 53.88391 56.26764 56.28388 56.28388 56.28388 56.28388 56.28388 65.75092 73.09308 76.27831 35.77113 3.729272 3.729272 3.729272 3.729272 3.729272 3.729272 3.729272 3.729272 3.729272 3.729272 3.729272 3.729272 3.729272 3.729272 3.729272 3.729272 3.729272 3.729272 3.729272 3.729272 3.729272 3.729272 3.729272 3.729272 3.729272 3.729272 3.729272 3.729272 3.729272 3.729272 3.729272 3.729272 3.729272 3.729272 3.729272 3.729272 3.729272 3.729272 3.729272 3.729272 3.729272 3.729272 3.729272 3.729272 3.729272 3.729272 3.729272 3.729272 3.729272 3.729272 3.729272 3.729272 3.729272 3.729272 3.729272 3.668341 0.1042629 0.1042629 0.1042629 0.1042629
28.4044 51.32537 54.83838 56.28388 56.28388 56.28388 56.52336 65.84444 74.96043 96.80665 111.5634 111.566 111.566 58.40165 3.729272 3.729272 3.729272 3.729272 3.729272 3.729272 3.729272 3.729272 3.729272 3.729272 3.729272 3.729272 3.729272 3.729272 3.729272 3.729272 3.729272 3.729272 3.729272 3.729272 3.729272 3.729272 3.729272 3.729272 3.729272 3.729272 3.729272 3.729272 3.729272 3.729272 3.729272 3.729272 3.729272 3.729272 3.729272 3.729272 3.729272 3.729272 3.729272 3.729272 3.729272 3.729272 3.729272 3.729272 3.729272 3.729272 3.729272 3.729272 3.729272 3.729272 3.729272 3.729272 3.729272 3.729272 3.729272 3.650355 0.1042629 0.1042629 0.1042629 0.1042629
63.57112 133.0672 61.14637 56.28388 56.28388 56.28388 80.88093 111.566 111.566 111.566 111.566 111.566 111.566 71.83992 3.729272 3.729272 3.729272 3.729272 3.729272 3.729272 3.729272 3.729272 3.729272 3.729272 3.729272 3.729272 3.729272 3.729272 3.729272 3.729272 3.729272 3.729272 3.729272 3.729272 3.729272 3.729272 3.729272 3.729272 3.729272 3.729272 3.729272 3.729272 3.729272 3.729272 3.729272 3.729272 3.729272 3.729272 3.729272 3.729272 3.729272 3.729272 3.729272 3.729272 3.729272 3.729272 3.729272 3.729272 3.729272 3.729272 3.729272 3.729272 3.729272 3.729272 3.729272 3.729272 3.729272 3.729272 3.729272 3.632723 0.1042629 0.1042629 0.1042629 0.1042629
233.4067 244.8368 212.885 118.2812 60.09135 57.07388 102.3995 111.566 111.566 111.566 111.566 111.566 111.566 92.80177 3.729272 3.729272 3.729272 3.729272 3.729272 3.729272 3.729272 3.729272 3.729272 3.729272 3.729272 3.729272 3.729272 3.729272 3.729272 3.729272 3.729272 3.729272 3.729272 3.729272 3.729272 3.729272 3.729272 3.729272 3.729272 3.729272 3.729272 3.729272 3.729272 3.729272 3.729272 3.729272 3.729272 3.729272 3.729272 3.729272 3.729272 3.729272 3.729272 3.729272 3.729272 3.729272 3.729272 3.729272 3.729272 3.729272 3.729272 3.729272 3.729272 3.729272 3.729272 3.729272 3.729272 3.729272 3.729272 3.61509 0.1042629 0.1042629 0.1042629 0.1042629
121.8272 139.7924 205.8125 244.8367 230.2441 177.2626 129.6723 111.566 111.566 111.566 111.566 111.566 111.566 109.9289 10.90858 3.729272 3.729272 3.729272 3.729272 3.729272 3.729272 3.729272 3.729272 3.729272 3.729272 3.729272 3.729272 3.729272 3.729272 3.729272 3.729272 3.729272 3.729272 3.729272 3.729272 3.729272 3.729272 3.729272 3.729272 3.729272 3.729272 3.729272 3.729272 3.729272 3.729272 3.729272 3.729272 3.729272 3.729272 3.729272 3.729272 3.729272 3.729272 3.729272 3.729272 3.729272 3.729272 3.729272 3.729272 3.729272 3.729272 3.729272 3.729272 3.729272 3.729272 3.729272 3.729272 3.729272 3.729272 3.597457 0.1042629 0.1042629 0.1042629 0.1042629
23.9957 23.9957 91.17915 244.8368 244.8367 244.8368 235.8079 143.7594 111.566 111.566 111.566 111.566 111.566 111.566 48.11605 3.729272 3.729272 3.729272 3.729272 3.729272 3.729272 3.729272 3.729272 3.729272 3.729272 3.729272 3.729272 3.729272 3.729272 3.729272 3.729272 3.729272 3.729272 3.729272 3.729272 3.729272 3.729272 3.729272 3.729272 3.729272 3.729272 3.729272 3.729272 3.729272 3.729272 3.729272 3.729272 3.729272 3.729272 3.729272 3.729272 3.729272 3.729272 3.729272 3.729272 3.729272 3.729272 3.729272 3.729272 3.729272 3.729272 3.729272 3.729272 3.729272 3.729272 3.729272 3.729272 3.729272 3.729272 3.579824 0.1042629 0.1042629 0.1042629 0.1042629
23.99569 23.99569 24.00575 131.2544 237.0673 244.8367 243.6707 134.378 74.32127 94.399 111.566 111.566 111.566 111.566 71.82375 3.729272 3.729272 3.729272 3.729271 3.729272 3.729272 3.729272 3.729271 3.729272 3.729271 3.729272 3.729271 3.729272 3.729271 3.729272 3.729271 3.729272 3.729272 3.729272 3.729271 3.729271 3.729271 3.729272 3.729271 3.729272 3.729272 3.729272 3.729271 3.729272 3.729271 3.729272 3.729272 3.729272 3.729271 3.729272 3.729271 3.729272 3.729272 3.729272 3.729272 3.729271 3.729272 3.729271 3.729272 3.729272 3.729272 3.729271 3.729272 3.729271 3.729272 3.729272 3.729272 3.729271 3.729272 3.562191 0.1042629 0.1042629 0.1042629 0.1042629
23.9957 23.9957 23.9957 23.99569 153.0017 236.0091 140.7175 59.08557 59.08557 76.48621 111.566 111.566 111.566 108.4972 38.12352 3.729272 3.729272 3.729272 3.729272 3.729272 3.729272 3.729272 3.729272 3.729272 3.729272 3.729272 3.729272 3.729272 3.729272 3.729272 3.729272 3.729272 3.729272 3.729271 3.729272 3.729272 3.729272 3.729272 3.729272 3.729272 3.729272 3.729272 3.729272 3.729272 3.729272 3.729272 3.729272 3.729272 3.729272 3.729272 3.729272 3.729272 3.729272 3.729272 3.729272 3.729272 3.729272 3.729272 3.729272 3.729272 3.729272 3.729272 3.729272 3.729272 3.729272 3.729272 3.729272 3.729272 3.729272 3.544558 0.1042629 0.1042629 0.1042629 0.1042629
23.9957 23.9957 23.9957 23.99569 52.10585 88.77353 59.08557 59.08557 59.08557 62.55845 102.0074 100.429 72.39011 26.22781 3.729272 3.729272 3.729272 3.729272 3.729272 3.729272 3.729272 3.729272 3.729272 3.729272 3.729272 3.729272 3.729272 3.729272 3.729272 3.729272 3.729272 3.729272 3.729272 3.729272 3.729272 3.729272 3.729272 3.729272 3.729272 3.729272 3.729272 3.729272 3.729272 3.729272 3.729272 3.729272 3.729272 3.729272 3.729272 3.729272 3.729272 3.729272 3.729272 3.729272 3.729272 3.729272 3.729272 3.729272 3.729272 3.729272 3.729272 3.729272 3.729272 3.729272 3.729272 3.729272 3.729272 3.729272 3.729272 3.526925 0.1042629 0.1042629 0.1042629 0.1042629
23.99569 23.99569 23.99569 23.9957 42.99425 59.08557 59.08557 59.08558 59.08557 59.08558 59.08557 55.03176 5.218508 3.729271 3.729271 3.729272 3.729272 3.729271 3.729272 3.729271 3.729272 3.729271 3.729272 3.729271 3.729272 3.729271 3.729272 3.729272 3.729272 3.729271 3.729272 3.729271 3.729271 3.729272 3.729272 3.729271 3.729272 3.729272 3.729272 3.729272 3.729272 3.729271 3.729272 3.729272 3.729272 3.729272 3.729272 3.729272 3.729272 3.729271 3.729272 3.729272 3.729272 3.729272 3.729272 3.729272 3.729271 3.729272 3.729272 3.729272 3.729271 3.729272 3.729272 3.729272 3.729271 3.729272 3.729272 3.729272 3.729272 3.509292 0.1042629 0.1042629 0.1042629 0.1042629
23.9957 23.9957 23.9957 23.9957 49.66431 59.08557 59.08671 59.08558 61.47765 154.1315 130.2582 104.2428 52.79209 4.10894 3.729272 3.729271 3.729272 3.729272 3.729272 3.729272 3.729272 3.729271 3.729272 3.729272 3.729272 3.729272 3.729272 3.729272 3.729272 3.729272 3.729272 3.729272 3.729272 3.729272 3.729272 3.729271 3.729272 3.729272 3.729272 3.729272 3.729272 3.729271 3.729272 3.729271 3.729272 3.729272 3.729272 3.729272 3.729272 3.729272 3.729272 3.729272 3.729272 3.729272 3.729272 3.729272 3.729271 3.729272 3.729272 3.729272 3.729272 3.729272 3.729271 3.729272 3.729272 3.729272 3.729272 3.729272 3.729272 3.491659 0.1042629 0.1042629 0.1042629 0.1042629
23.9957 23.9957 23.99569 23.9957 48.39942 59.19369 59.1997 59.17881 74.80816 267.9361 268.0636 249.9961 110.2152 85.97193 41.82473 6.537857 3.729272 3.729272 3.729272 3.729272 3.729272 3.729272 3.729272 3.729272 3.729272 3.729272 3.729272 3.729272 3.729272 3.729272 3.729272 3.729272 3.729272 3.729272 3.729272 3.729272 3.729272 3.729272 3.729272 3.729272 3.729272 3.729272 3.729272 3.729272 3.729272 3.729272 3.729272 3.729272 3.729272 3.729272 3.729272 3.729272 3.729272 3.729272 3.729272 3.729272 3.729272 3.729272 3.729272 3.729272 3.729272 3.729272 3.729272 3.729272 3.729272 3.729272 3.729272 3.729272 3.729272 2.229104 0.1042629 0.1042629 0.1042629 0.1042629
