Scenarios/Heterogeneous/data/country_data_population_distribution/processed/density_grids/yem.asc
ncols 325
nrows 168
xllcorner 41
yllcorner 12
cellsize 0.041666666666667
NODATA_value -9999
[rows 32 to 63 of 168, columns 222 to 295 of 325]
0.4277431 0.3845884 0.3798864 0.3798864 0.3798864 0.3798864 0.3798864 0.3798864 0.3798864 0.3798864 0.3798864 0.3798864 0.3798864 0.3798864 0.3798864 0.3798864 0.3798864 0.3798864 0.3798864 0.3798864 0.3798864 0.3798864 0.3798864 0.3798864 0.3798864 0.3798864 0.3798864 0.2697889 0.241804 0.241804 0.241804 0.241804 0.241804 0.241804 0.241804 0.241804 0.241804 0.241804 0.241804 0.241804 0.241804 0.241804 0.241804 0.241804 0.241804 0.241804 0.3062204 0.6730536 0.6730536 0.6730536 0.6730536 0.6730536 0.6730536 0.6730536 0.6730535 0.6730536 0.6730536 0 0 0 0 0 0 0 0 0 0 0 0 0 0 0 0 0
0.4245922 0.3799269 0.3798864 0.3798864 0.3798864 0.3798864 0.3798864 0.3798864 0.3798864 0.3798864 0.3798864 0.3798864 0.3798864 0.3798864 0.3798864 0.3798864 0.3798864 0.3798864 0.3798864 0.3798864 0.3798864 0.3798864 0.3798864 0.3798864 0.3798864 0.3798864 0.3521488 0.2418176 0.241804 0.241804 0.241804 0.241804 0.241804 0.241804 0.241804 0.241804 0.241804 0.241804 0.241804 0.241804 0.241804 0.241804 0.241804 0.241804 0.241804 0.241804 0.2769815 0.6730535 0.6730535 0.6730535 0.6730535 0.6730535 0.6730535 0.6730535 0.6730535 0.6730535 0.6730535 0.7371296 0 0 0 0 0 0 0 0 0 0 0 0 0 0 0 0
0.4168205 0.3798864 0.3798864 0.3798864 0.3798864 0.3798864 0.3798864 0.3798864 0.3798864 0.3798864 0.3798864 0.3798864 0.3798864 0.3798864 0.3798864 0.3798864 0.3798864 0.3798864 0.3798864 0.3798864 0.3798864 0.3798864 0.3798864 0.3798864 0.3798864 0.3798864 0.289446 0.241804 0.241804 0.241804 0.241804 0.241804 0.241804 0.241804 0.241804 0.241804 0.241804 0.241804 0.241804 0.241804 0.241804 0.241804 0.241804 0.241804 0.241804 0.241804 0.2490312 0.6717649 0.6730536 0.6730535 0.6730536 0.6730535 0.6730536 0.6730536 0.6730536 0.6730536 0.6730536 0.6730536 0 0 0 0 0 0 0 0 0 0 0 0 0 0 0 0
0.4090081 0.3798864 0.3798864 0.3798864 0.3798864 0.3798864 0.3798864 0.3798864 0.3798864 0.3798864 0.3798864 0.3798864 0.3798864 0.3798864 0.3798864 0.3798864 0.3798864 0.3798864 0.3798864 0.3798864 0.3798864 0.3798864 0.3798864 0.3798864 0.3798864 0.3622438 0.243831 0.241804 0.241804 0.241804 0.241804 0.241804 0.241804 0.241804 0.241804 0.241804 0.241804 0.241804 0.241804 0.241804 0.241804 0.241804 0.241804 0.241804 0.241804 0.241804 0.241804 0.6497533 0.6730535 0.6730536 0.6730535 0.6730536 0.6730535 0.6730536 0.6730535 0.6730536 0.6730535 0.6730536 0.7577881 0 0 0 0 0 0 0 0 0 0 0 0 0 0 0
0.4011959 0.3798864 0.3798864 0.3798864 0.3798864 0.3798864 0.3798864 0.3798864 0.3798864 0.3798864 0.3798864 0.3798864 0.3798864 0.3798864 0.3798864 0.3798864 0.3798864 0.3798864 0.3798864 0.3798864 0.3798864 0.3798864 0.3798864 0.3798864 0.3798864 0.2950646 0.241804 0.241804 0.241804 0.241804 0.241804 0.241804 0.241804 0.241804 0.241804 0.241804 0.241804 0.241804 0.241804 0.241804 0.241804 0.241804 0.241804 0.241804 0.241804 0.241804 0.241804 0.6205144 0.6730536 0.6730535 0.6730536 0.6730535 0.6730536 0.6730535 0.6730536 0.6730535 0.6730536 0.6730535 0.6730536 0 0 0 0 0 0 0 0 0 0 0 0 0 0 0
0.3933835 0.3798864 0.3798864 0.3798864 0.3798864 0.3798864 0.3798864 0.3798864 0.3798864 0.3798864 0.3798864 0.3798864 0.3798864 0.3798864 0.3798864 0.3798864 0.3798864 0.3798864 0.3798864 0.3798864 0.3798864 0.3798864 0.3798864 0.3798864 0.3565371 0.2434668 0.241804 0.241804 0.241804 0.241804 0.241804 0.241804 0.241804 0.241804 0.241804 0.241804 0.241804 0.241804 0.241804 0.241804 0.241804 0.241804 0.241804 0.241804 0.241804 0.241804 0.241804 0.5912755 0.6730536 0.6730535 0.6730536 0.6730536 0.6730536 0.6730536 0.6730536 0.6730535 0.6730536 0.6730535 0.6730536 0.7813286 0 0 0 0 0 0 0 0 0 0 0 0 0 0
0.3884769 0.3798864 0.3798864 0.3798864 0.3798864 0.3798864 0.3798864 0.3798864 0.3798864 0.3798864 0.3798864 0.3798864 0.3798864 0.3798864 0.3798864 0.3798864 0.3798864 0.3798864 0.3798864 0.3798864 0.3798864 0.3798864 0.3798864 0.3798864 0.2832529 0.241804 0.241804 0.241804 0.241804 0.241804 0.241804 0.241804 0.241804 0.241804 0.241804 0.241804 0.241804 0.241804 0.241804 0.241804 0.241804 0.241804 0.241804 0.241804 0.241804 0.241804 0.241804 0.5659885 0.6730536 0.6730535 0.6730536 0.6730535 0.6730536 0.6730536 0.6730536 0.6730535 0.6730536 0.6730535 0.6730536 0.6730535 0 0 0 0 0 0 0 0 0 0 0 0 0 0
0.3871021 0.3798864 0.3798864 0.3798864 0.3798864 0.3798864 0.3798864 0.3798864 0.3798864 0.3798864 0.3798864 0.3798864 0.3798864 0.3798864 0.3798864 0.3798864 0.3798864 0.3798864 0.3798864 0.3798864 0.3798864 0.3798864 0.3798864 0.3462828 0.2419095 0.241804 0.241804 0.241804 0.241804 0.241804 0.241804 0.241804 0.241804 0.241804 0.241804 0.241804 0.241804 0.241804 0.241804 0.241804 0.241804 0.241804 0.241804 0.241804 0.241804 0.241804 0.241804 0.5599235 0.6730536 0.6730536 0.6730536 0.6730536 0.6730536 0.6730536 0.6730536 0.6730536 0.6730536 0.6730536 0.6730536 0.6730535 0.8513744 0 0 0 0 0 0 0 0 0 0 0 0 0
0.3857355 0.3798864 0.3798864 0.3798864 0.3798864 0.3798864 0.3798864 0.3798864 0.3798864 0.3798864 0.3798864 0.3798864 0.3798864 0.3798864 0.3798864 0.3798864 0.3798864 0.3798864 0.3798864 0.3798864 0.3798864 0.3798864 0.3739311 0.268196 0.241804 0.241804 0.241804 0.241804 0.241804 0.241804 0.241804 0.241804 0.241804 0.241804 0.241804 0.241804 0.241804 0.241804 0.241804 0.241804 0.241804 0.241804 0.241804 0.241804 0.241804 0.241804 0.241804 0.5564148 0.6730535 0.6730535 0.6730535 0.6730535 0.6730535 0.6730536 0.6730535 0.6730535 0.6730535 0.6730535 0.6730535 0.6872699 0 0 0 0 0 0 0 0 0 0 0 0 0 0
0.384369 0.3798864 0.3798864 0.3798864 0.3798864 0.3798864 0.3798864 0.3798864 0.3798864 0.3798864 0.3798864 0.3798864 0.3798864 0.3798864 0.3798864 0.3798864 0.3798864 0.3798864 0.3798864 0.3798864 0.3798864 0.3766667 0.2802187 0.241804 0.241804 0.241804 0.241804 0.241804 0.241804 0.241804 0.241804 0.241804 0.241804 0.241804 0.241804 0.241804 0.241804 0.241804 0.241804 0.241804 0.241804 0.241804 0.241804 0.241804 0.241804 0.241804 0.241804 0.5529063 0.6730536 0.6730536 0.6730536 0.6730536 0.6730536 0.6730536 0.6730536 0.6730536 0.6730536 0.6730536 0.6730536 0.6730536 0.684788 0.8720995 0 0 0 0 0 0 0 0 0 0 0 0
0.3830101 0.3798864 0.3798864 0.3798864 0.3798864 0.3798864 0.3798864 0.3798864 0.3798864 0.3798864 0.3798864 0.3798864 0.3798864 0.3798864 0.3798864 0.3798864 0.3798864 0.3798864 0.3798864 0.3798864 0.3785678 0.2886437 0.241804 0.241804 0.241804 0.241804 0.241804 0.241804 0.241804 0.241804 0.241804 0.241804 0.241804 0.241804 0.241804 0.241804 0.241804 0.241804 0.241804 0.241804 0.241804 0.241804 0.241804 0.241804 0.241804 0.241804 0.241804 0.5493976 0.6730536 0.6730536 0.6730536 0.6730536 0.6730536 0.6730535 0.6730536 0.6730536 0.6730536 0.6730536 0.6730536 0.8456215 0 0 0 0 0 0 0 0 0 0 0 0 0 0
0.3816577 0.3798864 0.3798864 0.3798864 0.3798864 0.3798864 0.3798864 0.3798864 0.3798864 0.3798864 0.3798864 0.3798864 0.3798864 0.3798864 0.3798864 0.3798864 0.3798864 0.3798864 0.3798864 0.3798864 0.3030705 0.241804 0.241804 0.241804 0.241804 0.241804 0.241804 0.241804 0.241804 0.241804 0.241804 0.241804 0.241804 0.241804 0.241804 0.241804 0.241804 0.241804 0.241804 0.241804 0.241804 0.241804 0.241804 0.241804 0.241804 0.241804 0.241804 0.545889 0.6730536 0.6730535 0.6730536 0.6730535 0.6730536 0.6730535 0.6730536 0.6730535 0.6730536 0.6730535 0.6730536 0 0 0 0 0 0 0 0 0 0 0 0 0 0 0
0.3803301 0.3798864 0.3798864 0.3798864 0.3798864 0.3798864 0.3798864 0.3798864 0.3798864 0.3798864 0.3798864 0.3798864 0.3798864 0.3798864 0.3798864 0.3798864 0.3798864 0.3798864 0.3798864 0.3581481 0.2436607 0.241804 0.241804 0.241804 0.241804 0.241804 0.241804 0.241804 0.241804 0.241804 0.241804 0.241804 0.241804 0.241804 0.241804 0.241804 0.241804 0.241804 0.241804 0.241804 0.241804 0.241804 0.241804 0.241804 0.241804 0.241804 0.241804 0.5322992 0.6730536 0.6730536 0.6730536 0.6730536 0.6730536 0.6730536 0.6730536 0.6730536 0.6730536 0.6730536 0.6730536 0 0 0 0 0 0 0 0 0 0 0 0 0 0 0
0.3798864 0.3798864 0.3798864 0.3798864 0.3798864 0.3798864 0.3798864 0.3798864 0.3798864 0.3798864 0.3798864 0.3798864 0.3798864 0.3798864 0.3798864 0.3798864 0.3798864 0.3971453 0.4637974 0.5205029 0.5414878 0.5464406 0.5501285 0.5110192 0.4440036 0.3769851 0.3068256 0.241804 0.241804 0.241804 0.241804 0.241804 0.241804 0.241804 0.241804 0.241804 0.241804 0.241804 0.241804 0.241804 0.241804 0.241804 0.241804 0.241804 0.241804 0.241804 0.241804 0.4874423 0.6730536 0.6730536 0.6730536 0.6730536 0.6730536 0.6730536 0.6730536 0.6730536 0.6730535 0.6730536 0.6730536 0 0 0 0 0 0 0 0 0 0 0 0 0 0 0
0.3798864 0.3798864 0.3798864 0.3798864 0.3798864 0.3798864 0.3798864 0.3798864 0.3798864 0.3798864 0.3798864 0.3798864 0.3798864 0.3798864 0.3798864 0.4135494 0.5134053 0.5860394 0.5894262 0.5894263 0.5894262 0.5894263 0.5894262 0.5894263 0.5894263 0.5894263 0.5894142 0.4437159 0.2478462 0.241804 0.241804 0.241804 0.241804 0.241804 0.241804 0.241804 0.241804 0.241804 0.241804 0.241804 0.241804 0.241804 0.241804 0.241804 0.241804 0.241804 0.241804 0.4716128 0.6730536 0.6730535 0.6730536 0.6730535 0.6730536 0.6730536 0.6730536 0.6730535 0.6730536 0.6730535 0.6730536 0 0 0 0 0 0 0 0 0 0 0 0 0 0 0
0.3798864 0.3798864 0.3798864 0.3798864 0.3798864 0.3798864 0.3798864 0.3798864 0.3798864 0.3798864 0.3798864 0.3798864 0.3798864 0.3874804 0.5017559 0.5876679 0.5894262 0.5894262 0.5894262 0.5894262 0.5894263 0.5894262 0.5894262 0.5894262 0.5894262 0.5894262 0.5894262 0.5894262 0.4990985 0.2670612 0.241804 0.241804 0.241804 0.241804 0.241804 0.241804 0.241804 0.241804 0.241804 0.241804 0.241804 0.241804 0.241804 0.241804 0.241804 0.241804 0.241804 0.5192805 0.6730536 0.6730536 0.6730536 0.6730536 0.6730535 0.6730536 0.6730536 0.6730536 0.6730536 0.6730536 0.6730536 0.6770031 0 0 0 0 0 0 0 0 0 0 0 0 0 0
0.3798864 0.3798864 0.3798864 0.3798864 0.3798864 0.3798864 0.3798864 0.3798864 0.3798864 0.3798864 0.3798864 0.3798864 0.4201371 0.5547948 0.5894262 0.5894262 0.5894262 0.5894262 0.5894262 0.5894262 0.5894262 0.5894262 0.5894262 0.5894262 0.5894262 0.5894262 0.5894262 0.5894262 0.5894262 0.541309 0.2994604 0.241804 0.241804 0.241804 0.241804 0.241804 0.241804 0.241804 0.241804 0.241804 0.241804 0.241804 0.241804 0.241804 0.241804 0.241804 0.241804 0.5687956 0.6730535 0.6730536 0.6730536 0.6730536 0.6730536 0.6730536 0.6730536 0.6730536 0.6730535 0.6730536 0.6730536 0.6730536 0.6948181 0 0 0 0 0 0 0 0 0 0 0 0 0
0.3798864 0.3798864 0.3798864 0.3798864 0.3798864 0.3798864 0.3798864 0.3798864 0.3798864 0.3798864 0.3834204 0.4887251 0.5855924 0.5894262 0.5894262 0.5894262 0.5894262 0.5894262 0.5894262 0.5894262 0.5894262 0.5894262 0.5894262 0.5894262 0.5894262 0.5894262 0.5894262 0.5894262 0.5894262 0.5894262 0.5593753 0.2712224 0.241804 0.241804 0.241804 0.241804 0.241804 0.241804 0.241804 0.241804 0.241804 0.241804 0.241804 0.241804 0.241804 0.241804 0.241804 0.6183108 0.6730536 0.6730536 0.6730536 0.6730536 0.6730536 0.6730536 0.6730536 0.6730536 0.6730536 0.6730536 0.6730536 0.6730536 0.6730536 0.8942853 0 0 0 0 0 0 0 0 0 0 0 0
0.3798864 0.3798864 0.3798864 0.3798864 0.3798864 0.3798864 0.3798864 0.3798864 0.3798864 0.3798864 0.5225726 0.5894262 0.5894262 0.5894262 0.5894262 0.5894262 0.5894262 0.5894262 0.5894262 0.5894262 0.5894262 0.5894262 0.5894262 0.5894262 0.5894262 0.5894262 0.5894262 0.5894262 0.5894262 0.5894262 0.5894262 0.478413 0.2419292 0.241804 0.241804 0.241804 0.241804 0.241804 0.241804 0.241804 0.241804 0.241804 0.241804 0.241804 0.7169007 3.220623 3.811602 3.186559 2.524074 1.898471 1.272847 0.7388694 0.6730535 0.6730535 0.6730535 0.6730535 0.6730535 0.6730535 0.6730535 0.6730535 0.6730535 0.6730535 1.085069 0 0 0 0 0 0 0 0 0 0 0
0.3798864 0.3798864 0.3798864 0.3798864 0.3798864 0.3798864 0.3798864 0.3798864 0.3798864 0.4144428 0.5893868 0.5894262 0.5894262 0.5894262 0.5894262 0.5894262 0.5894262 0.5894262 0.5894262 0.5894262 0.5894262 0.5894262 0.5894262 0.5894262 0.5894262 0.5894262 0.5894262 0.5894262 0.5894262 0.5894262 0.5894262 0.5894262 0.3672611 0.241804 0.241804 0.241804 0.241804 0.241804 0.241804 0.241804 0.241804 0.241804 0.2438506 1.974523 4.734486 5.073861 5.073861 5.073861 5.073861 5.073861 5.073861 4.982216 4.497505 4.504698 4.6602 4.824059 4.764572 4.268702 3.409128 2.543321 1.645069 0.8224965 0.6730535 1.334703 0 0 0 0 0 0 0 0 0 0
0.3798864 0.3798864 0.3798864 0.3798864 0.3798864 0.3798864 0.3798864 0.3798864 0.3798864 0.510288 0.5894262 0.5894262 0.5894262 0.5894262 0.5894262 0.5894262 0.5894262 0.5894262 0.5894262 0.5894262 0.5894262 0.5894262 0.5894262 0.5894262 0.5894262 0.5894262 0.5894262 0.5894262 0.5894262 0.5894262 0.5894262 0.5894262 0.5562558 0.2573969 0.241804 0.241804 0.241804 0.241804 0.241804 0.241804 0.241804 0.281516 3.363961 5.07386 5.073861 5.073861 5.073861 5.07386 5.073861 5.073861 5.073861 5.073861 5.073861 5.07386 5.096248 5.365857 5.366738 5.366738 5.366738 5.366738 5.366738 5.284999 4.442435 3.224952 2.908986 0 0 0 0 0 0 0 0 0
0.3798864 0.3798864 0.3798864 0.3798864 0.3798864 0.3798864 0.3798864 0.3801507 0.4538792 0.58902 0.5894262 0.5894262 0.5894262 0.5894262 0.5894262 0.5894262 0.5894262 0.5894262 0.5894262 0.5894262 0.5894262 0.5894262 0.5894262 0.5894262 0.5894262 0.5894262 0.5894262 0.5894262 0.5894262 0.5894262 0.5894262 0.5894262 0.5894262 0.4127246 0.241804 0.241804 0.241804 0.241804 0.241804 0.241804 0.241804 2.809887 5.07386 5.073861 5.07386 5.073861 5.073861 5.073861 5.07386 5.073861 5.07386 5.073861 5.07386 5.073861 5.07386 5.318072 5.366738 5.366738 5.366738 5.366738 5.366738 5.366738 5.366738 5.366738 5.366738 5.366738 5.366738 0 0 0 0 0 0 0
0.3798864 0.3798864 0.3798864 0.3803565 0.4011874 0.4328726 0.467266 0.5476662 0.5894262 0.5894262 0.5894263 0.5894262 0.5894263 0.5894262 0.5894263 0.5894262 0.5894263 0.5894262 0.5894263 0.5894262 0.5894263 0.5894262 0.5894263 0.5894262 0.5894262 0.5894262 0.5894263 0.5894262 0.5894263 0.5894262 0.5894263 0.5894262 0.5894262 0.571393 0.2716337 0.241804 0.241804 0.241804 0.241804 0.241804 1.993976 5.065415 5.073861 5.073861 5.073861 5.073861 5.073861 5.073861 5.073861 5.073861 5.073861 5.073861 5.073861 5.073861 5.073861 5.243648 5.366738 5.366738 5.366738 5.366738 5.366738 5.366738 5.366738 5.366738 5.366738 5.366738 5.366738 4.640749 0 0 0 0 0 0
0.3798864 0.4005446 0.4954729 0.5764778 0.5894263 0.5894262 0.5894263 0.5894263 0.5894263 0.5894262 0.5894263 0.5894262 0.5894263 0.5894262 0.5894263 0.5894262 0.5894263 0.5894262 0.5894263 0.5894262 0.5894262 0.5894262 0.5894263 0.5894262 0.5894263 0.5894262 0.5894263 0.5894263 0.5894263 0.5894262 0.5894263 0.5894262 0.5894263 0.5894263 0.4420985 0.241804 0.241804 0.241804 0.241804 1.536313 4.935306 5.073861 5.073861 5.073861 5.073861 5.073861 5.073861 5.073861 5.073861 5.073861 5.073861 5.073861 5.073861 5.073861 5.073861 5.169223 5.366738 5.366738 5.366738 5.366739 5.366738 5.366738 5.366738 5.366738 5.366738 5.366739 5.366738 5.363336 0 0 0 0 0 0
0.5024005 0.5698577 0.5894262 0.5894262 0.5894262 0.5894262 0.5894262 0.5894262 0.5894262 0.5894262 0.5894262 0.5894262 0.5894262 0.5894262 0.5894262 0.5894262 0.5894262 0.5894262 0.5894262 0.5894262 0.5894262 0.5894262 0.5894262 0.5894262 0.5894262 0.5894262 0.5894262 0.5894262 0.5894262 0.5894262 0.5894262 0.5894262 0.5894262 0.5894262 0.5837076 0.4140701 0.2488026 0.241804 1.352766 4.863143 5.073861 5.073861 5.073861 5.073861 5.073861 5.073861 5.073861 5.073861 5.073861 5.073861 5.073861 5.073861 5.073861 5.073861 5.073861 5.087842 5.330328 5.366738 5.366738 5.366738 5.366738 5.366738 5.366738 5.366738 5.366738 5.366738 5.366738 5.336959 0 0 0 0 0 0
0.6980017 0.5894263 0.5894262 0.5894263 0.5894262 0.5894263 0.5894262 0.5894262 0.5894262 0.5894263 0.5894262 0.5894263 0.5894262 0.5894263 0.5894262 0.5894263 0.5894263 0.5894263 0.5894262 0.5894263 0.5894262 0.5894263 0.5894263 0.5894263 0.5894262 0.5894263 0.5894262 0.5894263 0.5894262 0.5894263 0.5894262 0.5894263 0.5894262 0.5894263 0.5894262 0.5894263 0.5246949 2.4637 4.840913 5.073861 5.073861 5.073861 5.073861 5.073861 5.073861 5.073861 5.073861 5.073861 5.073861 5.073861 5.073861 5.073861 5.073861 5.073861 5.073861 5.073861 5.10449 5.323601 5.366738 5.366738 5.366738 5.366738 5.366738 5.366738 5.366738 5.366738 0 0 0 0 0 0 0 0
0.5894262 0.5894262 0.5894262 0.5894262 0.5894262 0.5894262 0.5894262 0.5894262 0.5894262 0.5894262 0.5894262 0.5894262 0.5894262 0.5894262 0.5894262 0.5894262 0.5894262 0.5894262 0.5894262 0.5894262 0.5894262 0.5894262 0.5894262 0.5894262 0.5894262 0.5894262 0.5894262 0.5894262 0.5894262 0.5894262 0.5894262 0.5894262 0.5894262 0.5894262 0.5894262 0.5894262 1.560138 4.672865 5.07386 5.07386 5.073861 5.07386 5.07386 5.073861 5.07386 5.07386 5.073861 5.07386 5.07386 5.07386 5.07386 5.07386 5.07386 5.073861 5.07386 5.07386 5.073861 5.104466 5.323573 5.366738 5.366738 5.366738 5.366738 0 0 0 0 0 0 0 0 0 0 0
0.8788404 0.5894262 0.5894262 0.5894262 0.5894262 0.5894262 0.5894262 0.5894262 0.5894262 0.5894262 0.5894262 0.5894262 0.5894262 0.5894262 0.5894262 0.5894262 0.5894262 0.5894262 0.5894262 0.5894262 0.5894262 0.5894262 0.5894262 0.5894262 0.5894262 0.5894262 0.5894262 0.5894262 0.5894262 0.5894262 0.5894262 0.5894262 0.5894262 0.5894262 0.5894262 2.007385 4.918083 5.073861 5.073861 5.073861 5.073861 5.073861 5.073861 5.073861 5.073861 5.073861 5.073861 5.073861 5.073861 5.073861 5.073861 5.073861 5.073861 5.073861 5.073861 5.073861 5.073861 5.073861 5.112149 5.357703 5.366738 0 0 0 0 0 0 0 0 0 0 0 0 0
0.8125482 0.5894262 0.5894262 0.5894262 0.5894262 0.5894262 0.5894262 0.5894262 0.5894262 0.5894262 0.5894262 0.5894262 0.5894262 0.5894262 0.5894262 0.5894262 0.5894262 0.5894262 0.5894262 0.5894262 0.5894262 0.5894262 0.5894262 0.5894262 0.5894262 0.5894262 0.5894262 0.5894262 0.5894262 0.5894262 0.5894262 0.5894262 0.5894262 0.5894262 2.394696 5.019953 5.073861 5.073861 5.073861 5.073861 5.073861 5.073861 5.073861 5.073861 5.073861 5.073861 5.073861 5.073861 5.073861 5.073861 5.073861 5.073861 5.073861 5.073861 5.073861 5.07386 5.07386 5.073861 0 0 0 0 0 0 0 0 0 0 0 0 0 0 0 0
0.5894262 0.5894263 0.5894262 0.5894263 0.5894262 0.5894263 0.5894262 0.5894262 0.5894262 0.5894263 0.5894262 0.5894263 0.5894262 0.5894263 0.5894263 0.5894263 0.5894262 0.5894263 0.5894262 0.5894263 0.5894263 0.5894263 0.5894262 0.5894263 0.5894262 0.5894263 0.5894262 0.5894262 0.5894262 0.5894263 0.5894262 0.5894263 0.5948225 2.823319 5.067562 5.073861 5.073861 5.073861 5.073861 5.073861 5.073861 5.073861 5.073861 5.073861 5.073861 5.073861 5.073861 5.073861 5.073861 5.073861 5.073861 5.073861 5.073861 5.07386 5.073861 0 0 0 0 0 0 0 0 0 0 0 0 0 0 0 0 0 0 0
0.5894263 0.5894263 0.5894262 0.5894263 0.5894262 0.5894263 0.5894263 0.5894263 0.5894262 0.5894262 0.5894262 0.5894262 0.5894263 0.5894263 0.5894262 0.5894263 0.5894262 0.5894263 0.5894262 0.5894262 0.5894262 0.5894263 0.5894263 0.5894262 0.5894263 0.5894262 0.5894262 0.5894263 0.5894263 0.5894262 0.5894263 0.5894263 3.122914 5.073861 5.073861 5.073861 5.073861 5.073861 5.073861 5.073861 5.073861 5.073861 5.073861 5.073861 5.073861 5.073861 5.073861 5.073861 5.073861 5.073861 5.073861 5.073861 5.073861 0 0 0 0 0 0 0 0 0 0 0 0 0 0 0 0 0 0 0 0 0
0.5894262 0.5894263 0.5894262 0.5894263 0.5894263 0.5894263 0.5894262 0.5894263 0.5894263 0.5894263 0.5894262 0.5894263 0.5894262 0.5894263 0.5894262 0.5894263 0.5894262 0.5894263 0.5894262 0.5894263 0.5894262 0.5894263 0.5894263 0.5894263 0.5894262 0.5894263 0.5894263 0.5894263 0.5894262 0.5894263 0.5894262 1.378426 5.05285 5.073861 5.073861 5.073861 5.073861 5.073861 5.073861 5.073861 5.073861 5.073861 5.073861 5.073861 5.073861 5.073861 5.073861 5.073861 5.073861 5.073861 5.073861 5.073861 0 0 0 0 0 0 0 0 0 0 0 0 0 0 0 0 0 0 0 0 0 0
