Scenarios/Heterogeneous/data/country_data_population_distribution/processed/density_grids/yem.asc
ncols 325
nrows 168
xllcorner 41
yllcorner 12
cellsize 0.041666666666667
NODATA_value -9999
[rows 96 to 127 of 168, columns 148 to 221 of 325]
6.299386 6.299387 6.299386 6.299387 6.299386 6.299387 6.299386 6.299387 6.299386 6.299387 6.301335 9.786721 11.74003 11.74003 11.74003 11.74003 11.74003 11.74003 11.74003 11.74003 11.74003 11.74003 11.74003 11.74003 11.74003 17.40407 19.42946 19.42945 19.42946 19.42945 19.42945 19.42945 19.42946 19.58161 27.97309 31.58049 32.2901 32.2901 32.2901 32.2901 32.2901 32.2901 32.2901 32.2901 32.21798 25.52764 14.48578 14.25334 17.54515 18.91376 27.57047 36.1759 38.99636 41.03786 41.03786 41.03785 41.03785 41.03785 41.03786 41.03785 41.03786 41.03785 41.03785 41.03785 26.23042 22.41859 22.41859 22.41859 22.41859 22.41859 22.41859 22.41034 20.74071 20.31892
6.225741 6.299386 6.299387 6.299386 6.299387 6.299386 6.299387 6.299386 6.320069 7.19806 8.29846 10.43595 11.72978 11.74003 11.74003 11.74003 11.74003 11.74003 11.74003 11.74003 11.74003 11.74003 11.74003 11.74003 11.74003 14.83942 19.42945 19.42946 19.42945 19.42945 19.42946 19.42945 19.42945 19.2856 13.79611 15.85132 24.85365 32.2901 32.2901 32.2901 32.2901 32.2901 32.2901 32.2901 32.2901 32.2901 32.28608 32.27526 32.2901 32.2901 32.2901 32.2901 32.29138 37.80662 41.03786 41.03786 41.03786 41.03786 41.03786 41.03786 41.03786 41.03786 41.03786 40.85115 24.574 22.41859 22.41859 22.41859 22.41859 22.41859 22.41859 22.41859 22.22201 20.57498
3.975369 5.8734 6.299387 6.299387 6.299386 6.299387 6.299387 7.18751 8.496886 8.892988 8.892988 8.892988 9.783623 11.50646 11.74003 11.74003 11.74003 11.74003 11.74003 11.74003 11.74003 11.74003 11.74003 11.74003 11.74003 15.81287 19.42946 19.42946 19.42946 19.42946 19.42946 19.42946 19.42946 19.20455 13.79611 13.79611 13.93461 29.17618 32.2901 32.2901 32.2901 32.2901 32.2901 32.2901 32.2901 32.2901 32.2901 32.2901 32.2901 32.2901 32.2901 32.2901 32.2901 32.97894 40.41034 41.03786 41.03786 41.03786 41.03786 41.03786 41.03786 41.03786 40.99986 30.84637 22.41859 22.41859 22.41859 22.41859 22.41859 22.41859 22.41859 22.41859 22.41859 21.91524
3.869278 4.37499 6.155118 6.299387 6.299387 6.962088 7.358705 8.878965 8.892988 8.892988 8.892988 8.892988 8.892988 9.087268 10.20311 11.45415 11.74003 11.74003 11.74003 11.74003 11.74003 11.74003 11.74003 11.74003 12.01103 18.45668 19.42946 19.42946 19.42946 19.42946 19.42946 19.42946 19.42946 18.53699 13.79611 13.79611 13.79611 18.29666 26.69196 30.80374 32.2901 32.2901 32.2901 32.2901 32.2901 32.2901 32.2901 32.2901 32.2901 32.2901 32.2901 32.2901 32.2901 32.2901 35.88165 41.03786 41.03786 41.03786 41.03786 41.03786 41.03786 41.03786 40.04473 28.46131 23.80533 22.41859 22.41859 22.41859 22.41859 22.41859 22.41859 22.41859 22.41859 0
3.869277 3.869277 4.346255 8.598592 14.27343 17.77573 17.13611 11.13235 8.892988 8.892988 8.892988 8.892988 8.892988 8.892988 8.892988 9.047744 10.40611 11.53667 11.74003 11.74003 11.74003 11.74003 11.93821 14.6855 17.92681 19.42946 19.42946 19.42946 19.42946 19.42946 19.42946 19.42946 19.42946 17.00431 13.79611 13.79611 13.79611 13.79611 13.79611 14.64724 20.22733 24.02007 27.91783 31.63854 32.2901 32.2901 32.2901 32.2901 32.2901 32.2901 32.2901 32.2901 32.2901 32.2901 32.56057 40.68789 41.03786 41.03786 41.03786 41.03786 41.03786 41.03786 41.03786 41.03786 30.81027 22.41859 0 0 22.41859 22.41859 0 0 0 0
3.869278 5.800561 13.21329 17.8026 17.83914 17.83914 17.83915 17.72579 12.87629 8.892988 8.892988 8.892988 8.892988 8.892988 8.892988 8.892988 8.892988 8.991035 9.955253 11.09102 11.69912 11.74003 16.6397 19.42945 19.42946 19.42946 19.42945 19.42946 19.42945 19.42946 19.42946 19.42946 19.14405 14.28292 13.79611 13.79611 13.79611 13.79611 13.79611 13.79611 13.79611 13.79611 13.79611 14.44195 23.40097 29.90861 30.24688 31.11796 32.2901 32.2901 32.2901 32.2901 32.2901 32.2901 32.2901 39.19815 41.03786 41.03786 41.03786 41.03786 41.03786 41.03785 41.03786 0 0 0 0 0 0 0 0 0 0 0
14.779 17.55848 17.83914 17.83914 17.83914 17.83915 17.83914 17.83914 17.80576 11.94584 8.892987 8.892987 8.892987 8.892987 8.892987 8.892988 8.892987 8.892987 8.892987 8.892987 9.829882 12.17169 15.53419 19.29168 19.42945 19.42945 19.42945 19.42945 19.42945 19.31349 17.03162 14.08934 12.88561 13.43804 13.79611 13.79611 13.79611 13.79611 13.79611 13.79611 13.79611 13.79611 13.79611 13.79611 13.79611 13.79611 13.79611 14.25248 21.68361 27.41008 32.28845 32.2901 32.2901 32.2901 32.2901 39.407 41.03786 41.03786 41.03786 0 0 0 0 0 0 0 0 0 0 0 0 0 0 0
17.83914 17.83915 17.83914 17.83915 17.83914 17.83915 17.83914 17.83915 17.83914 17.3853 9.849507 8.892988 8.892988 8.892988 8.892987 8.892988 8.892988 8.892988 8.892988 8.892988 10.49427 12.30867 12.30867 13.46321 15.95279 17.6727 17.95983 16.90305 15.7823 13.12973 12.30867 12.30867 12.30867 12.37141 13.40466 13.79611 13.79611 13.79611 13.79611 13.79611 13.79611 13.79611 13.79611 13.79611 13.79611 13.79611 13.79611 13.79611 13.79611 13.79611 19.5622 66.27427 173.9479 71.87789 32.34351 40.59696 41.03785 0 0 0 0 0 0 0 0 0 0 0 0 0 0 0 0 0
17.83914 17.83914 17.83914 17.83914 17.83915 17.83914 17.83914 17.83914 17.83914 17.89328 10.45411 8.892988 8.892988 8.892988 8.892988 8.892988 8.892988 8.892988 8.892988 8.985411 11.97858 12.30867 12.30867 12.30867 12.30867 12.30867 12.30867 12.30867 12.30867 12.30867 12.30867 12.30867 12.30867 12.30867 12.3585 13.00216 12.40986 12.48869 13.70805 13.79611 13.79611 13.79611 13.79611 13.79611 13.79611 13.79611 13.79611 13.79611 16.28272 504.546 801.1257 962.3547 972.3722 548.5256 32.2901 0 0 0 0 0 0 0 0 0 0 0 0 0 0 0 0 0 0 0
17.83914 17.83914 17.83914 17.83914 17.83914 17.83915 17.83914 18.02151 18.49573 21.88259 21.4872 14.12679 9.006934 8.892988 8.892988 8.892988 8.892988 8.892988 8.892988 10.19571 12.30867 12.30867 12.30867 12.30867 12.30867 12.30867 12.30867 12.30867 12.30867 12.30867 12.30867 12.30867 12.30867 12.30867 12.30699 11.64363 11.52909 11.52909 12.07346 13.74065 13.79611 13.79611 13.79611 13.79611 13.79611 13.79611 182.1698 382.1017 597.6212 972.3722 972.3723 972.3721 0 0 0 0 0 0 0 0 0 0 0 0 0 0 0 0 0 0 0 0 0 0
17.83914 17.83915 17.83914 17.83915 17.83915 17.83915 21.12894 23.03487 23.20736 23.20736 23.20736 23.20736 20.52656 12.84 8.893126 8.892988 8.892988 8.892987 8.980558 11.78514 12.30867 12.30867 12.30867 12.30867 12.30867 12.30867 12.30867 12.30867 12.30867 12.30867 12.30867 12.30867 12.30867 12.30867 12.13451 11.52909 11.52909 11.52909 11.52909 12.45142 13.79611 13.79611 13.79611 13.79611 123.6537 665.4818 972.035 972.3723 972.3722 972.3723 0 0 0 0 0 0 0 0 0 0 0 0 0 0 0 0 0 0 0 0 0 0 0 0
21.33513 17.83915 17.83915 17.83915 17.83914 18.74143 23.20716 23.20736 23.20736 23.20736 23.20736 23.20736 23.20736 23.20736 19.35366 12.99384 9.317584 8.892988 10.60678 12.30867 12.30867 12.30867 12.30867 12.30867 12.30867 12.30867 12.30867 12.30867 12.30867 12.30867 12.30867 12.30867 12.30867 12.30867 11.85662 11.52909 11.52909 11.52909 11.52909 11.55015 12.79655 12.52501 12.16911 13.58443 722.3966 972.3723 972.3723 972.3723 972.3723 0 0 0 0 0 0 0 0 0 0 0 0 0 0 0 0 0 0 0 0 0 0 0 0 0
45.6916 19.9462 17.83914 17.83914 17.83915 20.4393 23.20736 23.20736 23.20736 23.20736 23.20736 23.20736 23.20736 23.20736 23.20736 23.20736 22.53351 18.59856 12.99933 12.30867 12.30867 12.30867 12.30867 12.30867 12.30867 12.30867 12.30867 12.30867 12.30867 12.30867 12.30867 12.30867 12.30867 12.2953 11.59441 11.52909 11.52909 11.52909 11.52909 11.52909 11.52909 11.52909 11.52909 142.2782 971.0384 972.3723 0 0 0 0 0 0 0 0 0 0 0 0 0 0 0 0 0 0 0 0 0 0 0 0 0 0 0 0
46.9714 22.80836 17.83914 17.83914 18.31328 22.94158 23.20736 23.20736 23.20736 23.20736 23.20736 23.20736 23.20736 23.20736 23.20736 23.20736 23.20736 23.20736 20.89546 13.22527 12.30867 12.30867 12.30867 12.30867 12.30867 12.30867 12.30867 12.30867 12.30867 12.30867 12.30867 12.30867 12.30867 12.08905 11.52909 11.52909 11.52909 11.52909 11.52909 11.52909 11.52909 11.52909 11.52909 223.4537 972.3723 0 0 0 0 0 0 0 0 0 0 0 0 0 0 0 0 0 0 0 0 0 0 0 0 0 0 0 0 0
46.9714 25.27682 17.83915 17.83914 19.03965 23.20736 23.20736 23.20736 23.20736 23.20736 23.20736 23.20736 23.20736 23.20736 23.20736 23.20736 23.20736 23.20736 23.20736 21.84271 14.7058 12.30867 12.30867 12.30867 12.30867 12.30867 12.30867 12.30867 12.30867 12.30867 12.30867 12.30867 12.30867 11.82944 11.52909 11.52909 11.52909 11.52909 11.52909 11.52909 11.52909 11.52909 11.52909 18.37374 715.2315 0 0 0 0 0 0 0 0 0 0 0 0 0 0 0 0 0 0 0 0 0 0 0 0 0 0 0 0 0
46.9714 36.37043 17.83915 17.83914 18.0711 23.08365 23.20736 23.20736 23.20736 23.20736 23.20736 23.20736 23.20736 23.20736 23.20736 23.20736 23.20736 23.20736 23.20736 23.20736 23.00102 17.37834 12.37866 12.30867 12.30867 12.30867 12.30867 12.30867 12.30867 12.30867 12.30867 12.30867 12.16999 11.54415 11.52909 11.52909 11.52909 11.52909 11.52909 11.52909 11.52909 11.52909 11.52909 11.52909 0 0 0 0 0 0 0 0 0 0 0 0 0 0 0 0 0 0 0 0 0 0 0 0 0 0 0 0 0 0
46.9714 42.50352 17.83915 17.83914 17.83915 22.29042 23.20736 23.20736 23.20736 23.20736 23.20736 23.20736 23.20736 23.20736 23.20736 23.20736 23.20736 23.20736 23.20736 23.20736 23.20736 23.20736 17.07251 12.30867 12.30867 12.30867 12.30867 12.30867 12.30867 12.30867 12.30867 12.28025 11.67642 11.52909 11.52909 11.52909 11.52909 11.52909 11.52909 11.52909 11.52909 11.52909 11.52909 11.52909 0 0 0 0 0 0 0 0 0 0 0 0 0 0 0 0 0 0 0 0 0 0 0 0 0 0 0 0 0 0
46.9714 46.04054 17.99955 17.83915 17.83914 22.28597 23.20736 23.20736 23.20736 23.20736 23.20736 23.20736 23.20736 23.20736 23.20736 23.20736 23.20736 23.20736 23.20736 23.20736 23.20736 23.20736 19.84617 12.30845 12.30867 12.30867 12.30867 12.30867 12.30867 12.30867 12.30833 11.81564 11.52909 11.52909 11.52909 11.52909 11.52909 11.52909 11.52909 11.52909 11.52909 11.52909 11.52909 0 0 0 0 0 0 0 0 0 0 0 0 0 0 0 0 0 0 0 0 0 0 0 0 0 0 0 0 0 0 0
46.9714 46.9714 28.16745 17.83914 17.83914 22.21028 23.20736 23.20736 23.20736 23.20736 23.20736 23.20736 23.20736 23.20736 23.20736 23.20736 23.20736 23.20736 22.99143 20.714 15.27468 11.63265 8.191036 8.344259 10.64614 12.25187 12.30867 12.30867 12.30867 12.13104 11.57245 11.52909 11.52909 11.52909 11.52909 11.52909 11.52909 11.52909 11.52909 11.52909 11.52909 11.52909 0 0 0 0 0 0 0 0 0 0 0 0 0 0 0 0 0 0 0 0 0 0 0 0 0 0 0 0 0 0 0 0
46.9714 46.9714 33.78429 17.83914 17.83915 21.92358 22.42419 21.00403 19.58389 18.16378 16.74369 15.32363 13.91223 12.70384 11.58099 10.45815 9.335335 8.21253 7.305633 7.224626 7.224626 7.224626 7.224626 7.224626 7.224626 7.521872 8.114494 8.67277 8.39169 7.338547 7.537976 10.5597 11.52909 11.52909 11.52909 11.52909 11.52909 11.52909 11.52909 11.52909 11.52909 0 0 0 0 0 0 0 0 0 0 0 0 0 0 0 0 0 0 0 0 0 0 0 0 0 0 0 0 0 0 0 0 0
46.84193 25.8255 15.50198 9.53805 8.597451 7.759874 7.224626 7.224625 7.224626 7.224625 7.224626 7.224626 7.224626 7.224625 7.224626 7.224625 7.224626 7.224626 7.224626 7.224625 7.224626 7.224625 7.224626 7.224625 7.224626 7.224626 7.224625 7.224626 7.224625 7.224626 7.224626 7.268562 9.703801 11.52909 11.52909 11.52909 11.52909 11.52909 11.52909 11.52909 0 0 0 0 0 0 0 0 0 0 0 0 0 0 0 0 0 0 0 0 0 0 0 0 0 0 0 0 0 0 0 0 0 0
26.89269 7.224625 7.224626 7.224625 7.224626 7.224625 7.224625 7.224625 7.224626 7.224625 7.224626 7.224626 7.224625 7.224625 7.224626 7.224625 7.224626 7.224626 7.224625 7.224625 7.224626 7.224625 7.224626 7.224625 7.224626 7.224626 7.224625 7.224626 7.224625 7.224626 7.224625 7.224626 7.226349 10.39514 11.52909 11.52909 11.52909 11.52909 11.52909 0 0 0 0 0 0 0 0 0 0 0 0 0 0 0 0 0 0 0 0 0 0 0 0 0 0 0 0 0 0 0 0 0 0 0
7.331304 7.224626 7.224626 7.224626 7.224626 7.224626 7.224626 7.224626 7.224626 7.224626 7.224626 7.224626 7.224626 7.224626 7.224626 7.224626 7.224626 7.224626 7.224626 7.224625 7.224625 7.224626 7.224625 7.224626 7.224626 7.224626 7.224626 7.224626 7.224626 7.224626 7.224626 7.224626 7.224626 8.516712 11.52909 11.52909 11.52909 11.52909 0 0 0 0 0 0 0 0 0 0 0 0 0 0 0 0 0 0 0 0 0 0 0 0 0 0 0 0 0 0 0 0 0 0 0 0
7.224625 7.224625 7.224625 7.224625 7.224625 7.224625 7.224625 7.224625 7.224625 7.224625 7.224625 7.224625 7.224625 7.224625 7.224625 7.224625 7.224625 7.224626 7.224625 0 0 0 7.224625 7.224626 7.224625 7.224625 7.224625 7.224626 7.224625 7.224625 7.224626 7.224625 7.224625 7.224625 0 0 0 0 0 0 0 0 0 0 0 0 0 0 0 0 0 0 0 0 0 0 0 0 0 0 0 0 0 0 0 0 0 0 0 0 0 0 0 0
7.224625 7.224626 7.224625 7.224625 7.224626 7.224626 7.224625 7.224625 7.224625 7.224626 7.224625 7.224625 7.224625 7.224626 7.224625 7.224625 7.224625 7.224625 0 0 0 0 0 0 7.224626 7.224625 7.224626 7.224625 0 7.224625 7.224625 7.224626 0 0 0 0 0 0 0 0 0 0 0 0 0 0 0 0 0 0 0 0 0 0 0 0 0 0 0 0 0 0 0 0 0 0 0 0 0 0 0 0 0 0
7.224625 7.224625 7.224625 7.224625 7.224626 7.224625 7.224625 7.224625 7.224625 7.224625 7.224625 7.224625 7.224625 7.224625 7.224626 7.224625 7.224625 0 0 0 0 0 0 0 0 0 0 0 0 7.224625 0 0 0 0 0 0 0 0 0 0 0 0 0 0 0 0 0 0 0 0 0 0 0 0 0 0 0 0 0 0 0 0 0 0 0 0 0 0 0 0 0 0 0 0
7.224626 7.224626 7.224626 7.224626 7.224626 7.224626 7.224626 7.224626 7.224626 7.224626 7.224626 7.224626 7.224625 7.224625 0 0 0 0 0 0 0 0 0 0 0 0 0 0 0 0 0 0 0 0 0 0 0 0 0 0 0 0 0 0 0 0 0 0 0 0 0 0 0 0 0 0 0 0 0 0 0 0 0 0 0 0 0 0 0 0 0 0 0 0
7.396302 7.224625 7.224625 7.224625 7.224625 7.224625 7.224625 7.224625 7.224625 7.224625 7.224625 7.224625 0 0 0 0 0 0 0 0 0 0 0 0 0 0 0 0 0 0 0 0 0 0 0 0 0 0 0 0 0 0 0 0 0 0 0 0 0 0 0 0 0 0 0 0 0 0 0 0 0 0 0 0 0 0 0 0 0 0 0 0 0 0
7.786335 7.224625 7.224625 7.224625 7.224626 7.224625 7.224625 7.224625 7.224625 7.224625 7.224625 0 0 0 0 0 0 0 0 0 0 0 0 0 0 0 0 0 0 0 0 0 0 0 0 0 0 0 0 0 0 0 0 0 0 0 0 0 0 0 0 0 0 0 0 0 0 0 0 0 0 0 0 0 0 0 0 0 0 0 0 0 0 0
8.177128 7.224625 7.224625 7.224625 7.224626 7.224625 7.224625 7.224625 7.224626 7.224626 0 0 0 0 0 0 0 0 0 0 0 0 0 0 0 0 0 0 0 0 0 0 0 0 0 0 0 0 0 0 0 0 0 0 0 0 0 0 0 0 0 0 0 0 0 0 0 0 0 0 0 0 0 0 0 0 0 0 0 0 0 0 0 0
8.567831 7.224626 7.224625 7.224626 7.224625 7.224625 7.224625 7.224626 7.224625 0 0 0 0 0 0 0 0 0 0 0 0 0 0 0 0 0 0 0 0 0 0 0 0 0 0 0 0 0 0 0 0 0 0 0 0 0 0 0 0 0 0 0 0 0 0 0 0 0 0 0 0 0 0 0 0 0 0 0 0 0 0 0 0 0
8.846024 7.224625 7.224625 7.224625 7.224625 7.224625 7.224625 7.224626 0 0 0 0 0 0 0 0 0 0 0 0 0 0 0 0 0 0 0 0 0 0 0 0 0 0 0 0 0 0 0 0 0 0 0 0 0 0 0 0 0 0 0 0 0 0 0 0 0 0 0 0 0 0 0 0 0 0 0 0 0 0 0 0 0 0
