Scenarios/Heterogeneous/data/country_data_population_distribution/processed/density_grids/zmb.asc
ncols 280
nrows 259
xllcorner 22
yllcorner -18
cellsize 0.041666666666667
NODATA_value -9999
[rows 116 to 144 of 259, columns 195 to 259 of 280]
17.68296 17.68296 17.68296 17.68296 17.68296 13.55768 16.33765 17.68296 17.39116 11.40583 8.444084 8.484599 6.456332 5.169303 5.169303 5.169303 5.169303 5.169303 5.169303 5.169303 5.169303 5.169303 5.169303 5.156178 5.169303 5.169303 5.169303 5.169303 5.169303 1.897745 1.04434 1.04434 1.04434 1.04434 1.04434 1.04434 1.04434 1.04434 1.04434 1.04434 3.436093 12.1765 17.29109 17.29109 17.29109 17.29109 17.29109 17.29109 17.29109 17.29109 17.29109 17.29109 17.29109 17.29109 17.29109 34.51893 34.72679 14.12885 27.94744 50.29057 54.00323 49.24247 17.92316 14.12686 14.12686
17.68296 17.68296 17.68296 17.68296 17.68296 17.68296 17.68296 17.68296 17.68296 16.00538 5.189204 5.169303 5.169303 5.169303 5.169303 5.169303 5.169303 5.169303 5.169303 5.169303 5.169303 5.169303 5.169303 5.169303 5.169303 5.169303 5.169303 5.169303 5.169303 3.819927 1.04434 1.04434 1.04434 1.04434 1.04434 1.04434 1.04434 1.04434 3.936942 11.00534 14.59253 17.29109 17.29109 17.29109 17.29109 17.29109 17.29109 17.29109 17.29109 17.29109 17.29109 17.29109 17.29109 17.29109 24.9778 53.36954 55.17173 52.26306 55.07486 55.2849 55.28491 55.2849 48.28518 17.53453 14.12686
17.68296 17.68296 17.68296 17.68296 17.68296 17.68296 17.68296 17.68296 17.68296 13.97268 5.169303 5.169303 5.169303 5.169303 5.169303 5.169303 5.169303 5.169303 5.169303 5.169303 5.169303 5.169303 5.169303 5.169303 5.169303 5.169303 5.169303 5.169303 5.169303 4.056192 1.04434 1.04434 1.04434 1.04434 1.04434 1.04434 1.04434 1.04434 7.429844 17.29109 17.29109 17.29109 17.29109 17.29109 17.29109 17.29109 17.29109 17.29109 17.29109 17.29109 17.29109 17.29109 17.29109 21.1553 52.15431 55.28491 55.28491 55.28491 55.28491 55.28491 55.28491 55.28491 55.28491 47.07493 16.52223
17.68296 17.68296 17.68296 17.68296 17.68296 17.68296 17.68296 17.68291 11.56589 5.297389 5.169303 5.169303 5.169303 5.169303 5.169303 5.169303 5.169303 5.169303 5.169303 5.169303 5.169303 5.169303 5.169303 5.169303 5.169303 5.169303 5.169303 5.169303 5.169303 4.92821 1.502826 1.04434 1.04434 1.04434 1.04434 1.04434 1.04434 1.919655 14.63062 17.29109 17.29109 17.29109 17.29109 17.29109 17.29109 17.29109 17.29109 17.29109 17.29109 17.29109 17.29109 17.29109 17.31302 42.78337 55.28491 55.2849 55.2849 55.2849 55.28491 55.2849 55.28491 55.2849 55.2849 55.2849 45.93401
17.68296 17.68296 17.68296 17.68296 17.68296 17.68296 17.68296 11.87411 5.169303 5.169303 5.169303 5.169303 5.169303 5.169303 5.169303 5.169303 5.169303 5.169303 5.169303 5.169303 5.169303 5.169303 5.169303 5.169303 5.169303 5.169303 5.169303 5.169303 5.169303 4.958036 1.229375 1.04434 1.04434 1.04434 1.04434 1.04434 5.035035 16.12119 17.29109 17.29109 17.29109 17.29109 17.29109 17.29109 17.29109 17.29109 17.29109 17.29109 17.29109 17.29109 17.29109 17.29109 19.17758 44.26296 53.5237 55.28491 55.28491 55.28491 55.28491 55.28491 55.28491 55.28491 55.28491 55.28491 55.28491
17.68296 17.68296 17.68296 17.68296 17.68296 17.68296 13.53713 5.249445 5.169303 5.169303 5.169303 5.169303 5.169303 5.169303 5.169303 5.169303 5.169303 5.169303 5.169303 5.169303 5.169303 5.169303 5.169303 5.169303 5.169303 5.169303 5.169303 5.169303 5.169303 4.905251 1.844302 1.04434 1.04434 1.04434 1.04434 1.04434 5.674231 17.29109 17.29109 17.29109 17.29109 17.29109 17.29109 17.29109 17.29109 17.29109 17.29109 17.29109 17.29109 17.29109 17.29109 17.29109 17.29109 17.29109 20.15632 41.63478 55.28491 55.28491 55.28491 55.28491 55.28491 55.2849 55.28491 55.28491 55.28491
17.68296 17.68296 17.68296 17.68296 17.68296 15.5351 6.734501 5.169303 5.169303 5.169303 5.169303 5.169303 5.169303 5.169303 5.169303 5.169303 5.169303 5.169303 5.169303 5.169303 5.169303 5.169303 5.169303 5.169303 5.169303 5.169303 5.169303 5.169303 5.169303 5.169303 4.392002 1.543085 1.04434 1.04434 1.04434 1.04434 8.34284 17.29109 17.29109 17.29109 17.29109 17.29109 17.29109 17.29109 17.29109 17.29109 17.29109 17.29109 17.29109 17.29109 17.29109 17.29109 17.29109 17.29109 17.29109 45.68011 55.28491 55.28491 55.28491 55.28491 55.28491 55.28491 55.28491 55.28491 55.28491
17.31461 17.623 17.68296 17.68296 17.48107 6.585578 5.169303 5.169303 5.169303 5.169303 5.169303 5.169303 5.169303 5.169303 5.169303 5.169303 5.169303 5.169303 5.169303 5.169303 5.169303 5.169303 5.169303 5.169303 5.169303 5.169303 5.169303 5.169303 5.169303 5.169303 5.169303 2.740248 1.04434 1.04434 1.04434 2.204393 15.13731 17.29109 17.29109 17.29109 17.29109 17.29109 17.29109 17.29109 17.29109 17.29109 17.29109 17.29109 17.29109 17.29569 20.51414 17.29109 17.29109 17.29109 17.29109 44.19575 55.28491 55.28491 55.28491 55.28491 55.28491 55.28491 55.28491 55.28491 55.28491
5.18171 7.781455 14.39386 17.64912 14.98766 5.169303 5.169303 5.169303 5.169303 5.169303 5.169303 5.169303 5.169303 5.169303 5.169303 5.169303 5.169303 5.169303 5.169303 5.169303 5.169303 5.169303 5.169303 5.169303 5.169303 5.169303 5.169303 5.169303 5.169303 5.169303 5.169303 3.170705 1.06705 1.04434 8.380289 17.29054 17.29109 17.29109 17.29109 17.29109 17.29109 17.29109 17.29109 17.29109 17.29109 17.29109 17.29109 17.29109 17.29422 41.02806 52.01662 17.29835 17.29109 19.07511 29.65268 52.17264 55.28491 55.28491 55.28491 55.28491 55.28491 55.28491 55.28491 55.28491 55.28491
5.169303 5.169303 5.630009 7.274995 5.169303 5.169303 5.169303 5.169303 5.169303 5.169303 5.169303 5.169303 5.169303 5.169303 5.169303 5.169303 5.169303 5.169303 5.169303 5.169303 5.169303 5.169303 5.169303 5.169303 5.169303 5.169303 5.169303 5.169303 5.169303 5.619967 8.641393 49.55402 56.30221 47.2731 34.28091 17.29109 17.29109 17.29109 17.29109 17.29109 17.29109 17.29109 17.29109 17.29109 17.29109 17.29109 17.29109 17.56232 43.62005 64.60789 64.60789 19.85425 17.3534 37.264 55.28491 55.28491 55.28491 55.28491 55.28491 55.28491 55.28491 55.28491 55.28491 55.28491 55.28491
5.169303 5.169303 5.169303 5.169303 5.169303 5.169303 5.169303 5.169303 5.169303 5.169303 5.169303 5.169303 5.169303 5.169303 5.169303 5.169303 5.169303 5.169303 5.169303 5.169303 5.169303 5.169303 5.169303 5.169303 5.169303 5.169303 5.169303 5.169303 17.61306 54.23459 69.82324 70.70755 70.80012 70.80012 39.56083 17.29109 17.29109 17.29109 17.29109 17.29109 17.29109 17.29109 17.29109 17.29109 17.29109 17.29109 17.29109 26.41459 64.60789 64.60789 64.60789 57.34132 60.57139 62.38216 58.07687 56.30415 55.2849 55.2849 59.31637 55.2849 55.28491 55.2849 55.2849 55.2849 55.28491
5.169303 5.169303 5.169303 5.169303 5.169303 5.169303 5.169303 5.169303 5.169303 5.169303 5.169303 5.169303 5.169303 5.169303 5.169303 5.169303 5.169303 5.169303 5.169303 5.169303 5.169303 5.169303 5.169303 5.169303 5.169303 5.169303 5.169303 17.90693 53.33799 70.80012 70.80013 70.80012 70.80013 70.80012 48.8689 17.29109 17.29109 17.29109 17.29109 17.29109 17.29109 17.29109 17.29109 17.29109 17.29109 17.29109 17.29109 18.43019 61.39382 64.60789 64.60789 64.60789 64.60789 64.60789 64.60789 64.24605 62.79028 126.4318 258.4342 290.9361 104.5542 55.28491 55.28491 55.28491 62.09065
5.169303 5.169303 5.169303 5.169303 5.169303 5.169303 5.169303 5.169303 5.169303 5.169303 5.169303 5.169303 5.169303 5.169303 5.169303 5.169303 5.169303 5.169303 5.169303 5.169303 5.169303 5.169303 5.169303 5.169303 5.169303 5.169303 12.25474 68.93559 70.80013 70.80013 70.80012 70.80013 70.80012 70.80013 51.31904 17.29109 17.29109 17.29109 17.29109 17.29109 17.29109 17.29109 17.29109 17.29109 17.29109 17.29109 17.29109 17.29109 20.6975 52.23638 64.60789 64.60789 64.60789 64.60789 64.60789 64.60789 141.7607 365.1929 376.9355 326.5415 71.11993 68.71832 70.72495 0 0
5.169303 5.169303 5.169303 5.169303 5.169303 5.169303 5.169303 5.169303 5.169303 5.169303 5.169303 5.169303 5.169303 5.169303 5.169303 5.169303 5.169303 5.169303 5.169303 5.169303 5.169303 5.169303 5.169303 5.169303 14.8664 54.62353 62.12573 70.80013 70.80013 70.80013 70.80013 70.80013 70.80013 70.80013 70.20557 56.64684 39.08327 17.29109 17.29109 17.29109 17.29109 17.29109 17.29109 17.29109 17.29109 17.29109 24.99105 29.59794 23.93409 18.3099 37.85029 64.60789 64.60789 64.60789 64.60789 165.5495 361.0285 376.9355 376.9355 339.6982 288.4498 0 0 0 0
5.169303 5.169303 5.169303 5.169303 5.169303 5.169303 5.169303 5.169303 5.169303 5.169303 5.169303 5.169303 5.169303 5.169303 5.169303 5.169303 5.169303 5.169303 5.169303 5.169303 5.169303 5.169303 5.169303 5.169303 65.87222 70.80013 70.80012 70.80013 70.80012 70.80013 70.80012 70.80013 70.80012 70.80013 70.80013 70.80013 68.65939 22.684 17.29109 17.29109 17.29109 17.29109 17.29109 17.29109 17.29109 17.29109 55.62078 64.60789 64.60789 64.15639 62.39748 64.60789 64.60789 64.60789 64.60789 260.1386 376.9355 376.9355 376.9355 376.9355 376.9355 362.8853 253.2886 219.8823 0
5.169303 5.169303 5.169303 5.169303 5.169303 5.169303 5.169303 5.169303 5.169303 5.169303 5.169303 5.169303 5.169303 5.169303 5.169303 5.169303 5.169303 5.169303 5.169303 5.169303 5.169303 5.169303 5.169303 5.169303 58.23128 70.80013 70.80013 70.80013 70.80013 70.80013 70.80013 70.80013 70.80013 70.80013 70.80013 70.80013 70.80013 49.22752 17.29109 17.29109 17.29109 17.29109 17.29109 17.29109 17.29109 19.69615 63.04869 64.60789 64.60789 64.60789 64.60789 64.60789 64.60789 64.60789 64.60789 90.56271 262.6947 355.2426 323.6019 375.3853 330.7847 361.232 307.8657 188.9115 264.1707
5.169303 5.169303 5.169303 5.169303 5.169303 5.169303 5.169303 5.169303 5.169303 5.169303 5.169303 5.169303 5.169303 5.169303 5.169303 5.169303 5.169303 5.169303 5.169303 5.169303 5.169303 5.169303 5.997895 30.75563 70.44799 70.80012 70.80012 70.80012 70.80012 70.80012 70.80012 70.80012 70.80012 70.80012 70.80012 70.80012 70.80012 69.92027 25.51852 17.29109 17.29109 17.29109 17.69241 17.29109 31.23546 40.81952 44.63829 64.60789 64.60789 64.60789 64.60789 64.60789 64.60789 64.60789 64.60789 64.60789 67.17916 70.72105 68.84603 147.1322 148.1962 335.7578 284.564 71.23927 134.7196
5.169303 5.169303 5.169303 5.169303 5.169303 5.169303 5.169303 5.169303 5.169303 5.169303 5.169303 5.169303 5.169303 5.169303 5.169303 5.169303 5.169303 5.169303 5.169303 5.169303 5.169303 12.04156 45.17453 70.80013 70.80013 70.80013 70.80013 70.80013 70.80013 70.80013 70.80013 70.80013 70.80013 70.80013 70.80013 70.80013 70.80013 70.80013 53.83325 17.29109 17.29109 17.29109 51.91687 46.24477 56.29077 71.48412 42.88637 64.4827 64.60789 64.60789 64.60789 64.60789 64.60789 64.60789 64.60789 66.57291 68.84477 68.84604 68.84603 68.84604 68.84603 191.6032 168.9273 90.13842 0
5.169303 5.169303 5.169303 5.169303 5.169303 5.169303 5.169303 5.169303 5.169303 5.169303 5.169303 5.169303 5.169303 5.169303 5.169303 5.169303 5.169303 5.169303 5.169303 5.169303 7.235653 13.62937 68.1264 70.80012 70.80012 70.80012 70.80012 70.80012 70.80012 70.80012 70.80012 70.80012 70.80012 70.80012 70.80012 70.80012 70.80012 70.80012 70.6751 45.36611 42.30109 42.79832 72.79992 77.41981 77.41981 77.41981 77.11069 72.67882 66.70337 64.60789 64.60789 64.60789 64.60789 64.60789 66.36199 68.83497 68.84604 68.84604 68.84604 68.84604 68.84604 68.84604 68.84604 68.84604 56.42987
5.169303 5.169303 5.169303 5.169303 5.169303 5.169303 5.169303 5.169303 5.169303 5.169303 5.169303 5.169303 5.169303 5.169303 5.169303 5.169303 5.169303 5.169303 5.169303 5.99073 8.499953 9.799052 40.44926 70.80013 70.80012 70.80013 70.80013 70.80013 70.80013 70.80013 70.80012 70.80013 70.80012 70.80013 70.80013 70.80013 70.80012 70.80013 70.80013 70.80013 70.80013 74.2472 77.41981 77.41981 77.41981 77.41981 77.41981 77.41982 75.94239 64.60789 64.60789 64.60789 64.60789 66.23492 68.81203 68.84603 68.84604 68.84604 68.84603 68.84603 68.84603 68.84604 68.84604 68.84603 58.17509
5.169303 5.169303 5.169303 5.169303 5.169303 5.169303 5.169303 5.169303 5.169303 5.169303 5.169303 5.169303 5.169303 5.169303 5.169303 5.169303 5.169303 5.169303 5.805521 9.103326 9.799052 9.799052 11.02911 62.48039 70.80013 70.80013 70.80013 70.80012 70.80013 70.80012 70.80013 70.80012 70.80013 70.80012 70.80013 70.80013 70.80013 70.80013 70.80013 70.80013 70.91571 77.11372 77.41981 77.41982 77.41981 77.41982 77.41981 77.41982 73.47478 64.60789 64.60789 64.60789 66.22782 68.82015 69.6838 68.84603 68.84603 68.84603 68.8564 68.84603 68.84603 68.84603 68.84603 68.84603 61.70731
7.856058 7.916447 7.919451 7.937871 7.972194 8.00652 8.040844 8.074858 8.008414 7.909108 7.857417 7.805725 7.754034 7.702343 7.650651 7.671263 7.764528 7.780556 9.015795 9.799052 9.799051 9.799052 9.799052 36.07007 70.79908 70.80012 70.80012 70.80012 70.80012 70.80012 70.80012 70.80012 70.80012 70.80012 70.80012 70.80012 70.80012 70.80013 70.80012 70.80012 73.00066 77.41981 77.41982 77.41981 77.41982 77.41982 77.41982 77.41982 75.95133 66.52441 71.68144 75.32587 70.44878 71.97279 73.06932 70.74535 69.70893 71.29895 72.78305 68.16484 62.21131 68.54346 68.84604 68.84603 63.93219
6.013233 9.799052 9.799052 9.799052 9.799051 9.799052 9.799051 9.799052 9.799051 9.799052 9.799051 9.799051 9.799051 9.799052 9.799051 9.799052 9.799052 9.799051 9.799051 9.799052 9.799051 9.799052 9.799051 21.40026 68.65066 70.80013 70.80013 70.80013 70.80012 70.80013 70.80013 70.80013 70.80013 70.80013 71.40871 74.24204 74.23775 73.57184 72.07986 72.10022 76.06459 77.41981 77.41982 77.41981 77.41982 77.41982 77.41982 77.41981 77.41982 77.26934 77.41517 75.7825 73.28519 73.33143 73.33143 73.33143 73.33143 72.27248 72.69807 49.88137 40.37456 42.657 50.7859 59.27037 63.05571
4.326501 9.790894 9.799052 9.799052 9.799052 9.799052 9.799052 9.799052 9.799052 9.799052 9.799052 9.799052 9.799052 9.799052 9.799051 9.799052 9.799051 9.799052 9.799052 9.799052 9.799052 9.799052 27.79119 68.75145 70.80012 70.80012 70.80012 70.80012 70.80012 70.80012 70.80012 70.80012 70.80012 70.80012 71.56001 75.09222 75.09222 75.09222 75.09222 75.09222 76.06873 77.41982 77.41982 77.41981 77.41982 77.41982 77.41982 77.41982 79.29606 78.87576 76.18566 73.33144 73.33144 73.33144 73.33144 73.33144 70.84146 45.60462 50.92653 40.37456 40.37456 40.37456 40.37456 40.37456 40.37456
4.053821 6.301534 8.365236 9.521555 9.799052 9.799052 9.799052 9.799052 9.799052 9.799052 9.799052 9.799052 9.799052 9.799052 9.799051 9.799052 9.799052 9.799052 9.799052 9.799052 9.799052 29.83941 67.59036 70.80013 70.80013 70.80013 70.80013 70.80013 61.60944 69.86417 70.80013 70.80013 70.92201 71.31268 73.52545 75.09222 75.09222 75.09222 75.09222 75.09222 76.74674 77.41982 77.41982 77.41982 77.41982 77.41982 77.41982 79.87331 92.55469 93.62848 92.65601 79.00118 73.33143 73.33144 73.33143 73.33144 73.33144 68.32413 43.16502 40.37456 40.37456 40.37456 40.37456 40.37456 40.37456
4.053821 4.053821 4.053821 5.250215 9.708223 9.799051 9.799052 9.799052 9.799052 9.799052 9.799052 9.799052 9.799052 9.799052 9.799052 9.799051 9.799052 9.799052 9.799052 9.799052 9.799052 12.6046 64.37505 70.80012 70.80013 70.80012 70.80012 70.80012 50.73967 34.95917 39.72805 45.53516 59.864 75.09222 75.09222 75.09222 75.09222 75.09222 75.09222 75.13808 77.13436 77.41981 77.41981 77.41982 77.41981 77.41981 83.36996 89.79209 93.62846 93.62847 93.62847 82.38512 73.33143 73.33143 73.33143 73.33143 72.28832 46.24648 40.4094 40.37456 40.37456 40.37456 40.37456 40.37456 40.37456
4.053821 4.053821 4.053821 4.053821 7.912963 9.799052 9.799051 9.799052 9.799051 9.799051 9.799051 9.799052 9.799051 9.799051 9.799051 9.799051 9.799051 9.799051 9.799051 9.799052 9.799051 9.799052 45.52311 61.18105 69.1964 70.80013 70.80012 70.80012 39.93724 28.23083 28.23083 28.23083 39.93424 75.09222 75.09222 75.09222 75.09222 75.09222 75.09222 75.71503 76.65652 76.87351 77.28094 77.41981 77.41982 78.03299 91.27971 93.62847 93.62847 93.62847 93.62848 91.28606 73.33144 73.33143 73.33144 61.825 65.21568 40.37456 40.37456 40.37456 40.37456 40.37456 40.38775 43.30365 0
4.053821 4.053821 4.053821 5.338259 8.331307 9.799052 9.799053 9.799052 9.799052 9.799052 9.799052 9.799052 9.799052 9.799052 9.799052 9.799052 9.799052 9.799053 9.799052 9.799052 9.799052 9.799052 9.970638 11.42158 28.47691 62.28167 70.80012 60.16895 30.87308 28.23083 28.23083 28.23083 39.80505 75.09222 75.09222 75.09222 75.09222 75.09222 75.09222 75.09222 75.09222 75.09293 75.66972 75.9632 77.25692 90.81433 93.62847 93.62846 93.62847 93.62847 93.62847 93.27686 76.96483 73.33143 73.33144 56.2618 60.34593 42.08781 40.37456 40.37456 41.60598 47.26956 0 0 0
4.053821 4.053821 5.885899 9.612167 9.799051 9.799052 9.799051 9.799052 9.799051 9.799052 9.799051 9.799051 9.799051 9.799052 9.799051 9.799052 9.799051 9.799051 9.799051 9.799052 9.799051 9.799052 11.0484 26.16775 28.23612 59.68952 69.91173 38.67812 28.23083 28.23083 28.23083 28.23083 32.15495 58.47116 75.09222 75.09222 75.09222 73.52738 71.2907 71.15221 74.49928 75.03976 75.07844 75.09222 75.09222 83.21392 93.62847 93.62846 93.62847 93.62847 93.62847 93.62846 84.29494 73.33143 73.33143 73.33143 73.33143 52.4204 32.06123 0 0 0 0 0 0
