Scenarios/Heterogeneous/data/country_data_population_distribution/processed/density_grids/zmb.asc
ncols 280
nrows 259
xllcorner 22
yllcorner -18
cellsize 0.041666666666667
NODATA_value -9999
[rows 58 to 86 of 259, columns 130 to 194 of 280]
0 0 0 0 0 0 0 0 0 0 0 0 0 0 0 0 0 0 0 0 0 0 0 0 0 0 0 0 0 0 0 16.23021 16.23021 16.23022 14.70951 8.359087 15.17881 13.58274 11.78611 8.359087 8.359088 8.359089 8.359088 8.359088 8.359088 11.84258 19.87686 19.87686 19.87686 19.87686 19.87686 19.87686 19.87686 19.87686 19.87686 19.87686 19.87686 19.87686 19.87686 19.87686 19.87686 19.87686 19.87686 19.87686 19.87686
0 0 0 0 0 0 0 0 0 0 0 0 0 0 0 0 0 0 0 0 0 0 0 0 0 0 0 0 0 0 22.38513 16.23022 18.07802 17.07749 11.24389 13.71288 32.50633 32.50632 32.36142 16.79708 8.359088 8.359088 8.359088 8.373022 13.08782 19.24337 19.87686 19.87686 19.87686 19.87686 19.87686 19.87686 19.87686 19.87686 19.87686 19.87686 19.87686 19.87686 19.87686 19.87686 19.87686 19.87686 19.87686 20.26601 20.38165
0 0 0 0 0 0 0 0 0 0 0 0 0 0 0 0 0 0 0 0 0 0 0 0 0 0 0 0 0 20.68765 16.27017 16.23022 22.61884 31.94537 31.8517 32.29735 32.50632 32.50632 32.50632 23.05314 8.359088 8.359088 9.503554 16.73314 19.87686 19.87686 19.87686 19.87686 19.87686 19.87686 19.87686 19.87686 33.48838 49.16751 40.10969 24.35796 19.87686 19.87686 19.87686 19.87686 19.87686 19.87686 21.0989 25.43189 22.97555
0 0 0 0 0 0 0 0 0 0 0 0 0 0 0 0 0 0 0 0 0 0 0 0 0 0 0 0 24.32539 16.23021 16.23022 16.23022 22.18432 32.50632 32.50632 32.50632 32.50632 32.50632 32.26122 11.36591 8.359088 8.359088 12.25233 19.87686 19.87686 19.87686 19.87686 19.87686 19.87686 19.87686 23.21676 36.92569 53.06631 53.80646 53.80646 53.12776 30.02397 19.87686 19.87686 19.87686 19.87686 19.87686 23.38511 26.0249 24.77772
0 0 0 0 0 0 0 0 0 0 0 0 0 0 0 0 0 0 0 0 0 0 0 0 0 0 0 0 16.23021 16.23022 16.23021 16.23022 26.11985 32.50632 32.50632 32.50632 32.50632 32.50632 28.69189 8.359088 8.359087 8.359088 12.26571 19.87686 19.87686 19.87686 19.87686 19.87686 23.81933 41.62155 53.64738 53.80646 53.80646 53.80646 53.80646 53.80646 53.78833 33.10974 19.87686 19.87686 19.87686 19.87686 24.57514 26.0249 25.90864
0 0 0 0 0 0 0 0 0 0 0 0 0 0 0 0 0 0 0 0 0 0 0 0 0 0 0 18.20377 16.23021 16.23022 16.23022 16.23022 29.50188 32.50632 32.50632 32.50632 32.50632 32.50632 32.46686 14.42919 8.359087 8.359088 12.47771 19.87686 19.87686 19.87686 19.92236 38.33872 51.46012 53.80646 53.80645 53.80646 53.80646 53.80646 53.80645 53.80646 53.80646 53.11224 27.36122 19.87686 19.87686 21.03304 25.98522 26.0249 26.0249
0 0 0 0 0 0 0 0 0 0 0 0 0 0 0 0 0 0 0 0 0 0 0 0 0 0 0 16.49374 16.23022 16.23022 16.23022 18.45509 31.96428 32.50632 32.50632 32.50632 32.50632 32.50632 32.50632 31.25247 11.17804 15.0675 19.80491 19.87686 19.87686 19.87686 30.74054 53.80646 53.80646 53.80646 53.80646 53.80646 53.80647 53.80646 53.80646 53.80646 53.80646 53.80646 53.17972 19.87686 22.43178 25.72511 26.0249 26.0249 26.0249
0 0 0 0 0 0 0 0 0 0 0 0 0 0 0 0 0 0 0 0 0 0 0 0 0 0 0 24.68648 16.43786 16.23022 16.23022 23.37603 32.50632 32.50632 32.50632 32.50632 32.50632 32.50632 32.50632 32.46218 26.52974 21.80247 19.87686 19.87686 19.87686 19.87686 22.79029 48.41154 53.80646 53.80646 53.80646 53.80646 53.80646 53.80646 53.80646 53.80646 53.80646 53.80645 53.80646 0 0 26.0249 26.0249 26.0249 26.0249
0 0 0 0 0 0 0 0 0 0 0 0 0 0 0 0 0 0 0 0 0 0 0 0 0 0 43.275 32.50632 28.79232 21.95145 16.54576 19.08239 28.82784 32.50632 32.50632 32.50632 32.50632 32.50632 32.50632 32.50632 32.50632 32.46817 29.38816 22.03347 19.87686 19.87686 19.87686 38.99036 53.80646 53.80646 53.80645 53.80646 53.80646 53.80646 53.80646 53.80646 53.80646 53.80645 0 0 0 26.0249 26.0249 26.0249 26.0249
0 0 0 0 0 0 0 0 0 0 0 0 0 0 0 0 0 0 0 0 0 0 0 0 0 0 41.62936 32.50632 32.50632 32.50632 30.81574 23.2319 25.39902 32.50632 32.50632 32.50632 32.50632 32.50632 32.50632 32.50632 32.50632 32.50632 32.50632 31.69261 21.98183 19.87686 19.87686 28.13238 52.2704 53.80646 53.80646 53.80646 53.80646 53.80646 53.80646 53.80646 53.80646 0 0 0 0 26.0249 26.0249 26.0249 26.0249
0 0 0 0 0 0 0 0 0 0 0 0 0 0 0 0 0 0 0 0 0 0 0 0 0 0 32.55406 32.50632 32.50632 32.50632 32.50632 32.26337 31.5355 32.50632 32.50632 32.50632 32.50632 32.50632 32.50632 32.50632 32.50632 32.50632 32.50632 32.50632 31.43075 23.06772 21.18929 19.87686 47.86555 53.80646 53.80646 53.80646 53.80646 53.80646 53.80646 53.80646 53.80646 0 53.80646 53.80645 0 26.0249 26.0249 26.0249 26.0249
0 0 0 0 0 0 0 0 0 0 0 0 0 0 0 0 0 0 0 0 0 0 0 0 0 0 32.50632 32.50632 32.50632 32.50632 32.50632 32.50632 32.50632 32.50632 32.50632 32.50632 32.50632 32.50632 32.50632 32.50632 32.50632 32.50632 32.50632 32.50632 32.50633 32.50632 31.76463 26.81536 46.18558 53.80646 53.80646 53.80646 53.80646 53.80646 53.80646 53.80646 0 53.80646 53.80646 53.80646 26.0249 26.0249 26.0249 26.0249 26.0249
0 0 0 0 0 0 0 0 0 0 0 0 0 0 0 0 0 0 0 0 0 0 0 0 0 0 32.50632 32.50632 32.50632 32.50632 32.50632 32.50632 32.50632 32.50633 32.53756 33.7811 32.50632 35.62075 32.50632 32.50632 32.50632 32.50632 32.50632 32.50632 32.50632 32.50632 32.50632 32.50632 42.40173 53.80645 53.80645 53.80645 53.80646 53.80645 53.80646 0 0 53.80645 38.22463 26.0249 26.0249 26.0249 26.0249 26.0249 26.0249
0 0 0 0 0 0 0 0 0 0 0 0 0 0 0 0 0 0 0 0 0 0 0 0 0 0 35.63349 66.58215 74.00022 57.94312 78.08684 74.72977 56.47978 32.976 72.2117 92.86606 80.14447 107.2738 64.25977 60.63337 72.31042 44.029 32.50632 32.50632 32.50632 32.50632 32.50632 32.50632 34.05147 51.60017 53.80645 53.80646 53.80646 53.80646 0 0 0 53.80646 53.16366 26.0249 26.0249 26.0249 26.0249 26.0249 26.0249
0 0 0 0 0 0 0 0 0 0 0 0 0 0 0 0 0 0 0 0 0 0 0 0 0 0 98.80316 107.8048 107.8049 107.8049 107.8049 107.8049 100.7895 90.05519 107.8048 107.8049 107.8048 107.8048 76.13241 96.09955 107.8048 68.20876 32.50632 32.50632 32.50632 32.50632 32.50632 32.50632 32.50632 39.06612 53.80646 53.80646 53.80646 53.80646 0 0 53.80646 53.80646 53.80646 0 26.0249 24.81087 19.25279 18.83621 18.78211
0 0 0 0 0 0 0 0 0 0 0 0 0 0 0 0 0 0 0 0 0 0 0 0 0 97.36154 107.8049 107.8049 107.8049 107.8049 107.8049 107.8049 107.8049 107.8049 107.8049 107.8049 107.8049 107.8049 105.1898 106.5655 107.8049 85.55345 71.37975 73.24227 70.09039 64.95924 66.72103 32.85206 32.50632 32.6233 35.03563 33.62007 48.51706 0 0 0 53.80646 53.80646 0 0 8.29068 10.0643 8.290681 8.290681 8.29068
0 0 0 0 0 0 0 0 0 0 0 0 0 0 0 0 0 0 0 0 0 0 0 0 0 107.8048 107.8049 107.8048 107.8048 107.8048 107.8049 107.8049 107.8048 107.8048 107.8049 107.8048 107.8048 107.8048 107.8048 107.8048 107.8048 107.8048 107.8049 107.8048 107.8049 107.8048 107.8048 101.3187 58.44225 32.61661 33.31377 34.77439 0 0 0 53.80646 53.80646 0 0 23.69259 8.639744 8.290681 8.290681 8.290681 8.290681
0 0 0 0 0 0 0 0 0 0 0 0 0 0 0 0 0 0 0 0 0 0 0 0 0 107.8041 107.8049 107.8048 107.8049 107.8048 107.8049 107.8049 107.8049 107.8048 107.8049 107.8048 107.8049 107.8048 107.8049 107.8048 107.8049 107.8048 107.8048 107.8048 107.8049 107.8048 107.8049 107.8048 106.6273 62.38936 37.86165 38.43037 0 0 0 53.80645 53.80646 0 24.33559 10.81199 8.290681 8.290681 8.290681 8.290681 8.290681
0 0 0 0 0 0 0 0 0 0 0 0 0 0 0 0 0 0 0 0 0 0 0 0 98.68353 107.8049 107.8049 107.8049 107.8049 107.8049 107.8048 107.8049 107.8049 107.8049 107.8048 107.8049 107.8048 107.8049 107.8049 106.0864 107.8048 107.8049 107.8048 107.8049 107.8048 107.8049 107.8048 107.8049 107.8048 85.3641 37.86165 38.10567 40.74339 0 53.80646 53.80646 53.80646 26.0249 14.41982 8.29068 8.290681 8.290681 8.290681 8.290681 8.290681
0 0 0 0 0 0 0 0 0 0 0 0 0 0 0 0 0 0 0 0 0 0 0 0 104.8316 107.8049 107.8049 107.8049 107.8049 107.8049 107.8049 107.8049 107.8049 107.8049 107.8049 107.8049 100.5358 49.47976 48.35781 8.722629 38.92859 106.8333 107.8049 107.8049 107.8049 107.8049 107.8049 107.8049 107.8049 75.49331 37.86165 37.86165 38.13258 37.86165 47.03574 52.24446 53.79374 34.12658 8.296144 8.290681 8.290681 8.290681 8.290681 8.290681 8.290682
0 0 0 0 0 0 0 0 0 0 0 0 0 0 0 0 0 0 0 0 0 0 0 0 107.8048 107.8048 107.8048 107.8048 107.8048 107.8048 107.8048 107.8048 107.8048 107.8048 107.8048 73.01682 11.19948 2.72621 2.72621 2.72621 13.93708 107.8048 107.8048 107.8048 107.8048 107.8048 107.8048 107.8048 107.8048 51.04265 37.86165 37.86165 37.86165 37.86165 37.86165 39.40792 39.86688 36.24176 8.707621 8.290681 8.290681 8.290681 8.290681 8.290681 8.290681
0 0 0 0 0 0 0 0 0 0 0 0 0 0 0 0 0 0 0 0 0 0 0 96.40876 107.8049 107.8049 107.8049 107.8049 107.8049 107.8049 107.8049 107.8049 107.8049 107.8049 95.993 8.720508 2.72621 2.72621 2.72621 2.72621 2.727526 48.9584 100.915 103.3325 97.40024 107.8049 107.8049 107.8049 105.367 37.9791 37.86165 37.86165 37.86165 37.86165 37.86165 37.86165 37.86165 28.85992 8.292766 8.290681 8.290681 8.290681 8.290681 8.290681 8.290681
0 0 0 0 0 0 0 0 0 0 0 0 0 0 0 0 0 0 0 0 0 0 0 102.0308 107.8049 107.8048 107.8049 107.8049 107.8049 107.8048 107.8049 107.8049 107.8049 107.8049 82.37991 2.72621 2.72621 2.72621 2.72621 2.72621 2.72621 3.17062 32.18839 8.012277 10.69388 84.58573 107.8049 107.8049 105.9107 39.21291 37.86165 37.86165 37.86165 37.86165 37.86164 37.86165 37.41739 15.07209 8.290681 8.290681 8.29068 8.290681 8.29068 8.290681 8.29068
0 0 0 0 0 0 0 0 0 0 0 0 0 0 0 0 0 0 0 0 0 0 0 93.6869 107.8048 107.8049 107.8049 107.8049 107.8049 107.8049 107.8049 107.8049 107.8049 107.8049 75.31974 2.72621 2.72621 2.72621 2.72621 2.72621 2.72621 2.72621 2.72621 2.72621 2.72621 8.311083 27.52773 40.01831 38.45592 40.60318 37.86165 37.86165 37.86165 37.86165 37.86165 37.86165 35.96019 11.09522 8.29068 8.29068 8.290681 8.29068 8.290681 8.290681 8.290681
0 0 0 0 0 0 0 0 0 0 0 0 0 0 0 0 0 0 0 0 0 0 0 0 100.3861 107.8048 107.8049 107.8048 107.8048 107.8048 107.8049 107.8049 107.8049 100.1134 13.92503 2.72621 2.72621 2.72621 2.72621 2.72621 2.72621 2.72621 2.72621 2.72621 2.72621 2.72621 2.72621 2.72621 2.849298 32.31309 37.86165 37.86165 37.86165 37.86165 37.86165 37.86165 31.81154 8.364144 8.290681 8.29068 8.290681 8.290681 8.290681 8.290681 8.290681
0 0 0 0 0 0 0 0 0 0 0 0 0 0 0 0 0 0 0 0 0 0 0 0 101.3131 107.8048 107.8048 107.8048 107.8049 107.8048 107.8049 107.8049 107.8048 71.85484 2.72621 2.72621 2.72621 2.72621 2.72621 2.72621 2.72621 2.72621 2.72621 2.72621 2.72621 2.72621 2.72621 2.72621 2.72621 17.40088 37.86165 37.86165 37.86165 37.86165 37.86165 37.86165 27.47089 8.649629 8.29068 8.290681 8.29068 8.290681 8.290681 8.290681 8.290681
0 0 0 0 0 0 0 0 0 0 0 0 0 0 0 0 0 0 0 0 0 0 0 0 101.2234 107.8048 107.8048 107.8049 107.8048 107.8049 107.8048 107.8048 105.1597 45.15618 2.72621 2.72621 2.72621 2.72621 2.72621 2.72621 2.72621 2.72621 2.72621 2.72621 2.72621 2.72621 2.72621 2.72621 2.72621 7.571781 35.11761 37.86165 37.86165 37.86165 37.86165 37.86165 35.63593 8.848363 8.290681 8.29068 8.290681 8.290681 8.29068 8.29068 8.290681
0 0 0 0 0 0 0 0 0 0 0 0 0 0 0 0 0 0 0 0 0 0 0 0 0 107.8048 107.8048 107.8049 107.8048 107.8048 107.8048 107.8048 107.8048 56.78686 10.23732 8.554717 33.80597 14.59368 2.72621 2.72621 2.72621 2.72621 2.72621 2.72621 2.72621 2.72621 2.72621 2.72621 2.72621 2.72621 27.33555 37.86165 37.86165 37.86165 37.86165 37.86165 33.47367 8.290681 8.290681 8.290681 8.290681 8.290681 8.290681 8.29068 8.290681
0 0 0 0 0 0 0 0 0 0 0 0 0 0 0 0 0 0 0 0 0 0 0 0 0 105.9446 107.8049 107.8049 107.8049 107.8048 107.8049 107.8049 107.8049 107.2353 107.6374 107.3877 107.8049 76.32596 2.72621 2.72621 2.72621 2.72621 2.72621 2.72621 2.72621 2.72621 2.72621 2.72621 2.72621 2.72621 29.2901 37.86165 37.86165 37.86165 37.86165 37.86165 36.77086 8.625806 8.290681 8.29068 8.290681 8.290681 8.290681 8.290681 8.289626
