Scenarios/Heterogeneous/data/country_data_population_distribution/processed/density_grids/zmb.asc
ncols 280
nrows 259
xllcorner 22
yllcorner -18
cellsize 0.041666666666667
NODATA_value -9999
[rows 174 to 202 of 259, columns 130 to 194 of 280]
35.09856 38.40254 42.64686 41.71059 45.93349 45.93349 45.93349 45.93349 45.93349 45.93349 45.93349 45.93349 46.90582 149.3041 152.2336 152.2336 152.2336 152.2336 152.2336 4668.464 5279.957 5324.333 1502.226 837.2608 1283.658 648.5333 78.98711 78.98711 78.98711 78.98711 78.98711 78.98711 78.98711 78.98711 78.98711 78.98711 59.21584 7.329135 7.329135 7.329135 7.329135 7.329135 7.329135 7.329135 7.329135 7.329135 7.329135 7.329135 7.329135 7.329135 7.329135 7.329135 7.383616 7.832203 8.120423 8.121006 8.121006 8.121006 8.121006 8.121006 8.121006 8.121006 8.121006 8.121006 8.121006
35.09856 35.09811 33.01846 33.2128 36.94924 45.60285 45.93349 45.93349 45.93349 45.93349 45.93349 45.93349 45.93349 141.9137 152.2336 152.2336 152.2336 152.2336 152.2336 3686.82 5598.964 3068.441 34.90154 34.90154 60.93967 79.69606 78.98711 78.98711 78.98711 78.98711 78.98711 78.98711 78.98711 78.98711 78.98711 78.98711 49.67586 11.49359 10.17418 7.506837 7.329135 7.329135 7.329135 7.329135 7.329135 7.329135 7.329135 7.329135 7.329135 7.329135 7.330534 7.611623 8.050051 8.121006 8.121006 8.121006 8.121006 8.121006 8.121007 8.121007 8.121006 8.121006 8.121006 8.121007 8.121006
34.74656 33.27427 32.28936 32.28542 32.28542 38.32977 45.93348 45.93348 45.92968 45.71201 45.74578 45.77955 45.82538 145.9977 152.2336 150.4963 152.2336 152.2336 152.2336 837.501 2462.426 306.8511 34.90154 34.90154 35.41661 45.62968 61.92645 76.56636 78.98711 78.98711 78.98711 78.98711 78.98711 78.98712 78.98711 68.47443 35.13529 34.90154 34.90154 29.0396 14.64896 11.7768 7.329135 7.329135 7.329135 7.329135 7.329135 7.329135 7.329135 7.434635 7.907485 8.121005 8.121006 8.121005 8.121006 8.121005 8.121006 8.121005 8.121006 8.121006 8.121005 8.121006 8.121005 8.121006 8.121005
32.32916 32.28542 32.28542 32.28542 32.28542 35.53211 45.93349 45.93349 43.33134 34.90154 34.90154 34.90154 35.00036 58.22819 122.5662 69.42831 147.6449 152.2336 152.2336 152.2336 92.72202 34.90154 34.90154 34.90154 34.90154 34.90154 34.90154 36.42744 48.64468 58.33794 73.62856 78.98711 75.10236 78.98711 77.88033 42.05098 34.90154 34.90154 34.90154 34.90154 34.90154 33.47257 8.411333 7.329135 7.329135 7.329135 7.329135 7.339171 7.684874 8.088674 8.121006 8.121005 8.121006 8.121005 8.121006 8.121005 9.213691 11.09918 11.59775 9.334501 8.165007 8.121006 8.121005 8.121006 8.460045
32.28542 32.28542 32.28542 32.28542 32.28542 39.35067 49.09673 51.29558 54.91649 40.8726 34.90154 34.90154 34.90154 34.90154 47.8261 34.90154 41.34905 117.7868 106.9 110.8672 35.63528 34.90154 34.90154 34.90154 34.90154 34.90154 34.90154 34.90154 34.90154 34.90154 36.62306 51.25335 35.48157 47.71009 53.16179 34.90154 34.90154 34.90154 34.90154 34.90154 34.90154 34.88065 30.17177 27.19094 24.11176 8.543726 7.480213 7.957421 8.121006 8.121006 9.120624 0 9.24474 8.797291 13.97632 0 0 0 0 0 0 0 0 0 0
32.28542 32.28542 32.28542 32.28542 32.28542 39.25488 72.30111 72.85978 73.92725 71.13506 36.15494 34.90154 34.90153 34.90154 34.90154 34.90154 34.90154 34.90154 34.90154 34.90154 34.90154 34.90154 34.90154 34.90154 34.90154 34.90154 34.90154 34.90154 34.90154 34.90154 34.90154 34.90154 34.90154 34.90154 34.90154 34.90154 34.90154 34.90154 34.90154 34.90154 34.90154 34.90154 34.90154 34.90154 34.90154 23.47286 8.404081 8.558821 14.25616 0 0 0 0 0 0 0 0 0 0 0 0 0 0 0 0
32.28542 32.28542 32.28542 32.28542 32.28542 41.50521 73.92725 73.92725 73.92725 51.05505 55.82759 54.43451 34.90181 56.90218 55.38498 34.56382 34.8957 34.90154 34.90154 34.90154 34.90154 34.90154 34.90154 34.90154 34.90154 34.90154 34.90154 34.90154 34.90154 34.90154 34.90154 34.90154 34.90154 34.90154 34.90154 34.90154 34.90154 34.90154 34.90154 34.90154 34.90154 34.90154 34.90154 34.90154 34.79505 30.04463 0 0 0 0 0 0 0 0 0 0 0 0 0 0 0 0 0 0 0
32.28542 32.28542 32.28542 32.28542 32.28542 46.38061 73.75571 73.92725 73.92725 73.92725 73.92725 73.92725 69.83715 73.87917 43.51152 23.06664 27.29764 32.50569 34.53316 34.90154 34.90154 34.79904 33.39173 34.8168 34.90154 34.90154 34.90154 34.90154 34.90154 34.90154 34.90154 34.90154 34.90154 34.90154 34.90154 34.90154 34.90154 34.90154 34.90154 34.90154 34.90154 34.90154 34.32059 0 0 0 0 0 0 0 0 0 0 0 0 0 0 0 0 0 0 0 0 0 0
32.28542 32.28542 32.28542 32.28542 32.28542 32.377 61.24593 73.92725 73.92725 73.92725 73.92725 73.92725 73.92725 73.92725 58.93656 30.49504 23.06664 23.06664 27.9135 34.74202 27.1047 24.91673 23.06664 24.61472 32.72814 34.90154 34.90154 34.90154 34.90154 34.90154 34.90154 34.90154 34.90154 34.90154 34.90154 34.90154 34.90154 34.90154 34.90154 34.90154 34.90154 31.39405 0 0 0 0 0 0 0 0 0 0 0 0 0 0 0 0 0 0 0 0 0 0 0
32.28542 32.28542 32.28542 32.28542 32.28542 32.28542 47.66483 73.92725 73.92725 73.92725 73.92725 73.92725 73.92725 73.92725 73.92725 65.32728 24.68964 23.06664 23.06664 23.46984 23.06664 23.06664 23.06664 23.06664 24.47802 26.34395 32.64729 34.90154 34.90154 34.90154 34.90154 34.90154 34.90154 34.90154 34.90154 34.90154 34.90154 34.90154 34.90154 34.89933 27.95281 0 0 0 0 0 0 0 0 0 0 0 0 0 0 0 0 0 0 0 0 0 0 0 0
34.20348 32.28542 32.28542 32.28542 32.28542 32.35904 63.5223 73.92725 73.92725 73.92725 73.92725 73.92725 73.92725 73.92725 73.92725 73.92725 58.88872 25.36051 23.06664 23.06664 23.06664 23.06664 23.06664 23.06664 23.06664 23.06664 23.12175 28.31389 35.95704 36.36198 35.18446 34.90154 34.90154 34.90154 34.90154 34.90154 34.90154 34.90154 34.83113 0 0 0 0 0 0 0 0 0 0 0 0 0 0 0 0 0 0 0 0 0 0 0 0 0 0
37.54891 33.69285 32.28542 32.28542 32.28542 36.37554 71.36481 73.92725 73.92725 73.92725 73.92725 73.92725 73.92725 73.92725 73.92725 73.92725 73.43718 44.10768 23.06664 23.06664 23.06664 23.06664 23.06664 23.06664 23.06664 23.06664 23.06664 31.5575 38.96023 38.96023 38.16722 35.60495 35.02437 35.4746 35.97698 36.03807 28.85961 29.25482 0 0 0 0 0 0 0 0 0 0 0 0 0 0 0 0 0 0 0 0 0 0 0 0 0 0 0
37.67799 37.36136 33.3131 32.28542 32.28542 32.28542 41.22736 70.23165 73.92725 73.92725 73.92725 73.92725 73.92725 73.92725 73.92725 73.09117 37.81252 23.06664 23.06664 23.06664 23.06664 23.06664 23.06664 23.06664 23.06664 23.06664 26.12828 38.45128 38.96022 38.96022 38.96022 38.82952 38.55768 38.90543 38.96022 0 0 0 0 0 0 0 0 0 0 0 0 0 0 0 0 0 0 0 0 0 0 0 0 0 0 0 0 0 0
37.67799 37.67799 38.39107 33.93264 32.28542 32.28542 32.28542 59.08462 73.92725 73.92725 73.92725 73.92725 73.92725 63.39949 59.8179 44.14169 23.06664 23.06664 23.06664 23.06664 23.06664 23.06664 23.06664 23.06664 23.06664 23.06664 28.23363 38.96022 38.96022 38.96022 38.96022 38.96022 38.96022 38.96022 37.08032 0 0 0 0 0 0 0 0 0 0 0 0 0 0 0 0 0 0 0 0 0 0 0 0 0 0 0 0 0 0
37.67799 37.85173 41.93406 42.09411 36.33825 32.28542 33.35176 54.82903 57.82402 69.36794 70.9706 69.0488 73.92725 49.68156 23.06664 23.06664 23.06664 23.06664 23.06664 23.06664 23.06664 23.06664 23.06664 23.06664 24.4199 31.4493 37.98445 38.96022 38.96022 38.96022 38.96022 38.96022 38.96022 38.96023 0 0 0 0 0 0 0 0 0 0 0 0 0 0 0 0 0 0 0 0 0 0 0 0 0 0 0 0 0 0 0
37.67799 39.58589 42.60802 42.60801 40.71235 32.28542 32.28542 32.28542 32.28542 32.28542 35.00808 33.71921 38.90892 23.49786 23.06664 23.06664 23.06664 23.06664 23.06664 23.06664 23.06664 23.06664 23.06664 23.15224 36.69212 38.96023 38.96022 38.96022 38.96022 38.96022 38.96022 38.96022 38.96022 38.96023 0 0 0 0 0 0 0 0 0 0 0 0 0 0 0 0 0 0 0 0 0 0 0 0 0 0 0 0 0 0 0
37.67799 37.68695 39.96781 42.60801 42.44679 37.96167 32.54893 32.28542 32.28542 32.28542 32.28542 32.28542 32.23997 25.62786 23.06664 23.06664 23.06664 23.06664 23.06664 23.06664 23.06664 23.06664 23.06664 23.06664 27.74402 38.04414 38.96023 38.96022 38.96023 38.96022 38.96023 38.96023 38.96023 38.96022 0 0 0 0 0 0 0 0 0 0 0 0 0 0 0 0 0 0 0 0 0 0 0 0 0 0 0 0 0 0 0
37.67799 37.67799 39.89933 42.60802 42.60802 42.60802 40.82854 34.43706 32.28542 32.28542 32.28542 32.28542 32.28542 30.22569 23.26897 23.06664 23.06664 23.06664 23.06664 23.06664 23.06664 23.06664 23.06664 23.06664 27.69614 38.95569 38.96022 38.96023 38.96022 38.96022 38.96022 38.96022 38.96022 38.96022 0 0 0 0 0 0 0 0 0 0 0 0 0 0 0 0 0 0 0 0 0 0 0 0 0 0 0 0 0 0 0
37.67799 39.18189 42.37714 42.60802 42.60801 42.60802 42.60802 42.47876 37.87175 32.68417 32.28542 32.28542 32.28542 32.28542 29.32849 23.06664 23.06664 23.06664 23.06664 23.06664 23.06664 23.06664 23.06664 23.68995 36.9165 38.96023 38.96022 38.96022 38.96022 38.96022 38.96022 38.96022 38.96022 38.96023 0 0 0 0 0 0 0 0 0 0 0 0 0 0 0 0 0 0 0 0 0 0 0 0 0 0 0 0 0 0 0
47.77658 52.35082 49.81826 52.78057 43.50378 42.60802 42.60802 42.60802 42.60802 41.72747 38.02942 35.20001 32.62704 32.28542 31.73857 23.39672 23.06664 23.06664 23.06664 23.06664 23.28522 27.18985 32.38216 37.41314 38.96023 38.96022 38.96022 38.96022 38.96022 38.96022 38.96022 38.96022 38.96023 38.95087 0 0 0 0 0 0 0 0 0 0 0 0 0 0 0 0 0 0 0 0 0 0 0 0 0 0 0 0 0 0 0
59.56668 59.56668 59.56668 59.56668 56.18286 45.13598 42.60802 42.60802 42.60802 42.60802 42.60802 42.60802 42.16756 39.623 36.86085 28.4003 23.8975 26.96795 30.6047 33.90454 37.63208 38.96023 38.96023 38.96023 38.96022 38.96023 38.96023 38.96023 38.96023 38.96023 38.96023 38.96023 38.96023 36.16856 0 0 0 0 0 0 0 0 0 0 0 0 0 0 0 0 0 0 0 0 0 0 0 0 0 0 0 0 0 0 0
59.56668 59.56668 59.56668 59.56668 59.56668 58.48629 53.45681 47.10004 45.4665 45.22994 42.60801 42.60802 42.60801 42.60802 39.68395 32.67331 32.31183 38.96022 38.96023 38.96022 38.96022 38.96022 38.96022 38.96022 38.96023 38.96022 38.96022 38.96022 38.96022 38.96022 38.96022 38.96022 38.96022 38.96022 0 0 0 0 0 0 0 0 0 0 0 0 0 0 0 0 0 0 0 0 0 0 0 0 0 0 0 0 0 0 0
59.56668 59.56668 59.56668 59.56668 59.56668 59.56668 59.56668 59.56668 59.56668 59.49246 56.68052 49.90333 38.13887 30.5053 26.41786 26.39034 29.15694 38.96022 38.96022 38.96022 38.96022 38.96022 38.96022 38.96022 38.96022 38.96022 38.96022 38.96022 38.96022 38.96022 38.96022 38.96022 38.96022 38.96022 0 0 0 0 0 0 0 0 0 0 0 0 0 0 0 0 0 0 0 0 0 0 0 0 0 0 0 0 0 0 0
59.56668 59.56668 59.56668 59.56668 59.56668 59.56668 59.56668 59.56668 59.56668 57.34451 44.40581 30.49542 26.39034 26.39034 26.39034 26.39034 26.8443 38.05994 38.96023 38.96022 38.96022 38.96022 38.96022 38.96022 38.96023 38.96022 38.96022 38.96022 38.96023 38.96022 38.96022 38.96022 38.96022 31.67327 0 0 0 0 0 0 0 0 0 0 0 0 0 0 0 0 0 0 0 0 0 0 0 0 0 0 0 0 0 0 0
59.56668 55.62073 52.92604 56.41595 49.93082 45.00607 43.00199 41.0888 37.86138 27.7834 26.39034 26.39034 26.39034 26.39034 26.39034 26.39034 26.39034 26.63361 33.23762 37.32506 38.95675 38.96022 38.96022 38.96023 38.96023 38.96022 38.96023 38.96022 38.96022 38.96023 38.96023 38.96022 38.96022 26.28437 0 0 0 0 0 0 0 0 0 0 0 0 0 0 0 0 0 0 0 0 0 0 0 0 0 0 0 0 0 0 0
40.29068 28.90221 27.44416 27.4439 26.99645 26.40939 26.39034 26.39034 26.39034 26.39034 26.39034 26.39034 26.39034 26.39034 26.39034 26.39034 26.39034 26.39034 26.39034 26.58501 30.45113 38.89662 38.96023 38.96022 38.96023 38.96022 38.96022 38.96022 38.96022 38.96023 38.96022 38.96023 421.1041 0 0 0 0 0 0 0 0 0 0 0 0 0 0 0 0 0 0 0 0 0 0 0 0 0 0 0 0 0 0 0 0
27.44417 27.44416 27.44417 27.44416 27.44417 27.15923 26.39434 26.39034 26.39034 26.39034 26.39034 26.39034 26.39034 26.39034 26.39034 26.39034 26.39034 26.39034 26.39034 26.39034 26.39034 31.16286 38.96022 38.96022 38.96022 38.96022 38.96023 38.96022 0 31.09056 31.03406 0 0 0 0 0 0 0 0 0 0 0 0 0 0 0 0 0 0 0 0 0 0 0 0 0 0 0 0 0 0 0 0 0 0
27.44417 27.44417 27.44416 27.44417 27.44416 27.00039 26.39034 26.39034 26.39034 26.39034 26.39034 26.39034 26.39034 26.39034 26.39034 26.39034 26.39034 26.39034 26.39034 26.39034 26.39034 26.39034 38.96022 38.96022 38.96022 38.96023 0 0 0 0 0 0 0 0 0 0 0 0 0 0 0 0 0 0 0 0 0 0 0 0 0 0 0 0 0 0 0 0 0 0 0 0 0 0 0
27.44416 27.44416 27.44416 27.44416 27.35989 26.46367 26.39034 26.39034 26.39034 26.39034 26.39034 26.39034 26.39034 26.39034 26.39034 26.39034 26.39034 26.39034 26.39034 26.39034 26.39034 0 0 0 0 0 0 0 0 0 0 0 0 0 0 0 0 0 0 0 0 0 0 0 0 0 0 0 0 0 0 0 0 0 0 0 0 0 0 0 0 0 0 0 0
