Scenarios/Heterogeneous/data/country_data_population_distribution/processed/density_grids/zmb.asc
ncols 280
nrows 259
xllcorner 22
yllcorner -18
cellsize 0.041666666666667
NODATA_value -9999
[rows 174 to 202 of 259, columns 65 to 129 of 280]
6.802685 6.802685 6.802685 6.802685 6.802685 6.802685 6.802685 6.802685 6.802685 6.802685 6.802685 6.802685 6.828826 7.017856 7.06268 7.066473 7.066473 7.066473 7.066473 7.066473 7.066473 7.066473 7.066473 7.066473 7.066473 7.066473 7.066473 7.066473 7.066473 7.066472 7.066473 7.066473 7.066473 7.066473 7.066473 7.066473 7.066473 7.066473 7.066473 7.066473 7.066473 7.066473 7.066473 7.066473 7.066473 7.066473 7.066473 7.066473 7.066473 7.066473 7.066473 7.066473 7.066473 7.066473 9.028284 11.6065 12.20926 12.81201 13.41476 14.06817 33.94066 35.09856 35.09856 35.09856 35.09856
6.802685 6.802685 6.802685 6.802685 6.802685 6.802685 6.802686 6.802686 6.802685 6.802686 6.802685 6.802685 6.803086 6.932618 7.066473 7.066473 7.066473 7.066473 7.066473 7.066473 7.066473 7.066473 7.066473 7.066473 7.066473 7.066473 7.066473 7.066473 7.066473 7.066473 7.066473 7.066473 7.066473 7.066473 7.066473 7.066473 7.066473 7.066473 7.066473 7.066473 7.066473 7.066473 7.066473 7.066473 7.066473 7.066473 7.066473 7.066473 7.066473 7.066473 7.066473 7.066473 7.066473 7.066473 7.066473 7.066473 7.066473 7.066473 7.066473 7.066473 28.64572 35.09856 35.09856 35.09856 35.09856
6.702547 6.802685 6.802685 6.802685 6.802685 6.802685 6.802685 6.802685 6.802685 6.802685 6.802685 6.802685 6.849672 7.053624 7.066473 7.066473 7.066473 7.066473 7.066473 7.066473 7.066473 7.066473 7.066473 7.066473 7.066473 7.066473 7.066473 7.066473 7.066473 7.066473 7.066473 7.066473 7.066473 7.066473 7.066473 7.066473 7.066473 7.066473 7.066473 7.066473 7.066473 7.066473 7.066473 7.066473 7.066473 7.066473 7.066473 7.066473 7.066473 7.066473 7.066473 7.237467 11.16333 12.53943 8.369642 7.066473 7.066473 7.066473 7.066473 7.066473 23.1827 35.09856 35.09856 35.09856 34.36893
5.11132 6.802685 6.802685 6.802685 6.802685 6.802685 6.802685 6.802685 6.802685 6.802685 6.802685 6.802685 6.966841 7.066346 7.066473 7.066473 7.066473 7.066473 7.066473 7.066473 7.066473 7.066473 7.066473 7.066473 7.066473 7.066473 7.066473 7.066473 7.066473 7.066473 7.066473 7.066473 7.066473 7.066473 7.066473 7.066473 7.066473 7.066473 7.066473 7.066473 7.066473 7.066473 7.066473 7.066473 7.066473 7.066473 7.066473 7.066473 7.066473 7.066473 9.154929 19.50976 22.53292 22.53292 14.93766 16.46566 18.80499 9.69477 8.326286 7.066473 17.71968 35.09856 35.09856 34.69226 32.70189
3.200687 6.517332 6.802685 6.802685 6.802685 6.802685 6.802685 6.802685 6.802685 6.802685 6.802685 6.802685 6.802685 6.893144 7.066473 7.066473 7.066473 7.066473 7.066473 7.066473 7.066473 7.066473 7.066473 7.066473 7.066473 7.066473 7.066473 7.066473 7.066473 7.066473 7.066473 7.066473 7.066473 7.066473 7.066473 7.066473 7.066473 7.066473 7.066473 7.066473 7.066473 7.066473 7.103772 10.11431 13.73184 7.066473 7.066473 7.60014 7.164203 8.14612 11.77977 22.53292 22.53292 22.53292 22.53292 22.53292 22.53292 22.2199 20.4576 7.113126 12.25666 35.09856 34.07082 32.43269 32.28542
2.913177 4.518812 6.802685 6.802685 6.802685 6.802685 6.802685 6.802685 6.802685 6.802685 6.802685 6.802685 6.81699 7.002872 7.066473 7.066473 7.066473 7.066473 7.066473 7.066473 7.066473 7.066473 7.066473 7.066473 7.066473 7.066473 7.066473 7.066473 7.066473 7.066473 7.066472 7.066473 7.066473 7.066473 7.066473 7.066473 7.066473 7.066473 7.066473 7.066473 7.158388 17.23539 21.90461 22.53292 19.76361 13.96038 13.38739 18.44875 19.68437 22.52685 22.53292 22.53292 22.53292 22.53292 22.53292 22.53292 22.53292 22.53292 22.08844 13.48667 7.646877 34.21718 33.01448 32.28542 32.28542
2.913177 2.960376 6.078311 6.802686 6.802686 6.802686 6.802686 6.802686 6.802686 6.802686 6.802686 6.802686 6.802875 6.94898 7.06645 6.92908 7.026404 7.066473 7.066473 7.066473 7.066473 7.066473 7.066473 7.066473 7.066473 7.066473 7.066473 7.066473 7.066473 7.066473 7.066473 7.066473 7.066473 7.066473 7.066473 7.066473 7.066473 7.066473 12.19976 15.45372 18.25924 22.53292 22.53292 22.53292 22.53292 22.53292 22.53292 22.53292 22.53292 22.53292 22.53292 22.53292 22.53292 22.53292 22.53292 22.53292 22.53292 22.53292 22.53292 21.87858 21.63816 34.78156 32.9755 32.28542 32.28542
2.913177 2.913177 3.499713 4.886995 5.221923 6.624136 6.802685 6.802685 6.802685 6.802685 6.802685 6.802685 6.802685 6.812703 6.871891 6.802685 6.939988 7.066473 7.066473 7.066473 7.066473 7.066473 7.066473 7.066473 7.066473 7.066473 7.066473 7.066473 7.066473 7.066473 7.066473 7.066473 7.066473 7.066472 7.066473 7.066473 7.066473 7.066473 8.731518 20.04758 22.53292 22.53292 22.53292 22.53292 22.53292 22.53292 22.53292 22.53292 22.53292 22.53292 22.53292 22.53292 22.53292 22.53292 22.53292 22.53292 22.53292 22.53292 22.53292 24.32948 37.67799 37.67799 35.93568 32.34198 32.28542
2.913177 2.913177 2.913177 2.913177 2.913177 3.590472 6.54182 6.802685 6.802685 6.802685 6.802685 6.802685 6.802685 6.802685 6.802685 6.802685 7.025159 7.066473 7.066473 7.066473 7.066473 7.066473 7.066473 7.066473 7.066473 7.066473 7.066473 7.066473 7.066473 7.066473 7.066473 7.066473 7.066473 7.066473 7.066473 7.066473 7.066473 7.066473 7.066473 11.95518 22.53292 22.53292 22.53292 22.53292 22.53292 22.53292 22.53292 22.53292 22.53292 22.53292 22.53292 22.53292 22.53292 22.53292 22.53292 22.53292 22.53292 22.53292 22.53292 27.15876 37.67799 37.67799 37.67799 35.40528 32.28683
2.913177 2.913177 2.913177 2.913177 2.913177 2.913177 4.573511 6.802685 6.802685 6.802685 6.802685 6.802685 6.802685 6.802685 6.802685 6.802685 7.017212 7.066473 7.066473 7.066473 7.066473 7.066473 7.066473 7.066473 7.066473 7.066473 7.066473 7.066473 7.066473 7.066473 7.066473 7.066473 7.066473 7.066473 7.066473 7.066473 7.066473 7.066473 7.066473 7.093955 19.39074 22.53292 22.53292 22.53292 22.53292 22.53292 22.53292 22.53292 22.53292 22.53292 22.53292 22.53292 22.53292 22.53292 22.53292 22.53292 22.53292 22.53292 22.53292 33.08002 37.67799 37.67799 37.67799 37.67799 34.79101
2.913177 2.913177 2.913177 2.913177 2.913177 2.913177 3.196065 6.749983 6.802685 6.802686 6.802686 6.802686 6.802686 6.802686 6.802686 6.867062 7.065713 7.066473 7.066473 7.066473 7.066473 7.066473 7.066473 7.066473 7.066473 7.066473 7.066473 7.066473 7.066473 7.066473 7.066473 7.066473 7.066473 7.066473 7.066473 7.066473 7.066473 7.066473 7.066473 7.066473 11.99511 22.53292 22.53292 22.53292 22.53292 22.53292 22.53292 22.53292 22.53292 22.53292 22.53292 22.53292 22.53292 22.53292 22.53292 22.53292 22.53292 22.53292 22.53292 33.49464 37.67799 37.67799 37.67799 37.67799 37.65211
2.913177 2.913177 2.913177 2.913177 2.913177 2.913177 2.913177 6.075336 6.802685 6.802685 6.802685 6.802685 6.802685 6.802685 6.802685 6.998157 7.066473 7.066473 7.066473 7.066473 7.066473 7.066473 7.066473 7.066473 7.066473 7.066473 7.066473 7.066473 7.066473 7.066473 7.066473 7.066473 7.066473 7.066473 7.066473 7.066473 7.066473 7.066473 7.066473 7.066473 7.473861 22.22936 22.53292 22.53292 22.53292 22.53292 22.53292 22.53292 22.53292 22.53292 22.53292 22.53292 22.53292 22.53292 22.53292 22.53292 22.53292 22.53292 22.53292 33.2679 37.67799 37.67799 37.67799 37.67799 37.67799
2.913177 2.913177 2.913177 2.913177 2.913177 2.913177 2.913177 5.222731 6.802685 6.802685 6.802685 6.802685 6.802685 6.802685 6.808875 7.019889 7.066473 7.066473 7.066473 7.066473 7.066473 7.066473 7.066473 7.066473 7.066473 7.066473 7.066473 7.066473 7.066473 7.066473 7.066473 7.066473 7.066473 7.066473 7.066473 7.066473 7.066473 7.066473 7.066473 7.066473 11.29385 22.53292 22.53292 22.53292 22.53292 22.53292 22.53292 22.53292 22.53292 22.53292 22.53292 22.53292 22.53292 22.53292 22.53292 22.53292 22.53292 22.53292 22.53292 33.01487 37.67799 37.67799 37.67799 37.67799 37.67799
2.913177 2.913177 2.913177 2.913177 2.913177 2.913177 2.913177 3.254462 5.373483 6.802685 6.802685 6.802685 6.802685 6.802685 6.850091 7.066473 7.066473 7.066473 7.066473 7.066473 7.066473 7.066473 7.066473 7.066473 7.066473 7.066473 7.066473 7.066473 7.066473 7.066473 7.066473 7.066473 7.066473 7.066473 7.066473 7.066473 7.066473 7.066473 7.066473 8.10157 19.24239 22.53292 22.53292 22.53292 22.53292 22.53292 22.53292 22.53292 22.53292 22.53292 22.53292 22.53292 22.53292 22.53292 22.53292 22.53292 22.53292 23.02322 27.57152 35.58366 37.67799 37.67799 37.67799 37.67799 37.67799
2.913177 2.913177 2.913177 2.913177 2.913177 2.913177 2.913177 2.913177 2.913313 3.860409 4.102816 3.491225 3.609564 4.672855 6.09985 6.943034 7.047808 7.066473 7.066473 7.066473 7.066473 7.066473 7.066473 7.066473 7.066473 7.066473 7.066473 7.066473 7.066473 7.066473 7.066473 7.066473 7.066473 7.066473 7.066473 7.066473 7.066473 7.066473 8.650282 19.89151 22.53292 22.53292 22.53292 22.53292 22.53292 22.53292 22.53292 22.53292 22.53292 22.53292 22.53292 22.53292 22.53292 22.53292 22.53292 22.53292 22.58554 36.50637 37.67799 37.67799 37.67799 37.67799 37.67799 37.67799 37.67799
2.913177 2.913177 2.913177 2.913177 2.913177 2.913177 2.913177 2.913177 2.913177 2.913177 2.913177 2.913177 2.913177 2.913177 2.919714 3.990252 5.093257 7.454014 7.066473 7.066473 7.066473 7.066473 7.066473 7.066473 7.066473 7.066473 7.066473 7.066473 7.066473 7.066473 7.066473 7.066473 7.066473 7.066473 7.066473 7.066473 7.066473 7.066473 17.20522 22.53292 22.53292 22.53292 22.53292 22.53292 22.53292 22.53292 22.53292 22.53292 22.53292 22.53292 22.53292 22.53292 22.53292 22.53292 22.53292 22.53292 23.89689 37.60387 37.67799 37.67799 37.67799 37.67799 37.67799 37.67799 37.67799
2.913177 2.913177 2.913177 2.913177 2.913177 2.913177 2.913177 2.913177 2.913177 2.913177 2.913177 2.913177 2.913177 2.913177 2.913177 4.955894 8.424143 8.826617 7.550521 7.066473 7.066473 7.066473 7.066473 7.066473 7.066473 7.066473 7.066473 7.066473 7.066473 7.066473 7.066473 7.066473 7.066473 7.066473 7.066473 7.066473 7.066473 7.066473 10.52395 22.47327 22.53292 22.53292 22.53292 22.53292 22.53292 22.53292 22.53292 22.53292 22.53292 22.53292 22.53292 22.53292 22.53292 22.53292 22.53292 22.53292 30.41102 37.67799 37.67799 37.67799 37.67799 37.67799 37.67799 37.67799 37.67799
2.913177 2.913177 2.913177 2.913177 2.913177 2.913177 2.913177 2.913177 2.913177 2.913177 2.913177 2.913177 2.913177 2.913177 4.636575 8.799509 8.837068 8.837068 8.489659 8.56701 8.199968 8.360641 8.483914 7.675029 7.066473 7.066473 7.066473 7.066473 7.066473 7.066473 7.066473 7.066473 7.066473 7.066473 7.066473 7.066473 7.066473 7.066473 7.066473 17.08052 22.53292 22.53292 22.53292 22.53292 22.53292 22.53292 22.53292 22.53292 22.53292 22.51198 22.29001 22.151 22.13809 22.24528 22.53292 22.70936 35.94458 37.67799 37.67799 37.67799 44.67914 48.63736 46.7065 41.71851 37.92245
2.913177 2.913177 2.913177 2.913177 2.913177 2.913177 2.913177 2.913177 2.913177 2.913177 2.913177 2.913177 2.913177 2.913177 7.856322 8.837068 8.837068 8.837068 8.837068 8.837068 8.837068 8.837068 8.837069 7.936884 7.066473 7.066473 7.066473 7.066473 7.066473 7.066473 7.066473 7.066473 7.066473 7.066473 7.066473 7.066473 7.066473 7.066473 7.066473 8.831314 21.93213 22.53292 22.53292 22.53292 22.53292 22.53292 22.53292 22.53292 22.33876 21.97328 21.92655 21.92655 21.92655 21.92668 22.31243 29.65204 37.67799 37.67799 39.86723 38.00114 56.06156 59.56668 59.56668 55.64782 39.77835
2.913177 2.913177 2.913177 2.913177 2.913177 2.913177 2.913177 2.913177 2.913177 2.913177 2.913177 2.913177 2.915119 3.915295 8.366847 8.837068 8.837068 8.837068 8.837068 8.837068 8.837068 8.837068 8.837068 7.473518 7.066473 7.066473 7.066473 7.066473 7.066473 7.066473 7.066473 7.066473 7.066473 7.066473 7.066473 7.066473 7.066473 7.066473 7.066473 7.066473 14.67041 22.53292 22.53292 22.6009 22.53292 22.53292 22.53292 22.53292 22.1194 21.92655 21.92655 21.92655 21.92655 21.92655 22.44888 36.29821 37.67799 37.43501 49.04466 52.87288 58.90717 59.56668 59.56668 57.82239 49.74094
2.913177 2.913177 2.913177 2.913177 2.913177 2.913177 2.913177 2.913177 2.913177 2.913177 2.913177 2.983436 5.614838 8.837069 8.837069 8.837069 8.837069 8.837069 8.837069 8.837069 8.837069 8.837069 8.837069 7.532575 7.066473 7.066473 7.066473 7.066473 7.066473 7.066473 7.066473 7.066473 7.066473 7.066473 7.066473 7.066473 7.066473 7.101633 11.6704 19.36307 27.60405 37.09939 40.07874 40.32171 32.08574 25.13156 23.46095 22.53292 22.12434 21.92655 21.92655 21.92655 21.92655 21.92655 21.92655 29.39933 33.68332 27.29258 57.0108 59.56668 59.56668 59.56668 59.56668 59.56668 59.56668
2.913177 2.913177 2.913177 2.913177 2.913177 2.913177 2.913177 2.913177 2.913177 2.913177 3.984628 7.214165 8.837068 8.837068 8.837068 8.837068 8.837068 8.837068 8.837068 8.837068 8.837068 8.837068 8.837068 8.112919 7.066473 7.066473 7.066473 7.066473 7.066473 7.066473 7.066473 7.066473 7.066473 7.118364 15.13138 23.72921 31.32038 38.95178 42.12027 42.12027 42.12027 42.12027 42.12027 42.12027 42.12027 42.12027 41.95896 38.32809 26.71036 21.92655 21.92655 21.92655 21.92655 21.92655 21.92655 22.27465 21.95144 41.72895 59.56668 59.56668 59.56668 59.56668 59.56668 59.56668 59.56668
2.913177 2.913177 2.913177 2.913177 2.913177 2.913177 2.913177 2.913177 2.913177 5.139406 8.662347 8.837068 8.837068 8.837068 8.837068 8.837068 8.837068 8.837068 8.837068 8.837068 8.837068 8.837068 8.837068 7.464699 7.066473 7.066473 7.066473 7.066473 7.066473 7.066473 7.066473 7.937009 20.05065 35.5588 42.12027 42.12027 42.12027 42.12027 42.12027 42.12026 42.12027 42.12027 42.12027 42.12027 42.12027 42.12027 42.12027 40.24412 24.18055 21.92655 21.92655 21.92655 21.92655 21.92655 21.92655 21.92655 21.92655 50.51532 59.56668 59.56668 59.56668 59.56668 59.56668 59.56668 59.56668
2.913177 2.913177 2.913177 2.913177 2.913177 2.913177 2.913177 2.913177 3.83732 8.706998 8.837068 8.837068 8.837068 8.837068 8.837068 8.837068 8.837068 8.837068 8.837068 8.837068 8.837068 8.837068 8.829002 7.239664 7.066473 7.066473 7.066473 7.066473 7.066473 7.255074 8.07215 35.68544 42.12027 42.12027 42.12027 42.12027 42.12027 42.12027 42.12027 42.12027 42.12027 42.12027 42.12027 42.12027 42.12027 42.12027 42.12027 37.36833 21.9334 21.92655 21.92655 21.92655 21.92655 21.92655 21.92655 21.92655 21.92655 39.36353 59.56668 59.56668 59.56668 59.56668 59.56668 59.56668 59.56668
2.913177 2.913177 2.913177 2.913177 2.913177 2.913177 2.913177 3.069424 8.241813 8.837068 8.837068 8.837068 8.837068 8.837068 8.837068 8.837068 8.837068 8.837068 8.837068 8.837068 8.837068 8.837068 8.788906 7.251072 7.066473 7.066473 7.077547 7.553905 8.275908 8.809331 9.454715 38.39842 42.12027 42.12027 42.12026 42.12027 42.12027 42.12026 42.12027 42.12027 42.12027 42.12026 42.12027 42.12027 42.12027 42.12027 42.12027 41.02279 22.19012 21.92655 21.92655 21.92655 21.92655 21.92655 21.92655 21.92655 21.92655 24.08742 38.37631 46.06181 53.79185 59.3338 59.56668 59.56668 59.56668
2.913177 2.913177 2.913177 2.913177 2.913177 2.913177 2.913177 5.789643 8.837068 8.837068 8.837068 8.837068 8.837068 8.837068 8.837068 8.837068 8.837068 8.837068 8.837069 8.837068 8.837068 8.837068 8.837068 7.972688 7.208601 7.880479 8.591434 8.837068 8.837068 8.837068 9.225878 38.63594 42.12027 42.12027 42.12027 42.12027 42.12027 42.12027 42.12027 42.12027 42.12027 42.12027 42.12027 42.12027 42.12027 42.12027 42.12027 42.09893 23.18089 21.92655 21.92655 21.92655 21.92655 21.92655 21.92655 21.92655 21.92655 21.92655 24.87911 27.40035 27.44416 29.41879 36.1277 38.93499 52.92618
2.913177 2.913177 2.913177 2.913177 2.913177 2.913177 2.913177 5.330029 8.618302 8.837068 8.837069 8.837068 8.837069 8.837068 8.837068 8.837068 8.837068 8.837068 8.837068 8.837068 8.837068 8.837068 8.837068 8.623433 8.786967 8.837068 8.837068 8.837069 8.837069 8.837068 8.837069 31.52085 42.12027 42.12027 42.12027 42.12027 42.12027 42.12027 42.12027 42.12027 42.12027 42.12027 42.12027 42.12027 42.12027 42.12027 42.12027 40.44143 22.98853 21.92655 21.92655 21.92655 21.92655 21.92655 21.92655 21.92655 21.92655 21.92655 21.92655 25.97732 27.44416 27.44417 27.44416 27.44417 27.58506
2.913177 2.913177 2.913177 2.913177 2.913177 2.913177 2.913177 2.913177 4.163894 8.241529 8.837069 8.837068 8.837068 8.837069 8.837069 8.837068 8.837069 8.837068 8.837068 8.837068 8.837069 8.837068 8.837069 8.837068 8.837069 8.837069 8.837068 8.837068 8.837069 8.837068 8.837069 24.14975 42.12027 42.12027 42.12027 42.12027 42.12027 42.12027 42.12027 42.12027 42.12027 42.12027 42.12027 42.12027 42.12027 42.12027 42.12027 37.26019 24.01869 22.83683 21.92655 21.92655 21.92655 21.92655 21.92655 21.92655 21.92655 21.92655 21.92655 24.68314 27.44417 27.44417 27.44417 27.44417 27.44417
2.913177 2.913177 2.913177 2.913177 2.913177 2.913177 2.913177 2.913177 2.913177 6.944293 8.837067 8.837068 8.837067 8.837068 8.837067 8.837068 8.837067 8.837068 8.837067 8.837067 8.837067 8.837067 8.837067 8.837067 8.837067 8.837068 8.837067 8.837067 8.837067 8.837068 8.837067 20.90685 42.12027 42.12027 42.12027 42.12027 42.12027 42.12026 42.12027 35.83826 28.01966 31.4024 40.76907 42.12027 42.12027 42.12027 37.7578 25.25713 24.02079 23.89133 22.8787 21.92655 21.92655 21.92655 21.92655 21.92655 21.92655 21.92655 21.92655 24.87838 27.44416 27.44416 27.44416 27.44416 27.44416
